image_id,PredictionString
3r9OdPSdvQ58qI3VUFUeSKyCvxBpFc0c,0 0.0608 142 669 498 850 0 0.0585 118 527 382 762 5 0.0583 180 591 432 829 7 0.0571 187 594 438 828 11 0.0565 181 600 437 828 10 0.0565 180 601 433 829 8 0.0561 182 595 429 830 8 0.0552 515 0 759 201 11 0.0525 114 527 387 758 5 0.0522 113 518 379 756 6 0.0516 184 595 438 831 3 0.0510 186 598 431 835 13 0.0510 447 9 708 251 8 0.0509 116 520 377 762 10 0.0507 109 533 380 761 0 0.0506 302 718 556 949 5 0.0506 507 0 763 197 6 0.0503 121 526 387 760
LO2jAm8E96Ih87wJVoqiOXHixrwPMeOm,7 0.0625 197 721 429 962 5 0.0564 191 721 422 962 11 0.0544 246 663 513 889 0 0.0540 711 283 969 513 7 0.0535 253 658 514 889 11 0.0531 194 724 425 960 0 0.0529 197 722 425 966 6 0.0523 198 722 430 962 8 0.0521 195 721 418 963 8 0.0519 712 772 943 1010 11 0.0516 710 282 968 505
PN7S4HbhNp4fht9TTc6DXGOKGkeRTR7W,8 0.0593 302 716 556 971 7 0.0569 302 720 566 973 5 0.0564 297 716 558 967 0 0.0564 303 717 563 973 6 0.0552 304 722 566 972 11 0.0550 296 723 564 968 13 0.0531 304 721 571 973 7 0.0521 126 531 373 775
l7f2KDvrnrh26v4aYgi0Slj7lVBZMQIL,5 0.0609 314 139 572 371 11 0.0593 325 276 583 500 3 0.0581 508 22 770 255 11 0.0577 381 15 644 250 8 0.0568 385 10 632 253 5 0.0563 373 72 635 311 8 0.0561 325 208 562 435 11 0.0557 372 338 653 570 7 0.0557 380 274 648 497 11 0.0556 364 211 633 419 3 0.0556 387 12 644 257 10 0.0555 385 15 642 254 7 0.0550 389 11 643 254 6 0.0545 324 20 580 251 0 0.0543 381 13 644 258 0 0.0542 499 21 763 254 0 0.0541 379 143 637 368 11 0.0541 499 23 769 247 13 0.0538 391 8 649 256 0 0.0536 375 339 655 576 13 0.0535 381 335 660 574 0 0.0529 179 0 566 160 0 0.0529 432 220 695 441 5 0.0526 238 73 498 300 8 0.0526 378 337 643 573 6 0.0524 328 213 577 434 5 0.0522 176 0 555 155 6 0.0522 385 82 643 314 11 0.0519 636 28 892 239 0 0.0519 325 208 572 438 7 0.0516 325 142 575 372 13 0.0514 332 275 586 505 2 0.0511 385 14 639 254 13 0.0509 322 82 575 311 8 0.0506 378 141 626 366 8 0.0504 186 0 552 154 7 0.0501 506 16 772 249 8 0.0500 429 216 689 440
if5Pqu95xLUtURzAo72YiSg8GNzJb1F3,11 0.0651 318 607 571 837 11 0.0636 651 424 1015 600 11 0.0627 385 398 642 640 8 0.0613 306 470 563 709 7 0.0599 309 536 574 776 6 0.0598 388 396 645 640 3 0.0595 388 396 641 644 11 0.0590 305 465 565 707 7 0.0589 388 396 645 640 8 0.0586 386 401 635 639 11 0.0581 436 624 695 848 0 0.0579 433 623 695 853 11 0.0577 450 473 713 699 11 0.0577 378 540 643 775 8 0.0576 322 606 567 841 5 0.0574 316 596 568 839 5 0.0572 436 617 688 850 7 0.0570 387 620 642 852 5 0.0567 300 457 564 705 3 0.0565 308 466 568 716 0 0.0564 450 468 711 704 7 0.0555 455 469 713 700 0 0.0555 646 424 1008 605 10 0.0555 381 340 638 574 0 0.0553 320 604 574 847 13 0.0553 326 606 574 842 0 0.0551 386 394 640 642 2 0.0550 386 403 644 638 5 0.0549 379 331 634 572 6 0.0545 659 421 1019 601 9 0.0545 303 467 562 701 5 0.0543 374 536 637 773 8 0.0543 647 420 996 602 7 0.0539 655 422 1018 602 8 0.0539 379 546 634 777 8 0.0539 436 621 683 847 9 0.0538 382 398 639 632 13 0.0537 386 478 650 709 6 0.0537 308 467 571 708 3 0.0536 323 603 572 847 3 0.0534 457 470 710 705 10 0.0532 321 607 572 837 8 0.0529 453 472 704 701 11 0.0527 315 226 572 444 5 0.0526 310 218 566 442 5 0.0525 645 421 1005 604 3 0.0523 381 543 640 783 0 0.0522 307 462 568 713 3 0.0520 442 621 694 855 6 0.0516 324 604 574 842 7 0.0515 325 221 572 445 13 0.0514 387 340 640 575 2 0.0512 308 472 570 709 10 0.0509 313 228 570 446 10 0.0508 646 426 1007 602 3 0.0508 319 221 571 452 5 0.0506 446 466 706 698 13 0.0506 321 222 576 452 6 0.0504 454 469 717 700 10 0.0501 439 625 698 849
Fgyj3OcrO2VfIvMQPHwube3SqgOmp0mO,11 0.0518 164 345 437 565 8 0.0507 176 338 421 569 0 0.0505 175 343 428 569
Q5o9efwdCnze8bcgy1tpIQd5Bghjz4Z2,11 0.0629 303 406 566 633 8 0.0614 246 403 489 641 8 0.0609 380 338 623 570 0 0.0607 138 357 392 593 3 0.0594 243 405 495 648 8 0.0592 316 512 557 750 5 0.0587 237 400 500 640 13 0.0587 504 141 756 381 6 0.0586 444 392 700 633 11 0.0586 308 515 566 750 13 0.0579 312 459 572 700 7 0.0579 447 398 703 634 8 0.0578 442 393 691 633 6 0.0575 245 404 501 643 5 0.0574 306 573 561 823 11 0.0572 437 401 700 632 8 0.0572 447 269 688 510 11 0.0572 185 408 443 641 7 0.0571 246 403 501 640 11 0.0570 375 340 631 572 7 0.0570 505 138 754 383 7 0.0569 315 582 570 824 3 0.0567 448 395 697 639 5 0.0567 376 330 627 573 13 0.0567 314 340 570 570 6 0.0564 313 337 563 571 0 0.0564 501 142 750 382 2 0.0563 441 401 694 634 5 0.0562 396 289 762 468 3 0.0562 509 141 752 388 8 0.0562 184 459 431 711 7 0.0561 311 455 571 696 0 0.0560 318 583 564 826 6 0.0559 144 354 398 591 8 0.0557 501 142 743 382 5 0.0556 436 391 694 633 3 0.0548 377 280 627 523 6 0.0548 449 266 697 510 0 0.0545 441 396 698 635 3 0.0545 311 337 563 577 7 0.0542 312 337 566 571 11 0.0542 520 73 768 310 0 0.0542 442 266 695 510 7 0.0541 452 266 697 511 10 0.0541 440 398 701 635 11 0.0539 444 0 709 205 0 0.0539 312 455 567 698 13 0.0537 144 354 403 592 13 0.0536 446 396 703 635 0 0.0535 312 336 560 574 5 0.0534 496 136 747 381 5 0.0534 129 352 390 588 2 0.0532 380 342 626 569 11 0.0532 294 662 556 882 3 0.0532 313 455 566 701 10 0.0531 245 408 501 639 6 0.0530 318 582 566 820 13 0.0529 452 0 712 205 6 0.0529 506 141 751 382 13 0.0528 364 736 645 974 6 0.0528 257 507 505 760 11 0.0525 184 519 441 765 10 0.0525 379 337 631 570 13 0.0524 451 268 702 511 13 0.0523 314 583 571 825 2 0.0522 187 407 440 639 2 0.0521 447 272 690 511 2 0.0521 306 408 562 631 13 0.0519 186 461 443 712 11 0.0519 442 273 695 509 8 0.0518 447 1 698 206 10 0.0517 312 592 563 819 7 0.0516 145 352 398 591 8 0.0513 300 658 546 886 0 0.0513 447 0 709 207 3 0.0508 454 207 695 452 8 0.0505 248 582 489 825 5 0.0504 438 0 702 205 3 0.0504 319 580 563 831 5 0.0504 245 504 502 759 9 0.0500 446 136 695 375
sF44vKJt0LInD6sh0NnzWWkkLjVH7S6Q,5 0.0619 158 576 428 821 5 0.0612 510 575 771 817 11 0.0609 307 535 565 769 8 0.0607 163 581 425 819 11 0.0588 508 787 746 1022 7 0.0588 331 459 580 709 0 0.0573 60 2 317 202 5 0.0568 503 776 743 1021 8 0.0567 518 584 764 820 7 0.0565 386 394 647 631 7 0.0563 509 783 752 1023 11 0.0563 510 582 772 820 8 0.0537 311 533 561 775 0 0.0536 311 536 567 771 0 0.0536 631 787 894 1020 7 0.0535 163 577 434 821 11 0.0535 376 400 644 627 11 0.0532 160 583 434 816 13 0.0532 160 585 439 820 5 0.0530 325 461 573 706 10 0.0526 161 583 434 820 5 0.0524 53 0 319 199 8 0.0523 382 395 635 631 8 0.0523 60 0 308 197 11 0.0520 634 787 897 1015 13 0.0519 449 783 697 1023 10 0.0518 508 788 747 1023 11 0.0516 612 217 876 449 5 0.0513 377 392 637 624 0 0.0512 7 97 249 342 6 0.0512 334 463 580 708 0 0.0511 514 583 769 824 3 0.0509 312 537 562 779 8 0.0509 509 783 738 1020 5 0.0508 628 780 889 1015 11 0.0508 433 717 682 950 3 0.0507 523 582 771 827 0 0.0505 506 785 746 1023 7 0.0503 637 783 900 1019 6 0.0502 61 0 322 196 13 0.0502 316 537 569 773 6 0.0502 515 581 776 819 0 0.0502 379 400 642 632
1kxliq2aOHCOwdP1ukFFaDeopMLjxnYT,11 0.0532 255 27 496 247 0 0.0520 308 163 557 404 11 0.0515 313 101 551 321 8 0.0503 525 259 753 502 8 0.0502 314 98 541 329
Nu4MvjlkLlizeQICc1TUObzKsb9zznRA,7 0.0521 348 407 721 592 7 0.0513 509 781 751 1009
stUpF3frd3k0hOEYNsP0z9wM35cKy7Vi,8 0.0608 318 770 568 1011 5 0.0589 379 765 621 1007 11 0.0588 307 710 574 949 5 0.0583 105 0 366 200 13 0.0582 321 770 582 1011 11 0.0575 496 584 753 825 0 0.0570 62 0 439 156 11 0.0570 59 2 440 149 8 0.0567 65 0 432 149 7 0.0564 385 767 631 1015 5 0.0563 491 576 754 823 0 0.0562 311 705 576 958 6 0.0554 501 650 766 892 0 0.0553 47 719 318 952 7 0.0550 386 654 634 903 7 0.0546 253 780 514 1012 8 0.0538 498 578 752 827 11 0.0535 245 781 513 1008 6 0.0533 384 766 632 1012 6 0.0533 68 0 447 152 11 0.0533 440 139 702 378 11 0.0532 250 651 510 879 10 0.0531 383 767 625 1005 5 0.0529 377 651 625 899 0 0.0529 503 581 759 833 13 0.0528 501 583 766 825 1 0.0528 312 765 570 1009 11 0.0526 371 525 622 766 8 0.0521 253 704 504 944 8 0.0519 135 864 492 1023 0 0.0518 252 644 509 886 6 0.0517 387 656 633 901 3 0.0514 313 705 572 960 13 0.0512 325 653 583 903 0 0.0510 267 0 517 206 10 0.0507 247 782 511 1013 0 0.0506 375 524 625 771 0 0.0506 247 780 517 1015 8 0.0506 581 132 822 379 11 0.0503 580 136 826 378 5 0.0503 0 485 237 700 3 0.0503 503 584 756 836 11 0.0502 52 719 319 942
yH7kjXH177YjH4CBImBr8kTr11CLSkMr,0 0.0679 312 590 572 836 11 0.0665 311 591 568 830 11 0.0662 240 648 503 886 8 0.0655 243 645 496 889 7 0.0635 245 648 504 888 8 0.0629 314 590 565 830 8 0.0625 83 677 438 862 0 0.0618 240 646 500 891 7 0.0616 315 589 574 833 10 0.0604 309 595 569 828 5 0.0602 307 586 566 829 10 0.0594 240 650 502 885 6 0.0579 300 654 576 899 5 0.0577 75 676 444 861 3 0.0565 317 591 572 837 13 0.0558 315 588 576 832 2 0.0554 315 593 573 832 3 0.0552 246 648 502 893 13 0.0532 246 646 508 889 2 0.0528 243 649 503 890 12 0.0510 312 589 572 832
GDHtR1zmjYKIe1zi9SJoNjUGVuHIje6W,8 0.0621 181 605 423 844 11 0.0619 436 387 694 619 0 0.0613 319 540 574 780 8 0.0610 322 541 565 776 5 0.0608 425 456 681 695 11 0.0606 236 667 511 902 11 0.0594 174 607 432 840 7 0.0593 319 541 576 778 5 0.0585 175 600 428 838 13 0.0577 319 476 572 707 5 0.0571 313 535 573 773 10 0.0569 178 611 433 843 7 0.0567 431 462 687 697 8 0.0567 432 466 678 695 13 0.0564 245 533 504 762 5 0.0561 236 656 514 900 13 0.0559 185 605 440 845 8 0.0559 316 400 562 634 0 0.0558 242 605 501 845 8 0.0558 248 669 510 901 6 0.0556 245 604 506 838 7 0.0554 178 605 434 845 11 0.0553 315 401 568 634 11 0.0552 314 604 570 842 5 0.0551 314 394 568 633 3 0.0547 430 466 681 704 7 0.0546 320 398 574 639 11 0.0545 239 532 498 761 10 0.0544 316 546 571 779 13 0.0542 443 392 699 619 0 0.0541 426 461 685 701 13 0.0535 249 665 524 904 13 0.0530 319 602 583 845 0 0.0525 318 399 571 636 6 0.0523 320 542 575 773 7 0.0522 243 667 521 905 3 0.0519 247 667 517 912 6 0.0519 443 391 697 619 3 0.0514 320 544 571 786 2 0.0512 430 466 683 695 11 0.0505 295 737 565 962
qjCGcVuHt3P6dYqvc1wkBTgvH5PTfk1I,11 0.0554 375 275 623 498 8 0.0549 380 276 615 496 11 0.0548 302 213 571 438 13 0.0533 392 330 636 560 8 0.0530 307 212 560 444 11 0.0524 374 151 657 365 3 0.0519 380 274 624 504 0 0.0515 308 277 564 507 5 0.0513 299 203 567 442 7 0.0510 382 272 625 503 3 0.0508 305 213 572 450
gwVdeHhGR986fy3FxocSErbJKxQKcsfG,11 0.0638 322 347 581 575 11 0.0598 178 275 427 505 0 0.0595 382 405 635 639 0 0.0595 449 529 700 776 11 0.0589 380 409 637 636 0 0.0583 330 283 575 504 11 0.0579 250 395 514 631 5 0.0576 444 403 698 649 0 0.0574 432 649 694 890 5 0.0572 320 341 573 578 11 0.0564 626 261 873 496 11 0.0559 320 462 580 704 5 0.0559 560 405 820 640 7 0.0555 253 328 506 568 5 0.0550 444 524 698 773 11 0.0550 371 272 644 492 8 0.0548 323 413 572 645 10 0.0547 4 3 263 200 6 0.0546 258 330 506 567 6 0.0541 451 532 705 772 8 0.0541 628 254 864 503 11 0.0540 1 5 264 204 11 0.0538 504 285 764 511 7 0.0535 389 404 640 642 11 0.0534 572 356 827 580 8 0.0533 383 585 638 826 7 0.0533 463 475 717 709 8 0.0532 371 337 631 571 5 0.0532 246 389 508 637 7 0.0532 5 0 265 205 3 0.0532 181 329 430 577 6 0.0531 382 409 642 637 8 0.0530 573 352 821 576 7 0.0530 187 272 428 507 0 0.0530 253 328 504 568 5 0.0529 244 258 491 488 8 0.0528 453 474 701 707 11 0.0528 429 656 696 884 3 0.0527 384 406 637 645 8 0.0526 173 324 428 574 11 0.0523 451 478 710 702 13 0.0522 579 285 834 519 8 0.0521 4 2 258 202 0 0.0519 315 462 579 707 5 0.0517 617 331 876 561 5 0.0516 172 321 428 568 7 0.0516 323 461 583 710 10 0.0515 249 333 502 568 5 0.0514 431 644 692 886 13 0.0513 568 410 828 643 3 0.0512 249 400 513 647 5 0.0512 367 266 633 492 10 0.0512 321 412 582 644 5 0.0512 0 0 259 199 2 0.0511 374 346 637 570 5 0.0508 568 223 829 465 6 0.0507 324 466 585 709 6 0.0506 571 415 826 636 13 0.0506 436 650 701 890 0 0.0504 182 275 421 516 13 0.0502 456 406 710 648 3 0.0502 578 229 838 478 5 0.0501 318 518 582 779 7 0.0501 438 648 699 890
7lmb7dVOZifcf9RsLui1VFPZMUuvavkC,0 0.0669 312 387 562 621 11 0.0592 379 256 635 477 5 0.0579 307 385 556 614 0 0.0572 233 460 522 694 8 0.0568 307 388 556 617 0 0.0567 375 254 633 481 11 0.0556 493 212 757 433 5 0.0554 376 252 629 478 11 0.0554 378 726 626 957 11 0.0552 168 486 466 700 13 0.0549 315 389 571 619 5 0.0548 228 458 520 684 8 0.0548 237 462 516 688 7 0.0547 384 253 635 482 11 0.0547 309 392 565 615 0 0.0542 496 212 755 439 13 0.0540 385 257 638 483 6 0.0540 179 488 466 704 6 0.0536 245 394 503 618 11 0.0533 305 789 555 1019 3 0.0531 383 257 635 486 0 0.0530 241 317 507 550 5 0.0527 492 207 750 433 2 0.0526 385 263 635 482 3 0.0526 313 392 563 625 8 0.0521 242 312 493 549 6 0.0519 498 215 759 436 11 0.0518 236 318 507 544 5 0.0517 235 315 499 546 7 0.0516 311 787 561 1022 7 0.0515 387 724 626 964 8 0.0511 688 0 927 220 11 0.0510 385 128 647 348 11 0.0503 242 548 513 766 8 0.0502 316 199 566 428 10 0.0501 317 206 576 429
bp8r1NN5zjnt3XC15DvxIVb5BdzKJ5qx,11 0.0554 254 333 521 572 11 0.0551 376 534 632 771 7 0.0541 386 532 633 772 6 0.0537 379 534 630 772 0 0.0535 378 530 627 773 13 0.0521 383 533 634 775 0 0.0520 519 283 767 522 8 0.0515 381 531 622 771 8 0.0508 519 279 760 520 8 0.0505 256 331 508 580 11 0.0503 517 283 769 521 6 0.0502 461 22 697 252
GtGTw4UANLtYuMXQIIqnEhsT13ak34cN,5 0.0557 0 421 321 605 11 0.0547 0 427 329 604 8 0.0533 0 422 312 608 0 0.0521 4 423 325 607 13 0.0516 4 422 333 605 8 0.0511 192 277 445 518 11 0.0501 190 218 455 440
YneoamTtD7E3gbHVkQFEoapf09ZtkG9J,8 0.0607 868 151 1021 532 11 0.0603 5 401 252 629 0 0.0600 1 398 253 636 5 0.0595 864 142 1023 526 11 0.0592 865 158 1023 532 0 0.0583 864 154 1023 533 7 0.0563 869 151 1023 527 10 0.0545 864 156 1023 529 8 0.0544 10 398 243 630 13 0.0542 869 154 1023 532 6 0.0537 866 152 1023 531 5 0.0536 6 395 244 633 3 0.0525 868 159 1023 533 2 0.0523 866 161 1023 533
MkZjcJC9gLKyQvYQoUZtZZB3diTWAn4L,8 0.0601 563 343 826 575 5 0.0595 557 341 829 578 11 0.0594 556 346 838 576 11 0.0589 496 408 762 643 0 0.0583 560 408 830 643 3 0.0568 565 345 834 584 0 0.0560 501 342 771 572 7 0.0558 562 344 836 578 11 0.0541 365 481 641 707 3 0.0537 507 267 771 507 5 0.0526 496 260 763 499 8 0.0518 499 263 765 496 6 0.0518 564 405 829 640 7 0.0516 507 406 763 647 8 0.0514 504 405 757 640 6 0.0511 505 338 770 570 8 0.0506 238 616 479 855 7 0.0506 504 265 773 501 0 0.0504 506 221 768 443 11 0.0501 631 269 903 489
Fd95Feengw0TRtFgedgHODdG7ZARSNVJ,5 0.0599 443 659 697 892 11 0.0597 446 667 700 892 5 0.0585 316 639 572 890 11 0.0581 367 777 631 997 5 0.0577 429 773 701 1008 0 0.0576 437 781 706 1015 0 0.0574 323 647 574 897 0 0.0570 449 668 700 900 7 0.0570 370 774 635 1005 6 0.0562 326 711 584 951 5 0.0559 248 587 501 828 5 0.0545 69 470 314 713 6 0.0544 450 664 701 894 8 0.0543 438 720 693 956 7 0.0542 323 648 582 894 3 0.0536 439 721 699 958 5 0.0535 2 78 247 308 0 0.0534 324 536 577 788 6 0.0533 323 599 581 840 13 0.0532 327 648 581 894 11 0.0531 317 600 574 844 11 0.0526 1 87 250 311 13 0.0526 457 664 704 897 6 0.0522 78 475 322 711 7 0.0521 451 666 705 898 13 0.0520 253 593 519 837 13 0.0519 376 774 638 1005 8 0.0517 323 645 572 894 5 0.0517 316 531 575 776 13 0.0513 253 722 518 959 2 0.0512 322 652 577 895 13 0.0511 78 476 325 711 5 0.0510 301 774 559 1004 8 0.0510 252 716 503 953 8 0.0509 73 475 309 712 3 0.0507 325 717 579 961 11 0.0505 71 478 319 710 0 0.0502 305 779 565 1011 8 0.0502 5 81 242 313 5 0.0501 62 269 316 500 11 0.0500 237 785 504 1001
0PH1dU8dC7SDIcsqF0rjEOHbuhqwVEh8,7 0.0514 64 713 322 939 11 0.0512 362 279 635 502 0 0.0509 58 718 317 945 5 0.0508 628 511 886 748 8 0.0500 625 447 874 694
CYRhkolBBJY9wUuJYJENQzunrGKnXhMo,8 0.0601 3 711 232 958 0 0.0561 200 382 454 627 5 0.0557 248 384 502 620 11 0.0556 436 524 695 757 0 0.0554 0 720 238 961 11 0.0549 377 589 632 830 11 0.0541 251 392 508 623 11 0.0537 1 721 240 956 11 0.0533 376 393 650 638 8 0.0531 383 775 619 1010 0 0.0531 436 215 693 452 6 0.0531 256 390 511 626 7 0.0530 318 384 575 628 11 0.0530 315 783 581 1006 5 0.0529 422 774 679 1003 11 0.0528 107 811 377 1015 7 0.0527 199 377 458 625 11 0.0525 314 465 573 692 8 0.0520 259 388 501 623 7 0.0519 1 718 240 961 0 0.0518 515 339 761 584 7 0.0518 443 400 711 642 6 0.0518 441 209 699 448 0 0.0516 261 463 518 706 3 0.0514 447 338 708 583 11 0.0514 437 218 699 449 7 0.0513 444 519 702 763 0 0.0513 127 740 388 972 5 0.0512 308 771 571 1010 6 0.0512 390 145 650 371 0 0.0510 380 775 626 1011 8 0.0509 502 515 753 761 0 0.0509 323 528 577 768 0 0.0508 269 730 518 970 6 0.0507 322 779 578 1013 8 0.0507 172 803 434 1023 6 0.0507 442 525 698 765 0 0.0506 379 390 648 643 13 0.0505 444 523 703 761 7 0.0505 431 780 692 1008 10 0.0503 251 395 506 621 8 0.0501 445 586 694 836 6 0.0501 443 332 710 581
ML92Us1kEUtP5MMqzBbgzVPeFXSD0Jms,5 0.0623 232 511 490 773 5 0.0617 200 350 564 540 11 0.0601 269 415 630 594 6 0.0573 516 582 775 826 7 0.0571 447 521 715 775 6 0.0571 281 351 629 534 8 0.0565 239 521 483 774 5 0.0562 366 519 630 778 5 0.0562 265 410 630 598 11 0.0550 511 582 769 825 8 0.0549 444 520 702 773 13 0.0548 448 522 714 775 8 0.0548 232 399 488 645 11 0.0546 438 523 705 772 11 0.0545 233 520 492 777 3 0.0545 253 460 497 719 5 0.0542 232 260 503 488 8 0.0540 515 582 765 825 7 0.0539 252 459 504 716 8 0.0534 270 353 607 533 13 0.0531 283 414 635 598 7 0.0530 235 335 503 574 5 0.0529 508 579 769 821 8 0.0528 436 260 707 489 3 0.0528 275 414 628 601 3 0.0527 521 582 771 833 0 0.0524 231 332 501 577 10 0.0524 276 420 631 598 0 0.0522 441 520 709 778 0 0.0521 515 584 773 829 6 0.0520 248 266 512 488 3 0.0518 446 520 706 781 10 0.0515 441 525 707 776
56XrOUNLvg4Qn76d6CJZ2V4T8b2dYjtn,0 0.0571 390 600 633 835 8 0.0562 314 734 537 960 0 0.0547 310 733 542 964 8 0.0543 384 667 608 905 7 0.0536 311 733 547 962 5 0.0530 318 204 575 444 11 0.0526 304 735 545 955 0 0.0517 318 207 577 447 11 0.0515 386 599 625 824 7 0.0509 383 663 622 907 11 0.0508 320 209 582 444 10 0.0504 388 605 625 828 10 0.0504 308 738 544 958
mpo0rOUrxB2kuak7oGiVOEKW6W0UZQlu,8 0.0670 319 141 564 372 5 0.0653 318 71 570 308 11 0.0649 385 14 635 250 0 0.0648 249 3 495 254 0 0.0644 317 140 570 371 8 0.0627 392 87 635 311 0 0.0622 386 16 639 251 11 0.0620 244 1 495 254 8 0.0607 252 1 490 253 3 0.0606 326 137 568 382 13 0.0595 392 12 645 248 2 0.0594 252 7 498 253 11 0.0591 461 84 705 313 6 0.0588 323 140 575 376 11 0.0588 263 135 516 365 5 0.0584 457 78 705 313 0 0.0580 461 87 706 313 5 0.0580 380 8 634 251 0 0.0579 575 152 819 376 7 0.0578 393 84 642 315 3 0.0577 394 9 636 257 5 0.0572 381 144 628 376 13 0.0569 327 77 579 307 6 0.0567 253 4 502 252 11 0.0566 515 164 749 378 5 0.0564 511 156 747 379 8 0.0563 563 224 812 443 3 0.0561 256 3 496 260 5 0.0559 558 223 816 443 11 0.0559 628 476 908 706 6 0.0558 396 84 646 315 7 0.0558 320 139 570 373 8 0.0557 515 156 748 379 7 0.0555 318 5 566 251 11 0.0555 387 150 631 377 5 0.0553 513 0 778 195 0 0.0551 515 5 783 200 3 0.0548 468 83 704 320 7 0.0548 214 67 450 309 10 0.0547 462 86 706 313 11 0.0545 516 1 784 197 10 0.0545 386 14 636 250 13 0.0544 388 150 641 375 2 0.0543 388 18 635 250 13 0.0537 465 81 712 311 13 0.0536 523 0 792 201 7 0.0534 178 0 439 197 5 0.0533 244 0 493 249 11 0.0533 614 279 889 494 13 0.0531 580 152 828 377 8 0.0527 571 400 810 629 2 0.0523 324 83 569 309 10 0.0522 178 3 436 195 6 0.0521 520 161 753 379 0 0.0521 616 277 883 502 0 0.0520 505 277 754 493 10 0.0520 209 77 449 309 10 0.0519 389 152 635 377 13 0.0517 214 69 454 310 5 0.0516 620 403 906 634 1 0.0516 383 7 634 253 13 0.0515 177 0 441 198 11 0.0514 571 406 825 623 0 0.0513 565 346 821 565 2 0.0510 517 171 754 377 3 0.0507 523 160 749 388 3 0.0505 527 1 782 209 7 0.0504 518 159 752 382 5 0.0503 253 393 503 630 8 0.0502 258 399 498 634 9 0.0502 458 81 709 307 12 0.0501 389 148 636 378 6 0.0500 628 278 889 498
00X4Pb5TcOhWWwrDwn9UoRDJhwYRuusp,7 0.0655 443 523 701 766 11 0.0630 365 461 627 704 11 0.0628 190 675 452 902 11 0.0626 565 596 830 838 7 0.0614 313 464 571 703 11 0.0608 437 524 693 765 5 0.0598 364 457 630 699 8 0.0595 508 513 754 755 7 0.0594 571 590 832 845 11 0.0592 570 459 829 699 8 0.0591 372 461 622 702 0 0.0591 569 595 830 847 8 0.0589 567 595 824 842 0 0.0583 499 336 754 575 6 0.0577 509 508 764 759 8 0.0577 573 459 822 696 8 0.0575 503 327 746 574 11 0.0570 363 62 635 306 0 0.0563 701 4 955 204 13 0.0562 574 462 833 699 5 0.0560 565 589 825 842 3 0.0559 372 463 628 710 6 0.0559 505 332 756 573 5 0.0552 184 662 447 899 8 0.0552 260 465 497 697 7 0.0552 506 328 759 573 10 0.0550 565 596 828 843 6 0.0549 568 594 831 842 11 0.0548 256 462 502 694 3 0.0548 316 319 577 578 0 0.0545 572 462 831 700 5 0.0544 501 506 757 755 13 0.0543 570 595 836 843 5 0.0543 360 57 631 306 5 0.0541 257 458 509 693 11 0.0539 501 332 754 572 2 0.0538 507 516 757 758 2 0.0536 368 468 627 709 10 0.0536 367 466 632 705 8 0.0534 372 67 624 313 11 0.0534 252 0 507 241 5 0.0534 494 326 750 568 8 0.0532 197 670 446 904 7 0.0530 575 456 834 704 10 0.0529 505 513 761 758 0 0.0528 506 514 761 759 9 0.0528 503 510 762 752 2 0.0527 568 600 830 844 3 0.0525 507 329 752 579 8 0.0525 314 318 566 566 3 0.0525 510 512 760 766 6 0.0523 375 66 638 310 13 0.0523 373 66 642 309 0 0.0519 367 61 629 308 13 0.0518 504 331 762 569 8 0.0517 699 0 947 201 3 0.0517 374 62 634 316 0 0.0515 371 462 634 705 3 0.0515 579 458 830 709 3 0.0515 195 670 454 909 0 0.0513 253 0 505 241 2 0.0512 501 341 752 576 9 0.0511 565 591 827 836 13 0.0510 259 4 515 243 6 0.0509 374 460 636 706 7 0.0505 314 317 583 569 4 0.0505 570 598 834 843
u2XA0sULR1Sk6V0V25KNxromE4TH5sKX,11 0.0654 259 15 512 256 11 0.0633 573 667 812 893 5 0.0616 257 11 509 257 8 0.0616 263 14 505 258 0 0.0606 311 0 566 200 11 0.0605 638 603 869 831 7 0.0602 321 9 579 253 3 0.0598 310 0 567 201 7 0.0591 256 63 506 306 13 0.0589 315 78 582 316 6 0.0586 310 1 569 199 11 0.0578 251 724 504 959 10 0.0575 261 20 510 257 5 0.0574 303 141 568 379 7 0.0573 576 665 816 894 11 0.0571 372 2 640 196 11 0.0571 255 601 505 834 8 0.0570 638 600 863 836 8 0.0570 505 666 748 898 11 0.0568 144 170 531 350 0 0.0568 505 666 756 901 0 0.0565 633 602 869 839 5 0.0565 504 659 748 896 8 0.0564 6 75 253 314 11 0.0563 6 78 260 314 0 0.0561 207 101 575 283 5 0.0560 376 195 634 432 13 0.0559 253 132 505 376 0 0.0558 306 148 576 382 0 0.0556 438 0 696 200 13 0.0555 511 667 763 900 6 0.0554 439 0 701 195 7 0.0554 312 144 577 383 6 0.0553 577 665 817 894 8 0.0553 248 131 494 375 8 0.0552 438 0 688 198 11 0.0551 373 87 639 319 6 0.0550 207 98 582 283 10 0.0545 258 603 504 834 5 0.0544 3 73 256 312 5 0.0544 435 0 692 196 9 0.0543 307 0 565 194 0 0.0543 257 596 504 838 2 0.0543 309 3 566 198 12 0.0542 311 0 568 197 3 0.0540 252 63 506 310 10 0.0536 381 26 643 264 3 0.0535 580 662 815 901 0 0.0535 382 200 642 433 5 0.0532 181 126 434 381 11 0.0531 496 801 754 1023 3 0.0530 439 1 695 202 13 0.0528 385 139 646 382 8 0.0527 257 599 496 836 13 0.0526 11 161 272 393 13 0.0525 312 0 573 199 10 0.0524 571 669 814 891 6 0.0521 311 145 577 383 7 0.0521 506 795 760 1023 7 0.0521 260 597 507 835 3 0.0520 159 169 528 358 11 0.0518 379 199 643 431 5 0.0517 496 790 751 1021 3 0.0517 259 598 504 841 7 0.0517 640 602 869 837 1 0.0516 305 0 565 199 0 0.0516 252 719 503 962 5 0.0515 633 595 866 834 7 0.0515 383 84 644 324 8 0.0515 253 719 496 961 2 0.0513 209 103 578 280 6 0.0511 261 597 509 833 8 0.0510 504 799 743 1022 7 0.0510 255 789 496 1023 8 0.0509 382 194 633 433
V6xjwJm1lrJhN4JCsnWVvEy6oYG5dizF,11 0.0607 428 537 691 761 11 0.0606 369 590 627 828 11 0.0604 493 800 776 1018 11 0.0601 384 142 651 375 11 0.0600 449 213 710 442 0 0.0577 253 145 513 395 11 0.0576 243 215 516 448 3 0.0573 390 141 650 384 7 0.0569 387 140 652 382 0 0.0569 384 141 646 379 5 0.0561 442 210 704 442 5 0.0561 246 141 508 389 0 0.0559 495 797 772 1023 8 0.0556 373 591 619 832 8 0.0552 320 140 579 390 5 0.0550 437 788 704 1021 0 0.0546 179 215 447 456 5 0.0546 377 139 643 373 8 0.0545 247 214 508 454 10 0.0544 319 146 588 388 11 0.0543 247 334 508 571 7 0.0543 257 144 515 393 8 0.0543 60 798 302 1023 8 0.0542 435 539 685 766 11 0.0541 318 523 563 756 6 0.0541 372 589 630 828 6 0.0539 253 216 518 454 3 0.0539 438 539 690 771 11 0.0538 0 794 260 1022 13 0.0538 325 138 591 385 0 0.0538 0 792 256 1023 0 0.0534 252 332 507 573 7 0.0534 446 795 719 1023 6 0.0534 1 793 258 1020 7 0.0532 326 522 567 758 8 0.0531 449 210 700 444 13 0.0530 373 590 634 833 3 0.0530 454 212 708 451 6 0.0529 390 141 656 379 13 0.0528 0 791 260 1023 7 0.0528 375 589 630 833 3 0.0528 457 87 709 321 0 0.0527 433 536 695 766 0 0.0526 448 213 704 444 5 0.0526 246 270 500 506 7 0.0525 456 213 710 447 0 0.0523 370 587 626 833 11 0.0523 383 789 641 1017 6 0.0523 431 539 697 762 13 0.0523 252 216 520 457 7 0.0522 436 535 696 768 6 0.0520 325 522 564 754 6 0.0519 257 335 512 573 3 0.0519 248 217 513 459 3 0.0516 375 589 625 839 10 0.0515 388 82 649 316 6 0.0515 456 210 713 441 5 0.0514 435 612 690 844 0 0.0513 322 519 560 759 11 0.0508 434 19 707 239 7 0.0508 255 332 507 572 6 0.0507 445 801 711 1021 2 0.0507 322 146 581 390 8 0.0503 392 78 638 318 3 0.0503 249 336 506 580 8 0.0502 252 334 501 572 0 0.0501 385 787 642 1023 13 0.0501 322 520 569 759 7 0.0501 453 87 715 317 10 0.0500 432 540 695 767
yNbWbsSDIXXuiaJ0W3nEM3QHRcAsP23I,5 0.0604 246 346 508 575 8 0.0601 239 405 496 647 0 0.0598 249 273 504 515 8 0.0570 173 457 416 707 0 0.0569 176 403 427 652 11 0.0565 250 7 509 255 13 0.0562 242 410 503 652 11 0.0561 235 409 500 649 11 0.0555 170 465 421 705 5 0.0545 229 465 485 703 3 0.0543 174 464 418 711 6 0.0543 255 349 519 578 5 0.0542 175 399 423 644 6 0.0541 185 406 434 652 13 0.0540 318 1 570 242 10 0.0537 236 413 504 648 13 0.0534 179 462 427 707 3 0.0533 297 407 559 661 10 0.0529 169 469 422 703 8 0.0527 179 346 423 594 0 0.0527 294 405 560 655 7 0.0526 239 406 500 651 11 0.0526 371 1 634 193 8 0.0526 253 272 494 510 5 0.0524 365 0 631 190 11 0.0521 303 346 577 584 5 0.0520 313 262 570 500 11 0.0518 238 540 487 776 8 0.0518 378 0 623 195 2 0.0516 180 407 426 649 8 0.0516 314 341 567 582 8 0.0514 295 474 553 710 7 0.0513 173 460 423 704 2 0.0508 252 355 513 579 8 0.0506 257 7 499 256 10 0.0504 379 5 637 195 13 0.0503 316 349 584 588
MTxlGrp9Ziq03icoRW2BrNp8gJrHMRby,11 0.0591 374 336 623 577 8 0.0560 372 272 616 506 0 0.0557 421 277 679 515 13 0.0551 381 336 626 577 5 0.0547 373 333 618 573 3 0.0542 379 336 623 580 6 0.0528 379 337 626 577 10 0.0525 376 338 624 578 7 0.0522 324 275 575 517 6 0.0522 334 210 581 460 5 0.0521 324 207 575 454 2 0.0520 426 282 678 515 11 0.0516 374 208 627 449 9 0.0505 376 337 619 570 13 0.0501 381 205 629 453
6WGvAc0fCLKfyokccx1k89LVpiQ9cfS5,0 0.0642 707 337 964 568 5 0.0607 623 331 888 567 8 0.0595 625 407 872 632 11 0.0593 704 424 952 639 8 0.0589 133 809 367 1023 11 0.0587 630 336 893 566 0 0.0585 262 728 512 975 13 0.0581 626 407 889 634 0 0.0581 622 408 885 633 7 0.0579 194 795 443 1023 7 0.0579 192 667 448 901 7 0.0576 621 407 883 634 13 0.0573 195 667 455 904 5 0.0571 574 202 829 436 8 0.0566 132 665 378 906 11 0.0560 188 669 451 897 10 0.0558 628 338 891 566 3 0.0556 635 333 890 575 0 0.0554 368 800 633 1023 11 0.0553 194 795 443 1019 5 0.0551 185 665 443 895 8 0.0549 709 335 952 563 0 0.0546 578 208 835 439 5 0.0544 187 794 434 1019 0 0.0544 192 801 443 1023 11 0.0542 711 283 972 501 8 0.0541 580 208 823 437 11 0.0541 769 348 1015 570 10 0.0540 188 674 445 900 5 0.0539 697 419 948 640 10 0.0538 260 735 510 968 11 0.0538 578 208 835 433 3 0.0537 190 665 446 905 7 0.0535 578 205 841 435 8 0.0533 261 662 503 903 6 0.0531 635 335 898 573 11 0.0530 259 731 513 962 0 0.0529 190 667 448 906 11 0.0524 368 795 630 1018 0 0.0522 229 205 501 428 6 0.0522 136 667 391 906 8 0.0514 374 797 622 1019 5 0.0513 706 274 967 501 7 0.0510 264 727 514 969 2 0.0509 578 210 834 437 13 0.0506 777 341 1023 572 13 0.0505 197 799 447 1023 3 0.0504 707 424 952 649
CTv7Wv5FDVxJnkyPu7c9S0kbSkJyzNxQ,0 0.0571 192 457 440 700 8 0.0569 180 387 420 617 11 0.0567 179 202 448 433 11 0.0556 177 389 433 622 7 0.0549 455 273 717 502 0 0.0546 446 279 714 508 7 0.0545 192 451 443 697 5 0.0543 179 379 430 620 8 0.0531 453 277 705 503 0 0.0528 571 270 841 517 6 0.0521 180 385 437 620 11 0.0510 450 276 713 502 8 0.0509 134 464 360 708 8 0.0506 71 408 307 641 6 0.0505 117 269 388 499 13 0.0500 338 394 573 615
8r5kxRnny9mMfiMxkRljn2GlfwEjajbb,5 0.0601 498 586 751 812 11 0.0600 499 592 757 812 8 0.0591 379 740 624 965 11 0.0587 443 673 710 891 8 0.0586 443 672 698 893 7 0.0565 509 589 762 817 11 0.0564 309 140 579 372 7 0.0558 384 738 636 967 0 0.0557 443 670 711 898 11 0.0554 375 741 632 964 5 0.0553 621 0 1003 158 8 0.0548 316 141 572 375 5 0.0548 440 668 707 892 0 0.0540 502 588 758 819 6 0.0539 434 603 706 826 11 0.0532 621 0 1020 160 13 0.0529 508 590 763 818 7 0.0529 449 668 715 896 5 0.0525 373 738 625 962 0 0.0518 309 136 578 376 13 0.0517 254 145 513 382 0 0.0510 376 740 629 966 3 0.0509 317 138 575 381 0 0.0508 241 40 506 261 8 0.0501 624 0 992 159
BKgtnF1550WZbiyyxW868E8wCqWfQgXl,11 0.0658 312 266 576 504 11 0.0645 257 327 514 573 11 0.0642 373 465 632 702 6 0.0635 316 266 576 507 11 0.0627 441 398 692 640 11 0.0625 454 498 825 672 5 0.0621 256 416 621 603 3 0.0620 313 264 575 509 0 0.0619 370 530 647 774 8 0.0619 252 264 509 513 0 0.0618 462 496 822 677 0 0.0615 252 263 515 515 7 0.0613 448 394 696 644 6 0.0613 187 395 449 635 8 0.0611 364 531 641 770 6 0.0611 266 419 629 603 8 0.0610 382 255 638 498 5 0.0609 309 188 572 429 11 0.0607 374 196 646 436 5 0.0606 380 255 641 497 0 0.0603 382 256 647 500 13 0.0603 267 354 629 539 8 0.0601 184 392 441 632 8 0.0600 315 196 569 431 7 0.0600 316 263 577 507 5 0.0599 440 394 692 644 8 0.0599 262 418 616 603 5 0.0596 179 389 443 631 6 0.0595 341 499 700 674 0 0.0594 104 403 382 642 8 0.0591 442 396 688 644 0 0.0589 443 395 693 647 0 0.0588 182 330 444 580 3 0.0588 446 396 694 649 10 0.0587 257 330 513 574 0 0.0585 262 415 626 606 0 0.0584 183 462 444 711 3 0.0583 257 326 514 579 11 0.0583 315 136 579 373 11 0.0581 180 464 442 708 13 0.0580 315 192 584 436 6 0.0580 381 197 641 438 13 0.0579 278 487 628 672 7 0.0578 187 460 448 708 10 0.0577 258 204 511 449 3 0.0576 376 466 635 710 2 0.0576 314 266 573 507 0 0.0576 262 127 514 378 13 0.0573 467 497 829 672 5 0.0573 453 492 818 671 7 0.0572 269 419 628 606 13 0.0570 366 534 653 770 2 0.0567 251 390 509 634 8 0.0566 456 495 812 673 7 0.0565 377 463 634 705 0 0.0564 378 144 644 388 3 0.0562 383 194 639 442 12 0.0562 340 497 700 676 9 0.0556 271 486 622 668 5 0.0554 364 526 644 772 10 0.0553 442 403 693 641 13 0.0552 385 259 649 501 3 0.0551 317 133 576 380 7 0.0550 460 494 830 675 10 0.0546 272 490 622 669 12 0.0545 315 264 575 508 10 0.0544 177 466 443 710 3 0.0540 465 498 823 678 10 0.0540 380 200 644 437
Wk2dUTkqdqdeUkCN71r9kZMukSMa0khq,5 0.0616 627 401 886 638 0 0.0588 612 337 891 567 11 0.0581 632 405 892 637 5 0.0572 503 0 746 242 11 0.0563 246 286 510 511 11 0.0561 503 10 750 239 11 0.0560 701 479 963 713 7 0.0554 252 347 503 580 8 0.0551 507 8 741 239 7 0.0549 511 8 751 242 0 0.0546 503 6 748 239 3 0.0545 514 5 750 248 7 0.0542 192 278 450 516 6 0.0541 509 84 767 319 13 0.0535 508 88 766 320 6 0.0535 640 408 893 638 5 0.0532 612 288 889 504 6 0.0526 588 14 833 244 5 0.0526 698 472 954 711 0 0.0525 694 417 957 653 0 0.0524 506 274 760 505 2 0.0524 634 413 889 638 6 0.0523 259 347 506 583 3 0.0518 623 293 891 516 8 0.0517 428 149 699 375 3 0.0517 634 402 888 648 5 0.0515 183 275 443 514 11 0.0503 351 92 628 316
BNSjCrfArhLCR0sKyqAWOXwvNx9volZI,3 0.0589 377 273 634 516 11 0.0589 367 273 636 510 0 0.0562 444 157 693 412 8 0.0551 315 216 566 454 13 0.0545 377 274 640 514 11 0.0545 177 789 434 1023 6 0.0544 321 151 579 394 11 0.0543 374 151 640 391 7 0.0543 319 218 573 456 3 0.0541 379 151 636 399 8 0.0539 376 148 630 392 5 0.0537 369 145 630 390 8 0.0531 182 783 423 1023 5 0.0531 364 268 630 508 6 0.0525 317 268 580 518 7 0.0523 188 783 440 1022 2 0.0522 373 276 633 511 0 0.0521 181 785 436 1023 0 0.0520 314 148 573 395 13 0.0518 377 147 645 397 6 0.0510 251 321 500 571 13 0.0508 253 271 518 517 7 0.0508 382 149 639 392 13 0.0505 191 785 443 1023 10 0.0505 373 276 636 509 0 0.0505 310 271 576 518 11 0.0503 251 271 509 511 6 0.0500 452 155 698 407
0Vj5sOFRboX0TZNNfV5oqUxkBHELetEV,5 0.0517 248 522 496 756
ckiOmI4R3ImRa2aLptHw7Hjp4yfpLQw9,7 0.0587 517 456 769 703 11 0.0587 569 467 824 712 11 0.0570 281 733 545 953 5 0.0568 175 254 419 500 11 0.0565 175 262 430 503 11 0.0564 638 551 890 784 8 0.0562 179 258 418 506 11 0.0559 304 329 562 562 13 0.0558 183 263 430 507 7 0.0557 178 257 426 505 5 0.0551 303 321 556 560 0 0.0548 512 456 761 705 0 0.0543 641 549 890 789 11 0.0542 303 604 569 835 6 0.0541 570 463 825 715 8 0.0535 313 259 550 493 13 0.0530 309 328 567 566 5 0.0530 640 606 888 853 0 0.0530 305 322 562 562 11 0.0527 695 488 955 718 8 0.0527 643 549 882 786 0 0.0527 180 259 421 507 8 0.0526 304 402 552 642 7 0.0522 306 401 566 641 5 0.0521 641 472 882 720 8 0.0520 568 462 813 713 8 0.0519 299 673 547 900 7 0.0518 643 550 894 787 3 0.0516 309 325 560 568 6 0.0514 182 261 430 503 3 0.0513 644 550 886 794 3 0.0511 176 263 426 514 10 0.0507 514 458 763 704 13 0.0507 518 452 770 702 5 0.0506 510 453 758 701 13 0.0505 647 549 895 786 6 0.0503 315 262 563 495
VtywN1ZT3wzMX3VmdQAFUozGb05tkoMD,0 0.0648 510 715 766 953 0 0.0633 442 650 704 898 0 0.0623 635 523 886 781 8 0.0603 513 715 761 951 8 0.0603 446 653 698 893 11 0.0599 320 720 577 961 11 0.0592 451 775 701 1012 10 0.0592 383 720 640 955 11 0.0580 441 653 705 894 11 0.0579 506 717 767 951 6 0.0571 446 653 707 893 7 0.0571 456 773 702 1014 10 0.0570 454 777 696 1010 10 0.0566 511 721 764 949 8 0.0564 460 775 693 1011 6 0.0559 512 716 765 950 8 0.0558 574 470 807 708 8 0.0556 643 604 900 853 11 0.0556 638 607 913 850 10 0.0555 446 656 704 893 5 0.0554 508 713 761 952 0 0.0552 571 471 814 712 3 0.0551 463 713 710 955 5 0.0547 441 649 700 894 11 0.0546 570 476 819 707 6 0.0546 458 774 701 1013 13 0.0543 639 524 896 784 7 0.0540 449 652 706 895 13 0.0540 459 775 704 1015 1 0.0539 441 647 705 895 7 0.0536 647 603 916 854 8 0.0531 388 719 637 952 0 0.0527 707 475 951 710 5 0.0524 566 469 812 707 13 0.0518 576 472 821 711 5 0.0518 639 602 906 854 6 0.0515 652 608 918 857 0 0.0513 307 411 569 649 6 0.0513 388 716 643 955 7 0.0511 388 716 644 956 13 0.0510 451 653 707 894 6 0.0510 576 475 821 706 11 0.0507 214 213 496 441 13 0.0505 514 717 769 953 5 0.0503 380 710 638 956 10 0.0502 577 477 814 711 7 0.0501 312 264 577 505 7 0.0501 576 473 819 714
xSzDwI7gbf0EiPKPxshNTy9ysUx8xjvO,0 0.0550 310 40 560 255 0 0.0531 379 83 640 314 13 0.0522 331 228 598 461 11 0.0518 644 81 894 329 10 0.0517 324 235 593 464 5 0.0511 558 464 816 704 11 0.0509 561 469 819 707 11 0.0507 304 42 562 252 0 0.0501 328 224 585 465 0 0.0501 564 469 824 713
MQgItDN8XRGkrMYSGJKwb02zY5bioEpG,11 0.0572 0 676 328 852 8 0.0571 0 672 321 857 0 0.0551 0 676 327 857 11 0.0537 347 415 698 595 7 0.0532 4 675 330 856 7 0.0531 349 412 703 597 6 0.0530 1 677 331 854 5 0.0522 0 673 320 855 8 0.0522 346 413 682 595 5 0.0519 329 526 590 781 8 0.0519 339 536 584 782 8 0.0515 571 338 812 563 0 0.0507 576 342 821 563 11 0.0505 702 469 956 687 10 0.0501 0 677 329 855 7 0.0501 577 341 833 566
Jy35FFPegn1cMPNYzHeIXmOJbdj5AD8S,11 0.0636 255 339 507 574 5 0.0603 251 262 500 487 0 0.0585 260 202 503 432 3 0.0583 261 263 504 495 11 0.0577 255 205 506 427 0 0.0571 185 261 440 502 0 0.0570 258 336 507 577 6 0.0561 324 206 569 427 6 0.0561 261 336 510 573 7 0.0557 191 194 443 435 7 0.0548 262 266 505 493 0 0.0545 574 271 836 506 3 0.0541 321 202 565 431 6 0.0535 252 478 518 725 10 0.0534 258 340 507 572 13 0.0533 262 335 513 578 10 0.0532 261 206 507 427 0 0.0531 248 478 506 728 7 0.0528 323 205 566 424 8 0.0522 577 266 826 503 11 0.0521 303 144 565 363 5 0.0517 311 201 559 420 8 0.0516 259 336 502 573 11 0.0511 242 484 510 725 11 0.0508 180 265 441 495 8 0.0507 321 207 552 424 6 0.0505 187 262 445 499 13 0.0504 265 203 514 431 13 0.0502 191 261 448 501
AcdLIGPmEfOGqXZtfGJ85gWJmbqLYUiL,0 0.0622 0 708 245 960 0 0.0621 55 792 309 1022 8 0.0613 0 702 240 958 11 0.0601 0 709 245 958 7 0.0558 0 703 244 960 3 0.0548 2 707 241 964 8 0.0545 61 786 301 1018 2 0.0540 0 715 248 957 11 0.0535 55 793 306 1014 11 0.0535 427 802 701 1018 5 0.0534 422 795 693 1020 6 0.0527 2 709 250 955 5 0.0526 0 705 238 955 1 0.0523 0 702 246 960 10 0.0521 1 711 247 959 13 0.0514 365 795 651 1023 6 0.0510 62 795 309 1017 8 0.0506 433 798 688 1023
0xnYe4tpVNt5LsM0msHgUtJ388Un1FEx,11 0.0614 516 405 767 636 8 0.0578 515 396 757 638 5 0.0573 514 392 760 637 11 0.0567 186 345 453 575 8 0.0549 515 283 760 520 2 0.0545 378 528 632 750 0 0.0541 517 397 764 637 7 0.0540 522 397 769 641 13 0.0536 518 398 773 636 6 0.0533 519 402 767 640 13 0.0530 379 525 639 751 8 0.0528 194 341 444 580 5 0.0527 365 576 625 812 11 0.0519 270 729 517 961 7 0.0518 371 585 633 819 11 0.0517 51 5 302 211 10 0.0516 516 404 768 637 6 0.0514 370 588 635 808 7 0.0513 197 342 456 581 11 0.0512 432 804 699 1022 5 0.0509 189 337 452 577 13 0.0509 262 795 521 1023 3 0.0507 523 396 768 646 0 0.0501 364 587 633 820 13 0.0501 302 461 566 705
Q3SXgh9XFTQnnsivZaWQY8tjph1HJeNP,0 0.0603 370 586 626 842 0 0.0589 444 531 691 774 11 0.0572 439 328 695 557 0 0.0565 387 461 635 708 11 0.0563 233 723 501 961 0 0.0561 441 654 702 907 11 0.0557 359 655 626 895 6 0.0556 371 585 632 839 5 0.0556 170 407 437 658 5 0.0547 293 579 559 839 11 0.0542 312 344 581 575 10 0.0541 440 590 699 827 5 0.0540 438 580 693 833 0 0.0539 236 657 505 915 6 0.0535 238 590 507 842 0 0.0535 310 519 565 770 11 0.0534 297 800 553 1021 8 0.0532 233 717 495 960 0 0.0532 100 422 373 655 6 0.0531 442 531 700 772 6 0.0528 444 653 707 902 8 0.0528 236 590 492 840 13 0.0526 234 790 497 1022 5 0.0526 232 656 497 910 8 0.0525 364 652 621 898 8 0.0524 380 456 629 707 0 0.0521 95 304 365 518 11 0.0521 248 405 513 646 7 0.0518 445 651 708 905 8 0.0516 305 519 556 767 0 0.0514 312 717 576 975 11 0.0513 235 595 502 839 11 0.0513 168 350 429 583 6 0.0512 308 520 569 769 5 0.0512 308 456 572 709 13 0.0511 382 458 645 711 7 0.0510 178 644 446 893 13 0.0510 443 331 699 565 8 0.0510 99 296 361 522 11 0.0509 440 590 699 830 11 0.0508 301 524 568 767 8 0.0507 274 356 622 536 11 0.0506 376 463 641 702 10 0.0505 360 657 628 896 7 0.0504 283 350 639 537 7 0.0504 371 583 634 842 13 0.0504 316 342 590 583 0 0.0503 162 588 435 832 8 0.0502 342 414 685 595 5 0.0502 153 581 432 827 0 0.0502 168 352 422 590 8 0.0501 100 414 370 659 13 0.0501 369 582 636 843 8 0.0500 443 528 685 768 11 0.0500 99 417 381 649
XzgHzJKxsIV0eKpUQgpCqADix5yd1nbU,0 0.0667 306 402 560 643 8 0.0643 308 206 549 427 11 0.0635 318 341 572 576 0 0.0629 196 345 561 536 11 0.0620 248 398 499 635 0 0.0616 374 347 636 589 3 0.0610 320 337 572 582 8 0.0609 303 479 558 716 5 0.0609 314 331 569 577 5 0.0608 303 197 560 428 6 0.0607 319 336 576 578 5 0.0606 297 471 558 718 2 0.0597 308 404 562 644 8 0.0593 318 337 566 575 5 0.0591 414 522 685 768 7 0.0590 380 348 639 587 8 0.0586 295 599 567 848 3 0.0585 367 416 623 653 7 0.0583 207 347 564 537 7 0.0581 246 593 511 850 0 0.0579 249 193 506 436 11 0.0579 364 416 622 645 6 0.0575 369 418 627 648 6 0.0574 255 197 507 425 6 0.0574 253 398 500 633 5 0.0572 191 196 439 425 6 0.0570 305 477 566 714 5 0.0570 244 392 495 632 5 0.0569 236 539 500 778 11 0.0567 416 530 689 770 5 0.0566 360 407 617 646 7 0.0562 200 201 444 430 11 0.0562 299 477 564 716 5 0.0562 336 600 619 837 13 0.0561 303 547 577 786 7 0.0561 250 397 502 635 0 0.0558 235 471 497 711 8 0.0557 248 397 495 631 13 0.0555 252 399 501 637 7 0.0555 305 477 568 719 3 0.0551 304 476 560 722 3 0.0551 251 398 495 639 2 0.0549 377 352 636 587 0 0.0548 344 605 618 844 10 0.0548 308 407 563 641 0 0.0547 252 1 502 224 13 0.0545 321 336 575 580 11 0.0542 195 208 444 425 10 0.0539 303 554 573 785 8 0.0538 365 415 618 647 2 0.0534 203 351 561 535 11 0.0530 287 602 577 843 7 0.0529 308 201 563 432 2 0.0528 421 533 686 770 11 0.0527 304 210 563 429 9 0.0525 299 545 571 783 3 0.0525 308 207 562 438 13 0.0525 367 414 628 651 5 0.0523 463 0 824 161 5 0.0523 233 651 510 901 8 0.0522 410 608 669 834 3 0.0522 419 531 687 779 10 0.0522 377 352 642 587 6 0.0521 361 543 633 787 2 0.0521 307 548 566 788 10 0.0519 199 352 566 535 0 0.0518 421 528 686 774 2 0.0511 238 475 496 711 7 0.0511 423 529 689 776 1 0.0510 315 333 571 577 13 0.0509 423 532 695 774 7 0.0509 309 664 582 913 10 0.0506 237 482 500 706 10 0.0506 418 534 694 769 7 0.0505 252 128 503 372 13 0.0505 311 202 570 432 6 0.0501 245 544 503 778
RCgwWgtOPADVtihM5bTCkOnP8Spbwhg1,5 0.0603 315 78 571 310 5 0.0594 377 142 637 376 11 0.0580 310 151 574 385 11 0.0570 444 85 702 322 3 0.0567 386 149 641 383 8 0.0565 384 149 638 376 0 0.0561 311 152 575 387 5 0.0553 371 0 637 191 13 0.0551 384 150 651 379 0 0.0549 386 81 641 307 8 0.0548 560 521 802 754 5 0.0546 440 77 700 323 13 0.0542 560 520 813 753 6 0.0541 322 149 579 384 11 0.0537 306 17 577 253 11 0.0537 380 226 641 450 7 0.0536 560 517 811 753 7 0.0533 386 219 638 455 3 0.0532 328 86 576 317 7 0.0530 326 84 575 313 6 0.0529 390 218 643 452 13 0.0528 324 211 587 454 11 0.0527 557 519 810 751 11 0.0527 553 2 825 194 0 0.0525 554 518 812 758 3 0.0524 452 83 703 332 3 0.0523 563 518 806 761 13 0.0522 497 0 764 199 6 0.0522 450 148 712 391 5 0.0521 312 205 577 449 0 0.0521 447 150 707 395 13 0.0520 448 82 708 325 7 0.0520 435 8 698 259 5 0.0519 510 151 760 401 5 0.0518 489 0 754 196 10 0.0517 384 152 645 378 3 0.0516 323 213 579 458 8 0.0516 324 86 568 308 13 0.0512 327 85 584 312 0 0.0510 428 2 696 193 0 0.0508 385 220 640 454 0 0.0508 305 20 575 254 8 0.0507 376 0 630 190 3 0.0507 432 0 691 198 6 0.0506 393 79 646 306 6 0.0505 315 18 580 252 11 0.0501 237 218 506 454 8 0.0500 321 217 575 451
cFqTvXjqXNLp0AVZm0gh0vxCp5VS0FYU,8 0.0588 246 141 503 374 5 0.0572 234 136 514 369 5 0.0571 166 197 437 435 8 0.0547 174 207 430 435 11 0.0546 239 145 511 367 3 0.0538 248 141 513 377 7 0.0535 243 135 519 370 11 0.0524 359 658 615 893 0 0.0509 242 137 516 373 11 0.0506 305 218 578 432
D21USRGWJ3V4N8AS0Wkv2gTOQxMaMiXk,11 0.0622 434 216 690 438 11 0.0621 432 340 693 579 5 0.0612 398 294 760 469 8 0.0607 437 216 682 438 3 0.0601 436 335 689 583 11 0.0595 495 276 751 514 8 0.0593 498 273 744 519 7 0.0592 442 278 696 516 11 0.0591 364 277 633 504 6 0.0588 442 280 695 515 8 0.0584 364 342 618 575 0 0.0583 495 273 746 518 3 0.0582 500 272 748 520 0 0.0579 564 204 814 438 0 0.0578 448 155 707 382 5 0.0577 502 331 746 578 13 0.0577 409 297 773 471 8 0.0574 566 202 806 436 0 0.0573 364 268 630 506 13 0.0569 437 339 695 582 8 0.0565 12 483 377 668 10 0.0564 434 339 690 578 11 0.0563 564 203 816 432 11 0.0558 530 353 903 538 6 0.0557 545 354 902 540 3 0.0556 367 271 631 509 7 0.0555 367 340 627 577 0 0.0553 8 483 389 673 0 0.0552 432 335 689 580 2 0.0551 442 284 691 513 3 0.0551 439 218 690 443 5 0.0550 300 337 563 576 5 0.0549 63 512 328 768 3 0.0549 545 353 903 544 7 0.0548 541 351 907 540 6 0.0547 370 342 630 577 10 0.0547 496 276 747 516 2 0.0545 535 295 896 468 0 0.0544 538 353 902 539 5 0.0543 10 408 377 593 7 0.0540 503 209 756 442 11 0.0538 303 345 570 577 8 0.0538 14 352 373 528 0 0.0536 305 341 563 577 7 0.0534 370 215 638 445 8 0.0533 564 326 823 576 10 0.0532 563 332 832 576 6 0.0529 501 213 757 437 11 0.0529 293 780 562 998 6 0.0527 25 413 397 591 13 0.0526 29 415 413 593 11 0.0526 18 415 395 590 9 0.0526 403 299 764 469 0 0.0526 562 395 810 642 12 0.0525 438 337 690 581 3 0.0522 307 342 566 587 7 0.0522 17 415 402 596 2 0.0520 504 343 750 580 10 0.0517 344 295 692 470 2 0.0517 503 216 751 437 7 0.0514 71 519 341 767 9 0.0514 432 338 689 577 2 0.0513 368 344 622 573 8 0.0513 311 266 567 508 12 0.0511 409 297 766 471 4 0.0509 499 278 753 518 11 0.0509 63 521 337 760 6 0.0508 372 221 643 443 11 0.0508 300 660 575 887
ruQhR6RWHf9MiQ6YQn3pD3r0FgRIYgNm,11 0.0587 367 150 615 377 6 0.0581 123 331 374 569 10 0.0578 378 81 633 317 0 0.0578 330 73 566 312 11 0.0574 193 805 448 1021 11 0.0572 374 2 642 187 8 0.0570 376 1 635 186 5 0.0567 114 328 361 571 3 0.0566 503 78 760 319 13 0.0565 492 12 761 248 3 0.0565 379 0 640 195 5 0.0563 372 74 630 309 8 0.0562 380 76 626 311 0 0.0561 188 330 437 574 13 0.0558 565 542 826 778 3 0.0555 383 266 632 514 13 0.0552 378 0 647 187 10 0.0550 374 3 646 190 5 0.0550 371 262 628 505 7 0.0549 192 328 438 570 5 0.0547 366 0 640 186 11 0.0547 187 334 441 569 8 0.0546 500 74 754 314 5 0.0546 188 804 441 1021 11 0.0542 376 270 632 508 8 0.0542 188 329 430 570 7 0.0540 383 214 627 450 8 0.0539 379 212 616 449 8 0.0539 194 802 438 1022 6 0.0535 381 78 637 313 0 0.0533 439 83 696 316 7 0.0533 446 81 699 320 2 0.0532 375 6 636 187 0 0.0530 514 332 764 571 0 0.0529 560 529 814 783 5 0.0529 492 73 759 310 8 0.0525 485 0 752 186 5 0.0525 243 253 489 497 7 0.0525 495 11 755 251 0 0.0523 489 16 753 250 11 0.0522 515 336 764 565 6 0.0520 382 268 635 507 7 0.0519 411 680 712 915 7 0.0519 378 0 646 190 13 0.0518 383 73 637 311 11 0.0518 245 264 499 499 11 0.0513 497 80 762 308 0 0.0513 370 2 643 190 2 0.0511 381 83 628 314 13 0.0511 485 618 770 843 6 0.0510 415 683 711 916 7 0.0509 480 615 763 844 6 0.0509 482 616 766 841 3 0.0509 383 77 629 319 11 0.0508 557 542 814 777 10 0.0507 496 77 765 312 8 0.0506 515 332 756 567 2 0.0506 377 217 621 449 0 0.0505 406 679 701 917 0 0.0505 193 806 447 1023 5 0.0504 362 534 629 776 5 0.0504 471 606 753 840 13 0.0503 517 336 769 568 7 0.0503 364 542 639 780 3 0.0502 521 332 762 575 6 0.0501 367 542 638 777 6 0.0501 521 334 767 567 11 0.0501 365 545 634 776
lQVQvX0waD15i94bSKGKIxjdgCdyOhtt,11 0.0523 424 790 682 1013 5 0.0519 489 793 740 1014 0 0.0517 567 460 819 692 11 0.0506 566 465 823 691
Lt35v5JCkYRzKvmPgCTZXNN2gYqOP9v1,7 0.0614 521 338 769 573 5 0.0599 513 391 768 632 11 0.0586 513 400 773 632 8 0.0584 516 340 762 574 3 0.0580 520 398 773 641 0 0.0575 574 399 825 636 5 0.0567 238 396 500 636 13 0.0562 246 401 510 642 6 0.0559 445 344 709 568 6 0.0558 572 339 835 569 5 0.0558 440 340 699 564 7 0.0555 444 392 701 632 8 0.0554 448 273 705 502 6 0.0552 316 340 578 572 0 0.0547 519 342 766 573 0 0.0544 386 336 637 573 9 0.0543 514 344 769 565 11 0.0539 445 345 706 564 5 0.0539 310 339 569 567 8 0.0535 387 337 634 570 11 0.0530 314 343 575 571 8 0.0528 384 448 631 687 10 0.0523 313 343 571 572 13 0.0522 521 398 776 635 6 0.0513 315 454 588 700 13 0.0512 379 13 638 249 2 0.0512 518 347 768 569 6 0.0507 248 402 508 638 0 0.0505 251 333 498 576 3 0.0504 446 344 706 575 2 0.0503 441 398 701 626 11 0.0502 238 402 505 640
jCNAr43e0re7b5fW3xCh7UxwhmmbpScf,5 0.0652 131 868 492 1020 8 0.0647 133 870 487 1022 10 0.0621 129 874 497 1023 7 0.0620 139 871 502 1023 0 0.0578 135 871 492 1023 2 0.0573 135 875 497 1023 11 0.0566 130 872 502 1022 13 0.0546 134 873 509 1023 6 0.0534 142 873 497 1022 9 0.0532 131 871 498 1022 7 0.0515 194 721 425 952 3 0.0508 140 872 495 1023 7 0.0504 316 475 565 698 13 0.0500 391 334 655 558
fvbCKe6RdOILQWdssk2fY3tXriBBLH04,11 0.0559 374 727 635 962 7 0.0545 401 387 646 630 5 0.0543 573 531 823 774 10 0.0538 373 726 631 967 7 0.0523 242 390 521 637 7 0.0522 580 532 829 781 7 0.0520 383 722 638 967 0 0.0517 376 718 632 970 11 0.0516 397 393 639 628 5 0.0515 371 715 626 964 0 0.0514 622 535 877 770 11 0.0514 572 533 825 775 8 0.0513 577 529 819 776 13 0.0512 622 540 884 771 6 0.0504 578 534 828 776
AVjpBJKYcnoRU9PEbgVxLJbbAKhaMFcx,11 0.0553 236 515 502 751 5 0.0530 380 211 627 434 11 0.0519 324 159 581 389 11 0.0517 236 400 508 636 0 0.0513 331 158 579 398 10 0.0511 382 221 634 437 6 0.0507 332 158 584 395 0 0.0506 261 214 510 450 7 0.0502 381 519 639 756 7 0.0502 305 591 573 817 5 0.0502 245 141 501 380
FsHMyVkUFW6jRslXBVHT3jkFqnOaxXin,11 0.0613 554 812 821 1018 5 0.0586 549 807 815 1021 8 0.0571 556 808 814 1023 8 0.0557 262 791 489 1022 11 0.0556 252 723 502 954 7 0.0526 557 810 827 1023 13 0.0521 555 815 831 1023 0 0.0521 554 813 823 1023 6 0.0518 561 817 825 1023 5 0.0517 254 791 492 1019 7 0.0507 259 719 503 961 0 0.0507 256 726 505 961
QtJcQE4oLoARjVKhTlodaxj562vRjCtM,11 0.0643 440 774 688 1006 7 0.0641 443 773 693 1010 5 0.0639 435 770 685 1003 0 0.0637 319 463 575 700 13 0.0634 258 738 517 964 13 0.0631 185 786 443 1012 0 0.0629 559 796 791 1023 11 0.0621 319 462 572 696 5 0.0617 314 457 568 697 11 0.0617 373 666 642 900 5 0.0615 176 781 433 1008 11 0.0614 510 698 764 917 11 0.0609 558 799 786 1018 8 0.0607 183 781 432 1008 3 0.0607 445 770 687 1014 7 0.0605 560 794 795 1023 11 0.0603 310 728 577 954 5 0.0595 308 774 564 1011 7 0.0586 319 459 576 697 7 0.0583 183 784 441 1011 5 0.0580 239 320 494 567 3 0.0575 319 774 566 1021 3 0.0573 378 664 642 906 13 0.0573 325 667 589 901 11 0.0572 252 665 518 893 13 0.0571 451 771 695 1011 11 0.0568 179 788 438 1008 8 0.0568 324 666 575 895 2 0.0567 321 468 574 699 7 0.0566 318 778 572 1014 5 0.0563 554 791 785 1019 8 0.0562 561 795 782 1021 11 0.0561 243 333 499 570 8 0.0560 515 693 760 919 3 0.0559 321 462 570 702 10 0.0559 367 735 624 967 7 0.0558 320 667 588 899 7 0.0557 512 693 770 921 13 0.0555 323 465 576 698 8 0.0555 317 459 568 701 8 0.0554 255 732 506 962 0 0.0553 372 662 638 905 3 0.0548 516 692 768 927 3 0.0547 562 796 788 1023 10 0.0547 254 738 513 958 6 0.0543 321 464 577 698 7 0.0541 251 325 496 569 6 0.0540 498 747 755 976 10 0.0540 318 465 569 698 5 0.0538 506 688 759 916 13 0.0538 563 793 795 1023 0 0.0534 178 782 435 1013 2 0.0533 445 773 689 1006 10 0.0533 244 336 497 566 0 0.0530 250 663 515 899 3 0.0530 248 329 494 575 13 0.0528 248 328 504 571 6 0.0528 182 786 438 1009 10 0.0521 179 787 435 1009 3 0.0521 185 782 434 1016 6 0.0519 247 325 500 566 10 0.0518 561 798 790 1019 0 0.0517 375 775 629 1020 1 0.0516 314 457 570 698 12 0.0512 323 465 575 701 8 0.0510 445 771 682 1007 10 0.0508 515 697 768 918 2 0.0505 559 800 786 1023 0 0.0505 244 325 495 571 2 0.0504 184 790 437 1014 5 0.0504 315 660 578 894 6 0.0502 375 667 644 900
3IkZhI94AHfFkt4fRbxzbPb1y4vWZTyU,7 0.0633 269 670 625 853 11 0.0627 374 654 636 898 0 0.0626 268 670 622 855 5 0.0615 258 667 617 853 8 0.0595 330 668 685 853 6 0.0593 381 652 638 901 7 0.0592 384 713 630 961 13 0.0578 269 672 631 852 5 0.0566 380 710 623 953 2 0.0556 266 673 620 853 8 0.0554 703 349 948 587 3 0.0551 268 671 623 858 10 0.0542 262 672 621 851 8 0.0534 386 715 622 958 0 0.0521 384 715 627 961 13 0.0505 389 715 632 959
MejaRNPiV3TJVGSVCEKOFJucCYD2y4G0,8 0.0614 401 290 736 478 0 0.0607 574 393 826 630 7 0.0604 400 288 747 483 5 0.0601 567 390 821 630 3 0.0600 446 267 702 520 8 0.0599 377 204 631 439 8 0.0595 511 328 760 572 0 0.0595 319 11 557 228 0 0.0591 322 283 683 472 5 0.0588 389 284 741 477 5 0.0587 452 349 810 539 5 0.0586 384 57 628 294 0 0.0584 575 272 832 509 7 0.0582 462 352 820 542 11 0.0581 394 291 746 478 3 0.0580 381 201 636 447 5 0.0579 319 217 689 398 7 0.0572 574 394 829 629 6 0.0572 579 335 832 577 0 0.0571 371 136 633 372 8 0.0571 571 396 819 628 3 0.0570 572 399 828 637 11 0.0568 575 339 832 572 11 0.0563 307 338 565 577 8 0.0561 576 269 824 507 6 0.0559 450 209 704 458 8 0.0556 310 277 558 507 8 0.0555 325 7 550 219 11 0.0553 372 141 634 369 6 0.0553 575 458 838 716 0 0.0546 512 203 763 455 3 0.0546 316 278 564 514 5 0.0542 306 269 561 504 8 0.0539 207 416 556 598 3 0.0539 578 273 831 515 3 0.0537 513 207 764 459 13 0.0536 335 219 704 401 11 0.0535 573 200 831 443 7 0.0535 442 386 708 639 6 0.0533 374 136 636 369 11 0.0524 315 8 560 223 0 0.0524 244 271 489 498 2 0.0522 332 222 687 400 10 0.0520 327 287 683 470 6 0.0520 315 334 565 576 13 0.0520 511 205 767 453 6 0.0517 445 328 698 581 5 0.0514 241 396 500 631 5 0.0514 492 0 758 202 6 0.0513 513 150 768 386 8 0.0513 438 388 695 634 5 0.0511 618 470 882 709 13 0.0510 572 397 833 630 6 0.0510 247 404 504 631 13 0.0510 219 353 574 538 5 0.0510 315 1 558 222 11 0.0508 253 140 508 368 11 0.0508 569 466 834 716 5 0.0508 397 422 746 605 11 0.0508 241 806 488 1023 8 0.0502 502 460 760 711
sXL8RdWGIQW0lykkh4sRB4yqo4v22C6r,11 0.0625 377 476 643 703 0 0.0615 515 408 768 650 11 0.0582 305 525 570 758 5 0.0582 275 476 637 662 7 0.0576 392 409 651 643 3 0.0572 386 408 646 648 11 0.0567 515 413 773 644 7 0.0565 522 408 773 650 0 0.0564 368 540 637 764 8 0.0559 312 520 558 761 8 0.0557 518 407 762 648 5 0.0557 230 397 490 627 6 0.0551 388 410 652 643 13 0.0544 517 410 776 648 6 0.0539 250 463 506 699 6 0.0538 517 412 774 648 11 0.0537 362 595 627 813 7 0.0533 373 538 641 764 5 0.0533 514 402 761 649 3 0.0529 522 410 772 655 5 0.0529 242 504 507 755 3 0.0528 318 466 575 705 0 0.0528 319 463 576 702 8 0.0528 385 406 640 644 5 0.0526 367 531 636 761 13 0.0524 221 479 578 665 10 0.0523 317 470 577 700 6 0.0523 374 539 645 763 0 0.0521 387 408 647 646 0 0.0516 571 297 838 532 3 0.0513 373 540 639 767 11 0.0512 207 481 572 664 13 0.0509 390 409 656 645
msvbEo9E9u7C3mWYvkadROlUwujAQtTo,8 0.0570 504 333 752 573 7 0.0565 457 659 713 911 7 0.0557 515 337 762 575 5 0.0545 602 462 877 695 7 0.0542 446 777 703 1016 6 0.0533 510 341 762 575 5 0.0532 444 653 704 906 11 0.0529 505 342 763 569 5 0.0524 504 330 753 573 5 0.0522 446 519 692 767 11 0.0518 373 795 623 1016 8 0.0516 612 472 872 699 7 0.0515 453 407 697 648 0 0.0514 383 668 633 908 0 0.0512 509 338 757 575 13 0.0509 615 474 895 700 11 0.0504 605 469 881 698
PXmSJFS67Kd9DHtMd919bLxLczuhL8yJ,0 0.0550 307 659 584 903 0 0.0549 247 573 516 824 8 0.0532 252 574 503 821 11 0.0529 299 793 558 1022 5 0.0526 370 663 629 897 5 0.0523 305 512 574 757 7 0.0522 177 327 431 571 5 0.0521 232 382 488 632 6 0.0520 180 326 431 568 7 0.0520 381 667 637 900 5 0.0518 234 714 511 951 11 0.0516 376 729 631 958 8 0.0514 305 792 552 1023 5 0.0514 362 782 617 1013 8 0.0507 315 659 573 902 0 0.0506 382 586 630 829 8 0.0506 314 515 566 757 13 0.0504 314 718 582 958
wspxUtvqNlOsgQfoXmY32olxlkTMD5kJ,0 0.0544 315 132 569 386 8 0.0536 108 798 361 1008 5 0.0535 243 249 508 493 8 0.0530 315 135 563 377 6 0.0529 330 69 588 309 5 0.0529 304 130 569 377 0 0.0520 114 798 371 1013 11 0.0518 104 798 373 1007 13 0.0513 330 69 592 316 3 0.0511 117 797 371 1017 11 0.0508 308 142 577 380 5 0.0508 110 788 367 1006
lefvGBEYHOps9SL8Kv9JhseG0wWrqjNz,7 0.0572 511 596 760 838 11 0.0566 318 528 581 769 7 0.0557 254 517 509 758 11 0.0530 501 597 754 830 13 0.0526 332 527 589 768 8 0.0523 253 518 498 758 13 0.0521 326 402 590 637 5 0.0515 503 590 753 829 0 0.0511 499 535 752 767 8 0.0510 759 0 1015 208 11 0.0506 317 341 585 574 5 0.0502 316 518 581 767
q9GdDo3wG3aP4qrYILsjj9umvJEeB6fH,14 1.0 0 0 1 1
d83h2LdKCcg84MdHSB69ATl325WWHv6u,11 0.0597 251 670 643 852 8 0.0596 456 388 685 624 11 0.0592 371 525 618 754 11 0.0583 455 391 692 624 8 0.0581 507 0 761 190 7 0.0578 306 527 550 765 5 0.0578 369 521 613 758 3 0.0575 377 527 621 768 11 0.0575 179 461 425 701 5 0.0571 398 0 760 146 8 0.0569 308 528 543 760 6 0.0563 308 523 550 758 8 0.0553 446 279 691 509 11 0.0551 427 1 697 194 6 0.0546 510 1 770 192 0 0.0544 304 521 545 763 11 0.0544 507 78 779 309 0 0.0542 457 394 689 626 7 0.0541 509 0 769 190 13 0.0540 440 204 707 430 0 0.0539 505 0 769 194 5 0.0534 439 278 687 508 0 0.0533 262 668 634 859 13 0.0531 411 1 773 149 10 0.0530 376 526 616 760 13 0.0528 306 525 555 762 6 0.0528 462 392 693 627 6 0.0527 442 203 699 432 6 0.0526 265 671 647 853 5 0.0525 229 509 479 744 0 0.0525 447 284 695 510 9 0.0522 300 524 546 752 8 0.0522 513 78 768 310 5 0.0522 256 666 635 852 8 0.0520 267 673 628 855 3 0.0519 234 521 483 752 3 0.0518 508 0 770 198 5 0.0516 504 72 774 308 10 0.0515 430 3 697 194 5 0.0512 451 386 687 626 10 0.0511 261 674 635 854 6 0.0510 186 462 431 699 13 0.0509 270 669 644 857 7 0.0508 188 457 431 700 11 0.0507 235 720 508 959 6 0.0506 518 77 781 310 8 0.0505 183 459 421 698
jzdREu4XddGd2un3gC8Cz6WjQyL23aGh,8 0.0568 392 286 641 514 0 0.0554 262 277 517 525 7 0.0550 393 287 651 519 11 0.0548 321 286 585 515 8 0.0547 252 336 495 578 13 0.0543 440 293 709 524 0 0.0538 326 149 601 395 7 0.0536 524 596 776 834 7 0.0535 307 330 570 571 11 0.0534 326 156 598 391 0 0.0533 254 545 511 776 8 0.0530 388 591 621 822 11 0.0528 243 341 502 573 8 0.0527 383 452 636 692 11 0.0526 423 229 698 453 0 0.0520 388 526 645 773 8 0.0516 267 220 518 456 5 0.0515 377 452 640 692 7 0.0509 333 215 595 452 0 0.0508 231 392 502 649 8 0.0508 447 521 694 768 5 0.0508 455 588 701 818 3 0.0507 442 294 700 533 6 0.0507 440 293 707 521 6 0.0505 329 219 598 448 5 0.0504 298 328 566 568
SSKo6HzvtfF0tpwrlwLEyImmAQZwJRXu,8 0.0603 569 139 828 388 0 0.0581 568 143 838 388 8 0.0578 168 450 418 698 5 0.0568 97 416 360 649 5 0.0563 560 312 822 546 8 0.0561 569 266 833 492 11 0.0547 578 211 841 443 3 0.0534 574 268 839 502 11 0.0529 159 460 431 693 8 0.0525 367 540 622 758 0 0.0524 562 392 819 619 5 0.0520 574 204 836 441 13 0.0519 574 143 845 389 6 0.0515 567 386 822 615 11 0.0515 561 319 830 542 0 0.0514 569 266 842 495 0 0.0508 160 458 428 701 7 0.0506 575 144 840 388 13 0.0506 164 455 438 700 6 0.0502 192 404 458 641
dlkS7mVLfjAfVX9BO1XZH11UhNTRbzzY,5 0.0588 414 0 764 146 11 0.0569 319 228 579 445 13 0.0556 259 345 509 570 11 0.0555 363 408 638 635 11 0.0547 241 287 498 504 5 0.0543 239 272 488 499 0 0.0540 244 280 493 508 8 0.0520 420 0 756 147 11 0.0519 415 3 775 145 8 0.0515 255 345 493 568 7 0.0515 373 406 648 641 7 0.0514 254 342 506 570 3 0.0513 372 405 640 644 7 0.0508 425 0 773 148 8 0.0505 320 225 569 447 6 0.0504 478 0 832 150 3 0.0501 425 0 768 150
VfyvG8z8gNbu2qKK0nZ36nYtZXIkHZdD,11 0.0597 718 404 969 639 5 0.0587 193 772 437 1008 7 0.0573 199 773 441 1013 8 0.0571 140 775 369 1006 11 0.0569 371 733 628 964 0 0.0558 144 724 379 957 0 0.0553 309 581 566 819 8 0.0549 313 583 558 816 11 0.0549 192 726 442 945 13 0.0549 201 777 447 1014 8 0.0537 767 471 1012 712 0 0.0537 371 727 626 969 8 0.0537 310 725 553 966 11 0.0536 765 478 1018 703 3 0.0536 197 776 438 1017 7 0.0531 307 651 566 885 0 0.0531 718 402 963 643 8 0.0529 716 403 957 645 7 0.0529 376 728 631 965 10 0.0519 199 780 437 1011 3 0.0519 312 727 563 972 10 0.0517 308 727 562 963 6 0.0516 200 778 442 1010 11 0.0516 300 657 563 884 7 0.0507 571 201 826 439 8 0.0506 564 206 810 437 5 0.0504 303 723 559 961 11 0.0503 567 207 820 440 13 0.0501 569 270 820 507
GqDBYlnRcTkoZSFvNMzlYDFrToiWsE8k,11 0.0558 237 394 513 626 5 0.0553 298 275 561 500 3 0.0546 311 279 568 514 11 0.0546 305 285 570 507 0 0.0537 310 135 570 376 11 0.0531 362 350 628 562 5 0.0529 301 131 563 370 6 0.0529 309 207 567 431 6 0.0521 244 392 512 632 5 0.0521 235 386 506 624 3 0.0520 364 348 630 571 0 0.0519 247 207 501 439 0 0.0516 241 393 509 630 0 0.0514 308 282 567 509 6 0.0512 367 462 631 695 8 0.0509 310 404 565 634 5 0.0508 239 195 497 432 8 0.0506 313 283 561 507 8 0.0501 359 515 607 756
2Wr2uS4nycffOcR7jpG3nXYrXpfoxOIu,0 0.0628 565 388 822 618 0 0.0625 525 285 762 514 11 0.0618 415 356 788 534 7 0.0602 462 331 707 575 11 0.0599 468 417 840 596 5 0.0597 452 274 704 507 8 0.0595 457 270 703 511 0 0.0587 390 270 647 507 11 0.0586 633 468 883 695 11 0.0586 442 210 711 435 5 0.0585 623 588 876 827 11 0.0575 386 271 648 502 5 0.0574 511 148 763 368 5 0.0573 615 716 881 954 3 0.0573 520 336 759 572 0 0.0569 315 214 587 450 0 0.0566 445 208 707 439 6 0.0558 427 355 794 533 7 0.0554 449 210 713 441 5 0.0554 371 202 645 434 5 0.0552 556 318 807 551 5 0.0549 629 464 877 696 5 0.0547 386 337 635 570 6 0.0544 479 414 841 597 7 0.0541 392 272 649 507 5 0.0539 0 27 222 271 10 0.0539 569 326 813 550 11 0.0538 513 150 769 371 13 0.0537 425 354 794 537 13 0.0536 393 273 656 509 0 0.0534 628 596 882 830 8 0.0533 393 337 632 576 0 0.0533 619 724 889 960 13 0.0532 634 594 887 833 11 0.0528 680 597 949 844 5 0.0528 465 411 829 593 10 0.0528 460 280 712 509 2 0.0527 448 216 712 439 8 0.0526 569 387 818 618 7 0.0523 624 720 888 960 0 0.0521 3 34 222 278 13 0.0521 626 724 896 957 8 0.0520 631 590 872 827 3 0.0516 394 341 642 580 13 0.0516 456 390 704 634 0 0.0516 188 314 450 550 10 0.0515 642 412 886 634 7 0.0514 630 594 883 834 0 0.0514 713 463 952 691 11 0.0514 310 212 587 446 8 0.0514 620 719 876 954 7 0.0513 395 402 642 638 6 0.0512 323 296 593 524 2 0.0510 517 341 761 567 13 0.0509 452 210 721 438 11 0.0509 614 724 885 949 6 0.0508 385 204 657 439 13 0.0508 483 474 840 662 10 0.0506 712 472 953 686 3 0.0505 452 134 705 371 0 0.0505 563 217 816 439 3 0.0503 637 466 881 705 8 0.0503 562 262 805 497 13 0.0501 393 461 648 701 6 0.0501 523 148 771 373 11 0.0501 387 462 642 691
Dn1mAS2MSArJ9vzN3Y68Ki4YYDYB1mKF,0 0.0628 178 594 438 835 7 0.0599 132 669 516 852 5 0.0593 125 666 510 849 0 0.0591 251 531 505 765 8 0.0590 208 612 562 796 8 0.0578 258 457 504 695 7 0.0574 179 523 434 765 11 0.0570 172 598 438 827 7 0.0564 263 453 514 695 8 0.0562 133 668 501 849 10 0.0561 114 600 370 829 7 0.0560 211 612 577 797 0 0.0543 106 527 377 771 3 0.0543 131 671 510 853 6 0.0538 119 650 374 891 5 0.0532 246 531 499 759 8 0.0531 178 525 427 763 6 0.0526 177 595 442 827 10 0.0526 206 616 576 796 11 0.0522 256 460 508 693 13 0.0519 251 592 516 830 10 0.0513 176 531 435 764 2 0.0510 178 600 435 833 3 0.0508 211 614 571 801 7 0.0501 334 335 588 571
Y220raQOODb2DD0N5UFJHzr0sPv65UDu,11 0.0623 140 1 490 142 0 0.0587 135 0 490 147 6 0.0586 502 275 762 510 0 0.0584 305 6 568 256 5 0.0582 130 0 479 141 5 0.0576 495 269 753 511 8 0.0564 497 336 749 573 8 0.0563 142 0 481 144 11 0.0561 244 16 504 247 6 0.0553 427 332 689 565 3 0.0546 500 340 753 582 13 0.0539 499 338 758 574 0 0.0537 442 136 707 389 8 0.0536 316 85 563 321 0 0.0536 498 275 756 513 6 0.0533 440 211 702 446 0 0.0532 372 80 634 324 8 0.0525 507 220 756 454 7 0.0524 500 338 758 577 6 0.0520 211 0 567 147 11 0.0519 495 340 757 573 13 0.0515 309 0 574 249 8 0.0515 254 17 497 250 13 0.0512 142 0 503 145 5 0.0511 296 0 557 251 7 0.0507 138 0 495 144 3 0.0506 437 10 697 262 7 0.0506 431 280 696 511 13 0.0505 425 401 693 635 5 0.0502 427 5 687 256 8 0.0501 424 278 686 511 3 0.0500 428 283 695 518
8MO4epuI6ATgJ4zV7XzNhsbsRjUH1wv9,11 0.0603 381 399 643 628 3 0.0592 385 396 644 634 5 0.0580 378 390 637 627 0 0.0568 309 321 568 559 5 0.0564 302 316 566 556 6 0.0563 386 396 644 631 3 0.0560 311 455 570 691 13 0.0560 318 395 577 639 7 0.0557 309 449 570 689 7 0.0553 388 393 642 627 6 0.0546 317 318 571 560 3 0.0546 312 322 568 563 0 0.0545 383 394 641 628 8 0.0542 386 396 632 630 0 0.0542 305 452 570 689 0 0.0541 768 257 1020 518 11 0.0539 304 456 570 684 13 0.0538 772 261 1023 518 8 0.0532 769 259 1012 518 5 0.0531 304 447 569 686 6 0.0531 313 452 574 685 8 0.0531 310 319 561 560 5 0.0530 760 198 1013 445 0 0.0528 376 520 647 766 8 0.0528 312 452 561 687 11 0.0522 756 203 1017 447 11 0.0519 375 522 649 759 11 0.0513 307 323 569 559 8 0.0512 379 518 638 761 2 0.0507 316 396 569 631 2 0.0502 770 265 1021 513
kWP7blAVLtIrxbSrIMWL5QBGOfU0qXYJ,5 0.0584 106 338 365 564 11 0.0554 174 790 439 1014 8 0.0535 703 90 935 328 8 0.0529 119 278 376 508 0 0.0527 199 155 457 387 11 0.0521 107 346 370 565 6 0.0514 117 343 376 570 13 0.0511 114 341 378 569 0 0.0509 118 206 381 433 7 0.0506 110 340 376 571 5 0.0504 111 202 376 431 3 0.0503 113 343 371 572
emRTxpQgKDNfpyEBhAp5awfEd9zYzBxM,11 0.0606 639 3 1021 142 5 0.0599 633 0 1019 144 6 0.0587 639 0 1023 141 8 0.0572 496 0 868 144 3 0.0571 642 3 1019 147 2 0.0556 501 3 882 147 11 0.0554 318 604 579 829 0 0.0552 643 2 1018 144 13 0.0548 643 0 1023 146 7 0.0537 641 0 1021 142 6 0.0525 322 480 566 702 11 0.0508 2 548 246 774 0 0.0506 3 544 238 790
r4oKnQ8ZgNpyhCITDMmszu0x5VbdgZFs,11 0.0621 321 401 583 646 11 0.0615 392 326 650 559 3 0.0610 398 322 642 567 11 0.0604 385 519 637 758 0 0.0599 250 400 519 642 11 0.0590 577 340 831 566 0 0.0588 0 40 243 275 0 0.0580 320 326 584 569 5 0.0573 314 324 576 562 8 0.0570 1 39 237 267 11 0.0565 307 268 584 499 3 0.0565 329 395 582 657 5 0.0560 444 270 698 490 8 0.0558 394 323 641 562 13 0.0555 326 399 588 651 7 0.0551 517 783 767 1021 8 0.0551 326 396 576 652 3 0.0550 312 264 579 507 0 0.0546 445 273 700 494 0 0.0545 571 288 824 511 8 0.0545 389 517 629 759 3 0.0544 530 337 772 577 0 0.0544 385 522 635 763 8 0.0540 251 463 497 710 6 0.0538 324 327 589 569 11 0.0538 0 40 246 270 11 0.0537 248 469 507 705 0 0.0537 303 201 572 445 8 0.0534 313 266 571 503 6 0.0531 259 403 524 641 5 0.0529 245 398 514 638 7 0.0527 398 327 648 565 8 0.0525 525 336 767 572 7 0.0524 258 402 519 643 5 0.0524 0 33 242 275 6 0.0523 455 272 705 492 5 0.0523 295 199 566 443 9 0.0523 387 329 645 554 7 0.0519 526 337 775 572 13 0.0519 400 326 653 562 5 0.0518 576 334 825 563 11 0.0513 435 597 710 825 10 0.0512 319 457 569 710 8 0.0509 247 333 510 576 7 0.0507 318 264 583 503 13 0.0505 248 333 522 577 11 0.0504 638 420 895 651 2 0.0503 397 334 640 559 5 0.0502 381 514 629 758 9 0.0500 444 274 701 489
4MoQsMJOYebmLnXIixLSa15GvgQ0MGXx,8 0.0558 318 2 579 196 5 0.0540 388 0 648 200 13 0.0531 396 0 657 203 11 0.0519 387 2 653 199 11 0.0505 365 396 640 631 0 0.0502 274 0 634 150
EvmBnaJ8eyFcUB3qEu3MGXGw6Lh2617U,8 0.0614 132 216 383 446 11 0.0602 178 338 449 581 8 0.0600 137 86 374 322 8 0.0579 577 589 812 824 8 0.0576 185 331 434 587 0 0.0569 184 336 446 585 11 0.0562 637 506 886 731 5 0.0556 122 81 376 316 13 0.0555 184 334 452 586 7 0.0552 185 334 448 583 6 0.0550 187 337 451 584 5 0.0540 121 219 391 447 0 0.0539 625 590 875 805 3 0.0533 184 398 438 662 8 0.0533 196 140 444 374 5 0.0522 174 393 433 651 0 0.0522 184 215 461 442 11 0.0511 255 61 518 299 6 0.0509 577 593 823 822 3 0.0509 133 224 393 453 0 0.0508 131 87 384 319 8 0.0508 248 206 505 444 10 0.0507 127 88 380 315 5 0.0505 241 329 500 572 11 0.0504 126 226 394 443 13 0.0502 129 86 392 322 13 0.0500 130 220 402 447
UPrHvSACScuWo8NaJjGeWQcA3P2JCfh6,7 0.0570 365 724 629 963 8 0.0566 363 730 613 963 11 0.0565 355 732 624 963 0 0.0532 361 723 622 965 5 0.0516 357 725 618 963 0 0.0514 123 781 380 1009
j0D5AKGPXnV3IYQX4TTMYyGMG4iKkhDJ,5 0.0581 661 412 1015 596 11 0.0579 671 417 1019 598 6 0.0568 734 350 969 577 7 0.0567 192 266 446 506 5 0.0566 181 266 440 504 5 0.0560 635 327 888 567 11 0.0553 185 272 449 504 13 0.0550 264 398 533 644 3 0.0550 650 276 905 515 0 0.0550 679 417 1019 599 5 0.0548 231 463 504 699 0 0.0547 641 332 895 573 13 0.0544 195 269 452 514 8 0.0544 518 332 751 565 5 0.0543 253 331 521 557 0 0.0543 189 270 444 512 11 0.0538 710 286 972 508 0 0.0538 513 330 753 566 5 0.0538 192 12 446 249 8 0.0532 190 264 437 513 8 0.0527 680 414 1008 601 11 0.0525 258 335 524 559 0 0.0524 257 332 520 565 11 0.0522 639 212 908 437 7 0.0520 718 350 974 578 11 0.0520 514 336 756 562 8 0.0517 244 463 497 701 8 0.0515 645 332 884 571 3 0.0514 680 417 1021 606 10 0.0512 262 341 520 561 7 0.0509 522 330 757 563 11 0.0508 356 603 621 848 0 0.0507 361 603 621 852 13 0.0506 649 408 902 642 8 0.0506 391 1 638 189 0 0.0506 720 288 969 518 3 0.0506 258 403 528 650 7 0.0506 263 331 526 561 8 0.0505 262 331 513 566 6 0.0505 192 268 451 509 8 0.0505 199 20 437 248 6 0.0502 648 402 898 638 11 0.0501 238 470 506 704 6 0.0500 523 331 761 563
L3HaEmMR4topd56SRAHF8wLMHeMdkTjl,5 0.0622 695 410 954 646 7 0.0618 313 779 567 1021 8 0.0611 417 458 677 699 8 0.0610 215 870 576 1023 5 0.0606 198 798 563 980 0 0.0599 211 871 582 1023 11 0.0593 690 415 963 647 0 0.0592 697 410 956 654 7 0.0589 380 720 636 958 11 0.0585 430 396 694 626 8 0.0576 303 351 631 540 0 0.0575 627 340 880 583 6 0.0574 636 339 886 580 3 0.0573 432 395 691 634 11 0.0573 625 338 883 578 8 0.0573 631 339 874 583 11 0.0572 310 782 565 1020 7 0.0572 373 390 638 634 5 0.0566 623 339 880 580 8 0.0566 378 721 624 959 0 0.0559 372 394 637 634 11 0.0556 372 723 630 957 13 0.0555 315 785 569 1023 3 0.0555 316 780 567 1023 11 0.0554 304 336 584 568 6 0.0554 705 415 958 651 13 0.0553 635 338 886 581 10 0.0550 312 786 564 1021 3 0.0548 634 341 880 588 0 0.0548 372 718 630 963 0 0.0546 621 474 876 714 11 0.0545 498 463 770 699 5 0.0542 428 391 689 626 7 0.0540 629 340 884 582 11 0.0539 614 471 880 707 5 0.0537 759 186 1018 440 10 0.0536 375 724 632 959 13 0.0534 504 464 776 698 8 0.0533 762 190 1001 443 11 0.0532 758 194 1019 441 6 0.0528 219 872 582 1023 13 0.0528 431 396 702 629 7 0.0526 130 812 499 991 8 0.0525 700 413 949 651 3 0.0524 196 789 445 1023 7 0.0523 700 415 962 648 11 0.0519 193 788 443 1019 5 0.0519 616 470 874 712 3 0.0519 379 720 632 964 13 0.0517 199 790 448 1023 7 0.0517 242 382 504 631 5 0.0515 371 719 628 957 6 0.0515 766 190 1017 443 8 0.0514 255 726 500 962 5 0.0513 230 383 498 628 2 0.0509 633 345 881 580 11 0.0507 229 392 501 631 10 0.0503 632 344 883 581 6 0.0503 625 476 881 712 13 0.0501 766 191 1023 444 2 0.0500 763 196 1014 443
CYuuNNubLF40gz5STpu8ZKxjWvL59WDO,11 0.0550 551 453 724 811 0 0.0547 375 464 628 701 11 0.0544 568 780 817 1013 5 0.0543 239 460 500 694 11 0.0542 314 521 568 760 11 0.0535 314 335 579 563 11 0.0528 435 470 696 699 7 0.0526 389 515 639 760 11 0.0523 244 462 502 693 5 0.0522 251 330 518 571 11 0.0521 375 585 641 826 8 0.0520 553 448 716 814 6 0.0520 441 464 704 704 5 0.0518 323 261 580 494 5 0.0517 372 573 634 831 0 0.0516 445 586 694 830 5 0.0514 365 721 629 964 5 0.0513 374 459 628 697 0 0.0512 315 330 580 567 13 0.0510 572 786 824 1018 0 0.0510 552 455 723 821 11 0.0505 438 273 702 500 7 0.0504 450 581 702 830 8 0.0503 583 347 843 574 5 0.0503 576 342 848 569 11 0.0502 183 333 455 578
0ZtFcx3d4mknwSyoghOzJbFZbiaecwDf,5 0.0662 241 144 503 383 5 0.0658 181 75 438 318 11 0.0639 145 1 512 154 8 0.0631 145 0 505 153 0 0.0619 241 81 502 325 11 0.0601 243 148 506 382 7 0.0597 244 82 508 325 8 0.0596 190 79 435 323 8 0.0595 315 83 572 322 5 0.0593 137 0 506 152 13 0.0590 246 10 513 257 6 0.0588 247 10 511 255 11 0.0585 184 80 443 317 3 0.0585 254 145 508 389 5 0.0585 307 78 578 316 8 0.0584 248 148 499 388 10 0.0580 185 86 443 322 0 0.0579 146 0 515 155 10 0.0574 246 157 506 381 3 0.0571 247 10 509 259 6 0.0570 252 148 508 386 11 0.0568 309 84 583 317 13 0.0564 319 82 592 318 13 0.0563 253 147 514 385 10 0.0558 243 16 506 254 9 0.0549 243 9 506 251 6 0.0540 320 82 584 318 13 0.0537 193 79 450 324 7 0.0532 148 0 517 154 3 0.0532 320 82 581 325 12 0.0527 245 9 508 257 2 0.0524 147 1 507 154 3 0.0524 195 78 445 327 11 0.0523 185 663 442 891 0 0.0522 194 662 439 895 6 0.0522 187 77 448 326 10 0.0519 316 89 588 314 8 0.0518 187 660 432 894 4 0.0517 247 13 510 254 1 0.0513 240 6 507 254 2 0.0510 242 88 500 325 12 0.0502 252 148 508 383
sHhXpRLIRRjZ2Bjgz086hVHbYFFawWni,0 0.0585 309 143 567 383 11 0.0550 309 14 562 249 5 0.0542 309 205 564 436 11 0.0542 308 142 569 381 13 0.0540 322 10 570 250 13 0.0540 450 0 721 239 6 0.0539 367 152 633 378 8 0.0530 313 142 560 379 0 0.0529 382 4 641 244 7 0.0527 368 151 636 381 5 0.0525 315 67 573 302 3 0.0524 331 71 576 314 8 0.0522 179 0 434 192 11 0.0517 253 595 501 840 11 0.0513 171 4 448 190 0 0.0510 176 0 447 196 7 0.0509 386 6 649 246 8 0.0509 320 6 551 249 5 0.0508 171 0 437 192 11 0.0508 367 615 629 849 7 0.0507 243 540 486 787 13 0.0504 318 143 579 383
C1JzrviHsYR0hhAtcjGwSi2qp9p2i17x,3 0.0607 460 281 711 516 5 0.0588 573 260 828 494 5 0.0587 448 274 706 506 11 0.0580 453 280 709 508 5 0.0579 506 782 763 1015 3 0.0573 398 220 657 452 0 0.0558 396 215 652 448 8 0.0552 514 270 757 502 11 0.0548 569 264 835 494 0 0.0547 508 19 767 247 5 0.0542 504 129 765 368 13 0.0541 458 278 716 509 2 0.0539 456 226 718 442 7 0.0537 516 795 776 1019 11 0.0536 508 16 770 240 7 0.0534 400 212 657 447 11 0.0532 392 218 651 446 7 0.0531 458 275 716 512 11 0.0529 572 135 837 363 5 0.0527 505 11 763 244 2 0.0521 507 139 774 366 3 0.0516 516 790 767 1021 6 0.0512 456 277 714 511 0 0.0512 248 200 496 449 8 0.0510 581 549 809 767 8 0.0509 512 15 760 246 6 0.0508 515 795 771 1015 13 0.0507 513 16 773 248 2 0.0507 511 22 771 246 6 0.0505 328 217 584 446 0 0.0504 507 139 772 369 13 0.0504 399 216 661 448 8 0.0503 322 215 571 448 0 0.0502 391 73 653 295 0 0.0501 573 269 836 495
pxIUBK89emyXOUHmMAfvVRbnUlY6dRiB,11 0.0519 393 536 631 761 11 0.0517 504 405 750 638
Bq8cJ9TBYb1kOvyFht4roq2tBIgEXHuk,5 0.0657 179 645 434 893 0 0.0650 184 646 438 898 11 0.0648 123 646 377 889 7 0.0636 128 645 376 891 8 0.0614 184 646 434 896 10 0.0607 180 650 439 894 6 0.0589 181 650 442 896 3 0.0581 126 645 373 895 13 0.0564 128 644 381 892 11 0.0558 0 533 257 765 2 0.0536 184 652 438 895 9 0.0517 121 645 376 887 1 0.0508 122 642 376 891
c5SS7juaWHPDyRUv9iedaxl8y73kKahV,11 0.0595 435 625 704 845 11 0.0594 364 669 630 901 7 0.0590 367 667 632 901 0 0.0586 431 725 688 959 0 0.0585 435 620 705 856 8 0.0571 379 717 619 957 5 0.0565 363 662 623 901 7 0.0561 436 727 694 956 5 0.0560 428 724 685 954 3 0.0559 367 667 628 909 11 0.0549 434 730 688 953 3 0.0546 438 727 689 960 7 0.0545 443 619 710 852 10 0.0544 363 670 625 903 6 0.0530 435 729 691 955 6 0.0529 441 623 709 849 10 0.0516 430 729 689 957 13 0.0505 381 721 631 962 11 0.0502 1 1 266 201
uA7NMBjjND6JwZtKgSLlOeUbQ671LO9K,5 0.0617 493 790 734 1021 7 0.0598 375 789 626 1023 0 0.0598 497 792 737 1023 7 0.0597 503 791 743 1023 11 0.0594 370 792 620 1019 5 0.0593 367 789 616 1020 8 0.0583 438 785 678 1023 0 0.0578 434 716 686 953 0 0.0577 370 789 622 1023 11 0.0573 329 670 698 859 11 0.0559 383 473 759 661 11 0.0557 322 535 685 727 3 0.0557 376 793 622 1023 0 0.0553 391 474 750 664 11 0.0550 496 795 737 1018 0 0.0545 328 534 680 731 10 0.0537 371 796 621 1021 0 0.0536 387 594 748 797 3 0.0531 500 794 737 1023 11 0.0528 430 719 685 948 7 0.0525 438 716 689 953 5 0.0525 329 668 684 861 5 0.0523 429 714 675 950 13 0.0523 376 795 629 1023 8 0.0520 329 536 670 730 7 0.0519 326 388 586 624 5 0.0518 317 458 573 691 6 0.0513 323 460 583 692 7 0.0506 334 601 693 799 3 0.0504 437 718 681 955 3 0.0503 325 396 580 630 8 0.0503 337 669 679 862 13 0.0502 499 797 745 1023 8 0.0500 372 728 615 964
45JIrdwGIWQu8vkZKIZWgFMozO9a6Zo2,11 0.0623 431 595 693 834 0 0.0613 432 598 695 837 11 0.0604 442 465 701 699 8 0.0598 375 527 633 770 8 0.0589 430 603 688 833 7 0.0580 450 528 706 772 0 0.0579 375 527 638 770 5 0.0571 445 526 697 771 5 0.0559 369 467 631 710 7 0.0556 397 672 765 853 8 0.0554 445 467 694 703 5 0.0553 499 593 751 839 10 0.0552 374 477 635 711 13 0.0551 451 533 708 771 0 0.0549 445 461 702 703 3 0.0548 449 464 702 706 11 0.0547 304 598 573 826 6 0.0545 507 599 759 841 6 0.0544 447 465 704 705 8 0.0541 303 600 568 831 0 0.0538 301 598 575 832 10 0.0538 447 536 701 770 3 0.0534 434 599 693 841 11 0.0534 573 598 825 827 5 0.0533 362 594 621 838 2 0.0530 449 535 702 768 5 0.0526 306 524 565 772 8 0.0522 381 403 629 642 7 0.0521 379 469 639 711 6 0.0521 380 526 646 772 2 0.0520 367 604 629 840 8 0.0519 313 472 564 711 13 0.0509 308 598 584 833 9 0.0508 445 532 705 768 10 0.0507 363 604 626 839 6 0.0504 307 599 578 831 13 0.0503 384 404 646 643
Rizp6H0RbDO22qVaPrfK8LJk6FRcaJKA,5 0.0694 182 780 436 1017 8 0.0667 124 774 372 1021 0 0.0655 187 715 433 953 8 0.0652 309 781 549 1023 7 0.0649 145 799 492 979 5 0.0644 239 707 494 952 11 0.0634 122 779 377 1016 6 0.0625 187 785 440 1018 7 0.0624 309 784 558 1023 10 0.0619 127 724 376 959 8 0.0614 143 744 491 918 3 0.0609 244 710 497 958 5 0.0609 302 781 551 1019 10 0.0605 184 787 437 1014 0 0.0601 309 786 557 1023 7 0.0599 302 662 560 896 11 0.0593 141 746 502 914 11 0.0589 307 787 555 1019 0 0.0589 123 779 375 1020 10 0.0579 240 717 496 950 6 0.0574 141 746 505 918 13 0.0572 124 780 382 1021 2 0.0563 187 785 438 1017 3 0.0561 310 785 558 1023 3 0.0546 132 722 376 966 13 0.0546 142 743 509 920 9 0.0543 128 723 379 960 2 0.0540 243 716 496 953 13 0.0540 311 786 561 1023 6 0.0538 308 792 558 1023 10 0.0531 308 790 558 1021 12 0.0530 188 781 437 1018 9 0.0526 240 714 497 951 1 0.0526 138 742 493 918 12 0.0524 144 744 500 917 2 0.0523 129 726 374 962 9 0.0521 306 789 555 1021 0 0.0517 374 587 624 836 2 0.0515 307 790 558 1023 1 0.0506 183 779 436 1018
W5v2OqgGCaLqtHiJBlYOuYivhE3rnznt,5 0.0686 559 340 819 558 5 0.0684 511 270 763 496 5 0.0646 443 326 699 547 5 0.0646 301 270 565 521 11 0.0646 381 327 645 555 11 0.0639 373 209 633 441 7 0.0638 317 335 577 573 11 0.0624 312 386 573 629 3 0.0621 388 326 640 562 5 0.0620 373 201 627 443 0 0.0619 569 220 819 451 0 0.0618 377 269 631 511 3 0.0611 317 382 572 635 13 0.0609 389 328 648 558 11 0.0603 508 339 772 550 8 0.0601 378 269 627 513 7 0.0600 383 268 637 509 5 0.0598 308 376 569 629 6 0.0598 449 340 713 551 10 0.0597 377 274 635 510 8 0.0596 509 334 763 558 7 0.0592 253 393 508 632 7 0.0584 453 333 706 552 6 0.0583 571 350 832 559 8 0.0581 568 414 812 632 3 0.0579 513 338 773 562 6 0.0576 314 212 580 452 10 0.0576 446 339 706 549 7 0.0572 394 385 644 622 2 0.0565 446 282 698 505 3 0.0562 641 342 890 571 8 0.0561 248 336 501 581 13 0.0561 522 215 768 439 11 0.0559 564 416 821 627 13 0.0557 317 386 577 634 2 0.0556 380 212 630 441 6 0.0556 319 335 581 574 0 0.0554 513 148 756 383 0 0.0552 389 389 644 623 3 0.0551 380 206 629 451 11 0.0550 568 222 822 442 5 0.0549 751 129 1018 380 0 0.0546 313 332 575 573 6 0.0546 575 225 825 446 7 0.0545 320 444 574 698 6 0.0545 394 391 648 622 0 0.0545 448 335 707 554 13 0.0544 519 342 779 552 10 0.0537 315 343 578 573 8 0.0536 381 140 628 384 0 0.0534 313 445 570 698 7 0.0533 252 269 506 518 0 0.0532 383 141 634 386 13 0.0529 379 207 639 439 11 0.0526 515 152 761 376 2 0.0526 314 340 574 574 11 0.0525 639 339 892 555 8 0.0522 515 208 749 441 0 0.0520 249 392 505 632 3 0.0520 573 415 817 637 9 0.0520 310 339 574 565 7 0.0519 572 417 822 635 13 0.0518 575 424 828 631 11 0.0516 697 412 969 635 8 0.0513 639 210 877 442 13 0.0512 581 285 840 501 11 0.0509 244 449 506 693 1 0.0507 311 381 569 630 6 0.0507 650 403 905 631 10 0.0506 515 280 768 497 12 0.0506 319 337 577 572 7 0.0506 519 274 771 497 9 0.0506 439 337 703 544
ZRTEr6A9gAuuSqTNMKxlAOuFAdTgiFCo,11 0.0574 204 402 570 585 11 0.0563 443 658 705 889 0 0.0554 383 526 640 780 7 0.0551 177 454 435 705 5 0.0551 382 1 638 248 11 0.0545 378 11 643 244 11 0.0539 383 524 641 773 11 0.0538 380 401 644 640 11 0.0535 641 278 898 508 0 0.0534 444 659 707 897 7 0.0533 280 347 639 540 3 0.0533 212 406 573 593 8 0.0532 449 659 701 889 5 0.0531 171 451 430 702 13 0.0530 380 786 643 1020 11 0.0530 373 791 631 1019 5 0.0530 202 399 563 587 11 0.0529 233 447 504 707 7 0.0529 448 659 713 893 6 0.0523 180 457 435 707 11 0.0523 318 260 597 494 6 0.0523 256 389 521 647 5 0.0523 443 652 702 892 10 0.0522 449 661 708 893 11 0.0520 690 355 949 566 5 0.0519 695 462 959 691 0 0.0515 497 336 743 566 8 0.0514 385 11 637 245 3 0.0513 452 659 708 897 5 0.0512 427 780 684 1017 7 0.0512 442 786 701 1020 0 0.0509 260 327 517 577 0 0.0509 378 403 641 648 0 0.0509 305 453 562 714 3 0.0509 392 7 645 255 0 0.0509 383 10 645 248 13 0.0508 494 788 755 1017 7 0.0506 453 275 704 515 10 0.0506 388 15 649 246 0 0.0505 435 786 695 1019 13 0.0505 306 452 569 715 13 0.0505 312 584 585 842 3 0.0503 268 268 531 517 0 0.0502 308 583 575 843 6 0.0502 392 9 648 249 8 0.0502 644 328 876 575 13 0.0501 213 403 579 591
DkfBq7gTqZq0l21BtmX9h3eckKkDrR2R,8 0.0605 393 198 664 433 5 0.0564 188 451 429 681 7 0.0564 264 395 494 630 0 0.0564 576 211 839 447 8 0.0563 393 81 647 313 5 0.0563 447 132 712 376 11 0.0561 398 198 673 432 0 0.0558 638 154 898 378 5 0.0556 254 392 492 633 11 0.0556 640 153 899 377 3 0.0551 531 85 792 318 8 0.0547 576 139 841 372 0 0.0535 260 321 500 571 11 0.0534 575 211 838 442 5 0.0533 568 140 849 366 11 0.0533 256 398 494 628 3 0.0530 591 20 843 245 0 0.0527 195 455 427 683 5 0.0526 388 6 641 247 11 0.0526 587 79 851 311 6 0.0525 462 137 721 379 11 0.0523 456 82 720 313 0 0.0520 397 18 644 252 8 0.0518 638 219 891 461 6 0.0517 582 141 856 367 0 0.0517 331 73 580 306 5 0.0516 619 282 897 522 8 0.0514 561 274 822 513 0 0.0510 583 78 851 314 8 0.0509 179 0 427 207 3 0.0508 459 133 712 391 8 0.0507 319 132 567 369 10 0.0505 395 206 674 428 0 0.0505 401 202 675 432 0 0.0504 635 295 899 524 11 0.0504 184 792 435 1004 2 0.0502 399 211 669 435 13 0.0502 264 455 509 690 11 0.0501 524 24 777 243 11 0.0501 625 289 900 520
hAYgngereHhR5mGYqArPg11abCs8Hu0K,0 0.0574 446 796 690 1023 7 0.0569 448 795 694 1023 11 0.0567 442 800 689 1018 8 0.0563 329 796 556 1021 5 0.0558 308 445 584 696 0 0.0556 325 796 565 1023 7 0.0555 315 449 591 703 8 0.0554 448 795 681 1020 11 0.0554 428 151 694 385 11 0.0552 327 796 565 1022 7 0.0548 330 795 568 1023 5 0.0535 439 794 684 1018 8 0.0533 434 149 690 386 5 0.0530 323 789 560 1019 11 0.0527 562 552 831 779 5 0.0520 425 143 691 385 0 0.0520 559 545 833 788 11 0.0508 375 393 634 633 3 0.0506 333 795 564 1023 10 0.0504 444 799 688 1021 5 0.0500 553 543 820 783
Y9OJ2YuARXvet7n1oOBrhuEjQDP3R7ou,5 0.0668 307 785 557 1019 8 0.0635 311 783 556 1022 8 0.0633 123 608 350 824 7 0.0626 314 785 564 1023 0 0.0616 311 786 561 1023 11 0.0614 337 672 700 851 5 0.0611 570 738 810 957 0 0.0609 255 659 498 905 11 0.0607 255 664 500 896 7 0.0604 259 660 501 899 11 0.0596 311 789 559 1020 10 0.0587 337 673 695 851 6 0.0586 313 792 563 1023 0 0.0583 335 673 696 856 10 0.0577 254 666 495 896 13 0.0576 315 788 567 1023 7 0.0569 581 740 821 961 2 0.0569 313 791 564 1023 5 0.0566 251 659 496 896 0 0.0565 122 605 358 828 10 0.0563 310 790 561 1022 3 0.0562 312 788 562 1023 5 0.0562 334 671 689 850 5 0.0560 121 605 355 822 7 0.0559 125 606 363 826 8 0.0557 319 657 560 897 11 0.0555 120 609 361 821 11 0.0551 573 740 817 958 9 0.0546 309 789 561 1021 0 0.0546 577 741 814 965 13 0.0542 345 673 708 854 3 0.0542 258 660 498 903 13 0.0541 261 663 505 902 7 0.0541 348 671 701 850 6 0.0530 258 663 501 897 1 0.0528 308 781 563 1023 6 0.0527 343 673 702 854 3 0.0525 127 608 358 829 10 0.0525 123 610 357 825 12 0.0511 314 785 561 1023 3 0.0502 577 737 814 967
S0Js4oiltJrjvY93PoZJoNVV9SFCZnf2,5 0.0641 285 785 553 1014 0 0.0637 289 788 559 1019 0 0.0619 124 799 379 1023 8 0.0594 0 777 235 1000 7 0.0592 367 777 630 1006 11 0.0590 289 790 555 1014 11 0.0588 129 793 376 1019 0 0.0588 0 781 243 1007 8 0.0585 131 789 370 1023 5 0.0582 174 795 435 1019 11 0.0565 370 717 622 948 6 0.0560 3 786 247 1002 5 0.0560 366 711 621 948 7 0.0559 2 779 252 1002 8 0.0555 295 788 549 1019 6 0.0549 294 791 560 1015 6 0.0543 181 800 446 1020 0 0.0542 1 411 250 640 7 0.0540 223 791 500 1020 3 0.0539 0 783 245 1011 5 0.0539 0 402 249 636 13 0.0538 373 781 629 1007 0 0.0534 373 655 635 895 0 0.0533 317 584 579 824 10 0.0530 287 791 555 1016 11 0.0530 0 410 256 635 3 0.0529 226 795 494 1023 3 0.0529 368 780 623 1009 8 0.0525 371 654 629 894 11 0.0525 0 786 249 1008 8 0.0524 312 582 572 822 7 0.0516 376 654 638 895 8 0.0515 0 407 245 637 6 0.0515 375 714 630 949 10 0.0513 177 803 439 1022 0 0.0510 447 730 691 965 6 0.0507 2 411 259 636 13 0.0506 228 794 498 1023 2 0.0504 182 802 444 1023
Xr8hYnqIk26SqhxLeGjdUAGudFvhW5Ov,11 0.0617 387 401 652 640 0 0.0614 459 407 713 637 11 0.0577 571 413 836 627 5 0.0567 451 401 706 635 2 0.0554 460 415 712 638 8 0.0548 458 405 706 637 6 0.0545 460 409 717 638 8 0.0535 644 13 877 249 0 0.0532 373 718 629 961 0 0.0531 572 414 832 630 7 0.0529 373 725 635 959 6 0.0529 577 414 838 631 5 0.0527 563 408 831 627 8 0.0521 572 412 825 633 7 0.0519 392 401 657 641 13 0.0513 463 402 716 631 9 0.0512 456 406 709 634 8 0.0507 103 39 371 257 11 0.0506 365 730 629 956 5 0.0505 362 717 625 956 10 0.0504 456 410 706 637 11 0.0502 455 208 700 439 7 0.0502 236 793 490 1019
qQFb8opYVIZrmVzmeuBfynUYy0yOipaj,0 0.0635 313 126 570 389 11 0.0619 375 130 637 381 8 0.0596 75 543 303 770 11 0.0586 7 666 379 853 3 0.0584 382 126 634 389 8 0.0567 380 128 629 383 6 0.0565 379 125 640 381 11 0.0558 78 543 317 765 8 0.0556 20 661 366 857 5 0.0553 374 122 632 377 8 0.0544 322 197 563 444 7 0.0544 382 126 635 384 7 0.0541 325 198 572 446 11 0.0541 315 200 573 441 11 0.0540 244 277 512 508 7 0.0535 79 541 320 771 13 0.0534 380 126 642 385 6 0.0530 496 79 763 321 0 0.0524 248 275 508 515 5 0.0524 571 276 814 503 11 0.0523 432 736 686 963 7 0.0520 10 665 385 859 5 0.0519 314 196 565 440 5 0.0518 490 73 757 315 11 0.0516 8 485 241 702 7 0.0515 439 733 693 969 8 0.0513 12 484 228 705 8 0.0509 377 728 611 978 8 0.0508 248 270 501 517 8 0.0504 493 76 752 323 0 0.0503 576 281 817 506 10 0.0503 72 546 317 768 13 0.0502 258 274 521 515 13 0.0502 76 544 323 769 11 0.0501 491 84 764 321 11 0.0500 575 337 827 566
9a5wUxmhBk5svgVKVsvpyzMv350MtEyQ,7 0.0613 246 796 505 1023 5 0.0599 243 794 496 1020 11 0.0589 242 794 503 1020 0 0.0571 248 795 501 1023 8 0.0566 246 795 492 1022 11 0.0544 235 278 508 497 13 0.0543 249 797 508 1023 5 0.0539 238 332 497 568 5 0.0533 302 274 559 501 7 0.0527 313 512 571 746 0 0.0525 253 651 499 897 11 0.0524 445 338 694 568 7 0.0522 255 572 510 816 10 0.0516 244 802 499 1023 8 0.0513 446 334 685 572 11 0.0513 309 671 572 893 8 0.0511 241 334 491 568 6 0.0507 248 804 503 1022 8 0.0500 310 516 560 743
w1qJy1FH8V8RxuJZdn4QcuDeVBP0ODRd,5 0.0644 124 329 372 574 7 0.0637 130 332 375 578 11 0.0614 186 335 434 573 3 0.0593 190 338 432 579 8 0.0590 188 281 420 523 0 0.0585 383 481 760 663 13 0.0583 121 402 375 643 11 0.0579 255 478 644 668 11 0.0575 113 403 372 639 0 0.0573 558 468 835 717 0 0.0566 188 283 427 522 6 0.0565 192 285 432 519 13 0.0562 268 479 646 672 11 0.0562 432 515 695 751 0 0.0560 374 581 638 835 11 0.0558 263 0 500 233 6 0.0557 123 399 376 643 11 0.0557 557 473 832 716 3 0.0555 120 402 371 649 5 0.0553 562 398 830 639 0 0.0553 316 391 569 639 7 0.0553 503 796 767 1023 10 0.0548 262 481 640 670 8 0.0548 525 395 773 630 7 0.0547 450 453 709 700 0 0.0547 457 385 708 624 10 0.0546 188 340 432 572 2 0.0541 191 338 434 574 13 0.0540 506 802 765 1023 7 0.0539 273 0 501 236 7 0.0538 268 451 521 703 8 0.0537 449 452 698 699 8 0.0537 267 478 632 670 8 0.0537 563 468 830 718 13 0.0535 178 148 433 387 7 0.0532 377 663 650 900 7 0.0532 565 470 841 717 13 0.0529 513 528 769 775 13 0.0528 190 336 440 576 0 0.0528 317 505 581 745 5 0.0526 256 476 639 668 11 0.0526 176 216 425 445 5 0.0526 502 523 761 767 11 0.0526 371 663 648 899 0 0.0525 264 63 499 302 0 0.0524 496 799 763 1023 11 0.0522 497 800 757 1022 3 0.0521 193 516 440 763 6 0.0520 511 531 766 769 11 0.0519 522 399 779 630 3 0.0518 272 451 518 707 5 0.0515 168 143 418 381 3 0.0512 181 219 423 453 8 0.0512 395 384 638 630 11 0.0512 185 80 438 316 7 0.0512 386 521 642 764 13 0.0511 193 513 448 756 11 0.0509 331 76 567 299 6 0.0509 273 2 501 236 5 0.0508 390 418 754 600 6 0.0507 445 455 703 702 6 0.0507 272 445 519 701 7 0.0503 531 397 782 631
9pY9DnIIEYUEZlZe4xtJgODYqr0Ca87L,7 0.0595 441 715 698 959 11 0.0554 434 720 692 956 7 0.0544 319 450 573 698 0 0.0540 434 716 693 966 8 0.0525 438 716 682 963 11 0.0522 37 2 305 212 6 0.0517 316 456 574 698 11 0.0517 312 458 569 697 8 0.0512 102 0 352 201 6 0.0507 440 717 696 962 3 0.0506 440 716 686 967 5 0.0506 432 712 686 955 6 0.0503 105 3 366 197
mRsjnhuUPpdprJ0Bxritxghal09mHFkQ,11 0.0651 323 398 582 632 11 0.0631 453 454 712 697 6 0.0619 334 539 713 723 0 0.0616 390 455 642 700 5 0.0612 246 463 507 711 7 0.0606 395 454 645 702 8 0.0605 455 452 705 704 5 0.0599 385 452 638 699 5 0.0598 323 392 577 634 11 0.0595 250 329 509 564 6 0.0593 516 533 772 780 8 0.0585 323 464 570 706 6 0.0584 330 398 586 636 6 0.0580 256 464 510 713 0 0.0578 327 326 584 565 5 0.0578 576 407 829 639 11 0.0574 510 536 769 775 7 0.0574 332 396 582 637 7 0.0573 448 521 698 776 8 0.0571 585 408 825 642 2 0.0569 336 541 716 724 3 0.0569 329 398 583 642 10 0.0568 257 412 512 646 8 0.0567 512 533 761 781 6 0.0567 448 592 699 841 0 0.0564 448 592 694 843 5 0.0563 375 586 637 841 11 0.0561 248 461 507 711 8 0.0557 441 653 692 902 11 0.0556 579 470 839 700 13 0.0556 334 477 714 658 8 0.0554 254 328 499 573 7 0.0552 527 455 779 703 13 0.0551 585 415 838 641 13 0.0548 408 536 788 720 7 0.0546 255 461 510 710 11 0.0545 446 594 697 835 2 0.0545 255 467 507 712 11 0.0533 580 342 838 571 0 0.0531 251 467 506 714 3 0.0531 337 539 711 728 10 0.0527 321 467 576 706 5 0.0527 499 797 758 1019 0 0.0526 582 473 833 701 3 0.0526 254 468 509 720 0 0.0525 248 272 514 512 7 0.0524 447 655 700 904 2 0.0524 378 596 642 841 10 0.0523 452 457 713 701 3 0.0520 589 408 831 648 0 0.0519 510 535 767 782 5 0.0519 471 531 831 724 0 0.0518 310 588 580 847 6 0.0517 589 411 840 638 2 0.0516 330 402 580 637 6 0.0515 312 588 580 846 8 0.0515 503 728 756 950 6 0.0514 257 331 511 570 0 0.0514 589 344 832 579 11 0.0510 299 10 568 254 10 0.0509 583 415 833 639 13 0.0508 511 731 762 952 1 0.0508 450 447 710 704 5 0.0506 575 282 832 512 5 0.0506 245 325 505 563 7 0.0505 511 804 772 1023 7 0.0503 256 325 512 569 13 0.0502 254 463 513 717 12 0.0501 448 526 697 775 13 0.0501 453 590 703 837 9 0.0501 440 526 696 770
vR6IRIEvV1NwnEMPP6d73OqgJXqdRsn4,5 0.0632 699 0 962 193 11 0.0622 699 2 968 187 3 0.0596 706 0 964 196 0 0.0590 702 1 963 194 6 0.0590 701 0 969 191 11 0.0578 175 400 438 635 8 0.0576 703 0 958 188 3 0.0567 688 1 863 369 13 0.0566 702 1 970 193 0 0.0565 381 462 631 703 11 0.0557 681 7 862 360 8 0.0556 179 399 428 638 11 0.0554 377 465 633 696 7 0.0549 692 25 948 251 8 0.0542 687 0 856 362 13 0.0538 184 140 462 373 5 0.0535 680 0 857 358 11 0.0534 179 208 454 433 8 0.0534 382 460 623 701 6 0.0533 385 466 640 697 7 0.0529 12 548 378 725 5 0.0527 3 546 368 725 2 0.0524 702 6 967 192 3 0.0524 253 400 501 642 0 0.0521 687 101 937 324 10 0.0520 701 2 961 191 11 0.0519 305 404 560 638 7 0.0518 181 394 444 637 5 0.0516 245 392 499 631 3 0.0516 386 466 632 707 7 0.0513 386 459 638 702 11 0.0507 4 554 372 726 0 0.0507 309 342 556 575 8 0.0504 308 405 552 641
r6JOJDojGdqzqKJnF7ftFzPNAXPlzXmu,5 0.0719 132 868 503 1020 7 0.0682 254 720 498 968 0 0.0678 273 867 639 1023 8 0.0672 272 864 635 1023 5 0.0670 314 778 556 1020 5 0.0658 248 723 493 963 7 0.0651 140 870 513 1023 11 0.0627 200 868 572 1022 10 0.0609 270 869 640 1023 8 0.0600 252 727 490 962 0 0.0589 253 724 494 969 13 0.0587 320 783 565 1023 6 0.0586 205 872 575 1023 10 0.0584 251 730 498 961 2 0.0579 274 870 638 1023 6 0.0572 278 806 633 985 9 0.0571 276 806 635 984 13 0.0571 142 873 514 1023 11 0.0568 250 728 496 961 6 0.0567 254 724 500 962 1 0.0561 268 864 638 1023 3 0.0556 281 803 634 989 9 0.0540 200 869 574 1022 2 0.0539 254 731 497 965 3 0.0538 144 871 511 1023 13 0.0529 254 726 502 964 12 0.0519 209 866 575 1023 4 0.0513 272 867 647 1023 9 0.0508 250 726 496 961
NRaXIIcKogFiS9l8CZLK9qCoonlp58K3,8 0.0563 395 398 623 622 0 0.0555 388 400 636 626 0 0.0546 251 277 500 511 13 0.0521 523 480 760 715 13 0.0519 394 399 638 623 7 0.0513 324 253 581 491 8 0.0512 513 415 758 658 11 0.0506 391 399 633 619 5 0.0501 509 411 763 657
1lbSEO7pQp8FlAJ9XoNzQe6eOQ93Wv4p,7 0.0665 213 670 572 847 0 0.0660 212 672 570 851 8 0.0656 216 671 564 846 5 0.0649 128 672 499 851 11 0.0640 204 672 571 846 3 0.0620 137 675 503 854 10 0.0599 131 678 503 852 6 0.0586 134 674 505 853 13 0.0568 136 674 508 854 2 0.0562 210 676 571 849 8 0.0556 612 0 865 203 1 0.0537 131 673 500 852 9 0.0531 128 677 502 849 13 0.0530 618 0 880 204 5 0.0525 607 0 867 204 12 0.0523 136 674 505 852 8 0.0522 513 393 759 633 6 0.0516 615 0 873 203 0 0.0513 613 0 872 205 11 0.0513 610 1 871 205 11 0.0510 69 381 347 579
ajoJJ6cWo3bxIyXqNtDaZOBheFqF9667,5 0.0665 238 787 488 1020 7 0.0643 247 790 497 1023 8 0.0607 246 788 488 1022 0 0.0593 245 790 492 1023 11 0.0586 245 791 494 1019 6 0.0557 247 795 494 1023 13 0.0553 250 793 501 1023 10 0.0542 240 796 496 1021 3 0.0533 247 790 494 1023 9 0.0530 241 794 491 1022 2 0.0528 246 793 495 1023
Fund0QoMwQl2Qmn2bvYIM6LhaqMQX17t,11 0.0615 577 80 823 306 8 0.0607 437 448 689 700 0 0.0607 440 534 699 759 11 0.0606 435 453 698 698 11 0.0605 310 462 572 701 0 0.0603 571 141 829 376 8 0.0585 386 532 635 760 0 0.0585 197 340 444 590 5 0.0583 567 133 828 374 11 0.0582 500 145 763 376 8 0.0581 198 339 434 585 8 0.0580 317 461 563 706 13 0.0579 319 461 575 706 8 0.0578 165 791 427 1011 11 0.0577 165 798 433 1007 0 0.0575 507 214 763 445 0 0.0574 633 202 886 439 11 0.0574 638 148 888 369 0 0.0574 324 272 571 520 0 0.0571 386 596 645 840 3 0.0570 443 446 701 703 0 0.0567 314 461 572 705 5 0.0562 191 338 438 583 5 0.0561 237 467 497 711 5 0.0561 503 206 762 444 5 0.0560 313 270 569 517 8 0.0559 244 530 486 778 5 0.0559 438 531 697 756 13 0.0558 578 86 828 315 8 0.0558 577 82 816 311 7 0.0556 242 471 506 716 2 0.0556 577 85 826 312 5 0.0555 383 397 641 651 0 0.0555 161 791 434 1014 6 0.0553 444 535 703 757 3 0.0553 248 473 501 720 13 0.0551 445 535 705 758 5 0.0548 230 217 499 451 11 0.0547 558 208 833 437 6 0.0546 247 471 506 714 11 0.0546 196 344 446 582 5 0.0544 159 790 428 1008 11 0.0544 382 533 643 760 3 0.0542 576 141 833 382 0 0.0542 388 399 647 651 8 0.0540 508 209 759 442 8 0.0537 322 275 563 522 10 0.0537 316 462 572 703 7 0.0537 573 136 830 375 6 0.0537 200 341 448 585 3 0.0536 387 531 644 762 0 0.0536 570 266 834 509 13 0.0534 244 533 498 783 2 0.0533 440 538 700 756 10 0.0532 575 81 820 312 10 0.0530 380 535 643 759 6 0.0530 324 272 577 520 6 0.0530 507 141 765 378 0 0.0529 241 530 494 780 5 0.0529 574 313 832 566 11 0.0529 236 533 494 781 2 0.0528 381 464 639 696 13 0.0527 391 398 651 653 10 0.0526 162 796 427 1010 9 0.0524 438 538 700 752 7 0.0523 385 463 644 700 13 0.0523 645 149 890 376 11 0.0522 317 276 574 517 7 0.0521 198 333 449 581 13 0.0520 169 787 443 1014 6 0.0520 581 82 828 311 2 0.0520 502 151 760 380 7 0.0520 445 535 702 759 6 0.0519 313 530 570 770 6 0.0516 649 149 890 371 3 0.0514 513 213 766 452 13 0.0514 565 210 834 446 6 0.0514 386 457 645 697 10 0.0513 437 452 698 697 3 0.0510 199 342 443 591 8 0.0510 310 588 568 838 12 0.0507 443 534 703 761 6 0.0505 570 205 831 440 7 0.0505 511 209 767 445 2 0.0504 308 532 565 772 1 0.0503 240 468 497 717 11 0.0503 234 657 491 898 7 0.0502 312 532 571 773 12 0.0501 384 461 641 700 5 0.0501 230 649 487 894 8 0.0501 640 149 875 370
Y1dfwx6pMeTDuQIxnt4gBLijPG1rswlf,11 0.0565 370 795 641 1019 0 0.0550 0 478 220 710 7 0.0545 378 793 643 1023 11 0.0544 0 478 230 700 5 0.0504 367 793 634 1020 11 0.0502 307 725 572 950
34wscOK6nGlunhNyCX989G56D7TGd4yf,5 0.0637 438 340 706 583 5 0.0597 435 459 702 708 7 0.0595 443 466 710 711 3 0.0594 383 342 642 583 0 0.0588 245 535 495 771 8 0.0587 372 401 631 644 8 0.0586 299 549 544 777 5 0.0582 309 331 575 566 0 0.0575 441 345 706 591 8 0.0574 313 337 567 568 5 0.0568 299 541 550 781 8 0.0568 445 342 703 586 13 0.0566 441 468 710 714 11 0.0566 369 400 638 645 7 0.0565 304 548 555 781 6 0.0564 374 475 645 715 6 0.0564 252 539 503 766 10 0.0563 371 474 644 716 13 0.0562 382 341 649 578 7 0.0561 310 396 578 640 0 0.0556 561 608 831 859 11 0.0554 507 404 771 641 0 0.0553 512 402 771 646 11 0.0552 297 474 553 712 7 0.0551 447 344 713 586 8 0.0549 441 467 697 708 10 0.0548 446 409 713 649 3 0.0546 449 407 706 658 11 0.0542 439 347 707 583 0 0.0540 181 464 434 708 5 0.0539 175 462 427 699 5 0.0536 135 579 395 818 0 0.0535 442 463 709 712 10 0.0534 298 551 553 781 0 0.0531 314 336 581 572 13 0.0530 304 550 557 779 6 0.0530 180 470 436 703 7 0.0528 302 274 584 501 6 0.0528 508 405 777 641 11 0.0527 435 468 702 709 6 0.0526 379 342 647 579 3 0.0523 309 399 576 645 7 0.0523 140 587 401 820 9 0.0521 439 467 706 706 3 0.0521 373 476 643 726 11 0.0520 306 336 575 568 8 0.0518 176 462 425 706 11 0.0517 553 617 831 850 7 0.0515 247 462 500 705 3 0.0515 301 555 551 787 13 0.0514 638 589 897 853 8 0.0512 237 392 494 640 10 0.0511 381 347 649 580 2 0.0510 514 407 775 642 2 0.0510 374 476 640 718 2 0.0510 443 352 711 586 8 0.0509 564 614 820 857 5 0.0503 558 605 823 852 2 0.0501 311 401 576 639 2 0.0500 303 553 550 781
6oNTUV7jYHXGc6TeLpIjlm4n3aBLQZ0u,6 0.0544 566 330 828 570 0 0.0542 563 331 824 573 3 0.0532 567 333 822 575 8 0.0522 569 335 814 567 13 0.0521 568 335 831 571 11 0.0513 562 339 827 567
NWOXmrAK8RDfyC0vcWjphIPZSYk7TsIv,0 0.0596 73 594 325 838 0 0.0594 389 593 644 836 0 0.0579 8 478 251 717 8 0.0573 391 594 640 834 11 0.0559 376 663 644 892 8 0.0556 442 685 694 904 11 0.0552 6 480 254 709 0 0.0550 580 474 828 705 6 0.0547 323 589 583 843 7 0.0545 328 524 581 773 0 0.0544 442 685 699 902 13 0.0544 12 477 258 715 11 0.0542 452 474 709 702 5 0.0542 315 589 575 839 0 0.0542 454 474 707 706 5 0.0540 3 475 247 709 0 0.0534 509 404 779 630 13 0.0534 392 591 653 833 3 0.0534 383 661 642 901 8 0.0533 456 472 700 704 7 0.0532 25 602 382 803 0 0.0527 321 527 577 778 8 0.0527 443 814 691 1015 7 0.0525 9 477 258 713 7 0.0524 385 658 645 898 11 0.0524 438 813 705 1014 5 0.0522 22 605 369 796 11 0.0522 28 610 375 798 11 0.0521 455 343 715 566 10 0.0521 8 482 254 713 5 0.0519 374 468 637 699 5 0.0518 571 467 824 699 10 0.0518 382 667 642 894 11 0.0517 571 473 828 700 11 0.0517 508 409 782 624 10 0.0516 453 477 708 701 10 0.0516 28 611 381 796 8 0.0515 9 473 245 714 5 0.0515 448 398 713 626 8 0.0514 30 605 360 800 8 0.0514 685 0 946 199 7 0.0512 386 469 643 702 10 0.0511 318 596 577 842 13 0.0511 375 392 654 634 3 0.0510 460 474 707 710 6 0.0510 63 1 323 204 6 0.0509 382 475 649 702 3 0.0508 16 477 252 717 7 0.0508 448 809 706 1020 13 0.0507 66 1 330 207 13 0.0506 457 474 714 704 6 0.0506 387 659 646 897 11 0.0506 55 3 321 205 6 0.0503 11 477 260 713 0 0.0503 302 387 561 636 11 0.0502 316 593 581 836 10 0.0501 387 533 647 757
sg8FVK3teoxegGUPRKPUp5ilWBsIYAa8,11 0.0606 253 469 505 704 8 0.0595 199 454 435 723 5 0.0591 253 251 503 495 0 0.0582 253 469 504 707 5 0.0580 252 466 502 703 11 0.0573 247 325 504 563 11 0.0563 404 254 656 501 8 0.0559 125 402 370 654 6 0.0558 263 141 517 376 10 0.0554 254 473 503 705 8 0.0553 405 252 642 504 7 0.0552 256 467 506 707 11 0.0552 178 268 433 509 5 0.0551 251 133 510 374 7 0.0550 112 789 374 1015 13 0.0549 256 467 508 710 6 0.0548 636 288 888 512 6 0.0546 263 258 512 496 8 0.0544 180 326 421 586 5 0.0544 395 69 645 311 3 0.0542 254 394 500 643 11 0.0540 184 403 431 647 8 0.0538 564 347 819 588 6 0.0534 257 472 507 708 7 0.0533 253 320 505 568 8 0.0532 255 393 495 636 6 0.0531 571 352 829 586 11 0.0529 195 518 439 774 3 0.0528 260 260 507 505 11 0.0527 628 290 883 509 6 0.0526 191 205 438 456 6 0.0525 187 327 432 584 5 0.0523 194 519 439 774 11 0.0523 250 203 509 436 0 0.0522 186 267 430 514 5 0.0520 182 399 428 646 8 0.0520 105 791 356 1014 0 0.0520 628 293 884 514 0 0.0518 105 792 368 1019 3 0.0517 571 276 831 522 10 0.0516 256 262 510 496 0 0.0514 253 325 504 566 8 0.0514 181 205 429 457 7 0.0514 189 397 433 649 0 0.0514 139 467 373 713 6 0.0514 571 218 841 445 3 0.0509 183 331 429 590 11 0.0509 563 352 826 581 5 0.0509 562 274 824 509 11 0.0509 177 137 444 379 7 0.0508 410 253 654 510 5 0.0508 100 784 361 1013 8 0.0506 256 259 497 498 3 0.0504 633 359 888 600 8 0.0503 259 143 502 378 3 0.0502 204 462 443 727 0 0.0502 193 406 429 650 11 0.0501 564 217 840 444
f19vxyu7RzK9PAY4wvyCk06CrJBbxXRa,5 0.0641 0 426 281 606 8 0.0627 0 428 283 608 0 0.0623 0 425 290 608 11 0.0623 0 426 287 603 0 0.0615 178 329 430 570 13 0.0600 0 429 294 608 0 0.0589 565 350 832 580 6 0.0582 2 428 292 606 5 0.0581 170 324 428 565 5 0.0581 562 343 830 577 11 0.0578 512 204 751 432 7 0.0573 4 427 290 607 11 0.0566 377 530 630 767 13 0.0565 181 327 434 571 7 0.0565 462 337 714 573 8 0.0564 564 352 820 574 6 0.0563 569 351 835 576 0 0.0558 124 267 377 501 11 0.0558 248 385 505 628 10 0.0557 123 270 374 497 8 0.0557 174 325 424 571 11 0.0550 304 606 569 845 10 0.0549 0 428 286 605 11 0.0548 173 330 432 566 0 0.0543 382 529 626 771 6 0.0540 177 327 434 571 8 0.0540 386 528 621 770 11 0.0537 563 352 832 572 10 0.0536 174 330 429 567 0 0.0535 254 380 501 629 7 0.0535 393 388 647 639 0 0.0534 512 261 763 497 5 0.0533 246 373 506 626 7 0.0533 179 324 434 568 8 0.0532 388 390 635 639 3 0.0531 570 349 828 583 2 0.0530 444 269 712 488 11 0.0530 363 691 633 911 7 0.0529 385 531 631 773 8 0.0526 453 340 704 575 2 0.0524 567 356 830 578 6 0.0523 450 263 715 488 0 0.0523 702 608 930 841 10 0.0522 560 355 827 570 7 0.0522 325 453 585 712 3 0.0519 5 428 293 611 5 0.0518 436 256 709 486 6 0.0517 255 379 511 630 9 0.0517 0 427 292 605 8 0.0515 251 382 496 628 7 0.0514 566 347 835 574 11 0.0513 123 267 378 496 2 0.0512 2 432 288 606 11 0.0512 390 329 647 575 3 0.0510 327 456 584 715 8 0.0506 512 260 755 496 0 0.0505 458 340 711 577 3 0.0504 179 328 433 574 11 0.0502 207 152 459 377 7 0.0501 395 258 657 500
q7XhWnfBwOtFK9Gqlwb2nVDvoUv8NMRY,13 0.0586 302 281 571 511 7 0.0571 234 338 492 579 5 0.0562 360 275 622 516 8 0.0559 290 363 539 585 10 0.0551 183 429 448 651 0 0.0549 188 418 447 654 11 0.0549 176 472 450 717 8 0.0538 188 420 439 655 3 0.0538 299 280 559 514 5 0.0534 307 205 567 437 6 0.0534 241 413 503 647 5 0.0530 276 358 542 584 11 0.0528 278 433 555 658 5 0.0522 171 469 444 711 8 0.0521 378 208 622 444 7 0.0521 300 277 565 511 13 0.0519 179 471 457 721 11 0.0518 297 282 567 511 0 0.0518 235 338 489 579 13 0.0517 383 213 640 446 5 0.0513 380 0 632 212 11 0.0513 261 145 528 389 5 0.0512 237 263 488 497 8 0.0511 323 0 568 228 8 0.0510 259 147 516 390 10 0.0508 229 349 490 576 8 0.0507 183 514 435 771 8 0.0505 299 470 548 705 0 0.0504 623 531 884 784
iVMXQLIPP0dUlvVacidlhP2qMMwAnCn5,0 0.0638 312 657 568 892 8 0.0616 313 657 560 888 7 0.0607 312 659 569 888 11 0.0599 375 665 634 896 5 0.0591 309 656 560 888 8 0.0587 384 612 633 843 5 0.0580 378 605 635 842 13 0.0570 383 663 640 900 8 0.0566 432 722 680 961 3 0.0559 384 610 641 851 0 0.0557 322 528 565 768 7 0.0554 385 528 633 762 5 0.0543 322 526 561 762 10 0.0543 310 663 566 888 6 0.0543 379 665 637 897 0 0.0541 431 722 688 963 7 0.0539 510 531 763 767 5 0.0537 428 723 681 959 11 0.0536 503 533 761 764 11 0.0535 623 550 881 766 8 0.0533 319 533 554 763 11 0.0529 382 528 634 759 11 0.0516 367 149 633 383 7 0.0516 433 728 692 962 5 0.0506 502 524 754 765 10 0.0502 383 612 640 842
F9n91ki8Em6wUVFhOTLvPLwrUjcQ6ksN,5 0.0644 431 786 679 1019 11 0.0636 434 791 682 1021 8 0.0613 437 787 676 1023 7 0.0582 438 789 689 1023 13 0.0573 439 789 689 1023 0 0.0569 435 787 683 1023 10 0.0567 435 792 685 1022 3 0.0552 437 788 683 1023 11 0.0537 320 606 689 795 10 0.0531 332 671 694 858 5 0.0525 326 667 689 857 0 0.0522 331 667 696 862 7 0.0517 335 671 700 858 6 0.0516 439 791 686 1021 3 0.0514 335 672 697 864 8 0.0513 334 669 685 862 8 0.0510 559 671 822 908 2 0.0508 438 790 684 1023 11 0.0506 550 674 830 908 9 0.0504 435 790 684 1019 0 0.0500 560 669 828 913
qpJOjcZWGbIqVXaB4Ko4IIeeAW0IoLDE,8 0.0588 235 611 487 850 11 0.0579 240 558 490 780 5 0.0578 238 551 485 781 11 0.0555 294 669 563 909 8 0.0554 63 39 319 272 11 0.0554 361 795 621 1012 6 0.0551 307 549 577 775 8 0.0548 308 547 566 775 5 0.0548 192 198 443 438 7 0.0545 241 610 498 849 8 0.0539 252 485 502 709 11 0.0536 354 537 630 764 0 0.0531 243 557 490 784 10 0.0530 60 45 328 266 0 0.0529 196 206 448 445 3 0.0526 246 558 488 786 5 0.0522 527 199 760 443 5 0.0522 59 37 319 267 8 0.0521 371 793 612 1013 6 0.0520 248 490 508 710 6 0.0519 365 662 634 898 6 0.0516 240 614 496 844 11 0.0516 450 160 706 403 3 0.0516 372 539 715 733 11 0.0513 62 43 329 266 0 0.0512 429 664 691 906 11 0.0508 240 217 495 440 5 0.0507 423 652 690 899 2 0.0505 62 49 328 276 8 0.0504 300 666 561 915 6 0.0504 367 789 625 1012 6 0.0501 427 594 700 837 0 0.0501 553 794 816 1023 7 0.0501 367 663 634 902 5 0.0500 303 482 577 711
R9ayuSdXBYhZRTDA8qVYXr1e5WYAQMc1,5 0.0598 366 773 625 1008 5 0.0579 443 262 711 506 13 0.0557 324 776 576 1013 8 0.0557 391 202 644 438 7 0.0555 385 272 654 516 5 0.0555 383 199 644 435 11 0.0551 378 275 652 514 0 0.0551 374 782 631 1015 0 0.0550 379 268 653 519 0 0.0549 243 69 501 303 8 0.0546 184 788 423 1023 8 0.0544 320 777 563 1010 7 0.0538 249 779 498 1022 7 0.0535 375 781 636 1011 3 0.0534 391 199 652 446 8 0.0534 324 135 572 368 0 0.0533 316 137 578 370 11 0.0532 177 797 432 1023 7 0.0532 518 277 772 516 13 0.0529 394 206 658 443 3 0.0526 452 266 718 517 5 0.0524 196 862 563 1020 3 0.0522 428 785 681 1015 5 0.0521 376 336 636 586 6 0.0520 393 202 655 440 0 0.0519 205 869 573 1023 0 0.0518 453 198 710 428 0 0.0516 591 291 838 527 8 0.0516 451 264 708 513 10 0.0516 389 208 654 438 11 0.0513 389 146 654 367 11 0.0513 514 281 772 512 13 0.0512 187 789 440 1023 7 0.0510 457 197 710 431 3 0.0509 319 778 569 1020 2 0.0508 455 206 708 428 7 0.0507 325 202 582 438 6 0.0507 521 278 777 515 11 0.0502 421 790 684 1004 8 0.0502 430 787 675 1007 13 0.0501 325 138 585 374 11 0.0500 313 783 569 1011 11 0.0500 752 2 1017 199
1jocvBQYRUlKr1UAiZrT1tE4KCAuV3zK,11 0.0641 439 669 716 903 11 0.0576 386 396 650 632 3 0.0567 381 603 640 832 5 0.0566 439 588 711 825 8 0.0566 449 589 713 830 0 0.0566 448 590 716 831 6 0.0558 450 591 715 828 7 0.0552 381 601 645 827 3 0.0550 451 667 711 912 11 0.0538 307 529 586 758 11 0.0532 368 740 635 961 13 0.0530 384 601 648 827 11 0.0528 435 803 698 1023 6 0.0518 323 604 586 831 7 0.0518 450 668 721 906 10 0.0505 450 592 717 828 5 0.0503 372 671 640 895 5 0.0503 312 599 575 825 3 0.0503 377 739 635 971
9WUQpn44AtUbY9BuVfc0he2ljopkmxAK,11 0.0534 563 1 827 202 11 0.0531 196 399 459 645 13 0.0524 258 0 531 197 0 0.0520 189 12 452 259 0 0.0518 261 522 513 777 11 0.0518 562 604 829 824 0 0.0518 615 602 880 828 7 0.0513 202 393 458 649 6 0.0513 566 275 811 502 7 0.0510 569 600 828 834 8 0.0510 564 0 816 200 8 0.0508 499 607 749 834 5 0.0507 312 0 584 188 0 0.0504 401 666 762 849 11 0.0503 185 14 454 255
sDJIesWYcQ0DO4aUKsqMlTw5FAEN5NUU,8 0.0516 249 15 505 251 13 0.0504 247 10 525 255
fBQyM9WEwaPEp1Ofr0OwYlSR2rFn6gUT,11 0.0644 380 599 642 831 8 0.0644 62 605 421 799 0 0.0634 318 523 569 767 11 0.0628 492 601 756 823 8 0.0620 368 653 625 888 7 0.0614 252 524 506 769 0 0.0609 383 596 643 836 8 0.0605 252 523 500 767 11 0.0605 315 527 570 763 13 0.0596 132 613 506 797 11 0.0595 128 614 499 794 5 0.0594 314 524 568 764 0 0.0592 128 612 501 797 7 0.0587 387 596 647 835 8 0.0581 383 527 635 765 5 0.0579 381 595 637 832 0 0.0579 446 532 702 772 10 0.0575 246 525 506 765 7 0.0574 499 597 762 826 5 0.0573 125 612 489 796 10 0.0562 319 675 692 847 3 0.0562 250 526 503 775 10 0.0559 379 530 641 763 13 0.0559 322 525 574 768 8 0.0557 491 663 756 895 6 0.0556 434 604 698 837 5 0.0554 485 659 757 894 3 0.0550 367 654 629 894 13 0.0549 387 596 649 836 5 0.0547 441 532 699 769 6 0.0546 382 531 644 767 6 0.0539 320 591 574 834 12 0.0534 385 597 641 838 8 0.0526 448 468 694 702 3 0.0526 382 530 640 770 2 0.0524 251 528 503 771 3 0.0524 496 665 766 900 2 0.0521 382 601 644 836 6 0.0519 448 472 710 699 6 0.0517 250 523 506 771 13 0.0515 451 472 711 703 6 0.0515 68 609 434 799 13 0.0510 493 664 771 896 12 0.0508 319 524 568 768 10 0.0503 493 604 758 824
4FU8BQZGJVVasqPT9j3JuL84oxG7ntga,11 0.0649 623 276 887 524 11 0.0648 379 583 633 825 11 0.0591 176 275 430 495 11 0.0590 301 520 569 746 0 0.0590 126 344 383 594 8 0.0586 383 583 625 828 0 0.0586 129 207 379 440 11 0.0580 121 347 385 584 8 0.0578 194 200 435 430 7 0.0576 507 793 779 1023 8 0.0575 627 274 882 524 7 0.0567 626 271 891 527 0 0.0566 380 580 631 828 7 0.0561 183 272 432 498 11 0.0560 249 394 509 629 6 0.0558 628 274 891 522 6 0.0556 129 342 392 589 6 0.0553 383 583 637 824 0 0.0553 622 275 885 527 5 0.0552 498 791 766 1021 5 0.0550 509 83 759 318 5 0.0549 182 393 444 643 8 0.0548 127 341 381 594 13 0.0548 127 342 390 592 11 0.0542 440 785 708 1011 8 0.0542 367 708 627 957 5 0.0539 186 195 435 425 3 0.0538 625 274 886 533 11 0.0538 509 88 763 315 6 0.0537 137 145 396 383 6 0.0536 184 272 433 497 10 0.0535 177 279 429 495 7 0.0534 387 582 634 826 10 0.0533 624 279 887 522 0 0.0532 204 138 446 373 10 0.0532 381 586 629 826 5 0.0531 371 0 636 199 5 0.0528 615 273 884 523 5 0.0527 377 579 627 824 11 0.0525 50 289 329 522 7 0.0525 128 344 388 588 3 0.0523 388 582 628 830 2 0.0522 385 588 630 826 6 0.0519 255 463 506 696 8 0.0519 513 85 756 317 10 0.0519 305 526 563 747 3 0.0518 132 347 387 596 0 0.0517 309 519 566 752 10 0.0516 123 351 387 585 0 0.0515 254 397 507 637 13 0.0512 629 277 895 527 8 0.0511 309 522 557 750 13 0.0511 134 208 390 443 11 0.0511 128 148 392 382 7 0.0510 312 519 572 750 3 0.0509 183 277 429 504 11 0.0509 363 714 634 954 0 0.0507 509 89 762 317 6 0.0504 380 0 650 202 13 0.0504 256 462 507 702 0 0.0502 501 800 773 1023 8 0.0502 59 282 321 526 8 0.0502 500 797 765 1022 2 0.0502 627 278 887 521
VZYH2QZtLb0dlLnU3AFwMDsvPIgCeXPi,8 0.0627 383 785 621 1023 11 0.0602 431 677 699 908 7 0.0585 437 546 703 781 8 0.0582 503 665 752 897 11 0.0579 380 787 629 1020 0 0.0578 566 586 820 835 5 0.0574 573 516 825 766 5 0.0568 377 783 621 1021 8 0.0567 446 474 693 704 6 0.0563 439 673 700 909 5 0.0560 501 660 759 895 5 0.0559 386 390 641 636 8 0.0559 429 610 691 844 8 0.0559 574 518 820 765 11 0.0556 369 606 632 830 6 0.0553 578 519 835 762 7 0.0552 508 661 766 897 2 0.0551 570 589 818 834 3 0.0550 509 662 758 902 8 0.0548 374 684 633 914 0 0.0548 441 475 699 711 11 0.0547 446 474 702 701 13 0.0546 387 789 633 1023 7 0.0544 589 387 831 626 3 0.0543 568 583 816 837 7 0.0543 579 519 833 765 7 0.0542 385 787 634 1023 5 0.0542 584 384 825 623 10 0.0541 381 790 628 1023 11 0.0541 573 522 833 761 11 0.0539 585 389 828 622 0 0.0539 504 664 762 902 3 0.0535 437 545 700 788 7 0.0535 385 467 645 706 6 0.0534 591 388 835 626 13 0.0532 576 520 837 769 5 0.0531 429 538 694 780 10 0.0528 576 521 827 763 10 0.0527 562 668 819 898 8 0.0525 587 388 821 623 11 0.0525 559 670 820 898 2 0.0523 508 668 760 896 6 0.0523 375 606 632 833 10 0.0522 435 679 698 905 11 0.0517 387 397 643 637 0 0.0516 380 788 628 1023 3 0.0514 385 789 628 1023 0 0.0513 373 683 640 915 5 0.0513 370 680 636 911 5 0.0511 311 462 587 704 6 0.0511 386 790 630 1023 6 0.0510 395 395 647 639 2 0.0509 386 791 631 1023 13 0.0502 589 392 837 627 0 0.0502 373 542 630 782 8 0.0502 375 545 623 773 8 0.0501 392 396 636 640
MrNJXiQXTUmvqonYeZEcXpTzNaragQX6,6 0.0625 185 0 444 212 8 0.0614 126 0 373 207 0 0.0609 182 1 439 218 11 0.0594 122 2 383 204 8 0.0591 439 792 694 1023 5 0.0585 499 783 753 1021 8 0.0584 3 711 226 956 11 0.0581 522 658 763 900 11 0.0579 439 791 700 1020 7 0.0577 443 791 705 1023 0 0.0574 391 722 632 961 5 0.0570 118 0 378 208 13 0.0566 274 874 642 1023 0 0.0566 507 792 761 1023 10 0.0564 178 7 442 211 8 0.0561 264 872 622 1023 11 0.0560 389 721 629 956 11 0.0560 36 24 295 261 0 0.0557 41 22 295 269 8 0.0556 388 723 624 959 7 0.0555 278 873 635 1023 3 0.0554 126 0 383 209 8 0.0549 522 660 760 903 13 0.0540 126 0 389 210 8 0.0538 43 18 284 266 11 0.0538 3 723 234 955 5 0.0537 390 654 633 898 10 0.0533 440 797 699 1019 3 0.0533 506 791 757 1023 11 0.0533 60 808 303 1018 7 0.0532 394 721 634 960 5 0.0532 36 12 291 266 0 0.0529 526 663 764 905 13 0.0528 43 20 300 269 7 0.0526 462 649 713 896 7 0.0525 179 0 442 211 0 0.0523 2 713 233 961 13 0.0523 445 793 705 1023 10 0.0520 388 726 630 956 3 0.0519 44 21 293 269 2 0.0518 444 797 703 1023 13 0.0517 390 725 637 959 0 0.0517 266 873 632 1023 6 0.0516 441 796 708 1022 0 0.0515 60 801 304 1023 3 0.0514 8 715 235 961 2 0.0514 398 668 640 903 7 0.0510 7 713 236 959 8 0.0509 230 0 497 202 6 0.0508 395 726 636 957 5 0.0507 517 653 761 904 11 0.0502 265 874 630 1020 3 0.0502 394 724 630 964 6 0.0500 8 717 239 954
DlygGAkruV2tgYOC5MpsI3LLunqnWm1q,11 0.0609 376 347 632 567 11 0.0607 442 469 699 702 0 0.0585 447 464 696 707 0 0.0570 506 531 771 771 8 0.0566 378 341 622 573 6 0.0563 447 466 703 705 8 0.0562 509 533 768 769 5 0.0561 371 582 626 846 7 0.0560 450 463 702 706 7 0.0552 326 454 588 707 11 0.0552 316 401 577 637 8 0.0550 447 465 692 704 5 0.0544 372 339 625 571 0 0.0544 378 339 627 573 6 0.0543 378 586 632 843 5 0.0543 249 465 505 721 11 0.0539 500 531 771 768 8 0.0539 321 398 564 642 3 0.0538 513 533 769 772 0 0.0533 380 521 633 776 11 0.0531 377 527 632 771 8 0.0529 377 588 620 845 7 0.0528 385 339 634 571 3 0.0527 379 591 630 852 5 0.0524 435 399 693 646 13 0.0523 448 524 703 769 11 0.0523 252 474 512 719 6 0.0519 381 344 633 574 3 0.0514 378 344 631 577 13 0.0513 381 586 637 849 7 0.0513 513 531 776 771 5 0.0511 437 519 694 768 13 0.0510 472 469 829 661 3 0.0508 474 467 821 665 10 0.0507 442 527 696 766 10 0.0505 383 462 634 705 13 0.0501 386 458 642 711 3 0.0500 387 463 637 709
MBp5jKel2tYU4hRcgAVTH0muTcgMxlcX,5 0.0679 367 779 611 1021 11 0.0678 371 785 614 1021 11 0.0661 251 783 494 1020 8 0.0661 370 782 610 1023 8 0.0656 252 778 492 1023 6 0.0651 371 786 616 1023 6 0.0637 253 784 500 1022 0 0.0636 370 783 613 1023 7 0.0631 253 780 497 1023 5 0.0629 247 778 494 1023 0 0.0622 250 783 496 1023 13 0.0615 253 782 502 1023 7 0.0608 372 781 616 1023 13 0.0600 374 784 621 1023 11 0.0598 429 716 685 963 10 0.0578 368 784 615 1022 3 0.0576 255 782 495 1023 0 0.0571 429 715 684 967 10 0.0567 248 785 496 1021 9 0.0564 368 783 613 1021 5 0.0563 426 709 682 963 8 0.0562 116 780 368 1018 3 0.0561 372 783 613 1023 6 0.0558 435 715 686 967 11 0.0558 110 788 380 1014 8 0.0554 434 716 678 964 11 0.0554 382 269 628 499 9 0.0549 249 782 499 1021 2 0.0549 254 789 498 1023 11 0.0547 250 326 501 560 2 0.0546 372 788 616 1023 0 0.0539 110 785 377 1022 7 0.0536 433 710 689 968 8 0.0532 384 266 620 503 5 0.0531 244 321 498 559 0 0.0530 253 328 502 564 7 0.0529 120 785 381 1018 0 0.0528 384 267 630 505 1 0.0523 249 778 497 1023 12 0.0521 375 781 614 1023 8 0.0520 620 786 851 1020 5 0.0520 487 193 749 433 11 0.0517 430 333 688 567 11 0.0510 364 397 634 624 7 0.0510 438 329 688 566 4 0.0510 251 786 500 1023 5 0.0507 103 780 377 1017 10 0.0507 105 788 374 1014 0 0.0506 561 735 823 970 12 0.0502 254 781 498 1023 1 0.0500 368 778 614 1023 13 0.0500 134 348 408 584
yFiQoOEOTP6yO3KMmiAQ5zkBjdww7icn,11 0.0654 388 530 644 766 0 0.0637 0 741 256 974 0 0.0633 391 528 645 770 11 0.0623 446 461 699 701 8 0.0613 396 453 635 696 7 0.0607 399 453 645 697 6 0.0591 454 525 707 769 13 0.0589 393 528 651 767 3 0.0578 398 531 644 772 8 0.0578 452 522 694 770 7 0.0574 455 523 705 771 0 0.0573 451 459 700 707 6 0.0572 399 457 644 696 11 0.0570 442 346 699 569 10 0.0569 394 459 643 696 3 0.0569 458 460 696 710 13 0.0566 454 457 706 705 0 0.0564 443 345 696 572 5 0.0561 389 447 638 694 5 0.0553 444 517 701 768 5 0.0550 436 338 692 569 13 0.0549 501 531 770 766 10 0.0544 450 527 705 770 5 0.0543 0 737 254 969 11 0.0542 0 744 263 970 8 0.0541 506 461 750 700 2 0.0539 395 535 642 771 13 0.0535 447 345 705 571 3 0.0534 449 343 695 576 9 0.0529 392 530 645 761 8 0.0525 0 736 250 969 7 0.0520 5 739 260 974 8 0.0519 443 270 687 493 12 0.0515 399 454 641 696 6 0.0514 1 743 261 971
7FAAeShacEf6FsFmuaOZu7TfN5huWW5y,11 0.0642 439 478 705 700 0 0.0624 250 540 504 793 8 0.0597 317 468 570 708 3 0.0594 323 469 575 711 0 0.0594 453 542 721 771 11 0.0593 319 535 586 776 0 0.0590 501 470 777 697 0 0.0585 318 467 575 707 13 0.0583 322 467 580 708 8 0.0583 249 544 497 788 8 0.0582 447 481 699 702 7 0.0580 320 464 580 704 8 0.0577 323 592 582 841 11 0.0576 502 535 778 755 7 0.0576 444 476 709 699 10 0.0575 319 539 585 777 5 0.0575 246 539 505 783 11 0.0572 238 483 502 711 5 0.0567 438 473 703 699 11 0.0566 254 596 516 843 8 0.0564 513 538 771 756 8 0.0564 500 410 753 626 3 0.0563 449 479 705 707 11 0.0557 307 340 575 564 10 0.0555 243 485 502 710 7 0.0550 330 591 592 839 7 0.0541 314 334 576 560 5 0.0538 314 463 573 705 11 0.0537 561 461 835 696 8 0.0536 441 609 703 839 11 0.0536 493 409 758 628 3 0.0533 504 408 758 634 0 0.0532 328 590 584 843 3 0.0530 315 339 572 572 13 0.0530 446 607 718 838 11 0.0528 159 238 443 450 6 0.0528 346 541 724 728 3 0.0527 329 595 585 844 6 0.0527 259 596 519 845 6 0.0526 442 608 710 841 11 0.0523 426 679 701 899 7 0.0522 252 541 508 789 2 0.0522 320 540 586 780 5 0.0521 308 331 568 562 13 0.0520 255 543 511 789 9 0.0516 450 540 719 767 5 0.0515 497 531 773 757 5 0.0515 489 402 762 627 8 0.0513 570 460 827 692 5 0.0513 370 600 643 827 7 0.0511 509 532 783 760 7 0.0511 173 233 442 455 7 0.0510 443 606 716 839 13 0.0510 330 593 592 840 0 0.0508 428 676 701 904 8 0.0508 192 479 431 715 10 0.0508 444 481 708 699 10 0.0505 256 599 513 844 9 0.0505 370 601 643 829 1 0.0503 315 459 575 704 8 0.0503 313 153 559 385 6 0.0503 374 672 641 902 2 0.0503 245 486 503 714 8 0.0501 370 672 635 903
BtL8zT8qJYlwtM8VNm4sPPY2eKrFbKMT,8 0.0586 242 793 481 1022 5 0.0585 237 793 483 1020 11 0.0582 242 798 490 1018 11 0.0564 521 593 759 819 7 0.0564 240 794 490 1023 11 0.0563 463 522 701 747 13 0.0549 247 799 496 1022 0 0.0540 242 799 490 1023 8 0.0534 461 522 693 747 0 0.0529 466 586 700 817 8 0.0523 252 647 496 887 11 0.0516 176 644 431 878 7 0.0513 255 644 515 890 7 0.0507 473 583 702 812 0 0.0505 254 644 512 892 5 0.0500 306 701 563 947
yPGqQmNtqO2BOGYKeK2EHXKAzZuYqjIO,5 0.0635 373 516 638 770 7 0.0607 381 456 647 708 11 0.0597 433 400 706 642 8 0.0586 378 457 637 704 6 0.0580 374 398 643 641 11 0.0575 307 336 570 559 13 0.0574 434 470 712 714 8 0.0572 413 419 734 597 5 0.0569 299 447 572 692 6 0.0566 379 525 644 773 13 0.0565 312 400 577 638 3 0.0564 443 397 703 648 13 0.0561 418 420 753 599 8 0.0561 311 518 564 762 7 0.0559 509 393 768 637 8 0.0559 441 527 706 782 9 0.0559 376 518 640 766 7 0.0558 314 516 576 762 11 0.0553 308 516 566 759 6 0.0552 434 327 696 568 7 0.0552 442 526 719 787 13 0.0549 380 335 646 575 8 0.0549 312 401 562 636 11 0.0542 437 531 709 782 6 0.0539 580 465 829 702 6 0.0539 305 460 574 697 11 0.0533 255 274 501 503 10 0.0532 443 537 713 785 11 0.0532 573 463 828 702 0 0.0531 430 329 693 571 5 0.0529 303 328 568 556 0 0.0529 305 399 570 639 0 0.0528 574 461 829 707 6 0.0527 312 336 573 562 5 0.0524 437 598 714 842 3 0.0523 313 336 572 567 7 0.0523 434 327 698 568 11 0.0523 392 282 652 505 5 0.0521 496 391 760 633 7 0.0521 312 401 572 637 13 0.0519 251 332 511 568 0 0.0519 503 395 763 634 10 0.0518 376 461 645 706 13 0.0517 242 452 508 695 13 0.0514 579 463 836 703 0 0.0512 245 332 508 567 3 0.0512 444 531 712 790 3 0.0510 401 278 654 514 10 0.0510 313 522 573 764 13 0.0508 441 603 724 845 2 0.0507 384 524 640 773 11 0.0507 238 391 501 626 0 0.0507 443 531 713 787 0 0.0506 321 270 574 506 6 0.0506 441 608 719 848 0 0.0504 375 455 641 707 10 0.0504 396 282 651 506 8 0.0503 254 330 498 564 5 0.0502 251 211 498 440
v5DQxvjopcdZVh1D30aJRqNtxbLMnxFm,11 0.0586 297 732 569 957 8 0.0564 182 336 427 561 5 0.0551 173 332 429 557 0 0.0551 145 471 517 662 0 0.0550 441 282 712 514 0 0.0548 177 334 432 563 11 0.0545 320 408 583 633 11 0.0543 177 340 435 556 11 0.0532 260 654 514 879 7 0.0531 192 666 568 859 0 0.0525 320 408 580 638 7 0.0524 301 726 573 960 7 0.0523 181 335 436 559 0 0.0522 296 725 567 961 5 0.0519 139 665 458 852 10 0.0518 178 340 431 560 5 0.0514 291 724 560 955 3 0.0507 330 406 579 644 13 0.0506 158 671 482 857 0 0.0505 255 651 517 886 13 0.0503 163 470 522 660 3 0.0501 180 338 432 564 8 0.0501 257 652 509 887
2eR1qlrJ9RJRHykpF4kpjwSIaWu1XPgJ,8 0.0589 241 666 489 891 5 0.0574 241 825 505 1019 11 0.0568 308 281 574 506 7 0.0566 238 722 508 961 5 0.0565 717 50 1020 221 8 0.0554 747 72 1002 313 11 0.0553 434 730 691 961 11 0.0546 245 832 506 1021 3 0.0544 315 278 570 513 8 0.0542 362 713 610 946 0 0.0541 306 275 565 509 11 0.0541 239 666 500 894 0 0.0539 723 55 1023 225 7 0.0538 367 708 623 949 11 0.0536 106 800 379 1023 8 0.0535 249 830 499 1022 8 0.0533 380 605 615 816 11 0.0533 376 600 625 818 10 0.0532 312 280 570 509 5 0.0531 358 708 618 945 5 0.0528 305 274 568 506 0 0.0528 241 660 501 899 13 0.0527 315 279 578 511 8 0.0524 310 278 560 510 7 0.0520 385 599 633 819 11 0.0520 718 52 1023 222 0 0.0520 365 710 620 949 0 0.0514 247 832 509 1023 13 0.0511 255 831 517 1023 7 0.0507 318 277 572 511 8 0.0502 112 793 361 1022
EXKtZYq1iIpAQOdfoNjUvV7B8eVx6VNT,5 0.0655 507 335 745 569 11 0.0637 380 345 640 582 11 0.0621 514 287 753 511 0 0.0609 514 284 750 514 5 0.0604 435 399 698 634 8 0.0600 576 336 820 570 7 0.0596 380 344 641 585 3 0.0591 513 340 749 574 7 0.0589 517 342 751 568 3 0.0589 380 343 641 589 11 0.0584 574 343 826 568 0 0.0582 377 345 639 582 11 0.0581 310 409 577 637 8 0.0581 443 404 700 632 8 0.0576 511 281 749 512 0 0.0571 575 340 824 571 6 0.0570 442 405 707 632 6 0.0570 515 343 753 569 5 0.0568 568 268 816 504 13 0.0568 315 279 579 519 11 0.0566 312 281 570 516 11 0.0565 641 211 889 451 13 0.0554 379 405 639 638 13 0.0552 576 273 826 505 8 0.0552 378 344 633 582 8 0.0547 642 272 885 518 10 0.0546 511 343 752 568 0 0.0543 565 144 835 389 0 0.0541 314 278 572 517 6 0.0532 579 409 826 638 8 0.0532 567 140 828 387 3 0.0530 311 282 572 525 0 0.0528 313 409 574 639 6 0.0528 577 276 824 504 10 0.0527 441 404 704 634 7 0.0526 318 412 575 642 5 0.0526 571 405 817 637 13 0.0524 514 340 753 568 8 0.0522 319 283 563 518 2 0.0520 446 410 705 633 7 0.0520 315 278 575 520 2 0.0516 513 291 752 511 0 0.0515 643 207 889 457 11 0.0514 567 149 834 384 10 0.0514 569 277 823 501 5 0.0513 562 140 829 384 3 0.0513 317 411 578 645 5 0.0511 308 274 564 514 6 0.0511 321 277 575 516 11 0.0510 766 201 1023 448 3 0.0509 644 212 886 461 13 0.0507 580 408 827 639 5 0.0506 640 201 885 453 9 0.0503 509 284 755 508
haw6T2fPsgZNVR6Eof53oSRlKogDxKD8,5 0.0547 765 138 1023 387 8 0.0510 49 477 308 703 13 0.0505 774 146 1023 396 7 0.0502 770 148 1023 387 6 0.0502 774 140 1023 389
hxeWXAXDmrO6FNnhkLVOqiGITLr7Daqe,0 0.0616 252 209 502 441 11 0.0591 244 277 496 504 7 0.0572 253 272 495 510 11 0.0567 5 359 258 578 6 0.0560 251 273 494 508 8 0.0556 0 403 240 644 0 0.0550 246 329 495 572 11 0.0549 190 212 449 439 5 0.0549 0 408 245 641 8 0.0549 10 276 251 530 5 0.0546 182 278 441 514 11 0.0544 310 341 578 578 11 0.0542 314 215 571 431 0 0.0541 0 414 249 645 11 0.0536 249 124 506 355 13 0.0536 192 281 454 513 8 0.0536 189 279 440 511 5 0.0536 245 205 498 439 8 0.0531 323 274 563 510 11 0.0530 378 271 641 506 13 0.0528 7 357 265 579 3 0.0528 5 409 251 645 3 0.0528 322 275 570 517 0 0.0526 320 272 571 511 13 0.0522 254 209 508 444 6 0.0518 317 337 579 579 11 0.0517 10 539 249 764 13 0.0516 325 272 578 516 6 0.0515 324 208 572 433 3 0.0515 254 210 501 445 5 0.0512 316 268 566 509 0 0.0506 7 537 248 770 10 0.0506 184 287 443 509 6 0.0505 2 410 260 639 10 0.0505 0 416 257 640 7 0.0504 10 533 252 770
iztqko9RziVwDImFMIT2mdxFyE56zCAr,0 0.0578 447 589 709 833 5 0.0575 437 647 696 891 5 0.0569 245 318 507 574 11 0.0568 181 599 435 831 7 0.0566 185 322 432 580 0 0.0554 179 600 433 840 11 0.0551 310 330 572 579 11 0.0545 446 591 710 829 11 0.0541 115 670 388 897 11 0.0538 175 270 439 503 8 0.0535 184 597 430 835 5 0.0534 378 580 626 831 8 0.0534 443 654 693 893 6 0.0530 179 267 443 509 6 0.0529 442 653 703 894 5 0.0527 178 593 434 830 3 0.0522 444 652 699 900 13 0.0522 446 651 709 895 13 0.0515 185 324 439 584 13 0.0514 389 582 639 836 7 0.0511 186 597 440 835 5 0.0508 168 259 436 500 7 0.0506 246 260 512 508 3 0.0505 179 266 436 515 3 0.0502 250 327 506 585 7 0.0501 452 588 714 832 6 0.0501 186 599 438 833
hQ0ZBbpTHQw4vcAnOtCqfReaYIif8odM,11 0.0571 427 333 691 570 11 0.0559 503 398 762 628 5 0.0554 499 393 761 624 8 0.0551 503 396 756 624 11 0.0543 493 268 751 506 3 0.0543 431 272 680 510 3 0.0540 506 398 762 633 11 0.0540 424 214 680 449 0 0.0538 505 396 763 625 6 0.0536 436 333 697 572 5 0.0535 497 583 743 807 8 0.0529 426 212 671 449 10 0.0529 501 402 761 625 5 0.0524 423 328 689 570 0 0.0523 495 263 749 506 8 0.0523 429 332 685 571 13 0.0523 508 399 772 625 8 0.0515 494 266 742 502 5 0.0512 491 262 743 503 3 0.0511 503 209 744 464 7 0.0510 499 267 750 506 10 0.0508 429 334 692 570 6 0.0506 508 398 766 624 11 0.0501 499 591 753 806
ZeXqazNoUTX3IzdEteaH4ECj5FXCBXIk,11 0.0595 444 215 696 445 7 0.0550 392 204 638 442 0 0.0550 386 208 634 444 8 0.0546 450 215 690 445 3 0.0544 454 215 694 449 13 0.0537 453 215 699 446 11 0.0534 391 148 633 376 11 0.0533 375 269 631 498 7 0.0513 454 140 696 379 8 0.0512 394 146 627 378 3 0.0504 453 28 687 266
4cN7PX5xOPOXYWjTVnSG05jE0kPZY3H0,11 0.0559 764 2 1023 197 11 0.0538 311 465 576 706 3 0.0528 320 463 575 713 13 0.0511 766 0 1023 202 10 0.0508 765 2 1020 199 8 0.0508 763 0 1013 196 0 0.0506 248 21 489 245 8 0.0506 256 17 485 243 6 0.0505 766 4 1023 196
nDdfyzGZiaJrC6GNeMcIEh0LT6dCu8cI,5 0.0549 483 0 744 193 11 0.0538 421 3 698 184 7 0.0534 429 0 698 189 11 0.0532 702 276 949 507 8 0.0531 422 0 687 186 0 0.0526 754 382 1009 638 11 0.0524 247 609 503 839 8 0.0519 707 269 939 507 13 0.0514 433 0 702 187 8 0.0513 764 373 1006 637 5 0.0513 241 600 498 841 11 0.0512 294 459 560 706 5 0.0512 700 269 945 508 11 0.0510 289 679 573 900 3 0.0510 488 0 746 201
ZwCe1LrnTzcPuFt4qK9QTscLgEtOjthA,7 0.0620 181 711 432 954 11 0.0611 313 658 567 888 7 0.0591 320 655 567 891 0 0.0572 253 648 505 897 5 0.0571 247 645 502 892 11 0.0570 178 716 429 950 5 0.0564 177 708 426 952 8 0.0560 180 713 423 954 8 0.0559 315 658 558 886 0 0.0556 182 713 432 957 6 0.0552 255 649 510 891 0 0.0547 322 592 574 825 0 0.0546 185 587 426 825 3 0.0543 185 714 431 958 10 0.0537 180 717 432 952 13 0.0532 183 715 438 953 6 0.0530 183 715 434 953 0 0.0529 252 446 499 678 7 0.0525 252 585 506 827 13 0.0523 255 649 513 893 11 0.0520 247 590 500 821 10 0.0518 252 653 505 893 5 0.0517 171 245 428 474 0 0.0515 253 262 502 485 5 0.0513 318 590 565 820 13 0.0511 255 259 511 484 13 0.0510 258 391 518 609 3 0.0510 255 649 505 900 7 0.0508 186 522 443 774 11 0.0505 174 253 442 468 8 0.0504 251 325 489 542 11 0.0504 303 11 570 253 11 0.0503 310 530 567 761
7jmLVujCaOudQW2lPxgEpmUsD8C3s1Cr,8 0.0652 1 784 229 1014 5 0.0647 0 785 231 1016 0 0.0646 0 784 236 1019 11 0.0638 0 788 233 1013 6 0.0627 0 788 236 1012 0 0.0620 724 816 1023 993 7 0.0601 1 781 237 1018 11 0.0587 729 816 1022 988 5 0.0585 439 382 693 640 6 0.0582 256 338 509 587 3 0.0575 0 785 231 1022 8 0.0572 729 815 1017 987 8 0.0572 445 389 689 644 5 0.0571 725 813 1016 986 5 0.0567 241 336 499 586 10 0.0563 0 791 231 1015 0 0.0561 252 339 501 589 8 0.0560 254 336 497 588 7 0.0554 253 338 507 588 0 0.0551 0 663 258 907 0 0.0549 447 390 692 645 1 0.0544 0 782 235 1016 6 0.0543 450 392 696 645 8 0.0541 2 659 250 903 13 0.0541 451 391 700 639 11 0.0540 247 341 501 582 11 0.0538 1 665 260 904 13 0.0535 1 788 238 1016 13 0.0530 257 337 511 591 0 0.0525 638 479 1003 663 13 0.0524 736 816 1023 989 3 0.0521 454 393 694 650 3 0.0518 252 340 503 592 7 0.0517 448 387 698 648 5 0.0515 311 190 582 422 5 0.0515 634 477 1005 659 2 0.0511 249 343 502 587 11 0.0510 440 393 695 642 2 0.0510 2 792 236 1018 2 0.0506 729 821 1023 988 5 0.0504 113 448 386 684 12 0.0502 3 786 234 1016 4 0.0502 0 791 238 1017 11 0.0501 316 198 592 425
CMlykMz86Gpfcrm6yd7CjR6b2S515DNO,11 0.0631 245 266 510 500 11 0.0612 319 336 578 575 0 0.0610 252 516 503 775 11 0.0597 444 387 688 635 5 0.0593 240 451 501 709 5 0.0593 249 325 504 581 11 0.0591 244 393 506 645 8 0.0589 316 272 573 506 6 0.0587 264 596 513 845 0 0.0583 371 525 628 774 7 0.0582 451 325 699 578 6 0.0582 313 520 568 769 7 0.0581 249 454 506 712 11 0.0579 250 519 502 767 8 0.0578 447 387 683 635 8 0.0578 255 517 500 771 6 0.0578 260 329 509 583 3 0.0575 377 526 630 778 7 0.0574 313 386 573 648 7 0.0571 262 594 512 846 5 0.0570 312 268 579 504 0 0.0569 317 267 579 505 0 0.0568 451 479 818 659 5 0.0568 254 591 507 838 5 0.0567 367 448 628 698 6 0.0566 198 515 453 775 7 0.0564 312 520 569 771 7 0.0563 446 451 708 696 0 0.0561 386 327 639 575 11 0.0557 369 528 628 766 3 0.0557 256 334 506 591 11 0.0556 184 325 444 575 0 0.0553 259 196 514 434 5 0.0551 447 509 707 768 3 0.0551 392 329 642 580 13 0.0546 316 519 574 770 5 0.0545 445 379 687 635 9 0.0544 308 389 566 635 6 0.0544 375 453 629 699 8 0.0544 313 391 563 641 6 0.0542 454 519 713 770 8 0.0542 373 528 624 771 8 0.0542 128 470 381 711 0 0.0539 246 392 507 647 5 0.0537 374 601 630 837 13 0.0536 198 516 456 777 3 0.0534 515 393 759 648 10 0.0533 247 527 501 769 10 0.0532 379 395 633 643 7 0.0532 322 269 584 511 6 0.0531 451 385 689 637 7 0.0529 191 385 452 637 2 0.0528 247 460 500 711 13 0.0526 450 450 707 694 8 0.0523 581 397 820 651 11 0.0522 573 398 831 647 3 0.0522 249 457 503 718 13 0.0522 326 333 584 579 13 0.0521 262 593 519 843 10 0.0518 307 453 567 704 8 0.0518 195 600 438 844 3 0.0517 319 272 582 512 2 0.0516 381 396 629 644 0 0.0516 185 324 443 582 5 0.0516 116 465 380 708 0 0.0514 190 597 446 850 12 0.0513 384 391 630 647 10 0.0511 446 333 696 575
EvXvgicU2u0ySDiSfsR2ITdLhVnN5bME,11 0.0592 77 0 441 139 11 0.0591 363 526 630 773 8 0.0589 368 522 623 773 5 0.0582 410 550 761 728 11 0.0574 587 544 934 713 7 0.0568 426 555 769 729 3 0.0567 424 554 766 731 11 0.0565 374 276 640 496 6 0.0546 421 553 770 727 0 0.0544 420 556 768 728 13 0.0541 366 527 636 777 11 0.0539 345 676 716 848 5 0.0533 580 542 923 714 8 0.0528 247 511 489 761 13 0.0528 592 546 943 714 6 0.0527 367 586 637 829 7 0.0527 370 523 631 777 10 0.0525 415 557 766 727 0 0.0524 587 545 933 716 5 0.0524 339 613 695 791 0 0.0522 185 0 432 209 0 0.0521 347 616 701 793 8 0.0518 590 545 916 714 5 0.0511 375 269 631 491 3 0.0510 595 543 931 719 12 0.0508 368 524 634 777 6 0.0507 193 0 436 202 10 0.0507 587 548 927 713 5 0.0505 75 0 432 142 9 0.0504 416 554 767 724 8 0.0503 80 1 423 140 3 0.0502 381 276 637 504 6 0.0501 381 278 640 497
OvuqCZuIdwg4Fe9675tulwYpPUFwxsMO,14 1.0 0 0 1 1
aWNkQB5ac7RSbcifkJobk6PGnKaOEFlh,11 0.0608 241 537 491 762 6 0.0595 248 535 493 759 5 0.0588 495 450 753 692 0 0.0583 188 466 430 700 11 0.0570 182 467 431 696 5 0.0569 505 583 775 832 0 0.0568 509 517 764 764 3 0.0566 511 515 764 769 8 0.0566 321 543 567 777 6 0.0565 182 412 426 631 0 0.0564 498 405 748 639 8 0.0563 187 530 418 758 5 0.0562 182 527 416 755 7 0.0557 503 455 757 695 5 0.0556 490 342 753 568 7 0.0553 186 464 431 699 8 0.0552 684 0 936 190 5 0.0551 165 349 418 578 6 0.0548 123 471 368 705 7 0.0547 315 542 577 775 3 0.0546 187 533 419 764 3 0.0545 503 406 746 637 7 0.0544 241 604 493 831 8 0.0544 121 472 362 708 0 0.0544 107 411 365 652 11 0.0541 248 412 497 634 0 0.0540 167 358 429 586 5 0.0538 245 402 489 632 8 0.0537 243 603 486 831 10 0.0536 504 518 768 762 6 0.0535 510 515 771 758 3 0.0532 376 536 640 784 13 0.0531 512 517 773 766 8 0.0529 174 359 420 582 8 0.0529 499 451 746 690 5 0.0528 235 600 486 824 0 0.0527 549 612 897 793 0 0.0526 244 603 491 832 10 0.0526 182 535 419 758 13 0.0524 319 546 578 775 7 0.0524 448 526 715 773 11 0.0523 503 517 767 760 3 0.0521 258 469 488 702 7 0.0519 173 351 427 581 13 0.0519 503 404 753 635 0 0.0518 316 544 573 778 6 0.0516 502 406 751 633 3 0.0515 184 413 422 638 5 0.0515 362 455 625 700 5 0.0514 306 536 570 770 8 0.0512 447 525 701 774 11 0.0512 168 358 426 579 3 0.0512 123 471 362 714 11 0.0510 107 416 368 645 7 0.0509 113 411 365 648 10 0.0505 240 608 492 828 7 0.0504 516 583 787 834 2 0.0502 186 538 419 764 8 0.0502 494 345 747 566
oz0XXpt7dTpY6s9Gzn7BC6xMBP8t67DB,0 0.0687 572 463 836 710 5 0.0664 566 459 833 705 0 0.0620 708 524 957 766 7 0.0594 576 463 838 705 11 0.0592 570 467 838 703 5 0.0583 502 397 761 628 8 0.0583 571 463 830 706 11 0.0583 708 524 958 757 6 0.0578 498 461 763 701 0 0.0573 509 400 766 631 2 0.0551 495 465 760 698 5 0.0545 369 323 644 552 7 0.0544 513 401 767 630 10 0.0542 568 467 835 703 7 0.0541 715 586 961 832 5 0.0538 706 519 957 762 13 0.0537 500 459 765 699 7 0.0535 375 673 648 910 3 0.0534 499 461 758 705 5 0.0532 316 589 571 845 8 0.0530 507 399 760 630 6 0.0528 650 459 902 699 0 0.0527 376 327 649 558 0 0.0526 431 657 713 898 10 0.0525 708 526 956 758 11 0.0524 308 657 573 899 8 0.0520 711 518 951 763 11 0.0518 509 403 766 629 8 0.0513 189 539 439 779 0 0.0512 320 596 573 851 6 0.0512 432 666 714 893 3 0.0512 715 588 954 839 0 0.0510 182 472 442 710 8 0.0501 375 675 634 905
YU4xFoO9YWzb5FVPdMSSOftDaby1UfV1,14 1.0 0 0 1 1
t4zbHHPxpTeB9pDCshdEVa3oqBMOivJy,11 0.0605 315 330 572 575 11 0.0600 460 530 711 763 11 0.0575 386 458 640 700 5 0.0564 460 518 712 760 13 0.0564 258 327 507 579 11 0.0549 250 202 508 443 8 0.0547 461 528 706 765 6 0.0541 256 329 505 572 8 0.0539 254 327 493 575 11 0.0539 380 671 624 899 7 0.0532 392 394 642 636 6 0.0531 395 461 645 699 11 0.0530 179 339 430 571 8 0.0526 387 457 633 704 7 0.0526 465 525 719 765 11 0.0523 233 399 505 640 0 0.0523 384 519 640 766 7 0.0522 389 668 630 901 7 0.0522 256 326 505 574 5 0.0521 247 323 499 570 0 0.0520 252 327 502 577 8 0.0519 253 203 494 446 3 0.0519 254 328 500 581 13 0.0515 393 454 650 699 13 0.0515 185 408 439 648 13 0.0514 469 525 719 762 11 0.0513 305 519 567 759 5 0.0512 305 508 569 762 5 0.0511 387 450 643 697 13 0.0504 257 199 516 449 10 0.0503 255 333 500 574 8 0.0503 378 343 624 577 7 0.0502 237 457 510 704
QPzxR0tC7a1RAHT40xkngearRvb57blw,11 0.0613 380 405 651 644 5 0.0593 378 402 648 643 6 0.0588 384 408 656 646 0 0.0577 387 405 654 649 7 0.0576 312 394 583 639 8 0.0570 306 393 567 636 8 0.0569 253 156 498 384 13 0.0568 310 396 584 639 11 0.0559 316 148 580 369 10 0.0559 252 158 503 382 0 0.0539 319 149 578 372 0 0.0534 241 461 508 711 11 0.0533 187 604 438 835 5 0.0525 250 154 501 383 3 0.0524 307 400 578 644 8 0.0521 238 461 498 705 10 0.0516 381 411 652 647 6 0.0512 257 157 509 382 3 0.0511 326 145 582 379 13 0.0508 323 147 587 375 11 0.0507 234 465 507 703
umjfvh0qDr5zVgjRReXIx3zTuKI0jfbu,11 0.0563 285 477 658 660 11 0.0556 197 468 451 706 11 0.0529 331 320 585 553 0 0.0527 317 249 574 485 7 0.0519 513 335 755 575 0 0.0517 505 339 749 577 11 0.0516 510 403 759 634 13 0.0514 206 469 457 709 3 0.0514 298 474 659 664 13 0.0514 294 478 668 660 11 0.0513 240 730 505 948 0 0.0510 335 404 580 635 11 0.0508 320 523 578 756 0 0.0507 265 462 517 700 3 0.0506 511 336 750 581 8 0.0502 323 250 561 487 3 0.0501 321 246 573 489
NsaUP1btFkqjHlf3939HBGHzOe4ADDpN,11 0.0655 372 734 637 971 11 0.0653 396 674 757 854 5 0.0630 371 728 635 972 0 0.0624 399 673 759 857 0 0.0603 376 728 642 977 8 0.0600 399 672 749 855 7 0.0598 382 732 642 976 8 0.0594 379 730 632 974 8 0.0593 180 790 427 1023 10 0.0588 374 734 636 971 5 0.0575 395 671 750 855 3 0.0573 381 730 637 978 11 0.0568 241 739 498 973 10 0.0565 397 676 754 854 7 0.0564 406 672 761 856 3 0.0561 403 672 754 858 5 0.0550 174 789 429 1019 13 0.0547 384 732 646 974 13 0.0547 183 794 438 1023 6 0.0533 380 730 641 972 8 0.0532 249 732 493 975 6 0.0531 404 674 759 854 12 0.0524 380 730 639 973 9 0.0523 376 730 634 967 6 0.0520 185 794 433 1022 5 0.0519 242 731 494 971 11 0.0518 692 2 948 200 7 0.0518 184 791 437 1022 10 0.0517 245 740 499 974 0 0.0516 249 734 503 977 10 0.0512 180 799 433 1023 13 0.0512 405 673 762 855 2 0.0512 381 732 639 975 2 0.0508 400 677 759 855 1 0.0507 373 725 638 972 5 0.0504 686 0 944 201 0 0.0502 699 3 946 204 13 0.0501 255 735 509 979
Flup1fEbMeReoAKObXEOTx701X6c6qfM,11 0.0546 511 467 768 686 5 0.0530 96 403 449 613 8 0.0521 99 409 438 616 8 0.0519 374 656 628 891 5 0.0512 20 477 377 683 8 0.0512 515 465 758 690 11 0.0500 365 657 637 886
XTx7A0kJ1ls77sloIMQRwA70CJ3hmICt,8 0.0641 380 525 624 761 7 0.0638 312 522 567 755 11 0.0635 372 400 632 636 0 0.0625 374 399 631 637 8 0.0612 309 454 557 691 7 0.0611 383 462 632 700 7 0.0608 255 384 511 625 11 0.0602 308 523 565 756 5 0.0593 306 520 560 753 3 0.0592 309 525 564 763 6 0.0583 380 465 633 700 5 0.0582 377 458 624 700 13 0.0581 380 463 634 700 8 0.0581 421 341 689 579 8 0.0581 257 390 502 623 10 0.0579 378 465 627 701 0 0.0579 304 329 558 578 11 0.0571 355 273 627 504 11 0.0571 296 333 562 572 5 0.0570 240 451 507 696 3 0.0567 380 466 629 705 6 0.0561 369 336 637 576 2 0.0557 379 468 626 701 0 0.0553 379 524 630 764 3 0.0551 249 454 508 700 5 0.0548 312 386 566 631 9 0.0547 370 399 631 634 13 0.0546 304 333 566 577 3 0.0545 316 393 568 632 0 0.0543 357 268 624 508 10 0.0539 308 523 565 757 2 0.0532 316 397 569 628 13 0.0531 424 339 704 580 5 0.0529 419 338 691 580 9 0.0528 305 454 563 690 13 0.0527 314 521 571 761 7 0.0526 429 339 702 581 10 0.0524 246 458 509 697 13 0.0523 363 272 632 507 5 0.0521 228 330 495 575 10 0.0520 369 334 630 576 8 0.0520 242 284 490 514 3 0.0517 237 338 492 579 11 0.0517 302 155 563 383 6 0.0516 313 524 566 759 6 0.0516 256 389 514 628 7 0.0516 242 282 499 513 8 0.0515 361 273 615 504 2 0.0514 312 526 562 758 9 0.0513 376 526 629 758 5 0.0511 300 268 559 507 0 0.0508 243 510 509 750 12 0.0501 382 525 632 764 5 0.0501 568 70 828 316 13 0.0500 252 452 514 700 7 0.0500 363 271 626 505
XjrhyqYgs102Mbg08vHQvHMi56SgkUgW,8 0.0612 584 596 834 830 7 0.0583 561 777 815 1020 7 0.0569 585 592 847 834 5 0.0567 428 767 689 999 5 0.0565 551 772 806 1012 0 0.0561 584 597 839 835 7 0.0552 445 773 698 1005 8 0.0551 312 284 555 507 5 0.0549 239 281 497 507 11 0.0548 430 393 694 629 11 0.0546 434 778 691 1003 11 0.0545 553 781 811 1017 13 0.0540 586 599 845 831 7 0.0540 371 291 628 508 11 0.0540 348 671 725 844 5 0.0537 572 590 836 831 8 0.0535 556 777 807 1016 5 0.0535 345 663 718 845 6 0.0534 584 596 842 834 0 0.0534 254 220 500 457 7 0.0529 498 385 776 615 5 0.0528 484 522 759 760 8 0.0527 492 529 752 759 3 0.0527 585 598 843 842 8 0.0527 362 670 715 844 8 0.0524 301 458 538 678 0 0.0521 498 390 769 619 10 0.0519 554 778 814 1020 11 0.0518 298 389 552 627 13 0.0517 564 782 819 1022 8 0.0517 438 776 688 1004 6 0.0516 491 533 765 764 11 0.0516 580 601 836 830 7 0.0515 493 529 764 757 11 0.0515 230 467 469 692 11 0.0514 487 534 759 759 6 0.0512 556 777 815 1020 0 0.0510 301 145 578 383 8 0.0510 251 223 491 453 8 0.0509 299 155 568 380 0 0.0508 490 535 758 762 10 0.0502 584 604 843 831 0 0.0502 312 281 566 512 6 0.0500 355 672 729 845
417deHuxBQcoyVAQw7ZS2UXUkqhTJlZT,7 0.0569 184 787 443 1018 11 0.0543 179 793 436 1016 11 0.0542 298 793 554 1008 7 0.0538 300 787 563 1008 8 0.0518 181 788 425 1018 0 0.0511 182 786 431 1023
NIFaljTZzOo2B86H7iBEWn1yDmrkZ194,5 0.0570 304 788 555 1019 0 0.0570 307 791 559 1023 7 0.0556 312 791 568 1023 6 0.0554 425 784 684 1016 6 0.0551 313 795 564 1020 0 0.0550 485 796 739 1023 8 0.0546 423 783 674 1017 7 0.0545 428 785 690 1020 13 0.0543 314 792 569 1023 8 0.0542 311 790 556 1023 5 0.0539 418 782 676 1014 13 0.0538 427 787 687 1021 11 0.0537 309 797 558 1020 11 0.0533 378 578 647 822 11 0.0513 379 451 640 684 11 0.0513 483 798 738 1015 0 0.0509 381 584 651 829 10 0.0505 309 793 560 1022 0 0.0504 503 399 768 640
6emhGSCtdghSkmcpHBoZTcscE5B03OzM,11 0.0551 480 670 833 850 8 0.0542 489 668 820 848 7 0.0532 418 672 762 853 11 0.0522 276 359 633 534 11 0.0520 288 415 559 638 0 0.0516 249 273 511 508 0 0.0515 410 674 757 853 13 0.0511 283 294 633 479 0 0.0509 372 208 644 437 13 0.0508 376 344 652 576 6 0.0505 413 675 761 852 0 0.0504 307 345 574 577
Rk0EGApkIJYV4YyejbJS3mDtKQ1NP7ES,11 0.0571 297 343 560 563 0 0.0556 568 272 819 512 11 0.0554 566 276 822 502 11 0.0549 636 807 884 1019 7 0.0542 368 330 619 555 0 0.0540 298 334 557 565 8 0.0537 569 273 815 502 10 0.0533 363 339 619 555 5 0.0531 360 331 617 552 6 0.0525 574 273 823 507 7 0.0524 574 275 823 508 0 0.0522 364 396 618 616 3 0.0519 370 336 616 557 5 0.0516 567 269 813 507 8 0.0504 365 400 609 610 3 0.0503 575 274 818 514 13 0.0503 369 334 623 558 2 0.0503 571 224 811 447 8 0.0502 634 805 876 1023
y0FVHSdiiwol7q7NThrInGgslIH1xwXQ,11 0.0645 379 211 649 449 5 0.0631 365 146 638 381 0 0.0616 511 214 766 454 5 0.0615 508 207 760 450 11 0.0614 379 347 642 580 3 0.0612 389 211 648 455 8 0.0610 371 152 636 386 11 0.0605 511 215 768 447 0 0.0600 372 148 640 386 7 0.0589 373 150 644 387 8 0.0589 440 267 699 503 8 0.0584 510 207 763 451 3 0.0581 516 211 765 459 3 0.0576 449 337 698 586 0 0.0573 439 273 701 505 7 0.0569 380 269 648 512 5 0.0565 641 459 899 704 0 0.0564 256 333 504 566 0 0.0563 569 288 833 519 2 0.0560 375 155 640 388 10 0.0558 381 213 653 450 7 0.0557 448 340 704 581 13 0.0554 579 290 840 513 5 0.0550 568 282 825 512 2 0.0550 442 276 704 504 6 0.0549 387 348 649 583 0 0.0548 641 469 905 707 6 0.0543 384 210 652 450 11 0.0542 255 339 508 561 11 0.0542 772 410 1023 644 11 0.0542 573 291 833 505 13 0.0541 514 213 773 450 13 0.0541 307 402 564 638 7 0.0540 515 213 767 453 11 0.0538 443 586 695 835 8 0.0532 385 344 639 582 6 0.0531 647 537 901 791 10 0.0530 510 215 769 453 10 0.0530 382 349 647 582 2 0.0528 513 222 766 452 6 0.0528 514 213 770 449 5 0.0524 440 577 696 829 8 0.0523 445 583 693 832 13 0.0519 444 271 709 504 0 0.0518 379 348 642 586 13 0.0516 377 152 645 385 5 0.0516 770 397 1022 640 9 0.0512 367 150 643 379 11 0.0511 638 539 893 781 8 0.0509 643 539 889 789 11 0.0504 635 353 909 577 8 0.0504 571 285 824 511 13 0.0504 389 350 649 585 7 0.0502 263 332 506 564 10 0.0501 300 410 560 633
oc6HMwKoKYJhL2dd7MjpUfKvP4SJjmIU,0 0.0534 322 400 569 643 5 0.0528 619 0 887 199 5 0.0528 172 458 428 705 8 0.0525 627 0 879 200 11 0.0523 308 339 572 570 11 0.0507 618 1 891 200 5 0.0507 247 390 499 633 8 0.0506 177 458 416 706 8 0.0506 624 417 887 653 11 0.0505 501 14 764 245 3 0.0504 628 2 889 205 5 0.0504 567 338 835 557 0 0.0501 176 463 423 707 8 0.0501 168 328 414 578
j2bomFwfRgVpjT5aWr6mPQVhpCWAYD6i,5 0.0657 242 470 511 717 5 0.0627 174 404 445 639 0 0.0611 311 401 572 643 11 0.0601 313 251 583 495 5 0.0598 306 397 567 640 5 0.0591 245 328 508 569 3 0.0586 249 403 507 638 7 0.0581 249 402 510 636 0 0.0579 248 476 516 719 11 0.0570 180 341 440 574 7 0.0567 317 247 583 500 5 0.0566 311 247 576 495 11 0.0564 244 475 515 714 6 0.0560 195 469 450 709 11 0.0554 309 401 572 637 13 0.0552 259 253 522 499 0 0.0548 304 188 577 432 6 0.0548 248 400 514 632 0 0.0545 393 467 641 724 3 0.0543 314 189 577 435 7 0.0541 186 338 444 575 0 0.0540 247 333 509 574 11 0.0538 174 2 445 197 10 0.0538 248 338 510 573 11 0.0537 126 798 384 1023 0 0.0535 182 410 447 645 13 0.0534 317 400 575 641 6 0.0534 320 251 582 496 8 0.0534 183 406 437 640 10 0.0533 245 481 518 716 10 0.0530 176 412 447 643 11 0.0528 509 339 773 567 11 0.0525 250 130 512 371 10 0.0524 181 1 443 193 6 0.0524 186 341 442 577 5 0.0523 387 463 635 721 8 0.0522 313 402 562 636 13 0.0522 254 474 521 719 7 0.0522 464 267 709 508 8 0.0521 179 1 437 194 11 0.0520 248 800 501 1015 6 0.0519 185 2 448 192 0 0.0519 189 197 451 453 11 0.0519 188 200 453 448 8 0.0518 188 268 435 507 6 0.0518 318 469 582 712 11 0.0518 454 272 708 506 0 0.0516 182 0 441 195 0 0.0516 447 331 707 577 11 0.0513 390 469 638 721 8 0.0513 248 476 507 713 3 0.0513 257 256 515 501 5 0.0511 179 263 441 507 13 0.0508 185 409 453 644 8 0.0508 451 329 699 571 2 0.0508 251 479 515 719 13 0.0507 396 466 642 725 8 0.0504 123 795 371 1023 8 0.0503 316 251 569 495 3 0.0502 397 469 636 729 10 0.0502 310 405 573 638 8 0.0502 252 332 502 572 3 0.0502 182 342 438 582 7 0.0501 184 1 446 196
9meuBJtcCZNkXbAbHuP0fZf50zDSBcXz,8 0.0548 579 473 816 700 7 0.0546 380 333 638 568 5 0.0545 493 399 742 623 3 0.0544 440 413 693 639 11 0.0539 430 413 698 632 11 0.0538 377 335 641 568 5 0.0535 370 323 631 567 0 0.0534 499 406 746 624 3 0.0531 382 333 638 573 11 0.0527 576 482 828 700 8 0.0517 650 527 882 771 7 0.0514 437 411 699 635 6 0.0512 439 409 699 633 3 0.0512 512 474 757 697 11 0.0509 497 532 748 746 0 0.0509 376 330 639 570 6 0.0508 510 468 760 691 13 0.0505 378 335 642 571 0 0.0503 580 478 827 703 0 0.0503 646 535 891 780 8 0.0502 381 333 629 565 5 0.0501 573 473 819 698
eBNvn68J6lrrZYTBaVeTN8a3UBU4lPXl,11 0.0590 187 790 434 1012 7 0.0580 175 392 432 639 8 0.0579 252 134 496 369 5 0.0578 246 193 514 441 7 0.0574 190 785 439 1014 6 0.0568 176 464 428 697 0 0.0566 260 262 523 514 0 0.0565 194 16 447 253 5 0.0557 182 257 445 500 11 0.0554 261 520 505 765 11 0.0554 249 401 506 643 11 0.0553 252 200 517 439 5 0.0550 187 124 449 374 11 0.0548 433 657 697 885 8 0.0546 186 790 426 1015 6 0.0546 193 265 451 505 8 0.0543 261 265 509 511 5 0.0542 247 17 500 250 5 0.0542 181 785 429 1010 11 0.0542 168 466 428 696 8 0.0540 439 655 688 885 7 0.0539 448 720 704 956 13 0.0539 254 333 518 580 13 0.0534 190 796 443 1015 0 0.0532 445 720 702 961 3 0.0532 252 202 519 451 3 0.0531 174 396 429 644 8 0.0530 256 26 498 251 7 0.0527 191 255 451 505 6 0.0525 194 131 455 378 8 0.0525 173 398 421 637 11 0.0524 182 263 449 500 11 0.0523 190 133 455 374 7 0.0522 257 196 520 445 7 0.0521 197 125 458 377 0 0.0520 185 790 437 1013 11 0.0519 186 18 451 253 10 0.0519 191 140 456 376 0 0.0516 254 131 504 373 6 0.0513 190 792 440 1017 13 0.0513 188 127 462 384 5 0.0513 164 386 431 633 13 0.0512 440 655 704 891 11 0.0511 92 400 380 632 13 0.0510 174 400 437 640 13 0.0510 194 16 453 262 11 0.0509 315 746 579 962 3 0.0505 186 267 453 511 6 0.0503 259 200 520 445 0 0.0502 256 395 507 648 5 0.0502 575 468 817 698 8 0.0501 576 468 815 698
gfqt66qIwAP4RYYsXjLfBp9dD3ImoZPw,11 0.0603 263 480 618 662 11 0.0585 432 584 702 825 11 0.0580 250 329 498 568 8 0.0575 309 456 573 697 0 0.0566 438 473 700 709 5 0.0565 259 479 611 661 0 0.0560 433 585 700 827 8 0.0556 431 583 696 827 8 0.0544 435 465 695 708 7 0.0543 313 455 590 699 7 0.0542 439 582 706 829 13 0.0541 302 521 570 771 11 0.0538 435 467 700 704 7 0.0534 189 472 440 714 13 0.0526 435 582 709 826 8 0.0524 250 335 485 572 5 0.0521 429 465 695 704 5 0.0510 248 328 490 568 6 0.0509 374 459 652 707 6 0.0502 438 587 709 827 0 0.0501 246 461 507 706 11 0.0500 182 480 441 710
Mh8bGuGVCrGgX122NGVX1TI1S9dpI3AJ,8 0.0581 505 531 760 760 6 0.0554 507 529 763 760 0 0.0551 503 533 763 764 7 0.0543 510 531 767 762 5 0.0539 185 270 436 497 13 0.0536 203 280 454 512 11 0.0525 500 533 762 757 7 0.0523 424 723 784 913 5 0.0514 263 322 516 560 3 0.0510 511 533 764 767 7 0.0509 369 791 637 1023 13 0.0507 510 531 767 761 11 0.0505 366 796 628 1022 11 0.0503 575 350 838 578 11 0.0501 336 337 592 571
55M2VpLzVwlpropQ9ApLdO9XT2YfYeAJ,5 0.0541 250 766 498 1006 11 0.0540 307 777 563 1005 10 0.0522 308 781 565 1005 5 0.0519 316 318 576 554 6 0.0512 323 321 582 556 11 0.0507 313 324 582 554 5 0.0503 348 404 704 600 7 0.0501 310 775 564 1013
8QibJUl85RjBHh7urESFS02fd6oLKZr9,11 0.0531 447 731 694 958 7 0.0527 455 801 699 1018 5 0.0505 443 797 689 1021
wHTmdsTKGLll7gmHklj155sQUp8GkyTJ,8 0.0673 117 785 373 1023 8 0.0657 328 776 565 1007 5 0.0643 110 785 375 1019 0 0.0608 45 803 298 1023 11 0.0607 388 792 640 1011 6 0.0603 1 796 246 1016 10 0.0591 110 792 376 1022 11 0.0589 147 797 519 977 8 0.0584 1 486 238 731 11 0.0582 616 528 888 770 7 0.0578 392 785 649 1015 7 0.0577 118 787 377 1023 8 0.0566 195 659 441 892 13 0.0565 332 777 583 1005 8 0.0564 497 453 752 691 3 0.0563 330 777 572 1013 5 0.0562 0 790 234 1013 11 0.0559 0 795 239 1015 7 0.0555 567 464 828 707 7 0.0552 1 795 241 1018 8 0.0550 0 793 233 1020 2 0.0547 116 795 374 1023 0 0.0547 567 466 828 707 5 0.0545 562 462 825 704 6 0.0544 119 790 382 1022 0 0.0542 143 796 523 980 11 0.0539 195 662 452 885 0 0.0537 493 527 756 771 13 0.0531 626 525 891 771 5 0.0528 324 778 571 1002 5 0.0528 61 497 320 735 6 0.0527 328 781 580 1003 11 0.0525 316 713 576 938 6 0.0525 570 468 828 705 13 0.0523 0 491 253 734 10 0.0523 194 665 448 890 5 0.0523 190 652 446 891 13 0.0516 118 788 384 1023 11 0.0515 490 525 751 764 8 0.0514 519 337 768 559 2 0.0513 564 470 826 708 8 0.0510 572 402 817 638 0 0.0509 387 788 646 1014 10 0.0507 0 799 240 1017 2 0.0507 0 802 242 1016 10 0.0506 326 779 573 1000 7 0.0505 499 526 757 768 0 0.0504 118 414 382 653 8 0.0502 570 530 823 771 9 0.0501 43 806 297 1019
vDelwe1HbOtX623mA92ZwNOxpRTJzXvQ,11 0.0562 110 194 378 417 0 0.0506 112 197 373 424
K7cV37CSbnLqnYiv2xON6ciT0fVgOnEy,8 0.0640 313 266 563 504 8 0.0601 374 322 627 566 5 0.0600 303 261 570 504 11 0.0598 316 326 573 562 13 0.0580 449 4 709 196 7 0.0578 258 546 516 772 3 0.0577 451 2 699 199 3 0.0569 262 324 513 573 6 0.0568 317 264 576 504 7 0.0566 321 322 575 562 11 0.0563 262 728 523 945 0 0.0562 313 267 573 507 13 0.0561 376 268 639 511 11 0.0561 441 0 704 197 2 0.0559 237 476 509 705 7 0.0556 337 605 592 833 0 0.0547 442 0 701 196 7 0.0546 325 456 579 696 11 0.0546 312 803 580 1020 5 0.0541 425 14 698 251 11 0.0538 385 530 629 768 8 0.0538 322 390 566 623 0 0.0537 331 600 589 841 11 0.0537 250 396 513 627 0 0.0533 263 725 525 954 13 0.0532 326 458 581 696 6 0.0532 325 390 581 622 2 0.0531 447 5 704 194 5 0.0530 250 539 506 768 3 0.0530 329 390 578 628 0 0.0529 252 394 513 632 13 0.0529 336 602 595 832 11 0.0525 187 322 447 565 7 0.0525 382 383 633 622 7 0.0523 448 0 703 197 7 0.0523 259 395 514 630 8 0.0521 240 212 496 441 5 0.0520 196 384 449 627 0 0.0519 256 156 517 397 11 0.0519 318 457 576 692 8 0.0518 443 0 694 197 5 0.0517 327 599 585 830 0 0.0516 250 540 515 776 6 0.0514 374 457 634 700 11 0.0510 253 548 512 770 8 0.0509 267 725 518 950 5 0.0507 257 724 518 948 3 0.0504 258 548 509 779 6 0.0503 337 603 597 827 0 0.0502 314 802 582 1023 13 0.0501 258 551 518 770 13 0.0500 383 383 635 622 7 0.0500 196 318 446 564 0 0.0500 374 325 638 571 13 0.0500 499 90 767 320
3kKxRW6fAZIN5CFwM6NkB2GX9l87ttH7,5 0.0631 305 343 569 579 7 0.0627 309 345 576 581 0 0.0611 307 349 573 583 11 0.0611 302 348 576 580 8 0.0609 305 346 565 578 3 0.0598 309 350 571 583 0 0.0597 243 278 514 509 5 0.0580 240 275 513 504 8 0.0566 246 276 510 504 6 0.0560 309 349 578 580 7 0.0554 251 276 518 505 8 0.0551 390 221 634 445 0 0.0550 444 0 695 211 5 0.0546 434 0 691 205 6 0.0536 442 0 704 208 0 0.0533 391 229 642 447 11 0.0526 380 2 645 195 10 0.0519 306 280 576 498 13 0.0514 248 281 523 508 2 0.0513 308 354 569 582 13 0.0511 309 349 577 582 11 0.0507 387 221 641 445 11 0.0505 502 3 755 197 12 0.0503 309 348 574 583 3 0.0501 445 0 699 211 1 0.0500 303 342 571 580
3kSY2ylpE4ux5xGNB0GsiPzcmh8ZqOYh,8 0.0607 283 420 625 605 5 0.0589 272 417 625 604 11 0.0579 311 398 577 629 3 0.0567 284 418 632 609 3 0.0565 261 457 504 711 13 0.0562 283 420 639 608 11 0.0562 273 546 639 740 7 0.0558 282 419 636 608 5 0.0556 256 456 501 704 5 0.0551 251 317 495 557 7 0.0549 262 456 506 707 5 0.0536 185 386 426 623 11 0.0535 257 457 505 706 5 0.0532 296 652 560 900 7 0.0531 279 544 647 743 0 0.0530 259 389 501 632 13 0.0526 249 274 501 509 11 0.0524 302 803 555 1018 7 0.0522 305 658 574 901 5 0.0522 167 521 416 765 6 0.0521 377 401 640 633 3 0.0520 283 547 644 744 0 0.0520 320 454 573 706 3 0.0520 192 394 426 635 8 0.0519 186 458 422 702 0 0.0517 319 328 574 569 7 0.0517 245 596 505 841 10 0.0515 261 464 505 705 8 0.0513 281 548 632 739 7 0.0512 172 523 419 768 11 0.0512 302 660 568 901 13 0.0512 191 464 438 707 8 0.0510 303 658 563 901 11 0.0510 189 395 432 628 0 0.0510 252 528 505 780 6 0.0508 259 393 505 630 6 0.0504 323 459 578 703 10 0.0503 189 399 427 625 5 0.0502 300 792 548 1018 11 0.0502 169 527 420 766 7 0.0501 307 799 559 1023 3 0.0501 261 322 498 569 9 0.0500 271 546 642 733
c4UXb9jF7RVuQHa0tU9K3eDUDfQ0ppaz,6 0.0560 317 288 579 519 11 0.0547 316 288 574 520 3 0.0547 259 381 510 636 8 0.0546 263 381 504 628 13 0.0545 262 378 517 635 11 0.0541 276 409 629 588 0 0.0536 257 376 511 632 0 0.0536 320 231 581 462 5 0.0535 253 374 507 626 8 0.0528 319 289 564 522 5 0.0527 313 286 573 518 6 0.0514 262 379 515 632 7 0.0514 263 379 514 630 0 0.0511 332 93 586 315 7 0.0510 317 286 579 520 11 0.0508 202 799 441 1022
f5TRi8Qd1Ke316wppAPrXlknv0cIQLUq,8 0.0605 514 332 772 563 11 0.0602 512 333 781 555 11 0.0599 444 210 719 436 11 0.0587 586 392 841 623 8 0.0577 592 391 831 626 3 0.0571 592 389 839 634 5 0.0566 579 385 832 626 6 0.0558 594 392 839 623 3 0.0552 516 334 778 568 0 0.0542 578 476 833 702 5 0.0541 443 274 710 508 8 0.0536 590 262 825 497 6 0.0535 521 332 783 560 11 0.0531 500 466 775 692 0 0.0530 449 282 714 510 11 0.0530 587 261 836 490 7 0.0528 456 280 717 511 11 0.0528 385 137 651 370 5 0.0527 582 541 836 777 6 0.0527 390 133 655 376 13 0.0524 589 396 842 629 3 0.0519 451 209 714 448 5 0.0517 437 135 695 379 5 0.0516 581 258 830 491 5 0.0513 398 800 734 982 11 0.0513 442 67 714 308 8 0.0513 504 465 766 700 11 0.0513 218 795 490 1012 11 0.0512 584 548 844 777 13 0.0510 515 332 783 563 7 0.0509 297 781 568 1006 11 0.0507 354 779 630 997 10 0.0506 448 214 718 439 3 0.0502 592 262 836 504 11 0.0501 243 215 507 444 13 0.0500 408 8 672 263
ifoSM2VtVkCjOc4ygqgjsuRSI6oGBvvv,5 0.0651 189 784 435 1021 7 0.0643 193 784 440 1023 8 0.0642 192 783 431 1022 8 0.0634 321 779 560 1023 5 0.0627 320 780 561 1020 8 0.0624 446 711 694 958 11 0.0621 445 717 695 955 5 0.0619 442 711 691 954 7 0.0613 321 715 577 974 11 0.0609 321 784 565 1021 13 0.0608 447 718 704 959 7 0.0597 446 712 700 959 0 0.0595 195 785 437 1023 11 0.0589 191 787 437 1020 6 0.0583 194 790 438 1023 0 0.0576 321 782 566 1023 3 0.0570 449 715 697 965 10 0.0568 131 735 384 967 6 0.0568 321 719 578 970 6 0.0567 448 715 701 960 13 0.0564 321 720 580 973 3 0.0558 324 781 568 1023 10 0.0554 318 718 575 968 0 0.0553 442 715 695 960 3 0.0542 195 784 437 1023 2 0.0537 446 719 696 958 13 0.0535 196 787 443 1023 10 0.0533 446 716 696 957 9 0.0531 316 785 566 1020 1 0.0527 317 776 567 1023 2 0.0526 191 790 439 1023 2 0.0514 320 723 575 973 7 0.0514 318 337 565 556 8 0.0506 318 517 551 742 9 0.0503 189 788 438 1021 12 0.0503 324 712 574 973 0 0.0502 317 518 563 744
xtLnMpg6J3qz0MVv0U7cdh8JkuFBWSsx,11 0.0607 439 595 690 830 8 0.0583 427 659 682 898 0 0.0577 440 592 692 833 11 0.0567 374 455 636 691 7 0.0565 432 662 693 898 8 0.0564 400 611 750 794 11 0.0554 315 393 567 628 8 0.0546 376 455 629 692 11 0.0545 308 522 573 755 13 0.0542 445 595 698 835 6 0.0540 386 678 747 859 7 0.0539 406 615 761 794 7 0.0536 253 514 514 756 7 0.0531 314 452 573 694 5 0.0530 423 662 686 896 11 0.0527 239 454 504 691 10 0.0527 400 615 752 793 8 0.0527 320 391 561 633 3 0.0525 443 594 691 835 0 0.0522 315 390 567 635 13 0.0518 378 452 642 694 6 0.0516 383 392 639 630 5 0.0514 392 614 752 791 8 0.0514 314 520 567 758 7 0.0508 382 389 638 629 3 0.0507 314 454 571 700 0 0.0506 372 453 636 695 0 0.0501 309 517 571 760
ZBzX9detHrfYnuhhzu8rPSfWu4mBSaPy,11 0.0515 375 467 630 702 11 0.0511 735 0 1004 191
JCA7nVqOxUpMfb7P8hzokHwfQsni6sk5,5 0.0662 304 461 567 709 5 0.0623 240 388 510 634 11 0.0621 415 489 774 661 5 0.0618 410 481 770 661 8 0.0601 304 467 564 713 8 0.0599 238 395 504 636 5 0.0590 358 532 640 770 0 0.0590 527 388 763 643 8 0.0585 419 486 768 666 3 0.0585 430 487 775 670 7 0.0584 529 386 767 640 13 0.0584 377 461 647 715 8 0.0584 581 398 822 642 11 0.0583 589 449 833 702 7 0.0569 309 470 576 715 11 0.0569 238 399 513 634 6 0.0563 426 486 780 664 7 0.0562 244 396 516 639 5 0.0560 182 473 450 722 10 0.0558 418 488 777 663 0 0.0552 309 466 569 711 0 0.0552 246 331 507 571 0 0.0549 377 608 640 846 2 0.0546 243 399 513 640 2 0.0541 372 467 641 712 13 0.0541 245 400 519 639 7 0.0540 367 541 645 778 11 0.0538 372 616 642 844 11 0.0535 300 541 573 778 10 0.0534 306 471 571 713 5 0.0532 580 448 829 698 0 0.0529 642 403 891 635 8 0.0528 363 537 634 775 6 0.0527 246 396 518 637 8 0.0525 244 541 503 783 3 0.0525 592 450 833 712 6 0.0525 380 674 640 891 5 0.0524 372 669 631 889 0 0.0522 187 404 452 643 3 0.0521 242 396 512 641 13 0.0513 527 390 772 640 2 0.0513 525 398 766 639 6 0.0512 723 397 962 624 12 0.0509 419 487 778 664 8 0.0508 521 280 763 511 8 0.0507 179 472 442 728 7 0.0504 641 403 892 631 7 0.0502 250 543 517 783 9 0.0501 302 466 566 705
V09Ip1QSUGJPyw2VUnmfz8MfuaiS5wJL,11 0.0577 572 412 840 635 5 0.0550 127 0 381 207 10 0.0549 576 414 837 634 0 0.0536 574 411 835 635 7 0.0527 577 407 843 637 8 0.0515 578 411 828 636 5 0.0509 570 405 833 632
IsxLNvFNExEqz4g1IgigZmhFwzu4vil2,5 0.0665 189 779 433 1022 7 0.0659 128 779 373 1021 8 0.0653 128 778 367 1018 5 0.0620 8 870 364 1020 8 0.0619 259 783 495 1023 5 0.0616 125 708 367 952 0 0.0609 128 712 370 957 7 0.0603 259 785 503 1023 6 0.0598 130 784 369 1020 0 0.0596 194 783 438 1023 10 0.0596 125 717 370 953 11 0.0586 255 788 501 1019 11 0.0566 125 781 371 1015 13 0.0565 129 783 375 1019 3 0.0564 129 780 370 1023 10 0.0562 256 791 500 1020 6 0.0561 257 791 501 1023 0 0.0552 16 872 372 1023 13 0.0551 259 786 505 1023 2 0.0549 127 784 370 1020 3 0.0548 259 785 500 1023 10 0.0539 12 876 374 1023 8 0.0529 0 746 292 922 1 0.0523 124 777 368 1019 9 0.0522 124 782 372 1017 13 0.0519 1 748 319 924 12 0.0518 129 781 371 1020 1 0.0514 253 779 500 1023 7 0.0513 5 746 311 921 9 0.0511 252 787 500 1021 5 0.0510 0 742 297 924 6 0.0507 3 748 311 923 2 0.0506 257 790 501 1023
ZGY2XZA6uBV52vozOmKfA3Li8PFQWXQE,11 0.0600 305 139 573 385 5 0.0590 375 78 635 316 0 0.0588 376 83 639 319 11 0.0587 432 520 699 736 13 0.0575 313 137 577 388 11 0.0573 375 84 641 315 0 0.0572 519 85 769 322 3 0.0571 384 82 640 323 8 0.0568 368 138 633 375 11 0.0568 360 398 632 622 6 0.0564 382 83 641 317 7 0.0564 310 133 574 385 5 0.0563 371 200 636 435 0 0.0562 253 24 500 266 5 0.0561 243 249 505 501 11 0.0559 370 204 646 437 11 0.0554 231 409 504 636 8 0.0554 519 83 761 323 7 0.0552 364 392 636 625 10 0.0550 371 143 644 373 5 0.0548 498 143 774 392 7 0.0548 249 255 506 499 6 0.0545 377 204 645 438 8 0.0545 436 519 692 741 11 0.0544 516 84 772 318 3 0.0544 364 396 631 631 11 0.0544 253 26 502 263 3 0.0543 313 137 571 391 6 0.0543 525 81 775 318 11 0.0540 241 257 509 498 7 0.0540 382 81 639 317 7 0.0539 523 83 773 322 2 0.0537 376 205 643 436 13 0.0536 247 197 510 457 0 0.0534 307 137 569 386 3 0.0534 378 203 642 443 3 0.0532 525 83 771 328 7 0.0531 256 21 503 265 13 0.0530 380 82 645 319 7 0.0528 387 268 648 493 8 0.0525 243 335 488 569 8 0.0524 363 398 622 624 3 0.0523 443 518 698 742 13 0.0523 378 204 649 438 6 0.0522 309 138 572 388 5 0.0522 248 21 494 262 6 0.0515 367 400 637 622 5 0.0514 305 132 564 384 3 0.0514 246 195 508 458 8 0.0514 254 27 493 266 6 0.0510 206 18 452 249 13 0.0509 510 149 785 395 0 0.0507 376 206 641 436 5 0.0503 356 391 629 622
f3ZaD73mJwE63A7eSj91zL4nwPZl7zTo,7 0.0645 318 794 560 1021 8 0.0629 315 790 550 1022 5 0.0623 307 792 552 1019 8 0.0609 189 778 440 1015 0 0.0594 255 724 506 962 13 0.0593 264 791 515 1023 5 0.0590 184 776 438 1014 0 0.0582 316 796 559 1023 7 0.0582 194 781 452 1017 11 0.0581 258 792 506 1020 6 0.0565 261 796 513 1023 11 0.0553 188 730 442 962 0 0.0550 148 675 501 861 10 0.0549 257 796 510 1023 10 0.0544 148 679 510 856 11 0.0534 147 678 504 856 6 0.0532 194 727 450 964 2 0.0531 261 796 510 1023 0 0.0529 188 782 446 1017 10 0.0527 209 739 577 909 7 0.0523 157 672 510 858 13 0.0519 195 726 449 963 8 0.0514 151 676 497 859 3 0.0513 318 796 558 1023 9 0.0505 311 797 556 1019
kueWmsZZ49dQ0eG4epOHir5yNPhBUBlj,11 0.0632 423 663 689 887 11 0.0612 500 729 752 961 0 0.0606 500 726 751 968 7 0.0602 321 712 564 959 7 0.0593 437 712 692 952 11 0.0590 315 717 562 955 0 0.0589 425 661 690 891 8 0.0588 320 709 557 959 0 0.0585 318 709 560 962 8 0.0584 434 712 683 952 5 0.0571 316 710 556 955 0 0.0561 575 777 819 1017 11 0.0557 765 4 1023 197 3 0.0553 435 716 689 959 5 0.0541 431 711 686 950 13 0.0539 428 658 696 890 10 0.0537 314 718 560 958 10 0.0536 424 664 685 886 13 0.0536 323 715 569 959 6 0.0523 318 715 563 959 8 0.0519 764 0 1012 201 5 0.0518 752 0 1017 198 6 0.0517 428 660 690 890 3 0.0513 318 716 560 962 11 0.0509 577 779 816 1009 2 0.0506 425 665 686 890 3 0.0504 768 0 1019 204 7 0.0502 579 775 822 1015 10 0.0502 499 729 752 961
hqulx1G3RvCwxfHA7egps4Y9eVPc2jiI,8 0.0619 183 396 432 637 11 0.0606 55 548 317 788 5 0.0597 249 382 505 639 11 0.0591 114 404 370 636 0 0.0590 183 397 443 639 0 0.0571 188 531 464 783 11 0.0563 183 462 459 696 8 0.0561 572 601 810 820 0 0.0559 254 330 508 579 8 0.0548 257 326 500 576 6 0.0543 121 404 378 641 11 0.0541 248 331 511 571 3 0.0536 255 388 505 644 13 0.0534 185 396 448 641 8 0.0529 193 531 450 778 5 0.0526 246 267 496 506 7 0.0522 249 386 510 642 13 0.0520 499 1 769 195 7 0.0517 252 269 501 510 7 0.0509 190 529 463 783 7 0.0504 579 598 826 820
Vg6uZevroQfXJblTqMHlzZmZ35okbxOD,0 0.0619 472 229 838 411 8 0.0617 577 142 824 381 5 0.0615 509 142 756 386 8 0.0612 506 215 748 460 11 0.0612 473 233 842 409 11 0.0611 451 285 706 523 7 0.0592 512 217 756 459 10 0.0577 451 287 706 521 3 0.0576 510 221 751 465 3 0.0573 581 145 830 388 0 0.0573 383 145 634 384 7 0.0572 579 141 832 385 5 0.0571 447 278 702 522 11 0.0565 391 220 638 445 10 0.0564 452 160 701 383 6 0.0561 514 151 763 385 8 0.0560 449 152 696 380 11 0.0555 451 157 703 377 0 0.0550 697 338 951 563 8 0.0549 310 795 547 1021 0 0.0547 394 283 640 522 6 0.0545 455 283 707 521 7 0.0545 455 156 702 382 13 0.0545 580 143 834 383 8 0.0544 434 722 694 950 5 0.0539 383 214 632 440 2 0.0536 477 235 843 409 8 0.0530 392 214 629 446 2 0.0529 454 164 699 381 10 0.0529 390 224 639 446 7 0.0524 396 217 638 445 6 0.0524 395 221 640 445 11 0.0520 383 486 648 721 11 0.0520 428 724 702 948 13 0.0518 455 222 707 455 12 0.0517 511 219 753 462 9 0.0517 507 147 758 383 1 0.0513 572 201 824 450 7 0.0513 310 738 578 967 3 0.0513 441 719 707 958 3 0.0512 455 156 699 386 5 0.0510 302 790 559 1018 3 0.0507 397 217 635 451 10 0.0506 578 145 828 383 13 0.0505 312 739 579 968 7 0.0502 431 721 711 952
JstpaJPsXu0YOFuZ48uNeqcJfl1FErwb,11 0.0617 244 531 501 770 7 0.0611 192 589 446 841 8 0.0599 248 533 495 771 8 0.0598 188 593 436 840 5 0.0592 181 661 446 893 5 0.0592 176 519 428 768 3 0.0591 249 530 497 775 11 0.0586 573 805 818 1018 11 0.0581 186 595 441 836 0 0.0581 248 527 502 771 7 0.0579 182 455 437 706 11 0.0569 176 460 432 702 0 0.0562 190 591 444 840 6 0.0560 250 534 502 770 8 0.0556 180 458 425 703 7 0.0555 582 802 827 1023 13 0.0548 187 666 457 898 6 0.0545 192 595 448 838 10 0.0545 249 536 501 769 11 0.0541 511 4 762 245 13 0.0540 253 528 505 773 0 0.0540 307 346 563 576 5 0.0532 569 798 813 1020 0 0.0528 182 456 435 707 11 0.0527 302 344 560 569 11 0.0527 113 529 379 767 3 0.0526 184 458 428 711 8 0.0525 306 348 550 571 9 0.0525 245 530 501 765 8 0.0521 118 665 389 896 5 0.0520 302 345 558 569 7 0.0518 124 664 398 898 3 0.0518 189 594 442 843 10 0.0516 180 464 433 701 8 0.0514 572 804 807 1022 3 0.0511 573 804 822 1023 6 0.0507 184 463 438 701 11 0.0504 114 668 395 891 3 0.0503 521 4 761 256 2 0.0503 182 465 430 704 13 0.0503 518 1 763 250 0 0.0502 572 802 822 1023 10 0.0502 189 597 444 836
NyVVupvByIJZilDFHmvDrJM10G85v3Ny,0 0.0563 246 404 502 644 5 0.0557 308 318 552 547 8 0.0543 244 401 494 639 0 0.0540 312 321 554 554 11 0.0536 240 334 495 569 5 0.0536 190 396 443 633 7 0.0533 246 403 504 638 0 0.0531 328 803 567 1023 6 0.0528 200 401 452 632 11 0.0522 322 805 564 1019 8 0.0522 328 800 556 1022 11 0.0514 303 397 557 622 11 0.0509 244 468 500 704 6 0.0507 316 324 557 551 7 0.0507 315 319 557 550
5KuqB6eI31V5F8lxYfjZeFLlHEtlgJjR,5 0.0564 624 543 1010 721 11 0.0546 633 547 1013 720 0 0.0532 639 546 1013 725 5 0.0514 473 417 814 597
ECGHifnMdV8F6KdQcZubm7VkzPb0uq3r,11 0.0683 303 593 562 830 7 0.0675 205 611 572 789 0 0.0662 245 589 501 830 8 0.0658 309 593 559 830 6 0.0640 205 612 571 791 5 0.0633 244 647 498 894 8 0.0633 249 648 499 894 10 0.0631 181 653 435 896 3 0.0629 250 651 502 898 7 0.0629 183 651 439 894 11 0.0628 181 651 435 892 5 0.0615 197 610 564 789 10 0.0614 196 615 567 789 6 0.0612 246 650 505 895 0 0.0605 182 650 438 893 10 0.0605 259 682 624 853 13 0.0597 201 684 567 856 2 0.0592 263 681 624 853 1 0.0576 245 645 501 896 9 0.0576 305 593 563 828 12 0.0557 265 678 627 854 9 0.0542 245 650 502 893 4 0.0526 310 657 567 901
I5ojVJk2aLqgpU6fPE3uwPJdVqwMSv4Z,5 0.0629 563 200 823 438 11 0.0629 456 156 713 379 8 0.0626 493 207 751 447 11 0.0625 320 215 573 453 13 0.0613 325 206 580 453 0 0.0609 266 132 522 378 0 0.0604 447 216 695 454 8 0.0595 375 212 621 450 6 0.0592 335 148 594 386 8 0.0582 514 334 747 573 7 0.0582 449 216 698 454 13 0.0581 270 132 530 377 6 0.0581 501 210 760 447 11 0.0579 383 283 630 519 0 0.0577 323 208 572 454 10 0.0575 446 216 696 453 0 0.0574 562 208 825 440 11 0.0574 265 141 524 378 7 0.0571 334 147 593 391 6 0.0568 458 275 693 508 3 0.0567 517 337 746 578 11 0.0567 512 265 754 509 10 0.0566 566 209 825 438 8 0.0566 570 273 820 513 8 0.0565 195 510 425 765 5 0.0564 573 342 825 584 0 0.0563 455 332 692 575 11 0.0559 564 204 825 438 0 0.0557 383 279 629 521 3 0.0557 339 147 590 395 6 0.0554 259 208 508 452 13 0.0552 565 207 832 437 3 0.0550 502 209 752 452 5 0.0549 510 260 752 503 7 0.0549 517 337 752 572 13 0.0548 578 345 833 587 11 0.0546 194 516 434 767 0 0.0546 399 75 657 299 10 0.0545 457 334 695 571 13 0.0543 517 268 761 509 13 0.0543 450 215 701 450 6 0.0543 575 273 830 512 0 0.0543 573 345 827 587 0 0.0541 649 418 899 637 3 0.0540 576 274 822 515 8 0.0539 259 208 496 448 0 0.0539 505 135 772 372 8 0.0538 381 340 617 579 11 0.0538 257 574 503 824 5 0.0536 189 508 430 764 10 0.0536 256 212 506 450 10 0.0536 574 346 830 584 2 0.0534 571 280 824 513 11 0.0531 322 346 568 584 13 0.0531 386 281 635 520 12 0.0528 329 146 595 389 11 0.0528 245 419 501 650 6 0.0528 515 340 754 573 11 0.0524 323 472 562 713 11 0.0524 455 333 692 570 0 0.0523 195 515 432 766 11 0.0522 576 346 827 581 0 0.0521 320 346 566 589 8 0.0520 447 388 682 636 6 0.0518 324 283 571 521 7 0.0516 262 205 508 451 3 0.0515 257 206 504 456 12 0.0515 498 209 760 449 2 0.0515 513 343 749 572 7 0.0515 570 269 829 512 5 0.0515 505 129 768 372 5 0.0514 375 274 625 517 8 0.0514 403 70 650 296 8 0.0514 568 147 821 366 2 0.0513 324 213 574 452 10 0.0509 328 148 589 389 10 0.0509 195 520 433 765 5 0.0508 454 328 690 569 7 0.0507 198 510 435 766 10 0.0506 382 283 629 519 6 0.0505 195 513 437 764 5 0.0504 247 204 504 449 8 0.0504 258 571 494 821 0 0.0503 259 570 499 826
FrRenhVVhAiyTYTZAzWN9C0wgPCW7XI6,5 0.0638 776 3 1019 259 5 0.0621 447 783 685 1021 11 0.0618 777 12 1021 257 0 0.0602 778 10 1017 264 11 0.0600 451 790 691 1020 5 0.0591 383 710 622 956 7 0.0585 452 787 695 1022 13 0.0583 782 9 1022 261 0 0.0582 449 784 690 1023 8 0.0581 450 784 684 1021 11 0.0576 384 716 628 954 13 0.0575 453 791 696 1023 7 0.0572 390 714 630 957 0 0.0570 385 711 626 958 10 0.0556 774 11 1018 259 8 0.0552 779 10 1013 261 8 0.0549 386 712 622 954 6 0.0537 385 717 630 957 6 0.0522 780 9 1023 260 3 0.0517 780 9 1021 267 2 0.0511 776 13 1023 259 6 0.0511 452 793 691 1023 2 0.0509 388 720 629 955 9 0.0503 776 7 1021 256 3 0.0503 452 788 692 1023 7 0.0502 778 8 1022 260 2 0.0501 450 792 694 1022
FYOKCwmYvk0n017gWUUOPpStfokRkb04,5 0.0653 248 785 495 1019 8 0.0644 250 783 494 1023 7 0.0612 251 786 501 1023 7 0.0603 316 716 571 967 11 0.0603 248 788 498 1021 11 0.0599 316 662 574 904 0 0.0598 318 660 573 912 5 0.0596 309 712 563 965 6 0.0588 252 788 500 1023 13 0.0585 252 789 504 1023 7 0.0584 373 587 633 827 8 0.0581 310 716 561 966 10 0.0574 247 715 508 961 0 0.0559 250 786 498 1023 7 0.0559 450 521 703 761 8 0.0555 379 666 634 908 11 0.0553 371 592 632 824 13 0.0553 315 717 574 968 11 0.0546 444 452 685 675 3 0.0544 251 786 500 1023 6 0.0541 381 667 645 911 2 0.0541 250 790 501 1023 6 0.0536 315 718 569 969 5 0.0535 377 656 638 906 0 0.0530 371 590 632 830 3 0.0529 321 661 575 914 9 0.0528 248 789 501 1022 7 0.0527 369 456 627 691 11 0.0527 446 671 701 907 7 0.0521 318 338 575 572 0 0.0521 447 671 699 919 10 0.0516 370 712 631 961 11 0.0515 239 345 510 572 10 0.0515 372 597 636 826 0 0.0512 241 348 508 572 8 0.0512 368 539 619 764 5 0.0511 305 597 561 835 11 0.0510 306 539 569 765 3 0.0509 376 593 634 832 13 0.0508 383 666 651 909 2 0.0508 383 671 640 911 5 0.0507 240 341 505 571 2 0.0507 313 720 567 968 8 0.0504 307 602 558 843 5 0.0504 361 527 625 761 13 0.0502 313 602 576 841
xBhywRljjHAci98YyP8OtBlASCObttTj,0 0.0568 252 321 507 549 8 0.0559 259 383 503 629 7 0.0551 260 385 516 630 3 0.0521 255 319 510 556 13 0.0521 260 384 521 633 0 0.0517 189 396 450 633 5 0.0510 248 382 509 623 0 0.0509 269 417 614 603 6 0.0509 262 319 514 550 6 0.0508 192 392 457 637 11 0.0507 374 1 642 234 11 0.0507 265 419 619 603 11 0.0506 252 322 511 545 13 0.0504 185 333 459 569
RY3VFjVV8xcPLonZr8D7njjbAOJvPm56,8 0.0542 170 379 426 628 7 0.0529 172 379 438 622
cVnL1fHXdGl4S5T4VQR3P01pg4EsDquf,0 0.0638 507 776 743 1023 5 0.0600 506 776 740 1021 7 0.0596 510 776 749 1022 8 0.0578 509 776 737 1021 11 0.0573 377 726 632 948 0 0.0569 381 722 630 956 11 0.0553 506 780 740 1018 3 0.0553 510 780 743 1023 10 0.0545 507 780 742 1023 13 0.0543 510 780 749 1023 2 0.0541 510 781 744 1023 7 0.0527 384 725 634 954 9 0.0527 506 779 743 1021 6 0.0522 512 783 745 1022 8 0.0522 383 726 625 949 5 0.0516 309 714 565 947 5 0.0512 64 133 308 376 8 0.0511 68 142 305 378 11 0.0509 64 144 309 375 10 0.0505 379 727 632 948 0 0.0504 170 801 423 1023 3 0.0503 386 723 629 957 11 0.0500 172 805 424 1017
cQfcI1xjbmWUaukfwID0YCx3OihIu25L,11 0.0609 608 684 892 897 0 0.0602 499 676 764 915 11 0.0590 497 679 766 909 8 0.0589 400 679 738 861 8 0.0570 563 676 823 918 13 0.0568 566 598 824 839 7 0.0567 556 737 823 973 3 0.0562 565 676 832 921 7 0.0559 617 607 882 831 5 0.0557 545 734 813 968 8 0.0556 50 806 294 1020 7 0.0554 566 528 825 768 11 0.0553 562 534 818 766 11 0.0553 310 732 567 953 13 0.0548 561 736 824 976 5 0.0547 610 678 889 898 0 0.0542 382 658 646 900 7 0.0540 434 724 703 955 0 0.0540 614 684 892 903 0 0.0539 8 19 258 267 3 0.0532 615 609 874 839 6 0.0527 567 601 817 839 5 0.0526 425 720 693 952 10 0.0522 564 533 818 767 8 0.0521 612 608 869 831 11 0.0520 411 487 758 669 10 0.0517 496 676 764 912 0 0.0513 564 529 817 769 11 0.0513 379 662 646 893 5 0.0513 7 13 257 263 6 0.0512 624 537 881 772 13 0.0511 412 605 758 793 0 0.0510 398 527 644 780 11 0.0509 8 26 261 265 12 0.0506 566 675 828 919 0 0.0502 413 479 756 673
xk6HtV9zrfRAgOzry49EPkzMdTdbYHWP,8 0.0664 248 784 493 1022 5 0.0639 140 796 497 981 7 0.0622 185 791 441 1023 7 0.0622 375 659 623 893 10 0.0619 248 722 504 959 7 0.0619 198 657 444 897 10 0.0612 118 732 378 960 11 0.0610 185 726 447 962 11 0.0606 371 662 624 888 10 0.0601 188 662 442 895 8 0.0601 122 723 371 965 7 0.0597 254 716 505 964 0 0.0597 251 789 498 1023 8 0.0595 194 656 437 896 0 0.0592 318 657 562 900 7 0.0587 124 726 381 965 10 0.0585 313 659 562 895 6 0.0583 253 719 505 963 6 0.0579 185 796 439 1023 6 0.0575 318 659 564 894 7 0.0574 315 593 569 826 3 0.0572 145 794 498 985 5 0.0569 311 655 561 895 3 0.0568 376 661 621 898 11 0.0568 118 670 382 894 8 0.0564 318 656 556 893 5 0.0564 189 659 437 897 13 0.0545 252 790 503 1023 11 0.0542 310 595 568 824 10 0.0540 55 675 319 885 2 0.0532 248 791 499 1023 6 0.0526 194 657 446 895 8 0.0525 58 668 313 889 9 0.0518 179 793 440 1021 13 0.0518 374 660 628 892 0 0.0515 122 666 379 902 2 0.0515 319 662 563 898 9 0.0505 247 717 502 961 6 0.0505 126 726 379 963 0 0.0503 707 807 962 1023 7 0.0502 66 667 326 890 13 0.0501 123 664 388 902
XxtKyQ6RfOI1MbVkSjsnBbez0wtZKdzd,5 0.0596 244 522 500 774 6 0.0591 251 526 510 775 6 0.0588 244 402 497 647 11 0.0579 246 530 505 776 11 0.0574 312 471 579 711 0 0.0570 327 526 588 783 7 0.0568 251 530 510 780 3 0.0563 313 403 564 654 8 0.0556 248 527 501 781 11 0.0555 307 17 576 247 0 0.0555 246 404 495 653 11 0.0554 319 335 577 575 13 0.0549 246 402 500 652 8 0.0548 325 331 565 580 7 0.0547 310 404 564 652 0 0.0547 322 327 575 580 8 0.0542 242 403 484 651 13 0.0537 251 526 513 780 2 0.0528 254 535 506 783 5 0.0523 232 402 493 646 0 0.0522 376 404 620 652 8 0.0519 321 466 572 719 5 0.0517 312 8 562 243 11 0.0516 238 410 494 650 3 0.0515 253 527 502 786 8 0.0508 323 14 563 248 11 0.0508 556 285 826 503 0 0.0508 318 14 569 251 6 0.0505 321 466 582 713 5 0.0503 312 328 572 575 9 0.0502 245 528 505 772 13 0.0500 324 332 583 580
53Hq74SeZ2D8grLrgRF3b4q8FHkXpwtc,0 0.0654 509 797 752 1023 0 0.0649 507 596 755 841 7 0.0638 371 793 631 1023 8 0.0630 449 598 693 834 5 0.0629 437 720 694 966 5 0.0626 363 790 624 1023 11 0.0622 444 528 700 766 7 0.0619 409 680 764 856 11 0.0612 340 675 692 852 5 0.0608 503 592 754 838 6 0.0603 448 664 709 900 6 0.0601 394 603 650 834 8 0.0598 372 793 621 1022 3 0.0595 376 794 628 1023 13 0.0594 409 551 760 732 0 0.0593 441 726 698 971 7 0.0591 412 550 754 732 11 0.0590 502 600 754 836 5 0.0589 390 598 645 836 0 0.0589 367 794 627 1023 7 0.0586 443 726 704 969 7 0.0583 314 675 581 900 8 0.0583 408 549 740 731 7 0.0576 243 754 507 978 11 0.0574 366 796 624 1020 13 0.0572 452 604 704 835 2 0.0568 435 785 685 1022 11 0.0567 577 540 830 782 6 0.0564 449 528 704 768 3 0.0563 445 665 705 907 0 0.0561 406 547 748 733 0 0.0560 389 599 646 838 8 0.0559 443 724 692 968 13 0.0555 372 795 632 1023 5 0.0554 293 736 560 963 8 0.0554 580 599 817 852 0 0.0553 585 538 828 787 10 0.0552 369 796 626 1023 11 0.0551 507 800 759 1019 2 0.0550 449 604 701 835 11 0.0550 296 743 563 962 5 0.0550 578 536 827 783 10 0.0548 447 599 699 835 11 0.0548 644 604 896 841 10 0.0546 239 751 502 972 8 0.0545 236 789 487 1020 7 0.0545 511 793 757 1023 11 0.0545 438 728 700 966 13 0.0544 513 797 759 1023 8 0.0544 300 738 557 965 6 0.0539 438 783 687 1023 3 0.0536 318 674 580 903 13 0.0536 379 671 650 898 13 0.0535 585 539 839 787 5 0.0535 505 795 747 1020 9 0.0532 441 665 705 897 5 0.0531 442 522 697 766 8 0.0531 515 795 746 1023 10 0.0530 505 525 760 767 5 0.0529 228 783 486 1021 5 0.0527 318 532 579 768 8 0.0526 325 608 576 836 7 0.0526 579 601 825 853 10 0.0524 578 605 821 851 13 0.0524 445 728 704 972 9 0.0523 504 597 754 836 7 0.0522 326 541 583 773 5 0.0522 639 600 893 843 6 0.0519 588 541 831 786 3 0.0514 512 797 754 1023 0 0.0514 311 669 580 900 3 0.0513 449 528 701 772 12 0.0509 509 593 758 839 13 0.0508 240 795 504 1023 0 0.0506 648 602 892 849 9 0.0506 432 783 685 1018 9 0.0503 445 531 700 765 2 0.0501 383 536 642 769 3 0.0501 509 596 758 843 11 0.0501 232 794 492 1022
tc2oEtjDCFKRzPNO1d48c8BJqtS3sPpU,11 0.0620 379 338 634 556 7 0.0586 386 337 635 561 5 0.0578 447 265 684 489 11 0.0572 312 271 569 490 0 0.0557 313 271 565 495 0 0.0551 449 271 689 489 3 0.0546 385 339 631 565 8 0.0545 380 338 627 557 5 0.0540 377 333 627 558 0 0.0534 379 338 634 560 11 0.0533 451 271 692 484 7 0.0522 6 666 333 857 6 0.0515 381 340 636 560 0 0.0511 571 273 825 509 13 0.0509 382 339 640 560 3 0.0501 319 271 563 499
YZn4Mvf6lMJflmfXYEZTxc22uEI8MQD4,8 0.0562 377 0 626 245 11 0.0522 368 2 637 244 5 0.0521 362 0 633 244 3 0.0517 377 1 637 250 0 0.0508 563 459 832 712 5 0.0505 544 532 815 772 11 0.0501 548 784 789 1019
xBOLIMblq2H5SEisPjmYuNMwH9A0094E,11 0.0594 307 0 569 196 11 0.0582 294 606 652 797 11 0.0576 257 520 508 762 8 0.0573 243 3 490 197 6 0.0559 310 0 571 201 11 0.0559 231 662 498 893 10 0.0556 314 4 570 199 5 0.0554 306 0 563 199 0 0.0550 313 0 565 200 13 0.0543 313 0 571 197 3 0.0538 316 0 569 205 0 0.0537 295 608 651 803 5 0.0535 306 584 571 827 7 0.0533 315 0 574 201 0 0.0531 296 709 563 949 8 0.0520 248 591 492 832 5 0.0516 231 655 496 900 8 0.0514 320 28 565 266 8 0.0512 367 726 623 958 13 0.0511 262 524 516 768 11 0.0505 239 788 497 1017 11 0.0502 374 784 630 1003
qH84WGnOyai2HaV76caMGSI8fn2oHKdx,0 0.0656 385 464 648 706 5 0.0598 370 525 634 764 0 0.0597 332 425 709 604 0 0.0593 445 534 702 772 11 0.0592 377 337 641 563 0 0.0580 379 334 640 564 5 0.0580 298 394 566 626 7 0.0578 381 528 640 771 11 0.0578 373 530 639 764 0 0.0574 0 801 236 1023 7 0.0572 336 421 713 604 5 0.0570 361 781 616 1014 0 0.0569 366 781 624 1020 11 0.0566 444 466 710 700 2 0.0563 331 491 701 664 11 0.0563 0 805 234 1023 8 0.0562 383 464 635 706 13 0.0560 376 783 631 1021 3 0.0552 338 488 701 668 10 0.0544 376 530 640 768 11 0.0543 302 465 574 696 8 0.0543 443 532 696 769 13 0.0541 388 395 651 635 13 0.0541 622 789 898 1019 3 0.0539 384 336 639 568 3 0.0536 0 798 232 1023 8 0.0534 0 792 230 1023 7 0.0534 4 797 238 1023 5 0.0533 374 330 632 562 5 0.0533 442 464 701 698 6 0.0533 0 800 240 1020 13 0.0532 383 531 645 769 6 0.0531 388 464 652 706 11 0.0530 369 787 623 1014 3 0.0530 382 529 639 773 8 0.0529 371 777 616 1020 7 0.0528 372 782 629 1018 7 0.0528 238 397 496 628 8 0.0526 334 423 695 605 10 0.0524 381 396 646 633 8 0.0523 381 334 629 564 5 0.0522 0 797 227 1021 6 0.0519 374 784 628 1013 13 0.0515 451 469 712 702 2 0.0515 446 539 705 768 11 0.0514 298 722 572 946 13 0.0513 2 798 241 1023 7 0.0512 309 466 572 700 6 0.0510 448 535 709 771 11 0.0506 231 403 499 622 2 0.0505 2 801 240 1021 3 0.0505 372 780 624 1023 6 0.0505 308 335 574 565 10 0.0501 299 470 568 696
eSJPrPnlxoctjkzvLODuhdcetvs0BMju,5 0.0552 233 338 497 553 0 0.0532 763 24 1023 253 11 0.0530 303 345 575 556 5 0.0527 761 778 1012 1023 0 0.0520 241 343 498 560 0 0.0518 0 22 253 256 7 0.0501 310 340 573 561 11 0.0501 0 23 255 248
vt3HR5jgFIOy2YG6P82C9vULKYFV8ftn,11 0.0663 302 410 566 642 13 0.0648 316 342 574 572 11 0.0642 250 337 505 572 13 0.0640 253 410 510 652 8 0.0639 302 409 560 645 11 0.0631 310 0 574 188 8 0.0630 393 201 630 434 3 0.0628 260 268 512 509 11 0.0625 378 340 636 574 7 0.0624 323 267 583 506 5 0.0621 115 379 367 636 11 0.0620 319 271 581 504 7 0.0617 201 261 458 503 13 0.0614 386 268 645 503 7 0.0613 380 338 640 578 3 0.0612 311 342 571 574 10 0.0612 300 412 567 639 7 0.0611 398 199 641 437 7 0.0611 255 191 510 429 5 0.0611 241 405 505 650 3 0.0609 247 409 503 659 0 0.0609 376 337 637 577 13 0.0608 264 266 519 505 11 0.0608 322 139 577 366 11 0.0608 457 10 712 242 8 0.0607 321 270 573 507 8 0.0605 378 337 631 577 8 0.0604 251 336 497 578 5 0.0603 187 316 441 569 11 0.0603 195 267 461 502 13 0.0601 202 322 452 572 7 0.0600 257 334 506 575 13 0.0597 375 408 637 647 0 0.0595 438 400 695 637 5 0.0595 449 210 692 436 10 0.0592 318 273 579 502 11 0.0592 459 154 704 371 6 0.0591 392 140 636 366 11 0.0589 438 402 695 631 10 0.0587 364 467 633 699 3 0.0586 197 321 443 579 0 0.0585 304 405 565 648 7 0.0583 124 381 373 637 5 0.0582 312 264 576 504 8 0.0581 384 76 620 304 0 0.0580 258 264 511 506 10 0.0579 250 337 504 574 8 0.0579 324 138 561 367 0 0.0578 311 0 575 193 11 0.0578 247 196 514 430 3 0.0577 372 407 632 648 6 0.0576 199 321 448 574 8 0.0574 252 195 497 433 11 0.0573 393 203 641 433 5 0.0572 372 333 632 572 3 0.0572 383 267 639 508 0 0.0571 458 12 710 248 10 0.0571 373 341 641 574 3 0.0571 465 6 712 250 8 0.0565 459 7 704 245 11 0.0565 382 74 633 305 5 0.0565 364 460 627 699 7 0.0564 464 151 703 377 5 0.0563 303 0 572 190 7 0.0561 304 411 568 643 6 0.0560 253 411 508 655 7 0.0560 389 74 634 308 5 0.0559 433 397 693 631 6 0.0559 387 269 643 505 6 0.0559 314 0 582 190 8 0.0558 439 400 688 635 6 0.0556 374 408 636 644 8 0.0554 196 262 446 506 13 0.0553 374 532 640 763 10 0.0553 436 405 697 633 6 0.0552 315 343 575 571 13 0.0552 312 13 584 252 6 0.0551 458 219 696 435 6 0.0551 327 74 584 303 8 0.0550 313 14 565 250 0 0.0549 459 151 702 376 5 0.0549 453 2 710 245 7 0.0548 462 6 716 245 0 0.0548 248 132 504 370 6 0.0547 127 383 370 638 13 0.0547 393 139 639 364 7 0.0547 372 532 634 762 6 0.0546 256 132 515 365 3 0.0546 388 74 632 315 0 0.0544 194 320 443 572 10 0.0544 251 198 508 428 2 0.0544 381 271 637 507 8 0.0543 119 384 360 638
FLoA4sviLzfJAHpd0qVkC20PmGM0yiNr,11 0.0581 323 738 567 965 0 0.0579 251 731 497 963 7 0.0568 330 737 570 963 7 0.0555 195 719 441 959 11 0.0555 182 723 441 957 8 0.0531 186 724 430 959 10 0.0504 322 743 567 967 5 0.0504 252 727 492 955
RNOyL4SZJHc9t3Qi14ymL2b1opEVUCsv,0 0.0645 242 88 509 320 5 0.0627 505 0 877 153 5 0.0626 576 269 815 483 13 0.0625 641 12 885 255 0 0.0614 396 525 654 771 0 0.0612 381 19 639 255 0 0.0611 568 1 827 200 11 0.0610 568 151 829 375 8 0.0607 248 91 504 317 5 0.0604 507 69 761 316 13 0.0603 328 94 586 324 11 0.0602 391 88 649 319 11 0.0600 575 269 822 480 0 0.0600 321 154 576 382 5 0.0599 377 12 633 250 11 0.0593 400 460 666 690 8 0.0592 569 0 815 197 13 0.0589 388 14 645 254 8 0.0587 515 71 759 316 5 0.0585 237 86 508 316 6 0.0585 641 13 882 252 8 0.0582 395 84 639 321 7 0.0582 455 451 715 698 5 0.0580 566 149 823 375 8 0.0579 570 149 820 378 7 0.0578 254 140 519 376 11 0.0577 245 90 507 319 0 0.0576 566 150 824 375 3 0.0574 250 85 507 321 6 0.0569 570 152 831 374 11 0.0569 569 2 825 197 8 0.0568 320 153 568 381 11 0.0564 510 76 765 313 0 0.0563 509 74 764 316 11 0.0562 372 594 642 829 8 0.0560 180 150 435 386 3 0.0558 388 15 639 257 10 0.0558 243 94 510 317 0 0.0557 449 455 710 698 13 0.0553 568 151 832 379 3 0.0552 572 149 825 386 6 0.0547 514 74 766 314 11 0.0547 372 198 648 423 0 0.0545 441 152 703 373 7 0.0542 315 204 587 444 5 0.0542 438 146 701 372 8 0.0542 455 1 697 244 5 0.0541 244 193 513 431 5 0.0539 509 316 759 540 7 0.0538 641 13 880 253 5 0.0537 392 521 651 770 2 0.0535 515 1 886 152 3 0.0535 583 271 822 493 7 0.0534 384 142 656 375 1 0.0534 635 8 878 252 7 0.0534 572 151 826 375 11 0.0531 452 389 722 623 8 0.0530 378 593 631 830 11 0.0530 442 266 705 480 10 0.0529 570 150 827 375 3 0.0528 447 148 701 380 3 0.0528 386 245 659 488 3 0.0527 639 16 883 260 5 0.0526 442 450 707 696 8 0.0525 446 450 703 697 11 0.0525 448 8 709 242 0 0.0525 380 655 628 905 11 0.0524 246 197 519 431 10 0.0524 381 149 657 375 5 0.0524 169 145 439 378 7 0.0523 516 71 765 313 0 0.0520 516 322 766 543 0 0.0520 179 151 441 388 11 0.0519 316 319 603 549 5 0.0519 435 263 700 482 8 0.0519 576 268 813 487 6 0.0519 439 591 693 824 10 0.0518 176 160 440 384
RxmJT6MzhL87scCQR0Uj8OUStkSumdL8,5 0.0655 201 471 564 657 7 0.0649 184 525 444 764 8 0.0637 107 594 366 839 7 0.0627 406 0 763 152 0 0.0626 181 523 443 764 7 0.0620 258 322 506 572 11 0.0619 250 327 505 572 5 0.0619 177 522 442 760 7 0.0615 216 476 565 659 5 0.0613 394 0 754 149 11 0.0610 206 475 565 657 8 0.0606 400 0 749 149 11 0.0605 173 597 440 834 8 0.0603 207 410 569 597 7 0.0601 282 413 626 602 11 0.0596 358 218 618 447 7 0.0595 63 589 309 832 13 0.0595 318 201 580 444 3 0.0593 410 0 754 153 10 0.0590 253 329 502 574 8 0.0590 180 522 436 764 8 0.0586 313 205 568 444 11 0.0585 398 0 762 149 7 0.0575 317 202 578 446 3 0.0574 210 475 565 663 5 0.0572 356 214 612 446 13 0.0570 215 474 574 661 10 0.0570 180 533 447 762 13 0.0568 256 325 509 577 3 0.0568 277 416 624 605 13 0.0565 311 0 570 201 0 0.0565 251 394 518 638 6 0.0565 278 478 630 659 0 0.0564 400 0 759 150 6 0.0563 404 0 767 148 8 0.0563 311 1 555 197 10 0.0560 208 479 569 658 11 0.0556 59 462 330 710 8 0.0554 68 460 320 718 0 0.0553 357 212 614 448 8 0.0551 358 480 688 660 8 0.0550 223 94 547 280 6 0.0549 65 592 312 831 13 0.0548 407 0 770 148 0 0.0547 311 0 559 201 10 0.0541 400 3 764 149 3 0.0541 317 202 573 450 13 0.0532 186 525 453 764 0 0.0528 110 598 374 839 2 0.0528 403 1 757 149 6 0.0526 314 0 565 202 11 0.0526 307 5 562 199 11 0.0524 60 592 307 828 3 0.0523 185 528 441 768 0 0.0520 355 477 702 659 6 0.0516 366 217 619 448 1 0.0516 269 411 621 601 5 0.0516 304 0 556 199 5 0.0514 106 593 369 834 10 0.0514 363 222 621 448 2 0.0511 178 601 443 834 2 0.0510 211 479 564 658 0 0.0509 501 224 758 454 5 0.0509 493 217 753 452 6 0.0508 179 598 445 831 10 0.0505 104 603 373 839 12 0.0503 400 0 764 151
UQCTOizaGHzN8PGyZNob5abOotJhVifj,0 0.0681 385 469 635 712 11 0.0680 384 400 632 639 0 0.0634 306 391 556 634 0 0.0631 392 601 642 836 7 0.0631 323 537 577 780 11 0.0622 323 289 573 518 7 0.0621 389 402 635 643 7 0.0620 324 731 568 972 3 0.0618 392 467 637 716 8 0.0615 388 606 634 833 11 0.0604 321 735 563 969 0 0.0600 321 537 574 784 11 0.0600 392 606 639 826 7 0.0597 388 673 646 905 5 0.0596 311 454 563 694 8 0.0595 314 456 562 699 5 0.0588 246 273 500 503 11 0.0587 315 461 566 696 11 0.0585 436 669 699 890 5 0.0582 390 600 636 831 0 0.0581 321 286 573 521 0 0.0579 322 730 566 976 7 0.0578 320 342 567 571 13 0.0573 316 461 575 697 6 0.0573 389 544 641 771 2 0.0573 388 473 641 710 5 0.0570 377 393 627 640 13 0.0570 258 281 511 511 3 0.0569 317 338 567 573 7 0.0568 245 387 500 629 3 0.0567 252 278 504 514 5 0.0567 318 728 562 968 6 0.0563 387 401 636 641 3 0.0561 395 606 641 835 6 0.0555 316 464 573 695 0 0.0550 186 271 423 505 13 0.0549 390 676 648 903 10 0.0549 382 403 635 638 6 0.0548 259 279 512 507 12 0.0547 318 458 567 696 11 0.0547 237 210 503 432 3 0.0546 328 733 567 975 11 0.0546 248 330 497 565 2 0.0544 309 398 561 635 13 0.0543 330 735 571 975 6 0.0542 319 340 568 571 0 0.0542 242 209 501 435 13 0.0542 386 399 637 641 8 0.0541 315 337 558 572 8 0.0540 325 732 559 971 8 0.0540 383 396 628 643 10 0.0539 332 681 570 904 5 0.0536 173 326 414 564 5 0.0532 205 215 572 408 13 0.0532 239 384 501 633 5 0.0529 232 381 490 625 10 0.0525 386 542 636 771 5 0.0525 308 335 556 567 12 0.0525 388 538 636 772 10 0.0522 436 725 688 960 10 0.0521 238 391 498 628 2 0.0519 321 546 577 786 13 0.0517 391 540 642 774 13 0.0517 333 613 583 843 3 0.0515 323 544 571 784 9 0.0512 379 399 632 632 11 0.0512 177 275 425 505 6 0.0511 388 676 647 899 9 0.0511 312 458 560 689 6 0.0510 327 733 568 970 2 0.0509 252 335 493 566 0 0.0509 556 726 816 949 2 0.0507 327 292 571 521 8 0.0506 240 210 497 436 6 0.0505 184 330 423 565 0 0.0504 439 233 703 444 7 0.0503 245 208 501 432 6 0.0502 244 388 505 629 12 0.0501 387 398 632 644 7 0.0500 184 328 423 564 6 0.0500 333 614 578 838 2 0.0500 392 611 643 836
HjWM0kOdpH1YVd6iuGToTzYpRWSqkcs2,11 0.0569 236 145 514 388 0 0.0569 242 144 509 393 8 0.0565 313 219 575 452 7 0.0564 187 477 445 719 8 0.0564 245 147 504 391 6 0.0564 310 220 582 456 11 0.0550 305 217 578 453 0 0.0549 175 215 441 464 11 0.0543 312 82 582 316 0 0.0542 316 79 578 322 13 0.0536 243 145 520 397 6 0.0533 240 147 520 394 0 0.0528 310 215 578 454 5 0.0521 308 281 570 519 8 0.0521 190 22 436 252 6 0.0518 316 83 587 319 13 0.0516 315 216 585 454 11 0.0515 166 217 450 457 11 0.0514 171 82 444 309 8 0.0503 322 82 572 314
DA0tEEmD0W5wNdw6SIGBul5SB0AbeWBF,8 0.0599 178 791 417 1023 0 0.0573 130 720 373 964 11 0.0569 173 795 423 1021 7 0.0560 174 790 428 1023 11 0.0553 131 724 369 958 6 0.0538 137 721 374 961 5 0.0538 129 717 366 960 8 0.0537 132 718 364 962 10 0.0505 129 725 368 956
5Y97fePJHkL64O49YMc8Qh2ytNRa9yxr,11 0.0627 366 329 632 570 11 0.0626 431 395 697 645 3 0.0606 320 332 577 581 11 0.0601 246 333 507 577 0 0.0595 241 270 502 509 8 0.0592 319 332 567 580 5 0.0592 495 328 746 571 5 0.0590 244 327 504 580 11 0.0589 492 334 752 568 0 0.0584 277 355 631 534 11 0.0583 314 393 566 643 11 0.0579 312 204 581 430 10 0.0578 371 333 628 572 13 0.0577 242 1 514 190 7 0.0571 375 329 633 571 0 0.0568 493 336 752 573 13 0.0568 373 326 635 572 7 0.0568 500 335 752 574 8 0.0568 139 345 486 528 11 0.0565 576 77 822 313 0 0.0564 498 203 753 445 8 0.0560 437 396 692 649 8 0.0558 495 336 744 573 13 0.0558 323 388 571 650 8 0.0557 502 199 746 445 13 0.0555 439 399 703 645 7 0.0554 253 328 508 581 0 0.0553 177 197 448 439 5 0.0553 500 198 744 442 7 0.0552 321 389 570 645 0 0.0550 435 396 699 650 13 0.0547 254 327 513 586 3 0.0547 314 204 584 436 3 0.0546 502 336 745 576 11 0.0546 245 131 516 357 2 0.0545 504 208 753 444 0 0.0541 313 203 577 427 13 0.0541 320 203 586 432 11 0.0540 500 204 753 438 6 0.0539 253 331 510 581 3 0.0537 506 204 752 450 6 0.0535 319 390 570 643 10 0.0535 245 338 505 578 11 0.0533 176 201 448 433 5 0.0533 555 264 807 508 6 0.0533 438 397 700 647 13 0.0531 512 147 766 382 7 0.0530 507 202 754 448 6 0.0528 500 336 752 572 10 0.0527 315 396 564 642 2 0.0527 375 334 634 573 6 0.0526 374 331 636 572 8 0.0522 568 141 817 385 10 0.0522 436 398 698 650 3 0.0521 246 273 504 513 13 0.0520 500 338 756 571 11 0.0520 557 271 815 504 7 0.0519 321 200 584 433 5 0.0518 572 72 821 311 0 0.0516 571 30 814 262 3 0.0515 442 398 697 654 5 0.0513 577 400 829 647 5 0.0512 309 199 576 428 13 0.0509 379 463 634 711 0 0.0509 181 73 442 312 6 0.0509 568 269 815 508 10 0.0506 496 338 749 572 3 0.0503 265 77 517 319 8 0.0503 565 28 806 261 8 0.0502 311 206 569 429 0 0.0502 578 469 838 727 6 0.0502 321 209 583 433 6 0.0501 183 198 453 438 11 0.0500 313 70 578 300
MxZvbAA0f9j9ksmT0BplpBdCCvZpTgwt,5 0.0607 227 262 483 500 0 0.0600 234 267 488 506 11 0.0589 342 410 706 584 5 0.0577 337 402 697 583 5 0.0575 230 450 494 688 6 0.0572 241 455 497 690 6 0.0563 241 266 489 506 8 0.0559 356 408 700 584 0 0.0558 237 457 497 694 8 0.0555 237 265 481 506 11 0.0550 233 267 487 500 6 0.0549 345 406 711 586 8 0.0546 238 454 488 691 3 0.0539 239 269 483 511 11 0.0536 232 457 495 691 7 0.0536 240 263 490 504 13 0.0536 238 456 500 695 0 0.0528 578 511 843 743 7 0.0524 352 406 711 588 0 0.0523 346 408 707 587 3 0.0522 353 407 707 590 11 0.0520 572 515 843 738 5 0.0520 569 501 835 743 5 0.0519 633 577 887 816 0 0.0510 641 584 894 816 8 0.0509 642 585 878 815 11 0.0508 118 659 382 878 0 0.0508 252 138 508 384 11 0.0508 259 591 514 823 8 0.0503 121 655 371 886 10 0.0502 236 274 486 505
0gbX2WOu9h2exBnDmahjFON7oC8lStpJ,5 0.0582 304 208 571 439 0 0.0569 363 2 638 189 8 0.0566 572 672 815 887 8 0.0562 193 513 440 757 11 0.0561 188 518 454 755 7 0.0553 358 273 631 503 0 0.0551 317 278 572 512 5 0.0546 239 270 495 493 6 0.0543 319 276 576 509 0 0.0537 191 512 450 759 5 0.0533 189 505 447 756 8 0.0533 374 1 629 186 3 0.0532 359 272 620 510 6 0.0527 313 146 574 376 3 0.0527 247 277 495 504 11 0.0527 362 151 621 377 8 0.0525 355 207 612 441 11 0.0525 576 623 836 836 8 0.0524 246 274 488 499 7 0.0522 201 514 453 759 7 0.0520 314 145 570 377 0 0.0519 311 146 570 379 3 0.0518 369 148 620 386 7 0.0514 246 275 501 497 11 0.0513 311 278 574 507 11 0.0513 567 733 822 950 8 0.0513 119 669 362 889 5 0.0510 316 58 578 291 8 0.0505 323 67 576 296 13 0.0505 580 623 837 843 5 0.0502 246 128 503 371 10 0.0501 368 159 624 379
gyWua3OzwSfCGSkTnLfcrYidboNHhug5,8 0.0671 166 785 420 1023 5 0.0665 377 260 634 507 11 0.0651 235 789 486 1019 11 0.0649 319 198 576 447 5 0.0642 232 784 478 1020 0 0.0636 381 261 634 510 11 0.0628 378 140 629 372 11 0.0627 381 267 634 506 13 0.0624 325 258 581 516 11 0.0617 308 727 557 959 11 0.0615 248 272 514 511 0 0.0612 438 327 697 577 0 0.0610 249 266 510 519 8 0.0608 385 263 628 507 5 0.0608 440 780 687 1021 11 0.0606 368 399 632 638 8 0.0602 307 769 545 1015 7 0.0601 241 789 490 1023 5 0.0601 376 130 625 373 8 0.0600 441 325 693 573 6 0.0600 237 789 488 1022 7 0.0598 324 195 579 449 0 0.0597 113 808 372 1023 11 0.0596 437 329 698 573 3 0.0596 383 263 636 511 11 0.0594 445 784 687 1021 6 0.0591 386 263 637 508 0 0.0590 381 135 627 378 11 0.0590 106 806 376 1017 7 0.0588 371 396 635 643 6 0.0586 259 200 519 456 11 0.0584 494 144 764 371 11 0.0584 170 721 446 952 0 0.0583 241 791 484 1023 8 0.0582 436 122 691 370 7 0.0580 117 802 377 1023 3 0.0580 441 328 698 576 8 0.0579 250 264 505 517 2 0.0578 385 268 633 508 13 0.0577 384 331 646 582 10 0.0577 379 334 639 576 7 0.0577 385 262 637 509 7 0.0575 579 391 829 634 8 0.0574 321 197 570 451 6 0.0574 501 139 766 375 8 0.0572 505 508 753 751 7 0.0570 511 443 763 692 8 0.0569 577 391 823 631 10 0.0568 108 806 372 1023 5 0.0567 245 264 506 512 0 0.0567 371 394 631 644 5 0.0567 107 798 366 1019 5 0.0566 434 326 695 573 6 0.0564 376 394 637 639 6 0.0564 384 138 632 376 7 0.0563 439 327 701 577 6 0.0563 512 383 761 631 5 0.0561 572 388 826 630 2 0.0561 438 331 698 574 7 0.0560 441 121 702 372 7 0.0560 253 267 514 514 7 0.0560 446 784 694 1023 2 0.0559 321 201 574 451 3 0.0558 250 269 511 521 0 0.0558 495 140 758 376 0 0.0556 501 518 760 754 11 0.0556 634 268 894 509 2 0.0555 508 389 758 632 13 0.0553 168 792 434 1021 11 0.0552 642 147 883 369 6 0.0552 113 802 375 1023 10 0.0551 381 142 630 374 7 0.0551 642 264 892 517 5 0.0550 493 133 758 373 2 0.0550 252 272 512 514 6 0.0549 441 324 702 574 10 0.0548 319 201 576 451 3 0.0548 437 124 700 376 8 0.0547 640 203 878 444 0 0.0545 642 266 891 518 8 0.0545 443 781 681 1023 13 0.0543 323 134 581 378 5 0.0543 365 391 629 637
rC8WLSy9upC3bdRRI7cGwQWJD7DJC0B0,11 0.0663 312 410 568 648 0 0.0587 355 472 713 657 0 0.0586 380 520 631 774 8 0.0583 348 468 706 655 11 0.0583 444 401 692 635 8 0.0578 292 409 637 596 0 0.0578 328 344 579 583 5 0.0576 245 397 501 642 6 0.0573 252 394 505 646 13 0.0569 252 393 507 647 7 0.0567 254 396 502 645 13 0.0556 330 341 581 585 0 0.0556 573 465 824 698 6 0.0552 320 460 583 706 7 0.0551 330 337 580 582 0 0.0549 369 655 638 901 11 0.0547 571 466 825 692 3 0.0544 329 343 577 589 5 0.0543 250 521 504 770 11 0.0543 377 520 634 766 5 0.0539 501 730 760 959 0 0.0538 250 397 502 646 8 0.0537 439 519 690 766 3 0.0536 249 401 501 653 6 0.0529 443 524 703 767 8 0.0529 181 453 422 721 7 0.0528 449 395 699 634 11 0.0524 372 658 639 895 5 0.0518 429 803 691 1018 6 0.0515 258 524 506 771 0 0.0515 573 615 845 840 6 0.0513 183 459 437 715 11 0.0512 440 812 701 1020 5 0.0511 570 462 815 692 11 0.0510 179 521 430 771 8 0.0506 571 468 814 697 0 0.0504 106 409 362 650 1 0.0504 268 467 627 668 5 0.0503 175 455 426 716 5 0.0502 440 395 683 634 2 0.0502 251 400 500 644 6 0.0500 448 401 696 637
uLDsgnds07vd5I3ehFIccmeGNtUKShx5,11 0.0658 364 343 635 567 3 0.0578 365 341 633 572 8 0.0575 366 342 622 569 0 0.0565 236 323 507 564 7 0.0557 365 342 636 571 5 0.0556 359 334 632 565 6 0.0554 370 339 635 570 0 0.0544 364 341 632 573 0 0.0534 181 393 433 631 5 0.0532 512 476 882 667 5 0.0529 224 322 499 555 8 0.0524 516 477 873 663 13 0.0522 368 340 640 569 11 0.0519 513 482 893 666 6 0.0515 526 479 894 667 0 0.0514 763 461 1012 710 0 0.0512 523 479 885 667 5 0.0505 759 456 1008 707 7 0.0500 523 477 890 669
juk7yPU8r03t6GAvjHK2VL7xuMSUe4ZM,7 0.0625 322 412 565 638 7 0.0613 316 719 572 965 7 0.0601 374 515 632 755 7 0.0594 439 589 695 820 0 0.0594 371 520 627 756 8 0.0593 250 721 494 961 0 0.0586 321 412 564 640 11 0.0585 307 719 568 962 7 0.0584 304 586 564 825 11 0.0584 322 415 564 634 7 0.0583 372 647 629 899 10 0.0581 300 593 563 825 5 0.0574 244 717 496 959 0 0.0572 304 586 568 826 8 0.0571 368 652 619 897 11 0.0564 368 518 626 750 8 0.0562 321 416 554 636 5 0.0561 297 586 560 823 11 0.0561 179 717 429 963 10 0.0553 246 724 502 961 8 0.0553 243 471 490 707 7 0.0551 182 713 431 960 0 0.0540 182 716 429 969 8 0.0539 369 520 618 751 8 0.0532 302 588 554 821 6 0.0528 249 723 507 964 6 0.0523 312 474 566 703 0 0.0523 369 652 629 903 10 0.0522 369 654 631 898 5 0.0521 311 467 561 702 3 0.0519 255 721 501 968 8 0.0518 435 589 681 820 3 0.0517 325 417 563 641 0 0.0514 315 721 570 970 13 0.0511 252 722 509 962 6 0.0509 303 592 568 825 11 0.0508 298 589 564 825 11 0.0507 363 648 628 894 13 0.0507 285 541 645 722 0 0.0500 433 596 690 821
nP8H4CuRODOoICuv4iCvwCj4GFn0EZPB,5 0.0723 362 783 636 1017 5 0.0653 237 790 501 1018 5 0.0651 437 714 698 957 5 0.0650 374 658 636 891 0 0.0647 367 786 638 1023 13 0.0646 251 794 512 1023 8 0.0641 314 786 574 1023 7 0.0636 436 782 699 1023 0 0.0634 174 789 421 1023 7 0.0633 312 790 582 1023 13 0.0627 320 737 586 966 0 0.0626 441 720 699 963 11 0.0624 245 731 514 963 11 0.0618 374 664 641 892 10 0.0611 310 794 581 1022 8 0.0606 113 791 354 1017 3 0.0604 381 719 643 961 0 0.0603 377 662 638 899 7 0.0597 320 678 578 910 2 0.0597 443 725 704 960 7 0.0591 177 788 425 1022 7 0.0590 442 665 698 901 10 0.0590 373 723 643 955 7 0.0588 389 608 633 829 3 0.0587 314 790 579 1023 8 0.0586 251 725 509 965 8 0.0585 438 780 690 1023 0 0.0581 322 613 561 843 8 0.0580 323 675 569 909 11 0.0578 439 725 701 955 10 0.0575 249 733 514 964 13 0.0566 113 791 364 1018 11 0.0562 169 789 418 1021 6 0.0562 249 731 517 962 6 0.0562 444 667 701 897 0 0.0560 441 541 675 773 2 0.0560 377 670 639 896 2 0.0559 370 793 637 1023 11 0.0550 320 617 560 834 11 0.0549 390 540 635 769 5 0.0549 319 610 556 833 10 0.0546 168 794 421 1023 6 0.0543 388 608 637 825 8 0.0542 444 664 688 900 11 0.0541 393 347 645 578 8 0.0541 386 609 624 828 13 0.0540 382 670 642 895 6 0.0539 438 785 701 1022 7 0.0538 408 544 765 726 5 0.0535 107 786 355 1016 10 0.0535 384 609 628 829 6 0.0534 311 794 583 1021 5 0.0534 441 532 673 764 13 0.0533 447 725 708 960 3 0.0532 175 789 421 1023 3 0.0532 387 609 631 834 10 0.0531 436 787 696 1023 13 0.0527 328 620 564 839 4 0.0524 310 790 582 1023 11 0.0523 497 536 738 769 8 0.0518 444 538 668 768 9 0.0517 169 787 418 1018 1 0.0517 241 785 507 1023 2 0.0516 247 795 507 1023 9 0.0513 308 793 576 1019 2 0.0512 444 544 677 769 13 0.0510 404 468 645 710 9 0.0509 434 723 701 953 13 0.0509 568 552 810 794 6 0.0508 398 346 652 580 6 0.0506 321 677 578 905 7 0.0503 395 345 649 579 6 0.0503 172 792 420 1020 3 0.0502 397 346 644 585 11 0.0501 321 396 581 644
eec2jMu4DbrsWak6XRMbjcXQZIU1mO34,11 0.0645 399 540 636 765 0 0.0643 398 534 635 770 7 0.0632 433 793 686 1021 7 0.0630 384 659 641 897 7 0.0628 401 541 639 769 5 0.0625 396 533 634 767 7 0.0611 305 782 554 1016 8 0.0609 399 540 633 768 0 0.0606 544 677 805 906 11 0.0604 377 664 642 894 11 0.0588 308 729 555 963 0 0.0587 379 656 636 899 0 0.0574 233 247 494 494 13 0.0573 402 541 640 766 11 0.0567 423 734 696 960 13 0.0567 434 794 683 1023 11 0.0567 544 679 811 897 10 0.0565 379 660 638 896 0 0.0562 626 592 877 826 3 0.0559 405 540 637 771 8 0.0558 384 656 634 894 5 0.0557 425 786 676 1020 8 0.0555 238 245 489 495 5 0.0552 229 242 490 487 8 0.0551 306 781 540 1015 13 0.0548 305 783 554 1017 5 0.0545 294 778 546 1014 2 0.0539 398 546 639 771 0 0.0538 426 793 678 1023 3 0.0538 498 792 739 1023 11 0.0537 622 599 874 824 8 0.0537 552 673 798 900 11 0.0536 233 251 496 490 8 0.0534 433 791 669 1021 10 0.0531 399 538 637 767 5 0.0530 374 652 635 895 7 0.0529 552 675 811 896 10 0.0529 544 681 805 898 6 0.0525 391 606 634 832 13 0.0518 384 661 643 896 6 0.0517 241 250 499 493 0 0.0517 300 782 544 1023 9 0.0516 397 539 635 760 3 0.0515 303 783 549 1023 13 0.0515 551 676 814 903 3 0.0513 382 660 637 900 12 0.0510 401 536 636 768 5 0.0503 546 671 802 901 2 0.0500 429 800 681 1023
O76me0W01VADFtCS2IBZL48cDbJDh2Yy,8 0.0529 561 272 806 499 11 0.0525 553 272 819 493 0 0.0513 555 273 817 499
1aPKcSSFA7aq5UO5oUQC9oepvNnXPo1S,11 0.0670 377 527 627 764 8 0.0621 381 527 622 766 7 0.0617 381 522 630 768 6 0.0607 380 530 631 770 0 0.0603 376 523 628 768 5 0.0598 375 520 624 767 11 0.0580 215 288 569 464 3 0.0555 383 529 630 770 13 0.0551 380 527 634 769 0 0.0546 216 288 564 468 0 0.0540 165 789 420 1015 11 0.0531 163 796 422 1011 2 0.0526 382 532 631 768 10 0.0523 380 529 627 765 7 0.0513 164 789 421 1016 8 0.0506 167 792 410 1014 9 0.0502 377 529 627 761
BzxHjkxqROyAe80FDZ6pkfWRXahLAwLE,7 0.0635 314 0 576 194 8 0.0624 313 0 566 192 8 0.0607 183 0 435 199 3 0.0596 198 0 557 157 5 0.0594 190 0 555 151 7 0.0592 386 60 641 320 10 0.0586 305 5 574 192 11 0.0585 385 330 639 574 11 0.0583 193 1 560 152 13 0.0582 199 2 566 154 0 0.0576 383 329 640 581 8 0.0576 379 395 630 648 0 0.0570 200 0 559 154 2 0.0554 196 4 554 153 13 0.0552 382 398 642 648 7 0.0551 383 186 642 428 8 0.0549 383 64 632 317 10 0.0548 386 333 639 575 5 0.0546 243 454 488 712 11 0.0544 386 126 639 368 6 0.0541 312 0 578 193 8 0.0538 264 542 614 726 10 0.0536 380 70 639 320 12 0.0535 313 1 576 191 10 0.0533 138 3 492 154 5 0.0532 305 60 572 311 3 0.0528 455 132 684 366 9 0.0527 309 1 576 187 13 0.0524 392 132 644 368 0 0.0523 447 134 689 362 8 0.0519 384 262 636 494 7 0.0516 389 330 642 578 6 0.0515 183 1 442 199 11 0.0514 243 464 492 709 7 0.0511 184 0 446 200 10 0.0511 246 467 492 710 4 0.0509 238 4 507 196 5 0.0509 375 391 632 644 11 0.0505 510 135 745 348 11 0.0505 135 782 392 1004 2 0.0504 377 402 634 649 0 0.0503 512 1 783 209 0 0.0500 377 191 641 424
I82BE4bA8bKPKEjCd09yrrGEENoxmV7J,5 0.0655 562 280 829 507 7 0.0621 584 132 855 366 5 0.0611 574 129 849 367 6 0.0604 582 217 843 440 8 0.0590 585 134 843 370 11 0.0590 242 662 513 895 11 0.0589 581 138 851 368 8 0.0588 564 287 821 508 11 0.0588 252 463 505 704 5 0.0583 251 458 504 702 0 0.0582 185 660 449 904 0 0.0581 573 218 841 441 3 0.0570 589 132 848 376 8 0.0566 256 461 497 704 0 0.0553 502 144 775 372 8 0.0553 249 658 506 898 6 0.0545 257 459 507 704 11 0.0541 562 287 832 504 5 0.0539 181 654 444 894 7 0.0538 257 459 507 703 13 0.0538 262 402 515 648 11 0.0536 631 605 890 847 10 0.0534 572 219 843 438 7 0.0533 250 661 517 900 3 0.0529 258 403 505 653 6 0.0528 250 656 515 899 13 0.0527 193 661 457 903 13 0.0519 586 136 855 371 2 0.0519 584 139 848 365 0 0.0510 257 457 507 705 10 0.0507 260 407 509 647 9 0.0506 582 134 852 363 10 0.0503 245 664 513 898
be5SuVE42twUlfSw93z9LzDU5zTpKFyf,11 0.0634 508 81 767 315 7 0.0622 510 81 770 324 6 0.0620 569 140 827 377 11 0.0619 481 42 844 219 7 0.0607 581 14 831 255 5 0.0606 559 134 822 377 8 0.0601 565 210 817 452 13 0.0599 571 209 830 447 11 0.0597 512 273 770 514 7 0.0592 516 271 773 513 0 0.0587 504 145 772 390 0 0.0585 570 212 823 453 11 0.0580 371 22 639 248 0 0.0580 478 40 841 225 3 0.0559 512 81 769 325 8 0.0558 504 146 765 385 6 0.0556 514 277 776 516 5 0.0556 637 198 908 431 5 0.0552 505 269 765 512 10 0.0550 563 211 825 454 3 0.0547 517 275 770 524 11 0.0545 639 75 878 292 8 0.0544 260 370 493 616 2 0.0535 564 146 825 375 8 0.0528 583 17 815 254 10 0.0523 506 87 764 321 11 0.0518 253 373 502 616 13 0.0516 515 274 774 513 9 0.0515 502 148 770 382 6 0.0508 379 16 646 256 6 0.0508 583 16 828 253 13 0.0506 583 19 832 253 5 0.0505 578 9 826 252 3 0.0504 380 16 641 263 5 0.0503 368 11 634 252 9 0.0502 507 274 769 509
JonKUcDO1aRkE6UJ0PJhjGcD0kA0RdJe,7 0.0527 436 0 694 202 8 0.0525 427 0 672 197 8 0.0522 329 475 669 661 8 0.0510 400 401 745 589 5 0.0506 375 0 643 234 0 0.0506 321 207 567 449 5 0.0506 315 204 567 443 13 0.0505 406 405 765 590 8 0.0502 324 282 552 517
qfO3t9NRN19vedNkVVWavbqCXSupacNa,7 0.0591 385 791 639 1023 8 0.0560 386 790 626 1023 5 0.0544 426 780 684 1017 11 0.0528 431 792 687 1016 6 0.0509 388 792 638 1023 3 0.0508 441 789 689 1023 8 0.0506 635 158 875 385 0 0.0506 636 159 883 387 0 0.0506 430 788 692 1023 0 0.0501 2 662 250 885
V1Ng7I1TRRF7U4KYHTm1t0LZFmdtLiga,11 0.0633 310 3 572 201 8 0.0601 248 272 496 502 8 0.0594 317 0 563 203 13 0.0590 318 4 572 204 5 0.0580 313 0 563 201 0 0.0580 243 207 501 450 0 0.0576 313 0 569 205 0 0.0575 175 380 438 625 8 0.0573 249 371 484 617 3 0.0573 320 1 566 209 0 0.0572 251 319 504 560 5 0.0572 242 267 499 500 11 0.0570 243 377 497 620 11 0.0570 243 141 505 383 0 0.0562 175 272 435 509 6 0.0561 198 3 461 253 5 0.0561 242 364 495 621 13 0.0555 251 138 506 385 6 0.0555 317 15 578 267 13 0.0552 200 2 464 255 7 0.0551 253 318 506 557 7 0.0549 257 0 509 262 0 0.0546 311 91 570 332 11 0.0544 241 276 507 503 6 0.0543 249 374 499 622 5 0.0542 310 89 564 327 8 0.0539 185 204 424 448 3 0.0539 250 373 498 627 11 0.0538 305 211 578 432 11 0.0536 176 467 426 695 13 0.0536 253 323 512 558 11 0.0533 189 54 450 311 2 0.0533 314 5 565 204 11 0.0531 182 207 434 444 2 0.0530 197 7 458 257 8 0.0529 127 1 376 199 8 0.0528 317 94 563 327 6 0.0526 246 207 505 447 8 0.0521 179 461 417 697 13 0.0518 189 211 439 447 10 0.0515 247 379 495 620 11 0.0515 121 0 390 201 7 0.0510 131 0 392 198 3 0.0509 250 275 505 511 7 0.0507 247 205 505 448 10 0.0506 316 4 568 205 5 0.0505 177 201 430 442 13 0.0505 179 380 445 625 8 0.0504 190 54 441 309 0 0.0504 131 0 388 201
ifc4bSufIrbN8zGygi7yiM7QeybY14oa,5 0.0593 444 566 695 812 11 0.0589 318 592 590 825 0 0.0572 444 523 695 754 8 0.0563 450 569 691 815 5 0.0559 311 525 564 762 5 0.0553 428 461 682 697 13 0.0548 408 543 652 765 7 0.0548 316 531 571 768 0 0.0547 313 533 569 771 11 0.0546 564 390 820 620 6 0.0545 408 538 654 764 11 0.0544 400 541 651 761 7 0.0531 405 602 663 831 0 0.0530 400 600 660 833 5 0.0528 399 655 648 886 11 0.0527 401 665 658 882 7 0.0526 451 524 698 753 0 0.0524 172 475 430 703 13 0.0522 414 665 661 886 3 0.0522 405 601 666 834 0 0.0521 319 647 586 899 3 0.0520 318 532 573 775 8 0.0508 318 528 561 768 11 0.0505 707 270 962 505 6 0.0505 255 589 518 840 8 0.0504 409 662 644 888 2 0.0501 314 536 568 770
pHGsK0rqsgP4E1FcrnepLm2lpWZSKkD4,5 0.0611 311 784 558 1020 0 0.0577 331 647 571 886 6 0.0572 314 787 565 1018 11 0.0565 311 789 562 1015 6 0.0560 250 710 504 956 0 0.0556 263 575 511 826 7 0.0554 268 642 505 885 8 0.0552 315 785 555 1020 5 0.0542 380 711 622 956 3 0.0539 315 788 559 1023 5 0.0538 245 705 493 956 13 0.0538 322 785 565 1022 11 0.0537 187 656 436 888 0 0.0535 390 782 634 1016 7 0.0535 148 612 402 843 0 0.0530 444 661 694 906 11 0.0526 443 660 694 895 7 0.0523 319 786 562 1020 8 0.0523 184 656 431 891 6 0.0517 390 715 632 954 0 0.0509 182 658 437 892 11 0.0507 381 722 625 953 8 0.0507 251 706 492 957 11 0.0505 333 651 571 878 6 0.0504 188 658 442 889 13 0.0504 254 706 504 961 11 0.0503 251 711 497 952 11 0.0503 377 524 634 762 2 0.0502 382 528 633 764 5 0.0501 260 571 506 819 6 0.0501 268 575 516 817 0 0.0500 1 3 267 203
Dy0cySaSnSqXX1mDkFq6UeDm7Cw56VCF,8 0.0512 635 0 876 202
PYA3timRdK3RdMW4gjepdYMa1NT1v2Uy,11 0.0639 245 726 504 960 8 0.0603 246 723 497 961 8 0.0599 449 468 681 686 3 0.0593 445 273 700 501 5 0.0593 245 722 500 962 0 0.0590 243 657 495 894 7 0.0585 246 658 498 891 8 0.0579 501 402 750 629 7 0.0574 504 400 762 635 6 0.0571 245 660 498 891 6 0.0563 453 473 694 688 10 0.0558 239 665 494 892 3 0.0556 246 661 494 896 7 0.0543 454 466 690 688 11 0.0542 448 469 689 687 7 0.0539 444 216 696 431 11 0.0534 439 272 697 493 5 0.0532 447 463 686 688 8 0.0530 442 270 687 495 8 0.0528 126 673 485 850 0 0.0525 499 405 756 632 11 0.0525 497 407 757 627 8 0.0525 17 606 349 783 13 0.0523 250 727 509 963 5 0.0522 497 402 754 630 5 0.0520 439 262 695 494 6 0.0520 446 271 701 494 0 0.0518 443 268 696 498 3 0.0518 455 471 689 694 2 0.0513 243 664 495 894 7 0.0510 15 607 366 786 13 0.0505 442 271 702 497 1 0.0504 244 719 502 962 10 0.0504 451 471 689 690
unLgSrjOi04bHAcYNQYjwkhD8iFM4Qkn,0 0.0620 482 600 744 826 0 0.0585 557 535 817 780 7 0.0561 570 736 825 960 7 0.0553 491 602 748 820 8 0.0551 490 599 738 821 13 0.0544 488 603 751 821 0 0.0543 566 738 822 963 5 0.0541 483 596 741 819 6 0.0536 492 604 750 822 11 0.0535 556 743 820 952 0 0.0527 526 480 885 669 11 0.0522 620 449 883 690 11 0.0522 485 606 745 820 5 0.0520 554 732 818 955 11 0.0515 219 349 580 525 0 0.0514 312 732 567 976 10 0.0509 487 604 748 821 5 0.0506 307 728 561 964
QbKaalQ4RuWVx0lhqgIaxPF9HJhRDJID,8 0.0609 516 603 754 835 11 0.0607 244 717 491 935 5 0.0600 512 600 760 836 11 0.0593 515 607 761 836 5 0.0590 373 645 629 875 0 0.0587 518 604 760 835 7 0.0575 519 603 764 840 0 0.0574 190 719 435 961 8 0.0573 504 725 752 965 11 0.0555 497 802 749 1023 0 0.0550 248 648 513 885 10 0.0547 517 605 763 837 5 0.0544 498 720 756 965 8 0.0541 379 654 628 880 11 0.0541 373 655 633 875 11 0.0539 435 729 703 955 0 0.0536 379 653 634 883 7 0.0534 500 797 753 1023 10 0.0534 241 716 496 939 7 0.0534 442 724 706 959 11 0.0534 303 510 562 736 3 0.0534 454 600 697 833 13 0.0529 520 604 766 837 5 0.0519 242 641 501 877 5 0.0518 290 576 558 801 6 0.0518 521 605 763 836 0 0.0517 630 618 888 856 7 0.0517 199 719 444 954 0 0.0517 438 721 703 958 8 0.0515 247 649 503 880 0 0.0515 496 801 750 1023 8 0.0514 309 514 554 737 7 0.0513 634 622 895 855 8 0.0512 628 619 878 853 2 0.0509 519 608 763 835 13 0.0507 377 594 634 813 7 0.0502 383 656 636 887 11 0.0502 167 793 426 1013 11 0.0501 626 622 888 852
NgKu9TptH9KZlxnSemPnGdKWsopkK0Wo,5 0.0551 436 457 698 705 7 0.0538 445 467 704 709 3 0.0523 448 469 704 714 0 0.0514 439 467 704 709
nrGH9Gko3znjN8BnxKA6dY6x1NIUb3SL,5 0.0617 617 333 879 573 11 0.0605 620 338 886 569 0 0.0594 254 266 499 500 11 0.0592 698 425 956 653 8 0.0586 321 205 571 440 5 0.0577 244 263 498 496 8 0.0575 615 400 878 646 8 0.0569 249 329 492 572 11 0.0568 178 397 437 646 11 0.0566 247 331 500 569 0 0.0562 318 206 581 443 7 0.0562 254 262 502 501 13 0.0562 253 263 505 504 10 0.0561 249 270 497 495 7 0.0559 184 391 434 649 6 0.0558 256 331 503 571 11 0.0554 314 269 574 499 6 0.0551 627 338 886 571 8 0.0551 633 272 883 510 3 0.0547 321 204 583 447 5 0.0547 635 212 892 449 8 0.0546 181 262 427 510 5 0.0545 692 417 951 653 11 0.0545 251 201 507 431 5 0.0545 314 200 576 436 3 0.0542 251 333 501 574 11 0.0539 181 269 438 506 10 0.0536 616 411 886 644 0 0.0534 616 404 887 646 0 0.0533 315 328 567 570 11 0.0531 451 23 688 234 13 0.0531 187 395 438 650 5 0.0531 309 329 567 568 13 0.0526 630 340 889 574 7 0.0526 620 404 889 646 6 0.0525 258 198 509 435 8 0.0525 524 22 753 256 3 0.0524 187 267 437 514 13 0.0522 324 205 587 442 6 0.0521 535 26 768 252 11 0.0521 696 282 954 509 5 0.0521 444 15 686 234 5 0.0520 176 391 432 642 11 0.0520 434 207 706 433 7 0.0519 325 199 580 444 3 0.0519 460 19 689 245 6 0.0517 186 393 439 646 7 0.0517 318 328 569 576 6 0.0516 189 265 439 508 3 0.0516 185 396 432 653 10 0.0513 315 335 569 570 5 0.0513 696 276 945 514 11 0.0512 309 400 572 640 13 0.0512 318 333 575 577 11 0.0509 508 159 766 373 7 0.0508 439 203 703 441 10 0.0508 321 209 584 437 8 0.0508 183 389 426 649 7 0.0504 532 21 763 254 7 0.0504 638 276 894 510 13 0.0501 570 801 826 1023 5 0.0500 425 200 695 436
ZdTCkajFmMWY4E0GEUwVWbFkLZ0laePy,8 0.0562 2 82 244 323 5 0.0561 0 80 247 318 8 0.0560 381 0 638 190 5 0.0554 368 0 641 187 6 0.0549 4 86 260 322 11 0.0545 0 90 253 319 5 0.0535 53 137 322 378 0 0.0534 0 87 251 325 3 0.0533 386 0 645 196 0 0.0532 376 1 644 191 11 0.0531 125 2 385 196 11 0.0529 448 2 713 195 3 0.0526 2 87 256 323 0 0.0526 129 4 381 200 13 0.0522 3 87 260 321 8 0.0521 127 141 373 384 7 0.0517 0 85 258 322 10 0.0517 432 23 708 251 7 0.0509 383 19 662 259 10 0.0508 0 91 253 319 6 0.0505 16 200 278 442 11 0.0503 124 145 387 376 13 0.0502 85 289 359 510
nTZluTK6UEfoSjUGyeU5j1tKdZ6Ls92R,11 0.0692 337 1 706 156 11 0.0687 374 89 643 331 5 0.0654 256 196 508 443 8 0.0652 384 18 626 262 0 0.0651 446 6 702 257 11 0.0643 240 268 490 512 7 0.0641 264 197 513 447 11 0.0638 308 21 565 262 0 0.0637 259 139 512 385 11 0.0634 254 143 513 384 5 0.0632 506 83 762 324 0 0.0623 376 87 644 329 3 0.0623 384 84 645 334 7 0.0621 381 86 648 332 6 0.0614 265 202 511 448 3 0.0612 451 6 703 258 7 0.0611 342 0 710 156 3 0.0603 259 144 512 389 8 0.0601 260 205 501 452 7 0.0599 312 22 571 260 3 0.0598 313 18 567 268 6 0.0595 315 77 577 326 8 0.0594 317 79 568 327 3 0.0592 518 87 768 332 5 0.0592 378 13 627 263 8 0.0592 442 82 703 324 0 0.0591 513 91 768 327 9 0.0590 444 9 704 251 13 0.0588 184 270 435 511 3 0.0586 245 270 487 517 6 0.0582 445 81 709 324 0 0.0581 308 18 566 261 2 0.0579 384 22 629 261 6 0.0579 384 18 635 262 8 0.0570 180 266 418 516 10 0.0568 255 83 509 322 0 0.0567 193 200 450 448 2 0.0566 263 203 508 449 13 0.0561 265 201 514 451 1 0.0561 442 0 702 256 5 0.0557 194 130 454 373 5 0.0557 174 261 426 509 2 0.0557 315 79 571 325 7 0.0550 183 264 432 512 13 0.0549 204 133 462 378 6 0.0548 206 134 457 378 13 0.0547 318 73 583 328 10 0.0547 447 13 701 256 11 0.0546 510 94 769 320 7 0.0545 514 89 772 327 2 0.0545 442 89 704 327 7 0.0545 205 131 460 375 10 0.0544 262 209 508 450 12 0.0543 337 0 704 159 6 0.0541 127 341 378 577 13 0.0534 123 343 379 580 8 0.0534 200 136 445 383 10 0.0532 507 96 777 325 12 0.0525 441 82 706 328 1 0.0523 308 70 573 332 10 0.0522 375 93 644 330 9 0.0521 309 22 566 255 5 0.0518 118 331 367 575 6 0.0517 187 269 434 509 13 0.0517 388 19 642 261 13 0.0512 445 81 715 323 8 0.0503 120 335 362 581
y5o86a856BXjcHDTnSTebvzqxg6jiLXe,5 0.0703 427 787 673 1016 11 0.0653 433 791 676 1015 8 0.0633 433 787 673 1020 0 0.0621 431 792 678 1022 5 0.0620 233 791 494 1017 11 0.0602 380 723 627 956 7 0.0598 435 789 682 1021 13 0.0592 438 792 683 1019 7 0.0581 244 800 503 1023 6 0.0567 432 793 682 1020 10 0.0557 381 725 630 958 11 0.0551 241 797 496 1022 8 0.0546 245 796 495 1023 8 0.0544 184 722 443 952 11 0.0542 432 665 694 887 10 0.0542 237 802 502 1023 8 0.0542 431 664 689 892 0 0.0541 240 795 502 1023 3 0.0540 433 791 676 1023 2 0.0539 433 793 678 1017 5 0.0536 505 711 740 943 6 0.0530 244 797 503 1022 7 0.0520 183 725 454 948 7 0.0518 323 657 587 904 7 0.0511 443 664 699 895 13 0.0505 247 800 507 1023 12 0.0505 435 789 677 1018 0 0.0502 179 726 451 952 11 0.0501 181 729 453 944
rwssdO8o0v6ptyVfKxAG6KwQUGS4vM9U,7 0.0675 249 783 493 1021 7 0.0630 320 590 569 832 5 0.0628 241 781 486 1017 7 0.0624 243 660 504 902 0 0.0612 190 660 441 910 8 0.0608 249 716 496 960 0 0.0606 312 660 564 909 5 0.0606 182 660 440 902 11 0.0605 305 662 563 902 11 0.0596 246 785 487 1020 7 0.0589 128 665 389 909 7 0.0583 764 125 1018 378 13 0.0581 251 785 494 1023 10 0.0576 246 722 505 959 11 0.0575 126 670 388 908 5 0.0572 304 658 562 900 8 0.0560 249 604 487 837 11 0.0560 245 605 497 837 8 0.0560 758 121 1008 381 5 0.0553 244 601 492 833 10 0.0553 249 608 497 834 6 0.0546 129 669 389 906 9 0.0543 243 788 489 1020 6 0.0543 309 663 565 902 0 0.0542 250 603 500 842 5 0.0538 757 120 1011 375 0 0.0531 757 129 1012 385 3 0.0531 250 785 492 1023 2 0.0529 249 723 505 962 6 0.0523 250 608 500 835 13 0.0522 243 664 510 904 0 0.0512 701 3 958 206 3 0.0511 312 661 566 908 11 0.0511 756 129 1016 376 9 0.0511 184 667 441 902 3 0.0510 189 664 445 912 13 0.0508 318 589 569 829 13 0.0504 765 126 1023 384
Q6QMhsnF4YI7raaLmDaZoAUdbu3QduAI,11 0.0616 494 594 752 831 0 0.0614 497 592 750 835 8 0.0605 372 668 625 903 0 0.0601 555 730 823 968 8 0.0596 500 595 743 835 0 0.0592 441 659 697 899 0 0.0584 557 529 812 774 11 0.0584 483 728 761 957 7 0.0583 447 660 698 900 6 0.0580 448 656 699 895 5 0.0575 439 655 695 897 11 0.0573 373 602 625 840 11 0.0572 437 663 696 892 3 0.0569 447 660 697 900 7 0.0568 503 592 752 833 7 0.0567 453 515 699 762 6 0.0546 375 600 629 843 7 0.0540 378 601 627 848 8 0.0539 446 519 689 761 8 0.0533 372 779 622 1011 2 0.0531 499 597 749 834 13 0.0530 446 660 700 899 3 0.0530 380 603 626 852 0 0.0530 445 517 695 760 11 0.0527 443 461 697 695 8 0.0524 313 610 554 842 13 0.0523 374 600 631 846 5 0.0523 366 773 627 1011 10 0.0522 498 595 749 833 7 0.0522 561 528 814 773 5 0.0520 372 595 624 846 7 0.0519 373 780 638 1015 8 0.0517 556 533 804 773 2 0.0515 441 664 695 897 0 0.0514 374 600 626 846 11 0.0508 369 786 630 1010 6 0.0507 336 455 593 719 3 0.0507 374 783 632 1019 6 0.0506 257 338 512 576 6 0.0504 559 531 813 773 0 0.0503 363 719 628 959 5 0.0501 248 332 506 572 11 0.0500 246 339 510 578
kXQbED8nk8GCeaFWFyu5fXyqZ5p0AVxJ,11 0.0617 316 340 576 564 5 0.0592 710 36 1023 223 11 0.0591 316 790 571 1018 5 0.0577 437 790 684 1017 7 0.0570 446 790 696 1019 0 0.0568 706 42 1023 226 7 0.0561 462 335 721 575 11 0.0555 246 402 502 630 0 0.0554 317 343 579 570 11 0.0550 701 43 1023 219 7 0.0545 322 336 582 567 8 0.0542 443 790 682 1018 0 0.0538 459 334 714 579 7 0.0532 317 785 569 1021 8 0.0530 320 785 558 1018 11 0.0530 441 797 693 1016 6 0.0527 381 800 636 1017 5 0.0519 459 328 711 573 3 0.0519 383 795 631 1023 5 0.0518 313 782 559 1018 6 0.0515 246 405 505 635 8 0.0515 459 331 709 571 10 0.0512 460 340 720 574 8 0.0509 709 42 1014 221 3 0.0508 466 334 710 581 10 0.0504 703 46 1020 222 13 0.0502 713 39 1023 225 6 0.0502 318 343 584 569 0 0.0501 246 400 503 636 5 0.0500 246 340 507 571
6hum0FvVVnzQDjkEPSRHlYkoPUcMoQpJ,5 0.0542 514 0 874 150 3 0.0528 534 0 880 154
nIda8pLJfOEQkUqvKx1UWVh2llfYa8ce,11 0.0587 313 473 572 704 11 0.0584 380 410 644 646 5 0.0578 319 397 572 636 0 0.0576 387 409 641 648 8 0.0570 392 409 633 646 7 0.0567 445 400 713 644 8 0.0560 324 466 565 708 6 0.0541 319 474 572 702 8 0.0540 375 289 629 515 5 0.0539 232 343 504 570 6 0.0537 379 350 652 575 13 0.0537 319 473 573 710 7 0.0535 321 403 574 642 5 0.0533 439 393 701 639 10 0.0532 320 475 568 704 2 0.0524 326 410 571 638 3 0.0517 325 404 572 643 0 0.0516 318 343 585 575 3 0.0515 379 350 643 580 3 0.0515 447 402 705 645 11 0.0513 312 345 586 572 0 0.0512 563 410 830 654 7 0.0508 565 412 838 652 9 0.0505 374 353 644 570 2 0.0502 446 408 707 640 13 0.0500 448 403 710 641
e4JxAZ7dgGKFr5XNQrJl1jdEhaZnNz3V,14 1.0 0 0 1 1
CoEwoeGGnNcEOmS5zw4HL1rYcPXW8naA,11 0.0676 296 58 556 305 0 0.0646 572 344 825 576 11 0.0645 189 71 446 319 8 0.0628 246 59 497 314 8 0.0614 572 340 815 573 13 0.0609 248 123 520 362 0 0.0603 240 58 500 311 6 0.0599 301 58 561 303 3 0.0598 305 56 558 309 5 0.0597 701 472 959 706 3 0.0591 198 72 445 324 5 0.0591 190 67 444 317 7 0.0591 188 127 448 367 11 0.0588 572 341 824 568 5 0.0583 567 337 818 572 2 0.0581 576 349 825 574 5 0.0573 191 192 454 429 6 0.0572 199 71 449 318 3 0.0572 512 334 755 579 7 0.0562 575 341 826 574 5 0.0560 295 51 552 301 10 0.0559 299 61 558 302 10 0.0557 193 74 444 317 11 0.0555 702 480 961 704 2 0.0551 194 73 446 317 13 0.0548 512 339 763 569 11 0.0546 188 197 460 429 10 0.0546 507 339 760 575 0 0.0544 705 476 954 711 3 0.0540 197 199 457 436 6 0.0537 201 199 457 432 9 0.0521 242 58 500 308 13 0.0521 196 196 465 432 1 0.0510 296 53 558 306 2 0.0510 302 62 554 304 1 0.0509 566 337 823 574 8 0.0506 712 478 948 713 6 0.0503 579 344 830 571
LXjztzSN8nJpfACQKjY6juct142t1Eo2,7 0.0640 254 655 502 901 8 0.0636 390 782 619 1022 5 0.0635 385 783 623 1019 7 0.0622 391 786 627 1021 0 0.0608 250 653 499 906 8 0.0606 253 656 493 902 11 0.0604 245 598 491 834 11 0.0584 254 712 503 957 11 0.0584 387 786 625 1019 5 0.0581 256 708 497 957 7 0.0573 197 718 434 960 0 0.0571 387 787 625 1023 13 0.0567 391 789 631 1023 10 0.0566 249 657 500 901 0 0.0559 193 718 433 961 8 0.0554 191 715 427 959 5 0.0544 245 595 488 834 6 0.0542 262 712 503 961 6 0.0541 391 792 628 1023 10 0.0534 388 788 626 1020 7 0.0531 318 334 584 566 9 0.0530 386 791 623 1020 3 0.0529 255 655 501 906 11 0.0525 306 392 575 628 2 0.0524 389 793 626 1023 3 0.0523 391 786 626 1023 10 0.0518 191 721 432 957 13 0.0517 261 709 508 961 5 0.0515 54 480 307 709 1 0.0511 385 780 625 1023 6 0.0510 247 598 496 834 0 0.0508 55 482 310 710 8 0.0508 51 481 300 710 5 0.0504 123 720 361 956
9yH7OeV4naYCLxiR4tFdpgsEvThnDUlG,11 0.0613 368 530 641 761 0 0.0578 369 529 639 767 7 0.0547 377 527 643 765 13 0.0545 373 527 642 766 10 0.0537 303 529 572 756 8 0.0537 302 526 568 759 5 0.0536 368 523 634 764 6 0.0530 375 529 644 768 11 0.0508 49 528 302 751 2 0.0508 373 531 639 762
ZzzDC44zdNsbRbDj18sncoeGLfMgIghh,6 0.0545 450 712 693 952 0 0.0525 713 30 946 267 11 0.0525 313 804 562 1022 7 0.0524 317 804 569 1023 7 0.0523 451 702 694 948 8 0.0517 318 803 554 1023 0 0.0516 448 708 691 954 8 0.0515 583 713 813 946 5 0.0515 443 700 686 944 5 0.0506 311 802 556 1018
sEI8DvtBjI5pIY8yr11kG0hD2ppVcOfS,8 0.0619 382 577 629 802 0 0.0608 630 0 893 214 8 0.0600 521 341 759 558 0 0.0600 459 407 710 637 13 0.0588 271 520 516 760 11 0.0586 258 521 512 759 8 0.0577 634 0 882 210 8 0.0575 461 408 701 639 7 0.0574 268 519 511 764 0 0.0572 376 578 639 804 11 0.0571 374 574 636 802 2 0.0565 463 416 711 639 5 0.0559 456 398 704 636 3 0.0558 268 517 512 769 5 0.0558 373 570 634 799 7 0.0557 467 405 710 637 0 0.0555 265 518 513 764 11 0.0555 356 134 645 374 5 0.0555 171 200 435 445 0 0.0550 506 280 773 501 8 0.0549 83 289 428 470 13 0.0546 631 0 897 213 11 0.0544 465 408 711 635 7 0.0543 243 206 512 448 11 0.0543 168 210 444 443 5 0.0543 0 290 291 479 5 0.0542 522 336 760 556 11 0.0542 628 0 896 209 8 0.0540 195 530 435 776 0 0.0539 177 208 438 449 5 0.0533 622 0 885 210 2 0.0531 120 261 381 488 6 0.0530 470 409 713 636 13 0.0529 378 582 644 805 10 0.0528 319 525 574 757 0 0.0527 0 299 300 481 3 0.0527 633 2 891 215 6 0.0526 268 519 518 758 10 0.0514 386 654 650 880 13 0.0512 6 293 313 476 6 0.0511 626 3 895 211 7 0.0510 388 647 660 880 2 0.0510 3 302 296 474 3 0.0509 463 409 710 643 7 0.0509 629 0 892 214 6 0.0509 181 207 443 447 11 0.0509 524 346 765 556 5 0.0506 437 199 714 423 7 0.0506 522 341 765 560 13 0.0504 185 208 448 444 3 0.0503 180 211 440 451 5 0.0502 352 125 637 372 7 0.0501 91 286 446 469
fOQrBcJVvBT7w041bWaw6khnlhOQf1Rt,11 0.0571 312 17 575 244 11 0.0566 624 666 881 890 6 0.0555 385 10 642 247 11 0.0546 173 787 424 1006 8 0.0543 243 15 497 248 7 0.0538 633 659 884 890 0 0.0538 126 777 372 1012 7 0.0535 245 14 508 251 8 0.0535 128 778 366 1008 0 0.0534 771 0 1018 203 5 0.0527 171 782 422 1004 6 0.0526 771 0 1023 200 13 0.0525 772 0 1023 202 13 0.0524 317 17 581 246 7 0.0524 178 782 430 1009 5 0.0520 233 8 500 245 8 0.0519 625 661 872 890 11 0.0514 763 2 1019 200 3 0.0513 318 17 577 251 0 0.0512 244 15 504 249 8 0.0512 766 0 1011 202 13 0.0511 255 73 514 306 11 0.0508 178 660 445 893 5 0.0508 373 5 636 244 5 0.0506 759 0 1016 200 3 0.0506 772 1 1023 205 13 0.0505 181 785 435 1012 6 0.0505 635 664 883 893 2 0.0505 245 16 503 249 7 0.0504 770 0 1023 202 11 0.0502 121 423 387 636 0 0.0502 627 664 881 891
MYIuvZ26lMNDgzkgehdU05SRKQAIkAAa,0 0.0658 569 335 822 576 8 0.0628 501 320 753 562 0 0.0611 182 401 434 633 11 0.0605 181 472 440 701 5 0.0592 565 331 820 573 7 0.0588 503 322 758 563 8 0.0587 187 467 433 703 3 0.0583 572 338 823 583 11 0.0581 240 598 484 834 11 0.0579 499 326 758 560 5 0.0577 230 525 493 763 5 0.0576 316 7 561 234 11 0.0571 377 395 645 631 6 0.0570 380 450 646 702 11 0.0569 306 463 568 699 8 0.0569 376 127 612 364 0 0.0564 319 11 565 241 5 0.0564 392 67 635 301 6 0.0563 574 332 826 572 8 0.0561 244 591 478 839 6 0.0559 241 530 496 767 5 0.0558 432 446 703 694 2 0.0557 570 344 824 572 5 0.0556 301 457 564 696 13 0.0556 329 11 571 237 3 0.0555 445 449 707 704 13 0.0550 245 589 492 839 8 0.0548 325 8 557 238 10 0.0545 497 328 758 565 3 0.0543 378 126 618 368 7 0.0543 188 469 441 699 12 0.0542 503 324 759 561 11 0.0542 115 406 392 621 8 0.0539 378 459 634 700 11 0.0538 315 16 567 239 13 0.0532 246 467 501 700 11 0.0529 375 130 622 361 0 0.0529 438 453 707 697 2 0.0527 183 474 442 701 3 0.0526 246 593 490 842 0 0.0526 372 128 620 367 7 0.0525 247 591 488 835 7 0.0523 442 453 710 699 13 0.0521 381 124 626 364 0 0.0520 703 360 951 580 9 0.0519 497 322 757 557 5 0.0516 313 137 561 374 13 0.0516 446 451 713 698 3 0.0516 181 474 438 710 6 0.0515 378 127 622 362 3 0.0515 312 536 572 791 5 0.0514 170 399 426 625 6 0.0513 123 408 392 624 8 0.0513 120 400 383 627 0 0.0512 241 467 500 699 13 0.0512 503 322 764 562 13 0.0505 186 402 440 635 7 0.0503 381 125 621 364 8 0.0501 309 533 563 785 0 0.0501 242 590 484 836
xDN8XcwOuARRH0wA2RhShri68Ev8hp1r,11 0.0669 245 468 502 705 3 0.0665 316 409 560 649 11 0.0659 312 409 565 644 11 0.0656 509 418 753 649 5 0.0654 298 459 553 700 8 0.0652 304 461 547 696 7 0.0638 250 465 506 705 0 0.0633 247 467 503 704 3 0.0620 250 468 499 708 7 0.0620 189 533 445 772 8 0.0619 314 339 559 573 8 0.0615 507 416 749 652 0 0.0613 314 407 564 645 11 0.0609 570 484 827 711 7 0.0609 317 403 566 645 0 0.0607 509 417 756 653 13 0.0603 576 482 835 711 7 0.0600 512 415 760 651 10 0.0596 305 466 554 699 5 0.0595 569 475 826 712 8 0.0594 572 479 824 710 11 0.0591 292 657 563 884 0 0.0591 241 340 501 570 5 0.0591 506 412 751 649 5 0.0588 179 532 442 769 13 0.0578 511 417 762 650 11 0.0577 179 536 443 770 11 0.0574 240 340 501 566 0 0.0574 570 479 831 715 0 0.0573 182 535 445 773 8 0.0573 180 481 435 717 3 0.0573 575 418 826 662 6 0.0571 509 420 759 651 13 0.0570 250 466 507 706 7 0.0565 305 654 567 886 11 0.0563 309 275 571 494 13 0.0563 191 534 450 777 11 0.0560 629 424 890 648 3 0.0559 242 341 503 573 6 0.0556 304 463 553 700 2 0.0555 181 486 441 713 8 0.0552 170 354 421 590 3 0.0551 186 535 439 776 8 0.0549 242 276 489 511 8 0.0547 301 656 557 885 8 0.0546 582 289 829 536 10 0.0544 509 421 757 652 10 0.0542 182 543 445 773 13 0.0541 314 407 571 647 1 0.0541 302 459 551 700 5 0.0540 310 335 567 571 2 0.0539 307 468 548 700 11 0.0538 578 294 833 528 5 0.0538 630 414 884 648 6 0.0533 572 480 832 712 9 0.0529 246 468 500 700 0 0.0527 101 421 387 653 8 0.0524 633 419 880 650 11 0.0523 395 57 648 281 10 0.0521 571 485 831 712 2 0.0517 513 425 755 653 6 0.0516 180 482 442 718 10 0.0514 316 344 569 571 3 0.0513 312 276 569 501 5 0.0512 295 648 560 881 2 0.0512 246 413 501 633 5 0.0511 576 285 831 532 7 0.0509 575 477 834 712 12 0.0508 314 409 566 646 6 0.0506 317 341 571 571 6 0.0506 589 292 841 532 3 0.0505 303 656 558 889 3 0.0505 584 292 835 541 7 0.0502 245 333 504 567 9 0.0502 506 414 752 645 0 0.0501 299 653 564 884 13 0.0501 587 293 842 536 0 0.0501 312 274 568 497 13 0.0500 242 339 507 572
Rkvj5ptBGs8bnT6BZXjXVOB5dZiu3tYQ,5 0.0576 185 385 441 626 11 0.0574 120 406 382 638 7 0.0527 131 403 378 643 6 0.0526 195 469 447 685 13 0.0521 127 405 386 646 0 0.0521 631 593 883 827 11 0.0519 627 596 885 822 7 0.0517 632 593 885 831 8 0.0516 631 595 878 825 7 0.0514 196 320 444 564 5 0.0504 622 586 877 824 8 0.0503 124 401 371 651
duiGai1oARHxBEQJbUe9tlLzM2368Uq6,5 0.0524 297 346 573 572 0 0.0521 325 403 588 630 11 0.0503 319 403 581 625
Bszgqvns0pXqa35FrX1LRiVSikaZA3W2,3 0.0555 382 266 650 508 0 0.0551 578 455 828 698 0 0.0548 444 329 702 575 7 0.0545 125 595 376 825 11 0.0542 579 334 829 569 11 0.0536 577 458 830 693 0 0.0536 577 331 823 578 5 0.0535 118 592 370 824 11 0.0534 385 322 657 552 13 0.0533 379 272 657 504 11 0.0532 443 792 688 1015 8 0.0528 445 267 699 508 7 0.0526 447 793 697 1017 8 0.0525 119 591 365 821 7 0.0523 377 270 650 504 0 0.0522 118 590 372 830 5 0.0521 439 788 684 1014 11 0.0520 187 658 434 891 3 0.0520 453 329 701 583 11 0.0511 119 597 372 818 6 0.0509 382 266 656 501 6 0.0508 520 335 778 567 11 0.0507 504 275 771 506 7 0.0506 448 330 703 574 11 0.0505 0 490 368 655 0 0.0503 370 265 651 503 7 0.0503 323 786 560 1007 5 0.0501 507 331 766 567
cbsAu2KqXZ9zt1zhOWvfdhNJshlZzmS2,8 0.0643 362 133 622 384 11 0.0640 189 142 451 374 0 0.0638 371 79 628 319 5 0.0619 304 140 568 389 8 0.0611 193 142 442 375 5 0.0598 187 138 448 373 11 0.0593 248 207 508 444 11 0.0589 367 83 627 322 0 0.0585 252 141 504 382 10 0.0581 253 147 504 380 5 0.0579 494 133 752 381 3 0.0577 258 141 504 389 6 0.0576 256 207 509 445 8 0.0575 497 135 751 384 0 0.0571 503 140 755 384 0 0.0571 126 132 394 363 10 0.0566 130 135 391 361 8 0.0563 307 205 557 452 7 0.0562 371 78 630 327 3 0.0561 377 78 623 327 8 0.0560 198 276 440 517 10 0.0559 369 86 626 320 13 0.0550 572 2 844 218 6 0.0550 196 142 455 376 13 0.0547 254 143 510 382 5 0.0546 195 277 448 513 11 0.0546 564 3 838 216 0 0.0543 253 271 497 511 7 0.0542 197 139 454 376 3 0.0542 136 132 393 368 13 0.0539 373 82 635 322 8 0.0538 709 406 954 651 2 0.0538 372 82 624 325 6 0.0537 205 279 453 519 8 0.0537 627 274 898 507 11 0.0537 194 280 453 516 3 0.0533 312 210 566 463 7 0.0532 258 203 508 445 11 0.0530 496 134 753 382 3 0.0530 508 136 753 392 13 0.0529 312 208 578 454 6 0.0528 374 78 628 322 0 0.0523 308 209 568 453 3 0.0521 258 274 497 518 2 0.0517 198 207 443 439 7 0.0516 505 135 759 385 8 0.0515 558 217 815 457 13 0.0515 130 130 399 365 13 0.0514 503 140 762 379 10 0.0513 566 7 839 219 7 0.0512 206 273 451 514 12 0.0512 505 134 757 386 7 0.0512 572 1 840 222 6 0.0509 575 3 841 220 10 0.0507 503 147 759 386 8 0.0507 196 454 429 709 5 0.0506 559 0 831 218 11 0.0503 709 343 985 583 0 0.0501 707 407 966 652 2 0.0501 132 136 393 362 13 0.0501 206 279 458 516
0oTAOq4uJjYg1MEKmiZFeYK4EjJyuFi5,5 0.0565 300 0 565 204 6 0.0545 312 0 579 206 0 0.0539 307 0 572 208 11 0.0524 503 202 780 425 8 0.0519 307 1 563 209 3 0.0510 307 2 570 216 8 0.0508 504 396 737 630 11 0.0505 300 1 573 207 5 0.0503 510 131 777 367 5 0.0502 302 130 557 361
IhV6jEGYmt425MzMUJZ7cjcTSV6BZB5j,10 0.0622 126 680 490 851 0 0.0621 123 678 488 853 8 0.0619 631 0 882 202 7 0.0619 133 679 494 851 11 0.0608 125 680 495 852 5 0.0596 121 675 480 851 8 0.0592 126 677 480 851 0 0.0588 693 2 958 200 3 0.0587 135 680 489 855 5 0.0572 693 0 951 195 5 0.0566 123 788 366 1021 13 0.0549 133 676 501 853 6 0.0540 135 681 496 849 13 0.0537 630 2 900 207 0 0.0536 131 796 370 1022 13 0.0527 140 792 377 1021 8 0.0525 134 789 360 1023 2 0.0521 128 681 488 854 13 0.0519 757 83 1020 317 11 0.0509 692 3 955 190 10 0.0506 126 797 372 1021 11 0.0504 127 798 369 1023
KmP7f1oyd0DPoYNDR3BbZUUEoPL11e8O,8 0.0617 428 600 681 832 5 0.0595 484 594 740 824 8 0.0561 488 531 743 757 0 0.0560 301 537 576 771 8 0.0557 367 537 630 767 7 0.0552 492 596 744 826 0 0.0548 440 536 694 762 0 0.0546 363 610 631 839 5 0.0545 305 391 569 631 11 0.0541 429 607 693 827 11 0.0534 296 540 581 759 11 0.0533 319 418 703 603 5 0.0527 359 607 629 837 8 0.0525 306 612 564 839 11 0.0523 315 317 580 552 5 0.0519 689 347 949 562 8 0.0519 456 209 705 450 11 0.0511 391 254 646 497 5 0.0511 246 265 508 500 8 0.0511 322 313 565 556 3 0.0509 490 599 736 830 0 0.0506 376 469 634 698 5 0.0505 482 477 747 700 7 0.0505 494 482 753 704 13 0.0504 323 320 588 560 6 0.0504 250 518 510 756 0 0.0503 312 394 574 635 6 0.0503 436 608 697 829 5 0.0500 366 460 629 692
RtI7lwDDk3Ursxc7SMMV3VcIRx69CEYb,8 0.0643 325 659 574 902 11 0.0620 318 662 581 903 7 0.0599 321 723 568 968 11 0.0587 572 660 827 889 6 0.0579 323 723 570 970 0 0.0576 318 721 564 970 7 0.0565 578 655 833 894 5 0.0562 312 720 561 965 11 0.0561 571 540 827 754 8 0.0558 570 656 817 892 3 0.0556 575 656 827 898 0 0.0554 572 662 825 896 13 0.0538 325 662 589 903 10 0.0533 573 661 828 894 5 0.0528 568 653 821 895 10 0.0521 316 726 566 966 6 0.0517 577 658 831 892 3 0.0512 322 721 565 973 13 0.0507 578 655 835 894
8kaUDlrOrK3Xpw2GNwb8YIzWhUVS710Q,11 0.0624 310 210 559 444 0 0.0605 316 207 555 446 11 0.0593 564 480 848 715 8 0.0584 312 208 552 447 7 0.0576 318 208 556 447 5 0.0569 309 205 551 444 8 0.0568 179 272 422 508 8 0.0564 249 336 480 573 0 0.0556 174 274 432 508 0 0.0552 569 547 833 782 5 0.0551 244 329 488 574 11 0.0548 173 274 431 504 13 0.0547 311 212 561 447 8 0.0547 571 400 830 651 11 0.0544 561 345 835 580 10 0.0542 250 345 491 570 10 0.0540 575 406 840 646 10 0.0539 312 216 554 442 2 0.0536 315 218 556 446 3 0.0534 314 210 557 452 6 0.0526 314 211 561 442 11 0.0524 405 422 778 607 3 0.0522 572 344 835 586 0 0.0519 444 347 697 585 11 0.0517 557 606 829 829 8 0.0514 568 549 828 779 8 0.0510 444 350 691 580 0 0.0510 573 402 837 655 10 0.0509 568 552 834 779 5 0.0508 171 268 425 505 3 0.0508 573 478 848 724 5 0.0508 561 340 836 581 11 0.0508 245 340 490 574 7 0.0505 572 478 850 715 0 0.0504 248 337 491 574 0 0.0504 444 457 698 705 0 0.0503 490 606 767 849 7 0.0503 565 342 840 578
INNVdOicE10LTkYNZoYJGPddHueCVUHu,0 0.0670 512 471 763 719 5 0.0646 433 516 686 767 8 0.0645 514 471 758 714 3 0.0625 517 471 760 717 8 0.0621 306 523 563 753 6 0.0618 440 523 691 769 8 0.0617 436 522 683 768 5 0.0610 508 467 757 714 7 0.0605 514 532 765 778 6 0.0596 304 519 570 752 11 0.0591 301 522 567 752 5 0.0590 297 513 564 754 11 0.0589 512 472 764 711 3 0.0587 439 523 687 771 0 0.0579 437 523 689 771 11 0.0566 432 524 690 764 7 0.0563 306 517 570 757 6 0.0563 515 472 766 717 5 0.0563 445 405 703 641 3 0.0559 305 521 569 759 10 0.0559 430 524 690 768 2 0.0559 514 539 758 775 0 0.0558 448 412 703 645 0 0.0551 304 516 566 757 8 0.0550 452 408 700 640 13 0.0545 303 520 575 754 13 0.0544 514 472 768 718 10 0.0542 509 475 764 712 10 0.0540 444 408 704 642 12 0.0540 305 518 568 753 10 0.0536 299 523 572 755 11 0.0536 447 412 707 639 3 0.0534 455 409 707 646 6 0.0530 453 408 706 642 12 0.0530 437 522 690 769 8 0.0529 244 339 495 586 9 0.0527 444 471 707 708 2 0.0524 447 473 701 714 9 0.0522 301 522 567 749 7 0.0520 453 410 709 643 13 0.0520 438 522 697 770 1 0.0517 510 467 760 715 5 0.0517 231 337 501 582 0 0.0508 179 341 440 578 12 0.0504 514 471 763 716 9 0.0502 510 534 758 773 13 0.0501 451 409 715 648 13 0.0500 183 337 448 577
lWyoZAuI52kLquumRQ8TTUcqK7pqwXWJ,11 0.0680 386 530 638 767 11 0.0670 318 460 573 701 11 0.0651 571 592 835 834 11 0.0625 443 595 704 838 8 0.0619 579 531 815 764 5 0.0619 319 278 582 518 7 0.0618 325 462 573 704 11 0.0605 258 531 511 771 8 0.0604 389 534 630 769 5 0.0599 175 383 441 635 8 0.0599 325 464 564 703 5 0.0595 564 652 819 898 8 0.0594 181 387 435 634 10 0.0593 318 468 569 702 7 0.0590 393 667 761 851 0 0.0588 565 655 823 900 8 0.0586 497 657 748 897 0 0.0583 317 670 690 857 0 0.0580 322 456 572 706 0 0.0579 575 525 824 764 11 0.0578 321 287 582 514 7 0.0575 325 282 587 520 3 0.0573 572 655 823 903 7 0.0572 581 529 821 764 0 0.0572 508 589 766 833 3 0.0570 323 287 586 525 0 0.0569 323 283 587 518 2 0.0564 511 595 766 833 8 0.0563 261 530 504 774 2 0.0563 566 660 824 898 7 0.0563 570 657 824 897 5 0.0560 317 455 569 702 8 0.0560 324 284 575 517 7 0.0557 121 387 379 638 10 0.0555 577 533 818 765 13 0.0555 572 655 826 901 5 0.0554 507 585 763 833 3 0.0550 512 592 764 840 5 0.0550 573 528 820 760 11 0.0550 177 387 444 633 0 0.0548 183 385 443 637 7 0.0548 453 526 702 768 12 0.0548 572 655 823 899 0 0.0545 498 710 756 962 6 0.0545 580 532 824 760 11 0.0545 255 667 625 850 8 0.0545 319 670 679 855 0 0.0542 388 529 639 774 3 0.0540 323 464 567 710 3 0.0540 393 534 636 777 6 0.0539 390 670 757 852 11 0.0536 497 713 757 956 6 0.0535 184 388 448 633 5 0.0533 446 521 701 768 5 0.0533 262 588 511 837 10 0.0533 390 534 635 767 11 0.0528 327 739 707 917 6 0.0527 571 656 825 898 3 0.0524 177 389 438 642 10 0.0524 181 394 439 631 2 0.0521 453 536 702 766 0 0.0520 267 588 516 839 13 0.0518 509 592 770 837 10 0.0518 568 658 819 896 5 0.0517 332 731 700 915 3 0.0517 505 712 757 967 3 0.0513 580 529 819 769 13 0.0513 180 386 449 638 2 0.0511 579 536 822 764 7 0.0511 267 530 512 770 6 0.0511 450 530 702 764 10 0.0509 260 535 509 770 10 0.0506 509 590 761 831 13 0.0506 326 285 590 523 13 0.0505 263 528 514 775 6 0.0505 327 285 586 514 13 0.0505 328 666 698 854 13 0.0505 577 532 827 766 13 0.0504 323 459 578 707 6 0.0504 321 464 571 698 9 0.0502 447 526 704 762 2 0.0501 325 469 572 704
RkeGkC91a1oBwnSSKIOEX239LfGzBIhM,5 0.0678 309 708 558 955 0 0.0669 258 718 499 968 0 0.0652 462 670 834 859 0 0.0651 201 675 562 859 8 0.0651 258 721 494 964 8 0.0651 203 676 550 856 11 0.0650 461 672 836 854 0 0.0649 381 589 629 835 11 0.0645 201 679 560 856 0 0.0642 380 707 630 966 7 0.0641 381 709 632 963 11 0.0636 256 722 498 965 7 0.0630 388 589 631 831 7 0.0629 205 676 567 857 11 0.0628 439 585 691 826 8 0.0625 442 584 686 829 8 0.0624 465 670 828 856 5 0.0623 460 671 828 855 11 0.0622 375 712 630 961 7 0.0620 470 670 837 856 6 0.0616 262 668 504 908 5 0.0616 437 582 687 829 10 0.0614 257 674 503 908 6 0.0607 465 673 833 858 7 0.0603 259 720 500 970 8 0.0600 381 706 626 961 3 0.0599 468 671 834 859 11 0.0582 386 520 626 759 13 0.0580 258 721 504 966 10 0.0579 462 672 831 855 6 0.0576 442 587 693 829 3 0.0566 202 677 563 860 13 0.0566 206 676 569 858 13 0.0565 443 585 697 830 9 0.0565 254 722 498 962 13 0.0563 469 671 837 858 0 0.0562 444 523 696 766 10 0.0562 383 591 626 832 7 0.0558 449 525 701 762 3 0.0556 443 584 691 835 8 0.0556 386 523 622 759 13 0.0553 382 710 636 963 2 0.0553 464 675 834 856 12 0.0550 467 669 834 858 2 0.0539 441 591 690 831 9 0.0539 196 676 560 854 12 0.0537 263 665 502 912 2 0.0536 378 714 631 963 1 0.0536 255 716 500 967 9 0.0525 458 673 831 853 2 0.0523 258 724 499 967 4 0.0522 258 723 502 966 1 0.0522 455 668 831 857 2 0.0521 203 682 560 858 9 0.0516 375 710 629 957 9 0.0513 381 589 625 828 1 0.0510 376 705 630 964 4 0.0509 467 672 837 857 13 0.0508 392 523 634 761 6 0.0508 393 525 634 759 5 0.0504 386 517 626 758 1 0.0501 437 577 690 831
nUmFz3H6EII4EoZsDjZU0EIflhRIeJoJ,8 0.0625 306 0 571 186 5 0.0610 303 0 572 186 13 0.0606 385 2 643 193 0 0.0600 379 0 644 195 11 0.0592 371 0 643 191 5 0.0578 426 0 702 190 11 0.0569 206 1 564 153 7 0.0566 382 0 646 193 6 0.0562 307 1 578 187 5 0.0561 378 47 631 313 3 0.0551 438 1 701 198 8 0.0550 436 0 697 191 13 0.0550 219 0 567 154 3 0.0542 313 1 576 192 8 0.0526 387 56 629 314 10 0.0524 305 4 580 186 0 0.0524 216 0 565 156 8 0.0521 380 538 625 762 7 0.0521 252 607 503 840 2 0.0517 378 4 638 193 6 0.0516 392 57 639 320 2 0.0513 216 3 561 155 13 0.0511 305 607 565 847 1 0.0510 371 0 639 194 11 0.0508 313 534 567 761 5 0.0506 404 470 690 709 11 0.0505 246 614 505 834
OnBHGkmNqtyyF4GFWxwQpshMPAkuGPc9,11 0.0540 176 527 445 767 7 0.0536 445 798 680 1022 11 0.0525 437 799 673 1017 8 0.0516 179 523 437 763 11 0.0514 316 32 567 246 0 0.0513 317 26 561 252 3 0.0508 325 28 564 251 13 0.0503 444 804 683 1023
ISYjaz5yWGdV9rU1zcIYLlMVMmGTmbHY,11 0.0646 718 421 1022 606 8 0.0623 721 416 1015 610 6 0.0622 649 388 890 643 5 0.0610 698 389 941 650 11 0.0594 641 393 885 640 0 0.0593 561 213 814 442 0 0.0573 709 269 945 512 8 0.0572 642 391 878 642 5 0.0571 555 207 812 439 0 0.0566 719 422 1023 611 6 0.0564 728 419 1023 608 7 0.0563 661 482 1023 668 13 0.0562 776 459 1015 706 11 0.0560 558 211 819 439 5 0.0560 763 456 1004 701 0 0.0559 497 273 758 503 11 0.0557 701 265 946 506 8 0.0555 708 259 937 511 13 0.0552 642 462 904 707 5 0.0551 701 262 942 507 2 0.0551 645 395 887 641 0 0.0549 492 146 746 373 5 0.0546 558 452 814 700 3 0.0545 703 395 943 656 7 0.0542 504 217 762 446 11 0.0541 495 275 763 499 5 0.0540 491 268 755 499 0 0.0540 174 330 428 585 3 0.0539 562 210 817 448 10 0.0539 725 421 1022 608 6 0.0538 567 457 824 703 2 0.0538 562 216 818 441 6 0.0534 713 267 949 506 2 0.0529 726 423 1023 607 6 0.0526 567 212 821 439 8 0.0526 559 209 810 440 11 0.0523 491 151 753 372 13 0.0521 459 485 840 668 11 0.0517 372 205 640 442 6 0.0514 502 270 765 502 10 0.0514 644 396 887 640 8 0.0513 497 269 753 500 8 0.0511 331 441 567 705 0 0.0508 455 482 825 668 2 0.0508 564 465 823 701 0 0.0505 319 207 581 453 0 0.0503 643 390 886 645 10 0.0501 501 222 758 444 8 0.0500 391 485 747 669
eYv4k0g1DdWeIFNpyod4FLbVQMV8vpxP,11 0.0595 248 0 508 205 0 0.0591 255 0 506 205 8 0.0575 510 396 759 638 7 0.0566 456 450 708 707 5 0.0565 248 0 503 203 8 0.0564 395 445 639 704 11 0.0556 446 457 704 703 13 0.0549 326 0 577 202 5 0.0548 499 271 765 502 11 0.0547 447 324 712 562 8 0.0545 447 317 695 566 0 0.0544 508 401 767 642 11 0.0542 503 209 784 440 13 0.0541 513 401 770 637 3 0.0539 450 386 705 645 8 0.0537 579 280 823 514 0 0.0535 381 389 644 641 8 0.0534 257 2 501 203 0 0.0533 445 325 703 568 7 0.0531 453 320 705 566 6 0.0529 381 517 641 773 0 0.0529 380 524 637 778 6 0.0526 514 400 771 636 11 0.0524 508 405 770 633 3 0.0524 326 0 570 207 5 0.0523 439 383 698 634 11 0.0519 573 287 838 510 13 0.0518 184 3 447 208 11 0.0517 380 394 650 630 6 0.0507 510 272 781 506 6 0.0501 454 451 708 708
70nN5ZXlcNfzOFUx5N4uzq7ULAXpIXsf,8 0.0594 572 337 811 577 8 0.0582 499 403 743 639 11 0.0571 509 338 765 571 7 0.0564 510 334 766 577 0 0.0562 570 342 818 573 0 0.0556 502 403 750 639 11 0.0554 450 458 702 695 11 0.0549 253 333 505 573 7 0.0546 443 394 695 633 5 0.0541 561 464 803 707 8 0.0539 439 340 693 564 5 0.0533 571 336 812 573 13 0.0533 578 343 826 575 8 0.0531 563 468 805 711 7 0.0527 509 463 761 707 11 0.0526 559 470 814 708 2 0.0524 579 346 820 577 13 0.0520 439 396 701 631 11 0.0517 444 205 702 432 11 0.0516 289 804 553 1022 0 0.0510 564 471 814 710 5 0.0509 494 401 740 636 7 0.0508 452 530 706 776 0 0.0506 439 339 698 563 5 0.0506 433 334 696 562 8 0.0506 443 210 693 437 11 0.0504 450 622 704 846 5 0.0504 438 205 696 433 6 0.0502 580 344 825 573
qppUtM1GilpRdfcFGzVIyo4wqPIQJOFw,0 0.0606 585 602 827 832 5 0.0562 308 198 564 436 0 0.0554 174 659 441 896 8 0.0550 492 737 744 958 8 0.0549 584 602 817 831 5 0.0542 293 605 562 837 5 0.0531 419 801 680 1020 7 0.0530 176 658 448 892 8 0.0529 174 661 432 893 10 0.0528 585 605 832 828 5 0.0528 581 597 825 830 6 0.0528 316 204 570 442 11 0.0528 172 663 440 887 8 0.0525 316 205 560 440 11 0.0520 378 201 641 441 11 0.0520 585 604 831 828 0 0.0520 381 197 636 445 0 0.0519 498 815 756 1023 6 0.0519 364 604 637 843 6 0.0517 587 667 847 891 11 0.0517 358 611 638 851 5 0.0514 174 589 424 807 6 0.0512 176 659 441 890 3 0.0510 584 604 824 835 7 0.0509 355 222 707 402 11 0.0509 310 142 578 364 0 0.0507 311 138 574 374 11 0.0504 422 812 680 1022 7 0.0503 493 734 762 962 2 0.0503 584 608 829 830 5 0.0502 481 730 753 959 5 0.0500 376 124 640 362
Or1AjIbRyOpiceGkiRLumKeHf6vJxVne,0 0.0504 695 0 948 202
TVf1KM0mwg5We322h03qa2ZNlElF2hgu,5 0.0633 317 354 562 588 11 0.0584 388 341 639 585 0 0.0583 0 461 238 709 11 0.0556 376 470 630 702 11 0.0554 0 465 242 701 5 0.0552 381 73 640 292 8 0.0546 561 97 814 322 0 0.0544 505 219 761 453 11 0.0544 514 153 779 385 5 0.0544 294 3 552 245 8 0.0543 450 463 679 701 5 0.0541 381 403 626 650 0 0.0539 384 343 639 589 13 0.0539 303 10 565 249 6 0.0527 449 464 691 695 2 0.0526 392 351 640 586 0 0.0526 269 368 506 590 8 0.0525 303 8 551 246 5 0.0523 556 95 821 320 11 0.0522 266 363 510 584 10 0.0522 0 465 241 704 2 0.0518 517 160 780 384 7 0.0517 378 472 632 710 13 0.0516 442 515 695 751 8 0.0515 0 460 232 705 8 0.0511 194 568 446 829 8 0.0506 50 537 300 781 0 0.0506 300 7 556 252 11 0.0504 499 285 755 521 5 0.0501 559 216 828 451
kqkOBgxEE3GqxuKbcsDMSFQiF772jAlg,5 0.0579 357 761 604 1011 8 0.0572 449 399 706 641 6 0.0546 450 402 724 640 11 0.0534 443 406 716 644 11 0.0531 298 587 558 833 7 0.0525 375 770 613 1013 7 0.0520 343 418 709 608 8 0.0518 322 451 561 710 7 0.0515 315 671 561 914 0 0.0514 335 419 700 606 5 0.0514 443 394 718 636 11 0.0514 312 451 566 712 11 0.0509 364 774 611 1008 10 0.0507 244 595 509 837 5 0.0506 315 443 568 707 6 0.0505 258 656 517 901 0 0.0503 308 668 560 918 11 0.0501 337 357 691 542
YeslBYUPDsLCYvcN3FKPjTiCEiA49RiI,11 0.0635 309 332 574 569 11 0.0615 450 275 695 508 11 0.0598 383 203 629 436 8 0.0597 247 327 497 571 0 0.0592 386 328 636 568 7 0.0590 313 329 572 575 5 0.0589 241 321 505 569 3 0.0589 246 329 504 575 3 0.0588 392 279 635 518 7 0.0586 390 274 639 513 11 0.0585 235 269 501 504 10 0.0582 305 279 563 516 13 0.0569 308 277 568 523 0 0.0569 306 272 565 522 11 0.0554 304 778 556 1008 6 0.0552 313 331 579 573 8 0.0551 324 143 560 357 8 0.0551 388 330 631 566 11 0.0550 496 810 766 1018 8 0.0542 380 205 623 439 7 0.0542 522 268 762 513 8 0.0541 518 268 751 508 11 0.0538 168 330 443 571 5 0.0537 319 135 568 352 5 0.0534 171 263 439 503 5 0.0530 382 327 635 563 0 0.0530 326 138 572 356 5 0.0530 516 265 753 509 3 0.0529 525 270 755 516 11 0.0529 514 215 754 444 0 0.0528 175 269 435 509 0 0.0526 262 77 501 314 11 0.0525 324 137 576 359 6 0.0523 452 277 702 512 6 0.0519 243 268 506 508 13 0.0518 443 328 696 560 10 0.0518 518 271 758 512 10 0.0516 388 211 629 435 9 0.0513 310 333 571 566 10 0.0510 386 334 638 562 0 0.0508 382 202 628 435 8 0.0506 265 81 493 311 6 0.0502 388 210 635 438
oFnQjY6g1Ogg3KFUvU5QR4P4gzIgnmhh,7 0.0561 301 536 576 770 11 0.0555 295 542 572 768 0 0.0543 302 538 574 770 11 0.0540 375 603 664 827 5 0.0525 296 468 571 704 8 0.0521 302 539 563 770 0 0.0520 241 481 500 713 10 0.0517 45 612 370 793 8 0.0516 243 479 492 711 5 0.0507 539 417 875 602 11 0.0507 301 410 569 642 0 0.0503 378 602 660 832
zgM73nYZbME8dYvYeRm6J5c56iTWdXXD,0 0.0651 503 788 762 1023 5 0.0648 296 778 557 1019 0 0.0632 380 732 642 966 8 0.0620 407 862 766 1023 7 0.0616 306 781 567 1023 0 0.0608 301 780 562 1023 11 0.0606 366 788 629 1021 5 0.0604 392 862 764 1020 13 0.0603 410 865 776 1023 6 0.0592 305 784 563 1020 7 0.0592 19 869 398 1023 0 0.0589 16 873 389 1023 7 0.0588 409 862 780 1023 0 0.0586 512 685 774 904 7 0.0585 383 733 644 966 8 0.0582 26 870 386 1023 13 0.0579 308 783 569 1023 5 0.0578 372 730 637 960 0 0.0573 375 552 636 780 6 0.0570 22 873 395 1022 5 0.0570 502 732 767 954 10 0.0569 301 784 559 1022 3 0.0567 501 785 765 1023 7 0.0567 171 782 436 1021 3 0.0566 371 787 633 1023 6 0.0566 170 789 437 1016 5 0.0565 6 869 385 1020 11 0.0560 368 553 641 771 0 0.0560 167 787 435 1023 10 0.0559 376 736 641 962 6 0.0557 409 868 778 1023 13 0.0552 15 872 397 1023 8 0.0551 511 734 766 959 7 0.0547 377 554 640 777 7 0.0545 311 480 565 708 11 0.0543 506 738 770 956 6 0.0542 382 732 644 960 5 0.0542 440 540 700 769 8 0.0541 317 728 568 966 5 0.0541 161 783 432 1015 10 0.0541 372 555 632 769 11 0.0540 227 789 487 1020 10 0.0538 10 874 386 1022 8 0.0537 173 787 427 1018 10 0.0532 402 866 771 1023 8 0.0532 390 472 623 703 9 0.0530 367 790 631 1019 10 0.0530 163 791 431 1020 11 0.0529 9 875 391 1021 13 0.0528 515 686 778 905 3 0.0525 380 548 639 783 3 0.0525 235 789 487 1023 6 0.0525 451 546 708 769 7 0.0524 566 779 825 1016 6 0.0523 511 737 776 958 13 0.0522 387 734 646 964 13 0.0520 567 783 824 1014 3 0.0520 24 872 390 1023 2 0.0517 504 791 764 1021 11 0.0516 518 462 777 691 0 0.0514 386 397 644 636 1 0.0514 398 860 769 1023 2 0.0513 14 875 393 1023 13 0.0507 391 398 649 641 13 0.0505 168 789 442 1023 3 0.0504 307 482 561 715 5 0.0502 382 465 632 704
9sp2NxopHTbA57HIzAkLOa3fUUArp2Uj,7 0.0519 367 471 630 694 0 0.0516 691 823 973 1023
llXsB94LSKfiFDTmVqQ8qK5dYtQEyJdN,11 0.0622 194 339 443 586 5 0.0613 247 323 503 575 5 0.0592 240 190 514 436 11 0.0592 243 268 514 505 8 0.0591 198 336 436 588 8 0.0590 247 134 516 373 0 0.0586 244 137 519 375 0 0.0586 254 329 506 577 11 0.0580 242 137 524 371 6 0.0578 202 273 454 518 6 0.0577 248 138 527 376 7 0.0570 257 326 506 577 13 0.0564 254 330 510 579 7 0.0563 360 517 609 755 3 0.0562 253 330 502 583 7 0.0561 247 133 524 373 11 0.0561 307 211 588 435 11 0.0560 227 523 488 759 5 0.0559 498 583 759 839 5 0.0557 311 262 584 503 10 0.0557 243 201 515 438 0 0.0557 317 265 584 507 8 0.0551 312 206 578 439 3 0.0550 318 268 586 511 8 0.0547 364 523 597 750 8 0.0546 232 524 479 766 11 0.0544 120 278 381 526 8 0.0543 245 266 507 507 13 0.0539 248 134 530 376 10 0.0537 200 277 447 514 7 0.0535 314 205 588 439 5 0.0532 253 60 518 302 3 0.0532 246 136 521 380 6 0.0529 321 269 591 509 5 0.0527 226 515 480 759 8 0.0526 129 272 374 528 7 0.0525 232 521 486 768 13 0.0519 506 599 769 848 3 0.0519 507 598 761 851 13 0.0516 315 209 597 440 11 0.0513 584 677 844 904 2 0.0513 247 140 514 373 7 0.0512 506 600 765 844 10 0.0510 318 276 588 504 5 0.0508 579 675 835 907 11 0.0503 356 519 603 749
Cg5ce57o0tAiJQGuAGEuZUvGEppb9EDX,8 0.0638 130 587 376 840 7 0.0635 131 591 385 844 0 0.0635 14 593 260 842 11 0.0595 558 671 823 899 5 0.0590 124 591 382 838 11 0.0576 128 593 379 836 10 0.0574 127 601 380 840 8 0.0560 454 676 809 853 5 0.0558 17 590 258 838 7 0.0557 21 594 258 840 8 0.0552 23 590 253 837 0 0.0550 448 676 822 854 0 0.0544 125 595 386 845 11 0.0543 18 600 261 833 7 0.0542 566 669 831 906 5 0.0533 561 667 821 902 8 0.0526 639 682 894 915 7 0.0524 391 214 644 444 3 0.0524 568 670 823 912 8 0.0524 560 720 810 953 3 0.0521 133 594 381 846 0 0.0514 557 721 825 955 6 0.0513 565 671 828 904 8 0.0512 245 645 503 880 7 0.0511 63 351 323 594 11 0.0510 379 219 647 445 11 0.0509 53 354 331 591 13 0.0509 459 679 823 855 11 0.0508 240 650 514 872 10 0.0502 565 673 822 903
BIujRGnHM49LHe7gEf3CWWyYhrvLDSE4,5 0.0579 306 332 552 567 0 0.0570 17 346 251 586 5 0.0567 365 279 621 504 0 0.0559 565 447 820 705 0 0.0558 501 330 751 569 3 0.0557 374 281 628 511 11 0.0557 185 811 441 1015 0 0.0556 252 396 491 633 5 0.0555 355 0 699 150 5 0.0554 8 345 250 581 7 0.0552 17 345 256 589 7 0.0551 383 341 629 568 6 0.0550 381 341 629 569 5 0.0549 561 444 810 700 11 0.0545 375 349 629 568 0 0.0544 315 335 557 571 5 0.0541 241 394 488 628 11 0.0538 564 450 818 703 6 0.0537 507 389 760 636 13 0.0537 510 395 764 638 7 0.0535 508 391 765 637 5 0.0534 302 197 569 430 8 0.0532 12 339 245 588 8 0.0530 376 279 618 503 13 0.0530 572 450 824 706 6 0.0528 570 444 822 703 13 0.0527 318 338 565 575 0 0.0527 762 279 1013 530 13 0.0527 252 396 496 634 5 0.0524 499 323 748 567 8 0.0523 764 275 1005 527 0 0.0522 373 281 629 505 8 0.0520 317 336 546 569 10 0.0518 376 352 630 569 11 0.0514 246 402 492 629 8 0.0514 317 198 565 433 0 0.0513 316 202 576 436 3 0.0511 314 335 555 576 13 0.0511 317 201 584 439 3 0.0509 512 392 757 642 8 0.0508 506 328 742 563 2 0.0505 505 397 756 636 13 0.0504 379 282 638 508 6 0.0503 320 204 578 435 2 0.0502 569 453 818 702 5 0.0502 353 129 624 356 5 0.0501 181 805 434 1014 10 0.0500 503 396 760 639
ucH6oPEveNa1JiBERVu6qdIAmDLlfOqa,8 0.0614 318 590 565 834 11 0.0611 313 591 573 830 7 0.0593 265 583 517 833 11 0.0580 247 654 511 888 5 0.0571 371 595 624 835 5 0.0571 256 583 508 832 0 0.0569 251 649 513 891 3 0.0567 376 595 631 843 5 0.0555 308 658 567 895 7 0.0553 376 591 634 837 6 0.0544 260 585 516 834 3 0.0542 261 587 514 839 10 0.0542 372 597 631 834 13 0.0528 377 596 636 840 10 0.0527 258 587 516 831 7 0.0524 246 715 518 960 13 0.0523 263 587 522 836 2 0.0520 373 600 629 836 0 0.0519 286 0 562 187 6 0.0515 375 592 634 837
0RCM12XafWFNMGvjNtIqtLETD7CFWkmf,11 0.0657 361 425 632 649 8 0.0591 364 422 622 654 6 0.0566 366 427 638 647 11 0.0564 306 356 573 586 5 0.0557 359 413 628 650 11 0.0551 366 286 638 503 3 0.0538 368 423 631 659 7 0.0537 366 421 640 654 10 0.0536 364 434 639 652 3 0.0528 312 355 569 595 13 0.0519 371 367 646 590 8 0.0519 312 352 561 588 0 0.0513 311 354 567 591 5 0.0508 302 347 566 585 5 0.0507 366 279 632 506 0 0.0504 365 424 631 655 10 0.0503 758 19 1023 245
XVCFBgFLsTyaVSm0dsaPMjQylYy6iuSG,7 0.0559 370 400 641 642 11 0.0522 290 403 566 635 0 0.0515 366 399 633 643 11 0.0508 7 602 262 832 3 0.0508 369 407 638 648 8 0.0504 367 404 629 640 13 0.0501 300 404 572 642
f7EePFPTz8MCz5cdOF55sdSwELW5WefR,8 0.0633 354 347 702 539 8 0.0628 379 397 639 641 11 0.0623 309 527 568 771 5 0.0620 438 262 710 509 5 0.0617 298 327 576 578 5 0.0610 705 522 956 760 6 0.0606 314 458 573 712 5 0.0600 639 459 898 694 6 0.0597 311 334 584 578 5 0.0596 305 453 569 710 0 0.0592 382 260 644 500 3 0.0592 452 266 714 517 0 0.0591 308 393 573 644 0 0.0591 380 459 645 710 8 0.0590 237 463 492 711 11 0.0589 383 463 646 708 5 0.0588 179 334 452 567 11 0.0583 234 463 501 706 11 0.0582 378 587 637 836 8 0.0581 444 461 710 706 6 0.0578 244 396 509 641 8 0.0577 513 394 769 639 11 0.0577 379 267 647 498 8 0.0576 385 526 635 781 13 0.0574 446 332 715 576 3 0.0571 406 411 769 604 6 0.0568 243 523 499 779 11 0.0567 300 662 560 910 11 0.0565 303 399 575 642 5 0.0564 372 390 643 639 10 0.0564 307 335 579 580 7 0.0563 387 260 651 503 5 0.0559 436 458 711 704 0 0.0556 509 459 765 704 0 0.0555 309 522 568 774 5 0.0555 372 183 641 419 10 0.0554 243 402 506 642 6 0.0553 262 274 516 507 8 0.0553 166 402 437 639 11 0.0549 646 465 899 695 11 0.0547 244 337 511 576 13 0.0545 385 463 649 709 13 0.0545 309 391 577 643 10 0.0545 399 418 776 598 5 0.0544 376 522 634 779 7 0.0543 314 521 573 775 10 0.0542 441 466 721 707 0 0.0542 649 535 895 765 7 0.0542 244 393 511 643 6 0.0541 387 264 649 499 11 0.0540 396 414 768 595 13 0.0540 312 523 574 775 10 0.0538 310 465 574 712 13 0.0537 240 463 505 711 0 0.0537 398 415 767 600 0 0.0537 240 462 501 711 3 0.0535 387 460 646 714 10 0.0534 449 275 716 510 5 0.0534 249 265 511 502 5 0.0533 503 395 773 632 0 0.0532 377 586 639 837 6 0.0532 384 526 643 779 7 0.0532 579 521 824 765 0 0.0531 304 659 561 906 10 0.0531 380 533 644 780 7 0.0529 405 411 777 601 5 0.0527 231 519 499 781 11 0.0526 504 460 763 699 3 0.0525 309 393 575 646 5 0.0525 772 439 1021 684 11 0.0525 565 524 821 761 7 0.0525 387 458 649 712 5 0.0525 765 580 1022 841 7 0.0523 386 585 641 841 13 0.0521 581 341 846 569 6 0.0521 382 397 651 639 6 0.0519 306 666 562 907 7 0.0519 514 455 770 706 3 0.0518 513 457 764 710
cWWIm1UY9nOubjHLH4axayXVaCh2QePg,11 0.0600 374 404 633 638 7 0.0599 379 470 642 708 7 0.0593 441 533 702 766 8 0.0588 429 467 690 695 13 0.0586 376 400 638 638 3 0.0581 382 474 635 713 8 0.0579 311 395 558 639 5 0.0578 311 387 560 636 5 0.0577 376 466 630 702 6 0.0568 375 338 630 577 0 0.0566 326 32 580 252 0 0.0563 315 218 553 456 5 0.0561 318 27 573 246 11 0.0560 305 336 563 577 11 0.0560 430 469 696 697 0 0.0559 377 473 636 707 0 0.0557 374 336 629 581 10 0.0557 325 467 577 705 5 0.0556 307 210 552 447 0 0.0553 272 103 510 336 8 0.0550 487 534 734 757 0 0.0549 489 535 743 758 7 0.0548 314 395 570 643 7 0.0548 319 219 561 448 11 0.0547 321 466 575 707 6 0.0547 316 220 561 454 8 0.0546 311 530 569 772 8 0.0545 243 343 480 578 7 0.0543 500 601 755 833 6 0.0543 274 104 520 333 13 0.0543 376 534 648 779 3 0.0542 316 397 564 647 5 0.0542 484 460 745 693 11 0.0541 374 536 643 774 7 0.0540 437 399 705 642 8 0.0540 373 336 621 573 5 0.0540 309 521 568 770 5 0.0539 437 530 692 762 10 0.0536 379 405 637 634 11 0.0536 252 216 496 442 2 0.0535 312 533 573 777 8 0.0533 271 100 504 329 3 0.0533 442 536 697 771 10 0.0533 497 609 753 829 11 0.0532 487 537 745 756 8 0.0531 316 218 551 444 13 0.0531 430 468 704 697 0 0.0530 311 530 579 774 5 0.0530 260 95 509 327 5 0.0530 495 601 750 831 2 0.0529 312 397 563 643 6 0.0529 327 31 584 248 10 0.0528 306 335 566 575 6 0.0527 434 405 699 638 6 0.0527 490 535 747 756 3 0.0524 316 531 575 778 7 0.0524 313 528 582 772 3 0.0523 436 402 698 648 6 0.0523 378 474 638 704 0 0.0522 435 402 697 641 5 0.0521 236 340 481 575 11 0.0517 268 102 512 331 13 0.0517 326 466 580 711 9 0.0516 318 465 572 701 7 0.0514 377 334 636 578 10 0.0514 313 226 562 450 8 0.0513 327 28 572 247 10 0.0512 434 471 700 693 9 0.0509 365 334 625 566 6 0.0509 244 346 489 581 7 0.0507 559 524 804 752 13 0.0506 311 333 568 577 2 0.0506 372 341 625 574 7 0.0504 275 102 517 333 11 0.0503 181 348 418 574 0 0.0502 188 218 428 449 10 0.0501 377 539 643 773 3 0.0501 502 604 750 835 0 0.0500 245 344 488 583
VkQ1L3VR35KedMqtGVVxGPwfxyOen72o,0 0.0614 259 720 499 973 7 0.0612 251 790 500 1023 11 0.0604 247 792 498 1018 8 0.0597 181 802 426 1023 5 0.0586 180 801 432 1020 8 0.0577 316 786 562 1021 7 0.0575 320 721 565 960 5 0.0573 310 784 562 1019 5 0.0567 253 719 497 964 11 0.0566 379 721 628 953 0 0.0559 315 787 567 1023 13 0.0549 251 795 505 1023 0 0.0548 381 719 626 960 11 0.0547 188 725 442 958 7 0.0543 188 729 437 969 10 0.0538 315 793 563 1021 11 0.0530 500 741 765 971 10 0.0527 258 727 499 965 13 0.0525 386 723 634 960 5 0.0525 377 716 623 954 8 0.0523 259 723 495 966 8 0.0519 384 719 622 956 7 0.0518 315 461 571 688 6 0.0515 253 797 501 1022 7 0.0514 395 544 641 766 6 0.0513 386 720 632 959 0 0.0510 453 345 707 572 10 0.0503 377 722 626 958 0 0.0502 182 805 435 1023
xXY7V3cfSa78sn4ZRpBUZwVwkfrxhDeg,11 0.0633 379 274 633 507 5 0.0601 368 333 639 570 0 0.0596 382 275 631 511 8 0.0587 382 272 626 511 5 0.0576 503 267 743 505 6 0.0572 382 272 633 513 3 0.0572 382 273 632 514 10 0.0571 379 277 630 508 0 0.0564 7 797 261 1023 7 0.0562 385 272 635 511 11 0.0561 563 332 815 564 0 0.0561 510 329 755 577 10 0.0556 435 333 694 571 8 0.0553 509 267 743 508 13 0.0549 379 335 647 574 11 0.0549 504 271 751 499 8 0.0547 3 794 252 1023 6 0.0544 376 401 644 638 5 0.0543 560 325 812 566 11 0.0541 6 799 258 1019 8 0.0541 322 412 697 597 11 0.0538 494 405 763 644 8 0.0531 565 329 807 571 2 0.0527 380 277 629 511 7 0.0527 514 332 757 575 0 0.0523 566 263 810 500 5 0.0523 490 399 754 641 7 0.0521 325 412 709 593 5 0.0520 1 793 252 1023 6 0.0517 572 330 817 568 3 0.0515 514 269 747 513 6 0.0511 501 403 762 643 11 0.0510 365 406 642 636 8 0.0509 493 403 753 646 13 0.0508 517 336 761 576 0 0.0506 571 401 824 644
BMbMvFsiXKtljNKGZ2YlgjLEDDjpvIsK,11 0.0657 455 399 701 633 5 0.0609 583 406 829 650 8 0.0602 452 394 695 641 7 0.0585 529 401 775 646 5 0.0578 168 402 436 632 8 0.0577 518 322 766 579 6 0.0576 456 401 706 640 5 0.0574 251 463 513 716 13 0.0572 382 0 646 202 11 0.0568 377 1 639 201 8 0.0567 588 406 824 651 11 0.0567 586 410 832 651 11 0.0563 519 330 774 572 0 0.0563 521 401 770 653 8 0.0554 109 424 362 656 7 0.0553 454 332 709 569 8 0.0553 443 269 701 510 5 0.0551 448 393 694 631 7 0.0550 383 0 638 204 2 0.0550 249 403 496 627 0 0.0549 381 0 641 205 8 0.0548 383 2 629 200 13 0.0543 528 402 780 648 7 0.0538 257 465 517 713 11 0.0537 448 276 711 501 3 0.0533 527 404 773 654 10 0.0531 379 4 637 200 8 0.0529 256 469 505 715 8 0.0529 376 519 624 768 11 0.0528 243 398 503 627 0 0.0524 446 333 701 572 5 0.0522 370 514 631 769 5 0.0519 373 0 635 202 7 0.0518 379 520 640 772 0 0.0517 376 517 633 771 2 0.0515 381 4 640 203 6 0.0512 381 0 643 201 11 0.0510 374 646 636 887 3 0.0510 382 0 631 208 13 0.0508 450 334 714 570 11 0.0504 368 522 634 767 8 0.0504 170 333 421 570 7 0.0503 177 333 430 567 6 0.0501 593 413 837 652 5 0.0500 246 320 501 556
cOP7LOnKKAuTJem3AZWse9OlKvgEDiRH,5 0.0615 568 387 842 621 11 0.0611 257 662 519 900 0 0.0589 262 659 516 909 0 0.0565 308 784 563 1017 11 0.0561 315 726 580 963 0 0.0558 573 393 851 628 6 0.0554 582 393 852 625 7 0.0554 265 722 522 968 11 0.0550 374 660 640 889 0 0.0549 377 659 641 899 8 0.0548 314 783 553 1013 11 0.0548 192 587 445 824 7 0.0544 198 663 452 903 8 0.0544 575 388 841 624 8 0.0539 261 660 512 907 11 0.0530 565 389 848 618 11 0.0522 245 523 511 760 7 0.0522 329 663 582 903 8 0.0522 509 333 751 567 5 0.0515 257 658 516 903 0 0.0515 505 338 764 573 10 0.0515 259 663 517 902 11 0.0511 439 524 697 756 8 0.0509 443 524 686 762 7 0.0507 265 586 518 827 0 0.0505 438 523 697 763 8 0.0504 192 584 438 824 6 0.0502 196 663 450 907 5 0.0502 504 335 756 567 13 0.0501 638 2 906 212
fmQNAv6mwxPzPLUvejW2GoI6FJJC9kCG,5 0.0624 764 0 1020 210 11 0.0589 587 30 832 236 8 0.0586 705 50 930 268 7 0.0586 384 208 644 447 8 0.0584 382 212 637 444 6 0.0583 383 211 643 447 5 0.0581 367 202 636 441 3 0.0579 381 208 640 451 0 0.0579 310 127 565 387 0 0.0566 377 206 639 448 11 0.0565 374 215 644 445 13 0.0548 715 0 971 205 11 0.0546 771 3 1023 207 3 0.0544 595 26 831 246 11 0.0541 4 671 245 911 3 0.0534 719 1 960 216 13 0.0534 381 206 652 444 7 0.0533 320 126 570 383 11 0.0528 309 137 569 385 6 0.0527 315 128 569 385 6 0.0522 10 672 248 913 13 0.0521 316 129 578 387 0 0.0521 713 0 964 216 7 0.0521 591 26 839 241 13 0.0521 594 30 843 231 5 0.0520 580 23 829 233 5 0.0518 302 124 565 384 8 0.0518 317 131 560 386 10 0.0517 379 216 648 446 5 0.0516 692 43 937 266 8 0.0514 8 668 234 916 5 0.0512 761 134 1006 389 13 0.0504 762 141 1020 392 8 0.0503 772 0 1016 208 8 0.0500 589 32 824 238
bnLPmzbp9yYlONihcKB1yHQJuPgdvF5H,11 0.0610 441 287 708 503 8 0.0575 442 283 696 505 3 0.0565 448 288 703 512 7 0.0554 446 283 712 506 0 0.0548 249 261 503 511 0 0.0542 117 352 390 592 5 0.0540 244 258 495 501 10 0.0527 444 288 709 506 0 0.0525 375 281 638 510 5 0.0518 439 282 702 501 5 0.0513 113 347 375 588 11 0.0513 331 792 579 1017 6 0.0510 447 285 709 505 11 0.0502 247 263 503 503
NanmFDD1Td0dAcq00RydbPGsf9rl7AfH,0 0.0599 317 591 579 834 8 0.0599 188 130 439 375 5 0.0581 182 125 440 372 0 0.0577 180 128 446 377 5 0.0567 309 660 567 891 7 0.0559 189 61 445 307 8 0.0557 318 665 566 900 11 0.0545 184 67 443 306 0 0.0544 322 136 578 366 6 0.0532 186 129 449 376 11 0.0529 310 669 572 890 13 0.0527 322 593 582 829 5 0.0527 366 592 635 833 13 0.0525 186 132 453 378 10 0.0519 181 134 446 378 7 0.0517 319 594 579 832 0 0.0513 374 672 637 906 3 0.0511 190 132 446 380 11 0.0511 366 598 642 835 2 0.0509 191 71 439 308 5 0.0509 318 133 573 364 7 0.0507 129 132 389 378 3 0.0506 319 597 573 836
ZG4dzEOgwXy2FYwqKLGT2XGD8qjDHZco,7 0.0565 467 273 707 519 5 0.0559 433 644 694 895 8 0.0554 456 275 695 519 11 0.0547 442 596 697 835 0 0.0544 441 596 700 840 5 0.0535 443 520 694 775 7 0.0534 382 586 640 837 11 0.0527 311 527 573 782 11 0.0526 366 651 630 892 10 0.0526 444 594 698 837 0 0.0520 629 588 875 841 5 0.0520 311 584 569 844 11 0.0517 243 384 500 628 11 0.0515 459 279 703 519 10 0.0515 450 342 699 594 13 0.0514 451 525 703 777 6 0.0513 636 587 878 835 7 0.0512 392 331 638 580 3 0.0512 378 521 633 775 5 0.0511 455 270 700 523 13 0.0510 387 588 643 835 8 0.0510 380 586 630 834 11 0.0507 454 407 693 658 3 0.0505 448 592 700 842 8 0.0504 255 145 506 380 6 0.0503 321 590 577 848 8 0.0501 246 383 487 625 0 0.0501 317 591 574 844 7 0.0500 452 467 702 726
pxmEv1omRMpNxyuc0j5NnCtw9wPBZq0X,11 0.0583 374 800 629 1019 8 0.0579 449 581 699 811 7 0.0575 378 796 633 1020 11 0.0559 451 585 707 809 8 0.0548 456 461 705 696 11 0.0543 457 465 711 694 0 0.0539 456 463 714 699 7 0.0538 461 459 719 695 8 0.0534 507 277 737 506 8 0.0525 374 798 617 1018 7 0.0524 456 581 715 814 5 0.0521 175 391 429 635 5 0.0517 370 792 624 1013 13 0.0516 510 283 749 505 0 0.0515 377 797 629 1023 7 0.0514 509 278 747 505 0 0.0511 570 342 816 573 5 0.0510 567 339 810 571 11 0.0505 501 282 744 500
BgCHxGry0skLcvjQET0xJvXfF273ziwk,5 0.0621 366 783 617 1021 5 0.0612 676 777 944 1009 8 0.0598 758 778 1002 1014 2 0.0598 758 791 1008 1016 11 0.0597 373 790 618 1020 8 0.0582 371 783 613 1023 0 0.0579 616 769 886 1008 8 0.0578 620 764 877 1004 3 0.0575 372 785 623 1023 7 0.0568 618 767 891 1002 10 0.0565 371 790 620 1023 7 0.0561 373 787 626 1023 0 0.0561 335 806 711 989 7 0.0560 762 778 1011 1012 6 0.0559 343 805 717 982 10 0.0555 755 781 1008 1012 0 0.0552 754 784 1006 1015 13 0.0546 376 791 626 1023 11 0.0544 317 279 581 513 3 0.0538 759 781 1007 1021 11 0.0527 618 768 884 1001 13 0.0525 751 776 1018 1014 8 0.0524 170 803 414 1023 10 0.0520 614 772 884 1005 6 0.0519 756 781 1012 1013 0 0.0519 164 809 417 1023 11 0.0516 755 779 1010 1010 11 0.0515 167 805 420 1018 6 0.0515 466 397 712 640 0 0.0515 466 399 709 646 5 0.0513 162 801 415 1016 8 0.0513 395 336 651 582 5 0.0512 459 398 703 635 3 0.0510 371 677 631 922 8 0.0510 319 275 569 516 13 0.0510 325 277 593 518 11 0.0508 397 340 656 577 11 0.0508 371 679 632 911 8 0.0505 463 398 701 644 2 0.0500 622 775 884 1004
3JkxuhjhevViAQiFlXrVqit09urCr3ua,0 0.0621 171 752 416 979 8 0.0614 174 754 411 978 7 0.0607 440 732 704 968 11 0.0603 171 755 416 974 11 0.0598 500 683 759 916 8 0.0595 242 801 483 1023 5 0.0591 429 728 695 965 11 0.0585 308 802 567 1020 11 0.0585 367 737 635 967 13 0.0575 176 754 420 981 7 0.0575 372 794 631 1022 0 0.0569 389 531 639 768 13 0.0568 242 805 493 1023 7 0.0568 174 752 417 977 11 0.0567 388 536 642 758 7 0.0563 495 806 765 1023 0 0.0559 310 801 569 1023 5 0.0559 170 749 412 975 13 0.0558 397 412 657 640 5 0.0558 305 797 566 1021 5 0.0557 482 804 754 1019 0 0.0548 370 733 637 973 7 0.0545 241 804 492 1023 3 0.0545 175 753 415 980 13 0.0544 394 538 647 765 10 0.0539 237 744 484 963 8 0.0537 372 794 620 1023 0 0.0535 489 808 760 1023 13 0.0534 375 796 631 1023 7 0.0534 392 532 642 762 5 0.0530 386 409 642 632 10 0.0528 312 806 572 1023 6 0.0527 395 533 646 761 8 0.0527 393 535 634 765 11 0.0525 387 414 651 632 3 0.0525 376 795 628 1023 13 0.0524 317 733 569 966 8 0.0524 314 730 561 962 10 0.0523 368 738 637 969 6 0.0523 174 752 418 976 8 0.0519 492 809 749 1023 3 0.0518 394 474 644 705 6 0.0515 439 734 705 967 0 0.0515 389 414 652 643 13 0.0512 444 741 703 971 3 0.0511 443 734 701 973 3 0.0508 241 806 488 1023 3 0.0508 498 809 756 1023 5 0.0507 387 529 635 756 11 0.0505 488 808 752 1017 8 0.0505 392 412 644 640 10 0.0505 392 537 640 760 0 0.0502 498 680 756 921 6 0.0501 395 414 655 636
21A9UyZBQYzt0iTNx1DlkogtV6olP2jc,11 0.0641 421 528 690 772 11 0.0628 493 458 767 696 7 0.0627 499 515 763 769 8 0.0609 193 279 422 533 11 0.0600 364 595 624 836 0 0.0598 422 527 696 775 0 0.0591 567 461 832 702 5 0.0587 562 573 814 812 6 0.0586 498 523 763 766 5 0.0586 356 657 621 901 3 0.0585 565 526 823 766 3 0.0580 390 362 650 591 8 0.0580 362 660 618 904 8 0.0575 492 517 752 766 13 0.0571 256 286 498 533 11 0.0569 562 526 820 755 10 0.0569 419 530 692 774 11 0.0564 248 287 495 526 11 0.0564 388 365 649 581 5 0.0563 245 278 492 522 3 0.0560 252 286 494 535 13 0.0559 371 594 637 839 7 0.0558 254 281 496 527 0 0.0558 365 597 629 842 10 0.0556 363 598 626 838 3 0.0555 426 528 690 776 7 0.0554 572 463 836 701 0 0.0553 562 580 819 814 7 0.0550 365 663 626 903 5 0.0548 383 288 637 505 11 0.0540 567 398 832 633 11 0.0539 556 733 820 949 6 0.0538 574 462 838 697 13 0.0537 568 580 824 807 13 0.0535 427 526 701 772 9 0.0532 364 591 627 833 2 0.0532 369 600 628 842 2 0.0531 426 535 695 778 3 0.0530 498 455 767 707 0 0.0528 557 728 825 951 3 0.0527 371 598 628 842 7 0.0524 388 359 655 584 6 0.0520 370 599 627 838 5 0.0519 562 455 827 698 9 0.0517 420 523 693 770 6 0.0515 253 284 499 528 9 0.0513 562 582 818 806 8 0.0512 566 460 824 695 0 0.0511 249 282 497 532 12 0.0509 425 527 696 775 8 0.0509 395 294 632 512 13 0.0507 573 461 842 694 8 0.0504 558 730 814 949
3H0BoQlBy2kwDuv3gk11jrw91ejhkSr9,11 0.0635 425 780 693 1022 5 0.0627 420 773 692 1019 7 0.0623 431 776 698 1023 8 0.0607 367 783 629 1023 8 0.0606 49 590 312 831 11 0.0599 307 732 579 964 13 0.0592 368 788 638 1023 11 0.0590 543 805 817 1020 3 0.0587 433 776 694 1023 13 0.0587 250 734 519 968 0 0.0585 428 777 694 1023 11 0.0579 168 724 446 953 11 0.0572 50 602 331 823 7 0.0571 549 799 828 1022 11 0.0566 238 382 500 621 13 0.0559 493 790 766 1023 6 0.0559 432 779 698 1020 13 0.0544 510 624 773 839 8 0.0541 493 785 749 1023 8 0.0530 102 716 369 963 5 0.0529 232 379 495 626 10 0.0519 364 786 634 1023 3 0.0517 547 802 819 1023 7 0.0513 244 382 500 627 5 0.0511 536 798 813 1019 3 0.0511 241 384 497 635 10 0.0510 245 335 495 569 2 0.0509 366 788 637 1023 11 0.0508 312 331 580 567 0 0.0507 246 727 511 967 7 0.0505 58 597 326 835 0 0.0505 546 798 816 1023 1 0.0501 360 778 632 1023
oBdvFBMVHJiNX3lFgrS9obJOqlHBgtX4,11 0.0632 243 343 499 577 8 0.0631 247 466 483 707 11 0.0620 174 273 436 508 0 0.0617 178 268 432 512 5 0.0603 246 399 491 639 8 0.0597 244 335 492 577 6 0.0595 246 341 501 581 0 0.0593 246 337 497 582 6 0.0591 181 268 439 512 11 0.0586 195 131 447 384 11 0.0582 241 471 489 709 5 0.0579 242 536 488 777 5 0.0579 172 335 429 578 8 0.0578 229 601 477 841 0 0.0571 260 136 517 385 11 0.0570 322 143 577 382 7 0.0567 232 599 491 840 13 0.0565 249 336 501 580 7 0.0563 182 338 439 580 3 0.0561 256 403 494 650 6 0.0560 265 137 518 383 6 0.0558 246 468 490 709 13 0.0552 179 266 439 514 10 0.0549 178 349 435 579 10 0.0547 255 409 496 644 8 0.0546 186 196 422 440 11 0.0546 227 602 485 840 0 0.0545 245 464 490 713 3 0.0538 264 138 515 389 10 0.0538 121 284 376 515 7 0.0537 247 467 492 712 13 0.0536 202 129 454 389 11 0.0534 371 349 629 587 3 0.0533 185 200 431 445 8 0.0531 264 137 508 382 7 0.0528 187 192 437 439 11 0.0527 120 197 380 437 5 0.0521 163 592 421 839 7 0.0518 304 335 563 581 5 0.0516 310 197 569 438 0 0.0514 384 140 626 380 0 0.0513 231 598 483 843 3 0.0511 184 342 434 584 2 0.0511 254 410 491 647 11 0.0508 115 347 378 584 0 0.0507 119 347 376 585 7 0.0506 265 137 519 382 6 0.0504 124 340 384 588 8 0.0504 320 9 565 246 10 0.0502 304 345 561 582 3 0.0501 305 338 559 586 11 0.0501 312 13 573 246 5 0.0500 117 267 371 515 6 0.0500 128 193 384 442
RRpmZMvaqjpKMH2dmLSRsUxQwRG43eV8,5 0.0645 629 585 878 828 11 0.0595 631 595 878 825 0 0.0589 633 596 881 829 5 0.0583 490 132 759 371 13 0.0582 368 121 632 350 11 0.0581 360 125 628 347 8 0.0575 635 595 876 828 11 0.0558 565 1 831 195 7 0.0557 635 593 885 834 3 0.0553 636 595 879 837 6 0.0550 637 596 887 831 8 0.0550 567 0 819 192 0 0.0540 566 0 831 193 5 0.0539 565 0 825 192 0 0.0534 492 142 762 370 3 0.0531 499 210 762 448 8 0.0531 569 403 817 631 7 0.0531 367 120 626 352 5 0.0530 626 408 889 644 13 0.0527 381 10 646 231 8 0.0524 376 10 634 235 5 0.0524 357 110 622 349 11 0.0519 495 138 762 370 5 0.0519 553 284 823 508 6 0.0517 584 406 837 629 8 0.0517 494 139 752 370 13 0.0515 570 0 838 197 6 0.0514 570 1 833 194 7 0.0513 570 0 831 193 13 0.0513 638 596 891 829 0 0.0512 632 415 892 650 11 0.0508 373 13 638 228 3 0.0507 370 120 626 354 10 0.0507 633 598 881 827 8 0.0505 362 123 614 353 3 0.0505 568 0 830 198 11 0.0504 503 285 767 507 2 0.0503 511 417 767 642 6 0.0502 500 141 764 369
ClXk7qKC6rBBYZQLfSKsiKpsetIgWRaq,11 0.0656 325 544 598 788 0 0.0651 378 421 636 652 5 0.0639 324 534 590 788 10 0.0635 326 550 600 787 8 0.0630 327 548 592 790 5 0.0622 316 410 576 646 7 0.0619 254 469 523 709 11 0.0618 201 543 464 783 11 0.0617 319 420 581 646 8 0.0617 252 472 510 712 8 0.0614 320 418 572 648 10 0.0607 369 427 641 646 11 0.0606 256 614 521 841 7 0.0604 331 542 604 790 5 0.0595 435 344 695 582 11 0.0582 439 351 702 588 0 0.0582 443 346 699 592 0 0.0581 333 545 598 791 0 0.0581 259 418 504 654 7 0.0574 202 541 469 786 6 0.0572 377 424 640 651 10 0.0572 250 476 522 708 0 0.0568 204 542 463 789 6 0.0567 328 546 596 791 8 0.0563 198 543 458 789 3 0.0559 375 348 629 584 6 0.0557 257 419 507 651 9 0.0556 313 414 578 641 7 0.0549 261 612 526 848 13 0.0549 265 544 532 782 5 0.0546 198 534 459 784 8 0.0543 442 350 693 591 10 0.0541 259 617 521 845 11 0.0541 358 688 619 914 3 0.0540 322 416 578 654 2 0.0538 330 553 598 793 2 0.0533 378 428 636 653 10 0.0533 440 355 704 583 7 0.0532 373 350 636 577 3 0.0528 266 548 523 793 8 0.0525 259 142 508 364 6 0.0525 262 615 520 848 6 0.0524 444 350 705 585 8 0.0523 258 618 514 848 10 0.0523 200 549 468 785 13 0.0522 375 420 649 647 2 0.0521 200 549 466 791 2 0.0517 257 478 520 714 13 0.0510 444 348 708 587 13 0.0503 326 614 582 843 8 0.0500 360 691 611 919
cQGMNBi3zRSiojZ8ExUIFgCRQphuu4ne,11 0.0644 417 476 766 658 0 0.0619 314 578 583 815 11 0.0609 371 350 632 583 0 0.0609 546 477 897 666 11 0.0609 302 407 558 645 0 0.0607 240 520 501 769 6 0.0599 443 341 703 584 13 0.0594 303 520 576 756 7 0.0592 444 342 705 586 7 0.0589 376 399 637 649 8 0.0588 433 273 689 515 11 0.0586 292 522 575 755 5 0.0582 429 579 689 812 13 0.0581 363 483 708 658 10 0.0580 361 483 706 658 7 0.0579 299 520 576 759 0 0.0577 302 399 556 649 3 0.0577 376 397 634 655 10 0.0577 437 344 702 581 5 0.0575 435 337 697 581 5 0.0574 413 473 761 656 13 0.0573 516 464 774 701 3 0.0571 444 342 700 589 6 0.0567 419 478 769 658 8 0.0566 300 515 568 759 0 0.0566 439 341 700 585 6 0.0565 365 280 625 522 5 0.0565 295 459 550 702 7 0.0563 368 281 624 522 8 0.0562 478 482 814 666 8 0.0562 375 345 621 583 13 0.0557 433 277 700 519 0 0.0556 410 538 776 718 0 0.0555 177 280 433 508 3 0.0554 365 281 623 525 2 0.0554 316 583 579 815 13 0.0552 307 402 560 650 5 0.0552 310 572 579 806 3 0.0551 318 576 581 821 13 0.0551 388 579 641 812 11 0.0551 432 279 696 517 11 0.0551 178 289 436 502 3 0.0551 307 460 554 710 8 0.0550 309 403 552 646 13 0.0546 257 662 522 890 0 0.0546 436 589 689 822 8 0.0545 373 458 628 699 6 0.0545 305 401 558 643 13 0.0543 373 344 633 586 8 0.0543 437 398 696 640 7 0.0541 483 478 827 667 5 0.0540 173 280 431 499 11 0.0538 378 581 637 811 8 0.0534 382 575 628 816 0 0.0533 360 278 621 527 10 0.0532 252 586 514 824 3 0.0531 490 479 821 668 2 0.0530 247 473 496 714 10 0.0530 362 282 624 521 7 0.0528 319 661 574 891 10 0.0528 305 406 555 646 8 0.0525 373 207 623 449 5 0.0522 356 280 618 520 2 0.0521 480 487 820 664 6 0.0520 187 284 438 505 6 0.0520 314 575 589 811 10 0.0519 516 470 770 700 11 0.0517 316 664 578 885 9 0.0516 417 477 762 655 0 0.0515 580 522 840 771
Cf43BNl91nQb2L7bX2dVfkaHCTx84rLT,11 0.0613 573 473 829 703 5 0.0574 373 0 637 205 7 0.0573 385 0 643 208 8 0.0572 378 0 633 210 11 0.0556 376 1 639 209 5 0.0550 433 459 697 700 3 0.0545 385 0 639 214 13 0.0545 384 1 642 211 5 0.0543 236 283 493 515 11 0.0540 623 405 887 634 8 0.0539 248 284 489 518 7 0.0539 244 288 500 521 11 0.0534 507 406 774 642 5 0.0534 503 399 772 639 11 0.0530 110 377 385 599 11 0.0526 238 287 503 519 8 0.0524 513 516 759 767 8 0.0520 510 406 766 642 8 0.0520 40 410 307 643 7 0.0520 584 470 832 708 6 0.0519 382 0 645 211 13 0.0516 236 361 505 590 3 0.0516 520 471 775 721 7 0.0515 438 406 707 646 5 0.0513 567 466 826 701 6 0.0508 443 523 703 768 0 0.0508 239 284 499 523 0 0.0508 512 468 774 712 11 0.0508 436 468 700 704 0 0.0507 377 0 638 210 13 0.0507 575 473 833 701 6 0.0506 244 288 504 521 0 0.0504 579 413 829 637 3 0.0503 591 409 830 640 11 0.0503 423 90 772 284 8 0.0502 288 719 552 960 13 0.0502 443 527 704 769
Xd0kOHevF4A1HwkfykjLHPV6hVqIaE8D,7 0.0646 376 712 635 965 11 0.0631 371 716 631 962 5 0.0618 369 709 626 960 5 0.0601 771 2 1015 251 8 0.0587 373 714 626 964 0 0.0583 373 713 630 968 10 0.0581 372 720 633 963 6 0.0558 376 717 633 968 13 0.0549 378 718 639 967 0 0.0544 767 13 1015 256 3 0.0517 378 715 631 972 12 0.0508 377 711 627 965 8 0.0507 770 8 1008 249 11 0.0502 766 12 1016 243
QT9ipUIUWOONL5h1HsVKarqk8bfugTN4,7 0.0653 436 277 698 510 11 0.0647 363 279 638 503 11 0.0646 443 222 701 444 8 0.0624 364 280 628 504 11 0.0621 425 347 687 572 0 0.0617 488 342 739 572 0 0.0616 445 220 696 451 0 0.0613 363 278 633 507 8 0.0611 568 223 813 455 11 0.0610 431 466 694 698 0 0.0609 570 154 827 385 11 0.0605 563 154 826 380 5 0.0604 563 222 813 459 8 0.0603 443 221 693 448 5 0.0603 438 214 696 446 11 0.0589 312 339 573 568 7 0.0587 364 340 633 571 5 0.0582 359 272 631 502 8 0.0577 426 345 680 578 11 0.0574 360 414 627 636 3 0.0568 438 277 699 515 7 0.0566 430 400 693 632 8 0.0564 576 88 825 316 5 0.0563 421 340 682 573 13 0.0553 367 460 631 695 7 0.0551 368 458 628 693 5 0.0551 573 83 826 316 2 0.0549 449 229 698 449 2 0.0549 569 157 832 382 8 0.0549 362 412 622 638 6 0.0547 491 350 744 567 2 0.0547 358 346 632 568 13 0.0543 427 347 689 576 11 0.0542 250 415 494 650 3 0.0539 579 89 833 323 3 0.0536 364 345 632 573 8 0.0535 243 160 517 400 0 0.0535 239 161 528 401 13 0.0533 367 283 637 504 7 0.0530 581 88 834 315 6 0.0528 446 224 704 447 10 0.0528 359 284 635 503 11 0.0523 241 158 529 396 3 0.0523 574 230 820 465 6 0.0522 577 230 824 456 13 0.0521 446 224 706 448 10 0.0517 301 420 561 654 13 0.0516 572 153 834 382 6 0.0514 365 343 634 571 5 0.0514 353 408 622 635 5 0.0513 239 155 522 397 2 0.0511 425 409 694 627 8 0.0511 433 463 686 697 0 0.0508 306 410 560 660 8 0.0502 252 409 487 649
DYmwgtQDf7Vs6JXotk8poyq1dpAHgiLT,0 0.0610 293 657 557 894 11 0.0589 612 624 880 841 5 0.0583 422 644 680 874 0 0.0572 427 649 685 881 8 0.0569 235 660 498 901 11 0.0568 425 528 688 755 7 0.0557 435 524 692 757 5 0.0554 289 651 555 891 5 0.0550 424 520 686 757 7 0.0547 433 650 687 879 6 0.0546 430 528 691 759 0 0.0544 426 525 689 759 13 0.0542 436 649 692 875 11 0.0542 425 653 684 874 13 0.0541 432 527 694 758 5 0.0536 610 616 871 845 8 0.0535 375 19 634 245 8 0.0534 370 656 617 886 3 0.0533 432 649 683 881 8 0.0530 427 528 684 758 6 0.0530 430 652 686 876 8 0.0530 243 1 499 190 8 0.0529 615 620 873 843 7 0.0529 236 662 509 904 3 0.0526 435 526 687 762 3 0.0522 378 21 641 248 11 0.0522 291 661 557 890 7 0.0519 249 0 517 189 13 0.0519 241 662 516 905 11 0.0518 368 21 642 243 6 0.0515 298 658 562 890 2 0.0511 430 532 689 758 0 0.0505 611 619 880 846 0 0.0502 369 399 629 637 10 0.0501 429 530 690 758 0 0.0500 370 19 643 244
EKIyOF3Dt7C8slPFlMKZEuCGXDGbywcE,11 0.0613 427 330 697 548 11 0.0598 572 410 828 630 3 0.0575 434 327 696 559 7 0.0574 377 327 645 557 5 0.0572 259 352 622 540 0 0.0563 443 274 711 497 11 0.0561 245 717 509 948 0 0.0556 642 347 892 573 7 0.0554 250 715 511 955 6 0.0551 330 256 591 488 0 0.0550 325 254 592 488 11 0.0548 442 212 715 419 0 0.0544 581 279 838 497 8 0.0542 638 402 895 643 5 0.0542 316 251 589 482 7 0.0540 448 268 714 493 6 0.0538 376 331 647 561 0 0.0536 372 332 642 563 11 0.0534 641 283 901 497 8 0.0534 381 265 637 498 5 0.0533 245 713 502 948 3 0.0532 580 336 821 564 6 0.0530 581 339 828 557 6 0.0526 254 336 511 562 8 0.0525 315 333 569 565 11 0.0525 173 478 435 714 0 0.0523 251 332 506 562 8 0.0522 253 715 502 954 13 0.0522 254 717 513 958 0 0.0520 248 712 506 956 6 0.0520 449 273 718 492 0 0.0519 635 797 903 1018 11 0.0519 251 269 515 495 7 0.0518 642 790 912 1020 5 0.0518 576 271 832 493 5 0.0518 439 205 709 419 13 0.0516 590 275 844 493 3 0.0512 271 355 624 547 7 0.0512 330 252 595 486 8 0.0506 575 337 811 561 8 0.0505 443 209 707 427 5 0.0504 168 471 427 712 5 0.0500 633 402 898 640
PUAirKTj7KDiAaC5QtEbM8uysHZnPzCj,8 0.0666 186 653 431 887 5 0.0661 183 653 433 888 0 0.0652 255 654 502 900 11 0.0651 184 658 435 889 7 0.0650 186 653 438 891 5 0.0642 258 715 499 960 10 0.0628 182 659 437 890 8 0.0618 262 715 500 962 7 0.0614 259 715 506 965 3 0.0606 186 657 435 893 6 0.0602 188 658 438 888 6 0.0598 264 719 507 962 11 0.0589 259 719 502 961 8 0.0569 125 783 362 1021 13 0.0560 189 656 440 889 10 0.0560 260 720 506 960 13 0.0550 262 719 509 963 3 0.0546 264 716 504 965 1 0.0540 252 650 501 899 9 0.0533 183 656 436 887 2 0.0532 185 660 435 893 12 0.0528 188 655 436 890 2 0.0527 262 720 505 963 11 0.0509 118 789 372 1019 5 0.0509 119 784 366 1016 13 0.0508 127 788 376 1023 7 0.0500 125 785 373 1021
qXWWgDP4BgbitkX1sjkXi6Nj0gUhlXlV,0 0.0580 253 720 498 966 8 0.0579 312 724 555 972 11 0.0578 376 729 628 973 8 0.0573 194 719 429 958 8 0.0565 87 668 425 853 8 0.0556 374 791 612 1023 5 0.0550 246 720 494 960 7 0.0549 250 720 499 967 11 0.0546 245 726 496 963 6 0.0539 313 729 562 972 5 0.0535 369 789 615 1016 7 0.0522 373 794 620 1022 0 0.0518 379 726 627 976 0 0.0517 238 157 514 394 13 0.0517 376 797 623 1023 11 0.0516 81 669 436 850 6 0.0515 88 670 438 853 10 0.0512 85 673 429 856 6 0.0510 196 722 440 961 0 0.0509 83 669 438 858 5 0.0508 84 666 427 854 7 0.0500 90 669 439 858
yGWkBfGdmeKWXXWUoJkEiCHyEQIboUFb,11 0.0597 203 605 573 784 13 0.0574 209 604 582 786 0 0.0564 199 603 573 789 7 0.0557 208 602 577 787 5 0.0544 199 600 561 786 8 0.0539 206 604 564 785 6 0.0523 205 605 578 787 3 0.0523 209 605 576 788 10 0.0521 203 606 571 785 0 0.0508 190 466 440 701 10 0.0506 187 471 439 696 11 0.0504 189 472 441 691 2 0.0501 205 608 572 788
lDtwxhJ9EpVSEw7GUeCQmWlgSdfF3QU6,11 0.0645 322 334 589 561 0 0.0596 372 397 633 632 8 0.0594 377 593 623 834 0 0.0592 374 665 635 905 5 0.0587 370 390 629 626 8 0.0579 326 400 582 643 11 0.0578 314 589 577 830 13 0.0566 329 333 593 568 3 0.0561 380 668 640 911 11 0.0561 315 458 593 702 7 0.0561 327 334 589 565 5 0.0558 370 664 635 903 8 0.0555 305 663 568 896 11 0.0554 442 598 700 828 0 0.0553 445 597 697 833 8 0.0550 182 386 434 640 0 0.0548 393 258 643 491 11 0.0546 246 407 514 645 3 0.0546 327 333 588 568 11 0.0545 368 668 637 898 8 0.0542 388 331 632 559 6 0.0542 377 397 636 626 6 0.0541 332 254 587 489 6 0.0540 441 457 705 693 7 0.0539 378 670 640 906 5 0.0538 243 399 513 649 2 0.0537 376 400 636 629 7 0.0537 251 587 512 836 5 0.0535 444 590 696 832 7 0.0530 453 596 703 834 0 0.0530 433 455 697 696 5 0.0529 326 247 576 489 10 0.0529 384 341 641 558 8 0.0528 442 527 690 765 8 0.0527 253 581 501 832 11 0.0526 437 456 699 692 0 0.0525 315 586 575 835 5 0.0524 246 581 508 833 13 0.0523 380 593 633 836 13 0.0522 309 664 581 901 5 0.0522 370 524 629 770 7 0.0521 444 453 704 697 11 0.0520 569 519 832 754 13 0.0518 251 402 522 656 6 0.0516 451 599 703 832 5 0.0515 434 446 696 692 3 0.0512 451 595 699 839 13 0.0512 253 585 514 835 6 0.0511 378 665 640 904 7 0.0509 376 534 637 771 8 0.0505 367 726 630 968 7 0.0504 187 392 441 639 2 0.0502 380 599 630 836
K4M1YI1Un5fBW4Z1kbR7BtrWj0OOY2Vy,0 0.0611 274 0 641 148 11 0.0583 389 669 750 851 8 0.0569 275 1 630 147 11 0.0562 519 605 884 785 11 0.0561 491 725 751 954 0 0.0534 513 606 884 789 2 0.0531 273 1 641 145 11 0.0526 266 2 646 147 6 0.0522 275 0 646 145 11 0.0520 437 454 698 685 5 0.0520 487 716 742 954 6 0.0517 497 721 750 959 11 0.0515 367 728 633 952 13 0.0514 273 0 651 149 10 0.0511 269 2 642 145
frrUeRUyayBeZKyLeqC80pMhFFRMq7L5,8 0.0618 860 8 1021 393 7 0.0590 859 2 1023 389 11 0.0584 856 16 1023 390 5 0.0574 857 0 1022 383 0 0.0569 858 12 1022 391 8 0.0558 710 0 1013 166 10 0.0556 860 17 1023 390 6 0.0544 861 5 1023 394 13 0.0542 861 8 1023 393 3 0.0542 861 10 1023 394 5 0.0530 708 0 1017 164 11 0.0519 202 2 499 192 6 0.0518 715 0 1023 162 8 0.0516 183 804 429 1021 0 0.0510 711 3 1023 166 11 0.0509 178 805 438 1023 2 0.0507 860 15 1023 393 1 0.0506 857 0 1023 391 10 0.0505 205 4 492 192 8 0.0502 212 0 481 193 11 0.0501 708 3 1023 165
NdGtzK1djFt8mm6V4pVro70IRpj8dh6P,11 0.0589 323 587 573 824 8 0.0580 388 595 640 829 11 0.0563 315 455 565 689 5 0.0560 383 582 644 829 0 0.0545 387 652 644 900 5 0.0538 653 0 1008 158 10 0.0537 386 593 646 833 11 0.0534 383 657 639 895 8 0.0532 667 0 1007 159 0 0.0532 658 0 1022 163 13 0.0531 755 5 1023 254 5 0.0529 249 582 496 827 0 0.0525 250 589 500 837 8 0.0523 312 647 562 886 3 0.0514 394 595 648 838 6 0.0511 391 596 650 832 7 0.0511 319 644 574 884 7 0.0504 318 453 569 692
AwTzAAA04DxuRAcEkXMSmBurX7GFz581,0 0.0575 136 872 517 1023 7 0.0575 141 868 526 1022 11 0.0548 100 217 455 399 8 0.0546 143 871 500 1022 5 0.0533 51 362 429 549 11 0.0531 128 808 516 980 13 0.0524 102 217 457 406 8 0.0512 101 218 436 402 0 0.0510 100 218 449 403 10 0.0500 101 219 446 397
T2evquJPSNswHq0UDDXH1BYYr0ohf19B,7 0.0569 416 549 784 729 0 0.0563 407 554 776 730 6 0.0560 412 551 774 731 5 0.0560 402 546 770 729 8 0.0556 293 289 636 473 13 0.0554 439 584 710 818 8 0.0534 407 554 769 728 11 0.0533 399 612 776 786 10 0.0527 429 586 703 819 9 0.0524 408 551 779 727 11 0.0523 294 292 641 475 11 0.0519 187 338 451 574 3 0.0515 416 553 777 733 7 0.0509 302 290 649 472 5 0.0507 287 287 639 473 8 0.0504 317 341 560 578 8 0.0504 381 137 636 366 13 0.0502 299 290 654 475
T6EGBUOAUy1JFM2QkmgEXfQAXYuX0TOF,5 0.0573 495 18 732 260 7 0.0569 447 201 688 443 8 0.0560 446 198 683 441 11 0.0555 437 204 688 443 7 0.0551 505 21 742 265 5 0.0547 436 196 686 441 6 0.0537 444 199 690 442 8 0.0537 378 23 608 262 6 0.0535 504 21 740 261 3 0.0531 447 201 687 450 11 0.0527 499 26 742 261 8 0.0527 501 26 728 261 11 0.0526 374 267 625 505 3 0.0523 502 27 735 271 11 0.0523 373 26 621 262 7 0.0520 383 139 631 387 8 0.0518 367 342 615 578 10 0.0517 442 203 690 443 0 0.0515 501 23 737 267 5 0.0514 374 136 627 381 0 0.0510 425 262 678 511
zMf9S8wVzQ2npdRQlmF3xAMNuDurUfmK,5 0.0651 134 680 482 859 7 0.0650 139 681 491 862 8 0.0646 23 680 372 860 0 0.0640 137 681 485 862 11 0.0632 138 684 487 859 10 0.0619 137 685 489 860 3 0.0611 30 680 380 866 6 0.0610 27 680 383 862 13 0.0568 25 680 389 861 2 0.0552 24 684 376 862 1 0.0539 135 679 486 862 9 0.0537 19 681 382 860 12 0.0528 144 681 489 862
b7x1sprZClm6DTay5ChLEWAl15OKZPXJ,0 0.0691 249 648 500 883 7 0.0688 187 651 439 886 7 0.0678 205 613 580 792 0 0.0677 184 588 438 830 5 0.0674 183 651 435 885 8 0.0672 135 680 491 851 11 0.0665 245 650 501 880 0 0.0659 123 653 377 887 11 0.0653 247 535 497 768 3 0.0653 250 648 500 884 11 0.0629 120 655 377 885 11 0.0627 178 590 438 826 5 0.0627 198 611 570 791 8 0.0625 205 614 569 790 6 0.0620 246 648 502 882 5 0.0615 179 529 428 768 10 0.0613 120 657 375 885 10 0.0603 246 651 501 881 13 0.0597 186 590 442 827 6 0.0591 249 535 499 767 3 0.0590 250 535 498 775 10 0.0589 179 592 439 827 6 0.0586 123 657 377 887 2 0.0583 186 656 437 887 2 0.0578 183 533 433 773 10 0.0577 249 537 498 768 9 0.0574 181 590 437 825 1 0.0573 185 650 436 888 13 0.0571 254 533 500 770 3 0.0569 126 656 373 890 12 0.0547 187 650 439 886 4 0.0547 185 654 441 887 12 0.0529 252 534 499 771 1 0.0526 178 524 434 771 1 0.0524 200 611 576 793 4 0.0519 181 534 436 771 9 0.0518 248 536 496 766 4 0.0514 205 616 582 793
XX3knnurxFLeUB0vqlRObCsrEXGxbGqd,11 0.0588 563 83 803 307 11 0.0585 445 142 709 385 7 0.0585 570 78 806 314 8 0.0583 436 5 695 251 7 0.0573 444 7 704 248 11 0.0572 437 9 700 245 10 0.0570 436 13 704 249 0 0.0569 495 16 748 257 0 0.0559 379 16 639 258 11 0.0555 568 1 822 203 8 0.0554 501 77 742 318 0 0.0553 563 80 805 317 13 0.0553 455 143 713 387 5 0.0550 435 4 698 248 11 0.0544 396 414 775 588 8 0.0541 567 0 817 204 3 0.0541 500 15 748 262 6 0.0540 504 80 754 314 7 0.0540 572 0 828 206 5 0.0539 444 138 703 384 10 0.0536 560 33 814 265 2 0.0531 449 146 707 387 5 0.0531 574 139 821 375 11 0.0527 317 1 575 207 5 0.0525 197 124 444 372 13 0.0522 581 145 832 376 3 0.0520 582 143 824 386 8 0.0520 580 140 817 381 8 0.0520 317 0 565 205 0 0.0518 450 399 705 628 0 0.0515 634 35 892 282 10 0.0515 451 145 711 387 0 0.0515 381 139 642 386 11 0.0507 587 460 835 683 3 0.0507 405 410 776 592 2 0.0506 440 16 701 251 7 0.0505 457 141 709 389 8 0.0505 399 409 765 591
GF2UswQDt0HRm1AYplsxAsKm1SOMCadn,7 0.0633 436 292 702 520 11 0.0627 516 307 756 529 0 0.0619 578 293 831 518 8 0.0609 519 299 750 535 3 0.0603 439 291 695 526 0 0.0600 436 292 697 526 5 0.0599 511 296 751 530 11 0.0585 369 527 639 761 5 0.0579 569 138 815 379 11 0.0578 306 401 564 640 6 0.0577 441 293 700 518 3 0.0573 582 230 831 468 8 0.0545 499 603 754 833 11 0.0543 490 608 761 831 11 0.0542 571 146 823 378 8 0.0537 579 228 818 458 13 0.0536 523 303 757 529 0 0.0534 570 146 822 381 8 0.0533 309 403 556 640 7 0.0530 373 525 638 766 0 0.0529 496 605 757 834 8 0.0521 372 529 624 765 7 0.0521 303 340 558 576 5 0.0518 493 599 756 831 0 0.0512 12 348 248 589 11 0.0511 182 789 436 1008 2 0.0508 519 314 756 531 8 0.0508 14 343 236 581 6 0.0507 580 148 824 380 3 0.0503 503 604 757 840 0 0.0503 303 340 556 576 2 0.0501 571 154 822 382
MiORVUCojPUejwHlVzhwe2OiUaGOTUAz,5 0.0620 304 585 559 840 5 0.0596 430 592 696 834 6 0.0589 370 597 632 833 8 0.0556 317 90 566 332 8 0.0554 309 592 557 839 11 0.0554 304 529 561 759 0 0.0552 307 592 563 840 6 0.0550 327 23 573 261 11 0.0548 432 603 694 832 5 0.0546 500 529 756 769 0 0.0539 318 89 577 335 5 0.0539 320 19 564 261 6 0.0536 252 87 512 329 0 0.0534 437 600 696 835 13 0.0532 323 86 582 332 11 0.0524 318 21 570 262 8 0.0523 436 600 691 834 12 0.0522 370 595 631 831 7 0.0522 440 596 703 838 7 0.0519 328 20 571 269 7 0.0519 312 591 566 840 11 0.0516 172 0 444 201 10 0.0512 435 603 701 836 7 0.0511 511 535 767 777 3 0.0508 329 21 568 274 0 0.0505 451 81 700 328 9 0.0505 366 596 630 826 5 0.0500 496 0 764 196
nbugRLXVj9OeKpukjlc9jPEVs2enjNae,5 0.0658 251 778 503 1019 7 0.0642 257 780 511 1023 0 0.0618 253 781 512 1023 11 0.0612 255 782 509 1018 8 0.0607 257 778 506 1023 10 0.0606 253 784 508 1019 13 0.0600 258 784 515 1022 6 0.0585 255 786 510 1023 3 0.0550 257 781 512 1023 11 0.0525 64 274 334 509 9 0.0514 250 784 508 1020 8 0.0511 68 266 323 513 2 0.0508 258 787 510 1023 1 0.0504 249 774 511 1023
FC62HvDeyxYm85XK3lo6RqXpifzRgFF0,5 0.0710 444 781 692 1013 0 0.0667 11 780 241 1014 0 0.0666 1 529 201 781 8 0.0663 11 773 232 1011 8 0.0646 2 526 202 776 8 0.0624 449 781 689 1013 11 0.0621 450 787 692 1011 5 0.0620 8 776 237 1007 11 0.0612 0 537 205 775 7 0.0610 454 784 699 1014 11 0.0607 9 780 238 1007 8 0.0602 316 783 568 1015 5 0.0601 304 778 568 1011 7 0.0598 318 785 572 1013 10 0.0592 446 787 695 1012 7 0.0583 396 718 640 953 7 0.0582 9 777 240 1012 10 0.0579 310 784 570 1010 10 0.0579 1 536 205 776 6 0.0578 391 781 637 1006 5 0.0577 384 710 635 951 3 0.0574 451 784 693 1020 7 0.0573 188 781 447 1022 6 0.0566 1 532 208 776 0 0.0565 450 788 696 1015 6 0.0564 12 784 245 1008 3 0.0563 15 718 238 959 11 0.0561 184 788 445 1020 13 0.0560 320 784 576 1014 5 0.0560 0 530 200 775 2 0.0553 11 784 242 1010 9 0.0546 6 779 236 1007 6 0.0544 323 718 576 948 8 0.0541 391 718 630 951 7 0.0540 2 530 204 779 11 0.0539 310 787 573 1008 13 0.0539 8 777 244 1010 0 0.0538 390 719 636 953 3 0.0536 95 769 313 1009 0 0.0536 309 784 573 1015 3 0.0525 316 785 570 1018 8 0.0520 188 781 436 1023 13 0.0514 453 785 699 1016 1 0.0513 444 782 689 1015 6 0.0509 247 785 496 1018 2 0.0509 450 790 695 1014 1 0.0508 6 774 236 1011 9 0.0504 386 782 634 1007 0 0.0504 182 789 451 1023 11 0.0502 389 722 639 947 11 0.0502 629 722 881 965 3 0.0500 4 529 203 782
OnShIXsYH9Nxv3QZ54mxTFL2YBRMH3U6,11 0.0575 473 1 820 153 8 0.0566 578 279 820 523 3 0.0563 534 0 881 156 5 0.0562 522 0 875 152 7 0.0548 530 0 884 151 5 0.0546 502 15 760 252 8 0.0538 530 0 867 151 0 0.0525 528 1 879 152 11 0.0522 516 78 773 319 11 0.0521 588 228 839 458 5 0.0519 572 277 823 521 10 0.0518 474 5 819 157 3 0.0515 586 280 829 531 5 0.0515 576 67 838 316 6 0.0503 580 10 834 245 9 0.0501 526 1 879 147
8gmqm2xy59FGnpMd5eQKXB85Fm6XVy4a,8 0.0608 482 0 747 204 0 0.0605 486 0 749 206 11 0.0572 482 1 754 200 11 0.0570 313 150 579 377 7 0.0567 434 16 698 252 5 0.0563 371 6 638 252 11 0.0561 380 74 638 312 11 0.0561 514 603 769 841 5 0.0558 554 525 821 766 3 0.0558 377 10 642 262 3 0.0557 321 149 575 385 5 0.0551 378 133 643 374 0 0.0549 263 656 507 882 3 0.0548 484 1 752 206 6 0.0548 322 150 580 376 11 0.0540 454 142 705 367 8 0.0540 265 658 495 874 5 0.0540 509 593 762 843 11 0.0537 768 536 1023 767 6 0.0536 379 14 653 249 11 0.0534 188 213 445 440 0 0.0532 388 136 646 376 8 0.0532 381 76 630 312 8 0.0528 315 148 567 375 8 0.0527 187 276 432 507 0 0.0526 190 214 443 445 6 0.0524 458 141 705 372 0 0.0524 374 10 646 258 2 0.0523 374 17 642 254 13 0.0520 389 138 655 378 6 0.0515 522 606 774 846 11 0.0514 557 531 827 766 5 0.0513 188 207 443 444 10 0.0511 432 21 700 255 6 0.0510 485 4 753 200 8 0.0506 452 141 695 376 6 0.0501 199 215 446 445 10 0.0500 386 140 651 376
hHxrC23w9PiSkYLOCm7mjS4MKXNYCHMY,8 0.0607 364 341 617 578 11 0.0597 357 339 621 573 11 0.0588 436 401 693 639 8 0.0584 442 397 689 640 0 0.0583 359 342 624 580 0 0.0583 530 467 773 717 11 0.0575 530 474 771 712 0 0.0570 440 400 695 638 8 0.0564 529 470 765 714 3 0.0558 444 398 687 645 5 0.0554 590 451 837 697 5 0.0551 354 340 614 576 7 0.0547 531 467 775 713 0 0.0534 651 464 893 703 7 0.0524 363 341 628 582 6 0.0523 363 341 625 578 13 0.0520 532 464 777 712 0 0.0519 304 273 561 506 6 0.0518 536 469 776 709 5 0.0514 431 397 690 637 3 0.0514 534 469 770 722 10 0.0514 358 343 627 579 7 0.0511 441 401 697 638 11 0.0510 690 530 944 756 3 0.0510 366 341 619 586 6 0.0508 445 398 695 639 5 0.0503 295 271 554 496
DY5JjToNWQ2hpXeYWeQPQR1s3lDG5xiT,5 0.0566 310 319 562 566 6 0.0554 406 448 655 698 5 0.0553 396 442 644 694 11 0.0553 391 386 641 635 7 0.0547 404 449 650 700 7 0.0543 318 323 570 573 13 0.0543 398 389 647 640 5 0.0536 435 283 688 514 0 0.0533 435 288 694 519 6 0.0532 454 356 707 590 8 0.0530 393 385 635 643 6 0.0530 322 393 571 639 11 0.0529 311 324 567 569 0 0.0527 400 448 647 698 0 0.0524 316 323 569 570 8 0.0512 436 282 686 519 11 0.0512 312 453 574 698 0 0.0509 324 515 583 769 8 0.0505 315 322 559 572 8 0.0504 317 451 562 702
imvfH5MFTqukzuJ5u8fvVAFLedWttXu8,11 0.0657 433 677 690 903 11 0.0562 509 611 762 834 8 0.0558 432 677 684 907 8 0.0558 507 609 754 839 5 0.0556 428 672 689 905 3 0.0556 438 672 691 909 7 0.0546 437 676 696 904 0 0.0540 432 672 692 906 6 0.0527 439 677 698 903 13 0.0523 510 612 772 836 5 0.0511 231 723 500 960 13 0.0508 440 677 699 907 6 0.0504 512 614 770 836 5 0.0503 503 608 759 837 10 0.0503 505 614 764 841 7 0.0501 513 608 768 837
PGmosNQHeNDZPldJxSZU7rPtHZEfgBlu,0 0.0583 220 674 577 848 7 0.0573 318 710 571 961 8 0.0572 243 664 489 893 5 0.0560 233 657 494 894 11 0.0550 138 680 496 851 11 0.0545 312 715 565 959 7 0.0542 221 671 580 846 5 0.0540 314 707 560 962 8 0.0521 317 712 558 960 0 0.0516 314 714 566 968 10 0.0512 215 677 578 845 6 0.0509 219 675 578 846
17IqLvKcWATVTV9SnehZ8fcQqcoFbJSo,8 0.0649 445 392 696 644 11 0.0643 449 461 702 702 11 0.0638 388 526 642 767 5 0.0633 574 397 815 641 5 0.0623 376 453 645 705 7 0.0619 452 330 707 577 11 0.0618 451 335 706 571 2 0.0616 449 403 704 643 8 0.0616 457 525 698 763 0 0.0612 379 400 643 653 8 0.0611 571 339 821 585 5 0.0610 436 4 702 255 11 0.0608 512 397 757 639 5 0.0606 490 598 748 834 8 0.0606 382 459 640 706 8 0.0604 440 261 695 506 11 0.0597 376 266 651 508 11 0.0594 428 686 704 907 7 0.0594 445 9 709 256 11 0.0594 319 589 572 822 0 0.0593 447 336 701 577 7 0.0590 386 397 646 653 11 0.0590 499 268 769 493 5 0.0580 494 261 760 499 0 0.0579 362 133 639 363 3 0.0577 462 523 705 774 3 0.0577 447 7 706 265 13 0.0575 588 466 826 702 8 0.0575 586 462 815 699 11 0.0575 582 464 820 697 6 0.0574 454 340 710 578 0 0.0574 304 199 576 427 0 0.0573 373 267 646 510 8 0.0573 441 5 698 258 2 0.0572 500 277 766 497 3 0.0571 385 398 647 657 0 0.0569 586 465 820 701 8 0.0568 378 594 617 819 5 0.0568 446 130 707 371 5 0.0568 450 515 699 765 7 0.0566 503 263 771 499 6 0.0564 446 6 714 255 3 0.0563 580 402 818 648 13 0.0562 389 1 653 253 11 0.0561 503 136 773 358 5 0.0559 300 129 567 365 13 0.0555 366 130 650 361 5 0.0554 571 133 820 366 5 0.0553 370 71 638 316 11 0.0552 569 340 831 578 6 0.0551 385 400 653 648 9 0.0551 440 395 703 636 0 0.0549 499 270 765 499 7 0.0549 379 264 651 518 11 0.0548 441 201 708 431 11 0.0548 385 0 646 249 13 0.0546 512 392 763 638 3 0.0544 508 333 757 587 7 0.0540 444 199 707 436 5 0.0538 304 0 571 259 6 0.0537 589 464 822 700 7 0.0536 391 525 646 766 0 0.0536 442 205 704 434 7 0.0536 433 682 705 906 6 0.0531 310 199 580 423 10 0.0531 512 399 758 643 6 0.0530 380 78 651 314 6 0.0530 314 0 587 259 3 0.0529 309 197 571 432 13 0.0529 384 398 654 648 0 0.0528 571 341 830 584 7 0.0527 589 465 823 702 3 0.0526 379 75 644 322 6 0.0526 573 340 831 586 0 0.0526 389 529 643 769 8 0.0523 305 201 563 422
9iMdiSAA9neSdh4tQZUd8tKEeTENPLPj,0 0.0646 239 195 500 435 0 0.0638 242 323 499 562 11 0.0632 233 382 496 614 11 0.0628 318 276 581 501 6 0.0627 246 319 505 560 11 0.0616 264 70 508 306 11 0.0612 239 197 501 429 0 0.0598 320 274 578 506 11 0.0594 321 145 581 376 0 0.0590 259 71 502 312 13 0.0590 0 396 241 656 5 0.0590 236 316 497 559 11 0.0589 390 223 662 443 11 0.0589 301 459 563 684 6 0.0574 325 272 582 505 8 0.0571 246 258 495 495 6 0.0570 303 395 566 626 6 0.0568 243 196 505 431 0 0.0567 305 392 560 630 13 0.0566 176 335 435 573 10 0.0566 167 339 430 573 6 0.0566 327 140 580 379 11 0.0566 0 402 238 647 8 0.0559 242 384 492 615 2 0.0558 169 337 429 576 8 0.0557 322 209 576 442 5 0.0554 295 385 559 627 5 0.0551 313 270 575 501 3 0.0551 245 323 500 566 8 0.0551 314 329 561 558 5 0.0548 233 194 494 431 7 0.0545 240 381 500 618 0 0.0544 319 141 576 383 5 0.0544 631 326 884 576 8 0.0543 332 66 569 315 0 0.0542 0 397 234 656 3 0.0542 398 282 661 523 7 0.0539 316 326 571 561 13 0.0533 322 210 587 444 7 0.0533 391 219 661 445 11 0.0533 631 332 890 573 6 0.0532 395 217 663 445 2 0.0529 312 332 565 560 2 0.0528 1 402 236 650 0 0.0528 390 219 658 448 13 0.0527 318 326 571 562 8 0.0527 304 462 555 683 5 0.0526 409 772 668 1022 9 0.0525 244 323 496 555 8 0.0524 396 280 651 517 2 0.0521 248 265 498 496 13 0.0521 248 259 508 499 12 0.0520 245 324 500 563 8 0.0520 254 136 497 372 12 0.0519 323 274 580 507 8 0.0519 392 149 643 383 5 0.0518 314 137 576 374 3 0.0517 398 147 656 390 7 0.0517 198 125 443 376 3 0.0516 321 209 583 448 8 0.0513 418 779 661 1021 11 0.0510 757 401 1009 637 5 0.0509 0 393 232 653 5 0.0507 255 64 503 307 8 0.0506 636 326 879 576 3 0.0506 300 394 563 635 13 0.0504 197 126 449 380 10 0.0503 244 265 501 498 8 0.0503 178 194 427 446 7 0.0502 249 259 506 495 5 0.0502 384 216 656 440 13 0.0502 398 282 661 518 7 0.0501 309 457 565 691 3 0.0501 2 395 237 662
OvJTS5OmY7NLcjJrsqwlHs4vtyJvTaW4,0 0.0614 223 0 494 215 5 0.0607 109 0 372 203 11 0.0595 173 5 422 213 8 0.0588 0 0 246 197 6 0.0577 179 0 425 215 8 0.0577 114 0 368 206 0 0.0571 116 0 374 212 5 0.0568 0 0 253 196 0 0.0560 436 273 694 503 11 0.0558 0 2 254 197 7 0.0549 223 0 499 207 13 0.0548 227 0 510 208 3 0.0545 120 0 374 206 8 0.0545 224 0 489 207 0 0.0541 0 1 255 202 13 0.0540 751 0 1022 195 5 0.0534 742 0 1014 193 10 0.0523 0 4 254 198 11 0.0518 745 2 1016 190 5 0.0517 12 90 294 327 6 0.0516 441 273 702 501 0 0.0513 747 0 1013 198 6 0.0512 5 2 260 197 3 0.0507 0 1 255 203 13 0.0506 4 2 267 203 11 0.0503 434 277 700 503 8 0.0502 249 80 492 299 8 0.0501 680 0 941 190
0ZIqaJOn2jJtyTUrElZlBlkspEsCz1f5,11 0.0652 504 594 757 826 8 0.0623 72 680 426 850 7 0.0622 514 593 759 830 5 0.0606 504 592 755 828 0 0.0604 506 592 758 832 0 0.0594 11 671 379 850 8 0.0593 506 592 751 827 7 0.0591 81 679 439 849 11 0.0586 312 457 560 682 0 0.0584 364 462 618 703 0 0.0582 316 396 567 630 10 0.0575 505 595 758 831 11 0.0575 70 681 434 846 8 0.0563 367 465 610 697 5 0.0562 64 678 430 847 11 0.0560 494 474 743 699 7 0.0558 319 455 565 682 11 0.0557 366 392 625 624 6 0.0556 79 680 445 847 3 0.0555 509 592 756 835 7 0.0547 443 467 693 695 5 0.0538 314 451 558 680 13 0.0537 512 594 764 831 11 0.0537 235 401 489 623 2 0.0536 508 597 759 829 3 0.0534 83 681 435 853 6 0.0533 509 592 761 827 7 0.0522 246 392 495 627 5 0.0519 189 780 427 1013 10 0.0519 70 683 435 849 0 0.0519 432 392 694 630 10 0.0514 496 475 748 702 13 0.0512 19 671 392 850 0 0.0511 493 473 744 702 6 0.0510 321 465 564 684 8 0.0509 197 781 421 1016 8 0.0508 317 397 552 624 7 0.0507 370 389 633 622 9 0.0506 505 594 757 826 8 0.0503 495 470 735 700
wtSuWP92Qw6NmHOiLKabtkorc89CnBSl,0 0.0533 182 264 429 504 11 0.0524 228 735 508 946 5 0.0512 72 210 326 449 5 0.0505 0 276 243 515 0 0.0500 76 215 335 451
3fXEppusCOCQyi512wDpswftgGqda4w8,11 0.0598 244 394 504 631 3 0.0572 196 391 439 644 8 0.0552 189 334 443 572 7 0.0541 317 403 575 645 5 0.0535 234 319 513 571 11 0.0526 310 347 591 574 6 0.0523 191 336 457 573 11 0.0522 501 483 763 693 11 0.0513 240 277 534 507 5 0.0512 313 402 575 645 8 0.0506 389 396 632 626 7 0.0504 194 397 441 639
Jzs5BGgProDWOfF5RsudLTvBMhNBlUfZ,5 0.0606 245 267 507 509 0 0.0602 251 190 504 444 11 0.0595 245 271 510 507 11 0.0586 176 332 454 571 6 0.0586 192 266 460 505 0 0.0584 246 332 505 577 6 0.0582 256 191 504 442 0 0.0580 248 52 500 304 3 0.0577 252 332 503 584 6 0.0577 252 333 508 574 7 0.0577 250 267 513 515 11 0.0567 235 130 505 374 3 0.0561 317 401 571 658 8 0.0558 115 396 373 631 13 0.0558 181 390 455 631 3 0.0557 258 192 499 450 8 0.0555 249 331 499 571 3 0.0555 315 134 562 376 13 0.0553 247 56 510 305 11 0.0552 310 330 571 569 7 0.0551 237 395 499 643 7 0.0549 247 128 506 376 8 0.0547 188 264 452 502 13 0.0544 190 265 465 506 8 0.0544 182 137 444 377 5 0.0542 304 128 564 370 5 0.0541 233 391 498 637 11 0.0540 317 204 568 436 6 0.0535 317 402 579 651 8 0.0534 258 189 495 442 0 0.0530 185 265 454 504 8 0.0530 251 54 496 304 5 0.0529 310 322 573 574 13 0.0528 324 206 570 443 0 0.0527 325 282 576 520 3 0.0525 249 57 503 309 0 0.0524 306 132 566 370 5 0.0523 180 61 444 316 0 0.0522 450 394 710 635 0 0.0522 310 401 574 656 10 0.0520 245 336 505 573 8 0.0519 314 134 554 370 5 0.0516 443 386 703 630 5 0.0513 118 386 380 632 3 0.0510 332 281 573 525 7 0.0508 188 209 452 447 5 0.0506 180 204 447 444 6 0.0504 250 56 505 304 13 0.0502 180 137 462 378 10 0.0501 174 140 446 375 6 0.0500 315 134 566 371 11 0.0500 181 210 456 442
4z9iOk62Z6Vc47scMCxnHSakpK7WkmUS,2 0.0597 509 4 877 148 6 0.0578 509 0 885 146 8 0.0576 60 0 390 144 11 0.0568 438 529 700 753 5 0.0566 496 0 871 148 8 0.0558 503 0 869 146 11 0.0547 506 2 882 149 3 0.0544 510 0 877 153 9 0.0541 500 0 875 145 5 0.0527 626 11 1001 219 0 0.0524 61 0 410 149 0 0.0519 508 2 877 150 7 0.0518 511 0 884 150 13 0.0509 444 531 709 758 11 0.0508 629 21 1008 224 13 0.0505 504 0 888 147 0 0.0503 0 227 255 437
tupdQZezwgSs5kESdJ9225vG0iqkeGCO,11 0.0524 430 675 688 904 11 0.0507 372 597 620 826 0 0.0502 435 670 688 909
8xWFpkbkGO3UeeglSW0r5R8MAIs3HaN0,14 1.0 0 0 1 1
cyuw58jaQdXmWcdUDEx9IbYNqfJDTdN0,7 0.0556 255 186 508 434 13 0.0550 310 0 576 200 3 0.0545 385 0 642 203 5 0.0543 314 126 568 380 8 0.0542 310 3 560 199 11 0.0541 320 71 568 321 5 0.0540 373 0 636 195 13 0.0537 187 2 450 253 7 0.0537 330 63 571 322 3 0.0534 331 66 567 329 11 0.0528 374 2 640 194 6 0.0527 312 3 574 200 13 0.0524 324 133 585 385 6 0.0524 322 131 575 382 5 0.0512 217 282 568 475 0 0.0507 320 137 575 382 13 0.0503 223 284 582 480 8 0.0501 185 2 437 248
S1ndWw2736PganwThhxyWVcR3PILagZY,8 0.0597 298 149 556 372 11 0.0583 355 139 634 371 0 0.0555 356 137 631 375 3 0.0552 365 136 632 378 11 0.0540 272 490 641 662 13 0.0539 286 489 655 661 3 0.0538 282 487 641 665 8 0.0536 282 489 634 657 7 0.0535 364 134 635 374 7 0.0530 280 487 650 663 0 0.0526 269 489 645 666 8 0.0521 425 127 690 367 10 0.0516 273 491 645 662 5 0.0515 273 484 636 661 6 0.0514 301 154 567 371 5 0.0507 290 146 562 371 13 0.0504 299 152 575 371
yJmiFt8wNXCspP4QYGkOGpdR686rBSdY,5 0.0612 327 511 574 759 5 0.0577 256 592 526 835 5 0.0557 395 584 650 817 11 0.0556 397 591 654 817 8 0.0553 332 521 572 761 11 0.0553 310 658 587 891 8 0.0548 399 593 646 819 0 0.0547 184 589 452 829 0 0.0545 250 665 521 905 11 0.0543 326 522 580 759 7 0.0528 332 520 583 761 11 0.0527 457 276 714 501 6 0.0527 184 588 451 824 7 0.0527 708 619 1023 811 7 0.0526 404 593 657 820 8 0.0525 188 588 444 823 8 0.0519 384 328 638 567 8 0.0519 318 657 579 891 5 0.0518 190 526 443 774 7 0.0514 260 599 534 838 13 0.0511 330 595 589 821 6 0.0510 321 656 588 891 8 0.0510 389 195 638 429 0 0.0507 399 591 655 821 11 0.0506 442 413 707 648 0 0.0505 330 518 583 762 7 0.0504 135 546 387 775 7 0.0504 387 395 651 631 11 0.0503 133 549 379 768
0A8MbiYubRuq8WHpl3qOvax9dDMHF8n9,5 0.0581 379 0 647 190 8 0.0577 380 0 643 190 0 0.0561 384 2 649 190 11 0.0560 379 1 651 186 8 0.0559 317 66 562 314 5 0.0557 377 61 640 319 5 0.0556 258 132 513 386 3 0.0553 385 1 649 196 8 0.0539 440 334 692 566 7 0.0538 388 1 658 193 6 0.0533 383 0 652 192 11 0.0532 313 137 573 382 11 0.0530 434 403 705 624 7 0.0529 386 69 646 323 7 0.0528 323 134 575 388 0 0.0525 304 206 563 459 8 0.0520 515 414 761 635 11 0.0519 376 70 643 312 9 0.0519 379 1 655 185 8 0.0518 432 467 697 691 0 0.0517 434 334 696 572 11 0.0516 253 209 502 449 13 0.0516 322 133 579 387 0 0.0513 318 66 572 316 6 0.0512 198 614 457 835 3 0.0511 442 332 702 572 11 0.0510 301 677 563 888 13 0.0509 381 0 657 190 11 0.0508 512 338 761 559 11 0.0508 497 466 773 688 8 0.0506 305 210 553 457 8 0.0503 131 606 368 838
OLmZfoEqLLJmTPcSMKPf2d66HNSd9Xa8,8 0.0553 579 391 827 641 11 0.0548 578 396 835 635 11 0.0544 301 2 570 195 13 0.0535 311 0 575 197 5 0.0528 639 384 895 628 5 0.0523 242 329 499 569 0 0.0523 580 396 834 639 7 0.0523 251 332 504 573 0 0.0520 247 338 500 575 11 0.0518 515 341 764 575 8 0.0515 311 2 558 198 2 0.0514 586 342 834 561 6 0.0508 312 1 567 196 11 0.0508 242 337 501 568 6 0.0507 251 335 503 573 5 0.0505 227 440 484 689
UA7kOXqcWRZEvsDZm6DNkyt0qRPNdBka,11 0.0532 242 798 504 1020 5 0.0520 239 788 498 1019 7 0.0514 247 794 504 1023 8 0.0513 244 791 491 1020 11 0.0511 230 472 495 704 6 0.0505 236 471 504 704 8 0.0504 236 472 486 706 7 0.0503 234 463 501 704 0 0.0500 235 466 495 707
QP3QeaWiX3AVeo7by15UE927t42gPykc,0 0.0537 259 301 521 525 8 0.0532 182 444 424 704 0 0.0512 248 451 497 704 11 0.0509 243 452 497 700 7 0.0506 248 450 501 703
ofasCXzE9B1uzzus23sW1TiDeumgCFm4,11 0.0633 389 393 645 637 11 0.0628 380 262 652 500 7 0.0620 376 0 635 198 5 0.0619 244 0 508 199 5 0.0610 369 0 627 193 0 0.0609 264 267 509 503 8 0.0606 389 392 636 644 0 0.0601 371 1 633 196 11 0.0598 371 2 631 197 0 0.0593 390 393 641 645 0 0.0593 384 265 653 505 11 0.0592 318 456 583 688 8 0.0590 309 0 568 197 3 0.0589 458 350 715 592 7 0.0583 248 437 519 688 8 0.0582 264 270 493 501 11 0.0579 449 464 705 703 5 0.0578 437 275 710 518 7 0.0574 258 0 515 198 5 0.0574 317 393 575 641 3 0.0574 375 1 631 200 8 0.0574 320 459 574 692 5 0.0571 568 281 828 512 13 0.0563 376 2 636 194 5 0.0563 246 323 501 568 6 0.0563 449 282 727 521 13 0.0563 255 0 519 200 6 0.0563 261 328 511 572 8 0.0562 450 465 696 707 10 0.0562 373 5 633 195 5 0.0558 297 132 555 361 6 0.0557 312 1 578 198 3 0.0557 320 458 582 700 11 0.0557 246 2 513 197 8 0.0557 520 286 773 532 8 0.0555 148 2 499 156 6 0.0554 327 399 585 637 13 0.0553 326 395 589 640 11 0.0553 251 328 506 570 3 0.0551 254 334 505 577 0 0.0548 317 200 567 428 13 0.0547 258 328 513 577 11 0.0546 518 293 779 527 6 0.0543 634 296 910 531 8 0.0543 387 259 644 510 7 0.0542 452 464 709 706 5 0.0542 451 399 700 646 0 0.0540 450 466 703 712 7 0.0539 459 348 720 585 6 0.0539 398 210 663 440 11 0.0539 382 528 631 755 6 0.0538 522 152 797 382 2 0.0537 457 358 720 587 11 0.0532 373 139 639 366 0 0.0532 504 93 770 312 2 0.0531 372 4 628 193 5 0.0531 504 85 763 313 5 0.0529 386 203 648 433 0 0.0529 253 0 512 198 3 0.0528 454 463 706 712 0 0.0527 254 88 513 322 10 0.0527 250 4 513 195 7 0.0526 254 141 509 371 8 0.0524 319 201 557 427 3 0.0524 382 262 654 510 8 0.0524 622 537 866 773 5 0.0524 255 202 504 430 6 0.0521 456 406 711 645 0 0.0520 520 293 777 536 3 0.0520 254 0 510 203 11 0.0520 313 201 566 420 2 0.0519 251 3 509 196 11 0.0518 511 94 774 310 0 0.0518 375 139 639 371 11 0.0518 619 538 873 769 7 0.0517 258 326 509 570 11 0.0516 501 799 767 1021 5 0.0515 618 531 866 769 2 0.0514 521 298 779 529 11 0.0513 251 91 520 316 7 0.0510 199 200 446 432 7 0.0510 524 286 784 528 7 0.0509 387 260 659 503
MGuFOejVeLZ7J3FRlDDfYkagQ7qfLTTG,0 0.0646 240 0 491 211 8 0.0623 248 21 488 277 11 0.0578 125 0 376 204 5 0.0577 123 0 369 204 6 0.0564 248 25 502 276 0 0.0560 120 1 370 209 11 0.0560 377 457 623 687 11 0.0559 237 3 494 209 3 0.0556 187 1 428 213 7 0.0553 248 0 492 210 11 0.0546 238 92 496 339 13 0.0534 248 0 498 209 8 0.0533 254 135 487 390 5 0.0533 239 0 487 207 10 0.0531 388 209 633 446 0 0.0531 377 452 627 688 11 0.0527 382 205 630 443 11 0.0527 365 584 620 804 6 0.0526 259 137 500 388 8 0.0526 382 200 620 441 7 0.0522 444 197 697 433 3 0.0522 388 201 628 450 7 0.0521 380 452 628 683 7 0.0519 130 1 375 204 8 0.0516 382 453 617 688 6 0.0515 445 200 697 434 13 0.0513 257 137 505 388 0 0.0507 437 199 690 438 7 0.0505 325 191 571 431
6EXiIHEkDYoDb8ZjjYLGpVjck8I5UWLa,8 0.0559 752 16 1004 261 0 0.0543 751 21 1014 271 7 0.0531 352 418 701 601 8 0.0527 381 343 627 569 11 0.0521 753 22 1013 258 11 0.0518 339 420 689 599 5 0.0517 237 146 498 384 10 0.0517 754 22 1011 265 11 0.0515 233 344 496 566 13 0.0514 241 344 505 574 11 0.0512 303 727 578 955 7 0.0510 311 338 569 564 8 0.0509 512 0 763 207 7 0.0508 759 18 1020 263 5 0.0507 753 12 1010 263 8 0.0506 240 336 487 568 11 0.0503 243 223 510 442 0 0.0502 238 152 502 386 8 0.0502 239 151 494 389
XAyeOWMEKsfW5k2RpVRvRQ20sauAsa6U,5 0.0703 308 777 566 1017 5 0.0655 130 675 482 859 7 0.0652 251 778 516 1022 8 0.0648 244 659 495 910 0 0.0643 249 522 500 763 5 0.0642 235 718 499 963 0 0.0634 383 728 640 966 0 0.0634 378 583 634 825 8 0.0633 319 778 563 1019 11 0.0618 309 650 567 899 11 0.0615 177 604 443 828 3 0.0610 316 778 569 1023 0 0.0609 176 599 438 835 0 0.0605 312 648 566 901 13 0.0604 254 781 517 1023 8 0.0604 124 666 381 904 6 0.0595 318 783 572 1019 13 0.0593 316 646 570 901 5 0.0592 163 780 428 1020 10 0.0591 310 651 566 898 7 0.0591 382 726 642 968 11 0.0590 237 720 507 963 6 0.0589 249 662 506 907 3 0.0588 245 717 501 968 11 0.0586 253 527 505 760 3 0.0586 386 726 637 968 11 0.0582 375 584 635 824 10 0.0579 241 726 503 965 11 0.0575 312 782 565 1017 7 0.0574 315 649 567 903 0 0.0572 244 719 505 965 8 0.0572 179 600 436 833 5 0.0571 305 643 561 901 10 0.0568 374 586 633 821 3 0.0568 315 646 566 904 9 0.0565 244 781 513 1018 10 0.0560 313 782 570 1018 11 0.0560 446 667 713 902 11 0.0558 0 561 300 732 8 0.0555 251 523 495 760 2 0.0553 377 586 636 823 6 0.0553 385 649 643 901 6 0.0553 130 671 394 899 8 0.0551 383 647 632 902 5 0.0551 245 519 495 760 7 0.0550 255 526 506 760 7 0.0549 380 581 639 824 5 0.0548 0 554 293 738 3 0.0548 181 599 440 840 8 0.0547 100 780 358 1014 10 0.0541 250 525 502 758 0 0.0539 453 661 706 903 7 0.0538 178 725 443 961 10 0.0538 448 669 710 900 6 0.0537 146 807 512 984 6 0.0535 123 276 381 507 12 0.0534 241 716 509 966 2 0.0531 316 781 569 1021 3 0.0530 253 526 502 767 12 0.0529 311 646 567 901 0 0.0528 560 411 822 653 3 0.0528 379 585 632 828 9 0.0527 306 718 576 955 6 0.0527 179 601 447 832 0 0.0526 0 560 292 742 13 0.0523 257 520 510 762 4 0.0517 317 783 576 1019 2 0.0517 248 666 499 913 5 0.0517 372 579 632 823 0 0.0516 185 392 448 628 8 0.0515 118 274 366 510 11 0.0515 116 275 379 506 7 0.0515 182 603 444 832 13 0.0514 455 663 719 905 1 0.0514 246 774 512 1023 2 0.0514 385 730 638 962 13 0.0513 193 671 444 911 10 0.0513 169 786 433 1023 13 0.0511 129 605 386 841 13 0.0511 381 582 643 825 5 0.0511 442 732 705 960
2uSMVa0V9M6NAEPCOQD4uvbAc2hbmnVe,11 0.0572 372 666 632 896 0 0.0568 374 662 632 901 8 0.0559 377 660 625 897 5 0.0530 371 657 628 897 6 0.0529 376 661 635 896 0 0.0521 264 664 513 897 8 0.0517 177 0 433 201 13 0.0514 179 2 452 203 7 0.0502 375 662 637 897
3ZURenUyTL43lgtAHhuaZHBiBRDaQg9L,8 0.0596 181 335 426 583 7 0.0579 500 593 759 835 8 0.0578 636 114 888 369 0 0.0565 687 546 952 764 0 0.0564 495 665 766 896 11 0.0563 634 118 896 368 8 0.0553 622 408 884 656 11 0.0551 118 331 377 579 11 0.0548 493 667 762 887 8 0.0548 446 586 698 830 8 0.0547 185 472 431 712 11 0.0545 217 355 568 537 0 0.0545 444 591 703 835 11 0.0545 496 535 759 776 8 0.0544 246 265 497 506 7 0.0543 383 516 658 766 11 0.0540 440 0 705 201 8 0.0538 386 517 642 762 7 0.0537 182 334 438 579 7 0.0534 626 534 888 775 7 0.0528 572 670 826 898 8 0.0525 621 614 879 835 13 0.0521 631 120 908 369 5 0.0520 439 0 693 201 0 0.0520 135 471 384 708 8 0.0515 310 465 562 707 8 0.0514 441 406 684 654 11 0.0514 180 397 439 640 7 0.0512 255 394 508 652 8 0.0512 494 81 747 308 7 0.0511 445 405 697 657 13 0.0510 319 346 575 599 13 0.0508 129 387 391 636 5 0.0508 608 609 886 836 0 0.0507 380 523 651 766 8 0.0505 383 349 616 583 8 0.0505 572 674 816 898 0 0.0505 561 734 826 966 6 0.0504 498 598 761 836 7 0.0503 388 342 632 585 11 0.0503 373 525 655 763 11 0.0501 382 406 632 645
0WCjkIl7g2DIzgg5YzL9FP9Nj5yuTuKv,5 0.0683 244 393 509 642 11 0.0635 244 402 508 639 5 0.0619 162 335 430 572 8 0.0596 168 398 428 646 11 0.0594 162 340 435 574 6 0.0581 177 342 438 576 11 0.0580 235 264 502 498 6 0.0574 219 410 605 595 3 0.0568 234 334 505 575 0 0.0565 236 331 505 573 7 0.0564 171 342 437 572 5 0.0562 233 257 495 498 11 0.0560 320 136 566 355 13 0.0558 241 334 509 575 11 0.0557 386 209 634 421 8 0.0553 174 276 430 516 10 0.0549 162 408 431 634 2 0.0547 236 337 503 569 11 0.0540 181 205 434 432 7 0.0539 252 400 513 643 5 0.0538 379 199 627 419 6 0.0536 132 207 382 448 8 0.0531 383 205 627 421 3 0.0527 310 261 568 504 5 0.0523 316 126 559 354 8 0.0523 592 282 838 515 5 0.0521 423 768 670 1001 5 0.0521 178 199 425 434 11 0.0520 296 796 557 1010 10 0.0519 252 141 503 372 0 0.0515 183 205 432 439 5 0.0514 630 346 888 574 0 0.0513 384 207 631 422 11 0.0511 632 352 897 572 13 0.0511 121 343 383 586 6 0.0511 244 262 504 502 3 0.0507 170 405 430 649 0 0.0506 322 133 563 358
Xxeq5BsIXuCUy5wHohM1LgWR4YTXXEOx,7 0.0610 246 584 499 825 8 0.0607 498 659 762 895 11 0.0601 242 585 494 823 0 0.0598 243 584 496 824 5 0.0597 246 517 504 769 13 0.0593 246 584 502 823 6 0.0590 245 588 498 825 0 0.0586 305 716 571 958 0 0.0583 494 660 769 899 3 0.0581 243 588 496 829 8 0.0574 244 584 492 821 7 0.0564 440 662 710 900 5 0.0563 430 657 704 895 11 0.0559 249 267 503 509 6 0.0554 310 720 573 957 11 0.0554 303 722 568 952 8 0.0545 306 718 566 956 0 0.0539 378 458 633 715 5 0.0537 248 260 496 508 11 0.0533 490 663 765 894 11 0.0530 375 463 635 710 5 0.0528 374 454 631 711 5 0.0528 359 717 627 964 7 0.0528 384 461 640 714 3 0.0524 437 664 709 902 2 0.0521 246 588 495 823 7 0.0520 306 718 574 959 8 0.0520 198 136 435 379 8 0.0518 378 460 628 715 0 0.0518 252 267 501 513 6 0.0517 437 660 710 897 8 0.0514 257 268 492 518 1 0.0513 240 579 492 823 0 0.0511 432 723 697 968 10 0.0510 244 588 496 822 9 0.0508 242 582 495 819 3 0.0508 366 728 635 970 8 0.0504 259 61 484 288 13 0.0504 500 662 772 899 13 0.0503 307 717 581 957 12 0.0502 247 587 496 822 6 0.0502 384 460 637 712 6 0.0500 250 203 492 429 10 0.0500 435 663 711 895
o3lIVfPPMH28gv8TaZEHxgb7pXaoqmsG,11 0.0620 640 336 899 576 0 0.0600 639 336 895 585 11 0.0592 458 402 702 641 7 0.0573 462 400 709 644 11 0.0568 443 10 694 257 5 0.0563 640 330 890 580 3 0.0552 644 336 895 590 5 0.0549 441 3 692 257 8 0.0547 643 330 886 581 5 0.0545 449 397 699 642 6 0.0544 460 405 710 641 3 0.0544 446 10 695 263 0 0.0543 456 405 704 644 7 0.0540 396 336 653 561 8 0.0536 445 13 687 258 11 0.0535 389 336 645 556 6 0.0534 449 9 704 256 6 0.0531 650 339 900 579 7 0.0529 447 10 698 259 11 0.0528 314 33 576 273 0 0.0527 319 33 574 273 10 0.0526 445 18 694 253 8 0.0522 320 35 565 270 8 0.0522 457 401 696 641 13 0.0520 650 338 905 585 13 0.0519 450 9 701 256 0 0.0513 444 10 696 260 0 0.0512 424 591 692 835 11 0.0510 184 801 429 1021 2 0.0509 459 407 703 645 0 0.0504 392 338 645 559 7 0.0504 53 662 308 910 11 0.0504 421 593 691 836 7 0.0503 646 335 898 583 6 0.0502 398 340 653 559 3 0.0501 460 403 705 649 5 0.0500 315 27 568 270
eNj3EXm6e8OKPJSInIL4EOwgEpTez3PY,11 0.0537 304 680 565 901 11 0.0517 240 799 497 1011
qma49mDhBKX0Uw8jsYoMVpWezM0npDWl,11 0.0685 321 723 564 968 11 0.0679 433 667 701 895 8 0.0676 380 782 620 1023 5 0.0668 257 719 498 971 11 0.0664 379 598 629 828 5 0.0649 374 781 621 1022 8 0.0632 207 871 564 1023 7 0.0629 260 720 501 975 11 0.0625 201 874 565 1022 13 0.0617 383 783 630 1023 0 0.0617 322 722 565 976 5 0.0601 194 872 563 1021 8 0.0597 435 726 693 966 6 0.0596 321 726 566 973 5 0.0596 317 658 567 897 3 0.0595 322 663 567 905 7 0.0592 379 782 629 1023 10 0.0590 259 723 498 971 0 0.0585 204 873 569 1023 5 0.0585 12 290 353 470 7 0.0584 209 871 570 1023 10 0.0581 322 669 566 898 7 0.0574 386 669 637 904 10 0.0571 377 786 626 1021 8 0.0569 19 296 353 470 13 0.0568 206 874 575 1023 3 0.0568 377 731 626 979 0 0.0562 382 668 631 909 6 0.0562 207 876 572 1023 3 0.0562 262 720 498 978 9 0.0560 374 786 624 1020 11 0.0556 504 783 751 1008 10 0.0555 185 790 435 1021 3 0.0550 387 598 627 837 8 0.0545 173 268 420 506 11 0.0545 309 537 567 766 6 0.0545 385 666 637 906 2 0.0544 206 878 568 1023 0 0.0544 176 335 423 571 2 0.0540 324 728 565 973 7 0.0538 120 267 381 499 8 0.0536 313 601 556 829 11 0.0532 166 271 438 501 3 0.0532 208 873 571 1023 7 0.0532 315 600 564 831 13 0.0531 317 602 568 832 10 0.0530 436 670 702 898 6 0.0529 315 603 568 831 3 0.0528 440 663 699 906 5 0.0527 170 264 425 507 10 0.0527 385 602 627 831 13 0.0526 386 668 641 907 5 0.0524 496 777 745 1014 9 0.0522 185 789 438 1021 12 0.0519 324 726 563 974 0 0.0519 312 598 559 836 5 0.0516 0 353 291 544 0 0.0515 247 277 497 512 8 0.0509 409 673 760 856 1 0.0506 257 718 497 972 5 0.0504 379 589 625 827 7 0.0503 432 532 690 762 3 0.0501 23 299 362 475 7 0.0501 508 779 758 1016 8 0.0500 383 535 617 765
L0doRi37eh76PIKsY6XSP3dl3zZWcLCa,5 0.0615 293 778 551 1010 11 0.0590 324 332 575 572 13 0.0580 369 796 625 1023 5 0.0577 413 796 669 1022 8 0.0566 366 791 610 1023 0 0.0559 416 798 677 1023 7 0.0553 303 783 564 1018 5 0.0552 195 344 563 533 0 0.0552 500 261 758 489 5 0.0550 322 289 704 470 11 0.0549 366 796 620 1017 0 0.0548 271 349 653 535 8 0.0546 377 390 616 648 7 0.0543 335 290 714 476 5 0.0542 367 388 622 646 6 0.0539 333 330 576 575 13 0.0538 330 332 581 578 3 0.0537 367 794 619 1023 7 0.0537 332 328 576 579 7 0.0534 422 798 681 1023 8 0.0530 334 287 697 474 6 0.0523 304 782 559 1012 0 0.0513 299 780 554 1019 11 0.0513 327 294 712 472 0 0.0513 373 388 625 647 13 0.0508 337 292 720 475
RKe33hjY1OA8AiBJfOyF2W1FtEg77stD,14 1.0 0 0 1 1
JY7vxuAROnqdjF04ohprLJ4lDD0eyMgg,11 0.0679 131 724 388 942 11 0.0645 190 789 447 1015 0 0.0601 706 0 956 197 8 0.0591 135 724 377 947 5 0.0586 112 592 369 817 0 0.0581 574 338 832 572 5 0.0581 129 720 379 946 0 0.0579 198 722 443 957 8 0.0579 196 788 440 1020 11 0.0573 387 407 648 632 7 0.0573 116 593 372 819 5 0.0565 570 334 824 568 11 0.0565 576 342 833 570 6 0.0564 704 0 961 199 7 0.0563 197 725 448 954 6 0.0561 575 339 840 573 13 0.0558 200 722 449 956 8 0.0557 702 0 952 196 8 0.0556 119 594 364 817 6 0.0555 130 726 387 949 3 0.0554 118 599 371 825 11 0.0554 112 597 373 817 5 0.0554 186 786 440 1016 7 0.0547 578 336 836 568 0 0.0541 114 597 373 822 0 0.0538 763 354 1023 589 3 0.0537 198 724 450 961 6 0.0536 191 794 448 1021 11 0.0534 697 0 964 198 10 0.0531 194 730 445 952 2 0.0527 576 345 831 570 13 0.0526 576 336 838 571 5 0.0518 380 524 645 756 10 0.0517 573 342 830 568 5 0.0515 380 395 643 628 6 0.0513 115 597 378 821 5 0.0511 701 0 957 194 13 0.0510 119 596 380 823 10 0.0505 119 599 370 821 8 0.0504 574 337 822 567 0 0.0503 776 546 1023 781 2 0.0503 193 794 444 1023
w5YsAwACb3vNBPCRZNeY3huqBUxOgYs4,8 0.0619 377 271 638 508 0 0.0614 307 275 578 516 8 0.0592 319 202 581 442 5 0.0591 371 267 640 508 5 0.0581 309 198 581 436 0 0.0573 377 197 642 428 0 0.0569 447 273 697 516 11 0.0568 303 280 576 514 8 0.0566 440 341 692 582 7 0.0562 319 202 591 442 5 0.0561 294 340 566 582 6 0.0558 321 201 588 442 7 0.0554 443 338 700 584 8 0.0552 301 344 564 586 7 0.0537 381 272 647 513 0 0.0530 246 210 512 449 3 0.0528 449 276 699 523 13 0.0527 242 467 506 713 11 0.0526 444 276 699 513 6 0.0526 243 466 502 712 5 0.0525 433 332 692 579 8 0.0523 333 470 694 656 5 0.0520 502 269 757 495 13 0.0518 381 275 649 508 13 0.0513 332 470 713 655 10 0.0513 301 283 576 517 0 0.0512 573 388 835 619 6 0.0512 446 338 700 579 0 0.0510 375 336 634 579 6 0.0510 310 407 570 655 8 0.0507 576 387 827 615 2 0.0502 380 279 642 507 3 0.0502 307 281 576 521 7 0.0501 363 799 630 1022
ImKJQA6mHAxOAYWus52yMZ5BIKE0Faee,5 0.0626 570 778 815 1010 7 0.0621 579 778 823 1012 11 0.0606 573 779 816 1012 8 0.0583 571 777 811 1012 7 0.0572 510 714 757 958 0 0.0567 572 779 818 1016 11 0.0557 502 718 750 957 5 0.0543 499 713 747 957 2 0.0537 576 783 819 1011 8 0.0535 504 716 746 959 3 0.0533 575 779 815 1019 6 0.0533 576 785 821 1011 0 0.0531 502 714 751 963 10 0.0525 575 782 817 1013 13 0.0521 502 664 749 896 13 0.0517 578 781 823 1013 6 0.0517 507 719 755 963 11 0.0509 369 656 634 890 9 0.0508 570 779 815 1008
MidWCgu5M4pwBJH4iVX0GfZxAyJSEAb5,8 0.0592 250 195 493 445 8 0.0587 505 522 748 761 5 0.0584 246 191 497 442 0 0.0582 252 195 500 444 8 0.0576 381 191 641 428 8 0.0569 325 255 573 496 11 0.0563 249 195 503 443 11 0.0562 320 255 585 493 10 0.0561 247 199 500 441 11 0.0560 379 191 656 426 5 0.0559 319 250 577 492 8 0.0558 305 716 560 957 0 0.0555 382 190 650 427 0 0.0555 324 254 582 496 7 0.0553 254 253 510 499 11 0.0549 505 523 755 756 5 0.0544 376 187 644 425 6 0.0544 255 254 511 499 5 0.0539 250 320 503 555 5 0.0537 569 207 826 439 11 0.0537 252 323 506 559 11 0.0536 498 410 751 650 11 0.0533 492 263 761 506 10 0.0532 505 523 754 759 8 0.0532 498 404 746 654 6 0.0531 505 523 763 757 0 0.0529 307 710 568 959 8 0.0528 491 263 751 512 5 0.0528 300 709 565 955 3 0.0527 323 254 582 500 8 0.0520 573 208 821 442 0 0.0519 500 411 749 654 0 0.0519 509 713 760 956 7 0.0518 510 518 756 758 8 0.0518 256 320 497 563 5 0.0517 489 262 754 509 11 0.0517 301 718 569 953 7 0.0516 309 714 571 960 7 0.0515 388 187 656 432 3 0.0515 250 195 503 450 11 0.0513 368 781 629 1012 2 0.0512 257 328 503 560 7 0.0511 507 406 756 652 6 0.0511 499 267 765 509 0 0.0510 440 769 694 1010 6 0.0510 582 208 839 438 13 0.0508 326 253 594 498 10 0.0508 378 195 655 424 13 0.0508 505 525 762 761 2 0.0507 497 272 761 510 0 0.0507 585 526 819 760 0 0.0506 572 209 830 444 7 0.0506 516 714 763 953 2 0.0506 326 261 580 494 13 0.0505 580 211 838 443 5 0.0504 434 765 689 1004 7 0.0504 500 264 760 515 5 0.0502 508 710 754 952
1RhUeHVsxB1WBoHN3zwyGOIiANsgNTAG,8 0.0579 244 507 493 771 5 0.0568 235 496 502 768 8 0.0563 102 728 359 948 5 0.0561 234 329 504 560 11 0.0561 241 512 501 768 3 0.0530 243 506 498 776 13 0.0528 459 0 711 225 8 0.0523 516 128 751 363 10 0.0519 455 8 703 229 11 0.0518 449 5 704 230 6 0.0517 243 341 509 566 6 0.0515 245 507 506 767 11 0.0511 242 342 504 565 7 0.0511 507 581 775 840 10 0.0510 500 589 768 842 13 0.0505 565 506 833 762 8 0.0504 559 0 826 236 11 0.0504 553 6 836 235 11 0.0503 497 590 763 838 3 0.0501 458 0 704 237 0 0.0500 252 273 523 508
R7l8jLTFLZpGXku8LjZBDNVQBeh2xjeB,5 0.0620 299 323 565 559 0 0.0603 393 331 644 577 11 0.0583 322 263 580 494 8 0.0573 391 328 638 577 6 0.0566 308 326 573 566 0 0.0564 321 263 576 496 7 0.0557 393 328 647 579 5 0.0552 248 256 494 492 11 0.0549 386 332 646 574 3 0.0546 390 329 647 584 8 0.0541 251 259 489 497 5 0.0541 385 270 641 499 0 0.0537 324 148 571 372 7 0.0533 252 192 500 417 8 0.0531 237 397 497 655 7 0.0528 495 814 762 1023 11 0.0526 243 191 501 415 0 0.0523 248 325 504 572 5 0.0522 317 197 564 415 11 0.0521 324 149 576 364 8 0.0520 507 342 759 586 11 0.0519 245 793 501 1016 0 0.0519 249 196 496 421 0 0.0518 391 212 638 425 6 0.0512 247 133 498 356 5 0.0510 230 399 505 648 11 0.0510 233 404 508 652 10 0.0506 243 333 499 568 13 0.0505 320 0 585 194 5 0.0505 308 0 573 189 0 0.0503 515 346 759 588 11 0.0503 309 0 585 190 6 0.0503 396 276 652 506 11 0.0502 429 807 699 1017 5 0.0501 240 129 487 353
8nVuJ6ruIstUkdNWG4Y2v6Cn8NsZjR3N,11 0.0639 196 720 442 956 5 0.0626 194 718 439 958 8 0.0617 200 716 438 960 11 0.0599 254 653 509 889 7 0.0594 261 717 508 960 11 0.0586 505 731 755 960 0 0.0586 260 718 507 963 7 0.0584 200 646 445 889 8 0.0582 370 661 625 891 0 0.0580 366 658 635 894 0 0.0573 191 648 445 894 8 0.0573 257 649 501 891 11 0.0572 366 661 633 890 0 0.0567 495 671 755 909 5 0.0564 125 647 371 898 6 0.0563 134 657 378 899 7 0.0562 314 651 572 884 8 0.0551 127 650 366 903 11 0.0550 128 654 373 894 5 0.0549 253 648 504 891 11 0.0544 614 740 882 961 6 0.0542 201 726 447 961 10 0.0541 196 725 443 961 10 0.0541 255 658 506 890 13 0.0538 200 720 451 962 3 0.0533 260 717 502 966 11 0.0532 303 591 564 818 8 0.0530 443 728 686 959 7 0.0528 251 576 506 821 11 0.0528 446 797 681 1012 13 0.0528 371 661 640 898 3 0.0526 450 794 685 1023 7 0.0524 445 728 702 961 0 0.0521 171 406 440 629 10 0.0517 366 660 632 890 13 0.0517 507 675 763 911 7 0.0516 440 537 693 760 6 0.0516 260 654 513 892 13 0.0514 260 651 513 893 3 0.0509 195 651 441 896 8 0.0509 515 797 740 1016 11 0.0507 236 530 500 766 10 0.0506 124 658 371 902 9 0.0505 194 720 442 957 11 0.0505 163 405 439 625 11 0.0505 431 539 685 762 5 0.0504 440 793 680 1014 0 0.0504 248 579 505 827 2 0.0501 199 725 443 962
nqV0CXE3vekjnuUPEkpQnJXfKTlcecE2,8 0.0593 306 606 563 829 5 0.0568 231 665 496 897 8 0.0567 230 670 493 901 8 0.0562 238 776 485 1020 5 0.0557 294 777 552 1008 11 0.0549 298 785 556 1011 0 0.0548 381 345 645 588 7 0.0548 305 781 565 1010 5 0.0547 300 601 562 828 11 0.0544 237 602 506 827 10 0.0539 242 604 506 828 0 0.0538 238 600 508 833 3 0.0536 303 784 559 1017 7 0.0529 243 599 508 830 5 0.0528 373 336 641 582 13 0.0526 244 602 513 833 0 0.0525 454 276 703 518 11 0.0524 379 345 649 583 5 0.0522 499 281 761 524 11 0.0520 0 41 251 272 7 0.0520 385 343 650 586 8 0.0517 3 32 236 273 8 0.0516 383 340 638 587 11 0.0516 295 670 561 890 13 0.0513 241 779 502 1021 13 0.0511 303 671 568 894 6 0.0510 320 333 576 589 8 0.0507 9 169 241 392 2 0.0506 301 785 556 1015 11 0.0504 506 287 770 525 6 0.0503 303 781 559 1010 6 0.0502 237 672 505 896 8 0.0501 506 283 760 525 3 0.0501 238 675 502 907
waArdpLz01G3I1Xuu6WfVQuuJmIHaLPr,11 0.0673 324 675 686 857 11 0.0656 505 599 767 832 5 0.0656 192 669 554 848 0 0.0653 195 669 564 850 7 0.0639 197 669 563 849 0 0.0633 506 599 769 835 11 0.0630 444 518 697 765 3 0.0630 200 669 563 852 8 0.0627 444 660 697 903 0 0.0627 444 516 696 768 8 0.0624 199 669 556 848 11 0.0623 328 802 692 979 5 0.0623 442 658 698 902 11 0.0622 380 453 630 700 0 0.0621 67 613 437 796 3 0.0620 377 659 635 903 7 0.0620 446 592 700 837 10 0.0618 510 459 756 701 7 0.0618 517 454 756 700 0 0.0615 376 592 632 837 11 0.0613 512 458 756 700 8 0.0610 506 600 761 833 10 0.0609 442 520 695 767 10 0.0606 568 541 820 780 5 0.0606 506 525 758 769 6 0.0605 509 601 770 834 6 0.0604 378 594 632 839 13 0.0604 200 669 566 849 8 0.0602 445 520 689 768 3 0.0602 508 598 769 837 5 0.0597 374 592 628 836 8 0.0596 376 594 626 837 0 0.0594 514 455 754 700 0 0.0594 378 451 628 703 13 0.0592 386 521 640 773 6 0.0589 196 670 564 850 5 0.0588 67 610 429 793 3 0.0587 387 522 636 776 0 0.0586 331 800 697 983 7 0.0586 76 614 444 793 10 0.0585 376 596 628 836 10 0.0585 193 673 557 848 7 0.0585 335 801 700 984 7 0.0584 389 523 637 770 2 0.0582 445 594 697 836 13 0.0581 444 591 702 836 8 0.0580 511 457 747 699 5 0.0580 325 798 689 980 8 0.0580 68 612 426 793 7 0.0576 573 540 823 780 6 0.0573 449 521 697 769 3 0.0573 335 800 698 987 13 0.0573 509 526 766 772 11 0.0572 648 489 906 715 12 0.0571 379 658 635 901 10 0.0569 376 455 629 702 2 0.0569 197 674 559 850 9 0.0567 442 590 698 833 8 0.0566 381 454 619 702 6 0.0566 515 457 756 701 3 0.0564 518 455 754 705 11 0.0564 67 613 437 794 5 0.0563 437 447 688 696 0 0.0561 652 486 899 725 2 0.0561 510 532 761 771 12 0.0561 199 669 561 851 3 0.0560 71 616 439 799 10 0.0560 66 618 433 794 9 0.0558 506 525 763 767 13 0.0558 440 450 696 700 13 0.0552 338 799 700 982 10 0.0550 648 492 901 720 12 0.0545 509 598 770 835 1 0.0543 374 590 629 838 8 0.0543 335 799 686 980 6 0.0540 383 455 631 706 2 0.0539 576 477 819 706
7sE3YB7MlFWUvJn9bqLLxn7NCVHebCG4,7 0.0637 198 784 444 1023 5 0.0633 193 782 436 1021 8 0.0617 198 781 435 1023 11 0.0615 195 787 440 1019 0 0.0596 197 785 439 1023 6 0.0556 197 791 441 1023 11 0.0546 121 395 376 617 0 0.0544 256 716 516 965 10 0.0544 194 789 441 1021 3 0.0538 198 784 440 1023 13 0.0531 200 786 446 1023 11 0.0528 183 598 445 814 0 0.0523 182 595 446 828 0 0.0522 117 396 369 629 9 0.0521 193 787 441 1021 7 0.0517 257 718 516 962 10 0.0509 182 601 438 820 8 0.0509 182 593 433 824 8 0.0507 258 716 505 959 5 0.0503 250 715 509 956 2 0.0502 195 789 442 1023 7 0.0500 192 594 446 823
eo1LZzTrylc3R7rQwv9wbwFl9EeAEHnp,11 0.0569 512 529 766 781 0 0.0565 382 715 633 955 0 0.0561 337 584 601 837 6 0.0561 402 651 657 891 7 0.0561 328 525 597 774 0 0.0554 388 518 660 763 7 0.0548 388 457 658 689 11 0.0545 443 595 700 837 7 0.0544 451 523 718 768 2 0.0541 390 524 659 760 5 0.0540 392 645 645 887 13 0.0538 392 458 661 692 7 0.0536 263 587 516 834 11 0.0532 381 458 655 689 0 0.0528 510 524 766 783 13 0.0528 453 523 723 768 8 0.0523 450 521 705 774 8 0.0520 339 586 587 832 11 0.0517 436 731 687 952 6 0.0516 340 584 602 829 7 0.0509 448 659 700 897 13 0.0507 335 530 599 777 5 0.0505 507 521 762 779 8 0.0503 574 523 811 780
Zg31p16bzaRduJd5L65aAUqmFfBBcS0f,8 0.0615 383 254 634 482 13 0.0602 368 335 638 567 11 0.0586 634 351 893 577 0 0.0570 620 406 895 649 11 0.0563 365 335 632 564 6 0.0559 317 339 573 567 0 0.0559 456 267 703 497 3 0.0551 625 407 896 657 5 0.0549 613 400 893 643 0 0.0546 379 188 635 415 2 0.0546 463 272 704 494 5 0.0544 451 260 702 494 3 0.0543 462 266 704 505 11 0.0542 293 411 556 643 6 0.0539 463 268 710 492 3 0.0537 368 334 630 573 8 0.0537 634 347 886 578 0 0.0532 368 330 629 569 7 0.0530 619 402 897 652 8 0.0526 251 343 491 575 7 0.0522 459 267 705 499 10 0.0521 367 339 631 566 7 0.0521 370 334 634 567 13 0.0516 626 411 903 651 11 0.0516 231 797 491 1016 8 0.0509 295 408 546 645 11 0.0508 424 461 690 698 6 0.0506 640 347 899 577 8 0.0504 430 457 682 698 10 0.0502 618 410 897 648 0 0.0502 568 227 829 449
NRzcuMdJslzD7fgYQRoABjbVI4UBPzg1,7 0.0540 378 513 632 755 8 0.0531 348 720 601 957 11 0.0524 350 489 705 662 10 0.0519 241 595 499 842 7 0.0518 250 588 500 836
QD1LFEaYbaHhjfkFeO5z4L6xxKFWKJqZ,7 0.0572 377 519 637 753 11 0.0559 442 463 688 681 11 0.0551 374 523 627 753 7 0.0549 510 526 765 751 0 0.0546 376 520 633 757 3 0.0543 379 523 632 762 11 0.0527 504 531 760 748 7 0.0524 447 460 695 679 5 0.0522 368 519 621 751 8 0.0520 438 523 687 748 11 0.0518 307 199 587 423 5 0.0510 438 457 684 676 8 0.0509 251 204 505 449 0 0.0506 444 460 692 684 0 0.0505 316 269 590 502
EPUXe7hUnt0bMocGY9zNRJ3xhpebki9e,13 0.0629 641 476 887 700 5 0.0623 627 400 876 636 7 0.0592 565 330 818 578 11 0.0592 564 399 815 645 11 0.0590 633 476 880 702 11 0.0587 306 409 564 641 8 0.0583 633 478 875 705 6 0.0576 443 145 699 386 5 0.0569 256 813 510 1017 11 0.0564 382 593 638 827 8 0.0564 561 332 807 577 0 0.0563 564 332 818 578 11 0.0562 440 146 698 383 7 0.0560 445 144 701 386 3 0.0560 571 330 814 584 5 0.0558 557 326 810 577 7 0.0558 637 476 885 704 10 0.0557 567 402 813 644 8 0.0557 372 400 616 639 3 0.0555 638 476 879 710 6 0.0555 573 395 821 644 10 0.0552 427 274 685 507 5 0.0552 508 452 765 710 11 0.0549 427 274 686 502 0 0.0543 634 478 884 703 0 0.0542 503 203 757 447 5 0.0542 436 136 691 381 2 0.0541 256 533 501 763 11 0.0541 566 269 814 504 7 0.0540 311 407 566 645 6 0.0539 310 404 564 643 7 0.0538 505 258 755 496 13 0.0538 572 400 824 645 3 0.0538 446 146 696 388 11 0.0536 256 527 498 766 7 0.0536 443 528 702 770 8 0.0534 442 145 693 380 0 0.0533 125 393 383 644 6 0.0533 640 479 886 700 13 0.0532 504 332 752 572 13 0.0532 377 453 635 701 0 0.0530 307 404 561 645 6 0.0528 440 592 689 833 7 0.0528 517 459 775 717 10 0.0528 501 331 744 572 8 0.0528 502 259 743 493 2 0.0527 315 466 570 702 13 0.0526 445 592 698 831 0 0.0525 440 146 695 386 3 0.0525 437 270 684 510 5 0.0524 434 515 691 765 6 0.0524 434 269 687 506 2 0.0523 564 337 813 577 0 0.0523 439 594 691 836 0 0.0519 433 269 684 508 3 0.0518 312 406 558 646 13 0.0517 445 142 702 384 8 0.0517 317 465 559 702 10 0.0516 438 146 698 384 8 0.0515 437 457 690 701 5 0.0515 250 520 491 761 13 0.0515 437 273 693 508 3 0.0515 509 204 756 450 5 0.0514 235 395 498 634 3 0.0513 260 532 493 770 6 0.0512 505 327 746 566 10 0.0511 636 479 881 699 5 0.0511 363 390 624 637 2 0.0508 439 149 694 384 0 0.0507 244 338 493 574 0 0.0507 252 525 492 770 9 0.0507 565 395 816 640 3 0.0505 520 462 769 723 7 0.0504 377 669 639 907 8 0.0504 504 397 744 642 2 0.0504 504 401 747 642 11 0.0503 503 205 757 445 7 0.0503 189 399 442 642 0 0.0503 0 667 229 897 11 0.0502 263 822 507 1023 0 0.0500 513 465 769 718
NMpXb3NzernmoZT4GZmx4X0YQbfCmPmu,11 0.0566 122 39 365 271 0 0.0557 254 28 505 259 11 0.0548 259 28 509 252 0 0.0546 381 403 642 642 8 0.0530 0 83 234 313 13 0.0527 259 27 513 261 10 0.0524 258 32 504 254 7 0.0519 393 337 647 572 3 0.0510 193 33 437 270 7 0.0510 258 23 506 257 11 0.0508 383 341 644 572 8 0.0504 123 35 359 276 0 0.0503 389 270 629 506 10 0.0501 384 408 642 636 8 0.0500 372 215 610 440
NEaTyqVgsWybdNwJmyUZ5ZFwWWaC57Vr,11 0.0590 377 334 626 565 5 0.0557 564 393 823 645 0 0.0549 567 399 829 647 5 0.0547 378 330 627 562 7 0.0541 384 333 629 569 8 0.0532 379 337 623 568 6 0.0525 570 402 833 649 0 0.0525 377 336 627 569 11 0.0518 564 400 828 643 11 0.0517 307 267 569 500 0 0.0513 452 609 691 849 5 0.0512 305 260 568 496 2 0.0506 380 343 626 567 5 0.0503 453 599 690 842
QbG9PkzMJ2CD7zlEdA0GbGsGMg68T16I,8 0.0600 260 277 504 517 11 0.0588 248 280 510 513 11 0.0588 186 678 427 895 7 0.0562 189 673 432 898 0 0.0560 256 277 517 521 0 0.0557 187 675 427 901 10 0.0553 256 283 510 515 3 0.0546 317 279 582 529 5 0.0544 247 275 510 513 7 0.0542 261 278 513 516 11 0.0540 252 736 498 950 8 0.0533 190 673 419 896 11 0.0525 106 745 362 953 13 0.0521 262 277 515 519 10 0.0513 184 680 422 897 0 0.0511 311 736 562 964 11 0.0507 309 349 580 594 5 0.0501 182 668 421 896 8 0.0500 315 348 574 597
U5YoRkQK9deaqoSPlZ8x7sUqty2WMIQx,11 0.0634 1 679 242 916 7 0.0613 260 794 500 1017 8 0.0613 0 672 236 914 8 0.0601 260 796 491 1021 0 0.0598 0 680 238 917 7 0.0583 0 675 244 917 7 0.0579 385 784 629 1016 7 0.0572 391 525 664 776 5 0.0570 371 783 620 1016 8 0.0570 379 782 616 1019 5 0.0562 0 671 234 914 0 0.0562 385 528 656 780 3 0.0561 2 671 240 922 5 0.0553 250 792 490 1013 0 0.0548 253 798 500 1022 11 0.0547 254 797 492 1013 6 0.0546 1 677 248 912 5 0.0529 723 0 1006 240 11 0.0517 385 463 662 712 6 0.0515 256 798 497 1016 13 0.0515 256 800 498 1017 6 0.0514 380 788 632 1017 13 0.0513 3 677 248 917 10 0.0510 255 802 493 1016 11 0.0509 376 788 623 1015 5 0.0508 383 459 655 705 8 0.0507 731 0 1003 239 3 0.0505 396 459 655 720 0 0.0504 377 783 629 1018 2 0.0501 1 680 244 915
GPzb2kzombNMJNU4o5LpLZiklwpW61kZ,11 0.0552 321 814 570 1021 8 0.0523 313 519 547 760 0 0.0514 245 459 500 699 0 0.0514 311 521 558 763 11 0.0506 389 337 640 562 8 0.0505 246 462 491 694 11 0.0502 246 462 497 695
Y1FLohbIzjOslMQsEHT1Q6lp7jTXHFvs,0 0.0640 300 662 563 902 11 0.0614 297 592 557 833 8 0.0596 302 660 556 901 11 0.0591 182 729 443 964 11 0.0583 362 518 630 758 11 0.0578 294 784 550 1012 0 0.0575 440 277 704 525 5 0.0569 299 659 558 897 11 0.0566 244 668 512 904 8 0.0560 364 516 623 760 7 0.0560 299 779 552 1015 7 0.0555 186 779 442 1019 3 0.0552 306 664 563 904 13 0.0551 366 521 635 762 6 0.0551 307 662 565 898 7 0.0550 191 664 459 902 13 0.0543 303 591 562 837 0 0.0542 359 515 628 762 11 0.0540 243 525 511 758 8 0.0539 244 719 496 971 8 0.0537 438 226 687 467 5 0.0535 235 773 490 1016 10 0.0533 250 592 509 836 0 0.0533 372 218 629 451 13 0.0533 192 663 466 905 6 0.0531 367 519 633 760 13 0.0527 246 775 503 1020 3 0.0525 244 777 494 1022 0 0.0525 295 777 547 1017 11 0.0524 437 280 704 517 10 0.0522 365 521 631 760 7 0.0520 367 517 632 760 7 0.0520 253 589 510 839 6 0.0516 447 283 704 524 11 0.0516 544 340 812 553 11 0.0510 367 219 630 443 6 0.0509 188 780 439 1016 2 0.0509 304 668 566 899 5 0.0508 361 515 625 758 3 0.0507 367 519 631 765 6 0.0505 303 782 550 1014 13 0.0504 374 216 635 447
9TWWDfm1t7u79NASaCq3q8Tf27185IhQ,5 0.0639 497 725 748 969 11 0.0626 306 732 559 963 0 0.0606 439 723 692 967 11 0.0605 496 732 754 971 0 0.0604 572 730 822 975 7 0.0597 504 730 756 972 11 0.0587 436 405 697 646 3 0.0584 505 731 754 976 0 0.0584 309 729 559 965 8 0.0580 573 729 817 972 8 0.0576 439 723 685 965 2 0.0576 572 732 826 974 10 0.0572 307 732 558 962 5 0.0566 505 0 864 148 6 0.0562 502 729 755 976 7 0.0562 311 730 565 965 5 0.0562 305 726 556 959 10 0.0557 436 728 690 966 3 0.0553 441 407 697 656 13 0.0553 439 401 699 648 0 0.0552 75 620 438 796 3 0.0550 312 729 559 969 13 0.0550 446 724 697 967 7 0.0542 520 0 875 148 13 0.0539 577 729 827 974 8 0.0537 311 728 557 963 8 0.0534 76 616 434 796 13 0.0533 314 732 566 967 8 0.0531 438 406 688 650 0 0.0530 514 0 869 148 11 0.0529 72 624 447 791 6 0.0527 245 737 501 965 0 0.0527 436 402 696 651 2 0.0527 441 729 692 966 7 0.0526 440 401 699 651 10 0.0525 374 400 623 639 8 0.0522 139 676 494 855 10 0.0515 510 4 871 148 5 0.0512 174 653 440 887 6 0.0509 439 405 697 650 5 0.0509 430 399 693 647 10 0.0507 72 621 444 793 9 0.0507 438 727 692 960 11 0.0504 510 2 873 147 6 0.0504 515 1 875 148 10 0.0502 569 733 821 971 12 0.0502 442 724 691 967 12 0.0501 573 728 822 975 13 0.0501 79 616 453 796
UFpsf8pLbxyt4vz6FX8c10VKfGEB5vyT,11 0.0652 314 149 572 378 0 0.0627 391 136 639 381 11 0.0616 446 141 693 370 5 0.0612 390 131 636 378 5 0.0605 448 202 692 448 8 0.0604 313 204 557 445 5 0.0600 241 147 508 389 11 0.0597 568 398 838 636 8 0.0591 452 204 686 448 8 0.0591 572 393 829 640 3 0.0590 314 203 565 451 6 0.0588 386 198 637 435 8 0.0585 386 259 626 515 0 0.0584 312 201 560 449 7 0.0583 320 144 577 384 3 0.0581 397 137 641 384 7 0.0579 258 207 508 450 8 0.0578 393 134 637 377 13 0.0577 320 145 582 380 0 0.0572 452 208 690 455 11 0.0570 253 208 502 448 11 0.0565 457 271 705 516 5 0.0563 383 254 627 513 3 0.0562 459 209 693 455 11 0.0562 321 266 564 513 6 0.0562 452 139 694 375 5 0.0561 568 528 839 771 10 0.0558 391 137 644 377 13 0.0558 260 208 510 452 11 0.0554 369 597 640 833 8 0.0552 111 137 367 373 2 0.0549 392 269 630 518 13 0.0548 577 397 847 643 6 0.0547 261 206 505 449 7 0.0546 453 138 694 375 0 0.0544 570 394 838 645 5 0.0543 568 391 835 638 13 0.0543 461 270 711 516 8 0.0539 579 528 831 773 8 0.0537 579 272 826 503 0 0.0535 186 204 440 450 13 0.0535 327 268 571 518 6 0.0533 462 268 707 516 11 0.0530 570 535 839 768 0 0.0528 370 597 637 836 13 0.0528 453 137 697 372 2 0.0528 453 214 692 449 10 0.0525 242 151 513 387 13 0.0525 189 274 444 518 13 0.0524 525 218 770 452 3 0.0524 576 394 840 646 0 0.0523 578 276 838 507 11 0.0522 634 333 907 566 12 0.0519 383 195 633 439 5 0.0517 259 263 497 509 6 0.0517 328 264 569 514 0 0.0516 389 264 629 521 5 0.0516 179 203 434 445 2 0.0515 317 150 571 383 10 0.0514 454 210 696 447 10 0.0513 572 400 838 640 11 0.0513 520 218 766 446 8 0.0513 515 134 754 374 7 0.0512 326 265 567 521 8 0.0511 453 326 690 575 3 0.0511 393 259 632 524 5 0.0511 514 134 760 371 6 0.0510 379 595 644 838 11 0.0510 578 274 838 502 11 0.0510 177 270 437 509 6 0.0509 581 531 843 776 6 0.0509 578 394 840 637 5 0.0509 568 210 823 440 7 0.0506 379 592 641 837 0 0.0506 111 136 377 379 0 0.0505 630 335 909 573 8 0.0505 325 330 555 581 5 0.0504 449 325 697 571 11 0.0504 388 329 635 575 12 0.0504 452 137 695 377
PPOuPu156hXqjl3mJB1hZ4BHbffa2Q8U,5 0.0632 247 316 506 560 8 0.0616 573 405 825 647 7 0.0613 509 401 766 642 8 0.0611 515 271 755 504 5 0.0601 499 400 756 639 6 0.0596 578 278 825 505 11 0.0596 248 318 508 561 11 0.0594 502 407 761 639 6 0.0591 506 406 764 641 5 0.0590 509 270 753 504 3 0.0587 506 404 763 647 11 0.0587 511 277 761 505 0 0.0583 514 278 761 505 0 0.0581 448 451 695 703 3 0.0579 515 277 757 509 0 0.0573 575 407 830 646 8 0.0566 451 449 691 702 7 0.0566 248 244 514 498 7 0.0564 518 273 764 505 13 0.0561 507 404 765 638 0 0.0561 252 320 510 563 3 0.0552 246 252 511 505 6 0.0546 251 247 513 499 9 0.0545 501 405 761 632 11 0.0542 241 175 517 417 10 0.0538 250 323 507 564 8 0.0537 248 315 502 563 2 0.0532 514 278 756 501 9 0.0531 512 278 759 498 6 0.0530 638 408 903 651 8 0.0529 176 792 427 1011 5 0.0526 241 167 514 410 7 0.0522 186 324 442 568 11 0.0517 131 332 394 577 11 0.0515 166 792 438 1013 10 0.0514 511 281 760 504 10 0.0513 504 408 763 640 13 0.0511 514 277 763 502 7 0.0509 171 789 439 1013 13 0.0505 645 465 901 721 11 0.0504 290 779 558 1011 8 0.0503 128 332 388 579 8 0.0503 246 176 506 415
x4aOxUqFlyqjPyXuR9rx9LryP1xp0bc6,11 0.0577 420 458 693 684 8 0.0575 242 413 499 641 0 0.0566 303 497 567 742 0 0.0559 430 459 691 687 5 0.0555 231 461 506 706 7 0.0551 307 500 569 743 6 0.0548 308 504 568 742 0 0.0546 244 409 509 640 6 0.0537 431 461 697 684 11 0.0536 299 505 562 737 8 0.0535 302 501 558 742 5 0.0532 225 572 491 818 7 0.0530 235 579 496 823 8 0.0528 559 803 819 1023 5 0.0525 554 796 822 1018 13 0.0524 380 507 642 739 5 0.0518 423 452 689 683 3 0.0511 304 501 565 745 3 0.0503 430 457 690 694 11 0.0503 228 582 488 819
5ZysPptDWl7rkz8MX1ew8eYCFBnJ1mm8,5 0.0615 572 398 832 618 0 0.0599 699 17 936 249 8 0.0594 576 394 829 622 0 0.0570 507 219 775 451 0 0.0569 577 334 827 555 11 0.0563 577 335 828 551 0 0.0559 443 453 703 709 11 0.0558 702 20 935 250 7 0.0557 704 12 942 248 11 0.0553 440 391 691 634 13 0.0547 586 336 835 554 8 0.0542 702 16 930 251 5 0.0539 510 150 776 383 7 0.0539 580 399 839 622 13 0.0536 694 80 946 318 6 0.0535 697 80 940 314 3 0.0534 584 334 827 559 7 0.0534 454 454 710 707 8 0.0531 510 152 765 385 8 0.0529 385 329 623 566 5 0.0529 690 75 935 308 13 0.0527 517 220 775 451 13 0.0525 448 455 709 705 2 0.0524 693 84 939 311 6 0.0520 451 455 708 704 8 0.0520 446 451 698 705 5 0.0520 436 382 688 635 11 0.0519 308 806 566 1019 3 0.0517 692 81 939 319 8 0.0516 245 521 499 782 10 0.0515 575 406 837 623 6 0.0513 638 20 895 244 6 0.0513 587 335 833 556 0 0.0513 384 331 631 569 11 0.0513 326 343 573 575 2 0.0509 580 341 828 555 3 0.0505 453 455 706 713 2 0.0503 637 20 888 244 10 0.0500 689 82 936 313
W4Lpp057Qrz3TDgOyH6JAi2jeBUmSTAs,11 0.0579 443 391 712 645 11 0.0565 377 333 639 580 5 0.0557 367 399 631 644 11 0.0553 245 329 497 574 8 0.0545 458 332 706 580 8 0.0543 373 402 628 645 5 0.0539 242 322 493 570 11 0.0539 516 333 770 564 5 0.0525 452 325 706 578 13 0.0523 450 393 720 646 6 0.0521 376 401 640 649 11 0.0520 570 201 842 434 10 0.0519 445 395 716 646 0 0.0519 444 390 705 651 5 0.0519 172 253 424 494 11 0.0515 309 262 580 498 7 0.0515 447 388 716 651 3 0.0512 524 332 768 575 7 0.0509 189 320 439 570 0 0.0509 247 330 499 577
UHvKYaGGMw2RLHnyT3ut88Hlicy6VXva,6 0.0656 251 590 490 824 0 0.0632 320 533 566 779 6 0.0628 319 532 572 773 5 0.0618 306 464 563 709 6 0.0617 249 466 492 697 11 0.0616 246 467 488 698 8 0.0611 375 464 627 705 0 0.0607 250 587 485 829 11 0.0607 317 534 568 773 5 0.0605 445 482 820 664 11 0.0605 247 594 486 828 5 0.0601 253 396 489 635 0 0.0600 392 483 753 662 8 0.0599 248 588 481 826 11 0.0596 320 410 570 636 8 0.0596 320 532 565 776 6 0.0594 376 460 637 704 0 0.0590 322 409 572 642 8 0.0590 432 533 692 770 0 0.0588 248 462 490 704 11 0.0588 524 479 889 663 7 0.0584 370 584 628 825 9 0.0582 306 469 566 701 3 0.0581 376 461 632 709 3 0.0581 373 584 624 824 13 0.0577 376 527 637 766 8 0.0576 323 409 562 641 11 0.0575 426 539 695 766 8 0.0575 246 464 484 698 7 0.0570 498 457 767 700 10 0.0570 370 529 638 768 11 0.0569 313 273 574 508 11 0.0565 424 411 695 642 8 0.0565 366 339 619 569 11 0.0564 516 360 890 532 8 0.0563 495 455 755 698 3 0.0563 250 465 492 703 5 0.0562 244 589 483 824 12 0.0561 320 528 571 777 0 0.0561 427 532 693 771 5 0.0558 359 336 623 571 13 0.0558 496 458 768 701 6 0.0558 457 486 832 665 7 0.0558 324 407 572 642 3 0.0558 426 340 694 583 2 0.0556 455 492 827 664 7 0.0554 250 589 490 827 10 0.0551 385 488 759 661 12 0.0551 374 458 637 708 6 0.0550 435 531 699 768 13 0.0550 313 586 566 824 10 0.0548 307 472 568 706 9 0.0546 305 586 560 816 2 0.0545 372 531 634 770 0 0.0545 523 359 885 537 8 0.0542 522 358 872 533 9 0.0539 388 483 757 658 7 0.0537 249 463 493 702 13 0.0535 314 469 572 705 3 0.0533 249 588 488 831 10 0.0531 306 590 561 825 13 0.0528 377 407 638 644 5 0.0528 516 356 880 535 6 0.0527 362 338 633 568 13 0.0525 252 728 507 964 6 0.0525 528 359 890 532 9 0.0523 370 523 637 762 2 0.0522 310 591 559 823 1 0.0520 306 464 567 706 8 0.0518 249 728 493 962
wV8wW3LNxWtEiZk92Xlh3V3gs6AANGC1,7 0.0669 315 721 574 962 0 0.0646 313 722 571 964 7 0.0639 242 658 513 886 0 0.0635 180 589 437 828 5 0.0634 307 722 567 957 8 0.0628 314 724 565 959 11 0.0623 310 727 573 957 7 0.0620 182 588 436 825 11 0.0619 239 661 513 884 8 0.0612 178 588 428 824 5 0.0612 126 678 484 853 8 0.0609 242 661 501 884 10 0.0602 239 664 507 884 11 0.0597 178 591 440 822 10 0.0597 176 591 433 827 5 0.0586 239 587 497 816 11 0.0580 315 600 577 823 0 0.0578 187 478 444 711 7 0.0578 319 598 579 829 6 0.0574 179 593 440 826 0 0.0572 318 600 577 834 3 0.0571 249 722 506 960 6 0.0555 243 662 511 886 13 0.0553 316 724 577 965 6 0.0548 311 726 571 960 8 0.0548 316 603 562 828 0 0.0546 303 469 551 705 3 0.0540 134 681 491 856 0 0.0537 584 795 820 1023 10 0.0535 311 731 571 962 11 0.0535 584 796 815 1019 13 0.0535 246 660 515 889 11 0.0532 300 470 552 695 13 0.0529 182 588 441 828 7 0.0526 587 795 821 1022 5 0.0526 576 792 809 1015 8 0.0525 250 404 486 639 13 0.0523 591 796 822 1023 8 0.0523 304 471 536 702 9 0.0523 178 591 437 821 1 0.0520 243 714 502 955 10 0.0520 314 603 571 825 9 0.0520 306 728 572 957 11 0.0519 184 482 445 703 8 0.0517 189 480 431 709 6 0.0513 188 481 447 711 10 0.0507 584 798 813 1023 9 0.0502 238 661 510 883 2 0.0501 313 728 572 961
bYUfFRkbf1UtHS2r4AmPkWOwUpqRNFKd,11 0.0619 387 660 649 899 11 0.0599 440 785 687 1021 0 0.0598 442 784 688 1023 8 0.0586 443 781 680 1021 5 0.0584 438 780 683 1019 11 0.0577 309 592 570 824 7 0.0563 443 782 693 1023 5 0.0557 314 6 578 242 0 0.0549 506 595 766 820 11 0.0549 548 802 804 1018 6 0.0548 395 654 648 901 11 0.0542 189 400 459 633 8 0.0535 190 395 444 640 5 0.0534 545 796 804 1021 0 0.0527 551 800 813 1023 5 0.0526 417 0 687 193 6 0.0523 429 0 693 194 11 0.0522 418 2 688 192 7 0.0520 316 594 575 824 3 0.0519 398 655 647 909 10 0.0519 440 787 689 1022 13 0.0515 278 0 664 149 7 0.0514 429 0 694 199 8 0.0511 322 12 571 244 3 0.0510 443 785 686 1023 5 0.0510 185 395 453 631 0 0.0509 387 12 645 249 3 0.0509 395 14 645 252 6 0.0507 443 784 690 1022 7 0.0507 398 655 651 907 8 0.0507 548 799 796 1023 8 0.0504 384 601 631 833 7 0.0503 553 799 813 1023 10 0.0503 394 659 648 900 2 0.0502 442 790 689 1023
6Lkn07oDMWxQCjS8DeQrvaUSAOlif2sg,11 0.0587 376 456 626 691 0 0.0577 496 329 736 564 11 0.0558 386 595 641 820 0 0.0558 380 589 638 828 0 0.0549 376 456 628 694 6 0.0548 376 387 632 619 7 0.0547 382 385 632 617 8 0.0543 381 454 622 691 0 0.0539 119 344 375 588 3 0.0527 329 399 586 642 11 0.0526 496 331 742 555 11 0.0518 112 343 378 583 5 0.0518 374 453 623 686 8 0.0514 442 336 680 569 0 0.0512 181 264 436 506 7 0.0511 119 338 377 582 13 0.0511 119 346 383 590 10 0.0508 373 392 633 619 10 0.0506 452 289 691 512 10 0.0502 703 408 952 628
m7D0sz19vDqfjzAnDuFu019bhncZNQKk,0 0.0627 146 680 509 853 0 0.0587 317 552 570 772 11 0.0574 320 551 570 770 7 0.0571 154 679 514 852 10 0.0571 141 684 502 850 11 0.0562 146 683 507 848 8 0.0555 148 681 496 851 10 0.0554 316 556 568 769 5 0.0551 315 545 564 768 8 0.0549 313 554 559 769 5 0.0539 142 678 498 849 6 0.0527 321 557 572 770 7 0.0522 319 549 575 770 8 0.0512 452 409 687 634 0 0.0510 453 412 697 640 8 0.0506 186 0 426 203 6 0.0504 148 683 511 849 2 0.0502 320 561 573 773 13 0.0501 154 680 518 851
YDqYHnKh7fMY4AOcTMnu5GSwhHmnHgRY,8 0.0639 441 451 690 688 5 0.0616 439 453 693 681 11 0.0601 438 454 697 683 5 0.0594 370 782 627 1002 11 0.0577 306 405 561 632 5 0.0570 568 581 826 819 11 0.0560 575 437 828 680 0 0.0558 440 454 699 688 5 0.0553 305 395 555 634 7 0.0549 382 787 636 1008 10 0.0548 443 459 697 684 8 0.0548 312 397 549 636 11 0.0548 441 790 691 1004 0 0.0546 308 398 560 640 0 0.0546 377 709 635 952 7 0.0541 448 454 699 686 5 0.0541 441 717 706 956 11 0.0540 373 715 641 942 3 0.0539 449 454 696 693 11 0.0536 491 673 770 904 7 0.0533 314 398 563 636 0 0.0533 493 735 747 957 5 0.0532 649 442 896 683 8 0.0532 328 542 553 770 8 0.0531 575 517 817 761 7 0.0530 496 669 771 904 6 0.0529 574 520 830 759 13 0.0526 384 786 635 1010 5 0.0523 240 262 489 497 0 0.0522 243 266 497 503 8 0.0520 448 785 682 1009 7 0.0520 576 518 830 763 5 0.0514 753 530 1013 768 6 0.0509 314 397 563 635 0 0.0508 327 543 563 773 6 0.0507 445 459 702 684 11 0.0504 242 272 500 495 7 0.0503 249 268 498 502 7 0.0502 762 532 1017 770 8 0.0502 318 667 562 889
NsGGNujVO6Q6hutJOx2X4BytMuOycLyP,8 0.0588 281 347 636 535 8 0.0585 242 273 492 511 11 0.0585 443 335 700 585 11 0.0570 306 794 557 1023 11 0.0568 230 277 501 507 5 0.0558 271 345 647 537 7 0.0557 448 335 703 587 11 0.0557 116 223 388 450 11 0.0556 321 222 590 444 0 0.0554 239 273 500 512 0 0.0552 501 285 745 519 0 0.0552 275 347 647 539 5 0.0551 228 270 497 505 3 0.0549 281 349 648 542 3 0.0546 237 277 498 516 6 0.0546 716 32 967 264 0 0.0546 570 333 816 572 5 0.0545 555 272 812 502 13 0.0545 574 336 824 568 6 0.0544 190 144 441 382 13 0.0541 239 275 505 510 11 0.0538 566 333 818 565 0 0.0538 187 147 438 385 8 0.0537 328 216 577 445 0 0.0535 121 282 394 512 11 0.0535 182 148 439 377 7 0.0532 192 141 443 380 8 0.0530 498 279 743 516 0 0.0528 326 216 590 448 0 0.0526 558 210 817 447 8 0.0526 569 329 809 571 13 0.0526 502 285 757 514 7 0.0525 329 215 593 449 7 0.0525 231 342 495 587 5 0.0517 302 789 549 1020 3 0.0515 325 220 587 452 6 0.0514 313 798 558 1022 7 0.0513 309 793 556 1023 3 0.0512 504 285 749 520 10 0.0512 441 339 699 590 3 0.0509 575 332 816 575 8 0.0509 506 455 745 711 5 0.0507 707 26 959 261 1 0.0507 270 344 643 539 5 0.0507 315 214 586 443 6 0.0507 235 276 503 512 6 0.0505 127 223 393 453 0 0.0505 307 793 557 1023 13 0.0502 565 216 826 441 6 0.0502 258 726 505 965 13 0.0502 278 347 658 541 7 0.0500 715 32 965 258
vj7fKAqubCiFYsHPQmH4YPwkhWMZTJU5,7 0.0613 63 771 304 1014 7 0.0598 251 522 506 754 11 0.0596 321 526 563 751 5 0.0594 55 770 297 1011 8 0.0582 60 769 295 1011 8 0.0576 0 660 239 901 11 0.0574 235 467 506 681 5 0.0574 759 6 1016 246 7 0.0569 314 465 564 690 8 0.0564 239 460 494 684 0 0.0564 761 12 1018 251 5 0.0557 238 460 503 682 8 0.0557 244 593 493 825 0 0.0555 58 771 300 1011 7 0.0554 323 582 571 818 11 0.0551 59 773 300 1011 11 0.0549 756 13 1017 243 0 0.0546 325 523 563 754 11 0.0546 242 598 501 823 6 0.0544 62 778 305 1012 13 0.0536 62 775 311 1013 0 0.0535 245 594 503 826 11 0.0531 770 275 1023 516 10 0.0529 59 777 299 1011 8 0.0527 767 12 1011 245 13 0.0526 767 9 1021 250 6 0.0521 243 465 514 682 7 0.0521 5 658 254 902 8 0.0520 774 271 1014 521 3 0.0515 240 461 506 687 8 0.0513 322 524 554 754 0 0.0512 181 264 448 506 5 0.0512 245 594 499 823 5 0.0508 0 658 244 902 11 0.0507 181 272 451 493 10 0.0501 248 531 505 751
qNjP5YVrVATZo923AYJeNCVxlCImehhX,14 1.0 0 0 1 1
BZctEBZQEgJ9kX0svPmblzwdrBHoBKrE,6 0.0671 246 140 506 377 11 0.0654 242 143 504 379 7 0.0635 195 263 445 509 8 0.0631 247 139 493 377 5 0.0629 181 198 436 445 5 0.0628 184 325 442 566 0 0.0624 124 347 383 596 11 0.0619 186 209 442 445 6 0.0615 191 208 443 448 8 0.0611 189 204 432 450 5 0.0605 236 131 499 376 3 0.0603 194 329 443 576 11 0.0595 118 409 383 653 11 0.0595 253 336 501 576 3 0.0593 191 207 441 454 5 0.0593 122 793 383 1006 0 0.0592 255 333 501 580 8 0.0589 186 19 423 264 6 0.0589 251 335 501 580 13 0.0583 257 338 509 580 8 0.0582 193 324 438 574 8 0.0581 130 802 376 1008 0 0.0580 190 263 443 512 0 0.0570 240 139 501 378 3 0.0567 249 139 506 385 7 0.0565 195 393 443 638 7 0.0563 246 133 506 379 0 0.0561 124 462 368 710 5 0.0558 120 459 371 705 0 0.0555 179 20 434 268 13 0.0553 247 139 512 379 10 0.0550 188 334 442 574 6 0.0546 130 350 394 596 8 0.0545 127 463 361 712 6 0.0542 130 798 387 1009 2 0.0540 188 142 440 385 11 0.0539 121 295 384 533 3 0.0536 124 404 379 660 13 0.0535 197 264 452 514 6 0.0528 130 465 379 708 2 0.0527 192 271 443 514 7 0.0526 125 463 375 706 0 0.0525 123 793 387 1011 2 0.0522 121 408 380 656 11 0.0522 125 799 388 1001 5 0.0520 242 388 499 634 13 0.0517 131 466 376 710 3 0.0513 249 401 500 645 9 0.0511 188 268 442 503 13 0.0510 258 464 511 715 10 0.0506 186 210 439 449 13 0.0506 135 348 395 595 3 0.0503 311 341 558 581
w0Ekh18ooitG4S0E7XyFk6E2EUjydbSN,11 0.0600 267 609 631 781 8 0.0592 171 533 435 772 5 0.0584 264 603 620 780 8 0.0578 241 660 496 895 7 0.0577 562 784 801 1015 11 0.0572 171 536 443 766 7 0.0566 281 678 641 851 5 0.0566 552 783 792 1013 5 0.0563 168 534 433 768 8 0.0563 562 784 792 1013 0 0.0561 268 607 627 788 10 0.0560 266 610 621 783 11 0.0560 559 789 796 1010 0 0.0559 555 785 798 1021 13 0.0558 275 607 634 785 11 0.0554 240 662 499 892 13 0.0554 246 662 504 894 10 0.0549 171 540 440 774 8 0.0548 269 606 619 781 10 0.0541 240 668 497 895 3 0.0537 563 785 798 1021 5 0.0537 239 658 496 892 13 0.0528 563 790 803 1018 0 0.0525 170 538 439 776 6 0.0524 271 608 636 782 0 0.0517 242 663 501 899 7 0.0517 176 535 445 771 7 0.0515 331 460 581 693 6 0.0513 172 534 445 772 5 0.0512 319 457 568 686 2 0.0511 561 792 800 1015 6 0.0506 499 741 762 959 10 0.0506 559 788 797 1014
4W22OnXNIi77fERJ0cwRMyfLsySpmBiX,11 0.0611 244 214 508 449 5 0.0597 161 529 420 760 8 0.0584 232 588 480 830 8 0.0581 247 78 498 322 7 0.0556 298 582 560 826 0 0.0556 248 205 509 454 11 0.0555 240 410 496 636 11 0.0550 232 526 490 763 11 0.0545 244 81 505 320 5 0.0542 223 588 487 826 8 0.0541 240 463 480 703 10 0.0541 234 470 489 698 8 0.0540 250 209 500 450 8 0.0539 173 532 417 765 5 0.0539 231 461 485 699 8 0.0537 255 331 490 567 0 0.0536 171 532 428 768 13 0.0535 175 532 432 766 0 0.0534 239 405 497 641 7 0.0534 307 460 554 702 10 0.0533 166 543 423 763 6 0.0533 243 409 495 640 11 0.0531 306 146 574 383 8 0.0530 302 518 542 758 6 0.0530 179 476 429 705 11 0.0528 698 473 953 704 11 0.0524 631 555 885 779 0 0.0524 246 74 506 322 13 0.0523 235 589 496 835 5 0.0519 624 548 880 779 7 0.0517 244 403 499 637 5 0.0515 240 202 509 446 3 0.0513 171 531 421 771 3 0.0510 238 404 497 645 10 0.0510 225 596 488 826 13 0.0508 194 133 466 373 2 0.0508 169 536 425 764
o3CItMR3rUtT4D7InbiR8jvpgSZsKutR,5 0.0597 251 335 504 568 8 0.0583 125 207 363 440 5 0.0580 439 340 709 566 11 0.0578 185 133 435 372 8 0.0577 193 131 427 376 11 0.0572 119 209 376 436 5 0.0568 184 274 443 510 5 0.0566 308 202 563 436 11 0.0563 239 204 512 437 0 0.0543 190 131 434 378 5 0.0538 118 201 368 436 3 0.0537 129 208 373 446 11 0.0535 379 200 652 426 3 0.0532 315 204 570 443 13 0.0531 190 347 449 578 8 0.0531 448 340 702 569 0 0.0531 247 274 515 510 8 0.0530 187 342 435 577 0 0.0528 126 209 371 441 5 0.0528 377 265 649 488 7 0.0526 454 341 711 570 3 0.0524 193 132 433 380 5 0.0521 184 129 429 372 10 0.0519 260 345 510 573 13 0.0518 318 204 579 441 11 0.0518 253 341 509 572 10 0.0516 124 209 371 440 13 0.0514 130 208 378 443 0 0.0512 312 204 569 438 0 0.0511 383 138 638 375 10 0.0510 449 351 714 569 13 0.0507 193 131 438 379 10 0.0507 190 134 431 374 0 0.0507 384 268 648 493 6 0.0507 191 128 437 376 0 0.0506 448 347 712 570 3 0.0506 260 338 508 579 6 0.0506 191 348 447 575 6 0.0505 250 201 507 435 11 0.0503 186 277 451 511 8 0.0501 316 205 558 439
NqN4D3q3RKC9EXZRh0hV0ZHOvFxbsT2y,0 0.0546 375 653 624 898 0 0.0538 259 81 508 317 5 0.0530 370 651 621 896 11 0.0501 260 78 512 315
vHWmvYE0zyp2xPk35xFG1veH4xbYJYRL,5 0.0545 221 793 484 1002 0 0.0544 576 534 842 773 8 0.0539 453 486 800 671 11 0.0536 575 535 839 771 7 0.0534 230 797 489 1001 8 0.0529 581 531 833 774 0 0.0524 193 0 565 150 3 0.0522 230 796 484 1011 6 0.0520 581 533 846 771 0 0.0511 493 595 764 839 11 0.0509 191 1 567 148 13 0.0502 583 533 846 775 5 0.0501 571 530 836 770 0 0.0501 452 490 809 673
spYwNr808Qw6HUeNK0fYqZ77IMX7RMDt,5 0.0586 315 660 565 898 0 0.0549 319 664 566 902 11 0.0544 367 793 629 1001 7 0.0528 369 790 633 1008 13 0.0528 200 717 469 956 6 0.0524 198 711 467 953 7 0.0522 197 800 465 1023 6 0.0513 376 721 630 950 0 0.0513 333 536 585 777 11 0.0506 197 716 463 951 13 0.0501 374 788 633 1006
MG3uD9KbMkLG1AdZIg6jKbOtexxJ3BE6,7 0.0593 315 473 583 714 2 0.0581 312 534 578 782 11 0.0580 306 532 577 777 5 0.0568 309 470 573 713 0 0.0567 314 473 579 718 11 0.0565 381 468 649 696 7 0.0556 380 591 641 840 7 0.0539 246 520 503 780 8 0.0538 309 529 568 776 3 0.0536 384 464 648 706 11 0.0535 374 593 638 838 8 0.0531 313 407 579 645 0 0.0531 250 406 505 639 8 0.0530 373 475 706 663 8 0.0522 451 582 701 837 5 0.0516 244 402 502 634 7 0.0515 250 404 510 638 2 0.0515 248 474 507 718 6 0.0515 386 467 653 697 11 0.0514 244 473 504 714 5 0.0510 239 519 497 774 3 0.0509 308 531 575 785 6 0.0502 315 527 581 778 0 0.0502 247 521 498 779 0 0.0501 453 582 711 840
6sOnjXIWTBbF9iJvpXFpFHsuCIL3zVbN,8 0.0679 575 450 821 686 11 0.0661 588 520 824 750 8 0.0645 522 536 764 778 7 0.0604 592 517 826 754 8 0.0604 513 333 763 574 10 0.0594 517 544 768 779 5 0.0589 571 448 824 682 11 0.0587 509 585 758 816 0 0.0587 568 406 835 641 5 0.0582 512 330 763 575 13 0.0577 508 587 766 819 6 0.0572 523 278 779 517 0 0.0572 587 521 823 755 0 0.0568 505 583 762 822 11 0.0561 455 335 704 566 6 0.0561 575 345 847 580 2 0.0560 459 344 700 569 13 0.0559 577 458 834 682 0 0.0558 512 337 767 579 11 0.0557 566 403 834 634 7 0.0557 514 582 763 822 5 0.0556 504 580 752 822 8 0.0553 468 671 816 855 6 0.0551 460 337 708 568 6 0.0550 528 540 772 775 8 0.0547 186 529 424 780 3 0.0546 528 540 771 780 0 0.0541 190 465 432 704 6 0.0536 585 454 830 685 2 0.0534 527 548 767 780 11 0.0532 188 465 430 703 3 0.0532 461 333 702 577 5 0.0526 186 458 426 703 8 0.0524 390 394 636 624 3 0.0524 195 465 430 713 2 0.0517 578 460 828 687 7 0.0516 516 331 771 575 6 0.0514 474 672 831 854 11 0.0514 515 280 775 514 3 0.0514 579 454 826 690 7 0.0512 570 403 835 638 0 0.0509 448 283 707 508 6 0.0508 194 463 432 706 10 0.0508 573 461 828 685 10 0.0507 457 342 706 571 7 0.0506 194 463 436 706 13 0.0502 570 347 851 580 9 0.0501 521 537 767 773
bT1ZnYAjnxIVdPqeiCNbStGlp1PsAyOB,11 0.0665 316 605 567 835 11 0.0657 183 598 440 832 0 0.0649 442 598 694 840 11 0.0639 444 664 698 900 0 0.0637 185 594 438 840 7 0.0626 190 595 443 836 11 0.0625 241 667 504 907 7 0.0623 316 660 572 905 8 0.0622 318 606 560 839 0 0.0620 318 605 564 841 0 0.0619 377 713 626 967 8 0.0617 189 595 432 836 5 0.0613 243 662 499 910 8 0.0613 381 660 626 903 7 0.0607 388 775 631 1018 0 0.0607 512 674 754 916 10 0.0605 380 666 631 903 3 0.0605 325 603 567 844 11 0.0602 378 719 626 959 5 0.0601 376 658 629 901 3 0.0596 383 658 633 907 0 0.0594 245 716 505 965 8 0.0591 250 663 497 911 8 0.0587 442 598 686 837 5 0.0586 440 596 690 835 10 0.0583 445 604 693 837 10 0.0582 320 606 565 839 5 0.0582 318 602 565 838 3 0.0577 448 597 690 840 13 0.0575 383 661 636 905 5 0.0574 183 590 438 834 7 0.0573 445 598 694 840 3 0.0573 188 597 441 841 13 0.0573 323 605 572 840 6 0.0572 323 605 568 840 3 0.0569 248 664 504 915 6 0.0568 189 597 440 837 11 0.0568 569 662 815 915 13 0.0566 318 719 571 968 5 0.0564 383 771 625 1016 10 0.0563 188 536 436 765 8 0.0558 515 673 750 911 13 0.0554 391 777 635 1022 6 0.0552 384 660 635 902 8 0.0551 389 773 622 1019 6 0.0544 248 663 505 911 10 0.0544 383 778 627 1019 6 0.0543 444 603 697 836 5 0.0543 509 673 750 912 13 0.0542 194 531 443 767 2 0.0539 321 608 565 840 13 0.0538 446 600 698 840 10 0.0537 310 724 566 965 2 0.0535 381 664 632 902 13 0.0527 515 674 758 914 3 0.0526 388 775 630 1023 9 0.0521 310 662 566 903 2 0.0521 313 724 567 966 1 0.0517 377 710 627 965 7 0.0517 516 670 756 912 12 0.0516 383 660 633 907 1 0.0515 317 599 566 840 1 0.0512 244 660 501 912 9 0.0511 255 602 500 840 3 0.0509 513 673 752 916 2 0.0508 244 668 502 911 12 0.0508 322 605 567 843 10 0.0504 512 681 753 911
mO1dHKuuImJo02i1EULappmPCwWEanZb,13 0.0633 258 0 519 205 13 0.0617 249 146 518 381 8 0.0615 259 0 507 200 11 0.0612 249 79 515 321 11 0.0611 363 150 632 384 0 0.0608 366 148 629 389 6 0.0606 258 74 513 323 3 0.0604 256 2 514 209 7 0.0603 309 210 579 446 11 0.0601 302 214 575 446 8 0.0600 325 79 563 319 13 0.0600 310 215 578 449 3 0.0594 375 148 632 393 8 0.0593 311 216 564 446 8 0.0589 255 144 503 379 11 0.0588 253 2 516 205 6 0.0583 256 0 516 201 5 0.0579 357 203 625 446 13 0.0577 324 77 576 322 10 0.0576 307 217 572 450 5 0.0576 249 0 509 199 8 0.0572 369 148 624 388 13 0.0570 371 150 635 386 7 0.0569 325 78 575 320 0 0.0568 435 219 691 448 6 0.0567 390 77 641 316 3 0.0566 314 214 574 456 11 0.0565 643 664 896 883 11 0.0553 763 400 1023 642 6 0.0553 308 276 573 516 13 0.0551 385 0 636 202 3 0.0550 261 80 515 329 0 0.0548 258 0 512 203 7 0.0542 255 0 516 204 0 0.0539 560 341 832 581 11 0.0538 433 213 690 445 0 0.0538 248 140 510 381 2 0.0537 256 1 513 204 6 0.0536 384 0 638 200 3 0.0536 384 1 633 207 6 0.0535 366 212 629 449 10 0.0535 370 154 633 386 10 0.0532 321 83 574 322 0 0.0531 765 394 1023 644 8 0.0530 766 393 1017 643 11 0.0529 377 3 637 203 13 0.0526 769 399 1023 649 5 0.0525 299 133 569 371 7 0.0523 442 212 694 447 8 0.0520 384 400 631 651 0 0.0520 500 280 767 504 7 0.0519 252 144 518 382 7 0.0517 385 0 638 204 5 0.0516 376 70 633 314 7 0.0515 765 395 1023 644 10 0.0515 248 151 513 384 6 0.0513 770 395 1023 643 0 0.0512 381 0 636 204 8 0.0511 384 0 626 201 1 0.0510 304 263 567 515 10 0.0510 255 4 515 202 11 0.0509 376 398 635 652 13 0.0509 241 288 502 515 5 0.0509 758 392 1020 641 9 0.0506 362 209 626 444 8 0.0503 644 659 889 885 11 0.0502 559 339 834 578 10 0.0501 382 6 632 201 0 0.0501 449 78 701 320
EXG1ZcPRcju7o9pDuuMFDxZtRJlbbeKl,11 0.0590 317 331 569 571 7 0.0585 320 329 573 573 0 0.0561 317 330 576 575 8 0.0552 319 332 566 570 5 0.0537 311 325 566 568 2 0.0535 320 335 573 573 8 0.0524 7 610 250 830 11 0.0515 102 351 369 574 6 0.0507 320 334 575 570 13 0.0505 321 333 579 574 10 0.0505 314 335 572 570 7 0.0502 8 609 261 829
jX2oIcVFudd0j9ehlRVit1SZ8jd55PPz,11 0.0677 639 463 892 699 5 0.0659 628 387 884 635 5 0.0651 564 324 823 570 3 0.0649 636 395 885 645 0 0.0636 571 387 824 629 0 0.0629 454 391 710 640 5 0.0628 501 262 756 505 8 0.0628 574 385 825 627 3 0.0627 573 328 825 579 11 0.0627 572 389 827 626 7 0.0624 462 327 708 579 8 0.0622 640 462 888 701 3 0.0622 510 266 759 516 8 0.0612 456 324 699 581 8 0.0608 393 268 631 510 6 0.0607 576 388 829 627 8 0.0607 386 145 628 366 0 0.0605 506 267 759 507 0 0.0600 634 532 891 768 0 0.0597 437 516 702 767 13 0.0591 573 390 832 628 7 0.0590 574 387 824 631 7 0.0590 396 268 640 509 5 0.0588 389 263 637 509 5 0.0586 370 0 636 193 10 0.0584 456 328 708 577 11 0.0583 435 519 707 763 10 0.0581 392 275 644 511 6 0.0577 512 269 765 505 11 0.0577 289 353 652 533 11 0.0576 504 270 761 505 5 0.0575 245 259 504 481 5 0.0570 634 525 890 766 10 0.0568 640 469 892 699 0 0.0567 394 268 637 512 10 0.0565 378 4 642 196 10 0.0563 246 16 520 242 13 0.0563 462 327 711 577 2 0.0562 459 396 709 639 6 0.0560 299 352 655 536 11 0.0559 699 531 960 739 2 0.0559 633 399 887 635 6 0.0558 445 516 711 765 13 0.0558 443 454 708 705 8 0.0557 441 449 696 706 6 0.0556 645 464 897 697 3 0.0551 642 531 894 776 5 0.0549 381 84 632 308 5 0.0546 178 345 441 566 5 0.0545 434 448 698 702 10 0.0544 387 152 638 366 2 0.0544 508 274 757 507 13 0.0543 642 466 899 701 3 0.0542 398 270 638 518 3 0.0542 445 452 701 709 13 0.0542 248 12 524 244 6 0.0540 258 266 506 485 7 0.0540 384 0 643 198 7 0.0540 446 451 704 706 8 0.0539 514 149 759 382 9 0.0538 390 271 638 505 10 0.0538 572 391 828 625 10 0.0536 438 522 706 769 6 0.0535 460 39 709 259 0 0.0534 582 152 834 381 6 0.0534 261 136 514 368 8 0.0533 313 18 568 247 11 0.0530 451 35 704 262 8 0.0530 253 267 496 488 13 0.0530 382 3 649 192 7 0.0528 638 462 891 703 5 0.0528 321 194 570 413 10 0.0528 321 89 577 301 12 0.0527 462 327 707 579 6 0.0526 382 2 644 196 8 0.0526 368 526 628 762
x2Bvq9VfWUf8LtcE4Nh3MXxy4nfGJWhF,8 0.0609 304 333 573 578 11 0.0606 497 340 773 578 5 0.0585 369 332 645 574 8 0.0583 253 265 492 500 13 0.0581 447 331 715 576 0 0.0569 444 328 706 581 8 0.0567 506 277 768 514 6 0.0567 504 340 775 582 8 0.0564 320 216 576 446 7 0.0563 508 273 777 515 3 0.0563 444 273 710 522 6 0.0561 385 337 653 578 11 0.0559 493 661 769 899 10 0.0553 504 279 775 510 11 0.0553 441 274 709 513 11 0.0553 375 337 647 574 8 0.0552 443 332 702 578 5 0.0551 496 332 769 579 7 0.0550 239 326 507 577 5 0.0546 307 263 577 508 0 0.0544 499 659 770 901 7 0.0543 391 264 649 503 0 0.0542 560 343 824 587 5 0.0540 294 399 568 650 3 0.0540 316 272 586 515 2 0.0537 443 335 709 576 3 0.0533 382 339 649 583 11 0.0533 565 281 832 508 0 0.0533 318 269 584 511 11 0.0531 498 468 771 706 13 0.0529 376 409 646 648 10 0.0526 560 347 827 583 7 0.0526 372 408 644 654 13 0.0523 394 266 649 503 8 0.0522 176 316 421 559 8 0.0521 319 100 569 332 10 0.0521 443 334 711 577 6 0.0519 570 277 835 513 8 0.0519 557 346 821 584 8 0.0518 637 429 877 648 8 0.0516 124 521 355 756 11 0.0516 388 211 652 441 8 0.0514 500 658 762 900 10 0.0513 305 339 582 577 10 0.0512 390 269 647 504 13 0.0511 312 337 588 575 11 0.0511 310 155 581 388 8 0.0509 232 396 497 650 7 0.0508 505 398 772 648 11 0.0506 230 335 506 577 7 0.0506 451 599 719 843 2 0.0505 501 407 768 644 9 0.0504 438 329 708 573 5 0.0502 227 325 504 574 6 0.0501 385 475 650 718 5 0.0501 497 462 765 709 0 0.0500 563 469 825 706 13 0.0500 562 343 832 587
toDWLSTb3T8WRW5tDGXhHC7OpvewwnaL,8 0.0567 371 326 618 564 5 0.0563 301 195 568 436 6 0.0553 411 415 767 607 5 0.0542 366 322 622 563 11 0.0537 368 329 628 566 7 0.0533 331 417 699 602 6 0.0531 440 198 706 434 5 0.0529 432 192 697 432 0 0.0525 569 319 824 565 3 0.0524 373 327 628 572 8 0.0523 438 197 691 436 11 0.0523 569 325 829 558 0 0.0521 437 199 704 438 0 0.0521 405 417 756 605 2 0.0520 372 332 624 565 0 0.0517 371 327 624 566 5 0.0515 323 478 686 664 6 0.0508 374 328 629 566 13 0.0507 377 331 630 568 3 0.0502 416 415 762 609
4ps2lvLPKfMhEQ9f7oNPffoU6tYEP91T,5 0.0600 353 790 617 1015 0 0.0571 356 796 620 1021 11 0.0554 356 795 618 1014 7 0.0551 297 792 564 1014 5 0.0537 245 333 494 564 10 0.0530 3 54 244 277 11 0.0530 311 399 575 638 8 0.0529 361 795 614 1016 5 0.0525 0 44 242 275 11 0.0521 0 55 246 277 10 0.0521 291 794 557 1010 5 0.0514 311 393 569 640 8 0.0514 7 44 235 273 6 0.0512 297 793 561 1009 7 0.0510 7 45 248 280 13 0.0509 300 793 564 1016 3 0.0509 6 48 244 284 0 0.0507 317 331 576 563 3 0.0506 365 795 617 1022 0 0.0505 5 48 244 280 6 0.0501 11 49 247 277 6 0.0501 322 334 582 564
OXOn0M3QvNFEELlb6qNVn2j8LF2m7Sje,11 0.0632 629 593 893 829 0 0.0627 631 594 891 835 5 0.0587 629 592 885 834 6 0.0582 631 595 895 829 8 0.0580 631 593 885 832 7 0.0579 636 592 892 835 0 0.0578 4 674 347 856 10 0.0570 6 676 352 852 8 0.0549 2 672 338 855 10 0.0547 631 598 887 835 5 0.0546 6 669 340 855 11 0.0527 0 675 353 854 13 0.0525 632 593 899 835 13 0.0518 13 672 355 856 3 0.0517 635 593 890 838 2 0.0509 635 598 892 833 7 0.0508 14 673 354 855
gLlrdAs9R6Oiom0yOAcQJJqhRFkwQSw8,0 0.0704 200 670 565 850 7 0.0673 135 674 503 853 0 0.0666 247 704 497 960 5 0.0665 184 704 430 957 7 0.0654 316 647 574 903 8 0.0654 202 672 556 846 7 0.0651 187 709 437 959 11 0.0638 198 672 565 846 5 0.0633 310 701 558 954 10 0.0631 127 678 496 853 11 0.0615 183 708 435 954 6 0.0615 248 708 501 958 8 0.0612 249 704 494 956 3 0.0610 135 676 501 856 11 0.0602 311 706 561 952 2 0.0593 198 675 562 850 5 0.0592 244 596 501 833 10 0.0589 184 713 435 956 3 0.0584 190 707 436 962 6 0.0580 201 674 566 848 13 0.0577 188 707 438 957 2 0.0575 248 708 497 957 10 0.0572 312 653 570 901 3 0.0569 318 651 572 907 13 0.0568 204 671 566 847 13 0.0562 315 703 566 957 1 0.0555 245 701 494 959 1 0.0542 199 670 561 849 9 0.0538 199 672 562 845 12 0.0519 188 705 435 958 11 0.0518 446 336 691 568 4 0.0512 201 671 567 848 9 0.0507 244 707 495 954 5 0.0502 445 328 688 572
CMq0OiqgTY7w4cz4Cf5NwD53UVWieZTW,11 0.0603 501 421 777 646 7 0.0555 506 414 777 651 13 0.0550 504 419 784 649 3 0.0535 508 419 775 660 6 0.0532 504 420 780 655 0 0.0528 501 420 770 655 10 0.0517 499 420 774 652 8 0.0511 500 420 768 651
mJw3YdEZ8qW05feg7TcBUfU7ygVkkeg9,0 0.0688 317 258 569 510 0 0.0662 313 140 567 376 5 0.0656 181 373 435 616 13 0.0637 320 384 575 629 8 0.0636 254 322 499 559 5 0.0633 366 136 621 379 5 0.0633 239 451 501 679 5 0.0632 315 256 564 504 8 0.0632 318 385 565 631 5 0.0629 248 318 499 559 3 0.0629 391 389 632 636 5 0.0628 378 331 635 564 0 0.0627 318 386 572 632 5 0.0621 308 381 568 626 8 0.0621 324 208 562 447 11 0.0620 315 386 573 626 11 0.0619 319 261 569 505 8 0.0619 243 456 498 683 13 0.0613 256 323 508 563 5 0.0612 181 249 428 500 13 0.0612 248 457 510 684 6 0.0611 250 387 507 621 0 0.0610 246 457 506 682 6 0.0609 319 329 578 568 7 0.0608 260 261 505 504 0 0.0607 185 255 432 505 11 0.0606 251 323 504 560 7 0.0605 317 139 567 379 3 0.0605 320 327 575 573 0 0.0605 385 337 639 573 6 0.0602 369 83 631 321 3 0.0601 399 258 639 508 5 0.0600 375 10 629 258 8 0.0600 187 254 424 502 3 0.0599 376 137 626 385 5 0.0598 252 202 500 444 5 0.0598 438 264 690 500 5 0.0596 238 600 497 824 10 0.0593 317 262 570 509 13 0.0593 322 261 571 507 7 0.0593 320 328 578 570 3 0.0593 315 447 568 692 13 0.0589 375 139 628 381 11 0.0589 383 335 637 566 0 0.0589 304 527 560 765 11 0.0587 368 85 627 321 5 0.0586 435 399 706 638 6 0.0586 259 205 505 444 7 0.0585 189 318 437 561 8 0.0585 389 333 632 570 2 0.0584 247 459 504 684 2 0.0583 306 527 561 762 11 0.0582 243 456 507 681 11 0.0582 186 255 431 502 11 0.0581 118 327 376 569 7 0.0580 249 386 508 622 3 0.0580 457 340 704 581 13 0.0577 389 334 640 567 6 0.0577 189 450 447 687 9 0.0577 370 142 626 375 3 0.0576 325 204 568 450 2 0.0576 255 325 502 562 11 0.0575 257 206 502 445 8 0.0575 380 12 627 261 8 0.0575 185 376 433 620 10 0.0575 252 325 505 561 10 0.0574 316 387 572 628 8 0.0574 374 140 620 381 6 0.0574 186 321 438 563 10 0.0572 181 456 441 684 6 0.0571 314 449 572 687 13 0.0570 190 377 444 623 3 0.0569 241 532 498 765 3 0.0567 248 386 506 626 10 0.0567 385 339 639 570 10 0.0566 379 455 629 683 7 0.0565 386 390 635 631 13 0.0565 262 205 508 446 13 0.0564 308 618 579 847 2 0.0564 385 218 627 451 0 0.0563 184 376 440 621 6 0.0561 394 260 643 502
6J0WJeJlbc6mqozCSgTPC6sqx1DSXvC6,5 0.0622 504 653 760 889 8 0.0614 575 533 808 764 7 0.0581 454 637 709 877 5 0.0573 510 531 740 758 11 0.0570 507 536 745 757 0 0.0559 452 639 708 873 8 0.0544 512 652 753 889 7 0.0544 561 584 831 821 0 0.0540 507 537 747 764 5 0.0535 374 325 616 570 0 0.0531 381 454 625 689 5 0.0523 239 442 498 695 8 0.0521 437 526 678 759 5 0.0521 555 580 826 818 0 0.0518 561 666 826 901 6 0.0514 577 538 824 761 11 0.0514 571 738 838 958 11 0.0513 452 643 709 869 7 0.0512 381 331 625 572 3 0.0511 446 292 695 534 3 0.0509 511 658 762 898 11 0.0506 628 469 884 698 11 0.0505 381 452 626 687 6 0.0504 450 638 714 867 7 0.0503 573 797 829 1019 7 0.0502 509 723 769 961 8 0.0501 384 448 618 687
PjZyRxUmBQGBntGw8n6UGsbPPslHXQRI,0 0.0605 190 360 438 589 8 0.0594 204 1 439 199 5 0.0581 186 0 442 196 11 0.0577 192 0 445 194 0 0.0572 194 0 448 204 11 0.0572 117 349 377 584 6 0.0571 194 362 440 583 0 0.0569 126 276 374 519 13 0.0568 200 0 453 200 11 0.0562 191 302 444 524 7 0.0561 200 0 447 196 8 0.0561 187 356 429 589 11 0.0552 437 487 703 715 13 0.0547 190 363 440 588 7 0.0545 504 411 764 654 0 0.0545 507 416 756 657 11 0.0544 179 79 434 315 11 0.0542 344 675 630 895 6 0.0541 371 481 630 719 11 0.0540 302 476 566 707 11 0.0538 287 796 553 1004 3 0.0537 375 426 633 666 13 0.0536 439 490 711 719 11 0.0535 502 415 759 651 5 0.0535 178 74 431 315 6 0.0534 197 0 454 199 2 0.0533 198 4 445 201 3 0.0531 203 0 446 201 8 0.0529 183 76 424 321 6 0.0529 513 415 765 651 5 0.0527 497 408 753 649 13 0.0524 305 470 567 712 5 0.0524 672 419 1018 609 10 0.0519 198 4 447 199 3 0.0519 188 360 434 593 11 0.0518 360 538 633 773 5 0.0518 179 355 431 580 7 0.0518 439 482 707 719 0 0.0514 185 78 432 322 7 0.0509 189 354 439 586 11 0.0509 679 426 1023 610 6 0.0506 182 76 438 318 10 0.0506 187 365 437 583 8 0.0503 127 272 369 519 8 0.0501 309 472 555 713
JMUTcg6CsbzTRPWxwgc6DhEHi1maJLEi,11 0.0638 309 728 577 958 5 0.0628 363 775 620 1007 0 0.0597 330 813 695 992 7 0.0597 329 811 703 991 8 0.0592 372 775 617 1005 13 0.0585 331 816 702 989 3 0.0582 373 775 624 1012 11 0.0560 385 679 744 863 3 0.0560 329 661 584 899 6 0.0544 313 726 579 952 8 0.0540 388 213 651 440 10 0.0539 309 732 576 954 5 0.0538 313 214 586 445 11 0.0532 394 213 654 438 0 0.0531 1 34 241 275 10 0.0524 392 681 744 861 11 0.0523 77 681 315 913 0 0.0518 387 680 741 865 11 0.0518 508 217 753 450 8 0.0515 389 681 734 863 0 0.0510 75 684 314 921 0 0.0510 506 218 752 453 7 0.0504 395 213 661 441 3 0.0503 396 679 743 867 2 0.0502 334 815 699 989 7 0.0502 392 679 746 866
pBB0azOsVZM7MunrrVSeOS4tiOSisWag,11 0.0519 237 357 499 573 5 0.0508 762 469 1012 709 6 0.0502 245 352 499 579
WxlLDbV2nKY1K45lvCYgGTWJ05svi721,8 0.0663 368 139 629 376 5 0.0583 237 142 497 389 0 0.0580 365 137 637 373 8 0.0575 247 145 494 393 11 0.0569 358 140 639 373 6 0.0550 368 137 640 370 13 0.0548 301 145 563 381 3 0.0547 368 139 638 381 3 0.0539 250 146 497 396 7 0.0536 367 139 637 378 11 0.0536 237 147 500 391 5 0.0534 354 133 634 372 8 0.0525 445 207 685 441 0 0.0521 244 144 502 391 11 0.0510 312 802 570 1022 2 0.0508 247 148 502 395 11 0.0504 423 40 706 229
HxJypKxhSe59cIGA5Sgj0dGUQ2CUWFTz,11 0.0567 8 802 241 1019 0 0.0560 6 802 242 1023 8 0.0551 14 796 236 1021 11 0.0547 503 743 750 957 7 0.0522 509 741 751 958 5 0.0515 225 786 473 1004 11 0.0511 567 677 816 880 11 0.0506 163 741 435 958 7 0.0505 233 794 479 1010 0 0.0503 101 742 361 973 8 0.0502 102 738 354 972 7 0.0502 576 671 816 883 7 0.0502 12 796 245 1020
plAVQ2tYfFXIsIo479tBAOqA2bPqYSie,8 0.0618 380 195 633 434 5 0.0597 381 189 633 435 11 0.0591 314 141 569 387 11 0.0568 383 197 641 437 7 0.0562 388 198 645 437 3 0.0553 584 1 835 210 11 0.0547 573 2 833 203 6 0.0545 387 200 643 437 7 0.0542 581 0 838 201 0 0.0528 321 142 564 387 13 0.0528 387 200 647 436 8 0.0524 579 1 825 201 5 0.0520 238 704 497 945 2 0.0516 386 203 639 436 6 0.0515 323 145 569 389 0 0.0513 391 199 637 438 7 0.0512 321 139 573 387 13 0.0511 581 2 844 203 8 0.0509 315 145 558 385 10 0.0503 387 202 642 438 6 0.0502 248 707 502 951
HfBJd2GA7tc47TCidEgtgtwCdQC1d009,11 0.0541 256 190 517 417 0 0.0535 651 98 1023 288 5 0.0523 259 185 511 418 8 0.0508 178 196 433 426 11 0.0505 186 272 451 500 5 0.0503 646 93 1020 279 11 0.0502 630 83 899 315
I2FxrUIhYzrIbuzwq1pNx1RhyM5Oli54,8 0.0588 169 263 419 489 11 0.0575 319 451 571 685 11 0.0566 165 266 430 483 8 0.0562 125 335 378 576 0 0.0558 127 337 384 576 0 0.0557 316 452 572 690 11 0.0555 192 377 448 622 11 0.0554 387 393 641 629 5 0.0546 223 412 587 597 11 0.0542 253 526 523 772 0 0.0542 172 268 428 491 6 0.0538 265 324 523 556 6 0.0537 177 263 433 488 11 0.0534 171 805 427 1021 7 0.0530 326 388 582 625 2 0.0530 189 329 442 565 7 0.0530 454 339 701 579 7 0.0527 172 262 434 485 11 0.0523 254 322 523 555 0 0.0519 387 395 643 634 3 0.0519 168 270 430 493 13 0.0519 202 378 455 630 5 0.0517 164 262 426 484 13 0.0512 383 2 638 201 8 0.0511 234 416 580 601 8 0.0511 257 532 511 778 7 0.0510 124 336 388 572 5 0.0510 119 333 382 571 0 0.0505 253 528 519 778 7 0.0504 264 320 523 561 3 0.0502 128 340 386 580 13 0.0501 388 338 650 566
cGcDcDLTFPhwKuILWVk52KN8ZaNvMLQK,8 0.0616 116 0 370 201 11 0.0599 635 599 885 831 5 0.0575 634 592 883 833 7 0.0561 641 596 887 836 0 0.0560 237 6 505 263 8 0.0559 642 594 880 834 10 0.0558 637 600 883 836 11 0.0534 237 6 505 258 8 0.0533 366 720 619 956 13 0.0532 640 598 892 837 13 0.0529 122 1 388 203 0 0.0529 642 595 884 834 8 0.0516 244 4 491 259 6 0.0514 641 596 886 836 3 0.0512 643 596 886 840 0 0.0511 370 717 628 958 5 0.0502 363 716 626 957 11 0.0500 364 722 627 952
aOqsLhmKNXuJsGQrJrTwpeAs00SGiBWm,11 0.0548 244 400 509 641 5 0.0527 240 448 511 697 11 0.0522 180 467 444 712 7 0.0504 247 452 518 704
a22EA2nZqahDfMNRHfcsfxoZH2MayD02,5 0.0606 312 269 566 506 11 0.0593 439 602 703 822 5 0.0569 246 198 503 441 7 0.0562 390 267 646 510 6 0.0561 319 209 578 451 3 0.0555 390 264 641 513 8 0.0554 387 261 631 508 7 0.0548 318 209 578 448 0 0.0544 439 597 702 832 6 0.0539 393 263 647 506 0 0.0539 250 274 501 518 13 0.0536 392 264 650 509 0 0.0534 310 209 575 449 3 0.0533 449 598 702 835 11 0.0533 245 204 510 437 11 0.0532 313 277 573 507 6 0.0529 252 276 502 514 0 0.0521 385 266 641 510 7 0.0520 392 786 632 1023 0 0.0519 456 327 703 585 8 0.0518 251 275 491 514 11 0.0516 377 205 642 446 3 0.0516 315 211 573 453 11 0.0515 376 526 655 746 7 0.0514 254 276 502 515 11 0.0513 307 727 553 954 13 0.0513 373 595 642 826 8 0.0508 313 208 565 449 11 0.0507 456 329 706 577 3 0.0503 459 327 707 588 2 0.0503 390 274 642 509 0 0.0503 242 139 503 382
eE4vEl4DL09RM1HrESDJuJYGxaTUoVzx,8 0.0586 377 344 613 575 8 0.0572 628 472 861 706 7 0.0562 374 346 630 580 11 0.0560 304 348 562 567 13 0.0549 376 345 631 580 0 0.0544 304 345 563 576 8 0.0543 240 336 477 565 11 0.0539 376 292 640 515 11 0.0539 365 407 624 637 7 0.0538 442 582 718 837 8 0.0526 318 278 564 500 11 0.0525 622 538 867 785 5 0.0525 305 271 569 500 8 0.0523 311 407 553 629 6 0.0521 428 526 696 771 11 0.0520 432 591 712 834 7 0.0516 317 275 579 502 6 0.0513 629 534 871 786 0 0.0510 367 404 624 641 6 0.0509 377 343 627 580 0 0.0508 243 265 498 500 3 0.0506 376 343 622 584 0 0.0505 635 473 874 708 0 0.0504 380 287 638 515 3 0.0504 633 473 871 714 5 0.0502 360 341 620 576 13 0.0500 318 277 582 506
ESD19pihSnnVqc8DkD5JwDD4hC8kkeot,0 0.0593 505 2 762 200 11 0.0591 386 328 639 560 7 0.0588 324 319 569 564 11 0.0588 506 1 764 199 5 0.0577 446 134 720 375 0 0.0575 320 318 572 564 5 0.0571 315 317 565 561 11 0.0569 385 196 660 425 3 0.0566 510 1 764 205 5 0.0565 500 0 760 197 11 0.0563 307 260 568 496 7 0.0562 453 1 715 202 7 0.0561 384 247 646 492 8 0.0557 503 0 756 202 8 0.0555 453 321 688 565 6 0.0554 322 323 574 562 3 0.0551 391 326 635 570 7 0.0550 458 323 701 567 0 0.0549 572 386 829 630 11 0.0547 517 389 766 624 8 0.0546 322 318 564 565 9 0.0546 504 1 764 195 6 0.0543 510 1 767 198 5 0.0543 623 391 891 631 8 0.0542 518 385 758 629 0 0.0542 380 248 646 495 6 0.0538 382 250 651 491 13 0.0534 510 0 769 199 11 0.0534 633 19 880 250 0 0.0533 631 472 896 702 0 0.0533 508 87 759 319 13 0.0531 576 382 834 626 0 0.0529 514 331 759 569 3 0.0528 523 386 765 632 8 0.0527 637 463 889 699 11 0.0525 623 400 898 626 3 0.0523 312 261 566 506 6 0.0521 576 382 834 628 7 0.0520 577 380 834 629 6 0.0520 457 143 730 376 10 0.0520 505 4 763 202 8 0.0519 512 85 750 317 3 0.0518 582 322 832 563 2 0.0518 504 4 766 198 8 0.0516 462 189 713 428 3 0.0513 520 254 773 497 13 0.0512 322 322 576 566 11 0.0510 509 87 761 315 8 0.0510 382 250 635 493 11 0.0508 575 328 835 554 11 0.0506 378 76 638 309 5 0.0505 507 250 768 488 6 0.0503 640 15 883 249 2 0.0502 451 257 703 494 3 0.0502 389 194 657 433 3 0.0501 515 86 759 324 7 0.0501 522 252 777 492
FNc07kVelH2ViJIVFMOXrS7R8MX13yru,11 0.0602 259 339 512 565 11 0.0583 311 728 581 955 0 0.0581 313 721 579 962 11 0.0578 332 402 579 630 0 0.0566 436 599 681 829 7 0.0566 318 722 584 959 11 0.0560 252 456 498 691 11 0.0558 378 605 627 832 11 0.0550 432 522 686 741 7 0.0549 319 145 573 375 0 0.0548 322 462 559 698 0 0.0547 312 144 572 380 8 0.0542 336 399 571 635 0 0.0542 265 526 506 758 11 0.0541 261 220 517 465 3 0.0537 318 207 572 449 6 0.0537 318 725 585 959 7 0.0536 329 327 584 562 7 0.0533 325 460 564 695 11 0.0532 313 532 558 761 5 0.0529 253 269 518 509 8 0.0527 377 534 619 771 11 0.0525 192 278 445 520 5 0.0523 310 721 574 958 13 0.0522 271 340 520 568 7 0.0520 447 441 694 678 5 0.0519 306 197 576 439 7 0.0519 205 338 457 570 3 0.0519 318 723 583 965 10 0.0518 316 728 581 958 8 0.0517 443 205 689 431 8 0.0516 312 206 568 441 3 0.0515 266 276 515 522 6 0.0515 314 147 577 375 8 0.0512 441 440 682 679 8 0.0512 439 600 669 824 5 0.0510 153 398 502 601 8 0.0509 266 337 507 567 6 0.0507 269 220 522 465 0 0.0505 262 216 514 468 13 0.0504 341 407 583 635 11 0.0504 312 150 577 374 7 0.0501 444 205 707 436 7 0.0500 266 524 510 753
TAo7g6G6eE3Xb8MDe9WLzKHWiSCF2LZp,5 0.0709 236 778 493 1020 8 0.0686 239 779 495 1023 5 0.0683 363 776 620 1020 13 0.0642 370 782 628 1022 11 0.0640 309 721 579 953 8 0.0636 370 778 614 1022 13 0.0626 237 784 503 1022 6 0.0614 308 784 568 1022 7 0.0611 372 780 625 1023 10 0.0609 233 785 497 1022 0 0.0597 370 656 634 899 0 0.0597 387 264 645 507 5 0.0596 362 651 635 895 2 0.0595 244 788 500 1023 11 0.0592 238 781 499 1017 0 0.0578 238 782 500 1023 5 0.0576 446 274 703 504 6 0.0571 372 717 632 958 5 0.0571 307 320 573 574 9 0.0569 301 785 565 1020 7 0.0568 371 658 639 898 2 0.0568 371 787 624 1021 7 0.0562 390 264 650 507 11 0.0560 447 338 710 572 3 0.0558 372 719 632 966 0 0.0557 320 459 573 714 5 0.0550 380 385 637 652 8 0.0550 450 273 702 507 11 0.0549 312 330 581 570 7 0.0548 242 779 500 1019 6 0.0547 389 265 650 506 3 0.0546 453 334 708 580 11 0.0546 382 267 648 505 0 0.0544 511 267 748 507 8 0.0543 367 657 629 895 0 0.0542 315 325 578 575 0 0.0541 368 781 621 1023 6 0.0541 171 787 429 1016 13 0.0540 457 276 715 505 13 0.0539 368 658 643 898 11 0.0536 385 395 643 650 5 0.0535 379 203 651 433 10 0.0535 309 722 578 955 7 0.0533 456 335 710 576 9 0.0533 364 718 635 953 0 0.0531 386 393 641 655 6 0.0530 452 335 709 576 0 0.0530 449 338 704 575 2 0.0528 455 281 708 506 0 0.0527 322 190 578 424 13 0.0526 319 326 585 580 11 0.0525 321 463 577 705 6 0.0522 239 727 505 955 5 0.0520 317 453 565 712 6 0.0518 393 390 645 652 3 0.0517 305 784 568 1023 11 0.0515 509 266 756 502 6 0.0512 323 326 584 576 7 0.0511 319 327 581 573 8 0.0507 388 391 632 655 4 0.0507 304 785 571 1023 1 0.0507 235 777 496 1023 6 0.0506 325 196 584 421 3 0.0504 515 264 753 515 12 0.0503 307 780 565 1023 3 0.0503 391 394 645 659 2 0.0503 366 663 638 899 5 0.0501 511 202 757 438 5 0.0500 573 266 810 504
7fvoh1O71G45ldLC63JfARCidv6Om1Ya,8 0.0638 510 403 754 644 7 0.0631 516 404 763 644 0 0.0624 575 550 819 785 8 0.0600 456 325 707 569 0 0.0597 454 327 707 571 5 0.0589 507 338 750 574 11 0.0586 499 544 759 777 11 0.0586 453 396 704 634 5 0.0578 500 538 759 778 5 0.0576 759 396 1021 622 3 0.0562 513 342 752 584 8 0.0559 574 548 812 781 6 0.0557 506 545 763 779 11 0.0557 458 259 719 490 0 0.0556 508 406 760 648 7 0.0554 464 324 711 566 7 0.0546 508 543 762 782 11 0.0545 691 494 950 743 6 0.0544 718 435 967 668 6 0.0544 514 405 763 646 10 0.0543 511 407 764 648 2 0.0532 513 410 762 647 13 0.0526 516 407 763 646 0 0.0526 699 499 942 751 6 0.0523 461 328 717 570 13 0.0519 462 257 721 491 2 0.0514 459 334 711 570 3 0.0513 507 546 759 784 10 0.0507 461 329 711 568 13 0.0506 579 552 822 782
I0P7x92N8a3OqXQELMuAwzpVUkN68ik2,11 0.0568 303 790 552 1018 0 0.0548 314 719 566 952 11 0.0535 372 729 627 958 5 0.0520 309 717 561 948 11 0.0518 253 725 513 932 5 0.0512 375 610 636 846 0 0.0512 170 273 437 518 7 0.0512 374 783 623 1023
hjp0cDKxw5zcmhxr6x4HIqkjrIAT2kfo,5 0.0536 226 338 494 566 11 0.0524 502 13 754 244 5 0.0512 291 205 564 440 13 0.0506 507 11 761 246
QXm1DLvCENdbJi8Nkrp9HV8aGkglniSE,11 0.0585 307 599 573 831 6 0.0581 316 662 576 887 5 0.0575 233 655 503 893 0 0.0573 315 595 571 835 5 0.0572 177 260 441 491 11 0.0566 233 663 510 893 6 0.0565 248 590 517 830 7 0.0556 240 658 514 898 5 0.0556 245 520 503 763 0 0.0551 436 594 706 838 11 0.0548 433 594 706 832 0 0.0543 237 407 483 645 5 0.0533 308 591 567 832 5 0.0532 433 586 699 830 8 0.0528 248 595 503 833 0 0.0528 241 660 510 896 11 0.0527 361 670 631 891 7 0.0526 440 594 709 834 0 0.0521 255 525 503 766 0 0.0518 319 459 565 710 5 0.0518 230 399 483 641 11 0.0517 245 528 505 762 6 0.0517 383 602 642 832 3 0.0514 239 661 511 904 8 0.0512 391 461 630 705 0 0.0509 184 266 447 498 6 0.0507 313 533 577 766 8 0.0507 382 600 632 835 0 0.0506 367 668 631 898 0 0.0505 388 530 639 772 5 0.0505 311 456 562 705 7 0.0504 315 596 576 834 5 0.0503 576 282 827 500 0 0.0502 582 291 833 505 11 0.0502 178 268 452 489
UUQYdaOvJxSF4VxmPtNMu1zFQMDcLUFG,5 0.0592 435 282 698 511 8 0.0580 454 384 707 627 11 0.0577 440 290 703 509 0 0.0567 510 279 769 506 8 0.0559 441 287 693 512 7 0.0549 454 384 721 631 2 0.0548 441 292 701 511 11 0.0543 449 392 720 627 6 0.0540 445 286 702 511 5 0.0536 386 458 642 694 0 0.0536 450 388 714 628 13 0.0533 444 290 704 512 7 0.0532 443 286 706 516 5 0.0526 446 382 715 624 0 0.0524 392 462 641 701 2 0.0523 449 393 713 629 6 0.0523 395 394 649 628 13 0.0521 456 390 721 626 3 0.0520 445 286 701 517 11 0.0517 433 165 704 384 3 0.0517 461 389 719 632 5 0.0516 383 782 645 1023 9 0.0505 439 292 698 507 7 0.0500 395 459 648 696
vvQxQTNtOXUJIrjPLGrkwhbzstd0txGa,11 0.0642 246 667 500 895 7 0.0615 254 667 502 897 8 0.0614 325 596 563 825 11 0.0612 317 597 565 821 0 0.0596 252 663 499 898 0 0.0594 321 595 570 827 5 0.0589 248 662 496 894 5 0.0587 318 594 567 820 7 0.0577 325 594 571 824 8 0.0576 255 668 494 898 10 0.0573 188 589 429 817 5 0.0571 189 583 428 814 10 0.0567 320 599 567 822 10 0.0562 249 671 498 892 11 0.0559 189 584 431 815 6 0.0555 253 668 499 897 0 0.0551 196 586 430 820 6 0.0549 323 600 572 823 0 0.0545 638 513 881 758 5 0.0540 630 508 881 752 13 0.0530 254 665 506 896 3 0.0527 325 598 569 830 7 0.0526 194 585 433 816 3 0.0525 252 663 498 902 8 0.0525 191 588 424 816 2 0.0501 323 602 570 824
7Ph0a7lGvYP1zeKVUFp1NiNENo9tGnIZ,11 0.0610 593 531 842 779 6 0.0609 643 458 898 695 5 0.0601 636 452 888 694 11 0.0599 111 395 372 635 0 0.0588 703 456 951 699 5 0.0586 118 328 381 569 7 0.0586 207 434 457 699 5 0.0586 187 381 452 632 11 0.0575 636 458 894 694 0 0.0573 639 524 900 772 5 0.0573 184 265 457 500 6 0.0572 597 532 849 781 7 0.0568 200 327 451 568 8 0.0568 641 521 889 769 11 0.0564 196 330 455 567 7 0.0562 586 453 832 706 8 0.0557 111 392 358 640 5 0.0556 703 392 954 633 5 0.0552 248 575 501 822 7 0.0551 641 516 898 769 8 0.0550 706 454 941 701 8 0.0549 584 457 826 707 8 0.0549 250 582 495 828 2 0.0547 641 463 895 697 8 0.0545 521 417 877 604 0 0.0545 200 443 456 700 7 0.0537 201 138 467 362 3 0.0536 201 442 454 710 3 0.0536 640 457 893 703 10 0.0536 638 526 894 765 7 0.0536 705 450 949 699 6 0.0535 194 385 459 636 5 0.0535 590 525 838 780 11 0.0533 521 418 896 598 5 0.0529 519 414 882 600 11 0.0528 246 273 539 494 5 0.0528 195 138 460 364 6 0.0527 719 392 960 635 7 0.0525 122 390 373 637 0 0.0524 126 336 377 571 2 0.0524 595 536 845 783 0 0.0522 638 394 908 626 0 0.0518 582 458 834 707 8 0.0517 247 275 520 496 11 0.0516 198 444 459 697 6 0.0515 530 417 902 600 0 0.0515 253 581 505 833 11 0.0512 706 394 958 631 0 0.0511 192 269 457 504 3 0.0509 600 531 843 788 11 0.0508 124 270 397 503 10 0.0507 192 391 455 632 13 0.0504 598 531 846 783 11 0.0502 196 207 470 428 9 0.0501 701 459 946 691
8J6hdI6xDqn2kKxbpJXkTK5roNuoI1ou,6 0.0567 441 279 696 520 7 0.0566 384 280 644 511 11 0.0556 377 283 639 510 10 0.0552 373 221 643 459 8 0.0543 440 281 685 514 5 0.0539 375 275 636 509 11 0.0538 371 152 633 397 13 0.0537 332 458 598 713 5 0.0532 364 784 623 1014 0 0.0530 435 284 689 517 11 0.0530 333 415 694 599 3 0.0530 342 414 696 603 5 0.0530 438 340 697 579 7 0.0529 505 146 770 397 3 0.0527 384 281 639 513 5 0.0527 376 661 636 884 0 0.0526 497 344 754 578 8 0.0525 377 214 634 453 5 0.0523 253 441 524 713 13 0.0523 516 14 772 261 7 0.0522 425 803 690 1023 6 0.0522 440 154 699 391 13 0.0520 385 281 646 510 0 0.0519 495 213 757 454 8 0.0517 513 14 757 260 7 0.0516 383 149 637 399 11 0.0515 512 15 766 258 7 0.0513 329 453 596 721 7 0.0510 450 348 705 581 11 0.0509 324 459 592 715 7 0.0508 387 671 642 886 7 0.0506 517 9 770 266 5 0.0505 495 145 760 391 9 0.0503 425 213 690 444 0 0.0503 326 453 590 721 10 0.0501 335 420 700 598
JXQOfzJMbHcvZBPAMUTQQD3zenB5qlwr,5 0.0559 452 133 710 375 11 0.0552 388 673 751 852 6 0.0548 348 158 701 339 8 0.0542 439 266 690 513 0 0.0541 403 612 765 797 7 0.0541 397 672 758 856 0 0.0540 126 0 377 236 11 0.0538 451 140 714 374 0 0.0538 338 158 697 340 8 0.0537 325 665 668 852 7 0.0531 446 268 701 512 11 0.0531 440 270 699 508 11 0.0530 56 5 316 215 5 0.0526 382 541 753 723 6 0.0519 506 405 756 644 7 0.0518 397 547 769 725 0 0.0518 441 271 700 514 5 0.0517 439 265 691 507 11 0.0517 510 205 768 444 0 0.0512 562 407 816 662 11 0.0508 566 647 815 881 8 0.0507 335 158 687 336 11 0.0505 504 794 761 1018 8 0.0505 499 401 740 642 13 0.0502 341 157 704 337 11 0.0501 384 548 763 722 7 0.0500 342 156 697 341
H5idc6tdSsVEG8fDoQAH5us3Vood0ph2,11 0.0669 248 662 503 901 8 0.0606 245 596 494 838 7 0.0603 252 659 506 905 0 0.0601 252 658 501 907 8 0.0585 378 595 625 843 11 0.0584 372 594 632 842 7 0.0578 380 593 635 845 10 0.0578 248 663 505 903 0 0.0573 432 600 688 846 7 0.0572 256 776 519 1011 6 0.0570 243 598 502 836 11 0.0568 256 782 515 1008 13 0.0566 254 659 511 907 5 0.0555 430 600 685 841 6 0.0552 434 599 693 847 5 0.0548 248 655 499 903 8 0.0547 261 777 506 1011 10 0.0546 373 598 633 842 13 0.0538 434 605 697 844 0 0.0537 255 779 512 1014 3 0.0529 253 658 503 908 13 0.0523 262 782 519 1015 2 0.0516 432 603 691 844 5 0.0514 255 776 508 1009
HlS7rJg8663nbMaUSvCxupUZ3R3eAa7Y,0 0.0630 7 471 254 716 11 0.0604 72 537 311 778 8 0.0598 12 464 246 712 11 0.0574 8 472 257 710 0 0.0565 72 540 311 787 8 0.0560 78 537 301 783 5 0.0549 4 466 245 709 6 0.0543 12 472 260 709 7 0.0541 11 470 256 714 13 0.0534 9 470 260 713 3 0.0534 79 536 311 787 6 0.0533 386 513 635 760 0 0.0533 383 511 631 765 13 0.0532 441 655 705 908 8 0.0528 382 515 625 764 6 0.0523 75 538 314 783 3 0.0520 14 467 255 715 11 0.0520 498 658 763 888 10 0.0520 11 474 253 713 8 0.0519 506 656 752 891 11 0.0519 381 88 644 330 0 0.0516 382 85 636 335 11 0.0513 380 513 629 760 2 0.0513 11 475 259 715 7 0.0513 508 655 767 894 5 0.0511 501 649 756 890 11 0.0509 640 491 884 724 11 0.0508 128 435 391 661 0 0.0508 124 435 392 674 5 0.0508 377 506 624 758 7 0.0508 386 515 634 764 8 0.0506 129 426 374 667 7 0.0504 129 430 397 666
hHRaGg3EP0rPNu5yfrxfmcJVJ8rpKxLH,7 0.0625 310 607 571 838 0 0.0613 306 607 568 837 11 0.0605 373 608 636 829 8 0.0602 310 610 563 837 11 0.0600 304 672 561 901 3 0.0588 314 672 559 911 6 0.0578 314 610 571 834 10 0.0563 310 675 559 904 8 0.0562 306 718 547 955 13 0.0559 385 606 641 830 0 0.0559 377 669 632 905 5 0.0556 304 603 565 831 13 0.0549 318 669 568 903 0 0.0549 178 522 430 760 5 0.0541 375 664 630 900 5 0.0539 175 519 429 755 7 0.0538 307 720 555 959 7 0.0537 383 671 638 904 11 0.0533 178 532 435 753 8 0.0532 175 528 424 757 11 0.0532 253 90 518 323 0 0.0532 249 89 514 325 8 0.0530 381 669 626 902 0 0.0526 301 714 554 958 11 0.0524 193 11 452 246 11 0.0523 307 788 554 1014 3 0.0518 380 606 634 838 7 0.0513 184 526 436 760 6 0.0510 309 720 554 955 2 0.0506 313 615 569 841 6 0.0505 383 671 632 900 13 0.0505 201 69 459 317 8 0.0504 254 149 500 388 13 0.0503 254 154 517 394 1 0.0503 308 605 570 837 13 0.0502 322 786 566 1015 7 0.0502 204 8 455 244
RugL44ZGx8iQrh6rTcrr3kBIcuXuMCoK,5 0.0575 304 455 570 698 8 0.0572 440 464 697 719 0 0.0550 378 472 643 714 8 0.0548 369 408 621 644 11 0.0544 304 464 574 697 7 0.0532 384 466 649 718 5 0.0531 365 516 639 767 13 0.0530 450 468 714 719 0 0.0525 394 11 648 278 7 0.0525 310 403 576 642 13 0.0523 400 11 653 272 6 0.0520 402 11 653 271 11 0.0512 391 14 646 271 6 0.0509 373 411 633 644 10 0.0509 367 415 631 643 0 0.0508 299 532 583 772 0 0.0504 299 404 571 646 6 0.0504 372 525 646 772 11 0.0504 443 473 708 720 13 0.0500 310 459 578 700
VtDHzcRyv1OYcp67z6kXqB2hNCs0N7Iz,0 0.0562 186 213 436 451 0 0.0552 239 270 498 521 11 0.0547 431 523 688 764 13 0.0531 140 217 398 448 3 0.0531 238 340 496 595 8 0.0522 142 211 382 448 7 0.0516 239 332 500 588 13 0.0514 242 335 505 589 7 0.0513 445 519 693 768 11 0.0511 432 722 703 956 8 0.0510 437 519 680 768 5 0.0510 240 193 509 444 11 0.0506 187 216 444 448 0 0.0503 232 135 501 372 8 0.0501 243 268 490 521
OUs2kKRvR9krrx1OYZ0UJwOA1ORf6Uch,8 0.0669 437 789 677 1023 7 0.0662 442 735 693 963 5 0.0660 430 787 679 1020 0 0.0658 437 669 687 898 11 0.0639 372 738 636 958 0 0.0615 434 791 683 1023 5 0.0605 433 665 686 892 0 0.0597 0 0 243 218 7 0.0596 314 742 568 967 8 0.0579 4 0 233 215 10 0.0578 369 671 625 884 3 0.0576 437 792 684 1023 8 0.0575 436 670 683 893 6 0.0569 374 671 631 885 11 0.0558 436 683 819 861 7 0.0557 371 669 627 892 2 0.0553 436 795 686 1023 6 0.0551 439 795 684 1021 13 0.0549 318 744 569 968 13 0.0549 440 793 689 1023 10 0.0546 434 793 681 1023 5 0.0545 876 196 1022 578 3 0.0543 440 671 685 898 13 0.0537 374 670 630 890 0 0.0534 320 468 588 709 13 0.0526 328 474 596 705 9 0.0524 436 794 685 1020 11 0.0519 781 402 1023 641 7 0.0518 882 203 1023 583 5 0.0517 0 0 239 216 0 0.0513 710 478 968 735 6 0.0510 450 685 819 860 11 0.0510 0 3 241 217 7 0.0508 324 472 592 710 10 0.0506 446 684 813 861 2 0.0502 437 675 688 892 12 0.0501 438 788 682 1023
vG8LuAJsCMgRIJdBlSLGcGVKXNNsQGdy,11 0.0644 688 410 924 640 11 0.0611 243 266 501 499 6 0.0599 256 263 499 505 11 0.0589 296 600 575 833 5 0.0578 251 195 497 433 11 0.0573 253 400 499 634 7 0.0571 256 194 501 436 8 0.0569 253 196 492 437 7 0.0568 305 599 580 837 5 0.0567 372 660 639 898 8 0.0561 304 600 567 837 6 0.0556 260 136 512 367 0 0.0555 254 200 500 433 11 0.0552 252 137 515 363 8 0.0549 691 408 921 641 6 0.0547 694 408 930 640 13 0.0541 303 599 585 838 11 0.0537 367 666 640 895 3 0.0536 254 199 501 441 5 0.0536 252 394 497 634 8 0.0533 319 25 572 261 5 0.0531 244 3 497 243 11 0.0530 315 26 585 259 3 0.0525 386 13 641 260 6 0.0524 322 23 586 261 3 0.0521 259 403 497 644 0 0.0521 299 594 577 840 6 0.0520 307 600 577 835 8 0.0519 375 663 632 900 5 0.0519 685 404 920 639 7 0.0517 262 397 503 636 0 0.0517 373 662 643 902 5 0.0517 297 597 574 834 3 0.0515 692 406 924 648 8 0.0514 182 271 431 515 0 0.0513 252 63 504 294 10 0.0512 254 203 502 433 6 0.0510 259 398 502 638 5 0.0509 173 273 431 510 3 0.0508 303 535 572 779 13 0.0508 193 214 451 452 6 0.0505 378 662 643 896 11 0.0505 183 14 446 250 0 0.0500 209 285 585 474
5CLDL55AQlUzgodmrwtq4LQVnz5930xw,11 0.0642 131 677 498 856 0 0.0641 133 675 499 860 8 0.0633 135 675 488 857 7 0.0631 136 674 503 856 5 0.0617 126 674 491 855 11 0.0586 447 391 696 621 10 0.0584 128 679 496 854 7 0.0576 266 384 518 631 6 0.0564 135 677 501 856 7 0.0561 453 390 700 621 3 0.0549 136 676 496 862 0 0.0548 445 393 693 624 13 0.0543 141 676 508 859 13 0.0533 450 391 701 621 7 0.0526 458 273 714 488 8 0.0522 449 392 687 621 0 0.0522 266 387 519 632 5 0.0511 265 384 515 627 8 0.0509 451 272 695 490 11 0.0509 261 389 512 630 8 0.0507 263 387 503 630
NWZ5TFLuWye2ovc3dXfUZg0GUkSYPgLt,11 0.0587 428 468 701 704 8 0.0565 437 599 705 832 11 0.0560 373 402 639 634 6 0.0559 468 485 824 662 5 0.0557 454 481 806 662 8 0.0556 519 1 883 149 8 0.0554 432 467 694 706 13 0.0553 436 470 713 706 0 0.0552 432 465 701 707 11 0.0552 428 600 714 828 5 0.0551 370 396 634 634 11 0.0545 513 3 900 151 5 0.0543 454 0 818 148 7 0.0540 437 466 704 704 0 0.0538 458 0 828 151 13 0.0536 523 1 911 154 0 0.0533 377 402 637 638 0 0.0530 436 596 714 831 6 0.0525 521 2 905 153 3 0.0524 436 468 704 710 8 0.0524 374 403 633 638 0 0.0522 622 463 896 701 6 0.0520 380 401 644 637 6 0.0519 437 539 715 772 11 0.0517 561 329 822 566 11 0.0517 320 586 582 829 7 0.0517 527 0 904 151 6 0.0516 569 325 830 568 3 0.0515 379 404 638 643 11 0.0514 614 462 899 702 2 0.0512 430 469 705 701 5 0.0510 616 456 894 700 7 0.0510 437 598 719 834 5 0.0505 368 592 657 834 13 0.0503 436 600 724 833 3 0.0501 459 2 823 154 13 0.0500 377 407 647 642
FNXfoUMoRfA2nZEcD1L9o5Z5NM4N16yt,0 0.0605 329 662 691 850 8 0.0605 312 395 558 634 0 0.0602 432 521 693 763 7 0.0600 387 335 644 573 8 0.0598 383 340 632 571 5 0.0585 380 331 638 572 8 0.0576 500 385 742 629 0 0.0573 382 338 642 576 11 0.0573 429 527 695 757 8 0.0572 337 665 682 848 0 0.0571 498 392 754 633 11 0.0569 380 337 638 568 7 0.0568 438 523 701 762 11 0.0568 306 394 566 635 0 0.0564 313 393 566 637 3 0.0561 389 338 639 578 10 0.0555 312 397 563 634 5 0.0554 306 388 563 634 8 0.0547 493 517 746 759 7 0.0545 313 391 568 633 11 0.0545 326 668 693 848 8 0.0540 196 354 431 578 5 0.0536 329 663 684 845 8 0.0535 315 274 565 497 6 0.0532 335 664 693 850 3 0.0531 315 395 567 639 10 0.0531 382 342 642 571 5 0.0526 489 515 748 757 0 0.0522 199 353 436 581 13 0.0522 334 664 702 849 6 0.0521 314 397 569 634 7 0.0517 335 664 697 850 3 0.0513 338 665 691 854 7 0.0511 501 389 755 630 11 0.0509 243 797 497 1022 13 0.0501 382 339 650 571 5 0.0501 493 388 745 629
burVYyA5Zmln0QWSsRQ7GusqtUcasK1s,11 0.0663 576 591 820 829 11 0.0658 641 528 889 768 0 0.0652 253 140 524 367 0 0.0643 635 594 886 843 0 0.0639 189 208 444 446 11 0.0639 303 715 570 950 11 0.0636 319 133 591 362 8 0.0634 317 130 581 362 8 0.0628 574 591 815 835 11 0.0623 571 459 822 695 7 0.0620 193 211 447 443 11 0.0615 444 602 693 842 5 0.0614 240 655 498 889 5 0.0612 507 583 751 834 5 0.0612 361 650 627 897 7 0.0612 433 654 695 901 0 0.0607 584 524 827 779 6 0.0607 639 595 889 841 5 0.0603 181 211 438 444 6 0.0598 193 215 448 443 7 0.0597 577 590 822 833 13 0.0596 257 141 534 368 6 0.0590 246 658 505 889 11 0.0590 184 216 450 442 5 0.0588 580 519 821 777 6 0.0588 336 347 597 590 13 0.0587 577 591 827 833 0 0.0585 442 602 695 847 2 0.0585 577 593 823 832 5 0.0583 244 138 519 367 11 0.0582 331 350 590 587 6 0.0580 588 523 827 777 0 0.0579 367 655 631 903 5 0.0578 626 393 890 638 3 0.0576 326 126 589 364 8 0.0576 442 598 689 845 10 0.0574 637 527 882 774 3 0.0572 577 590 822 838 8 0.0571 308 709 567 955 3 0.0570 249 662 505 899 11 0.0570 176 707 449 935 10 0.0564 443 604 692 844 5 0.0564 629 589 884 841 10 0.0563 366 660 630 900 13 0.0562 192 214 451 443 10 0.0560 570 593 817 838 0 0.0559 244 657 500 895 7 0.0558 338 346 594 587 6 0.0558 261 147 534 368 0 0.0558 564 392 821 631 11 0.0553 630 400 898 634 11 0.0552 239 796 502 1022 9 0.0551 573 588 823 829 5 0.0550 768 410 1021 640 6 0.0550 704 482 946 716 6 0.0550 388 595 638 836 11 0.0549 660 367 1006 545 2 0.0548 322 137 585 363 7 0.0547 247 662 506 894 11 0.0546 374 533 631 766 0 0.0545 444 459 699 704 11 0.0545 772 414 1023 634 3 0.0544 645 526 888 779 10 0.0544 244 662 498 888 8 0.0544 644 526 879 772 10 0.0544 185 223 441 443 13 0.0544 377 713 641 959 6 0.0543 516 590 756 837 13 0.0541 316 68 596 294 3 0.0541 330 347 590 596 5 0.0539 235 787 501 1019 3 0.0539 449 600 696 850 0 0.0538 775 417 1023 639 8 0.0537 188 210 436 443 13 0.0535 645 526 899 775 11 0.0532 445 460 700 703 7 0.0532 643 523 894 772 7 0.0531 576 454 827 695 5 0.0531 435 391 699 637 13 0.0529 576 459 832 694 7 0.0528 258 144 525 367 7 0.0528 245 793 509 1023 6 0.0528 562 394 828 625 3 0.0527 192 210 443 449 13 0.0527 386 595 638 836 0 0.0527 373 529 628 770
gY6YP0NgN2JbSkfIvHQWk0XSPwleILrE,0 0.0672 310 329 563 584 8 0.0660 244 404 491 642 7 0.0655 247 337 502 581 6 0.0641 308 398 564 642 5 0.0637 237 449 492 697 11 0.0636 306 336 564 581 11 0.0628 239 406 496 639 8 0.0628 193 338 436 575 0 0.0626 245 403 497 643 11 0.0618 186 342 442 573 11 0.0617 379 453 627 706 8 0.0615 311 331 559 584 13 0.0610 243 456 502 699 6 0.0609 240 456 498 698 7 0.0609 308 396 562 645 7 0.0607 313 264 566 515 0 0.0607 255 520 506 760 11 0.0606 380 589 634 826 8 0.0605 253 523 501 760 7 0.0604 184 401 438 639 11 0.0602 312 520 566 768 10 0.0599 306 337 561 579 11 0.0598 304 205 568 449 3 0.0594 247 338 500 582 5 0.0594 242 330 498 578 13 0.0590 194 337 449 575 5 0.0589 307 261 562 510 10 0.0588 239 460 494 696 7 0.0587 318 515 569 773 0 0.0583 306 202 571 452 3 0.0582 182 404 434 642 13 0.0581 192 537 450 767 0 0.0581 382 450 628 708 6 0.0581 316 268 565 510 3 0.0580 312 399 558 648 13 0.0580 384 451 635 705 8 0.0578 384 452 621 710 5 0.0576 184 532 436 763 0 0.0576 385 260 634 517 6 0.0573 316 516 569 767 7 0.0573 250 201 501 446 2 0.0572 243 457 494 699 5 0.0572 308 514 564 766 2 0.0572 190 540 444 766 6 0.0568 245 338 502 577 9 0.0566 309 334 566 576 3 0.0564 319 518 565 775 3 0.0564 313 266 561 517 7 0.0559 378 190 637 451 7 0.0559 383 449 630 709 13 0.0559 317 519 574 769 11 0.0555 378 262 637 512 10 0.0555 190 343 440 575 3 0.0554 386 450 626 714 2 0.0552 195 343 438 575 11 0.0551 183 540 440 762 5 0.0550 367 186 626 443 0 0.0550 320 581 576 829 5 0.0549 376 448 625 704 6 0.0548 381 453 633 705 7 0.0548 388 584 637 831 10 0.0548 305 209 567 450 6 0.0547 191 537 440 766 11 0.0544 374 129 640 372 13 0.0543 253 594 513 829 11 0.0542 244 598 507 823 8 0.0541 308 204 561 450 5 0.0541 241 196 493 443 9 0.0536 245 405 497 638 3 0.0536 248 203 496 448 4 0.0535 244 409 498 643 3 0.0535 377 195 633 454 0 0.0534 183 603 441 827 13 0.0533 388 586 642 831 2 0.0532 317 524 564 772 2 0.0531 317 271 560 515 8 0.0530 383 261 627 515 10 0.0530 314 523 567 768 7 0.0529 254 595 508 827 3 0.0528 192 541 442 770 13 0.0527 384 263 641 514 5 0.0527 244 590 500 823 6 0.0526 381 194 636 444 9 0.0522 303 201 567 444 6 0.0521 250 203 499 441 10 0.0519 321 653 575 888 0 0.0519 381 131 640 377 13 0.0519 311 203 575 451 8 0.0517 324 579 568 830 6 0.0517 384 588 638 826 2 0.0516 250 596 504 830
isPPS1RJfDvT07QHIOiQI3KnvyivSwyU,8 0.0586 560 609 831 831 7 0.0566 500 607 776 847 5 0.0565 0 204 244 465 11 0.0564 0 215 254 460 11 0.0558 493 615 769 844 6 0.0554 3 216 255 468 0 0.0549 4 216 252 466 7 0.0536 8 213 251 469 0 0.0533 498 610 776 850 5 0.0531 494 607 767 845 6 0.0507 500 611 779 846
j8JonSLm15zQ57u1bFNPbjBrXM1gUt0W,11 0.0567 254 708 523 946 5 0.0551 367 655 639 899 7 0.0535 314 657 577 897 8 0.0516 375 663 632 905 13 0.0515 265 706 529 949 6 0.0513 375 663 640 902 0 0.0509 310 656 579 895 11 0.0504 319 783 573 1007
NZv5ZytoK6M7ivDXoT9H12CgKbXDUukA,11 0.0642 494 725 753 961 5 0.0626 492 719 749 960 11 0.0618 361 657 631 888 8 0.0613 496 721 750 960 0 0.0612 364 652 629 890 7 0.0594 500 724 757 962 8 0.0590 310 654 564 896 5 0.0585 304 651 567 896 3 0.0585 497 725 754 965 11 0.0584 318 395 570 629 0 0.0581 496 723 752 963 10 0.0579 365 657 630 888 7 0.0579 368 654 632 887 13 0.0573 500 723 758 964 13 0.0572 369 655 636 890 10 0.0564 495 723 754 961 3 0.0560 370 654 632 893 6 0.0560 498 723 756 963 11 0.0554 243 330 501 567 8 0.0547 182 336 423 573 6 0.0529 366 653 634 889 2 0.0525 498 724 752 960 8 0.0524 243 271 493 509 8 0.0522 250 393 491 632 9 0.0519 492 722 753 958 0 0.0514 182 338 431 573 5 0.0511 184 269 447 508 3 0.0506 251 325 501 573 12 0.0505 495 720 756 962 12 0.0505 365 650 628 890 7 0.0502 249 320 505 570
WuuLtYJJ9KHLZJdoUz68652bMNjERGjn,5 0.0573 241 390 502 619 8 0.0572 313 388 569 614 11 0.0570 313 393 580 613 8 0.0569 321 523 570 760 0 0.0566 602 734 895 975 5 0.0559 605 732 892 969 11 0.0558 603 734 898 966 0 0.0556 321 525 579 763 8 0.0550 601 733 887 971 7 0.0546 316 384 587 615 13 0.0543 322 393 592 613 5 0.0539 295 320 568 546 11 0.0537 376 459 633 676 3 0.0537 315 390 582 619 11 0.0533 237 329 506 554 11 0.0533 322 524 577 759 7 0.0532 322 522 584 758 5 0.0532 321 522 575 757 7 0.0529 379 456 640 675 13 0.0527 609 737 904 970 6 0.0526 609 737 903 971 11 0.0525 696 611 945 833 13 0.0524 704 609 954 838 3 0.0520 379 461 635 683 7 0.0513 609 737 902 970 8 0.0510 242 328 495 558 3 0.0508 323 529 582 767 0 0.0507 247 397 506 626 6 0.0505 306 328 571 550 13 0.0505 325 528 583 760 13 0.0503 250 330 507 559 0 0.0503 377 461 635 679
YDQ87gP2JbJxP48xyVXD80qrZ9YWEN0p,0 0.0503 503 404 748 639
Ta3cZrxknP5us2NRF33PEfHDfElhYp6J,11 0.0644 287 799 550 1020 7 0.0615 293 796 554 1023 8 0.0600 298 797 543 1023 11 0.0588 349 732 630 954 13 0.0578 301 799 554 1023 5 0.0570 231 795 478 1019 0 0.0567 293 797 547 1023 0 0.0557 247 261 504 500 11 0.0543 249 266 509 495 5 0.0539 569 142 825 373 0 0.0531 181 191 432 424 11 0.0528 237 460 499 694 6 0.0526 239 800 488 1023 3 0.0526 295 800 551 1023 0 0.0526 356 726 631 962 11 0.0522 570 151 829 374 8 0.0521 251 258 499 497 0 0.0520 244 455 497 696 0 0.0518 562 214 812 438 10 0.0517 245 462 498 691 5 0.0516 179 260 433 493 11 0.0515 71 358 463 529 5 0.0512 240 452 497 688 5 0.0510 349 791 615 1015 6 0.0509 256 265 513 497 8 0.0507 360 728 620 958 0 0.0506 78 357 458 535 7 0.0505 358 726 635 957 8 0.0500 575 143 819 374
DpYurSqolPDoVmZpg3kTrgpZ6jPjK00Z,11 0.0557 310 524 570 755 8 0.0555 263 520 502 756 5 0.0549 181 509 440 760 11 0.0522 183 519 441 755
N28giXrmV1E1g78IRTGyOkhexYHXFGyT,7 0.0561 428 782 693 1012 0 0.0547 424 786 691 1015 8 0.0539 429 785 681 1010 11 0.0532 461 603 822 781 0 0.0526 504 526 764 761 13 0.0525 412 419 777 600 5 0.0525 417 783 684 1008 13 0.0522 511 466 762 696 11 0.0513 396 600 650 838 8 0.0512 451 589 696 828 5 0.0509 498 461 751 694 11 0.0509 454 344 712 570 11 0.0507 421 788 688 1004 8 0.0507 449 463 698 704 8 0.0506 400 415 756 601 11 0.0505 447 466 712 698 7 0.0502 456 591 710 831
GDL7jtpfIvbUCiU7fcvc29XyX2wxYWCU,0 0.0593 301 712 564 967 11 0.0584 300 600 562 838 11 0.0578 309 786 560 1021 11 0.0569 429 716 694 946 0 0.0566 307 596 565 843 7 0.0558 237 785 496 1019 8 0.0557 299 718 557 966 8 0.0553 306 600 558 843 7 0.0545 308 595 570 840 0 0.0540 435 709 693 954 5 0.0540 297 709 559 964 7 0.0531 305 715 567 967 0 0.0531 133 741 491 915 0 0.0527 371 5 638 252 13 0.0524 381 774 625 1015 7 0.0523 441 707 699 952 6 0.0523 304 719 564 965 8 0.0522 499 718 758 958 6 0.0520 310 598 564 840 11 0.0516 369 2 637 245 10 0.0516 297 721 564 965 3 0.0512 380 0 637 254 5 0.0512 301 593 561 838 3 0.0506 307 599 564 845 5 0.0504 366 0 631 246 13 0.0503 241 787 500 1020 5 0.0502 307 196 568 438
MB4AChwa9X58PoBtwSiQUyuGYNRQ6YTZ,0 0.0616 705 725 940 979 5 0.0614 247 198 502 433 0 0.0603 574 733 814 976 8 0.0600 254 273 500 501 11 0.0594 248 275 506 499 0 0.0590 251 202 506 438 11 0.0589 703 801 941 1019 11 0.0586 639 726 875 961 5 0.0585 379 125 650 358 0 0.0583 630 612 888 835 8 0.0579 574 733 804 971 7 0.0569 255 271 507 502 6 0.0567 252 203 509 435 3 0.0563 254 276 503 510 11 0.0560 310 482 565 701 8 0.0558 394 198 658 430 10 0.0556 247 279 503 502 0 0.0553 320 129 577 369 7 0.0552 577 735 818 974 5 0.0552 564 139 832 379 13 0.0550 323 134 584 369 11 0.0548 395 201 667 427 3 0.0543 575 147 837 391 5 0.0543 447 57 710 276 8 0.0542 320 135 566 365 11 0.0542 233 797 495 1013 3 0.0540 250 461 498 713 7 0.0539 705 799 943 1023 0 0.0539 399 201 664 432 6 0.0538 323 133 583 363 8 0.0538 564 590 808 820 5 0.0537 171 783 435 1017 11 0.0536 564 669 815 904 5 0.0535 237 455 499 699 7 0.0533 182 787 442 1023 5 0.0533 443 781 686 1007 7 0.0532 453 781 695 1012 3 0.0531 577 737 815 980 11 0.0531 246 144 504 371 13 0.0529 256 276 507 507 7 0.0529 398 200 669 434 3 0.0528 448 143 710 372 6 0.0527 400 199 668 429 8 0.0526 700 798 932 1023 6 0.0524 181 787 445 1020 5 0.0523 558 662 813 907 8 0.0522 759 0 1001 204 11 0.0520 767 737 1006 962 13 0.0518 387 56 665 283 11 0.0518 572 146 836 377 7 0.0516 254 140 512 373 6 0.0514 567 664 822 905 13 0.0511 185 789 447 1023 2 0.0510 388 137 649 366 13 0.0508 399 198 672 428 5 0.0508 311 535 564 769 13 0.0505 760 0 1017 207 0 0.0505 389 59 645 284 10 0.0505 393 203 667 431 11 0.0503 754 1 1010 203 13 0.0503 634 614 899 834 6 0.0502 642 726 880 960 10 0.0501 316 485 562 708 0 0.0501 180 716 434 949 10 0.0501 564 670 815 907 6 0.0500 248 464 504 707
CZA1SpcM6rQmEtua1X2vRwNrNkMkQqFy,5 0.0652 313 255 571 490 11 0.0647 275 421 636 599 8 0.0631 277 421 633 602 7 0.0630 382 272 631 502 7 0.0628 331 196 581 431 6 0.0626 281 423 643 601 11 0.0626 583 526 832 772 8 0.0626 586 526 829 773 0 0.0622 380 270 630 506 11 0.0617 377 271 629 498 5 0.0610 389 200 633 432 8 0.0610 382 271 622 503 5 0.0609 269 418 634 603 8 0.0601 492 150 731 385 3 0.0599 316 264 577 496 13 0.0598 279 423 642 603 6 0.0598 383 271 631 500 5 0.0597 584 525 833 773 7 0.0597 283 422 638 603 3 0.0594 592 529 835 779 7 0.0591 588 528 834 773 5 0.0591 316 131 576 373 8 0.0590 325 137 575 376 0 0.0589 325 134 581 379 0 0.0588 584 454 839 699 11 0.0588 687 525 950 756 6 0.0588 331 197 578 431 0 0.0586 567 330 830 550 0 0.0586 491 153 739 386 11 0.0586 326 197 579 431 10 0.0584 271 423 639 602 13 0.0584 317 262 579 492 10 0.0583 585 457 835 698 3 0.0579 277 423 639 605 0 0.0578 273 421 638 603 13 0.0578 588 527 838 773 2 0.0575 395 210 634 436 5 0.0574 486 145 738 384 11 0.0574 496 108 756 337 2 0.0572 587 533 835 772 3 0.0566 398 207 637 442 3 0.0564 497 156 739 392 11 0.0564 499 213 752 430 2 0.0559 445 101 703 317 10 0.0558 378 273 627 501 2 0.0557 276 424 637 600 2 0.0557 324 141 582 378 13 0.0553 326 140 584 378 9 0.0553 380 271 629 497 6 0.0552 505 218 752 428 6 0.0551 593 456 838 698 5 0.0551 691 520 942 759 0 0.0549 693 525 947 762 7 0.0545 494 147 739 387 3 0.0543 328 136 583 384 10 0.0536 326 203 577 428 2 0.0535 317 264 572 491 6 0.0531 499 109 762 331 9 0.0531 275 420 637 600 10 0.0528 494 153 735 386 13 0.0528 396 208 638 436 11 0.0525 568 331 833 547 1 0.0516 580 521 831 775 12 0.0514 588 455 837 703 0 0.0514 567 206 813 434 9 0.0508 584 453 839 696 8 0.0507 692 525 937 758 9 0.0507 328 197 578 426 12 0.0506 279 419 639 602 8 0.0503 571 328 824 545 12 0.0501 383 270 632 499
z5Llq1mrjwDOdzkTUiKLSz5C4R8smHhb,8 0.0649 314 1 572 197 8 0.0629 270 96 629 283 11 0.0624 270 95 632 283 5 0.0621 311 0 572 200 3 0.0616 317 1 575 204 7 0.0609 318 0 578 200 11 0.0605 312 2 572 199 13 0.0591 382 0 647 189 2 0.0591 316 6 573 199 5 0.0590 266 91 632 283 10 0.0588 270 97 636 283 0 0.0587 311 1 578 200 6 0.0585 316 2 578 201 10 0.0580 312 3 576 200 7 0.0562 274 93 641 284 0 0.0559 270 96 640 285 11 0.0556 502 69 747 298 5 0.0555 272 286 632 474 11 0.0554 641 538 888 767 3 0.0547 278 95 640 288 6 0.0544 276 96 641 286 9 0.0543 314 0 578 195 8 0.0539 506 67 741 299 0 0.0535 507 70 746 301 13 0.0534 277 96 644 284 1 0.0530 310 0 573 201 5 0.0530 502 60 744 299 12 0.0523 276 27 630 221 11 0.0521 261 226 630 411 8 0.0521 270 227 617 413 13 0.0519 271 225 641 416 2 0.0518 273 98 635 283 4 0.0516 384 4 648 192 6 0.0511 646 541 889 768 0 0.0510 569 266 840 505 7 0.0505 274 225 637 415 6 0.0501 274 224 635 416
UsU1GTDY50RuBZLo0Fgoulhne9c0Oe0m,11 0.0509 240 792 490 1005
V4bXz6SpBsS1t5GN2sMFMBNt8hurfpIV,7 0.0548 439 349 690 575 11 0.0545 313 269 574 499 6 0.0537 439 350 686 574 11 0.0533 418 418 676 638 8 0.0519 421 415 669 638 11 0.0519 293 794 550 1020 0 0.0517 435 351 682 575 8 0.0514 317 269 565 501 3 0.0513 437 353 684 581 5 0.0511 431 341 677 572 6 0.0509 319 269 575 502 7 0.0501 321 264 578 502
5OiNNdTXCudAzk0q2TGcLaDKBFva48q8,8 0.0608 236 783 485 1023 7 0.0591 382 790 624 1022 10 0.0579 311 791 559 1023 5 0.0575 301 786 558 1020 11 0.0572 376 793 617 1021 3 0.0567 379 788 618 1023 11 0.0563 18 687 359 858 10 0.0562 106 605 365 843 0 0.0556 309 784 560 1023 8 0.0542 376 785 612 1023 5 0.0541 102 596 359 836 8 0.0536 126 683 474 861 11 0.0534 451 327 703 572 0 0.0533 11 683 355 865 13 0.0530 176 670 439 901 6 0.0528 316 789 563 1022 3 0.0523 261 665 494 905 7 0.0518 240 789 498 1021 13 0.0517 318 731 576 974 5 0.0515 244 721 501 958 10 0.0514 43 3 305 195 11 0.0514 255 666 502 898 11 0.0505 236 787 488 1016 6 0.0503 133 684 486 861
C1AVBEdYtwWrWNO6MYqc7C5J2thH1DvI,14 1.0 0 0 1 1
6rqj7ni33KBDGGo8cC7qRIoEkZOudB3Z,7 0.0628 310 661 576 899 11 0.0624 303 663 572 896 0 0.0619 252 654 510 899 5 0.0613 187 653 444 899 7 0.0598 192 652 450 897 10 0.0594 245 660 509 891 3 0.0587 251 657 511 899 11 0.0580 189 656 449 896 8 0.0576 191 652 439 899 6 0.0572 309 666 577 899 5 0.0569 300 662 681 841 8 0.0567 310 660 565 895 0 0.0566 368 654 632 894 13 0.0556 313 659 581 897 3 0.0545 312 664 692 851 6 0.0534 193 657 450 897 10 0.0515 366 657 630 888 0 0.0514 259 264 526 504 11 0.0514 253 269 525 498 13 0.0500 196 656 456 899
HB4EjCtd888HtRFsdVbvgj4qh90AFmI3,11 0.0619 323 268 579 500 11 0.0608 368 335 633 572 5 0.0604 262 395 497 632 5 0.0601 273 480 636 662 7 0.0587 347 480 701 658 8 0.0585 498 28 758 252 0 0.0568 336 482 697 660 11 0.0567 322 402 564 635 3 0.0560 386 265 637 509 8 0.0555 382 202 629 436 8 0.0554 345 481 684 655 0 0.0549 323 265 579 503 5 0.0541 375 255 635 504 2 0.0538 324 403 563 638 11 0.0537 378 206 640 437 3 0.0535 437 399 691 638 6 0.0535 325 398 566 638 8 0.0531 332 266 569 501 7 0.0528 264 456 495 708 6 0.0528 373 332 634 573 0 0.0527 395 539 767 717 7 0.0526 373 331 636 573 6 0.0526 436 397 692 630 7 0.0523 327 260 585 499 3 0.0522 326 400 563 640 10 0.0521 438 145 707 379 11 0.0519 246 203 508 432 13 0.0518 325 208 592 435 5 0.0517 187 449 424 699 11 0.0517 431 403 691 628 10 0.0516 433 402 693 631 5 0.0514 438 140 702 374 7 0.0513 510 92 772 319 13 0.0512 462 605 842 788 11 0.0506 445 72 714 297 10 0.0506 379 270 637 503 13 0.0506 438 401 696 635 5 0.0506 250 514 496 761 13 0.0502 508 156 781 383
k38etvGCMhd8K7pWeBnYHBpm0aJ2fQ8C,0 0.0605 507 346 755 587 11 0.0589 370 335 622 562 0 0.0559 373 332 623 566 3 0.0558 379 335 625 571 11 0.0554 236 391 498 627 8 0.0552 445 346 681 574 7 0.0544 447 340 694 573 0 0.0542 490 810 752 1023 6 0.0539 449 341 693 574 11 0.0538 501 346 755 581 6 0.0532 242 387 500 627 5 0.0524 503 339 749 583 11 0.0521 306 453 571 695 7 0.0518 245 382 499 628 11 0.0517 432 803 687 1020 13 0.0511 243 389 507 634 5 0.0510 367 328 619 565 5 0.0510 237 382 496 624 3 0.0510 511 345 755 592 13 0.0509 377 335 631 568 8 0.0504 240 388 491 630 5 0.0503 433 795 684 1017 7 0.0501 492 804 756 1023
xHXsTbArBUJi5cDd4SiB402D0jFeGA23,11 0.0638 327 393 572 640 0 0.0626 332 393 571 641 5 0.0620 370 272 630 509 8 0.0606 331 391 570 640 8 0.0602 376 278 628 514 11 0.0602 315 592 566 828 5 0.0587 502 334 754 592 7 0.0580 328 390 576 638 8 0.0580 763 5 1006 245 3 0.0580 331 393 575 642 5 0.0579 322 387 569 636 5 0.0574 755 4 1010 247 3 0.0570 374 216 627 445 0 0.0569 176 141 437 369 0 0.0567 322 587 564 830 13 0.0567 761 8 1020 249 0 0.0567 505 416 760 649 11 0.0564 376 281 634 513 7 0.0562 379 278 635 513 8 0.0562 316 588 558 829 0 0.0559 759 8 1014 248 5 0.0559 313 586 561 826 5 0.0556 135 333 387 575 5 0.0554 510 189 766 440 6 0.0551 322 592 570 827 5 0.0550 490 472 746 714 7 0.0548 320 590 572 831 0 0.0547 376 282 635 517 8 0.0545 507 337 750 591 13 0.0544 330 392 578 641 5 0.0543 181 189 439 426 0 0.0541 509 201 766 443 6 0.0540 509 199 776 438 6 0.0539 332 392 576 639 11 0.0538 174 145 441 368 9 0.0530 324 395 570 630 8 0.0530 183 138 431 369 11 0.0526 306 210 569 433 2 0.0525 380 287 634 509 6 0.0524 377 280 643 513 8 0.0522 511 193 763 438 6 0.0518 766 10 1014 245 11 0.0518 757 12 1015 241 2 0.0515 512 202 772 437 11 0.0514 503 346 762 591 10 0.0513 687 28 934 249 3 0.0512 528 141 774 378 0 0.0511 698 83 941 309 13 0.0511 381 280 641 512 10 0.0509 508 343 761 591 5 0.0509 300 197 566 431 10 0.0508 331 401 575 635 0 0.0508 47 210 313 441 11 0.0507 505 193 774 439 11 0.0507 491 476 749 714 8 0.0506 497 472 740 712 7 0.0505 499 474 755 716 8 0.0502 311 207 558 437 1 0.0501 326 386 572 637 13 0.0501 322 592 574 829 0 0.0501 307 212 567 437 11 0.0501 362 682 644 896
5NKEfyHgQGQsnbU1uwVyO5JZFdCwBrYe,8 0.0657 374 264 633 506 0 0.0624 262 208 516 451 8 0.0624 326 330 562 576 7 0.0615 319 267 572 509 5 0.0611 321 327 568 575 5 0.0597 240 391 494 634 0 0.0595 188 333 430 572 11 0.0593 373 266 642 505 6 0.0591 364 145 628 375 6 0.0589 318 268 576 511 5 0.0587 184 321 430 565 8 0.0586 248 275 490 504 7 0.0585 376 204 630 435 8 0.0582 314 203 554 439 0 0.0577 374 205 632 439 3 0.0576 327 330 568 586 7 0.0574 252 396 500 638 10 0.0567 375 271 643 504 13 0.0566 455 390 712 632 8 0.0565 247 398 490 639 7 0.0564 451 257 702 500 5 0.0564 244 265 496 502 0 0.0563 323 396 571 645 3 0.0562 379 262 642 512 8 0.0560 372 610 628 833 7 0.0560 450 387 712 635 5 0.0559 306 201 563 437 5 0.0557 368 261 637 501 6 0.0555 325 396 576 643 8 0.0553 444 204 682 433 8 0.0551 447 386 700 638 11 0.0551 318 531 569 776 0 0.0550 378 533 635 771 13 0.0549 378 265 646 507 7 0.0548 320 458 572 708 11 0.0544 312 207 566 443 7 0.0544 370 611 640 837 5 0.0543 314 455 563 708 11 0.0542 319 396 572 641 0 0.0541 450 329 699 583 3 0.0539 319 202 565 448 8 0.0538 321 530 564 778 8 0.0538 188 329 423 569 5 0.0537 440 326 694 574 7 0.0537 190 330 435 570 5 0.0536 439 206 689 430 13 0.0536 329 331 574 580 10 0.0533 325 334 573 577 11 0.0531 111 596 375 842 2 0.0530 375 270 640 505 11 0.0526 364 614 635 835 9 0.0526 369 266 641 499 10 0.0524 444 214 693 432 11 0.0522 445 390 708 637 5 0.0518 364 604 628 834 5 0.0516 105 588 374 841 2 0.0516 450 334 696 583 13 0.0516 363 145 631 378 3 0.0515 456 330 699 588 10 0.0515 312 208 566 441 2 0.0514 248 402 496 637 0 0.0513 114 595 378 850 11 0.0511 445 208 695 433 1 0.0508 312 263 572 513 9 0.0506 319 331 569 571 3 0.0503 317 463 565 712 12 0.0503 316 265 574 513 8 0.0502 504 149 759 380 6 0.0502 449 210 693 430 5 0.0501 499 143 768 375 3 0.0500 453 208 690 439
zO79Ke7tjH5AUMBg9oHU8Zhpa9mOi2Xy,7 0.0590 504 781 748 1020 8 0.0588 376 721 621 951 11 0.0566 495 783 738 1016 11 0.0564 690 410 943 637 5 0.0563 493 779 735 1016 8 0.0555 501 780 733 1019 5 0.0546 687 403 937 638 5 0.0543 367 722 624 951 11 0.0543 324 599 576 816 7 0.0539 375 724 633 953 8 0.0532 695 409 935 639 0 0.0529 370 724 628 957 11 0.0529 367 727 630 951 11 0.0528 261 667 517 885 0 0.0521 499 785 739 1023 0 0.0515 324 595 577 821 11 0.0512 319 263 573 497 8 0.0512 262 728 499 965 5 0.0507 255 727 506 966 5 0.0505 104 657 359 885 10 0.0504 368 721 628 953 10 0.0500 496 785 744 1023
UM2PrYkjA8PL6hqELOU1bTKkfOxic0P2,8 0.0649 321 28 564 268 11 0.0643 318 78 579 308 5 0.0613 319 0 572 208 0 0.0602 316 73 575 312 7 0.0599 124 787 386 1021 11 0.0597 118 789 382 1018 0 0.0574 121 790 380 1023 13 0.0561 325 81 584 310 3 0.0558 386 23 628 266 6 0.0553 380 88 632 318 8 0.0550 122 787 376 1022 7 0.0548 384 82 635 318 10 0.0538 314 80 575 305 8 0.0537 450 26 690 273 2 0.0531 318 82 574 312 13 0.0529 126 792 389 1023 5 0.0525 119 786 377 1018 13 0.0524 454 29 707 273 9 0.0516 375 88 629 311 12 0.0515 318 77 578 312 6 0.0512 450 29 698 271 11 0.0510 114 666 371 892 3 0.0507 125 789 384 1023 6 0.0504 326 2 582 207
ymkZX4lRu5M1SsucijzDXSJ3u5bGInDv,0 0.0649 526 832 795 1023 8 0.0601 405 483 759 669 0 0.0598 1 0 245 216 11 0.0592 444 413 689 642 8 0.0585 480 817 734 1023 11 0.0573 492 684 768 900 8 0.0572 497 680 759 904 0 0.0567 447 414 688 644 11 0.0559 421 749 698 972 6 0.0558 448 415 693 643 7 0.0550 385 340 646 571 13 0.0548 443 345 697 571 7 0.0548 450 412 691 644 0 0.0546 499 683 764 907 5 0.0545 434 341 688 570 5 0.0541 471 815 732 1018 10 0.0537 428 752 695 973 13 0.0534 408 483 780 668 3 0.0533 500 684 763 908 10 0.0533 446 416 690 644 11 0.0532 577 413 828 635 11 0.0532 345 550 720 738 3 0.0531 514 412 760 643 8 0.0528 350 553 711 740 8 0.0525 383 340 633 566 0 0.0524 379 340 644 568 3 0.0522 384 404 629 644 5 0.0521 0 12 253 270 3 0.0521 482 822 741 1023 5 0.0518 502 409 756 635 7 0.0517 479 813 748 1023 8 0.0511 4 0 235 212 6 0.0509 479 825 743 1023 6 0.0509 2 2 248 214 8 0.0508 616 816 865 1023 6 0.0507 498 687 767 904 13 0.0507 480 820 746 1023 10 0.0504 497 688 767 902 3 0.0501 446 346 689 579
F8sbURKrRyOTpGmGK0cXtyFMmBvXoK6c,8 0.0593 348 545 700 735 11 0.0573 386 407 639 627 5 0.0560 339 604 717 791 11 0.0546 345 548 713 736 7 0.0534 387 466 627 701 8 0.0528 316 395 566 626 13 0.0521 385 466 631 697 13 0.0518 775 20 1023 263 0 0.0515 391 405 640 630 11 0.0512 316 343 580 563 0 0.0509 450 353 704 568 8 0.0509 386 338 626 565 11 0.0507 447 353 702 565 5 0.0506 314 335 577 563 0 0.0505 320 340 578 568 13 0.0501 13 148 266 390 8 0.0501 772 19 1014 264
9XBtcZ8qg6R8RgKyjpJQWgi2t3RZkmve,0 0.0554 447 522 696 761 11 0.0543 440 583 701 811 8 0.0540 433 657 686 887 7 0.0536 450 522 703 758 7 0.0532 496 741 766 965 8 0.0525 447 523 687 754 7 0.0519 435 658 700 892 6 0.0512 443 585 702 810 0 0.0509 489 745 763 970 3 0.0504 432 659 699 895 8 0.0504 496 743 758 962 0 0.0502 431 656 697 893
fqJtsUxL7qGpu1fcLqtyRJ3EukHpQelM,11 0.0594 638 260 898 517 11 0.0588 554 341 822 583 7 0.0580 565 272 825 508 8 0.0579 642 260 892 515 5 0.0572 637 257 893 514 5 0.0570 556 339 819 579 11 0.0569 505 538 759 770 11 0.0566 383 407 636 641 0 0.0563 247 262 511 506 7 0.0563 648 206 913 462 0 0.0558 310 330 571 564 0 0.0556 381 405 639 645 8 0.0554 556 340 815 584 0 0.0551 645 210 909 462 0 0.0548 565 274 820 507 11 0.0547 255 686 507 892 2 0.0544 568 277 823 510 2 0.0544 648 213 905 458 0 0.0542 506 536 753 774 11 0.0539 307 334 568 560 8 0.0538 562 141 819 371 0 0.0538 240 457 496 696 11 0.0538 566 207 819 438 6 0.0538 646 259 903 515 13 0.0537 568 210 829 440 3 0.0535 643 262 900 523 5 0.0533 563 201 816 435 11 0.0532 376 610 626 825 8 0.0528 312 331 560 559 11 0.0527 163 326 443 559 13 0.0527 511 535 758 776 3 0.0525 564 345 821 588 13 0.0523 388 403 642 642 10 0.0523 564 546 806 774 10 0.0521 563 274 822 507 7 0.0521 511 533 758 776 8 0.0521 98 397 347 638 8 0.0520 567 544 802 773 8 0.0519 168 325 427 558 8 0.0519 315 458 562 687 0 0.0519 557 415 826 647 7 0.0519 175 324 441 557 7 0.0519 390 404 641 644 3 0.0518 570 207 820 445 8 0.0518 351 799 701 972 8 0.0518 386 404 633 645 7 0.0515 325 269 577 498 0 0.0515 170 325 441 560 3 0.0515 315 331 568 566 5 0.0514 344 794 707 969 10 0.0513 384 405 638 644 10 0.0512 313 338 568 562 7 0.0511 256 389 508 635 0 0.0510 342 797 713 974 11 0.0510 308 457 567 687 5 0.0508 306 328 564 559 5 0.0507 504 532 747 772 0 0.0506 566 142 827 372 0 0.0506 100 397 357 639 11 0.0505 339 799 717 968 5 0.0505 705 324 950 573 10 0.0504 647 339 904 593 10 0.0502 248 398 506 632 7 0.0500 568 139 831 373
Mw43wwkKOoifYPrvpZpl9sQJ5JIUoNav,13 0.0600 253 458 520 704 8 0.0575 369 469 616 701 11 0.0571 363 472 619 699 0 0.0570 366 468 621 704 5 0.0562 241 454 513 695 11 0.0552 242 462 513 699 5 0.0545 355 518 612 756 13 0.0542 370 470 627 706 11 0.0536 433 586 690 821 8 0.0534 252 459 510 701 3 0.0531 247 462 513 702 5 0.0530 568 781 804 1011 3 0.0530 368 470 620 704 8 0.0530 570 785 805 1012 6 0.0530 250 457 518 699 13 0.0524 569 791 820 1016 8 0.0523 372 574 625 817 0 0.0522 568 786 813 1015 6 0.0521 366 468 625 701 0 0.0520 246 460 515 702 5 0.0515 240 571 501 821 7 0.0512 369 469 625 700 7 0.0510 572 783 816 1015 7 0.0509 249 457 518 697 13 0.0507 243 136 496 372 11 0.0507 567 786 810 1013 8 0.0501 129 576 370 838 10 0.0500 245 465 516 697
c3nhJD3QgtVG8qv5lQ6EapVRsh9oN4My,14 1.0 0 0 1 1
00wsXaGGLhOo977BBHmhbKVNu02fWdPl,5 0.0659 243 783 484 1014 11 0.0654 305 788 551 1016 7 0.0617 246 788 489 1017 0 0.0599 306 785 550 1023 8 0.0584 244 787 483 1017 10 0.0569 305 792 552 1020 13 0.0569 310 788 556 1023 6 0.0566 308 789 551 1022 3 0.0555 248 788 487 1022 2 0.0545 246 793 488 1020 11 0.0544 437 796 693 1017 0 0.0544 439 796 691 1023 8 0.0540 1 211 236 454 8 0.0533 436 791 682 1019 13 0.0517 442 794 699 1022 7 0.0515 443 792 696 1019 9 0.0513 304 788 550 1020
B86WydslyYYENLB9kkRkYVbQcBZqgx7K,11 0.0598 568 603 822 846 8 0.0584 570 600 817 847 0 0.0582 569 601 823 844 5 0.0577 560 395 818 642 11 0.0573 564 403 821 641 5 0.0570 563 600 820 842 11 0.0563 702 594 957 833 7 0.0562 506 590 766 829 3 0.0561 574 604 823 851 5 0.0561 451 197 684 437 5 0.0560 422 0 680 238 3 0.0559 568 399 821 650 0 0.0558 565 395 822 644 6 0.0557 569 398 822 643 8 0.0557 566 396 812 642 8 0.0555 707 590 950 837 0 0.0554 430 657 685 889 13 0.0547 576 603 828 844 7 0.0546 637 611 897 847 3 0.0545 512 320 756 569 8 0.0537 436 652 678 886 8 0.0532 502 515 751 756 13 0.0529 567 399 826 644 7 0.0528 567 398 823 646 6 0.0525 573 602 825 841 0 0.0522 565 261 804 498 7 0.0522 510 319 759 567 8 0.0521 509 317 749 561 11 0.0520 641 676 895 922 5 0.0518 429 652 680 886 6 0.0514 713 586 959 831 11 0.0514 505 323 760 559 5 0.0514 505 314 751 563 2 0.0511 570 606 827 843 5 0.0508 497 512 756 754 11 0.0508 489 667 757 903 5 0.0508 696 586 955 832 8 0.0507 452 203 684 436 12 0.0506 572 601 824 844 8 0.0506 192 594 430 837 5 0.0504 369 142 627 379 0 0.0503 704 585 954 836 10 0.0500 635 612 895 843
scPAu3geZcz2B8oIe9veXpNdGJq8FPxY,8 0.0627 315 792 549 1023 0 0.0614 301 216 564 453 7 0.0599 313 792 558 1023 0 0.0596 320 717 568 983 8 0.0592 252 714 494 962 5 0.0589 305 789 554 1019 0 0.0582 220 282 501 508 11 0.0574 309 795 555 1019 10 0.0573 252 724 502 962 7 0.0570 256 715 502 966 11 0.0569 252 719 502 961 6 0.0567 314 799 560 1023 5 0.0566 248 710 496 963 11 0.0550 364 335 622 560 13 0.0544 316 797 563 1023 0 0.0535 374 279 638 505 5 0.0533 287 277 554 507 11 0.0526 568 594 812 816 3 0.0525 255 715 501 972 6 0.0522 257 720 507 962 11 0.0522 231 225 522 447 3 0.0520 315 793 558 1023 10 0.0508 312 799 559 1021 11 0.0504 444 282 708 494 7 0.0502 372 324 624 563
p7J3n43TcHWy5sStSSstWNw9VViypRUj,0 0.0604 140 1 499 151 8 0.0591 142 0 495 150 11 0.0578 141 3 495 147 0 0.0554 258 144 518 381 0 0.0550 312 278 575 521 5 0.0548 336 213 714 405 11 0.0547 307 279 576 514 13 0.0544 144 0 514 151 13 0.0542 274 228 652 419 0 0.0540 344 216 721 410 5 0.0540 305 278 571 514 10 0.0528 139 2 499 147 0 0.0528 324 400 574 641 11 0.0525 259 228 643 414 11 0.0523 400 348 771 533 5 0.0523 394 344 769 530 5 0.0520 132 0 496 149 3 0.0516 144 0 506 151 3 0.0516 273 226 641 420 8 0.0514 316 205 567 441 3 0.0514 316 325 575 579 11 0.0513 520 397 780 624 6 0.0513 142 0 507 148 7 0.0510 418 346 775 537 13 0.0508 320 277 581 523 0 0.0506 407 346 765 536 6 0.0506 318 208 585 440 8 0.0504 317 323 561 574 2 0.0502 244 18 496 247 7 0.0501 525 396 779 631 7 0.0501 264 199 524 437
TBGU7Mxp9lCu2RZZtjpI5XwXHE6wq3MX,0 0.0639 169 777 424 1020 8 0.0620 172 775 420 1017 5 0.0616 167 776 419 1014 13 0.0603 177 781 432 1016 11 0.0597 103 782 364 1019 5 0.0591 278 779 567 1003 0 0.0589 185 664 439 908 11 0.0588 246 333 508 570 8 0.0586 252 332 505 578 13 0.0585 255 335 512 579 5 0.0577 176 659 430 896 10 0.0577 102 783 359 1019 13 0.0577 298 784 578 1007 3 0.0570 213 361 580 547 7 0.0567 214 360 584 545 0 0.0565 248 332 506 580 3 0.0561 252 408 502 655 6 0.0561 107 782 366 1023 3 0.0558 173 780 425 1022 7 0.0557 252 405 509 653 10 0.0552 182 666 433 900 11 0.0550 176 724 439 945 0 0.0549 288 779 569 1013 7 0.0548 173 780 431 1019 11 0.0545 227 785 501 1010 7 0.0543 6 778 238 1016 11 0.0540 119 351 384 581 7 0.0538 291 781 577 1008 5 0.0537 245 330 505 574 11 0.0537 0 785 236 1013 8 0.0533 0 777 232 1012 0 0.0533 0 783 235 1016 11 0.0532 45 716 321 941 10 0.0527 0 788 232 1012 6 0.0524 189 664 441 901 8 0.0523 186 659 435 903 3 0.0522 297 779 573 1012 2 0.0521 253 338 508 577 7 0.0521 443 781 687 1005 10 0.0518 225 785 503 1014 6 0.0517 253 336 512 578 8 0.0514 185 397 434 657 13 0.0514 127 350 393 586 11 0.0513 356 793 631 1004 10 0.0513 209 365 581 543 2 0.0508 107 783 360 1023 10 0.0508 249 417 503 654 3 0.0507 190 661 436 911 5 0.0506 429 776 676 1000 8 0.0502 244 723 512 953
7Ioj6eDS0V5doUByPGmK1zYDzio8NK67,11 0.0556 259 406 509 627 5 0.0556 256 398 504 629 8 0.0551 186 464 428 712 10 0.0546 263 410 502 631 11 0.0541 347 613 703 795 7 0.0538 265 401 507 635 13 0.0538 265 404 512 637 6 0.0537 183 338 437 575 0 0.0535 517 533 765 774 11 0.0534 183 468 437 707 5 0.0534 172 334 431 569 8 0.0532 267 403 496 630 6 0.0530 192 468 439 713 6 0.0527 267 404 508 634 0 0.0526 189 463 433 717 5 0.0519 181 460 434 707 7 0.0518 190 463 434 714 13 0.0514 188 464 441 714 11 0.0513 174 342 437 570 0 0.0508 256 339 500 570 5 0.0507 241 271 494 513 7 0.0504 332 671 726 850
SopKmxGcWohdtKdfD3RPG5yGYTlSOtq0,0 0.0556 456 411 706 645 11 0.0530 751 2 1019 209 11 0.0528 438 475 704 704 7 0.0516 462 409 710 642 0 0.0515 233 3 494 232 5 0.0510 452 407 704 639 3 0.0506 463 412 707 648 13 0.0505 756 0 1023 213 0 0.0503 751 3 1022 216 5 0.0502 316 241 586 488 0 0.0502 517 354 766 577
qEkZ8IGjWmPcCAP1tkGfYUAyiW9JnWi6,11 0.0577 123 340 382 575 7 0.0554 320 538 574 772 13 0.0553 189 462 448 700 11 0.0545 183 462 443 699 0 0.0541 242 467 500 706 11 0.0539 317 540 575 770 8 0.0534 240 593 495 831 8 0.0528 129 335 374 577 11 0.0525 235 597 503 833 5 0.0509 124 334 380 576 11 0.0509 192 289 466 510 7 0.0508 193 527 460 772 11 0.0503 237 399 503 632
2iWYV4pNGqo4VQndYICBOcIUkvMlp19S,8 0.0597 304 216 569 453 7 0.0597 445 272 686 508 11 0.0594 311 274 581 505 13 0.0587 320 275 586 507 0 0.0586 253 255 517 505 3 0.0584 382 141 633 374 11 0.0583 495 194 757 422 13 0.0582 378 142 644 369 5 0.0581 248 250 513 500 11 0.0575 443 275 686 502 6 0.0573 306 145 568 385 11 0.0572 516 609 761 837 13 0.0572 251 199 517 445 0 0.0571 443 274 682 508 8 0.0566 440 270 679 505 6 0.0565 444 274 688 506 7 0.0563 320 269 583 508 11 0.0562 242 204 511 446 8 0.0561 373 142 627 370 0 0.0554 373 144 631 373 5 0.0554 440 268 684 504 11 0.0553 372 146 637 370 8 0.0550 493 116 749 354 13 0.0549 446 274 689 507 3 0.0549 451 272 684 512 7 0.0546 327 783 573 1014 6 0.0542 317 274 580 507 3 0.0540 319 273 577 512 7 0.0538 381 139 637 372 5 0.0536 241 77 514 318 3 0.0536 505 190 748 430 10 0.0528 445 282 687 507 7 0.0522 495 188 755 426 13 0.0518 249 78 527 324 7 0.0517 252 196 512 446 10 0.0517 316 277 583 507 11 0.0513 323 790 569 1012 3 0.0511 248 201 509 451 11 0.0510 242 81 516 323 8 0.0507 516 607 753 838 5 0.0507 369 135 635 370 8 0.0506 251 82 510 322 3 0.0502 247 82 517 329 0 0.0500 249 78 519 321
LD0qWV2xDj1P6B1o0dQaDBFqTUh9qXm9,11 0.0597 645 533 899 771 11 0.0575 540 484 892 663 8 0.0573 710 459 950 694 5 0.0569 704 459 955 693 8 0.0558 548 480 882 662 11 0.0556 708 466 959 692 0 0.0556 194 460 440 685 11 0.0547 489 153 762 379 0 0.0540 549 482 897 665 11 0.0540 386 413 750 590 0 0.0537 718 393 962 618 5 0.0537 189 451 436 682 5 0.0535 536 477 889 666 0 0.0530 647 534 901 777 8 0.0530 388 411 738 593 10 0.0529 624 600 895 843 0 0.0526 388 412 752 595 6 0.0510 551 481 899 664 7 0.0507 547 479 901 665 3 0.0507 550 483 893 672 5 0.0504 642 525 898 778 7 0.0500 395 410 758 592
EZ9OOkQiVjtcKSbDkZX0UaiGUH9zwEtA,0 0.0610 438 663 702 905 7 0.0609 463 395 707 630 7 0.0593 523 330 764 569 0 0.0589 382 595 621 834 8 0.0588 396 334 633 570 8 0.0583 451 588 693 823 7 0.0583 443 664 708 904 8 0.0576 385 526 616 762 11 0.0576 518 452 758 688 5 0.0571 376 519 619 764 5 0.0568 457 389 701 629 11 0.0567 448 587 699 822 8 0.0566 516 450 752 688 2 0.0566 511 408 760 640 5 0.0564 309 588 554 830 0 0.0560 512 404 757 639 7 0.0560 397 333 644 574 5 0.0557 517 327 759 565 5 0.0556 437 658 699 901 5 0.0553 393 327 638 569 0 0.0550 460 528 704 763 8 0.0547 18 263 255 500 0 0.0547 25 327 264 578 10 0.0546 373 669 630 904 11 0.0545 310 594 556 831 3 0.0544 464 324 704 563 7 0.0542 252 661 498 896 6 0.0541 16 265 266 502 11 0.0540 252 719 519 949 0 0.0539 459 327 709 559 5 0.0539 12 258 254 504 11 0.0538 378 527 623 764 11 0.0537 463 326 706 555 11 0.0536 377 720 643 953 7 0.0535 382 598 624 837 3 0.0532 464 526 702 769 6 0.0532 514 403 764 637 3 0.0530 515 400 754 642 2 0.0528 462 334 707 558 2 0.0528 458 532 701 759 5 0.0528 247 656 493 891 8 0.0527 252 662 489 897 10 0.0527 449 589 699 823 8 0.0526 589 333 833 550 11 0.0524 16 330 266 574 6 0.0523 592 334 843 550 3 0.0523 255 664 494 901 7 0.0522 590 402 833 620 13 0.0518 520 328 772 566 0 0.0517 256 715 518 951 6 0.0517 382 598 623 832 5 0.0517 581 395 826 624 6 0.0516 514 270 767 499 8 0.0515 382 718 635 956 2 0.0512 444 666 701 903 3 0.0512 379 671 628 912 6 0.0508 252 662 497 893 13 0.0508 384 716 646 959 13 0.0507 397 334 653 571 13 0.0507 23 323 272 576 11 0.0505 582 407 828 622 13 0.0500 448 790 705 1020 8 0.0500 178 717 437 955 0 0.0500 504 778 759 1011
8qNulQTXWppHcXK5zzPjLpHkAEqXvpYj,11 0.0544 240 407 488 639 11 0.0535 177 299 434 517 0 0.0529 179 291 428 519 13 0.0514 244 405 492 644 5 0.0510 172 289 425 511
cfVIcteoev2GTeswLwmHSXB11EIfgPYL,11 0.0594 374 407 646 634 3 0.0568 339 473 704 670 5 0.0563 320 411 700 600 8 0.0562 340 473 693 666 11 0.0555 430 542 715 779 7 0.0548 340 470 714 666 11 0.0546 327 354 694 536 5 0.0544 259 476 647 666 0 0.0530 432 399 716 631 0 0.0525 450 143 709 380 0 0.0516 371 6 641 247 5 0.0516 744 0 1007 194 8 0.0514 380 8 634 242 5 0.0513 438 1 715 238 13 0.0508 379 401 648 642 13 0.0506 378 78 645 309 7 0.0503 367 536 649 777 0 0.0503 765 156 992 382 8 0.0503 332 352 680 540 13 0.0502 756 0 1020 205
qGhtgXVWkBzaGZLIGm8uS5QX5nQTKdq3,11 0.0585 435 729 698 955 5 0.0577 166 325 432 564 11 0.0573 369 796 627 1018 5 0.0567 363 784 624 1017 11 0.0561 301 725 557 961 7 0.0558 374 790 636 1023 7 0.0556 312 670 563 909 6 0.0553 181 328 437 568 8 0.0553 371 723 618 958 13 0.0551 178 327 442 571 8 0.0547 176 325 429 567 7 0.0546 445 722 704 963 0 0.0532 175 326 435 568 11 0.0527 171 331 434 566 0 0.0526 366 722 625 959 7 0.0525 177 325 437 565 6 0.0522 375 792 633 1017 5 0.0522 431 715 696 959 11 0.0520 313 613 562 851 6 0.0513 442 725 701 958 8 0.0509 309 782 557 1023 5 0.0508 302 659 556 906 0 0.0508 313 608 566 856 10 0.0505 175 334 432 565 10 0.0502 370 794 628 1018 3 0.0500 175 330 433 572
ZBv4Ancbg7vbkCYfyljHVrBk32hVkOqA,5 0.0637 562 789 811 1019 5 0.0597 491 646 745 900 5 0.0586 431 782 685 1014 11 0.0585 495 652 749 896 0 0.0582 497 653 752 903 7 0.0581 498 649 756 902 0 0.0581 567 798 821 1023 8 0.0580 567 794 811 1023 11 0.0569 506 518 760 758 5 0.0568 564 591 818 849 7 0.0565 505 785 759 1015 6 0.0555 437 661 701 909 8 0.0555 496 648 742 899 6 0.0554 570 598 828 852 13 0.0552 515 518 770 762 7 0.0549 511 511 770 763 6 0.0545 504 788 757 1015 13 0.0544 573 601 829 853 7 0.0542 382 787 636 1009 11 0.0541 429 728 703 970 0 0.0540 568 601 826 851 0 0.0540 507 515 766 766 3 0.0535 500 649 752 908 13 0.0534 571 800 824 1023 2 0.0534 568 603 828 853 11 0.0528 361 656 635 896 6 0.0525 510 515 768 763 2 0.0516 503 789 755 1013 5 0.0516 357 648 631 898 8 0.0513 567 598 816 850 7 0.0513 369 653 642 898 9 0.0512 569 599 822 847 3 0.0512 505 784 753 1020 11 0.0511 639 529 904 767 11 0.0511 568 466 839 695 0 0.0507 642 525 903 776 0 0.0506 435 789 694 1019 8 0.0506 508 517 759 763 13 0.0504 440 729 710 977 9 0.0503 497 788 751 1011 8 0.0502 436 786 684 1019 9 0.0501 494 653 750 896
LLfK0vKmur2td67jkxI77QUyLNoaILMv,11 0.0592 317 520 575 757 11 0.0570 373 651 629 888 5 0.0564 374 639 627 889 11 0.0551 179 551 441 775 11 0.0551 435 723 695 957 6 0.0546 378 643 632 891 7 0.0540 386 578 631 830 8 0.0538 437 716 687 966 3 0.0535 377 648 631 896 6 0.0532 319 582 568 820 5 0.0530 434 712 686 958 8 0.0526 377 645 624 894 7 0.0522 374 719 631 963 13 0.0521 380 644 638 896 5 0.0508 313 574 565 821 2 0.0500 377 650 630 890
Hp8dqnpxJtsQ61xpvc9Cbx2vKb5xFU0w,11 0.0690 509 527 767 760 11 0.0669 422 588 684 827 11 0.0647 438 459 697 701 0 0.0643 588 458 830 695 8 0.0641 514 524 764 764 11 0.0639 586 460 835 689 0 0.0622 438 457 692 703 0 0.0621 426 587 681 829 8 0.0620 377 584 632 834 0 0.0614 514 524 766 764 3 0.0614 438 519 690 775 11 0.0613 369 675 633 906 8 0.0613 251 668 499 910 6 0.0610 521 455 777 694 7 0.0604 430 585 688 829 11 0.0603 311 596 565 835 6 0.0603 435 518 693 770 13 0.0597 562 590 826 836 8 0.0596 311 530 557 779 0 0.0594 309 524 562 782 5 0.0593 584 454 828 694 0 0.0593 371 673 631 912 5 0.0592 428 512 688 769 8 0.0592 592 455 827 689 7 0.0590 445 457 700 704 7 0.0583 375 671 636 913 3 0.0582 524 457 774 700 3 0.0581 496 588 759 831 10 0.0581 375 527 637 776 6 0.0579 495 587 759 827 10 0.0577 436 458 693 702 6 0.0575 312 526 568 782 11 0.0570 309 463 571 707 5 0.0570 368 666 626 909 11 0.0569 246 671 510 908 11 0.0565 637 531 899 760 2 0.0565 425 589 684 828 5 0.0563 304 521 562 783 7 0.0559 319 590 567 837 5 0.0559 550 580 818 833 5 0.0557 244 663 502 912 7 0.0557 517 526 771 766 7 0.0553 251 666 507 912 2 0.0550 442 462 696 705 3 0.0549 587 522 833 770 3 0.0549 312 528 566 785 10 0.0546 309 462 573 708 9 0.0546 374 522 639 772 13 0.0545 445 458 702 700 9 0.0544 513 527 770 761 0 0.0544 248 668 507 914 6 0.0543 586 523 835 760 12 0.0543 376 522 639 781 12 0.0543 442 456 700 706 2 0.0541 515 529 769 761 13 0.0541 428 582 690 827 10 0.0539 313 596 564 835 8 0.0538 316 729 556 968 7 0.0537 315 458 576 708 6 0.0536 251 663 512 910 9 0.0536 440 456 700 699 0 0.0532 639 531 894 765 2 0.0532 373 677 631 910 11 0.0528 234 334 508 581 5 0.0526 374 202 656 434 3 0.0525 316 666 566 915 10 0.0522 513 527 767 762 13 0.0522 377 669 638 909 0 0.0521 238 275 511 524 10 0.0518 247 670 508 908 10 0.0518 371 675 632 906 13 0.0514 591 462 838 696 6 0.0513 241 329 519 581 2 0.0510 312 464 569 709 11 0.0509 472 217 739 444 12 0.0507 513 525 772 768 13 0.0505 315 460 578 709 2 0.0505 589 464 833 692 4 0.0505 495 589 761 826 13 0.0504 317 593 568 839 13 0.0501 323 202 596 436
b0OimeuiSXdDGQDP0BJztLN6kWR67ROF,11 0.0656 315 270 576 508 0 0.0635 250 260 514 510 11 0.0620 240 323 505 562 7 0.0611 323 267 576 511 5 0.0609 248 261 507 505 11 0.0598 251 195 510 433 8 0.0595 316 331 568 565 7 0.0594 193 784 430 1018 0 0.0593 315 331 569 563 11 0.0590 383 200 643 423 7 0.0588 185 584 434 823 5 0.0587 175 582 430 823 0 0.0584 322 196 581 439 6 0.0583 323 268 580 509 11 0.0578 181 589 430 819 10 0.0577 190 671 440 906 10 0.0576 320 275 576 508 8 0.0575 179 506 425 752 0 0.0574 195 666 438 910 5 0.0572 232 383 482 625 7 0.0571 256 512 507 755 8 0.0571 253 260 509 510 11 0.0568 572 524 821 758 3 0.0568 324 267 571 514 6 0.0561 193 668 441 907 0 0.0559 235 383 489 627 11 0.0559 304 400 562 638 11 0.0558 465 533 716 782 5 0.0557 311 328 566 561 5 0.0557 317 194 579 435 13 0.0555 251 322 510 568 0 0.0552 183 509 432 750 6 0.0552 181 508 438 752 7 0.0549 249 322 498 565 3 0.0547 248 323 500 566 6 0.0547 259 197 513 434 11 0.0544 322 521 581 768 8 0.0542 397 517 642 769 6 0.0542 384 202 642 424 11 0.0541 185 790 426 1013 8 0.0539 323 452 564 699 13 0.0537 320 269 582 509 3 0.0537 313 399 560 644 13 0.0536 185 453 440 689 3 0.0532 183 585 428 830 2 0.0530 238 388 487 628 8 0.0529 323 199 574 440 13 0.0526 325 459 581 703 6 0.0526 252 320 508 561 7 0.0524 389 200 643 428 5 0.0523 461 523 715 775 7 0.0522 310 396 562 638 2 0.0520 319 339 569 563 8 0.0520 189 786 420 1015 3 0.0517 260 193 503 438 3 0.0515 388 201 637 432 7 0.0515 185 449 434 686 13 0.0513 258 190 518 437 6 0.0513 190 789 428 1014 5 0.0512 248 508 503 756 8 0.0512 234 383 479 629 11 0.0512 639 591 887 827 6 0.0511 313 395 566 637 10 0.0510 186 792 429 1011 10 0.0509 254 195 510 434 7 0.0509 463 591 721 838 10 0.0508 245 328 498 562 0 0.0505 747 33 1004 274 13 0.0505 470 533 727 783 0 0.0502 318 456 572 700 10 0.0501 383 207 641 423 5 0.0501 309 651 567 891
POagHJjOuqx2XGakrahIteceTodeRCxq,7 0.0536 180 375 429 626 5 0.0531 192 262 435 501 5 0.0528 170 442 445 691 7 0.0523 54 400 322 632 6 0.0518 181 444 450 695 0 0.0509 203 269 441 507 6 0.0505 49 404 321 630 11 0.0504 174 383 431 627
dw8fsgBRGocG77edJyc1URYzH9FJDYKA,11 0.0592 640 393 889 625 11 0.0583 375 780 615 1013 5 0.0575 369 773 615 1012 0 0.0551 373 780 618 1023 8 0.0546 377 776 607 1020 7 0.0541 439 770 693 1012 8 0.0540 186 768 422 1023 0 0.0540 645 390 884 633 11 0.0539 180 778 425 1020 10 0.0535 376 785 618 1018 8 0.0531 308 683 555 913 10 0.0528 703 430 1023 606 5 0.0527 180 771 424 1014 0 0.0526 703 428 1022 609 5 0.0522 698 421 1022 606 10 0.0521 0 2 368 140 5 0.0520 0 30 306 208 8 0.0519 0 770 239 1023 3 0.0518 376 778 617 1023 7 0.0516 375 724 616 949 8 0.0514 250 1 504 190 13 0.0514 187 776 438 1023 6 0.0513 652 388 889 630 8 0.0509 5 0 358 142 6 0.0508 12 1 374 140 7 0.0506 3 773 249 1018 7 0.0506 705 425 1023 606 0 0.0506 3 0 370 145 5 0.0502 304 678 560 913
rxHcRjhNMdvSXXAWZuXpIlpFZ1a0dvRT,7 0.0649 390 388 645 632 3 0.0641 391 315 634 563 8 0.0637 374 63 625 315 0 0.0635 376 66 633 314 8 0.0626 387 317 628 557 5 0.0619 319 395 571 626 11 0.0610 282 35 637 218 13 0.0608 396 390 650 632 13 0.0608 374 66 634 313 0 0.0607 383 389 645 634 11 0.0605 382 313 634 556 5 0.0604 302 127 560 370 0 0.0604 305 128 564 373 5 0.0600 380 309 638 555 5 0.0600 366 65 628 314 8 0.0596 310 128 559 372 3 0.0593 376 65 630 320 8 0.0586 435 142 686 374 11 0.0584 433 145 691 371 3 0.0583 439 144 689 379 7 0.0582 370 136 626 373 7 0.0578 309 312 571 554 11 0.0575 301 134 567 368 7 0.0573 197 540 456 781 13 0.0572 439 141 697 373 0 0.0570 305 310 570 557 8 0.0569 249 65 497 307 13 0.0568 315 313 578 556 11 0.0567 193 542 450 778 0 0.0567 435 145 690 376 7 0.0563 292 37 635 224 0 0.0561 195 541 453 783 6 0.0558 367 137 633 369 3 0.0558 294 187 548 430 5 0.0557 243 62 496 308 6 0.0556 391 393 648 634 7 0.0554 299 186 554 429 8 0.0550 569 383 807 629 10 0.0550 285 40 634 220 0 0.0549 571 386 809 633 11 0.0547 319 400 568 630 5 0.0545 431 139 689 373 5 0.0544 193 536 449 778 2 0.0540 392 397 642 632 11 0.0539 569 389 808 629 6 0.0539 309 68 569 314 13 0.0538 198 542 462 783 8 0.0538 196 540 443 780 8 0.0533 324 398 564 627 3 0.0532 328 403 570 636 10 0.0532 308 138 566 373 13 0.0527 572 390 818 630 10 0.0526 246 74 506 311 12 0.0522 375 66 633 317 6 0.0522 196 542 455 780 2 0.0521 366 142 627 368 9 0.0519 385 390 640 628 10 0.0518 193 547 453 778 5 0.0517 567 381 802 627 2 0.0515 307 71 561 312 13 0.0513 245 66 510 307 6 0.0507 571 391 813 631 1 0.0507 281 32 629 218 7 0.0504 576 383 814 629 11 0.0503 241 66 507 304 10 0.0502 388 392 647 634 9 0.0502 431 145 696 370
TJq86UTVUm8htR9G8qUK2CVxo2BCcBWK,11 0.0605 190 402 445 639 11 0.0605 408 610 767 788 7 0.0595 268 461 524 702 11 0.0591 264 465 522 699 8 0.0586 192 395 434 643 0 0.0573 188 399 439 646 7 0.0572 195 397 442 643 8 0.0569 285 402 631 590 11 0.0557 308 793 561 1018 3 0.0550 266 464 516 709 7 0.0546 290 400 646 589 0 0.0545 262 464 520 705 7 0.0541 423 609 777 789 11 0.0541 289 349 640 527 3 0.0537 196 400 438 652 5 0.0535 186 395 438 642 6 0.0531 195 399 444 648 3 0.0530 279 403 637 595 0 0.0528 636 603 891 828 0 0.0526 121 349 383 576 5 0.0523 273 467 641 655 10 0.0523 218 411 583 595 0 0.0521 414 609 769 792 5 0.0519 254 329 508 562 5 0.0518 408 607 762 789 13 0.0518 286 469 655 658 10 0.0516 265 471 521 702 11 0.0514 632 601 886 826 8 0.0514 244 811 487 1021 6 0.0508 280 470 650 657 8 0.0507 124 345 378 576
ZIJtrZqJSimTZmainhGGAfEa066gbFcq,7 0.0634 251 780 498 1020 8 0.0617 248 780 488 1019 11 0.0603 250 782 494 1017 0 0.0598 251 780 492 1020 5 0.0580 246 779 489 1014 6 0.0569 252 787 495 1019 0 0.0558 753 79 1001 311 5 0.0545 742 70 1000 307 2 0.0542 250 787 494 1020 8 0.0540 752 77 993 308 13 0.0540 252 783 501 1020 11 0.0531 97 410 380 629 10 0.0526 247 785 493 1018 0 0.0524 638 156 884 400 11 0.0521 742 77 1002 306 11 0.0518 374 789 634 1021 7 0.0516 378 785 638 1023 6 0.0516 750 77 1004 308 11 0.0512 634 87 883 322 5 0.0511 697 0 951 201 13 0.0510 381 790 638 1023 6 0.0506 577 153 822 390 8 0.0503 107 406 370 633
BpzW9rzGjrG5HtdONDcrjekXtKfpAQPf,3 0.0603 306 408 656 589 5 0.0584 237 321 496 549 8 0.0580 579 396 825 639 8 0.0578 297 408 645 585 5 0.0571 310 398 577 634 11 0.0568 298 409 660 583 11 0.0550 576 398 831 639 0 0.0544 577 401 833 643 0 0.0543 307 329 563 565 11 0.0541 244 283 509 511 10 0.0539 248 285 508 515 8 0.0538 312 463 563 709 3 0.0535 456 473 706 726 13 0.0531 250 284 512 520 11 0.0528 316 598 578 838 8 0.0525 254 277 497 516 6 0.0523 321 532 587 775 11 0.0523 450 475 702 715 0 0.0523 315 462 578 709 7 0.0522 316 267 575 504 13 0.0522 258 400 519 629 5 0.0520 572 334 819 576 3 0.0515 318 463 574 715 6 0.0508 250 280 510 515 3 0.0508 389 530 638 790 8 0.0508 324 197 567 423 5 0.0507 306 656 564 899 3 0.0506 250 281 506 518 8 0.0503 165 399 417 632 7 0.0503 305 405 663 585 6 0.0502 579 337 827 579 7 0.0501 455 469 704 719 11 0.0501 314 463 576 706 8 0.0500 253 141 494 383
sn0CO5DA7r2AiOIpsjLH12d6doijNFot,5 0.0609 635 507 890 747 8 0.0608 381 272 633 510 8 0.0604 445 197 692 453 0 0.0593 518 455 758 700 11 0.0590 266 346 617 533 0 0.0590 574 157 826 386 5 0.0583 508 383 746 625 6 0.0580 644 521 897 746 8 0.0579 520 147 767 390 8 0.0579 49 473 299 710 6 0.0577 446 451 706 696 6 0.0576 53 470 318 708 2 0.0574 442 277 701 511 8 0.0569 380 145 628 383 0 0.0568 460 148 712 392 0 0.0566 440 398 692 634 8 0.0566 579 516 821 756 8 0.0563 513 454 752 697 6 0.0563 318 343 578 564 11 0.0563 518 455 759 696 7 0.0562 446 202 704 452 5 0.0560 436 444 696 699 7 0.0559 521 452 763 701 11 0.0559 104 544 359 772 5 0.0555 495 259 759 502 6 0.0554 435 335 703 570 8 0.0552 111 541 344 778 7 0.0552 445 395 696 635 5 0.0552 421 332 693 570 0 0.0550 377 335 642 569 3 0.0550 438 333 695 579 13 0.0549 385 276 651 512 8 0.0546 248 214 482 450 5 0.0546 574 455 820 691 11 0.0546 458 141 709 390 0 0.0546 582 518 830 760 0 0.0546 308 147 565 385 13 0.0545 56 474 320 709 11 0.0540 580 520 832 754 13 0.0539 586 522 837 757 5 0.0539 95 453 355 695 11 0.0538 308 220 575 448 6 0.0538 583 465 831 689 3 0.0538 444 450 700 709 3 0.0538 275 346 613 542 8 0.0537 98 389 352 632 13 0.0537 522 458 762 698 7 0.0534 55 472 324 711 6 0.0533 519 391 755 625 7 0.0532 278 346 618 534 2 0.0532 511 207 768 448 5 0.0532 304 214 569 449 2 0.0531 518 461 761 699 11 0.0529 438 395 696 628 11 0.0529 164 328 428 546 13 0.0528 506 330 762 576 2 0.0528 444 402 694 631 8 0.0526 367 447 625 686 6 0.0526 115 539 364 775 10 0.0524 274 349 613 537 13 0.0523 104 393 374 628 11 0.0523 363 448 633 687 5 0.0522 513 147 769 384 8 0.0522 170 323 415 558 3 0.0521 446 205 701 460 11 0.0521 500 263 763 502 0 0.0520 110 542 355 781 6 0.0520 449 204 708 447 8 0.0520 0 542 244 792 6 0.0518 1 540 256 792 0 0.0516 247 217 494 451 0 0.0515 501 332 753 576 13 0.0515 444 398 697 633 11 0.0515 233 149 501 379 5 0.0513 262 340 611 535 3 0.0512 317 218 571 456
cScybbLx1Ar6tniCTCExkONvC8LqNADs,5 0.0617 287 791 556 1017 7 0.0586 442 783 699 1021 5 0.0585 430 779 688 1017 8 0.0579 371 791 618 1023 6 0.0551 372 794 630 1021 7 0.0548 300 798 566 1023 13 0.0547 445 784 698 1023 10 0.0539 289 797 558 1022 0 0.0539 365 790 625 1023 13 0.0530 299 798 566 1023 11 0.0522 362 797 624 1018 3 0.0512 440 784 690 1023
K54C6pjZbmtNqEnlr1tF4yNA39EQURl5,11 0.0687 189 351 446 586 5 0.0674 185 346 441 582 5 0.0658 258 271 514 506 0 0.0656 262 275 518 510 8 0.0628 188 347 438 586 6 0.0628 191 351 450 587 6 0.0621 265 279 518 507 11 0.0621 316 290 588 511 0 0.0614 190 349 445 587 8 0.0602 265 274 510 507 7 0.0598 265 275 523 507 0 0.0597 320 215 586 436 10 0.0577 185 357 443 583 7 0.0577 189 346 446 586 13 0.0572 193 350 451 583 2 0.0568 191 352 442 587 3 0.0567 319 289 584 514 5 0.0559 315 209 582 430 12 0.0554 191 347 445 588 3 0.0552 191 351 441 592 0 0.0552 203 204 446 432 7 0.0545 61 416 333 643 13 0.0545 267 276 526 510 0 0.0544 506 148 760 389 10 0.0541 260 281 516 508 8 0.0538 323 212 576 432 6 0.0534 325 217 588 434 13 0.0530 328 213 590 429 11 0.0528 176 787 429 1004 7 0.0528 324 216 587 433 12 0.0527 265 275 522 508 2 0.0527 266 279 514 508 11 0.0513 506 464 776 690 1 0.0506 184 345 445 586 0 0.0505 377 136 632 369 11 0.0503 376 138 633 363 4 0.0500 189 353 448 588
Ruhdfhyqq1scIpNkQEYXfAZ4jtA6tS2l,11 0.0611 571 341 819 585 11 0.0605 445 402 705 643 11 0.0604 324 330 577 559 0 0.0586 572 339 819 588 6 0.0585 258 333 514 553 7 0.0583 326 328 581 561 0 0.0576 258 278 512 510 8 0.0571 507 401 743 644 13 0.0566 327 330 587 559 7 0.0565 591 280 842 531 7 0.0560 516 328 764 579 8 0.0560 556 471 808 705 11 0.0556 619 462 877 697 0 0.0549 504 401 752 645 11 0.0545 295 30 572 272 10 0.0544 501 409 752 642 5 0.0540 453 66 716 309 5 0.0540 182 339 437 570 3 0.0539 260 281 512 519 8 0.0537 327 325 569 563 5 0.0537 318 323 567 557 8 0.0531 440 462 683 715 10 0.0529 570 347 821 588 13 0.0528 451 150 719 389 7 0.0528 320 209 575 445 8 0.0527 383 73 637 323 11 0.0526 232 800 485 1015 6 0.0525 323 214 577 444 8 0.0523 262 275 501 510 13 0.0522 588 281 846 532 5 0.0522 567 337 815 587 10 0.0519 324 334 574 559 6 0.0519 577 341 823 587 0 0.0519 378 77 647 320 3 0.0517 516 333 762 585 8 0.0516 781 476 1017 710 6 0.0516 449 334 711 583 8 0.0515 572 340 816 586 5 0.0511 442 396 698 642 7 0.0511 384 71 650 322 13 0.0510 568 401 823 644 13 0.0510 452 333 716 582 6 0.0510 443 461 699 713 7 0.0507 452 399 707 645 8 0.0506 245 675 488 903 8 0.0506 319 207 560 447 2 0.0506 586 285 838 533 0 0.0506 434 461 695 718 11 0.0505 317 211 574 445 3 0.0504 590 282 841 538 5 0.0500 759 472 1017 711
NuamyEqEj9A9fnkBNiOQAE3bAOH1qbpN,5 0.0586 312 722 557 964 11 0.0586 313 730 558 962 7 0.0550 319 726 565 968 0 0.0539 315 726 561 973 8 0.0511 319 729 556 967 3 0.0500 252 728 495 964
DbRZ6x2T4Fc7xbUTsAtqCfJZK1sD16Rz,0 0.0614 448 4 717 202 11 0.0597 319 394 579 629 11 0.0597 445 2 716 202 5 0.0590 301 327 662 518 11 0.0584 248 275 526 489 7 0.0580 319 328 671 521 11 0.0580 554 788 799 1022 0 0.0575 202 273 453 511 0 0.0574 554 783 803 1023 6 0.0573 452 3 719 204 7 0.0572 560 782 804 1023 3 0.0572 328 391 579 637 6 0.0569 336 340 594 581 8 0.0567 325 391 571 633 5 0.0567 248 449 513 698 8 0.0564 553 783 794 1021 8 0.0558 454 0 710 201 8 0.0557 257 327 510 569 0 0.0556 322 393 578 637 11 0.0555 246 452 513 699 6 0.0554 261 205 527 432 8 0.0553 251 455 505 703 5 0.0548 442 0 711 201 8 0.0545 455 332 704 565 11 0.0542 306 332 667 518 8 0.0541 258 83 495 318 7 0.0540 449 0 720 204 3 0.0536 454 3 713 208 7 0.0536 254 454 516 700 5 0.0536 552 782 798 1020 2 0.0536 449 4 713 202 13 0.0535 325 393 584 632 5 0.0534 614 477 892 721 0 0.0533 309 333 660 522 13 0.0532 254 457 521 704 5 0.0532 245 198 520 428 3 0.0531 255 457 510 710 3 0.0531 316 331 668 525 0 0.0524 251 203 518 432 6 0.0524 556 789 803 1022 5 0.0523 195 267 451 507 13 0.0520 558 785 807 1023 10 0.0519 330 351 590 582 6 0.0514 258 454 519 706 6 0.0511 531 87 768 305 2 0.0511 299 411 651 590 13 0.0506 452 0 728 201 13 0.0505 263 331 523 571 5 0.0504 158 503 427 756 8 0.0501 522 89 760 306
pXFCgLgcPPIwU5xVtmAIIFveJdROr1XK,0 0.0599 395 137 649 380 11 0.0561 438 201 694 438 8 0.0524 397 140 638 376 6 0.0522 397 76 660 294 11 0.0518 376 796 627 1011 3 0.0517 448 138 698 381 5 0.0516 373 783 619 1011 11 0.0513 452 73 711 301 11 0.0512 304 726 548 954 6 0.0511 443 201 696 438 0 0.0506 510 277 763 505 5 0.0505 387 131 643 377
bBeYz6Uv44879gzoEsR2eY1dmSFwVqTP,11 0.0663 378 128 627 361 3 0.0634 388 119 623 365 0 0.0629 195 280 446 500 8 0.0627 510 80 742 312 8 0.0626 382 126 618 358 5 0.0625 507 75 744 311 11 0.0605 444 77 684 303 0 0.0598 376 122 623 362 7 0.0597 383 125 626 356 3 0.0596 508 4 753 249 0 0.0593 511 82 748 312 8 0.0593 551 140 821 382 5 0.0588 250 213 501 438 13 0.0585 259 286 520 514 5 0.0581 190 276 439 496 5 0.0580 544 134 830 382 7 0.0576 508 3 755 245 8 0.0576 256 284 502 509 0 0.0572 549 140 827 381 11 0.0571 250 288 515 511 0 0.0569 255 216 508 439 3 0.0563 256 286 512 516 8 0.0561 572 26 812 256 6 0.0560 319 123 575 357 7 0.0560 259 215 507 437 6 0.0558 514 79 750 312 3 0.0557 564 88 824 325 11 0.0549 502 7 755 244 13 0.0548 384 124 627 357 10 0.0548 512 82 749 313 6 0.0545 260 216 511 438 11 0.0545 547 140 832 380 13 0.0542 255 410 529 660 10 0.0534 380 128 621 359 5 0.0533 308 118 567 357 0 0.0533 572 25 823 259 6 0.0529 202 282 451 497 9 0.0529 445 77 684 294 2 0.0529 510 85 747 313 7 0.0527 561 82 826 320 13 0.0525 506 4 758 243 13 0.0516 451 74 685 299 7 0.0510 199 275 445 496 9 0.0509 501 6 757 240 1 0.0509 498 0 753 244 0 0.0508 624 88 889 318 5 0.0505 565 22 821 255 12 0.0504 513 78 749 315 2 0.0500 378 131 620 361
HryCfwB49Ztp1KlWLnrcnuQr6sicHiCn,11 0.0651 446 388 705 631 8 0.0650 389 328 644 574 8 0.0642 509 329 756 581 5 0.0636 440 383 699 632 3 0.0618 448 319 704 573 0 0.0612 388 327 649 574 5 0.0612 437 265 707 503 11 0.0612 446 267 717 504 7 0.0610 448 322 707 568 8 0.0601 575 393 818 636 7 0.0595 511 387 773 642 0 0.0593 513 336 759 581 0 0.0593 322 272 578 509 13 0.0592 451 387 708 630 0 0.0592 447 269 714 506 11 0.0581 575 396 829 634 6 0.0581 515 333 767 583 11 0.0581 308 400 579 640 13 0.0572 313 398 584 648 6 0.0571 395 329 657 571 0 0.0570 637 592 889 833 11 0.0567 633 522 886 759 5 0.0565 370 604 623 832 11 0.0564 320 276 575 503 10 0.0563 448 389 703 630 6 0.0562 326 276 582 508 11 0.0562 373 465 645 697 5 0.0561 305 394 573 642 11 0.0558 362 797 618 1019 8 0.0554 508 456 758 698 2 0.0554 448 391 703 633 7 0.0553 317 664 566 899 10 0.0548 387 269 655 503 8 0.0548 326 276 569 505 3 0.0547 514 389 771 649 5 0.0545 357 782 611 1021 13 0.0542 373 789 630 1023 0 0.0540 577 398 822 637 7 0.0539 386 391 645 642 11 0.0538 691 606 949 837 5 0.0538 558 273 814 504 7 0.0536 367 791 623 1023 13 0.0536 382 461 651 703 8 0.0535 313 399 569 646 5 0.0534 302 658 556 898 7 0.0533 386 611 635 839 5 0.0533 504 450 762 696 7 0.0533 248 597 508 820 5 0.0531 313 272 570 504 0 0.0529 314 398 579 648 0 0.0526 693 531 937 761 13 0.0526 575 397 832 634 13 0.0525 327 276 581 511 8 0.0521 638 524 876 761 7 0.0521 452 458 706 700 6 0.0520 579 396 831 636 2 0.0519 448 274 714 507 3 0.0518 386 387 646 645 6 0.0518 318 397 585 644 11 0.0517 503 193 773 431 12 0.0515 390 328 650 574 13 0.0514 509 455 771 698 8 0.0514 565 271 812 507 3 0.0513 638 595 888 842 7 0.0513 323 339 576 580 0 0.0512 506 197 770 431 9 0.0512 438 324 705 563 5 0.0511 497 189 766 428 10 0.0510 315 345 571 579 5 0.0510 633 589 887 830 3 0.0507 506 193 773 443 6 0.0507 509 456 767 698 10 0.0507 636 594 886 829 0 0.0506 571 278 817 504 0 0.0504 630 467 881 702 5 0.0504 233 591 497 815 0 0.0503 768 596 1018 849 5 0.0502 439 526 694 767 10 0.0502 578 396 829 632 10 0.0501 358 793 619 1023
u15Y18nrpfeRTedUBSke9OlB6xHWw786,8 0.0616 513 399 770 643 8 0.0604 448 465 704 714 11 0.0585 372 679 630 903 8 0.0575 327 665 703 865 6 0.0570 373 618 628 842 11 0.0567 451 470 709 709 7 0.0566 330 666 724 868 11 0.0560 382 791 634 1016 5 0.0557 380 781 628 1016 5 0.0557 175 335 435 586 11 0.0555 518 404 775 635 5 0.0552 324 661 707 860 8 0.0551 179 273 436 528 5 0.0547 247 268 495 513 6 0.0541 453 467 714 709 0 0.0540 257 209 501 445 8 0.0539 441 323 703 572 0 0.0537 185 278 441 530 6 0.0536 257 274 500 517 0 0.0535 377 674 628 909 5 0.0534 445 461 702 709 7 0.0532 392 788 639 1015 8 0.0530 636 85 877 312 0 0.0528 451 468 708 715 7 0.0527 182 270 446 527 3 0.0527 333 666 717 870 0 0.0525 517 410 777 644 0 0.0524 387 790 633 1018 8 0.0523 195 128 435 383 11 0.0523 180 274 447 523 8 0.0519 388 790 623 1016 7 0.0517 455 466 711 710 5 0.0515 516 400 771 636 3 0.0515 393 788 635 1021 7 0.0510 523 398 782 636 6 0.0509 187 338 441 592 5 0.0506 181 199 428 458 6 0.0505 262 126 505 363 10 0.0502 445 472 708 712 6 0.0501 371 735 629 955 7 0.0501 259 202 508 443 8 0.0501 119 201 371 447
ooJlk6u5yeFxh2Gss0ajVucVWEBpp2ik,0 0.0622 692 616 960 846 7 0.0573 698 616 968 842 0 0.0553 627 693 908 925 0 0.0526 363 471 626 705 11 0.0520 622 703 915 917 8 0.0513 367 0 614 195 7 0.0506 629 700 915 925 11 0.0505 688 622 960 840
jIDaU5rwDyQ1xDPyu9UU8JqndcLnYSm8,7 0.0579 293 734 566 959 7 0.0579 362 794 631 1016 3 0.0571 367 798 627 1023 11 0.0566 362 800 624 1014 11 0.0566 286 737 558 957 5 0.0542 421 805 678 1020 3 0.0533 291 734 556 970 8 0.0515 290 732 553 963 0 0.0515 243 649 504 893 0 0.0512 292 732 563 965 7 0.0511 244 654 508 883 0 0.0505 180 277 433 510 5 0.0502 282 732 552 957
nkq9Pe9IJqJO2LdomytOJuWYjkZKKBx9,3 0.0607 370 535 631 779 11 0.0591 425 536 701 770 7 0.0585 269 528 503 760 8 0.0583 367 538 621 774 11 0.0582 318 535 577 767 11 0.0582 262 599 510 826 11 0.0576 443 402 692 627 11 0.0571 493 602 750 835 5 0.0570 328 604 683 795 0 0.0570 431 605 694 845 13 0.0566 368 538 630 778 11 0.0559 262 341 636 534 11 0.0551 372 607 635 838 7 0.0550 371 539 630 773 3 0.0546 441 609 694 850 11 0.0544 461 283 701 510 0 0.0544 444 402 692 634 7 0.0544 459 329 708 567 8 0.0538 432 610 685 845 0 0.0535 578 591 825 832 5 0.0533 443 399 689 628 10 0.0533 368 538 628 772 6 0.0533 428 533 701 771 7 0.0531 222 668 586 852 6 0.0531 457 334 710 569 5 0.0529 495 597 748 834 2 0.0528 429 538 699 772 7 0.0527 385 394 645 634 0 0.0527 458 281 703 516 10 0.0526 267 601 507 825 0 0.0525 276 222 624 399 8 0.0525 462 282 695 515 3 0.0523 455 334 704 574 11 0.0518 259 466 497 701 0 0.0517 366 530 627 775 13 0.0515 439 610 700 848 3 0.0513 383 395 642 641 3 0.0512 269 530 503 766 8 0.0510 383 393 632 635 13 0.0508 277 342 647 536 5 0.0506 457 276 701 512 13 0.0506 385 391 647 636 0 0.0506 252 268 512 513 5 0.0505 250 260 506 511 7 0.0505 394 269 642 516 5 0.0505 273 218 620 399 2 0.0503 446 408 695 632 10 0.0503 454 338 706 568
yEwc33umxS1SzL2SerxDYqxEoNXp49vw,7 0.0638 581 27 820 253 11 0.0609 514 92 752 325 11 0.0606 184 169 443 392 11 0.0583 581 27 817 255 8 0.0560 189 165 436 395 11 0.0552 369 84 652 330 5 0.0549 180 162 438 392 8 0.0547 441 92 706 337 8 0.0541 583 24 809 249 0 0.0539 372 85 650 337 3 0.0536 584 26 813 259 13 0.0532 584 27 828 252 13 0.0523 377 85 658 329 3 0.0522 386 87 652 338 13 0.0519 190 168 450 393 0 0.0516 186 167 441 393 0 0.0509 579 28 815 253 5 0.0507 569 26 808 248 13 0.0501 518 94 762 324
3Rx3Ymox8xNjbukrqErpXPoyaA5Gqvhq,8 0.0621 509 405 760 649 11 0.0610 506 405 770 646 5 0.0603 507 402 761 648 0 0.0600 507 406 768 652 6 0.0595 515 411 769 651 11 0.0587 507 527 765 769 13 0.0581 512 467 769 710 0 0.0566 185 387 446 636 7 0.0556 511 464 763 712 11 0.0551 370 601 636 837 11 0.0536 172 671 451 900 11 0.0532 369 721 636 952 6 0.0530 516 530 766 772 8 0.0530 512 527 757 772 10 0.0528 176 454 438 688 11 0.0526 182 388 449 635 8 0.0525 181 445 430 688 7 0.0523 382 599 638 844 2 0.0520 508 470 761 715 0 0.0520 513 526 766 772 7 0.0517 503 592 757 830 10 0.0517 510 412 766 649 13 0.0517 578 526 847 771 0 0.0516 376 600 634 841 3 0.0515 515 410 765 655 7 0.0512 181 440 441 689 6 0.0509 379 601 636 839 5 0.0507 509 522 762 768 6 0.0505 579 463 848 712 8 0.0504 576 587 820 825 13 0.0504 509 595 764 826 6 0.0503 180 668 449 903 9 0.0501 508 406 766 646
JChggvgxw2VMEjzPwNVOMSpitd2cs1lW,11 0.0620 585 528 840 760 0 0.0609 592 526 839 767 8 0.0602 587 588 829 831 5 0.0593 581 585 832 829 7 0.0591 588 586 839 831 8 0.0590 516 527 763 764 5 0.0585 311 333 574 562 7 0.0583 394 331 650 567 13 0.0576 589 586 837 829 5 0.0575 643 517 893 751 6 0.0572 588 586 836 831 7 0.0572 519 522 772 764 9 0.0559 583 589 836 827 5 0.0558 242 397 491 638 10 0.0555 514 532 767 764 8 0.0555 321 459 573 711 11 0.0553 394 336 647 565 13 0.0553 521 526 771 761 3 0.0553 588 588 835 836 3 0.0552 399 333 646 571 5 0.0550 512 523 764 765 6 0.0550 518 526 769 765 8 0.0547 244 401 489 642 8 0.0545 387 515 642 773 6 0.0542 647 519 898 755 6 0.0540 399 335 654 562 3 0.0539 515 0 773 233 11 0.0536 319 459 578 708 5 0.0536 313 453 579 707 0 0.0534 240 332 487 568 8 0.0532 395 335 637 566 0 0.0532 118 794 389 1017 11 0.0530 243 405 497 639 11 0.0526 387 516 643 771 5 0.0526 390 266 640 503 8 0.0526 646 518 892 751 7 0.0525 247 336 491 562 2 0.0520 588 590 836 832 3 0.0514 518 528 767 771 0 0.0513 319 456 580 714 13 0.0513 647 523 907 752 10 0.0512 585 592 835 830 5 0.0512 427 0 693 216 0 0.0510 428 0 700 221 7 0.0508 436 0 699 219 1 0.0508 585 583 834 830 11 0.0506 429 2 700 216 13 0.0506 248 408 506 643 8 0.0506 123 795 378 1016 1 0.0505 512 521 769 764 2 0.0503 319 346 574 567 6 0.0502 326 460 590 710 11 0.0500 115 801 387 1011
0yz824AsCdu1Sthe9vZlp9XJBmpiBzUN,11 0.0639 3 609 252 844 0 0.0638 1 609 251 848 8 0.0623 4 603 245 846 6 0.0582 4 544 249 782 11 0.0580 0 420 242 644 5 0.0573 54 654 319 893 5 0.0569 0 411 235 644 11 0.0564 265 588 529 814 0 0.0561 0 413 237 651 11 0.0559 370 138 642 363 7 0.0545 269 585 529 820 3 0.0544 8 604 251 854 8 0.0541 374 134 631 367 8 0.0540 0 412 230 646 2 0.0538 3 550 245 788 5 0.0535 364 135 633 363 6 0.0534 72 608 325 838 0 0.0534 262 583 527 828 7 0.0532 3 607 256 852 10 0.0531 3 608 256 847 6 0.0531 3 415 247 641 3 0.0530 4 414 239 652 8 0.0530 269 584 522 820 0 0.0529 371 137 640 369 11 0.0528 392 584 646 824 3 0.0524 378 135 642 372 5 0.0519 260 579 523 819 2 0.0518 0 424 242 651 13 0.0511 382 200 658 438 13 0.0505 0 414 249 649 6 0.0503 251 667 514 897
puWaAL0nbjPzPSOKPMwT6Toj2dK9aqIe,5 0.0599 424 791 678 1019 10 0.0576 230 799 492 1023 7 0.0575 433 794 688 1023 11 0.0574 324 393 577 627 0 0.0565 326 393 575 631 3 0.0565 435 795 681 1023 5 0.0560 320 387 575 630 13 0.0559 237 801 504 1023 5 0.0553 284 795 548 1021 11 0.0552 267 353 630 531 0 0.0549 429 798 683 1023 8 0.0548 435 795 674 1021 13 0.0543 372 795 625 1023 0 0.0540 271 352 629 535 7 0.0535 294 800 555 1023 11 0.0534 400 415 764 589 11 0.0531 362 795 618 1019 3 0.0528 329 395 576 637 7 0.0527 331 391 575 633 10 0.0527 168 733 436 953 6 0.0518 296 801 555 1018 5 0.0514 157 788 422 1016 5 0.0513 257 349 626 532 11 0.0511 226 801 494 1020 13 0.0509 273 354 636 537 7 0.0505 277 349 634 536 11 0.0504 570 400 845 644 6 0.0504 328 395 579 630 6 0.0503 274 354 638 533 8 0.0503 329 394 567 631 7 0.0503 408 410 767 591 8 0.0503 271 355 615 534 6 0.0502 482 745 762 967
2IVU7ARAHxDnRAkiwt2dloDppQBmvtU9,5 0.0660 356 787 610 1021 7 0.0650 331 800 707 982 11 0.0649 322 802 699 978 8 0.0636 363 792 610 1023 0 0.0617 304 724 561 968 8 0.0587 432 716 683 956 0 0.0584 430 716 689 959 6 0.0583 328 801 707 978 11 0.0581 300 1 567 192 3 0.0580 362 793 615 1023 5 0.0580 429 712 686 952 13 0.0577 364 795 620 1023 10 0.0572 359 795 615 1023 8 0.0569 308 1 562 193 7 0.0561 309 0 569 195 11 0.0556 571 531 843 769 5 0.0556 176 706 436 950 7 0.0554 185 711 443 953 8 0.0553 182 705 432 952 0 0.0548 181 712 441 956 2 0.0544 361 796 618 1023 13 0.0543 310 0 575 194 0 0.0543 575 533 838 778 8 0.0539 74 0 402 152 10 0.0533 175 717 437 954 10 0.0530 303 729 561 962 0 0.0530 306 0 569 195 5 0.0526 301 0 566 191 11 0.0525 176 713 439 953 3 0.0518 311 1 567 200 3 0.0518 434 716 688 959 9 0.0516 325 802 704 976 6 0.0512 182 708 445 955 5 0.0510 620 537 891 785 8 0.0510 575 531 834 772 10 0.0509 430 720 692 956 13 0.0509 437 718 694 956 12 0.0508 330 799 704 981 1 0.0508 358 787 615 1023 2 0.0508 304 730 561 966 7 0.0505 575 534 841 775 13 0.0504 573 534 849 773 2 0.0504 430 721 693 955 10 0.0503 579 452 835 692 11 0.0503 294 211 578 435 4 0.0502 360 796 620 1023
vUSYBgNKgfprUvJaDxEjB22NjdTxy8WO,11 0.0666 312 339 578 577 11 0.0640 429 340 692 575 8 0.0625 364 403 626 639 0 0.0622 371 335 636 576 5 0.0601 310 280 573 514 3 0.0598 376 338 635 580 11 0.0583 425 453 689 695 7 0.0583 322 282 580 516 6 0.0583 250 340 517 574 0 0.0579 705 475 951 711 7 0.0579 365 403 634 642 10 0.0578 312 340 577 575 8 0.0572 431 339 686 580 0 0.0570 429 449 685 698 6 0.0567 321 281 580 516 5 0.0562 296 399 573 646 11 0.0562 870 326 1023 691 3 0.0560 307 403 572 652 11 0.0559 578 461 820 699 0 0.0559 580 460 820 699 0 0.0558 245 337 513 574 7 0.0558 250 338 515 571 11 0.0558 291 469 558 712 0 0.0557 304 398 575 646 8 0.0555 510 512 762 761 3 0.0554 247 341 511 580 0 0.0553 511 334 766 577 13 0.0552 362 405 637 641 5 0.0549 237 336 511 571 6 0.0547 306 400 579 646 8 0.0547 705 463 942 712 6 0.0546 511 515 772 761 0 0.0537 510 522 768 763 8 0.0535 297 468 555 710 11 0.0534 501 520 765 759 0 0.0534 578 593 829 845 3 0.0533 244 466 504 717 7 0.0533 434 340 696 580 11 0.0529 704 470 959 706 10 0.0528 428 339 692 576 10 0.0526 871 336 1021 692 5 0.0526 423 442 686 700 12 0.0525 315 335 578 581 9 0.0523 314 338 575 574 0 0.0520 871 326 1023 698 5 0.0519 870 315 1021 692 13 0.0518 512 522 776 763 5 0.0518 574 449 816 699 5 0.0511 506 328 761 579 11 0.0511 251 0 504 234 2 0.0509 371 344 636 574 8 0.0508 872 321 1020 700 7 0.0508 244 463 510 714 13 0.0506 430 342 698 582 3 0.0505 438 452 691 703 5 0.0504 500 512 764 762 6 0.0503 515 334 770 578 11 0.0502 580 344 832 576 6 0.0502 873 319 1023 697 11 0.0500 570 591 829 840
MUNIExa3xsUh3F9xuAHOPA8JrSOBB1k0,11 0.0643 570 279 833 506 0 0.0628 500 210 762 447 0 0.0619 577 333 841 583 6 0.0616 583 336 843 578 3 0.0616 512 270 761 513 7 0.0611 452 214 702 457 8 0.0610 503 265 755 509 8 0.0605 245 800 499 1023 11 0.0595 444 412 701 652 0 0.0595 635 209 884 442 5 0.0595 513 403 762 650 8 0.0595 502 139 750 368 5 0.0591 499 264 757 508 6 0.0591 521 409 770 653 3 0.0589 573 210 822 451 11 0.0586 563 137 811 371 7 0.0585 523 410 764 655 8 0.0583 520 408 758 650 10 0.0583 448 150 691 383 11 0.0582 237 800 504 1019 11 0.0579 447 218 701 455 7 0.0579 325 74 580 315 6 0.0579 507 272 765 508 0 0.0579 445 149 688 380 7 0.0577 503 138 757 370 8 0.0577 571 210 815 445 11 0.0575 638 336 890 566 5 0.0572 574 328 835 574 11 0.0572 632 212 886 439 0 0.0571 445 408 700 655 7 0.0570 251 11 509 264 8 0.0570 583 336 833 579 3 0.0567 522 408 763 657 13 0.0567 523 410 768 654 6 0.0565 252 7 509 262 5 0.0563 501 135 757 369 5 0.0563 563 203 821 443 7 0.0561 567 208 824 446 10 0.0561 500 214 764 445 0 0.0561 563 137 808 371 8 0.0560 248 9 500 261 3 0.0559 586 337 838 584 7 0.0558 580 335 839 580 13 0.0557 584 336 846 578 6 0.0556 573 210 828 444 7 0.0554 374 273 634 525 2 0.0554 452 221 702 456 3 0.0554 385 345 644 591 5 0.0553 361 268 626 521 13 0.0551 454 217 703 455 3 0.0551 508 142 757 374 8 0.0549 323 71 572 313 13 0.0544 565 139 816 373 10 0.0544 566 142 808 367 5 0.0543 242 7 502 261 3 0.0541 326 68 579 319 10 0.0541 314 422 585 646 11 0.0541 242 10 508 260 13 0.0540 389 406 658 647 5 0.0538 630 140 877 372 3 0.0538 251 7 506 270 6 0.0538 384 345 650 585 10 0.0537 449 409 704 653 10 0.0537 380 349 649 585 11 0.0533 301 541 575 781 11 0.0531 311 418 582 647 6 0.0530 513 139 762 369 11 0.0527 372 479 645 706 7 0.0526 387 403 652 648 11 0.0525 376 347 643 585 11 0.0521 319 74 580 312 6 0.0521 441 471 703 715 8 0.0520 384 402 643 647 2 0.0520 510 145 760 370 12 0.0520 509 268 762 509 3 0.0519 288 0 638 149 5 0.0515 315 70 574 311 0 0.0514 249 9 503 263 10 0.0514 319 80 579 317 5 0.0514 637 273 891 501 0 0.0513 373 475 642 710 0 0.0512 378 345 644 589 0 0.0512 323 75 576 316 10 0.0511 575 281 834 506 13 0.0511 378 276 638 524 13 0.0509 319 480 591 719
qTXjzPUzbEkG8TYgYCRyuv8whL6dvDKF,11 0.0567 309 737 579 953 11 0.0517 445 667 688 883 8 0.0515 314 731 573 955 7 0.0502 316 736 583 957
ygHtxIOMKJfc3wmWPoyPcNfRvdbSI58x,0 0.0572 178 352 438 588 11 0.0572 248 354 511 585 8 0.0571 251 401 502 639 13 0.0555 252 354 516 585 6 0.0549 237 467 505 702 10 0.0537 250 358 513 583 5 0.0533 241 399 508 636 8 0.0532 182 350 431 584 11 0.0530 165 471 427 706 8 0.0530 166 463 423 709 0 0.0529 169 465 425 711 6 0.0522 182 354 442 586 11 0.0519 111 345 390 575 7 0.0516 250 401 516 643 5 0.0509 166 461 427 706 8 0.0501 362 408 619 632
ILMQvuZa487DjItpYBNyXaDHjAyOwcCg,11 0.0632 451 131 701 374 8 0.0627 563 206 819 447 7 0.0626 570 206 825 448 0 0.0621 562 208 821 450 11 0.0614 492 0 759 194 11 0.0611 508 200 764 438 3 0.0611 454 132 699 377 5 0.0605 620 210 877 450 13 0.0600 627 467 898 684 7 0.0596 453 130 701 374 0 0.0596 307 213 554 447 3 0.0590 630 212 882 457 6 0.0587 502 1 765 197 2 0.0582 454 135 702 373 8 0.0581 623 463 888 684 11 0.0577 624 217 885 448 0 0.0576 624 463 889 687 0 0.0576 448 131 697 380 8 0.0574 307 214 544 442 11 0.0573 439 260 693 503 11 0.0570 409 364 772 546 11 0.0569 622 467 893 680 11 0.0569 308 217 552 443 5 0.0568 504 194 758 440 5 0.0568 496 0 755 195 7 0.0563 445 256 697 502 0 0.0562 497 0 756 196 6 0.0562 566 207 826 448 5 0.0561 304 211 552 444 5 0.0560 615 461 888 682 3 0.0560 510 198 765 446 3 0.0556 501 0 758 201 5 0.0549 447 125 695 372 6 0.0547 629 466 896 686 2 0.0546 566 213 823 446 13 0.0546 456 132 702 374 10 0.0546 497 4 757 197 8 0.0542 499 1 752 197 3 0.0542 443 257 694 508 10 0.0542 624 467 894 682 0 0.0542 494 588 759 822 7 0.0542 382 204 628 442 0 0.0541 439 258 694 506 0 0.0541 409 362 772 553 2 0.0539 499 4 759 194 7 0.0538 626 463 895 684 8 0.0538 446 196 689 437 3 0.0535 379 208 626 447 13 0.0535 311 213 557 447 10 0.0532 566 210 824 444 6 0.0530 455 129 704 374 11 0.0529 305 320 561 553 8 0.0529 495 587 750 820 13 0.0528 500 1 766 196 13 0.0528 510 200 766 441 7 0.0527 313 258 558 497 9 0.0527 501 0 760 193 7 0.0525 503 590 762 819 5 0.0523 494 583 754 822 3 0.0521 628 467 894 689 7 0.0520 419 363 777 547 13 0.0517 629 215 884 455 3 0.0515 310 262 553 502 5 0.0513 437 252 690 501 10 0.0510 452 134 699 374 8 0.0509 414 362 757 546 11 0.0509 493 591 755 818 9 0.0508 502 200 762 436 1 0.0504 557 206 823 450 2 0.0503 380 214 624 443 5 0.0503 402 358 768 548
NX8Nm2uBbkUBGDrHmnfbf1e7g6mx07IJ,5 0.0646 60 515 320 761 8 0.0626 36 544 379 733 0 0.0608 62 523 324 763 0 0.0600 516 332 768 563 11 0.0591 25 548 393 729 5 0.0583 450 333 715 570 8 0.0576 651 0 1008 155 8 0.0575 756 199 1008 456 11 0.0572 705 331 964 567 5 0.0571 753 198 1011 453 11 0.0565 644 405 892 642 2 0.0562 516 338 775 561 0 0.0560 643 328 882 577 8 0.0555 451 335 709 572 5 0.0555 500 454 756 701 3 0.0554 40 546 389 737 5 0.0554 572 334 825 575 8 0.0552 64 0 310 212 3 0.0552 134 0 378 212 11 0.0551 188 4 448 212 6 0.0549 34 547 393 731 5 0.0548 705 326 955 568 11 0.0545 503 462 765 700 11 0.0543 764 18 1019 251 6 0.0542 383 341 648 573 0 0.0542 251 0 504 207 0 0.0541 762 202 1018 455 0 0.0540 242 404 507 644 11 0.0540 452 339 719 568 0 0.0540 508 465 760 705 7 0.0540 457 340 720 575 11 0.0540 572 340 830 570 0 0.0540 642 220 887 460 5 0.0538 762 12 1015 253 5 0.0538 63 0 311 210 0 0.0538 129 1 375 210 13 0.0537 759 203 1023 460 11 0.0537 67 592 323 827 8 0.0535 252 0 503 203 0 0.0534 577 402 824 641 8 0.0533 693 25 936 263 7 0.0532 579 403 832 637 10 0.0529 66 596 323 830 7 0.0526 645 329 889 575 3 0.0526 770 18 1021 259 11 0.0524 447 207 718 430 6 0.0522 765 203 1019 454 5 0.0522 299 342 562 566 3 0.0522 519 332 771 568 11 0.0520 62 4 317 209 5 0.0520 437 202 715 424 10 0.0519 32 550 391 729 13 0.0519 771 14 1023 255 6 0.0518 654 279 900 512 3 0.0518 76 592 322 836 6 0.0517 524 334 780 558 0 0.0517 768 19 1017 256 7 0.0517 63 520 329 766 11 0.0516 303 346 571 571 13 0.0516 132 0 387 208 8 0.0516 700 143 937 388 8 0.0516 379 835 642 1023 2 0.0515 29 550 386 732 8 0.0515 708 323 949 572 0 0.0514 379 338 639 575 6 0.0513 718 330 963 571 13 0.0512 37 550 398 732 8 0.0509 574 336 817 576 6 0.0508 191 0 452 216 5 0.0507 185 1 437 213 13 0.0506 380 344 649 576 6 0.0505 70 0 320 209 11 0.0505 752 205 1017 455 0 0.0505 510 214 774 439 0 0.0504 382 195 652 437 6 0.0504 773 15 1019 252 7 0.0503 315 796 577 1022 3 0.0503 257 0 513 208 2 0.0502 507 470 767 701 8 0.0501 504 459 752 702
ub3Cl97oif12VOdyAinRTfZ9vFYiFm1k,11 0.0537 167 798 430 1015 11 0.0514 252 530 523 764 8 0.0514 300 398 567 631 7 0.0507 176 794 438 1020 0 0.0502 253 528 522 775
YpChctPSibVErjPPn8xmBocFjGwN2HJI,0 0.0587 365 724 629 969 0 0.0583 432 584 694 839 5 0.0573 360 721 626 964 8 0.0570 4 12 237 251 0 0.0569 508 524 772 769 5 0.0569 428 577 693 837 11 0.0566 364 657 642 898 8 0.0560 569 514 821 761 7 0.0552 438 584 701 838 5 0.0552 502 518 764 765 6 0.0549 474 423 830 604 5 0.0547 302 788 558 1021 7 0.0547 316 729 571 971 6 0.0545 652 448 907 694 11 0.0543 369 798 629 1020 5 0.0543 460 423 813 600 7 0.0543 374 655 645 906 5 0.0542 704 445 954 693 11 0.0539 425 586 697 833 6 0.0530 434 586 700 837 11 0.0527 307 729 568 965 6 0.0525 6 15 247 250 11 0.0524 461 426 818 600 0 0.0523 647 450 899 696 8 0.0522 365 725 622 967 0 0.0521 467 426 813 603 8 0.0521 645 448 893 697 6 0.0521 465 555 817 738 13 0.0518 313 795 571 1023 5 0.0515 0 11 241 252 8 0.0514 305 792 555 1023 7 0.0514 512 520 772 770 11 0.0514 0 17 247 250 8 0.0514 466 425 810 605 8 0.0512 509 585 753 828 10 0.0512 1 17 243 253 13 0.0511 2 17 253 256 8 0.0510 437 647 685 900 11 0.0510 504 526 768 766 3 0.0509 309 795 564 1023 0 0.0508 0 13 241 254 8 0.0505 437 521 689 771 6 0.0503 313 794 567 1022 11 0.0502 642 454 902 692 3 0.0501 365 725 632 970 13 0.0500 440 526 705 770
Gjq1Vwz4MPtkZQJg8YQaZqJT9WyqHhK3,11 0.0536 305 790 545 1022 13 0.0535 370 783 622 1023 5 0.0534 232 787 469 1018 11 0.0533 177 794 429 1010 6 0.0519 311 790 546 1023 8 0.0516 234 789 468 1021 8 0.0515 434 707 676 951 7 0.0515 235 793 479 1023 13 0.0506 239 795 488 1023 5 0.0505 428 705 680 947
pz5G20kpxO8dQIdG0x32qi5LmVQ5bZmM,5 0.0633 250 453 498 690 11 0.0624 241 521 495 746 0 0.0608 315 531 557 756 11 0.0605 262 393 514 624 8 0.0601 250 455 492 691 0 0.0598 184 267 447 510 8 0.0598 312 531 553 757 7 0.0595 324 458 569 694 3 0.0593 253 457 498 697 0 0.0593 326 393 573 626 5 0.0592 142 352 499 530 10 0.0581 261 395 509 622 13 0.0579 266 392 515 629 8 0.0575 182 519 428 749 11 0.0575 320 461 569 689 11 0.0574 249 267 516 500 3 0.0573 321 395 574 632 11 0.0570 378 530 628 751 10 0.0569 318 464 565 690 6 0.0568 257 459 499 693 0 0.0566 256 458 498 693 5 0.0565 183 515 436 749 7 0.0564 268 389 514 627 3 0.0564 315 532 557 761 12 0.0562 254 455 502 693 5 0.0561 316 393 571 623 7 0.0559 383 527 627 751 8 0.0558 326 396 566 624 8 0.0556 381 465 618 690 10 0.0556 244 524 490 746 11 0.0553 303 593 562 814 13 0.0553 322 458 569 695 10 0.0551 184 453 445 684 3 0.0549 443 526 687 755 0 0.0548 383 465 622 691 7 0.0548 249 517 494 748 8 0.0547 374 593 612 825 11 0.0546 182 588 437 814 5 0.0545 309 526 558 755 7 0.0544 311 590 558 818 8 0.0543 156 354 489 533 3 0.0542 381 466 623 696 3 0.0541 377 593 620 830 8 0.0536 241 590 486 816 0 0.0535 253 198 507 441 11 0.0535 179 448 452 686 3 0.0533 253 264 513 509 6 0.0533 324 398 578 625 2 0.0529 254 462 499 691 0 0.0527 245 591 494 814 6 0.0527 382 467 626 691 7 0.0525 186 583 434 814 11 0.0525 250 144 510 377 5 0.0524 374 460 620 688 6 0.0523 263 266 517 502 8 0.0523 441 526 678 754 0 0.0523 186 521 436 752 0 0.0522 375 590 619 822 7 0.0522 382 660 637 889 13 0.0520 157 354 505 535 10 0.0518 380 533 627 751 5 0.0516 241 586 495 812 11 0.0515 502 529 759 751 11 0.0514 244 666 503 874 13 0.0514 247 518 495 750 0 0.0513 440 525 686 752 11 0.0512 370 664 638 891 5 0.0510 369 589 620 821 1 0.0505 262 386 513 628 0 0.0505 302 657 556 891 13 0.0504 187 584 440 818 0 0.0503 318 88 588 341 7 0.0503 188 446 451 687 3 0.0503 246 590 494 820 2 0.0503 378 471 622 691 3 0.0502 187 520 438 754 9 0.0501 251 458 500 685 12 0.0500 326 394 576 629
yFX9DjLWiruAd109CgcxxhJ31jKs4Zpn,0 0.0676 1 781 243 1023 8 0.0644 1 775 236 1018 8 0.0613 236 665 502 899 7 0.0596 3 775 246 1021 11 0.0579 231 669 502 895 5 0.0579 0 776 238 1015 5 0.0570 231 661 498 895 11 0.0568 4 781 243 1018 7 0.0561 243 664 508 897 3 0.0550 8 779 243 1023 10 0.0541 234 668 503 892 0 0.0537 237 665 504 898 2 0.0530 2 784 246 1020 6 0.0526 7 780 248 1018 8 0.0520 507 269 767 506 3 0.0518 242 664 502 903 6 0.0510 234 665 509 897 9 0.0501 0 780 245 1017 8 0.0500 320 799 557 1022
P0Yj3BsGmysd5oFWqiSWbA1wA3AaGNvB,0 0.0625 0 801 234 1023 11 0.0608 0 803 236 1022 8 0.0601 0 796 231 1023 6 0.0595 0 804 238 1020 5 0.0580 0 798 229 1022 3 0.0579 3 799 231 1023 0 0.0578 103 807 357 1023 0 0.0560 0 676 235 913 13 0.0555 240 791 501 1023 11 0.0553 0 676 236 908 7 0.0548 4 797 238 1023 8 0.0540 112 800 349 1022 11 0.0533 104 808 354 1019 5 0.0528 94 804 350 1017 7 0.0524 3 672 238 914 1 0.0510 0 793 237 1023 11 0.0510 237 796 497 1020 11 0.0506 306 735 572 956 11 0.0505 422 459 690 708 6 0.0504 104 810 360 1019 5 0.0501 0 672 229 909 10 0.0501 2 678 237 911 10 0.0501 6 803 235 1023
P8oeC4wPR8O1SV3aNEtJqcowJCF2nMbH,11 0.0605 328 327 574 561 7 0.0571 268 327 511 571 11 0.0566 649 537 902 757 3 0.0561 187 336 436 585 11 0.0561 181 334 441 575 5 0.0559 490 673 760 896 0 0.0559 327 267 572 513 8 0.0557 569 674 833 899 7 0.0557 333 267 579 510 0 0.0555 181 331 434 581 6 0.0551 496 678 773 900 7 0.0550 183 388 440 654 11 0.0549 565 678 841 894 11 0.0549 428 673 704 892 13 0.0543 337 328 576 568 11 0.0541 377 592 642 816 5 0.0541 177 326 441 576 7 0.0540 438 666 709 894 6 0.0536 651 536 908 764 8 0.0535 184 331 431 580 3 0.0534 332 271 574 519 11 0.0524 394 449 642 689 6 0.0521 192 334 445 576 5 0.0520 325 262 571 506 8 0.0518 335 329 565 564 0 0.0518 569 678 841 901 5 0.0513 642 529 898 757 3 0.0510 576 674 837 905 0 0.0510 333 387 586 645 13 0.0508 650 537 907 760 6 0.0507 336 269 578 512 6 0.0502 259 394 516 648 7 0.0501 652 536 905 764 10 0.0500 331 275 579 512
WJR2hzdoTHKNJ8GPNQZM18YEboCpDRgd,11 0.0561 304 655 567 878 11 0.0552 253 730 509 956 11 0.0530 311 538 567 763 8 0.0530 305 656 559 881 11 0.0529 380 270 635 481 0 0.0523 244 795 501 1023 8 0.0522 249 793 487 1023 0 0.0520 303 655 566 886 8 0.0517 316 538 561 763 7 0.0511 329 550 712 722 11 0.0507 305 336 562 552 10 0.0504 317 543 568 763 10 0.0503 305 659 568 882
gqF9BhtQATKrj2yhOc4yMBbGsVhcTdpA,0 0.0597 720 423 953 648 11 0.0579 629 531 900 758 5 0.0551 545 674 876 855 8 0.0543 633 526 896 758 3 0.0541 636 529 897 763 8 0.0540 723 413 954 645 0 0.0527 628 530 898 763 11 0.0523 773 422 1023 640 5 0.0522 626 525 896 753 8 0.0522 558 673 872 858 7 0.0517 630 529 905 759
9uCXtUJCaWwbGlnkf9Va9vSERLNFbHMy,0 0.0604 387 153 635 389 0 0.0599 321 217 585 460 0 0.0578 260 127 527 377 7 0.0576 329 217 583 456 8 0.0574 380 211 627 459 8 0.0568 505 223 761 456 5 0.0565 316 219 581 456 11 0.0560 259 227 526 464 0 0.0558 505 158 767 396 6 0.0550 383 214 640 456 11 0.0550 382 214 639 454 8 0.0542 228 278 572 464 0 0.0534 195 201 453 442 7 0.0525 390 151 636 384 3 0.0523 331 221 587 464 5 0.0515 380 145 628 382 8 0.0515 195 202 443 440 6 0.0514 513 401 778 636 5 0.0511 501 219 765 456 11 0.0507 506 227 776 455 13 0.0506 230 277 596 469 11 0.0505 507 405 770 636 7 0.0503 508 218 771 457 8 0.0502 511 404 765 635
bKfWvMMjSlX20hpXmJTFPEef2GjDaXbW,0 0.0579 765 466 1015 697 5 0.0566 761 457 1013 695 11 0.0557 3 34 258 253 11 0.0556 762 469 1018 694 6 0.0548 434 0 686 242 8 0.0543 766 461 1006 694 11 0.0539 574 343 833 558 8 0.0537 13 29 244 258 0 0.0529 504 296 760 516 6 0.0526 772 464 1017 694 11 0.0525 425 3 680 242 0 0.0523 582 604 948 793 13 0.0517 769 465 1023 695 8 0.0515 576 340 818 562 2 0.0514 375 7 618 252 3 0.0514 433 0 683 250 7 0.0512 584 599 962 791 8 0.0510 430 0 671 247 8 0.0509 507 294 753 508 5 0.0508 573 333 825 569 0 0.0504 575 343 827 568 5 0.0503 372 0 618 250 11 0.0501 356 473 728 665 12 0.0500 769 461 1016 696
B2tmoyOPzrEQy7UkymC8WKIt42dJ27vS,11 0.0586 631 406 901 642 11 0.0567 572 336 820 573 11 0.0548 239 805 497 1023 8 0.0545 639 404 893 645 0 0.0540 637 409 901 646 8 0.0535 573 334 812 579 11 0.0524 180 216 428 448 0 0.0521 180 214 427 451 8 0.0519 116 283 376 518 8 0.0517 183 215 420 455 5 0.0515 181 211 424 450 6 0.0514 126 286 389 515 7 0.0511 580 334 824 574 5 0.0510 248 330 504 566 3 0.0508 644 406 898 654 5 0.0508 634 404 899 644 7 0.0505 180 795 433 1023 13 0.0503 122 289 392 517 8 0.0503 183 795 422 1021
Wvyg1s2USYqA0bhyDtBETxFYcPn9OWGA,11 0.0648 0 793 239 1012 0 0.0629 0 789 240 1015 7 0.0613 367 789 631 1018 8 0.0598 2 781 236 1009 6 0.0581 1 791 243 1011 7 0.0576 5 786 242 1012 5 0.0572 0 785 237 1014 3 0.0568 1 784 236 1019 13 0.0563 239 788 491 1021 5 0.0562 355 786 619 1013 5 0.0556 225 782 480 1011 11 0.0552 364 792 624 1014 6 0.0546 236 787 483 1016 11 0.0545 367 200 651 428 0 0.0542 231 788 481 1022 8 0.0542 372 201 637 432 10 0.0539 230 792 480 1017 2 0.0538 1 792 241 1010 7 0.0538 439 737 700 964 11 0.0536 228 791 483 1016 5 0.0532 500 461 763 707 10 0.0526 362 794 624 1017 5 0.0523 362 131 646 359 7 0.0523 234 786 488 1016 8 0.0521 369 787 618 1018 3 0.0519 368 786 625 1023 13 0.0518 372 791 631 1020 0 0.0517 363 788 623 1021 11 0.0517 433 742 699 958 13 0.0515 1 785 243 1014 0 0.0506 439 214 706 451 8 0.0506 439 743 687 967 10 0.0505 0 796 237 1012 0 0.0502 367 133 652 365 6 0.0501 371 789 627 1014 11 0.0501 449 272 716 500 13 0.0501 508 472 771 712 11 0.0500 452 154 718 377
hsWGTdpRRwnsDPbOvwILuKCw3ijdRYSe,11 0.0585 500 458 766 701 11 0.0571 560 531 834 765 8 0.0549 503 404 753 645 0 0.0537 504 405 763 645 5 0.0534 618 264 875 505 5 0.0521 442 6 697 249 7 0.0512 571 578 829 827 7 0.0511 500 662 762 910 7 0.0507 508 404 769 645 6 0.0502 511 459 764 706
6VCvbWMaPZKPqAaOXCbueRkm64aguUji,8 0.0606 384 324 612 571 0 0.0590 456 324 696 568 11 0.0582 395 159 638 384 8 0.0581 394 209 632 454 5 0.0577 387 155 631 383 7 0.0570 399 355 771 539 0 0.0566 319 327 564 580 8 0.0562 316 424 688 607 5 0.0560 306 421 696 607 5 0.0551 376 324 613 568 0 0.0551 323 211 570 459 6 0.0549 322 363 706 547 6 0.0543 454 270 701 511 10 0.0542 380 329 619 573 5 0.0542 311 532 562 783 3 0.0541 463 328 698 570 6 0.0541 398 157 644 382 11 0.0537 457 332 700 566 11 0.0535 323 217 570 456 5 0.0534 175 572 423 831 2 0.0531 396 216 639 458 0 0.0528 266 55 520 302 13 0.0528 261 0 506 227 3 0.0528 319 424 702 612 7 0.0523 397 212 640 458 8 0.0521 330 141 570 374 13 0.0518 267 134 520 372 10 0.0518 310 424 704 609 13 0.0517 325 363 710 550 5 0.0517 447 265 691 512 10 0.0515 393 216 642 456 6 0.0514 588 414 840 647 11 0.0508 320 333 566 574 8 0.0508 260 211 492 442 7 0.0507 318 425 706 610 3 0.0507 398 211 640 461 0 0.0505 178 515 419 775 11 0.0504 185 208 435 453 5 0.0503 327 64 582 294 2 0.0501 380 332 619 577 7 0.0501 180 516 428 768 11 0.0501 176 523 426 768 8 0.0500 177 514 413 769
BRgKctvt22nwDo1P3VncDNpJpuFLFWKo,7 0.0618 318 581 571 840 11 0.0615 186 739 437 950 5 0.0609 312 579 565 831 8 0.0607 240 589 487 839 0 0.0600 188 594 443 847 0 0.0600 382 514 641 758 7 0.0600 386 511 645 762 8 0.0599 190 462 444 715 11 0.0597 236 591 497 839 2 0.0595 240 597 494 844 11 0.0594 318 510 579 754 8 0.0587 126 782 368 1008 0 0.0586 246 512 505 768 0 0.0584 448 794 689 1021 0 0.0581 318 653 579 904 0 0.0581 246 789 497 1010 13 0.0580 322 584 571 839 5 0.0579 379 509 640 752 11 0.0579 315 657 576 896 3 0.0573 238 590 492 847 5 0.0569 189 731 432 952 7 0.0567 251 510 511 768 6 0.0567 241 592 497 845 8 0.0567 321 650 571 899 5 0.0564 190 512 446 764 3 0.0564 326 510 577 762 13 0.0562 251 792 503 1012 2 0.0562 320 513 577 759 11 0.0560 243 461 504 704 5 0.0559 302 446 570 695 7 0.0558 312 451 578 700 8 0.0558 324 509 573 755 8 0.0553 249 788 491 1011 11 0.0553 446 794 688 1014 13 0.0549 128 784 384 1011 7 0.0545 193 738 439 958 10 0.0544 124 735 380 950 0 0.0543 310 450 570 697 7 0.0539 190 592 450 843 6 0.0537 320 656 583 897 6 0.0536 192 517 452 766 13 0.0526 391 515 647 757 13 0.0524 250 511 508 768 6 0.0523 309 453 575 700 3 0.0520 245 458 500 713 6 0.0520 254 730 504 951 13 0.0519 188 595 451 842 7 0.0518 454 788 698 1014 13 0.0518 317 453 579 698 0 0.0516 122 778 372 1010 3 0.0515 193 736 437 960 2 0.0509 243 461 500 710 6 0.0508 385 515 646 755 10 0.0505 247 792 496 1005 8 0.0504 376 789 616 1011 5 0.0503 178 396 443 642 2 0.0503 191 743 437 957 9 0.0502 317 509 576 751
eXEMZyMMX4x6Ct8IaarSN5ixtWn3CSsr,11 0.0648 300 723 567 960 5 0.0605 242 718 484 959 7 0.0578 246 721 490 966 0 0.0572 245 719 493 964 13 0.0564 247 720 497 967 11 0.0562 377 95 650 312 0 0.0560 317 256 574 495 8 0.0555 376 140 634 376 10 0.0555 243 726 489 964 11 0.0552 317 261 575 489 8 0.0546 254 265 494 498 8 0.0545 248 720 485 964 3 0.0539 307 721 563 969 0 0.0538 374 142 641 377 11 0.0536 419 743 687 968 0 0.0528 369 731 635 970 8 0.0527 369 734 622 970 13 0.0526 371 735 639 976 3 0.0525 382 143 643 380 6 0.0524 309 724 566 965 5 0.0519 316 255 572 488 3 0.0518 322 259 575 497 6 0.0516 378 142 648 375 7 0.0516 328 255 577 491 5 0.0512 364 730 628 968 5 0.0510 373 137 639 371 13 0.0506 384 95 657 319 11 0.0506 188 278 445 498 7 0.0501 381 138 644 376 10 0.0501 367 738 635 967
Kcb476h1j3abNNvbOkGDa6bBWWo1I1iR,5 0.0662 312 331 567 583 11 0.0659 378 400 632 647 0 0.0655 319 265 571 519 0 0.0644 380 399 629 649 11 0.0642 317 270 573 513 6 0.0640 318 269 572 517 8 0.0639 320 268 562 515 5 0.0626 373 265 629 511 5 0.0618 376 396 625 648 7 0.0613 382 268 635 515 5 0.0608 433 329 686 581 8 0.0607 315 397 566 648 8 0.0601 378 337 625 582 11 0.0600 444 274 697 514 7 0.0598 322 335 575 584 3 0.0595 440 329 689 589 6 0.0594 258 335 501 577 6 0.0593 318 398 575 651 13 0.0590 319 395 578 651 13 0.0588 382 267 641 514 8 0.0588 440 395 687 648 10 0.0587 315 336 568 582 8 0.0579 253 334 495 578 7 0.0578 381 399 634 651 0 0.0578 445 272 689 520 5 0.0578 248 269 501 516 5 0.0577 308 198 565 437 3 0.0576 318 334 570 587 5 0.0575 442 213 706 448 7 0.0574 441 333 694 587 7 0.0568 259 268 508 520 10 0.0566 376 403 633 648 2 0.0565 319 272 566 514 8 0.0565 309 525 563 778 0 0.0564 253 332 503 576 11 0.0560 249 335 505 572 13 0.0559 256 333 506 579 3 0.0558 379 399 631 652 13 0.0554 441 332 695 585 4 0.0553 315 334 575 584 8 0.0550 444 269 687 519 13 0.0549 453 217 718 452 10 0.0549 251 275 498 520 10 0.0547 376 268 634 513 6 0.0546 442 399 695 650 6 0.0545 447 273 698 518 2 0.0544 377 341 630 583 5 0.0543 366 526 621 773 10 0.0543 438 334 693 584 13 0.0542 377 590 635 838 11 0.0541 302 528 569 776 0 0.0541 508 415 764 657 12 0.0540 320 332 571 582 2 0.0540 446 276 696 518 9 0.0540 373 339 633 579 0 0.0537 369 529 627 775 11 0.0535 505 414 765 651 11 0.0527 250 211 509 453 8 0.0525 383 787 619 1010 13 0.0523 317 200 581 444 0 0.0522 251 210 504 457 2 0.0520 315 398 568 650 7 0.0517 376 591 634 840 4 0.0515 379 401 635 648 12 0.0514 379 265 634 514 5 0.0514 503 409 756 650 0 0.0513 327 141 580 380 8 0.0512 327 143 567 375 11 0.0512 294 794 554 1012 0 0.0510 378 793 626 1012 12 0.0510 440 330 694 585 2 0.0509 443 401 692 647 6 0.0509 310 528 573 780 12 0.0508 382 400 632 650 7 0.0507 319 200 572 442 13 0.0507 514 470 772 714 10 0.0506 313 204 569 440 2 0.0504 372 528 629 771 8 0.0504 375 587 623 835 8 0.0503 256 210 494 458
Eon4eFBdy5VES3NCQByEfKkYxL3BGkOc,7 0.0664 189 655 447 886 7 0.0651 262 719 507 966 11 0.0646 183 659 443 887 11 0.0645 315 651 565 888 7 0.0645 321 579 566 811 11 0.0639 118 732 372 956 8 0.0622 184 652 433 889 11 0.0611 257 718 503 962 5 0.0608 256 714 498 961 7 0.0592 126 728 373 959 8 0.0585 319 650 561 889 0 0.0584 261 717 503 969 8 0.0584 118 728 364 960 8 0.0581 261 717 500 965 0 0.0580 318 650 565 890 6 0.0566 263 724 508 966 10 0.0562 314 652 566 886 5 0.0561 314 645 564 886 0 0.0557 118 729 372 963 13 0.0554 263 721 513 967 11 0.0546 248 523 501 745 2 0.0543 188 727 436 961 7 0.0543 255 521 508 748 0 0.0536 189 659 444 890 11 0.0536 304 455 563 683 3 0.0535 322 650 569 896 6 0.0535 320 651 570 889 10 0.0529 258 724 503 964 11 0.0527 652 2 907 203 3 0.0526 189 720 435 964 5 0.0525 118 723 363 959 13 0.0515 320 653 576 892 5 0.0510 183 656 439 885 6 0.0510 190 662 449 884
1MABhxkUGVQk2CS4pMY8ltTwzfbV7jXr,0 0.0536 120 0 362 227 11 0.0525 247 76 489 311 0 0.0508 457 337 709 566 5 0.0504 456 331 700 571
mY06BVm9yHmArMdy3OeprhBaOAI3MACb,5 0.0592 624 326 878 566 11 0.0581 146 1 533 147 11 0.0577 622 271 883 512 6 0.0573 631 271 893 513 5 0.0564 678 265 937 494 0 0.0559 244 324 496 560 11 0.0559 242 329 500 559 8 0.0558 149 1 523 148 5 0.0553 302 0 558 197 5 0.0551 115 0 380 192 13 0.0548 181 341 445 580 0 0.0547 150 2 530 148 7 0.0543 153 0 544 148 8 0.0542 625 266 876 521 10 0.0542 148 4 535 145 0 0.0540 684 270 938 502 8 0.0535 252 16 495 254 10 0.0530 182 21 433 253 3 0.0530 245 327 498 566 11 0.0527 616 402 886 625 3 0.0527 151 1 536 150 7 0.0526 254 14 509 255 13 0.0525 630 275 892 520 8 0.0525 248 324 491 562 5 0.0524 238 273 492 496 11 0.0522 179 19 434 253 5 0.0520 172 336 432 573 5 0.0519 299 382 560 633 13 0.0518 150 0 541 150 0 0.0517 624 333 877 571 7 0.0514 459 794 718 1023 6 0.0514 151 0 541 150 11 0.0514 558 336 812 572 3 0.0513 187 21 436 262 13 0.0513 184 21 440 258 8 0.0510 561 329 807 577 13 0.0508 305 392 568 637 3 0.0505 629 276 885 526 7 0.0505 578 282 828 520 0 0.0504 512 280 765 508 7 0.0502 179 339 442 579
MqmKiS4BP8pmU85ByAPde9O8bSV0Fl7t,7 0.0572 270 671 644 849 0 0.0570 365 522 610 759 0 0.0563 264 668 638 851 11 0.0562 262 673 643 848 11 0.0546 361 525 611 757 5 0.0536 258 667 630 847 3 0.0535 269 672 638 854 8 0.0531 266 669 623 849 0 0.0527 199 703 445 942 11 0.0520 196 705 443 933 10 0.0515 262 672 637 850 13 0.0514 270 673 650 851 7 0.0507 369 520 617 755 8 0.0504 365 523 599 755
PAXSi7rcT1gZLalmT8lS0SbzSiDiMdFK,8 0.0653 323 349 567 587 11 0.0644 242 216 503 445 8 0.0643 318 214 567 444 0 0.0619 246 212 506 449 11 0.0614 318 350 576 588 11 0.0612 259 88 513 328 0 0.0611 321 346 580 593 8 0.0607 384 401 647 652 13 0.0604 245 213 510 448 8 0.0603 260 11 506 267 8 0.0602 377 271 626 513 0 0.0600 332 66 586 316 8 0.0597 257 143 504 390 0 0.0592 377 271 640 519 11 0.0590 375 274 638 513 6 0.0585 335 70 590 314 5 0.0585 239 209 502 447 7 0.0583 380 273 643 520 6 0.0582 247 214 505 446 11 0.0581 382 403 654 649 3 0.0581 258 143 520 398 7 0.0580 318 218 583 445 6 0.0580 321 348 580 584 8 0.0578 335 65 577 314 13 0.0575 391 339 649 578 13 0.0568 251 347 503 587 7 0.0567 322 347 578 591 5 0.0566 244 340 497 586 5 0.0564 255 82 511 327 13 0.0562 320 143 596 386 3 0.0557 320 350 571 593 10 0.0554 201 88 450 335 7 0.0548 385 398 662 656 3 0.0546 382 85 647 325 3 0.0545 381 272 634 518 6 0.0544 387 402 666 648 0 0.0544 253 13 513 267 3 0.0538 382 402 655 655 5 0.0533 384 334 643 574 10 0.0533 245 220 502 446 6 0.0532 383 273 643 511 2 0.0530 389 345 644 572 10 0.0530 248 352 499 586 7 0.0529 259 14 517 266 3 0.0526 262 15 516 270 12 0.0524 247 214 504 451 13 0.0521 453 405 725 643 10 0.0519 254 20 512 265 9 0.0505 248 216 503 441 5 0.0503 442 400 716 644 9 0.0502 248 349 497 583 11 0.0502 126 527 378 758
XfH41gnOVBHepn5ay4pNp45ZvVQfSJOO,11 0.0633 435 728 691 967 7 0.0617 308 801 568 1023 8 0.0601 436 724 686 973 7 0.0599 376 722 638 969 5 0.0597 368 717 628 959 11 0.0597 370 656 637 891 6 0.0593 438 726 694 971 5 0.0592 300 796 560 1021 8 0.0585 370 654 630 892 6 0.0564 310 804 562 1023 0 0.0561 439 724 692 972 6 0.0558 375 654 641 892 13 0.0558 374 723 638 966 11 0.0558 303 805 563 1021 0 0.0557 375 651 637 896 0 0.0546 32 1 378 161 8 0.0545 304 801 559 1023 8 0.0540 31 0 359 157 0 0.0540 522 547 898 734 10 0.0529 370 657 635 891 10 0.0528 435 731 693 968 0 0.0527 303 802 560 1023 10 0.0527 29 3 371 158 3 0.0525 378 723 633 972 5 0.0524 519 545 894 725 6 0.0524 33 0 384 156 10 0.0523 302 805 565 1023 13 0.0520 308 804 570 1023 6 0.0517 529 547 905 728 8 0.0508 524 546 884 733 3 0.0504 307 806 565 1023 0 0.0503 513 411 757 644
ebeDREGhvdcaDf8ChjjnfW2eXcS9bOE7,5 0.0579 434 264 678 504 8 0.0566 3 796 236 1020 8 0.0560 440 267 677 507 0 0.0558 374 0 648 195 8 0.0553 375 0 636 193 10 0.0548 373 7 646 188 11 0.0546 436 269 686 502 7 0.0540 384 259 629 502 11 0.0534 368 0 644 192 6 0.0531 374 0 650 190 7 0.0529 375 0 648 197 11 0.0528 0 802 247 1017 0 0.0526 0 801 251 1023 11 0.0516 507 546 779 771 13 0.0516 318 2 594 200 2 0.0515 440 277 684 505 0 0.0515 438 267 683 508 11 0.0510 572 158 823 385 8 0.0502 516 487 768 721 6 0.0501 439 270 687 506
ZEwI5mDyEswSCOjz6mhuKBJ3mWHMYz1y,0 0.0653 117 670 383 895 8 0.0651 180 664 442 896 5 0.0645 115 667 378 891 0 0.0610 188 601 458 830 11 0.0609 176 668 448 892 7 0.0606 243 669 524 900 5 0.0599 183 598 449 821 11 0.0595 240 726 510 962 5 0.0590 236 667 514 896 0 0.0585 184 732 451 971 13 0.0578 125 670 385 892 0 0.0574 241 674 520 903 6 0.0568 116 670 385 894 8 0.0560 248 721 505 967 10 0.0552 173 674 448 895 3 0.0546 190 599 451 831 3 0.0543 118 670 380 897 7 0.0542 120 669 385 892 7 0.0541 192 598 458 825 5 0.0537 180 729 442 964 7 0.0536 182 730 453 971 7 0.0529 12 608 376 801 2 0.0526 117 674 381 896 6 0.0523 242 669 522 899 6 0.0521 188 602 456 826 8 0.0518 0 682 324 866 13 0.0516 251 726 519 966 10 0.0512 0 690 332 867 3 0.0511 242 669 518 905 1 0.0511 114 664 379 890 5 0.0509 3 608 365 798 11 0.0509 0 683 340 864 11 0.0503 302 209 560 421 3 0.0502 186 731 446 974 0 0.0501 5 610 370 800
7Vi5Fx88ztzxAyTURG9b3Y9U2xyOlfE2,0 0.0616 390 411 643 652 11 0.0611 517 347 764 584 5 0.0599 447 147 697 382 0 0.0596 452 277 697 519 5 0.0589 509 272 760 517 13 0.0585 453 405 708 640 11 0.0584 625 353 887 597 8 0.0582 445 404 699 645 5 0.0580 308 402 575 651 0 0.0579 525 412 767 650 11 0.0577 451 208 699 451 8 0.0576 519 86 760 325 5 0.0576 442 401 695 639 10 0.0568 453 340 704 576 8 0.0567 516 344 760 589 5 0.0567 564 348 829 594 0 0.0567 244 404 511 652 6 0.0566 457 336 708 575 6 0.0566 391 276 642 509 8 0.0565 383 334 629 576 5 0.0565 380 271 635 507 6 0.0560 459 208 704 450 11 0.0557 384 337 636 574 8 0.0556 319 406 570 657 8 0.0555 382 202 621 441 13 0.0554 454 277 705 517 11 0.0553 308 273 569 500 11 0.0547 447 410 701 639 7 0.0546 456 271 700 515 13 0.0545 321 406 583 657 10 0.0543 268 408 642 593 3 0.0542 522 86 768 329 10 0.0541 388 206 629 438 6 0.0541 529 413 771 642 6 0.0540 278 405 645 590 0 0.0540 455 150 700 389 7 0.0539 455 404 704 642 3 0.0539 392 409 641 653 6 0.0538 520 277 765 516 11 0.0536 323 140 574 371 8 0.0535 455 152 695 386 7 0.0535 521 85 769 323 13 0.0533 458 150 707 386 0 0.0533 384 206 626 442 13 0.0533 389 338 642 578 5 0.0531 511 83 762 320 0 0.0529 519 88 769 326 5 0.0527 233 332 502 562 5 0.0521 313 204 565 430 10 0.0521 456 153 702 383 2 0.0520 455 215 701 453 13 0.0518 389 201 637 442 11 0.0518 515 89 767 319 0 0.0518 377 0 658 196 0 0.0518 314 271 565 505 6 0.0517 392 145 635 376 7 0.0516 387 202 630 440 6 0.0515 327 209 576 435 7 0.0514 389 334 637 574 6 0.0512 519 87 771 322 0 0.0511 326 139 572 374 8 0.0511 449 273 696 517 3 0.0510 458 208 700 459 2 0.0510 454 342 703 576 7 0.0507 319 407 578 655 10 0.0506 517 89 764 322 11 0.0504 239 340 506 565 7 0.0503 458 149 703 387 10 0.0502 522 421 769 642 11 0.0501 375 2 655 195 10 0.0501 324 143 574 369 3 0.0501 389 277 639 514
Hwm2zXyPdkuG2Vco2MHp4fgvAGBcGOSQ,11 0.0669 241 352 504 573 7 0.0633 247 348 511 574 11 0.0629 306 277 575 508 7 0.0627 377 342 635 585 5 0.0619 173 347 433 575 8 0.0617 247 347 500 573 7 0.0612 187 413 455 649 3 0.0605 372 339 630 588 8 0.0603 367 340 624 584 7 0.0601 316 279 578 508 5 0.0600 302 272 573 507 8 0.0599 310 275 569 510 2 0.0597 371 347 629 582 11 0.0597 181 417 448 649 8 0.0593 191 413 441 648 11 0.0593 368 341 629 584 6 0.0586 373 345 633 585 3 0.0586 246 346 504 579 6 0.0585 180 352 437 579 5 0.0585 364 335 629 582 3 0.0585 311 277 575 516 13 0.0585 247 348 511 576 0 0.0581 242 348 504 578 5 0.0576 231 189 496 432 5 0.0576 576 334 826 567 0 0.0574 308 276 574 511 13 0.0573 189 412 452 652 13 0.0572 372 341 637 584 0 0.0571 779 392 1023 636 11 0.0567 233 199 503 433 7 0.0564 517 325 765 568 5 0.0561 766 325 1022 569 0 0.0560 183 414 445 651 8 0.0559 381 140 626 370 11 0.0556 772 333 1023 572 13 0.0555 310 280 580 512 0 0.0555 371 342 632 588 8 0.0553 568 523 810 767 7 0.0551 381 206 646 437 11 0.0550 562 525 819 768 0 0.0549 513 331 756 569 3 0.0548 383 205 643 445 5 0.0548 169 453 441 698 10 0.0546 241 354 508 575 8 0.0546 780 390 1017 638 10 0.0545 305 284 578 506 11 0.0542 377 206 644 438 6 0.0541 381 209 649 436 7 0.0538 573 521 826 772 2 0.0537 247 354 500 575 6 0.0536 519 326 760 565 0 0.0533 247 131 505 374 10 0.0532 777 397 1023 634 8 0.0530 113 457 376 714 10 0.0530 186 420 449 648 2 0.0530 514 332 755 563 7 0.0529 783 391 1023 636 8 0.0529 506 326 750 562 10 0.0528 367 346 634 584 5 0.0528 374 132 633 366 9 0.0525 366 342 628 582 3 0.0525 245 197 500 444 11 0.0524 584 342 831 570 2 0.0524 781 395 1023 637 6 0.0523 786 391 1023 636 11 0.0523 237 74 505 304 11 0.0523 761 663 1019 896 3 0.0521 773 334 1022 576 8 0.0520 249 136 500 372 6 0.0520 308 284 576 511 3 0.0518 189 413 444 656 6 0.0518 251 135 510 369 9 0.0517 241 349 505 570 13 0.0516 515 325 761 562 3 0.0516 517 328 754 571 6 0.0510 177 457 444 705 13 0.0504 253 137 513 374 11 0.0504 580 0 850 203 13 0.0504 386 143 640 371 13 0.0502 782 390 1023 643 2 0.0502 190 418 442 649
cU98vqDVGXLzqA3pIKT1KsyP3fNjGb2H,7 0.0580 506 721 756 959 0 0.0551 500 720 751 964 8 0.0527 500 717 744 957 11 0.0527 309 395 565 627 10 0.0516 497 724 756 961 11 0.0513 499 724 751 958
c3kR3fujXUxZLPfASUI1hVz5DLllWlQu,11 0.0581 304 202 577 429 7 0.0573 380 308 641 559 11 0.0571 257 456 506 703 10 0.0553 247 208 508 440 8 0.0553 385 445 626 697 5 0.0550 379 382 633 635 11 0.0548 451 380 719 621 7 0.0546 311 198 576 431 11 0.0545 383 452 642 689 0 0.0543 376 309 638 556 11 0.0540 376 312 643 550 11 0.0539 378 145 649 376 0 0.0538 245 201 504 444 0 0.0535 260 460 509 709 11 0.0534 513 268 787 494 5 0.0534 508 264 781 497 8 0.0533 266 452 498 705 3 0.0531 374 196 648 428 8 0.0529 380 305 625 558 0 0.0528 386 454 639 700 8 0.0524 623 0 866 205 5 0.0524 437 317 704 553 13 0.0523 461 442 718 694 13 0.0520 375 311 649 555 8 0.0519 514 266 774 506 8 0.0516 454 370 706 627 6 0.0515 446 326 719 556 0 0.0514 367 194 647 419 6 0.0513 388 386 643 637 5 0.0512 239 197 502 439 8 0.0512 440 213 710 423 5 0.0511 448 438 704 696 11 0.0508 517 458 775 698 5 0.0506 375 517 637 759 6 0.0506 628 0 880 203 5 0.0504 563 156 831 372 3 0.0504 374 311 643 565 10 0.0504 260 462 505 706 5 0.0504 434 207 716 415 2 0.0502 445 334 705 559
dujgRHy12zBcTt0v7WRHau19tHYhsokH,5 0.0609 355 132 626 382 8 0.0583 370 69 619 307 8 0.0567 447 1 670 237 3 0.0552 454 69 693 318 5 0.0552 570 321 817 563 7 0.0547 576 389 831 631 0 0.0547 365 135 629 386 0 0.0540 311 205 564 451 5 0.0540 439 70 691 308 6 0.0538 370 208 622 447 3 0.0536 370 132 632 392 8 0.0534 572 329 813 559 5 0.0532 501 274 752 507 5 0.0532 304 203 561 443 11 0.0531 363 207 621 444 0 0.0529 573 392 826 633 13 0.0526 506 343 758 575 7 0.0523 579 267 834 507 11 0.0520 301 273 558 504 0 0.0518 310 68 576 312 13 0.0516 577 392 831 633 8 0.0515 369 203 615 443 0 0.0515 506 281 754 512 8 0.0511 502 278 746 504 11 0.0510 498 282 753 508 6 0.0507 575 389 827 631 11 0.0507 572 394 827 626 6 0.0506 192 804 452 1021 11 0.0506 185 805 450 1023 10 0.0505 365 208 625 446 7 0.0503 451 73 700 312 7 0.0500 369 134 636 387
zB5PJvT7yXtyGXKkmhgWRvIWMuEZmFyo,7 0.0566 316 468 571 704 13 0.0560 313 469 578 703 11 0.0556 373 597 638 832 7 0.0556 380 543 640 776 11 0.0553 268 331 513 564 8 0.0545 312 471 560 705 11 0.0545 313 468 571 702 0 0.0545 316 467 568 706 5 0.0542 372 533 636 771 5 0.0542 252 399 509 639 13 0.0536 274 329 519 568 11 0.0535 248 200 507 430 5 0.0533 309 464 568 702 0 0.0531 368 590 632 835 0 0.0528 259 402 510 645 8 0.0527 370 542 632 775 10 0.0526 370 595 640 832 0 0.0525 254 258 511 496 2 0.0522 316 475 574 705 7 0.0520 275 325 517 565 13 0.0520 184 268 448 504 6 0.0518 319 472 572 702 8 0.0517 275 322 506 565 3 0.0517 318 471 569 708 13 0.0516 379 539 651 776 6 0.0510 383 545 643 770 7 0.0507 310 592 562 824 3 0.0505 259 403 509 647 5 0.0504 425 652 692 889 5 0.0503 248 255 508 487
LMokOjyOMOQkmVHJFn3NG3qbr2iuunki,8 0.0658 286 0 628 146 5 0.0658 380 80 637 317 5 0.0647 278 0 631 147 8 0.0630 313 154 572 384 5 0.0621 307 204 570 435 8 0.0620 285 104 626 289 11 0.0617 281 0 636 148 5 0.0615 252 73 511 321 5 0.0604 357 25 704 213 6 0.0598 320 92 572 321 3 0.0597 301 31 652 217 5 0.0596 243 257 506 506 8 0.0586 364 29 699 212 7 0.0583 350 0 704 149 6 0.0583 282 1 632 147 0 0.0583 285 0 636 148 11 0.0580 445 15 713 251 7 0.0580 313 205 575 438 3 0.0579 389 88 638 324 13 0.0573 315 151 584 384 11 0.0569 311 209 573 435 11 0.0567 317 91 569 320 11 0.0566 247 264 512 503 11 0.0564 182 452 442 691 3 0.0560 312 210 574 442 7 0.0558 321 85 573 323 8 0.0551 447 89 693 321 0 0.0549 447 87 701 325 10 0.0548 312 215 578 436 10 0.0548 280 2 635 147 3 0.0543 251 267 512 515 8 0.0540 409 418 754 601 13 0.0540 214 0 575 146 13 0.0537 386 85 646 315 11 0.0536 306 395 579 627 0 0.0531 367 29 709 214 13 0.0529 257 79 519 323 0 0.0528 318 92 570 324 0 0.0525 314 209 575 436 9 0.0524 281 0 639 143 6 0.0523 371 158 730 347 3 0.0523 214 0 569 147 3 0.0520 256 83 513 328 13 0.0518 301 29 661 212 7 0.0517 451 82 702 326 6 0.0516 314 211 576 437 13 0.0511 249 268 520 514 8 0.0511 166 261 432 510 11 0.0510 235 537 510 761 0 0.0510 251 268 512 509 5 0.0509 175 659 456 890 1 0.0508 343 0 694 148 1 0.0508 309 145 573 385 6 0.0507 254 266 512 508 10 0.0507 317 96 575 323 7 0.0507 253 259 513 508 7 0.0506 423 418 773 604 5 0.0502 503 73 759 315 10 0.0501 250 271 515 505 5 0.0501 399 411 760 601 5 0.0501 179 446 440 691 12 0.0500 346 0 696 150 9 0.0500 313 215 574 433
JeEMy4ABSTCX844dvE7J3Eegjdqdz46i,8 0.0654 309 0 567 196 8 0.0621 371 389 633 651 3 0.0617 311 0 576 197 0 0.0600 245 0 514 207 11 0.0597 372 393 638 651 5 0.0596 303 0 572 190 7 0.0591 308 0 575 193 6 0.0580 248 2 517 202 5 0.0580 367 385 635 654 11 0.0577 171 405 442 639 7 0.0577 378 318 646 578 8 0.0576 175 0 439 203 11 0.0572 305 2 576 192 11 0.0570 235 283 495 522 13 0.0569 248 0 519 204 3 0.0565 378 390 638 662 2 0.0563 247 3 511 203 10 0.0563 372 392 642 655 11 0.0556 181 511 443 765 5 0.0555 174 0 441 201 0 0.0552 436 405 699 661 6 0.0550 183 402 444 643 0 0.0549 376 321 641 580 0 0.0546 175 401 437 642 5 0.0545 317 64 565 305 7 0.0540 181 398 444 642 3 0.0537 179 401 434 650 6 0.0534 245 280 505 519 10 0.0533 307 3 577 194 9 0.0530 306 1 571 188 11 0.0529 174 1 447 202 7 0.0529 243 273 505 518 13 0.0528 373 392 644 656 10 0.0526 176 409 438 642 3 0.0525 181 2 449 209 13 0.0521 180 399 445 644 5 0.0519 169 397 433 642 0 0.0519 181 512 439 769 8 0.0516 178 399 429 642 6 0.0516 374 390 644 652 12 0.0513 309 0 574 195 5 0.0511 232 271 494 514 8 0.0509 329 68 561 315 0 0.0506 239 280 498 521 13 0.0503 241 278 508 524 3 0.0503 243 279 497 527
4ULBIds4Tq7aJViEW9J1oMkVhrTqGkcs,5 0.0619 499 467 750 706 11 0.0611 436 464 688 693 0 0.0596 509 467 755 712 5 0.0580 313 403 574 631 8 0.0561 508 467 747 707 8 0.0560 0 592 247 837 7 0.0560 2 594 258 840 3 0.0550 441 463 689 702 7 0.0550 437 464 694 692 11 0.0546 508 534 761 765 5 0.0539 430 336 674 560 0 0.0537 0 595 256 842 3 0.0537 315 347 570 573 8 0.0530 266 453 535 717 2 0.0527 435 468 696 692 11 0.0525 584 471 832 705 5 0.0525 0 587 250 833 11 0.0525 261 454 539 711 13 0.0519 326 409 593 638 11 0.0517 433 340 679 558 7 0.0516 317 346 578 566 0 0.0514 325 403 580 641 0 0.0510 432 339 678 567 6 0.0509 0 588 258 832 8 0.0508 444 531 689 760 7 0.0507 268 453 551 715 5 0.0507 755 2 1004 260 11 0.0506 0 599 253 833 13 0.0504 765 8 1014 261 13 0.0504 4 594 262 839
3PJO88mf7FcyhD9iwQO7bP1BW29eG2ie,5 0.0592 292 643 558 886 11 0.0557 237 541 491 783 13 0.0555 261 411 508 655 11 0.0550 310 418 559 657 8 0.0550 252 479 486 715 7 0.0548 241 536 497 780 6 0.0545 323 353 575 594 0 0.0542 256 411 504 659 8 0.0540 318 413 553 663 11 0.0537 364 577 631 824 3 0.0537 326 284 582 524 5 0.0531 358 569 626 821 5 0.0530 248 346 508 580 5 0.0524 305 411 556 656 8 0.0523 375 650 628 903 3 0.0522 373 653 636 907 5 0.0518 310 282 579 513 0 0.0514 299 645 568 899 7 0.0511 299 653 568 899 7 0.0510 254 348 512 588 8 0.0507 326 281 571 517 5 0.0507 225 580 491 821 0 0.0506 261 283 518 522 8 0.0506 260 350 505 589 13 0.0506 373 577 638 830 13 0.0505 308 653 575 898 3 0.0504 260 349 511 594 0 0.0502 236 578 495 836 10 0.0502 368 661 641 896 10 0.0500 235 546 492 778
A1iGOunDPZftCo4FqOdXcVn6siekKlpE,11 0.0601 371 790 631 1020 11 0.0601 514 513 754 757 11 0.0583 16 788 262 1012 8 0.0582 456 452 695 692 11 0.0582 448 593 691 820 7 0.0581 520 509 755 762 8 0.0579 515 508 747 762 8 0.0578 580 451 828 696 7 0.0566 372 787 638 1023 0 0.0560 454 454 699 697 5 0.0554 448 448 698 694 10 0.0552 367 792 634 1019 0 0.0551 19 787 257 1018 3 0.0550 518 507 752 765 6 0.0546 457 453 705 691 8 0.0543 452 592 683 824 6 0.0540 520 509 755 761 13 0.0540 461 454 707 692 3 0.0538 454 590 688 829 6 0.0536 373 791 636 1023 0 0.0535 581 454 828 699 7 0.0533 456 589 691 825 5 0.0531 365 783 625 1019 13 0.0529 455 592 694 827 8 0.0526 20 778 247 1018 5 0.0526 447 585 687 825 11 0.0525 0 680 243 893 7 0.0525 583 452 832 698 10 0.0524 513 509 753 761 11 0.0523 368 529 630 758 11 0.0523 577 458 835 695 7 0.0519 374 528 628 761 13 0.0518 582 454 840 698 3 0.0517 374 790 633 1023 8 0.0516 371 527 615 759 5 0.0516 13 783 250 1013 8 0.0515 371 789 623 1020 2 0.0514 455 460 702 695 6 0.0509 587 453 834 696 11 0.0503 366 671 628 898 8 0.0503 369 671 617 902 13 0.0501 377 790 642 1023 3 0.0501 586 453 833 703 0 0.0500 447 587 689 825
X6Orib7sM87odlWDY1BYeKz5Xm2Gj3Yi,11 0.0632 508 410 760 649 8 0.0604 510 411 758 653 11 0.0580 425 600 685 817 6 0.0579 512 413 768 653 11 0.0576 516 278 776 517 5 0.0564 245 0 503 196 5 0.0558 572 404 835 646 8 0.0557 497 603 755 832 11 0.0554 577 344 846 579 8 0.0552 252 2 498 196 0 0.0550 577 415 844 649 13 0.0548 518 413 774 653 11 0.0547 296 667 563 888 5 0.0546 326 24 572 258 8 0.0541 396 21 643 260 0 0.0541 511 349 764 594 5 0.0540 492 594 755 836 3 0.0538 580 410 840 656 7 0.0538 515 408 773 655 5 0.0536 308 140 569 378 13 0.0535 252 0 511 201 11 0.0526 237 138 509 369 13 0.0525 588 345 855 581 6 0.0520 502 606 764 835 0 0.0515 250 0 507 198 6 0.0512 247 139 510 376 8 0.0510 522 275 768 521 7 0.0507 498 604 764 836 0 0.0506 494 601 759 837 2 0.0505 578 414 845 647 11 0.0504 175 211 450 430 5 0.0503 502 344 758 588 3 0.0503 513 348 764 597 10 0.0503 500 602 760 835 11 0.0501 389 151 653 378 8 0.0501 585 343 841 583
z8EWYhIkBSBJVQVKfHIVFtfFo4DheNdA,8 0.0641 369 275 625 507 11 0.0609 368 280 631 506 6 0.0584 375 277 634 506 5 0.0570 368 271 626 508 3 0.0560 372 278 631 510 0 0.0557 369 276 632 509 7 0.0552 383 330 639 570 10 0.0546 369 279 631 506 2 0.0531 372 281 629 506 13 0.0521 383 331 642 572
qohVFl9Npi8KjKXxcBjtntnnswcNa1Yb,8 0.0606 450 462 705 698 3 0.0604 376 32 623 256 8 0.0604 246 28 495 258 6 0.0600 597 410 847 645 6 0.0598 517 529 771 769 8 0.0595 524 405 773 641 6 0.0594 458 592 703 821 0 0.0593 244 25 499 258 5 0.0591 589 407 841 643 3 0.0586 524 404 780 645 11 0.0583 452 463 714 694 11 0.0583 236 27 501 254 8 0.0580 514 532 756 768 3 0.0576 246 25 498 264 0 0.0575 312 87 568 305 0 0.0573 595 411 849 646 7 0.0571 529 402 783 639 11 0.0562 522 406 780 636 6 0.0561 315 86 575 305 8 0.0556 591 475 833 705 7 0.0551 460 460 716 697 0 0.0546 513 464 770 706 5 0.0545 509 460 763 704 0 0.0541 508 582 748 819 11 0.0539 307 86 576 299 7 0.0539 243 23 501 256 12 0.0539 525 403 784 640 8 0.0535 370 35 611 253 11 0.0534 587 475 842 701 11 0.0533 192 138 451 377 5 0.0531 508 576 744 820 10 0.0531 450 592 693 820 0 0.0529 250 156 511 388 6 0.0526 245 24 505 258 10 0.0524 451 464 712 699 5 0.0518 245 80 511 311 11 0.0516 515 527 767 763 11 0.0515 235 332 510 563 10 0.0513 520 409 781 639 6 0.0512 452 464 721 700 2 0.0508 521 411 777 638 8 0.0507 454 588 689 816 5 0.0507 234 321 507 560 10 0.0505 243 34 504 255 3 0.0503 457 466 712 704 13 0.0502 377 32 630 247 6 0.0502 457 93 710 310 7 0.0502 459 585 701 814 10 0.0500 513 530 767 766
Vf2KXlAyyeRaWu7TO8kTYTlclomEXgAC,0 0.0633 9 598 254 840 11 0.0623 0 543 161 890 7 0.0620 569 461 813 714 8 0.0594 14 598 242 836 7 0.0587 439 465 698 703 8 0.0571 451 352 685 588 0 0.0567 565 461 809 720 11 0.0567 185 460 449 695 5 0.0564 443 350 690 586 11 0.0562 450 414 697 655 0 0.0560 188 459 445 700 7 0.0559 12 533 249 768 8 0.0555 190 456 439 697 10 0.0553 15 604 250 839 0 0.0552 452 412 696 660 7 0.0549 455 351 698 588 7 0.0549 638 387 878 633 5 0.0545 575 388 820 641 8 0.0540 581 391 817 647 3 0.0539 18 536 254 774 10 0.0538 578 397 830 646 11 0.0537 578 393 824 645 3 0.0537 455 411 695 662 8 0.0533 311 406 552 633 5 0.0532 6 597 248 838 11 0.0529 298 591 575 825 13 0.0527 566 464 815 715 5 0.0527 431 459 693 698 6 0.0527 371 457 636 697 8 0.0523 438 470 687 702 8 0.0518 255 643 503 888 6 0.0515 585 392 831 646 13 0.0513 0 538 164 899 5 0.0511 182 455 439 693 5 0.0508 297 459 562 691 0 0.0507 307 404 553 636 13 0.0506 310 466 571 701 6 0.0504 186 456 449 697 11 0.0503 303 410 559 636 13 0.0503 188 461 452 701 0 0.0502 635 389 871 632 10 0.0501 451 360 696 588
KTQNsEs8htn2b7BKY2iDk6TdiCMQrW1T,11 0.0554 576 149 823 375 0 0.0541 580 151 825 382 11 0.0531 358 285 632 522 8 0.0530 581 147 812 378 13 0.0525 370 284 641 529 5 0.0509 428 0 695 196 8 0.0508 431 268 690 512
qrNkTKItqjyBhZ97cATe6WhodvcP19Zs,11 0.0601 250 795 497 1019 8 0.0598 256 794 487 1021 7 0.0595 256 793 498 1023 5 0.0579 249 792 490 1022 0 0.0576 255 794 494 1023 11 0.0573 238 659 500 894 3 0.0547 256 790 495 1023 6 0.0543 257 795 496 1020 0 0.0542 244 656 498 903 11 0.0539 361 787 621 1013 11 0.0534 329 735 702 907 8 0.0524 364 782 614 1020 13 0.0523 256 794 502 1023 11 0.0519 264 491 620 664 7 0.0516 244 658 503 896 8 0.0513 242 658 489 897 7 0.0513 364 780 626 1019 0 0.0511 358 786 619 1023 7 0.0503 366 461 629 688
Fff3wn1PkStkXoehmJ9uNpPjLKtwTuPb,0 0.0668 0 730 320 913 11 0.0639 104 798 369 1021 0 0.0606 523 263 758 508 0 0.0599 104 797 372 1023 0 0.0598 441 331 688 580 5 0.0589 447 188 697 426 6 0.0589 72 793 314 1019 8 0.0587 3 731 313 910 11 0.0586 1 735 325 911 13 0.0583 385 260 637 507 8 0.0578 73 783 306 1022 11 0.0573 379 259 630 503 0 0.0569 382 257 630 508 3 0.0566 73 790 307 1023 7 0.0564 0 732 326 914 8 0.0561 457 191 693 431 11 0.0558 452 197 700 429 11 0.0557 378 132 638 372 0 0.0557 56 533 307 782 0 0.0556 455 194 698 432 5 0.0555 501 331 749 577 6 0.0552 520 200 758 436 11 0.0551 55 541 311 776 0 0.0551 582 206 816 441 11 0.0549 522 269 761 505 13 0.0548 461 196 707 431 7 0.0544 74 787 314 1023 7 0.0543 520 199 753 443 13 0.0540 529 268 770 507 11 0.0539 440 605 697 832 6 0.0539 591 105 840 327 3 0.0539 1 731 316 914 2 0.0539 522 268 764 506 5 0.0537 576 265 815 502 2 0.0535 454 198 697 432 8 0.0534 61 535 300 776 0 0.0533 498 398 744 654 11 0.0531 439 333 691 576 6 0.0530 1 733 326 909 11 0.0530 514 677 748 890 2 0.0530 382 261 626 504 6 0.0529 588 265 823 506 3 0.0529 459 192 697 436 8 0.0528 442 328 682 577 10 0.0528 73 792 310 1021 2 0.0527 2 736 322 911 5 0.0527 106 798 364 1020 6 0.0526 370 330 636 582 8 0.0525 583 264 813 505 6 0.0525 447 132 701 364 0 0.0525 568 334 811 582 11 0.0525 649 270 891 513 8 0.0524 384 256 621 509 7 0.0522 447 133 700 368 11 0.0519 297 344 567 583 8 0.0518 587 49 832 277 7 0.0518 525 673 751 894 11 0.0518 362 408 626 651 11 0.0518 581 210 818 439 13 0.0517 309 343 576 593 13 0.0517 386 134 644 375 5 0.0516 378 252 624 500 6 0.0514 459 257 702 503 6 0.0514 389 196 639 439 11 0.0512 307 202 568 444 10 0.0512 458 261 698 499 8 0.0510 382 132 625 376 5 0.0509 426 392 674 643 5 0.0508 53 532 302 778 7 0.0507 389 194 638 440 3 0.0507 526 265 762 514 5 0.0505 378 124 627 371 13 0.0504 3 732 329 914 8 0.0502 517 674 739 898 0 0.0501 382 133 635 376
gLFgfv8HyKwYzjOg8xJ2J5PVJqXiPoTq,11 0.0610 176 665 440 896 0 0.0570 178 659 441 902 0 0.0565 248 603 501 841 7 0.0560 182 660 446 898 11 0.0559 248 607 500 831 8 0.0558 181 660 433 898 5 0.0558 177 657 434 896 5 0.0547 246 598 496 831 10 0.0543 246 609 500 835 7 0.0533 254 523 502 760 3 0.0529 181 662 439 904 6 0.0527 253 611 503 832 8 0.0525 251 607 492 834 6 0.0519 183 662 442 897 10 0.0518 177 666 442 895
boMc8kU6TVpAD2XKmzAutyKmf91wzFhZ,0 0.0624 84 0 434 149 8 0.0612 83 0 420 148 5 0.0606 179 387 424 620 0 0.0587 254 316 514 560 11 0.0575 79 1 438 146 11 0.0569 254 387 512 616 3 0.0562 86 1 436 148 13 0.0556 85 0 448 149 8 0.0549 185 389 418 625 11 0.0549 329 328 589 549 8 0.0544 258 314 501 560 5 0.0541 75 0 432 147 11 0.0539 96 481 368 702 6 0.0538 89 2 438 145 3 0.0531 258 389 509 624 7 0.0530 188 390 428 623 5 0.0529 126 342 503 524 11 0.0529 135 344 513 524 13 0.0528 187 392 432 630 7 0.0527 79 0 438 147 11 0.0526 381 404 637 625 5 0.0522 248 246 510 479 5 0.0518 103 470 363 698 11 0.0510 243 121 508 362 6 0.0510 191 395 433 623 10 0.0505 184 401 423 622 13 0.0503 258 314 518 563 7 0.0502 259 312 516 558 10 0.0501 78 1 429 147 0 0.0501 187 393 427 625
RWTxcsYKxN2Fc0lN42JuCAhqGACsOXrn,0 0.0613 366 473 609 707 8 0.0582 368 601 619 831 11 0.0576 308 597 566 815 7 0.0567 249 523 494 759 7 0.0565 309 593 565 817 5 0.0556 242 523 492 756 0 0.0551 242 464 491 705 11 0.0546 305 472 555 702 8 0.0545 306 525 548 761 11 0.0544 386 674 644 894 13 0.0544 310 528 562 765 10 0.0541 314 411 561 650 8 0.0538 248 587 496 826 2 0.0536 247 530 495 760 5 0.0532 239 394 494 638 0 0.0531 368 602 626 834 11 0.0530 190 595 455 830 5 0.0527 364 532 615 767 3 0.0524 309 472 551 711 3 0.0523 310 594 560 825 13 0.0522 320 409 571 654 2 0.0522 310 602 563 821 11 0.0519 379 410 630 651 5 0.0519 384 668 639 896 7 0.0519 246 394 500 641 11 0.0517 250 64 523 296 13 0.0516 395 328 654 583 10 0.0512 238 471 488 702 0 0.0510 392 325 643 585 0 0.0508 259 61 518 301 8 0.0507 317 410 554 650 10 0.0506 307 532 553 762 6 0.0505 317 408 566 651 11 0.0505 318 336 574 580 8 0.0501 240 464 482 703
rS9Kegrm5GGg8UEIoFc8DJkPHG8hsDUr,0 0.0612 691 610 941 840 5 0.0595 499 265 750 490 0 0.0590 567 531 820 758 0 0.0584 322 193 564 433 0 0.0577 261 263 502 502 11 0.0572 439 140 684 371 5 0.0571 494 132 745 369 3 0.0568 511 267 748 498 11 0.0561 189 269 442 511 5 0.0560 441 374 697 626 11 0.0560 499 272 755 490 5 0.0560 1 0 256 204 13 0.0556 570 533 829 759 6 0.0556 579 462 836 698 5 0.0556 258 259 502 500 11 0.0552 322 194 571 426 7 0.0550 515 204 758 432 10 0.0545 508 275 749 489 13 0.0545 265 264 508 505 8 0.0544 442 382 689 625 11 0.0544 559 532 819 757 5 0.0544 566 199 815 428 0 0.0541 258 385 510 636 8 0.0540 446 265 688 497 5 0.0539 176 397 436 640 8 0.0535 6 0 253 203 0 0.0534 449 213 694 444 11 0.0531 499 75 758 313 11 0.0531 254 386 511 632 5 0.0529 566 456 827 696 0 0.0528 378 518 642 760 0 0.0528 638 461 899 688 0 0.0527 386 137 635 373 8 0.0527 322 444 576 691 8 0.0526 180 400 431 643 11 0.0526 565 144 811 370 6 0.0524 512 270 755 490 5 0.0524 621 527 882 755 7 0.0523 452 268 695 496 7 0.0522 386 451 648 695 3 0.0522 502 137 746 380 7 0.0517 264 384 510 635 8 0.0516 194 265 434 515 0 0.0516 318 443 585 695 13 0.0516 183 402 446 646 5 0.0515 317 188 564 430 7 0.0514 264 264 502 502 11 0.0514 316 443 584 691 10 0.0514 9 5 256 201 5 0.0514 315 435 582 692 8 0.0514 397 199 637 430 8 0.0513 569 529 810 758 10 0.0510 189 270 439 513 11 0.0510 441 383 699 628 6 0.0510 572 142 815 373 2 0.0509 261 268 503 501 10 0.0509 311 135 567 366 5 0.0507 380 132 630 364 6 0.0506 181 400 444 642 11 0.0503 374 514 644 756 11 0.0502 636 460 899 686 2 0.0501 379 519 647 756
IQGeBlS6HV6b5rh0i3nrARIzLEDBNL11,11 0.0626 214 423 565 597 13 0.0603 222 422 575 602 5 0.0602 314 332 570 571 0 0.0595 228 355 562 533 3 0.0592 322 335 575 575 7 0.0591 322 335 575 574 0 0.0589 309 208 561 434 5 0.0588 381 274 636 513 6 0.0587 390 279 642 515 11 0.0583 177 465 437 696 6 0.0579 246 408 511 648 3 0.0575 388 278 643 519 8 0.0573 319 337 570 573 11 0.0570 386 282 641 508 8 0.0569 382 280 634 515 8 0.0563 247 405 504 648 6 0.0563 232 356 568 535 13 0.0557 390 278 645 514 7 0.0552 182 461 436 698 8 0.0549 180 464 430 700 0 0.0545 385 276 638 516 7 0.0545 393 278 642 514 10 0.0545 212 424 564 597 2 0.0541 385 284 641 512 0 0.0538 224 480 576 667 13 0.0537 182 463 442 702 5 0.0535 173 461 436 695 2 0.0528 320 340 573 571 10 0.0526 177 467 435 696 6 0.0523 183 466 440 699 9 0.0521 381 281 639 509 12 0.0521 323 336 576 574 6 0.0519 433 149 690 376 3 0.0516 240 478 500 707 12 0.0515 249 408 508 647 10 0.0515 385 283 641 510 7 0.0509 314 203 569 433 11 0.0505 422 147 688 373 2 0.0504 245 410 508 646 0 0.0504 362 148 632 378 11 0.0502 356 79 628 301 10 0.0501 362 154 634 372 11 0.0501 251 206 506 436
JSfPOFqL5FYVEebpBtFpedhWEqx4WqN8,5 0.0630 364 324 622 558 5 0.0627 58 199 312 443 5 0.0621 296 259 560 484 0 0.0619 177 257 437 501 5 0.0611 367 197 622 436 11 0.0604 304 202 569 435 0 0.0602 247 206 511 443 11 0.0597 306 327 575 554 0 0.0596 64 268 325 516 5 0.0593 179 195 437 434 0 0.0588 370 202 625 437 0 0.0587 434 258 690 503 13 0.0583 254 209 520 447 13 0.0581 184 261 441 505 11 0.0581 179 200 443 436 8 0.0580 0 203 243 448 5 0.0578 429 385 673 623 0 0.0572 366 328 625 565 7 0.0572 371 330 628 564 0 0.0567 1 206 250 447 8 0.0567 306 198 564 439 11 0.0567 241 270 505 497 8 0.0567 65 263 317 515 11 0.0566 431 329 681 565 5 0.0565 433 254 687 501 3 0.0564 304 260 564 491 11 0.0564 506 223 766 457 0 0.0563 235 330 503 559 0 0.0561 190 140 443 385 13 0.0560 69 264 332 519 3 0.0556 376 202 629 443 5 0.0555 0 132 248 372 11 0.0554 3 666 258 886 8 0.0554 125 139 371 376 5 0.0553 312 395 569 623 3 0.0552 184 197 442 443 6 0.0552 304 262 569 488 2 0.0552 435 334 682 564 11 0.0551 114 265 376 502 5 0.0551 228 331 497 551 2 0.0550 303 267 563 485 0 0.0549 748 1 1013 252 6 0.0548 382 400 639 631 7 0.0547 247 271 504 499 8 0.0546 367 323 619 566 6 0.0545 2 202 253 449 7 0.0541 127 202 380 437 0 0.0541 4 663 257 897 10 0.0540 365 264 632 494 13 0.0540 1 201 257 450 8 0.0538 8 662 254 896 10 0.0538 118 203 376 436 7 0.0537 310 199 570 440 3 0.0535 122 267 377 510 10 0.0534 0 204 249 448 2 0.0534 0 210 248 449 8 0.0533 491 381 729 629 3 0.0533 381 397 634 635 6 0.0533 437 330 686 567 6 0.0532 9 664 265 893 6 0.0531 185 260 438 501 6 0.0530 19 528 257 743 7 0.0529 445 199 702 448 3 0.0528 3 206 252 455 6 0.0528 444 200 704 446 5 0.0527 0 661 256 893 8 0.0527 182 260 429 502 2 0.0527 124 207 379 439 3 0.0526 512 221 764 465 2 0.0523 379 403 634 626 7 0.0523 3 202 251 448 13 0.0522 385 397 640 629 11 0.0521 73 499 319 703 7 0.0520 440 391 681 627 8 0.0520 436 253 687 504 8 0.0520 14 530 239 747 0 0.0518 438 389 674 629 0 0.0518 61 148 316 380 11 0.0517 55 340 324 579 3 0.0516 237 333 501 563 7 0.0515 67 264 327 519 13 0.0515 241 334 511 562
jzxQ5qWu1NzYk9lUkhevIKnh6PPODDjv,8 0.0610 529 422 871 597 11 0.0597 569 520 816 762 7 0.0592 564 589 824 830 8 0.0591 571 521 816 764 0 0.0586 569 522 821 769 5 0.0586 567 516 816 766 11 0.0576 568 402 811 646 0 0.0568 570 403 812 645 5 0.0565 234 349 484 583 3 0.0552 576 403 812 656 13 0.0546 562 591 825 834 11 0.0542 625 585 885 829 0 0.0540 319 225 578 454 10 0.0535 569 466 812 706 7 0.0534 574 400 815 647 5 0.0532 551 646 820 896 0 0.0532 696 358 943 580 13 0.0531 573 464 820 708 6 0.0530 563 590 823 832 11 0.0529 236 361 494 584 11 0.0527 556 654 828 894 10 0.0525 556 590 818 831 3 0.0525 577 526 821 773 5 0.0520 626 584 877 831 11 0.0519 694 361 944 580 2 0.0516 571 528 818 765 5 0.0515 565 398 809 646 5 0.0514 310 216 571 445 11 0.0514 679 480 929 711 13 0.0506 247 357 493 585 6 0.0501 244 357 492 586
qvr1sLdLyLH4CwchmC7amDIeBP5oyigc,11 0.0604 436 2 699 193 5 0.0589 436 0 695 193 7 0.0584 442 0 699 196 0 0.0578 441 0 695 197 8 0.0577 384 6 632 250 11 0.0563 178 83 453 306 3 0.0560 444 0 698 201 10 0.0556 442 5 698 195 11 0.0555 172 380 441 624 13 0.0543 385 3 646 252 6 0.0532 443 0 703 195 11 0.0528 320 71 579 310 0 0.0510 393 67 645 307 0 0.0503 260 70 514 319 2 0.0501 441 6 697 196 5 0.0501 178 76 445 308
wQ2s7HLzddP64yUIRvX2tiPBxRudTBSP,8 0.0656 134 721 368 961 0 0.0617 132 720 370 963 11 0.0606 191 720 437 959 5 0.0602 131 719 368 959 7 0.0591 196 718 438 961 0 0.0580 307 661 572 913 11 0.0566 306 663 573 900 10 0.0565 190 722 436 960 7 0.0563 321 710 570 964 11 0.0562 245 399 503 626 7 0.0561 253 395 503 629 6 0.0560 136 723 374 961 8 0.0560 309 662 565 904 5 0.0559 303 657 568 901 13 0.0538 197 718 441 965 8 0.0533 183 404 417 637 10 0.0532 305 664 574 906 0 0.0525 251 400 502 633 2 0.0509 132 725 372 964 3 0.0504 313 660 574 909
iT1lK2RnZ4bn1tdlVWahBB5yMDGa8cL0,6 0.0599 187 799 446 1021 11 0.0592 385 21 652 253 5 0.0587 227 804 502 1022 3 0.0587 357 415 698 600 8 0.0586 158 0 508 148 0 0.0578 321 330 576 574 13 0.0575 332 70 588 314 7 0.0575 390 20 651 258 11 0.0571 319 397 579 631 0 0.0571 446 335 699 565 11 0.0569 348 479 706 660 3 0.0565 500 454 762 703 8 0.0565 241 804 494 1022 3 0.0565 394 22 648 262 0 0.0565 314 725 565 976 11 0.0563 315 734 569 971 5 0.0561 438 5 709 236 8 0.0561 386 22 644 257 0 0.0560 256 465 509 707 5 0.0556 486 450 758 692 13 0.0556 185 803 448 1023 6 0.0555 188 505 438 761 11 0.0555 233 811 503 1022 5 0.0554 390 79 654 326 5 0.0554 340 412 694 591 6 0.0551 257 395 508 641 7 0.0550 186 801 445 1023 0 0.0544 252 657 503 914 3 0.0542 191 798 443 1023 7 0.0542 355 414 700 595 6 0.0541 353 414 708 595 6 0.0541 500 448 766 696 8 0.0541 356 474 694 664 8 0.0539 321 723 563 970 0 0.0538 386 21 654 257 8 0.0538 391 332 635 569 3 0.0537 511 338 756 581 6 0.0536 260 664 504 910 0 0.0532 498 452 758 696 11 0.0532 146 2 516 148 13 0.0530 329 211 599 448 6 0.0529 323 266 587 510 0 0.0527 155 0 516 150 5 0.0524 315 328 571 564 3 0.0523 394 208 648 452 13 0.0520 331 456 588 694 5 0.0520 176 502 428 757 11 0.0519 451 80 724 310 5 0.0519 251 661 498 911 11 0.0519 253 667 505 909 11 0.0517 444 336 701 561 3 0.0516 453 276 697 519 0 0.0516 321 591 571 843 11 0.0515 172 458 433 691 13 0.0514 253 10 517 260 3 0.0514 325 267 583 519 5 0.0514 245 390 499 636 3 0.0514 459 80 725 319 5 0.0513 383 210 643 440 13 0.0513 356 414 704 596 11 0.0512 387 210 652 443 11 0.0512 244 332 510 571 0 0.0511 189 798 448 1023 2 0.0510 348 418 696 594 3 0.0509 265 465 509 714 0 0.0507 178 332 428 570 11 0.0506 318 268 586 508 6 0.0505 318 734 570 972 0 0.0504 329 206 594 446 7 0.0504 497 451 765 696 13 0.0504 316 798 576 1023 10 0.0504 386 22 651 256 13 0.0503 408 136 658 379
LV1uSbErPlWtE2IpTFADUthQ5fOL6j6U,0 0.0541 510 458 763 702 11 0.0533 245 799 493 1022 6 0.0532 524 391 775 636 8 0.0522 250 792 482 1021
uu1vy81OnW18zcmG4R2cxSefw8lw0HVs,5 0.0604 242 259 492 485 5 0.0583 239 781 492 1012 11 0.0580 312 263 574 488 3 0.0579 446 13 697 249 11 0.0576 440 14 691 241 0 0.0565 309 262 574 489 5 0.0563 431 7 689 239 8 0.0549 244 781 489 1018 5 0.0546 110 279 377 503 0 0.0537 240 782 495 1021 11 0.0537 241 787 494 1015 0 0.0533 180 199 437 428 5 0.0532 0 808 239 1019 0 0.0524 563 27 803 249 10 0.0524 241 788 496 1018 8 0.0514 315 263 565 489 5 0.0512 234 127 492 367 8 0.0511 442 14 685 244 7 0.0510 248 261 501 492 6 0.0510 245 788 499 1019 13 0.0508 254 265 508 494 6 0.0507 256 264 504 491 5 0.0506 173 195 429 419 7 0.0506 447 11 700 245 0 0.0501 448 341 699 577 0 0.0500 241 131 500 371 2 0.0500 444 18 692 242 0 0.0500 438 15 690 245
gapzt2We3EUPqd0XHu5a5qHZ6MxYgmNr,7 0.0610 89 739 452 918 11 0.0609 86 740 448 912 8 0.0609 87 740 436 915 5 0.0601 80 737 441 915 0 0.0601 89 738 448 916 3 0.0561 93 738 445 918 6 0.0558 91 741 448 914 10 0.0544 84 743 447 915 13 0.0517 93 739 460 917 11 0.0509 224 4 509 237 2 0.0505 84 741 444 918
NxCE9NDECdejlacL2JO3gTOvytay7jNa,5 0.0631 618 393 878 622 5 0.0579 687 331 937 559 0 0.0556 629 287 882 508 8 0.0546 624 395 873 626 0 0.0540 591 424 947 604 13 0.0536 628 401 891 631 5 0.0524 375 545 630 774 7 0.0522 622 396 888 629 13 0.0521 574 333 833 570 3 0.0519 630 399 884 636 5 0.0519 755 405 1015 629 10 0.0512 624 401 883 623 11 0.0510 633 332 887 565 5 0.0507 588 489 953 671 0 0.0504 515 283 771 514 0 0.0502 443 466 711 700
xHvS13HGoRVjTtN0kHpE30D2Rrw4Ocy2,11 0.0700 353 548 734 729 11 0.0662 457 402 710 641 8 0.0600 457 402 701 645 7 0.0597 190 380 441 635 11 0.0592 312 338 575 564 3 0.0586 462 400 707 651 8 0.0581 293 476 645 657 7 0.0574 460 403 710 643 6 0.0570 363 479 723 669 5 0.0568 507 453 773 703 7 0.0560 287 539 667 722 0 0.0559 455 403 707 645 8 0.0557 181 449 429 698 8 0.0557 565 0 819 192 10 0.0552 456 403 708 643 8 0.0552 516 458 771 703 3 0.0552 570 0 825 203 3 0.0543 182 452 439 705 5 0.0541 561 0 823 192 0 0.0541 312 338 572 568 7 0.0535 315 335 576 568 3 0.0534 290 544 657 726 0 0.0529 582 344 827 577 11 0.0529 559 2 826 195 5 0.0528 177 445 436 694 13 0.0528 185 449 444 704 3 0.0527 520 457 777 712 0 0.0527 352 551 734 732 11 0.0526 579 348 834 568 11 0.0526 185 388 440 634 13 0.0526 460 402 712 643 8 0.0526 315 342 562 566 5 0.0524 311 330 568 567 0 0.0524 186 388 438 636 7 0.0523 566 0 829 198 2 0.0523 457 408 706 643 7 0.0522 519 460 783 704 0 0.0522 521 0 883 142 6 0.0521 191 384 443 639 10 0.0519 290 478 659 658 0 0.0519 512 461 779 707 5 0.0515 353 545 727 731 1 0.0512 354 475 711 668 3 0.0509 314 339 570 573 8 0.0505 586 341 820 574 6 0.0502 319 336 576 568 10 0.0502 519 1 886 141 13 0.0502 287 540 666 722 2 0.0500 515 465 774 705
44cqCOReWaxZRDM6WtBFCy7CxvuF50A5,0 0.0620 452 146 700 385 5 0.0611 503 204 752 437 6 0.0599 455 146 706 384 7 0.0591 452 206 703 444 8 0.0590 446 205 697 445 8 0.0589 377 262 633 500 11 0.0588 447 147 705 380 0 0.0586 510 210 759 442 5 0.0586 442 263 706 511 5 0.0583 237 438 511 686 13 0.0574 388 77 642 309 10 0.0568 451 150 707 381 3 0.0564 454 146 703 387 8 0.0560 442 78 689 315 11 0.0557 374 263 645 499 5 0.0556 373 191 633 424 0 0.0551 385 78 633 312 12 0.0548 455 144 707 384 2 0.0547 448 212 700 444 6 0.0546 449 271 715 514 8 0.0546 378 146 624 376 11 0.0546 381 82 633 308 5 0.0543 373 318 631 561 7 0.0542 382 144 633 377 0 0.0541 445 269 712 514 10 0.0541 376 268 643 503 7 0.0540 450 329 707 575 13 0.0536 381 327 640 562 0 0.0533 377 200 633 428 7 0.0531 385 261 641 502 11 0.0531 441 333 709 569 13 0.0530 453 144 709 382 6 0.0525 383 201 637 427 3 0.0525 378 201 633 430 8 0.0524 443 330 698 573 12 0.0521 453 269 714 514 13 0.0521 449 272 716 512 0 0.0516 375 449 639 692 6 0.0515 389 79 636 311 10 0.0514 389 84 636 307 7 0.0512 446 77 701 313 2 0.0511 386 86 631 309 8 0.0510 572 215 824 448 11 0.0508 375 452 648 686 9 0.0507 440 208 701 439 7 0.0504 512 268 771 512 3 0.0504 450 271 711 519 5 0.0502 381 72 630 308 1 0.0502 445 140 704 383 8 0.0502 507 271 759 510 0 0.0501 239 441 517 694 0 0.0500 376 323 635 563
Zkz2LpbEavPDoTnCkwDF07oyuEpqUGUo,11 0.0593 565 722 827 966 0 0.0591 567 718 831 970 0 0.0586 456 679 820 861 8 0.0579 458 679 808 860 8 0.0578 569 720 823 969 8 0.0574 574 473 823 715 11 0.0572 450 676 816 861 5 0.0569 605 472 888 708 5 0.0569 452 675 812 861 7 0.0562 460 676 825 865 0 0.0559 570 533 832 770 8 0.0557 442 151 694 376 11 0.0556 565 531 831 766 3 0.0549 462 678 817 866 5 0.0548 439 140 699 379 5 0.0548 571 278 813 501 3 0.0543 578 473 831 724 7 0.0542 574 720 832 968 7 0.0539 407 611 773 796 6 0.0536 458 677 821 862 0 0.0535 125 247 393 474 3 0.0533 411 614 764 799 11 0.0530 443 518 701 759 11 0.0528 576 412 829 640 10 0.0523 563 725 826 969 11 0.0522 118 247 395 465 13 0.0520 445 151 711 377 10 0.0519 402 615 764 795 5 0.0519 564 714 822 965 13 0.0518 395 672 767 854 6 0.0517 573 533 832 767 3 0.0516 447 152 702 384 8 0.0516 512 527 754 767 7 0.0514 575 471 836 714 5 0.0510 394 608 759 792 0 0.0508 406 614 766 794 5 0.0506 118 240 390 469 0 0.0505 446 150 702 381 8 0.0504 512 402 755 631 6 0.0504 587 412 830 641 6 0.0504 507 150 771 376 9 0.0502 452 679 819 858 8 0.0502 569 339 804 569 8 0.0502 128 240 384 472 7 0.0501 447 459 705 699 5 0.0501 491 66 757 314 13 0.0500 572 721 834 971
FNyGet6AbKPkhesFf5z2t2QcUSbvJES7,8 0.0656 251 30 497 262 7 0.0636 516 139 740 366 5 0.0617 436 271 696 499 8 0.0614 238 161 494 402 0 0.0607 183 341 448 585 0 0.0604 255 92 514 332 0 0.0600 188 0 441 214 8 0.0589 181 96 440 331 5 0.0587 178 339 442 581 11 0.0586 176 97 447 324 5 0.0584 182 0 433 211 0 0.0584 505 0 749 214 10 0.0581 318 346 578 572 11 0.0579 235 160 503 403 11 0.0579 250 346 503 582 0 0.0578 320 335 574 574 8 0.0575 257 342 496 585 5 0.0573 312 329 574 571 7 0.0572 391 338 641 570 11 0.0570 370 798 621 1022 0 0.0570 511 146 737 370 5 0.0569 506 137 734 365 13 0.0567 512 145 744 367 11 0.0564 311 399 573 639 0 0.0561 179 220 442 459 7 0.0560 447 276 705 503 3 0.0560 323 338 575 579 11 0.0557 185 3 439 208 11 0.0554 308 729 567 963 6 0.0552 249 36 508 258 5 0.0552 169 217 439 460 8 0.0551 387 340 633 566 7 0.0549 257 340 504 583 8 0.0547 442 275 694 498 8 0.0547 307 792 551 1023 11 0.0545 382 340 638 568 3 0.0544 188 276 437 522 0 0.0543 385 402 644 633 0 0.0542 445 280 701 506 6 0.0542 321 395 578 640 2 0.0541 513 151 739 366 13 0.0540 444 279 707 502 0 0.0537 309 791 559 1023 11 0.0536 438 278 700 498 8 0.0535 515 78 739 303 8 0.0534 184 398 440 648 10 0.0531 237 168 506 407 10 0.0531 439 283 705 502 5 0.0530 301 789 559 1020 5 0.0529 499 0 748 208 10 0.0528 510 151 738 366 8 0.0527 440 399 698 626 13 0.0526 391 340 642 569 3 0.0524 510 1 753 216 11 0.0524 436 402 704 628 13 0.0524 248 31 507 263 7 0.0524 310 788 562 1023 13 0.0522 238 160 513 405 13 0.0521 260 337 511 587 6 0.0520 511 146 745 366 13 0.0520 130 0 392 209 11 0.0519 246 789 498 1014 3 0.0518 243 161 504 408 10 0.0515 382 410 651 632 6 0.0513 501 0 757 212 3 0.0512 450 279 701 506 7 0.0512 244 157 508 399 11 0.0510 510 142 738 365 8 0.0509 318 394 568 640 7 0.0508 509 0 756 211 7 0.0507 185 274 439 515 6 0.0507 388 342 640 569 13 0.0507 187 275 447 521 2 0.0506 444 287 701 501 6 0.0505 239 166 509 401 2 0.0504 236 169 507 407 5 0.0503 171 93 440 326 5 0.0503 378 396 646 626 3 0.0501 189 0 437 214 3 0.0501 389 406 647 637 7 0.0500 445 397 713 629 8 0.0500 638 0 870 221
rq0yO6ym4Dpog7iUsWXLaepktBSFDjIV,8 0.0608 503 333 752 579 11 0.0604 506 333 760 576 7 0.0587 437 335 696 581 11 0.0583 505 223 757 449 5 0.0572 427 333 688 579 0 0.0564 509 222 751 452 0 0.0560 428 334 690 583 8 0.0560 509 221 749 451 3 0.0552 434 339 690 587 5 0.0552 508 271 754 519 2 0.0541 433 342 694 580 7 0.0538 262 199 508 453 11 0.0535 423 537 682 769 11 0.0532 255 205 504 446 7 0.0527 516 221 757 455 3 0.0522 517 280 761 525 8 0.0518 202 330 437 578 6 0.0514 431 339 698 581 2 0.0513 514 284 761 518 13 0.0513 200 330 452 582 5 0.0506 193 326 444 573 6 0.0504 511 223 758 451
E8qnYW8sOcrNPgXdCvzE3GLSHfxkqlbn,8 0.0688 133 865 492 1023 7 0.0680 192 778 442 1020 5 0.0666 129 865 495 1021 11 0.0637 132 868 498 1023 0 0.0615 133 867 498 1023 6 0.0607 193 785 441 1019 5 0.0605 129 716 376 962 10 0.0596 130 795 374 1021 10 0.0589 184 719 438 958 9 0.0579 188 782 441 1018 11 0.0576 132 722 382 962 3 0.0562 192 778 439 1023 2 0.0556 130 871 497 1023 13 0.0555 194 782 444 1019 0 0.0542 132 720 379 971 8 0.0531 133 724 373 967 12 0.0515 193 780 439 1020 0 0.0515 181 359 443 589 1 0.0514 188 776 438 1020 11 0.0510 175 362 450 583 8 0.0506 181 358 432 586
6TfaWT5tg5MC30wIT5qRI90J5Y4Pagxf,0 0.0622 327 668 576 909 3 0.0602 513 125 753 370 7 0.0602 328 667 575 903 8 0.0598 330 667 568 904 11 0.0588 325 672 573 901 11 0.0587 442 510 697 746 0 0.0583 438 583 689 828 11 0.0580 582 657 834 895 0 0.0566 375 512 629 759 11 0.0565 512 129 757 365 5 0.0563 321 667 567 901 7 0.0563 441 583 692 824 6 0.0552 438 588 696 822 7 0.0551 582 579 831 813 5 0.0546 501 123 754 364 8 0.0539 443 581 683 822 13 0.0536 332 670 578 904 8 0.0531 586 652 826 894 5 0.0525 438 581 683 820 7 0.0523 508 125 759 366 6 0.0521 582 658 839 894 6 0.0519 329 674 583 902 3 0.0518 329 671 575 908 0 0.0517 582 655 831 899 10 0.0515 327 676 573 903 3 0.0513 584 653 833 901 5 0.0512 576 578 820 806 0 0.0511 507 129 754 365 8 0.0507 505 126 744 360 3 0.0505 441 585 691 828 6 0.0503 379 518 637 753 13 0.0501 382 516 635 756
UOUSErvabfPv1SnyGph0ZzcrF0O82aR0,11 0.0664 636 528 895 771 8 0.0642 565 585 819 823 6 0.0638 563 521 817 764 0 0.0637 561 521 816 763 5 0.0627 636 526 898 771 8 0.0625 637 529 894 772 11 0.0623 563 586 824 823 3 0.0615 564 523 819 768 6 0.0614 610 608 962 798 0 0.0611 501 588 761 831 0 0.0608 602 608 955 797 5 0.0604 243 452 500 700 5 0.0589 563 581 820 821 6 0.0587 505 587 764 831 6 0.0587 333 476 697 655 8 0.0586 332 478 683 653 13 0.0585 639 531 904 773 11 0.0584 750 622 1023 812 10 0.0583 636 533 896 770 7 0.0581 637 527 901 773 13 0.0578 572 587 826 820 7 0.0577 570 584 823 824 5 0.0576 326 473 684 653 0 0.0569 329 477 693 655 5 0.0566 300 392 564 618 11 0.0565 495 661 775 898 11 0.0562 328 478 689 654 12 0.0558 562 522 821 763 8 0.0557 633 662 898 899 3 0.0557 505 588 764 837 8 0.0555 252 462 497 705 6 0.0553 250 460 504 704 8 0.0550 504 659 766 900 3 0.0549 332 478 692 658 5 0.0549 499 652 775 900 7 0.0548 333 478 696 656 8 0.0547 759 622 1016 815 10 0.0546 567 589 823 821 5 0.0544 748 620 1023 809 5 0.0544 304 522 571 766 3 0.0543 607 611 958 804 2 0.0539 250 461 504 704 11 0.0539 625 662 906 893 11 0.0539 300 397 569 623 8 0.0537 430 582 686 829 13 0.0537 334 479 700 657 1 0.0536 558 521 819 762 11 0.0536 241 459 504 701 2 0.0536 564 524 819 762 11 0.0536 428 587 696 827 8 0.0534 311 397 561 623 8 0.0533 312 531 568 770 7 0.0531 507 657 780 904 0 0.0531 247 458 504 706 13 0.0531 253 456 509 707 0 0.0530 278 413 637 595 6 0.0529 278 413 637 594 7 0.0526 280 414 636 594 5 0.0524 427 573 692 830 9 0.0523 562 521 820 761 9 0.0523 498 588 763 826 11 0.0523 305 526 575 769 2 0.0523 501 591 762 829 12 0.0522 503 587 767 831 0 0.0522 170 395 435 638 13 0.0519 433 583 700 832 13 0.0518 314 526 580 772 3 0.0517 246 405 491 639 13 0.0516 309 397 575 628 5 0.0515 164 389 426 627 7 0.0512 754 620 1023 814 13 0.0512 179 395 440 634 6 0.0510 181 394 436 632 4 0.0510 570 589 826 822 6 0.0510 375 583 638 827 7 0.0509 436 581 696 833 2 0.0508 604 614 961 795 0 0.0505 310 526 575 769 10 0.0503 504 663 779 899 7 0.0501 250 456 504 705
bPiVTWVYAc1Xbt0zLihGQJjVyMvPERGl,5 0.0588 515 145 756 371 11 0.0582 432 518 697 765 0 0.0581 321 414 570 647 5 0.0577 437 581 695 830 11 0.0568 174 464 439 695 6 0.0567 437 520 701 767 11 0.0564 306 466 558 698 0 0.0560 188 395 437 643 5 0.0556 177 323 439 563 13 0.0555 447 586 702 833 8 0.0554 324 417 560 645 8 0.0552 521 149 752 375 6 0.0551 258 399 512 636 13 0.0550 372 513 628 771 8 0.0548 186 396 429 642 0 0.0548 435 521 696 768 5 0.0542 243 258 515 498 3 0.0540 524 149 759 381 0 0.0540 519 151 758 372 7 0.0532 441 518 699 772 5 0.0531 314 413 563 646 3 0.0529 442 516 696 775 2 0.0518 518 156 760 371 8 0.0512 441 587 692 832 10 0.0512 319 420 566 646 7 0.0512 253 260 520 497 0 0.0511 588 356 848 578 2 0.0510 439 525 694 768 8 0.0509 372 515 619 766 10 0.0509 512 76 760 304 11 0.0509 514 151 760 374 0 0.0509 443 279 704 514 5 0.0508 568 64 834 289 5 0.0505 361 509 619 762 11 0.0505 364 668 646 900 3 0.0504 322 420 571 653 5 0.0503 436 264 702 511 8 0.0502 120 331 359 564
6eB5IbSPexvyCTBXjstPikhKE52pSWXO,11 0.0605 433 717 701 956 11 0.0604 176 728 441 958 11 0.0596 324 677 705 851 0 0.0595 265 676 633 855 11 0.0578 568 789 812 1011 8 0.0575 270 676 627 853 7 0.0573 327 739 700 913 5 0.0566 325 672 699 852 11 0.0559 239 789 501 1014 0 0.0556 320 740 689 915 8 0.0554 325 740 684 912 5 0.0549 562 782 804 1011 7 0.0547 241 783 504 1016 8 0.0544 180 724 430 962 6 0.0542 337 674 708 855 0 0.0542 236 724 497 965 13 0.0539 336 674 713 857 5 0.0538 431 709 693 956 13 0.0535 571 788 816 1016 0 0.0534 564 785 817 1017 8 0.0534 565 783 804 1014 7 0.0533 573 786 817 1016 10 0.0527 332 677 707 853 8 0.0517 243 784 491 1014 0 0.0516 304 787 560 1017 5 0.0511 175 719 433 960 3 0.0510 337 675 706 858 13 0.0502 312 788 574 1017
SiBCD156fIXEBFXyLzR8xujNHs7jOrTB,8 0.0682 2 723 242 946 11 0.0655 0 729 250 944 0 0.0653 0 728 244 946 7 0.0600 1 724 247 943 11 0.0571 298 273 563 495 7 0.0560 305 265 562 491 0 0.0544 302 270 558 499 13 0.0538 2 724 252 948 8 0.0535 298 265 547 496 5 0.0535 0 726 239 940 10 0.0533 2 728 248 944 6 0.0527 4 726 250 944 3 0.0513 299 269 560 501 3 0.0509 5 726 246 948 2 0.0508 1 730 249 945
05TXJWymzjsXy7wGLKE1UJNOKjtLRmy0,11 0.0605 296 729 568 954 13 0.0603 580 530 833 781 6 0.0592 579 529 829 779 11 0.0589 571 530 824 776 11 0.0572 368 652 642 884 7 0.0572 305 728 570 957 0 0.0560 382 332 639 572 0 0.0559 377 725 637 965 11 0.0554 377 337 637 566 13 0.0554 380 726 641 964 10 0.0549 372 730 636 956 0 0.0548 496 405 750 644 5 0.0547 295 725 560 952 8 0.0546 166 782 424 1011 8 0.0543 301 727 562 957 0 0.0541 579 531 826 779 8 0.0541 426 325 679 555 13 0.0539 434 651 703 887 0 0.0539 564 317 823 563 7 0.0538 579 531 828 780 7 0.0538 499 404 755 642 6 0.0537 378 725 641 963 8 0.0534 497 403 742 639 5 0.0533 562 308 817 563 0 0.0530 433 652 698 888 11 0.0528 424 401 693 639 7 0.0527 172 783 437 1011 7 0.0523 569 313 826 564 8 0.0521 568 312 812 560 11 0.0521 428 533 689 764 11 0.0520 367 217 622 437 7 0.0520 431 328 693 556 7 0.0519 437 646 700 887 6 0.0518 433 649 699 886 10 0.0517 575 532 826 781 13 0.0517 430 332 694 558 3 0.0516 585 528 823 787 6 0.0516 425 328 695 556 6 0.0515 497 406 757 642 13 0.0515 499 409 757 643 11 0.0513 0 2 245 216 8 0.0513 367 407 628 639 13 0.0511 436 532 699 765 8 0.0510 430 204 685 431 8 0.0509 376 651 634 889 5 0.0509 418 327 684 556 6 0.0509 248 723 504 950 6 0.0509 434 529 696 763 11 0.0508 562 317 824 561 10 0.0506 304 658 573 882 9 0.0506 298 726 565 952 2 0.0505 376 730 637 961 5 0.0505 489 402 744 636 12 0.0505 380 726 637 963 5 0.0502 427 645 693 883 0 0.0502 506 263 754 494 6 0.0501 572 316 825 561
ULVUMRQFKcCK21mJ2cbWy2MMvy0Ox6eL,5 0.0669 186 790 427 1018 8 0.0640 191 789 426 1022 7 0.0636 192 794 430 1021 11 0.0612 189 793 429 1018 0 0.0610 191 794 427 1022 13 0.0589 194 792 434 1020 6 0.0582 191 796 432 1022 3 0.0580 194 791 429 1023 2 0.0547 192 797 431 1023 10 0.0544 189 797 428 1019 9 0.0540 188 794 429 1019 11 0.0518 775 147 1023 390 5 0.0516 776 140 1020 386 1 0.0501 190 788 427 1021
o4Gt1E3hRTjlxgsUDznMwbNLtDEeHlrt,8 0.0613 499 323 765 555 11 0.0603 509 794 756 1020 5 0.0599 568 471 812 699 11 0.0585 508 459 772 682 8 0.0581 442 265 705 486 7 0.0569 512 392 778 622 0 0.0564 513 461 772 691 0 0.0563 434 326 712 553 11 0.0559 436 325 711 550 5 0.0553 432 265 706 487 8 0.0552 575 472 803 699 5 0.0552 500 388 768 620 7 0.0547 439 320 714 551 0 0.0546 443 652 703 908 8 0.0545 634 332 885 563 13 0.0543 516 461 783 687 11 0.0540 434 731 702 966 0 0.0540 578 530 819 777 7 0.0530 512 789 762 1023 10 0.0530 503 394 770 624 5 0.0528 627 400 882 637 3 0.0527 440 325 710 557 8 0.0527 435 728 693 967 6 0.0523 514 462 778 688 8 0.0521 310 729 558 965 13 0.0520 439 267 719 490 6 0.0516 577 535 827 777 11 0.0512 308 731 570 963 11 0.0511 573 532 822 767 8 0.0510 506 792 747 1021 7 0.0510 450 655 710 906 13 0.0509 504 327 780 556 10 0.0509 437 328 714 551 5 0.0509 502 785 750 1021 8 0.0508 563 262 822 495 7 0.0506 581 530 825 779 13 0.0505 578 534 832 772 5 0.0504 439 651 698 906 2 0.0503 577 541 823 778 8 0.0503 756 151 999 383
sKkhSn6h82ZLQ3tIU7GLqmvUlFejgoZv,6 0.0573 258 284 513 506 0 0.0568 252 331 497 574 11 0.0544 252 336 499 569 6 0.0540 204 334 442 571 8 0.0534 258 466 495 709 13 0.0527 256 466 509 714 7 0.0524 259 279 510 506 3 0.0519 256 335 497 578 11 0.0514 186 404 449 641 13 0.0511 257 329 504 577 11 0.0509 246 473 504 706 5 0.0509 248 463 498 703 5 0.0506 554 0 829 198 0 0.0502 189 399 448 646 0 0.0502 250 465 504 710 5 0.0501 250 329 494 567 0 0.0500 453 2 720 213
3xxodggIC8Vd8xXNlR8na4Kwu8b2wBOx,5 0.0643 255 578 501 827 11 0.0610 371 400 637 647 8 0.0601 258 207 503 442 8 0.0596 258 582 500 830 11 0.0593 309 592 578 830 11 0.0588 259 139 506 381 5 0.0579 367 393 636 639 11 0.0577 310 465 572 713 8 0.0576 376 399 631 644 13 0.0571 264 138 515 378 8 0.0571 321 281 576 522 13 0.0569 318 590 582 834 0 0.0568 318 465 574 714 5 0.0568 309 457 572 710 7 0.0568 263 579 507 831 5 0.0566 441 208 693 439 11 0.0563 322 208 584 444 8 0.0563 318 464 566 712 3 0.0560 316 592 573 839 8 0.0559 441 333 693 579 8 0.0559 315 659 570 900 7 0.0559 316 462 579 715 11 0.0559 441 335 694 581 5 0.0558 440 329 694 573 0 0.0558 261 582 505 831 6 0.0555 259 582 508 828 7 0.0552 375 398 644 646 0 0.0552 377 401 639 646 5 0.0552 249 393 503 644 8 0.0551 330 138 574 375 13 0.0549 321 285 593 524 11 0.0546 245 403 511 647 0 0.0544 256 141 506 378 8 0.0544 256 390 499 646 3 0.0540 318 465 571 721 10 0.0538 373 409 639 643 8 0.0537 444 211 689 442 0 0.0535 321 207 588 445 3 0.0533 376 401 634 652 5 0.0532 255 134 502 376 3 0.0532 392 144 637 378 6 0.0531 252 399 511 645 5 0.0530 306 656 575 892 7 0.0528 445 335 703 580 11 0.0526 386 140 633 372 3 0.0525 330 207 587 449 10 0.0524 445 339 702 578 6 0.0523 380 402 641 642 13 0.0522 320 461 581 717 10 0.0521 316 472 574 712 0 0.0519 316 659 578 900 2 0.0519 375 404 634 645 11 0.0518 443 215 696 444 6 0.0518 249 272 524 505 0 0.0518 384 146 633 376 0 0.0517 445 215 694 442 3 0.0515 449 333 694 586 7 0.0513 327 206 593 442 2 0.0513 324 213 585 443 13 0.0511 378 398 641 645 6 0.0510 449 215 700 443 0 0.0508 239 276 514 509 2 0.0508 446 217 696 439 7 0.0508 317 663 583 897 13 0.0508 170 218 447 445 10 0.0506 316 293 584 521 13 0.0506 446 336 700 578 2 0.0504 261 587 504 830 10 0.0504 389 145 640 374 3 0.0501 451 213 694 447 3 0.0501 259 139 507 385
qkl8kp2AE98xsIiN8sf93QQznqafPWee,11 0.0590 375 279 645 510 11 0.0585 309 393 560 636 0 0.0575 509 149 747 384 5 0.0568 381 75 629 307 8 0.0566 317 393 554 634 5 0.0564 428 799 681 1014 5 0.0558 309 387 557 634 8 0.0558 371 738 638 971 13 0.0557 317 394 564 638 5 0.0552 210 273 581 467 0 0.0551 372 738 644 976 3 0.0551 353 285 704 471 5 0.0546 451 223 812 408 7 0.0545 349 283 712 468 6 0.0545 510 148 754 381 6 0.0543 316 396 563 635 8 0.0542 376 280 632 510 7 0.0539 370 740 648 976 6 0.0536 343 218 716 401 8 0.0536 339 221 702 400 13 0.0535 372 741 650 976 11 0.0534 369 742 644 970 6 0.0534 375 741 647 973 6 0.0528 382 277 644 512 5 0.0527 313 801 577 1020 0 0.0524 337 219 710 402 0 0.0523 387 81 632 311 11 0.0522 503 152 756 381 8 0.0521 389 81 625 307 6 0.0520 390 79 636 307 0 0.0519 316 396 561 638 13 0.0518 508 150 756 385 11 0.0518 758 390 1012 640 6 0.0518 216 152 573 348 3 0.0516 391 81 633 315 3 0.0514 317 394 559 642 13 0.0513 221 214 593 408 10 0.0513 375 285 642 509 8 0.0512 311 595 563 837 5 0.0512 304 590 565 836 11 0.0511 331 222 718 399 7 0.0511 508 148 754 384 7 0.0511 318 390 561 642 3 0.0510 376 740 647 977 8 0.0509 508 147 744 381 0 0.0508 219 279 589 473 5 0.0506 244 458 488 699 11 0.0505 375 604 642 850 10 0.0503 337 225 711 400
LVdvkL8Ac7AujdXiS8YWyvfsdvnRiXUM,0 0.0692 0 797 236 1023 5 0.0647 0 459 243 701 8 0.0633 0 455 241 702 13 0.0597 3 460 255 704 0 0.0590 0 463 245 707 11 0.0583 0 467 248 700 3 0.0580 382 399 640 636 11 0.0567 380 398 641 632 6 0.0567 1 461 253 704 0 0.0564 121 356 376 579 7 0.0564 0 462 250 705 5 0.0554 494 787 754 1013 13 0.0547 384 400 644 637 5 0.0545 0 795 229 1021 5 0.0540 375 390 637 629 11 0.0538 426 672 699 893 3 0.0536 435 671 698 906 3 0.0531 2 460 247 706 6 0.0529 387 397 647 632 10 0.0525 0 469 250 705 8 0.0524 446 393 693 623 8 0.0521 0 793 228 1021 7 0.0517 439 666 701 900 2 0.0516 0 464 248 702 7 0.0514 384 398 641 634 6 0.0512 71 359 316 581 7 0.0512 2 796 238 1023 2 0.0511 382 403 636 635 5 0.0510 428 658 696 898 8 0.0510 123 349 371 578 8 0.0509 432 667 692 897 3 0.0509 508 796 754 1021 11 0.0508 501 800 754 1011 0 0.0505 433 670 701 903 0 0.0503 382 396 636 632
Izc08jZRqhFbbFni2jg3587kIXQTRvKZ,0 0.0637 516 592 761 831 8 0.0622 514 591 755 829 5 0.0610 513 586 762 827 11 0.0604 581 594 821 831 8 0.0600 508 455 753 691 7 0.0598 476 677 839 865 5 0.0590 308 584 565 827 7 0.0584 512 454 761 690 0 0.0580 452 528 699 771 8 0.0574 449 529 693 768 0 0.0572 506 456 760 695 5 0.0572 503 453 758 691 11 0.0567 500 528 754 768 2 0.0566 470 683 836 867 11 0.0565 309 528 563 760 6 0.0564 585 591 823 830 7 0.0563 315 590 569 832 5 0.0559 375 516 637 758 3 0.0558 585 593 819 840 6 0.0553 509 456 765 691 5 0.0551 368 659 633 893 11 0.0550 365 665 637 893 10 0.0547 312 531 563 764 7 0.0547 257 458 507 706 10 0.0546 581 594 821 834 3 0.0544 511 456 760 698 10 0.0540 454 599 704 826 7 0.0540 454 525 704 768 0 0.0539 289 710 561 953 7 0.0538 374 666 639 896 2 0.0538 450 532 701 771 0 0.0534 369 662 637 897 0 0.0531 511 330 768 560 11 0.0529 197 459 443 710 11 0.0528 288 716 562 947 8 0.0527 315 593 560 831 6 0.0527 453 527 704 767 3 0.0526 459 593 707 837 2 0.0524 507 463 760 694 13 0.0524 583 593 826 832 0 0.0523 314 523 564 766 3 0.0521 316 527 565 769 6 0.0521 316 590 572 829 2 0.0520 313 595 564 833 8 0.0518 386 456 629 700 12 0.0517 584 590 822 836 7 0.0514 296 715 564 953 0 0.0512 387 454 637 703 5 0.0510 194 453 443 710 5 0.0509 287 710 556 948 0 0.0508 692 688 949 889 13 0.0507 316 591 573 831 10 0.0505 384 460 639 700 0 0.0503 234 791 495 1013 11 0.0502 507 386 760 621 7 0.0502 390 453 640 704 11 0.0502 382 457 637 700 13 0.0501 377 663 644 895 6 0.0500 510 665 767 897
AHewRk6j8bYKzvjWU3EoOJTVXnDbIjTh,11 0.0626 372 520 632 763 11 0.0622 435 597 696 831 8 0.0616 439 596 693 827 7 0.0600 329 586 592 826 8 0.0591 379 518 627 759 3 0.0584 377 584 633 831 5 0.0583 371 514 628 757 11 0.0572 309 460 578 694 13 0.0560 319 462 591 693 6 0.0559 380 522 639 758 0 0.0556 373 584 639 826 7 0.0554 441 596 705 830 5 0.0545 430 589 696 826 2 0.0544 364 652 633 882 8 0.0543 368 647 625 881 7 0.0542 314 460 583 690 6 0.0534 320 466 585 689 11 0.0532 624 395 884 620 10 0.0526 318 403 579 631 8 0.0526 314 460 573 691 6 0.0525 437 596 704 824 10 0.0523 376 525 633 759 13 0.0520 370 648 642 884 0 0.0518 424 663 700 889 8 0.0513 422 718 687 955 2 0.0513 437 601 702 828 11 0.0507 314 255 574 483 3 0.0506 428 658 702 894 0 0.0505 577 348 826 573 2 0.0502 379 524 632 759
WgG44yaJ9oyr2QvLZrR1lO9OpPWRVT8L,11 0.0661 503 406 769 634 11 0.0659 450 339 712 568 8 0.0641 505 459 768 696 7 0.0623 510 400 778 635 5 0.0623 500 400 766 633 0 0.0587 574 412 817 641 11 0.0575 245 529 502 773 3 0.0574 510 455 778 704 13 0.0567 502 460 779 697 8 0.0567 507 332 753 556 6 0.0566 510 401 773 635 7 0.0564 455 331 716 568 11 0.0563 575 472 838 699 6 0.0563 457 332 713 569 5 0.0557 241 454 503 699 5 0.0553 566 469 839 696 6 0.0551 323 392 585 643 0 0.0551 253 523 501 774 3 0.0551 459 334 709 575 10 0.0549 574 476 844 699 11 0.0549 184 456 438 692 0 0.0547 317 389 585 645 7 0.0547 196 589 442 832 0 0.0546 451 334 708 570 8 0.0545 647 488 895 720 5 0.0543 190 587 438 825 11 0.0542 319 392 583 644 7 0.0538 327 454 587 703 8 0.0537 188 451 431 696 5 0.0535 308 513 571 761 0 0.0531 194 454 442 693 7 0.0527 576 469 846 703 6 0.0524 314 520 582 763 6 0.0521 250 460 511 702 0 0.0521 232 656 492 905 10 0.0513 505 407 774 633 8 0.0513 314 521 569 764 10 0.0513 249 532 504 770 5 0.0512 314 386 580 639 11 0.0511 230 663 494 898 0 0.0509 356 729 633 971 13 0.0509 318 523 583 766 8 0.0507 322 389 576 643 3 0.0505 250 458 507 709 8 0.0504 193 588 436 832 7 0.0503 256 389 515 643 6 0.0502 247 600 506 840 3 0.0501 322 394 586 652
UXBSbU68SYbVCaTu8zz7WgwyQMZKvILf,11 0.0574 376 284 637 501 7 0.0571 436 339 682 569 8 0.0561 245 0 492 200 5 0.0549 511 390 761 640 0 0.0547 692 340 938 595 3 0.0546 315 93 569 330 7 0.0543 517 393 770 645 5 0.0535 425 335 675 565 7 0.0535 247 0 505 197 3 0.0534 435 338 677 573 6 0.0530 314 90 573 324 13 0.0529 382 90 649 319 13 0.0528 436 342 686 567 3 0.0527 522 392 761 651 0 0.0525 280 26 617 217 0 0.0524 513 394 765 646 11 0.0523 239 412 504 637 0 0.0520 440 275 686 509 0 0.0519 305 86 571 328 11 0.0519 303 351 570 572 13 0.0518 290 30 629 215 3 0.0517 285 31 619 220 13 0.0514 313 350 577 577 7 0.0514 314 88 572 324 8 0.0513 383 94 630 319 8 0.0512 517 394 760 642 11 0.0509 378 95 643 321 6 0.0506 434 338 681 569 8 0.0505 434 339 672 567 7 0.0504 450 225 692 457 11 0.0501 276 32 625 213 11 0.0501 514 393 764 642 6 0.0501 523 392 769 641
YjyMwR70P9V6ZTuLS1bSJbbyBP2vtUyS,11 0.0637 330 386 578 634 11 0.0607 434 523 689 758 0 0.0603 333 384 579 641 8 0.0601 114 468 359 717 8 0.0593 251 392 504 649 0 0.0584 435 524 690 763 11 0.0584 256 329 511 573 11 0.0581 0 398 155 756 7 0.0579 260 324 514 576 3 0.0579 249 392 511 655 8 0.0577 445 523 684 760 8 0.0570 172 280 425 511 0 0.0568 0 397 151 764 0 0.0561 262 321 515 576 13 0.0559 334 386 584 637 11 0.0559 320 525 581 768 8 0.0555 0 396 145 757 13 0.0554 264 328 516 578 5 0.0553 325 457 567 704 5 0.0552 319 311 577 555 5 0.0552 0 395 149 757 5 0.0550 435 517 687 759 7 0.0546 444 522 692 757 10 0.0543 333 389 579 638 6 0.0543 334 391 585 639 13 0.0543 2 395 158 766 5 0.0541 243 387 508 648 8 0.0540 577 419 834 643 3 0.0540 328 314 583 565 7 0.0537 176 277 439 510 5 0.0536 166 273 433 509 10 0.0534 577 425 844 644 11 0.0531 569 419 847 645 8 0.0528 327 526 573 764 7 0.0527 336 387 584 639 0 0.0526 170 280 438 511 10 0.0525 1 405 152 756 13 0.0524 447 523 695 760 3 0.0524 333 462 575 712 8 0.0523 174 529 430 771 13 0.0522 327 522 586 769 11 0.0521 167 285 437 510 0 0.0519 119 475 369 715 3 0.0515 247 533 513 783 3 0.0513 385 530 630 781 5 0.0513 172 460 432 712 7 0.0512 2 400 155 757 11 0.0512 173 469 438 712 5 0.0511 367 587 627 836 10 0.0511 442 526 689 763 10 0.0509 258 330 510 572 7 0.0508 321 252 602 501 6 0.0507 0 398 156 755 6 0.0507 264 324 516 573 3 0.0505 2 401 153 774 0 0.0504 320 252 593 499 10 0.0503 326 528 577 768
uWNwRFbHOgYDYE9kXagOrKMCTFLDFWh8,11 0.0623 377 467 631 712 5 0.0603 493 645 752 894 8 0.0585 382 468 624 709 11 0.0583 376 341 632 569 6 0.0580 383 466 633 715 11 0.0577 308 396 555 632 5 0.0569 366 519 626 771 13 0.0566 375 525 634 774 0 0.0562 371 528 626 776 11 0.0556 578 598 830 842 5 0.0553 581 587 826 840 0 0.0550 497 654 756 899 3 0.0542 375 527 633 783 7 0.0540 381 466 636 713 8 0.0539 584 592 826 841 7 0.0538 587 594 832 847 8 0.0536 500 651 750 895 7 0.0531 502 652 757 897 0 0.0528 586 596 834 844 13 0.0528 377 402 636 638 8 0.0528 377 338 623 567 0 0.0526 373 403 630 638 13 0.0516 585 592 839 839 3 0.0514 591 595 829 848 13 0.0512 504 651 761 894 10 0.0511 380 470 632 709 11 0.0510 252 464 496 707 5 0.0508 308 393 553 631 3 0.0507 381 405 633 641 6 0.0503 587 597 835 841 5 0.0502 623 337 870 572
dfcnrZVINI26h473TltDVntF1gukKsyX,5 0.0651 245 328 508 581 8 0.0639 192 389 437 646 5 0.0637 202 0 570 148 11 0.0632 276 0 636 154 7 0.0624 367 82 632 325 3 0.0624 218 1 574 155 11 0.0620 245 336 510 579 11 0.0618 307 274 577 517 0 0.0618 193 388 444 646 8 0.0615 309 277 570 519 3 0.0613 427 11 691 262 7 0.0612 287 1 638 153 7 0.0610 189 337 447 578 5 0.0603 418 3 686 253 0 0.0601 210 0 569 148 5 0.0600 431 149 695 397 8 0.0599 278 1 623 154 6 0.0599 317 278 578 519 6 0.0597 197 389 447 644 8 0.0597 425 13 682 255 3 0.0595 195 391 442 650 13 0.0592 431 13 695 250 7 0.0591 266 387 516 644 10 0.0591 207 3 569 149 0 0.0589 424 8 689 257 11 0.0581 425 8 691 250 8 0.0581 444 153 695 402 3 0.0581 446 155 706 411 0 0.0574 310 273 576 521 11 0.0574 200 32 567 220 6 0.0573 283 3 633 153 7 0.0570 428 8 690 255 13 0.0566 283 1 634 154 5 0.0566 299 144 570 383 7 0.0566 317 275 579 518 11 0.0557 301 152 577 382 3 0.0556 367 86 631 330 8 0.0556 368 86 622 320 8 0.0556 319 396 561 636 13 0.0549 194 388 455 645 3 0.0548 293 354 642 537 6 0.0544 446 89 700 329 13 0.0544 380 334 639 563 10 0.0542 308 279 578 521 10 0.0541 192 395 446 642 2 0.0536 313 279 571 519 8 0.0536 309 152 568 383 5 0.0536 562 328 830 552 6 0.0535 504 27 756 257 13 0.0535 321 397 577 641 2 0.0534 282 3 628 155 12 0.0529 263 387 513 644 11 0.0526 568 335 832 556 8 0.0526 446 273 693 508 10 0.0525 371 17 639 261 8 0.0524 519 70 752 304 5 0.0524 369 325 626 563 3 0.0523 454 273 699 519 2 0.0523 247 337 505 584 7 0.0522 443 158 707 401 5 0.0521 508 270 745 497 0 0.0521 306 154 576 384 6 0.0521 455 273 708 508 12 0.0520 212 0 570 149 0 0.0516 320 395 569 636 11 0.0515 519 69 763 296 0 0.0515 570 335 835 553 11 0.0511 442 275 702 508 11 0.0509 282 102 636 283 12 0.0509 316 274 579 520 6 0.0508 320 396 573 637 10 0.0507 315 400 571 634 7 0.0507 454 276 703 512 10 0.0507 304 156 578 386 3 0.0507 520 66 764 311
9bnMLAnGM8aSTjtzZiDwfNJ2tlxYoV8b,11 0.0642 642 338 891 576 5 0.0640 642 404 885 643 11 0.0625 443 145 707 384 0 0.0616 586 270 835 511 8 0.0593 646 336 882 583 5 0.0587 575 334 818 576 5 0.0587 368 8 647 260 11 0.0581 370 17 646 259 11 0.0580 511 214 770 447 5 0.0578 701 346 933 563 11 0.0577 584 271 835 502 5 0.0573 441 135 699 386 0 0.0573 647 339 887 583 7 0.0572 581 341 824 581 8 0.0571 514 268 762 514 5 0.0571 636 276 885 515 11 0.0563 294 785 557 1006 0 0.0562 511 209 768 453 11 0.0560 708 414 941 635 6 0.0558 648 343 894 580 6 0.0557 451 144 716 385 5 0.0557 509 267 755 508 0 0.0557 376 79 645 325 0 0.0551 443 146 707 388 6 0.0550 382 17 657 261 3 0.0550 381 18 648 264 11 0.0549 507 337 761 571 8 0.0548 444 212 693 451 7 0.0545 454 143 713 389 3 0.0544 642 282 885 525 10 0.0543 642 411 883 643 7 0.0542 380 15 654 264 7 0.0541 519 270 765 515 11 0.0540 261 676 629 857 5 0.0540 254 672 628 859 2 0.0539 515 278 765 512 13 0.0537 383 81 656 320 11 0.0536 393 617 768 790 13 0.0535 650 412 893 651 7 0.0534 406 615 775 794 6 0.0534 519 272 770 510 2 0.0533 452 150 707 391 5 0.0533 582 204 827 435 0 0.0530 507 334 759 576 8 0.0528 588 206 822 440 11 0.0528 113 473 376 705 13 0.0528 585 339 832 582 8 0.0526 270 678 623 862 8 0.0526 454 82 702 315 7 0.0523 647 409 887 647 0 0.0523 705 291 956 520 8 0.0523 62 474 306 713 7 0.0522 644 278 890 520 3 0.0521 518 272 762 517 7 0.0519 707 349 940 565 13 0.0518 515 210 778 450 3 0.0518 705 354 933 572 0 0.0517 713 415 942 642 11 0.0517 170 800 432 1017 13 0.0517 267 675 647 863 0 0.0515 263 673 632 863 7 0.0513 265 677 641 864 10 0.0512 374 21 651 260 6 0.0512 406 614 776 793 0 0.0512 339 611 704 792 7 0.0511 301 781 565 1012 3 0.0507 409 617 768 795 10 0.0507 456 82 715 317 5 0.0507 394 609 765 792 10 0.0506 578 340 823 580 3 0.0505 317 86 565 329 5 0.0505 306 75 557 321 3 0.0504 452 143 704 394 2 0.0503 579 342 828 579 13 0.0502 647 280 900 522 0 0.0502 299 775 559 1010 2 0.0502 383 84 642 328 13 0.0501 318 138 578 398
2yn32Ja43PnTXqbqeaJrv1mv10TueETE,11 0.0681 192 608 556 792 0 0.0674 192 608 562 796 8 0.0654 251 669 615 848 11 0.0636 245 673 622 848 0 0.0635 171 649 424 889 8 0.0633 195 609 549 793 7 0.0629 242 653 498 894 0 0.0629 244 709 495 964 5 0.0623 242 670 618 847 5 0.0612 255 532 496 767 7 0.0606 199 609 564 791 8 0.0599 174 649 416 885 10 0.0584 125 615 490 790 7 0.0581 514 512 770 745 5 0.0572 299 708 555 960 11 0.0569 252 466 499 691 10 0.0567 246 675 627 847 3 0.0565 252 672 628 853 0 0.0565 312 456 567 690 3 0.0560 197 607 559 796 11 0.0559 238 714 495 957 6 0.0558 129 616 503 788 7 0.0557 373 707 633 967 5 0.0556 166 645 419 885 6 0.0555 175 651 427 886 10 0.0554 172 653 421 886 11 0.0553 507 519 768 745 6 0.0551 310 656 571 892 8 0.0551 245 708 490 958 7 0.0550 258 463 504 692 7 0.0547 176 712 422 952 0 0.0547 508 520 766 748 0 0.0546 374 707 627 970 3 0.0538 174 649 422 893 11 0.0537 371 713 631 959 7 0.0534 453 454 715 681 8 0.0531 371 708 624 966 8 0.0530 510 515 760 746 6 0.0528 244 716 500 960 13 0.0524 251 671 633 848 13 0.0524 200 606 570 792 8 0.0520 447 458 699 684 2 0.0517 250 676 623 849 1 0.0516 172 642 422 886 2 0.0515 259 547 501 775 13 0.0512 177 647 429 886 8 0.0505 257 467 488 691 13 0.0504 243 713 501 961 6 0.0504 376 715 634 966 9 0.0500 245 674 622 844
2ZKNNXpydhVQWSg9WwkhTcR25fA0iEV0,11 0.0593 200 0 584 150 8 0.0580 208 2 574 148 8 0.0573 380 1 637 194 0 0.0565 204 0 582 150 5 0.0564 200 0 580 147 3 0.0557 512 16 773 254 8 0.0552 507 17 766 251 11 0.0550 376 0 642 195 7 0.0548 318 0 590 211 5 0.0545 436 774 688 1008 10 0.0543 382 5 645 194 5 0.0541 375 0 640 192 0 0.0539 380 1 643 196 11 0.0537 499 18 774 248 3 0.0532 387 0 643 199 5 0.0530 500 10 769 249 0 0.0530 504 15 768 253 0 0.0530 439 777 692 1013 11 0.0523 438 783 693 1007 13 0.0520 210 0 596 151 3 0.0519 214 1 586 153 7 0.0518 509 18 775 251 8 0.0518 440 778 685 1010 11 0.0506 615 416 886 646 2 0.0505 381 5 639 194 6 0.0503 511 15 774 250 9 0.0502 378 0 642 188 6 0.0500 212 0 591 149
HQ2HOh0rSq2bCDdu2KN9QiuAKANQfzxo,5 0.0640 131 467 382 707 5 0.0633 388 340 634 583 5 0.0624 316 271 583 509 0 0.0621 316 529 566 767 10 0.0607 133 476 386 705 0 0.0601 228 660 595 845 0 0.0599 69 550 327 788 7 0.0597 137 468 387 707 6 0.0596 321 462 566 702 2 0.0588 317 461 562 702 5 0.0586 370 597 629 830 8 0.0585 72 545 317 784 0 0.0581 133 473 386 711 8 0.0578 183 596 435 833 0 0.0578 241 273 502 518 7 0.0578 75 544 326 787 11 0.0576 134 475 386 704 11 0.0573 238 274 501 512 5 0.0570 316 453 555 696 6 0.0569 326 344 582 594 11 0.0569 317 528 568 760 11 0.0566 394 282 651 512 5 0.0563 491 472 749 708 3 0.0561 137 471 383 717 6 0.0558 255 588 505 821 6 0.0557 467 345 713 584 10 0.0555 254 593 503 822 5 0.0555 382 203 648 425 8 0.0555 134 470 379 708 11 0.0554 318 343 576 590 8 0.0552 235 660 579 843 7 0.0552 246 278 503 518 5 0.0551 248 582 498 821 6 0.0551 398 280 658 512 11 0.0550 70 550 324 780 11 0.0549 316 714 576 936 2 0.0547 321 348 575 594 0 0.0546 384 468 629 702 5 0.0546 65 545 322 784 3 0.0546 396 346 643 596 0 0.0545 318 707 576 945 5 0.0545 243 197 501 435 10 0.0543 69 547 327 782 8 0.0543 393 399 627 646 8 0.0542 318 459 558 706 13 0.0540 324 461 569 701 0 0.0540 318 342 574 597 7 0.0537 396 399 631 648 7 0.0534 182 591 443 834 3 0.0533 244 280 501 522 13 0.0533 397 401 634 643 11 0.0530 179 598 439 828 7 0.0530 399 279 654 514 13 0.0530 251 277 511 520 10 0.0529 134 603 397 840 0 0.0527 500 475 750 715 7 0.0526 380 606 640 834 6 0.0526 253 275 506 514 0 0.0525 463 342 708 587 5 0.0524 375 790 619 1023 3 0.0524 78 546 327 789 5 0.0523 130 596 396 842 0 0.0522 133 605 398 846 7 0.0521 468 342 713 584 11 0.0520 226 662 591 840 8 0.0519 395 275 648 512 7 0.0519 321 528 569 764 13 0.0519 135 468 393 710 6 0.0514 134 471 386 709 3 0.0513 317 601 566 839 2 0.0513 466 350 709 584 10 0.0512 320 462 561 700 8 0.0510 462 341 701 583 3 0.0510 388 468 635 705 2 0.0509 137 481 385 711 7 0.0508 379 717 626 961 11 0.0506 499 404 756 645 13 0.0505 254 587 508 826 0 0.0504 397 281 650 512 13 0.0504 70 547 330 786 6 0.0504 391 533 642 765 10 0.0503 396 282 656 507 2 0.0503 399 286 651 511
jG7Mk2JxxCKnFFfYxAp3GXrFB8urHys0,5 0.0654 246 714 490 962 7 0.0648 318 714 566 963 0 0.0638 250 717 495 967 8 0.0634 318 713 560 962 11 0.0629 310 664 575 904 0 0.0623 313 662 578 911 8 0.0617 383 790 612 1023 7 0.0609 380 792 621 1023 5 0.0605 307 657 572 906 6 0.0599 247 720 499 966 11 0.0588 245 720 493 962 5 0.0580 376 789 611 1021 11 0.0579 380 797 617 1021 3 0.0575 248 661 505 912 7 0.0572 376 654 638 901 0 0.0570 378 796 618 1023 8 0.0568 312 598 563 837 6 0.0561 312 664 581 908 10 0.0550 246 721 494 963 10 0.0550 311 665 575 905 13 0.0548 318 714 570 962 13 0.0547 381 796 625 1023 2 0.0540 248 723 494 966 12 0.0539 250 716 493 965 1 0.0537 314 709 563 962 3 0.0511 376 655 637 908 1 0.0510 378 786 617 1023 6 0.0506 380 798 622 1023 3 0.0503 383 793 619 1023 2 0.0503 381 799 620 1023
MZIFgF6adrf5T67nGJAyGUvJLhzSuCpO,5 0.0612 309 336 560 572 0 0.0591 250 332 504 568 3 0.0577 320 340 562 577 11 0.0570 318 345 570 570 11 0.0555 252 395 506 628 13 0.0546 322 340 570 575 7 0.0545 258 391 507 630 8 0.0543 252 450 495 687 5 0.0542 358 666 620 898 8 0.0539 317 340 557 571 5 0.0538 200 0 568 151 13 0.0533 456 0 720 245 6 0.0532 322 340 566 570 5 0.0530 378 513 634 755 10 0.0526 257 393 503 629 8 0.0522 502 0 748 197 13 0.0521 219 0 592 153 10 0.0513 320 343 565 570 0 0.0502 247 446 507 692
Ik1tDAFVfTPCR2T0YPEhFwuwMwGCuMtW,11 0.0571 574 597 834 844 0 0.0566 641 600 900 841 0 0.0549 505 278 775 509 11 0.0548 180 598 445 818 7 0.0541 641 597 906 835 8 0.0539 643 600 893 839 8 0.0535 376 10 632 243 5 0.0531 497 268 765 504 0 0.0529 370 9 644 244 8 0.0529 432 344 698 577 11 0.0528 368 12 641 244 11 0.0525 181 470 448 704 11 0.0524 246 335 522 578 0 0.0522 182 466 448 708 8 0.0519 183 465 436 708 13 0.0518 411 599 671 842 7 0.0518 185 463 454 707 13 0.0517 576 138 852 358 0 0.0514 264 526 528 769 8 0.0514 500 271 765 506 8 0.0513 180 595 435 819 13 0.0512 333 528 607 753 11 0.0511 443 138 701 367 5 0.0510 438 132 696 369 13 0.0509 306 397 583 638 3 0.0509 311 335 578 584 6 0.0507 640 599 912 834 11 0.0507 373 273 646 507 0 0.0504 180 598 449 821 0 0.0503 443 138 701 371 8 0.0503 195 333 433 582 3 0.0502 378 9 639 250 0 0.0502 188 276 458 520
6XOB2gMpgekUE0i9nTlTOhZpC7DC1swB,14 1.0 0 0 1 1
p5ia1bZTYVdINQtduWL64QZxUbZlgfmR,8 0.0610 183 453 415 703 11 0.0580 636 464 901 713 0 0.0575 183 395 429 638 0 0.0568 646 538 901 780 6 0.0567 588 595 845 831 8 0.0567 578 399 822 654 8 0.0565 120 523 359 776 11 0.0564 57 579 316 813 5 0.0562 624 381 893 638 11 0.0558 580 594 844 828 5 0.0554 641 530 895 781 8 0.0553 638 463 893 710 11 0.0550 182 402 435 636 3 0.0548 644 465 903 719 5 0.0545 51 469 311 708 7 0.0545 188 396 428 638 11 0.0545 577 402 832 648 7 0.0544 646 532 901 786 8 0.0541 576 284 827 515 5 0.0540 699 468 947 705 5 0.0540 179 395 431 633 7 0.0538 124 524 375 771 3 0.0537 187 401 427 645 7 0.0534 19 592 265 840 13 0.0533 586 593 850 833 3 0.0531 584 399 831 658 6 0.0525 188 399 433 638 8 0.0524 582 595 837 832 0 0.0523 704 477 948 702 0 0.0523 197 273 432 506 7 0.0522 583 399 832 653 0 0.0520 576 401 833 654 6 0.0517 200 274 436 503 5 0.0517 194 265 434 500 5 0.0516 247 194 494 427 13 0.0511 640 466 904 715 11 0.0509 700 398 951 644 13 0.0507 581 405 835 653 7 0.0507 199 267 437 503
pJPQdPwguGpYGmEkWy8npMuqAlOfumzo,0 0.0527 562 721 821 966 8 0.0522 562 723 809 964 7 0.0520 235 727 512 948 11 0.0516 227 729 507 942 11 0.0513 559 726 816 962 11 0.0507 492 788 748 1015 11 0.0501 304 797 564 1011
GpUvCBc0tD6pNbvxz4VGM8pewvMmoCjn,0 0.0533 310 596 565 833 11 0.0526 300 595 563 822 7 0.0519 236 537 504 784 9 0.0510 238 602 500 830 5 0.0509 236 593 496 831 13 0.0508 754 15 1023 251 5 0.0506 373 594 623 825 8 0.0504 751 5 1005 251 10 0.0504 230 549 503 783 5 0.0503 302 529 572 769
54PFCMOYfnPi2LDK6ACak4yH7eUSH2Zg,0 0.0609 393 467 643 716 11 0.0592 563 741 827 975 8 0.0591 456 533 689 767 0 0.0581 568 733 830 979 7 0.0575 506 794 763 1023 8 0.0574 564 737 821 974 5 0.0569 493 789 751 1021 8 0.0564 400 466 633 712 6 0.0563 455 532 704 768 11 0.0561 438 213 698 438 11 0.0561 433 737 699 965 5 0.0556 65 0 418 157 11 0.0555 501 801 755 1023 11 0.0553 389 468 646 714 7 0.0547 543 603 904 782 6 0.0544 69 2 427 158 7 0.0539 460 529 704 771 7 0.0535 573 733 835 977 5 0.0534 392 462 637 712 0 0.0533 455 535 698 772 0 0.0532 252 126 505 369 2 0.0528 395 475 642 714 8 0.0527 62 0 419 159 11 0.0524 196 418 452 645 0 0.0524 537 606 903 783 11 0.0523 294 724 560 946 5 0.0522 559 729 826 974 8 0.0522 501 796 748 1023 11 0.0520 454 536 700 769 8 0.0520 537 603 890 783 0 0.0519 173 73 427 307 11 0.0518 531 606 899 777 5 0.0516 526 602 900 779 6 0.0515 266 128 513 365 6 0.0514 502 800 758 1023 8 0.0513 435 731 690 966 13 0.0510 179 74 433 308 0 0.0509 501 795 757 1023 7 0.0508 441 212 700 439 5 0.0505 426 728 691 964 13 0.0505 192 268 451 507 5 0.0504 255 125 502 362 5 0.0503 240 607 506 848 6 0.0502 442 214 705 436 0 0.0502 435 734 699 968 7 0.0502 193 266 445 503 6 0.0502 568 736 829 975 11 0.0501 61 1 428 156 0 0.0500 186 266 444 506
izaa2HExUQEvwSCI057VDhc1lEXQzPT7,11 0.0600 166 333 427 574 11 0.0587 303 270 569 507 0 0.0583 170 330 421 582 5 0.0580 301 258 563 506 11 0.0575 457 483 818 663 11 0.0574 237 197 500 421 8 0.0568 382 658 631 910 11 0.0567 231 398 493 641 8 0.0563 240 329 491 575 6 0.0563 241 332 500 574 5 0.0561 235 328 495 568 6 0.0558 308 265 568 511 8 0.0556 175 392 421 657 8 0.0555 309 264 562 508 0 0.0555 241 193 498 429 0 0.0554 307 263 570 512 11 0.0551 369 216 636 447 11 0.0549 629 467 895 709 11 0.0546 362 524 630 762 6 0.0544 302 411 565 647 6 0.0542 506 395 764 644 8 0.0541 632 464 887 709 7 0.0537 173 332 425 579 8 0.0536 369 341 621 578 13 0.0535 241 333 502 576 6 0.0534 251 195 501 428 6 0.0531 370 341 631 577 13 0.0530 312 264 575 513 0 0.0528 378 657 634 915 8 0.0526 427 275 683 516 13 0.0526 303 413 570 651 5 0.0526 630 462 889 708 5 0.0523 358 332 623 572 11 0.0522 381 662 635 909 3 0.0522 308 266 566 516 11 0.0521 360 344 631 576 13 0.0521 305 530 570 773 8 0.0521 302 410 556 647 5 0.0520 169 391 426 649 6 0.0520 640 465 896 709 0 0.0519 630 524 885 761 10 0.0518 629 468 893 708 6 0.0517 177 394 433 655 13 0.0516 435 465 699 706 7 0.0516 470 480 820 666 6 0.0514 434 279 689 517 3 0.0513 471 480 813 670 13 0.0513 634 467 901 712 3 0.0512 432 282 687 524 8 0.0512 462 481 807 662 6 0.0511 370 466 640 700 5 0.0511 367 585 631 842 10 0.0510 234 401 493 642 11 0.0509 170 468 429 708 2 0.0509 238 336 496 574 8 0.0509 501 209 750 454 11 0.0508 235 529 485 773 7 0.0507 311 262 569 512 7 0.0506 249 193 501 425 7 0.0505 635 465 896 712 13 0.0502 390 656 643 912 13 0.0502 372 343 638 581 7 0.0502 429 279 692 518 13 0.0502 432 279 700 516 13 0.0501 247 193 506 431
2vpRtHaUQsky0G3ZVw7LhCK612KxHLVq,11 0.0657 561 316 835 546 8 0.0651 437 319 698 565 11 0.0641 571 467 838 704 11 0.0639 502 393 766 634 5 0.0637 494 522 765 765 11 0.0633 399 486 743 668 11 0.0627 342 416 705 594 0 0.0619 567 529 833 769 13 0.0616 510 465 775 706 5 0.0606 565 463 836 708 5 0.0601 497 383 763 635 11 0.0598 495 587 776 836 8 0.0592 574 466 833 708 3 0.0592 509 391 764 642 5 0.0591 290 578 553 830 13 0.0590 567 528 838 770 7 0.0590 579 466 842 710 11 0.0589 372 532 635 773 13 0.0587 439 392 704 636 6 0.0586 568 530 837 770 3 0.0586 409 350 752 538 7 0.0584 407 350 758 535 6 0.0582 508 467 770 708 8 0.0581 563 585 831 832 0 0.0580 561 319 833 555 8 0.0580 325 339 574 587 3 0.0578 431 526 700 774 0 0.0577 501 395 763 634 11 0.0577 322 288 583 524 7 0.0577 474 411 835 602 0 0.0577 639 599 897 836 7 0.0576 329 280 585 522 5 0.0576 425 457 694 708 8 0.0572 500 528 762 768 8 0.0569 567 313 830 551 5 0.0569 355 639 638 880 3 0.0567 573 316 833 563 5 0.0566 555 309 825 551 7 0.0566 317 395 578 645 7 0.0566 436 464 697 709 2 0.0565 564 586 837 829 5 0.0564 317 335 579 586 0 0.0564 400 351 752 534 11 0.0564 298 464 565 706 11 0.0563 54 787 304 1015 7 0.0563 567 582 840 835 6 0.0562 473 412 836 602 9 0.0561 498 527 770 762 3 0.0561 568 527 833 774 10 0.0560 506 393 763 635 0 0.0559 322 282 580 529 5 0.0556 364 524 631 775 8 0.0556 505 393 759 632 6 0.0556 406 351 755 534 6 0.0555 329 284 586 527 2 0.0555 506 468 767 706 0 0.0555 341 414 703 595 13 0.0554 379 463 643 705 2 0.0552 341 418 712 594 10 0.0552 437 324 707 566 0 0.0552 299 581 561 836 10 0.0550 563 530 833 767 5 0.0550 396 343 750 534 0 0.0548 426 529 696 773 6 0.0545 639 599 902 833 5 0.0543 294 457 561 705 6 0.0542 316 395 576 646 6 0.0542 427 527 704 770 11 0.0540 631 597 897 834 2 0.0539 402 356 755 534 7 0.0539 375 529 639 775 8 0.0537 58 782 293 1016 1 0.0537 498 390 764 637 6 0.0537 570 316 839 552
qyrF4tnT4zGn7Erq7h0Fdp7rAGxx5xHk,5 0.0695 245 710 498 960 5 0.0686 381 713 631 963 7 0.0652 241 783 486 1023 7 0.0652 318 716 572 966 0 0.0648 320 666 576 913 8 0.0643 322 665 568 913 5 0.0642 171 782 420 1019 8 0.0635 241 782 480 1021 11 0.0634 238 785 483 1020 13 0.0624 243 785 490 1023 11 0.0609 383 718 637 963 0 0.0609 173 786 425 1023 10 0.0607 383 717 638 962 6 0.0606 318 719 570 965 0 0.0603 193 659 452 888 8 0.0602 186 716 432 955 10 0.0596 246 719 501 960 5 0.0596 188 656 445 884 2 0.0579 240 788 485 1023 10 0.0577 188 664 449 883 10 0.0574 170 790 424 1023 2 0.0564 318 720 570 964 3 0.0560 388 713 639 969 13 0.0558 318 715 576 966 6 0.0552 240 789 486 1023 3 0.0549 249 715 501 966 9 0.0548 310 717 570 961 9 0.0540 236 786 483 1021 6 0.0539 187 720 444 954 12 0.0532 387 716 635 968 10 0.0529 116 723 378 952 11 0.0527 121 662 397 875 8 0.0521 129 659 380 879 1 0.0516 237 779 485 1023 3 0.0515 175 788 427 1023 7 0.0513 134 656 396 877 7 0.0513 188 518 449 765 12 0.0510 251 715 503 962 8 0.0507 183 523 435 763 3 0.0505 195 660 447 889 9 0.0504 179 717 437 952 2 0.0501 183 723 438 958
QEXAE4pUCgfS5uDPDQ0ZbqfOuzsMeEF4,5 0.0632 310 195 570 436 8 0.0625 327 387 571 642 11 0.0612 382 395 634 639 11 0.0600 243 389 515 639 0 0.0596 324 387 584 645 5 0.0578 379 390 629 636 0 0.0578 316 199 572 442 7 0.0575 250 387 513 639 13 0.0575 390 398 637 642 6 0.0565 388 393 638 640 2 0.0560 384 399 631 642 13 0.0549 248 393 516 646 3 0.0548 387 393 635 646 0 0.0547 254 465 524 717 10 0.0538 311 140 570 375 7 0.0536 315 133 572 373 7 0.0534 386 392 636 641 8 0.0531 258 464 510 710 7 0.0524 320 518 581 770 5 0.0521 240 384 509 643 8 0.0519 319 201 562 437 6 0.0519 250 387 516 643 3 0.0519 321 200 572 445 11 0.0517 313 137 568 372 6 0.0513 321 201 573 442 5 0.0500 246 520 506 770
2Y8aaXJAbUL4IYblL4QBL25ayzWlxMED,8 0.0639 577 463 813 710 11 0.0623 644 466 887 711 5 0.0595 570 402 816 648 11 0.0588 571 410 821 649 13 0.0585 241 402 511 644 11 0.0585 561 526 820 772 8 0.0585 577 600 824 830 6 0.0582 437 520 704 764 5 0.0580 566 522 819 771 8 0.0576 365 515 619 757 7 0.0576 647 470 891 712 6 0.0575 571 528 823 775 11 0.0574 431 519 702 765 11 0.0570 704 393 943 640 7 0.0567 440 518 701 770 0 0.0566 575 406 822 650 5 0.0563 702 467 935 709 6 0.0561 578 409 826 647 5 0.0560 355 505 625 759 10 0.0557 574 470 822 707 11 0.0555 292 520 567 770 7 0.0555 569 522 823 771 5 0.0551 251 585 514 841 13 0.0550 370 467 641 707 13 0.0548 568 528 826 773 11 0.0548 698 545 944 785 7 0.0545 576 405 823 651 0 0.0544 643 539 874 777 13 0.0542 241 524 515 777 3 0.0541 572 526 817 779 10 0.0539 433 521 703 764 12 0.0536 570 525 821 776 11 0.0532 363 462 633 705 2 0.0524 578 473 822 710 10 0.0523 231 471 506 710 10 0.0523 642 411 889 650 0 0.0523 438 519 698 768 7 0.0522 259 255 509 501 0 0.0521 707 397 941 640 8 0.0521 369 393 627 629 5 0.0519 355 387 630 626 8 0.0516 643 407 878 650 0 0.0516 308 387 574 630 6 0.0515 652 472 890 709 3 0.0513 574 409 821 654 13 0.0512 574 410 830 652 13 0.0510 649 473 896 715 3 0.0509 441 520 704 772 6 0.0507 309 464 582 710 6 0.0506 320 200 579 435 9 0.0505 433 523 701 760 8 0.0505 708 471 928 710 12 0.0505 439 515 700 765 5 0.0503 307 195 566 432 0 0.0502 314 200 567 439 0 0.0502 177 518 434 776 0 0.0500 301 520 567 774
eR9Qv8ung4krL7mlQ6dz7VJDEouV4m4U,5 0.0648 399 474 757 658 8 0.0634 343 483 675 664 11 0.0624 319 533 593 774 11 0.0616 401 479 760 660 11 0.0615 310 405 574 641 5 0.0606 268 412 615 588 0 0.0602 406 479 760 661 0 0.0601 347 422 680 600 6 0.0582 369 399 641 638 10 0.0582 404 479 764 659 7 0.0579 345 483 693 664 10 0.0569 426 523 702 768 6 0.0565 247 399 501 642 8 0.0563 615 481 863 715 5 0.0560 317 463 583 704 11 0.0559 613 480 869 711 13 0.0558 279 416 631 594 3 0.0554 323 267 570 517 3 0.0551 407 478 765 665 11 0.0551 379 605 650 856 8 0.0549 248 398 494 639 13 0.0549 322 529 598 776 13 0.0548 347 484 692 665 3 0.0548 362 550 705 742 7 0.0547 432 523 704 771 9 0.0545 337 484 682 662 5 0.0544 316 260 562 503 2 0.0544 273 419 621 589 6 0.0543 374 526 648 772 8 0.0538 380 602 641 853 5 0.0538 612 478 867 718 11 0.0537 243 473 506 711 3 0.0535 322 471 592 711 10 0.0534 379 275 633 508 0 0.0532 319 268 570 511 3 0.0532 348 419 681 601 13 0.0528 250 470 510 717 2 0.0525 342 485 681 663 6 0.0525 322 265 573 511 11 0.0524 316 268 570 506 13 0.0523 403 536 771 723 13 0.0522 380 601 659 857 0 0.0518 379 603 651 857 7 0.0517 377 661 652 916 3 0.0516 245 400 497 649 7 0.0512 250 400 501 639 6 0.0512 621 482 875 717 2 0.0510 401 540 759 722 13 0.0510 327 264 573 515 7 0.0508 328 266 574 507 11 0.0507 616 592 888 831 12 0.0506 408 477 762 659 1 0.0505 335 481 683 665 2 0.0504 380 277 630 506 12 0.0503 359 549 705 737 5 0.0503 369 652 645 908 4 0.0502 342 485 690 666 10 0.0500 320 474 594 706
xUnYa3baRSNPpuJMTgyNtIjcDum0iNry,11 0.0635 503 398 754 636 8 0.0614 501 399 751 636 6 0.0601 508 398 760 641 11 0.0579 571 466 815 702 7 0.0579 571 391 819 640 5 0.0574 568 390 811 638 0 0.0570 506 395 753 636 7 0.0569 505 463 750 702 13 0.0561 577 466 821 706 10 0.0560 505 400 758 634 11 0.0549 436 532 692 768 6 0.0548 576 466 818 703 3 0.0545 504 401 756 644 6 0.0543 444 530 698 773 0 0.0539 572 462 813 704 8 0.0536 571 465 807 701 11 0.0532 647 0 908 205 13 0.0530 509 399 764 638 8 0.0523 651 0 893 210 10 0.0523 573 465 815 701 5 0.0523 501 462 742 701 12 0.0514 506 397 754 638 3 0.0512 573 465 812 709 2 0.0508 574 468 816 704 13 0.0505 653 1 917 208
fOQ2OkWS0HjPVxygQQNl9snCpdLYG3ZL,8 0.0681 388 524 626 758 11 0.0679 385 398 636 640 8 0.0671 386 396 632 643 11 0.0667 388 525 628 760 5 0.0665 448 516 698 761 8 0.0663 580 529 813 766 11 0.0654 514 460 758 703 7 0.0648 453 586 700 825 0 0.0645 387 524 628 761 5 0.0644 446 394 689 642 6 0.0644 516 459 762 707 7 0.0642 516 400 761 642 8 0.0640 517 457 754 707 8 0.0638 451 589 694 826 0 0.0637 385 399 635 642 0 0.0634 577 531 819 768 11 0.0633 449 589 697 823 11 0.0631 442 337 697 574 3 0.0628 456 518 698 763 11 0.0628 576 531 819 764 11 0.0621 385 652 637 890 3 0.0614 453 397 693 646 6 0.0614 451 589 697 823 8 0.0612 388 649 632 888 0 0.0612 512 404 751 647 7 0.0606 446 335 703 573 3 0.0605 520 456 759 711 7 0.0603 523 519 765 769 6 0.0600 454 401 698 643 7 0.0597 389 524 630 761 5 0.0596 237 254 504 510 7 0.0595 391 649 638 887 6 0.0592 578 530 820 766 7 0.0590 390 399 639 641 5 0.0589 369 264 639 496 8 0.0586 377 263 640 501 3 0.0585 384 325 636 571 13 0.0584 386 397 643 642 7 0.0582 381 265 649 503 5 0.0582 433 649 692 887 5 0.0581 573 528 816 766 0 0.0580 450 586 697 828 13 0.0579 521 520 766 768 8 0.0579 440 332 693 578 6 0.0578 386 524 630 758 10 0.0577 382 403 637 642 11 0.0576 375 265 647 500 3 0.0575 584 528 818 771 2 0.0574 521 526 761 770 11 0.0568 258 652 521 890 6 0.0565 385 327 640 568 13 0.0563 451 588 703 826 2 0.0561 453 594 695 825 0 0.0561 440 336 698 576 10 0.0561 382 529 627 760 13 0.0560 515 398 763 644 10 0.0560 515 523 760 768 3 0.0557 441 652 691 895 11 0.0553 241 261 509 506 12 0.0553 387 398 638 643 11 0.0553 321 725 580 958 9 0.0553 380 398 636 637 13 0.0552 446 332 708 572 12 0.0551 455 517 700 763 2 0.0551 453 404 695 640 11 0.0550 506 281 767 518 1 0.0550 381 394 636 643 7 0.0549 512 276 772 520 2 0.0548 391 531 624 759 7 0.0546 251 257 508 509 0 0.0544 384 648 634 891 10 0.0543 446 592 695 825 3 0.0543 395 585 628 830 1 0.0540 383 521 623 759 10 0.0539 510 405 755 645 9 0.0537 447 584 695 819 9 0.0537 518 520 761 763 0 0.0537 375 264 647 502 13 0.0537 389 522 630 760 6 0.0536 386 652 636 887 7 0.0536 444 724 700 950 13 0.0535 376 264 656 501 0 0.0534 241 258 511 513 7 0.0533 379 788 634 1017 11 0.0528 440 213 712 438 13 0.0528 390 649 641 892 3 0.0527 245 264 505 518
1FJGH9LNqtf12cxF2sjYxBmm4LCt8sC0,7 0.0628 440 795 692 1022 8 0.0622 378 185 625 432 11 0.0620 437 801 687 1019 11 0.0619 315 141 580 379 3 0.0581 381 187 633 437 5 0.0576 374 127 644 360 0 0.0552 384 133 647 367 0 0.0546 435 797 691 1023 8 0.0544 365 789 618 1016 13 0.0541 381 187 637 436 6 0.0541 321 139 584 384 5 0.0537 431 796 687 1018 7 0.0535 322 137 585 384 7 0.0534 355 727 630 950 13 0.0526 367 792 630 1017 0 0.0523 317 196 570 444 8 0.0514 503 811 759 1023 10 0.0508 433 801 689 1019 6 0.0506 512 816 770 1023 5 0.0504 563 340 806 567 7 0.0504 435 660 707 888
2wASTpGq90fvLIQcUsugo4bxPWVBjqlG,11 0.0642 244 666 510 890 8 0.0628 180 661 437 887 8 0.0615 5 604 365 785 8 0.0612 318 662 565 891 11 0.0590 72 615 447 788 5 0.0589 312 660 568 892 6 0.0585 12 606 377 788 8 0.0583 245 728 490 955 5 0.0581 174 660 441 888 0 0.0574 176 660 445 892 7 0.0569 179 663 445 889 3 0.0565 253 663 507 898 10 0.0562 12 608 370 786 13 0.0562 14 605 378 790 5 0.0561 10 604 369 786 13 0.0561 183 661 448 890 7 0.0561 12 604 371 788 0 0.0556 314 662 570 893 0 0.0553 9 605 372 787 7 0.0549 317 664 571 890 13 0.0546 318 666 574 893 6 0.0538 177 663 447 892 5 0.0528 237 727 493 956 0 0.0525 241 729 497 959 3 0.0525 14 604 375 791 0 0.0522 479 736 767 973 7 0.0521 243 730 500 956 1 0.0519 1 602 368 785 8 0.0519 481 736 754 967 10 0.0518 176 665 443 885 6 0.0512 318 662 572 891 11 0.0510 471 744 767 964 10 0.0509 315 665 571 892 2 0.0503 13 610 370 788
s2IwFhgZd6p2vqoYQLCcobLTAn1nHW8w,11 0.0648 251 583 497 828 0 0.0645 192 652 438 907 7 0.0644 189 710 442 962 11 0.0632 313 523 564 766 5 0.0628 187 707 440 958 0 0.0625 253 582 497 831 11 0.0618 185 711 441 958 7 0.0615 193 592 437 835 10 0.0609 124 728 373 957 8 0.0607 192 654 432 904 8 0.0606 129 722 368 960 8 0.0603 255 585 491 826 0 0.0599 131 722 373 964 10 0.0598 185 659 439 902 7 0.0592 315 584 563 821 11 0.0588 182 528 434 769 0 0.0583 312 521 564 770 0 0.0577 184 523 432 773 5 0.0571 250 582 495 824 7 0.0569 251 523 500 761 6 0.0565 192 656 439 905 3 0.0564 256 587 499 833 3 0.0562 192 655 437 908 13 0.0554 257 585 505 828 10 0.0553 251 589 498 828 6 0.0550 131 723 376 963 2 0.0548 189 713 442 962 8 0.0547 316 525 556 767 13 0.0543 191 713 447 963 6 0.0537 256 585 499 830 8 0.0535 185 527 424 768 3 0.0523 132 720 374 966 2 0.0520 194 598 437 838 2 0.0519 314 589 561 825 1 0.0515 188 650 437 904 9 0.0511 187 713 440 957 5 0.0511 311 522 562 765 3 0.0510 320 525 566 773 12 0.0509 194 708 442 959 6 0.0507 187 527 436 772 1 0.0505 251 579 497 827 12 0.0505 255 583 502 828 5 0.0504 180 525 432 768 13 0.0500 319 524 571 771
WZXA9KBwGM25X53dpyWbYsteCXHzerBn,11 0.0587 449 17 703 248 8 0.0583 447 13 692 252 11 0.0567 176 25 448 250 5 0.0561 445 9 698 252 0 0.0555 242 1 504 197 8 0.0545 241 0 499 193 5 0.0544 372 249 639 490 3 0.0540 452 16 698 257 0 0.0537 441 0 707 199 11 0.0537 377 253 643 492 0 0.0528 513 195 756 444 7 0.0526 445 0 709 197 8 0.0523 517 195 750 440 13 0.0523 451 13 708 252 8 0.0523 566 84 802 302 10 0.0518 448 20 703 251 8 0.0511 378 254 632 489 11 0.0511 43 32 315 244 5 0.0511 516 249 762 504 5 0.0508 558 80 800 297 8 0.0508 45 29 301 246 5 0.0506 173 17 438 250 6 0.0504 449 18 706 253
MkKTdxKqKguMe64oZyJJJfiq7CN2PoyE,11 0.0686 317 599 579 827 11 0.0652 245 672 512 909 7 0.0640 252 594 511 827 8 0.0628 319 599 570 830 7 0.0625 316 522 569 755 7 0.0594 384 599 647 830 8 0.0583 247 672 497 909 11 0.0576 187 593 451 819 0 0.0572 248 672 506 912 0 0.0571 313 528 569 757 8 0.0565 249 531 496 766 6 0.0562 318 528 571 757 13 0.0555 319 601 585 829 0 0.0550 189 593 444 823 6 0.0543 388 603 646 832 5 0.0537 315 596 571 825 7 0.0537 126 583 377 813 2 0.0534 317 534 565 758 10 0.0533 246 601 504 825 11 0.0532 253 469 513 705 3 0.0532 249 593 503 831 11 0.0530 509 594 753 820 6 0.0527 249 672 510 911 3 0.0520 315 525 564 761 5 0.0519 240 669 501 906 11 0.0515 727 817 1023 985 10 0.0508 310 531 562 759 5 0.0501 184 590 437 816
jECOQQPS8uyiltUifU73hH9ByrxVlvMO,8 0.0561 423 401 686 628 8 0.0552 570 466 818 693 5 0.0529 481 735 758 965 11 0.0528 410 672 691 899 8 0.0526 420 726 683 960 11 0.0524 418 404 692 630 3 0.0518 425 400 695 634 0 0.0507 490 736 767 968 11 0.0505 487 742 763 961 0 0.0504 424 403 693 632 7 0.0503 490 452 755 685
HVnSp18vzVo4Rcy4yQ2hBcyCavEu4dKx,7 0.0541 27 810 383 994 8 0.0529 21 806 366 996 10 0.0522 12 815 372 991 6 0.0519 31 810 382 995 11 0.0518 562 353 811 559 11 0.0515 501 413 763 632 11 0.0503 22 812 376 994
aobcVTJMdLHPDtYQYb6lQ7eCzyneG9XR,11 0.0645 638 327 892 581 5 0.0642 639 387 884 639 11 0.0606 573 399 826 637 11 0.0588 631 474 887 707 0 0.0587 641 326 889 581 8 0.0587 645 389 882 642 11 0.0586 709 274 961 514 6 0.0584 645 329 893 580 5 0.0574 711 333 955 578 6 0.0569 580 400 832 638 5 0.0565 567 474 816 709 11 0.0558 464 392 706 624 0 0.0557 576 401 829 639 7 0.0552 121 278 385 513 3 0.0550 644 327 889 590 7 0.0548 640 332 892 582 13 0.0547 711 394 959 637 8 0.0547 713 329 951 581 6 0.0546 138 211 404 441 11 0.0542 118 279 380 512 0 0.0542 462 394 703 629 11 0.0542 315 376 571 620 13 0.0541 579 401 833 641 5 0.0541 714 200 940 444 10 0.0540 639 332 887 579 11 0.0537 296 791 560 1016 0 0.0536 638 477 885 710 2 0.0535 645 392 884 643 10 0.0534 574 405 825 637 8 0.0532 572 481 810 711 7 0.0532 191 194 449 439 6 0.0530 715 278 964 514 3 0.0530 641 470 888 721 0 0.0530 119 276 380 518 11 0.0529 386 466 652 704 2 0.0527 716 338 959 579 6 0.0523 643 473 889 709 0 0.0521 401 532 651 772 7 0.0520 298 786 568 1016 13 0.0517 644 331 898 584 6 0.0516 711 393 957 632 0 0.0516 187 195 448 441 11 0.0514 567 549 827 788 0 0.0514 714 278 958 519 0 0.0512 45 347 315 580 7 0.0512 50 348 325 572 8 0.0509 404 532 643 770 5 0.0508 248 503 526 760 0 0.0507 702 393 951 635 11 0.0507 245 726 494 945 3 0.0506 580 401 824 646 6 0.0504 198 130 458 373 0 0.0503 317 653 580 896 13 0.0500 407 537 653 769
GeLMoyQgqhTugNZ7O82NU2SIDg7m9xoV,7 0.0594 323 474 586 710 11 0.0578 366 598 625 839 0 0.0568 309 608 576 857 5 0.0560 314 474 578 707 0 0.0551 322 477 579 712 8 0.0550 323 417 572 646 8 0.0545 311 531 578 773 11 0.0543 316 417 581 644 8 0.0534 258 602 506 843 11 0.0529 255 608 514 840 6 0.0517 315 528 589 778 8 0.0517 248 473 499 692 5 0.0516 305 604 573 849 0 0.0508 509 414 760 636 10 0.0507 320 418 584 646 6 0.0505 251 471 515 696 11 0.0504 297 681 566 907 11 0.0503 243 475 517 689 3 0.0502 323 419 580 655 13 0.0501 248 473 515 696
V8Z7mMl5HodCjgdPFYnCnvMNYPdysDrz,0 0.0628 319 521 581 775 0 0.0617 329 328 578 577 0 0.0612 510 529 755 768 3 0.0608 383 465 639 713 8 0.0601 510 527 748 764 11 0.0596 321 462 581 709 11 0.0595 242 522 509 767 8 0.0591 379 462 632 711 10 0.0590 503 462 748 700 11 0.0589 563 528 816 767 5 0.0586 374 461 635 708 11 0.0583 503 456 749 697 0 0.0581 257 583 504 840 0 0.0580 252 458 517 712 13 0.0579 323 516 586 771 5 0.0578 244 186 516 421 11 0.0575 333 337 582 575 8 0.0573 252 194 511 425 3 0.0570 509 457 751 706 3 0.0568 260 461 515 715 6 0.0568 291 484 636 667 8 0.0565 213 410 556 590 0 0.0564 249 189 518 426 11 0.0563 173 460 440 695 10 0.0563 282 486 634 668 8 0.0563 176 513 424 757 2 0.0558 507 532 754 764 5 0.0556 500 457 748 698 7 0.0556 257 579 507 838 8 0.0555 255 455 506 708 11 0.0554 640 465 888 702 7 0.0554 381 466 641 711 7 0.0552 507 457 756 700 13 0.0551 313 204 575 436 7 0.0549 316 710 558 956 2 0.0545 321 526 578 770 6 0.0545 337 335 587 578 11 0.0544 248 193 518 421 9 0.0540 377 466 637 705 5 0.0539 249 454 513 708 0 0.0539 643 468 884 707 11 0.0538 499 604 757 821 13 0.0538 337 335 585 578 6 0.0536 259 582 511 833 6 0.0535 506 457 752 700 3 0.0535 313 202 566 440 5 0.0535 254 575 500 834 6 0.0534 258 193 522 422 11 0.0533 310 713 560 955 8 0.0531 254 576 497 836 0 0.0529 174 521 432 760 7 0.0529 177 515 436 758 8 0.0528 324 278 574 510 0 0.0526 310 705 559 958 13 0.0525 511 524 761 768 7 0.0524 255 457 518 708 10 0.0520 256 197 519 425 7 0.0518 569 524 819 770 3 0.0517 216 413 569 594 10 0.0517 565 532 815 771 10 0.0517 253 586 503 837 3 0.0517 259 584 502 841 7 0.0514 252 191 521 427 7 0.0513 334 333 586 578 2 0.0513 259 588 506 840 13 0.0510 258 578 513 837 5 0.0509 319 280 580 508 11 0.0509 101 521 367 747 5 0.0507 200 411 562 587 7 0.0507 505 604 751 824 6 0.0504 316 707 558 952 10 0.0503 206 415 566 590 8 0.0502 312 710 549 956 5 0.0502 365 760 625 1005
au7HcgCZsoChKZ34aSivsHbmRZojIt2c,7 0.0571 447 783 688 1019 11 0.0561 441 783 682 1016 8 0.0546 185 655 430 892 7 0.0542 375 719 633 960 11 0.0538 570 787 817 1019 5 0.0534 439 780 679 1018 11 0.0534 363 726 626 956 10 0.0532 182 662 443 889 8 0.0531 443 783 676 1023 0 0.0526 441 779 684 1023 0 0.0525 571 789 816 1023 7 0.0521 185 650 443 888 8 0.0518 572 786 808 1022 13 0.0518 446 784 691 1023 7 0.0516 576 783 823 1023 11 0.0515 181 657 442 889 9 0.0513 441 785 681 1017 10 0.0512 444 784 683 1022
6iN9lwNja6KIf0cb0SBYPzueoaAhnlNP,0 0.0569 261 30 516 250 0 0.0543 704 60 1023 228 5 0.0523 695 0 1021 161 11 0.0519 699 63 1023 225 13 0.0517 710 59 1023 226 8 0.0514 702 0 1012 161 7 0.0510 444 778 685 1016
eAVuuUJcYSdSLRzHBVsY2XaO6EHM4Rjw,7 0.0567 444 401 717 629 11 0.0563 409 423 788 590 0 0.0536 408 424 788 594 8 0.0524 413 420 775 592 3 0.0520 421 422 787 596 11 0.0518 440 143 698 377 6 0.0510 448 402 716 629 0 0.0502 441 138 699 382
EzqEQApbvXABCBlYFn5SudqnadAi9YGf,5 0.0695 188 779 430 1021 8 0.0682 129 777 367 1019 5 0.0665 572 793 819 1020 0 0.0661 125 713 369 954 0 0.0658 201 674 556 853 7 0.0657 251 662 510 904 10 0.0648 181 663 439 896 0 0.0647 192 782 432 1023 7 0.0640 580 794 831 1023 5 0.0636 243 662 504 904 11 0.0635 125 778 368 1014 7 0.0635 191 781 435 1023 11 0.0633 576 795 823 1019 8 0.0629 186 660 435 895 5 0.0622 123 710 368 950 11 0.0622 198 676 558 847 8 0.0614 574 791 820 1022 7 0.0614 127 711 372 953 11 0.0605 124 657 381 889 0 0.0603 576 794 826 1023 6 0.0602 190 786 432 1023 3 0.0600 249 661 507 908 5 0.0590 177 596 435 832 3 0.0589 193 780 432 1023 7 0.0578 188 594 442 836 11 0.0577 241 545 500 772 11 0.0577 432 668 694 898 13 0.0576 192 783 435 1023 10 0.0575 190 785 432 1020 3 0.0573 129 713 370 957 8 0.0572 124 592 374 826 6 0.0568 247 666 508 903 13 0.0564 204 674 567 851 6 0.0559 128 717 370 952 9 0.0557 126 781 370 1016 2 0.0555 190 786 432 1023 7 0.0554 639 736 887 961 8 0.0551 75 661 324 892 6 0.0549 576 800 825 1023 0 0.0548 240 539 497 778 2 0.0547 247 668 505 905 11 0.0547 631 740 879 956 9 0.0546 573 796 825 1018 11 0.0545 374 607 626 839 1 0.0543 182 656 440 897 13 0.0543 580 800 828 1023 9 0.0540 182 662 442 896 3 0.0540 186 596 441 841 10 0.0539 71 664 328 893 2 0.0539 576 800 828 1023 6 0.0536 186 600 441 835 3 0.0536 576 798 825 1023 12 0.0532 128 778 366 1019 8 0.0531 242 540 488 772 10 0.0531 573 799 823 1023 13 0.0530 126 714 378 952 1 0.0529 187 780 431 1023 10 0.0523 121 595 379 825 10 0.0521 241 545 498 772 5 0.0520 624 730 875 959 4 0.0517 185 661 444 899 7 0.0513 437 663 701 898 12 0.0512 247 662 507 905 0 0.0505 428 669 694 904 6 0.0505 636 739 884 964
SlCNDOp6x6snZWKuVMTAZTnaBKgtU0st,5 0.0593 450 328 701 561 8 0.0572 453 330 698 566 6 0.0566 458 397 709 631 11 0.0557 452 395 704 630 11 0.0544 2 781 246 1007 0 0.0537 385 338 643 572 11 0.0534 5 677 259 897 11 0.0532 383 339 644 567 8 0.0530 7 779 236 1007 3 0.0529 458 400 706 637 3 0.0529 387 342 647 577 0 0.0524 453 396 704 632 7 0.0523 458 333 711 565 11 0.0520 631 261 872 505 13 0.0507 387 343 650 576 6 0.0506 388 339 649 569 5 0.0505 632 251 867 507 0 0.0502 6 783 246 1014 8 0.0501 9 673 248 898
K3Z8tFlCdOmxjtvMU2lvew7qHhnI6Osz,11 0.0562 523 483 882 670 6 0.0551 528 481 890 670 11 0.0538 174 798 438 1017 0 0.0536 405 484 759 672 3 0.0534 528 483 885 674 8 0.0529 244 137 491 364 0 0.0528 297 126 562 365 3 0.0528 305 130 561 367 5 0.0527 515 478 875 669 8 0.0524 409 485 745 669 11 0.0519 302 202 572 431 3 0.0514 448 202 692 437 13 0.0513 528 481 889 672 0 0.0508 236 200 495 433 7 0.0508 524 481 890 669 5 0.0507 169 789 429 1016 5 0.0504 437 127 683 363 6 0.0503 304 126 563 362 11 0.0502 441 199 695 425 0 0.0500 305 257 571 498 0 0.0500 440 138 687 371 6 0.0500 179 789 442 1014
SElFWeHmoKbE4XqtznHWGfMrFq707Hnb,8 0.0621 185 345 427 580 6 0.0611 582 342 834 582 0 0.0611 257 334 505 571 8 0.0605 129 153 377 390 8 0.0600 575 335 824 583 11 0.0593 180 403 435 638 0 0.0589 239 18 489 250 5 0.0585 178 338 433 578 0 0.0583 188 212 439 459 11 0.0579 254 337 508 562 11 0.0577 575 340 832 582 11 0.0576 180 275 443 512 0 0.0571 578 337 827 585 11 0.0570 459 339 712 564 6 0.0568 187 345 436 579 8 0.0566 308 596 557 815 7 0.0564 185 395 438 640 11 0.0564 184 149 446 390 11 0.0562 306 590 565 821 7 0.0549 262 331 509 570 0 0.0549 181 401 434 641 0 0.0547 125 276 383 526 11 0.0546 234 23 495 247 8 0.0546 188 83 439 327 7 0.0546 185 272 446 515 0 0.0543 457 335 711 569 8 0.0542 454 333 704 567 6 0.0542 461 342 714 566 7 0.0541 580 339 832 584 10 0.0541 180 405 432 637 5 0.0539 575 333 824 580 5 0.0539 123 148 380 393 8 0.0537 249 267 498 501 13 0.0535 191 83 452 329 13 0.0529 583 340 839 578 10 0.0529 187 86 444 322 3 0.0529 185 402 433 644 8 0.0528 126 402 369 649 2 0.0526 577 341 831 584 7 0.0525 464 337 712 567 9 0.0524 182 344 433 574 5 0.0522 454 331 703 563 0 0.0522 188 82 442 327 6 0.0521 189 211 445 454 3 0.0517 256 338 507 574 5 0.0517 178 459 434 696 7 0.0514 303 25 559 260 3 0.0512 241 20 493 255 13 0.0511 187 344 440 582 2 0.0511 238 26 493 249 13 0.0505 132 154 393 394 7 0.0504 190 146 446 392 3 0.0504 582 341 830 589 5 0.0503 640 137 904 380 13 0.0502 129 405 381 651 6 0.0502 588 216 840 453 10 0.0501 127 160 386 392 7 0.0500 241 792 497 1018
wfUxaU8ciMV3PwfHY0crvntxkIeUKgBE,7 0.0670 123 781 373 1020 5 0.0667 181 781 432 1021 8 0.0665 121 779 368 1019 8 0.0640 249 780 493 1022 11 0.0631 219 666 576 848 5 0.0630 8 867 366 1021 6 0.0630 186 788 436 1023 10 0.0627 115 720 371 958 5 0.0624 250 704 503 965 0 0.0622 13 869 371 1023 11 0.0621 78 803 446 979 7 0.0620 250 782 501 1023 0 0.0618 186 783 435 1023 11 0.0617 249 784 499 1020 8 0.0614 6 777 239 1021 0 0.0612 255 707 506 973 6 0.0611 66 780 310 1009 5 0.0610 114 710 369 957 7 0.0610 191 709 439 966 7 0.0606 11 780 249 1020 0 0.0598 119 713 372 965 0 0.0593 223 664 581 852 2 0.0588 122 784 372 1020 6 0.0588 255 712 508 966 10 0.0586 58 784 306 1008 13 0.0581 251 785 504 1023 3 0.0581 83 800 439 987 3 0.0572 250 783 501 1023 13 0.0569 8 781 252 1020 8 0.0568 187 709 435 963 13 0.0566 123 783 375 1019 5 0.0566 215 661 574 848 10 0.0560 221 667 582 847 2 0.0555 186 714 440 965 11 0.0553 6 869 378 1020 6 0.0550 223 669 584 848 9 0.0549 120 782 372 1017 10 0.0543 246 786 500 1021 2 0.0536 248 789 502 1023 7 0.0536 228 665 581 851 8 0.0532 219 667 573 847 13 0.0521 226 664 591 849 13 0.0521 188 708 445 967 3 0.0520 23 872 371 1023 1 0.0517 245 777 499 1023 11 0.0515 203 426 570 595 12 0.0515 125 780 371 1017 9 0.0513 246 785 499 1021 12 0.0508 188 709 438 963 1 0.0505 118 779 369 1020 8 0.0504 215 424 557 598
ABEogmY7nncB4tYxGQNOVIbr8wcyi0tX,0 0.0622 190 642 441 896 7 0.0618 189 641 443 891 11 0.0617 241 582 508 821 5 0.0615 240 522 499 764 0 0.0615 247 579 506 826 11 0.0614 246 455 497 677 7 0.0613 247 579 508 823 8 0.0608 188 642 433 890 11 0.0602 183 645 440 891 8 0.0600 191 451 431 692 11 0.0597 0 218 249 452 0 0.0595 250 450 497 684 5 0.0595 183 637 436 891 10 0.0588 244 588 507 823 8 0.0585 242 584 499 824 8 0.0581 0 211 242 453 7 0.0561 252 445 497 683 11 0.0556 102 219 384 453 11 0.0554 308 392 575 613 0 0.0553 371 460 628 695 0 0.0550 312 391 580 622 10 0.0550 187 649 441 887 11 0.0549 366 462 621 685 0 0.0549 0 217 249 457 7 0.0545 377 457 630 690 6 0.0544 122 334 388 574 6 0.0544 192 520 450 760 3 0.0538 190 643 438 899 5 0.0537 111 334 376 575 8 0.0536 56 270 307 514 10 0.0532 189 523 444 758 6 0.0531 243 587 511 824 11 0.0531 121 457 390 688 11 0.0530 112 341 382 572 5 0.0527 308 382 573 616 8 0.0527 371 460 618 690 6 0.0525 248 453 502 683 0 0.0525 246 322 505 561 0 0.0522 127 452 391 696 5 0.0521 181 391 438 632 3 0.0518 245 581 505 832 13 0.0513 251 317 515 564 6 0.0513 2 216 257 455 11 0.0512 442 399 711 622 0 0.0512 114 340 386 575 3 0.0510 117 340 382 584 9 0.0509 241 525 501 758 13 0.0509 251 451 506 682 5 0.0508 49 269 304 511 6 0.0507 188 646 444 890 7 0.0507 452 397 716 624 2 0.0507 247 590 509 824 13 0.0505 2 213 259 458 10 0.0504 0 219 250 457 7 0.0504 123 332 388 577 7 0.0501 325 713 573 963 3 0.0500 193 518 445 763
zXy9Cm9tDZlp5SCm4enOwvMTABE7Dz7c,11 0.0675 373 250 653 494 8 0.0668 372 246 644 496 5 0.0629 558 293 821 517 8 0.0626 262 260 501 501 11 0.0619 256 259 512 497 8 0.0611 496 154 743 385 8 0.0610 317 324 571 571 5 0.0607 495 148 746 386 11 0.0604 305 193 576 431 0 0.0601 367 187 646 430 13 0.0596 326 259 594 508 0 0.0595 320 258 588 507 3 0.0593 507 151 748 391 11 0.0593 312 327 580 569 5 0.0592 249 316 505 563 3 0.0592 575 222 834 462 8 0.0592 569 221 824 454 8 0.0589 307 189 563 431 11 0.0586 500 156 752 382 6 0.0581 325 259 592 505 2 0.0579 375 254 651 497 0 0.0577 569 223 834 451 11 0.0577 570 223 835 450 5 0.0576 615 209 877 444 0 0.0575 497 156 748 383 6 0.0571 577 223 838 447 5 0.0570 365 245 644 493 11 0.0565 427 74 696 299 3 0.0562 260 258 513 506 0 0.0562 254 195 508 445 13 0.0560 574 222 841 453 2 0.0560 499 160 751 383 6 0.0559 505 156 755 380 13 0.0557 257 325 516 571 0 0.0555 563 345 818 572 6 0.0555 634 159 891 383 7 0.0553 376 249 652 501 7 0.0553 261 257 514 502 8 0.0552 429 73 684 303 7 0.0551 505 82 760 312 5 0.0551 181 258 423 498 11 0.0551 626 292 889 514 0 0.0550 188 261 429 504 7 0.0550 569 346 817 573 3 0.0548 634 159 886 395 5 0.0548 422 65 691 300 7 0.0547 572 222 833 454 3 0.0545 571 345 815 579 10 0.0545 258 261 510 500 3 0.0542 377 243 650 501 3 0.0540 431 73 695 308 3 0.0538 314 322 579 576 7 0.0537 629 160 890 387 7 0.0535 310 190 581 432 8 0.0534 566 344 811 572 0 0.0531 299 127 573 372 5 0.0531 110 326 371 569 5 0.0531 556 76 817 309 5 0.0530 298 186 570 427 0 0.0530 255 321 510 569 3 0.0530 633 289 887 527 11 0.0529 626 161 885 385 6 0.0528 257 322 511 566 11 0.0527 565 349 821 566 7 0.0525 317 324 584 576 11 0.0524 189 324 443 567 2 0.0524 571 354 820 571 10 0.0523 315 327 580 571 2 0.0523 573 227 835 450 10 0.0521 497 157 750 385 11 0.0521 619 406 899 627 0 0.0520 628 289 887 518 7 0.0520 197 319 442 572 8 0.0519 632 285 875 517 7 0.0519 434 144 699 380 11 0.0519 559 81 820 307 8 0.0518 564 81 810 311 6 0.0518 374 189 654 428 1 0.0516 365 245 649 497 6 0.0515 710 294 958 512 3 0.0514 193 326 441 578 6 0.0513 259 200 511 442 13 0.0512 190 261 434 503 10 0.0510 371 254 653 494 5 0.0510 694 286 952 508 8 0.0510 195 323 431 570 9 0.0509 365 250 650 491 0 0.0507 122 332 377 577
wmgxrMmg5ad44tPpaQzGNBD1cI1Wl3cz,11 0.0576 247 259 516 503 11 0.0564 386 113 647 338 5 0.0563 186 268 446 509 5 0.0563 315 123 571 360 0 0.0559 65 236 342 474 0 0.0558 442 341 700 580 7 0.0552 196 266 452 514 0 0.0550 187 196 456 444 13 0.0544 131 286 388 532 5 0.0541 249 178 506 424 13 0.0541 196 197 463 444 5 0.0541 116 341 380 585 8 0.0535 253 256 504 512 6 0.0534 257 181 514 430 13 0.0533 261 324 512 577 11 0.0533 313 389 571 623 8 0.0532 129 279 377 533 7 0.0531 255 177 513 428 0 0.0528 319 128 576 365 11 0.0528 440 340 698 572 8 0.0526 391 112 638 340 8 0.0519 443 335 693 579 6 0.0518 198 270 458 512 8 0.0513 189 193 449 443 7 0.0511 448 336 703 580 6 0.0510 327 126 582 362 0 0.0508 316 384 574 631 7 0.0502 325 126 580 362 10 0.0502 258 332 510 571 8 0.0501 319 389 565 628
Zyjw2sxtOqi4S0i5SORl6QNMRRHtF49c,11 0.0607 383 342 633 581 8 0.0592 253 584 497 811 11 0.0561 306 407 561 639 5 0.0559 246 521 498 745 0 0.0557 254 523 500 749 8 0.0555 314 402 557 637 8 0.0553 386 273 613 509 5 0.0551 186 396 438 637 0 0.0545 0 608 336 798 0 0.0544 313 404 559 641 11 0.0543 285 523 554 739 7 0.0541 193 397 439 641 8 0.0539 187 399 430 640 8 0.0538 75 670 421 863 0 0.0538 190 400 433 643 7 0.0535 254 589 508 809 5 0.0533 0 606 334 794 7 0.0523 0 609 337 796 0 0.0521 76 673 436 866 6 0.0520 193 404 445 641 11 0.0518 185 403 437 639 11 0.0515 0 610 340 792 3 0.0513 3 606 338 803 10 0.0510 3 612 335 794 10 0.0508 191 410 430 639 13 0.0508 196 400 440 640 7 0.0507 313 399 563 641 13 0.0507 5 609 344 798 3 0.0507 257 587 504 815 11 0.0506 376 215 621 441 0 0.0505 303 586 561 815 10 0.0505 291 526 551 740
JuHjAtdrjXY10TuA7DjuHyBaTO2pIp2P,11 0.0622 363 417 629 638 0 0.0615 368 353 631 584 7 0.0597 313 348 569 582 8 0.0593 369 354 624 580 0 0.0591 445 415 702 646 7 0.0586 368 411 632 642 11 0.0586 308 351 565 576 11 0.0585 374 593 630 826 11 0.0580 239 423 512 639 0 0.0574 374 663 628 892 6 0.0572 369 417 634 642 0 0.0570 581 16 819 256 7 0.0569 243 420 514 647 8 0.0568 583 15 810 252 8 0.0566 319 534 572 774 5 0.0558 369 656 625 887 13 0.0556 377 658 637 889 11 0.0553 189 1 453 198 11 0.0551 442 538 707 762 5 0.0549 580 11 819 254 13 0.0546 589 16 828 257 13 0.0545 129 471 391 710 7 0.0545 583 18 824 256 0 0.0544 368 795 614 1023 11 0.0543 367 731 619 945 7 0.0542 393 538 653 778 8 0.0542 440 413 694 642 0 0.0542 382 478 645 720 5 0.0537 307 344 562 580 7 0.0534 449 464 711 704 8 0.0533 384 480 633 715 13 0.0533 371 416 636 640 8 0.0533 192 0 444 199 7 0.0532 376 662 635 889 0 0.0531 193 3 452 202 3 0.0531 253 0 520 206 5 0.0530 114 465 377 703 10 0.0530 378 597 630 824 13 0.0527 246 423 516 645 6 0.0527 311 355 570 579 11 0.0523 578 19 821 253 5 0.0523 442 405 699 640 5 0.0522 577 194 834 449 8 0.0521 375 662 622 889 13 0.0520 194 0 457 201 5 0.0514 239 415 505 644 2 0.0513 374 359 632 582 3 0.0512 584 206 838 460 10 0.0510 307 354 566 577 5 0.0508 384 534 640 775 3 0.0508 451 416 699 649 6 0.0505 247 424 514 642 7 0.0505 461 8 697 247 3 0.0504 313 349 566 583 10 0.0503 365 421 628 638 3 0.0500 383 595 630 832
SRlVvSKgXthQ2Qbhoyy1FsbDCZFqCWoL,5 0.0598 317 334 582 568 0 0.0567 10 664 245 900 5 0.0560 372 447 637 691 11 0.0555 372 455 643 694 11 0.0553 379 340 645 564 5 0.0549 235 271 500 513 0 0.0545 374 227 641 446 11 0.0545 428 613 703 845 6 0.0544 381 454 647 694 11 0.0542 448 404 707 637 7 0.0542 451 456 712 699 7 0.0539 307 219 568 448 6 0.0537 388 341 650 568 7 0.0536 378 282 649 510 6 0.0532 457 404 710 638 0 0.0532 388 341 647 569 8 0.0532 379 454 636 697 8 0.0530 372 221 628 447 13 0.0527 324 342 591 578 0 0.0521 382 452 643 702 13 0.0513 385 529 649 766 5 0.0509 444 327 704 555 11 0.0507 13 667 245 894 10 0.0505 320 346 580 571 8 0.0504 308 158 556 380 8 0.0500 373 605 625 837
zX7NaHAutJTCuQFNognFmyiJIH8ZsjCi,8 0.0607 354 602 707 797 11 0.0602 317 399 570 647 5 0.0600 348 601 713 797 7 0.0600 384 598 642 853 3 0.0599 360 607 714 802 11 0.0590 350 607 716 797 7 0.0587 570 451 810 698 11 0.0578 635 466 881 705 11 0.0573 566 520 818 763 0 0.0567 381 600 637 853 5 0.0562 565 516 812 761 11 0.0561 239 340 492 574 8 0.0560 568 518 808 766 6 0.0558 387 535 639 781 11 0.0555 376 326 634 568 8 0.0554 319 395 558 642 3 0.0552 571 458 803 704 0 0.0551 566 456 806 697 6 0.0550 571 519 821 766 0 0.0549 251 273 505 501 13 0.0548 573 522 821 766 8 0.0543 561 395 808 630 5 0.0541 633 460 878 705 6 0.0540 641 465 882 709 2 0.0538 383 604 640 854 10 0.0538 317 398 574 647 10 0.0537 563 456 808 698 10 0.0536 350 606 720 798 8 0.0532 383 325 626 566 8 0.0531 636 464 873 706 5 0.0527 510 190 757 449 3 0.0527 321 393 565 654 5 0.0525 559 390 813 630 2 0.0522 570 523 816 767 13 0.0521 639 466 888 709 5 0.0519 373 319 628 567 7 0.0515 254 402 497 637 6 0.0512 320 396 575 644 13 0.0512 361 608 723 799 11 0.0511 562 395 817 631 3 0.0511 388 270 632 519 8 0.0510 327 275 562 497 2 0.0510 320 402 568 651 5 0.0507 308 391 563 642 5 0.0506 382 197 635 431 13 0.0504 563 396 824 632 12 0.0502 358 605 719 797 2 0.0501 565 401 814 632 6 0.0500 568 396 819 630 2 0.0500 635 467 880 708 13 0.0500 384 326 641 575
5zT5waeAEXM39Z4ZiEFfhIOnRkKydHt2,11 0.0602 327 789 573 1018 8 0.0599 224 871 554 1023 11 0.0594 264 724 518 949 7 0.0577 329 785 576 1023 5 0.0567 322 782 568 1018 0 0.0559 324 788 572 1021 0 0.0557 485 448 766 692 3 0.0555 332 785 576 1023 0 0.0553 264 721 519 952 6 0.0545 327 789 577 1020 6 0.0539 266 722 525 952 8 0.0538 369 461 626 703 11 0.0536 384 726 635 952 13 0.0534 328 784 578 1023 3 0.0531 266 718 520 960 11 0.0531 374 411 649 634 7 0.0523 264 719 521 955 8 0.0523 351 417 713 592 11 0.0521 174 650 450 874 10 0.0516 328 788 574 1020 0 0.0516 387 723 638 957 8 0.0515 173 644 441 879 8 0.0514 265 717 509 950 7 0.0510 371 526 647 774 3 0.0507 494 443 762 695 11 0.0505 244 472 488 699 11 0.0504 365 528 635 777 2 0.0501 219 878 564 1023
XgdzMctWrrfmSozPY0KWpEDABPA96hAV,8 0.0616 320 339 567 574 11 0.0608 313 343 572 571 13 0.0581 321 340 578 578 5 0.0558 311 334 569 573 0 0.0557 316 341 569 579 7 0.0548 387 338 631 573 10 0.0539 314 346 573 573 3 0.0528 319 337 571 580 7 0.0513 251 335 506 577 6 0.0505 319 340 573 574
fl5vz72jYRZsoZfrpoMb1XxJXP5dKldS,8 0.0606 194 396 434 644 5 0.0584 191 395 443 636 11 0.0573 193 404 447 639 7 0.0545 204 323 446 555 13 0.0540 201 404 451 644 8 0.0540 257 0 622 149 3 0.0528 585 88 829 327 0 0.0521 568 0 826 200 0 0.0519 196 401 443 640 6 0.0509 201 406 450 639 11 0.0508 566 1 827 197 11 0.0500 240 0 632 148
KeZ7WW7wSYM2Xz5bmSReJDS5tv2EBB66,5 0.0648 385 193 638 429 7 0.0642 356 484 721 672 11 0.0640 310 327 568 564 8 0.0633 366 602 730 792 8 0.0622 342 430 705 605 13 0.0622 369 552 737 730 8 0.0620 451 209 696 439 3 0.0619 316 324 562 572 8 0.0614 436 540 797 735 5 0.0608 441 327 701 566 5 0.0606 335 426 707 606 7 0.0606 448 332 705 571 11 0.0604 448 277 709 501 8 0.0595 446 331 698 568 10 0.0592 391 202 641 431 0 0.0590 442 330 705 571 3 0.0589 447 331 705 574 8 0.0588 487 652 833 849 5 0.0586 760 461 1018 703 5 0.0585 358 542 729 733 0 0.0585 390 131 643 367 11 0.0584 390 200 643 430 6 0.0583 344 429 723 607 11 0.0583 364 549 730 730 10 0.0582 448 273 706 504 5 0.0580 368 649 629 891 0 0.0580 450 209 700 444 13 0.0579 447 332 711 570 7 0.0578 452 211 702 443 0 0.0578 345 485 718 670 5 0.0577 619 605 875 855 13 0.0576 344 433 723 605 0 0.0575 436 539 807 735 11 0.0574 764 407 1019 638 3 0.0573 451 209 697 446 8 0.0573 317 324 561 566 5 0.0572 307 319 562 563 0 0.0570 310 323 568 571 6 0.0569 443 541 811 738 13 0.0566 452 209 705 445 6 0.0565 380 658 639 891 6 0.0563 446 333 708 569 6 0.0562 395 200 643 431 2 0.0561 452 217 699 442 2 0.0560 345 432 716 606 8 0.0560 771 403 1009 636 6 0.0559 371 601 741 792 5 0.0553 360 780 614 1002 13 0.0553 317 326 570 569 11 0.0552 337 430 713 604 3 0.0552 446 540 808 739 2 0.0552 447 337 704 569 0 0.0549 325 195 574 436 7 0.0549 374 653 641 892 6 0.0548 316 327 568 567 9 0.0548 351 485 713 666 10 0.0546 321 269 569 495 11 0.0546 374 659 636 889 0 0.0537 371 657 637 894 3 0.0536 325 199 570 434 13 0.0535 776 405 1023 638 13 0.0534 331 197 581 435 0 0.0533 624 606 878 861 8 0.0533 391 131 635 362 10 0.0533 454 516 716 758 1 0.0532 447 511 709 757 0 0.0531 360 601 741 795 7 0.0530 316 326 567 567 8 0.0530 327 200 566 432 7 0.0527 490 653 852 851 6 0.0525 327 141 575 369 2 0.0525 363 551 737 732 13 0.0524 626 615 890 857 8 0.0521 376 655 631 893 1 0.0520 442 208 698 445 2 0.0519 313 328 562 568 11 0.0518 623 615 884 848 3 0.0518 374 603 736 798 0 0.0517 700 521 943 766 9 0.0514 442 332 701 564 5 0.0512 311 129 567 359 13 0.0511 393 130 652 367
coymKFCu5NEGBwr7RDpsjIBPzKe1PbuU,0 0.0550 573 672 828 910 8 0.0536 445 540 683 773 11 0.0524 456 737 828 914 0 0.0517 1 3 259 213 5 0.0511 566 667 823 907 11 0.0508 561 595 824 826
zRvBlh67f2KJJ3VXDiksPAKuIVRuqNFP,11 0.0598 309 600 579 822 0 0.0574 239 270 508 513 5 0.0567 237 128 503 372 0 0.0564 325 514 586 757 7 0.0561 325 516 589 758 5 0.0553 301 258 570 511 11 0.0548 301 267 577 513 7 0.0545 305 264 578 515 11 0.0540 234 207 512 442 13 0.0531 321 590 585 825 0 0.0529 322 387 580 638 5 0.0527 245 331 498 577 8 0.0525 239 203 500 444 6 0.0524 257 523 523 764 3 0.0520 308 264 571 520 8 0.0515 187 406 428 639 6 0.0514 251 334 514 579 8 0.0510 312 258 564 514 13 0.0509 240 202 523 445 11 0.0506 316 390 582 628 13 0.0502 250 336 512 581 5 0.0502 319 509 581 747 3 0.0500 239 201 509 450
INaeG3HpGfQyFRSTPus6GF2LJstuO8ap,0 0.0512 555 795 819 1023
l7EcZaTI0p7nvIJlRlzy6WamatABKL1u,11 0.0644 304 731 563 961 8 0.0641 307 781 558 1019 0 0.0637 301 781 559 1020 7 0.0636 311 731 567 965 5 0.0626 297 781 556 1015 0 0.0621 4 0 240 213 5 0.0618 380 665 632 902 0 0.0616 386 667 639 906 13 0.0610 309 786 566 1021 11 0.0608 384 674 636 901 10 0.0605 384 671 636 900 8 0.0598 383 271 642 487 11 0.0593 446 332 688 562 10 0.0588 307 732 564 964 8 0.0584 317 671 565 903 0 0.0580 390 331 639 576 5 0.0579 0 0 238 207 6 0.0577 306 788 563 1019 6 0.0576 386 672 641 900 3 0.0576 386 670 638 910 3 0.0566 393 333 643 577 7 0.0566 390 268 653 489 5 0.0564 383 326 634 571 7 0.0563 454 332 690 565 11 0.0558 384 389 632 636 8 0.0556 448 332 680 567 7 0.0553 387 669 640 909 11 0.0552 376 547 627 771 3 0.0552 3 0 240 213 13 0.0552 391 674 643 905 10 0.0548 388 275 653 487 3 0.0546 308 786 560 1022 8 0.0543 4 0 234 208 6 0.0534 396 336 648 574 10 0.0534 449 336 686 565 11 0.0531 0 3 243 207 8 0.0530 383 393 625 640 1 0.0530 304 780 561 1020 0 0.0529 376 472 623 723 6 0.0528 381 547 632 774 11 0.0528 386 270 651 486 0 0.0528 454 537 701 781 7 0.0526 380 473 628 719 13 0.0526 391 333 646 574 5 0.0526 552 722 804 967 11 0.0525 451 473 703 722 5 0.0524 372 539 621 773 0 0.0523 306 277 579 504 12 0.0523 398 331 642 573 10 0.0521 0 2 239 209 13 0.0520 380 549 635 776 13 0.0519 462 475 708 725 11 0.0519 553 725 805 964 0 0.0517 459 392 699 646 9 0.0515 304 730 567 959 3 0.0513 384 1 645 242 6 0.0507 2 0 244 207 13 0.0505 4 0 246 209 11 0.0503 686 2 962 195 4 0.0503 306 787 564 1019 5 0.0501 456 386 693 640 0 0.0501 561 725 805 972
pg0uMs4QQW5Bw5GmKVufvA6DQ6IudRlP,8 0.0570 246 541 495 783 11 0.0567 304 544 572 766 0 0.0558 363 599 628 832 0 0.0549 255 596 507 841 11 0.0535 251 603 509 832 7 0.0528 310 537 573 771 8 0.0524 299 479 558 712 8 0.0524 317 599 564 824 7 0.0524 370 459 652 693 5 0.0515 250 595 509 835 5 0.0505 298 475 568 715 5 0.0504 0 0 242 205 0 0.0500 387 410 653 642
CWYgpGgORrwOHH8Oo7XXkIaCNs6iKKYl,11 0.0555 392 202 638 425 0 0.0544 411 277 650 501 0 0.0544 272 262 521 482 11 0.0535 393 340 645 568 11 0.0529 233 800 493 1015 5 0.0527 268 256 516 480 3 0.0522 418 272 647 504 6 0.0520 419 273 657 500 5 0.0517 323 329 577 562 8 0.0512 273 260 511 482 11 0.0511 268 264 524 479 13 0.0507 416 275 659 497 7 0.0505 284 420 648 604 8 0.0504 415 272 647 499 13 0.0504 334 333 590 564 0 0.0502 263 127 502 367 11 0.0501 521 338 775 565
PPXKwF6Pf9p5PyGNHZnEU37pXLx9VYZy,11 0.0596 179 390 436 627 6 0.0578 185 389 437 634 5 0.0571 118 385 376 636 0 0.0564 140 26 390 276 7 0.0563 185 386 436 631 0 0.0560 122 330 375 577 11 0.0552 247 445 502 686 8 0.0547 181 390 426 634 11 0.0545 250 330 520 564 0 0.0543 146 149 399 373 7 0.0541 251 440 500 694 5 0.0540 184 316 444 559 6 0.0536 255 440 505 693 10 0.0533 130 3 379 200 0 0.0533 125 449 375 691 11 0.0529 184 182 450 416 11 0.0527 127 0 381 204 8 0.0523 133 0 373 204 7 0.0523 257 324 516 571 0 0.0519 255 328 517 573 0 0.0516 187 248 448 484 6 0.0515 192 245 452 482 0 0.0511 506 2 766 204 0 0.0509 9 1 258 204 0 0.0509 250 443 499 696 6 0.0509 259 328 523 568 13 0.0508 129 391 386 638 3 0.0508 186 392 437 641 8 0.0507 253 444 492 691 5 0.0507 2 0 256 200 6 0.0502 135 1 388 203 6 0.0501 150 145 402 370 10 0.0500 121 396 379 638
nwoMOqJe70gGg5QxpZe0ShtCpL1Ok4kX,11 0.0574 380 265 654 483 6 0.0559 386 392 639 636 11 0.0556 300 603 565 841 8 0.0555 387 393 627 631 7 0.0553 432 0 696 191 11 0.0551 241 537 483 760 8 0.0548 429 0 685 189 3 0.0545 432 0 689 195 11 0.0544 378 398 640 634 8 0.0543 442 265 700 490 8 0.0536 253 470 484 701 8 0.0535 250 598 494 828 5 0.0533 362 460 633 704 11 0.0532 423 1 695 187 0 0.0532 426 2 691 191 0 0.0531 383 326 652 568 6 0.0530 248 471 492 698 8 0.0526 373 203 641 423 0 0.0517 246 476 490 706 2 0.0516 428 2 692 187 6 0.0512 445 267 712 492 0 0.0509 437 266 707 492 7 0.0506 250 533 491 768 6 0.0505 313 529 570 770 11 0.0505 442 146 698 367 0 0.0502 303 599 566 843 5 0.0502 235 593 493 822 13 0.0501 376 470 643 705
qtRNzewCC7Ljx3g6tpzbuKtuXzTu4xwu,11 0.0644 512 73 766 311 11 0.0631 444 141 706 390 0 0.0610 447 139 705 394 7 0.0607 449 138 709 394 13 0.0589 453 139 712 391 0 0.0589 515 74 766 316 7 0.0589 518 72 768 318 8 0.0575 515 73 758 316 5 0.0569 512 69 763 314 3 0.0569 450 141 703 396 13 0.0564 517 74 774 317 3 0.0564 517 73 768 320 2 0.0559 449 144 705 392 8 0.0554 449 139 699 393 5 0.0551 303 138 569 389 6 0.0551 518 73 766 312 8 0.0544 507 462 758 707 13 0.0544 515 464 774 705 11 0.0543 505 465 766 706 5 0.0543 445 134 702 393 10 0.0541 445 145 705 394 2 0.0531 517 76 768 314 10 0.0529 310 152 571 393 13 0.0528 317 142 580 388 10 0.0525 513 75 765 313 8 0.0522 314 146 561 389 0 0.0522 634 1 891 214 12 0.0520 518 72 767 315 0 0.0520 506 459 769 706 7 0.0520 515 460 770 707 8 0.0520 635 0 881 215 6 0.0509 451 136 708 393 6 0.0509 511 459 771 705 4 0.0503 450 144 710 392 11 0.0503 309 146 565 386 2 0.0503 514 402 761 641 10 0.0502 509 466 765 703
KdRubeUBLfKFK7czpZLpj2UKkUd7Qoa7,5 0.0601 238 725 496 951 0 0.0591 309 725 571 964 8 0.0586 246 727 498 954 11 0.0583 240 730 504 952 13 0.0559 245 732 507 957 7 0.0555 314 722 572 960 6 0.0547 313 727 572 958 11 0.0528 388 328 638 561 0 0.0522 429 684 707 912 0 0.0517 495 795 747 1023 7 0.0513 396 326 643 562 3 0.0513 316 725 570 963 10 0.0512 240 730 502 954 0 0.0511 392 328 638 565 3 0.0508 398 326 638 570 2 0.0502 243 735 502 955
zLDC4x1YKSlPiMJzyL5guzlibalgg4X2,7 0.0623 186 443 437 698 11 0.0621 365 466 632 689 5 0.0619 188 403 579 588 11 0.0619 245 459 502 698 7 0.0618 309 454 569 685 11 0.0596 173 395 436 639 3 0.0588 312 457 565 688 8 0.0584 308 458 560 682 13 0.0581 181 395 439 645 5 0.0578 245 454 501 699 11 0.0578 510 159 765 394 6 0.0573 256 393 507 635 0 0.0573 255 390 504 641 11 0.0572 387 203 643 436 8 0.0570 194 406 571 591 10 0.0559 250 396 503 637 11 0.0558 508 402 770 631 13 0.0557 252 459 507 703 3 0.0552 196 408 577 595 5 0.0550 378 196 638 437 3 0.0548 187 448 435 700 8 0.0544 186 445 428 696 3 0.0544 389 203 645 443 8 0.0542 385 199 633 436 6 0.0542 375 465 633 686 0 0.0539 186 444 436 696 7 0.0537 371 530 634 759 7 0.0536 390 198 645 440 8 0.0533 0 478 354 662 1 0.0527 252 390 501 636 5 0.0527 364 460 627 689 11 0.0526 317 604 560 821 2 0.0524 254 396 503 642 0 0.0524 445 462 700 691 0 0.0524 311 219 571 450 10 0.0523 183 452 438 693 8 0.0519 503 275 750 501 13 0.0518 373 467 638 693 8 0.0517 445 465 688 689 11 0.0516 453 83 705 313 8 0.0513 507 150 757 391 8 0.0512 314 605 543 821 9 0.0508 306 455 564 678 12 0.0507 255 392 505 640 6 0.0507 319 222 577 448 0 0.0504 512 404 767 633 11 0.0504 505 281 757 505 8 0.0502 451 81 694 312 8 0.0501 511 399 760 631
Dp6hlABw0F8eDrsYE7AHppIQLUyzex3a,0 0.0641 516 348 769 591 11 0.0606 515 418 884 604 0 0.0600 446 292 702 529 0 0.0600 435 401 701 648 11 0.0595 443 354 697 589 13 0.0590 523 348 778 588 0 0.0590 116 709 383 947 5 0.0587 445 288 698 528 8 0.0571 520 339 764 591 7 0.0571 444 400 703 648 5 0.0571 512 341 768 589 7 0.0565 145 650 393 877 6 0.0564 525 348 774 587 13 0.0562 442 407 707 647 11 0.0560 522 290 776 521 2 0.0552 452 298 705 526 8 0.0551 444 18 691 257 5 0.0551 438 400 698 646 7 0.0548 184 726 452 957 7 0.0547 521 345 774 589 10 0.0546 448 360 697 595 2 0.0545 518 353 774 589 3 0.0545 522 347 769 596 8 0.0544 437 402 697 648 7 0.0540 447 18 695 254 11 0.0537 439 22 700 255 13 0.0536 454 292 707 530 7 0.0534 455 289 704 528 0 0.0532 443 19 698 256 11 0.0528 414 485 752 655 5 0.0527 437 15 690 256 0 0.0526 587 290 836 525 6 0.0525 456 294 704 527 8 0.0524 447 286 697 530 5 0.0524 111 706 373 934 6 0.0523 595 287 841 524 11 0.0521 183 673 453 894 3 0.0521 445 402 698 652 3 0.0519 505 1 758 223 6 0.0519 444 404 705 646 6 0.0517 444 21 701 253 8 0.0516 137 645 379 883 7 0.0514 241 667 514 883 5 0.0512 581 285 834 519 10 0.0512 131 653 389 882 11 0.0511 163 801 432 1012 3 0.0510 454 294 696 534 0 0.0509 289 81 574 316 7 0.0507 588 283 842 521 8 0.0505 186 723 436 958
kznrfwamDdsanBSL9lk4K2Gq4nrvXY6m,11 0.0528 278 349 632 522 0 0.0526 280 348 640 527 7 0.0511 302 309 570 554
nF1hEfmxVCZ58MTLERnpZ6O76PbuvGLz,5 0.0642 700 333 946 572 11 0.0633 252 338 518 584 5 0.0627 186 329 445 577 5 0.0599 180 452 434 707 11 0.0597 702 334 948 579 8 0.0594 256 389 494 647 5 0.0581 565 325 821 573 7 0.0580 147 266 392 510 5 0.0578 628 254 893 502 0 0.0577 136 328 382 583 8 0.0577 572 260 826 500 11 0.0572 188 393 440 643 11 0.0572 565 329 829 571 0 0.0571 405 1 755 153 0 0.0569 258 332 515 589 13 0.0566 196 393 443 650 8 0.0562 187 456 425 707 0 0.0562 570 332 825 574 6 0.0557 712 266 958 507 5 0.0556 640 399 899 650 6 0.0555 256 334 518 589 11 0.0553 250 461 498 712 5 0.0549 702 206 954 439 3 0.0548 196 335 445 586 13 0.0545 575 197 841 447 13 0.0545 259 335 517 589 0 0.0545 251 459 495 711 8 0.0544 642 325 889 571 11 0.0541 642 406 902 653 10 0.0541 193 340 446 580 10 0.0541 187 465 436 707 8 0.0539 177 580 419 822 7 0.0538 646 409 907 657 5 0.0536 564 188 825 441 6 0.0535 140 335 388 584 6 0.0535 638 195 897 445 0 0.0533 512 253 762 492 5 0.0533 129 264 387 510 3 0.0533 513 12 766 259 11 0.0532 630 259 897 503 7 0.0530 413 1 761 150 7 0.0530 185 455 438 707 11 0.0529 405 1 757 149 3 0.0528 185 461 434 714 3 0.0528 573 331 824 583 3 0.0527 651 410 900 662 7 0.0525 517 251 766 493 7 0.0524 257 387 503 645 11 0.0524 572 148 834 381 10 0.0522 705 270 950 505 8 0.0520 503 14 758 249 7 0.0519 571 330 829 576 0 0.0518 706 336 944 576 2 0.0516 181 584 430 827 6 0.0516 652 402 907 652 8 0.0514 324 459 567 704 5 0.0511 401 0 756 150 6 0.0507 516 190 765 427 10 0.0506 260 396 505 648 3 0.0505 705 270 954 515 0 0.0504 182 579 432 820 2 0.0504 198 339 444 578 8 0.0504 251 515 493 765 6 0.0502 252 461 502 708
BUZnvli0wVBV1fWSDNOEECNBomXBIHDK,7 0.0612 373 785 634 1023 11 0.0612 243 715 502 948 5 0.0607 366 143 630 377 0 0.0606 243 709 499 953 0 0.0603 253 150 508 378 11 0.0600 368 792 627 1022 0 0.0591 305 786 560 1023 11 0.0588 318 144 581 374 11 0.0572 307 600 560 838 8 0.0569 307 784 555 1022 5 0.0569 300 783 554 1020 13 0.0562 311 787 569 1023 5 0.0560 185 716 433 948 7 0.0552 248 713 504 953 0 0.0551 365 714 622 959 11 0.0548 254 273 513 493 11 0.0547 377 83 647 314 11 0.0547 178 143 441 374 8 0.0546 372 146 629 375 5 0.0545 250 143 504 373 8 0.0545 254 148 501 376 11 0.0545 504 586 772 818 11 0.0543 118 797 370 1014 11 0.0542 559 217 813 445 0 0.0542 241 599 487 842 5 0.0539 171 327 443 560 13 0.0539 184 142 442 384 5 0.0539 511 146 766 386 3 0.0538 325 141 576 380 0 0.0538 254 273 512 498 0 0.0538 372 149 633 380 11 0.0538 447 150 711 378 5 0.0537 436 205 702 441 8 0.0537 187 719 436 951 0 0.0534 176 207 441 445 13 0.0533 248 713 507 953 13 0.0531 450 152 714 387 3 0.0530 190 723 443 956 8 0.0529 508 583 761 823 5 0.0528 239 598 482 840 3 0.0527 449 149 711 392 6 0.0524 310 788 565 1021 2 0.0522 254 153 507 376 6 0.0522 249 712 505 949 11 0.0521 376 209 640 439 6 0.0520 266 88 528 326 13 0.0519 252 214 514 438 0 0.0518 179 331 446 566 10 0.0517 367 788 628 1023 13 0.0517 327 143 584 376 7 0.0516 509 586 772 827 5 0.0516 247 267 506 492 5 0.0516 365 706 617 955 3 0.0512 252 214 509 441 8 0.0512 244 598 483 842 7 0.0511 248 596 493 841 8 0.0511 118 790 362 1010 7 0.0511 114 793 377 1014 10 0.0510 373 153 637 378 7 0.0509 175 267 443 494 7 0.0507 258 149 509 378 6 0.0507 185 140 444 382 10 0.0503 244 714 501 949 2 0.0503 374 151 636 375 13 0.0503 179 270 447 500 3 0.0502 309 788 561 1023 6 0.0500 312 599 564 841
uwwovgnBT0zfyfHpexfSc7hq1iVUocde,0 0.0592 386 781 628 1018 11 0.0589 318 783 562 1013 10 0.0574 316 782 562 1014 8 0.0566 386 780 621 1014 7 0.0564 321 780 566 1014 11 0.0560 330 471 589 696 11 0.0553 371 720 620 942 10 0.0553 370 719 623 944 5 0.0544 317 778 559 1013 13 0.0541 321 781 571 1019 7 0.0535 378 715 624 946 5 0.0532 372 713 615 945 2 0.0532 387 786 630 1013 8 0.0528 116 144 354 373 11 0.0527 225 207 496 434 8 0.0519 337 469 576 698 3 0.0517 321 778 565 1019 13 0.0516 380 715 629 949 0 0.0512 332 472 590 704 9 0.0510 315 779 562 1013 11 0.0504 183 143 434 369 10 0.0503 188 150 434 375 7 0.0502 192 141 434 369
fjTJ2hny7k4761RRqw8ltuH9weOSHB5e,11 0.0636 177 681 437 894 0 0.0620 123 480 375 709 5 0.0620 245 344 507 574 8 0.0615 244 351 505 577 8 0.0612 185 476 440 719 11 0.0611 126 545 377 765 5 0.0610 120 540 379 764 6 0.0607 184 348 444 573 11 0.0603 311 339 567 555 8 0.0602 183 604 438 843 5 0.0597 310 275 566 494 7 0.0596 319 280 574 494 8 0.0595 124 539 373 768 5 0.0592 169 280 432 512 0 0.0589 308 339 569 563 7 0.0589 251 347 510 577 0 0.0586 180 540 443 783 5 0.0586 174 608 438 841 10 0.0585 178 613 441 841 7 0.0585 127 479 377 709 6 0.0581 125 545 381 765 13 0.0578 176 286 446 513 11 0.0577 179 347 439 570 0 0.0575 171 289 438 513 11 0.0574 184 483 443 717 7 0.0573 186 542 442 780 10 0.0573 180 349 438 572 8 0.0572 190 729 433 967 8 0.0571 168 288 428 512 3 0.0569 316 340 567 562 7 0.0568 181 674 440 895 8 0.0563 120 415 372 650 5 0.0560 118 409 377 649 10 0.0558 183 482 444 716 0 0.0558 176 673 438 900 11 0.0548 238 737 498 963 10 0.0547 125 544 376 764 11 0.0546 175 223 448 439 6 0.0545 178 678 441 899 7 0.0543 173 283 439 514 10 0.0543 122 419 380 648 10 0.0541 314 284 573 492 13 0.0540 221 358 581 538 11 0.0537 121 418 379 649 8 0.0534 312 283 564 494 13 0.0531 183 610 449 848 6 0.0527 123 417 385 651 0 0.0517 245 793 493 1021 6 0.0517 319 282 577 496 13 0.0515 188 480 451 722 3 0.0514 188 480 446 723 5 0.0514 181 729 436 965 3 0.0513 180 677 443 903 2 0.0512 215 365 576 539 1 0.0505 118 410 379 653 0 0.0503 167 221 524 404 3 0.0501 173 289 435 516
H0TN2EwApFTpuUukimDBMEoDtd9t2Qwg,8 0.0700 125 780 369 1023 7 0.0685 186 783 440 1023 5 0.0685 121 782 369 1022 11 0.0632 184 785 436 1021 0 0.0621 185 783 435 1023 6 0.0620 185 788 439 1023 13 0.0607 187 785 441 1023 2 0.0598 126 787 371 1023 10 0.0587 122 785 372 1022 3 0.0582 128 783 372 1023 9 0.0571 183 787 438 1021 1 0.0558 120 778 370 1023 4 0.0546 184 785 441 1023 11 0.0546 300 534 555 759 12 0.0545 125 782 372 1023 11 0.0516 188 274 451 493
tqUxjbIp8HO90prVHvAZbWxjd5FyXY0i,11 0.0607 562 395 829 623 0 0.0569 258 142 516 383 5 0.0568 561 391 819 623 0 0.0560 561 664 813 898 7 0.0551 256 205 511 432 8 0.0548 255 204 499 430 6 0.0547 575 398 826 625 11 0.0545 251 209 510 427 11 0.0544 561 665 810 894 11 0.0543 241 777 494 1011 3 0.0536 575 394 825 634 11 0.0533 369 7 652 234 13 0.0530 574 396 832 624 8 0.0529 571 391 820 626 0 0.0526 567 398 825 627 0 0.0525 435 789 693 1020 6 0.0525 255 205 511 434 7 0.0525 575 737 817 986 8 0.0522 237 2 497 189 5 0.0522 245 201 501 432 5 0.0522 316 137 585 371 5 0.0518 495 791 746 1019 11 0.0514 320 141 598 369 5 0.0513 164 309 448 549 13 0.0511 323 139 605 372 11 0.0510 430 790 692 1013 5 0.0510 373 57 654 290 11 0.0505 189 135 445 369 8 0.0504 571 736 803 983 0 0.0503 238 0 502 194 8 0.0502 381 9 647 241 13 0.0501 566 670 819 897 7 0.0500 250 62 519 315
CM5kIAKicpIBdUiBJuEGuMA0fpdxzz1Y,8 0.0669 431 285 690 527 8 0.0620 498 149 753 391 11 0.0611 248 262 509 500 11 0.0607 373 261 643 501 8 0.0599 382 142 641 385 3 0.0593 257 263 506 507 7 0.0590 382 141 647 387 0 0.0584 497 287 744 520 3 0.0583 502 286 740 525 13 0.0576 375 264 652 500 5 0.0575 247 257 506 498 7 0.0569 373 345 645 582 0 0.0567 576 217 825 449 6 0.0566 435 219 704 456 11 0.0565 378 143 648 382 13 0.0564 379 144 657 383 5 0.0560 428 278 695 524 8 0.0557 709 458 942 697 3 0.0554 377 266 644 505 8 0.0551 253 262 501 501 7 0.0550 504 284 748 517 11 0.0549 494 149 766 384 11 0.0548 492 289 747 516 0 0.0547 499 151 760 391 0 0.0547 371 260 649 501 6 0.0545 380 144 649 382 7 0.0545 255 260 513 499 8 0.0539 564 265 806 505 5 0.0538 373 136 643 381 0 0.0537 250 261 508 502 7 0.0532 438 213 705 459 0 0.0531 708 461 953 704 6 0.0530 503 154 764 389 10 0.0527 254 270 510 499 8 0.0527 261 22 504 281 6 0.0525 500 287 745 520 5 0.0521 495 145 756 391 3 0.0521 380 143 645 390 2 0.0520 435 222 700 458 2 0.0520 502 157 762 390 9 0.0518 427 210 701 453 5 0.0517 569 207 820 447 11 0.0515 709 462 951 697 0 0.0514 379 139 648 387 6 0.0512 379 350 647 583 11 0.0510 245 0 507 204 0 0.0510 257 23 509 285 13 0.0508 499 289 749 514 9 0.0508 367 347 640 574 10 0.0506 427 289 701 529 2 0.0506 497 294 742 517 11 0.0506 569 214 828 443 6 0.0504 257 263 514 501 13 0.0502 252 1 515 207
vi2XEoORf8etogiynwxJjX4L2mY3LlnP,8 0.0622 235 787 484 1023 5 0.0620 228 783 484 1021 11 0.0612 242 711 493 947 7 0.0611 238 786 490 1023 7 0.0597 386 780 628 1023 7 0.0597 315 712 563 957 11 0.0593 375 722 624 954 0 0.0593 314 713 561 961 8 0.0592 386 780 614 1023 5 0.0580 382 777 617 1018 8 0.0574 317 712 556 955 6 0.0566 236 790 491 1022 13 0.0553 389 785 627 1023 0 0.0550 238 787 489 1023 10 0.0550 234 791 489 1020 13 0.0548 236 790 494 1023 0 0.0545 437 726 683 970 3 0.0542 389 781 624 1023 6 0.0540 386 789 624 1023 3 0.0539 238 785 492 1023 11 0.0532 429 670 689 889 3 0.0530 316 714 562 965 8 0.0521 126 793 368 1020 5 0.0519 570 789 815 1014 10 0.0516 384 783 622 1019 11 0.0513 504 730 765 961 6 0.0512 312 719 563 956 5 0.0511 115 781 375 1021 9 0.0508 233 790 493 1022 7 0.0506 581 786 825 1018
cuIkEMWdZHka2JNdPyRg0XeWfs1QpPKa,11 0.0698 383 455 631 693 8 0.0652 383 456 627 695 11 0.0638 316 525 572 759 11 0.0632 503 588 750 826 0 0.0629 503 585 749 825 7 0.0620 321 465 567 698 0 0.0616 318 466 568 698 3 0.0615 389 455 628 698 8 0.0613 506 588 743 828 5 0.0611 313 462 565 693 8 0.0599 320 525 565 762 10 0.0598 387 457 631 694 6 0.0590 506 587 749 825 5 0.0590 501 583 747 828 7 0.0589 506 584 751 829 6 0.0588 320 466 571 696 11 0.0586 498 287 759 515 11 0.0581 567 395 834 641 5 0.0580 497 279 752 517 13 0.0573 388 456 633 695 8 0.0572 569 396 828 646 3 0.0571 321 523 569 769 0 0.0569 243 525 494 769 3 0.0567 505 285 754 525 11 0.0566 248 470 504 698 8 0.0559 248 470 500 701 7 0.0557 502 717 765 954 10 0.0555 503 588 748 827 10 0.0553 249 476 503 698 13 0.0552 505 588 756 830 2 0.0550 388 460 630 694 3 0.0547 576 398 833 651 8 0.0544 252 265 483 496 9 0.0542 386 456 628 690 3 0.0542 507 586 751 832 5 0.0542 246 263 487 492 6 0.0540 506 281 756 517 2 0.0539 507 591 749 826 12 0.0538 320 465 569 698 7 0.0537 508 286 757 521 6 0.0536 256 264 496 493 5 0.0536 563 392 829 641 8 0.0534 501 285 749 522 13 0.0534 254 472 508 704 13 0.0531 324 527 574 766 2 0.0531 323 530 570 763 0 0.0529 501 282 755 521 1 0.0527 381 451 628 694 9 0.0526 502 588 746 824 5 0.0525 241 522 494 767 7 0.0525 248 522 496 770 6 0.0524 216 0 571 158 13 0.0523 571 400 841 646 10 0.0522 320 526 568 762 1 0.0518 315 521 570 763 11 0.0518 503 150 777 380 0 0.0517 570 396 835 643 6 0.0516 576 398 838 642 6 0.0516 248 526 500 769 13 0.0513 509 284 761 520 11 0.0512 248 268 492 493 3 0.0512 252 473 504 707 9 0.0508 317 523 567 759 11 0.0507 201 0 562 159 6 0.0506 382 76 640 316 10 0.0505 572 398 836 642 0 0.0504 249 265 491 498 11 0.0500 497 720 762 954
z8LW0t7OxL5zo0WWuaBOIXfeJeoIfOFT,11 0.0649 498 597 756 840 5 0.0629 498 588 752 841 6 0.0629 558 594 823 833 0 0.0618 629 601 899 851 7 0.0615 504 595 758 845 5 0.0609 373 592 624 844 13 0.0608 440 594 695 839 8 0.0594 376 596 624 844 3 0.0593 504 595 758 846 7 0.0586 380 598 633 848 6 0.0583 439 593 696 837 5 0.0578 625 594 896 846 11 0.0577 236 729 498 961 10 0.0574 376 602 630 847 13 0.0574 507 531 764 773 8 0.0571 501 592 752 843 0 0.0570 502 526 758 777 2 0.0567 438 595 688 840 11 0.0565 377 601 631 845 3 0.0561 635 601 899 853 3 0.0555 376 600 632 852 11 0.0551 627 603 900 845 10 0.0544 500 598 757 842 8 0.0542 241 723 489 958 7 0.0539 240 725 502 963 0 0.0539 436 590 690 843 0 0.0538 240 725 495 966 2 0.0536 558 596 818 834 7 0.0536 631 595 903 849 9 0.0534 435 594 687 836 8 0.0528 631 599 891 847 1 0.0526 628 595 899 845 5 0.0520 236 719 488 958 12 0.0508 558 593 819 833 1 0.0504 500 590 756 841 12 0.0502 440 591 689 840
ute9DdkfYZLp68SUtMUVoeLxmPhWa7pD,5 0.0644 247 784 496 1020 7 0.0642 251 786 505 1021 8 0.0629 252 785 497 1022 11 0.0620 369 659 623 893 8 0.0618 177 268 440 501 11 0.0617 250 787 501 1021 0 0.0615 250 786 502 1023 5 0.0614 438 722 681 960 5 0.0612 381 782 618 1018 11 0.0607 437 726 688 959 7 0.0604 388 785 629 1019 11 0.0601 164 272 443 498 7 0.0598 444 725 688 959 7 0.0596 377 658 629 891 11 0.0596 384 784 627 1020 8 0.0591 385 782 620 1022 11 0.0584 511 800 761 1018 0 0.0574 223 263 519 497 6 0.0571 254 793 503 1023 0 0.0568 385 785 626 1023 6 0.0563 171 331 450 568 7 0.0558 226 328 516 564 8 0.0557 510 797 753 1023 7 0.0557 516 797 768 1022 5 0.0556 508 799 755 1020 8 0.0556 372 660 614 892 6 0.0554 388 792 629 1023 10 0.0545 251 790 502 1023 2 0.0544 252 792 505 1023 13 0.0543 228 331 521 566 6 0.0537 376 664 627 895 2 0.0537 387 790 628 1023 3 0.0536 176 328 452 570 13 0.0535 255 791 508 1023 0 0.0534 508 800 764 1023 6 0.0534 443 730 690 961 10 0.0527 387 786 624 1022 13 0.0526 390 788 631 1023 6 0.0526 242 398 500 625 8 0.0525 180 389 427 611 0 0.0524 372 659 624 893 10 0.0520 164 273 445 503 11 0.0517 170 394 435 606 1 0.0516 249 780 504 1023 10 0.0515 511 803 761 1022 5 0.0513 370 654 619 891 13 0.0510 515 806 767 1023 9 0.0510 247 788 500 1020 5 0.0508 163 324 447 562 3 0.0505 255 788 503 1023 5 0.0502 235 393 490 625 12 0.0502 256 784 501 1023 2 0.0501 441 731 687 961
Wtm1mvp3b02nw9ByPgPY2eNCtr14ao2q,5 0.0578 752 6 1006 246 8 0.0577 193 258 426 510 11 0.0573 249 201 511 432 6 0.0565 186 658 444 895 0 0.0562 755 10 1008 249 5 0.0560 183 252 430 507 11 0.0553 246 733 513 961 13 0.0553 244 327 505 571 5 0.0549 180 654 433 895 11 0.0549 754 12 1009 242 13 0.0547 758 8 1017 245 8 0.0541 313 260 563 505 11 0.0539 390 409 631 640 5 0.0539 365 148 623 382 11 0.0538 185 260 435 507 8 0.0537 387 407 625 643 8 0.0536 694 20 941 253 7 0.0535 383 469 638 712 5 0.0534 244 191 502 432 0 0.0533 321 586 562 829 0 0.0532 251 728 513 968 5 0.0532 314 581 557 819 7 0.0532 314 397 572 640 6 0.0531 390 407 633 639 3 0.0528 386 471 637 719 0 0.0527 254 197 506 438 10 0.0527 382 477 637 710 5 0.0527 387 402 628 639 3 0.0526 318 400 570 644 0 0.0526 186 660 444 905 5 0.0525 368 264 633 492 11 0.0525 317 464 576 700 7 0.0523 316 258 573 505 6 0.0521 759 9 1013 244 8 0.0519 255 197 502 436 0 0.0519 387 468 636 713 3 0.0513 324 260 567 511 8 0.0512 251 731 503 966 7 0.0512 373 153 635 383 13 0.0511 177 385 429 638 8 0.0509 370 154 619 379 3 0.0507 259 193 509 443 2 0.0506 393 413 630 639 13 0.0506 259 197 514 436 6 0.0504 259 194 513 437 5 0.0503 268 530 646 715 7 0.0503 250 735 520 965 8 0.0501 183 659 431 901 11 0.0500 246 524 510 772
FAExgtr6RxLsMNNFPwgePyh4BHcI0PtL,11 0.0621 650 458 899 686 6 0.0597 587 397 833 628 6 0.0573 654 454 902 689 11 0.0567 5 604 259 842 5 0.0566 370 787 618 1019 10 0.0554 578 465 827 686 7 0.0546 650 458 902 688 11 0.0545 582 403 832 627 3 0.0544 652 455 897 696 13 0.0544 655 527 908 771 0 0.0537 649 529 899 766 8 0.0536 649 454 893 691 11 0.0535 434 792 674 1015 11 0.0535 623 596 891 824 5 0.0532 576 395 826 625 0 0.0530 373 786 622 1023 7 0.0529 585 398 832 628 13 0.0529 380 788 626 1023 0 0.0528 646 399 890 636 13 0.0526 582 460 836 689 6 0.0525 436 671 691 896 3 0.0525 497 673 751 911 7 0.0524 379 788 624 1021 11 0.0523 434 672 690 893 0 0.0522 581 460 827 689 5 0.0520 644 527 896 762 0 0.0514 437 665 683 901 3 0.0513 589 397 827 635 0 0.0510 9 601 254 843 6 0.0509 632 593 889 823 10 0.0508 644 531 897 764 8 0.0504 379 784 612 1021 7 0.0500 494 680 759 903
Eoefo3WWJaCbaFx3L0ue3y0moR2x2t8q,11 0.0637 442 649 699 885 7 0.0623 451 645 700 892 8 0.0617 501 586 753 827 11 0.0616 499 588 759 821 11 0.0607 381 707 637 947 8 0.0603 577 653 808 890 11 0.0602 576 655 818 887 8 0.0598 446 646 691 892 11 0.0593 436 781 687 1014 0 0.0586 436 779 690 1020 13 0.0584 517 647 762 888 10 0.0582 446 648 699 890 6 0.0580 581 652 820 887 7 0.0580 509 583 763 828 6 0.0575 450 645 701 889 5 0.0574 512 644 753 882 0 0.0572 57 0 336 219 0 0.0571 384 702 635 953 7 0.0567 583 650 820 893 8 0.0567 439 780 682 1015 11 0.0566 566 529 813 753 7 0.0565 440 779 693 1019 3 0.0558 518 645 757 888 5 0.0551 380 702 633 948 5 0.0550 434 775 688 1014 0 0.0547 445 645 697 889 0 0.0544 633 731 890 971 0 0.0544 580 652 818 890 13 0.0542 443 781 697 1018 11 0.0540 632 734 890 965 10 0.0536 578 656 819 891 10 0.0531 380 707 638 951 13 0.0528 387 706 645 953 0 0.0527 513 526 767 757 6 0.0519 441 781 691 1018 2 0.0518 517 647 757 884 10 0.0516 434 780 689 1017 7 0.0515 574 520 822 761 8 0.0515 633 730 878 967 6 0.0513 61 0 339 213 11 0.0510 60 4 332 212 5 0.0510 509 522 763 755 6 0.0508 387 705 638 952 8 0.0505 569 523 808 761 5 0.0501 56 0 324 211
DtAF5X5JAobDevbYpMI3KyUR8vHDJQht,5 0.0626 436 286 700 506 5 0.0593 440 398 702 652 0 0.0588 510 340 767 578 5 0.0588 219 719 499 963 5 0.0583 312 204 547 426 11 0.0583 317 343 571 566 5 0.0578 381 132 627 357 5 0.0576 508 336 760 571 5 0.0573 364 657 635 902 11 0.0565 515 406 772 637 6 0.0564 375 661 644 902 8 0.0561 391 342 634 574 8 0.0558 510 341 755 576 0 0.0557 280 359 648 545 11 0.0550 369 668 639 899 6 0.0550 387 528 642 775 0 0.0549 244 215 500 445 5 0.0546 560 221 802 454 11 0.0545 446 355 708 580 8 0.0543 448 405 693 653 0 0.0540 509 218 750 449 6 0.0540 518 406 775 642 6 0.0539 447 350 710 584 0 0.0536 397 462 646 717 3 0.0535 388 340 646 580 3 0.0533 449 402 707 657 7 0.0533 347 474 712 665 3 0.0533 511 339 763 580 6 0.0533 387 214 627 423 5 0.0532 488 790 750 1007 0 0.0531 384 212 623 428 6 0.0531 572 225 813 450 13 0.0530 413 474 794 661 8 0.0529 323 273 551 492 13 0.0529 247 794 511 1023 7 0.0529 391 342 648 577 8 0.0528 440 717 669 950 0 0.0524 315 272 567 501 11 0.0524 385 275 647 486 7 0.0523 513 339 767 576 6 0.0523 349 472 712 666 8 0.0522 226 721 500 970 3 0.0521 437 716 684 959 0 0.0521 390 595 636 844 10 0.0519 382 341 645 575 11 0.0519 381 535 644 773 11 0.0518 253 9 516 238 8 0.0517 444 227 677 443 5 0.0513 313 519 559 770 13 0.0509 439 668 697 896 10 0.0509 443 405 705 653 2 0.0509 514 293 769 517 5 0.0507 623 410 875 651 13 0.0505 286 359 655 544 6 0.0504 498 795 765 1010 13 0.0504 388 531 648 778 3 0.0503 387 532 642 782 5 0.0503 247 270 503 504 7 0.0503 388 528 644 778 10 0.0502 384 217 624 421 11 0.0502 507 227 753 441 8 0.0502 626 411 871 649 5 0.0502 506 155 755 381 11 0.0502 622 415 878 643 3 0.0501 512 221 748 453 8 0.0501 502 794 745 1012
UjgBu355g2yNtbEDNh8obv5CtO9o6Rao,11 0.0636 296 670 565 899 11 0.0620 0 679 361 852 8 0.0605 303 666 561 904 8 0.0594 0 678 350 855 5 0.0586 294 663 563 903 10 0.0584 0 682 356 851 0 0.0581 298 662 566 905 13 0.0578 3 677 362 856 5 0.0575 0 676 350 852 3 0.0574 303 662 570 908 6 0.0573 301 665 568 903 7 0.0566 303 665 571 904 7 0.0564 5 678 364 853 0 0.0559 0 677 358 855 10 0.0557 298 669 566 901 13 0.0541 304 665 573 906 6 0.0540 0 680 359 853 3 0.0520 2 679 361 858 11 0.0510 783 532 1023 759 0 0.0507 778 531 1022 771 2 0.0505 299 667 567 904 12 0.0502 303 665 566 904
6PgnePfwn4Cn1myReLSIX3Q2LF83ALLF,0 0.0577 383 327 645 562 8 0.0572 381 328 634 566 0 0.0568 310 269 581 499 11 0.0552 310 270 580 497 5 0.0551 377 329 640 558 11 0.0548 384 329 644 562 5 0.0545 233 324 501 566 0 0.0544 164 798 428 1023 11 0.0540 312 736 562 958 7 0.0537 388 328 647 564 7 0.0530 320 266 586 503 5 0.0528 571 334 822 576 11 0.0527 574 340 826 570 11 0.0522 507 276 760 499 13 0.0520 387 331 651 565 5 0.0516 303 266 574 496 5 0.0513 160 790 425 1019 8 0.0511 507 267 749 506 7 0.0511 249 323 508 573 0 0.0510 242 326 511 570 8 0.0506 315 266 571 505 7 0.0500 451 265 713 499
lqqXMGkoQZHSuwYF8jUlLnM6DRdEe4XW,5 0.0650 181 710 427 952 7 0.0639 184 713 430 956 0 0.0618 254 715 495 962 11 0.0605 181 715 430 955 0 0.0602 190 650 439 893 8 0.0600 255 714 492 959 10 0.0586 182 717 430 953 8 0.0579 192 652 433 893 6 0.0573 186 714 432 957 3 0.0548 255 715 495 963 6 0.0547 27 804 373 982 13 0.0539 188 714 435 958 0 0.0537 21 799 369 982 8 0.0528 21 797 359 980 2 0.0528 185 716 428 957 12 0.0504 187 709 428 956 5 0.0503 15 800 362 979 9 0.0502 179 714 432 953
c2Rn8inSRckUJgdSM3v9b1EiVlzUSTIn,8 0.0648 196 785 430 1023 5 0.0638 193 787 431 1021 11 0.0629 439 660 694 887 8 0.0626 439 779 677 1021 0 0.0612 194 790 432 1023 0 0.0612 437 658 693 893 5 0.0612 437 778 679 1021 11 0.0607 192 791 435 1020 7 0.0606 408 668 761 848 7 0.0597 194 786 438 1023 11 0.0596 438 782 685 1016 8 0.0594 327 670 681 845 5 0.0594 326 668 684 845 7 0.0588 443 779 688 1023 6 0.0588 440 722 690 961 13 0.0567 402 670 767 849 6 0.0557 334 672 700 845 6 0.0551 193 792 435 1023 3 0.0551 439 716 687 963 10 0.0551 401 672 756 847 3 0.0546 403 669 757 851 0 0.0544 437 781 683 1023 10 0.0542 193 795 435 1021 13 0.0533 443 784 689 1021 13 0.0529 196 790 436 1023 10 0.0525 436 719 685 956 3 0.0520 196 787 434 1023 2 0.0520 333 673 690 845 2 0.0515 194 793 434 1023 1 0.0502 436 777 686 1023
BTs6FlwtHXgaHXkGGl2M1qYUXnYVuCaz,11 0.0617 371 467 633 709 7 0.0590 489 462 754 704 11 0.0585 487 517 755 755 8 0.0585 377 463 626 705 7 0.0572 374 459 639 707 8 0.0564 487 466 740 700 11 0.0549 565 465 827 704 3 0.0548 389 401 645 643 5 0.0542 381 393 639 634 3 0.0541 490 465 748 711 0 0.0539 384 401 643 639 7 0.0538 315 526 563 776 11 0.0538 246 465 511 709 6 0.0538 376 464 639 707 13 0.0538 379 464 645 708 0 0.0537 488 465 749 705 6 0.0536 487 465 749 702 8 0.0527 566 523 815 754 0 0.0526 310 455 573 703 5 0.0525 310 580 553 836 3 0.0522 315 460 572 710 5 0.0520 479 459 744 699 10 0.0518 375 467 635 706 7 0.0518 568 520 825 759 0 0.0514 185 528 440 764 13 0.0513 494 516 768 760 10 0.0506 487 520 760 757 5 0.0504 309 449 568 700 8 0.0502 312 529 553 775 3 0.0502 640 463 899 710
cwJrHRnpJKttlNBf8v17T5QdxwFVNatx,5 0.0561 58 789 300 1019 8 0.0558 62 792 298 1021 0 0.0557 61 797 308 1023 10 0.0553 62 811 413 981 7 0.0547 118 793 372 1023 6 0.0541 67 809 423 981 11 0.0538 59 795 306 1020 0 0.0529 757 9 1014 254 11 0.0528 751 11 1017 254 8 0.0506 758 7 1011 253 13 0.0504 63 809 425 984
aOecL9KNLOhNw1Ino4ci5ICevZQMGYtz,0 0.0613 125 0 384 217 11 0.0592 237 2 506 203 8 0.0575 181 0 438 209 8 0.0568 316 12 572 269 10 0.0558 249 21 502 270 6 0.0557 64 4 326 214 5 0.0553 56 0 315 211 6 0.0551 372 1 646 206 13 0.0551 376 67 636 307 5 0.0549 305 7 578 268 0 0.0541 241 0 506 208 3 0.0539 307 1 573 206 8 0.0530 62 0 314 216 5 0.0530 432 13 691 260 11 0.0529 57 4 325 215 8 0.0525 442 15 686 259 10 0.0524 65 5 319 216 0 0.0522 374 70 629 311 6 0.0520 242 0 511 205 7 0.0519 309 0 577 201 8 0.0518 374 149 628 380 10 0.0518 378 20 637 267 5 0.0516 174 0 438 204 11 0.0516 436 23 696 261 3 0.0513 382 147 636 384 3 0.0511 446 17 695 271 8 0.0507 255 70 490 317 11 0.0502 373 145 640 375 11 0.0502 247 72 498 317 7 0.0502 368 399 624 637
TSLoaMbPRwYZZwDHjpiHHqgjwhtKhmsZ,0 0.0670 309 0 571 210 11 0.0634 388 393 641 634 7 0.0605 391 323 647 574 8 0.0604 311 0 561 210 11 0.0601 455 334 701 567 5 0.0600 429 0 695 199 8 0.0598 452 334 693 572 7 0.0595 458 389 707 634 0 0.0593 391 23 654 270 3 0.0588 375 0 639 199 3 0.0582 456 334 700 579 11 0.0581 378 259 653 490 8 0.0572 391 392 633 643 11 0.0565 441 458 706 694 7 0.0564 313 383 578 643 5 0.0561 558 0 823 196 11 0.0561 307 0 571 211 6 0.0556 395 21 662 265 8 0.0556 430 0 687 202 11 0.0553 238 317 517 564 5 0.0550 304 264 579 499 3 0.0548 391 392 640 647 6 0.0548 239 0 502 202 5 0.0548 448 389 703 631 7 0.0548 374 0 636 193 13 0.0547 302 329 572 579 6 0.0547 246 145 522 378 8 0.0546 307 330 557 578 11 0.0546 237 146 516 378 13 0.0543 314 0 573 210 7 0.0542 244 315 517 565 5 0.0542 380 320 636 567 6 0.0541 314 85 594 325 0 0.0540 452 336 697 572 5 0.0539 229 30 494 275 7 0.0538 392 452 649 712 11 0.0538 315 464 582 711 5 0.0535 305 0 562 208 11 0.0533 434 0 702 197 8 0.0533 380 258 646 493 13 0.0532 389 392 647 636 11 0.0528 386 152 673 380 0 0.0525 390 395 636 642 0 0.0523 442 459 703 702 5 0.0522 302 378 569 636 8 0.0521 309 84 577 328 6 0.0521 247 264 511 498 10 0.0519 245 393 514 633 3 0.0518 239 0 495 213 8 0.0518 318 463 577 718 5 0.0518 233 138 507 375 7 0.0516 241 0 498 208 11 0.0514 306 85 588 325 6 0.0513 315 385 582 641 6 0.0512 459 396 713 635 6 0.0512 384 261 658 495 8 0.0512 233 191 494 429 5 0.0511 382 73 667 319 0 0.0511 564 0 940 159 3 0.0510 378 256 653 502 8 0.0510 239 34 489 278 0 0.0507 239 33 498 278 0 0.0507 303 327 564 576 10 0.0507 385 333 649 572 8 0.0507 572 0 926 157 2 0.0506 371 4 633 193 3 0.0503 245 263 509 507
ocqJdKchnrJGtngqkELYsASqF8uYtn1m,7 0.0621 328 466 576 705 11 0.0615 325 473 575 704 3 0.0608 329 472 573 713 8 0.0603 392 475 629 705 0 0.0600 320 334 575 582 8 0.0592 321 333 565 579 5 0.0587 312 331 573 579 11 0.0583 398 420 647 643 0 0.0583 252 411 503 648 11 0.0581 253 412 502 644 5 0.0577 323 532 573 776 11 0.0575 151 274 525 456 11 0.0575 319 336 571 576 8 0.0571 327 536 569 779 8 0.0570 189 197 438 450 7 0.0570 159 270 531 458 0 0.0567 187 201 445 454 6 0.0564 389 526 633 755 5 0.0561 376 198 651 426 11 0.0561 190 740 457 962 7 0.0560 256 408 506 644 7 0.0558 320 328 577 578 8 0.0554 459 408 696 640 6 0.0552 320 336 577 579 10 0.0546 393 473 639 704 5 0.0543 240 129 512 369 3 0.0542 319 337 576 585 7 0.0541 558 802 812 1023 5 0.0539 248 408 498 644 6 0.0537 260 203 521 440 3 0.0536 257 412 499 651 3 0.0535 403 420 645 653 0 0.0534 458 409 705 641 8 0.0534 558 802 801 1023 0 0.0533 323 469 574 711 13 0.0531 191 199 451 452 8 0.0531 571 398 812 638 10 0.0529 253 418 503 646 8 0.0527 253 474 504 709 6 0.0525 401 420 648 645 5 0.0523 447 337 703 576 6 0.0522 256 411 508 645 11 0.0520 551 802 806 1023 7 0.0520 454 336 710 576 5 0.0517 386 467 634 704 5 0.0515 146 269 517 455 6 0.0515 455 343 709 575 7 0.0514 400 412 647 643 0 0.0514 567 402 818 642 5 0.0513 365 0 643 195 8 0.0513 192 14 445 266 13 0.0512 255 474 517 712 5 0.0511 570 276 824 511 13 0.0511 322 334 581 581 13 0.0510 574 400 826 640 6 0.0508 390 204 657 429 10 0.0506 329 539 578 779 8 0.0503 247 137 505 373 0 0.0503 187 16 452 271 10 0.0503 255 209 520 439 10 0.0503 390 348 647 580 11 0.0502 380 202 654 426 11 0.0502 451 340 707 573 13 0.0501 463 407 711 643 11 0.0500 564 404 822 635
0chYIUmm5dSNZff4JuWIhE0rTsjieML3,11 0.0537 361 671 638 904 11 0.0534 426 733 708 962 11 0.0532 436 602 702 831 11 0.0527 615 341 886 564 7 0.0523 617 342 892 567 5 0.0512 171 322 424 556 5 0.0507 613 336 882 564
ltlI6JnmjB13qeBMsQssNkmrdtdg3r1Y,7 0.0612 305 783 566 1012 11 0.0611 378 670 629 887 11 0.0610 299 784 561 1009 5 0.0570 362 777 618 1009 5 0.0570 244 259 504 501 7 0.0566 381 708 626 951 5 0.0562 177 338 439 575 7 0.0552 243 728 495 957 8 0.0552 314 715 551 959 11 0.0551 373 536 627 759 0 0.0549 311 712 561 959 13 0.0546 309 780 570 1017 6 0.0545 389 666 635 888 11 0.0539 237 732 489 954 8 0.0537 379 540 618 760 13 0.0532 384 705 631 956 6 0.0528 371 779 629 1011 11 0.0527 247 258 515 504 8 0.0521 384 664 620 893 6 0.0519 238 679 500 897 11 0.0515 182 342 445 577 3 0.0513 309 667 555 904 5 0.0511 116 206 383 441 3 0.0508 307 778 561 1019 6 0.0507 256 260 512 508 0 0.0504 186 340 441 583 0 0.0502 381 664 629 891
cCiLIZ3KMFnWbOI7d5B4AgGfYADxZ0y5,0 0.0617 404 677 744 861 5 0.0607 399 675 738 858 5 0.0570 295 659 560 895 11 0.0560 299 666 566 894 0 0.0555 372 717 631 960 3 0.0553 406 680 743 863 7 0.0550 409 680 748 860 6 0.0550 406 678 750 857 11 0.0548 401 681 746 857 8 0.0548 407 679 738 859 0 0.0544 303 660 565 898 10 0.0537 401 681 747 858 0 0.0536 387 334 635 582 13 0.0535 408 677 750 861 6 0.0534 305 662 568 896 5 0.0534 361 713 625 958 2 0.0524 405 681 743 859 11 0.0524 388 339 635 571 11 0.0524 365 725 627 955 12 0.0514 406 677 745 861 3 0.0510 302 665 566 904 7 0.0509 371 721 634 962 8 0.0506 366 719 623 960 8 0.0503 302 663 559 898 13 0.0502 306 660 574 899
X4PiJrPOum3mg4cVBf7UwZSkl4np4W0g,5 0.0617 501 377 750 627 13 0.0616 510 386 765 627 0 0.0606 533 411 894 600 8 0.0606 540 410 888 596 0 0.0599 183 346 421 561 5 0.0587 627 453 897 690 0 0.0580 633 459 906 694 6 0.0575 509 382 762 629 8 0.0572 637 454 900 693 6 0.0569 248 340 491 563 2 0.0566 508 386 756 623 8 0.0563 429 345 681 566 7 0.0562 510 383 764 629 5 0.0553 425 334 682 566 13 0.0552 431 345 697 568 5 0.0549 202 0 560 147 5 0.0549 242 329 482 552 13 0.0548 636 457 915 694 11 0.0544 630 456 904 692 11 0.0543 167 473 428 694 11 0.0541 421 458 693 687 6 0.0537 433 343 695 567 0 0.0534 204 1 572 153 7 0.0531 430 342 690 568 8 0.0530 217 0 559 148 8 0.0526 174 413 418 634 11 0.0523 502 385 757 629 3 0.0523 539 411 895 603 5 0.0522 375 0 636 232 7 0.0521 355 290 617 516 8 0.0520 419 514 674 739 3 0.0520 214 0 568 152 11 0.0518 207 1 573 150 13 0.0516 217 0 581 153 3 0.0516 637 460 905 701 8 0.0515 383 0 629 234 7 0.0514 633 454 910 697 3 0.0511 506 93 759 332 13 0.0510 241 529 507 782 1 0.0510 500 379 756 632 0 0.0509 423 342 687 572 5 0.0509 493 84 759 322 6 0.0509 355 292 617 513 6 0.0509 640 456 910 695 13 0.0507 384 0 646 237 13 0.0507 427 459 703 686 13 0.0506 355 293 621 518 3 0.0506 435 347 689 576 7 0.0506 109 410 373 656 10 0.0506 171 421 429 632 11 0.0506 375 2 643 233 3 0.0505 388 0 638 242 5 0.0504 350 281 606 510 8 0.0504 305 480 563 707 13 0.0504 503 90 768 327 10 0.0503 505 390 757 630
j4mxjBsUMd2T5coxmBMzfiHpwUgZEr4n,5 0.0588 233 446 485 684 11 0.0581 634 1 889 205 8 0.0578 635 2 885 203 11 0.0567 316 397 575 626 3 0.0557 640 1 892 211 0 0.0550 639 0 891 203 5 0.0549 313 144 575 386 7 0.0547 641 0 895 205 6 0.0543 324 146 585 390 0 0.0543 320 150 583 390 7 0.0538 239 451 491 689 5 0.0538 634 0 887 204 5 0.0535 695 72 944 318 13 0.0534 639 1 897 204 3 0.0533 388 395 640 636 8 0.0527 582 76 813 298 11 0.0525 577 76 821 300 10 0.0523 635 4 891 201 11 0.0521 233 454 489 685 2 0.0520 638 4 891 204 5 0.0519 315 390 570 623 11 0.0519 245 783 497 1001 6 0.0519 641 1 891 201 13 0.0519 314 451 571 702 6 0.0517 704 75 954 319 7 0.0517 365 786 624 1015 7 0.0516 324 146 587 390 0 0.0516 427 784 682 1010 8 0.0515 698 76 939 319 11 0.0515 360 791 619 1009 3 0.0514 324 147 583 396 3 0.0513 316 451 566 702 11 0.0512 318 150 584 384 10 0.0512 320 401 575 627 13 0.0511 264 409 628 596 8 0.0509 360 786 610 1012 8 0.0506 322 398 566 630 9 0.0503 637 1 891 200 5 0.0503 419 779 678 1007 8 0.0502 239 452 481 687
KnKNTtfOepTsM1fdE4inWAbQcAXqGxA4,7 0.0607 250 735 507 971 5 0.0587 242 731 500 969 8 0.0562 247 734 495 969 0 0.0561 246 667 505 912 11 0.0558 242 738 506 968 10 0.0537 241 741 505 970 11 0.0519 354 67 620 282 6 0.0515 247 738 506 972 0 0.0514 311 727 569 980
iy1erBHPLXgqzQu7jk9ThOkBkztI0Lcq,11 0.0558 494 801 761 1010 11 0.0545 366 802 631 1018 0 0.0541 135 813 379 1023 5 0.0535 492 795 752 1010 8 0.0532 139 815 373 1022 8 0.0532 180 0 427 201 7 0.0528 503 799 761 1015 11 0.0525 181 0 434 198 8 0.0522 501 800 748 1010 0 0.0520 495 796 759 1015 8 0.0503 373 802 618 1023
jgnjIo0Xs8NbDMJwCeffJnyWqelN8Zqb,11 0.0618 386 400 637 635 5 0.0610 370 784 627 1016 7 0.0599 378 784 634 1016 0 0.0599 315 463 564 703 5 0.0593 310 456 564 702 11 0.0587 332 358 698 528 11 0.0585 377 728 635 959 7 0.0585 319 462 567 705 8 0.0581 390 455 622 704 8 0.0576 311 789 551 1023 11 0.0573 314 466 570 699 0 0.0572 307 790 557 1023 2 0.0571 315 468 565 702 5 0.0568 233 396 492 632 11 0.0566 308 793 558 1020 5 0.0563 379 392 633 639 7 0.0560 392 396 638 643 3 0.0555 379 785 627 1022 10 0.0552 315 466 566 703 8 0.0551 326 517 559 759 5 0.0550 320 353 689 531 6 0.0548 319 399 570 632 6 0.0542 314 790 558 1022 13 0.0542 315 791 561 1023 11 0.0541 0 1 242 205 13 0.0540 315 399 573 635 0 0.0539 388 400 636 640 3 0.0536 320 465 565 707 11 0.0534 240 405 499 633 0 0.0533 503 793 762 1023 0 0.0533 242 402 495 636 8 0.0532 2 0 231 205 0 0.0532 330 359 692 533 8 0.0532 329 354 684 534 10 0.0531 374 788 627 1016 5 0.0528 512 399 760 635 13 0.0525 392 457 637 705 10 0.0525 385 401 638 639 11 0.0524 516 402 764 637 8 0.0518 517 397 755 642 0 0.0517 0 1 241 210 0 0.0516 381 728 635 964 7 0.0515 247 401 498 635 6 0.0514 383 725 637 961 6 0.0514 329 518 571 756 5 0.0513 225 793 490 1017 0 0.0513 520 401 761 641 11 0.0512 502 793 763 1018 6 0.0510 394 453 634 703 2 0.0510 388 401 639 640 13 0.0509 338 356 707 534 8 0.0509 311 398 558 633 8 0.0508 503 788 752 1023 7 0.0504 238 793 502 1020 3 0.0501 390 398 637 645 7 0.0500 0 0 245 209
ULtSsulxfI5QmRpFh5o9mJ5u0pK4lYCf,11 0.0602 251 591 511 830 5 0.0581 316 594 582 835 11 0.0578 508 531 757 772 0 0.0575 386 661 647 903 8 0.0571 516 657 753 907 8 0.0570 253 588 505 832 7 0.0569 256 589 515 832 0 0.0566 319 595 586 837 11 0.0554 509 664 757 903 7 0.0552 388 532 643 779 0 0.0549 513 664 758 913 8 0.0547 513 529 752 776 0 0.0547 323 455 576 708 8 0.0544 385 530 630 779 11 0.0542 384 662 646 900 8 0.0541 386 655 637 903 11 0.0540 316 458 573 703 5 0.0540 246 529 509 771 13 0.0539 254 592 519 835 6 0.0537 322 595 588 832 7 0.0537 519 528 763 776 8 0.0534 118 579 366 825 0 0.0532 249 532 512 775 3 0.0531 254 589 512 837 2 0.0525 253 594 513 831 5 0.0520 626 403 892 644 8 0.0520 324 458 565 706 11 0.0518 113 583 371 821 0 0.0518 305 0 565 204 7 0.0517 514 658 764 906 5 0.0515 317 452 575 707 13 0.0515 395 660 653 903 5 0.0514 116 576 364 824 11 0.0514 382 533 638 776 5 0.0511 449 657 705 905 3 0.0510 515 661 760 912 5 0.0510 510 524 754 775 6 0.0508 252 531 512 772 10 0.0506 317 598 587 834 11 0.0504 577 788 816 1011 6 0.0504 574 534 826 768 7 0.0504 121 580 375 825
aE3n0YuOkLY3kBsIgwWToag0J5k9qTWg,5 0.0588 58 0 322 204 8 0.0545 438 527 688 765 11 0.0541 437 531 694 763 5 0.0532 217 774 484 997 7 0.0528 234 778 493 1003 0 0.0526 436 529 694 768 11 0.0506 448 665 693 888 6 0.0501 227 777 492 1004
GDpfoGHrULevtIymdwj7aTpxVRKvlpa2,8 0.0672 259 718 498 962 5 0.0671 249 718 501 959 0 0.0662 180 266 435 510 11 0.0657 176 267 433 507 11 0.0654 253 721 504 960 5 0.0651 184 130 438 377 8 0.0647 180 266 430 511 0 0.0628 313 269 561 505 7 0.0625 255 724 506 966 8 0.0622 186 134 433 376 11 0.0618 309 273 564 504 0 0.0608 255 720 504 965 3 0.0608 315 271 565 509 0 0.0608 186 133 442 379 13 0.0607 187 203 439 448 5 0.0599 243 269 499 511 13 0.0597 315 273 566 508 11 0.0594 182 136 440 377 5 0.0591 308 145 557 372 8 0.0591 313 272 555 505 6 0.0589 185 203 439 446 7 0.0587 187 202 437 449 6 0.0586 250 270 505 511 7 0.0581 315 788 577 1023 3 0.0578 184 136 441 381 13 0.0575 259 797 510 1022 0 0.0574 278 666 649 849 10 0.0573 255 729 505 964 11 0.0572 313 791 573 1019 11 0.0571 272 666 650 844 2 0.0571 186 208 434 447 5 0.0571 308 786 569 1017 10 0.0568 184 207 432 445 3 0.0566 182 269 434 513 7 0.0565 314 269 563 506 12 0.0565 313 271 564 506 0 0.0564 308 147 563 374 6 0.0558 245 141 504 372 6 0.0558 22 106 389 283 7 0.0556 26 100 394 285 8 0.0555 19 101 372 282 8 0.0555 319 787 562 1020 10 0.0554 385 268 630 504 5 0.0554 384 259 623 504 8 0.0554 308 148 550 371 13 0.0552 27 103 397 287 9 0.0552 180 205 434 442 10 0.0552 243 276 500 508 11 0.0552 16 105 383 282 13 0.0551 249 140 506 376 6 0.0547 391 262 632 509 0 0.0547 315 794 573 1023 3 0.0545 258 722 504 970 11 0.0540 306 146 561 373 2 0.0539 246 145 497 373 0 0.0537 23 103 381 285 6 0.0535 256 725 507 963 10 0.0532 16 107 380 282 3 0.0532 309 148 561 382 7 0.0532 245 136 500 373 2 0.0529 248 277 499 509 5 0.0524 20 101 377 283 9 0.0524 244 274 499 507 4 0.0522 185 207 439 448 12 0.0516 184 135 441 382 7 0.0515 284 664 653 847 3 0.0515 319 790 575 1023 1 0.0514 177 263 432 507 9 0.0511 10 103 385 281 9 0.0510 248 800 503 1016 10 0.0509 277 669 649 843 9 0.0509 243 143 494 368 4 0.0503 248 274 503 510 2 0.0502 23 105 386 281 0 0.0502 633 790 876 1023 1 0.0502 308 264 558 504 13 0.0502 320 722 582 956 12 0.0501 182 268 434 510 10 0.0501 316 794 576 1023 2 0.0501 386 271 628 506
L2Y8mMzwiLFKVHD39XPfdsG4xl9FAcu5,11 0.0608 304 723 565 959 5 0.0600 306 718 561 961 0 0.0594 309 717 568 963 8 0.0590 310 720 561 962 13 0.0546 314 720 571 963 5 0.0542 443 278 700 514 3 0.0534 311 723 565 967 11 0.0533 380 387 628 612 0 0.0532 460 349 701 574 7 0.0522 313 721 570 962 8 0.0520 444 282 692 514 7 0.0520 459 346 705 571 0 0.0513 389 387 628 620
wR8f0lXLfaqpgmL7PiDKcxtLwpXNvOCk,7 0.0616 198 524 451 782 11 0.0591 178 285 437 522 7 0.0588 313 451 570 698 11 0.0585 309 454 570 696 0 0.0579 311 453 571 700 5 0.0577 190 524 443 774 8 0.0576 308 452 562 695 8 0.0569 183 284 428 525 0 0.0554 196 527 453 785 10 0.0550 251 454 507 695 6 0.0549 313 457 575 696 11 0.0548 188 388 443 636 8 0.0546 189 381 440 632 8 0.0542 196 526 438 774 3 0.0533 189 279 436 531 6 0.0532 188 286 437 525 0 0.0532 190 385 444 638 6 0.0529 190 385 447 635 13 0.0528 316 456 577 699 0 0.0528 182 282 434 525 7 0.0526 192 382 448 640 5 0.0524 309 449 565 695 5 0.0522 182 277 435 528 7 0.0519 186 283 443 528 10 0.0514 191 535 448 780 3 0.0509 311 457 568 705 13 0.0506 201 530 461 779
rIEs01Hr9MqefFr471auO1OD1UXIKAZJ,0 0.0614 437 593 697 831 11 0.0604 569 544 817 764 8 0.0602 379 589 638 840 5 0.0601 434 584 695 830 11 0.0598 319 518 594 761 11 0.0596 378 591 647 837 7 0.0587 440 592 701 834 0 0.0582 504 534 749 765 5 0.0573 316 441 573 689 5 0.0570 568 537 813 768 0 0.0570 322 512 590 766 11 0.0570 317 387 584 621 8 0.0568 321 514 585 766 6 0.0567 441 594 704 833 7 0.0565 511 530 752 766 8 0.0562 507 534 741 765 3 0.0558 382 591 650 843 7 0.0558 308 593 588 831 8 0.0556 165 333 418 566 0 0.0553 563 595 816 821 3 0.0552 324 518 597 772 5 0.0551 306 587 581 827 13 0.0549 384 592 651 839 10 0.0548 311 593 585 828 5 0.0547 355 668 632 910 11 0.0545 0 216 249 457 11 0.0539 571 410 815 629 11 0.0538 458 343 709 575 6 0.0537 390 463 647 708 13 0.0536 255 656 534 893 0 0.0534 361 669 634 912 6 0.0530 507 534 753 767 7 0.0528 256 517 522 768 11 0.0525 253 580 526 817 5 0.0525 389 387 635 634 7 0.0524 322 443 580 697 10 0.0520 438 594 701 828 5 0.0519 252 512 517 763 7 0.0518 396 266 650 506 0 0.0518 324 387 580 623 11 0.0517 243 455 506 689 11 0.0517 163 407 428 635 11 0.0515 239 325 499 548 8 0.0514 573 407 806 633 5 0.0512 392 264 648 500 6 0.0512 264 575 530 819 13 0.0511 575 546 825 768 7 0.0510 363 676 639 915 3 0.0508 510 532 749 771 2 0.0507 467 293 719 512 6 0.0507 569 594 822 820 10 0.0506 242 261 496 484 5 0.0505 568 405 808 630 7 0.0504 248 319 497 551 7 0.0503 462 340 711 577 3 0.0502 320 386 581 632 11 0.0502 390 267 652 500 7 0.0502 570 593 819 821
YUcYM8dZASyNK9RbHDM1IosWtJK4rUtw,0 0.0648 500 398 746 645 11 0.0642 499 398 750 636 7 0.0614 512 454 760 707 8 0.0613 500 393 745 643 6 0.0605 511 455 758 707 5 0.0598 187 324 440 561 6 0.0595 634 403 874 644 11 0.0594 322 530 581 767 8 0.0589 324 1 572 199 5 0.0582 505 447 754 704 3 0.0582 515 452 758 709 11 0.0576 246 785 498 1015 13 0.0572 502 396 752 641 0 0.0568 247 780 501 1021 5 0.0565 623 400 864 640 6 0.0565 327 529 582 770 11 0.0560 634 465 875 712 13 0.0558 328 528 581 771 6 0.0554 500 351 760 592 8 0.0553 631 400 859 645 0 0.0551 325 528 577 772 5 0.0550 317 523 579 769 7 0.0547 329 527 582 772 8 0.0541 325 529 571 772 2 0.0537 508 459 757 708 10 0.0535 498 399 748 642 11 0.0533 189 332 446 562 5 0.0532 258 199 506 436 9 0.0528 496 399 751 636 8 0.0525 248 780 493 1018 3 0.0524 501 350 752 596 3 0.0524 325 530 582 775 5 0.0524 490 346 745 589 7 0.0523 504 347 754 593 7 0.0523 195 327 440 566 13 0.0519 255 778 508 1021 5 0.0518 313 0 575 197 3 0.0518 636 403 872 651 6 0.0517 201 333 445 567 13 0.0514 636 467 882 715 5 0.0511 245 775 495 1014 7 0.0510 252 780 504 1020 12 0.0509 503 398 751 641 11 0.0507 316 2 580 198 7 0.0507 637 463 876 716 8 0.0501 193 329 433 565
FDFHnli6DHMxYn8WAitaF39jIQFH8RSm,11 0.0668 312 675 665 846 7 0.0623 266 680 613 849 0 0.0600 318 673 666 847 5 0.0600 314 672 660 846 11 0.0594 455 669 828 856 8 0.0579 309 652 565 894 5 0.0574 368 716 625 959 0 0.0562 374 718 632 963 6 0.0560 323 675 668 846 11 0.0560 369 723 631 958 8 0.0545 458 667 814 852 10 0.0544 260 682 609 849 3 0.0540 321 674 666 851 8 0.0529 371 718 625 960 6 0.0525 378 719 635 961 13 0.0523 327 585 578 822 11 0.0522 298 332 563 562 7 0.0521 306 329 562 569 5 0.0519 298 322 560 562 0 0.0514 457 667 827 856 6 0.0512 461 670 837 855 7 0.0512 377 800 623 1023 13 0.0512 386 807 622 1023 0 0.0509 306 327 559 568 13 0.0508 462 669 841 856 13 0.0504 314 712 572 957
fAC3CT2FkL1i4qW8Yguo4j0CRM2hVJc8,11 0.0548 168 332 439 561 8 0.0542 178 330 426 560 11 0.0542 375 291 630 494 11 0.0541 298 729 556 958 5 0.0538 182 184 443 423 8 0.0535 315 336 565 557 0 0.0514 562 789 805 1023 7 0.0513 245 326 512 562 0 0.0509 497 709 772 954 8 0.0509 238 785 482 1018 5 0.0506 173 321 440 559 8 0.0505 502 707 761 952 11 0.0501 236 789 491 1016 8 0.0501 349 601 690 793 7 0.0500 383 286 635 496
QxE5mFfbVxzcQ3OTKAHhelk2M7tovwKs,11 0.0572 270 406 648 598 8 0.0572 316 352 552 588 8 0.0560 499 460 750 692 5 0.0551 432 447 694 690 5 0.0551 370 273 623 512 5 0.0550 498 383 756 624 8 0.0547 573 393 814 627 8 0.0545 293 293 621 471 5 0.0544 266 406 640 596 6 0.0543 439 332 707 571 10 0.0543 499 389 760 623 11 0.0540 401 360 757 537 5 0.0538 580 462 819 689 11 0.0535 365 450 626 695 8 0.0533 437 392 690 630 7 0.0531 404 421 770 605 8 0.0527 441 278 692 506 0 0.0525 503 458 760 691 3 0.0524 344 413 696 601 8 0.0520 246 402 487 642 0 0.0515 309 350 563 591 0 0.0512 286 472 660 665 5 0.0511 488 520 755 763 13 0.0508 294 357 646 543 0 0.0505 437 392 699 632 11 0.0503 500 458 756 687 5 0.0502 296 209 560 446 3 0.0501 506 389 757 629
SfoPyysSRqxhmzHMcNPRaFrMx96wj8x1,11 0.0653 432 526 695 757 11 0.0645 504 459 761 694 11 0.0644 369 582 627 817 7 0.0635 376 581 626 817 0 0.0634 510 522 773 766 7 0.0632 438 524 699 758 11 0.0630 589 529 842 766 8 0.0629 506 590 765 833 5 0.0625 501 590 767 832 11 0.0618 506 596 769 831 0 0.0613 363 518 614 761 11 0.0603 361 459 632 695 0 0.0603 433 588 695 825 7 0.0599 509 460 765 695 3 0.0595 438 522 694 764 8 0.0587 501 457 753 699 6 0.0584 436 524 700 758 8 0.0581 369 521 610 757 6 0.0577 377 579 627 817 5 0.0576 365 576 620 814 7 0.0570 367 459 636 696 0 0.0570 435 466 700 700 5 0.0570 430 522 694 758 10 0.0567 509 528 776 765 3 0.0567 374 577 623 823 8 0.0567 589 528 836 769 3 0.0566 510 594 772 837 10 0.0565 294 542 551 769 7 0.0561 513 593 776 833 7 0.0558 592 532 848 769 13 0.0557 513 592 776 834 5 0.0556 498 458 758 696 5 0.0553 360 457 625 695 7 0.0551 296 536 556 768 6 0.0549 367 465 634 696 13 0.0545 377 578 630 822 11 0.0542 285 537 555 767 6 0.0542 509 595 775 832 13 0.0541 368 459 637 697 2 0.0541 437 594 701 826 6 0.0540 296 537 554 768 3 0.0539 367 462 630 700 13 0.0539 438 521 703 761 12 0.0538 511 594 772 835 9 0.0535 505 521 776 760 3 0.0534 506 460 758 700 2 0.0534 513 525 776 765 3 0.0534 591 528 843 773 5 0.0534 581 525 841 767 10 0.0533 433 595 701 825 6 0.0528 506 465 764 697 10 0.0527 436 466 703 702 13 0.0525 296 535 556 770 8 0.0520 305 582 553 819 11 0.0513 573 405 820 631 11 0.0513 518 342 764 570 9 0.0503 430 589 700 822 1 0.0500 357 452 626 698
0QXm1GgUFMz56gYyHuddtKJTiPcZCK6Y,5 0.0584 251 408 628 598 5 0.0579 323 478 690 667 8 0.0575 575 454 833 700 11 0.0571 582 380 845 623 0 0.0559 504 538 768 778 5 0.0556 569 454 832 698 11 0.0551 321 481 693 667 5 0.0547 563 318 825 563 6 0.0547 577 455 842 703 11 0.0544 504 538 760 774 0 0.0537 585 381 847 631 7 0.0536 511 536 769 776 0 0.0536 321 389 577 627 0 0.0533 324 482 695 669 7 0.0532 577 454 841 700 8 0.0531 507 536 760 779 3 0.0528 254 449 520 705 6 0.0526 577 320 836 566 5 0.0524 639 374 894 619 7 0.0524 323 452 581 700 11 0.0523 566 278 829 502 11 0.0523 316 390 576 624 7 0.0519 254 516 500 766 3 0.0519 590 380 846 635 11 0.0517 376 588 637 822 8 0.0511 329 481 681 666 11 0.0510 247 519 500 761 0 0.0509 568 274 824 510 10 0.0509 569 458 839 698 5 0.0508 190 332 561 519 6 0.0507 510 537 768 778 3 0.0506 321 390 579 634 0 0.0506 378 589 634 829 5 0.0501 499 533 759 773
WAVobVUp3i0ePbmxEfY8PP2geIvqZQqZ,8 0.0629 327 738 682 917 6 0.0608 438 270 703 518 5 0.0595 363 332 628 583 11 0.0583 312 345 571 581 6 0.0577 371 338 632 592 7 0.0576 325 472 584 707 5 0.0574 367 666 638 908 11 0.0567 431 795 687 1016 0 0.0565 314 342 569 586 0 0.0560 436 721 705 956 11 0.0557 321 476 582 703 11 0.0556 365 675 642 908 7 0.0551 437 790 692 1018 11 0.0550 374 408 642 644 11 0.0547 490 735 761 954 13 0.0543 370 342 637 588 7 0.0543 323 341 573 583 3 0.0542 438 794 688 1021 8 0.0541 317 603 568 843 8 0.0536 404 670 752 854 7 0.0536 410 670 774 852 8 0.0536 317 344 564 583 3 0.0534 332 737 696 922 0 0.0531 435 268 698 521 0 0.0531 401 671 767 857 5 0.0528 426 268 696 514 13 0.0526 436 275 708 520 3 0.0525 318 606 580 854 10 0.0524 322 477 583 705 0 0.0520 318 608 580 848 3 0.0519 374 340 626 591 5 0.0519 242 330 497 571 5 0.0515 432 786 687 1010 9 0.0512 314 343 571 577 7 0.0510 324 605 583 842 13 0.0508 443 791 699 1017 13 0.0508 324 608 584 847 11 0.0507 314 611 579 841 2 0.0506 315 344 570 581 8 0.0506 439 790 680 1015 6 0.0504 249 337 500 574 10 0.0503 377 410 643 644 10 0.0503 315 348 573 581
e87CsgYVFG0EISYYFDXnz5ju8LnFB5wO,8 0.0624 384 15 644 258 11 0.0623 566 0 819 205 11 0.0621 381 15 650 258 7 0.0615 319 276 580 521 8 0.0615 506 220 747 463 0 0.0597 385 13 652 262 5 0.0597 503 220 751 463 11 0.0589 372 215 631 448 5 0.0585 369 207 632 448 11 0.0584 502 225 756 459 7 0.0582 389 13 657 259 6 0.0580 387 16 655 258 8 0.0579 376 214 629 451 6 0.0573 449 164 709 402 7 0.0569 378 211 640 452 0 0.0565 448 160 709 408 5 0.0564 379 8 645 258 5 0.0564 191 339 444 567 11 0.0562 312 286 570 519 13 0.0560 282 93 644 282 3 0.0560 385 16 649 264 10 0.0559 447 166 705 405 10 0.0556 383 21 651 260 3 0.0556 380 215 631 454 8 0.0552 321 283 566 520 5 0.0545 309 278 569 518 13 0.0542 571 0 828 203 13 0.0539 453 162 714 407 2 0.0539 450 164 707 404 8 0.0536 566 0 813 206 2 0.0535 378 216 631 450 7 0.0533 510 223 758 464 11 0.0533 431 659 697 874 3 0.0530 570 0 819 213 7 0.0530 202 344 452 572 5 0.0527 563 0 816 206 8 0.0526 253 0 504 197 11 0.0523 249 0 510 195 8 0.0522 438 659 691 878 9 0.0521 382 12 649 255 0 0.0520 566 3 818 207 11 0.0518 255 352 506 575 3 0.0516 321 285 569 526 10 0.0515 566 5 819 202 0 0.0514 253 0 511 200 0 0.0512 317 283 572 521 12 0.0511 452 160 708 408 2 0.0509 285 28 633 211 6 0.0507 255 1 512 197 12 0.0507 387 14 653 261 5 0.0507 248 0 505 194 8 0.0504 511 341 744 575 8 0.0502 199 344 439 570 1 0.0502 383 10 650 259 0 0.0501 435 659 697 883 7 0.0500 568 1 824 207
tWpJJHSJXjx3GLOfJIvkC4ZpwMYqF1zV,5 0.0650 439 146 703 383 11 0.0616 441 148 706 384 11 0.0595 459 285 722 517 8 0.0584 499 144 752 387 5 0.0581 571 467 821 704 8 0.0575 572 472 818 706 11 0.0574 568 149 822 391 10 0.0570 445 152 707 387 7 0.0570 446 151 706 390 11 0.0563 577 333 838 576 11 0.0559 567 474 823 700 5 0.0557 509 206 759 446 0 0.0552 512 334 759 586 7 0.0551 463 288 724 520 8 0.0550 456 285 716 519 3 0.0549 449 150 706 393 6 0.0549 760 159 1017 400 11 0.0547 241 98 512 322 10 0.0547 574 476 824 705 7 0.0547 575 148 826 392 6 0.0546 641 146 879 395 7 0.0542 646 263 889 505 11 0.0542 640 270 883 505 0 0.0538 242 92 513 325 11 0.0536 439 471 695 689 0 0.0536 442 153 709 386 8 0.0536 577 210 826 452 6 0.0535 504 143 761 384 13 0.0533 580 397 826 638 11 0.0533 755 163 1013 397 0 0.0532 643 269 884 509 5 0.0531 455 282 713 516 6 0.0530 651 270 886 505 13 0.0526 462 340 726 577 5 0.0526 576 326 835 575 8 0.0525 382 211 639 431 5 0.0523 751 151 1015 395 13 0.0523 445 469 701 691 3 0.0522 456 341 713 588 13 0.0521 387 211 657 430 5 0.0520 305 253 570 480 6 0.0519 459 346 726 578 0 0.0519 511 214 766 448 3 0.0518 581 473 822 712 3 0.0518 573 152 824 400 7 0.0517 760 154 1019 400 0 0.0516 758 161 1014 402 6 0.0515 455 224 718 447 2 0.0512 446 157 709 387 0 0.0511 300 202 578 430 10 0.0510 582 332 840 580 5 0.0510 237 87 511 321 11 0.0509 756 272 1010 502 7 0.0509 250 95 517 322 5 0.0508 173 522 445 766 6 0.0507 765 266 1013 509 8 0.0507 754 161 1004 399 8 0.0507 248 98 509 325 13 0.0507 248 97 520 326 7 0.0505 447 469 695 692 13 0.0504 638 145 887 396 8 0.0504 762 268 998 509 8 0.0502 440 470 686 690 6 0.0502 444 472 699 690 10 0.0500 249 100 514 324 7 0.0500 581 394 821 638
y6RaMvzmceUOeToRH4IxJim2s7RziilG,11 0.0594 490 653 760 880 0 0.0585 61 0 324 216 8 0.0585 495 654 751 883 0 0.0562 494 652 758 885 11 0.0559 562 720 825 954 7 0.0558 499 650 761 887 6 0.0549 64 0 335 208 5 0.0537 564 713 818 957 8 0.0536 565 719 816 959 7 0.0535 572 716 830 961 5 0.0535 60 0 324 212 5 0.0528 492 649 754 884 11 0.0521 487 529 751 751 0 0.0518 490 529 751 759 11 0.0518 61 3 326 210 0 0.0517 566 714 826 961 3 0.0517 68 0 330 219 0 0.0515 423 588 699 829 11 0.0515 421 591 701 824 13 0.0514 64 1 334 212 10 0.0513 498 592 757 820 8 0.0509 428 589 694 826 8 0.0503 68 0 317 209
TBwujpIKMZsQz6Fe4hOMHgfkiWb5PuSt,11 0.0641 314 413 568 636 8 0.0623 320 472 564 708 8 0.0621 243 402 492 629 7 0.0608 247 471 501 702 13 0.0606 321 478 575 710 5 0.0606 383 0 760 151 5 0.0602 313 467 569 705 3 0.0599 320 476 567 714 0 0.0597 317 408 567 638 6 0.0583 374 348 633 580 7 0.0582 434 344 689 581 5 0.0579 426 344 681 576 8 0.0578 494 270 743 500 11 0.0578 242 478 497 701 8 0.0577 430 345 679 581 11 0.0576 381 0 767 149 3 0.0576 373 347 626 586 7 0.0572 319 406 569 635 3 0.0570 425 478 680 711 11 0.0567 370 350 629 579 11 0.0566 306 539 579 789 7 0.0564 499 270 753 506 5 0.0560 425 194 687 441 6 0.0560 319 474 575 710 13 0.0558 323 352 570 579 5 0.0556 235 396 496 624 8 0.0556 423 475 675 711 0 0.0553 371 341 629 579 3 0.0551 246 404 497 636 11 0.0542 417 477 681 708 8 0.0542 392 0 752 153 5 0.0540 312 343 560 570 13 0.0534 433 352 695 583 5 0.0530 494 265 746 502 8 0.0529 318 347 555 572 0 0.0529 496 340 743 568 8 0.0527 244 535 503 782 13 0.0527 500 274 758 503 5 0.0524 237 527 509 783 7 0.0523 500 404 749 641 3 0.0521 247 538 504 791 3 0.0520 372 205 629 453 6 0.0520 246 401 506 631 0 0.0516 245 475 500 704 3 0.0515 502 276 750 511 8 0.0514 435 203 683 443 0 0.0513 386 2 761 153 13 0.0511 246 404 504 634 7 0.0510 394 0 766 152 13 0.0508 163 0 553 150 0 0.0507 313 539 584 792 3 0.0507 392 0 758 158 3 0.0507 326 282 572 512 7 0.0506 438 204 694 446 8 0.0505 493 405 738 638 10 0.0505 319 480 573 711 7 0.0503 423 476 685 711 0 0.0500 323 279 572 509
nXJUlc9Hd4zR7mRU6dswj5LXvkHMLqIT,11 0.0603 318 607 575 834 0 0.0572 317 605 574 840 8 0.0559 319 603 568 839 6 0.0524 325 607 577 836 10 0.0518 321 606 572 835 13 0.0517 322 604 580 838 7 0.0509 326 604 577 839 3 0.0507 324 605 574 844 0 0.0507 109 333 368 561 7 0.0501 379 263 646 496
jXnrqXHibxSolpVN4BkkpPGMvCsTZ7Kj,8 0.0559 201 332 434 565 11 0.0547 58 343 317 580 7 0.0546 200 329 444 565 0 0.0542 708 1 976 204 8 0.0541 708 0 966 201 5 0.0540 193 207 439 434 7 0.0539 712 0 979 204 0 0.0539 206 268 440 509 11 0.0538 244 335 503 555 3 0.0528 208 267 439 511 5 0.0527 242 327 493 556 11 0.0526 178 392 426 624 7 0.0524 450 592 707 823 5 0.0520 695 25 952 260 8 0.0519 446 592 692 820 11 0.0518 706 1 980 203 0 0.0516 181 388 426 627 11 0.0514 510 598 753 818 0 0.0514 433 91 680 313 5 0.0510 481 660 741 877 8 0.0508 200 210 434 437 7 0.0508 199 207 444 436 6 0.0507 705 27 960 264 13 0.0506 202 333 447 573 3 0.0504 713 5 978 209
EesrvK9Ki8mmAAwOozngeLOwnqEoit4n,11 0.0574 409 472 761 651 13 0.0570 368 358 633 591 7 0.0568 470 480 820 663 8 0.0567 613 27 870 245 11 0.0562 631 101 891 312 13 0.0550 305 293 583 522 8 0.0546 414 469 751 652 11 0.0546 365 359 631 585 11 0.0540 742 0 1013 192 0 0.0540 466 475 815 663 3 0.0539 419 469 767 654 5 0.0534 581 137 824 375 6 0.0532 416 467 764 653 8 0.0531 700 86 938 312 8 0.0525 748 0 999 191 3 0.0524 367 308 646 529 6 0.0523 368 356 633 589 7 0.0523 631 95 888 310 0 0.0518 627 99 881 316 10 0.0518 410 471 764 653 5 0.0516 461 471 811 658 13 0.0515 473 479 822 663 11 0.0513 299 294 575 517 5 0.0511 610 25 872 246 3 0.0508 591 142 830 389 8 0.0508 369 356 620 587 5 0.0505 293 289 565 515 3 0.0505 476 10 714 244 3 0.0503 621 29 877 257 7 0.0503 369 356 634 590
cKn9SXZzr237YMKTlQVgMXMbPObkbSuL,11 0.0552 426 726 689 948 0 0.0527 373 658 634 897 11 0.0520 440 587 713 818 11 0.0516 13 602 266 846 0 0.0516 442 586 709 825 5 0.0507 367 657 629 894
X7FmZ7jYsVRue4NXgeVwF2A9caL965KD,7 0.0615 450 782 693 1023 0 0.0614 389 202 642 437 7 0.0610 310 781 563 1013 11 0.0607 315 348 583 583 11 0.0598 372 787 628 1015 11 0.0592 398 271 652 499 0 0.0586 251 199 505 439 5 0.0582 443 783 683 1019 5 0.0581 245 196 498 436 5 0.0580 256 810 623 981 0 0.0578 321 143 563 375 11 0.0575 241 785 492 1010 8 0.0573 397 268 644 508 0 0.0570 319 351 580 589 11 0.0570 313 206 565 431 0 0.0568 311 777 558 1014 0 0.0561 474 414 719 648 11 0.0557 300 466 562 698 5 0.0556 393 270 646 503 8 0.0556 376 783 618 1016 13 0.0554 450 787 695 1023 11 0.0551 379 531 637 769 10 0.0550 249 199 501 435 3 0.0548 376 785 628 1023 2 0.0548 398 281 651 508 0 0.0546 444 785 691 1022 11 0.0546 171 527 425 760 8 0.0546 178 516 413 763 8 0.0545 384 531 630 768 8 0.0545 394 135 626 372 10 0.0542 371 787 622 1017 0 0.0539 383 588 632 828 7 0.0537 405 271 654 505 8 0.0533 304 466 553 702 5 0.0533 467 407 712 641 7 0.0533 157 212 509 413 13 0.0531 315 781 566 1015 8 0.0531 251 194 493 437 7 0.0530 384 586 634 827 6 0.0530 401 273 656 507 8 0.0530 248 779 483 1013 7 0.0527 311 525 560 764 6 0.0526 179 525 432 761 11 0.0525 395 137 634 367 13 0.0523 398 272 658 505 13 0.0523 130 399 384 629 10 0.0522 384 535 635 769 13 0.0521 321 348 589 589 6 0.0520 377 786 628 1018 3 0.0518 234 525 477 764 10 0.0514 395 273 652 508 11 0.0513 468 414 718 635 5 0.0513 313 343 579 582 10 0.0512 318 351 581 583 13 0.0511 387 589 638 827 3 0.0510 245 781 492 1018 10 0.0510 242 787 489 1013 13 0.0510 163 216 517 414 0 0.0509 233 457 481 697 3 0.0509 402 272 648 509 10 0.0509 318 144 563 372 0 0.0508 174 524 426 765 5 0.0507 382 527 631 765 5 0.0505 391 134 629 367 5 0.0504 172 390 429 630 6 0.0500 161 216 515 413
XQIgKuOQlN5LeOt9zQcwdw3jcT9Aui1C,8 0.0610 509 408 753 657 5 0.0603 557 472 825 720 8 0.0586 339 417 692 604 5 0.0561 515 345 765 589 11 0.0559 562 475 832 722 5 0.0553 255 475 617 661 5 0.0552 323 415 695 599 8 0.0552 270 478 607 662 8 0.0552 566 472 823 722 3 0.0550 520 351 768 596 11 0.0548 240 797 497 1019 7 0.0543 458 403 707 653 11 0.0542 518 351 769 586 13 0.0540 344 417 711 604 0 0.0538 508 488 771 727 10 0.0536 332 421 707 605 6 0.0536 515 413 764 656 0 0.0533 338 419 705 604 8 0.0529 576 336 812 598 11 0.0527 627 345 881 583 3 0.0523 342 417 696 608 11 0.0522 327 486 693 662 3 0.0521 511 483 769 729 6 0.0517 335 484 697 665 5 0.0515 625 336 877 585 7 0.0513 513 482 775 722 2 0.0510 510 419 762 656 8 0.0509 451 280 707 516 7 0.0507 525 350 773 590 0 0.0501 579 395 827 652
VNe5UALLHPDKAZvrgprOeW07nQBi5qk5,11 0.0639 440 729 693 969 7 0.0637 444 729 696 973 11 0.0614 377 663 638 898 10 0.0611 441 733 692 973 5 0.0599 438 725 689 969 0 0.0595 442 726 694 976 3 0.0592 381 662 637 905 5 0.0588 376 659 632 900 0 0.0587 378 661 637 904 8 0.0584 444 730 687 973 13 0.0583 385 735 633 975 8 0.0581 380 662 630 902 6 0.0581 444 728 697 971 5 0.0580 618 334 871 557 10 0.0578 378 665 634 900 3 0.0572 445 729 691 978 7 0.0569 379 664 638 901 2 0.0538 445 732 693 976 6 0.0537 382 661 639 900 11 0.0534 621 394 878 622 1 0.0527 440 723 690 973 8 0.0520 623 396 872 625 0 0.0519 626 396 878 625 2 0.0502 379 663 637 905 1 0.0502 375 657 631 901
5XK5Ik0Idb1QGad9jWEANbjDOJQuF8nI,5 0.0643 336 668 696 855 7 0.0636 246 601 499 843 8 0.0631 344 671 691 853 11 0.0627 240 662 507 909 7 0.0622 349 669 710 854 0 0.0620 279 605 639 793 7 0.0612 245 721 499 969 11 0.0612 340 674 701 853 0 0.0608 343 671 702 858 8 0.0599 250 663 500 911 5 0.0596 241 720 489 965 8 0.0595 375 526 621 769 5 0.0593 273 602 630 790 10 0.0585 243 664 509 911 6 0.0578 246 663 509 913 6 0.0574 380 670 643 913 10 0.0557 341 674 704 854 0 0.0551 245 723 499 972 7 0.0548 321 276 576 498 13 0.0546 436 599 700 834 11 0.0544 499 596 761 827 8 0.0544 499 595 748 829 6 0.0542 309 609 562 839 11 0.0536 370 530 634 773 2 0.0529 310 611 559 844 7 0.0529 377 528 635 773 2 0.0529 246 666 506 912 3 0.0523 440 659 692 908 13 0.0517 307 606 566 841 3 0.0514 321 664 573 918 3 0.0508 322 279 573 500 1 0.0504 239 598 495 846
qVBG2hKPNybct4WMKXbuJWJRzjtNp8So,8 0.0612 343 300 688 478 11 0.0611 430 265 696 495 7 0.0602 379 262 637 500 11 0.0594 447 148 703 376 8 0.0593 304 317 565 566 11 0.0588 302 269 577 508 7 0.0586 306 317 575 567 0 0.0581 363 610 641 851 5 0.0578 358 605 638 846 5 0.0571 432 259 692 495 3 0.0567 381 264 635 503 13 0.0563 438 267 702 496 6 0.0562 349 300 699 478 0 0.0562 0 586 139 963 0 0.0561 345 298 696 481 7 0.0556 314 211 563 443 0 0.0556 305 321 577 566 11 0.0553 363 610 638 846 11 0.0553 0 601 141 949 0 0.0553 418 535 716 769 5 0.0552 306 260 573 508 7 0.0550 368 608 646 849 8 0.0547 310 212 557 440 10 0.0545 378 268 637 499 5 0.0540 551 208 816 446 10 0.0537 302 325 575 563 5 0.0536 447 142 698 377 0 0.0535 253 470 506 718 8 0.0535 366 608 630 847 5 0.0534 412 530 713 765 3 0.0532 311 214 563 447 6 0.0530 368 613 648 845 6 0.0529 314 213 568 442 8 0.0525 243 392 493 634 8 0.0525 503 142 762 383 3 0.0524 558 215 819 456 8 0.0522 557 212 817 446 13 0.0521 313 267 581 510 11 0.0520 229 325 501 567 6 0.0520 420 542 723 766 10 0.0519 363 610 641 850 2 0.0514 367 616 644 851 12 0.0514 440 267 695 499 13 0.0512 455 147 709 378 3 0.0510 308 322 572 570 5 0.0509 233 315 498 563 6 0.0509 248 264 517 518 8 0.0509 416 533 703 767 6 0.0508 556 276 821 506 2 0.0504 377 265 634 499 11 0.0504 549 216 825 448 6 0.0503 506 143 772 385 1 0.0501 434 261 694 494
SK85MRwsmoJ0iZ0thIji0pDPEbsO5ntL,0 0.0599 179 214 436 465 11 0.0571 178 218 438 455 0 0.0571 256 267 511 516 8 0.0571 184 210 430 462 5 0.0564 251 265 504 509 0 0.0562 252 2 508 203 11 0.0557 189 338 444 579 6 0.0556 193 276 447 526 0 0.0553 328 461 578 713 11 0.0553 248 270 511 508 0 0.0552 384 535 637 777 11 0.0549 318 396 576 638 6 0.0546 257 388 504 637 11 0.0545 241 669 502 900 0 0.0543 193 338 440 584 7 0.0535 254 387 503 636 5 0.0532 248 383 494 633 11 0.0530 246 2 510 201 11 0.0529 393 465 638 698 3 0.0529 180 215 434 466 13 0.0529 257 387 504 641 5 0.0525 176 209 429 456 7 0.0524 332 460 584 707 8 0.0524 192 332 433 586 6 0.0523 329 463 582 706 5 0.0522 322 457 572 702 11 0.0521 253 139 517 365 13 0.0520 262 268 513 519 6 0.0519 183 143 442 385 6 0.0519 260 210 509 444 0 0.0518 254 137 512 374 7 0.0518 255 601 503 837 5 0.0513 568 277 823 502 8 0.0512 183 79 439 325 7 0.0511 185 207 438 461 0 0.0508 379 668 639 898 6 0.0508 310 664 572 893 6 0.0507 183 455 439 705 10 0.0506 179 84 446 326 11 0.0506 459 405 717 647 0 0.0505 309 602 569 840 13 0.0504 251 667 509 908 5 0.0504 180 0 439 200 7 0.0504 391 534 645 773 5 0.0503 251 133 506 368 6 0.0503 255 1 517 203 8 0.0502 260 264 499 515 8 0.0502 390 730 624 962 13 0.0501 330 460 586 706 7 0.0501 259 266 513 513 13 0.0501 257 0 515 199 11 0.0501 312 534 577 763
U2xE1ZVvCfv6hHVw6QP0YbdMdsFRBMPi,11 0.0569 304 617 559 850 0 0.0551 307 614 563 852 11 0.0548 234 728 489 958 11 0.0541 256 350 627 537 7 0.0533 375 336 637 564 11 0.0533 305 797 550 1017 0 0.0523 234 671 489 916 8 0.0514 241 611 496 850 5 0.0512 258 343 623 535 13 0.0511 323 338 579 586 11 0.0511 448 348 717 557 5 0.0510 228 665 485 906 0 0.0506 377 341 637 563 8 0.0505 240 726 485 959 0 0.0502 304 728 557 965 7 0.0501 248 606 508 852
Bs1yh0krZEAcE7L9GNZivBSY3hzKIHHA,8 0.0581 308 782 550 1023 11 0.0572 306 789 558 1020 11 0.0543 360 715 628 952 5 0.0537 306 787 554 1019 8 0.0533 366 712 620 955 7 0.0531 249 783 500 1023 0 0.0523 306 785 558 1023 11 0.0513 494 470 763 699 8 0.0507 384 387 622 617 7 0.0505 370 711 633 952 6 0.0500 251 787 498 1022
0MAmALUkF8D3tldTfVaIqQTucxOCum7G,5 0.0587 303 330 572 576 11 0.0572 310 337 576 581 5 0.0563 315 204 576 430 11 0.0560 322 206 580 433 11 0.0559 385 608 626 825 0 0.0552 393 272 632 502 11 0.0552 391 405 628 639 0 0.0551 322 206 579 437 7 0.0551 324 802 587 1023 5 0.0550 383 399 626 640 8 0.0550 392 404 623 639 5 0.0546 383 270 633 493 11 0.0544 321 803 580 1023 7 0.0542 394 402 633 643 8 0.0542 324 207 568 434 0 0.0540 393 402 627 643 8 0.0540 394 271 628 501 6 0.0539 323 268 585 502 8 0.0535 389 610 616 827 3 0.0532 393 405 631 646 10 0.0532 390 209 642 429 13 0.0531 317 332 580 587 0 0.0529 241 130 508 369 13 0.0528 397 277 642 503 11 0.0527 622 2 881 201 7 0.0527 457 274 701 515 6 0.0527 457 278 704 511 10 0.0526 318 270 576 500 11 0.0526 453 227 712 454 2 0.0524 452 282 701 509 8 0.0520 450 489 689 706 0 0.0520 323 802 580 1023 10 0.0519 256 210 504 442 7 0.0518 518 346 757 594 3 0.0518 308 337 575 589 0 0.0516 250 269 505 507 7 0.0514 261 203 508 443 6 0.0514 265 207 511 445 2 0.0513 325 214 575 433 13 0.0512 396 406 634 643 10 0.0512 382 339 636 579 11 0.0511 247 270 505 505 7 0.0511 324 264 582 503 10 0.0511 322 804 585 1023 11 0.0511 239 130 509 364 8 0.0509 578 99 810 331 3 0.0508 322 207 580 441 5 0.0508 315 797 576 1020 3 0.0507 392 272 638 505 7 0.0506 249 400 498 631 11 0.0506 558 333 810 579 8 0.0504 626 0 872 203 11 0.0503 245 731 514 956 6 0.0503 258 341 506 583 11 0.0502 575 100 822 329 0 0.0502 314 329 574 582 11 0.0502 242 405 496 629 11 0.0501 379 729 632 949 6 0.0501 517 218 772 447
fhrmBzlvGHF8Wn7WwCojZrzzr8CXfO03,8 0.0661 370 334 629 580 3 0.0657 378 332 637 586 7 0.0643 373 276 637 508 11 0.0636 368 279 637 508 8 0.0635 432 280 696 516 13 0.0621 375 332 641 581 11 0.0619 447 211 698 432 5 0.0619 368 330 634 580 8 0.0619 374 211 626 446 3 0.0606 378 209 633 450 10 0.0605 369 280 636 508 7 0.0603 449 207 701 433 0 0.0602 431 281 704 519 11 0.0601 432 337 701 584 5 0.0598 231 268 494 507 3 0.0592 516 389 760 647 5 0.0585 369 208 630 443 8 0.0582 507 330 754 582 0 0.0579 574 270 817 498 7 0.0578 438 335 701 586 11 0.0574 505 278 757 515 7 0.0574 386 142 644 370 2 0.0569 372 338 634 582 6 0.0564 374 332 639 584 6 0.0563 379 209 634 446 6 0.0561 435 281 708 515 10 0.0560 436 340 700 584 8 0.0559 238 274 484 508 2 0.0559 509 337 759 579 5 0.0556 500 333 756 578 2 0.0552 436 287 702 515 3 0.0551 515 220 759 452 0 0.0550 576 392 832 631 7 0.0547 507 277 762 517 13 0.0546 381 209 641 447 10 0.0542 446 212 699 431 8 0.0541 512 222 753 447 5 0.0539 505 221 758 445 0 0.0538 239 137 496 384 13 0.0529 509 332 765 581 0 0.0528 237 273 495 510 11 0.0525 381 150 637 364 10 0.0524 507 281 759 517 0 0.0521 385 146 638 368 7 0.0520 514 390 764 642 12 0.0520 379 333 637 584 11 0.0516 572 334 825 562 6 0.0510 243 205 500 450 9 0.0510 374 213 632 443 8 0.0507 588 390 821 630 2 0.0507 581 275 819 499 7 0.0502 244 271 497 510 3 0.0502 245 275 491 515 1 0.0501 425 277 704 516
sGykCrp4Zi82HEaXD95xxQeCOX5qGyUj,11 0.0604 431 206 686 442 11 0.0601 322 142 577 382 5 0.0589 500 132 746 369 0 0.0584 441 275 690 514 7 0.0575 371 205 635 443 8 0.0572 257 136 495 388 8 0.0570 502 140 739 372 11 0.0569 507 277 747 502 0 0.0566 321 267 577 516 8 0.0564 312 204 572 453 11 0.0564 252 264 497 513 5 0.0563 307 202 573 451 11 0.0562 372 274 636 508 13 0.0562 327 140 587 388 11 0.0556 499 140 747 368 10 0.0556 328 84 568 306 10 0.0554 373 143 634 380 6 0.0547 441 140 697 381 0 0.0545 321 141 578 389 8 0.0542 332 78 562 305 5 0.0541 432 198 681 444 8 0.0540 373 138 626 380 8 0.0540 255 260 490 516 3 0.0539 437 143 695 385 6 0.0539 327 144 578 388 10 0.0537 504 143 746 373 3 0.0537 326 142 578 390 7 0.0537 440 138 697 380 5 0.0534 254 138 501 382 13 0.0534 320 271 589 519 8 0.0534 441 274 682 512 13 0.0534 440 139 700 384 7 0.0529 386 77 633 313 7 0.0525 257 196 515 450 6 0.0524 377 7 637 243 5 0.0524 365 135 628 375 0 0.0523 435 139 696 383 3 0.0523 444 275 689 516 11 0.0523 445 339 706 574 8 0.0521 186 195 424 448 5 0.0520 249 258 497 512 5 0.0518 400 0 758 144 5 0.0518 505 268 742 504 11 0.0516 378 80 628 309 3 0.0515 385 81 630 316 3 0.0515 257 330 499 592 10 0.0514 259 144 504 386 3 0.0513 321 268 577 521 10 0.0509 313 213 582 453 7 0.0509 509 74 774 312 6 0.0509 444 272 694 510 5 0.0508 324 75 564 301 2 0.0506 371 209 630 441 1 0.0505 322 135 575 390 7 0.0504 512 275 751 503 3 0.0504 511 76 771 317 0 0.0504 508 410 769 650 0 0.0503 378 80 629 317 11 0.0503 510 407 769 643
X0wYKDgNSxD5eZIWSDHNZHFkknGxeu4f,11 0.0584 194 473 444 713 7 0.0578 201 343 450 585 5 0.0578 193 342 442 582 7 0.0577 195 471 453 715 0 0.0569 198 346 445 589 0 0.0566 195 471 451 718 11 0.0564 119 410 379 631 5 0.0558 119 401 374 634 13 0.0557 204 410 449 650 11 0.0550 194 349 445 581 5 0.0546 191 467 443 713 11 0.0537 752 537 1023 752 3 0.0536 196 474 447 718 0 0.0533 126 407 380 634 6 0.0524 204 350 446 588 8 0.0520 199 471 439 718 6 0.0519 132 410 380 637 10 0.0508 199 418 439 644 8 0.0503 201 344 437 590 13 0.0503 768 529 1023 761 8 0.0502 126 407 371 640 6 0.0501 201 472 450 714 2 0.0501 201 348 442 586 7 0.0501 125 404 382 635
j0wd33curPZg7N910HiYKAsjVBe9Jiwq,8 0.0562 507 471 748 711 0 0.0547 567 271 811 502 7 0.0544 509 469 761 710 0 0.0542 626 423 886 654 6 0.0532 626 423 886 654 8 0.0520 635 472 880 710 11 0.0518 315 791 564 1020 11 0.0513 501 471 757 706 8 0.0510 567 269 805 498 3 0.0510 512 471 754 716 0 0.0508 504 469 755 711 11 0.0507 626 287 878 519 3 0.0504 640 477 888 715 11 0.0503 622 425 886 657
cHQlb8rC86ypEx3zADnw6CFHVprBjDvl,11 0.0599 302 338 579 565 7 0.0587 313 333 583 567 11 0.0584 338 1 692 153 5 0.0580 299 329 578 567 11 0.0570 246 264 515 503 5 0.0569 251 452 510 706 0 0.0566 370 269 637 500 8 0.0561 497 5 762 242 11 0.0559 314 203 588 432 8 0.0559 305 336 571 567 7 0.0559 376 262 642 502 8 0.0558 339 2 681 154 6 0.0553 309 272 586 499 3 0.0553 381 391 632 631 0 0.0551 378 392 629 629 7 0.0551 311 456 573 700 8 0.0548 306 455 565 702 5 0.0545 244 256 515 504 11 0.0545 435 521 697 750 6 0.0543 309 400 574 639 7 0.0543 254 259 524 503 5 0.0539 366 258 634 494 7 0.0538 440 461 696 693 11 0.0538 301 456 571 699 13 0.0537 261 457 518 712 8 0.0537 368 266 632 499 8 0.0537 434 461 682 696 13 0.0530 311 335 584 570 10 0.0529 303 274 581 499 0 0.0527 312 508 569 764 3 0.0527 306 459 572 706 8 0.0526 377 390 623 628 5 0.0521 330 0 684 153 3 0.0519 376 269 638 503 11 0.0519 382 61 643 294 8 0.0517 360 92 694 284 13 0.0514 374 267 645 497 6 0.0513 338 0 697 155 0 0.0512 334 0 694 155 11 0.0512 496 9 772 236 3 0.0511 501 5 774 245 2 0.0511 379 336 634 555 10 0.0509 256 336 512 575 0 0.0509 248 398 510 644 11 0.0508 299 579 566 834 5 0.0505 503 66 768 307 8 0.0505 505 404 759 632 8 0.0505 253 264 510 507 6 0.0503 262 194 523 437 5 0.0503 562 143 829 359
4Q2bnULPIYAL66CwCAMluSFeMkTID1I7,7 0.0607 193 739 442 973 10 0.0590 182 745 437 969 11 0.0583 136 798 513 969 0 0.0578 187 738 438 974 5 0.0574 133 794 502 970 8 0.0562 189 736 431 972 0 0.0552 639 788 885 1023 13 0.0544 144 796 522 973 5 0.0531 548 403 826 629 11 0.0515 640 788 884 1019 6 0.0513 149 797 512 970 11 0.0511 551 470 832 699 10 0.0502 639 794 879 1019 8 0.0500 563 471 821 704
CV35MpKvzhjS64rLC9d0iDoVj1SbBmpI,5 0.0594 176 381 424 628 5 0.0588 437 602 694 844 8 0.0588 323 32 562 269 8 0.0587 181 380 417 637 7 0.0585 257 444 508 691 11 0.0582 251 449 505 690 7 0.0576 184 383 427 630 5 0.0574 248 516 504 761 11 0.0573 317 31 569 267 13 0.0573 323 31 572 271 13 0.0571 254 520 510 764 5 0.0569 315 593 571 834 5 0.0566 378 803 628 1019 8 0.0564 257 445 496 691 11 0.0560 179 387 429 633 11 0.0558 383 598 635 835 11 0.0555 254 595 508 837 13 0.0552 383 668 643 902 6 0.0549 186 452 429 706 7 0.0549 449 675 706 898 13 0.0546 322 600 580 839 11 0.0546 315 532 568 760 0 0.0544 256 11 499 266 11 0.0541 378 736 641 958 8 0.0541 182 510 426 770 5 0.0541 373 525 629 763 10 0.0540 180 389 427 633 3 0.0535 253 523 505 768 13 0.0535 249 395 504 636 5 0.0532 435 736 693 959 6 0.0531 391 596 640 837 3 0.0527 387 734 637 971 7 0.0527 319 595 579 834 3 0.0525 244 396 495 638 5 0.0524 320 453 562 699 3 0.0522 386 598 635 845 13 0.0521 189 454 430 710 0 0.0518 183 382 424 637 5 0.0517 386 29 630 267 10 0.0517 250 528 509 763 2 0.0516 257 14 497 263 0 0.0514 436 608 701 845 8 0.0513 319 596 569 837 11 0.0513 248 86 500 333 7 0.0512 185 515 437 769 6 0.0512 247 393 501 633 2 0.0511 387 603 640 838 10 0.0511 322 36 569 268 6 0.0508 325 31 571 271 13 0.0508 446 744 702 964 6 0.0507 449 675 707 899 5 0.0507 253 9 493 258 11 0.0506 699 486 951 708 5 0.0505 698 410 954 640 8 0.0505 380 670 627 898 7 0.0505 329 29 571 272 0 0.0504 373 536 638 761 8 0.0503 440 607 689 841 3 0.0502 449 675 702 906
hhX9Rj3noFParZYrAW79sQqUoutado1C,7 0.0629 705 786 945 1018 8 0.0612 255 603 485 835 7 0.0607 256 599 497 835 11 0.0600 699 788 944 1014 11 0.0594 249 605 495 835 0 0.0578 702 790 941 1022 5 0.0573 250 598 492 835 8 0.0566 706 790 934 1018 6 0.0547 256 605 497 835 5 0.0535 693 784 936 1014 0 0.0534 255 602 496 835 10 0.0525 252 605 493 835 10 0.0519 703 792 942 1017 3 0.0511 257 602 493 844
dj0ilVrEi9WlV8IYkSG4IBHbhymeuz9I,7 0.0604 566 327 826 571 5 0.0603 499 322 751 570 8 0.0599 457 481 815 657 2 0.0595 504 330 756 572 7 0.0592 529 480 883 658 13 0.0591 567 326 829 571 11 0.0584 521 484 879 657 0 0.0580 570 143 839 383 11 0.0577 561 329 824 569 5 0.0574 567 264 824 507 9 0.0568 562 325 824 567 6 0.0564 565 327 827 569 10 0.0560 563 329 819 570 2 0.0560 458 486 822 659 3 0.0559 464 483 818 663 11 0.0558 569 202 835 442 6 0.0558 539 235 880 404 3 0.0557 504 327 754 575 0 0.0554 565 325 824 572 0 0.0553 524 483 879 658 3 0.0551 574 269 828 514 5 0.0550 523 479 872 657 8 0.0549 571 269 820 508 13 0.0546 539 235 884 408 5 0.0544 504 202 764 447 13 0.0542 461 482 830 657 8 0.0541 499 326 747 568 7 0.0536 571 202 836 441 6 0.0534 530 482 881 658 2 0.0531 571 272 829 509 3 0.0522 387 221 640 459 13 0.0519 446 212 714 454 7 0.0519 394 278 638 518 10 0.0517 531 235 870 405 5 0.0517 379 137 642 374 11 0.0516 577 74 841 323 11 0.0515 449 150 710 388 11 0.0514 388 224 645 453 8 0.0512 503 206 759 446 10 0.0510 457 486 826 660 8 0.0510 532 164 858 339 9 0.0504 523 481 877 655 2 0.0503 570 148 842 385 0 0.0502 383 276 634 524
5qYYvNQoQutEvxVtaU3Y3xFjWa9Fz7MB,11 0.0599 315 732 571 960 11 0.0565 764 339 1022 572 11 0.0550 320 464 586 694 7 0.0525 324 726 571 960 8 0.0524 770 338 1008 576 8 0.0524 324 728 559 958 0 0.0521 317 458 579 696 13 0.0502 325 733 570 966
IAVwVrssitzkZ26GKDe9oT0VyMAjm4zX,0 0.0594 305 591 565 834 11 0.0592 177 602 439 844 8 0.0586 301 669 564 909 5 0.0585 176 594 437 844 11 0.0584 251 533 504 777 0 0.0574 181 599 440 849 6 0.0572 307 594 567 832 11 0.0567 300 92 560 320 11 0.0555 293 671 570 906 6 0.0555 182 606 441 846 7 0.0553 241 594 502 845 5 0.0550 305 584 562 832 11 0.0550 191 466 450 705 8 0.0549 179 604 434 846 8 0.0545 254 530 496 778 7 0.0544 305 90 562 325 7 0.0544 302 667 579 910 0 0.0541 190 460 451 706 10 0.0538 177 607 439 844 13 0.0536 304 86 565 322 8 0.0535 300 86 549 322 3 0.0534 240 599 497 851 2 0.0530 238 600 499 845 8 0.0526 194 461 443 704 7 0.0522 175 667 446 914 10 0.0520 252 534 503 774 3 0.0512 197 465 450 710 3 0.0512 306 88 559 325 8 0.0512 129 530 375 780 3 0.0512 321 530 568 774 5 0.0512 185 459 449 704 6 0.0511 301 86 565 320 11 0.0510 222 729 492 959 6 0.0510 195 462 453 703 13 0.0504 184 599 444 847
dGZM9myiChbX3OKVUX7o2EisLZZS7pwW,11 0.0677 188 597 440 835 11 0.0670 134 546 509 724 0 0.0639 190 596 438 840 7 0.0637 191 595 440 837 0 0.0636 251 527 508 768 7 0.0633 253 650 509 896 5 0.0632 187 594 437 836 8 0.0628 253 527 504 767 8 0.0626 192 597 437 837 11 0.0617 114 652 375 885 5 0.0614 248 525 506 764 10 0.0612 189 600 440 836 5 0.0611 117 521 374 764 0 0.0602 118 524 377 766 0 0.0601 115 651 370 891 7 0.0599 122 522 377 765 8 0.0598 256 647 503 897 8 0.0595 116 525 369 765 7 0.0590 121 650 372 890 13 0.0590 192 597 445 840 6 0.0589 188 598 442 837 10 0.0588 250 530 507 764 0 0.0583 185 462 437 702 7 0.0580 187 459 440 700 3 0.0580 192 595 441 841 13 0.0579 123 523 384 767 8 0.0571 184 463 435 701 10 0.0570 253 654 508 893 10 0.0566 184 466 438 701 10 0.0565 120 653 369 889 7 0.0565 447 528 695 772 13 0.0565 187 462 444 703 11 0.0564 436 532 693 766 3 0.0564 252 526 508 769 6 0.0564 139 546 509 729 13 0.0564 256 652 511 900 6 0.0557 254 649 509 896 2 0.0556 192 601 440 839 1 0.0551 187 592 440 837 9 0.0551 188 597 441 835 8 0.0549 118 648 366 890 5 0.0547 181 458 437 698 3 0.0547 121 650 370 895 2 0.0547 185 467 438 702 2 0.0546 121 527 375 766 3 0.0545 121 525 377 770 2 0.0539 252 533 507 768 10 0.0537 118 525 374 765 8 0.0536 438 528 686 774 11 0.0527 234 279 506 513 12 0.0524 192 597 440 840 3 0.0520 186 461 439 706 5 0.0515 113 645 369 887 0 0.0513 439 532 693 773 4 0.0512 192 598 442 838 5 0.0507 433 528 685 770 3 0.0507 446 531 690 780 1 0.0505 116 517 375 767 1 0.0503 246 522 506 769 9 0.0502 115 652 372 886 7 0.0500 305 284 575 507
My6PQEBNVbP73vevRIThz1rBWXS56xPe,5 0.0615 181 785 427 1021 7 0.0608 185 785 432 1023 8 0.0607 127 784 365 1022 11 0.0594 122 788 374 1020 11 0.0588 571 784 819 1019 7 0.0579 576 785 824 1023 8 0.0573 569 783 812 1022 7 0.0570 250 723 498 975 11 0.0569 365 599 621 818 5 0.0569 565 786 814 1018 0 0.0567 186 786 430 1023 0 0.0566 569 785 819 1023 6 0.0547 129 791 373 1023 10 0.0544 185 794 432 1019 8 0.0537 247 724 490 970 5 0.0529 241 719 492 972 11 0.0527 244 727 497 964 8 0.0521 265 677 619 848 2 0.0516 574 789 822 1021 7 0.0516 271 671 637 847 13 0.0515 186 791 436 1023 13 0.0514 573 787 828 1023 0 0.0508 265 672 637 853 2 0.0505 185 792 431 1023 6 0.0500 246 728 502 973
SJi7vzBwUBAisv9LSJhI2UWMMS99O4a7,11 0.0585 252 215 515 457 6 0.0567 261 213 519 461 5 0.0544 254 208 512 462 0 0.0543 258 213 510 461 8 0.0535 259 213 505 461 10 0.0524 258 219 513 463 5 0.0522 435 715 705 959 0 0.0511 442 728 711 967 7 0.0508 261 211 514 463 13 0.0507 261 214 518 468
RYg1wxRDUPZg2bPm1lNGzHbN633qWGCf,5 0.0581 570 0 930 149 13 0.0561 648 2 1022 152 0 0.0543 638 1 1012 153 8 0.0536 580 0 926 152 2 0.0515 636 2 1023 150 11 0.0514 581 1 932 149 6 0.0510 644 1 1023 150 3 0.0502 586 0 942 154
Nnl2rvMSyeSihPaCdh1cr26qliUJ59DV,5 0.0671 569 601 820 840 8 0.0658 571 601 817 842 11 0.0634 571 604 824 838 0 0.0632 623 625 902 862 7 0.0622 573 601 825 842 3 0.0594 573 603 821 845 0 0.0593 566 531 811 768 10 0.0588 572 606 821 842 13 0.0578 574 602 828 844 10 0.0576 625 549 897 776 2 0.0569 574 607 821 841 3 0.0558 505 522 747 764 13 0.0557 504 520 755 762 8 0.0555 628 542 888 779 9 0.0541 570 603 821 839 6 0.0536 502 522 752 758 0 0.0535 171 600 438 838 6 0.0532 573 606 825 843 11 0.0523 171 603 437 830 11 0.0517 302 395 563 636 0 0.0511 242 534 497 770 13 0.0509 626 546 901 779 8 0.0508 306 391 557 633 11 0.0508 239 538 502 767 7 0.0507 308 390 570 638 4 0.0507 571 606 827 844 6 0.0503 628 548 898 776 1 0.0501 570 601 823 845 7 0.0500 244 534 504 767
NlqXaTL77Hqj9m6LBFHAuDR0tKAkZhdZ,5 0.0554 495 718 765 950 11 0.0544 495 671 831 852 8 0.0544 240 655 491 895 11 0.0541 370 671 639 896 7 0.0536 241 653 502 895 11 0.0533 232 660 495 889 8 0.0531 308 720 558 962 5 0.0530 368 666 636 898 11 0.0529 233 794 487 1022 11 0.0528 309 381 570 624 8 0.0526 375 672 632 900 5 0.0525 298 718 559 958 13 0.0519 308 722 576 963 7 0.0517 309 721 573 961 0 0.0513 376 670 639 901 11 0.0511 380 458 641 684 6 0.0509 726 602 969 826 0 0.0508 242 651 499 895 6 0.0508 316 652 570 893 11 0.0508 305 725 565 956 3 0.0506 501 669 832 862 13 0.0505 239 794 498 1023 11 0.0502 495 786 760 1009 5 0.0501 232 650 493 890 7 0.0501 505 665 832 855
ZDzR6VtZqxtsY9eLo7tWb4uKYf3VXn6F,6 0.0589 12 85 256 310 0 0.0589 10 18 248 263 5 0.0586 8 82 248 309 11 0.0580 105 472 374 693 5 0.0572 518 572 759 824 13 0.0568 16 84 265 313 8 0.0567 8 15 243 259 0 0.0565 443 587 695 830 13 0.0559 453 585 700 831 10 0.0554 13 87 251 311 8 0.0547 447 584 686 828 13 0.0545 177 526 438 767 8 0.0544 234 465 480 706 11 0.0543 9 89 254 310 7 0.0541 9 15 253 261 11 0.0541 520 583 759 825 0 0.0540 125 590 388 827 7 0.0538 230 466 497 711 8 0.0535 22 145 257 378 0 0.0535 22 150 258 382 5 0.0533 9 206 250 428 3 0.0532 15 86 256 319 5 0.0531 223 461 484 707 7 0.0529 449 586 699 827 5 0.0529 101 529 372 763 11 0.0528 233 528 501 767 8 0.0527 117 466 362 699 8 0.0524 124 587 379 829 2 0.0523 21 153 263 375 6 0.0517 124 596 390 832 7 0.0516 125 588 388 830 11 0.0515 236 401 508 633 5 0.0514 166 397 434 623 7 0.0511 310 582 564 823 2 0.0510 7 24 251 261 7 0.0509 26 151 267 378 6 0.0509 16 212 258 426 5 0.0508 177 640 434 887 0 0.0506 306 586 560 830 13 0.0503 18 211 266 430 13 0.0502 315 584 570 829
t8xzIFf9YBhTWSCJiXzkPj38cpgu3Ilj,11 0.0619 296 621 576 838 7 0.0603 318 546 570 772 11 0.0583 186 538 446 784 8 0.0574 194 472 438 716 8 0.0569 296 624 560 840 0 0.0560 193 471 449 720 3 0.0553 303 621 571 847 7 0.0537 192 538 450 786 5 0.0533 181 533 442 782 2 0.0533 190 543 446 786 13 0.0530 317 544 574 773 3 0.0517 188 539 446 793 13 0.0510 192 538 451 789 6 0.0508 191 538 448 785 5 0.0508 656 486 1008 665 8 0.0508 174 737 435 961 0 0.0508 317 546 568 777 8 0.0506 667 545 1014 731 10 0.0501 310 551 568 774 5 0.0500 296 613 568 839
eVfblxZZ2j3ktOK4GegbPkLjUlJGG6j7,11 0.0659 315 141 569 380 8 0.0643 333 152 699 333 11 0.0641 452 84 703 320 11 0.0636 377 214 632 448 3 0.0628 337 153 706 335 11 0.0624 713 472 959 705 8 0.0617 377 212 630 451 13 0.0606 449 202 698 446 5 0.0604 326 150 701 331 8 0.0603 323 0 558 251 3 0.0598 449 201 694 452 11 0.0594 444 273 699 509 0 0.0589 379 79 632 323 7 0.0589 321 215 578 454 11 0.0588 202 273 576 457 5 0.0587 770 465 1023 702 0 0.0585 319 1 563 257 10 0.0583 452 87 705 321 6 0.0581 387 82 633 320 11 0.0580 511 151 763 388 10 0.0579 317 84 559 326 7 0.0577 339 153 707 332 5 0.0576 439 198 690 447 7 0.0576 449 205 696 449 0 0.0575 445 202 695 448 8 0.0574 443 270 696 515 6 0.0569 449 203 696 446 6 0.0568 720 469 963 709 11 0.0564 431 534 708 774 5 0.0561 312 215 570 449 11 0.0561 316 4 564 255 0 0.0558 434 596 693 832 0 0.0558 639 400 892 647 13 0.0557 386 78 635 321 10 0.0556 373 216 635 453 0 0.0556 204 270 568 462 8 0.0555 254 77 491 329 0 0.0555 711 472 958 713 13 0.0554 320 137 573 380 2 0.0554 318 7 562 257 13 0.0553 515 150 767 391 6 0.0546 519 152 765 388 6 0.0546 320 141 572 380 3 0.0544 781 467 1023 708 8 0.0543 213 268 562 462 8 0.0542 712 469 951 708 8 0.0540 438 530 695 773 6 0.0540 571 343 829 578 5 0.0539 176 277 444 520 11 0.0538 247 79 497 325 3 0.0536 643 467 907 714 8 0.0536 568 346 816 579 7 0.0534 324 0 564 253 9 0.0533 438 144 698 375 0 0.0528 520 89 763 327 10 0.0528 439 274 701 514 0 0.0527 565 347 820 581 8 0.0527 513 146 755 390 6 0.0525 188 279 457 524 2 0.0525 384 83 630 318 13 0.0524 211 270 586 462 13 0.0524 640 468 911 708 6 0.0522 579 209 829 445 0 0.0522 249 76 497 336 2 0.0522 448 206 693 444 2 0.0521 641 470 906 705 10 0.0521 513 152 765 390 6 0.0520 649 399 899 646 3 0.0519 516 150 763 396 5 0.0519 510 142 757 390 1 0.0519 378 75 633 321 3 0.0517 324 0 562 256 11 0.0512 641 404 891 642 5 0.0511 560 342 819 582 3 0.0509 210 272 566 464 11 0.0509 567 350 825 575 8 0.0508 640 397 882 643 7 0.0506 186 280 452 525 1 0.0505 435 141 695 380 8 0.0504 159 26 499 209 0 0.0503 572 207 825 448
QsEMfGaaJqAiikyTsIjYDb4uQv3Iw0au,5 0.0575 576 139 831 384 5 0.0551 177 520 431 779 5 0.0550 177 705 435 955 0 0.0547 241 652 493 903 5 0.0542 438 143 692 362 7 0.0540 187 520 437 781 7 0.0535 186 714 448 959 11 0.0533 181 525 437 780 5 0.0533 629 385 893 621 7 0.0532 307 204 577 435 0 0.0531 297 580 556 837 11 0.0529 301 207 570 431 11 0.0528 235 658 496 894 5 0.0523 251 320 522 562 11 0.0523 264 391 525 636 0 0.0519 578 148 837 387 8 0.0517 184 523 421 779 7 0.0516 579 0 826 233 6 0.0515 189 525 439 783 8 0.0514 178 713 436 959 0 0.0513 308 207 569 434 11 0.0513 574 2 823 235 11 0.0509 444 67 701 291 5 0.0509 300 198 562 431 10 0.0508 232 585 480 832 8 0.0505 575 0 815 233 13 0.0505 583 69 835 302 0 0.0504 299 718 563 971 7 0.0504 272 381 526 642 5 0.0504 292 720 558 963 11 0.0503 374 657 626 896 5 0.0500 294 576 551 831
TPOtlnwUizcRChmSBhqAiRifzgj6Qxjt,11 0.0638 455 346 714 566 8 0.0616 451 342 708 569 7 0.0595 458 341 718 567 5 0.0580 117 787 366 1014 11 0.0559 238 795 491 1019 6 0.0556 189 729 441 967 11 0.0555 182 391 433 614 11 0.0550 120 792 372 1016 8 0.0544 239 789 481 1022 8 0.0532 202 341 443 563 0 0.0531 448 341 720 570 8 0.0525 122 787 364 1019 6 0.0524 200 340 453 559 5 0.0522 235 784 485 1017 6 0.0522 458 349 723 569 7 0.0522 241 790 499 1021 5 0.0519 450 342 709 568 13 0.0516 247 792 500 1021 3 0.0512 458 343 712 576 0 0.0511 189 660 447 907 5 0.0510 193 333 449 560 5 0.0509 440 770 681 1004 7 0.0508 124 792 375 1023 6 0.0503 126 796 373 1023
jq0agjyP3e9OB50QIUkKHt3n7cueNofE,5 0.0700 238 394 503 647 5 0.0671 247 260 515 507 11 0.0645 317 335 583 572 5 0.0640 315 331 580 576 6 0.0628 318 396 574 640 8 0.0628 323 267 574 496 13 0.0617 321 400 575 641 3 0.0617 243 403 504 652 0 0.0615 387 398 630 637 11 0.0613 381 402 634 634 7 0.0612 320 399 575 642 3 0.0605 315 459 573 712 13 0.0603 386 344 645 581 0 0.0601 381 276 640 514 6 0.0600 321 273 585 499 8 0.0599 384 337 634 576 6 0.0599 237 461 493 707 8 0.0597 319 399 568 637 5 0.0597 311 200 584 430 13 0.0597 259 267 523 512 0 0.0594 452 343 704 579 11 0.0594 307 465 572 703 0 0.0593 256 263 517 513 11 0.0589 239 403 503 646 7 0.0586 319 268 585 501 6 0.0584 380 342 644 577 13 0.0584 240 456 495 708 11 0.0582 379 279 643 509 10 0.0582 319 339 584 575 7 0.0581 458 403 700 635 11 0.0579 452 346 704 571 11 0.0573 249 267 519 509 3 0.0570 319 340 585 580 10 0.0568 243 405 502 646 7 0.0567 240 459 495 708 8 0.0565 313 143 574 372 3 0.0565 257 266 520 515 9 0.0557 317 338 581 573 10 0.0557 255 267 516 506 5 0.0556 307 455 568 706 7 0.0555 383 339 642 581 8 0.0554 237 459 485 704 0 0.0554 316 205 590 433 8 0.0552 377 207 635 434 10 0.0551 380 282 643 509 0 0.0549 245 399 504 647 3 0.0549 318 207 591 437 9 0.0548 241 401 503 643 11 0.0545 310 208 590 426 1 0.0543 318 395 572 638 0 0.0539 312 462 570 706 0 0.0537 451 213 717 453 8 0.0536 510 391 751 623 5 0.0536 448 339 696 572 7 0.0535 314 141 591 371 6 0.0535 453 286 715 521 11 0.0535 250 139 516 380 5 0.0534 243 133 512 377 1 0.0534 379 337 641 575 10 0.0533 451 345 707 574 3 0.0533 381 280 642 515 8 0.0530 455 275 703 522 7 0.0530 455 277 711 524 6 0.0530 455 407 704 636 2 0.0529 320 403 572 640 13 0.0524 458 281 719 527 12 0.0519 245 398 505 647 7 0.0514 310 515 584 770 12 0.0514 388 400 631 637 4 0.0514 317 340 585 577 13 0.0513 310 513 582 769 13 0.0513 320 207 595 434 2 0.0513 382 346 636 580 4 0.0512 245 404 505 648 2 0.0512 237 459 490 705 9 0.0511 254 270 514 505 0 0.0510 373 144 647 368 8 0.0502 253 70 501 327 6 0.0502 378 208 649 434 13 0.0501 459 408 701 637 10 0.0501 314 467 572 705
pTJBgqyZOL9EX9RLAfncxlyhzjmyFgWE,8 0.0613 265 416 623 593 11 0.0601 310 355 573 579 0 0.0587 314 346 571 585 5 0.0584 250 411 621 591 8 0.0579 515 491 863 665 7 0.0577 266 417 631 595 0 0.0566 514 493 876 670 11 0.0565 532 415 896 594 6 0.0564 262 414 632 594 5 0.0561 509 489 870 663 7 0.0560 512 491 876 667 5 0.0559 532 412 890 593 13 0.0557 267 417 635 595 8 0.0554 536 412 886 595 10 0.0553 257 417 628 594 8 0.0552 229 473 476 707 3 0.0551 266 416 622 596 11 0.0549 660 496 1023 660 6 0.0544 514 491 882 664 5 0.0535 215 467 478 706 0 0.0532 536 413 898 597 3 0.0525 538 414 895 599 6 0.0525 675 495 1023 662 6 0.0524 227 473 483 706 11 0.0518 507 493 873 665 7 0.0514 540 414 898 596 3 0.0510 514 490 870 669 6 0.0509 540 413 901 594
op4qFQS2O7Pe3YXTqj2kWxnsNZi0MakR,7 0.0672 199 669 576 845 11 0.0663 191 650 445 898 0 0.0653 195 669 572 848 5 0.0651 191 668 565 845 8 0.0647 199 669 563 845 7 0.0645 130 644 375 897 5 0.0641 127 645 369 894 6 0.0630 192 650 448 901 0 0.0630 130 646 376 898 8 0.0625 129 645 369 895 10 0.0617 193 671 570 845 11 0.0610 251 592 508 829 13 0.0601 200 671 577 845 3 0.0595 197 671 571 848 13 0.0595 133 650 380 896 10 0.0591 125 648 374 893 2 0.0579 194 673 571 847 1 0.0561 190 667 568 847 3 0.0558 130 648 373 897 12 0.0548 199 669 569 848 1 0.0545 126 644 369 896 6 0.0545 254 592 513 831 2 0.0536 130 651 373 898 9 0.0535 192 671 570 844 12 0.0534 133 648 373 897 9 0.0511 127 648 373 894 4 0.0508 197 670 577 847
U0M9pRTdAlx4QQKzHI3qFkRDtYDGHmwp,5 0.0575 432 395 693 638 8 0.0564 320 76 555 323 5 0.0555 324 18 559 254 11 0.0555 246 1 510 197 7 0.0547 384 350 634 585 3 0.0547 443 399 695 652 6 0.0546 380 347 635 580 13 0.0544 331 20 572 259 0 0.0535 394 19 640 254 11 0.0535 374 350 634 577 6 0.0529 398 23 644 252 11 0.0528 259 459 508 695 11 0.0528 315 76 566 324 11 0.0527 381 199 629 447 13 0.0522 382 348 636 582 8 0.0521 395 13 633 252 0 0.0521 317 74 566 327 0 0.0521 249 0 507 200 13 0.0520 314 275 568 512 11 0.0519 390 16 642 249 5 0.0518 301 271 556 504 11 0.0515 181 728 448 953 10 0.0514 399 23 638 252 11 0.0510 312 526 576 772 11 0.0506 303 280 563 505 5 0.0506 314 392 572 628 10 0.0505 379 352 634 580 8 0.0502 378 275 621 516 5 0.0502 572 0 821 204
hZINohIkWccLrBh856dVCoZgyFPwuA3Z,11 0.0558 301 334 576 573 8 0.0540 0 545 304 727 0 0.0536 301 327 573 579 3 0.0531 306 329 577 579 8 0.0503 120 786 360 1012 8 0.0503 446 596 701 829 0 0.0500 315 60 573 291
PDLoILtXIdztErgrbzXgogShmv92sKeo,11 0.0555 183 331 457 562 7 0.0555 191 329 456 565 0 0.0548 249 319 502 551 5 0.0543 178 265 452 499 8 0.0529 188 325 443 566 10 0.0529 246 327 504 548 13 0.0526 192 328 461 565 6 0.0518 189 330 459 566 11 0.0505 321 330 574 549 13 0.0504 316 17 573 245
4LJLyjdfTLKyXAj5Q9bkgsXhWdfKgyhq,6 0.0573 636 268 894 515 8 0.0573 0 99 302 272 11 0.0570 0 100 313 274 11 0.0563 624 272 893 514 11 0.0557 447 324 704 561 11 0.0556 698 338 961 574 5 0.0549 323 786 571 1012 0 0.0548 584 211 831 449 8 0.0546 626 214 888 456 3 0.0545 0 99 313 276 0 0.0542 0 99 312 275 8 0.0540 449 319 694 563 7 0.0536 203 773 455 1014 8 0.0531 438 600 688 829 5 0.0525 692 216 950 454 3 0.0525 451 320 699 568 8 0.0525 328 786 567 1016 3 0.0524 699 219 952 466 0 0.0520 445 322 700 565 8 0.0520 705 284 941 530 6 0.0519 708 334 964 576 11 0.0517 325 790 575 1011 5 0.0515 0 95 308 272 11 0.0514 632 158 898 391 11 0.0513 434 606 696 825 13 0.0512 0 98 321 276 8 0.0510 698 155 939 388 13 0.0509 636 268 899 516 5 0.0509 437 596 691 823 6 0.0508 1 100 318 273 13 0.0508 451 319 711 564 7 0.0506 327 788 577 1019 0 0.0504 696 218 953 463 7 0.0503 701 280 954 528
ZqmxYrM3JGa44znNpvyeFVQloqx6RvWq,5 0.0606 434 765 686 1014 5 0.0574 562 458 827 692 8 0.0568 437 768 679 1019 10 0.0561 374 778 631 1018 6 0.0560 442 772 694 1019 7 0.0558 439 768 691 1017 8 0.0554 326 0 566 208 11 0.0551 376 776 632 1016 13 0.0544 437 667 700 897 6 0.0540 327 0 577 204 13 0.0538 375 771 637 1022 11 0.0531 314 2 575 206 11 0.0530 375 147 641 372 6 0.0530 576 459 838 692 0 0.0526 445 724 710 965 0 0.0522 570 458 831 695 3 0.0522 440 773 690 1023 3 0.0520 437 663 697 900 11 0.0519 178 792 453 1018 3 0.0517 324 0 565 213 3 0.0512 572 460 831 703 8 0.0510 351 419 694 597 6 0.0500 357 414 711 600
KzJU8UPqNawP7IsYQiyneaA7ftLiRjG0,11 0.0565 311 146 577 384 7 0.0553 320 141 578 389 8 0.0536 250 0 501 210 11 0.0531 311 22 568 247 5 0.0514 242 0 499 206 11 0.0512 372 89 644 320 0 0.0511 249 269 511 516 0 0.0509 314 146 573 388 7 0.0501 384 86 645 323
f3EsHT6Gzoduj3TcMf7AHwWO4DBEFh9G,0 0.0545 314 200 588 451 0 0.0537 512 403 755 631 5 0.0534 0 95 233 319 11 0.0531 34 155 301 363 5 0.0530 510 397 754 631 13 0.0528 317 201 600 450 8 0.0527 515 402 752 628 6 0.0522 323 201 594 446 0 0.0514 35 157 294 373 8 0.0513 0 94 226 319 8 0.0505 510 213 752 446 3 0.0501 519 404 759 639 11 0.0501 632 335 878 565
vQ51GXh87D2vRe0D394qpAbdXSTiqK92,11 0.0596 504 602 760 848 0 0.0584 502 605 759 849 8 0.0583 502 600 750 847 5 0.0575 502 599 757 844 7 0.0561 507 600 763 849 5 0.0553 381 528 633 774 8 0.0547 389 534 629 775 7 0.0536 388 535 644 777 11 0.0533 380 536 637 774 10 0.0532 504 611 760 848 6 0.0519 505 606 763 843 13 0.0505 506 606 767 850 13 0.0503 388 536 645 777 3 0.0501 508 603 760 853
Z3Jodijx1CHBY0FuQoMzV9hZmPSMtsIP,11 0.0685 503 400 759 639 11 0.0658 495 522 753 769 8 0.0643 570 598 835 847 5 0.0642 492 514 749 767 8 0.0629 504 399 756 640 8 0.0615 497 522 748 768 11 0.0609 369 531 632 764 11 0.0607 371 731 632 960 6 0.0603 506 461 761 709 5 0.0603 565 593 837 842 5 0.0603 375 595 633 837 11 0.0602 563 599 837 842 5 0.0595 241 328 507 579 7 0.0595 501 521 758 772 0 0.0592 504 403 760 641 11 0.0584 305 792 559 1013 3 0.0580 572 599 840 850 5 0.0580 233 461 501 699 7 0.0578 379 527 638 765 7 0.0578 508 398 764 643 0 0.0577 497 522 752 770 13 0.0575 507 459 767 711 7 0.0572 570 599 841 846 11 0.0570 578 733 837 974 0 0.0568 581 730 841 979 5 0.0563 366 722 630 957 13 0.0563 236 611 520 839 3 0.0561 500 523 757 778 13 0.0560 309 534 581 773 5 0.0560 298 529 573 766 8 0.0559 250 334 499 579 8 0.0558 318 602 582 849 0 0.0556 568 599 844 845 8 0.0556 376 528 626 765 11 0.0555 241 336 505 577 9 0.0553 494 519 752 763 0 0.0553 313 596 587 847 11 0.0549 312 603 589 845 0 0.0549 371 527 630 765 13 0.0549 572 602 846 842 13 0.0547 318 724 590 966 5 0.0547 500 396 754 638 3 0.0547 386 602 637 846 3 0.0543 579 734 838 981 6 0.0543 571 602 842 841 2 0.0540 501 526 757 768 8 0.0539 170 525 420 758 2 0.0538 569 604 841 842 5 0.0538 493 784 755 1021 7 0.0537 243 465 505 706 7 0.0536 235 610 517 841 13 0.0534 388 600 646 843 8 0.0534 375 728 627 962 6 0.0532 381 601 647 837 8 0.0532 239 469 488 706 2 0.0531 375 532 631 765 11 0.0530 223 543 506 767 3 0.0529 239 612 513 845 3 0.0521 508 402 760 646 5 0.0521 227 606 508 833 9 0.0520 565 599 836 837 13 0.0519 251 334 514 582 11 0.0519 235 210 511 432 9 0.0519 369 525 625 755 7 0.0518 254 331 511 581 3 0.0517 249 336 503 587 10 0.0516 500 525 756 770 7 0.0516 376 728 642 964 0 0.0516 235 207 507 436 12 0.0514 503 521 754 770 8 0.0514 578 731 832 974 3 0.0514 442 733 700 981 10 0.0510 246 341 508 580 8 0.0509 237 204 500 436 13 0.0508 508 790 770 1023 5 0.0507 573 726 835 975 3 0.0507 240 471 498 710 6 0.0506 378 732 640 960 7 0.0506 504 789 769 1023 8 0.0502 120 405 358 646 5 0.0500 163 519 425 752
93mYFdPv9v5dgUQG1TFcNowRiovS07lW,8 0.0637 248 393 505 636 5 0.0631 237 389 509 632 8 0.0628 299 463 571 702 11 0.0612 310 399 578 635 0 0.0611 315 396 578 637 3 0.0610 355 471 632 708 0 0.0609 242 267 508 504 5 0.0602 226 516 503 756 7 0.0590 300 461 577 703 6 0.0589 234 457 509 698 10 0.0573 317 403 578 639 8 0.0568 249 270 501 507 7 0.0566 246 388 514 637 13 0.0565 181 396 451 641 0 0.0565 234 458 505 696 5 0.0561 241 268 506 502 6 0.0561 318 402 583 638 8 0.0560 180 462 440 708 13 0.0555 317 401 584 638 11 0.0549 243 272 512 503 7 0.0545 175 460 454 707 0 0.0545 290 529 572 768 3 0.0540 250 273 508 509 11 0.0540 175 398 444 637 3 0.0537 235 461 504 702 11 0.0537 288 536 569 764 1 0.0527 295 458 573 701 6 0.0526 291 533 576 766 7 0.0524 249 267 510 509 6 0.0523 252 274 512 505 10 0.0521 245 278 511 503 10 0.0518 232 462 507 696 13 0.0515 251 275 515 509 13 0.0511 293 534 580 771 9 0.0508 291 465 574 695 8 0.0504 193 583 439 829 2 0.0500 317 404 577 638
smEAGJEkCIHbixyONCW1IRGSKKyfLJ5G,6 0.0604 533 486 878 667 0 0.0604 642 458 901 711 5 0.0602 521 483 869 668 7 0.0600 572 454 822 705 0 0.0593 572 404 825 650 8 0.0575 529 488 866 667 11 0.0574 567 458 821 700 5 0.0561 250 393 490 629 3 0.0552 573 458 818 709 11 0.0551 411 463 677 698 7 0.0548 130 452 368 713 11 0.0545 635 416 904 647 11 0.0543 491 398 751 630 13 0.0540 574 454 824 703 11 0.0539 126 465 373 712 0 0.0534 415 459 673 701 11 0.0533 252 404 494 628 0 0.0525 122 404 370 648 8 0.0524 176 400 416 639 6 0.0519 375 408 621 638 6 0.0515 261 399 498 631 8 0.0514 419 458 663 699 13 0.0511 640 409 911 651 6 0.0509 499 392 751 632 7 0.0509 503 391 754 630 8 0.0509 281 410 621 593 0 0.0509 553 510 814 766 5 0.0504 623 349 899 588 12 0.0504 529 488 880 668 7 0.0504 117 355 385 582 0 0.0502 250 332 496 559 11 0.0502 563 353 833 581 13 0.0501 256 401 500 637
vH0u4Tsao1wQ6oWTjlZgjISWy19WONH3,8 0.0603 377 150 634 392 11 0.0594 398 739 765 914 5 0.0588 401 671 749 851 6 0.0584 375 150 643 393 11 0.0577 712 272 944 505 0 0.0568 406 670 761 855 13 0.0566 364 211 646 444 11 0.0565 369 153 637 392 7 0.0562 370 789 629 1021 0 0.0556 367 789 624 1023 7 0.0549 406 735 770 917 5 0.0548 365 145 635 389 5 0.0547 364 789 624 1016 0 0.0545 372 149 640 397 8 0.0542 707 344 938 568 3 0.0541 376 149 641 398 5 0.0538 482 264 753 494 3 0.0537 404 737 766 918 11 0.0536 483 276 755 494 8 0.0535 375 788 619 1021 13 0.0535 412 674 762 853 11 0.0534 553 663 819 891 13 0.0532 433 274 711 504 8 0.0531 404 737 754 917 11 0.0528 436 348 714 571 10 0.0527 363 219 644 443 6 0.0526 492 273 759 494 10 0.0525 493 280 759 493 7 0.0522 493 269 760 495 11 0.0521 404 608 766 787 8 0.0520 381 273 634 509 6 0.0520 408 672 761 851 8 0.0515 444 342 708 568 8 0.0514 379 406 640 644 7 0.0513 411 607 770 790 11 0.0512 372 404 649 643 6 0.0510 372 793 630 1017 0 0.0510 488 269 753 497 8 0.0509 404 608 751 790 13 0.0508 376 792 629 1023 8 0.0507 492 265 749 491 10 0.0507 402 610 759 786 7 0.0506 509 408 771 634 10 0.0506 369 795 625 1019 6 0.0506 711 341 950 569 10 0.0505 383 669 643 887 3 0.0501 371 791 625 1023 7 0.0501 564 660 821 900 11 0.0500 369 276 642 509
wuWSzfif6H4gQ97r8THPiLJEszXXalH1,11 0.0628 315 338 574 568 8 0.0620 240 410 487 657 5 0.0618 238 343 506 590 3 0.0607 381 344 637 589 6 0.0605 320 339 577 570 5 0.0603 374 340 636 582 0 0.0598 318 332 574 572 0 0.0594 183 270 442 520 8 0.0588 178 344 429 587 8 0.0586 317 337 567 570 7 0.0583 382 344 641 586 11 0.0580 505 405 743 647 13 0.0580 318 337 579 570 13 0.0579 180 408 442 653 6 0.0578 182 344 437 584 5 0.0570 318 265 571 508 11 0.0570 232 410 496 655 11 0.0570 440 348 690 580 11 0.0570 352 801 622 1022 6 0.0569 258 207 520 441 0 0.0569 509 410 742 654 3 0.0567 248 279 507 527 7 0.0566 181 341 437 583 0 0.0559 241 406 497 658 11 0.0558 171 344 436 580 0 0.0556 257 206 512 442 5 0.0553 174 267 436 514 10 0.0552 244 352 504 590 6 0.0552 240 411 499 658 0 0.0552 455 290 688 525 11 0.0547 389 278 639 507 5 0.0546 222 463 487 707 12 0.0544 321 335 574 570 11 0.0544 305 604 572 830 3 0.0541 238 412 496 662 5 0.0541 255 90 510 334 0 0.0540 267 97 514 338 3 0.0540 177 346 437 589 7 0.0537 256 272 510 523 8 0.0533 512 405 738 654 10 0.0531 179 412 437 654 0 0.0529 353 797 625 1023 8 0.0529 251 275 500 522 5 0.0528 502 348 741 588 5 0.0526 247 206 506 435 8 0.0526 267 94 507 337 8 0.0523 303 607 564 833 1 0.0521 317 333 569 572 7 0.0520 242 409 496 661 13 0.0517 511 404 749 652 5 0.0517 308 725 570 966 6 0.0513 266 97 520 341 11 0.0513 320 207 574 439 7 0.0513 317 730 580 968 6 0.0512 395 279 643 508 10 0.0511 181 278 436 519 13 0.0511 264 94 527 337 8 0.0510 311 732 570 967 8 0.0510 442 348 682 583 6 0.0510 448 349 692 584 7 0.0508 269 91 518 338 3 0.0507 512 357 746 598 11 0.0504 368 674 643 897 8 0.0502 389 274 629 509
I7OdDGsmECO1CPVkmnjZ2P9DfuptoRdm,11 0.0563 376 740 740 912 0 0.0562 383 738 740 914 7 0.0554 385 786 644 1016 11 0.0524 380 791 635 1015 8 0.0517 385 740 729 913 0 0.0504 384 786 636 1018
PvA8yGI0sxn3gzkfBJBNCMUas0tIU388,7 0.0615 359 0 716 147 0 0.0598 353 0 708 146 8 0.0598 301 144 559 379 11 0.0595 352 0 714 145 8 0.0593 353 0 699 147 3 0.0582 359 0 711 149 11 0.0574 296 144 576 378 5 0.0557 348 0 708 145 13 0.0552 303 141 581 381 11 0.0550 224 393 492 636 10 0.0542 348 3 711 145 6 0.0540 302 141 575 384 11 0.0540 358 276 615 502 11 0.0535 234 216 507 453 13 0.0534 368 276 621 504 5 0.0534 293 139 568 379 0 0.0526 303 140 571 383 6 0.0525 359 0 718 145 8 0.0525 294 283 546 504 5 0.0518 224 387 485 633 3 0.0507 302 145 571 387 5 0.0505 284 275 554 502 7 0.0503 369 338 622 573 13 0.0502 356 0 721 145 11 0.0501 172 780 436 1009 7 0.0501 294 276 565 504
ujAP5wviwq1K4pLsgHo9WDRqtS8DBhr1,7 0.0612 439 776 700 1014 11 0.0588 431 781 693 1007 8 0.0543 437 778 687 1011 3 0.0513 438 776 693 1018 13 0.0512 368 789 641 1023 8 0.0507 564 0 815 199 11 0.0506 565 2 823 195 5 0.0503 360 781 626 1020 0 0.0502 433 780 698 1018
PSMcanbzytgyQnZOIpq0XTdqwnWQtbp1,8 0.0581 409 410 758 601 0 0.0561 407 410 767 602 11 0.0559 383 405 649 641 5 0.0557 356 521 628 767 5 0.0555 373 663 638 893 7 0.0548 382 668 646 899 11 0.0543 0 414 251 635 5 0.0543 402 410 765 598 7 0.0538 442 787 708 1015 5 0.0535 301 393 567 641 11 0.0532 422 526 690 755 8 0.0529 362 526 624 768 0 0.0527 0 415 250 641 13 0.0527 414 414 780 601 7 0.0527 366 525 634 770 13 0.0527 445 458 705 697 2 0.0523 412 416 769 603 3 0.0523 416 413 769 602 3 0.0514 445 458 699 700 0 0.0513 374 664 641 898 6 0.0509 414 412 772 601 10 0.0509 372 473 641 703 13 0.0502 383 665 651 899
1M54OVjHQTVR6M3NN7xdIIpJ0B9Canwn,11 0.0691 507 580 765 835 11 0.0676 622 601 867 834 0 0.0664 510 581 766 837 8 0.0658 509 581 763 838 5 0.0642 429 514 691 763 11 0.0632 496 470 759 704 5 0.0625 366 585 635 835 7 0.0624 564 574 816 819 5 0.0619 623 595 862 835 5 0.0603 507 574 764 836 6 0.0602 444 586 711 833 8 0.0602 280 546 629 732 7 0.0598 436 515 691 766 8 0.0594 626 599 860 835 13 0.0592 346 603 712 786 0 0.0592 432 520 690 764 3 0.0592 437 520 693 772 3 0.0590 512 583 765 843 0 0.0588 638 536 867 777 6 0.0586 564 579 822 818 5 0.0585 274 542 628 727 10 0.0584 443 585 707 833 11 0.0583 339 604 703 784 0 0.0581 369 445 628 691 13 0.0579 512 582 769 836 13 0.0570 629 604 873 837 3 0.0569 373 593 639 844 6 0.0567 359 654 632 904 7 0.0564 373 589 638 839 10 0.0561 562 580 815 819 3 0.0559 374 448 628 695 7 0.0558 373 445 632 692 6 0.0557 359 542 714 723 1 0.0556 509 574 764 836 11 0.0554 366 446 629 690 2 0.0553 435 521 689 764 10 0.0549 308 520 579 751 11 0.0545 356 654 626 901 3 0.0544 628 601 861 844 2 0.0543 510 584 766 837 9 0.0537 510 578 766 833 8 0.0537 302 597 577 837 7 0.0534 682 614 916 847 13 0.0533 312 515 589 752 0 0.0532 368 590 638 839 6 0.0528 686 614 919 845 2 0.0527 372 593 638 835 13 0.0525 316 398 573 639 0 0.0524 685 615 915 846 4 0.0520 513 584 772 837 5 0.0518 238 598 512 832 13 0.0516 362 654 634 906 11 0.0514 236 523 506 760 12 0.0512 356 543 710 723 9 0.0511 377 518 639 755 7 0.0511 243 448 519 701 12 0.0510 514 580 766 839 8 0.0508 375 395 617 635 0 0.0507 241 452 515 703 1 0.0502 428 512 691 768 8 0.0502 495 469 752 708 8 0.0502 252 397 496 639
1FFlD6P0ctpXRDjLHWGhcO7OJuCmyXvX,5 0.0581 550 462 819 690 11 0.0576 560 407 824 636 0 0.0559 553 469 827 692 6 0.0552 560 469 829 694 5 0.0552 238 394 493 630 5 0.0551 365 778 617 1017 5 0.0546 320 249 568 477 7 0.0544 558 466 827 696 8 0.0538 557 462 822 694 7 0.0535 376 782 627 1023 5 0.0532 568 340 811 567 8 0.0529 574 340 811 570 0 0.0529 327 256 571 483 13 0.0528 556 469 835 693 8 0.0520 370 779 613 1018 11 0.0516 760 3 1023 202 13 0.0516 376 779 628 1022 6 0.0511 646 393 895 635 0 0.0511 571 346 817 570 6 0.0508 377 781 625 1019 0 0.0506 248 399 497 635 11 0.0504 238 322 496 559 8 0.0501 243 323 484 565 9 0.0500 367 784 627 1015
JbkpIMasKi1cMR4vs6TxTGRt3F2J7kso,11 0.0609 374 19 632 254 11 0.0591 283 1 658 142 8 0.0567 291 0 643 141 5 0.0530 283 0 650 142 8 0.0526 379 16 626 254 10 0.0525 289 3 657 141 0 0.0524 374 18 625 258 7 0.0520 300 0 660 141 0 0.0519 294 0 653 144 13 0.0510 298 0 668 143
1brponNPOSiCgtmA17mP2fkMJk1RkkDb,6 0.0621 433 534 708 765 11 0.0602 368 531 651 765 5 0.0586 509 590 758 826 11 0.0585 174 392 436 627 6 0.0575 511 599 765 825 8 0.0562 512 600 752 826 11 0.0550 248 272 504 497 5 0.0550 173 384 433 625 7 0.0549 180 393 437 628 5 0.0547 244 267 502 497 8 0.0547 178 394 426 627 11 0.0543 366 663 652 895 13 0.0534 179 395 442 634 3 0.0533 249 273 505 508 8 0.0529 376 595 643 827 7 0.0528 316 588 579 826 13 0.0527 515 600 762 830 0 0.0526 510 599 759 831 7 0.0524 514 597 762 830 13 0.0521 251 12 514 234 7 0.0519 436 531 707 768 3 0.0518 517 598 760 833 2 0.0516 512 603 759 826 8 0.0515 252 9 499 234 13 0.0514 378 594 658 828 5 0.0514 428 523 703 761 3 0.0514 438 533 705 773 5 0.0511 366 652 645 900 0 0.0510 430 528 703 769 8 0.0508 254 268 496 501 10 0.0508 436 536 701 766 7 0.0506 255 267 509 500 0 0.0505 251 266 505 504 10 0.0505 513 601 761 826 3 0.0503 179 396 433 633 6 0.0503 256 271 508 501
3bo4aYNDyLoCE2uZonsapNdtOeOP0caH,8 0.0635 376 1 637 197 5 0.0607 440 0 705 202 7 0.0583 444 0 711 207 0 0.0574 445 2 715 206 11 0.0573 441 0 706 202 11 0.0557 311 412 560 635 3 0.0556 450 0 700 210 13 0.0553 374 1 647 196 6 0.0549 378 0 647 196 7 0.0531 317 0 582 201 11 0.0527 367 348 624 570 8 0.0524 318 412 553 639 7 0.0521 317 411 562 638 5 0.0516 364 62 641 309 11 0.0515 245 817 504 1023 8 0.0513 506 1 752 201 3 0.0512 376 346 622 582 5 0.0512 364 336 620 568 13 0.0506 508 0 762 201 6 0.0505 317 412 564 641 11 0.0501 310 4 577 199
XQ9XKQQYUqt82YaDg3SuFbJ4gwT9b2PV,11 0.0618 499 529 767 764 0 0.0592 437 664 702 890 13 0.0591 401 470 652 697 5 0.0591 499 528 762 762 0 0.0590 503 530 768 770 11 0.0590 387 591 647 823 10 0.0587 392 591 644 827 5 0.0587 436 654 695 884 5 0.0584 389 519 641 757 11 0.0583 440 661 704 881 13 0.0581 334 408 583 632 0 0.0572 390 590 645 829 11 0.0570 464 325 694 562 8 0.0569 506 530 763 766 0 0.0566 328 407 575 635 10 0.0560 502 532 765 770 11 0.0556 393 469 643 697 0 0.0555 380 726 635 955 11 0.0554 379 725 638 946 8 0.0553 442 661 696 886 11 0.0553 310 661 582 887 7 0.0552 443 659 705 885 0 0.0551 329 522 593 760 7 0.0548 505 530 769 768 7 0.0546 387 724 639 954 6 0.0545 397 525 654 760 6 0.0545 272 533 546 758 6 0.0544 509 529 770 765 3 0.0544 395 588 645 835 13 0.0540 509 533 774 770 8 0.0540 399 522 644 765 13 0.0538 466 327 700 563 7 0.0537 392 591 647 825 0 0.0534 313 664 579 895 11 0.0530 328 406 577 632 7 0.0530 395 466 645 696 3 0.0528 395 468 649 707 7 0.0527 331 405 579 631 8 0.0526 466 318 688 562 3 0.0525 466 323 695 571 13 0.0522 396 593 651 827 3 0.0521 508 527 766 774 7 0.0519 272 534 540 759 0 0.0518 519 332 752 570 6 0.0517 399 403 635 630 11 0.0517 524 395 762 635 7 0.0515 402 331 637 562 8 0.0513 397 397 622 633 8 0.0512 501 213 747 442 7 0.0511 318 663 581 892 2 0.0511 394 532 649 763 8 0.0510 340 467 587 700 0 0.0509 396 331 633 565 5 0.0505 498 206 750 440 5 0.0504 388 393 625 623 10 0.0502 395 469 639 695 5 0.0502 264 530 529 756 5 0.0501 460 318 692 557
1KE74WPMd0g2iphQXBTVJ0PhV7QCAa43,11 0.0574 181 729 442 944 0 0.0560 260 329 504 565 7 0.0558 263 265 510 501 8 0.0546 264 270 501 501 0 0.0540 185 727 443 952 11 0.0540 125 196 384 431 11 0.0539 259 332 501 562 5 0.0528 257 268 505 497 7 0.0524 190 728 444 951 6 0.0522 268 270 513 503 7 0.0521 200 199 454 434 8 0.0514 189 726 432 951 10 0.0505 182 735 440 950 6 0.0501 138 194 387 430 3 0.0501 264 272 507 504
THk1w79q3h11gKZ0UZaPBP5eQyoPVRZq,11 0.0557 493 25 765 251 8 0.0556 496 21 757 252 5 0.0551 422 5 703 249 11 0.0550 761 2 1015 198 3 0.0547 435 10 710 260 8 0.0544 250 0 595 144 0 0.0520 495 23 761 254 11 0.0520 245 2 604 145 11 0.0519 437 471 697 697 10 0.0518 561 87 816 306 5 0.0517 754 0 1008 197 0 0.0517 247 1 608 147 11 0.0514 621 155 891 375 8 0.0511 763 0 1007 200 7 0.0510 567 77 824 306 13 0.0508 762 0 1023 203 13 0.0506 499 20 767 253 5 0.0505 557 76 815 304 0 0.0502 763 0 1013 203
V3vUblvcoKc9mnOHb82pNJ4MTr9ZtNJt,11 0.0564 383 399 642 636 13 0.0539 387 342 643 580 11 0.0529 307 338 568 572 6 0.0528 366 353 719 541 5 0.0527 750 0 1009 202 13 0.0527 324 399 583 648 7 0.0526 390 344 641 580 0 0.0524 358 352 708 545 10 0.0524 383 351 637 577 5 0.0522 485 30 753 252 8 0.0514 386 341 629 580 13 0.0513 760 1 1022 210 11 0.0505 383 280 641 497 11 0.0504 755 1 1013 204 11 0.0503 327 524 586 771 3 0.0503 319 399 577 649 3 0.0500 361 352 710 545
ez7OSLyBptPJD3lN5wiBFfHhA3YLKZOR,7 0.0640 331 719 564 970 11 0.0621 258 787 501 1019 7 0.0619 323 590 566 820 0 0.0617 250 666 497 902 8 0.0605 329 720 556 967 7 0.0603 261 783 506 1023 8 0.0600 261 782 495 1021 11 0.0598 315 668 567 903 0 0.0595 322 590 562 826 7 0.0594 254 666 500 899 8 0.0593 248 668 487 900 0 0.0587 328 717 560 971 0 0.0573 259 784 499 1021 8 0.0561 318 592 554 821 13 0.0561 262 790 509 1023 5 0.0552 255 782 496 1018 10 0.0552 245 673 495 900 6 0.0551 320 666 567 906 5 0.0549 324 716 555 965 0 0.0534 391 334 630 569 11 0.0533 391 333 631 562 11 0.0529 562 682 817 896 10 0.0524 254 786 501 1022 13 0.0522 330 723 567 972 6 0.0516 260 791 503 1023 7 0.0516 397 335 635 564 5 0.0515 318 589 559 821 2 0.0508 325 723 564 969 5 0.0506 389 330 629 562 5 0.0506 247 665 492 899 8 0.0502 188 593 421 829
9mriVjko8K6wBded3jxyGa8RFQNwXHkX,11 0.0571 377 535 634 771 0 0.0564 299 18 581 232 11 0.0562 505 340 759 578 7 0.0557 384 141 623 380 8 0.0551 381 533 626 772 11 0.0551 378 143 622 378 0 0.0547 387 87 633 336 3 0.0540 385 145 621 386 11 0.0536 445 271 696 497 7 0.0531 512 336 761 578 7 0.0529 384 18 654 221 8 0.0528 383 94 623 337 5 0.0527 375 85 628 339 0 0.0526 509 339 760 583 6 0.0524 383 93 640 334 13 0.0522 309 19 586 224 3 0.0519 518 341 759 586 0 0.0518 381 599 631 839 0 0.0516 445 201 699 432 11 0.0516 305 603 564 837 13 0.0515 514 336 763 580 5 0.0514 374 594 632 835 13 0.0512 334 141 580 381 11 0.0510 516 205 770 435 11 0.0509 320 465 567 697 3 0.0508 304 19 569 237 6 0.0506 514 340 760 580 3 0.0506 450 206 698 438 8 0.0504 444 401 691 626 11 0.0504 296 21 583 226 13 0.0501 390 467 643 706 5 0.0500 436 197 691 428
iOfu1paCj6xmAnR8uCqS4alLltdvMlNT,11 0.0545 366 670 646 896 5 0.0544 372 321 645 553 8 0.0522 370 670 635 900 8 0.0520 376 323 641 556 7 0.0513 383 329 654 557
rhcQaNUkjRuqs8KzVExaQ0JGlS65Pnro,7 0.0639 265 394 514 633 11 0.0638 245 528 520 750 11 0.0619 316 398 586 626 8 0.0595 381 135 621 366 11 0.0589 186 457 439 677 11 0.0588 316 657 571 886 3 0.0582 387 133 632 374 11 0.0580 379 141 633 370 11 0.0579 387 454 645 697 0 0.0578 257 321 508 560 11 0.0577 174 671 435 897 7 0.0577 384 139 631 369 5 0.0574 314 646 570 884 0 0.0573 317 654 572 890 5 0.0573 257 391 511 628 7 0.0572 193 451 440 683 8 0.0567 180 667 427 897 0 0.0564 380 137 627 368 8 0.0562 268 395 506 629 5 0.0559 375 134 629 365 6 0.0558 324 326 590 552 13 0.0556 326 589 582 835 13 0.0554 183 670 443 899 10 0.0553 320 592 571 839 0 0.0552 199 393 438 629 5 0.0547 172 662 434 891 5 0.0545 188 448 434 679 0 0.0544 321 522 582 766 0 0.0543 325 392 589 627 5 0.0542 437 265 699 497 0 0.0539 446 278 701 502 13 0.0537 327 395 591 627 13 0.0536 386 141 635 371 7 0.0535 255 527 522 757 7 0.0534 310 257 582 487 6 0.0534 182 668 443 892 10 0.0530 176 672 437 898 8 0.0529 322 652 561 886 10 0.0528 394 526 646 766 7 0.0526 177 667 441 899 8 0.0526 121 729 374 957 8 0.0526 187 517 437 747 0 0.0526 120 729 385 963 11 0.0526 373 258 645 494 8 0.0526 335 464 579 699 7 0.0525 330 464 589 702 5 0.0523 307 197 573 421 10 0.0522 380 145 632 370 0 0.0521 316 201 573 426 6 0.0521 325 202 582 425 11 0.0521 315 203 577 426 10 0.0521 328 470 581 698 8 0.0521 569 137 801 381 13 0.0520 441 379 711 610 5 0.0520 319 518 580 758 13 0.0519 399 521 657 766 0 0.0519 442 512 695 765 7 0.0519 441 378 716 612 3 0.0517 333 462 581 707 8 0.0517 379 260 634 491 7 0.0517 323 656 577 892 6 0.0516 387 137 634 369 10 0.0515 188 461 433 679 13 0.0515 450 276 706 501 8 0.0513 444 514 687 763 5 0.0513 177 321 419 554 0 0.0513 181 667 439 900 6 0.0509 191 516 449 746 10 0.0509 317 333 583 551 6 0.0508 570 138 815 374 2 0.0508 447 280 696 498 7 0.0508 446 274 706 503 3 0.0506 388 317 649 565 13 0.0505 255 524 521 757 11 0.0504 317 14 579 249 10 0.0503 251 530 512 754 6 0.0503 322 593 577 836 7 0.0503 398 521 657 765 3 0.0502 265 397 514 638 3 0.0501 181 669 437 903 13 0.0500 193 457 444 683
E1WlQdHggW9hc4PUgcpDmsZ2bCt96nty,5 0.0646 489 779 753 1018 7 0.0644 436 791 712 1023 3 0.0626 437 791 708 1023 11 0.0624 432 794 707 1020 11 0.0624 442 669 708 893 8 0.0621 496 782 747 1019 0 0.0620 495 727 757 958 8 0.0607 400 745 741 921 11 0.0606 383 600 638 833 7 0.0605 496 725 758 954 8 0.0597 579 722 807 940 8 0.0587 365 786 628 1022 0 0.0582 441 597 696 844 6 0.0579 496 726 759 952 5 0.0575 571 719 812 940 11 0.0575 573 725 816 941 5 0.0573 359 786 632 1020 5 0.0570 498 658 756 892 11 0.0566 438 536 701 769 13 0.0564 437 794 714 1023 3 0.0559 447 666 703 901 5 0.0555 242 791 495 1021 8 0.0554 753 0 995 210 10 0.0553 365 793 634 1023 6 0.0548 436 793 711 1019 0 0.0545 380 727 636 975 2 0.0540 495 786 757 1020 0 0.0534 378 526 637 762 8 0.0534 383 596 629 833 13 0.0528 342 684 701 865 7 0.0526 383 598 640 837 1 0.0525 492 779 753 1020 5 0.0525 330 680 688 861 6 0.0524 384 598 643 833 12 0.0518 495 781 758 1021 9 0.0517 490 785 756 1017 10 0.0515 495 730 750 952 6 0.0515 252 793 509 1023 2 0.0513 407 688 763 864 11 0.0512 747 2 1005 209 13 0.0511 250 793 509 1023 9 0.0509 573 723 812 938 11 0.0508 246 796 502 1022 8 0.0508 250 792 495 1023 3 0.0506 383 600 635 842 7 0.0506 263 807 615 989 0 0.0504 391 333 647 575 0 0.0501 312 659 572 904
KNBMn3YytLU7D95QCirHw7lUAjasIXHs,8 0.0596 451 521 688 749 11 0.0591 453 593 691 811 5 0.0584 424 728 687 957 8 0.0583 435 667 687 900 7 0.0581 438 793 683 1013 7 0.0569 446 668 700 900 11 0.0566 432 795 676 1008 7 0.0562 456 520 694 750 5 0.0550 446 590 688 816 0 0.0549 428 791 681 1015 0 0.0544 436 671 700 904 11 0.0534 165 332 427 573 10 0.0530 454 595 694 819 8 0.0528 382 583 625 818 5 0.0528 379 519 626 747 6 0.0526 92 351 369 588 0 0.0526 176 334 432 573 8 0.0518 90 350 353 587 11 0.0517 385 527 628 748 13 0.0517 439 797 684 1015 3 0.0513 460 589 688 820 6 0.0512 441 675 699 901 8 0.0510 434 792 668 1010 8 0.0507 295 469 565 688 7 0.0505 390 584 634 816 3 0.0502 241 388 503 628
DdNSNEKarL8GwMbzfaXn6hTxzStkiMc7,7 0.0675 255 787 500 1023 8 0.0667 144 869 503 1023 7 0.0663 193 725 439 969 5 0.0663 182 781 428 1019 0 0.0655 147 871 508 1023 5 0.0651 435 782 680 1012 8 0.0650 315 779 557 1023 11 0.0644 185 784 431 1020 5 0.0641 252 723 498 965 0 0.0637 123 726 372 959 5 0.0633 119 723 369 957 8 0.0628 437 781 682 1012 11 0.0620 314 784 559 1020 13 0.0616 317 786 565 1023 7 0.0614 441 782 692 1013 10 0.0611 255 730 501 966 0 0.0608 436 786 685 1015 11 0.0606 440 784 685 1010 11 0.0604 123 726 373 956 10 0.0601 138 873 512 1023 8 0.0588 124 723 366 957 13 0.0585 190 786 437 1023 6 0.0584 190 789 433 1023 6 0.0572 259 729 502 969 3 0.0570 261 726 501 974 10 0.0570 122 728 368 957 2 0.0569 256 790 499 1023 3 0.0568 130 726 372 960 9 0.0565 132 805 499 982 2 0.0563 439 787 685 1013 9 0.0562 435 786 684 1010 6 0.0561 440 787 685 1017 0 0.0560 501 664 751 900 6 0.0560 128 728 376 954 2 0.0556 192 728 438 968 10 0.0552 438 787 687 1013 1 0.0548 251 782 498 1023 9 0.0546 311 788 560 1021 3 0.0543 147 871 511 1023 13 0.0542 128 727 381 958 13 0.0538 442 786 687 1015 0 0.0536 717 1 956 223 3 0.0528 443 785 685 1019 12 0.0528 259 726 501 970 4 0.0521 313 784 566 1023 11 0.0521 452 596 708 827 6 0.0518 504 663 754 899 1 0.0508 437 779 686 1016 4 0.0508 186 784 436 1023 12 0.0500 148 869 510 1023
7J9Cj1ZskcEig2Je3gjVBy5MihxmEz0K,5 0.0608 376 248 625 479 0 0.0566 184 345 431 589 8 0.0565 512 454 768 702 7 0.0560 521 454 778 700 11 0.0541 514 458 774 697 5 0.0535 306 191 541 415 11 0.0533 116 415 391 651 11 0.0530 252 340 509 572 8 0.0520 386 257 619 480 0 0.0520 381 258 627 484 5 0.0517 172 339 426 579 5 0.0515 439 73 695 293 0 0.0515 510 458 775 703 13 0.0514 258 342 515 579 8 0.0511 179 341 421 588 5 0.0510 378 137 633 358 6 0.0505 386 259 630 482 6 0.0505 185 340 435 585 5 0.0501 233 259 485 491 13 0.0500 127 411 396 657 3 0.0500 384 258 627 492
UslJEP0KXkXF74T6J7ev7nVdAQ3cN5cO,8 0.0646 503 270 756 507 8 0.0629 572 391 815 635 8 0.0629 380 194 631 440 11 0.0624 378 195 640 441 5 0.0620 376 189 637 440 3 0.0619 509 330 758 572 5 0.0616 502 268 755 508 7 0.0600 445 335 696 574 11 0.0598 509 277 764 508 5 0.0594 315 352 690 537 8 0.0593 316 415 670 610 7 0.0592 411 291 780 474 7 0.0588 576 392 822 636 5 0.0587 571 387 816 635 3 0.0584 382 191 637 447 6 0.0582 510 326 762 566 3 0.0580 578 394 821 641 13 0.0580 384 191 644 443 11 0.0578 439 337 696 572 0 0.0577 505 330 758 566 0 0.0576 575 393 820 637 11 0.0573 573 395 821 635 0 0.0573 318 354 696 541 6 0.0573 576 391 824 636 0 0.0572 380 190 642 444 3 0.0566 326 356 693 542 10 0.0557 382 200 641 443 13 0.0553 576 395 824 637 2 0.0549 382 198 639 442 13 0.0546 323 264 579 516 0 0.0545 263 260 513 515 11 0.0545 255 204 515 443 10 0.0543 409 295 776 473 10 0.0542 571 397 822 635 6 0.0537 430 395 688 640 6 0.0534 384 137 643 384 7 0.0534 321 264 577 516 2 0.0533 574 397 819 635 7 0.0532 383 192 641 442 13 0.0529 262 202 520 449 12 0.0526 508 323 760 566 6 0.0525 326 355 696 539 5 0.0525 252 197 511 441 13 0.0525 399 359 769 541 12 0.0523 576 391 821 638 8 0.0519 266 260 506 512 9 0.0519 573 392 822 631 8 0.0519 356 476 623 701 1 0.0518 569 390 819 636 2 0.0517 509 328 757 565 9 0.0515 409 291 775 472 2 0.0514 328 358 692 537 10 0.0513 319 417 686 609 13 0.0512 267 411 624 606 1 0.0510 436 331 692 576 6 0.0506 326 198 581 451 10 0.0505 322 270 578 514 11 0.0501 319 20 572 259
40GeGGzO9E0TERfnwwAoclgHY05EC8dD,0 0.0661 320 657 575 918 7 0.0640 322 657 574 914 5 0.0619 316 656 570 912 11 0.0612 318 662 573 910 8 0.0605 323 657 568 912 6 0.0574 319 660 575 912 2 0.0573 322 663 574 913 10 0.0564 317 663 574 910 0 0.0563 376 336 630 566 7 0.0558 377 333 634 565 11 0.0543 312 399 574 635 8 0.0538 376 340 622 561 1 0.0537 317 653 571 916 13 0.0536 325 659 579 916 11 0.0535 371 340 630 561 3 0.0527 320 659 572 916 7 0.0521 321 393 578 637
YRbxtCD6mjbiTkip0i5sU2Uf5KpxPOaJ,0 0.0668 437 713 689 956 7 0.0668 374 657 621 892 5 0.0663 367 657 615 892 0 0.0656 370 657 618 896 8 0.0647 440 710 687 954 8 0.0642 373 656 615 894 11 0.0640 367 661 617 891 11 0.0638 435 716 690 951 7 0.0629 441 715 693 953 5 0.0627 437 712 685 951 11 0.0597 121 598 375 830 0 0.0596 125 597 374 835 10 0.0596 368 662 617 894 0 0.0589 444 539 692 777 13 0.0585 373 657 621 892 10 0.0583 437 716 692 953 3 0.0582 372 656 617 896 3 0.0581 441 713 692 957 6 0.0581 370 660 619 895 11 0.0579 57 540 317 757 7 0.0577 68 586 321 819 8 0.0569 59 536 309 759 13 0.0566 442 714 694 954 7 0.0563 134 530 386 765 11 0.0558 440 545 687 770 2 0.0556 370 662 619 894 8 0.0555 127 593 367 833 0 0.0554 59 542 317 761 9 0.0552 368 658 617 888 12 0.0539 373 657 619 894 1 0.0538 366 653 618 892 10 0.0537 59 543 315 757 6 0.0534 438 717 691 954 2 0.0532 439 719 693 952 1 0.0527 433 708 688 953 12 0.0526 441 712 692 954 7 0.0523 451 537 692 773 6 0.0522 69 590 320 818 8 0.0514 446 539 682 771 10 0.0514 123 600 371 832 5 0.0513 121 595 371 829 4 0.0511 370 660 619 893 3 0.0510 128 596 374 840 13 0.0509 449 540 696 773 5 0.0506 54 537 315 754 10 0.0506 441 547 690 775 9 0.0503 435 713 690 949
6m5dZDMjAlVndl5uC2iv9PG5AwDf64Iz,5 0.0653 142 862 503 1019 7 0.0642 150 864 518 1023 11 0.0642 143 866 508 1021 8 0.0631 147 863 504 1023 0 0.0604 148 865 510 1023 6 0.0595 153 868 515 1023 10 0.0591 145 868 510 1023 8 0.0577 396 788 621 1022 13 0.0577 396 793 631 1023 7 0.0571 397 787 632 1022 11 0.0566 451 792 688 1022 5 0.0561 389 786 620 1018 2 0.0558 148 868 510 1023 3 0.0553 152 865 510 1023 9 0.0545 142 864 508 1020 6 0.0545 396 792 630 1023 0 0.0529 394 788 626 1023 13 0.0522 149 867 518 1023
qcATLpSRNsyAp8vXS0t56IQONchDBEKx,11 0.0644 309 715 572 956 5 0.0625 441 785 689 1015 7 0.0617 196 590 449 830 8 0.0612 315 782 568 1021 11 0.0612 376 787 625 1019 5 0.0607 309 783 567 1017 11 0.0607 443 730 705 960 0 0.0607 441 784 694 1021 7 0.0606 313 783 575 1021 0 0.0591 312 711 570 957 7 0.0586 447 785 698 1018 13 0.0586 383 788 631 1022 5 0.0578 372 717 630 960 8 0.0576 374 716 631 960 0 0.0567 195 589 444 833 7 0.0563 378 719 638 961 10 0.0562 376 787 628 1020 8 0.0560 194 593 435 830 2 0.0558 379 790 626 1022 11 0.0556 191 595 445 830 6 0.0556 314 713 568 958 6 0.0553 199 591 448 829 8 0.0552 446 784 690 1018 3 0.0549 317 785 572 1023 13 0.0543 316 715 573 959 3 0.0542 380 718 636 967 10 0.0538 309 715 569 955 5 0.0538 500 721 756 954 0 0.0538 504 723 763 961 6 0.0538 383 788 627 1023 5 0.0538 187 588 442 826 0 0.0537 251 454 501 702 3 0.0537 450 785 696 1020 2 0.0534 310 718 570 959 10 0.0532 441 728 702 963 13 0.0531 195 590 450 832 7 0.0531 254 451 505 697 13 0.0524 447 728 709 966 8 0.0522 248 457 492 698 3 0.0521 195 594 445 836 10 0.0521 191 595 445 828 12 0.0516 314 714 569 959 7 0.0508 510 722 769 959 7 0.0507 381 407 632 645 11 0.0507 247 458 500 699 2 0.0505 445 731 703 964 1 0.0504 376 780 626 1022 2 0.0503 194 597 445 834
mdC6TcvwMO8hhmEhlUtqo8LTuvOIlXdv,5 0.0564 501 0 759 197 7 0.0563 573 785 828 1023 13 0.0560 507 0 766 200 8 0.0559 595 663 836 907 0 0.0553 467 0 818 147 7 0.0552 511 0 767 200 3 0.0543 514 0 762 205 11 0.0536 460 1 820 145 8 0.0535 469 1 811 145 11 0.0535 313 797 572 1011 11 0.0527 511 795 749 1021 0 0.0525 0 422 305 613 0 0.0523 568 793 827 1023 11 0.0517 0 425 306 612 5 0.0514 507 787 745 1021 10 0.0512 507 6 762 198 7 0.0507 597 659 844 910 0 0.0505 125 463 387 703 6 0.0505 468 0 827 145 8 0.0505 2 423 298 609
10GXThJYf4LeC3PiNNraUpquWYQlvNG6,0 0.0693 311 654 558 896 11 0.0690 308 656 559 894 8 0.0688 193 656 436 892 7 0.0678 194 658 441 893 8 0.0674 311 653 556 892 7 0.0671 259 585 504 834 11 0.0669 191 658 439 892 5 0.0669 254 585 499 835 11 0.0665 254 588 500 835 8 0.0650 258 588 496 832 0 0.0649 193 659 437 893 5 0.0638 191 656 436 892 10 0.0634 190 661 439 892 6 0.0623 308 656 560 894 3 0.0621 196 658 440 897 10 0.0617 255 591 502 835 3 0.0597 312 652 560 897 5 0.0597 326 530 565 773 6 0.0595 194 660 441 892 0 0.0594 329 535 572 780 2 0.0585 194 662 438 894 8 0.0585 16 684 361 865 7 0.0585 337 531 572 775 11 0.0585 330 537 570 772 9 0.0580 254 589 501 830 13 0.0580 253 658 504 894 2 0.0578 259 592 500 835 7 0.0574 24 684 377 863 1 0.0572 191 655 439 893 1 0.0570 308 649 559 895 8 0.0567 331 538 566 773 13 0.0566 322 589 572 834 9 0.0565 191 657 439 889 6 0.0563 331 539 574 771 12 0.0554 251 657 500 897 4 0.0551 253 660 503 895 11 0.0544 17 687 373 866 3 0.0544 20 690 369 872 12 0.0542 378 648 624 894 10 0.0540 330 537 572 773 0 0.0539 9 688 370 865 13 0.0534 85 683 452 858 10 0.0528 13 688 370 865 5 0.0524 11 685 364 861 6 0.0517 19 687 377 864 2 0.0512 16 690 373 868 4 0.0508 380 651 627 895 0 0.0508 300 329 560 559 11 0.0508 297 332 560 556 3 0.0506 332 534 571 779 2 0.0503 333 545 569 777
JTZ3vx6jxBlIPWEIj9x1INKaeI4YbyAX,8 0.0640 631 466 870 705 6 0.0634 316 137 571 372 8 0.0622 319 130 561 369 11 0.0615 628 468 879 702 0 0.0607 439 143 698 396 11 0.0606 311 212 567 438 11 0.0606 244 134 506 370 13 0.0602 313 208 573 441 6 0.0597 443 145 703 391 5 0.0591 241 127 502 371 7 0.0587 375 264 627 500 8 0.0585 440 139 692 391 7 0.0575 443 138 699 394 0 0.0574 626 467 877 710 0 0.0573 312 204 563 444 8 0.0573 370 268 620 497 3 0.0572 447 144 698 397 11 0.0572 355 96 716 280 5 0.0571 434 136 694 390 8 0.0571 193 130 439 377 5 0.0570 368 264 619 495 6 0.0567 374 271 628 504 11 0.0565 441 143 699 393 10 0.0565 308 215 569 441 6 0.0560 626 468 884 707 5 0.0560 624 465 872 705 13 0.0555 442 143 703 392 3 0.0554 635 465 878 712 7 0.0551 432 806 691 1023 10 0.0547 436 145 700 393 0 0.0544 357 98 717 283 2 0.0544 444 147 698 391 3 0.0538 314 209 565 446 7 0.0533 633 465 878 705 8 0.0532 360 93 707 278 0 0.0531 371 270 624 502 0 0.0530 246 126 503 377 8 0.0529 418 740 680 957 10 0.0523 245 136 503 375 2 0.0522 628 474 877 705 13 0.0522 312 67 578 301 8 0.0521 504 804 740 1017 6 0.0518 362 92 717 280 11 0.0517 464 3 716 209 7 0.0516 364 88 715 281 10 0.0514 627 473 876 707 11 0.0513 499 807 751 1018 10 0.0512 358 96 712 280 12 0.0511 315 208 569 444 5 0.0509 495 799 744 1017 2 0.0509 372 276 619 499 3 0.0508 377 270 620 505 9 0.0508 307 208 567 434 13 0.0507 250 129 513 378 7 0.0505 253 129 510 372 11 0.0503 122 156 382 397
NxqZEolK18X6QSbQwfOYkCiObpW1CyI8,5 0.0664 246 786 491 1020 8 0.0653 251 784 491 1023 7 0.0653 253 787 497 1023 0 0.0651 312 790 561 1023 11 0.0649 249 789 495 1021 8 0.0609 27 795 372 976 13 0.0587 254 788 498 1023 10 0.0587 248 791 494 1020 6 0.0582 250 793 495 1023 5 0.0582 25 799 378 976 9 0.0568 248 791 493 1021 6 0.0564 35 803 386 978 2 0.0553 251 792 496 1023 10 0.0551 24 801 380 979 0 0.0550 25 800 384 979 3 0.0550 251 788 495 1023 13 0.0550 28 799 394 980 7 0.0538 34 798 387 978 11 0.0526 25 800 388 976 3 0.0516 33 800 382 984 1 0.0513 248 783 494 1023 0 0.0511 238 384 491 623 11 0.0509 241 457 487 681 12 0.0506 254 785 493 1023 0 0.0505 252 535 500 766
3NPs7no6Sxfd3N3tygHlBV6vwFFQ4Elw,13 0.0538 316 801 580 1023 11 0.0518 367 798 630 1021 8 0.0513 382 0 630 237 7 0.0505 382 0 644 239
lCiBqkfWRRvHdYUjQxLy4pE0X2sswRM9,0 0.0640 386 678 745 855 11 0.0622 319 674 685 848 5 0.0605 385 677 739 853 8 0.0596 256 655 502 905 7 0.0593 501 784 755 1023 0 0.0590 254 655 516 910 6 0.0589 396 679 750 854 10 0.0587 319 674 685 847 7 0.0579 330 674 691 848 8 0.0576 325 674 676 847 8 0.0574 499 782 742 1021 5 0.0566 252 654 506 902 11 0.0566 251 658 511 902 13 0.0558 399 678 750 855 5 0.0556 495 783 745 1020 3 0.0555 396 678 744 858 11 0.0539 499 784 750 1019 13 0.0534 504 790 755 1023 0 0.0528 494 784 751 1023 6 0.0527 257 658 516 901 6 0.0523 503 789 754 1023 7 0.0519 260 655 514 905 10 0.0507 249 657 510 905 2 0.0503 396 682 744 855
GQPQ5C4SGnxLH7FZuBO9TqNIkjyLY7j5,5 0.0636 370 658 634 895 5 0.0603 348 788 606 1020 0 0.0588 482 797 737 1023 5 0.0580 530 801 791 1018 6 0.0578 378 665 641 892 7 0.0572 359 792 617 1023 11 0.0568 376 667 641 893 3 0.0565 382 667 639 901 8 0.0564 363 791 604 1022 11 0.0560 60 745 314 961 7 0.0558 381 663 643 899 3 0.0554 359 793 610 1023 7 0.0554 430 732 697 969 7 0.0546 319 542 566 766 6 0.0545 362 792 613 1020 8 0.0542 378 665 634 895 11 0.0542 239 403 515 631 11 0.0539 357 797 608 1021 6 0.0536 427 732 694 965 11 0.0534 568 620 826 851 13 0.0533 363 796 616 1023 3 0.0528 430 733 691 974 11 0.0527 316 541 564 764 11 0.0527 424 740 693 966 0 0.0526 570 623 830 858 3 0.0525 543 804 797 1023 0 0.0522 378 666 638 896 0 0.0521 318 535 564 770 7 0.0521 543 802 805 1023 0 0.0520 356 792 609 1023 8 0.0517 428 732 686 967 11 0.0517 199 344 583 527 8 0.0514 546 800 788 1023 13 0.0514 491 799 740 1023 5 0.0514 311 531 559 761 10 0.0513 378 666 643 892 6 0.0506 320 539 573 763 8 0.0500 318 538 559 768
KnGWTZj0SBmEvdbJuu3ouEgyXC3crS5c,8 0.0565 318 339 558 583 7 0.0540 383 335 635 582 11 0.0540 238 281 508 506 11 0.0535 313 343 571 580 0 0.0527 242 274 501 512 3 0.0525 383 343 627 585 7 0.0518 320 274 578 509 11 0.0513 115 0 374 211 6 0.0512 320 341 573 585 13 0.0511 248 273 513 517 8 0.0511 321 209 565 446 13 0.0505 321 341 575 587 8 0.0505 232 388 481 632 5 0.0502 313 336 567 578
eaIAuuiwfIg4vyMd8ibJWAdv33HPDVsv,0 0.0550 439 788 680 1019 0 0.0547 306 0 562 210 13 0.0541 309 0 569 209 5 0.0539 498 804 735 1020 11 0.0538 250 724 495 953 0 0.0535 442 404 698 631 11 0.0529 383 404 642 626 7 0.0526 394 402 644 632 8 0.0514 446 399 685 626 11 0.0509 501 806 739 1020 8 0.0509 349 0 694 157 7 0.0501 446 787 682 1014
fmkkcKO02vOF5IzVIzo4aDmiMnKvBywt,11 0.0529 642 1 1023 151 11 0.0518 242 266 510 513 5 0.0505 644 0 1015 151 0 0.0502 643 1 1023 153
m9jyXgfC5S0XtpSOXYovY8soUz7KjxJY,11 0.0629 302 747 558 971 5 0.0623 422 785 681 1017 8 0.0615 431 785 679 1022 8 0.0613 575 773 811 1002 11 0.0612 500 742 761 960 11 0.0608 427 790 683 1018 13 0.0605 310 745 566 977 11 0.0605 512 396 770 633 0 0.0604 429 785 683 1023 0 0.0601 436 673 689 908 7 0.0600 432 787 691 1022 11 0.0599 337 420 699 595 7 0.0594 456 391 712 634 5 0.0590 432 670 687 904 11 0.0590 435 676 693 908 0 0.0590 302 739 562 977 13 0.0588 516 397 770 635 3 0.0587 506 683 754 922 5 0.0578 563 768 816 998 8 0.0577 307 740 556 972 0 0.0576 504 739 761 964 11 0.0576 370 274 646 507 13 0.0573 433 788 690 1022 7 0.0571 504 741 763 967 8 0.0571 501 683 748 921 0 0.0570 513 395 766 636 11 0.0561 373 464 640 704 5 0.0561 510 392 767 632 0 0.0560 373 336 641 579 13 0.0560 439 676 693 909 0 0.0560 309 276 570 511 6 0.0559 377 734 631 967 5 0.0556 299 669 562 896 6 0.0554 307 672 573 901 5 0.0552 439 333 696 569 8 0.0551 451 390 703 637 0 0.0549 375 463 637 706 3 0.0549 507 788 752 1018 6 0.0549 440 674 696 905 8 0.0547 314 399 573 639 8 0.0547 377 463 628 702 3 0.0545 378 464 637 711 5 0.0542 371 459 633 703 7 0.0541 311 399 584 643 5 0.0540 236 206 494 434 6 0.0540 518 396 769 635 7 0.0539 439 677 694 910 13 0.0537 379 465 640 709 10 0.0536 300 744 558 971 3 0.0535 437 735 684 966 0 0.0535 305 399 581 644 7 0.0533 306 675 570 904 11 0.0531 308 214 583 442 0 0.0530 190 292 450 514 10 0.0529 433 673 691 903 10 0.0528 426 789 686 1020 11 0.0527 183 357 451 586 7 0.0527 376 464 642 706 6 0.0527 253 212 509 442 6 0.0526 198 297 455 516 7 0.0526 190 349 450 583 13 0.0524 195 296 458 516 10 0.0524 571 777 821 1002 6 0.0520 450 339 705 571 10 0.0520 515 402 765 635 3 0.0519 351 421 699 601 3 0.0517 518 395 769 640 11 0.0513 646 738 902 957 11 0.0512 433 213 695 432 0 0.0512 244 210 501 440 11 0.0512 235 284 512 512 2 0.0512 516 402 769 635 8 0.0511 375 335 634 577 3 0.0511 585 735 817 967 7 0.0510 378 270 643 510 13 0.0506 347 419 704 600 13 0.0505 507 744 764 964 3 0.0504 307 674 568 904 10 0.0503 307 344 569 574 10 0.0502 238 291 499 511 8 0.0500 187 348 443 588 5 0.0500 179 347 446 580
psvdthsmD1XhTD9fTghSIvWk242AYy4M,11 0.0575 311 327 582 558 11 0.0555 583 388 838 620 7 0.0540 237 323 501 565 3 0.0519 321 329 580 564 0 0.0510 579 385 838 623 13 0.0509 240 327 508 571 5 0.0508 232 321 500 560 7 0.0508 393 337 654 565 11 0.0506 446 399 710 628 11 0.0500 242 388 509 626
N8woC2l2Dvx2iqn6e836EK22tEsD2LBI,0 0.0616 192 674 548 855 11 0.0601 184 679 549 848 8 0.0590 195 675 533 850 7 0.0579 458 353 714 566 5 0.0578 232 643 492 898 7 0.0577 196 675 548 852 7 0.0569 385 529 630 773 11 0.0568 375 458 634 696 10 0.0553 115 684 489 857 5 0.0527 451 348 707 563 13 0.0526 317 606 564 840 6 0.0526 313 609 560 839 8 0.0521 451 407 703 631 10 0.0520 312 608 558 838 11 0.0519 195 707 431 949 8 0.0514 380 530 617 773 2 0.0513 315 611 560 841 11 0.0513 178 284 446 509 8 0.0511 376 332 630 546 8 0.0509 199 707 422 960 0 0.0508 376 337 637 550 10 0.0506 373 340 638 547 7 0.0505 204 707 432 961 11 0.0503 444 406 715 631
uOgRVktPp6rHWKSQtrjOWoYJekFuHBYM,7 0.0556 263 719 501 958 8 0.0550 124 669 364 900 8 0.0549 121 794 367 1020 11 0.0533 120 795 376 1018 0 0.0530 257 722 500 962 8 0.0527 262 720 491 961 7 0.0512 129 793 381 1019 11 0.0511 256 723 502 955
b8HdZu3jGoqvImPR7vaks8FK944Ge13b,7 0.0641 182 516 444 763 0 0.0638 516 662 770 896 5 0.0630 388 595 643 832 5 0.0625 508 653 768 894 11 0.0622 172 408 441 632 13 0.0613 245 595 506 836 11 0.0613 171 585 437 829 0 0.0608 321 588 584 844 8 0.0607 179 406 433 635 0 0.0606 243 670 503 915 8 0.0597 121 338 366 578 11 0.0595 326 520 587 755 0 0.0594 397 670 641 919 8 0.0594 515 656 763 896 0 0.0592 176 583 438 830 0 0.0588 253 519 509 763 5 0.0587 239 589 497 831 5 0.0585 172 404 440 633 11 0.0584 393 601 647 834 8 0.0578 397 668 637 916 0 0.0578 176 408 439 636 6 0.0577 179 521 446 762 8 0.0576 173 585 431 829 3 0.0574 179 409 438 641 5 0.0574 176 517 445 761 7 0.0571 402 675 647 917 0 0.0568 391 530 642 759 2 0.0567 394 534 642 758 11 0.0567 509 665 774 892 7 0.0566 167 665 432 908 8 0.0564 327 587 580 838 5 0.0564 166 661 427 902 5 0.0558 319 669 573 920 6 0.0558 179 406 442 636 7 0.0557 182 405 441 635 11 0.0554 115 341 380 574 3 0.0552 178 521 444 768 3 0.0551 519 655 775 899 7 0.0551 327 594 590 843 6 0.0542 396 599 652 834 8 0.0542 581 721 824 952 7 0.0540 456 452 715 687 7 0.0540 517 662 774 895 6 0.0538 247 596 504 832 2 0.0537 252 525 511 763 8 0.0537 243 671 493 911 6 0.0535 331 520 589 756 0 0.0534 580 720 828 956 2 0.0531 514 666 776 895 6 0.0525 461 666 721 902 11 0.0525 452 458 712 681 13 0.0524 124 344 384 584 5 0.0524 323 514 581 753 0 0.0521 448 457 712 687 3 0.0520 244 596 500 839 13 0.0519 333 521 591 758 0 0.0519 309 457 565 681 8 0.0519 254 522 502 760 8 0.0519 398 526 632 757 3 0.0517 400 596 648 842 9 0.0517 175 585 435 823 10 0.0517 175 412 439 634 7 0.0516 319 458 570 681 10 0.0513 244 601 499 833 7 0.0510 397 529 641 759 11 0.0509 254 340 501 560 3 0.0509 120 345 376 583 3 0.0508 332 520 582 761 9 0.0508 247 520 509 755 10 0.0507 395 603 649 835 13 0.0503 398 601 651 837 10 0.0502 176 528 445 762 5 0.0501 114 338 373 577
C9jBsvWQgXcOfmBBsMVSzTpYiHmOPEey,6 0.0606 250 457 508 686 5 0.0594 756 7 1018 248 7 0.0588 517 783 769 1013 6 0.0579 252 331 516 572 5 0.0575 238 450 505 683 0 0.0570 760 16 1016 251 11 0.0570 756 13 1022 248 8 0.0559 765 12 1014 246 8 0.0550 760 804 1005 1021 8 0.0550 246 453 499 685 8 0.0549 635 101 973 266 11 0.0545 516 791 763 1015 0 0.0545 245 331 509 573 0 0.0540 696 802 971 1023 11 0.0537 242 335 510 572 11 0.0536 511 602 762 833 7 0.0535 248 330 511 575 7 0.0533 523 669 775 891 8 0.0528 250 329 506 571 11 0.0528 242 460 505 686 6 0.0527 764 12 1022 249 5 0.0527 241 327 509 566 7 0.0524 385 788 636 1020 0 0.0523 581 788 833 1017 0 0.0520 246 455 503 689 11 0.0518 380 790 635 1021 3 0.0515 251 332 511 578 13 0.0513 516 790 770 1018 8 0.0512 583 789 822 1014 13 0.0511 249 330 516 575 3 0.0505 519 790 763 1023 5 0.0504 508 782 761 1012 13 0.0502 249 457 513 691 7 0.0501 248 452 506 687
PD756nq96XadrARw0foY4b5ZQ54YJ1iI,11 0.0585 368 273 650 492 3 0.0565 377 270 645 500 11 0.0546 377 136 642 381 7 0.0545 454 333 712 571 8 0.0540 377 271 638 494 5 0.0538 362 265 642 491 7 0.0531 380 272 651 495 0 0.0530 372 272 645 495 11 0.0530 297 327 579 554 11 0.0521 347 419 717 596 6 0.0521 375 270 653 495 6 0.0519 251 394 522 632 6 0.0518 308 324 581 560 5 0.0517 296 319 570 554 7 0.0509 307 325 578 563 0 0.0509 299 208 574 443 3 0.0506 309 326 574 565 8 0.0504 352 419 706 599 11 0.0504 641 524 898 759 0 0.0503 238 465 505 705
moDiQXIz4P0SNHeeQFgKb5GIrjIqXCmv,7 0.0596 437 391 700 625 3 0.0592 275 189 514 444 7 0.0592 315 455 576 701 3 0.0583 438 393 692 630 13 0.0580 273 187 518 439 0 0.0576 265 187 516 440 5 0.0573 261 132 511 376 0 0.0573 256 22 521 274 8 0.0571 318 16 564 258 6 0.0569 436 444 699 686 8 0.0569 435 397 686 623 11 0.0566 516 394 768 616 11 0.0563 256 23 520 268 8 0.0563 313 406 559 644 11 0.0560 267 187 514 434 8 0.0554 271 190 507 437 3 0.0554 251 399 515 640 10 0.0549 253 404 512 635 5 0.0548 247 392 514 632 13 0.0546 439 395 700 624 11 0.0546 375 400 639 634 3 0.0546 323 14 570 266 11 0.0545 310 459 574 696 6 0.0543 381 14 627 247 11 0.0542 373 14 621 245 5 0.0541 371 6 616 246 13 0.0541 315 19 579 257 13 0.0540 260 402 524 641 13 0.0537 504 454 769 692 3 0.0537 376 453 637 704 5 0.0535 247 505 513 755 6 0.0534 316 457 576 703 5 0.0528 253 22 516 268 8 0.0527 403 546 754 726 8 0.0525 257 74 505 330 6 0.0524 508 0 766 198 6 0.0524 321 87 573 316 11 0.0523 397 548 760 724 10 0.0523 317 26 573 255 7 0.0523 382 11 624 249 0 0.0523 376 11 622 251 0 0.0520 311 450 574 707 7 0.0519 269 138 517 377 13 0.0517 375 453 643 703 10 0.0514 371 399 637 638 9 0.0513 364 455 639 693 3 0.0512 506 455 766 701 0 0.0511 433 444 693 689 7 0.0510 264 23 522 270 0 0.0509 563 5 824 202 3 0.0508 264 75 512 336 2 0.0505 434 404 690 624 5 0.0505 426 390 690 618 11 0.0502 202 132 451 371 0 0.0502 398 546 761 729 10 0.0502 270 194 513 435
oduIg4tCyHhH2TLrU5lZyLymPczHHT0S,13 0.0591 512 136 770 383 7 0.0584 514 131 764 385 7 0.0582 583 204 835 446 8 0.0578 508 130 756 384 5 0.0578 634 400 890 644 11 0.0571 572 266 826 503 0 0.0570 511 130 763 386 11 0.0562 635 139 894 372 5 0.0562 572 197 830 445 5 0.0559 505 125 759 383 11 0.0556 508 132 763 378 0 0.0556 636 406 892 642 0 0.0553 570 336 824 577 7 0.0551 519 338 766 573 13 0.0550 581 205 838 447 8 0.0548 577 203 827 443 0 0.0547 638 143 890 374 0 0.0544 577 205 831 448 10 0.0540 452 293 811 476 10 0.0539 569 339 827 573 10 0.0538 507 135 758 384 5 0.0538 634 134 888 374 8 0.0538 646 261 884 496 6 0.0538 516 132 765 383 5 0.0537 500 252 755 498 11 0.0536 514 345 761 572 13 0.0534 642 143 899 376 10 0.0533 575 207 832 447 1 0.0533 507 130 763 382 8 0.0529 567 402 821 643 0 0.0529 505 261 760 506 8 0.0528 570 744 817 970 13 0.0528 515 793 778 1023 7 0.0526 641 137 894 378 5 0.0526 565 327 822 567 8 0.0525 506 260 752 501 5 0.0525 448 388 709 629 7 0.0524 574 398 835 639 10 0.0521 449 339 703 566 2 0.0520 573 271 826 505 8 0.0516 455 394 705 634 0 0.0516 573 805 823 1023 11 0.0515 564 404 828 637 3 0.0514 517 133 761 389 6 0.0513 583 204 836 442 0 0.0513 768 469 1014 699 7 0.0513 514 791 768 1023 8 0.0511 703 410 937 633 13 0.0509 512 263 765 501 11 0.0509 513 795 761 1021 6 0.0508 512 793 765 1023 3 0.0506 582 203 830 451 0 0.0505 451 336 703 570 5 0.0505 504 785 756 1022 0 0.0504 380 402 646 644 3 0.0502 510 261 758 508 0 0.0500 687 342 940 559 9 0.0500 575 204 833 439 6 0.0500 571 334 830 572
IISPfMKJThvkWrQLhYZ8xG1hHwQFfTXJ,11 0.0558 453 527 697 756 8 0.0542 518 467 752 703 6 0.0538 460 525 701 758 11 0.0533 513 465 756 699 8 0.0527 457 525 691 761 6 0.0522 521 468 759 701 7 0.0519 462 523 701 761
MOhmwGUVfabUFRInT8gddmbV8yz36ofn,0 0.0605 0 795 319 984 8 0.0572 6 788 307 979 11 0.0566 0 800 321 980 5 0.0541 123 784 376 1018 11 0.0539 317 466 578 701 7 0.0534 68 797 307 1022 7 0.0525 314 526 578 763 6 0.0525 5 795 324 982 13 0.0511 1 794 325 983 10 0.0508 124 790 378 1022 0 0.0507 310 589 572 823 3 0.0507 6 794 318 987 8 0.0504 311 591 560 817 0 0.0502 327 466 579 704
Wyo6mKTpDrkJEXf6KY9W9PwViTrgdPgo,0 0.0594 387 341 643 573 0 0.0588 500 427 738 650 11 0.0587 430 365 692 583 8 0.0557 448 608 684 847 7 0.0552 391 342 647 573 8 0.0546 499 420 735 649 8 0.0543 371 411 627 650 11 0.0539 376 275 647 505 5 0.0537 367 408 627 647 3 0.0535 438 363 691 591 10 0.0533 433 369 688 583 11 0.0530 496 425 740 644 0 0.0530 384 199 646 425 5 0.0525 370 269 640 500 0 0.0518 313 263 583 505 8 0.0517 379 270 638 506 13 0.0514 320 267 594 506 6 0.0514 245 273 526 511 13 0.0510 391 342 650 571 6 0.0508 435 363 696 584 7 0.0506 317 265 587 507 0 0.0505 232 336 518 576
GNJlImmAXCmdHPwEcOjXJSOMjQDeYlbe,7 0.0574 125 776 376 1014 5 0.0559 120 773 369 1005 11 0.0548 182 786 439 1014 7 0.0536 187 717 448 956 0 0.0531 237 10 494 251 0 0.0529 608 94 879 310 8 0.0529 122 774 366 1011 6 0.0528 124 778 374 1011 0 0.0526 122 778 373 1014 13 0.0512 321 12 589 252 11 0.0509 636 139 880 370 11 0.0507 308 2 572 194
URMUaZBBinJZgUBNts83DoRTIjghr6vE,7 0.0619 262 659 506 899 0 0.0619 314 656 563 901 0 0.0613 383 722 626 965 11 0.0611 316 655 564 896 7 0.0608 326 724 564 965 5 0.0604 319 720 557 962 11 0.0602 381 722 627 959 7 0.0599 325 596 573 830 8 0.0594 315 653 558 899 11 0.0594 430 536 695 765 8 0.0593 380 717 624 961 8 0.0591 199 658 436 901 8 0.0585 257 726 490 964 11 0.0584 257 729 495 961 11 0.0580 198 659 446 897 5 0.0580 199 656 437 899 6 0.0571 261 730 497 962 0 0.0570 257 727 495 965 7 0.0570 441 532 696 766 0 0.0561 197 661 442 901 6 0.0554 384 722 631 961 10 0.0550 313 658 564 896 7 0.0548 257 523 504 764 5 0.0536 256 592 500 833 13 0.0536 324 725 569 965 10 0.0533 377 725 626 961 11 0.0530 375 328 642 562 3 0.0529 262 659 505 905 8 0.0529 434 533 684 767 2 0.0526 323 728 565 967 11 0.0524 696 791 962 1014 11 0.0516 307 400 572 635 0 0.0513 501 534 754 766 6 0.0510 317 655 568 897 11 0.0510 493 472 759 696 6 0.0507 205 659 445 899 10 0.0506 254 730 494 964 10 0.0506 198 665 444 900 8 0.0505 498 469 748 699 13 0.0505 432 536 699 766 3 0.0504 387 721 628 966 10 0.0504 435 539 691 768 13 0.0503 204 661 450 901 8 0.0501 306 394 565 635 7 0.0501 504 472 761 696 9 0.0501 312 654 562 892
AJk2NoXvOykkQ03NPeAzfOcp7sgxnG3y,11 0.0631 428 674 692 901 11 0.0606 303 674 580 900 11 0.0595 636 221 905 453 5 0.0581 566 209 832 450 0 0.0579 573 207 837 454 11 0.0576 575 701 828 943 11 0.0575 689 146 948 383 8 0.0571 572 208 830 451 13 0.0570 580 211 844 450 6 0.0569 635 152 902 387 3 0.0559 696 144 943 395 7 0.0557 438 667 698 901 11 0.0555 233 797 500 1023 7 0.0548 583 697 834 948 0 0.0543 431 670 693 905 0 0.0541 689 217 939 458 11 0.0541 504 345 766 572 0 0.0538 576 700 831 948 13 0.0537 244 797 511 1023 8 0.0537 309 673 571 903 0 0.0537 190 16 441 248 11 0.0535 186 19 445 242 3 0.0532 436 670 690 909 8 0.0532 381 612 626 848 5 0.0531 431 665 687 903 7 0.0530 367 786 633 1018 2 0.0529 573 213 839 450 7 0.0528 313 670 582 901 10 0.0525 187 21 441 246 7 0.0525 634 151 903 389 5 0.0525 359 780 622 1013 6 0.0521 239 799 504 1023 8 0.0520 251 19 493 251 7 0.0517 515 346 767 577 0 0.0517 511 346 760 578 13 0.0517 512 344 769 575 5 0.0514 691 83 953 323 7 0.0514 575 212 840 453 8 0.0514 577 700 819 951 0 0.0514 695 84 949 328 10 0.0514 757 75 1020 318 6 0.0514 251 19 505 250 0 0.0513 293 798 555 1023 3 0.0512 514 346 760 582 5 0.0512 231 791 496 1018 5 0.0510 182 15 439 243 7 0.0508 238 797 507 1023 5 0.0507 575 696 826 946 0 0.0505 310 670 578 904 6 0.0505 436 668 692 904 11 0.0505 382 17 636 252 8 0.0504 509 347 756 577 11 0.0504 757 75 1022 316 6 0.0503 579 702 829 949 11 0.0503 441 547 695 777 5 0.0503 685 213 939 450 5 0.0503 504 341 759 576 7 0.0502 762 71 1023 312 6 0.0502 765 72 1020 316 3 0.0502 251 21 501 260 11 0.0501 378 281 650 510 3 0.0501 309 672 579 910
P1Xierv7NvYLaEZ3RzmoBvwUokk1ctT0,5 0.0510 571 399 820 635 5 0.0510 511 335 765 572 0 0.0506 566 345 831 577 11 0.0502 575 406 829 640 8 0.0502 578 408 818 641 0 0.0501 688 280 944 502
6DdnBMIEeHA0QeCybcbcgOCenOCiRHFs,8 0.0640 186 514 424 771 11 0.0627 443 409 705 635 3 0.0595 244 458 496 705 8 0.0594 272 548 624 729 8 0.0593 249 452 490 701 11 0.0593 349 548 702 727 11 0.0593 299 458 574 697 7 0.0590 249 454 499 703 8 0.0586 458 345 708 579 13 0.0581 315 516 580 766 0 0.0579 244 451 497 702 13 0.0578 250 454 501 701 5 0.0576 305 512 572 764 8 0.0571 374 589 628 835 13 0.0571 377 586 646 838 7 0.0570 190 515 433 773 5 0.0565 240 448 494 701 6 0.0563 260 395 507 644 3 0.0561 357 549 707 732 5 0.0561 440 399 700 637 10 0.0560 246 460 499 702 11 0.0559 183 518 434 773 7 0.0558 248 585 499 832 7 0.0558 315 519 577 769 0 0.0554 443 409 706 641 5 0.0554 367 580 632 835 3 0.0552 451 405 705 644 0 0.0551 349 549 707 732 7 0.0548 449 403 708 639 7 0.0543 375 586 641 840 6 0.0542 459 345 719 578 3 0.0542 192 519 428 778 5 0.0542 436 153 693 372 8 0.0536 248 587 488 829 13 0.0531 252 585 504 831 10 0.0531 443 406 705 637 5 0.0530 183 512 429 768 10 0.0527 311 524 577 766 10 0.0525 372 593 637 836 2 0.0524 276 550 632 732 13 0.0522 193 516 435 774 6 0.0522 376 587 639 835 2 0.0522 372 591 636 835 11 0.0521 301 133 576 377 3 0.0518 445 159 698 386 8 0.0517 436 155 686 376 2 0.0517 247 459 493 703 11 0.0515 461 284 716 511 0 0.0507 248 581 500 833 7 0.0506 465 277 723 510 11 0.0506 439 157 698 370 5 0.0505 242 582 492 827 1 0.0503 242 451 492 700
igzwfHehQtkQlhwPSAgZDE4oBmAcJ1bx,8 0.0647 126 785 361 1022 8 0.0639 192 655 435 900 0 0.0635 189 654 442 904 5 0.0619 187 652 436 900 11 0.0614 76 676 431 854 5 0.0608 184 794 427 1020 7 0.0606 192 653 446 903 11 0.0597 249 655 503 902 7 0.0594 92 607 452 792 10 0.0583 188 659 441 900 11 0.0581 120 792 370 1019 6 0.0575 256 715 499 953 7 0.0573 188 795 434 1023 0 0.0571 84 613 455 797 0 0.0547 119 794 364 1020 8 0.0544 84 612 432 791 6 0.0544 189 799 433 1023 6 0.0538 89 613 458 790 5 0.0535 78 611 440 791 13 0.0529 192 655 446 902 10 0.0523 77 616 448 791 3 0.0521 194 653 441 907 1 0.0509 186 650 441 904 9 0.0506 185 656 441 898 13 0.0505 192 797 437 1023
USE6SR4XkOVoQW1EsoFdAn60WD30VVEs,5 0.0579 501 577 755 829 5 0.0573 553 799 814 1021 5 0.0572 312 387 550 633 11 0.0561 444 513 696 763 11 0.0560 558 385 822 622 8 0.0558 506 583 751 831 11 0.0558 559 812 819 1021 11 0.0556 179 2 434 208 11 0.0554 377 392 632 623 8 0.0553 453 339 702 566 6 0.0550 507 590 764 833 7 0.0548 446 389 704 630 7 0.0545 516 516 754 770 0 0.0544 634 471 878 707 0 0.0542 374 391 630 629 6 0.0541 557 808 823 1023 11 0.0540 507 72 770 306 11 0.0540 455 338 712 560 8 0.0539 320 337 556 576 11 0.0539 570 264 827 481 0 0.0538 559 808 820 1023 8 0.0537 448 510 687 773 11 0.0536 499 585 762 827 8 0.0535 182 0 423 204 5 0.0533 574 517 809 766 0 0.0530 576 527 810 769 8 0.0530 566 728 819 962 6 0.0528 583 527 817 768 0 0.0528 379 518 623 764 8 0.0526 576 525 803 767 5 0.0522 568 320 819 560 5 0.0522 629 463 880 704 0 0.0521 628 735 891 959 5 0.0519 437 442 692 686 5 0.0519 378 511 622 758 0 0.0516 184 0 431 210 6 0.0515 319 392 564 634 7 0.0515 563 804 828 1023 0 0.0515 451 338 709 565 3 0.0513 517 517 757 775 13 0.0513 514 517 756 765 0 0.0512 450 595 700 840 0 0.0511 259 269 517 515 13 0.0511 301 0 574 192 8 0.0511 504 456 742 698 11 0.0510 570 523 814 760 13 0.0510 443 392 709 626 10 0.0510 445 514 696 769 5 0.0509 126 73 386 318 11 0.0507 294 1 569 190 5 0.0507 501 264 759 483 2 0.0506 442 400 701 630 6 0.0506 450 519 703 767 5 0.0505 444 331 702 558 0 0.0504 135 144 400 386 8 0.0503 5 490 262 725 7 0.0503 323 389 556 636 6 0.0503 634 736 890 959 3 0.0501 447 388 704 635 5 0.0501 699 398 937 634 7 0.0501 511 265 771 486 0 0.0501 3 148 252 389
zq93uWCscS8GnxRBM4XhIXlBE1PVTXe1,5 0.0608 314 592 573 821 0 0.0603 318 594 579 827 11 0.0584 380 726 644 954 5 0.0577 386 652 653 896 7 0.0571 319 598 584 830 0 0.0570 611 593 879 837 0 0.0567 384 520 643 764 7 0.0566 391 658 661 898 11 0.0557 317 600 579 823 11 0.0556 455 664 711 906 5 0.0552 380 516 637 758 13 0.0551 324 598 587 830 0 0.0548 455 658 712 908 3 0.0548 393 657 657 903 7 0.0546 328 722 601 960 6 0.0545 614 593 881 833 0 0.0543 120 275 388 511 5 0.0540 317 714 588 956 7 0.0539 620 592 880 835 6 0.0539 319 595 583 823 13 0.0537 384 724 655 963 0 0.0537 315 462 570 715 8 0.0536 91 0 431 147 5 0.0535 307 459 565 707 5 0.0534 566 770 820 1010 11 0.0533 381 524 645 760 0 0.0533 322 717 598 959 11 0.0526 612 595 880 830 3 0.0526 321 600 581 832 13 0.0525 389 521 650 763 5 0.0523 611 589 872 834 6 0.0522 327 720 598 959 0 0.0522 708 542 940 791 8 0.0521 387 521 635 763 10 0.0518 316 600 579 827 8 0.0517 321 594 575 827 11 0.0516 310 466 571 709 7 0.0514 506 781 766 1023 8 0.0514 394 654 650 899 13 0.0512 460 659 722 909 3 0.0508 325 723 599 965 8 0.0507 609 596 871 834 8 0.0506 326 720 591 960 3 0.0502 387 525 643 770 8 0.0501 122 269 382 514 10 0.0500 453 605 714 838
P6EZapYpf3nlZFmrfl46UI8OaEpx0kNP,11 0.0597 310 209 574 448 0 0.0591 379 150 643 393 7 0.0591 386 340 624 576 11 0.0588 247 1 512 193 8 0.0587 251 2 503 190 11 0.0586 377 151 641 387 3 0.0585 384 339 621 580 6 0.0583 251 3 511 191 5 0.0582 376 143 634 387 6 0.0579 317 208 579 451 3 0.0579 379 217 631 452 0 0.0575 252 1 515 194 11 0.0569 305 337 569 575 6 0.0566 329 87 590 336 13 0.0564 385 342 625 574 5 0.0563 306 458 560 704 13 0.0562 377 216 637 449 8 0.0556 374 219 621 449 11 0.0555 375 586 625 823 5 0.0553 307 200 572 449 0 0.0552 313 208 574 454 11 0.0552 377 400 623 637 8 0.0548 380 343 612 574 13 0.0545 254 0 518 196 10 0.0540 315 213 573 451 6 0.0540 379 283 631 514 10 0.0539 381 155 643 387 5 0.0538 373 333 616 571 3 0.0538 251 1 511 200 0 0.0537 373 282 628 516 7 0.0536 251 0 516 191 13 0.0533 309 409 576 651 5 0.0533 246 0 505 192 8 0.0532 316 147 570 391 5 0.0528 378 575 623 823 7 0.0528 321 266 578 512 11 0.0523 371 283 629 509 8 0.0521 450 163 695 388 5 0.0520 231 394 495 633 11 0.0520 505 166 759 383 10 0.0518 308 339 564 577 0 0.0517 241 259 491 493 13 0.0517 510 222 758 454 11 0.0515 308 466 565 700 7 0.0515 310 406 571 651 0 0.0512 378 586 625 827 7 0.0512 384 146 647 392 13 0.0510 326 575 575 827 13 0.0509 450 157 714 387 7 0.0508 320 520 569 766 3 0.0507 454 161 707 394 7 0.0507 389 14 656 240 6 0.0507 311 335 568 580 0 0.0506 376 398 622 637 3 0.0505 396 90 646 329 5 0.0504 501 212 749 450 3 0.0503 307 407 569 654 6 0.0502 513 222 754 449
oHzvIq0mp76RlK8k6gnBQN0MS29DaJmf,11 0.0634 268 668 639 856 7 0.0604 278 667 646 857 5 0.0602 264 668 638 855 0 0.0595 272 669 646 857 8 0.0588 268 669 633 856 10 0.0572 269 673 645 856 6 0.0559 272 671 649 855 13 0.0546 279 670 653 855 2 0.0543 272 672 644 857 3 0.0540 273 669 643 859 0 0.0528 517 601 754 820 11 0.0511 514 602 751 812
akwrRCWxnB1PpgdBRVhzYAePyrysGpN8,7 0.0636 452 336 701 577 11 0.0619 375 386 632 629 5 0.0613 253 204 508 431 8 0.0607 445 333 691 574 5 0.0607 304 593 565 841 0 0.0599 179 215 438 441 11 0.0598 251 280 506 503 5 0.0597 252 331 505 566 5 0.0590 374 660 628 896 0 0.0586 304 458 558 697 7 0.0585 447 528 695 780 7 0.0585 383 387 633 632 0 0.0582 253 279 504 505 8 0.0582 570 394 821 646 11 0.0580 436 532 691 774 0 0.0578 374 386 627 632 6 0.0575 629 327 903 566 8 0.0570 257 338 496 567 5 0.0570 442 330 692 574 8 0.0569 376 390 621 633 8 0.0568 311 658 563 901 3 0.0567 256 338 507 567 8 0.0567 385 533 625 778 7 0.0566 309 457 562 701 11 0.0563 376 604 634 835 0 0.0560 446 598 693 842 10 0.0559 247 286 505 500 5 0.0557 302 452 554 698 7 0.0557 311 596 572 844 5 0.0554 381 528 628 776 5 0.0552 561 391 830 645 0 0.0552 378 660 628 898 11 0.0550 302 532 560 770 6 0.0547 448 340 700 575 0 0.0545 311 592 567 844 0 0.0543 446 335 695 578 8 0.0542 446 599 687 842 8 0.0542 306 458 552 699 6 0.0542 311 594 572 841 0 0.0541 384 531 629 779 13 0.0541 385 599 639 839 13 0.0540 381 331 648 559 2 0.0538 379 464 632 701 3 0.0537 450 335 698 580 5 0.0537 440 597 690 841 5 0.0537 373 382 625 630 11 0.0536 303 664 569 896 3 0.0535 384 600 639 844 10 0.0535 444 339 699 575 3 0.0535 381 390 629 635 11 0.0535 622 323 900 568 13 0.0534 310 528 569 775 7 0.0534 385 664 635 900 8 0.0532 627 322 887 565 13 0.0532 381 459 637 704 11 0.0530 561 396 834 642 7 0.0530 261 333 510 564 8 0.0527 256 209 504 429 6 0.0525 386 532 633 776 6 0.0524 261 337 512 566 6 0.0524 571 401 835 645 13 0.0522 313 656 578 904 13 0.0521 254 277 513 509 3 0.0520 307 460 561 701 0 0.0519 572 394 836 650 2 0.0519 449 345 696 575 6 0.0518 381 662 634 894 6 0.0516 446 602 698 840 5 0.0512 294 722 571 961 10 0.0511 306 598 568 842 13 0.0511 573 392 838 644 13 0.0511 444 531 697 778 6 0.0511 259 217 514 430 11 0.0510 436 673 691 902 7 0.0509 380 162 641 374 3 0.0508 444 666 698 909 6 0.0506 308 458 563 699 2 0.0506 261 346 509 567 13 0.0506 449 667 699 907 2 0.0505 441 534 694 776 10 0.0504 375 390 630 629 9 0.0503 442 338 697 569 2 0.0502 381 604 636 837 5 0.0502 620 323 894 561
E6x172gM2eGxDd66Ls00gXv21I4uxqzr,5 0.0592 393 471 763 659 5 0.0587 373 323 624 565 3 0.0580 410 475 767 664 11 0.0564 397 478 768 660 0 0.0556 381 324 628 571 8 0.0556 407 479 755 659 8 0.0552 384 325 623 568 7 0.0550 410 477 776 660 0 0.0548 406 477 766 659 7 0.0548 387 323 632 569 6 0.0540 408 476 775 660 7 0.0538 252 509 500 762 11 0.0538 381 330 628 568 11 0.0535 246 520 501 756 3 0.0532 454 332 697 577 8 0.0527 375 524 615 764 6 0.0524 383 327 631 570 11 0.0522 365 529 625 765 10 0.0518 382 331 630 571 13 0.0512 387 326 635 574 13 0.0512 407 478 774 663 6 0.0507 371 520 628 766 8 0.0506 251 512 491 759
X68BQpRqmcEGAzeCM3271sHI11JIRLy4,5 0.0595 246 724 512 964 13 0.0562 243 804 519 1022 5 0.0555 297 649 555 886 8 0.0549 298 656 553 884 7 0.0539 307 792 568 1021 11 0.0539 306 726 572 963 0 0.0536 306 721 575 967 11 0.0524 365 651 629 880 0 0.0515 364 651 629 886 5 0.0513 366 586 623 817 11 0.0512 237 804 502 1021 3 0.0511 302 654 560 893 10 0.0511 299 792 560 1023 11 0.0501 300 599 567 816 10 0.0500 300 657 559 887
WfGkItagb1esZSwEEXUszol1t0lwAUQ3,5 0.0588 276 93 630 277 8 0.0584 287 0 615 160 0 0.0579 564 273 823 523 2 0.0574 283 4 621 162 3 0.0573 287 0 621 165 7 0.0572 451 15 706 258 7 0.0571 287 0 629 164 6 0.0560 568 277 828 522 8 0.0559 289 96 629 277 5 0.0555 274 0 620 161 13 0.0549 261 420 523 641 8 0.0548 562 274 814 519 11 0.0547 284 100 635 281 7 0.0545 373 69 637 320 3 0.0542 291 97 633 285 2 0.0536 315 67 578 304 0 0.0536 313 63 584 307 0 0.0536 275 1 630 162 8 0.0534 457 0 705 202 8 0.0531 441 82 702 321 13 0.0530 460 0 716 204 13 0.0529 291 0 636 160 5 0.0529 565 273 819 521 0 0.0525 498 216 755 457 8 0.0523 255 139 507 383 5 0.0523 439 80 703 320 11 0.0523 309 349 564 580 11 0.0522 279 2 634 162 5 0.0520 495 212 753 456 11 0.0520 178 465 438 706 8 0.0518 174 529 422 785 3 0.0516 460 1 707 208 13 0.0515 377 135 627 373 11 0.0514 456 3 715 203 7 0.0514 449 142 702 390 10 0.0513 369 72 641 317 5 0.0513 178 458 438 706 11 0.0509 563 281 826 516 6 0.0509 477 415 844 598 5 0.0509 466 411 830 599 7 0.0509 251 143 521 385 0 0.0508 476 416 838 602 5 0.0506 453 0 707 202 7 0.0506 568 278 824 523 11 0.0503 364 201 616 438 7 0.0502 475 417 837 601 8 0.0502 504 333 748 577 11 0.0501 204 151 459 393 0 0.0500 443 86 707 323
LCjM7XLPDLBH6hskMGWgOfYj0sXDydpX,11 0.0620 308 597 565 832 11 0.0617 372 673 636 908 5 0.0616 309 264 575 488 5 0.0615 375 663 634 910 8 0.0614 306 726 561 966 7 0.0594 374 600 632 829 0 0.0593 459 453 692 699 11 0.0584 455 460 694 696 11 0.0582 310 459 564 690 6 0.0581 187 409 451 631 11 0.0579 378 529 630 760 0 0.0576 312 454 562 695 0 0.0575 246 588 509 844 0 0.0575 381 522 625 762 10 0.0575 312 533 570 763 5 0.0575 249 410 511 640 0 0.0574 342 665 717 851 5 0.0572 298 721 563 962 0 0.0572 319 336 582 571 8 0.0571 316 598 559 833 10 0.0569 459 463 694 694 7 0.0568 463 456 695 698 8 0.0567 113 413 375 641 10 0.0567 373 603 628 823 5 0.0565 307 522 566 762 7 0.0564 315 529 572 764 0 0.0563 182 409 450 634 5 0.0563 242 584 506 837 11 0.0563 315 342 583 566 11 0.0562 243 528 510 765 11 0.0562 109 422 378 637 8 0.0561 457 453 686 696 8 0.0558 378 671 631 910 13 0.0556 250 525 515 769 10 0.0556 249 471 510 703 13 0.0555 386 671 640 910 6 0.0554 253 470 510 704 6 0.0553 459 459 695 694 10 0.0553 113 421 379 639 11 0.0552 302 729 568 959 7 0.0551 245 591 516 838 11 0.0548 177 472 443 703 3 0.0548 373 598 626 831 7 0.0548 305 802 568 1023 7 0.0547 128 605 407 835 6 0.0547 259 356 518 577 0 0.0546 124 479 389 706 5 0.0546 453 453 688 695 13 0.0545 319 458 571 693 8 0.0540 381 528 622 758 6 0.0538 126 478 393 702 2 0.0537 256 417 520 644 2 0.0536 246 528 514 769 0 0.0536 306 726 569 969 8 0.0533 315 457 557 692 13 0.0531 188 412 461 637 3 0.0531 462 458 691 701 8 0.0531 248 524 505 767 11 0.0531 178 350 453 572 2 0.0530 375 600 633 828 8 0.0530 316 267 572 495 7 0.0529 187 409 451 633 13 0.0527 314 800 570 1023 13 0.0526 317 597 570 833 8 0.0525 255 355 510 580 5 0.0525 175 465 440 703 6 0.0523 384 531 633 756 3 0.0523 255 419 516 649 5 0.0521 180 342 449 571 11 0.0521 129 606 399 837 7 0.0519 253 466 512 706 10 0.0517 243 599 511 836 13 0.0517 386 531 635 759 13 0.0516 127 478 398 707 2 0.0515 321 343 582 571 5 0.0514 110 413 376 637 6 0.0514 385 670 638 903 8 0.0512 180 466 442 707 8 0.0512 130 604 395 840 3 0.0508 315 529 571 769 10 0.0506 53 474 315 697 7 0.0506 326 340 582 569
yd8vZSHYnBdSe7HSdo9szywuvVWUR99L,11 0.0513 494 687 772 907
1vW3SLNSMrqp4IUggVIPcweqSfQlRqX4,11 0.0540 0 220 262 450 8 0.0538 313 650 563 887 11 0.0523 420 665 683 879 8 0.0511 370 715 624 950 11 0.0509 365 720 630 949 7 0.0502 371 714 633 951 8 0.0501 0 216 251 452
frSE8l6kD3MneOxlzZ1vpRjTo90C7BuB,11 0.0640 374 466 628 701 0 0.0623 317 330 565 581 7 0.0619 194 407 449 646 0 0.0616 193 404 447 647 11 0.0614 426 547 689 775 7 0.0614 326 400 567 648 8 0.0607 191 407 440 648 5 0.0606 191 406 444 646 8 0.0606 325 401 559 646 6 0.0599 195 406 449 646 8 0.0598 431 545 682 775 8 0.0593 379 465 621 702 0 0.0592 428 544 690 778 5 0.0590 424 543 687 775 7 0.0589 370 208 623 447 10 0.0587 191 409 444 644 5 0.0581 319 398 562 647 11 0.0578 189 407 447 644 11 0.0576 296 210 561 444 3 0.0575 432 544 690 782 7 0.0569 433 545 693 775 10 0.0566 321 402 566 646 0 0.0565 375 464 627 704 3 0.0561 378 465 628 708 11 0.0560 424 147 692 375 13 0.0557 195 405 454 649 3 0.0551 193 409 448 653 8 0.0545 300 210 552 445 13 0.0544 433 546 694 779 2 0.0544 323 408 567 647 13 0.0542 323 400 569 649 6 0.0542 323 402 567 647 0 0.0541 303 206 561 448 2 0.0537 195 411 446 647 8 0.0537 364 146 610 381 3 0.0535 306 209 559 451 2 0.0534 428 548 690 778 5 0.0533 363 138 617 378 10 0.0532 426 546 688 776 10 0.0531 368 214 623 447 9 0.0529 428 547 690 772 6 0.0521 429 546 692 777 7 0.0514 431 144 692 378 3 0.0508 368 147 621 385 3 0.0508 440 218 689 455 9 0.0506 312 329 565 575 8 0.0505 434 219 681 451
q8Apn20Jxv8MzL12awPIsJGi1LMmOEeV,11 0.0626 357 400 619 631 0 0.0601 359 399 626 637 8 0.0600 360 400 618 636 8 0.0573 361 537 624 766 11 0.0571 360 540 630 765 7 0.0567 364 398 626 635 5 0.0565 238 399 499 633 8 0.0557 242 401 496 639 11 0.0556 239 405 502 635 13 0.0554 363 402 629 635 7 0.0554 179 392 433 629 0 0.0543 242 401 499 639 0 0.0543 312 528 580 773 3 0.0532 359 402 623 637 5 0.0525 417 537 685 768 13 0.0524 245 405 505 639 7 0.0521 427 538 690 771 10 0.0520 357 407 622 632 11 0.0518 181 333 440 570 13 0.0517 363 537 635 767 8 0.0516 260 271 505 507 5 0.0515 178 326 438 567 3 0.0512 243 473 499 709 10 0.0509 240 410 501 634 5 0.0508 353 396 622 634 8 0.0507 183 330 430 573 0 0.0506 185 329 439 575 3 0.0505 365 540 632 772 3 0.0502 253 338 504 571
vYragbgkTSCxmUJzd5Kup9ft7d0gGCP5,11 0.0588 311 399 575 628 5 0.0583 293 723 547 950 11 0.0583 458 335 713 560 8 0.0580 392 0 650 216 7 0.0573 465 335 716 563 0 0.0564 459 334 714 565 2 0.0559 461 343 715 562 0 0.0549 314 394 572 633 5 0.0549 567 385 817 628 8 0.0548 512 328 758 567 0 0.0538 387 0 663 219 0 0.0535 301 730 553 959 5 0.0530 509 256 754 492 6 0.0528 465 336 716 565 0 0.0528 571 391 821 639 11 0.0527 569 390 826 625 5 0.0522 240 385 510 628 0 0.0521 388 288 638 500 11 0.0521 388 0 664 215 8 0.0520 578 388 815 636 5 0.0519 368 89 626 322 0 0.0519 253 330 508 559 3 0.0518 396 0 662 225 6 0.0517 582 389 829 631 8 0.0515 375 94 621 322 11 0.0512 293 730 553 953 5 0.0511 453 331 707 562 6 0.0511 301 728 558 957 8 0.0507 300 728 547 955 7 0.0507 300 730 558 959 11 0.0506 518 146 753 379 5 0.0506 243 147 495 378 11 0.0505 390 290 642 497 0 0.0503 516 262 755 494 10 0.0502 376 98 629 320
jS95p46Yc4FihJMilP9vUYHbo8xnEh49,11 0.0605 256 398 519 635 11 0.0600 365 510 631 756 11 0.0594 127 409 394 645 11 0.0573 505 593 774 836 8 0.0567 456 508 699 759 11 0.0565 119 543 391 776 8 0.0558 511 592 759 841 8 0.0550 300 521 555 776 5 0.0547 367 507 625 755 11 0.0545 52 485 325 702 6 0.0541 460 512 707 756 5 0.0538 185 458 441 699 11 0.0538 448 449 695 691 0 0.0537 310 464 571 707 11 0.0533 312 792 566 1023 13 0.0529 375 511 636 760 5 0.0529 260 397 509 637 13 0.0529 317 788 578 1023 13 0.0527 191 524 453 773 0 0.0526 457 516 705 760 11 0.0516 433 781 690 1011 7 0.0515 189 521 450 773 0 0.0514 510 597 768 842 10 0.0512 188 401 440 634 7 0.0511 374 510 633 762 13 0.0510 135 411 397 656 3 0.0509 191 465 442 711 8 0.0508 380 454 621 703 5 0.0507 56 480 311 708 7 0.0506 321 401 575 638 11 0.0505 185 323 441 554 0 0.0504 190 467 444 703 6 0.0504 302 522 564 774 3 0.0502 69 411 324 656
7yRuwvL996uVz1uVs1pPClA0eRzb0OaO,5 0.0667 363 792 616 1020 5 0.0617 242 783 483 1018 0 0.0615 438 596 706 832 8 0.0611 249 786 482 1023 8 0.0606 373 790 613 1022 7 0.0600 374 795 624 1023 0 0.0592 487 723 755 959 3 0.0587 372 671 631 900 11 0.0582 429 673 700 887 8 0.0578 315 679 667 856 11 0.0578 246 788 486 1020 5 0.0576 482 775 743 1003 13 0.0572 375 793 621 1023 13 0.0567 254 790 491 1022 7 0.0563 252 790 490 1020 5 0.0559 357 669 626 893 3 0.0555 372 791 619 1023 0 0.0551 369 794 619 1023 8 0.0550 243 669 500 895 11 0.0549 368 794 613 1021 11 0.0547 240 673 504 890 7 0.0547 491 781 755 1010 2 0.0546 488 784 749 1008 13 0.0543 320 680 683 857 10 0.0542 369 796 619 1023 7 0.0539 369 676 634 899 5 0.0539 433 593 698 826 13 0.0538 495 785 754 1009 6 0.0534 251 788 490 1021 3 0.0534 490 784 746 1010 11 0.0533 441 532 697 762 0 0.0532 378 533 642 765 8 0.0532 442 596 695 829 2 0.0531 372 798 619 1023 10 0.0530 312 678 674 855 3 0.0529 253 788 486 1023 11 0.0526 500 606 770 839 13 0.0526 249 673 510 898 13 0.0523 393 466 641 708 8 0.0521 432 735 682 963 7 0.0521 501 672 782 898 5 0.0521 309 535 571 765 8 0.0520 318 0 567 196 10 0.0518 426 738 688 961 0 0.0515 251 788 485 1023 9 0.0515 367 795 618 1019 8 0.0513 506 673 767 899 6 0.0512 449 532 705 761 5 0.0511 238 664 500 891 6 0.0510 373 793 622 1020 3 0.0509 245 671 507 903 0 0.0508 314 468 570 714 2 0.0507 384 684 736 855 13 0.0505 317 543 584 775 0 0.0501 246 669 504 898
mJrWxVuchiUgLjUrGYSv2zCcH64HjVVO,0 0.0551 299 141 569 363 5 0.0551 251 264 506 500 0 0.0544 174 444 434 684 3 0.0542 260 268 509 507 0 0.0540 257 268 507 501 6 0.0537 263 269 511 503 8 0.0530 180 442 422 686 11 0.0529 253 270 507 500 8 0.0524 128 519 368 762 7 0.0523 259 266 513 504 11 0.0521 301 206 562 429 11 0.0515 170 376 439 610 0 0.0515 124 525 375 761 8 0.0510 258 273 499 504 10 0.0506 248 226 507 455 6 0.0505 177 440 436 685 7 0.0502 177 439 437 686
2PCEyGh5byKjZZpznDsXBxp1yFVm9v6l,13 0.0585 391 2 640 243 0 0.0580 503 407 738 628 8 0.0578 504 400 737 628 11 0.0559 502 405 738 626 11 0.0558 573 578 841 822 8 0.0552 577 579 837 823 13 0.0550 505 403 746 628 5 0.0545 501 399 735 628 0 0.0544 250 3 506 199 11 0.0542 509 518 768 757 13 0.0539 580 580 852 827 13 0.0536 514 520 780 764 6 0.0534 510 575 778 816 6 0.0531 507 402 743 627 5 0.0527 498 567 771 816 7 0.0526 507 401 742 629 7 0.0522 511 573 778 817 5 0.0522 379 122 618 373 11 0.0515 381 6 635 242 3 0.0515 508 405 739 632 10 0.0514 505 405 743 627 8 0.0509 382 132 615 377 5 0.0509 379 0 630 242 8 0.0507 512 518 767 760 2 0.0506 506 409 739 627 3 0.0504 392 2 635 252 3 0.0502 389 130 626 388 11 0.0502 503 654 769 896 0 0.0501 383 72 633 314 13 0.0500 392 131 628 378
HHL94yX6Jm8cWr4fB1qKndD9lWkqkaGK,7 0.0674 142 865 511 1023 5 0.0661 133 866 499 1021 8 0.0645 141 866 501 1023 0 0.0619 142 868 510 1023 10 0.0617 136 873 508 1023 7 0.0615 313 777 559 1022 8 0.0611 311 777 551 1022 11 0.0611 139 868 505 1022 6 0.0596 145 871 512 1023 7 0.0587 190 711 436 955 5 0.0587 186 711 432 949 11 0.0585 311 779 555 1018 0 0.0576 189 711 438 958 8 0.0565 249 715 496 957 8 0.0565 77 799 431 979 11 0.0559 757 14 1011 248 11 0.0557 186 713 436 950 13 0.0556 765 10 1022 255 10 0.0555 184 717 435 955 13 0.0553 191 714 443 957 5 0.0553 309 777 553 1019 5 0.0547 756 4 1012 251 2 0.0545 141 871 508 1023 0 0.0545 311 780 557 1023 3 0.0544 143 868 507 1023 3 0.0541 191 713 433 961 13 0.0538 143 870 518 1023 13 0.0538 316 786 564 1023 11 0.0537 242 583 505 819 9 0.0536 134 869 509 1021 6 0.0534 179 525 439 766 6 0.0533 188 716 442 956 0 0.0532 761 15 1013 256 7 0.0530 251 644 510 886 0 0.0529 178 463 445 697 10 0.0526 310 783 556 1022 8 0.0524 761 13 1006 254 6 0.0519 314 785 557 1022 11 0.0514 248 470 512 688 7 0.0513 245 523 510 754 0 0.0509 248 644 507 892 0 0.0505 242 524 507 759 10 0.0502 247 650 506 888
SKyW3Ku6Yc3viPt6VkNWtSic8b7UldEu,0 0.0613 226 279 563 468 7 0.0597 206 205 465 428 11 0.0580 115 399 376 634 5 0.0574 184 267 449 502 11 0.0572 301 219 596 432 0 0.0571 634 0 890 208 11 0.0570 566 1 830 191 0 0.0561 129 277 389 518 8 0.0552 226 284 549 466 11 0.0551 197 210 467 427 13 0.0549 200 269 463 507 5 0.0548 241 196 522 422 0 0.0548 199 145 456 383 13 0.0547 256 197 534 428 7 0.0543 310 209 594 433 7 0.0542 193 336 456 573 3 0.0539 309 211 589 442 5 0.0537 624 0 887 204 11 0.0537 180 343 455 571 7 0.0535 135 275 388 511 8 0.0528 633 0 885 203 6 0.0524 125 396 382 637 6 0.0522 634 4 895 207 0 0.0521 121 398 374 633 8 0.0519 124 390 364 639 3 0.0512 199 209 464 439 11 0.0511 197 799 450 1018 6 0.0510 132 276 395 514 7 0.0510 127 391 379 631 5 0.0510 175 449 430 694 6 0.0506 231 282 569 466 11 0.0506 124 282 392 508 0 0.0505 179 454 436 700 3 0.0505 188 340 451 579 7 0.0501 258 141 520 364 10 0.0501 629 4 890 203
rFTqvU2NZwrnsfNduIfVgLHg51Kd8qhE,5 0.0669 384 329 642 568 5 0.0651 308 448 566 702 7 0.0630 232 511 495 759 11 0.0621 307 450 571 703 5 0.0617 228 513 492 758 0 0.0615 388 335 641 571 10 0.0598 176 471 433 711 8 0.0597 231 516 488 759 11 0.0597 322 321 578 564 11 0.0591 227 514 498 756 5 0.0586 383 588 633 833 6 0.0585 230 516 498 758 8 0.0582 123 480 378 724 8 0.0580 388 332 636 572 7 0.0579 311 450 572 707 11 0.0574 246 388 508 636 11 0.0570 5 597 251 831 5 0.0568 246 386 501 634 7 0.0568 251 385 505 638 0 0.0567 230 514 497 760 0 0.0564 384 595 640 837 2 0.0563 312 456 571 706 8 0.0562 310 450 562 706 6 0.0559 313 452 577 701 3 0.0558 392 334 643 575 13 0.0556 237 456 503 706 6 0.0553 390 335 650 571 3 0.0552 235 457 495 709 0 0.0551 121 481 389 727 8 0.0549 3 656 239 886 5 0.0544 308 256 571 492 0 0.0544 5 592 248 832 13 0.0542 327 324 583 567 2 0.0540 387 339 642 568 11 0.0539 380 597 640 831 0 0.0536 189 407 439 644 0 0.0536 317 263 574 500 8 0.0532 185 402 436 646 7 0.0531 384 266 637 501 3 0.0528 241 588 505 828 8 0.0528 386 596 634 837 10 0.0523 323 381 581 634 5 0.0522 197 346 591 529 1 0.0522 226 511 494 757 10 0.0520 3 658 246 884 6 0.0519 252 388 507 637 9 0.0515 309 450 567 700 2 0.0512 234 521 497 758 3 0.0510 129 484 394 731 6 0.0508 387 594 647 832 3 0.0504 388 598 642 843 5 0.0504 0 656 247 886 13 0.0504 238 584 512 827 13 0.0504 124 484 393 728 7 0.0503 384 594 642 839
ImCNRGGohpB9QeKlytsCDesa1Hdc2kWv,3 0.0644 574 397 829 637 11 0.0635 569 397 830 632 7 0.0635 520 333 772 580 5 0.0633 570 451 830 695 13 0.0625 578 456 841 696 0 0.0624 568 396 831 635 8 0.0608 578 328 825 568 6 0.0607 571 395 834 632 11 0.0601 630 473 902 711 8 0.0596 508 393 761 634 8 0.0594 576 455 830 695 0 0.0589 502 452 762 704 11 0.0588 501 455 766 701 3 0.0576 509 455 762 704 5 0.0576 590 411 932 596 13 0.0574 579 328 840 570 0 0.0566 634 470 903 715 2 0.0561 579 461 836 694 7 0.0560 507 454 766 701 6 0.0555 638 471 914 710 5 0.0554 501 388 762 634 6 0.0551 508 452 766 699 7 0.0551 443 266 696 511 10 0.0549 575 331 833 569 11 0.0534 440 268 692 508 0 0.0533 765 407 1013 654 10 0.0531 503 395 765 637 13 0.0526 408 424 762 610 12 0.0526 570 396 830 634 8 0.0524 438 261 680 504 11 0.0524 758 411 1017 650 8 0.0520 404 485 742 670 2 0.0520 579 333 832 569 4 0.0517 571 401 833 633 3 0.0517 638 471 904 719 2 0.0517 507 398 764 636 9 0.0516 504 394 765 632 10 0.0516 436 265 689 513 7 0.0512 633 468 906 719 9 0.0505 574 329 833 567
NR2yRh6kmp9utP6RDf83SDJ20ZEIP4Dr,11 0.0615 577 588 832 826 5 0.0604 555 198 822 433 11 0.0602 441 134 699 373 0 0.0602 446 135 698 373 5 0.0592 433 195 696 448 11 0.0577 519 550 881 725 7 0.0569 538 612 893 793 0 0.0567 576 588 831 831 8 0.0566 578 519 826 759 0 0.0558 515 548 885 730 13 0.0557 309 335 568 582 8 0.0556 561 201 813 433 3 0.0554 442 201 699 453 7 0.0551 577 658 824 900 7 0.0550 450 133 702 377 6 0.0550 583 589 835 832 0 0.0547 557 199 823 433 11 0.0546 383 465 636 696 11 0.0546 565 139 814 384 11 0.0545 368 204 640 439 8 0.0543 634 603 892 843 10 0.0541 445 136 698 373 7 0.0538 570 136 815 386 5 0.0536 564 654 817 898 8 0.0535 569 663 814 897 11 0.0535 574 393 825 629 5 0.0534 301 335 557 575 0 0.0533 503 396 758 629 13 0.0533 441 203 703 449 2 0.0531 445 140 699 375 0 0.0530 382 469 633 697 11 0.0530 303 337 562 575 5 0.0529 500 389 760 625 8 0.0527 387 467 625 693 8 0.0526 446 138 689 375 7 0.0525 508 394 764 627 3 0.0524 573 139 815 390 13 0.0522 312 202 579 456 8 0.0521 574 388 817 629 9 0.0520 442 134 700 372 10 0.0520 574 593 825 832 0 0.0520 377 588 635 827 5 0.0520 571 518 828 758 3 0.0518 313 269 568 520 6 0.0518 440 200 700 450 6 0.0516 564 201 827 434 0 0.0515 309 201 571 454 8 0.0514 309 335 553 576 7 0.0510 316 201 576 452 13 0.0510 570 139 822 383 13 0.0509 574 393 830 630 3 0.0509 511 393 761 636 11 0.0509 632 465 899 691 0 0.0508 307 335 563 578 2 0.0507 578 596 832 830 11 0.0506 376 585 637 821 7 0.0506 387 403 635 637 8 0.0506 370 203 628 444 13 0.0504 578 590 838 831 7 0.0504 403 665 762 853 2 0.0504 573 400 823 630 3 0.0503 584 590 831 837 10 0.0501 369 205 640 441 8 0.0501 638 459 889 691
XBjqXtwibDDSooSql7BHUeJMm6bLhWFx,11 0.0579 503 604 758 844 5 0.0566 504 597 756 845 0 0.0556 438 532 709 774 7 0.0553 385 518 644 763 6 0.0553 447 593 702 839 11 0.0553 379 524 638 759 8 0.0552 507 600 751 848 8 0.0551 383 523 633 758 0 0.0539 504 604 762 851 13 0.0537 382 588 643 825 5 0.0535 380 511 639 760 10 0.0533 382 526 643 760 7 0.0528 448 587 703 841 3 0.0519 513 604 757 849 6 0.0516 509 539 785 775 3 0.0507 390 526 640 766 13 0.0503 509 603 763 850
8siY5cBug2mv89IxC4A1FC2BkHGLcHzC,11 0.0571 382 598 646 825 0 0.0568 383 596 644 831 5 0.0566 379 593 641 828 11 0.0557 303 668 579 896 7 0.0555 387 596 645 832 8 0.0543 382 597 637 829 3 0.0541 381 663 645 902 5 0.0541 301 662 570 898 6 0.0534 379 661 647 900 10 0.0528 373 665 649 897 5 0.0527 250 391 507 638 13 0.0524 378 666 651 903 0 0.0517 379 0 638 196 0 0.0515 306 661 575 903 7 0.0514 312 666 579 903 8 0.0513 308 664 569 902 6 0.0512 253 659 512 901 8 0.0506 378 0 628 194
y7uE2be19QhHd0HAnxxCgyYasgrAEvy5,11 0.0614 366 664 626 890 8 0.0590 503 337 742 574 7 0.0585 374 659 629 892 3 0.0561 507 339 746 579 8 0.0559 371 661 621 891 5 0.0558 365 652 623 895 0 0.0557 503 341 749 576 11 0.0556 502 342 749 571 0 0.0553 367 657 623 897 11 0.0552 414 738 682 948 6 0.0536 374 658 630 893 13 0.0522 371 663 634 894 10 0.0522 367 662 625 893 6 0.0514 507 341 752 575 7 0.0511 505 333 753 573 11 0.0511 280 739 547 952 5 0.0506 502 336 743 572 10 0.0505 505 343 750 571 11 0.0501 495 791 767 1004
b2UnHa45WxAM9MRw2BYBraRMuM9PbMM9,8 0.0617 189 321 437 571 0 0.0607 191 324 442 574 5 0.0605 249 265 506 513 6 0.0600 186 271 448 512 0 0.0600 572 320 810 570 11 0.0597 249 272 513 513 11 0.0589 191 391 443 636 5 0.0586 191 386 437 639 11 0.0585 574 325 812 566 0 0.0583 341 655 612 902 7 0.0582 188 267 449 514 5 0.0580 572 313 810 568 5 0.0575 264 630 513 886 13 0.0574 254 273 519 519 11 0.0573 246 148 516 382 3 0.0567 196 390 444 642 5 0.0566 252 505 512 746 3 0.0565 386 339 639 574 11 0.0564 382 344 643 573 10 0.0564 188 393 441 637 7 0.0562 388 340 642 570 5 0.0562 248 141 511 382 5 0.0558 379 149 644 368 3 0.0555 255 327 502 576 7 0.0553 197 390 444 641 5 0.0552 437 335 697 567 5 0.0548 444 214 709 444 11 0.0547 384 208 648 439 6 0.0544 582 317 814 562 7 0.0543 580 322 811 570 8 0.0543 254 149 510 385 6 0.0542 195 390 442 639 11 0.0541 256 507 515 745 10 0.0541 254 273 514 515 0 0.0540 191 201 452 455 2 0.0540 441 347 702 569 0 0.0539 383 342 636 571 6 0.0538 256 205 521 452 8 0.0534 194 203 443 455 2 0.0531 505 284 755 511 7 0.0530 262 508 516 747 13 0.0529 255 149 527 384 5 0.0528 190 195 444 455 13 0.0527 263 511 522 752 3 0.0526 579 319 813 572 0 0.0525 257 509 514 749 8 0.0524 386 334 630 571 6 0.0523 388 341 642 572 2 0.0523 191 329 443 574 5 0.0521 752 8 1000 255 9 0.0521 186 329 444 564 0 0.0521 408 598 801 792 3 0.0520 263 509 517 756 8 0.0518 387 153 646 369 8 0.0516 573 320 804 569 13 0.0516 444 340 707 571 10 0.0513 257 510 511 746 8 0.0510 260 503 504 747 7 0.0508 258 206 518 453 2 0.0507 387 213 643 438
bZ39wEGUHusSHFRLNpHndUX3mkqSrDTe,5 0.0612 352 779 611 1019 5 0.0611 426 719 688 962 11 0.0606 424 596 689 817 13 0.0585 368 785 623 1023 11 0.0577 358 787 611 1020 11 0.0575 430 727 694 962 0 0.0573 425 594 687 826 8 0.0571 429 661 685 892 7 0.0566 438 724 698 966 8 0.0564 361 784 610 1022 10 0.0563 431 729 692 966 10 0.0563 357 786 616 1023 0 0.0562 432 723 696 969 0 0.0557 358 786 617 1023 11 0.0549 363 675 632 899 3 0.0548 429 661 694 897 7 0.0548 364 787 624 1023 3 0.0547 362 786 616 1023 5 0.0546 235 793 491 1019 13 0.0545 371 673 633 905 10 0.0545 366 675 628 902 10 0.0539 238 799 496 1023 6 0.0539 435 725 696 965 13 0.0535 440 725 701 970 13 0.0532 250 795 502 1023 2 0.0530 435 726 695 967 6 0.0526 362 787 619 1023 13 0.0526 429 596 690 823 6 0.0523 371 674 631 901 0 0.0519 365 672 629 906 11 0.0516 239 798 491 1021 2 0.0516 364 787 617 1023 12 0.0507 435 723 695 968 10 0.0503 426 599 686 819 7 0.0500 430 595 689 822 0 0.0500 620 803 884 1023
rbqRr1WTuLRc5JkyYh6g0Yx58bPQFtpy,7 0.0604 253 792 495 1020 0 0.0576 250 792 490 1023 11 0.0574 248 795 489 1020 5 0.0558 173 781 422 1011 6 0.0539 183 450 436 682 0 0.0532 184 451 433 685 10 0.0521 249 799 490 1022 11 0.0520 204 489 571 672 10 0.0518 178 457 431 678 8 0.0515 183 781 415 1013 0 0.0510 244 523 499 751 3 0.0505 255 789 488 1023 11 0.0503 446 723 694 959 11 0.0503 224 595 482 812
4rS5EJhz5rAetP9l4V8zJRvZeKOcuJyg,8 0.0639 104 654 358 894 5 0.0637 772 10 1015 257 7 0.0636 108 650 368 893 0 0.0633 772 16 1016 261 11 0.0627 176 472 442 706 11 0.0614 771 16 1018 254 3 0.0605 174 404 440 652 8 0.0597 775 14 1012 256 11 0.0596 163 592 425 816 5 0.0591 99 651 361 891 13 0.0587 778 14 1020 259 7 0.0578 179 468 446 706 8 0.0578 171 406 424 642 5 0.0577 159 588 422 811 6 0.0574 170 406 442 643 7 0.0573 167 587 428 816 11 0.0571 103 655 368 892 8 0.0565 164 589 415 812 10 0.0561 770 16 1016 255 3 0.0548 779 14 1019 262 10 0.0546 163 596 422 814 6 0.0546 777 15 1022 254 10 0.0543 177 478 443 704 0 0.0536 104 650 367 898 3 0.0532 252 528 495 763 2 0.0529 775 17 1019 256 6 0.0528 119 471 382 714 0 0.0527 175 406 439 646 0 0.0523 170 589 424 820 1 0.0521 768 9 1019 257 10 0.0518 104 661 363 892 8 0.0518 247 527 489 747 3 0.0509 168 593 425 823 6 0.0507 168 594 428 815 13 0.0505 180 475 450 708 5 0.0503 163 401 438 645
f7wZNdEkuoLtaMSun1R3JtYuHCVEzbyO,11 0.0631 196 201 459 420 11 0.0628 117 272 380 509 5 0.0627 114 268 373 512 11 0.0590 368 658 628 890 6 0.0589 193 269 445 513 8 0.0582 202 199 445 426 11 0.0575 127 145 395 363 7 0.0570 191 267 443 512 3 0.0569 192 271 443 519 5 0.0566 190 195 451 423 11 0.0559 426 725 691 947 8 0.0558 703 0 942 206 0 0.0555 186 268 444 511 0 0.0552 214 67 448 303 7 0.0549 430 724 700 948 0 0.0545 700 0 946 211 7 0.0543 374 654 632 893 8 0.0541 269 11 510 251 11 0.0539 209 71 451 302 7 0.0528 260 0 515 197 11 0.0527 249 4 512 197 7 0.0526 138 142 397 366 5 0.0524 690 0 944 210 3 0.0523 128 209 379 437 0 0.0523 125 206 379 432 13 0.0522 128 269 385 515 8 0.0522 369 468 628 701 5 0.0519 121 137 388 364 13 0.0518 377 656 634 892 8 0.0518 434 724 686 947 9 0.0515 367 658 628 884 6 0.0511 221 68 456 300 6 0.0511 262 0 519 198 8 0.0507 375 655 620 892 8 0.0504 141 141 383 366 10 0.0503 130 149 392 367 11 0.0502 698 0 951 208 13 0.0501 259 3 517 196 7 0.0500 510 795 769 1019
qpfjfxJZaGrZf728wchGh2mWAQ4TtN5d,0 0.0638 304 665 561 895 11 0.0617 299 792 559 1014 11 0.0611 381 661 634 880 8 0.0605 172 786 425 1010 0 0.0601 173 719 432 958 7 0.0599 184 535 434 770 11 0.0596 118 480 383 723 11 0.0591 292 536 550 762 0 0.0584 428 723 688 957 11 0.0579 434 599 693 824 5 0.0573 181 598 437 831 5 0.0566 118 472 376 725 11 0.0565 243 676 504 899 11 0.0564 168 788 427 1008 5 0.0563 297 778 558 1014 7 0.0562 300 533 554 766 7 0.0562 380 725 641 956 6 0.0559 386 659 640 886 11 0.0557 434 795 686 1014 0 0.0554 238 606 498 836 8 0.0550 122 477 373 728 0 0.0548 234 795 495 1023 7 0.0542 242 732 505 966 13 0.0541 241 603 507 833 0 0.0540 263 470 510 708 6 0.0539 186 601 443 832 8 0.0536 304 789 551 1017 13 0.0536 235 795 500 1023 7 0.0534 241 604 504 835 7 0.0533 442 787 696 1019 3 0.0533 265 474 507 712 0 0.0532 436 596 691 831 6 0.0526 246 536 493 769 11 0.0524 443 472 695 697 5 0.0524 303 657 559 888 6 0.0524 173 720 435 949 3 0.0523 245 672 504 910 0 0.0522 121 477 380 725 5 0.0519 167 778 426 1012 13 0.0519 182 536 436 773 2 0.0518 184 542 432 772 10 0.0518 182 607 442 832 6 0.0517 249 670 508 903 5 0.0516 259 466 506 704 8 0.0516 387 655 628 886 8 0.0515 240 603 489 834 10 0.0513 241 543 491 766 7 0.0512 443 528 698 761 8 0.0510 442 532 686 763 8 0.0510 585 550 831 785 6 0.0509 127 475 382 729 5 0.0509 429 783 685 1014 3 0.0509 183 541 430 777 13 0.0506 175 720 442 954 8 0.0505 265 472 499 708 6 0.0505 231 800 497 1020 6 0.0504 300 599 559 829 13 0.0502 301 534 558 767 5 0.0502 367 716 627 953 0 0.0502 493 805 746 1023 5 0.0501 630 0 889 199
tCMW91DDLelvp1vwHQPXINKZyXVj6Unr,5 0.0635 360 797 626 1019 10 0.0582 293 804 562 1022 11 0.0581 364 802 627 1020 13 0.0578 440 790 690 1018 13 0.0577 301 801 573 1023 0 0.0574 438 725 695 957 8 0.0566 439 791 678 1014 7 0.0562 301 799 568 1022 11 0.0552 434 729 693 949 7 0.0541 440 791 691 1018 11 0.0540 387 397 662 631 10 0.0538 433 793 685 1017 5 0.0536 433 722 687 952 0 0.0533 366 799 629 1023 3 0.0530 439 790 686 1021 0 0.0530 496 797 757 1010 5 0.0522 487 794 745 1005 6 0.0512 389 403 665 636 8 0.0504 299 798 557 1022 0 0.0503 393 398 664 637 6 0.0503 300 800 567 1022 13 0.0500 392 397 666 635
Mtbte1tN0SvoV07eidUvGVdpV1Hdekpb,0 0.0539 506 413 746 651 0 0.0533 401 344 659 586 0 0.0530 283 548 637 737 7 0.0515 408 338 662 583 0 0.0513 273 681 623 871 11 0.0512 267 686 627 866 5 0.0509 498 407 739 644 11 0.0507 383 402 637 650 5 0.0501 692 222 961 446
STxKimCbDTERnaPkOyY0GlIrRVY71raD,0 0.0576 382 653 637 894 11 0.0568 322 650 579 881 5 0.0567 445 781 684 1018 6 0.0561 328 645 581 889 0 0.0559 446 334 708 558 0 0.0558 391 455 644 707 5 0.0551 376 650 635 889 5 0.0550 386 448 641 702 8 0.0549 447 335 701 556 3 0.0547 452 334 706 561 0 0.0537 254 577 507 837 11 0.0535 444 338 710 552 7 0.0528 449 333 711 558 7 0.0524 386 657 641 896 6 0.0524 392 456 649 705 0 0.0519 446 789 692 1023 11 0.0518 311 402 585 646 10 0.0515 391 457 647 703 8 0.0513 261 648 509 889 5 0.0512 308 394 579 642 13 0.0509 394 456 650 705 13 0.0508 389 592 644 836 0 0.0507 315 397 584 647 11 0.0505 450 787 687 1016 8 0.0505 393 454 636 702 6 0.0504 445 668 711 901 5 0.0504 439 327 705 552 8 0.0503 446 526 694 765 11 0.0503 439 673 706 898 0 0.0503 318 716 568 959 11 0.0501 388 457 646 702 11 0.0500 442 531 703 763 7 0.0500 316 395 583 650
5O4lU633xp1RQs4OAksf0cbcKuv1nXOx,11 0.0624 316 603 575 835 5 0.0612 442 589 687 825 11 0.0581 446 596 692 821 7 0.0580 181 604 444 830 6 0.0577 447 596 695 826 0 0.0574 377 596 627 832 7 0.0570 453 591 692 826 11 0.0563 238 660 509 891 11 0.0562 177 604 445 828 8 0.0561 444 593 683 825 8 0.0559 244 657 502 894 5 0.0551 312 597 570 835 7 0.0545 320 598 577 838 6 0.0542 318 603 580 837 8 0.0539 316 599 567 837 0 0.0538 249 599 508 835 11 0.0531 309 321 577 554 5 0.0524 176 599 438 827 7 0.0522 77 605 318 842 7 0.0520 316 317 581 552 7 0.0519 245 655 515 895 10 0.0515 316 604 572 836 8 0.0511 322 267 567 487 13 0.0511 380 596 633 835 8 0.0511 178 603 434 830 6 0.0505 178 602 450 830 0 0.0503 309 324 580 558 11 0.0501 766 213 1021 436
kZJ3qcdlSXU6EFVMuVWqloILVc9LcsDU,11 0.0587 258 5 508 239 5 0.0584 175 451 433 711 7 0.0581 264 2 514 245 5 0.0578 258 0 504 244 13 0.0575 527 398 786 625 11 0.0561 521 398 775 624 6 0.0561 322 17 582 246 8 0.0559 517 394 772 629 0 0.0551 322 15 578 245 11 0.0550 185 396 447 642 5 0.0546 439 463 692 696 8 0.0546 445 465 690 699 13 0.0544 260 2 517 245 11 0.0541 444 468 695 696 8 0.0537 262 8 503 238 0 0.0534 255 398 514 642 6 0.0532 201 0 449 247 11 0.0528 254 132 526 360 0 0.0528 445 469 695 703 7 0.0523 257 393 516 645 11 0.0522 490 15 745 231 8 0.0520 129 8 376 248 5 0.0519 184 329 450 571 5 0.0519 517 392 773 621 6 0.0518 499 17 749 232 5 0.0516 252 391 506 637 8 0.0516 498 17 737 235 5 0.0515 254 122 519 366 5 0.0515 114 544 387 792 7 0.0513 525 394 781 623 5 0.0512 126 0 379 250 13 0.0512 499 13 750 234 11 0.0511 523 267 788 508 8 0.0510 117 476 373 728 0 0.0510 201 1 445 245 10 0.0510 195 5 448 241 6 0.0510 450 467 703 700 11 0.0509 115 480 384 724 0 0.0509 124 403 382 649 13 0.0508 265 131 534 372 6 0.0508 183 453 441 716 3 0.0508 528 396 782 631 5 0.0504 492 10 741 231 3 0.0504 262 4 508 249 13 0.0502 261 396 522 643 0 0.0501 200 273 463 520
GHy4oLhHT7EdgdTQX8qs9YdgdoCbKHK3,8 0.0622 206 537 433 789 5 0.0594 198 457 438 711 11 0.0582 253 405 492 639 11 0.0576 302 483 555 715 0 0.0573 196 591 439 853 11 0.0573 364 424 624 653 8 0.0571 565 473 807 709 3 0.0558 205 536 436 796 0 0.0558 565 471 812 713 8 0.0558 262 466 491 713 5 0.0556 250 394 491 637 8 0.0556 259 665 491 913 7 0.0546 207 533 444 787 11 0.0545 563 471 813 708 8 0.0540 372 420 618 653 11 0.0540 200 465 443 711 0 0.0539 626 368 890 589 6 0.0539 264 467 500 711 11 0.0534 255 670 501 906 11 0.0532 193 595 438 845 6 0.0531 208 535 443 781 7 0.0529 264 465 501 714 5 0.0528 255 534 504 787 13 0.0523 263 540 509 794 0 0.0518 254 398 493 644 7 0.0516 435 409 698 649 3 0.0515 260 467 496 724 0 0.0513 260 538 507 790 8 0.0513 318 539 558 789 11 0.0509 629 371 889 584 3 0.0509 436 408 692 653 10 0.0507 263 470 500 712 2 0.0504 208 540 441 791 10 0.0502 566 474 817 707 0 0.0502 359 671 624 897 13 0.0502 568 473 819 710 0 0.0501 367 419 624 657
28WbutBGFrCozjRWzhCs4HgwpAp9c4jC,8 0.0686 97 803 436 984 7 0.0660 252 784 499 1023 8 0.0648 251 782 493 1023 5 0.0641 248 783 493 1022 7 0.0640 378 788 629 1023 0 0.0627 248 784 495 1023 5 0.0623 772 11 1021 256 5 0.0623 373 787 620 1019 11 0.0623 249 784 498 1020 8 0.0621 378 784 620 1023 11 0.0604 374 791 625 1020 6 0.0599 252 788 498 1023 10 0.0588 247 786 497 1022 0 0.0587 376 788 626 1023 13 0.0581 252 785 501 1023 6 0.0580 377 794 628 1023 11 0.0574 772 19 1022 257 8 0.0574 774 16 1016 257 9 0.0563 248 785 496 1022 13 0.0559 383 791 631 1023 10 0.0557 378 792 626 1022 5 0.0556 94 804 438 984 2 0.0554 251 787 495 1023 0 0.0554 775 20 1023 262 3 0.0539 254 785 495 1023 1 0.0522 248 778 495 1023 3 0.0521 380 787 626 1023 10 0.0518 773 20 1023 258 2 0.0512 376 793 628 1023 9 0.0509 373 791 625 1020 13 0.0506 779 15 1023 261 6 0.0505 780 18 1023 258 1 0.0504 373 782 627 1023 3 0.0503 780 20 1023 263
r787hjPCJ0B8IlQXUgQQQfbe1m6dTOm1,11 0.0604 384 656 642 888 7 0.0602 397 581 646 823 0 0.0599 263 451 495 695 7 0.0596 460 663 713 889 0 0.0580 456 666 706 893 11 0.0577 496 203 755 427 11 0.0575 455 587 711 814 8 0.0568 393 584 633 817 13 0.0567 397 582 648 820 13 0.0560 460 663 713 887 8 0.0552 500 144 747 371 7 0.0550 269 449 501 690 3 0.0547 270 450 499 695 8 0.0545 454 665 699 886 11 0.0544 261 453 499 690 5 0.0543 439 140 691 364 13 0.0541 269 446 502 696 8 0.0541 265 447 489 690 6 0.0539 392 654 647 888 5 0.0539 451 659 702 887 0 0.0538 500 325 765 558 0 0.0536 394 580 643 825 10 0.0532 443 150 697 367 3 0.0531 448 147 693 373 11 0.0530 563 265 839 490 3 0.0523 390 656 643 897 0 0.0523 498 202 748 430 5 0.0522 259 444 495 691 11 0.0520 628 144 895 371 6 0.0519 267 449 501 694 3 0.0517 460 587 709 821 7 0.0515 447 144 692 368 6 0.0515 449 149 696 366 13 0.0515 450 148 698 365 11 0.0509 433 736 700 955 2 0.0509 387 660 644 890 8 0.0509 569 201 828 437 0 0.0507 508 461 765 698 0 0.0505 562 265 831 495 3 0.0504 571 201 837 441 5 0.0503 567 130 832 365 8 0.0502 635 144 885 372
MAO6cST8KemLxBLQas38TzsQefcONye3,8 0.0646 330 667 694 837 0 0.0625 327 605 703 786 11 0.0589 1 424 237 639 7 0.0587 320 528 571 749 7 0.0586 331 605 705 783 8 0.0586 318 526 560 749 11 0.0581 455 282 709 515 0 0.0577 315 456 558 687 11 0.0576 317 672 705 836 0 0.0576 2 417 232 640 10 0.0562 325 608 702 780 11 0.0552 322 543 699 722 5 0.0548 311 521 564 746 5 0.0546 516 221 767 460 5 0.0542 325 602 694 779 8 0.0537 516 226 763 455 6 0.0535 330 607 706 782 13 0.0531 323 669 716 839 11 0.0527 307 457 559 683 13 0.0526 2 426 240 645 3 0.0526 8 419 230 646 7 0.0522 520 222 779 456 8 0.0521 1 420 227 637 5 0.0518 0 418 228 637 2 0.0517 326 608 700 780 8 0.0514 462 287 698 516 11 0.0512 379 393 622 625 13 0.0510 330 543 703 724 7 0.0508 3 423 231 642 0 0.0507 384 395 624 626
mJQGcv0v8JYMz1gW65eFmj6WM6j8GNXt,11 0.0571 319 254 585 498 8 0.0567 374 662 612 907 11 0.0557 432 667 693 900 11 0.0552 308 621 570 846 0 0.0543 370 655 623 908 5 0.0543 432 662 681 905 7 0.0542 521 767 773 1012 3 0.0537 385 254 646 514 11 0.0534 450 775 701 1004 11 0.0530 320 139 590 365 13 0.0527 518 765 773 1017 13 0.0519 377 659 626 909 5 0.0515 304 615 560 846 5 0.0515 375 251 640 502 0 0.0514 377 253 645 506 6 0.0513 518 764 767 1012 6 0.0511 387 314 644 566 2 0.0508 310 627 572 853 13 0.0501 324 199 591 440
qTpy4IAnaAONYYJS5h58F8J0i3NMpold,8 0.0682 305 450 561 700 5 0.0671 296 449 560 699 3 0.0668 305 397 564 643 8 0.0660 305 336 562 576 3 0.0650 377 455 626 707 11 0.0648 374 404 631 642 5 0.0646 372 396 630 643 3 0.0642 439 396 690 646 0 0.0641 305 451 564 702 5 0.0641 299 330 566 578 11 0.0639 367 512 621 750 11 0.0635 241 337 501 579 8 0.0629 310 209 563 443 6 0.0627 250 208 503 447 8 0.0623 179 457 433 702 3 0.0622 375 336 632 576 5 0.0622 240 264 494 505 11 0.0620 299 210 570 443 8 0.0620 185 333 427 577 13 0.0619 201 420 568 600 3 0.0618 307 272 566 514 8 0.0618 248 267 488 504 0 0.0617 305 332 570 579 8 0.0616 432 337 677 572 7 0.0613 308 331 569 579 10 0.0612 303 213 572 443 6 0.0610 245 337 502 581 7 0.0610 243 456 500 701 6 0.0606 309 271 568 512 7 0.0601 250 206 505 445 7 0.0601 188 392 436 634 2 0.0601 248 401 498 644 6 0.0598 208 487 578 667 10 0.0597 373 403 633 643 0 0.0596 177 459 440 706 0 0.0596 377 401 634 645 11 0.0593 238 515 492 754 0 0.0593 246 266 498 507 7 0.0591 377 456 627 706 11 0.0589 635 583 888 819 5 0.0586 178 330 434 576 13 0.0586 378 453 628 704 6 0.0585 362 209 629 435 5 0.0584 300 205 567 441 7 0.0584 374 271 639 514 8 0.0581 182 133 426 381 6 0.0580 438 399 692 644 13 0.0580 307 270 571 509 10 0.0579 368 277 638 515 11 0.0579 363 276 638 512 6 0.0579 372 338 633 572 11 0.0576 185 258 429 498 10 0.0575 303 338 569 577 0 0.0573 308 208 576 444 5 0.0573 185 194 434 434 5 0.0570 636 578 882 819 0 0.0569 183 335 436 581 7 0.0569 440 399 692 644 13 0.0568 375 333 637 570 10 0.0568 243 272 494 506 13 0.0566 439 397 695 641 0 0.0565 433 336 685 576 12 0.0565 307 331 570 578 9 0.0565 374 401 635 640 5 0.0565 427 331 682 570 12 0.0565 308 509 572 757 2 0.0564 375 457 624 703 3 0.0564 248 212 503 450 9 0.0561 244 398 499 639
rrAf4cYiKtrKq4IgmQr4NXSCebjFo8bk,0 0.0597 507 386 755 625 11 0.0594 435 448 702 677 11 0.0577 505 386 759 621 7 0.0577 444 396 696 627 7 0.0568 441 279 697 511 8 0.0560 509 378 750 623 3 0.0545 515 329 758 573 2 0.0544 508 389 756 626 11 0.0540 438 282 694 507 6 0.0540 441 283 696 510 3 0.0534 442 279 693 516 0 0.0534 0 102 246 322 5 0.0532 501 377 753 624 6 0.0531 444 399 694 626 5 0.0524 431 276 688 506 13 0.0522 513 383 764 625 0 0.0522 435 280 693 509 0 0.0521 436 448 701 682 3 0.0521 445 447 701 684 8 0.0520 0 95 238 323 5 0.0520 0 91 240 326 10 0.0513 505 386 756 625 10 0.0512 434 285 696 512 8 0.0505 437 278 686 509 8 0.0505 442 444 693 679 11 0.0503 307 459 579 698 6 0.0502 513 330 760 566 10 0.0501 0 104 247 325
khMfCBOdEZfNgj45ilN68ZuwVns7KEvf,0 0.0578 635 392 899 633 5 0.0564 567 449 826 697 13 0.0559 575 453 838 699 0 0.0558 570 454 831 699 11 0.0542 572 452 829 695 13 0.0538 238 784 500 1023 2 0.0535 574 461 831 696 6 0.0534 309 791 553 1023 10 0.0532 569 456 829 699 5 0.0529 296 782 541 1023 5 0.0526 634 388 897 627 7 0.0524 310 789 551 1023 3 0.0524 577 453 830 703 7 0.0523 573 450 834 699 5 0.0522 357 720 616 961 6 0.0518 363 727 627 963 0 0.0516 367 660 622 905 5 0.0513 431 799 679 1015 11 0.0511 635 391 903 625 0 0.0507 443 805 683 1020 7 0.0506 438 799 688 1023
Cevko701yXlvb1eWUiHkx925pYriTcGY,8 0.0640 6 769 233 1008 0 0.0634 132 788 374 1016 11 0.0597 132 787 373 1013 8 0.0592 138 783 367 1015 7 0.0592 5 717 238 956 11 0.0591 4 773 239 1007 0 0.0590 0 721 237 957 8 0.0583 79 667 297 891 3 0.0579 7 769 235 1014 5 0.0577 131 782 368 1014 2 0.0576 6 773 240 1006 6 0.0575 7 769 242 1006 5 0.0571 0 769 232 1004 7 0.0548 145 715 378 945 5 0.0546 437 390 707 637 11 0.0543 73 671 302 894 1 0.0543 0 765 236 1010 6 0.0536 444 392 712 638 6 0.0533 77 670 306 887 3 0.0529 137 780 370 1019 11 0.0529 436 399 708 639 8 0.0526 443 398 702 638 13 0.0525 135 785 377 1019 2 0.0522 136 787 373 1013 7 0.0519 574 464 838 698 13 0.0517 574 463 837 700 0 0.0516 70 673 305 897 7 0.0514 75 668 306 896 12 0.0512 4 770 239 1008 0 0.0510 440 395 708 639 3 0.0510 449 398 709 642 0 0.0509 571 466 827 701 13 0.0508 5 772 243 1010 10 0.0506 141 722 373 942 3 0.0506 77 671 300 899 6 0.0506 136 785 375 1014 6 0.0505 577 460 832 698 5 0.0501 561 458 827 696
2LMzHNku8edcJqiyvt23SjmkIfUXq93X,11 0.0635 366 531 649 755 5 0.0618 233 787 492 1018 0 0.0616 239 788 495 1023 11 0.0614 309 659 585 884 0 0.0613 312 731 581 962 13 0.0609 244 790 501 1023 7 0.0603 386 727 650 952 5 0.0600 305 653 582 884 5 0.0598 375 723 642 946 7 0.0584 443 793 695 1023 5 0.0582 434 789 692 1019 8 0.0578 441 789 687 1023 7 0.0577 314 659 589 887 11 0.0577 373 790 640 1012 8 0.0575 241 789 491 1023 0 0.0575 313 590 583 830 7 0.0571 244 790 501 1023 11 0.0564 254 469 511 707 3 0.0561 376 785 643 1022 13 0.0561 377 789 646 1015 13 0.0561 319 592 587 827 11 0.0561 237 793 496 1023 3 0.0556 382 653 647 891 0 0.0555 379 653 651 890 6 0.0555 317 733 585 956 7 0.0551 385 593 662 828 8 0.0550 314 659 580 884 11 0.0547 325 401 587 629 6 0.0545 243 792 499 1022 13 0.0543 261 531 513 776 10 0.0542 239 794 497 1021 3 0.0535 242 792 499 1023 10 0.0532 372 789 642 1013 5 0.0532 383 0 658 229 5 0.0529 254 526 508 768 10 0.0529 310 662 587 883 8 0.0529 374 528 642 758 0 0.0516 12 0 371 158 13 0.0516 376 530 652 758 11 0.0515 445 733 703 950 5 0.0515 377 592 649 823 0 0.0515 256 467 506 714 9 0.0514 435 796 694 1019 13 0.0514 385 653 651 887 3 0.0514 317 592 583 830 7 0.0512 263 527 510 769 6 0.0507 264 528 513 766 2 0.0502 441 799 695 1023 2 0.0502 243 791 495 1023 2 0.0502 316 595 586 824 6 0.0501 445 728 708 954 9 0.0500 238 792 498 1019
KvSWfazJqxoEYEpGNlDHHfnz6kuYZwCq,0 0.0544 567 330 808 559 11 0.0503 677 405 934 626 5 0.0501 765 389 1018 631
v80LAvT3B6scNmpzYFJXiruyFOrJlNWy,7 0.0641 144 867 513 1023 0 0.0638 145 870 509 1023 5 0.0631 138 866 504 1020 8 0.0625 143 869 501 1023 11 0.0610 140 870 510 1021 10 0.0591 73 874 443 1023 6 0.0582 147 873 510 1023 8 0.0550 4 783 230 1023 2 0.0541 78 874 445 1023 13 0.0537 123 792 371 1023 3 0.0528 146 869 508 1023 7 0.0526 5 784 241 1023 11 0.0520 186 475 439 696 9 0.0515 137 870 510 1022 5 0.0503 0 782 228 1019
aTUErWD5cQ2DHLtiCNbAC3WehAziM3zF,11 0.0652 1 605 228 829 11 0.0630 11 727 254 940 8 0.0613 2 606 214 834 8 0.0596 6 727 248 945 11 0.0582 307 802 571 1020 11 0.0576 436 799 693 1023 8 0.0574 384 797 630 1023 13 0.0574 317 800 576 1023 0 0.0567 0 609 222 837 6 0.0563 383 797 640 1023 8 0.0559 577 158 806 383 5 0.0558 311 192 577 425 5 0.0552 307 798 564 1021 11 0.0552 562 214 811 437 0 0.0549 2 729 252 949 11 0.0547 370 733 641 953 0 0.0545 317 199 584 430 7 0.0542 9 725 253 946 3 0.0542 386 193 641 431 7 0.0541 441 797 698 1023 5 0.0541 2 793 251 1016 5 0.0532 432 794 687 1019 8 0.0531 496 787 740 1023 0 0.0530 253 274 517 501 8 0.0529 242 806 491 1021 7 0.0529 3 607 225 833 8 0.0526 322 200 572 430 11 0.0519 562 660 805 885 13 0.0518 461 470 701 718 13 0.0518 9 795 262 1020 3 0.0516 383 797 635 1023 10 0.0516 454 476 694 717 11 0.0516 452 474 694 715 11 0.0514 0 4 250 200 5 0.0514 429 186 710 417 13 0.0513 257 272 523 509 11 0.0513 751 1 1023 196 0 0.0511 579 160 812 385 11 0.0511 492 721 756 961 6 0.0510 460 473 697 715 6 0.0509 439 721 703 958 2 0.0508 436 800 695 1023 0 0.0507 235 809 499 1023 11 0.0506 497 590 746 822 7 0.0506 460 468 695 715 5 0.0505 249 267 507 497 7 0.0504 313 801 575 1023 13 0.0504 313 134 570 362 13 0.0503 385 195 649 423 1 0.0503 0 789 253 1017 3 0.0502 3 608 222 841 11 0.0502 313 200 586 427 11 0.0501 620 790 865 1011 6 0.0500 6 799 256 1018 10 0.0500 0 612 224 836
s0trb8sEaPI8TfLXc4YiUo5yJKTVEwQu,11 0.0596 329 476 687 657 5 0.0593 327 469 682 657 8 0.0581 334 473 677 656 11 0.0580 382 325 636 564 0 0.0574 303 587 570 840 5 0.0573 377 516 625 755 8 0.0569 382 516 620 758 5 0.0567 234 516 499 768 6 0.0556 339 475 695 658 3 0.0555 338 473 684 666 2 0.0551 309 593 572 841 0 0.0547 305 460 559 694 7 0.0544 311 516 571 761 11 0.0544 235 582 505 834 6 0.0542 384 525 636 758 0 0.0541 238 522 506 773 7 0.0539 346 415 693 597 5 0.0536 432 590 698 834 8 0.0536 383 322 625 564 11 0.0533 240 466 496 704 5 0.0533 303 578 564 833 0 0.0531 335 417 685 599 8 0.0527 15 0 367 139 13 0.0527 313 519 573 756 2 0.0523 240 528 505 773 3 0.0522 311 516 566 763 8 0.0520 240 522 495 774 8 0.0520 304 582 564 837 13 0.0519 244 462 499 705 10 0.0516 331 477 692 658 11 0.0511 10 2 388 140 6 0.0511 388 324 638 565 8 0.0509 226 350 568 536 0 0.0507 378 527 628 763 6 0.0504 185 470 444 710
Y6YYo3WAjkiBIuCNIYr6GFkbIhnvfj8e,8 0.0648 514 123 751 379 5 0.0643 500 195 751 443 11 0.0637 318 272 578 509 11 0.0634 504 200 755 442 8 0.0632 504 263 762 516 3 0.0631 509 198 757 452 0 0.0628 504 266 767 517 11 0.0623 434 335 703 585 5 0.0621 538 342 900 521 6 0.0614 507 199 759 445 11 0.0613 535 344 908 522 7 0.0607 518 126 759 379 0 0.0604 373 264 637 519 8 0.0602 375 266 630 515 11 0.0591 313 149 571 398 7 0.0588 395 83 645 331 11 0.0585 390 85 643 325 11 0.0584 243 396 504 628 5 0.0582 438 257 697 518 8 0.0581 318 148 561 398 8 0.0578 247 391 494 630 13 0.0575 402 349 770 534 10 0.0573 507 202 756 444 7 0.0571 511 264 767 518 6 0.0569 396 83 646 328 3 0.0569 393 84 647 335 8 0.0569 251 22 493 264 8 0.0566 319 336 573 576 0 0.0566 255 523 508 765 8 0.0564 123 588 378 830 6 0.0564 443 261 704 520 0 0.0564 319 143 565 401 11 0.0563 324 22 570 259 13 0.0562 391 141 635 392 3 0.0561 446 262 704 523 11 0.0559 359 402 633 637 5 0.0556 255 519 506 760 2 0.0555 507 205 755 443 5 0.0554 312 141 563 395 11 0.0553 253 524 508 761 5 0.0553 244 388 502 627 8 0.0553 430 469 676 711 11 0.0550 424 469 685 706 3 0.0549 554 344 903 528 10 0.0549 387 145 632 390 0 0.0549 454 135 699 391 10 0.0548 400 352 764 535 10 0.0548 327 28 569 259 5 0.0548 317 267 572 509 10 0.0547 313 338 577 576 13 0.0543 303 462 570 698 0 0.0543 326 17 568 262 2 0.0541 444 266 700 519 5 0.0541 324 18 566 258 13 0.0539 363 400 639 639 8 0.0539 304 463 556 695 5 0.0538 385 78 642 327 10 0.0536 245 396 502 627 11 0.0535 636 396 917 629 7 0.0535 376 265 639 513 3 0.0535 250 394 500 635 13 0.0535 433 471 691 711 12 0.0535 457 135 699 387 13 0.0534 323 269 583 514 6 0.0534 552 344 912 523 9 0.0534 451 138 698 380 13 0.0533 514 131 760 380 3 0.0532 329 21 567 266 7 0.0531 330 19 570 263 7 0.0529 249 391 504 626 11 0.0528 118 588 385 826 6 0.0528 330 20 569 258 7 0.0526 433 468 688 711 13 0.0525 126 591 391 833 7 0.0525 320 148 570 400 6 0.0523 261 520 509 763 13 0.0522 573 541 830 778 3 0.0522 326 275 575 517
Kfs7NMgY49RJvKOr91pGBGFtgQOLepZJ,5 0.0628 383 392 642 644 11 0.0620 383 396 641 645 0 0.0620 385 394 646 649 3 0.0607 287 348 657 540 10 0.0599 382 399 645 647 11 0.0595 280 350 655 534 8 0.0589 386 394 639 647 7 0.0589 375 732 645 966 0 0.0586 423 604 688 828 7 0.0585 383 394 650 647 11 0.0584 367 731 642 963 7 0.0583 323 526 575 768 3 0.0582 387 394 644 651 5 0.0579 361 728 635 962 13 0.0579 386 398 650 647 11 0.0579 321 523 571 763 11 0.0577 427 608 687 822 8 0.0576 285 347 648 537 6 0.0568 386 397 645 645 5 0.0566 276 345 654 535 0 0.0565 431 734 692 963 8 0.0559 326 527 566 766 0 0.0558 322 524 574 772 0 0.0550 560 593 809 831 6 0.0548 505 608 753 827 6 0.0546 284 350 664 539 0 0.0544 261 208 505 437 10 0.0544 367 732 639 962 10 0.0543 282 354 657 535 11 0.0543 569 530 823 757 13 0.0543 317 740 577 966 10 0.0542 427 608 684 823 7 0.0540 283 344 667 537 0 0.0539 285 347 658 538 5 0.0537 491 603 742 825 2 0.0536 326 393 582 643 10 0.0530 324 530 566 764 13 0.0529 286 351 665 540 3 0.0528 375 731 641 969 4 0.0527 386 399 647 648 8 0.0520 575 531 818 758 3 0.0518 326 528 570 774 5 0.0517 339 671 698 849 5 0.0515 567 526 822 753 1 0.0514 382 388 643 647 13 0.0513 325 526 575 766 5 0.0512 319 519 568 762 8 0.0511 434 606 679 823 13 0.0510 438 736 697 963 7 0.0510 430 608 690 826 8 0.0510 320 677 573 903 3 0.0507 434 604 686 830 7 0.0507 572 531 830 757 6 0.0504 574 529 829 756 12 0.0501 386 394 644 646 2 0.0500 283 353 655 537
8jtMuqQehXogjNwIPGiSZUpBCiMRtroh,5 0.0680 420 781 681 1020 7 0.0633 430 784 689 1023 7 0.0616 307 740 570 969 5 0.0609 498 711 760 963 10 0.0608 425 787 683 1023 3 0.0606 431 785 684 1023 11 0.0602 300 742 564 968 8 0.0601 431 782 676 1023 11 0.0595 325 610 710 800 5 0.0593 314 668 704 864 13 0.0591 308 741 572 971 3 0.0578 508 716 762 973 11 0.0576 428 723 694 964 0 0.0574 504 716 765 969 0 0.0566 427 786 686 1023 9 0.0561 360 787 623 1018 8 0.0559 507 712 758 967 6 0.0557 375 724 631 960 10 0.0557 299 741 565 969 7 0.0556 507 716 768 966 2 0.0556 431 789 685 1023 3 0.0554 327 674 711 872 11 0.0551 503 654 766 896 0 0.0547 378 527 642 761 6 0.0545 339 609 716 804 0 0.0540 307 660 568 898 8 0.0539 47 0 298 195 7 0.0534 318 509 574 754 7 0.0533 334 609 712 806 7 0.0530 380 655 638 897 10 0.0526 500 718 764 967 6 0.0525 511 650 766 901 11 0.0523 376 525 642 753 13 0.0522 439 722 702 970 6 0.0518 315 664 569 893 13 0.0516 382 653 635 898 10 0.0515 319 674 709 867 5 0.0513 375 517 634 760 13 0.0511 407 549 771 730 7 0.0511 410 546 770 730 0 0.0510 618 655 886 892 2 0.0507 504 721 763 966 8 0.0506 304 737 561 968 1 0.0506 361 777 624 1023 11 0.0500 616 658 890 886
4LaZvYv99Z8ClfB1dPTfegBjvjO2v6ZY,11 0.0557 510 459 763 693 11 0.0538 304 597 570 831 11 0.0531 230 0 505 199 8 0.0529 515 458 755 698 6 0.0528 515 458 766 696 8 0.0525 310 596 567 830 5 0.0508 304 590 567 828 0 0.0504 510 461 765 699 0 0.0503 364 656 624 897 13 0.0500 515 460 768 698
gDcRDYgs3PQD9xjw0SruaZhp8F5Sic77,7 0.0522 432 802 687 1022 13 0.0503 433 804 692 1023 5 0.0503 422 798 680 1020 11 0.0500 426 805 681 1022
L0iD5dZyEcauy1UlWDt81FRYeHSstwJv,5 0.0674 314 266 563 498 7 0.0611 363 262 630 495 5 0.0599 252 339 497 577 13 0.0596 320 268 574 502 5 0.0591 298 149 562 399 8 0.0589 321 268 558 497 8 0.0582 259 342 497 578 11 0.0580 315 273 571 499 0 0.0579 313 267 565 501 0 0.0578 254 338 498 581 7 0.0569 202 207 457 448 13 0.0568 261 345 506 581 11 0.0567 255 346 503 577 0 0.0561 190 274 445 508 3 0.0556 319 271 568 506 13 0.0555 196 281 453 508 11 0.0555 191 283 446 505 5 0.0555 183 275 437 504 8 0.0546 253 201 486 445 11 0.0537 303 162 568 401 7 0.0537 260 343 499 577 3 0.0535 260 344 501 582 13 0.0525 180 139 454 373 0 0.0523 169 138 445 376 10 0.0519 319 281 568 500 6 0.0518 258 345 510 577 13 0.0518 256 204 506 447 6 0.0518 364 269 637 495 11 0.0517 365 741 641 952 6 0.0514 193 283 458 505 7 0.0514 373 143 638 387 7 0.0514 10 653 258 898 5 0.0507 168 69 448 317
NIbZaYatxbHSvqV5VnkM0QFi2jhUjLOp,11 0.0594 373 596 639 832 8 0.0584 577 349 816 579 0 0.0576 575 355 825 581 5 0.0570 636 275 883 525 5 0.0570 567 352 819 578 0 0.0562 252 279 513 508 7 0.0562 312 589 579 833 5 0.0559 302 583 574 827 5 0.0552 250 273 505 505 13 0.0552 313 586 584 828 11 0.0552 435 662 704 901 7 0.0549 322 272 580 508 8 0.0548 377 595 635 839 0 0.0546 693 0 954 194 0 0.0544 313 198 572 443 5 0.0542 321 124 587 364 11 0.0541 567 352 819 578 7 0.0539 442 589 702 842 11 0.0535 251 207 511 452 8 0.0530 440 657 696 907 8 0.0524 641 280 884 535 7 0.0524 385 658 643 909 8 0.0524 319 274 570 508 0 0.0520 437 589 697 839 11 0.0518 319 273 579 505 11 0.0516 329 127 599 369 3 0.0515 379 595 640 843 10 0.0515 754 18 1007 250 5 0.0514 433 587 698 835 6 0.0513 313 588 582 830 5 0.0509 373 655 638 903 0 0.0507 640 283 893 532 13 0.0506 444 591 707 838 5 0.0505 751 13 1010 247 11 0.0505 442 792 700 1003 6 0.0504 438 592 701 837 8 0.0504 250 207 500 453 13 0.0503 385 658 647 904 7 0.0502 253 204 508 452 2 0.0502 251 216 506 451
h9f4mKEO9bRpcuwqqE7q14xuYnusAtLI,5 0.0698 195 865 561 1022 7 0.0649 199 867 567 1023 8 0.0647 198 867 561 1023 0 0.0605 200 868 565 1023 10 0.0604 198 871 569 1023 11 0.0593 197 869 565 1022 6 0.0583 204 871 567 1023 13 0.0575 202 871 574 1023 2 0.0555 199 872 567 1023 9 0.0547 197 868 569 1022 3 0.0545 202 867 566 1023 4 0.0503 193 869 572 1023 1 0.0502 198 867 566 1023
fRLcXoRQjL0ZU9WdRJUdxbajJ84LiAuX,8 0.0622 393 343 641 582 7 0.0599 397 339 654 583 11 0.0596 390 340 648 578 8 0.0571 307 274 555 515 5 0.0567 381 270 640 518 8 0.0559 382 158 623 398 11 0.0557 382 226 636 458 11 0.0557 304 270 560 512 3 0.0555 399 339 648 589 5 0.0550 210 0 579 157 0 0.0549 307 272 559 523 0 0.0547 441 222 700 459 11 0.0546 208 1 584 156 8 0.0536 437 274 697 512 0 0.0534 441 402 697 643 6 0.0533 445 401 698 640 8 0.0532 446 670 693 905 5 0.0532 378 158 626 397 7 0.0531 388 226 642 462 0 0.0531 380 162 630 403 10 0.0529 212 5 587 159 8 0.0527 215 2 579 159 7 0.0521 222 0 595 160 2 0.0516 216 3 582 159 13 0.0513 392 344 654 581 13 0.0507 308 275 569 517 0 0.0506 443 668 701 909 8 0.0500 456 81 681 321
xJwd6PsiJzPdhIowW4ufSmO3MwCFDrDg,6 0.0562 573 401 825 635 0 0.0532 568 398 818 642 11 0.0529 565 405 823 639 11 0.0525 372 788 635 1013 5 0.0521 568 280 817 528 6 0.0514 578 284 825 524 8 0.0513 569 397 812 639 5 0.0513 602 645 879 882 8 0.0510 574 285 815 528 7 0.0507 376 784 643 1019 13 0.0502 575 288 830 529 0 0.0501 572 285 818 531 8 0.0501 428 351 679 580
X4jCJjB4n2Pja8zz1JIl3yjxIEJqgyCR,11 0.0611 395 595 636 835 11 0.0597 307 655 569 892 8 0.0584 392 596 629 839 11 0.0582 496 738 761 970 8 0.0580 497 733 759 973 8 0.0576 309 654 562 897 3 0.0563 251 393 507 634 5 0.0562 493 732 758 971 11 0.0557 328 520 577 761 10 0.0553 393 597 635 840 13 0.0546 397 595 643 842 5 0.0546 392 592 632 837 0 0.0545 393 597 637 839 0 0.0544 497 736 763 975 5 0.0542 197 669 584 848 11 0.0540 252 284 515 510 7 0.0539 334 518 584 765 3 0.0538 399 595 633 842 8 0.0536 327 524 570 765 10 0.0533 203 672 588 849 0 0.0533 307 658 569 897 11 0.0533 244 398 509 626 7 0.0532 314 655 575 894 6 0.0529 208 671 594 850 7 0.0529 401 593 640 840 3 0.0528 311 655 567 899 6 0.0528 399 597 638 840 7 0.0525 256 279 514 510 5 0.0524 323 521 575 765 7 0.0521 250 394 514 629 8 0.0518 249 399 499 629 10 0.0517 495 740 763 971 13 0.0516 207 671 601 850 0 0.0514 182 720 432 968 3 0.0513 332 521 578 772 5 0.0512 243 389 504 629 7 0.0511 501 732 771 973 13 0.0509 333 522 582 771 0 0.0508 326 520 578 767 6 0.0508 332 522 582 769 11 0.0506 184 660 438 893 11 0.0506 251 591 508 827 11 0.0503 722 239 968 461 13 0.0502 502 736 772 975
HA1rK28KYJeL6VmUEZJkgbkCe3Ivs5hH,5 0.0678 253 448 496 689 11 0.0616 253 454 497 694 0 0.0606 256 451 499 697 5 0.0604 182 514 417 754 7 0.0603 256 455 499 692 5 0.0598 323 392 574 629 0 0.0590 326 395 574 636 8 0.0587 246 517 474 751 8 0.0559 267 388 502 642 11 0.0551 324 397 574 632 7 0.0534 327 398 579 635 2 0.0533 266 397 508 640 3 0.0533 267 389 508 648 11 0.0532 186 525 419 757 7 0.0526 181 255 420 501 0 0.0526 176 257 416 508 7 0.0519 189 524 421 761 6 0.0518 331 395 579 635 3 0.0516 247 522 481 757 13 0.0515 269 389 514 645 6 0.0512 190 523 427 756 0 0.0510 190 520 423 763 13 0.0508 183 261 425 509 10 0.0508 246 520 480 752 6 0.0507 258 456 503 693
7tXk4Dt5JQq5O3z5LG3iuONbnnGEMeg6,11 0.0664 562 484 828 722 3 0.0639 499 347 754 594 11 0.0623 450 395 700 625 8 0.0620 396 545 765 732 8 0.0619 563 481 818 728 7 0.0615 505 406 754 645 13 0.0612 570 486 827 726 7 0.0606 454 326 705 569 5 0.0603 549 407 815 647 8 0.0602 497 401 745 645 3 0.0600 406 480 767 667 0 0.0590 495 346 756 593 3 0.0590 559 413 817 655 13 0.0589 501 404 755 644 11 0.0583 388 546 780 730 8 0.0577 566 340 820 578 5 0.0570 388 478 766 663 10 0.0565 498 406 752 646 13 0.0565 454 324 707 568 11 0.0564 575 279 842 515 0 0.0563 500 211 773 458 5 0.0562 445 321 694 569 7 0.0561 571 481 828 725 0 0.0561 631 277 892 517 6 0.0556 500 345 759 592 8 0.0556 178 487 432 707 13 0.0555 571 343 830 576 11 0.0551 503 212 774 452 10 0.0551 567 489 825 722 5 0.0551 571 274 838 519 7 0.0547 571 344 833 578 8 0.0545 491 273 757 521 0 0.0544 577 658 823 895 11 0.0543 636 805 877 1020 2 0.0542 567 347 830 575 8 0.0540 366 592 613 827 11 0.0537 567 661 822 890 3 0.0535 575 282 843 527 6 0.0534 561 412 824 650 10 0.0533 565 344 826 577 2 0.0532 498 409 750 644 0 0.0532 566 486 825 725 8 0.0531 312 465 549 697 2 0.0531 494 280 763 521 0 0.0525 393 544 773 733 10 0.0521 446 330 700 573 8 0.0517 574 657 814 895 13 0.0512 511 143 786 381 9 0.0512 566 345 826 573 11 0.0510 358 591 624 825 5 0.0510 495 207 768 456 11 0.0510 174 491 442 702 0 0.0508 634 800 877 1023 7 0.0506 637 274 901 517 1 0.0506 548 405 818 649 9 0.0506 493 404 750 640 6 0.0506 402 545 782 733 5 0.0502 631 465 908 698 5 0.0502 361 584 624 825 13 0.0501 577 656 831 892
gZlIp8TgNrSHkzdcWRwLieVw4UjzG8m9,8 0.0657 138 673 495 853 11 0.0630 571 667 827 899 5 0.0603 175 634 427 878 11 0.0601 177 638 429 873 11 0.0593 300 600 569 825 7 0.0592 310 597 570 827 7 0.0591 143 672 509 854 5 0.0583 573 593 817 827 0 0.0582 568 663 827 905 8 0.0578 309 599 560 829 0 0.0576 178 636 431 880 10 0.0565 131 619 494 788 6 0.0563 576 595 825 828 7 0.0562 573 663 831 903 8 0.0554 575 594 817 827 6 0.0546 179 639 431 880 3 0.0539 239 594 496 822 3 0.0534 574 665 830 907 10 0.0534 304 602 566 826 13 0.0526 308 598 579 831 2 0.0523 177 641 432 879 13 0.0519 579 597 829 831 1 0.0517 174 633 429 876 6 0.0515 306 601 568 827 10 0.0513 568 665 829 899 2 0.0511 570 667 832 902 13 0.0509 143 673 517 855 9 0.0506 173 637 433 874
7rzD8UvwvvyRKQt5U3JDougwkLEhtV1B,11 0.0631 386 538 642 774 11 0.0628 436 79 696 312 5 0.0625 374 589 625 834 8 0.0614 389 468 627 707 0 0.0602 388 533 640 780 8 0.0602 508 415 756 656 5 0.0600 247 598 495 834 11 0.0600 259 388 506 626 0 0.0599 243 667 507 903 7 0.0595 252 600 501 833 8 0.0594 380 597 622 836 7 0.0592 328 534 572 776 8 0.0591 440 671 688 904 8 0.0583 439 78 687 313 5 0.0582 382 458 629 707 0 0.0581 504 412 760 653 11 0.0580 240 667 505 894 8 0.0579 253 602 491 834 6 0.0578 392 469 636 707 0 0.0576 321 458 568 704 10 0.0575 376 595 630 832 7 0.0571 326 397 577 640 11 0.0570 319 463 566 697 13 0.0569 392 535 646 780 0 0.0567 438 80 691 317 6 0.0567 381 597 628 833 3 0.0567 391 534 641 781 8 0.0566 321 397 566 636 0 0.0566 366 663 628 902 5 0.0564 436 73 690 313 8 0.0563 326 536 564 773 5 0.0562 430 664 690 902 11 0.0562 500 415 763 650 11 0.0561 429 672 694 903 0 0.0555 263 533 497 768 7 0.0555 393 465 635 710 3 0.0554 446 80 694 320 3 0.0554 269 386 504 636 13 0.0550 442 82 697 316 8 0.0550 199 537 438 768 11 0.0547 259 531 496 758 5 0.0547 318 390 571 637 6 0.0545 508 415 767 654 6 0.0543 442 78 695 313 7 0.0542 256 458 499 695 3 0.0542 514 413 764 666 13 0.0540 251 666 512 900 6 0.0539 253 603 501 831 8 0.0537 251 459 488 690 13 0.0537 327 396 579 638 7 0.0532 443 77 695 315 10 0.0532 440 83 693 314 8 0.0531 117 613 361 844 10 0.0530 387 468 635 707 13 0.0528 511 415 770 656 13 0.0525 372 664 633 901 6 0.0524 326 399 574 636 10 0.0521 249 606 498 834 5 0.0520 247 453 494 692 1 0.0520 385 531 639 781 0 0.0518 263 386 509 633 3 0.0518 322 462 565 705 2 0.0518 380 598 628 837 5 0.0518 496 407 754 652 3 0.0516 255 603 496 839 8 0.0512 437 785 687 1012 7 0.0510 438 669 702 906 9 0.0508 387 466 630 705 2 0.0507 443 85 692 313 2 0.0507 390 472 635 709 3 0.0503 438 672 694 909 5 0.0502 114 610 365 845 10 0.0500 324 401 574 639
ED88j1aCIUqrEjy7IbgcLGIbeOC8DWXI,11 0.0631 310 788 559 1013 11 0.0609 438 749 696 963 7 0.0592 321 788 560 1018 5 0.0588 311 776 553 1016 8 0.0575 4 0 250 203 8 0.0572 318 788 550 1015 0 0.0570 2 1 262 206 7 0.0550 384 739 630 957 11 0.0550 419 287 708 506 8 0.0548 444 750 691 970 11 0.0541 182 792 442 1023 3 0.0541 447 751 694 978 11 0.0538 0 1 262 202 13 0.0538 5 28 262 267 5 0.0535 420 282 700 503 6 0.0531 447 750 701 966 13 0.0530 191 789 447 1023 3 0.0529 320 788 555 1023 7 0.0527 0 0 267 207 7 0.0522 195 791 447 1023 13 0.0520 450 749 706 970 5 0.0517 0 21 248 267 8 0.0515 427 287 697 508 6 0.0514 0 2 267 203 11 0.0512 703 675 965 899 6 0.0512 319 788 560 1016 8 0.0510 192 791 433 1021 3 0.0510 431 291 702 514 10 0.0509 313 792 558 1017 7 0.0508 425 286 708 510 3 0.0503 1 0 263 210
j8ucb4pF6s210AWzYbWtWDjkHDfEIvqh,8 0.0555 446 266 691 505 8 0.0538 510 348 750 585 11 0.0533 499 280 771 517 11 0.0528 369 467 639 703 8 0.0528 372 467 631 703 7 0.0526 446 267 702 504 5 0.0523 498 273 759 513 6 0.0517 509 278 769 515 0 0.0512 578 103 827 321 0 0.0511 505 351 760 583 13 0.0509 449 269 700 504 8 0.0504 572 285 807 530 0 0.0500 441 269 697 505
WM6cTKdjdEorVZkkmKdxVY3GNfyxU44a,7 0.0609 395 396 657 631 11 0.0608 296 592 567 820 0 0.0586 301 588 567 827 8 0.0580 386 339 646 574 11 0.0580 325 415 581 659 0 0.0578 383 339 654 576 5 0.0574 382 337 649 572 5 0.0568 321 406 573 651 11 0.0566 0 542 246 781 0 0.0565 328 413 581 660 8 0.0560 332 408 577 657 5 0.0553 295 583 562 820 8 0.0553 303 590 561 825 7 0.0549 299 591 574 824 0 0.0547 0 539 246 790 11 0.0545 389 345 656 574 8 0.0544 0 536 236 787 11 0.0531 437 82 701 302 10 0.0526 385 350 659 571 3 0.0525 388 342 654 578 8 0.0522 195 423 431 659 8 0.0518 259 356 509 598 5 0.0518 427 197 691 419 11 0.0516 434 198 704 422 2 0.0512 390 351 653 575 10 0.0512 434 207 699 422 10 0.0512 325 421 581 652 5 0.0508 0 535 238 787 13 0.0508 302 589 575 824 6 0.0507 299 593 573 822 2 0.0505 325 422 579 659 2 0.0503 297 595 569 825 8 0.0502 518 45 755 274 6 0.0501 384 463 660 698
UMVjzHzwyV9wV0WQPzF96MW9qYKFAmwm,11 0.0668 386 271 643 506 5 0.0663 566 399 813 637 8 0.0641 446 389 694 643 5 0.0635 515 320 756 575 5 0.0629 320 258 573 502 8 0.0627 570 402 805 634 0 0.0627 520 326 759 572 6 0.0621 457 457 705 709 5 0.0621 446 386 692 641 11 0.0613 513 452 759 694 11 0.0608 516 328 763 573 5 0.0607 247 403 504 643 7 0.0603 395 399 642 648 13 0.0599 450 394 703 642 8 0.0599 386 265 637 510 8 0.0598 516 324 756 574 0 0.0598 388 269 640 511 8 0.0594 440 522 685 759 0 0.0592 572 405 813 633 6 0.0590 327 263 582 506 11 0.0589 434 522 689 757 0 0.0585 243 257 496 507 9 0.0581 519 389 757 625 5 0.0577 448 205 697 437 2 0.0577 447 396 699 641 6 0.0577 521 384 760 632 0 0.0575 449 393 698 643 13 0.0574 520 454 764 694 3 0.0572 392 268 641 514 10 0.0568 388 273 642 512 7 0.0568 524 384 757 631 3 0.0566 451 392 697 648 11 0.0564 446 211 702 440 3 0.0564 574 405 814 640 10 0.0563 516 387 756 630 11 0.0563 237 259 498 498 13 0.0561 519 328 766 575 8 0.0561 571 524 811 762 13 0.0559 329 261 584 507 0 0.0558 439 522 691 763 3 0.0556 519 329 760 580 5 0.0554 433 578 693 826 11 0.0553 563 525 822 758 0 0.0552 126 335 410 591 5 0.0551 565 519 818 759 7 0.0551 330 263 581 507 11 0.0550 367 591 640 830 11 0.0549 635 330 878 569 0 0.0546 638 328 879 567 6 0.0546 574 460 827 698 8 0.0543 371 589 631 831 5 0.0543 125 330 401 583 2 0.0542 516 456 759 695 6 0.0542 250 189 504 441 13 0.0542 444 524 693 759 12 0.0541 447 392 698 643 8 0.0539 446 206 691 439 0 0.0537 451 211 698 439 12 0.0536 516 325 761 574 3 0.0531 453 210 698 447 0 0.0531 250 409 505 650 7 0.0530 518 523 761 754 7 0.0530 569 456 824 698 10 0.0530 454 455 701 706 5 0.0529 634 322 875 568 2 0.0528 518 330 760 574 2 0.0526 389 273 640 510 6 0.0526 254 410 513 645 9 0.0519 385 402 642 641 9 0.0519 453 458 699 703 1 0.0519 513 323 760 575 6 0.0519 455 214 703 436 6 0.0517 514 275 770 510 7 0.0517 378 530 631 768 7 0.0517 517 273 768 513 11 0.0517 429 662 701 894 3 0.0516 573 525 820 768 9 0.0515 383 267 641 504 6 0.0515 182 269 439 509 13 0.0514 252 405 512 647
sn78fsdxedQ8ki951SWXLwzJhJdVN4z2,11 0.0643 386 334 642 564 0 0.0623 303 274 564 498 8 0.0605 452 334 698 565 11 0.0600 246 389 500 618 11 0.0598 453 395 705 627 13 0.0595 239 328 488 557 11 0.0594 457 280 716 500 11 0.0585 228 265 497 498 7 0.0574 174 334 419 567 0 0.0571 390 336 637 568 11 0.0569 311 452 578 688 0 0.0565 309 388 557 621 5 0.0563 243 381 492 618 8 0.0562 379 273 634 506 0 0.0559 236 197 501 444 0 0.0558 1 287 201 542 8 0.0557 389 396 626 638 0 0.0557 232 330 483 557 13 0.0556 316 386 562 623 7 0.0554 252 387 498 618 0 0.0553 441 717 696 957 5 0.0552 452 279 707 502 8 0.0550 233 325 477 556 7 0.0549 458 335 707 561 5 0.0548 299 272 557 493 0 0.0546 456 282 714 503 0 0.0545 176 398 423 631 8 0.0545 178 395 420 633 11 0.0545 167 339 422 564 13 0.0543 457 336 712 564 13 0.0538 310 272 568 500 10 0.0536 305 331 551 550 11 0.0531 381 133 648 372 5 0.0530 384 394 629 634 7 0.0530 311 326 558 551 11 0.0529 438 725 699 950 7 0.0528 445 453 705 693 3 0.0528 251 390 498 625 7 0.0528 383 275 645 504 7 0.0525 447 721 697 957 0 0.0523 250 461 504 689 3 0.0521 306 326 555 558 13 0.0519 183 397 432 635 7 0.0516 445 579 708 826 0 0.0516 388 455 640 695 5 0.0515 437 717 691 950 10 0.0513 378 278 643 503 8 0.0511 239 193 492 445 7 0.0510 235 263 497 501 10 0.0509 248 390 494 617 13 0.0508 257 463 510 692 10 0.0507 456 337 704 564 6 0.0507 239 331 491 555 10 0.0506 441 723 696 955 3 0.0504 462 333 705 569 5 0.0504 230 195 495 435 3 0.0503 231 267 493 508 11 0.0503 435 584 705 822 2 0.0502 461 341 703 562 0 0.0501 453 397 705 632 5 0.0501 165 338 413 566
YmU3JJAEIxFa6krzF7mvUfTLbGuZgUHR,11 0.0588 429 661 691 902 11 0.0555 491 603 758 835 7 0.0550 318 586 567 822 7 0.0547 440 584 689 827 0 0.0534 431 585 685 833 5 0.0529 427 652 685 901 8 0.0529 436 588 675 831 11 0.0528 313 590 565 815 3 0.0522 441 658 688 911 7 0.0516 438 715 700 962 6 0.0509 439 587 687 826
Pejj33k9MabDnN9pBG4mO4ImROTuKu3x,11 0.0579 67 767 325 998 0 0.0566 69 765 325 1006 8 0.0556 75 767 318 1004 7 0.0555 77 767 329 1005 13 0.0525 75 769 335 1006 5 0.0521 64 763 318 1003 10 0.0501 69 773 323 1001 6 0.0500 75 769 328 1004
59J5oIM0etHAxUWjDlOCRMC9rtEqgope,11 0.0561 500 672 770 908 5 0.0549 419 716 682 961 8 0.0546 303 0 555 200 11 0.0540 505 801 755 1020 5 0.0530 502 665 763 912 11 0.0527 423 727 686 961 8 0.0523 119 0 463 145 8 0.0523 424 720 679 965 8 0.0523 506 669 759 914 0 0.0518 507 671 769 914 5 0.0517 504 787 748 1018 0 0.0516 303 0 561 201 7 0.0515 428 724 694 963 7 0.0510 512 794 762 1023 5 0.0509 246 15 504 249 7 0.0504 506 670 778 913
Jx9fw4nRk6TZll0W7aONMKZPDP6St3OX,0 0.0617 253 612 631 799 11 0.0609 383 462 636 702 5 0.0605 246 586 510 833 13 0.0594 325 521 584 768 5 0.0593 309 456 565 701 7 0.0592 251 662 517 898 7 0.0589 187 584 447 826 6 0.0589 317 461 570 707 8 0.0585 316 459 564 705 11 0.0580 304 586 573 825 8 0.0579 310 585 566 830 8 0.0578 254 202 494 450 7 0.0573 257 523 516 769 11 0.0570 244 464 508 707 6 0.0568 202 610 572 789 0 0.0567 314 456 568 708 5 0.0565 372 589 632 833 8 0.0562 247 662 509 899 5 0.0560 249 195 497 445 13 0.0560 255 460 511 710 6 0.0559 388 523 644 766 13 0.0558 193 725 465 961 7 0.0556 391 458 640 707 11 0.0553 246 204 505 446 10 0.0551 250 531 509 769 3 0.0550 318 459 569 711 13 0.0549 316 651 585 898 13 0.0547 257 200 508 450 3 0.0546 445 531 697 779 13 0.0546 391 461 641 706 11 0.0544 437 534 694 768 0 0.0544 194 208 443 459 2 0.0543 253 595 513 838 11 0.0542 179 589 445 823 8 0.0542 388 522 633 768 0 0.0541 432 604 700 842 5 0.0541 437 524 692 770 10 0.0540 263 671 633 855 0 0.0539 182 586 447 829 3 0.0538 311 588 572 833 8 0.0537 381 653 634 906 6 0.0535 248 662 518 899 6 0.0532 256 206 507 448 5 0.0530 185 724 449 956 2 0.0529 388 466 638 704 8 0.0529 182 588 436 828 7 0.0528 256 199 507 449 2 0.0526 210 546 567 728 10 0.0524 254 205 502 446 10 0.0523 316 463 566 706 7 0.0520 123 655 392 885 10 0.0518 386 527 639 767 5 0.0517 119 586 379 826 1 0.0516 303 579 570 831 11 0.0515 306 792 559 1021 3 0.0514 247 666 515 903 5 0.0514 489 609 755 834 13 0.0514 446 530 696 769 10 0.0512 179 589 443 826 0 0.0511 240 732 513 973 11 0.0509 509 206 765 443 12 0.0506 324 523 579 771 8 0.0506 514 205 756 444 6 0.0506 154 229 408 473 9 0.0506 384 462 637 700 7 0.0505 446 529 698 775 8 0.0504 146 221 389 475 9 0.0501 318 521 579 763
SqdMBuxDnpt1gjPqOxchegzufx3XpAHe,11 0.0598 380 282 633 504 5 0.0592 256 344 631 527 11 0.0589 265 419 646 599 8 0.0584 383 339 632 580 7 0.0579 338 786 701 979 0 0.0554 393 411 755 608 8 0.0553 312 276 559 509 8 0.0552 239 340 492 583 11 0.0550 325 790 693 975 11 0.0546 443 142 708 384 5 0.0546 244 404 507 644 13 0.0545 388 279 638 506 5 0.0543 374 215 635 444 7 0.0543 274 415 652 599 0 0.0541 332 786 696 982 5 0.0537 100 465 354 715 3 0.0535 338 787 692 984 8 0.0531 245 459 489 703 7 0.0530 450 140 711 386 13 0.0530 450 406 703 649 7 0.0529 389 275 636 504 8 0.0528 380 218 628 446 13 0.0526 254 411 514 651 6 0.0523 311 347 577 581 10 0.0522 312 282 563 508 8 0.0522 448 404 692 647 7 0.0517 455 466 708 718 0 0.0516 316 404 570 648 8 0.0515 446 139 699 382 5 0.0512 320 783 689 977 5 0.0511 389 413 753 606 0 0.0510 451 74 713 323 10 0.0508 332 790 696 978 10 0.0508 379 221 638 449 6 0.0507 338 787 700 979 11 0.0507 243 457 501 702 3 0.0505 455 76 712 323 5 0.0504 442 464 698 715 11 0.0503 392 488 768 668 10 0.0500 403 417 764 609
gU7NR5YOu5MABpKlSOHDmH2nhrtnjO5T,5 0.0582 556 790 822 1016 11 0.0562 624 654 874 896 0 0.0556 625 655 871 898 8 0.0549 630 652 868 899 5 0.0549 439 340 701 577 6 0.0549 635 655 875 900 11 0.0542 427 801 695 1015 5 0.0539 431 210 694 431 8 0.0539 500 521 751 763 7 0.0535 435 797 701 1021 11 0.0535 562 800 828 1011 0 0.0529 561 801 827 1020 8 0.0525 498 70 765 304 7 0.0525 567 798 830 1018 5 0.0523 358 81 627 308 0 0.0521 429 797 700 1021 10 0.0516 367 7 628 237 8 0.0515 439 465 693 693 6 0.0513 567 800 825 1016 10 0.0512 627 655 876 900 11 0.0512 425 82 699 300 8 0.0511 378 145 637 371 6 0.0507 450 348 718 579 0 0.0505 305 136 571 369 11 0.0503 374 145 641 370 11 0.0502 368 1 630 239 8 0.0502 559 800 820 1017 5 0.0501 235 260 502 491 7 0.0501 450 344 712 579 11 0.0501 443 463 704 693
w0rLLG2lH8HC4WMZu4sjNRht1ncRDuK2,8 0.0619 511 460 753 704 0 0.0608 507 516 757 761 5 0.0600 504 459 749 706 8 0.0599 559 277 819 505 7 0.0597 514 460 764 705 11 0.0595 558 343 824 572 11 0.0590 503 512 756 756 0 0.0568 518 404 766 647 5 0.0567 555 337 820 570 5 0.0562 499 265 756 503 11 0.0560 564 211 829 432 11 0.0559 503 268 760 503 0 0.0557 617 416 893 659 7 0.0557 563 283 829 504 8 0.0557 632 221 883 457 11 0.0556 623 287 894 510 3 0.0556 565 282 827 507 11 0.0554 615 422 892 662 6 0.0545 632 287 897 511 2 0.0537 507 277 763 504 2 0.0537 522 408 770 646 0 0.0527 453 339 708 569 3 0.0526 518 459 754 710 8 0.0521 623 354 886 591 0 0.0519 627 286 889 511 13 0.0518 509 512 763 757 6 0.0517 455 404 721 635 2 0.0515 456 344 708 569 0 0.0515 395 399 653 650 5 0.0514 393 326 642 566 2 0.0513 562 347 828 571 8 0.0512 402 326 640 571 6 0.0510 573 213 833 438 7 0.0510 623 357 901 593 0 0.0509 244 198 510 436 10 0.0508 519 406 768 646 13 0.0503 632 228 898 456 5 0.0501 557 210 824 434 6 0.0501 514 272 767 508
ewaKD0blpX9tFWALUhD2UeC9wSW62mhP,11 0.0574 533 548 812 770 7 0.0539 72 788 314 1023 7 0.0531 561 602 841 833 6 0.0522 72 789 316 1023 8 0.0515 549 611 823 828 5 0.0504 548 600 834 836
P1Anf2hCYoJW2qPL7glN30021vB6MGis,8 0.0600 570 215 816 451 0 0.0585 129 16 376 260 10 0.0567 131 21 378 259 11 0.0556 124 19 379 259 11 0.0553 181 783 437 1005 0 0.0551 569 215 823 450 5 0.0547 125 14 373 256 11 0.0531 196 672 443 895 8 0.0529 132 14 370 260 6 0.0520 133 19 382 261 3 0.0519 134 19 381 267 5 0.0516 567 214 820 448 7 0.0514 183 777 440 1007 8 0.0511 0 212 262 447 11 0.0511 118 204 407 436 13 0.0510 133 16 389 262 3 0.0509 578 217 824 461 6 0.0506 580 223 827 449 0 0.0504 241 6 482 251 11 0.0501 626 98 870 302
WcnwXn5D1MHZUjXu2Pm0ss29qjswArGt,11 0.0654 315 396 581 637 5 0.0620 270 414 635 596 7 0.0614 280 416 646 596 10 0.0610 313 460 577 700 8 0.0609 377 402 636 636 7 0.0608 318 457 579 701 5 0.0607 364 514 622 758 11 0.0603 285 542 640 719 8 0.0602 370 515 622 756 8 0.0595 250 401 504 637 0 0.0595 276 418 644 597 3 0.0592 324 351 587 591 3 0.0591 289 544 642 722 0 0.0585 286 542 640 724 5 0.0583 240 531 509 781 8 0.0582 245 536 507 779 6 0.0574 279 416 646 599 10 0.0571 377 404 641 634 0 0.0568 180 406 441 649 10 0.0567 244 406 508 638 11 0.0566 249 339 511 573 13 0.0559 376 454 639 693 9 0.0556 271 477 637 655 2 0.0555 275 419 641 597 5 0.0552 380 278 645 502 6 0.0547 372 517 632 760 13 0.0542 325 352 592 589 7 0.0539 250 534 513 781 11 0.0536 318 288 584 518 13 0.0533 249 400 512 642 7 0.0533 322 285 592 515 10 0.0527 245 539 512 780 0 0.0526 383 286 648 504 6 0.0524 324 286 587 519 3 0.0521 249 403 509 644 12 0.0519 282 417 644 597 7 0.0519 197 332 435 581 11 0.0513 179 408 443 652 2 0.0510 282 546 638 720 8 0.0510 252 276 501 501 6 0.0509 247 538 519 780 13 0.0509 241 610 504 850 3 0.0508 388 282 647 511 1 0.0506 368 449 635 693 3 0.0500 252 275 513 509
YHv1nqLAZnZnazLKXRLJfNHCWQxtCxJ1,5 0.0663 247 778 498 1020 7 0.0641 317 783 565 1023 8 0.0640 315 782 557 1022 11 0.0630 249 782 498 1020 0 0.0630 259 723 505 962 5 0.0597 316 714 565 959 10 0.0591 250 784 499 1018 3 0.0588 252 779 501 1023 13 0.0587 252 783 504 1023 8 0.0585 258 725 500 956 8 0.0583 380 716 625 954 6 0.0583 259 729 510 957 11 0.0582 382 717 628 955 7 0.0582 386 713 636 959 6 0.0578 315 791 565 1023 0 0.0556 383 716 631 961 6 0.0549 383 720 636 958 9 0.0548 311 787 563 1020 10 0.0538 380 717 632 957 2 0.0528 251 785 501 1023 1 0.0524 312 779 563 1023 12 0.0514 254 780 500 1022 13 0.0512 381 718 636 958 3 0.0507 322 718 568 966 2 0.0501 320 724 568 964
fcrbZdTihVcyHuBBVIrUaayoIYYt4eIk,11 0.0577 653 386 909 624 5 0.0577 302 342 575 579 6 0.0571 584 318 825 566 5 0.0567 509 321 762 559 7 0.0564 658 379 912 628 11 0.0563 236 342 506 575 0 0.0555 707 394 956 636 0 0.0552 439 333 700 569 6 0.0552 658 381 909 630 6 0.0549 309 348 586 582 7 0.0547 769 395 1016 634 8 0.0546 379 336 640 573 0 0.0543 305 467 573 721 5 0.0542 243 405 509 651 0 0.0542 374 396 635 641 11 0.0542 579 322 821 564 5 0.0539 653 487 1015 670 11 0.0537 377 342 649 568 11 0.0535 656 492 1020 669 5 0.0533 243 278 510 501 0 0.0531 577 316 818 569 8 0.0529 658 381 901 626 6 0.0528 251 409 518 656 7 0.0527 311 345 583 580 5 0.0527 651 377 905 626 11 0.0518 762 398 1014 631 13 0.0517 252 284 519 511 0 0.0514 506 273 755 495 6 0.0512 765 395 1012 635 13 0.0510 252 408 514 660 3 0.0510 284 424 661 610 7 0.0510 253 282 513 506 8 0.0510 581 319 808 566 10 0.0507 652 386 908 625 0 0.0506 247 282 512 508 8 0.0504 763 392 1008 634 11 0.0503 239 741 497 961 5 0.0500 242 735 492 960 0 0.0500 658 492 1023 673
tC6rrpUyjP6mlq5yU3OPFkY89UQJ37GL,11 0.0649 308 394 562 620 7 0.0602 326 454 578 699 0 0.0599 322 457 572 697 11 0.0587 306 525 580 766 6 0.0564 252 520 527 767 0 0.0562 246 516 519 767 11 0.0553 383 465 634 701 3 0.0551 315 390 557 628 6 0.0551 208 71 463 320 11 0.0551 247 275 510 509 5 0.0550 197 66 447 321 0 0.0546 319 333 569 571 5 0.0544 316 450 573 695 0 0.0541 379 531 630 764 8 0.0540 259 462 506 707 7 0.0535 251 515 524 769 5 0.0534 310 331 566 566 13 0.0533 253 519 526 768 6 0.0533 263 394 508 630 5 0.0533 254 392 503 625 8 0.0533 315 523 568 769 8 0.0532 202 82 445 321 0 0.0532 258 393 501 630 3 0.0531 258 467 510 710 7 0.0530 389 530 639 763 11 0.0528 237 592 514 834 5 0.0527 266 0 514 205 13 0.0526 269 0 530 208 2 0.0526 258 470 512 710 8 0.0526 313 393 551 623 0 0.0525 320 590 578 845 10 0.0524 255 468 514 707 5 0.0524 243 512 517 762 0 0.0522 203 73 451 326 5 0.0517 375 524 628 761 6 0.0517 269 0 526 209 6 0.0516 322 456 577 699 8 0.0515 242 588 506 837 13 0.0513 264 396 507 633 2 0.0511 315 532 578 774 13 0.0506 255 275 512 515 11 0.0505 201 73 451 319 8 0.0505 59 1 304 212 6 0.0504 271 212 527 457 13 0.0504 202 75 460 323
etHObftP3XOqy8vyLcQnRdzGJKq6gen3,5 0.0616 223 337 598 519 5 0.0595 62 585 316 842 11 0.0575 328 185 590 409 11 0.0560 68 595 321 834 6 0.0556 73 633 319 895 0 0.0552 314 258 581 499 0 0.0544 70 591 322 839 11 0.0541 324 329 582 565 8 0.0539 69 594 311 842 0 0.0535 186 135 443 372 6 0.0535 331 330 585 568 10 0.0530 68 601 320 836 8 0.0530 61 699 321 961 5 0.0524 186 130 438 365 13 0.0522 71 594 330 839 11 0.0518 245 130 509 366 11 0.0516 383 468 639 692 8 0.0513 270 203 513 435 0 0.0513 321 133 573 357 7 0.0507 328 330 584 570 5 0.0506 95 391 362 638 0 0.0506 39 358 318 588 7 0.0502 69 631 325 898 11 0.0501 180 205 453 431
RKbeXhDl88aTtpnyp04TYXCQXaI1cdWQ,0 0.0651 254 650 521 886 8 0.0620 259 647 516 883 11 0.0616 251 652 519 881 13 0.0611 191 651 468 874 13 0.0600 253 709 524 944 11 0.0598 369 731 636 960 11 0.0596 245 786 502 1009 5 0.0594 243 709 509 940 1 0.0589 181 643 458 876 11 0.0587 431 677 697 896 7 0.0585 247 783 511 1015 10 0.0581 182 650 456 874 8 0.0581 200 589 447 829 11 0.0579 371 602 627 828 6 0.0576 188 651 465 874 3 0.0575 253 651 519 887 0 0.0570 437 676 697 902 7 0.0568 264 735 633 914 11 0.0568 250 524 516 764 10 0.0561 378 669 640 894 8 0.0560 185 706 443 939 7 0.0558 443 675 702 899 3 0.0558 383 667 637 899 10 0.0558 195 743 557 912 5 0.0555 257 585 515 828 0 0.0548 370 601 629 832 10 0.0547 262 587 517 830 8 0.0546 380 666 632 894 5 0.0543 376 665 634 891 7 0.0542 375 600 634 828 7 0.0536 182 712 449 940 6 0.0532 206 741 567 913 7 0.0531 252 521 517 766 0 0.0530 180 707 448 942 7 0.0528 198 586 451 832 5 0.0523 243 463 495 696 0 0.0515 252 524 514 768 8 0.0513 249 779 500 1010 13 0.0509 376 603 635 831 6 0.0507 383 667 641 892 3 0.0505 247 786 508 1019 3 0.0505 182 716 448 941 2 0.0501 254 655 519 888
iurySkx53UmZTGCpTX7g82Rk05ZY6Bhy,5 0.0622 566 335 827 573 5 0.0621 253 319 513 569 8 0.0616 447 280 685 518 8 0.0607 580 266 831 507 5 0.0606 445 278 688 516 6 0.0600 450 285 693 518 11 0.0598 374 334 627 564 0 0.0595 509 331 755 573 8 0.0594 443 392 685 647 10 0.0592 443 337 692 580 0 0.0591 383 279 627 506 6 0.0589 585 265 839 505 0 0.0586 650 269 895 499 7 0.0585 519 275 765 515 11 0.0583 646 265 898 493 7 0.0580 442 394 693 648 0 0.0580 633 150 877 390 0 0.0579 258 325 515 572 11 0.0579 439 396 690 645 10 0.0577 510 276 765 516 8 0.0574 377 331 620 566 8 0.0573 570 405 816 647 11 0.0571 446 283 692 516 7 0.0569 380 332 627 569 3 0.0568 516 276 763 518 6 0.0567 639 150 880 385 0 0.0567 572 406 821 648 8 0.0564 633 148 869 388 11 0.0564 376 465 638 713 9 0.0564 506 332 756 566 5 0.0562 626 148 874 384 0 0.0560 377 399 630 650 11 0.0557 256 328 516 570 5 0.0557 438 388 688 646 6 0.0554 442 393 695 646 10 0.0554 375 402 637 647 13 0.0551 584 268 841 507 10 0.0550 382 281 630 505 8 0.0549 257 320 505 571 5 0.0548 644 262 892 492 3 0.0547 653 267 894 502 5 0.0547 252 193 508 437 11 0.0543 630 150 879 383 11 0.0542 566 409 822 645 6 0.0539 571 405 823 646 7 0.0537 648 264 899 496 8 0.0537 378 460 631 711 10 0.0535 568 338 830 575 6 0.0535 266 324 519 570 3 0.0535 443 392 692 652 13 0.0534 513 330 760 573 13 0.0534 379 398 640 648 9 0.0534 374 334 627 561 10 0.0533 629 153 875 383 7 0.0533 576 337 834 575 13 0.0530 263 321 521 575 9 0.0527 437 395 694 641 13 0.0527 574 408 824 649 7 0.0525 378 464 642 712 6 0.0524 639 1 875 225 3 0.0523 635 150 875 392 3 0.0523 258 325 512 575 8 0.0522 1 0 335 156 3 0.0522 386 278 628 511 5 0.0520 118 329 382 580 2 0.0520 514 279 764 517 0 0.0519 636 0 871 224 3 0.0519 575 338 830 576 0 0.0518 257 198 512 445 2 0.0517 260 324 515 570 9 0.0515 577 267 838 501 7 0.0515 264 323 514 573 8 0.0514 647 343 892 581 13 0.0513 190 206 457 458 13 0.0513 638 146 888 390 2 0.0513 446 340 691 583 0 0.0511 440 468 694 711 3 0.0511 382 467 637 719 4 0.0510 513 278 767 513 11 0.0510 630 2 875 222 2 0.0510 573 340 834 575 1 0.0509 374 395 630 648 12 0.0507 516 276 766 513 11 0.0506 255 196 517 438 8 0.0506 333 213 574 445 1 0.0506 442 330 690 584 1 0.0505 509 274 765 515 10 0.0503 260 265 517 500 10 0.0501 645 271 895 492
3XnVKLBvwx3cxcgfpgrh9tR4ZLfQqARe,0 0.0640 61 724 315 954 11 0.0625 65 600 310 826 11 0.0620 67 728 318 948 8 0.0609 69 719 304 950 3 0.0603 70 721 318 951 11 0.0601 758 337 1020 578 0 0.0588 758 336 1018 583 0 0.0581 64 601 310 831 7 0.0561 66 723 317 950 8 0.0558 70 597 303 829 6 0.0552 765 336 1021 578 7 0.0547 724 399 961 643 11 0.0538 648 333 889 566 1 0.0535 60 716 316 951 3 0.0535 69 598 308 834 5 0.0534 60 597 305 827 2 0.0529 66 725 315 953 13 0.0527 67 598 315 829 13 0.0524 67 723 321 955 10 0.0524 756 345 1014 577 5 0.0523 60 719 308 951 8 0.0522 758 336 1010 581 13 0.0517 723 400 964 647 7 0.0509 67 597 312 827 6 0.0509 68 603 313 825 2 0.0505 761 341 1023 581 5 0.0504 752 332 1012 577 10 0.0503 647 337 886 569
pIdyAbOcj5iNWfHFlSZQsJ3HZeWjQ4Qp,8 0.0683 578 268 834 514 0 0.0679 450 150 695 384 5 0.0677 446 145 694 381 0 0.0674 638 277 903 517 5 0.0666 469 231 825 413 7 0.0665 375 77 635 315 0 0.0664 576 150 838 376 6 0.0660 480 238 830 411 8 0.0660 518 208 766 452 8 0.0655 382 142 621 378 8 0.0653 376 266 631 514 0 0.0648 476 293 816 479 0 0.0642 378 203 639 453 7 0.0642 386 203 640 454 11 0.0642 449 150 698 378 8 0.0640 628 343 885 592 3 0.0637 480 233 830 417 11 0.0635 379 202 640 447 11 0.0632 639 281 907 516 5 0.0631 622 343 887 589 3 0.0630 455 150 697 384 6 0.0629 454 151 699 381 8 0.0626 642 214 894 449 13 0.0626 520 211 774 454 3 0.0625 579 272 841 520 10 0.0621 449 152 696 382 3 0.0621 385 203 638 454 7 0.0619 484 354 827 539 7 0.0617 323 269 579 511 11 0.0616 516 212 773 449 6 0.0616 381 203 639 453 5 0.0612 373 262 633 513 0 0.0611 373 81 631 314 0 0.0610 622 400 883 645 7 0.0610 453 149 700 385 6 0.0606 376 78 632 311 11 0.0606 577 156 842 374 8 0.0605 579 153 832 376 8 0.0604 448 85 691 309 11 0.0604 374 83 635 311 8 0.0602 310 87 559 317 7 0.0601 444 388 700 635 6 0.0599 314 141 568 376 0 0.0598 314 143 569 378 11 0.0598 622 402 881 642 10 0.0597 518 213 771 451 8 0.0596 321 208 567 446 7 0.0596 638 276 905 520 7 0.0596 316 142 573 377 0 0.0595 701 212 955 446 2 0.0594 478 298 816 479 6 0.0591 643 220 904 446 11 0.0590 309 144 569 374 11 0.0588 693 351 954 584 11 0.0587 315 269 578 511 5 0.0585 633 219 897 447 13 0.0585 452 150 699 380 10 0.0583 367 83 631 311 2 0.0582 453 156 696 382 13 0.0581 381 202 641 453 10 0.0580 375 205 636 452 6 0.0580 321 267 576 514 11 0.0580 702 215 959 442 13 0.0579 582 152 845 377 7 0.0578 477 233 830 414 3 0.0577 315 143 571 381 11 0.0576 475 356 823 536 5 0.0576 167 339 424 570 2 0.0576 380 207 633 452 3 0.0576 377 81 633 316 3 0.0575 443 388 694 643 9 0.0575 473 295 816 475 3 0.0574 631 346 891 595 9 0.0570 380 144 628 377 7 0.0568 623 402 884 649 13 0.0568 627 402 886 648 5 0.0567 239 263 509 510 6 0.0562 261 202 505 444
PRSscuKyGQpgLlyKCzo6KSBc2R8iO2qf,7 0.0557 262 792 518 1022 8 0.0533 259 791 505 1022 11 0.0532 443 344 699 556 11 0.0531 254 797 514 1021 8 0.0526 388 279 635 508 5 0.0520 256 788 507 1019 0 0.0513 647 0 1023 162 7 0.0506 190 596 435 817 11 0.0502 185 298 566 475
X6wtUaRH2HaEbHgnx71FkUo72zazBaFu,11 0.0684 572 532 825 755 5 0.0654 493 768 752 1013 11 0.0642 436 786 697 1022 6 0.0642 512 587 771 829 0 0.0634 478 685 819 856 8 0.0633 439 780 694 1023 8 0.0630 466 612 803 793 11 0.0628 400 681 773 854 8 0.0627 406 678 760 854 5 0.0626 461 609 805 793 5 0.0626 377 655 647 898 0 0.0620 386 592 644 835 0 0.0620 498 775 753 1017 11 0.0616 395 553 765 732 7 0.0614 514 585 770 829 3 0.0614 443 783 700 1023 10 0.0613 443 593 700 830 7 0.0608 441 780 704 1023 3 0.0608 443 658 706 902 5 0.0606 361 781 625 1020 10 0.0601 506 653 769 892 6 0.0601 370 782 633 1022 0 0.0597 477 555 817 735 11 0.0597 575 664 837 890 5 0.0590 568 718 820 955 6 0.0588 447 526 706 767 7 0.0588 503 716 766 961 10 0.0586 578 530 822 757 0 0.0585 382 722 639 967 3 0.0578 403 551 767 736 6 0.0578 386 593 647 834 0 0.0576 653 739 888 975 6 0.0575 445 719 712 965 7 0.0574 404 487 770 667 8 0.0572 400 488 752 668 13 0.0571 374 782 632 1023 0 0.0569 377 463 637 704 5 0.0569 395 483 764 666 10 0.0568 443 721 709 959 9 0.0564 441 592 703 828 2 0.0561 443 663 705 900 11 0.0561 396 419 775 599 7 0.0556 337 617 700 800 7 0.0555 318 733 587 969 13 0.0555 468 612 821 794 13 0.0554 446 657 710 900 13 0.0553 378 526 641 767 11 0.0553 498 717 765 959 11 0.0553 386 331 644 567 0 0.0549 404 421 770 605 6 0.0548 404 487 771 667 3 0.0548 577 530 821 764 6 0.0547 581 665 840 892 13 0.0547 500 771 760 1017 2 0.0544 510 590 770 829 8 0.0543 583 662 827 893 13 0.0542 583 660 840 893 10 0.0542 400 552 765 732 2 0.0541 440 786 700 1023 2 0.0541 444 528 704 766 12 0.0538 438 780 701 1023 8 0.0537 650 734 884 972
tRz5QJH5xmBhHMMsJzsMgbRaAGR8bpzk,5 0.0533 305 277 552 503 8 0.0527 396 421 745 599 11 0.0516 308 285 560 503 0 0.0508 307 281 558 507 13 0.0506 313 202 568 441 0 0.0500 429 272 686 506
VsdwHXTkQlmRNoHqJaCbENZgn3K0Itcu,8 0.0655 186 783 427 1022 7 0.0644 187 785 433 1023 5 0.0643 182 785 430 1022 0 0.0624 187 789 431 1023 11 0.0604 185 788 430 1019 6 0.0570 187 791 432 1023 10 0.0566 184 793 430 1020 3 0.0553 188 785 431 1023 9 0.0541 183 790 432 1021 13 0.0529 188 789 436 1023 2 0.0513 185 793 433 1023 0 0.0509 192 392 446 637
THqvpPuelqdcToUCcLHu71baB6ldNpkr,0 0.0598 191 279 452 517 11 0.0585 254 283 515 512 6 0.0565 127 216 389 434 3 0.0539 198 271 451 516 10 0.0538 255 287 509 515 5 0.0534 190 265 449 512 7 0.0533 260 273 513 513 6 0.0520 197 277 457 512 5 0.0518 120 207 377 436 11 0.0516 124 219 382 435 8 0.0509 259 277 502 511
LtgduVbDVhYLNSsWGYWc6qzciUj1aWI7,5 0.0616 245 196 503 433 8 0.0572 318 204 565 451 11 0.0571 246 199 506 433 7 0.0565 253 195 509 432 11 0.0563 301 792 559 1023 6 0.0559 255 199 506 435 7 0.0550 438 715 696 957 11 0.0545 432 716 694 955 11 0.0544 439 287 692 512 0 0.0544 369 721 637 965 7 0.0544 305 791 563 1023 8 0.0541 522 286 760 513 8 0.0539 313 341 562 575 8 0.0535 434 715 685 956 0 0.0529 248 278 506 512 8 0.0529 184 204 424 443 8 0.0528 305 790 550 1023 0 0.0528 261 134 514 366 0 0.0527 304 791 561 1023 3 0.0525 252 201 502 442 8 0.0524 245 277 500 512 11 0.0515 253 401 521 631 5 0.0513 364 719 632 962 10 0.0513 256 204 502 434 13 0.0507 186 268 441 508 5 0.0506 521 283 764 510 0 0.0505 316 207 573 450 13 0.0504 254 199 507 439 8 0.0504 265 139 503 362 7 0.0504 315 275 578 516 3 0.0501 437 717 696 962
gDYyTq0APhN5aPim5M7H7ZlC9NqGKqOP,11 0.0592 282 335 642 520 11 0.0575 627 396 897 638 5 0.0566 179 311 447 561 7 0.0561 267 322 521 573 5 0.0555 236 285 578 470 7 0.0550 529 274 766 507 3 0.0548 282 337 643 529 6 0.0529 286 338 649 523 0 0.0528 519 279 761 510 8 0.0526 520 275 756 508 7 0.0524 513 526 775 767 11 0.0523 184 322 453 558 8 0.0522 284 339 629 523 8 0.0522 633 395 887 634 11 0.0521 503 529 769 763 0 0.0520 265 327 520 572 8 0.0513 186 316 440 564 13 0.0512 287 338 654 527 5 0.0509 504 514 764 768 5 0.0505 627 387 890 635 6 0.0503 194 320 452 566 3 0.0503 526 276 762 516 5 0.0500 516 269 755 508
QYnOHkwkgoow64V50NPr6VmqxpkgRSu7,0 0.0601 385 397 635 641 5 0.0599 335 200 577 424 5 0.0596 386 272 642 506 8 0.0593 391 270 641 506 7 0.0590 519 470 769 704 5 0.0590 305 332 567 574 11 0.0586 308 400 564 640 0 0.0584 253 335 511 580 8 0.0574 451 472 692 709 11 0.0571 248 334 510 575 0 0.0565 192 404 447 644 7 0.0564 257 392 513 642 8 0.0564 318 336 560 574 11 0.0564 185 405 450 641 7 0.0564 381 457 626 702 8 0.0561 386 400 628 638 0 0.0561 397 267 644 507 11 0.0561 378 333 635 570 0 0.0554 339 205 583 424 5 0.0554 377 397 632 638 10 0.0552 381 406 638 637 8 0.0552 571 328 819 578 0 0.0549 513 470 762 711 13 0.0547 256 393 517 647 11 0.0547 513 473 765 704 8 0.0547 362 527 612 763 7 0.0546 381 331 638 573 8 0.0544 252 278 497 505 0 0.0540 569 325 826 579 10 0.0540 311 341 568 573 6 0.0538 395 275 654 508 5 0.0537 509 465 760 707 5 0.0536 243 271 504 501 3 0.0530 454 470 698 716 11 0.0530 241 753 500 972 7 0.0527 179 467 437 704 3 0.0525 253 398 512 648 6 0.0524 386 400 638 639 6 0.0524 516 474 765 709 11 0.0523 183 525 455 766 8 0.0523 180 463 425 706 6 0.0522 260 391 518 641 7 0.0522 243 748 505 979 0 0.0519 252 602 497 841 2 0.0519 381 341 631 570 7 0.0519 440 535 698 773 5 0.0518 567 320 822 574 7 0.0517 250 274 509 504 10 0.0517 254 402 509 642 5 0.0516 381 122 621 354 11 0.0515 379 462 628 697 13 0.0511 384 400 642 643 0 0.0509 187 522 455 770 8 0.0508 336 207 572 420 2 0.0507 259 399 510 646 9 0.0504 372 333 630 567 8 0.0503 250 600 486 838 13 0.0502 251 277 519 507 11 0.0502 336 206 589 419
0H1EJdwQFcZhoa5YzBtdnCuI7gzxi65R,7 0.0675 135 675 488 852 11 0.0667 131 676 487 852 0 0.0666 192 586 447 836 8 0.0658 135 675 481 851 5 0.0654 244 635 502 889 10 0.0642 123 581 379 825 0 0.0630 314 586 568 836 11 0.0629 312 648 568 895 7 0.0627 256 516 504 768 6 0.0613 134 677 492 854 10 0.0611 249 591 507 830 5 0.0609 251 516 499 766 7 0.0607 317 586 569 830 0 0.0607 256 518 504 773 8 0.0605 317 586 562 828 8 0.0593 258 519 496 767 3 0.0582 189 645 441 896 12 0.0580 124 641 375 898 13 0.0572 137 675 492 851 1 0.0567 132 674 487 853 3 0.0559 131 576 378 830 3 0.0555 254 587 507 835 3 0.0551 317 647 570 902 2 0.0546 134 680 488 854 10 0.0544 313 648 569 894 6 0.0543 314 648 574 897 13 0.0540 314 587 573 830 6 0.0539 254 522 507 770 11 0.0539 76 552 439 727 9 0.0536 127 677 488 850 0 0.0535 78 549 437 735 7 0.0534 83 546 441 730 13 0.0523 256 521 508 770 2 0.0514 313 593 567 831 1 0.0514 252 513 501 771 4 0.0513 191 588 449 832 12 0.0512 192 585 447 833 4 0.0506 124 645 377 897 8 0.0506 81 550 422 729
LPts0eByreqJp7bGQlZ9FqZ6NfrJ8cir,8 0.0621 639 579 885 824 5 0.0617 502 268 757 509 11 0.0610 499 275 762 509 8 0.0596 507 273 757 512 7 0.0572 507 274 763 514 0 0.0565 502 275 763 511 6 0.0564 506 273 763 509 0 0.0555 637 580 894 829 11 0.0555 631 325 898 569 3 0.0553 508 276 760 515 11 0.0552 637 583 896 822 2 0.0548 504 279 764 510 0 0.0547 633 322 894 577 13 0.0541 507 274 765 513 5 0.0532 635 579 888 827 13 0.0530 640 581 898 827 8 0.0529 634 322 886 572 3 0.0522 638 582 890 834 11 0.0517 439 146 702 365 6 0.0516 641 582 897 826 9 0.0514 503 275 761 507 10 0.0514 503 275 762 513 7 0.0508 510 146 765 384 5 0.0508 630 319 888 574 7 0.0507 642 580 896 828 0 0.0505 504 148 765 382 6 0.0505 635 323 897 575 7 0.0504 637 321 900 574
HoCW9x3wLrAsqYv2TnSp2GdBgsCevpNS,8 0.0628 191 0 439 194 5 0.0617 188 0 444 196 8 0.0613 256 55 499 310 8 0.0606 498 458 749 700 0 0.0602 188 201 436 456 7 0.0600 196 0 448 197 7 0.0593 500 458 760 703 5 0.0591 246 116 499 365 11 0.0589 185 128 443 378 11 0.0586 493 463 757 701 7 0.0586 368 591 641 837 6 0.0578 194 2 449 197 0 0.0574 251 120 502 370 11 0.0567 189 1 446 199 6 0.0565 501 458 758 700 13 0.0563 254 122 507 371 11 0.0562 252 57 504 309 3 0.0561 500 461 751 705 13 0.0560 502 462 759 699 13 0.0559 193 1 455 199 0 0.0559 498 461 755 701 5 0.0557 493 453 748 699 6 0.0555 253 122 509 370 8 0.0553 364 595 624 833 3 0.0550 258 124 506 377 7 0.0550 254 120 501 370 3 0.0546 196 1 446 203 11 0.0542 175 725 431 956 8 0.0541 191 128 434 381 5 0.0537 173 775 427 1011 11 0.0536 108 602 384 831 2 0.0534 193 6 445 201 13 0.0532 193 204 444 456 5 0.0528 125 129 375 377 5 0.0525 185 196 433 448 7 0.0524 177 592 435 832 2 0.0522 249 129 501 370 2 0.0519 172 597 432 833 13 0.0519 501 22 771 249 10 0.0519 254 131 503 370 13 0.0519 137 139 387 383 8 0.0518 503 153 747 371 6 0.0517 136 64 391 312 0 0.0516 123 528 374 765 6 0.0516 368 588 638 835 0 0.0515 192 1 447 198 11 0.0515 354 595 635 831 8 0.0512 243 592 489 833 5 0.0510 171 590 432 828 13 0.0510 364 591 643 837 11 0.0508 273 667 562 896 7 0.0508 288 659 569 902 6 0.0508 191 203 442 456 10 0.0504 360 596 638 835 12 0.0504 197 0 450 198 1 0.0504 188 0 445 200 10 0.0502 498 466 757 700 0 0.0502 500 154 760 375 13 0.0502 115 600 388 836 2 0.0501 135 72 384 313 7 0.0501 135 132 381 382 0 0.0501 129 132 378 383
kLzKJyov0MxlckfhdBUVC9zf8bmBLTHp,5 0.0581 239 783 502 1015 0 0.0574 497 271 739 516 7 0.0564 257 789 516 1022 11 0.0538 181 796 445 1018 5 0.0538 490 264 734 513 13 0.0538 196 789 455 1023 11 0.0536 307 661 579 892 11 0.0534 441 609 702 827 11 0.0530 316 780 571 1007 6 0.0527 497 270 745 512 13 0.0515 48 789 310 1023 3 0.0515 190 793 447 1023 8 0.0513 193 794 440 1023 7 0.0511 371 785 635 1010 8 0.0511 495 271 733 512 13 0.0511 323 774 584 1015 0 0.0510 248 725 513 969 5 0.0508 359 778 623 1002 11 0.0500 35 792 303 1022
e8PTpfveBOWEj9cwGaIBWfxoK3v79PgC,0 0.0606 302 601 569 837 5 0.0603 202 404 575 589 11 0.0603 14 543 381 721 11 0.0585 203 408 583 589 0 0.0585 138 470 505 653 0 0.0584 178 521 426 760 11 0.0583 327 472 586 710 11 0.0578 130 471 509 650 0 0.0577 3 537 266 778 0 0.0576 330 472 582 714 13 0.0561 22 540 389 727 11 0.0559 302 600 572 831 8 0.0557 6 532 258 773 5 0.0554 302 532 560 771 0 0.0553 282 418 649 598 3 0.0552 337 469 584 717 6 0.0549 258 468 520 711 6 0.0549 182 519 429 758 8 0.0548 306 598 563 830 7 0.0546 311 653 572 898 13 0.0541 299 478 664 658 3 0.0541 289 419 648 599 6 0.0537 217 408 590 592 5 0.0537 304 654 564 896 13 0.0536 312 538 571 773 5 0.0536 240 600 500 832 10 0.0535 207 473 572 651 8 0.0534 285 418 633 599 8 0.0532 333 469 575 713 7 0.0530 254 466 516 713 13 0.0529 228 727 495 964 7 0.0526 211 407 583 593 6 0.0525 307 596 572 829 7 0.0524 181 521 427 760 10 0.0524 16 545 379 724 3 0.0521 311 601 571 840 5 0.0520 11 539 373 721 5 0.0519 221 725 484 955 8 0.0516 244 535 502 773 13 0.0515 309 657 574 899 0 0.0514 228 726 490 961 3 0.0511 247 538 512 780 10 0.0509 225 730 484 957 2 0.0507 211 411 576 592 11 0.0506 225 730 487 955 10 0.0502 307 659 571 896 8 0.0501 228 726 483 954
XSaFuqhdkSVYjLBzOzX77r7pGq77p294,11 0.0565 185 708 448 941 11 0.0553 243 788 492 1015 0 0.0550 255 717 514 960 7 0.0549 246 787 496 1017 11 0.0534 311 724 572 955 0 0.0533 695 1 954 204 8 0.0531 246 787 485 1018 0 0.0525 318 654 580 895 11 0.0524 693 4 960 194 13 0.0522 205 646 470 889 7 0.0522 266 655 521 888 11 0.0521 265 655 519 885 6 0.0520 268 658 523 890 5 0.0519 314 647 568 886 5 0.0516 251 713 505 951 7 0.0516 329 587 582 823 5 0.0515 190 771 434 1004 11 0.0515 131 591 389 838 7 0.0515 186 706 450 945 0 0.0514 266 586 521 821 8 0.0509 129 639 384 895 0 0.0507 203 645 459 890 13 0.0505 273 586 529 822 13 0.0502 249 788 500 1020
KfD4G98koMZFX5XpnGJP0w4jOuYdZRIq,8 0.0583 506 346 744 580 5 0.0574 104 0 473 146 8 0.0555 117 0 463 147 6 0.0554 507 345 753 580 7 0.0553 580 341 821 580 0 0.0538 516 219 766 463 11 0.0533 575 347 818 578 7 0.0524 510 270 766 511 3 0.0519 580 348 819 587 5 0.0515 572 339 811 577 11 0.0514 507 273 762 508 0 0.0513 507 346 748 585 6 0.0509 116 2 478 146 8 0.0509 516 217 757 457 2 0.0507 507 348 750 577 11 0.0506 434 349 694 581 5 0.0505 586 211 834 450 0 0.0504 435 277 692 518 8 0.0503 435 415 677 655
n69VkN4Yhfnd9zKSVSVooNQXq8o0Gyqa,6 0.0568 778 401 1015 643 8 0.0561 776 401 1009 642 11 0.0559 773 405 1017 641 7 0.0558 781 403 1017 644 0 0.0541 307 474 564 714 0 0.0541 774 402 1014 647 5 0.0534 448 536 708 778 5 0.0532 772 398 1009 642 10 0.0527 774 403 1016 641 13 0.0524 779 401 1020 645 8 0.0516 311 536 557 781 3 0.0515 776 405 1013 651 11 0.0511 383 422 634 640 7 0.0509 251 597 512 842 13 0.0505 376 349 636 560 6 0.0504 253 597 511 838
FFC8Y73zk2msILVlPmcoYMdZPkoqhhe4,5 0.0645 241 455 498 697 0 0.0638 187 408 439 636 5 0.0607 174 533 426 777 5 0.0606 114 465 374 705 11 0.0595 182 409 443 629 5 0.0593 180 403 437 629 0 0.0593 322 397 583 627 11 0.0583 243 462 502 699 3 0.0583 245 463 499 704 0 0.0575 248 458 501 703 8 0.0575 258 391 495 633 7 0.0575 181 472 433 707 7 0.0574 247 536 495 772 5 0.0570 248 319 513 557 8 0.0568 247 534 483 773 11 0.0566 252 256 516 490 13 0.0566 186 474 440 713 5 0.0558 236 594 503 836 0 0.0557 184 539 431 783 0 0.0555 503 405 759 644 0 0.0550 259 255 508 495 8 0.0549 182 470 423 709 0 0.0543 121 473 383 712 8 0.0539 0 471 255 706 3 0.0539 178 541 427 784 5 0.0539 0 542 262 777 11 0.0539 488 456 755 698 7 0.0536 498 449 756 701 13 0.0536 314 461 578 707 0 0.0535 368 460 638 707 7 0.0533 251 318 518 561 7 0.0533 313 461 571 704 7 0.0533 386 398 649 637 5 0.0533 96 599 373 836 6 0.0533 127 416 393 646 13 0.0531 257 392 508 634 6 0.0531 250 461 505 700 5 0.0530 248 190 512 434 10 0.0529 248 467 498 698 5 0.0529 298 528 555 765 0 0.0529 307 527 558 769 11 0.0528 240 136 511 373 5 0.0527 558 413 811 636 13 0.0524 247 536 497 780 0 0.0523 246 595 506 842 11 0.0522 320 397 582 628 2 0.0521 248 463 498 700 11 0.0519 117 477 380 708 7 0.0517 456 336 716 567 11 0.0517 247 808 494 1023 8 0.0517 379 401 638 639 0 0.0516 317 0 577 249 8 0.0516 320 5 568 249 5 0.0515 312 261 583 486 0 0.0515 376 331 651 551 5 0.0514 316 391 576 624 0 0.0514 542 533 808 778 8 0.0513 311 462 562 705 6 0.0511 452 343 719 563 6 0.0510 186 540 435 777 7 0.0510 260 194 517 438 7 0.0510 114 537 377 780 3 0.0508 305 532 561 772 6 0.0508 200 338 462 571 0 0.0506 244 84 513 327 3 0.0506 253 327 515 567 8 0.0505 494 452 743 700 3 0.0503 244 600 507 844 5 0.0503 442 400 700 640 6 0.0502 4 481 277 703 13 0.0501 311 590 579 839 8 0.0500 101 601 365 837
J5zwecNm6ZT18Pe4FIQywm3awcnSCn0P,8 0.0610 313 221 570 459 7 0.0606 253 218 515 466 11 0.0593 255 152 511 396 5 0.0592 190 332 449 576 8 0.0592 308 336 572 562 6 0.0590 310 221 579 459 0 0.0587 324 146 591 382 13 0.0583 392 285 657 515 8 0.0572 389 287 646 514 6 0.0571 392 289 654 514 6 0.0567 309 335 583 563 10 0.0562 307 293 583 521 11 0.0561 307 223 575 457 11 0.0560 302 340 577 561 7 0.0559 384 221 661 455 7 0.0558 325 146 594 386 5 0.0557 301 215 578 456 7 0.0556 230 587 499 822 6 0.0556 261 153 516 392 8 0.0551 263 79 503 318 5 0.0551 299 328 580 562 3 0.0547 392 286 652 517 7 0.0541 316 289 586 523 3 0.0540 313 221 578 466 0 0.0538 390 286 656 516 13 0.0538 305 218 590 456 0 0.0537 258 75 516 319 3 0.0536 259 151 516 402 11 0.0535 386 290 653 511 8 0.0531 109 146 366 392 3 0.0524 312 336 578 567 11 0.0513 247 396 508 628 5 0.0512 248 144 510 392 10 0.0509 250 225 515 461 8 0.0508 197 344 441 578 10 0.0506 375 227 658 453 0 0.0503 306 333 581 562
VhhDwbv2yZKW0iO1cMgMH0WUfveHrWtt,8 0.0640 186 256 429 498 11 0.0624 365 464 618 675 8 0.0614 372 459 612 680 5 0.0608 180 335 437 583 13 0.0598 123 205 392 448 6 0.0593 264 17 508 238 11 0.0592 118 202 388 440 0 0.0587 183 197 438 424 0 0.0582 186 338 439 587 3 0.0580 183 261 438 500 5 0.0573 186 130 434 363 11 0.0568 256 77 505 301 5 0.0567 260 74 495 304 3 0.0565 376 462 619 683 7 0.0565 118 263 379 517 5 0.0564 115 199 381 444 13 0.0559 196 133 449 367 0 0.0559 639 481 900 736 6 0.0559 371 459 621 674 0 0.0558 257 141 506 364 11 0.0556 179 340 439 583 11 0.0554 186 132 442 360 7 0.0553 186 333 442 584 11 0.0552 632 418 897 656 6 0.0551 189 259 442 497 5 0.0550 449 536 689 756 0 0.0549 255 15 505 241 0 0.0549 115 268 375 517 5 0.0549 363 456 616 671 7 0.0548 184 655 449 884 10 0.0545 186 267 436 493 11 0.0540 301 798 560 1022 3 0.0537 458 544 696 768 11 0.0537 381 604 639 824 6 0.0534 263 141 505 367 8 0.0532 195 130 434 365 7 0.0531 195 127 442 364 11 0.0531 233 664 505 893 7 0.0529 308 525 565 750 7 0.0529 262 13 510 240 8 0.0526 258 16 497 236 13 0.0524 263 79 514 306 3 0.0524 261 75 498 314 13 0.0521 189 335 445 587 5 0.0521 184 0 435 239 0 0.0520 127 77 390 310 11 0.0518 183 2 440 237 13 0.0518 191 1 448 246 5 0.0516 498 0 767 188 10 0.0509 128 79 390 308 13 0.0509 642 419 904 658 1 0.0507 180 254 435 494 8 0.0505 640 420 886 658 7 0.0505 371 462 622 677 8 0.0503 454 545 686 760 13 0.0503 508 0 779 187 6 0.0501 457 545 697 757
KqiWOphtEEt7vfR88pf2F3SOOzjdr6Z6,3 0.0652 365 331 630 565 11 0.0640 246 320 511 565 11 0.0630 357 403 637 636 8 0.0628 295 295 643 473 11 0.0624 285 298 650 473 7 0.0612 365 332 636 560 3 0.0590 311 402 571 640 0 0.0587 506 335 758 567 7 0.0584 255 313 513 568 11 0.0584 428 338 693 561 8 0.0581 507 335 751 564 5 0.0579 425 328 691 563 3 0.0572 513 333 756 567 5 0.0559 302 324 566 561 8 0.0557 312 403 565 639 5 0.0557 124 352 494 531 10 0.0556 286 298 654 476 0 0.0555 361 330 628 563 13 0.0549 295 297 655 475 7 0.0548 507 337 761 565 3 0.0547 252 316 507 575 8 0.0538 253 315 504 569 6 0.0535 140 356 501 533 11 0.0531 175 381 436 623 0 0.0529 250 316 511 570 12 0.0529 312 331 572 566 10 0.0527 252 322 512 567 11 0.0527 249 456 506 697 0 0.0526 307 400 569 640 13 0.0526 255 318 514 571 6 0.0524 432 335 699 564 2 0.0522 433 342 695 565 7 0.0521 311 399 573 638 13 0.0518 506 335 763 563 6 0.0518 310 332 572 566 5 0.0513 350 393 637 631 8 0.0509 176 374 427 625 10 0.0508 428 336 696 568
9FloPaAiqV75bG6MDybARRwnwZknQt8V,5 0.0626 492 16 757 254 6 0.0602 500 23 770 255 8 0.0578 494 21 756 256 3 0.0567 500 22 759 262 13 0.0565 500 18 770 256 5 0.0561 349 11 627 248 11 0.0560 492 26 760 257 0 0.0544 630 397 892 622 0 0.0538 493 29 764 257 11 0.0530 352 16 630 257 11 0.0529 633 394 892 619 7 0.0525 440 596 703 839 8 0.0522 358 20 623 256 2 0.0519 494 30 762 254 0 0.0510 355 23 632 258 10 0.0506 496 29 765 258 7 0.0501 435 19 699 250
2KXSoNrZBgFN0BWzNem9Tmnpq2jLAJY7,8 0.0573 378 207 625 434 0 0.0560 502 289 753 521 7 0.0547 507 287 756 519 11 0.0540 376 207 634 431 11 0.0539 497 290 753 516 0 0.0530 121 536 377 783 0 0.0524 438 213 694 438 8 0.0518 500 289 744 517 8 0.0516 551 3 719 388 8 0.0501 118 539 369 781 11 0.0500 3 674 258 907
wda41qHHwqB0MBDrbdqu6N81u09KVHdI,11 0.0616 328 679 700 858 7 0.0607 387 650 628 886 0 0.0606 313 518 565 757 7 0.0604 460 585 702 807 11 0.0598 456 519 703 743 11 0.0597 441 81 698 310 0 0.0591 381 649 627 888 0 0.0587 456 518 701 749 11 0.0585 307 522 565 752 0 0.0571 376 82 630 316 8 0.0557 460 517 697 747 8 0.0549 377 80 624 316 8 0.0549 311 521 559 753 0 0.0545 584 735 828 977 0 0.0545 313 267 573 495 5 0.0544 379 648 623 885 11 0.0541 315 86 577 315 7 0.0541 328 714 573 941 11 0.0541 313 271 573 492 8 0.0540 319 653 556 892 5 0.0538 307 266 570 490 3 0.0538 448 78 692 315 6 0.0538 385 649 628 887 10 0.0537 458 522 704 743 7 0.0535 317 517 570 752 0 0.0529 254 138 512 384 5 0.0528 451 583 694 804 7 0.0527 446 75 697 313 8 0.0526 311 140 563 378 11 0.0523 319 716 571 937 3 0.0523 458 585 698 813 13 0.0523 459 584 703 809 11 0.0522 436 729 687 954 3 0.0522 338 677 701 865 6 0.0520 381 82 639 310 3 0.0517 315 520 568 761 3 0.0514 315 140 568 380 13 0.0514 441 81 699 313 3 0.0512 318 266 572 497 8 0.0510 316 265 567 495 13 0.0509 339 678 708 860 5 0.0506 308 519 566 753 13 0.0506 320 267 580 497 10 0.0503 315 273 575 494 5 0.0503 303 138 566 369 6 0.0502 460 587 701 809 10 0.0501 382 654 626 887
VXlGsUnzHnzsrsqeo772bIVqFHzjaYpa,8 0.0679 247 805 483 1020 11 0.0653 320 596 554 831 5 0.0640 377 594 623 830 5 0.0626 305 796 556 1013 7 0.0618 322 596 558 829 8 0.0618 122 792 365 1019 7 0.0609 313 802 568 1018 7 0.0604 381 528 637 768 11 0.0600 375 530 631 770 0 0.0599 319 597 555 829 8 0.0593 380 598 622 835 11 0.0592 172 800 424 1022 11 0.0588 510 340 773 583 2 0.0581 384 605 630 838 3 0.0574 516 339 771 590 13 0.0573 183 801 425 1023 10 0.0571 376 534 631 767 3 0.0570 324 597 552 834 10 0.0569 243 810 491 1021 10 0.0566 319 598 555 828 5 0.0564 173 797 417 1018 0 0.0561 381 530 631 766 3 0.0558 378 532 626 774 6 0.0557 326 597 558 827 6 0.0557 383 531 635 765 0 0.0555 515 338 771 580 0 0.0555 175 799 423 1023 8 0.0555 516 340 767 581 5 0.0554 509 332 766 580 3 0.0550 248 806 490 1023 6 0.0545 519 335 772 581 13 0.0543 385 600 636 834 7 0.0541 179 799 429 1023 11 0.0536 307 802 562 1014 7 0.0535 517 338 774 586 13 0.0531 518 338 779 584 5 0.0527 311 525 553 757 2 0.0524 178 803 423 1023 13 0.0516 317 807 564 1018 8 0.0509 314 529 551 761 10 0.0509 513 342 773 581 0 0.0507 312 803 561 1018 3 0.0507 122 793 372 1023 13 0.0504 321 531 569 762 9 0.0501 305 804 561 1007
DAi9hnvXxtF7enWM5eXI1tCPemGNggu4,0 0.0615 259 711 506 968 8 0.0610 151 738 499 914 7 0.0607 258 711 510 965 5 0.0606 253 710 505 961 11 0.0590 253 713 510 962 6 0.0542 259 714 510 966 10 0.0532 185 716 440 953 3 0.0505 261 712 509 970 7 0.0504 186 542 447 770
z6RQcKZ4ClepqsorZ0WpgTBdKdCcTeHo,0 0.0595 770 13 1014 259 5 0.0582 122 727 357 959 7 0.0580 129 727 364 963 0 0.0575 129 728 362 966 5 0.0558 769 3 1013 252 11 0.0552 765 9 1015 253 11 0.0548 123 731 363 961 7 0.0547 262 662 507 895 8 0.0545 771 8 1009 251 0 0.0530 262 665 504 898 10 0.0529 768 12 1015 255 8 0.0528 260 664 494 894 8 0.0527 129 729 355 964 11 0.0520 255 597 514 829 5 0.0514 255 660 500 891 6 0.0514 129 730 363 962 7 0.0513 188 600 438 827 10 0.0513 257 667 503 892
1K8hYAEbfkBiCC9gtXG5NNbimAvetFBB,0 0.0602 2 604 253 865 5 0.0594 571 204 820 453 0 0.0591 387 481 761 664 6 0.0582 326 419 708 609 11 0.0582 324 422 703 607 5 0.0575 501 441 760 688 8 0.0573 466 266 703 514 6 0.0571 580 209 831 453 11 0.0570 389 485 764 663 0 0.0570 529 210 770 458 8 0.0567 524 147 771 391 11 0.0567 318 335 562 572 7 0.0567 415 545 780 729 5 0.0561 185 466 555 655 3 0.0561 449 397 702 650 0 0.0560 333 351 721 541 11 0.0559 0 668 244 903 11 0.0551 574 209 828 456 13 0.0551 509 447 770 693 7 0.0550 333 418 708 607 11 0.0549 567 333 826 568 8 0.0547 332 418 689 606 8 0.0543 409 543 758 729 6 0.0543 393 482 769 664 0 0.0543 398 195 642 443 8 0.0543 9 603 248 856 0 0.0539 477 139 719 387 5 0.0539 567 326 817 570 5 0.0538 326 348 717 539 0 0.0537 570 330 822 571 11 0.0532 251 395 507 632 11 0.0531 384 268 635 503 6 0.0530 574 332 827 570 10 0.0528 406 549 774 727 10 0.0528 330 423 705 606 13 0.0523 258 460 519 704 7 0.0522 255 482 628 667 10 0.0520 505 451 762 689 13 0.0520 258 412 650 607 3 0.0518 379 330 631 577 5 0.0518 0 604 251 859 3 0.0517 468 271 712 519 0 0.0512 180 405 438 640 10 0.0510 320 289 555 519 3 0.0508 578 273 824 526 8 0.0508 252 482 611 664 11 0.0508 244 537 508 760 2 0.0508 328 424 699 609 10 0.0507 257 400 500 635 10 0.0503 370 468 628 696
Crt6JizCQIH2Nddk2t1CE6V6217EaXYr,11 0.0550 304 79 575 307 0 0.0545 304 75 577 309 0 0.0545 306 201 576 428 11 0.0535 306 206 574 425 8 0.0533 319 264 568 498 8 0.0532 312 75 573 306 0 0.0529 245 265 498 512 0 0.0528 381 387 629 628 3 0.0518 314 138 573 373 11 0.0517 342 479 713 663 7 0.0513 324 263 576 499 6 0.0513 310 74 588 306 11 0.0511 177 406 430 638 6 0.0507 379 387 630 627 6 0.0505 324 266 581 499
tBS5KRF9ZA8HpOYesxLcCDbAd4BvHjsJ,7 0.0608 183 330 448 563 5 0.0606 171 467 438 702 11 0.0583 174 466 443 699 8 0.0581 175 464 432 707 11 0.0579 51 2 319 197 5 0.0575 309 713 570 944 0 0.0571 175 467 440 708 0 0.0566 58 410 434 595 6 0.0565 56 0 321 199 0 0.0561 314 548 567 800 7 0.0557 179 464 441 705 8 0.0552 176 329 439 567 11 0.0552 181 332 453 561 6 0.0549 178 467 447 707 0 0.0546 316 720 569 952 6 0.0546 180 597 450 823 11 0.0544 320 410 579 645 0 0.0543 181 593 443 831 11 0.0541 311 723 574 944 6 0.0540 247 530 517 771 5 0.0537 170 593 435 821 7 0.0532 149 273 504 451 7 0.0528 318 719 576 951 5 0.0527 174 329 441 562 6 0.0526 59 406 439 593 8 0.0526 322 406 569 652 0 0.0525 57 1 317 203 0 0.0524 142 276 502 458 5 0.0521 423 0 684 195 7 0.0520 326 405 580 654 11 0.0520 245 528 514 768 5 0.0517 137 270 495 452 8 0.0517 177 595 435 825 13 0.0516 180 467 448 707 5 0.0515 242 527 503 769 8 0.0515 57 0 307 199 13 0.0515 183 333 453 567 6 0.0515 328 407 582 647 13 0.0514 327 405 585 651 8 0.0514 246 530 503 776 11 0.0512 175 594 445 823 11 0.0512 388 259 655 481 5 0.0511 309 601 564 836 8 0.0509 372 0 623 237 10 0.0504 176 474 439 706 6 0.0503 322 607 576 834 5 0.0502 318 401 572 646 11 0.0500 434 387 706 633 11 0.0500 315 605 570 831
niOPoF1B1aom8YbjjtaLyPjpzqJnkywE,11 0.0552 305 664 570 889 7 0.0544 313 658 571 892 6 0.0542 314 661 574 894 0 0.0520 309 666 574 896 8 0.0514 313 663 562 892 13 0.0509 318 660 579 892 5 0.0501 302 655 565 890
kt6b8ls6caX8PtWyItBPOiHQEIYrd7JA,11 0.0647 503 792 742 1021 7 0.0616 508 790 746 1023 8 0.0614 505 788 738 1023 5 0.0601 502 790 739 1020 13 0.0579 509 792 749 1023 6 0.0565 507 795 746 1023 3 0.0560 507 791 742 1023 0 0.0545 503 789 744 1023 10 0.0534 506 793 743 1023 2 0.0513 508 794 745 1023
fk46yX4t8DY4dPnkU2zLbNBEe556D5NM,5 0.0641 366 779 623 1013 7 0.0612 497 788 769 1023 11 0.0612 382 395 635 628 11 0.0611 433 787 691 1009 8 0.0593 306 775 551 1011 7 0.0590 375 780 630 1015 0 0.0589 389 341 635 571 11 0.0587 305 780 550 1011 8 0.0586 383 394 628 632 5 0.0584 488 788 756 1017 0 0.0583 370 778 628 1019 13 0.0579 312 779 559 1013 3 0.0574 389 397 637 636 5 0.0573 372 461 626 695 11 0.0572 244 334 500 573 0 0.0571 495 790 762 1020 7 0.0566 385 396 637 632 3 0.0566 307 779 554 1017 5 0.0562 241 332 495 569 11 0.0556 314 665 575 895 7 0.0551 315 597 571 823 8 0.0550 440 783 689 1016 13 0.0547 442 787 700 1017 7 0.0546 248 337 496 574 11 0.0544 367 597 632 822 3 0.0544 246 339 499 581 5 0.0544 386 335 628 570 11 0.0540 498 655 747 875 5 0.0539 432 722 694 950 11 0.0538 235 720 493 952 11 0.0536 555 811 838 1017 13 0.0536 392 339 639 576 8 0.0535 564 808 827 1023 10 0.0534 304 781 555 1010 7 0.0534 441 725 705 952 0 0.0533 376 469 632 699 11 0.0533 69 529 324 770 0 0.0532 497 653 745 881 8 0.0532 243 335 488 574 13 0.0531 317 596 574 826 6 0.0531 393 341 637 570 13 0.0528 252 336 504 579 6 0.0528 376 782 630 1011 8 0.0526 232 717 487 957 3 0.0526 438 784 693 1018 0 0.0524 252 258 491 499 0 0.0524 55 459 312 704 13 0.0521 381 467 635 700 6 0.0521 251 339 502 571 0 0.0516 625 150 862 388 13 0.0513 239 721 502 956 8 0.0512 556 599 808 822 5 0.0509 306 714 562 953 0 0.0509 438 721 699 955 2 0.0508 247 339 497 573 2 0.0508 384 401 639 632 10 0.0507 313 666 571 893 7 0.0506 501 595 757 819 6 0.0505 378 469 634 694 6 0.0503 497 787 765 1019 11 0.0501 625 154 867 384 6 0.0501 318 659 577 893
55zh1mq3AzwNaIysrbgZ1HKvYKKV14aR,5 0.0646 570 128 840 385 5 0.0635 649 76 897 304 5 0.0620 510 78 768 314 8 0.0619 506 136 754 377 0 0.0618 573 137 842 387 3 0.0617 577 137 844 390 7 0.0615 576 132 844 386 13 0.0612 586 74 838 310 8 0.0609 571 202 825 457 7 0.0607 516 258 770 516 7 0.0605 643 211 897 446 13 0.0605 387 84 640 321 6 0.0605 572 268 836 520 3 0.0601 519 81 769 319 0 0.0595 655 83 895 305 13 0.0594 512 139 765 379 0 0.0591 569 269 833 526 5 0.0590 636 207 890 447 10 0.0589 580 76 833 311 5 0.0586 505 198 760 442 11 0.0586 575 76 828 311 0 0.0582 642 217 891 450 0 0.0581 507 205 763 446 11 0.0580 644 148 898 377 6 0.0579 653 147 902 378 5 0.0576 565 264 826 522 13 0.0574 570 269 835 524 3 0.0568 646 214 892 454 8 0.0568 580 73 826 310 3 0.0565 570 269 832 531 3 0.0563 514 206 767 451 2 0.0562 571 208 827 454 3 0.0561 448 143 691 396 0 0.0560 511 83 765 312 11 0.0560 506 141 761 380 7 0.0559 445 143 697 387 11 0.0557 312 139 579 380 7 0.0555 517 80 771 313 8 0.0554 375 147 621 383 0 0.0554 248 131 493 381 6 0.0552 516 201 769 437 11 0.0552 251 84 491 310 6 0.0552 317 138 579 381 11 0.0550 258 350 500 581 6 0.0548 449 144 696 384 7 0.0547 383 82 636 319 0 0.0546 438 142 687 387 2 0.0544 509 144 755 379 2 0.0544 578 78 831 312 9 0.0544 569 270 832 522 8 0.0542 650 145 889 377 0 0.0541 324 75 571 317 1 0.0541 572 65 835 310 10 0.0540 506 143 762 384 3 0.0539 657 84 898 311 0 0.0539 201 334 438 574 6 0.0538 256 344 501 579 7 0.0538 652 78 900 306 13 0.0537 327 10 571 254 8 0.0537 444 200 687 441 8 0.0532 257 346 486 576 9 0.0532 654 83 897 301 5 0.0530 433 133 690 385 5 0.0530 192 334 434 572 6 0.0529 522 81 767 311 11 0.0528 317 14 566 247 9 0.0525 508 205 765 439 5 0.0523 172 136 429 366 13 0.0522 252 212 512 448 13 0.0522 647 215 894 450 11 0.0520 571 206 829 455 10 0.0516 371 153 635 392 9 0.0515 574 136 843 383 13 0.0513 452 206 703 443 7 0.0513 327 9 567 250 2 0.0511 649 152 896 377 13 0.0510 254 81 499 315 13 0.0510 260 417 509 646 6 0.0509 451 272 704 511 5 0.0507 315 4 562 246 10 0.0507 647 152 897 377 6 0.0505 255 82 492 311 5 0.0502 373 76 632 316 12 0.0501 583 72 834 314 7 0.0500 447 331 698 574
Z4PW5xJf59XHZOlLbNaD4DGgxt7JOWlD,11 0.0536 635 3 1022 140 8 0.0534 640 0 1010 141 0 0.0515 633 0 1017 143 5 0.0514 442 309 691 546 6 0.0507 639 0 1023 141 5 0.0507 629 0 1014 144
3C6zJFRN5kZX4IOY97ElNTMOGjeEdNsg,7 0.0657 447 137 697 375 11 0.0638 378 389 635 642 8 0.0636 449 134 689 369 5 0.0633 567 143 817 373 0 0.0633 509 215 751 439 5 0.0631 311 448 578 697 8 0.0622 507 212 745 438 5 0.0622 505 209 747 438 8 0.0619 259 384 501 648 11 0.0619 251 385 512 645 8 0.0618 382 387 630 642 8 0.0616 324 518 581 771 3 0.0615 511 142 759 375 8 0.0614 321 145 555 376 0 0.0609 448 136 694 375 8 0.0603 385 71 634 310 7 0.0603 514 216 754 440 5 0.0600 320 579 584 823 0 0.0599 500 591 751 827 13 0.0598 512 144 764 367 0 0.0597 259 448 512 703 11 0.0597 442 455 691 704 7 0.0596 255 381 515 647 0 0.0596 440 453 691 706 0 0.0592 327 521 591 769 5 0.0591 310 205 564 442 6 0.0588 263 452 514 701 3 0.0588 586 231 828 455 11 0.0583 507 144 761 367 5 0.0580 508 504 758 757 13 0.0579 385 76 649 312 11 0.0578 498 0 779 189 13 0.0578 264 452 515 705 11 0.0577 637 393 909 631 5 0.0576 433 0 705 192 10 0.0575 443 141 695 375 13 0.0574 570 522 835 762 8 0.0574 568 150 812 375 11 0.0573 254 520 527 757 10 0.0573 379 391 638 642 0 0.0573 569 3 850 202 0 0.0571 375 383 636 644 10 0.0571 443 458 691 704 3 0.0570 255 383 507 655 8 0.0570 439 0 702 193 10 0.0569 267 579 517 817 3 0.0569 406 514 650 769 5 0.0568 396 509 651 758 11 0.0567 577 232 832 446 10 0.0567 510 214 750 441 6 0.0566 514 214 752 437 11 0.0565 314 210 567 444 7 0.0564 569 518 828 764 5 0.0564 442 132 688 369 6 0.0563 451 135 695 372 8 0.0563 312 11 563 250 0 0.0563 319 73 571 309 7 0.0562 264 515 528 758 0 0.0560 437 2 710 194 2 0.0560 498 7 776 188 13 0.0559 503 1 782 188 5 0.0558 430 386 684 629 8 0.0557 512 508 755 760 0 0.0556 647 333 909 576 6 0.0552 437 389 692 630 3 0.0552 445 0 705 199 3 0.0551 266 519 523 763 11 0.0548 313 78 567 308 0 0.0547 571 150 823 376 13 0.0546 588 235 833 451 6 0.0546 645 397 915 634 7 0.0545 380 73 644 315 7 0.0544 503 0 777 191 13 0.0543 312 13 579 251 6 0.0542 270 574 525 817 5 0.0541 634 387 908 632 11 0.0541 376 139 632 375 6 0.0541 575 76 825 301
6vNxGvdWNgHhxOrNQXYWpO2ESTNulleO,0 0.0611 504 596 766 842 6 0.0600 378 592 639 838 11 0.0596 377 451 632 688 11 0.0587 436 597 698 841 11 0.0575 377 344 632 574 6 0.0573 508 595 769 842 8 0.0570 507 593 762 844 5 0.0569 501 590 765 841 5 0.0567 377 511 638 766 7 0.0564 395 611 750 797 0 0.0564 377 590 635 841 3 0.0560 510 594 765 849 2 0.0559 507 600 765 843 5 0.0558 304 258 559 488 8 0.0555 380 518 633 761 13 0.0549 334 673 707 856 7 0.0547 383 339 633 579 6 0.0546 381 447 635 689 10 0.0545 384 614 742 793 11 0.0545 301 213 565 447 5 0.0540 232 324 490 546 6 0.0539 322 150 573 385 6 0.0539 313 272 566 495 7 0.0537 333 672 706 862 3 0.0535 382 521 642 771 13 0.0534 381 520 644 765 9 0.0530 374 519 641 761 11 0.0530 242 399 500 617 3 0.0529 306 401 562 636 8 0.0526 331 674 687 856 5 0.0525 320 667 695 858 6 0.0524 385 345 631 583 12 0.0523 441 595 703 847 10 0.0522 305 588 561 830 8 0.0521 311 463 562 685 7 0.0519 307 398 565 628 0 0.0517 377 452 633 692 6 0.0516 251 399 502 621 3 0.0515 385 342 629 585 13 0.0514 311 583 571 826 0 0.0513 306 211 568 446 5 0.0512 298 391 558 625 0 0.0511 380 344 628 579 0 0.0511 238 331 495 551 9 0.0509 436 592 703 839 1 0.0509 372 513 638 767 5 0.0509 311 143 570 384 12 0.0508 379 519 641 766 0 0.0508 188 394 442 634 13 0.0508 305 338 568 566 13 0.0507 313 213 575 449 11 0.0506 246 137 505 377 5 0.0503 373 333 627 576 0 0.0502 302 401 561 629 7 0.0500 312 585 570 833
yfPKCdcGwdDB0IZMlq8HX69KWxVeriN3,7 0.0634 311 597 577 819 11 0.0618 306 600 577 816 7 0.0606 440 595 710 826 11 0.0594 382 527 635 745 8 0.0594 312 598 563 819 8 0.0586 383 529 623 746 11 0.0585 435 596 703 827 8 0.0565 315 469 555 700 0 0.0560 375 589 639 814 7 0.0560 386 528 634 747 8 0.0552 437 597 693 826 5 0.0549 370 582 635 809 7 0.0549 320 465 568 704 3 0.0545 379 586 638 819 7 0.0537 245 664 506 884 6 0.0533 447 534 704 753 11 0.0532 241 666 509 884 6 0.0531 310 601 575 819 11 0.0530 315 471 568 697 5 0.0527 252 599 511 820 8 0.0527 245 659 497 887 0 0.0527 304 654 577 883 10 0.0523 436 599 704 829 5 0.0521 306 389 551 637 0 0.0517 309 397 554 639 0 0.0512 446 535 699 758 5 0.0511 450 670 802 852 0 0.0510 442 661 712 889 10 0.0502 308 603 575 820 3 0.0501 458 671 804 859
GBOSav5DG8zWGu8XFoMvLfbDxAse94GB,5 0.0613 374 648 638 893 6 0.0591 384 655 643 889 5 0.0588 524 642 766 865 5 0.0576 421 767 682 999 8 0.0571 527 645 765 866 3 0.0548 438 657 698 895 11 0.0535 375 657 642 887 3 0.0531 435 775 686 1009 7 0.0530 375 779 631 1023 6 0.0527 527 648 776 863 11 0.0527 301 790 557 1021 8 0.0521 374 712 619 950 0 0.0520 379 654 644 893 5 0.0520 337 451 592 697 6 0.0519 377 780 630 1019 8 0.0516 406 532 642 769 7 0.0511 380 655 645 895 13 0.0511 381 656 649 892 8 0.0506 241 722 497 947 0 0.0506 527 649 773 869 5 0.0503 293 776 553 1022 0 0.0503 303 716 569 953 13 0.0502 307 787 572 1023 11 0.0500 407 531 652 770
bLxz3yxd0Eet4laGXc7FzhuJJ8Z0M3kO,8 0.0595 255 674 609 854 0 0.0584 254 678 629 857 11 0.0580 252 678 620 855 8 0.0574 353 725 604 959 11 0.0564 353 731 613 960 5 0.0542 377 332 631 557 5 0.0540 350 724 611 959 0 0.0539 425 789 698 1023 5 0.0539 425 783 693 1023 5 0.0533 246 677 620 854 11 0.0529 426 794 698 1022 11 0.0529 424 663 698 887 8 0.0528 425 657 686 888 0 0.0527 356 725 614 966 8 0.0527 429 784 688 1019 7 0.0527 360 792 620 1023 7 0.0525 185 666 576 853 0 0.0521 421 661 696 896 0 0.0512 179 653 447 883 11 0.0511 178 653 443 880 8 0.0509 184 651 433 881 6 0.0508 183 731 572 910 13 0.0505 255 670 520 903 7 0.0504 384 338 641 559 8 0.0502 384 338 625 559
iQgCHCz5VzMgPg3IufGRUP8mgpnrbbyU,11 0.0631 580 401 840 639 11 0.0594 512 346 778 570 11 0.0587 652 471 900 712 6 0.0578 591 399 840 640 8 0.0575 516 342 766 575 0 0.0564 365 674 729 863 11 0.0559 626 284 878 517 5 0.0538 358 662 727 857 6 0.0535 460 395 718 633 0 0.0533 635 283 877 521 0 0.0533 521 399 774 634 7 0.0529 526 401 779 630 0 0.0528 655 466 896 713 8 0.0527 582 401 828 642 8 0.0526 755 415 987 660 6 0.0524 638 284 878 517 5 0.0523 580 397 834 638 0 0.0522 379 397 645 626 11 0.0517 381 450 642 680 5 0.0517 511 339 769 572 5 0.0516 488 789 747 1010 6 0.0514 367 672 738 858 11 0.0514 234 328 504 556 11 0.0513 638 602 891 835 8 0.0513 654 467 891 715 10 0.0512 578 405 837 637 6 0.0511 333 545 701 733 8 0.0510 387 446 628 685 0 0.0510 326 545 696 735 6 0.0510 389 444 643 683 11 0.0508 323 548 696 734 5 0.0506 251 442 505 681 8 0.0505 332 546 679 735 8 0.0503 370 671 717 857 6 0.0503 661 469 900 714 11 0.0502 175 268 429 498 3 0.0502 526 399 773 637 13 0.0501 522 346 778 573 7 0.0500 341 544 698 737 0 0.0500 247 394 501 628
73cJfrC34gyBDdzwrDxzJnK4YLiOB3am,11 0.0626 502 599 754 838 11 0.0625 447 540 694 775 5 0.0605 434 656 692 904 5 0.0601 503 595 752 838 3 0.0601 451 594 700 845 7 0.0598 452 538 698 776 0 0.0591 384 457 634 690 11 0.0590 433 664 695 903 7 0.0588 511 596 758 841 8 0.0583 505 599 747 839 11 0.0575 501 406 756 639 6 0.0572 450 540 700 775 0 0.0572 504 403 758 642 11 0.0568 389 192 654 422 5 0.0564 385 265 642 495 11 0.0562 242 195 506 437 0 0.0551 447 536 692 776 8 0.0551 388 191 641 425 5 0.0550 323 135 574 370 11 0.0548 463 257 709 485 7 0.0548 440 664 697 906 0 0.0546 245 195 504 444 7 0.0545 508 400 764 642 11 0.0545 384 461 635 689 11 0.0544 374 602 633 839 8 0.0544 447 537 689 777 13 0.0539 396 267 657 498 8 0.0538 434 662 689 905 8 0.0538 326 139 567 370 3 0.0537 511 405 760 647 0 0.0537 323 138 579 373 0 0.0536 375 598 631 842 8 0.0535 325 394 574 625 5 0.0535 443 535 693 772 0 0.0530 505 597 752 840 8 0.0530 462 252 701 494 8 0.0529 507 403 754 641 0 0.0527 0 457 153 817 6 0.0525 385 603 636 838 11 0.0524 327 138 583 368 0 0.0523 437 660 694 903 11 0.0523 254 341 529 578 3 0.0521 393 460 635 692 13 0.0520 330 396 599 627 11 0.0519 0 461 150 805 0 0.0518 391 265 651 503 7 0.0516 382 605 635 842 6 0.0515 505 405 767 642 5 0.0515 498 400 756 635 13 0.0514 452 540 703 779 6 0.0512 442 661 698 903 6 0.0510 466 263 717 491 7 0.0510 388 458 639 690 8 0.0508 248 193 490 438 10 0.0508 378 602 633 838 2 0.0505 446 544 700 774 13 0.0504 383 603 641 846 7 0.0504 247 191 504 437 6 0.0502 253 194 508 437 5 0.0500 316 393 584 625
F78B8vuYdIFbTBgTGs0jadTY5YscoJGh,5 0.0550 496 783 744 1006 11 0.0548 429 788 697 1005 5 0.0543 368 266 635 501 8 0.0540 374 270 635 504 8 0.0533 381 798 636 1020 0 0.0525 376 270 642 504 5 0.0524 367 793 641 1018 7 0.0521 259 783 521 1018 8 0.0520 503 787 741 1009 5 0.0515 556 333 810 580 8 0.0515 262 777 510 1015 8 0.0514 61 652 299 899 0 0.0513 52 662 304 896 7 0.0510 369 335 651 576 6 0.0507 380 802 647 1021 5 0.0504 251 778 515 1011 13 0.0503 378 274 651 504
URqMbGEvFkUabTn3fWS84sUJw7OPbeFF,11 0.0544 173 338 440 573 0 0.0542 176 336 435 572 7 0.0525 203 396 445 631 11 0.0525 248 394 513 630 11 0.0524 502 404 756 624 8 0.0522 171 332 427 575 5 0.0515 250 392 507 631 0 0.0511 501 404 758 631 7 0.0507 508 405 760 627 0 0.0503 252 397 511 637 11 0.0502 514 3 876 151 5 0.0500 169 330 433 571
YKPIWLzYrzDTsyPC34wYGZkQsZVD3iPD,0 0.0671 192 716 435 952 5 0.0643 499 775 737 1011 5 0.0631 190 712 432 950 11 0.0620 193 718 435 946 8 0.0606 195 718 428 947 8 0.0602 437 778 673 1021 10 0.0575 191 720 433 949 7 0.0575 197 717 438 952 6 0.0572 199 720 436 948 7 0.0570 440 781 684 1023 8 0.0558 565 775 801 1015 6 0.0558 437 789 683 1023 11 0.0558 437 782 679 1021 0 0.0549 437 783 677 1023 13 0.0537 443 783 685 1023 2 0.0523 194 720 438 952 7 0.0522 571 778 815 1017 11 0.0522 564 781 811 1013 13 0.0521 197 717 441 950 10 0.0516 438 784 678 1022 2 0.0514 438 787 681 1021 0 0.0512 566 777 811 1020 3 0.0511 197 718 435 951
J1qw4LOubmTNGTt3c3wget2DQ8uslkfw,8 0.0692 387 123 632 375 0 0.0647 374 197 635 441 5 0.0643 450 56 701 310 8 0.0639 319 197 564 436 11 0.0638 321 132 575 374 5 0.0637 378 121 638 373 13 0.0631 308 273 566 507 13 0.0628 326 134 582 372 11 0.0627 452 65 702 312 0 0.0626 322 127 575 373 3 0.0622 510 133 756 381 6 0.0620 456 62 707 310 0 0.0619 446 254 700 500 5 0.0615 236 265 493 508 3 0.0613 393 125 639 383 13 0.0604 381 200 636 436 7 0.0603 370 259 636 502 5 0.0603 181 331 422 563 0 0.0602 504 135 754 372 5 0.0602 307 193 573 435 6 0.0598 327 132 582 372 0 0.0597 572 72 831 313 10 0.0595 386 128 636 375 6 0.0593 191 339 430 567 11 0.0592 317 1 577 249 8 0.0592 451 65 696 312 8 0.0591 506 132 751 374 10 0.0591 314 198 567 437 11 0.0591 121 341 376 557 5 0.0590 562 69 828 312 8 0.0588 325 59 576 306 11 0.0585 297 273 564 504 7 0.0584 189 262 434 494 8 0.0579 450 319 690 560 5 0.0576 276 348 642 528 10 0.0574 506 133 756 371 0 0.0574 187 336 423 571 10 0.0573 280 354 646 533 11 0.0572 184 264 438 493 11 0.0572 238 338 508 579 13 0.0572 248 337 515 586 6 0.0572 511 133 761 372 3 0.0570 319 196 571 444 3 0.0569 245 338 504 586 3 0.0566 573 69 833 319 3 0.0566 377 259 631 508 3 0.0565 324 0 576 256 13 0.0564 456 64 707 310 8 0.0563 248 130 509 380 11 0.0562 569 76 831 308 7 0.0562 389 126 641 377 0 0.0561 314 0 577 251 2 0.0561 387 131 634 376 6 0.0560 244 273 498 510 7 0.0559 454 61 702 315 11 0.0558 242 198 517 438 0 0.0558 249 197 516 443 8 0.0557 287 352 634 531 13 0.0557 194 262 442 500 0 0.0556 284 353 646 535 5 0.0555 317 53 585 301 8 0.0549 242 271 485 513 3 0.0549 131 339 375 568 6 0.0549 381 198 639 437 6 0.0548 574 71 836 309 13 0.0547 129 342 384 562 7 0.0547 505 191 772 445 5 0.0543 439 245 700 496 10 0.0541 445 253 702 503 2 0.0540 454 70 700 307 5 0.0533 199 187 448 427 5 0.0531 57 400 323 632 8 0.0531 574 71 823 310 2 0.0531 319 6 573 250 6 0.0531 320 0 580 252 7 0.0531 574 66 835 314 2 0.0529 369 262 629 505 13 0.0529 451 254 702 496
5oGIvCf0wiyyA0LYzxAtW999XkOARov6,5 0.0611 495 791 728 1015 7 0.0595 506 792 739 1019 0 0.0550 310 448 573 696 0 0.0547 500 796 735 1021 7 0.0538 251 377 506 632 8 0.0529 373 2 624 197 8 0.0529 504 793 723 1017 11 0.0528 306 451 576 692 8 0.0516 319 450 563 695 3 0.0511 507 793 733 1023 5 0.0507 240 372 505 630 0 0.0506 242 333 509 576 0 0.0503 457 0 807 146 6 0.0500 253 377 512 636
PJDqBEgrnTu9OJgwQJoMPUqP49h8p1qH,5 0.0549 236 402 495 633 11 0.0545 309 402 576 631 8 0.0545 246 457 495 697 11 0.0537 316 580 563 815 11 0.0531 241 460 502 692 7 0.0522 245 403 500 639 3 0.0519 247 458 501 702 0 0.0512 244 460 503 696 13 0.0511 246 461 511 698 5 0.0509 234 522 487 759 0 0.0509 315 528 570 769 3 0.0507 310 333 574 573 5 0.0507 856 0 1020 374 8 0.0504 317 401 569 633 3 0.0504 319 582 567 824 7 0.0504 390 583 638 817 0 0.0504 860 14 1023 375 8 0.0502 318 529 558 767
8DpOorn2K4EDV9oRBBMqPMEN6E4GpImj,11 0.0581 367 601 620 822 11 0.0577 517 662 770 887 0 0.0566 520 663 771 894 11 0.0552 751 775 1008 1009 10 0.0546 369 606 617 821 11 0.0545 242 135 513 367 0 0.0544 751 774 1002 1013 8 0.0536 754 774 996 1013 6 0.0534 373 605 625 819 13 0.0533 753 775 1014 1016 8 0.0529 369 596 611 826 0 0.0528 370 597 621 829 13 0.0528 455 606 706 825 5 0.0526 367 594 614 820 8 0.0521 517 662 761 893 13 0.0521 246 136 522 374 10 0.0517 519 663 767 889 0 0.0514 317 329 589 569 5 0.0513 514 658 767 888 0 0.0506 246 130 513 375 7 0.0504 522 664 774 889 7 0.0501 373 600 622 825
wgtGMWUoqvit1kKuCSDbrBUc08ma1PHP,0 0.0537 16 2 263 212 8 0.0534 181 154 429 369 5 0.0531 317 400 581 638 0 0.0526 324 398 582 642 11 0.0516 320 404 586 638 8 0.0516 326 403 575 638 11 0.0515 439 650 698 885 13 0.0511 327 402 591 643 7 0.0511 444 647 698 889 11 0.0508 15 2 263 205 2 0.0506 321 409 585 638 10 0.0505 13 6 261 205
06KzBWUHrePE3ObGGu4FpLPTVwxUfR86,11 0.0632 516 393 757 631 0 0.0588 559 406 812 651 8 0.0581 515 393 752 635 6 0.0579 563 409 815 647 7 0.0575 523 390 761 633 11 0.0570 628 426 874 658 11 0.0568 451 458 704 700 11 0.0558 389 530 648 764 0 0.0552 452 458 703 702 5 0.0545 565 596 823 827 8 0.0544 570 155 816 393 10 0.0543 446 542 703 776 5 0.0543 556 406 808 648 13 0.0541 448 544 706 780 6 0.0540 445 543 709 775 7 0.0539 390 332 644 573 5 0.0539 381 327 638 568 5 0.0538 438 534 700 775 11 0.0538 568 157 828 393 0 0.0536 567 157 826 397 11 0.0535 640 219 894 443 11 0.0535 381 334 644 567 0 0.0535 631 486 877 723 8 0.0534 448 458 696 701 8 0.0532 633 487 871 719 8 0.0531 572 600 819 830 13 0.0531 573 603 830 834 7 0.0527 456 453 710 702 3 0.0526 520 391 754 639 6 0.0522 633 485 884 720 10 0.0522 558 413 809 651 5 0.0520 565 152 822 392 7 0.0513 570 154 830 396 8 0.0511 384 335 632 571 2 0.0510 562 416 814 652 13 0.0510 576 158 834 397 13 0.0508 517 392 764 633 3 0.0506 575 156 828 403 5 0.0505 450 391 701 644 6 0.0504 574 158 832 397 13 0.0504 636 487 889 724 3 0.0504 386 330 639 578 7 0.0503 570 600 829 832 11 0.0501 373 803 632 1018 0 0.0501 568 601 827 831 7 0.0500 378 799 638 1023
b6AlIfUzF3nLgjedVK4XWNGAc3U1Q6XF,0 0.0576 301 0 579 193 11 0.0571 555 391 824 622 5 0.0549 698 463 954 696 11 0.0548 710 472 963 688 0 0.0532 514 104 749 333 11 0.0524 571 272 817 507 11 0.0523 500 328 745 553 8 0.0520 308 0 565 187 11 0.0519 373 163 631 373 7 0.0512 708 468 964 694 0 0.0506 237 278 514 514 0 0.0502 398 15 657 253
aaWmdoKbCadYbb9qhsZtMh31g2SxMuJ9,0 0.0534 483 729 753 967 5 0.0532 445 197 711 425 0 0.0531 365 665 640 895 11 0.0527 414 743 683 961 0 0.0515 321 195 580 440 11 0.0515 362 674 639 885 6 0.0515 406 198 668 440 0 0.0513 504 602 755 825 11 0.0511 293 738 561 959 11 0.0511 457 206 713 432 5 0.0505 626 205 865 449 0 0.0502 383 458 631 698 10 0.0500 456 208 717 431
6yFo5HwsnA8q53XyPeAmCpM3JMoi8JxS,8 0.0656 116 0 355 209 11 0.0630 111 2 366 206 5 0.0629 301 794 570 1021 5 0.0620 649 785 891 1018 11 0.0615 517 467 763 697 5 0.0614 433 786 701 1021 8 0.0604 311 799 571 1023 0 0.0602 309 802 578 1023 11 0.0601 355 795 630 1021 3 0.0596 120 0 360 212 0 0.0595 517 466 763 705 13 0.0593 195 0 442 219 6 0.0588 312 797 582 1023 0 0.0584 115 1 364 212 13 0.0583 62 3 314 216 7 0.0577 362 790 637 1023 6 0.0577 441 791 707 1023 5 0.0575 763 779 1018 1021 6 0.0575 61 3 313 213 13 0.0575 661 791 904 1023 11 0.0570 659 790 894 1017 10 0.0567 306 806 577 1019 8 0.0565 774 782 1018 1023 8 0.0564 517 543 754 774 10 0.0560 772 786 1023 1023 5 0.0555 63 812 319 1019 6 0.0553 658 793 897 1021 7 0.0550 659 787 899 1020 13 0.0548 314 802 586 1022 11 0.0545 769 784 1022 1022 5 0.0545 114 0 359 209 11 0.0545 63 819 326 1021 8 0.0544 439 793 695 1023 6 0.0543 575 472 828 710 0 0.0543 657 793 895 1022 10 0.0543 55 0 305 212 8 0.0541 657 786 889 1022 11 0.0540 0 28 234 251 13 0.0540 775 784 1023 1023 7 0.0538 188 1 438 216 5 0.0537 0 20 226 251 7 0.0535 68 819 332 1022 6 0.0533 515 544 766 771 6 0.0532 194 0 438 209 3 0.0531 776 784 1023 1023 0 0.0531 436 797 704 1023 3 0.0531 312 805 581 1023 7 0.0531 771 781 1023 1023 3 0.0529 658 788 896 1023 7 0.0529 520 464 770 704 2 0.0529 354 734 620 963 6 0.0527 71 821 325 1023 2 0.0527 652 794 897 1021 3 0.0527 439 797 708 1023 0 0.0523 579 523 825 765 0 0.0523 0 21 231 256 0 0.0522 770 789 1022 1023 3 0.0520 517 547 758 780 8 0.0520 3 15 221 254 12 0.0515 308 802 581 1021 13 0.0514 442 795 713 1023 5 0.0513 511 463 758 698 13 0.0512 522 467 772 702 10 0.0508 656 793 898 1021 1 0.0505 768 777 1023 1023 10 0.0502 439 795 705 1021
OkMEbzQFtr8cczZ0B2XMkyirhW8xMixS,0 0.0649 434 274 690 508 0 0.0643 248 266 504 508 8 0.0639 380 206 629 445 11 0.0632 246 269 506 507 11 0.0632 324 210 586 446 5 0.0624 316 204 580 446 11 0.0616 444 214 696 439 5 0.0615 568 322 829 573 0 0.0613 326 205 581 450 0 0.0611 636 457 892 706 0 0.0611 505 210 759 443 7 0.0603 197 262 449 506 6 0.0602 579 330 834 569 8 0.0601 636 453 884 706 3 0.0600 330 205 585 453 3 0.0598 450 209 694 447 3 0.0597 578 328 830 578 0 0.0595 382 141 630 379 11 0.0595 190 338 451 580 0 0.0595 317 338 577 575 5 0.0594 243 266 504 508 2 0.0590 334 295 690 471 11 0.0590 573 331 832 570 6 0.0590 323 274 581 513 3 0.0589 505 271 756 513 0 0.0588 126 276 381 526 8 0.0588 326 137 571 372 8 0.0587 575 329 825 571 7 0.0583 321 276 584 513 13 0.0582 251 267 511 512 6 0.0580 258 198 512 449 10 0.0578 191 269 445 505 0 0.0578 191 339 448 580 11 0.0577 381 145 634 377 11 0.0576 326 357 694 532 5 0.0574 439 204 690 437 0 0.0574 261 129 516 376 8 0.0570 504 211 755 442 5 0.0567 371 135 627 373 8 0.0567 254 332 499 569 5 0.0567 633 452 885 704 7 0.0567 510 331 761 568 0 0.0565 505 330 759 566 8 0.0565 257 199 504 444 6 0.0565 254 329 507 571 11 0.0563 499 272 761 502 7 0.0562 254 331 504 568 10 0.0562 253 204 510 446 11 0.0560 632 393 902 645 11 0.0559 254 134 518 370 6 0.0559 639 392 904 643 13 0.0558 576 330 839 573 6 0.0557 450 212 695 437 8 0.0556 374 335 626 571 5 0.0554 319 351 684 535 10 0.0554 378 212 636 444 7 0.0554 258 201 515 449 5 0.0551 493 265 753 504 8 0.0551 444 144 698 372 8 0.0550 194 266 441 506 6 0.0549 330 139 581 374 11 0.0548 188 200 453 441 11 0.0546 567 209 841 441 3 0.0546 266 129 519 379 3 0.0546 249 267 504 512 10 0.0545 318 279 581 510 7 0.0543 436 277 692 508 11 0.0543 124 279 386 523 3 0.0542 389 138 636 384 2 0.0541 579 334 832 572 5 0.0541 251 130 513 370 9 0.0539 331 294 693 468 2 0.0538 251 337 503 569 8 0.0538 446 391 700 637 6 0.0537 503 269 758 505 7 0.0537 506 209 764 443 7 0.0537 639 456 893 707 6 0.0536 577 208 839 441 2 0.0534 502 273 757 504 5 0.0534 188 335 448 581 13 0.0533 264 131 524 377 11 0.0532 445 395 711 637 2 0.0532 256 203 508 447 5 0.0532 440 384 705 637 3 0.0530 198 342 450 587 10 0.0528 249 335 503 569
QwZpQC10ifNv5z2IGummjhpQTp70GQux,3 0.0559 321 394 579 642 7 0.0548 323 390 583 638 11 0.0545 319 393 580 637 7 0.0538 300 784 560 1015 0 0.0533 319 393 580 637 8 0.0529 257 403 504 645 5 0.0529 254 400 514 643 13 0.0502 324 393 588 642
fLMIvmggFwy6Fg09KcAk0hJX6Fze2PsY,8 0.0655 529 528 764 770 8 0.0641 451 584 694 821 5 0.0627 389 575 636 816 11 0.0625 390 578 639 819 6 0.0618 393 578 643 819 7 0.0610 394 579 643 823 3 0.0606 395 579 640 824 0 0.0599 393 575 639 821 11 0.0598 578 588 833 825 11 0.0596 247 393 509 618 13 0.0587 452 587 707 819 0 0.0583 583 587 830 831 11 0.0579 386 402 646 637 11 0.0573 524 526 772 765 5 0.0566 515 583 760 822 2 0.0559 395 581 641 822 3 0.0558 520 589 765 830 13 0.0552 581 587 837 829 6 0.0552 594 469 843 706 5 0.0549 570 404 827 642 7 0.0549 391 401 648 644 10 0.0549 390 580 640 820 5 0.0545 242 388 505 618 13 0.0545 388 404 654 641 8 0.0541 360 647 617 897 11 0.0540 100 471 378 705 6 0.0540 529 525 773 765 11 0.0537 532 484 909 661 7 0.0535 521 584 769 826 7 0.0532 253 393 511 624 5 0.0528 379 399 638 638 13 0.0525 255 394 516 627 3 0.0525 253 399 510 631 13 0.0523 594 474 846 709 12 0.0520 392 577 635 820 8 0.0519 384 402 636 641 0 0.0517 578 408 834 646 8 0.0517 252 396 498 626 8 0.0514 592 471 829 708 1 0.0513 388 573 638 821 11 0.0513 93 590 371 833 13 0.0511 368 648 631 898 0 0.0511 385 403 645 640 6 0.0510 391 405 650 640 5 0.0509 586 522 840 768 9 0.0505 389 575 637 816 4 0.0504 393 579 641 820
So2UODUNNKdHbu1aDVT4fBmRdh2AO4yg,8 0.0619 442 474 681 711 11 0.0618 382 470 635 713 0 0.0611 441 476 686 714 5 0.0596 439 470 686 710 13 0.0592 385 465 636 717 5 0.0590 315 463 569 712 8 0.0576 376 537 625 776 2 0.0575 385 471 636 714 11 0.0570 363 610 627 843 7 0.0570 444 472 692 710 6 0.0568 447 477 692 712 8 0.0565 319 466 564 713 0 0.0564 373 536 629 779 7 0.0563 320 469 572 713 11 0.0562 245 401 507 656 3 0.0559 378 536 634 784 7 0.0554 252 399 512 659 0 0.0547 319 466 570 716 7 0.0547 378 535 637 778 8 0.0547 309 602 555 841 3 0.0546 446 476 691 715 3 0.0545 318 471 574 719 13 0.0542 254 403 518 658 7 0.0542 324 258 585 493 13 0.0541 338 610 693 788 6 0.0540 337 610 696 787 8 0.0539 250 399 500 657 0 0.0539 299 660 557 893 5 0.0539 302 598 558 841 5 0.0533 373 530 630 776 0 0.0531 243 592 498 834 0 0.0528 250 402 512 656 6 0.0527 323 470 575 714 5 0.0526 248 399 508 654 10 0.0525 378 538 630 778 7 0.0525 308 606 566 842 3 0.0519 309 607 562 848 12 0.0518 389 465 637 719 11 0.0518 244 600 498 831 2 0.0517 367 614 626 845 10 0.0514 445 480 690 711 1 0.0513 381 460 631 716 8 0.0512 197 536 441 778
mVLVo8nWRfpd5klQluEm2q4AU3au5FGS,11 0.0658 317 142 574 377 0 0.0643 323 209 586 441 11 0.0632 210 137 460 369 8 0.0620 327 209 578 436 8 0.0609 387 134 638 368 6 0.0607 330 209 592 437 5 0.0606 130 350 488 532 13 0.0605 329 209 595 438 0 0.0603 392 79 643 313 0 0.0599 147 349 486 536 5 0.0587 256 196 511 426 0 0.0587 261 129 513 366 3 0.0578 325 136 575 381 8 0.0577 266 129 507 365 3 0.0569 266 199 509 434 5 0.0567 379 129 645 368 11 0.0561 522 143 766 371 0 0.0560 524 142 764 374 6 0.0559 206 262 446 498 11 0.0559 388 80 643 313 11 0.0559 194 258 445 495 3 0.0558 526 141 763 377 7 0.0551 323 136 579 375 11 0.0548 168 402 447 626 13 0.0545 391 135 653 366 13 0.0544 184 401 451 632 6 0.0543 270 130 519 365 6 0.0543 526 138 765 374 7 0.0540 390 77 644 316 8 0.0534 5 791 243 1015 7 0.0534 522 137 764 374 10 0.0530 263 135 513 360 8 0.0528 146 353 472 535 8 0.0527 523 138 759 372 10 0.0524 388 85 643 313 6 0.0523 183 399 449 630 5 0.0521 518 135 760 369 7 0.0521 204 253 444 496 13 0.0519 205 255 452 500 2 0.0518 326 214 586 437 3 0.0517 395 77 646 319 6 0.0514 390 132 651 368 10 0.0514 198 259 437 496 3 0.0509 180 403 440 634 7 0.0508 218 130 462 368 13 0.0505 268 127 524 367 10 0.0503 324 216 589 437 2 0.0503 389 142 642 371
7EpddCRcvfbDeOUdG6Almpdg3IvQ5aF0,8 0.0615 303 0 577 190 5 0.0582 230 0 503 191 8 0.0569 513 21 755 239 0 0.0544 241 0 505 192 5 0.0534 508 16 761 239 13 0.0530 235 0 514 192 7 0.0524 241 0 511 197 11 0.0518 232 3 507 189 6 0.0513 241 0 509 193 11 0.0507 501 389 761 620 7 0.0504 514 22 773 241 0 0.0504 478 727 758 964 5 0.0502 239 74 504 315
E924zja6udncpbz1UP99Gk7DQUK1Cex7,5 0.0552 169 394 439 650 11 0.0545 292 715 551 937 5 0.0543 617 405 889 640 11 0.0542 617 410 895 637 8 0.0541 565 409 805 639 11 0.0541 173 337 439 582 7 0.0540 572 412 815 641 5 0.0536 244 329 521 575 7 0.0534 255 386 528 653 13 0.0530 442 409 709 641 0 0.0529 434 467 700 704 0 0.0518 177 399 442 652 0 0.0517 620 414 895 647 11 0.0508 311 404 596 644 8 0.0506 177 336 425 590 11 0.0506 437 409 701 640 13 0.0504 572 416 819 637 7 0.0504 440 401 708 645
bsoLisW17MW9cIsJO5cA1zmzDOFm2WYS,8 0.0652 247 0 501 196 5 0.0613 206 0 574 143 11 0.0595 313 2 579 200 13 0.0594 318 1 584 202 8 0.0585 311 30 571 267 6 0.0565 250 2 506 196 5 0.0557 309 28 574 262 7 0.0557 250 0 507 197 0 0.0555 316 0 579 203 8 0.0555 435 468 693 696 11 0.0552 146 1 513 146 3 0.0542 216 0 578 148 7 0.0542 314 103 580 340 13 0.0541 147 1 524 151 0 0.0540 432 468 695 700 11 0.0536 436 469 697 694 9 0.0536 208 2 575 142 11 0.0527 251 83 515 318 0 0.0522 144 0 509 148 2 0.0522 149 2 511 147 12 0.0521 216 0 579 146 13 0.0518 319 110 585 340 10 0.0517 212 2 578 143 6 0.0513 318 30 580 268 7 0.0512 439 465 702 700 10 0.0501 314 34 579 263
61rZKdaQstXVWKQG9i1lkQXBVS2qiYgO,6 0.0593 384 88 632 325 11 0.0578 299 346 567 580 0 0.0570 436 149 695 383 6 0.0569 306 343 571 580 11 0.0563 256 466 514 705 11 0.0558 351 270 631 504 11 0.0554 430 334 688 569 11 0.0545 374 406 630 643 7 0.0544 380 462 630 714 6 0.0544 311 463 569 703 8 0.0543 384 92 620 329 6 0.0543 377 400 630 645 8 0.0543 434 334 683 571 8 0.0543 310 465 556 704 7 0.0539 372 333 637 576 0 0.0535 437 393 683 641 11 0.0534 364 150 641 383 5 0.0532 375 85 624 326 6 0.0532 314 143 573 387 8 0.0529 436 459 673 707 7 0.0524 312 146 572 391 8 0.0523 333 48 553 266 8 0.0523 310 146 560 388 5 0.0522 429 323 683 569 13 0.0520 441 456 688 709 13 0.0519 314 271 579 519 8 0.0516 356 268 619 507 5 0.0512 256 396 510 646 6 0.0512 360 265 630 508 11 0.0512 506 458 746 713 13 0.0510 371 147 648 388 5 0.0510 307 138 561 384 5 0.0509 186 510 441 756 5 0.0509 372 453 616 709 8 0.0503 194 515 435 762 0 0.0502 262 462 513 712 0 0.0501 310 144 570 389
ezkqsljjLRBxiavF9FO2SHkaE14bsjsA,5 0.0530 332 587 586 836 5 0.0527 181 131 417 365 0 0.0526 0 654 216 901 11 0.0524 247 149 507 371 7 0.0519 294 199 466 572 8 0.0504 295 199 457 573 11 0.0501 768 585 1015 814 11 0.0500 385 614 644 831
5h3Z9s6DKMKoBWeCd2Me6M3UZj5dYVrU,11 0.0654 506 598 757 831 11 0.0642 367 732 633 965 5 0.0632 567 713 809 953 11 0.0616 570 718 814 952 8 0.0611 510 596 752 834 0 0.0610 507 665 755 900 7 0.0610 308 792 565 1023 5 0.0606 507 594 752 834 6 0.0605 536 613 891 795 0 0.0603 382 670 639 907 11 0.0601 302 795 557 1021 8 0.0597 573 715 808 956 7 0.0594 513 598 754 836 7 0.0593 377 728 637 971 5 0.0592 297 786 556 1021 5 0.0590 366 724 628 967 3 0.0585 574 717 812 962 7 0.0577 575 717 815 955 7 0.0575 241 668 511 898 6 0.0572 378 729 635 967 2 0.0571 576 718 816 954 8 0.0569 304 791 556 1023 10 0.0566 370 732 632 967 13 0.0564 381 731 638 970 3 0.0560 513 595 756 840 2 0.0560 512 668 755 896 3 0.0558 375 729 632 971 13 0.0556 309 793 568 1023 13 0.0553 574 719 819 958 6 0.0553 309 790 563 1021 10 0.0553 300 794 560 1023 6 0.0551 242 667 514 895 0 0.0550 384 470 633 699 11 0.0547 216 722 493 954 9 0.0547 301 793 561 1018 0 0.0543 529 611 885 796 8 0.0543 372 730 627 968 13 0.0538 531 614 898 795 0 0.0538 235 664 510 903 6 0.0535 575 717 817 954 10 0.0532 572 721 810 956 13 0.0527 224 723 504 956 3 0.0527 305 794 560 1023 0 0.0525 302 790 558 1023 11 0.0523 386 468 636 692 1 0.0521 570 709 811 959 10 0.0519 509 598 752 834 0 0.0518 250 216 511 437 12 0.0518 376 728 633 969 11 0.0516 249 348 511 578 8 0.0513 389 468 626 695 6 0.0512 258 221 519 436 9 0.0508 505 596 755 832 9 0.0508 570 719 812 951 0 0.0507 501 349 745 580 1 0.0505 369 722 632 967 7 0.0504 389 466 637 699 3 0.0501 225 720 494 959 7 0.0500 249 293 520 510
2oRvbe94imTP26QKWuLQ1HthFjVohYux,8 0.0614 2 789 222 1022 11 0.0581 384 337 650 569 11 0.0575 0 795 231 1023 5 0.0572 437 258 698 492 0 0.0572 244 280 507 535 8 0.0571 442 258 694 497 0 0.0565 386 331 647 573 5 0.0565 374 199 631 433 5 0.0560 295 327 573 568 7 0.0560 456 333 718 563 8 0.0557 253 0 497 206 0 0.0557 451 408 711 630 0 0.0550 0 794 230 1023 13 0.0549 390 333 653 573 11 0.0543 377 202 638 437 0 0.0542 576 272 827 509 11 0.0538 450 407 713 626 5 0.0537 308 0 570 210 10 0.0536 318 4 575 210 6 0.0535 309 331 586 571 8 0.0535 253 275 496 534 3 0.0533 446 261 702 504 11 0.0533 443 262 703 492 5 0.0532 380 399 641 634 8 0.0531 378 196 626 440 13 0.0529 317 0 578 214 11 0.0528 619 670 907 916 11 0.0528 310 0 580 214 0 0.0528 379 200 634 438 11 0.0528 245 282 507 529 13 0.0528 384 201 645 440 0 0.0528 310 139 567 388 6 0.0528 312 70 571 322 6 0.0527 383 201 641 436 3 0.0526 393 405 644 642 5 0.0525 0 788 226 1023 0 0.0523 444 259 701 497 7 0.0523 328 719 560 937 7 0.0523 521 406 773 634 5 0.0521 436 73 709 312 11 0.0521 442 79 712 311 5 0.0519 305 134 563 383 8 0.0517 191 140 441 381 13 0.0516 246 332 517 582 11 0.0516 320 725 559 936 8 0.0515 518 407 760 638 6 0.0513 626 675 903 917 13 0.0512 1 793 232 1023 13 0.0512 314 138 577 391 7 0.0511 305 330 579 573 10 0.0511 452 343 716 562 7 0.0510 381 199 639 437 2 0.0510 442 268 699 493 11 0.0509 577 273 830 507 6 0.0509 448 263 707 494 3 0.0509 319 0 575 216 1 0.0509 0 788 228 1023 3 0.0508 303 330 579 580 0 0.0508 622 675 904 919 7 0.0507 56 788 304 1018 3 0.0507 378 76 641 327 0 0.0506 313 0 573 215 6 0.0505 582 269 832 507 13 0.0504 448 263 710 494 0 0.0502 322 720 560 942 2 0.0501 377 208 632 438 3 0.0501 4 793 228 1023 0 0.0501 312 400 576 639 8 0.0500 388 0 641 197 0 0.0500 376 78 639 319 13 0.0500 250 212 511 466
rugn1uGaxa0lUvHB6kZa4W4cIGf6FtZw,0 0.0562 174 719 428 961 8 0.0561 177 718 418 952 11 0.0557 173 720 423 955 11 0.0549 238 795 479 1019 5 0.0543 236 792 476 1017 8 0.0533 239 792 473 1021 7 0.0526 388 790 632 1023 7 0.0522 243 794 485 1023 0 0.0519 241 794 482 1023 7 0.0518 179 719 430 956 5 0.0516 170 718 420 949 11 0.0508 383 792 625 1018 6 0.0503 178 723 429 955
M4g3tDSweIUqsIvCKfbJTUK0DuvHJbsM,11 0.0650 10 475 246 711 5 0.0617 512 387 774 637 0 0.0612 387 134 647 375 7 0.0609 521 391 778 643 11 0.0604 514 391 770 638 8 0.0603 7 467 236 712 8 0.0591 519 392 768 641 13 0.0586 522 392 779 638 0 0.0582 581 403 831 649 6 0.0582 444 395 706 637 0 0.0579 441 392 705 638 7 0.0577 443 454 714 690 3 0.0575 522 393 772 646 11 0.0574 434 456 708 689 5 0.0566 511 799 761 1020 3 0.0560 390 207 651 447 11 0.0552 383 140 649 372 10 0.0551 8 476 247 709 5 0.0550 1 467 242 709 7 0.0547 375 609 631 836 10 0.0542 441 396 704 634 3 0.0541 13 466 247 719 0 0.0540 365 605 632 841 7 0.0540 396 138 649 374 11 0.0538 366 611 627 831 0 0.0535 309 211 577 439 8 0.0534 440 457 703 687 7 0.0531 380 396 635 640 13 0.0530 444 456 719 692 8 0.0525 380 399 626 637 11 0.0524 301 284 570 491 5 0.0521 430 449 710 688 0 0.0516 586 287 838 517 5 0.0515 583 275 837 512 7 0.0513 8 472 249 715 3 0.0510 442 458 708 694 6 0.0509 10 473 249 704 5 0.0507 374 206 647 439 1 0.0505 438 384 702 636 10 0.0504 577 406 831 646 0 0.0504 436 530 701 759 3 0.0503 379 401 632 644 3 0.0503 595 281 840 524 13 0.0503 9 470 253 711 6 0.0503 390 210 655 443 13 0.0501 389 136 659 375 2 0.0501 519 397 774 641 11 0.0501 239 144 501 369 5 0.0501 364 601 629 834 8 0.0501 370 608 625 837
29TH19GrhsVRGX7Lur1aApM6qE4qhv2X,5 0.0667 622 735 870 961 5 0.0661 452 682 809 860 5 0.0638 183 701 432 938 11 0.0635 455 684 817 858 7 0.0623 250 653 504 889 7 0.0622 463 681 819 861 11 0.0612 244 655 503 887 0 0.0604 250 654 501 893 8 0.0597 458 682 812 861 8 0.0597 250 653 494 888 6 0.0596 624 743 879 965 13 0.0594 461 684 823 861 0 0.0588 623 739 874 967 11 0.0585 622 741 873 959 7 0.0585 629 738 877 965 0 0.0582 457 683 816 863 6 0.0582 460 685 819 863 8 0.0579 623 734 871 964 10 0.0575 246 659 500 888 10 0.0571 456 684 814 860 3 0.0564 459 682 817 865 3 0.0553 629 736 873 968 3 0.0548 252 653 498 894 13 0.0546 190 704 442 943 6 0.0544 187 706 440 941 2 0.0534 456 687 814 861 13 0.0529 628 739 880 963 2 0.0526 186 705 435 942 12 0.0522 462 682 814 863 2 0.0516 625 742 876 962 1 0.0506 451 680 815 862 12 0.0502 628 736 876 966 9 0.0501 450 683 816 861
kkyRmCmxM1x9GWJeslAsh2TLA96ZI2R7,7 0.0646 115 659 376 893 0 0.0604 181 664 437 901 0 0.0596 236 601 499 834 7 0.0586 239 598 503 828 7 0.0576 187 722 426 956 8 0.0572 110 662 363 891 0 0.0566 120 723 361 955 8 0.0553 237 601 487 827 11 0.0546 108 664 374 890 8 0.0543 188 723 418 955 5 0.0541 106 661 367 889 11 0.0540 181 726 423 950 6 0.0536 115 666 375 893 5 0.0531 232 596 492 827 11 0.0527 269 675 623 849 7 0.0527 312 456 573 686 5 0.0523 181 720 419 950 10 0.0521 274 678 630 851 10 0.0518 116 730 358 949 11 0.0518 238 545 502 768 6 0.0517 188 726 429 955 0 0.0514 311 458 570 688 7 0.0513 282 673 630 853 10 0.0513 174 670 437 893 6 0.0506 278 677 635 851 13 0.0505 186 724 432 954 0 0.0505 250 725 493 967
kWPdnbbs1tExomgQpiq2skXImG7hWPnP,11 0.0657 439 461 708 696 5 0.0634 439 456 702 695 8 0.0624 444 457 700 696 0 0.0620 383 453 641 695 11 0.0609 315 525 579 766 7 0.0591 389 453 647 695 5 0.0584 514 395 778 635 11 0.0580 380 394 641 626 8 0.0572 522 400 771 632 8 0.0569 321 458 568 700 7 0.0561 516 469 782 704 0 0.0554 318 591 577 840 10 0.0554 440 463 704 697 10 0.0553 316 460 575 701 7 0.0552 319 523 578 769 11 0.0551 189 684 444 911 11 0.0551 315 339 572 566 0 0.0551 317 394 577 629 8 0.0549 321 588 571 836 11 0.0545 312 668 586 901 3 0.0545 388 452 641 698 11 0.0545 518 401 786 630 6 0.0539 326 590 579 839 2 0.0538 446 465 706 698 6 0.0538 447 458 708 702 8 0.0527 186 607 436 844 13 0.0526 186 613 452 849 8 0.0525 383 393 631 630 5 0.0525 312 517 567 764 13 0.0524 515 469 781 701 0 0.0524 514 470 777 706 10 0.0522 321 594 578 832 13 0.0520 390 450 648 692 7 0.0513 321 392 580 627 8 0.0513 451 335 704 563 5 0.0509 447 331 705 563 6 0.0507 523 401 787 635 10 0.0507 377 393 638 629 11 0.0507 449 337 711 561 0 0.0503 381 334 640 562 3 0.0503 322 521 574 776 8 0.0502 247 676 501 912 13 0.0501 327 590 586 840
lbIef31PXK4tgS8NpiR2EFvOOq93n5ZH,3 0.0572 397 267 651 510 5 0.0570 246 189 511 413 11 0.0570 338 345 589 573 0 0.0553 246 193 517 415 5 0.0553 359 645 617 881 8 0.0551 391 263 648 502 8 0.0547 326 190 576 417 11 0.0546 321 189 586 418 0 0.0542 334 405 577 653 5 0.0541 332 337 585 576 8 0.0532 331 465 573 721 7 0.0531 338 401 581 649 6 0.0530 336 402 585 649 0 0.0525 258 340 536 582 6 0.0522 368 651 630 879 11 0.0521 395 267 654 500 5 0.0521 176 264 450 494 3 0.0521 342 343 589 584 5 0.0519 376 121 629 342 6 0.0514 263 341 542 576 8 0.0512 311 592 560 853 11 0.0512 326 473 584 716 3 0.0510 329 189 582 424 0 0.0506 262 479 521 736 5 0.0505 322 468 572 722 8 0.0500 341 341 585 576 6 0.0500 265 479 526 729
Cnqikdnba4xmiEV4u7EoWiEyDKFPLnkP,5 0.0577 243 386 493 626 11 0.0575 168 403 434 642 7 0.0549 249 388 498 633 13 0.0548 175 404 443 645 8 0.0542 174 398 426 642 0 0.0537 247 390 496 632 8 0.0533 246 331 485 573 3 0.0524 248 396 493 637 11 0.0522 241 335 493 572 5 0.0515 504 601 764 828 0 0.0510 509 605 767 832 11 0.0503 767 206 1023 436
RTYj9bARpfD1l9CxrSvU55vylPuc3pVt,0 0.0599 318 662 577 900 5 0.0589 316 657 572 897 11 0.0577 316 663 576 894 5 0.0575 2 618 240 847 8 0.0575 7 620 238 843 8 0.0567 319 659 573 897 7 0.0560 322 659 583 900 10 0.0560 6 624 244 849 6 0.0560 321 661 584 894 11 0.0538 4 627 249 845 8 0.0536 388 726 630 950 8 0.0526 390 407 636 637 11 0.0514 377 733 642 949 6 0.0513 381 727 641 953 13 0.0502 324 661 584 897
4hDUc2RoDewwytNqMN2HDNJYma3KPkX7,8 0.0612 244 31 489 259 13 0.0601 247 0 507 199 11 0.0598 246 2 497 198 5 0.0586 237 0 492 198 0 0.0585 245 0 497 201 6 0.0578 246 3 506 199 10 0.0574 246 5 496 196 11 0.0555 498 592 757 820 0 0.0553 297 73 549 315 3 0.0536 245 0 495 208 11 0.0535 394 386 652 630 0 0.0535 503 532 758 771 0 0.0529 394 387 652 641 5 0.0526 382 453 642 702 8 0.0515 331 477 717 669 7 0.0514 509 529 762 769 11 0.0509 327 450 585 708 11 0.0506 446 466 696 694 6 0.0505 507 534 760 768 2 0.0504 249 6 498 198 11 0.0501 170 79 444 298
QTnEzq8ekmI9IMa1p5ga0m6svp9vyFpN,8 0.0677 409 485 754 670 8 0.0668 373 518 618 769 8 0.0644 240 513 484 770 0 0.0630 498 393 752 638 8 0.0630 430 339 684 582 8 0.0625 301 457 557 705 5 0.0624 236 511 494 769 5 0.0624 253 208 515 442 6 0.0618 486 420 836 604 11 0.0618 477 422 833 604 5 0.0617 494 447 758 706 8 0.0617 503 271 746 512 5 0.0614 433 204 685 448 8 0.0610 256 139 502 380 7 0.0608 501 391 756 635 3 0.0608 484 421 831 610 11 0.0607 367 356 632 588 5 0.0605 300 393 560 648 6 0.0605 434 345 692 584 8 0.0599 317 337 563 583 8 0.0599 177 581 418 832 3 0.0597 431 448 688 711 5 0.0597 500 266 752 515 3 0.0596 329 204 569 445 0 0.0595 192 80 447 317 8 0.0594 301 596 544 839 10 0.0593 371 527 629 767 5 0.0591 317 67 568 299 5 0.0589 176 332 439 572 10 0.0588 498 454 761 704 0 0.0586 697 597 929 838 0 0.0584 503 272 752 515 11 0.0584 432 284 687 520 11 0.0583 296 459 569 702 8 0.0582 198 77 441 312 11 0.0579 254 142 509 380 7 0.0579 506 270 754 515 3 0.0578 261 82 515 317 8 0.0577 186 330 432 574 5 0.0576 426 394 686 645 11 0.0576 184 20 449 256 13 0.0575 439 281 695 518 7 0.0574 374 403 638 656 5 0.0573 368 591 635 840 8 0.0573 441 581 689 813 11 0.0571 690 598 930 831 11 0.0570 324 207 571 439 11 0.0570 236 518 494 769 0 0.0569 441 584 698 818 0 0.0568 322 270 564 519 7 0.0568 328 205 573 439 6 0.0568 318 340 574 582 13 0.0568 502 455 765 709 7 0.0567 442 515 699 767 10 0.0566 300 462 570 699 3 0.0566 438 284 687 528 6 0.0564 411 488 765 669 8 0.0563 327 201 563 436 13 0.0562 265 207 525 445 11 0.0562 497 211 755 451 7 0.0561 242 585 492 838 7 0.0561 439 209 689 454 2 0.0560 488 423 829 605 6 0.0559 198 77 455 309 8 0.0559 435 206 681 449 7 0.0557 376 288 625 527 11 0.0556 175 584 431 831 10 0.0556 239 522 494 767 11 0.0554 239 662 491 906 6 0.0553 244 582 494 833 6 0.0553 508 272 756 513 13 0.0553 374 409 639 657 7 0.0552 192 203 445 447 3 0.0551 372 521 628 773 5 0.0551 239 654 489 901 6 0.0551 439 210 691 450 0 0.0550 189 272 440 518 12 0.0550 488 420 832 605 0 0.0550 376 403 631 655 3 0.0548 193 16 449 263
UL1QrWThEGyQL26VSUCFwSaKQ46UL0gh,0 0.0590 319 285 575 527 13 0.0584 325 282 584 529 5 0.0583 314 282 573 529 3 0.0571 322 211 571 463 7 0.0564 323 283 579 528 11 0.0559 319 287 574 525 6 0.0558 323 212 575 456 11 0.0553 423 729 707 954 8 0.0548 319 283 568 526 10 0.0544 321 290 576 527 0 0.0533 321 143 582 381 11 0.0526 428 595 701 826 11 0.0525 317 145 580 381 8 0.0523 324 139 572 382 3 0.0513 259 274 507 527 0 0.0512 251 212 506 456 2 0.0510 322 291 571 527 13 0.0505 326 138 589 385
syyXq10KyJ4oMKJ7AL9xRXwVXaXhD9xZ,11 0.0681 382 590 635 835 0 0.0680 517 659 773 907 11 0.0677 513 664 775 900 7 0.0603 520 663 773 903 7 0.0600 385 590 637 836 8 0.0599 381 592 628 838 8 0.0598 520 662 768 907 0 0.0597 380 590 633 839 5 0.0592 379 589 630 836 10 0.0585 381 597 633 835 3 0.0572 519 662 774 907 5 0.0572 514 657 770 905 6 0.0564 520 663 775 905 13 0.0562 521 663 780 905 2 0.0560 384 596 634 838 10 0.0557 515 667 770 901 6 0.0557 384 592 637 839 3 0.0557 385 592 634 841 13 0.0556 384 593 639 839 11 0.0537 644 589 909 832 12 0.0532 520 663 776 904 9 0.0530 379 591 631 835 2 0.0519 518 665 775 902 1 0.0518 515 658 772 903 8 0.0513 638 0 991 146 0 0.0504 648 587 905 839 4 0.0504 520 668 778 905 5 0.0503 643 584 898 835
1GKzg3VZucKiafRlYoeHdZeH7UNTuFC5,11 0.0619 259 270 510 501 8 0.0597 264 263 498 500 3 0.0585 262 266 507 505 7 0.0577 260 266 507 503 0 0.0569 319 336 573 563 5 0.0565 254 260 504 500 13 0.0563 262 269 512 506 0 0.0562 189 324 448 568 3 0.0561 250 404 503 644 0 0.0558 259 263 508 505 7 0.0557 194 383 446 630 8 0.0557 193 324 440 563 3 0.0552 189 325 447 570 6 0.0551 192 325 451 567 11 0.0545 321 337 573 561 5 0.0544 378 260 632 493 5 0.0543 180 318 445 565 11 0.0543 183 326 450 562 11 0.0537 165 807 419 1022 13 0.0536 323 338 580 562 6 0.0533 118 380 367 628 0 0.0532 115 379 363 627 11 0.0531 382 269 638 493 7 0.0531 320 333 576 561 8 0.0528 321 332 565 559 5 0.0527 237 394 494 638 5 0.0526 315 330 570 561 6 0.0524 262 268 513 504 3 0.0524 323 334 578 565 11 0.0523 423 344 682 568 8 0.0523 116 733 364 968 8 0.0521 382 260 629 490 11 0.0520 193 520 441 749 0 0.0518 244 404 497 642 7 0.0515 384 264 642 494 7 0.0513 269 543 641 728 11 0.0513 113 381 363 623 8 0.0513 246 404 489 637 0 0.0512 167 802 426 1023 0 0.0511 424 336 681 577 7 0.0508 117 327 366 566 11 0.0508 241 404 498 633 3 0.0507 389 263 639 499 0 0.0505 380 262 635 497 0 0.0504 313 459 576 696 6 0.0504 386 266 646 494 2 0.0502 186 329 442 564 13 0.0502 273 544 646 725 1 0.0500 253 262 503 502 10 0.0500 186 329 447 563
3S4j7UamFTcXmKEyqnJ5pXB5MvusdzlE,11 0.0660 315 589 573 834 0 0.0653 242 712 509 959 0 0.0633 565 413 818 658 11 0.0627 246 657 509 896 7 0.0625 253 655 511 899 11 0.0617 303 727 578 961 11 0.0610 424 669 708 897 8 0.0609 252 654 502 898 11 0.0608 379 528 634 761 7 0.0602 321 591 574 837 7 0.0594 308 723 582 965 8 0.0589 308 722 572 963 0 0.0587 377 597 635 832 0 0.0582 318 524 564 766 11 0.0581 262 527 508 765 8 0.0580 320 589 567 833 0 0.0575 251 586 504 833 11 0.0571 318 143 582 380 11 0.0566 311 463 570 699 8 0.0566 429 665 694 899 5 0.0564 306 658 570 901 13 0.0564 253 656 512 899 7 0.0553 386 532 638 765 0 0.0552 176 219 458 456 11 0.0551 315 339 562 561 5 0.0549 249 586 505 827 11 0.0546 379 276 633 503 5 0.0544 372 594 632 828 0 0.0541 433 671 704 899 0 0.0541 385 337 631 572 10 0.0541 248 658 504 897 8 0.0540 383 532 627 764 7 0.0538 432 668 710 899 13 0.0537 319 589 579 835 0 0.0537 316 142 576 380 3 0.0534 310 659 575 906 6 0.0533 252 653 509 899 10 0.0533 316 592 570 831 13 0.0531 186 793 447 1023 7 0.0529 269 530 508 766 0 0.0529 312 277 572 504 8 0.0529 188 787 432 1023 7 0.0528 185 788 445 1023 11 0.0526 245 216 521 453 0 0.0525 188 790 439 1023 8 0.0524 264 529 497 765 13 0.0523 311 723 584 966 11 0.0522 258 401 509 634 8 0.0519 183 212 446 456 0 0.0518 316 400 565 633 8 0.0517 635 19 869 249 11 0.0517 634 410 895 649 10 0.0517 382 534 632 761 5 0.0516 705 0 951 206 0 0.0516 703 1 956 207 2 0.0515 306 665 575 901 7 0.0515 255 211 521 452 7 0.0514 319 465 568 700 5 0.0512 559 408 811 650 6 0.0511 312 724 579 965 3 0.0510 435 666 702 903 0 0.0510 77 675 418 865 3 0.0508 321 279 574 505 8 0.0507 80 681 401 863 10 0.0506 302 727 576 960 7 0.0506 324 136 584 383 12 0.0506 309 660 573 904 5 0.0505 420 667 700 896 8 0.0504 314 204 564 439 2 0.0503 256 594 508 830 6 0.0501 322 591 576 835 13 0.0501 433 669 711 897 10 0.0501 388 344 637 565
VXhMaFeEbLBVKz8kVk4jr84kdvG5D4OH,11 0.0586 255 522 517 766 7 0.0582 259 515 522 768 6 0.0569 265 520 522 766 0 0.0556 332 550 704 730 8 0.0553 311 528 563 769 11 0.0545 322 587 578 832 11 0.0544 330 553 705 728 7 0.0541 324 582 583 833 5 0.0537 256 415 620 593 3 0.0536 314 528 572 774 11 0.0535 180 468 450 703 5 0.0524 308 519 568 770 5 0.0524 239 457 504 699 8 0.0521 323 486 681 665 13 0.0520 262 522 525 770 6 0.0517 275 418 622 594 6 0.0516 343 550 713 729 11 0.0513 375 405 630 628 7 0.0513 185 460 449 704 5 0.0513 164 394 439 631 5 0.0511 317 482 684 666 13 0.0504 316 396 579 636 8 0.0500 269 418 610 594
7xlBxKApcAXOHxXCYpxaVAnmiotASwZO,11 0.0632 241 595 499 835 8 0.0631 125 578 374 822 5 0.0627 195 600 557 781 0 0.0616 252 528 502 772 0 0.0609 187 590 443 837 8 0.0606 253 530 496 771 7 0.0598 246 591 502 840 6 0.0592 187 590 445 833 11 0.0590 123 580 377 817 0 0.0587 377 524 637 762 13 0.0586 139 610 504 790 10 0.0583 200 605 561 782 11 0.0581 308 529 575 762 8 0.0581 374 528 632 760 3 0.0580 380 527 639 766 0 0.0579 555 622 814 855 6 0.0572 252 530 503 769 7 0.0570 127 578 380 823 5 0.0570 243 462 502 704 3 0.0565 188 592 441 839 8 0.0561 308 467 561 706 11 0.0559 498 621 750 843 6 0.0558 508 623 751 845 10 0.0555 374 528 641 756 9 0.0553 241 591 498 832 7 0.0553 381 526 641 761 11 0.0551 248 466 503 703 5 0.0550 119 576 374 816 2 0.0545 189 594 442 835 6 0.0543 380 527 641 760 5 0.0540 362 458 635 697 7 0.0539 252 465 507 706 3 0.0537 252 532 502 775 0 0.0537 307 464 569 712 10 0.0536 131 681 491 850 5 0.0531 501 609 745 846 11 0.0530 362 460 637 696 11 0.0526 244 339 498 579 13 0.0526 379 526 644 760 10 0.0523 123 584 376 820 6 0.0519 307 468 572 707 12 0.0515 254 528 501 773 2 0.0507 253 531 502 770
ExB1qEX7uiKSoVSIUuf6Z49i6QPoaohI,0 0.0624 256 272 509 509 11 0.0607 260 276 506 503 5 0.0607 354 283 627 512 8 0.0601 362 288 622 513 0 0.0598 360 283 631 517 11 0.0593 309 208 567 438 6 0.0588 262 277 513 508 8 0.0586 261 274 498 506 11 0.0576 366 360 639 572 5 0.0574 298 578 563 826 7 0.0573 362 285 635 517 6 0.0567 365 292 634 517 0 0.0563 313 206 566 440 7 0.0563 305 581 572 830 10 0.0562 309 281 575 499 6 0.0560 325 143 583 367 13 0.0558 317 275 583 500 5 0.0556 385 137 632 373 0 0.0555 394 148 637 380 11 0.0554 374 470 642 701 5 0.0553 252 270 500 503 7 0.0550 261 269 511 504 8 0.0549 379 414 635 640 11 0.0547 353 591 624 826 5 0.0546 307 201 559 437 10 0.0539 254 209 499 441 3 0.0534 314 516 575 767 13 0.0534 315 515 579 762 13 0.0533 372 354 648 578 3 0.0533 260 276 503 510 8 0.0527 316 207 557 432 8 0.0526 313 516 567 759 3 0.0525 374 358 635 579 2 0.0522 362 294 629 516 7 0.0522 315 205 571 439 0 0.0520 356 661 619 897 11 0.0518 185 196 434 433 3 0.0518 376 222 633 456 0 0.0511 305 584 564 832 5 0.0510 352 650 619 891 11 0.0508 386 150 633 373 0 0.0507 375 410 643 645 5 0.0503 271 0 630 155 0 0.0503 188 197 432 442 13 0.0502 260 199 510 441 2 0.0501 251 523 500 773
2NYA1rX7EfVF6eIgrOqKQef6cRBxzg4g,0 0.0594 321 9 577 247 5 0.0579 244 266 491 497 0 0.0576 128 342 381 574 5 0.0575 621 521 890 760 8 0.0572 632 525 887 762 0 0.0571 249 269 497 502 7 0.0567 418 359 777 538 8 0.0560 328 10 575 246 0 0.0558 375 70 640 321 8 0.0557 373 266 604 505 8 0.0549 251 267 487 496 7 0.0547 379 269 617 508 5 0.0546 181 328 431 565 11 0.0545 255 336 510 569 5 0.0545 419 416 773 604 5 0.0541 235 467 488 707 6 0.0540 319 325 570 571 6 0.0536 250 413 499 639 8 0.0534 378 72 635 320 5 0.0534 371 66 637 318 7 0.0533 133 342 385 568 3 0.0532 447 261 682 511 7 0.0530 255 269 500 500 11 0.0530 507 2 776 195 10 0.0530 244 416 501 638 3 0.0530 383 70 638 323 11 0.0528 126 349 388 570 6 0.0527 190 331 435 571 11 0.0527 623 522 890 757 0 0.0525 373 270 609 512 8 0.0525 251 409 490 639 11 0.0525 321 12 582 245 13 0.0524 631 523 900 760 5 0.0523 317 7 575 243 13 0.0521 325 9 587 247 6 0.0521 380 73 648 320 6 0.0520 260 125 512 373 13 0.0517 512 0 786 198 6 0.0516 633 525 898 761 8 0.0515 509 315 748 559 6 0.0514 254 0 513 233 0 0.0513 247 409 495 641 13 0.0512 247 413 503 645 0 0.0511 255 127 504 377 7 0.0510 383 73 641 321 5 0.0510 507 0 772 197 6 0.0510 255 270 500 501 11 0.0509 371 271 617 505 13 0.0508 381 69 652 314 3 0.0507 435 416 783 610 7 0.0505 644 402 899 647 0 0.0504 511 1 771 201 3 0.0504 189 336 432 578 13 0.0502 375 266 617 508 11 0.0502 379 75 646 314 10 0.0500 441 273 686 503
jjj8ywLU7iDc7qZKshWWspczZufMLu7e,11 0.0596 298 518 570 761 5 0.0555 243 318 496 548 11 0.0543 508 330 776 559 11 0.0543 246 386 489 623 5 0.0537 503 323 761 561 5 0.0535 176 792 421 1008 8 0.0529 238 655 487 891 11 0.0526 178 796 432 1011 0 0.0523 510 329 769 564 0 0.0521 301 514 565 766 3 0.0521 306 518 565 773 8 0.0518 188 795 421 1014 13 0.0518 393 0 655 203 5 0.0518 244 444 495 696 5 0.0515 493 131 749 358 8 0.0514 301 521 560 764 0 0.0512 239 266 504 494 10 0.0506 185 802 428 1008 5 0.0506 383 0 644 201 6 0.0504 188 798 432 1010 7 0.0504 515 327 771 564 13 0.0504 515 331 778 560 11 0.0503 235 658 495 882 13 0.0501 306 519 572 764 5 0.0501 298 510 567 761
zj5pPK0JFdY9WLTcbixtHJv8uZFw7k4Y,11 0.0619 316 333 574 573 13 0.0593 387 328 637 567 0 0.0589 319 329 571 580 5 0.0575 314 327 571 577 11 0.0569 380 399 640 633 13 0.0568 318 395 577 650 0 0.0557 508 332 751 564 11 0.0556 242 394 508 638 11 0.0552 446 336 700 557 3 0.0552 320 333 575 582 5 0.0551 240 389 506 640 7 0.0551 455 461 712 706 8 0.0548 317 395 566 645 7 0.0548 513 329 755 561 0 0.0545 383 392 634 638 11 0.0545 254 273 502 506 0 0.0540 174 394 442 652 3 0.0533 384 393 640 640 6 0.0533 514 333 758 561 8 0.0532 250 329 493 573 0 0.0528 258 272 502 512 5 0.0527 507 326 748 559 13 0.0527 176 392 446 654 3 0.0520 450 331 702 565 11 0.0517 448 211 693 434 5 0.0516 439 269 690 496 13 0.0514 448 277 702 502 10 0.0512 249 337 497 571 10 0.0511 316 398 574 642 13 0.0510 514 332 761 562 6 0.0508 451 281 696 500 11 0.0507 314 198 564 434 8 0.0506 180 392 434 651 8 0.0505 448 212 683 437 6 0.0502 385 394 642 635 7 0.0501 324 329 575 577
8GNEhVAe3sEtbUdePTbT3bqETnprWf68,11 0.0627 245 795 505 1018 0 0.0608 48 799 303 1023 7 0.0605 392 330 644 569 8 0.0600 251 790 498 1023 5 0.0598 369 783 627 1021 11 0.0591 390 332 644 568 11 0.0590 373 788 633 1018 8 0.0588 1 777 235 1009 8 0.0586 392 329 636 569 7 0.0585 313 795 574 1023 7 0.0582 195 777 448 1017 11 0.0581 0 782 241 1006 11 0.0580 362 596 638 835 8 0.0577 378 781 626 1023 3 0.0571 395 332 642 570 7 0.0570 317 656 578 904 10 0.0560 308 798 569 1019 5 0.0557 331 423 692 605 5 0.0556 252 642 507 892 5 0.0556 240 789 498 1020 11 0.0556 333 428 693 608 5 0.0556 501 265 759 497 0 0.0555 390 330 643 569 6 0.0553 315 796 571 1023 6 0.0553 0 784 248 1009 0 0.0548 373 784 634 1023 7 0.0546 339 428 695 610 7 0.0544 374 726 640 975 10 0.0543 252 726 509 957 3 0.0541 378 785 630 1023 0 0.0541 186 719 446 957 5 0.0540 0 777 238 1007 8 0.0539 370 596 626 837 11 0.0538 121 782 378 1008 6 0.0538 259 645 515 895 7 0.0538 51 793 306 1023 13 0.0534 379 785 636 1023 10 0.0531 188 779 442 1016 10 0.0531 0 781 243 1009 0 0.0529 338 429 695 610 11 0.0528 566 338 822 574 5 0.0527 388 326 641 563 0 0.0525 559 405 828 648 3 0.0525 345 429 692 612 5 0.0523 359 660 631 907 10 0.0519 393 338 642 568 6 0.0519 393 333 649 567 5 0.0519 554 400 817 648 11 0.0518 432 718 695 961 8 0.0517 127 773 369 1020 10 0.0517 311 662 573 899 13 0.0517 317 659 583 906 8 0.0511 494 470 735 710 10 0.0510 369 730 636 968 8 0.0509 258 647 504 896 0 0.0509 248 793 502 1023 2 0.0508 395 337 643 568 5 0.0506 177 715 442 953 7 0.0506 497 470 748 714 0 0.0506 495 474 747 717 0 0.0505 259 644 507 897
llInIQUMNtaqVmG2ZfrjmvFi7ilAZ7x8,5 0.0615 304 187 552 425 8 0.0596 184 205 438 445 5 0.0593 238 254 489 501 11 0.0578 378 199 647 426 0 0.0568 244 138 501 377 11 0.0567 178 206 444 444 11 0.0565 518 25 785 253 11 0.0559 318 127 573 361 6 0.0554 247 202 506 438 8 0.0552 454 468 713 705 8 0.0551 199 86 433 322 13 0.0551 245 339 497 576 6 0.0547 325 130 571 367 8 0.0546 120 150 368 388 6 0.0543 245 335 495 573 0 0.0543 381 199 639 429 3 0.0543 241 261 495 513 7 0.0540 441 783 707 1023 13 0.0539 187 797 455 1023 6 0.0536 385 198 645 430 6 0.0530 187 142 439 383 8 0.0527 311 193 552 429 11 0.0525 132 293 399 528 13 0.0522 137 226 392 470 5 0.0522 384 8 641 237 13 0.0519 248 202 510 443 0 0.0518 183 205 441 449 3 0.0516 142 293 398 539 11 0.0516 437 787 699 1015 3 0.0513 308 195 561 436 8 0.0511 136 289 394 532 8 0.0508 516 0 756 199 10 0.0508 117 152 372 387 7 0.0508 387 197 645 431 7 0.0507 241 338 493 577 6 0.0507 648 146 897 365 11 0.0505 449 470 721 701 7 0.0505 185 205 445 449 0 0.0503 117 151 370 393 0 0.0503 645 22 891 257 10 0.0501 181 206 441 444
lHFRnYw0YEpV0ETEoOidUNmAasbv4ksU,11 0.0589 377 250 645 492 3 0.0587 380 245 642 500 11 0.0582 321 320 587 565 5 0.0581 369 243 636 492 0 0.0579 377 251 638 495 8 0.0569 378 251 634 496 8 0.0566 244 268 491 509 7 0.0564 383 249 645 499 5 0.0563 236 265 498 504 7 0.0545 258 318 503 563 5 0.0545 241 382 505 640 11 0.0542 240 268 506 503 6 0.0539 326 318 590 565 11 0.0532 252 140 514 388 3 0.0530 243 270 504 513 10 0.0528 349 412 701 594 0 0.0528 243 264 503 509 5 0.0528 317 312 581 564 7 0.0527 449 444 711 696 8 0.0524 327 318 575 569 3 0.0523 325 313 586 573 9 0.0520 377 307 644 542 13 0.0518 325 381 590 641 8 0.0518 503 264 747 484 11 0.0515 312 67 572 323 11 0.0514 331 537 688 719 6 0.0513 443 449 704 694 13 0.0513 257 316 508 568 7 0.0512 325 381 588 641 0 0.0512 387 380 645 630 6 0.0511 383 251 650 492 13 0.0510 381 252 648 496 0 0.0510 248 384 510 647 9 0.0508 314 381 577 630 11 0.0507 503 269 754 481 5 0.0505 374 66 626 315 13 0.0502 322 67 580 327 11 0.0501 239 389 507 642
MQNWphBTbC3gwz5zJ5HgAu7m30VtX835,14 1.0 0 0 1 1
iqlyXCekoN77RteUq6kvsum2meRcWx19,5 0.0583 632 0 887 204 3 0.0564 327 397 567 643 11 0.0564 378 406 632 629 5 0.0552 298 792 563 1018 11 0.0515 307 802 567 1020 5 0.0513 313 397 566 630 3 0.0512 245 343 510 578 11 0.0507 631 3 890 198 7 0.0506 311 796 576 1020 8 0.0500 641 0 880 201
B343jlAej5DUGKYahNzZSPc81WGOfWAk,7 0.0565 629 798 888 1017 5 0.0527 615 798 877 1011 13 0.0512 490 2 861 139 8 0.0508 480 0 840 140 5 0.0505 475 0 847 140
ZInJSyrKI245L5FUatAYeKUv3sVhi0q6,11 0.0658 432 453 690 697 11 0.0648 511 590 764 835 0 0.0631 508 465 772 714 8 0.0628 511 590 755 839 8 0.0620 431 452 683 697 5 0.0619 351 641 629 890 7 0.0603 379 583 639 832 11 0.0599 433 657 692 889 0 0.0597 513 590 765 842 8 0.0596 437 655 688 894 7 0.0591 306 505 565 766 5 0.0590 440 505 693 764 8 0.0588 237 462 494 704 13 0.0584 304 641 566 893 5 0.0584 699 326 953 573 7 0.0578 440 655 699 896 6 0.0577 446 583 704 829 8 0.0576 372 514 618 763 11 0.0574 312 450 576 697 0 0.0571 376 453 632 704 5 0.0571 509 585 763 840 11 0.0570 700 333 960 574 8 0.0566 115 401 372 648 7 0.0561 449 509 697 765 11 0.0559 772 398 1023 633 3 0.0559 377 458 630 709 13 0.0557 433 455 697 700 0 0.0557 443 389 697 638 5 0.0554 288 570 562 830 3 0.0551 517 466 767 713 3 0.0551 238 461 501 713 5 0.0550 771 390 1021 634 7 0.0550 514 463 774 707 11 0.0550 228 514 492 768 3 0.0548 436 658 697 898 11 0.0547 237 392 502 642 3 0.0546 454 340 699 580 3 0.0546 446 511 695 772 5 0.0545 687 466 948 698 11 0.0545 373 725 641 950 11 0.0544 297 576 561 829 8 0.0543 450 335 692 576 7 0.0542 180 390 438 644 9 0.0542 370 514 627 758 7 0.0542 299 637 563 896 8 0.0541 643 335 883 590 11 0.0540 447 340 700 573 7 0.0540 379 454 631 704 13 0.0540 446 583 704 833 6 0.0539 304 582 568 831 7 0.0538 514 588 768 840 11 0.0536 440 791 683 1017 10 0.0536 314 455 573 699 8 0.0535 779 391 1015 633 5 0.0534 211 340 576 535 6 0.0534 367 651 636 890 13 0.0532 373 512 628 765 6 0.0531 376 517 628 760 7 0.0531 450 391 701 634 7 0.0529 174 505 432 773 6 0.0529 240 461 510 701 2 0.0528 449 518 694 764 0 0.0528 305 505 560 767 3 0.0528 372 587 637 837 6 0.0525 510 467 773 707 9 0.0525 434 659 694 891 0 0.0525 436 655 696 894 5 0.0521 231 450 502 705 2 0.0519 315 460 568 701 3 0.0518 518 589 768 845 10 0.0516 430 457 688 698 8 0.0516 222 342 561 538 5 0.0515 439 388 694 633 0 0.0515 373 580 638 831 13 0.0511 708 335 962 579 3 0.0509 706 333 956 583 0 0.0508 634 339 890 592 3 0.0508 778 396 1023 640 0 0.0508 252 332 507 576 5 0.0507 439 714 697 952 2 0.0505 516 597 765 841 13 0.0504 450 340 707 576 8 0.0504 303 637 552 896
ZpmFJ3I8pVXofUEyDeezAwwoWHgeZzWr,8 0.0626 0 477 235 720 0 0.0603 0 483 241 724 6 0.0585 2 485 246 720 11 0.0569 0 485 240 720 3 0.0554 1 480 241 725 7 0.0553 2 476 245 720 13 0.0550 2 482 247 721 10 0.0549 3 486 240 722 5 0.0543 306 203 569 433 8 0.0540 501 413 758 644 5 0.0538 0 478 238 716 2 0.0536 0 490 244 724 5 0.0532 495 408 757 640 11 0.0518 503 415 765 641 0 0.0515 0 366 245 594 0 0.0513 310 208 576 436 11 0.0512 249 127 519 354 0 0.0503 250 130 514 364 13 0.0502 314 210 584 441
A43j6Kf1JWDHjYiDf0WR4pNuzzx3j2Jm,11 0.0613 369 788 618 1018 11 0.0583 313 727 571 949 0 0.0570 371 785 616 1022 7 0.0563 373 784 622 1020 8 0.0540 372 787 612 1019 3 0.0538 309 791 561 1023 8 0.0528 316 722 564 954 10 0.0527 367 789 616 1015 6 0.0525 312 790 561 1019 5 0.0525 304 786 557 1015
2JwTL3gVKCbEsnOF7PR3e8YKbJp1b1eR,7 0.0610 376 787 625 1014 5 0.0604 141 794 501 971 10 0.0584 139 799 507 972 7 0.0582 148 796 514 972 11 0.0579 373 786 624 1009 10 0.0569 373 788 619 1010 5 0.0567 368 783 615 1009 13 0.0563 379 789 628 1014 5 0.0561 175 455 441 692 5 0.0557 164 328 422 558 8 0.0554 146 796 500 971 13 0.0552 187 461 443 700 6 0.0550 376 790 625 1015 13 0.0547 175 331 439 569 7 0.0546 183 460 443 697 0 0.0546 145 797 505 974 8 0.0545 376 782 616 1014 11 0.0544 244 719 498 945 11 0.0539 215 346 575 516 0 0.0538 217 343 570 519 7 0.0528 169 330 432 565 11 0.0527 174 461 442 698 11 0.0522 312 660 570 885 0 0.0520 371 783 625 1017 3 0.0517 154 796 508 978 10 0.0516 166 334 426 565 3 0.0514 376 783 622 1019 8 0.0511 169 330 419 565 3 0.0511 183 462 440 705 0 0.0509 182 458 440 698 6 0.0508 185 462 451 698 8 0.0504 184 459 432 699 6 0.0503 148 799 512 972 6 0.0503 171 334 435 567
hdFKOFJK2frKqssOE9aXwvwZc2t2tQZx,7 0.0598 308 530 582 784 5 0.0575 305 523 581 781 11 0.0572 307 531 575 782 3 0.0557 307 533 579 791 11 0.0549 112 4 373 193 10 0.0549 305 535 580 781 11 0.0545 326 400 586 634 8 0.0543 308 535 570 782 8 0.0539 115 0 365 192 0 0.0537 189 3 439 207 5 0.0536 109 0 367 192 13 0.0535 315 529 588 784 7 0.0524 328 398 592 634 0 0.0521 310 531 581 786 11 0.0520 252 462 516 702 6 0.0512 256 593 520 832 13 0.0509 119 3 380 196 3 0.0507 115 1 375 197 8 0.0504 329 399 574 629
houAcXrRTAiIsWn4jyxmLsxhzkI5r2fU,0 0.0548 184 207 438 447 0 0.0540 629 2 880 206 13 0.0537 630 1 891 202 7 0.0534 322 720 561 968 5 0.0530 180 201 435 444 11 0.0520 180 208 439 438 7 0.0511 630 1 884 203 8 0.0508 629 0 872 199 6 0.0507 629 2 887 202 11 0.0507 624 0 882 201 8 0.0500 182 207 429 445
un6TGBx8bYFC4KFL8G6PpjbbbXXZFBW5,0 0.0568 496 716 748 955 11 0.0552 494 721 750 948 7 0.0542 503 719 751 954 6 0.0531 235 0 503 189 13 0.0530 319 250 597 479 11 0.0524 316 0 579 241 3 0.0520 335 0 579 249 13 0.0518 506 721 750 956 8 0.0514 239 2 489 187 5 0.0511 493 714 740 947 3 0.0511 503 717 749 959 11 0.0508 308 256 591 477 8 0.0506 501 717 741 952
6rdQPfV1eBcqGzPfH4xrd1HG3x2unSlE,5 0.0647 368 140 630 382 11 0.0636 338 288 711 468 8 0.0627 375 206 628 444 13 0.0620 379 144 640 385 11 0.0619 436 144 691 378 8 0.0609 378 103 633 323 10 0.0602 378 211 636 443 0 0.0595 501 208 755 450 5 0.0594 337 283 703 471 10 0.0593 379 108 642 321 8 0.0592 318 404 572 636 3 0.0590 377 205 631 447 0 0.0587 373 149 632 387 11 0.0584 312 403 581 636 5 0.0581 499 202 751 448 8 0.0579 510 138 755 386 0 0.0579 338 287 704 473 11 0.0578 312 145 570 390 2 0.0577 440 144 691 376 6 0.0576 381 206 633 445 0 0.0575 312 401 579 641 2 0.0572 377 210 633 445 7 0.0567 376 207 633 447 11 0.0565 514 98 760 329 6 0.0562 382 102 644 321 13 0.0559 253 143 515 385 5 0.0558 311 396 575 636 7 0.0558 319 402 581 640 3 0.0555 318 402 578 644 3 0.0553 504 206 754 454 7 0.0548 454 453 715 688 0 0.0547 247 144 508 385 5 0.0547 242 139 501 380 5 0.0547 511 92 759 329 11 0.0546 498 208 756 449 8 0.0546 250 207 501 443 8 0.0546 506 260 748 504 13 0.0544 343 287 713 472 13 0.0542 506 205 761 452 9 0.0539 373 101 638 316 7 0.0539 379 102 643 321 10 0.0535 313 405 579 637 6 0.0533 504 206 758 450 2 0.0533 318 148 569 389 6 0.0529 316 402 582 637 7 0.0528 250 204 510 446 3 0.0527 316 101 572 328 13 0.0527 317 403 584 641 1 0.0520 372 204 632 444 6 0.0517 521 461 768 691 6 0.0516 253 206 510 443 7 0.0513 502 204 758 452 2 0.0510 501 208 758 448 0 0.0509 517 91 761 332 0 0.0507 166 271 425 515 10 0.0507 447 456 712 686 0 0.0506 514 460 767 694 4 0.0503 439 144 697 380
Mqo450r9Qzid3ua3YXHNqrXZCUCPdocH,0 0.0638 124 709 369 958 5 0.0633 119 706 369 954 7 0.0624 125 710 371 956 8 0.0622 124 709 365 953 11 0.0578 122 712 369 950 3 0.0576 126 707 372 960 6 0.0552 127 712 373 953 10 0.0547 122 715 371 952
jhwh8XC7Rc64QsIjH0YrMPolcfhqEZP7,11 0.0635 245 661 503 893 7 0.0586 253 659 504 893 0 0.0579 249 661 500 899 8 0.0578 250 661 494 895 11 0.0561 188 590 445 823 5 0.0540 246 658 497 894 0 0.0528 188 589 440 827 8 0.0525 187 588 435 824 10 0.0524 247 663 499 894 7 0.0510 195 587 444 821 10 0.0503 184 594 442 820
FYoF5oupd0HA2u3UUwgDGAaYHylzfr1a,0 0.0554 503 284 761 511 11 0.0554 235 674 508 903 0 0.0554 247 194 511 435 5 0.0548 311 592 582 841 0 0.0548 306 664 583 907 5 0.0546 560 278 828 511 11 0.0542 393 273 646 515 11 0.0542 375 536 641 770 6 0.0535 255 193 515 433 7 0.0535 244 672 513 901 8 0.0532 503 345 758 584 11 0.0532 501 280 766 507 8 0.0531 381 532 631 769 0 0.0528 395 276 643 521 5 0.0527 241 191 507 428 7 0.0524 510 346 766 582 6 0.0523 324 602 596 840 11 0.0519 323 209 590 433 5 0.0519 375 531 633 765 0 0.0517 385 596 649 844 0 0.0517 562 356 821 585 11 0.0515 561 356 823 580 0 0.0513 447 463 694 705 5 0.0511 308 264 566 506 8 0.0511 395 269 636 520 8 0.0509 310 666 574 904 11 0.0508 446 467 698 697 11 0.0508 255 131 508 353 7 0.0507 384 534 639 769 13 0.0506 324 600 599 847 6 0.0505 571 282 837 512 11 0.0504 374 399 632 637 6 0.0504 319 266 572 511 11 0.0503 363 676 648 908 11 0.0503 623 284 889 531 2 0.0501 509 354 768 584
UN44hnX1CnBzg4vQv8PoedM1WZIJTGgo,5 0.0662 428 785 679 1018 5 0.0647 295 781 551 1019 7 0.0645 436 789 688 1023 11 0.0616 436 731 692 969 0 0.0607 441 728 693 973 7 0.0598 307 785 559 1022 13 0.0595 370 785 623 1023 11 0.0593 375 672 641 896 0 0.0593 304 785 554 1023 8 0.0590 437 788 676 1023 8 0.0588 172 786 420 1022 11 0.0587 365 787 612 1019 13 0.0580 241 787 491 1023 5 0.0574 167 784 422 1018 3 0.0572 436 791 682 1023 11 0.0569 232 789 482 1021 10 0.0565 300 790 555 1023 2 0.0565 434 795 685 1023 8 0.0563 304 785 548 1023 6 0.0563 368 786 620 1021 6 0.0558 444 730 692 970 8 0.0556 381 669 632 901 10 0.0551 432 792 686 1023 7 0.0545 176 787 433 1023 0 0.0544 172 788 426 1023 9 0.0527 432 792 682 1019 3 0.0526 305 789 554 1023 13 0.0521 383 670 645 904 11 0.0519 464 663 832 856 6 0.0519 175 792 430 1023 13 0.0518 444 729 698 975 12 0.0512 318 728 574 976 2 0.0510 304 791 553 1023 9 0.0509 301 787 554 1018 6 0.0501 383 671 641 899
yLMM9pmjVyTDXPpukn15otkHgk3L65eO,5 0.0591 428 82 689 314 8 0.0553 444 143 698 371 13 0.0548 369 4 642 246 11 0.0541 423 718 696 953 5 0.0537 358 3 628 244 11 0.0534 497 86 742 297 8 0.0529 510 205 759 438 7 0.0522 429 714 704 959 11 0.0519 309 798 567 1023 6 0.0518 371 9 641 245 11 0.0516 365 194 654 430 7 0.0512 365 8 637 253 7 0.0512 307 792 573 1023 8 0.0506 309 792 558 1023 0 0.0506 363 714 628 958 13 0.0505 315 798 581 1023 8 0.0504 371 200 634 432 11 0.0503 510 206 768 432 8 0.0502 424 713 689 959 0 0.0502 309 790 566 1023
QEX7jBV8vaYQexjXifMUPKOoc1D0jG9j,11 0.0592 304 796 554 1012 0 0.0590 304 791 560 1017 7 0.0589 371 783 633 1016 0 0.0576 367 719 630 953 13 0.0569 308 794 565 1017 11 0.0559 429 785 691 1013 8 0.0552 302 792 548 1017 0 0.0545 253 714 511 957 5 0.0541 414 718 684 962 5 0.0541 296 708 556 947 7 0.0539 304 712 567 951 10 0.0530 368 793 627 1013 3 0.0529 305 794 554 1021 3 0.0519 366 722 631 957 7 0.0518 248 791 493 1017 3 0.0516 436 784 693 1023 13 0.0511 441 784 700 1018 0 0.0511 433 781 697 1019 13 0.0506 371 719 637 955 6 0.0503 421 724 691 962 8 0.0500 366 719 621 954
v6GvQvRe48IL2uROeTeIhtdVtRzUXEth,11 0.0533 179 732 436 957 7 0.0530 499 797 751 1023 11 0.0519 494 801 742 1019 8 0.0517 190 805 435 1020 7 0.0515 188 804 450 1023 5 0.0515 178 802 438 1019 8 0.0512 388 738 634 979 0 0.0511 186 803 446 1023 5 0.0509 486 798 739 1017 11 0.0509 328 674 707 853 7 0.0502 392 739 655 977 11 0.0501 384 742 646 974
GzjkQitPwWBoyMw335ML5jeOv5UzpniX,11 0.0639 435 262 693 495 11 0.0623 376 329 636 547 8 0.0600 496 261 747 491 8 0.0595 377 323 624 549 0 0.0592 230 157 503 387 5 0.0591 372 321 627 545 11 0.0582 559 271 826 492 6 0.0582 324 320 582 555 11 0.0581 499 205 750 424 5 0.0579 317 145 570 378 11 0.0577 317 382 573 610 8 0.0576 175 138 440 394 11 0.0572 770 3 1023 206 0 0.0569 632 88 875 314 8 0.0569 569 207 815 441 11 0.0564 179 142 445 393 0 0.0564 568 212 823 442 0 0.0562 493 267 752 492 3 0.0561 390 379 640 616 5 0.0557 567 207 821 443 6 0.0556 325 151 587 378 11 0.0555 384 460 644 674 8 0.0555 629 87 867 312 11 0.0554 321 153 581 380 11 0.0552 629 90 874 315 8 0.0552 323 382 564 613 8 0.0552 385 458 636 681 0 0.0552 768 2 1019 208 5 0.0551 493 263 750 492 11 0.0551 569 150 821 377 8 0.0545 185 266 430 504 6 0.0545 259 262 514 500 6 0.0544 390 259 649 482 5 0.0543 251 260 502 497 7 0.0543 391 459 647 679 0 0.0538 331 263 585 495 3 0.0537 320 321 576 564 5 0.0536 176 134 438 392 7 0.0532 186 132 451 389 3 0.0531 249 389 507 636 7 0.0530 441 261 695 497 5 0.0530 381 455 639 678 8 0.0527 363 664 623 875 11 0.0527 182 269 444 506 5 0.0525 765 0 1019 211 3 0.0525 315 209 579 455 10 0.0524 439 265 693 492 13 0.0523 707 0 971 211 0 0.0522 383 462 642 685 8 0.0521 248 211 495 443 8 0.0520 317 153 567 380 7 0.0519 380 328 634 552 13 0.0519 190 264 452 510 6 0.0518 634 92 879 317 8 0.0516 710 0 948 203 10 0.0513 322 381 575 611 7 0.0512 253 202 509 447 8 0.0511 251 322 493 561 0 0.0510 321 383 570 615 3 0.0510 500 265 752 501 2 0.0509 250 392 505 630 7 0.0506 323 380 572 615 8 0.0506 129 471 376 716 6 0.0506 387 386 648 608 2 0.0505 379 336 630 549 7 0.0505 504 204 756 427 10 0.0504 501 210 752 428
HfkosvPqljK0JvULCKjNjHSWwMHnzvz4,8 0.0661 462 412 689 646 11 0.0655 397 37 646 265 11 0.0645 456 343 694 571 5 0.0640 450 334 692 570 11 0.0639 447 151 702 375 0 0.0627 457 342 696 576 0 0.0626 450 215 710 454 5 0.0619 442 207 706 451 7 0.0605 469 273 712 515 8 0.0601 449 212 706 453 5 0.0597 500 138 746 367 3 0.0596 453 218 712 461 3 0.0584 463 344 695 580 6 0.0581 466 277 712 515 8 0.0577 511 78 744 313 8 0.0575 400 36 632 263 6 0.0573 466 415 699 644 0 0.0565 376 153 636 375 7 0.0564 507 142 755 369 11 0.0561 511 81 758 313 0 0.0558 505 19 752 258 0 0.0558 505 144 748 366 0 0.0557 397 37 643 265 8 0.0556 181 600 448 837 10 0.0554 466 278 711 515 11 0.0549 41 514 209 884 13 0.0548 467 416 703 648 8 0.0546 381 149 629 370 8 0.0546 123 472 378 698 7 0.0541 466 412 699 646 2 0.0539 466 280 708 521 3 0.0538 383 152 638 381 5 0.0536 370 139 632 371 6 0.0532 453 151 707 375 3 0.0527 509 142 753 375 10 0.0523 463 415 701 646 7 0.0523 514 13 758 259 10 0.0521 451 157 700 380 0 0.0521 177 407 435 632 5 0.0520 41 494 209 900 13 0.0520 452 152 709 374 13 0.0519 467 273 716 515 13 0.0515 45 503 217 893 12 0.0510 470 272 709 517 11 0.0509 172 406 435 631 9 0.0508 462 273 708 508 11 0.0508 308 152 585 394 7 0.0505 380 145 643 377 11 0.0504 175 604 463 837 6 0.0501 126 471 383 700
NrhSokrF88j4sJ6BbLv8qcW0XZQ65yD9,11 0.0583 371 517 628 745 8 0.0570 582 525 832 748 11 0.0551 511 516 767 739 7 0.0550 585 524 841 751 8 0.0536 451 512 694 747 7 0.0524 380 516 627 750 11 0.0521 315 785 564 1008 0 0.0514 577 528 836 751 7 0.0511 255 782 502 1020 0 0.0505 371 142 627 386 0 0.0503 374 518 628 752
d1iozSecpVxz0F9DEZPwm2McWBjJDy7v,0 0.0598 435 781 695 1017 5 0.0588 374 787 633 1017 8 0.0569 383 785 632 1023 7 0.0568 385 787 645 1022 0 0.0557 314 795 572 1023 11 0.0543 383 792 638 1019 10 0.0541 314 798 572 1021 7 0.0538 477 616 831 793 3 0.0534 385 790 637 1023 6 0.0533 318 794 573 1021 0 0.0530 480 545 838 726 11 0.0525 470 547 842 724 11 0.0523 379 393 630 646 2 0.0522 435 782 696 1014 13 0.0518 387 787 645 1023 7 0.0512 386 391 630 650 11 0.0510 432 589 692 819 11 0.0509 311 471 571 712 10 0.0505 441 670 695 885 0 0.0505 442 661 697 891 9 0.0503 426 778 695 1010
zRM8ABCWWpig1FjekPmFXAgEvqNgBJNg,5 0.0662 129 790 373 1019 8 0.0592 139 790 370 1023 6 0.0586 136 793 380 1022 7 0.0574 182 795 433 1023 11 0.0559 179 799 433 1020 5 0.0554 236 803 490 1019 10 0.0553 131 796 376 1020 6 0.0543 121 402 394 644 8 0.0541 244 799 485 1023 0 0.0541 182 798 428 1023 5 0.0537 161 326 423 552 5 0.0537 106 400 377 637 13 0.0534 185 798 436 1023 11 0.0533 309 722 558 955 11 0.0531 107 409 389 645 7 0.0530 314 716 561 960 11 0.0525 0 226 250 455 7 0.0519 171 329 436 557 0 0.0513 167 330 435 554 11 0.0508 271 670 638 843 6 0.0508 244 806 494 1023 11 0.0504 160 333 435 555 6 0.0504 177 331 439 556
josKd7loexeHCWof6Y7D196fTT7ium4L,5 0.0534 242 326 493 551 6 0.0513 251 269 503 492 0 0.0512 246 266 497 493 3 0.0508 255 402 499 629 11 0.0505 247 399 503 621
V2lHvfRmYjYx0wOb8xWDhNXc3VxH0b3b,11 0.0695 493 403 752 642 5 0.0662 491 398 749 642 5 0.0654 566 264 824 513 8 0.0653 496 405 751 646 11 0.0650 564 470 821 704 0 0.0639 570 468 822 710 5 0.0631 566 463 817 707 7 0.0631 505 464 760 710 0 0.0624 493 404 752 646 6 0.0621 502 464 757 707 11 0.0619 549 340 814 573 5 0.0614 317 273 578 517 3 0.0602 555 338 813 580 3 0.0599 500 405 754 648 0 0.0599 323 277 582 520 7 0.0596 320 282 585 520 11 0.0595 321 279 581 521 10 0.0594 438 461 693 699 3 0.0591 442 207 717 444 8 0.0591 458 542 808 734 0 0.0588 552 337 812 575 5 0.0581 437 202 713 435 8 0.0581 553 337 807 576 8 0.0581 323 280 574 523 6 0.0581 326 281 587 520 8 0.0579 116 654 379 887 5 0.0578 111 651 375 884 6 0.0571 557 339 817 574 13 0.0565 324 280 590 521 5 0.0565 544 573 822 845 13 0.0560 574 270 832 517 11 0.0558 442 207 716 434 11 0.0557 378 156 642 362 10 0.0551 321 287 582 518 13 0.0549 572 469 826 708 7 0.0548 495 207 768 453 3 0.0543 561 209 825 459 0 0.0542 559 207 824 454 3 0.0542 321 279 582 525 13 0.0539 442 457 698 695 0 0.0538 117 656 383 892 7 0.0538 558 338 815 577 10 0.0538 566 470 820 708 9 0.0537 438 209 718 432 9 0.0536 437 457 692 690 13 0.0536 499 211 773 449 2 0.0534 443 462 692 698 6 0.0531 500 207 769 450 8 0.0529 561 205 815 453 11 0.0529 110 656 383 885 3 0.0528 573 471 819 714 5 0.0528 372 144 635 362 10 0.0525 570 268 828 512 8 0.0525 449 149 711 375 2 0.0524 443 213 719 434 2 0.0521 467 544 822 734 3 0.0519 382 152 642 370 7 0.0518 117 655 387 887 2 0.0516 554 342 815 577 11 0.0515 559 210 828 450 0 0.0515 438 209 716 437 13 0.0513 184 793 461 1016 0 0.0511 114 348 391 584 9 0.0506 321 280 580 517 3 0.0505 510 24 771 257 6 0.0504 121 657 386 884 12 0.0502 556 336 814 576 13 0.0500 577 151 842 394
mO43rCCBfpBVvW11tPeYOH1xDZzOjT6N,5 0.0552 491 1 764 228 8 0.0529 508 472 746 696 8 0.0516 564 15 802 244 11 0.0514 508 470 756 693
dJkUZ7TkvmP8WrU8mkQeRPMESH82MqAM,11 0.0554 184 0 440 199 7 0.0537 437 713 699 951 3 0.0537 384 0 632 238 11 0.0532 501 726 752 953 11 0.0526 317 264 572 489 8 0.0523 381 0 625 233 11 0.0522 371 0 638 231 0 0.0520 191 14 445 271 8 0.0517 181 0 433 203 5 0.0517 375 0 633 228 0 0.0516 501 718 751 958 7 0.0512 251 11 502 259 8 0.0512 504 720 745 955 5 0.0511 497 716 748 954 13 0.0504 184 0 445 200 5 0.0502 195 212 440 438
nJRnEalb45149pLRFyiSXG9DYJf9QGcS,7 0.0587 447 391 696 613 11 0.0562 368 585 630 821 8 0.0558 315 648 572 893 11 0.0556 444 396 691 613 0 0.0554 446 392 693 617 6 0.0540 451 393 695 615 5 0.0538 443 388 690 614 8 0.0530 448 392 685 613 0 0.0529 371 721 631 960 3 0.0528 452 395 693 618 11 0.0528 368 725 631 951 5 0.0524 502 290 752 515 8 0.0517 507 299 749 515 0 0.0517 316 645 581 895 7 0.0516 376 582 635 821 10 0.0514 436 344 690 564 0 0.0511 568 408 817 625 11 0.0508 250 798 494 1020 5 0.0507 311 641 576 890 6 0.0503 375 584 634 826 13 0.0502 448 396 702 615
JVzkXhR8TGIXjPHNjzgF8czfgqgQXn3G,8 0.0526 246 668 489 896 11 0.0524 299 607 561 829 8 0.0523 355 674 605 894 0 0.0520 191 592 447 823 0 0.0519 303 607 561 838 11 0.0519 234 670 496 897 8 0.0510 196 589 431 820
ufbYCaDxLRpI4D1Z7Q64bXQr2u5xPMUA,11 0.0605 628 268 874 501 5 0.0589 559 316 812 573 11 0.0585 502 268 758 506 11 0.0575 435 340 688 571 11 0.0574 375 405 637 640 8 0.0569 570 262 812 510 8 0.0564 435 335 683 579 5 0.0562 495 393 744 635 6 0.0557 574 265 821 510 8 0.0556 501 395 741 638 2 0.0556 505 342 758 585 11 0.0555 311 334 569 574 6 0.0554 439 341 693 578 7 0.0549 440 267 693 510 7 0.0549 571 263 822 512 7 0.0549 506 334 758 586 11 0.0546 497 400 748 634 5 0.0545 434 333 685 574 0 0.0543 500 339 757 590 5 0.0542 569 185 818 440 0 0.0537 569 265 819 515 13 0.0532 568 326 819 574 3 0.0531 573 268 820 519 5 0.0531 625 265 873 503 9 0.0528 500 338 754 581 3 0.0527 507 338 755 590 11 0.0520 501 140 758 349 13 0.0518 316 334 576 582 8 0.0517 618 339 863 570 5 0.0517 248 330 499 567 8 0.0517 317 332 559 579 7 0.0516 513 205 758 438 13 0.0515 438 337 698 576 11 0.0514 242 273 508 502 8 0.0513 512 200 749 437 5 0.0513 371 398 630 642 11 0.0511 244 399 508 632 7 0.0511 377 400 639 646 0 0.0509 439 137 686 369 8 0.0509 377 398 628 646 11 0.0508 311 807 565 1019 3 0.0507 515 203 757 447 5 0.0506 299 133 560 378 7 0.0506 318 332 572 580 11 0.0506 314 69 565 295 6 0.0506 627 337 873 570 0 0.0505 433 268 690 513 7 0.0501 252 396 505 641 0 0.0500 312 332 570 579
SeaGfkiDDrz1JihrpE40TCjjGaTMPf3f,7 0.0611 497 722 749 961 5 0.0609 491 719 740 959 11 0.0607 490 725 746 958 0 0.0587 491 719 743 963 6 0.0569 495 723 750 960 8 0.0565 492 720 740 956 3 0.0551 436 717 689 961 10 0.0550 491 722 746 959 13 0.0524 499 725 750 962 2 0.0521 494 727 744 961 11 0.0513 578 588 822 814 8 0.0507 577 581 811 817
aQArCPjv3WcFoRMmuywgMYWtCX9I5mcq,5 0.0693 375 780 631 1012 0 0.0690 491 796 761 1023 8 0.0639 387 777 630 1017 11 0.0638 382 784 634 1013 5 0.0634 297 731 569 958 7 0.0632 385 780 640 1017 0 0.0627 383 781 634 1020 11 0.0616 490 796 760 1018 3 0.0607 442 782 694 1022 13 0.0592 317 789 571 1023 13 0.0590 497 795 766 1023 6 0.0585 312 791 569 1018 5 0.0583 481 793 752 1021 7 0.0573 496 794 767 1023 8 0.0572 495 790 755 1022 2 0.0566 443 787 697 1021 6 0.0565 440 786 701 1018 10 0.0564 307 791 563 1020 9 0.0563 435 784 695 1016 13 0.0557 380 597 635 827 3 0.0554 311 788 568 1023 5 0.0549 324 324 567 570 10 0.0548 439 785 694 1020 8 0.0544 391 322 625 565 11 0.0542 371 523 631 742 11 0.0542 254 342 502 570 0 0.0541 631 796 898 1023 0 0.0541 330 328 572 575 4 0.0537 385 784 640 1018 5 0.0536 364 591 626 823 0 0.0535 304 731 574 965 13 0.0535 331 328 579 573 11 0.0534 384 325 634 563 13 0.0531 244 743 505 963 7 0.0524 380 597 637 828 11 0.0523 313 443 574 685 0 0.0519 373 523 632 750 8 0.0516 264 336 486 576 6 0.0515 265 342 501 575 9 0.0514 304 788 567 1017 7 0.0511 175 735 442 936 10 0.0509 233 746 497 956 0 0.0509 263 275 504 506 1 0.0508 379 777 637 1019 12 0.0507 384 776 636 1016 2 0.0507 309 790 567 1023 3 0.0506 391 322 633 571 0 0.0504 322 442 574 694 7 0.0504 392 447 630 682 5 0.0503 163 723 434 933 8 0.0501 332 387 561 641 5 0.0501 257 270 497 498 3 0.0500 387 443 625 689
rT6akqG2hzOg99I9FTUt9lbzYXCsRUp0,8 0.0654 63 0 315 200 0 0.0648 59 2 317 206 11 0.0642 568 724 824 955 5 0.0639 568 719 818 959 6 0.0637 58 1 321 202 5 0.0620 55 0 314 200 8 0.0618 571 720 820 958 13 0.0616 60 0 325 203 0 0.0612 0 731 249 967 13 0.0593 574 725 829 959 11 0.0593 58 3 320 198 8 0.0588 7 778 236 1012 0 0.0587 571 720 823 961 7 0.0581 578 723 827 959 3 0.0578 136 0 386 211 6 0.0567 574 724 827 961 11 0.0562 4 783 245 1014 1 0.0559 54 0 314 201 11 0.0554 687 824 955 1017 10 0.0551 569 726 822 961 10 0.0546 59 3 319 202 7 0.0536 691 816 961 1021 11 0.0533 182 3 457 215 8 0.0533 195 3 449 221 7 0.0531 62 0 319 203 3 0.0528 576 722 822 965 8 0.0528 7 664 230 888 2 0.0524 59 3 321 203 2 0.0520 573 727 823 960 11 0.0520 0 670 244 887 5 0.0517 682 820 948 1020 5 0.0515 0 777 238 1012 6 0.0512 9 778 250 1014 6 0.0512 189 0 461 219 11 0.0511 762 13 1021 249 7 0.0510 9 774 248 1012 8 0.0504 769 9 1010 251
b7YDp63NqLBEh0J43AwltKTDxdogbaOq,11 0.0676 632 189 878 422 11 0.0659 706 258 953 491 5 0.0652 434 193 695 435 8 0.0643 632 184 872 421 5 0.0642 565 254 822 495 0 0.0632 505 387 756 640 0 0.0626 334 331 589 579 5 0.0616 625 183 876 419 5 0.0616 701 253 949 487 11 0.0608 715 136 949 364 0 0.0607 706 257 951 490 5 0.0604 503 313 769 572 0 0.0604 395 255 654 509 7 0.0602 569 188 825 427 0 0.0601 566 455 819 701 3 0.0600 458 321 713 587 0 0.0599 320 199 577 443 5 0.0599 770 194 1020 430 8 0.0599 571 261 820 498 8 0.0598 564 460 814 701 3 0.0598 576 264 828 504 6 0.0597 635 191 880 418 11 0.0596 509 459 763 701 11 0.0595 331 337 589 575 7 0.0595 195 320 456 567 2 0.0594 455 262 712 504 11 0.0594 256 394 520 640 11 0.0593 774 201 1020 431 5 0.0593 560 450 819 698 0 0.0590 509 257 770 505 8 0.0589 711 254 949 491 8 0.0588 718 133 942 366 5 0.0588 628 324 893 558 0 0.0585 256 388 520 638 11 0.0585 569 263 827 498 11 0.0584 638 392 904 632 8 0.0582 503 198 756 438 0 0.0580 252 267 506 503 5 0.0579 325 331 584 575 11 0.0578 393 260 654 507 2 0.0576 572 265 825 499 11 0.0576 761 329 1019 573 11 0.0576 244 269 506 505 6 0.0575 339 333 591 575 7 0.0575 512 453 761 705 8 0.0573 777 196 1017 433 3 0.0572 448 196 699 448 7 0.0570 514 319 769 582 13 0.0570 573 189 829 426 7 0.0568 712 184 953 414 8 0.0568 636 330 891 563 0 0.0568 573 326 833 569 6 0.0567 574 261 829 496 3 0.0565 636 189 878 429 8 0.0565 261 455 510 712 8 0.0565 192 320 445 567 0 0.0563 771 138 1003 366 5 0.0562 177 388 450 636 6 0.0562 712 257 956 491 13 0.0562 645 142 904 371 11 0.0561 504 201 766 438 7 0.0560 397 260 657 511 3 0.0559 568 392 831 638 2 0.0559 512 325 770 577 0 0.0559 630 186 877 421 8 0.0558 378 193 628 438 8 0.0555 512 321 764 576 0 0.0553 696 396 959 632 13 0.0553 338 335 592 583 10 0.0552 505 199 764 435 0 0.0551 764 325 1016 577 7 0.0550 638 329 899 566 5 0.0549 309 195 574 439 0 0.0549 131 398 386 639 11 0.0549 769 76 1011 298 7 0.0549 336 333 587 580 3 0.0548 639 331 900 570 5 0.0547 240 262 502 503 6 0.0547 642 329 901 563 6 0.0547 398 257 658 509 10 0.0546 572 261 826 498 5 0.0546 713 135 947 363 3 0.0546 779 197 1021 438 13 0.0546 456 326 719 581 3 0.0545 253 266 503 514 6 0.0544 779 198 1022 429 3 0.0544 714 261 954 496 6 0.0542 511 456 765 703
GV726ONX0oeSbuydV1WPJhqRS7tEnIkc,8 0.0626 274 1 620 154 11 0.0594 260 0 627 154 0 0.0582 268 0 634 157 6 0.0568 302 413 656 591 5 0.0566 383 0 649 188 11 0.0566 308 396 581 631 6 0.0554 205 3 555 152 3 0.0553 432 397 697 641 10 0.0551 371 344 645 557 2 0.0550 265 3 631 153 5 0.0548 178 421 428 687 7 0.0547 296 410 654 593 8 0.0547 311 339 582 570 3 0.0543 395 0 650 200 7 0.0541 446 333 703 561 5 0.0540 192 0 544 151 13 0.0540 271 2 640 156 8 0.0533 429 397 684 632 13 0.0533 305 341 594 571 11 0.0531 374 345 642 556 11 0.0530 429 406 691 629 10 0.0523 429 408 699 632 0 0.0522 426 401 693 637 0 0.0520 305 337 589 573 5 0.0519 436 333 695 553 8 0.0519 173 2 433 195 11 0.0512 0 593 256 806 0 0.0511 505 342 745 555 7 0.0508 202 0 557 156 7 0.0506 389 0 658 193 13 0.0506 181 3 455 192 6 0.0506 249 336 512 565 10 0.0505 264 1 630 153 10 0.0501 241 391 494 627
3r99hlxc6jcjwxTTzERGKoxlSM9ZTICg,5 0.0651 174 385 443 639 11 0.0635 451 405 702 633 5 0.0621 620 398 878 640 5 0.0614 188 262 439 508 5 0.0600 568 333 828 566 8 0.0600 517 405 766 636 11 0.0599 276 479 644 663 5 0.0588 513 401 768 637 0 0.0583 516 411 773 639 8 0.0582 576 335 825 568 8 0.0576 190 324 436 579 0 0.0574 572 340 835 570 11 0.0564 253 194 512 431 11 0.0557 424 533 690 761 7 0.0556 458 400 708 636 5 0.0550 695 336 947 572 0 0.0548 427 530 691 770 11 0.0547 188 324 448 573 11 0.0546 692 343 956 574 10 0.0544 452 404 706 636 3 0.0540 457 406 706 642 6 0.0536 455 405 708 636 5 0.0536 270 472 642 664 3 0.0534 191 329 447 585 11 0.0533 570 339 837 562 5 0.0529 255 187 505 432 6 0.0528 432 531 696 765 8 0.0528 278 480 636 664 3 0.0527 321 470 564 710 0 0.0526 195 268 442 512 5 0.0524 631 281 887 503 13 0.0524 631 414 893 646 7 0.0523 431 528 694 761 13 0.0523 194 271 451 517 8 0.0522 627 401 875 645 6 0.0522 580 340 840 569 0 0.0520 258 193 507 436 13 0.0519 186 392 450 651 11 0.0514 620 405 884 641 6 0.0514 629 408 889 643 11 0.0512 423 677 696 892 6 0.0509 705 345 958 576 7 0.0507 321 467 566 708 7 0.0506 432 788 693 1020 13 0.0505 320 470 573 708 7 0.0504 193 262 445 511 7 0.0504 185 386 444 645 6 0.0503 261 468 510 708 3 0.0502 577 340 833 573 0 0.0501 279 479 646 667
41RQQLLv0iwweIeVeTC5Pldy1XZBwPxk,0 0.0603 241 201 514 452 8 0.0601 259 79 510 324 0 0.0580 254 78 516 326 6 0.0569 249 143 518 388 11 0.0563 244 145 517 389 6 0.0562 321 78 589 316 7 0.0556 248 267 518 508 8 0.0553 246 204 508 448 11 0.0544 240 275 518 506 10 0.0538 238 213 516 450 6 0.0537 246 270 521 506 5 0.0535 248 76 511 319 5 0.0534 235 263 515 502 3 0.0532 249 266 515 511 7 0.0526 253 139 516 392 13 0.0524 255 76 521 325 3 0.0519 327 76 583 325 11 0.0515 318 80 587 319 10 0.0514 254 84 517 324 3 0.0507 255 140 514 396 2 0.0502 256 83 514 325
7cxDo4As3iwBxU9yrW6omMKfxcQd4ZFw,8 0.0595 519 272 768 515 7 0.0579 522 276 778 520 0 0.0558 520 282 772 521 13 0.0534 521 276 780 516 13 0.0528 462 523 705 774 7 0.0528 389 530 635 775 11 0.0524 517 281 776 515 5 0.0522 380 523 631 773 8 0.0520 450 318 694 565 3 0.0516 584 272 831 523 11 0.0516 385 588 637 835 5 0.0516 446 451 688 699 0 0.0509 385 584 635 842 11 0.0507 451 525 700 766 6 0.0506 457 323 705 572
7grE1JHniFnrKtbxvt3Y3Zlq1FKhV4Lx,11 0.0583 452 537 712 768 5 0.0581 315 406 578 644 0 0.0573 322 406 581 645 0 0.0550 454 538 709 771 11 0.0547 316 411 582 645 8 0.0545 320 411 573 646 3 0.0542 461 537 712 778 8 0.0533 453 537 703 769 11 0.0531 375 737 638 956 0 0.0531 436 724 694 966 6 0.0529 322 409 587 643 7 0.0529 322 408 584 648 3 0.0528 320 412 581 651 0 0.0527 247 144 510 382 7 0.0519 457 538 714 770 0 0.0517 0 587 251 819 8 0.0515 440 728 686 964 11 0.0512 628 665 887 885 0 0.0510 567 718 817 958 6 0.0510 250 464 506 709 5 0.0509 448 535 706 766 0 0.0506 318 727 580 959 2 0.0505 322 415 582 643
3hAYv1hCEUnHqcgF98u55n7TIbYS4d9p,0 0.0596 366 468 629 711 0 0.0584 300 590 563 834 0 0.0578 309 386 574 635 5 0.0571 244 386 505 626 13 0.0567 308 460 571 700 0 0.0563 374 326 639 573 0 0.0562 241 455 496 695 6 0.0559 247 456 504 691 8 0.0558 439 542 688 766 11 0.0558 303 457 566 692 5 0.0552 302 455 563 697 11 0.0551 374 331 640 570 11 0.0547 367 537 638 763 10 0.0546 303 463 564 695 2 0.0545 245 459 500 691 7 0.0543 316 386 575 632 5 0.0543 374 265 644 505 6 0.0541 383 328 643 570 5 0.0539 237 523 498 766 0 0.0537 432 543 690 772 0 0.0533 255 321 516 558 13 0.0533 378 534 639 768 7 0.0533 381 328 641 574 5 0.0532 364 528 629 766 7 0.0531 369 469 635 709 11 0.0530 241 524 503 762 13 0.0530 382 329 643 573 6 0.0529 318 385 577 633 3 0.0529 372 468 632 710 6 0.0528 263 323 520 555 8 0.0527 307 459 562 698 3 0.0525 379 328 641 576 13 0.0523 248 385 511 632 7 0.0521 244 454 500 691 13 0.0520 243 525 511 769 11 0.0519 626 462 894 713 11 0.0519 300 596 566 826 8 0.0518 241 595 489 839 8 0.0517 250 388 500 627 6 0.0514 374 468 637 707 11 0.0514 244 388 508 623 2 0.0513 376 330 639 571 5 0.0509 300 588 556 829 10 0.0509 237 530 501 765 6 0.0509 328 271 587 499 0 0.0508 0 751 245 962 9 0.0508 241 457 499 688 2 0.0502 310 536 581 770 10 0.0502 374 331 638 568
eRStXnqo6U4YRtclO6p60eF8KyM3hXqb,5 0.0594 321 512 570 754 5 0.0592 237 193 512 428 0 0.0584 246 335 505 573 11 0.0580 246 338 502 571 5 0.0579 243 332 498 568 0 0.0576 248 132 520 370 7 0.0576 249 335 506 574 5 0.0576 308 266 580 498 11 0.0571 441 517 705 751 11 0.0571 373 587 627 816 6 0.0569 329 452 573 689 8 0.0568 324 514 567 758 0 0.0565 326 514 572 759 8 0.0565 439 584 681 823 0 0.0565 453 515 705 756 13 0.0562 186 340 438 578 8 0.0561 511 532 756 770 8 0.0557 250 340 496 571 6 0.0555 322 575 579 821 7 0.0555 325 577 582 826 3 0.0554 330 456 574 697 7 0.0552 444 581 695 822 11 0.0548 313 271 586 497 6 0.0547 251 338 508 570 11 0.0545 239 198 516 427 7 0.0545 319 269 589 502 3 0.0544 319 269 581 505 7 0.0541 333 450 577 692 3 0.0536 377 583 627 825 0 0.0535 309 655 569 903 0 0.0535 425 652 686 899 3 0.0534 248 338 505 576 13 0.0533 512 534 774 768 13 0.0531 330 452 576 691 6 0.0531 316 187 592 414 10 0.0531 247 343 503 569 9 0.0527 324 450 572 681 10 0.0526 319 581 578 822 2 0.0526 327 519 572 755 11 0.0526 501 593 767 823 10 0.0526 325 456 573 691 11 0.0525 422 653 684 895 5 0.0525 317 109 580 345 5 0.0525 443 508 702 755 0 0.0524 321 270 581 502 8 0.0521 243 196 500 432 3 0.0518 440 801 689 1023 5 0.0517 306 652 564 900 5 0.0515 375 198 642 426 3 0.0515 242 194 513 435 3 0.0515 449 517 700 764 11 0.0514 306 659 573 902 8 0.0511 310 651 564 904 13 0.0510 255 267 517 515 8 0.0509 316 269 575 502 13 0.0507 378 582 632 822 0 0.0506 508 591 766 828 11 0.0505 322 120 584 344 7 0.0503 241 195 515 431 7 0.0502 514 533 769 770 5 0.0501 506 589 756 828 2 0.0501 250 344 501 570 6 0.0500 447 515 704 753
IQd3NSO3IJZaRuHmthwjVzFbIeGvfrFU,5 0.0628 349 412 703 601 8 0.0620 351 414 696 605 5 0.0618 374 262 635 502 0 0.0615 514 341 765 586 8 0.0615 378 264 632 506 0 0.0607 354 416 707 605 8 0.0605 566 391 807 647 6 0.0605 357 418 711 604 5 0.0604 314 322 569 567 6 0.0604 518 342 769 583 5 0.0600 563 391 815 649 3 0.0598 518 343 765 592 8 0.0596 314 328 563 569 7 0.0588 459 336 701 578 3 0.0573 359 416 704 607 11 0.0572 354 415 706 602 10 0.0570 354 418 708 603 7 0.0563 576 333 822 588 13 0.0562 381 329 636 572 11 0.0561 515 346 766 584 13 0.0555 576 336 830 588 5 0.0548 237 263 498 506 5 0.0546 318 193 571 437 10 0.0544 379 268 642 504 13 0.0541 265 333 521 588 10 0.0535 564 396 818 650 13 0.0532 388 193 646 434 2 0.0530 456 338 698 577 7 0.0529 384 270 640 506 12 0.0528 517 340 767 588 0 0.0525 383 195 642 440 11 0.0523 385 198 643 432 11 0.0521 256 331 513 579 11 0.0521 308 262 578 491 2 0.0519 382 270 639 504 12 0.0518 379 400 633 649 11 0.0517 640 323 882 562 5 0.0516 635 314 876 564 1 0.0515 447 333 699 579 7 0.0511 319 330 574 567 9 0.0509 515 344 767 581 0 0.0509 310 263 577 499 13 0.0507 315 266 582 500 4 0.0504 516 343 769 585 10 0.0502 315 333 574 568 8 0.0501 325 196 569 438 3 0.0501 314 265 571 501
zDO5IheaFV96dAmvY7WOY7zkWIBQl740,11 0.0614 307 341 572 570 7 0.0610 446 386 714 646 6 0.0610 476 420 829 598 8 0.0606 595 391 841 637 11 0.0603 369 399 635 647 6 0.0601 383 328 641 575 0 0.0600 589 393 848 641 5 0.0599 574 460 841 714 3 0.0598 595 392 852 649 7 0.0593 512 460 773 718 11 0.0592 589 392 848 636 8 0.0592 265 418 618 607 3 0.0591 386 330 642 585 11 0.0582 180 420 546 616 11 0.0578 435 456 705 712 5 0.0575 464 416 817 597 8 0.0570 371 460 622 711 5 0.0562 375 321 638 575 13 0.0556 515 463 773 716 5 0.0554 364 801 631 1015 7 0.0553 385 329 647 577 13 0.0550 410 427 766 600 7 0.0549 371 459 636 715 6 0.0549 593 325 855 574 8 0.0548 444 388 701 643 3 0.0548 449 387 707 653 5 0.0547 506 520 764 773 5 0.0546 241 210 494 442 5 0.0545 191 278 433 505 13 0.0544 311 335 576 570 5 0.0544 513 194 760 444 10 0.0542 265 419 634 608 7 0.0542 520 202 771 447 3 0.0540 518 458 768 729 0 0.0540 367 396 633 647 8 0.0539 589 264 835 504 3 0.0538 589 267 846 515 8 0.0536 572 523 827 766 2 0.0535 371 402 630 646 0 0.0534 507 464 770 718 13 0.0533 264 450 527 707 0 0.0532 199 281 437 505 0 0.0529 693 481 952 699 5 0.0529 579 320 845 572 12 0.0527 266 415 632 609 0 0.0526 582 263 846 507 7 0.0526 250 210 500 441 0 0.0519 378 812 640 1023 2 0.0517 307 343 565 568 13 0.0517 377 460 636 710 11 0.0517 246 220 496 446 6 0.0516 586 468 849 719 7 0.0516 588 326 854 575 0 0.0515 181 412 541 620 6 0.0514 200 285 436 509 0 0.0513 515 206 763 445 0 0.0512 249 212 496 448 5 0.0512 365 452 626 706 6 0.0511 250 217 491 447 13 0.0511 251 214 505 448 10 0.0511 508 459 770 718 11 0.0511 581 265 850 502 3 0.0510 379 460 630 719 6 0.0510 383 811 643 1017 13 0.0509 594 389 855 640 6 0.0509 263 452 521 704 0 0.0506 305 333 567 569 13 0.0506 589 262 851 506 11 0.0505 512 208 768 443 11 0.0504 195 287 438 510 7 0.0504 379 807 642 1023 5 0.0504 639 398 903 635 2 0.0501 251 219 491 446
JXCEwTnB4jkssxFi3eKGFWz6MV3Cw2zl,8 0.0658 245 338 498 578 6 0.0631 183 343 441 583 8 0.0623 183 394 423 654 11 0.0618 218 355 567 541 11 0.0613 306 402 576 645 0 0.0610 317 338 580 577 8 0.0609 244 452 496 714 8 0.0608 210 229 554 410 0 0.0608 180 342 436 582 6 0.0603 248 399 508 648 5 0.0602 240 269 511 510 6 0.0594 253 271 512 512 10 0.0585 218 357 569 539 8 0.0584 316 401 570 649 3 0.0584 247 343 506 583 5 0.0582 272 353 627 540 11 0.0581 363 591 625 839 7 0.0581 318 336 586 574 0 0.0576 225 295 565 483 3 0.0574 312 404 578 652 13 0.0574 222 353 575 543 13 0.0573 248 401 510 651 5 0.0571 240 397 506 645 12 0.0567 283 356 635 540 11 0.0563 237 457 503 710 6 0.0560 222 231 571 408 6 0.0560 311 466 578 711 8 0.0555 366 591 616 835 13 0.0555 248 512 506 773 7 0.0554 252 268 509 511 0 0.0554 310 465 575 713 0 0.0554 248 399 504 652 7 0.0553 185 338 439 577 5 0.0551 174 341 436 577 13 0.0544 369 457 638 703 3 0.0541 244 455 501 716 10 0.0540 247 404 509 646 2 0.0539 366 337 636 576 11 0.0534 213 234 566 410 6 0.0530 376 327 643 574 7 0.0528 308 467 583 716 11 0.0528 233 740 493 960 0 0.0521 373 586 627 842 0 0.0519 176 449 422 715 2 0.0519 220 360 565 541 6 0.0519 315 598 563 846 5 0.0518 365 514 624 770 7 0.0518 248 398 508 647 6 0.0518 175 447 428 716 10 0.0516 169 454 423 713 11 0.0514 303 799 559 1012 7 0.0512 449 453 721 706 5 0.0511 169 442 421 712 10 0.0511 305 472 581 710 5 0.0510 239 504 501 764 13 0.0508 371 585 631 839 8 0.0507 436 537 677 766 0 0.0506 446 455 711 705 0 0.0504 67 351 331 586 10 0.0504 209 237 563 409 9 0.0503 310 336 581 570
dh7eJQUU2sXS0zLwujExAjWgzfbtgOTh,7 0.0616 367 788 618 1023 11 0.0591 360 789 610 1018 0 0.0589 447 657 710 900 11 0.0558 446 722 709 963 11 0.0558 400 666 769 844 0 0.0555 512 736 769 976 7 0.0553 454 722 714 966 5 0.0548 357 783 609 1020 11 0.0540 322 462 583 700 8 0.0537 364 786 606 1023 3 0.0535 366 789 613 1023 0 0.0534 325 462 584 706 13 0.0531 369 791 622 1023 8 0.0531 324 0 570 194 10 0.0528 361 790 611 1022 8 0.0528 451 717 700 964 0 0.0525 361 784 615 1023 7 0.0525 84 679 449 852 5 0.0523 447 712 703 965 3 0.0523 321 0 582 199 11 0.0520 379 529 638 761 11 0.0519 191 669 451 895 13 0.0512 456 721 715 970 3 0.0511 454 659 706 901 7 0.0508 410 667 774 847 0 0.0506 188 664 454 903 10 0.0504 448 723 707 968 7 0.0504 328 395 581 639 7 0.0503 313 595 575 836 0 0.0500 271 661 641 849
SJ2OWUGEwU0jNHQyVpekMH5I7OUzWFh1,11 0.0613 312 340 571 586 0 0.0609 336 285 700 476 0 0.0605 314 336 571 590 8 0.0604 517 466 765 720 11 0.0604 299 2 556 204 8 0.0599 316 340 563 590 8 0.0598 371 465 624 715 8 0.0597 302 1 549 202 6 0.0596 319 340 572 588 8 0.0589 340 285 687 476 6 0.0588 343 287 704 477 0 0.0576 301 3 556 205 5 0.0574 326 285 694 474 11 0.0572 316 71 575 310 13 0.0570 317 340 575 589 0 0.0570 366 465 633 720 8 0.0569 322 70 566 312 5 0.0566 312 334 567 585 11 0.0563 329 288 700 476 0 0.0561 325 135 578 389 0 0.0560 508 411 772 664 13 0.0560 341 288 705 478 3 0.0558 341 287 699 479 8 0.0557 194 0 444 210 5 0.0555 312 63 568 311 13 0.0550 510 418 777 661 3 0.0547 379 132 642 389 13 0.0547 375 468 639 718 11 0.0544 292 462 565 715 7 0.0544 331 135 583 390 10 0.0542 312 342 569 587 8 0.0541 379 129 631 380 3 0.0541 316 342 569 591 5 0.0539 187 0 448 208 11 0.0539 370 134 645 380 6 0.0539 301 458 568 715 5 0.0538 365 459 627 716 7 0.0537 372 464 635 718 13 0.0535 386 19 644 260 7 0.0534 315 337 573 588 5 0.0530 499 413 765 655 2 0.0529 369 472 629 719 6 0.0529 330 136 584 388 13 0.0527 243 464 503 722 13 0.0523 200 1 462 214 11 0.0521 251 137 513 377 6 0.0521 319 7 578 263 3 0.0518 370 466 630 723 3 0.0518 387 16 637 269 10 0.0517 338 292 697 475 6 0.0517 510 413 777 662 7 0.0517 251 19 506 261 5 0.0516 232 457 493 713 9 0.0511 312 341 570 585 2 0.0511 318 343 571 588 7 0.0510 239 594 492 841 1 0.0508 313 333 572 588 10 0.0507 365 470 634 719 0 0.0506 383 19 640 263 5 0.0506 230 588 483 832 11 0.0506 178 405 445 647 10 0.0505 301 589 557 827 8 0.0505 238 464 487 720 1 0.0505 329 282 700 478 1 0.0504 363 459 631 718 13 0.0501 258 135 522 384 7 0.0501 242 462 501 720
U0eg9OwtCST1XQqESirrLD4Za9KNneoH,5 0.0647 188 727 430 963 0 0.0632 258 717 499 964 7 0.0630 262 719 502 960 10 0.0594 257 725 502 961 11 0.0593 254 722 501 959 8 0.0589 259 716 496 961 2 0.0567 259 723 500 963 3 0.0559 262 716 499 967 7 0.0544 322 332 570 557 13 0.0537 262 718 506 964 8 0.0534 315 271 558 494 6 0.0528 258 721 504 961 8 0.0527 450 344 696 550 11 0.0524 314 336 569 553 9 0.0517 252 719 500 957 11 0.0516 444 343 706 549 0 0.0509 447 343 706 555 5 0.0507 234 273 493 502 7 0.0505 453 342 709 554 3 0.0503 321 335 569 560
9AuFyRpGmUAv897NjNsYRMIOnYirT3bw,5 0.0672 383 397 642 636 5 0.0662 301 451 561 699 0 0.0659 310 525 572 769 5 0.0653 376 516 641 774 8 0.0652 332 608 689 797 6 0.0640 319 591 580 839 11 0.0634 312 525 571 767 11 0.0630 313 409 571 640 8 0.0630 390 400 638 637 11 0.0627 395 332 647 571 6 0.0626 453 523 713 772 5 0.0618 506 525 770 777 0 0.0616 181 453 441 695 8 0.0615 575 592 818 841 0 0.0612 514 526 770 778 6 0.0610 251 525 500 762 3 0.0602 337 609 697 799 3 0.0602 393 402 646 640 11 0.0601 179 526 427 769 13 0.0597 312 460 570 702 5 0.0597 197 608 566 786 11 0.0596 448 524 711 771 7 0.0594 333 607 699 799 10 0.0594 334 609 699 796 11 0.0594 251 588 503 837 8 0.0593 181 590 424 832 0 0.0592 389 399 643 640 11 0.0591 237 455 498 687 5 0.0591 311 339 564 574 6 0.0587 311 456 568 697 6 0.0586 184 586 432 831 13 0.0586 318 592 580 842 8 0.0583 390 271 636 513 5 0.0582 235 406 493 634 6 0.0580 391 400 647 638 7 0.0578 254 585 504 840 13 0.0573 393 405 648 638 13 0.0572 251 527 501 770 10 0.0571 244 528 495 765 13 0.0571 387 526 645 773 12 0.0570 517 528 771 780 5 0.0569 381 270 643 509 2 0.0569 255 590 502 839 13 0.0564 632 593 885 839 10 0.0563 306 458 563 700 13 0.0563 323 350 574 582 7 0.0562 516 599 765 844 0 0.0562 180 588 428 835 7 0.0560 181 518 428 768 7 0.0559 308 456 568 701 8 0.0559 238 453 490 686 3 0.0558 256 590 505 841 10 0.0558 514 533 773 775 3 0.0556 311 457 567 702 10 0.0553 178 591 428 830 13 0.0552 514 528 779 777 9 0.0550 313 591 577 835 10 0.0550 397 334 648 569 2 0.0549 315 529 573 769 11 0.0548 629 593 877 833 9 0.0546 381 523 644 768 11 0.0545 312 279 573 508 6 0.0544 515 601 770 844 9 0.0544 247 525 496 762 7 0.0542 396 334 647 574 11 0.0542 513 604 763 844 3 0.0539 518 600 764 849 2 0.0539 382 596 648 847 13 0.0539 184 587 432 838 6 0.0538 322 345 573 578 13 0.0537 447 594 710 844 1 0.0536 308 521 570 768 2 0.0535 630 599 880 838 10 0.0535 175 462 437 691 0 0.0534 317 339 572 584 1 0.0533 379 587 643 847 6 0.0533 184 455 443 691 1 0.0532 445 519 709 774 2 0.0530 184 522 424 769 3 0.0528 632 590 873 843 3 0.0525 322 346 568 586
wZFlIKRmnHMBEitcMyoTDaHLCIiMBB4E,11 0.0603 345 420 696 597 8 0.0581 513 528 761 762 7 0.0578 518 526 774 764 8 0.0577 455 465 702 694 11 0.0577 450 469 710 697 3 0.0565 458 467 716 705 7 0.0559 455 464 715 697 11 0.0559 513 532 763 762 0 0.0550 455 466 713 697 0 0.0541 518 529 769 767 8 0.0536 358 415 684 596 5 0.0534 445 459 711 694 5 0.0531 508 522 769 760 11 0.0524 322 24 589 252 7 0.0524 354 415 699 599 0 0.0520 576 451 829 711 8 0.0515 573 453 822 703 3 0.0512 360 416 695 603 11 0.0511 447 0 711 194 5 0.0507 339 412 694 594 6 0.0505 517 532 772 762 0 0.0503 347 416 693 599
dTldGvDTxhhRoZe4Xfn2fD0ZQVe8bbko,5 0.0632 180 715 425 952 7 0.0622 185 715 428 959 7 0.0609 381 717 639 961 0 0.0591 186 714 429 961 8 0.0589 187 716 423 953 11 0.0576 374 719 633 960 11 0.0560 111 474 384 690 5 0.0560 66 869 435 1017 11 0.0554 180 719 428 955 8 0.0548 76 872 424 1021 6 0.0544 184 720 429 956 0 0.0540 380 668 641 910 10 0.0539 180 719 427 952 5 0.0537 372 710 626 956 13 0.0532 186 717 434 957 7 0.0531 195 595 434 838 10 0.0531 63 874 436 1023 11 0.0529 190 599 432 831 8 0.0528 193 594 423 836 8 0.0527 190 464 425 696 3 0.0525 187 717 428 961 7 0.0523 188 464 437 699 8 0.0523 376 717 624 959 10 0.0522 373 721 633 958 11 0.0516 169 410 447 622 13 0.0513 381 717 641 961 8 0.0511 243 396 488 626 11 0.0509 66 871 440 1019 7 0.0508 74 872 446 1023 0 0.0506 194 597 430 840 2 0.0503 183 723 430 959
DOGbLjdJ2YVavuFElAHt5Dfc9PjSdmm6,5 0.0672 579 347 829 585 8 0.0647 582 348 827 588 5 0.0626 243 334 510 578 5 0.0626 512 257 765 502 11 0.0622 451 10 706 244 3 0.0616 519 258 773 512 11 0.0612 579 352 833 584 13 0.0611 251 340 514 583 8 0.0608 517 255 766 507 0 0.0599 582 349 834 590 5 0.0597 297 446 569 697 6 0.0597 584 352 838 587 3 0.0596 585 349 832 593 11 0.0584 244 339 514 580 13 0.0584 585 354 838 587 5 0.0574 444 2 705 243 11 0.0573 251 194 515 441 11 0.0573 427 510 691 746 0 0.0572 516 261 773 507 11 0.0571 296 452 572 696 8 0.0570 248 341 504 582 8 0.0566 305 455 564 701 6 0.0565 520 263 777 505 7 0.0563 252 338 513 582 11 0.0560 626 531 867 760 8 0.0559 252 199 505 446 7 0.0557 585 349 835 586 3 0.0555 250 342 515 589 11 0.0554 512 264 772 500 5 0.0549 247 192 506 439 10 0.0548 515 264 771 505 0 0.0546 247 337 510 582 0 0.0545 251 200 510 444 2 0.0543 251 346 511 583 2 0.0543 585 356 833 586 10 0.0542 251 344 512 580 13 0.0540 438 509 697 753 12 0.0540 587 351 834 587 11 0.0539 257 10 512 254 6 0.0539 459 12 710 243 0 0.0536 371 504 622 747 13 0.0534 520 262 775 504 7 0.0532 519 259 773 504 13 0.0532 455 13 709 244 10 0.0530 401 78 655 299 8 0.0530 328 80 571 313 7 0.0528 427 576 705 820 5 0.0528 306 584 568 835 13 0.0528 301 452 576 700 5 0.0527 420 573 698 818 10 0.0525 582 356 834 585 8 0.0525 564 562 810 813 5 0.0523 513 89 774 326 6 0.0522 434 511 696 754 8 0.0520 451 13 695 249 7 0.0520 372 502 628 748 3 0.0520 404 75 654 308 3 0.0519 254 203 513 454 6 0.0519 253 343 517 581 9 0.0519 583 353 833 584 6 0.0519 257 200 518 444 8 0.0518 435 506 682 750 0 0.0516 310 593 568 844 10 0.0514 303 459 571 702 3 0.0512 266 6 507 259 2 0.0511 520 266 767 505 10 0.0509 434 518 693 751 10 0.0508 254 201 514 442 3 0.0507 304 455 573 708 6 0.0504 634 528 876 760 2 0.0503 304 459 569 700 13 0.0501 269 8 517 256
frTkFbOoWRWwE1VGaG0li4LaaCk1qX5j,0 0.0578 375 793 615 1023 5 0.0576 367 789 613 1018 11 0.0569 373 793 617 1021 7 0.0565 376 789 624 1023 11 0.0553 431 726 695 959 0 0.0543 116 807 371 1023 8 0.0540 379 787 611 1023 10 0.0536 290 801 548 1023 6 0.0527 300 796 554 1019 0 0.0522 503 789 761 1023 7 0.0522 509 783 767 1023 10 0.0521 435 729 693 961 5 0.0520 430 720 686 958 0 0.0513 436 722 692 967 13 0.0508 298 795 560 1023 8 0.0505 125 801 363 1022
4Shj6I5pcwzmsj7uezydLJ0UN4wYkbja,11 0.0638 322 462 573 706 11 0.0629 386 603 632 839 8 0.0616 387 602 630 843 0 0.0613 320 535 577 781 7 0.0600 323 461 579 703 8 0.0590 319 537 574 777 3 0.0579 325 536 577 783 5 0.0573 316 530 575 771 5 0.0571 382 600 631 836 3 0.0568 392 601 636 848 7 0.0564 389 531 645 772 13 0.0559 391 604 639 842 2 0.0555 387 609 634 846 0 0.0555 385 602 636 844 2 0.0553 322 541 580 784 10 0.0545 318 540 582 778 12 0.0538 323 533 580 780 13 0.0534 325 537 583 777 10 0.0530 385 605 637 840 6 0.0525 320 536 583 777 6 0.0520 391 602 638 841 0 0.0509 518 819 778 1023
ujqswPaN0xNWN0A4uJsSVmWvf5x685mu,5 0.0611 0 27 232 252 11 0.0599 377 140 633 386 11 0.0594 435 73 692 302 11 0.0591 506 215 762 448 8 0.0586 506 274 765 516 0 0.0586 381 63 627 309 5 0.0585 378 131 632 391 11 0.0581 0 147 243 376 6 0.0581 387 64 631 307 8 0.0576 380 137 630 389 8 0.0556 0 143 235 379 5 0.0549 0 143 242 378 6 0.0549 2 148 251 377 5 0.0544 440 65 687 304 6 0.0543 358 173 699 359 6 0.0541 2 37 242 252 8 0.0540 445 72 688 309 11 0.0537 437 790 682 1006 6 0.0536 510 276 771 514 10 0.0535 442 74 692 307 0 0.0533 512 217 758 449 8 0.0531 0 30 232 252 3 0.0530 446 74 692 313 0 0.0529 506 33 750 260 7 0.0528 3 146 251 377 0 0.0526 348 171 696 359 5 0.0525 504 268 762 514 11 0.0523 0 33 234 250 3 0.0522 384 140 634 397 7 0.0521 509 30 760 261 13 0.0521 446 70 698 305 13 0.0520 383 137 642 389 0 0.0519 0 150 242 382 3 0.0518 515 215 759 458 7 0.0515 383 136 638 392 8 0.0514 571 213 816 446 5 0.0513 1 487 259 711 7 0.0512 512 271 773 515 10 0.0512 383 144 638 388 0 0.0511 0 33 235 251 3 0.0509 3 147 247 387 11 0.0506 566 285 838 523 10 0.0504 0 35 237 251 10 0.0502 513 220 760 447 13 0.0502 510 271 775 515 2 0.0501 0 38 240 252
oFxB8JpQ7auWH8GuejVgqj0XsRST2ZGJ,11 0.0628 640 467 896 702 0 0.0598 527 545 883 737 5 0.0558 566 389 828 634 0 0.0546 572 322 829 581 11 0.0544 510 465 782 704 11 0.0542 572 394 833 633 8 0.0542 576 462 827 697 13 0.0542 582 466 840 698 3 0.0540 584 468 837 703 6 0.0537 583 461 842 696 10 0.0534 525 548 880 731 0 0.0526 692 467 942 703 7 0.0523 640 464 896 700 5 0.0518 633 461 890 701 11 0.0517 693 407 960 625 2 0.0515 579 470 837 697 7 0.0511 515 463 786 705 0 0.0510 508 398 775 637 7 0.0506 574 393 834 632 5 0.0501 508 458 776 705
185k0mrYvaPGuCAWZqzOabkSNj8RDMAy,11 0.0641 369 155 626 389 8 0.0638 374 206 621 447 0 0.0607 370 152 623 396 6 0.0595 377 150 626 391 11 0.0592 431 223 687 468 11 0.0591 303 282 572 516 3 0.0588 380 276 624 529 0 0.0587 509 279 751 528 11 0.0584 244 340 506 577 8 0.0582 313 344 558 586 5 0.0579 235 393 497 648 5 0.0579 301 201 559 443 11 0.0573 175 402 432 654 8 0.0573 244 402 494 649 10 0.0570 372 154 623 391 0 0.0568 372 277 626 527 6 0.0567 440 219 685 466 5 0.0565 181 465 433 707 7 0.0561 312 204 565 445 3 0.0559 376 150 621 395 13 0.0557 376 206 629 451 0 0.0554 491 143 751 385 0 0.0553 309 344 570 588 5 0.0551 305 337 566 586 11 0.0546 317 407 580 655 13 0.0545 506 219 750 457 0 0.0543 564 209 800 453 11 0.0543 505 280 750 524 8 0.0541 505 218 741 457 8 0.0538 323 147 559 382 5 0.0538 432 220 679 466 11 0.0532 112 541 363 769 2 0.0532 375 155 622 391 13 0.0532 312 280 572 523 5 0.0531 237 528 494 771 0 0.0531 237 399 501 652 5 0.0529 108 534 360 765 7 0.0529 440 220 687 471 8 0.0527 246 279 487 519 11 0.0526 245 473 502 709 10 0.0526 376 279 627 525 6 0.0525 254 338 506 580 5 0.0524 237 274 491 519 8 0.0522 190 474 432 709 7 0.0522 247 276 500 520 3 0.0520 317 341 565 591 11 0.0519 491 149 753 376 11 0.0517 316 94 560 323 8 0.0516 118 539 360 770 6 0.0515 186 396 437 655 6 0.0513 270 144 503 378 2 0.0511 438 224 684 467 5 0.0509 183 601 432 829 5 0.0508 502 277 743 524 3 0.0507 514 278 747 534 7 0.0507 314 340 571 587 6 0.0505 515 277 750 525 7 0.0504 242 401 505 653 3 0.0502 245 402 501 653 8 0.0501 184 336 417 577 2 0.0500 273 297 634 470
JwNAa6SRfSUl4uhywLPkmBwK4hmDMGQb,0 0.0607 254 322 501 565 11 0.0578 312 384 576 625 5 0.0578 273 344 653 533 0 0.0574 316 377 575 629 8 0.0571 320 382 565 621 3 0.0568 570 395 825 642 8 0.0565 278 477 632 664 8 0.0564 500 392 762 635 7 0.0554 504 445 770 706 8 0.0551 568 451 822 702 0 0.0551 567 450 829 704 5 0.0550 562 448 823 698 11 0.0550 249 323 502 562 6 0.0547 319 380 575 624 11 0.0546 562 397 831 633 5 0.0541 259 472 640 665 3 0.0540 352 486 700 677 13 0.0539 570 456 832 703 8 0.0531 254 324 491 560 5 0.0531 446 264 705 497 8 0.0528 332 259 563 501 13 0.0520 276 477 652 671 11 0.0514 323 260 570 501 8 0.0514 449 268 701 498 0 0.0512 325 257 575 509 11 0.0510 343 488 707 673 6 0.0509 570 450 832 698 6 0.0508 257 326 503 563 8 0.0504 441 502 693 756 11 0.0501 447 273 711 500
2ChzCiewt7Qv6V7PwpxHHNuEPzhV2zmt,5 0.0604 614 401 888 637 5 0.0597 692 344 945 573 11 0.0592 623 341 888 574 11 0.0575 556 415 813 640 8 0.0571 559 413 810 642 11 0.0570 299 6 567 237 11 0.0569 758 331 1021 557 0 0.0568 559 417 815 645 5 0.0562 630 274 882 511 5 0.0560 562 339 811 571 6 0.0558 565 419 821 642 11 0.0539 668 412 949 638 11 0.0539 363 668 629 887 8 0.0537 311 2 559 239 7 0.0530 517 395 765 634 3 0.0530 345 411 691 604 7 0.0529 109 722 376 942 0 0.0525 368 665 627 893 5 0.0522 298 0 564 238 6 0.0519 772 328 1022 562 6 0.0518 312 0 574 239 11 0.0517 366 65 642 288 8 0.0516 114 719 365 940 11 0.0515 104 725 377 936 11 0.0513 252 722 521 947 5 0.0511 365 664 626 890 5 0.0511 357 535 632 775 6 0.0511 687 413 949 646 7 0.0510 259 666 515 889 6 0.0509 638 344 893 577 13 0.0507 211 0 589 146 3 0.0505 209 0 578 151 11 0.0504 337 412 688 595 8 0.0504 307 663 566 891 13 0.0504 374 669 634 895 2 0.0501 560 422 816 644 0 0.0500 197 0 576 146
TwXgYrelC9swNBiktVDY1rZtAbSRyKD3,8 0.0590 179 385 430 651 5 0.0579 172 384 437 647 8 0.0557 189 254 446 511 8 0.0545 379 782 617 1023 11 0.0544 380 787 630 1019 7 0.0536 181 385 438 646 0 0.0529 250 387 503 642 5 0.0524 280 478 620 660 5 0.0522 255 254 510 481 11 0.0518 636 525 892 759 3 0.0518 252 389 501 647 11 0.0513 311 396 565 625 11 0.0510 190 254 453 498 8 0.0504 285 484 620 662 6 0.0503 254 389 507 642 7 0.0502 193 250 455 504
3SJJcT1aZ6uecicrHZfqgQBIkLjCtmwG,0 0.0548 501 137 752 376 0 0.0547 428 211 691 450 0 0.0531 577 265 818 513 5 0.0522 365 510 637 753 11 0.0515 501 140 757 370 11 0.0514 431 215 692 445 11 0.0510 426 398 705 626 11 0.0509 368 521 638 751 13 0.0508 430 349 708 583 0 0.0508 501 347 761 584 8 0.0505 374 521 626 754 3 0.0505 375 523 637 761 8 0.0503 433 210 681 443 11 0.0502 302 458 561 695 13 0.0501 436 212 696 450
gOdYHLQG3PcuLtpFFCBhJoOmGI23mTvG,7 0.0614 439 599 697 838 11 0.0590 434 602 690 835 5 0.0589 432 597 691 834 6 0.0582 436 604 696 834 0 0.0579 437 599 692 840 8 0.0566 436 601 682 834 7 0.0563 381 527 629 774 3 0.0562 438 601 693 842 2 0.0554 438 603 694 837 9 0.0534 432 602 690 831 11 0.0532 373 530 622 773 13 0.0518 440 600 699 837 0 0.0515 377 527 624 776 6 0.0504 379 531 628 772
shhRxmSmLJB7jCWU3V6VDMypte4PrEhv,11 0.0621 389 400 641 636 5 0.0585 750 0 1000 201 0 0.0583 750 2 1004 204 8 0.0577 691 0 944 206 0 0.0562 635 1 890 211 8 0.0561 389 400 634 640 5 0.0560 388 398 635 637 7 0.0549 333 389 590 628 11 0.0546 390 529 661 762 11 0.0543 321 338 584 562 5 0.0539 320 333 577 564 3 0.0533 394 400 641 646 7 0.0527 393 454 650 701 2 0.0525 393 347 640 573 13 0.0524 755 2 1011 205 10 0.0521 752 5 1003 204 6 0.0521 330 454 593 704 0 0.0520 387 399 640 642 8 0.0516 327 336 574 567 13 0.0515 284 416 652 592 8 0.0515 589 20 826 263 7 0.0510 755 0 1003 202 0 0.0508 0 474 252 700 13 0.0508 326 457 594 705 3 0.0507 755 1 1007 207 6 0.0507 753 1 1008 203 2 0.0504 751 6 1007 202 0 0.0504 705 80 948 324 11 0.0500 748 1 1003 200
T1tfN4FsyozvM6Av5QHtMVsC1zYihUbV,11 0.0587 0 350 246 572 7 0.0585 318 209 560 429 0 0.0575 2 345 243 581 0 0.0573 312 207 560 431 3 0.0572 319 208 560 432 11 0.0572 313 212 561 429 5 0.0565 0 340 241 576 8 0.0558 1 347 237 576 13 0.0558 320 211 565 433 8 0.0549 316 208 552 429 11 0.0543 437 604 703 828 3 0.0537 253 143 498 383 7 0.0536 250 141 503 380 11 0.0535 315 736 585 953 3 0.0526 1 347 248 582 0 0.0525 244 143 497 381 8 0.0524 250 140 488 381 5 0.0523 310 205 559 427 11 0.0521 243 146 499 380 13 0.0517 253 140 503 383 6 0.0517 4 341 254 575 11 0.0516 567 606 819 850 5 0.0510 244 138 498 378 8 0.0508 321 735 573 957 13 0.0502 4 345 254 579 0 0.0502 319 732 583 958 10 0.0501 316 216 561 431 6 0.0500 253 143 505 376
4NyO8Ryl1W6SYH7ge6K7OIGlhLekAsYv,11 0.0591 315 680 572 907 0 0.0562 363 343 630 584 8 0.0561 629 23 881 261 8 0.0555 360 336 620 583 11 0.0546 316 787 573 1015 7 0.0541 366 339 631 587 5 0.0540 666 23 936 258 8 0.0534 318 677 563 908 10 0.0528 664 32 940 258 7 0.0524 323 672 576 906 0 0.0524 668 26 942 263 3 0.0521 368 339 629 593 11 0.0519 368 210 640 442 6 0.0519 323 678 576 903 7 0.0516 321 783 581 1020 11 0.0515 665 26 942 255 11 0.0515 489 358 775 587 2 0.0514 363 348 634 583 11 0.0513 427 410 688 637 11 0.0512 363 342 632 578 0 0.0511 434 410 688 643 13 0.0509 369 343 642 581 5 0.0504 358 338 625 581 0 0.0502 318 674 575 907
QzQ18kjGYDqiAHiZpG0b0hFmdC2hafo8,5 0.0587 295 0 556 196 7 0.0583 195 506 447 758 0 0.0581 235 517 498 764 8 0.0580 173 234 420 437 7 0.0567 573 450 828 694 5 0.0566 565 447 823 689 5 0.0565 173 17 431 247 5 0.0561 164 227 429 439 0 0.0559 569 452 826 692 6 0.0556 569 452 828 694 3 0.0555 560 519 816 756 11 0.0553 631 401 883 633 8 0.0552 234 384 486 623 11 0.0552 303 0 560 197 2 0.0548 305 6 562 199 6 0.0542 450 441 712 691 0 0.0540 315 385 572 634 11 0.0539 510 334 767 564 8 0.0537 310 319 574 559 8 0.0537 571 452 819 690 11 0.0536 445 396 704 632 11 0.0536 190 514 441 755 13 0.0533 575 453 832 692 11 0.0533 446 23 704 260 8 0.0531 308 0 552 200 0 0.0530 231 270 497 497 7 0.0530 450 386 710 636 6 0.0529 319 388 578 632 5 0.0527 551 577 815 816 3 0.0527 453 392 709 643 7 0.0526 313 384 578 633 6 0.0526 197 506 446 758 2 0.0525 568 457 827 691 8 0.0522 554 585 814 818 11 0.0520 528 552 886 729 8 0.0519 186 91 417 313 10 0.0518 169 241 433 437 5 0.0517 493 506 754 751 5 0.0517 228 511 494 761 0 0.0517 305 0 557 200 13 0.0516 189 4 456 195 3 0.0515 193 512 445 765 5 0.0514 383 17 642 258 8 0.0513 197 506 439 760 5 0.0511 305 312 581 559 13 0.0510 536 551 896 734 11 0.0509 371 458 632 689 0 0.0508 500 517 754 752 13 0.0507 454 392 713 634 10 0.0506 447 395 708 633 0 0.0505 248 69 479 300 7 0.0505 558 585 821 821 8 0.0505 309 452 565 685 10 0.0504 454 33 704 261 6 0.0503 557 582 820 819
0d7mhR3GX5YCytWNTiHJuDnfgwCXlVa7,0 0.0569 0 604 225 840 11 0.0563 0 605 228 833 11 0.0558 376 408 633 643 5 0.0543 307 319 555 558 11 0.0542 308 327 561 566 11 0.0539 403 357 755 535 13 0.0535 1 538 240 782 0 0.0524 315 395 566 643 8 0.0516 0 601 222 840 5 0.0513 0 603 224 838 6 0.0512 357 215 540 576 13 0.0511 318 327 566 567 8 0.0508 447 0 707 249 6 0.0504 2 607 233 838 8 0.0504 370 542 623 783 3 0.0503 409 355 763 540 10 0.0501 354 224 535 580 8 0.0500 312 324 551 561
1RTfXmrsr7K9lECyhkIiJgncW2CrROVf,11 0.0652 250 262 505 502 11 0.0649 305 399 559 641 8 0.0647 255 262 498 504 8 0.0645 311 333 555 579 8 0.0642 246 453 495 700 11 0.0637 369 336 627 580 8 0.0637 190 519 435 768 0 0.0629 308 332 561 579 5 0.0628 369 329 622 581 3 0.0626 372 387 626 642 3 0.0625 303 449 565 702 5 0.0624 302 392 556 641 6 0.0622 375 334 626 580 0 0.0620 242 454 500 701 6 0.0620 371 456 627 707 0 0.0615 251 260 505 504 3 0.0615 317 257 558 501 5 0.0613 240 585 501 822 11 0.0608 431 393 697 642 6 0.0608 316 255 563 496 11 0.0607 303 515 564 757 13 0.0607 312 396 562 642 5 0.0607 300 508 558 754 13 0.0607 318 255 564 500 11 0.0606 244 590 508 824 0 0.0605 247 589 507 826 5 0.0603 249 258 500 501 3 0.0601 249 588 505 827 8 0.0599 249 588 503 826 3 0.0598 382 516 631 765 2 0.0597 301 453 563 701 6 0.0596 310 395 562 641 2 0.0596 311 338 558 581 7 0.0596 310 513 565 760 11 0.0593 187 401 437 640 10 0.0590 298 452 568 698 8 0.0589 191 394 430 640 2 0.0589 255 263 502 504 5 0.0588 183 517 436 765 3 0.0586 191 463 433 711 6 0.0585 190 461 437 705 8 0.0584 307 515 558 756 13 0.0584 375 334 631 581 7 0.0582 373 333 626 584 0 0.0581 430 460 682 708 7 0.0580 309 397 560 644 13 0.0580 192 518 444 771 0 0.0579 190 520 440 771 10 0.0579 372 337 627 581 5 0.0579 184 394 434 639 11 0.0578 187 520 439 768 1 0.0575 306 392 556 640 7 0.0575 250 587 509 826 13 0.0575 373 458 628 708 0 0.0572 498 336 743 587 12 0.0572 372 331 627 581 6 0.0572 438 392 698 642 10 0.0565 255 265 502 505 13 0.0564 252 588 513 828 8 0.0564 502 390 752 633 3 0.0564 500 341 745 590 11 0.0563 184 189 443 429 1 0.0560 370 329 623 577 12 0.0559 308 396 560 643 9 0.0559 368 333 624 576 11 0.0556 304 667 571 888 7 0.0554 317 256 562 498 8 0.0554 311 660 562 887 2 0.0554 187 400 435 642 8 0.0553 431 463 677 703 10 0.0551 329 549 710 725 12 0.0551 315 254 560 499 2 0.0551 317 591 576 825 7 0.0550 435 389 700 646
mId5P78YbhmE9gGKh2osXOoF8A2jnOuC,5 0.0584 250 317 511 550 11 0.0559 338 417 704 595 8 0.0542 456 314 699 566 7 0.0541 255 316 516 554 8 0.0531 335 416 692 599 5 0.0529 308 393 570 634 11 0.0529 255 320 516 550 6 0.0526 379 400 640 640 3 0.0522 250 322 513 562 6 0.0516 510 458 762 711 11 0.0514 504 456 758 708 7 0.0507 315 395 571 637 11 0.0505 182 252 457 499 7 0.0502 186 247 455 500 5 0.0500 250 186 527 426
XoF2pkT5DXxVP06B9qyHQbS2qaMgxHdh,11 0.0640 449 392 709 632 8 0.0598 171 341 428 592 11 0.0596 167 346 437 589 11 0.0588 467 362 837 539 3 0.0579 221 292 575 476 5 0.0575 564 316 817 563 3 0.0572 450 272 705 511 8 0.0571 449 391 704 633 0 0.0568 504 392 758 627 11 0.0566 246 269 517 514 6 0.0566 567 393 821 630 6 0.0562 180 283 449 527 5 0.0561 625 378 888 626 5 0.0559 212 288 572 467 5 0.0558 445 265 698 500 0 0.0557 179 285 442 527 11 0.0555 451 269 705 500 8 0.0548 449 267 701 502 8 0.0547 252 271 504 517 7 0.0546 509 387 765 626 13 0.0544 507 390 766 624 6 0.0543 510 324 766 568 8 0.0541 561 389 814 630 3 0.0539 453 393 709 639 0 0.0537 448 271 706 502 13 0.0536 225 290 585 473 7 0.0530 174 344 436 592 5 0.0527 165 339 434 584 7 0.0524 453 267 709 505 11 0.0524 370 199 648 427 5 0.0520 366 196 638 426 13 0.0518 452 270 713 502 8 0.0516 325 0 570 196 1 0.0516 447 383 709 632 8 0.0511 376 199 632 429 3 0.0508 178 349 433 597 6 0.0508 247 205 514 445 5 0.0507 501 384 756 623 6 0.0507 640 331 897 568 8 0.0507 624 457 877 705 0 0.0507 315 201 590 445 10 0.0505 223 296 574 469 7 0.0505 321 199 595 445 11 0.0503 311 0 585 196 7 0.0502 340 0 732 160 13 0.0500 623 460 893 705
JROwnFqNGxklzWPTGqhtiFvwAIkeSuit,0 0.0592 503 720 757 957 7 0.0590 441 781 694 1022 11 0.0587 436 783 686 1020 0 0.0586 438 782 688 1023 8 0.0576 441 778 680 1022 5 0.0566 432 776 685 1017 8 0.0560 505 719 745 955 10 0.0559 435 782 687 1023 11 0.0554 547 584 824 824 5 0.0550 498 717 753 952 7 0.0539 445 399 708 631 11 0.0535 499 658 755 891 10 0.0531 500 723 756 953 11 0.0531 442 467 699 703 7 0.0529 506 720 760 955 7 0.0529 561 648 817 887 11 0.0528 379 391 652 618 11 0.0524 0 80 247 302 3 0.0523 443 783 688 1023 0 0.0523 0 76 243 306 13 0.0516 382 732 641 966 11 0.0514 324 525 587 778 13 0.0513 507 723 760 958 6 0.0513 443 784 692 1022 13 0.0513 558 653 821 889 8 0.0510 559 652 805 886 0 0.0508 553 585 822 823 11 0.0504 559 0 830 201 5 0.0503 0 71 244 304
j7Xqn8WiVLu1FdpeeH8CGZi3p1sO6llX,5 0.0544 655 0 1021 162 8 0.0535 252 712 499 941 11 0.0525 307 657 575 885 11 0.0522 651 2 1023 161 11 0.0517 204 728 449 958 0 0.0517 658 1 1023 164 13 0.0515 592 2 973 149 8 0.0515 565 0 818 206 5 0.0501 241 706 504 943
KulnTwyyUL33g5e0BjJjDjkdRunKXlf4,0 0.0596 496 396 748 647 11 0.0584 453 388 705 626 7 0.0582 455 390 706 632 8 0.0567 449 390 694 628 5 0.0565 447 386 696 631 3 0.0563 456 391 698 637 11 0.0562 236 412 492 647 7 0.0556 318 272 568 497 11 0.0555 309 275 567 496 8 0.0554 185 0 435 203 11 0.0532 183 0 443 198 10 0.0531 451 391 702 629 3 0.0530 317 270 562 505 2 0.0529 499 404 749 642 5 0.0526 0 670 239 895 7 0.0525 245 333 505 570 13 0.0515 452 390 708 632 8 0.0515 243 410 482 641 0 0.0515 181 0 439 201 0 0.0513 0 672 245 902 8 0.0513 258 264 494 502 6 0.0513 498 402 754 640 11 0.0512 496 535 751 771 11 0.0511 190 272 449 501 3 0.0507 190 0 438 206 0 0.0502 244 412 492 647 0 0.0502 497 532 756 779
aGr30nXvWCEyzFE8HaDRmH7Cck9Fb82t,8 0.0567 185 503 424 746 11 0.0565 123 462 383 695 7 0.0562 185 449 445 691 6 0.0557 187 452 449 691 0 0.0553 248 508 502 752 5 0.0544 183 400 440 625 11 0.0544 306 453 570 691 8 0.0532 310 397 557 618 8 0.0522 250 455 495 692 3 0.0521 187 504 430 750 10 0.0520 181 509 428 747 0 0.0518 120 458 386 700 5 0.0513 245 454 501 685 11 0.0512 185 408 440 626 7 0.0511 256 394 503 618 8 0.0510 314 513 563 761 13 0.0505 127 456 392 696
6VsMx7NlrJxeDPWSuwwFsRhdDf63xADd,11 0.0601 387 370 641 587 11 0.0585 258 414 512 641 0 0.0583 391 371 644 592 0 0.0567 312 467 570 711 8 0.0566 315 466 563 703 8 0.0565 391 374 636 588 11 0.0555 325 287 573 507 0 0.0543 189 393 436 642 11 0.0536 489 353 750 576 5 0.0535 321 281 571 509 13 0.0534 316 466 577 705 5 0.0533 384 365 643 589 8 0.0533 327 290 567 512 5 0.0528 309 461 568 704 7 0.0526 326 528 581 773 11 0.0525 179 602 428 837 3 0.0524 401 375 644 594 7 0.0520 442 358 694 587 0 0.0518 329 287 576 513 11 0.0514 364 592 635 824 3 0.0512 335 293 574 519 7 0.0510 331 287 581 512 11 0.0510 257 531 504 765 0 0.0507 496 348 747 576 8 0.0504 495 351 741 576 5 0.0503 191 645 444 876 8 0.0503 366 592 623 829 8 0.0501 197 648 436 880
uLJy3bmMs1YDnoQejvhpx0gJxvhwEkdD,11 0.0648 382 338 636 577 13 0.0644 384 336 641 580 5 0.0620 369 391 625 644 8 0.0613 381 338 629 580 0 0.0613 384 335 634 579 3 0.0606 384 339 634 582 10 0.0598 379 344 633 582 11 0.0593 370 461 626 700 8 0.0586 371 463 621 702 7 0.0577 377 396 631 646 6 0.0575 376 396 628 645 5 0.0571 240 466 493 704 11 0.0563 251 280 504 505 0 0.0559 371 458 627 705 2 0.0550 375 402 625 644 13 0.0549 376 458 632 705 12 0.0545 373 394 627 649 11 0.0541 310 540 570 764 9 0.0538 372 393 628 642 8 0.0530 252 277 495 512 11 0.0529 242 476 494 702 10 0.0529 368 467 628 707 0 0.0523 251 276 503 512 10 0.0523 244 480 494 705 7 0.0521 248 470 498 705 6 0.0517 249 470 495 707 7 0.0517 319 534 570 771 1 0.0517 371 389 626 646 3 0.0516 373 462 630 708 13 0.0511 318 536 574 774 4 0.0510 383 342 638 579 6 0.0508 258 279 506 513 7 0.0508 261 276 508 511 3 0.0505 255 280 507 517 13 0.0505 253 278 511 515 0 0.0504 303 12 571 252 11 0.0501 175 23 435 243
f7J7ZU8Lo32lk8YWZ3UeKb2gjGS7eh5k,5 0.0599 497 391 755 627 5 0.0593 318 511 568 760 8 0.0591 330 517 562 757 11 0.0591 502 397 761 624 5 0.0580 569 465 826 703 0 0.0574 500 397 758 629 8 0.0571 503 395 752 625 11 0.0560 320 515 573 755 0 0.0555 324 518 571 763 11 0.0554 572 471 830 703 0 0.0544 0 473 255 717 3 0.0540 506 397 757 631 2 0.0539 502 399 756 628 7 0.0528 326 519 579 760 7 0.0523 505 396 762 626 6 0.0519 504 399 762 627 13 0.0519 325 521 575 763 10 0.0519 498 397 759 625 6 0.0516 579 474 830 704 13 0.0508 508 395 765 626 8 0.0507 574 471 819 702 13 0.0504 585 585 829 827 11 0.0502 576 582 821 824 3 0.0501 326 516 575 764
bS1O7Db7c501Dns8waGKwplOQDUpPOcR,5 0.0683 184 400 445 638 11 0.0623 185 462 440 700 5 0.0615 262 336 523 578 0 0.0612 190 401 446 640 0 0.0606 270 333 524 583 13 0.0604 252 471 510 714 11 0.0600 137 418 511 600 6 0.0600 272 338 530 581 6 0.0596 194 405 449 641 5 0.0589 496 399 754 641 5 0.0589 175 585 434 828 3 0.0587 191 404 446 644 8 0.0578 505 402 750 645 0 0.0577 117 325 370 567 0 0.0575 252 470 507 711 5 0.0574 244 467 504 712 8 0.0572 252 470 500 714 6 0.0571 251 470 516 709 13 0.0569 269 340 530 584 7 0.0568 188 461 439 705 3 0.0561 250 469 509 717 7 0.0561 271 339 527 582 5 0.0558 108 461 371 697 8 0.0556 145 416 501 600 13 0.0555 192 403 445 645 13 0.0553 185 538 434 778 11 0.0548 116 330 374 566 10 0.0543 268 343 525 579 3 0.0541 267 339 528 586 0 0.0536 182 212 444 440 2 0.0536 192 407 443 639 0 0.0535 501 402 757 646 10 0.0533 192 407 444 640 8 0.0526 180 592 431 835 3 0.0525 181 593 437 837 9 0.0525 246 472 507 705 13 0.0524 511 405 766 646 6 0.0524 189 592 446 831 5 0.0522 108 323 366 567 7 0.0519 186 591 439 838 11 0.0513 497 406 757 642 10 0.0513 500 407 758 641 2 0.0511 268 343 523 581 12 0.0511 275 338 527 582 10 0.0503 249 477 509 711
q8pm8RVfSKERHUgtmnrAZBHEAMlnoDUk,0 0.0671 0 655 197 912 8 0.0652 0 653 193 909 11 0.0613 0 661 200 909 13 0.0591 389 266 651 497 8 0.0588 58 598 303 828 7 0.0588 0 655 200 912 7 0.0585 61 600 312 832 11 0.0584 54 603 309 828 0 0.0570 57 601 309 831 8 0.0563 386 266 637 497 5 0.0560 53 597 303 828 0 0.0558 382 262 643 499 3 0.0554 5 655 199 915 6 0.0549 3 656 201 912 5 0.0547 0 654 195 910 6 0.0545 386 266 652 498 10 0.0544 0 662 200 908 11 0.0537 380 267 644 494 3 0.0534 382 265 646 503 6 0.0529 59 601 313 830 2 0.0518 1 661 198 914 7 0.0513 385 264 648 497 13 0.0511 1 657 204 912 5 0.0510 378 262 640 493 2 0.0507 383 271 639 497 10 0.0506 384 270 641 494 8 0.0505 434 793 670 1012 11 0.0502 386 802 628 1019 10 0.0502 57 605 311 828
JBphVxt7HwrxXjFggjxm2XNIoYBsLiwl,7 0.0610 440 722 690 959 5 0.0605 423 779 677 1018 11 0.0589 429 782 676 1021 11 0.0573 387 459 646 693 0 0.0571 496 736 746 972 8 0.0561 430 780 674 1023 11 0.0539 497 739 746 966 13 0.0538 435 784 684 1023 13 0.0537 397 456 646 697 2 0.0537 430 786 684 1023 0 0.0535 388 272 647 514 3 0.0533 434 784 681 1023 10 0.0532 395 400 639 638 0 0.0532 321 333 577 571 0 0.0530 392 459 643 701 10 0.0526 429 786 679 1023 13 0.0523 388 336 647 576 8 0.0520 387 335 634 576 8 0.0516 394 458 635 698 6 0.0515 432 784 680 1023 3 0.0511 397 456 643 703 0 0.0508 375 723 629 963 11 0.0507 384 337 644 573
vcbp1z53tQRBT1sSMbcXcLX3JootR2vj,11 0.0573 327 589 574 834 11 0.0566 695 614 950 836 0 0.0561 260 525 524 774 0 0.0558 328 590 578 833 11 0.0552 312 718 557 950 6 0.0548 332 589 580 837 5 0.0533 190 508 449 756 5 0.0530 323 581 571 831 3 0.0530 334 592 579 838 7 0.0530 198 510 462 763 7 0.0529 330 586 579 834 11 0.0522 391 473 639 709 7 0.0517 706 534 956 767 13 0.0517 334 588 581 834 7 0.0516 318 715 568 952 8 0.0514 331 590 569 830 5 0.0514 311 711 557 950 10 0.0514 329 590 575 831 10 0.0512 704 618 945 840 3 0.0509 344 278 589 520 8 0.0509 319 719 552 953 11 0.0509 336 279 587 509 8 0.0506 194 510 452 765 0 0.0505 699 609 952 844 5 0.0504 335 272 583 505 6 0.0503 391 473 646 711
wDl6yIaCbbo9IV23vISyNrcT8YChW1hh,5 0.0640 770 0 1010 249 5 0.0610 55 0 317 209 11 0.0603 56 4 327 207 0 0.0595 771 2 1012 254 11 0.0594 772 5 1014 247 0 0.0593 58 0 321 215 8 0.0589 1 553 247 767 11 0.0586 103 551 371 763 6 0.0583 62 0 327 211 5 0.0582 684 129 954 381 8 0.0580 774 3 1008 247 0 0.0557 687 134 953 381 8 0.0553 690 133 947 379 8 0.0545 108 544 358 765 6 0.0543 774 5 1019 248 2 0.0542 772 6 1017 249 8 0.0541 61 0 313 210 6 0.0539 694 134 958 381 10 0.0539 56 4 323 212 10 0.0534 770 7 1013 249 13 0.0524 777 6 1017 251 11 0.0523 686 137 958 375 13 0.0521 62 3 330 215 9 0.0517 686 136 956 377 11 0.0514 253 332 533 561 0 0.0514 171 550 416 767 3 0.0513 773 3 1014 257 7 0.0506 772 3 1015 246 2 0.0506 57 5 329 212 7 0.0506 60 0 322 206 3 0.0505 691 133 954 385
0SlIS8TpuaOyUMPzj5EHHmmHJ1t3oiuQ,8 0.0605 525 38 860 218 5 0.0592 578 0 947 147 11 0.0573 589 1 955 145 5 0.0560 225 453 490 686 8 0.0558 592 0 941 148 5 0.0558 516 35 864 216 11 0.0548 524 44 879 216 13 0.0545 77 0 359 204 0 0.0544 227 456 493 691 7 0.0544 229 455 492 686 8 0.0541 237 598 492 827 7 0.0539 239 594 504 832 13 0.0537 596 1 963 150 0 0.0534 517 40 871 222 0 0.0533 587 0 951 150 11 0.0529 70 3 346 196 8 0.0528 228 460 481 687 11 0.0525 310 595 575 827 11 0.0522 395 461 628 676 0 0.0517 315 591 575 835 13 0.0516 527 44 886 219 5 0.0509 230 591 497 827 2 0.0507 585 2 960 148 0 0.0507 696 811 946 1022 3 0.0505 232 458 486 691 7 0.0503 180 535 444 763 5 0.0503 62 799 429 985 0 0.0502 392 462 635 683
mBAi0uOB1mqc0BNu4sOkdRTy5jFHSVPs,0 0.0651 190 649 448 903 5 0.0617 564 775 812 1007 8 0.0607 195 646 442 902 11 0.0597 191 711 448 951 11 0.0593 563 670 817 908 8 0.0589 140 718 384 964 8 0.0583 563 778 810 1009 8 0.0582 566 664 812 913 11 0.0581 309 712 563 959 7 0.0578 508 717 761 966 11 0.0576 499 587 748 824 0 0.0573 566 668 818 912 8 0.0573 504 586 745 830 0 0.0571 501 588 752 829 5 0.0566 186 705 442 952 5 0.0561 499 582 746 827 13 0.0560 198 707 456 959 11 0.0560 566 782 816 1009 10 0.0557 566 668 817 911 13 0.0556 317 712 575 968 7 0.0556 506 585 755 830 5 0.0554 563 662 812 911 6 0.0547 244 644 505 896 13 0.0545 439 719 703 974 0 0.0543 566 781 816 1014 8 0.0541 309 776 546 1022 5 0.0541 370 708 624 963 13 0.0540 569 782 825 1012 7 0.0536 195 704 451 959 3 0.0536 506 586 749 833 10 0.0533 502 587 748 827 10 0.0531 567 785 817 1011 6 0.0530 567 672 822 913 8 0.0527 505 329 747 587 7 0.0527 378 714 632 968 2 0.0526 571 786 818 1013 8 0.0520 375 712 624 969 5 0.0518 100 0 377 199 3 0.0517 571 668 818 914 11 0.0517 458 454 700 686 8 0.0516 507 455 738 700 2 0.0515 567 670 821 913 13 0.0514 505 587 756 829 10 0.0513 238 650 503 893 6 0.0510 315 706 569 962 7 0.0509 514 333 758 586 13 0.0505 510 406 762 646 7 0.0504 515 458 751 702 6 0.0501 505 586 751 828
bbrt6DpVaDi2sYpVo2tcMjXV8mQmaByL,5 0.0685 173 325 457 568 8 0.0671 387 208 649 450 11 0.0642 231 394 511 636 7 0.0632 247 337 512 573 8 0.0629 179 386 436 630 5 0.0628 441 212 713 447 6 0.0614 258 275 522 510 11 0.0613 380 2 650 186 0 0.0612 385 270 640 510 8 0.0611 379 331 632 576 5 0.0611 178 455 431 696 8 0.0609 247 274 512 509 8 0.0607 512 266 764 508 11 0.0606 246 273 519 506 6 0.0604 313 396 587 630 11 0.0603 327 205 599 440 5 0.0603 507 331 767 568 11 0.0601 116 342 393 578 5 0.0600 308 0 579 251 11 0.0600 390 133 654 370 5 0.0598 313 327 575 561 0 0.0598 236 395 508 639 0 0.0593 181 456 437 703 7 0.0591 126 339 386 577 5 0.0585 566 272 830 503 6 0.0583 148 421 497 603 8 0.0582 459 0 822 148 11 0.0582 507 526 766 760 0 0.0582 318 335 580 564 11 0.0581 304 462 580 697 0 0.0581 251 275 515 509 11 0.0581 314 333 583 561 8 0.0579 380 0 640 192 8 0.0577 245 463 505 705 3 0.0576 398 127 652 380 7 0.0575 177 265 441 505 7 0.0574 506 446 773 698 3 0.0573 387 0 646 193 0 0.0571 118 343 385 581 3 0.0571 245 341 510 582 2 0.0570 178 393 444 628 0 0.0570 378 0 648 194 0 0.0568 377 455 641 706 11 0.0568 456 3 836 146 3 0.0568 456 213 717 459 6 0.0567 334 205 605 442 7 0.0566 447 267 706 509 0 0.0566 458 1 837 150 5 0.0565 314 123 583 361 7 0.0564 381 334 642 580 11 0.0562 647 540 903 775 8 0.0561 511 388 769 635 10 0.0561 326 274 594 504 8 0.0561 649 538 893 778 7 0.0561 263 200 528 440 5 0.0561 175 182 451 432 10 0.0560 446 217 712 453 0 0.0559 504 451 768 699 7 0.0557 387 0 647 191 0 0.0557 243 530 509 773 3 0.0556 186 459 435 705 11 0.0555 239 533 511 770 5 0.0555 432 513 694 761 6 0.0555 381 451 645 705 13 0.0554 236 392 513 639 13 0.0553 391 67 656 307 0 0.0553 446 335 699 571 13 0.0553 453 218 717 449 7 0.0552 517 330 770 574 13 0.0550 122 344 395 583 8 0.0550 379 448 635 702 0 0.0550 451 221 712 452 2 0.0550 448 222 713 454 7 0.0548 445 518 704 763 0 0.0546 647 538 911 779 11 0.0546 245 4 524 197
AuCYT1Q5RZIrIvRpXhQpKs0LPOBidDuS,11 0.0665 441 462 695 702 3 0.0585 256 339 520 583 8 0.0583 444 458 690 700 0 0.0581 439 462 696 703 5 0.0567 249 331 517 575 6 0.0550 446 461 703 699 7 0.0549 446 457 698 702 5 0.0547 509 0 863 150 11 0.0546 251 336 523 575 13 0.0546 445 532 694 764 0 0.0544 516 0 865 152 3 0.0538 450 463 693 707 6 0.0525 204 356 574 544 11 0.0525 543 826 799 1021 7 0.0524 519 0 868 151 8 0.0524 511 0 858 151 0 0.0522 259 336 525 575 7 0.0521 257 333 525 576 5 0.0516 367 215 627 436 2 0.0514 446 465 695 701 13 0.0511 202 360 577 548 11 0.0511 369 220 634 438 8 0.0509 196 358 553 546 0 0.0509 370 221 632 441 13 0.0507 440 151 692 383 0 0.0504 500 160 759 391
krESR775W0ro2YtzXGRd9nFhcQdC5R1V,14 1.0 0 0 1 1
ItBCQVr8SldOkNcPPhVec08oFPowfEGQ,11 0.0639 320 400 579 644 11 0.0633 553 394 812 636 0 0.0622 501 341 744 579 5 0.0614 334 406 713 596 11 0.0596 386 200 652 430 5 0.0595 255 454 500 701 3 0.0591 345 412 716 600 8 0.0589 324 394 569 649 11 0.0588 448 281 700 513 5 0.0585 311 589 566 835 0 0.0583 336 412 710 598 5 0.0580 564 328 810 570 7 0.0579 454 277 703 517 0 0.0578 317 534 566 785 11 0.0578 572 268 818 508 0 0.0576 505 456 750 699 5 0.0576 444 275 696 515 8 0.0575 446 272 696 517 11 0.0575 311 532 567 777 3 0.0574 506 340 743 584 7 0.0573 320 790 573 1021 5 0.0572 498 450 747 694 7 0.0571 249 523 502 774 7 0.0571 394 197 663 435 10 0.0571 503 343 746 578 3 0.0571 318 533 565 784 7 0.0570 346 408 717 598 11 0.0569 252 459 506 700 6 0.0568 347 411 719 598 13 0.0566 344 409 721 597 11 0.0563 513 206 766 443 2 0.0563 505 345 749 576 11 0.0562 499 459 749 697 7 0.0562 315 593 574 836 5 0.0561 313 787 564 1018 10 0.0556 339 414 715 597 8 0.0555 569 331 806 572 6 0.0552 453 280 703 516 13 0.0551 326 197 583 435 13 0.0551 508 461 755 699 8 0.0550 317 203 567 431 8 0.0549 329 667 577 908 11 0.0549 324 666 585 907 0 0.0547 511 207 763 447 3 0.0546 331 666 584 915 0 0.0544 261 462 504 705 0 0.0544 384 198 650 431 7 0.0542 510 458 753 699 0 0.0541 316 133 578 364 6 0.0538 322 531 571 778 5 0.0537 627 394 872 640 5 0.0536 364 0 621 235 13 0.0535 323 794 575 1023 3 0.0532 257 462 503 707 8 0.0532 320 790 563 1022 6 0.0531 507 458 752 699 6 0.0531 564 394 814 637 6 0.0529 263 460 509 703 13 0.0528 251 528 505 775 13 0.0528 506 337 750 580 13 0.0527 394 113 665 358 0 0.0526 318 790 570 1023 2 0.0524 338 414 714 597 3 0.0523 371 0 628 246 11 0.0523 318 792 568 1022 12 0.0521 343 410 718 598 6 0.0521 579 271 821 509 2 0.0521 576 273 821 511 10 0.0521 319 793 569 1020 6 0.0520 326 201 583 431 0 0.0519 574 273 814 514 10 0.0518 503 462 750 698 7 0.0517 326 0 680 152 7 0.0516 518 205 769 447 8 0.0515 246 525 492 774 5 0.0514 507 202 762 443 13 0.0511 327 64 579 295 9 0.0510 334 411 715 593 13 0.0510 260 11 502 254 3 0.0510 322 790 570 1023
edvBZ8vSfP0sU2DAowPBcK7sXREhbWVH,11 0.0569 304 400 576 632 5 0.0553 262 339 509 580 6 0.0552 273 483 607 663 7 0.0547 431 807 697 1021 11 0.0543 366 804 627 1007 0 0.0540 427 810 692 1022 13 0.0534 365 454 636 698 0 0.0529 374 728 638 952 5 0.0526 313 274 576 509 7 0.0522 326 277 578 507 5 0.0520 418 802 682 1016 8 0.0517 425 809 678 1018 10 0.0511 309 347 570 575 7 0.0509 311 392 577 633 6 0.0509 269 344 512 583 13 0.0509 302 527 590 771 8 0.0504 317 282 567 509 8 0.0502 273 482 597 666 12 0.0501 270 482 607 665 10 0.0500 264 487 604 661
pe1TzuENzksjJRGLvwlZkLh9NSQxWI0c,8 0.0623 503 468 761 688 7 0.0607 439 387 710 637 11 0.0602 273 348 643 520 8 0.0601 438 387 699 633 11 0.0601 437 391 702 630 5 0.0594 203 276 563 471 0 0.0585 436 389 703 635 5 0.0580 271 342 631 523 11 0.0577 496 469 766 685 8 0.0569 318 268 563 510 5 0.0568 432 381 701 633 7 0.0565 503 468 772 689 0 0.0562 316 268 573 510 6 0.0560 440 385 711 633 5 0.0558 317 5 567 234 8 0.0557 499 325 756 565 11 0.0552 447 260 706 511 8 0.0546 326 13 570 235 13 0.0546 442 388 712 630 7 0.0545 314 330 576 570 8 0.0543 393 198 636 453 5 0.0538 563 465 831 694 0 0.0536 447 257 702 514 3 0.0534 307 332 573 573 6 0.0534 282 346 641 522 8 0.0530 176 396 446 637 7 0.0530 501 325 768 564 10 0.0529 435 391 709 635 3 0.0526 441 391 705 638 11 0.0524 365 748 625 981 11 0.0522 572 342 836 566 13 0.0520 313 329 580 572 3 0.0520 269 278 629 470 8 0.0513 303 745 545 981 6 0.0513 503 467 772 686 7 0.0511 215 278 570 470 6 0.0510 397 201 650 449 7 0.0510 400 201 653 453 5 0.0509 444 251 700 511 8 0.0508 572 531 822 768 10 0.0507 274 282 630 467 5 0.0505 167 396 448 632 0 0.0503 501 471 768 689 8 0.0502 318 148 553 370
kk5IgarHR2tbSkseAtRJ731yr0yd0loh,11 0.0588 314 739 560 957 7 0.0577 318 734 567 958 10 0.0573 316 740 557 957 0 0.0569 128 0 493 152 5 0.0564 308 730 556 954 0 0.0556 116 350 378 576 13 0.0554 249 380 505 626 11 0.0549 241 384 502 618 0 0.0546 315 739 562 965 7 0.0541 248 377 505 626 0 0.0539 6 371 269 599 8 0.0534 247 382 490 622 11 0.0533 120 0 494 151 3 0.0531 324 735 560 961 0 0.0526 248 342 500 573 13 0.0521 323 739 569 961 13 0.0518 322 3 583 199 5 0.0518 238 378 494 619 3 0.0516 135 0 496 154 8 0.0514 129 0 487 151 13 0.0514 132 1 505 154 5 0.0513 1 364 258 591 8 0.0510 322 2 568 199 5 0.0509 0 800 234 1018 10 0.0508 0 808 235 1022 11 0.0505 0 806 241 1019 10 0.0503 128 3 496 149 6 0.0503 320 4 581 199 8 0.0502 321 734 552 958 13 0.0501 127 352 386 572
kAC9r69niKbLWURsftBt0th8w3h6OlIi,0 0.0643 191 275 460 510 0 0.0627 250 198 495 434 5 0.0625 508 6 762 247 11 0.0615 242 135 506 362 11 0.0613 250 254 505 495 8 0.0610 587 278 827 524 11 0.0605 246 2 495 228 8 0.0600 584 151 841 383 5 0.0594 247 195 493 431 5 0.0591 316 262 572 495 5 0.0588 246 0 491 231 8 0.0580 126 265 385 500 8 0.0579 517 11 759 246 11 0.0575 514 12 769 248 5 0.0570 577 82 844 314 0 0.0570 248 56 491 303 3 0.0570 523 9 772 255 5 0.0569 508 202 767 435 11 0.0569 516 209 771 436 8 0.0568 449 325 688 578 3 0.0566 648 20 889 266 0 0.0565 128 204 391 444 8 0.0565 254 256 497 501 6 0.0561 248 133 504 366 7 0.0560 255 191 499 431 13 0.0559 251 2 499 235 8 0.0556 195 140 442 381 13 0.0556 323 266 586 501 0 0.0553 386 339 634 591 13 0.0548 200 272 466 509 10 0.0547 247 201 493 431 13 0.0547 454 273 715 508 7 0.0546 326 264 576 504 0 0.0545 642 23 885 261 0 0.0544 516 277 765 518 8 0.0544 515 203 761 443 5 0.0544 250 329 508 570 2 0.0544 452 278 702 513 0 0.0543 320 264 578 500 8 0.0543 254 1 491 230 5 0.0542 188 268 451 502 13 0.0542 247 135 510 368 13 0.0539 384 340 643 587 6 0.0539 253 1 499 229 6 0.0538 523 11 773 246 5 0.0538 379 338 631 585 8 0.0537 645 19 876 260 11 0.0537 628 287 892 525 11 0.0536 588 152 856 377 8 0.0536 570 405 812 654 3 0.0535 590 280 835 531 11 0.0534 380 343 636 587 0 0.0533 583 339 828 591 10 0.0533 190 74 441 316 6 0.0532 323 267 577 501 8 0.0532 325 198 556 431 5 0.0532 447 265 702 506 3 0.0532 253 258 504 503 7 0.0532 518 205 772 442 6 0.0529 199 272 465 509 13 0.0525 645 23 893 263 11 0.0524 642 24 885 262 11 0.0524 516 335 762 579 7 0.0523 198 267 462 506 7 0.0523 262 329 511 575 10 0.0522 248 5 494 229 11 0.0522 456 273 705 506 11 0.0520 568 406 820 650 3 0.0519 450 332 700 588 7 0.0519 519 332 765 577 2 0.0518 516 212 768 442 7 0.0518 575 401 824 653 10 0.0517 193 277 453 504 5 0.0517 628 281 885 526 6 0.0517 135 199 398 439 7 0.0515 647 24 888 264 13 0.0514 516 13 775 249 2 0.0514 513 339 763 584 5 0.0514 631 168 899 400 7 0.0513 457 272 705 513 8 0.0512 200 328 453 576 11 0.0511 119 269 391 496 11 0.0511 299 656 582 883 5 0.0510 129 198 384 442 2 0.0509 586 285 836 523
U01hWWRg1oJBkCNqAErfxkp30m4pDX4W,8 0.0568 319 656 557 891 11 0.0568 371 797 630 1015 11 0.0567 391 461 639 711 0 0.0564 391 462 642 714 5 0.0561 380 0 651 234 10 0.0561 189 528 446 767 7 0.0560 374 792 635 1023 13 0.0549 397 6 661 237 6 0.0545 391 462 646 711 8 0.0544 187 518 437 770 8 0.0543 392 460 635 711 11 0.0542 376 661 632 886 11 0.0540 382 315 636 559 8 0.0540 309 516 561 770 11 0.0537 303 518 567 764 5 0.0534 175 456 437 700 0 0.0533 309 393 572 640 11 0.0528 188 522 445 760 0 0.0527 306 517 573 770 8 0.0526 308 395 563 636 11 0.0525 309 397 570 634 5 0.0525 306 387 568 633 3 0.0525 312 395 571 644 11 0.0521 321 7 584 245 5 0.0520 386 458 636 707 3 0.0519 195 521 446 774 7 0.0515 399 391 642 637 8 0.0514 183 398 430 643 11 0.0512 180 409 442 634 0 0.0509 369 796 632 1021 0 0.0506 252 25 510 260 6 0.0505 313 393 577 635 0 0.0504 179 463 445 705 0 0.0504 318 655 570 894 13 0.0503 315 518 577 771 10 0.0502 304 520 568 772 3 0.0500 395 462 638 721
aJlthgBgpKf6pDfDbYh7X6iiw6N4OLbf,5 0.0571 236 450 508 701 13 0.0558 245 454 520 705 3 0.0551 246 457 509 708 7 0.0550 242 453 514 705 10 0.0543 237 459 507 700 11 0.0536 325 336 579 580 8 0.0534 242 455 501 703 7 0.0530 258 331 510 574 11 0.0530 236 457 510 702 5 0.0530 249 327 504 570 13 0.0523 332 338 586 585 6 0.0518 196 476 575 657 0 0.0510 243 458 512 706 3 0.0509 331 339 579 585
ged2ilGIwmfFauSt36oSpbFVnllKgruc,0 0.0638 438 351 693 587 3 0.0632 443 352 695 591 5 0.0622 570 398 815 641 11 0.0617 426 418 700 652 6 0.0607 439 351 695 587 3 0.0596 268 418 628 602 8 0.0595 441 351 690 587 13 0.0595 368 421 637 654 8 0.0594 367 417 625 650 8 0.0588 576 401 813 642 5 0.0582 432 350 688 586 0 0.0578 261 415 630 601 6 0.0578 579 398 823 641 7 0.0575 438 350 697 586 5 0.0572 254 414 620 596 11 0.0572 303 413 570 638 8 0.0570 302 483 560 717 13 0.0568 507 399 764 647 2 0.0566 265 420 629 600 8 0.0561 762 454 1005 705 8 0.0559 232 550 485 788 3 0.0559 579 403 820 647 6 0.0558 369 417 634 650 10 0.0557 436 354 695 584 11 0.0554 574 403 820 640 7 0.0552 312 409 567 641 5 0.0547 289 480 567 717 13 0.0542 300 487 573 722 11 0.0542 226 555 495 789 2 0.0542 576 402 821 640 10 0.0538 308 415 570 638 2 0.0535 438 354 694 589 5 0.0533 755 455 1006 703 5 0.0532 224 548 489 786 12 0.0530 309 407 567 643 0 0.0526 298 481 567 723 13 0.0523 233 549 498 791 3 0.0523 237 552 495 797 0 0.0522 236 547 491 793 12 0.0520 440 353 693 587 11 0.0519 644 469 886 705 1 0.0514 432 347 693 587 6 0.0513 304 483 571 717 6 0.0511 235 551 496 785 7 0.0510 239 550 496 797 0 0.0509 757 462 1006 709 3 0.0508 301 486 570 725 4 0.0506 438 356 697 586 9 0.0505 434 353 692 583 5 0.0504 638 464 880 702
egHkU5iMM1OWPk3mHIbD9mJGljnWSuPQ,11 0.0615 243 387 492 627 7 0.0607 318 794 564 1021 8 0.0596 300 333 549 570 8 0.0594 251 796 481 1022 11 0.0593 314 794 559 1022 11 0.0586 243 275 507 509 5 0.0585 314 792 557 1018 7 0.0579 246 457 496 702 7 0.0577 303 335 561 572 3 0.0568 305 340 560 576 5 0.0567 244 270 506 510 0 0.0560 248 389 494 625 6 0.0558 320 799 564 1023 0 0.0555 377 394 628 624 0 0.0545 252 797 491 1023 0 0.0543 249 277 507 509 7 0.0540 377 389 632 623 13 0.0538 322 797 568 1023 10 0.0536 318 798 560 1023 13 0.0526 374 334 635 561 6 0.0521 246 391 500 626 11 0.0512 374 389 625 623 6 0.0511 250 279 514 510 8 0.0511 312 461 555 696 0 0.0510 315 460 566 698 13 0.0507 248 341 503 574 3 0.0506 319 796 563 1023 11 0.0504 307 461 566 697 2 0.0503 301 344 562 575 10 0.0501 245 393 491 625 5 0.0501 244 382 491 624
Qsvcpd4s3GE9CgY3cPH8HTW0BqP53sgh,11 0.0541 303 286 573 505 7 0.0538 389 463 630 707 11 0.0532 385 466 629 707 11 0.0522 310 153 580 377 13 0.0515 653 0 1023 154 11 0.0511 303 407 569 646 0 0.0507 301 406 576 648 0 0.0507 639 548 884 804 7 0.0503 308 284 580 503 0 0.0503 387 462 626 709
at2l1lbpyecc1k8zIbsarOmmNSkn6OOB,5 0.0657 144 798 500 977 8 0.0635 155 745 496 914 7 0.0610 249 715 510 952 11 0.0610 243 716 508 947 8 0.0608 313 668 557 896 0 0.0601 248 715 510 955 11 0.0596 181 406 436 641 10 0.0593 149 747 506 914 7 0.0566 188 405 439 647 3 0.0564 158 744 507 917 6 0.0563 183 408 441 642 5 0.0562 237 655 497 885 13 0.0557 155 745 515 916 1 0.0543 149 742 506 916 8 0.0542 183 408 430 646 3 0.0535 314 666 563 906 6 0.0531 247 717 509 952 3 0.0528 187 405 434 655 5 0.0523 184 402 433 644 2 0.0515 152 748 505 915 9 0.0510 145 747 508 913 11 0.0503 197 269 463 500
VsdYjq6pAADGPYfVvfOWgUrpdMhTqX8h,5 0.0592 243 318 500 568 11 0.0588 239 254 502 492 8 0.0584 247 253 490 495 0 0.0550 247 320 502 569 8 0.0550 568 291 821 524 8 0.0526 251 397 495 637 11 0.0521 244 397 509 637 13 0.0519 326 797 571 1023 6 0.0519 250 323 506 568 11 0.0517 566 296 838 514 0 0.0514 570 292 832 521 3 0.0507 248 321 501 576 6 0.0506 577 295 834 524 0 0.0505 236 190 499 423 13 0.0504 756 0 1019 211 8 0.0504 387 258 630 488 5 0.0504 564 286 825 516
DEgpGNCk2DQiPSU3MVupVZGI5ts267Jg,3 0.0551 485 0 746 205 0 0.0546 485 2 747 201 7 0.0545 482 0 753 199 11 0.0538 481 1 751 200 11 0.0535 309 526 564 766 11 0.0530 339 602 719 789 13 0.0529 419 543 791 726 8 0.0521 423 542 774 724 11 0.0521 416 544 781 723 0 0.0512 340 603 723 794 8 0.0506 355 482 694 661
h4wqqDwjLuoRvV3yW8Kw55mXxaLZPI4s,11 0.0627 626 337 877 576 8 0.0595 573 343 803 589 5 0.0568 231 373 493 625 11 0.0559 323 264 584 495 5 0.0558 621 334 871 575 11 0.0552 557 468 813 691 13 0.0539 622 415 879 644 10 0.0538 631 346 876 572 6 0.0537 121 330 375 564 2 0.0537 581 349 814 588 6 0.0536 582 346 815 589 5 0.0536 187 204 434 448 8 0.0534 114 332 363 569 7 0.0533 238 375 494 628 11 0.0532 303 386 562 638 6 0.0531 241 375 500 625 13 0.0530 190 271 449 518 8 0.0522 558 463 801 695 7 0.0520 441 461 700 704 11 0.0516 166 382 436 622 5 0.0514 318 315 569 564 11 0.0513 443 397 685 643 8 0.0512 445 393 676 643 5 0.0511 385 15 637 247 5 0.0509 555 461 809 690 0 0.0509 321 322 573 568 8 0.0509 237 380 485 629 7 0.0508 581 344 812 589 13 0.0507 239 379 500 632 0 0.0506 185 324 438 570 13 0.0501 122 338 377 573 3 0.0501 583 345 809 597 11 0.0501 514 145 777 362
94dVY5Brt1Jx1JP32awggtQx9zfFSuyE,7 0.0599 505 392 760 645 0 0.0596 503 392 756 643 0 0.0587 558 470 824 700 5 0.0565 498 384 752 642 13 0.0556 563 466 831 696 11 0.0553 556 472 824 695 7 0.0550 562 468 829 698 8 0.0549 504 391 749 639 5 0.0547 553 463 819 694 6 0.0544 502 393 757 644 9 0.0543 499 395 753 633 11 0.0543 315 279 575 504 7 0.0542 342 476 719 676 11 0.0540 333 480 710 672 8 0.0540 411 539 766 727 11 0.0535 500 397 753 640 8 0.0527 560 466 818 698 9 0.0527 552 469 821 691 11 0.0527 431 336 695 566 5 0.0527 254 402 618 592 11 0.0527 306 667 565 887 7 0.0526 417 540 787 728 0 0.0520 431 271 684 506 10 0.0519 559 476 822 698 6 0.0518 411 539 782 727 8 0.0517 337 355 675 534 7 0.0514 439 271 693 505 8 0.0514 337 477 697 670 3 0.0513 563 464 820 701 0 0.0511 312 273 573 510 11 0.0511 294 803 553 1012 13 0.0511 502 394 763 642 13 0.0510 269 409 635 596 2 0.0509 562 474 823 699 5 0.0504 427 263 682 504 0 0.0504 333 414 689 606 3 0.0503 505 391 755 646 8 0.0500 437 218 685 451
soeHSUHzOPi9jruLHbkeGNJJJFhV6pG2,5 0.0623 495 786 738 1020 7 0.0622 500 789 748 1023 0 0.0619 498 787 744 1023 11 0.0611 498 791 740 1022 0 0.0606 374 780 627 1022 5 0.0605 374 780 623 1013 11 0.0586 376 787 627 1017 13 0.0584 505 793 748 1023 8 0.0581 377 784 622 1017 7 0.0580 376 784 631 1019 8 0.0580 497 788 736 1022 11 0.0570 170 393 429 617 11 0.0562 308 729 574 957 5 0.0557 249 774 500 1003 3 0.0555 500 790 744 1023 8 0.0554 312 723 568 960 0 0.0552 577 467 832 701 0 0.0543 367 661 638 901 3 0.0542 382 785 628 1020 11 0.0536 242 334 508 558 5 0.0530 170 384 420 616 10 0.0530 376 787 627 1016 5 0.0527 177 713 439 949 13 0.0525 384 789 632 1023 2 0.0523 498 796 742 1023 0 0.0521 176 393 424 621 7 0.0521 371 662 643 902 5 0.0521 574 404 825 641 6 0.0518 575 533 829 770 8 0.0517 515 397 758 635 10 0.0517 496 792 741 1023 11 0.0515 235 462 486 690 6 0.0515 381 786 629 1017 5 0.0515 362 659 633 896 0 0.0513 511 404 764 637 6 0.0512 500 792 743 1023 2 0.0510 377 787 628 1019 13 0.0510 247 718 518 954 6 0.0509 313 725 577 958 8 0.0506 370 661 629 899 13 0.0503 182 389 434 623 9 0.0502 494 790 741 1019
trrQacNlX7m1xPgo8eJGmMD8wimFVl11,5 0.0645 118 648 367 899 8 0.0639 120 652 364 902 0 0.0633 120 648 371 904 11 0.0628 183 657 438 897 7 0.0628 187 653 438 898 10 0.0595 119 657 369 897 6 0.0582 187 655 441 898 3 0.0578 123 652 369 904 1 0.0523 117 648 367 901 11 0.0520 114 204 394 428 13 0.0515 190 653 445 901 12 0.0505 126 648 370 905
8DRG6Ug0MrDHPkNCAlmBfNfdnWLBH3xO,11 0.0662 346 434 709 604 11 0.0645 445 788 701 1019 8 0.0644 382 773 626 1022 5 0.0614 376 780 626 1015 11 0.0612 385 326 646 563 5 0.0607 340 359 691 534 5 0.0606 310 251 568 491 6 0.0601 386 785 633 1021 0 0.0597 445 788 702 1023 3 0.0592 353 363 694 538 11 0.0583 517 535 770 769 7 0.0583 449 786 707 1023 10 0.0581 379 785 631 1016 5 0.0578 373 185 636 415 0 0.0577 386 260 654 498 0 0.0573 381 596 645 836 0 0.0572 346 434 718 608 3 0.0570 357 435 715 609 0 0.0568 517 539 771 773 8 0.0567 236 528 503 764 11 0.0565 454 268 720 501 8 0.0564 255 657 535 897 6 0.0563 390 255 656 495 13 0.0561 389 781 636 1020 11 0.0554 445 140 712 372 8 0.0553 518 535 762 775 8 0.0549 506 784 756 1023 8 0.0549 401 355 746 528 8 0.0548 451 195 707 440 0 0.0546 403 357 759 531 5 0.0546 450 266 714 505 11 0.0545 310 258 577 491 11 0.0545 247 412 506 648 3 0.0544 384 776 631 1021 0 0.0543 380 130 633 366 7 0.0541 457 268 723 507 11 0.0533 394 665 653 898 5 0.0531 499 788 757 1019 6 0.0531 456 733 709 971 10 0.0529 345 440 711 604 0 0.0528 452 663 717 903 10 0.0528 390 668 650 898 11 0.0526 237 529 511 757 8 0.0526 388 257 645 496 7 0.0525 519 647 767 899 10 0.0525 346 368 694 533 11 0.0524 300 594 581 815 3 0.0523 454 197 711 443 8 0.0521 348 437 703 605 5 0.0521 249 177 502 423 13 0.0520 450 139 718 376 0 0.0518 501 145 758 376 5 0.0516 512 534 766 770 8 0.0516 394 655 645 902 2 0.0516 456 273 722 507 10 0.0515 448 733 705 966 7 0.0515 385 598 651 834 6 0.0514 411 357 766 529 6 0.0514 352 435 723 606 8 0.0514 381 127 626 364 7 0.0513 389 324 653 568 13 0.0513 311 594 587 818 10 0.0513 253 670 537 890 6 0.0513 527 604 775 840 3 0.0513 531 276 776 515 13 0.0512 508 792 770 1023 7 0.0510 313 256 580 495 9 0.0510 380 325 645 557 12 0.0509 392 259 654 500 6 0.0509 385 128 637 366 0 0.0507 248 268 507 515 10 0.0506 512 654 761 900 11 0.0506 116 603 381 832 13 0.0506 524 534 775 772 8 0.0505 515 649 753 899 0 0.0505 248 409 511 658 7 0.0505 380 187 649 419 10 0.0504 376 195 642 417 13 0.0504 408 357 765 529 1 0.0500 378 778 630 1018
2sDO3a96ie0zc1KHYtLafwoNfnoJZvNd,7 0.0598 449 322 703 570 11 0.0590 398 356 761 533 0 0.0577 444 323 700 571 8 0.0577 398 354 752 537 3 0.0574 401 354 761 538 11 0.0573 569 135 817 363 5 0.0568 569 128 815 361 5 0.0567 442 321 695 566 13 0.0560 408 421 767 603 5 0.0555 574 252 819 497 0 0.0554 510 381 762 643 0 0.0552 578 254 821 503 2 0.0550 402 359 763 536 6 0.0549 401 354 764 536 0 0.0545 571 133 817 363 11 0.0542 575 259 825 497 11 0.0542 558 16 820 248 7 0.0535 514 380 770 637 8 0.0534 571 136 808 366 5 0.0532 630 0 904 204 10 0.0527 399 358 760 536 7 0.0526 639 0 910 211 1 0.0523 393 351 759 536 13 0.0520 477 475 831 664 11 0.0516 636 405 912 644 6 0.0515 639 2 908 209 6 0.0510 582 203 820 440 0 0.0507 489 796 758 1023 12 0.0502 404 354 763 536
dnjLnbyyADdEL7y1nDfpHavTDelABXeW,7 0.0696 48 676 419 854 0 0.0647 45 678 414 855 0 0.0640 248 657 509 900 11 0.0640 120 671 497 849 5 0.0634 116 668 491 848 8 0.0629 48 676 409 855 7 0.0623 250 657 509 895 11 0.0614 380 670 635 898 7 0.0613 390 726 633 968 7 0.0609 324 608 579 844 8 0.0599 318 654 574 900 6 0.0595 127 672 502 849 0 0.0585 384 666 632 905 8 0.0577 251 718 501 962 3 0.0575 53 677 414 862 11 0.0568 441 791 670 1019 5 0.0565 245 720 500 956 10 0.0564 43 679 413 855 8 0.0564 384 784 607 1022 0 0.0559 382 784 613 1023 2 0.0558 126 676 498 851 11 0.0558 425 611 704 831 6 0.0555 318 659 582 897 5 0.0552 440 784 668 1020 8 0.0551 448 670 691 903 13 0.0549 323 608 585 849 11 0.0548 313 723 572 958 3 0.0543 252 656 509 901 9 0.0542 121 670 493 849 5 0.0541 312 656 572 895 7 0.0541 438 609 704 830 10 0.0540 316 660 576 895 3 0.0537 388 667 633 906 11 0.0535 510 666 764 897 13 0.0530 128 670 509 850 11 0.0527 363 535 630 766 13 0.0526 386 788 620 1023 3 0.0524 447 789 671 1023 7 0.0523 255 781 507 1023 7 0.0522 373 533 630 762 12 0.0519 127 669 498 851 0 0.0519 366 535 627 771 1 0.0519 118 666 497 850 0 0.0514 455 732 689 972 7 0.0514 521 718 757 957 6 0.0511 250 721 509 961 0 0.0505 516 666 760 905 10 0.0504 383 730 633 965 6 0.0503 446 793 674 1023 2 0.0502 316 663 578 897
RFd57wuwtmg5Y7aYoo3fycmTVHfyNt0v,11 0.0622 169 462 433 692 5 0.0601 191 403 448 637 8 0.0577 121 418 383 660 11 0.0567 185 341 456 566 2 0.0566 501 344 768 590 5 0.0561 114 350 380 583 11 0.0557 561 336 832 581 6 0.0554 573 333 833 583 0 0.0550 564 334 831 589 11 0.0547 365 793 627 1018 0 0.0547 367 788 630 1023 8 0.0541 292 789 555 1019 6 0.0537 200 408 454 635 11 0.0530 226 787 504 1019 6 0.0529 361 721 633 962 8 0.0527 279 677 617 851 5 0.0527 360 783 623 1021 11 0.0526 51 424 334 656 3 0.0523 200 407 451 646 7 0.0521 376 604 634 840 7 0.0519 363 721 636 965 5 0.0517 491 333 764 589 7 0.0517 126 350 388 587 7 0.0510 201 404 451 638 0 0.0510 198 404 454 638 6 0.0509 296 789 565 1017 6 0.0508 191 271 448 508 5 0.0508 565 263 839 528 13 0.0506 575 337 837 585 3 0.0506 503 339 765 600 11 0.0506 335 675 707 854 8 0.0504 244 604 479 833 11 0.0504 174 200 439 432 8 0.0501 569 335 818 586
5eQfcd4KHnchngDIg3Njb16NU9iUfZf2,0 0.0584 510 524 763 769 11 0.0575 566 407 825 626 8 0.0573 302 462 553 702 11 0.0566 501 598 758 839 5 0.0552 438 394 699 628 7 0.0552 445 395 702 632 8 0.0551 238 399 488 637 8 0.0549 763 480 1015 721 5 0.0548 501 449 766 694 11 0.0543 619 470 889 703 8 0.0540 126 349 376 570 0 0.0539 301 395 559 642 0 0.0538 446 596 694 842 11 0.0536 242 269 513 496 5 0.0534 232 390 490 637 5 0.0534 497 594 755 835 13 0.0534 376 405 627 644 11 0.0533 442 401 699 628 11 0.0532 302 400 559 637 0 0.0530 439 396 699 631 0 0.0529 252 205 515 431 8 0.0528 499 397 749 631 0 0.0526 239 336 504 572 11 0.0525 381 348 635 568 8 0.0522 375 406 613 638 8 0.0521 501 597 750 841 3 0.0518 376 405 622 644 11 0.0515 435 669 695 900 11 0.0515 511 338 765 565 0 0.0514 565 606 830 854 5 0.0513 374 341 627 569 0 0.0512 377 343 632 571 3 0.0511 505 596 756 848 7 0.0510 243 335 505 573 0 0.0509 762 486 1021 719 2 0.0509 443 409 699 629 8 0.0507 224 355 566 535 0 0.0506 379 528 636 768 10 0.0506 300 403 554 639 7 0.0506 507 454 774 697 6 0.0505 501 402 764 635 13 0.0504 226 354 590 541 11 0.0503 378 530 638 763 7 0.0502 306 394 557 643
v3PlEjg0ZRUHi3wx4aKtoiz9EUlAz3yB,11 0.0587 60 4 313 201 8 0.0580 63 0 306 201 0 0.0566 62 0 317 205 5 0.0562 375 589 640 832 11 0.0559 311 456 576 693 11 0.0558 190 4 449 197 7 0.0553 387 596 646 833 5 0.0550 58 0 310 203 8 0.0547 319 652 568 896 7 0.0543 322 650 580 899 5 0.0543 0 67 243 314 5 0.0542 314 647 572 894 8 0.0534 381 595 638 832 11 0.0534 382 344 638 579 7 0.0527 440 728 701 965 13 0.0527 321 653 588 901 0 0.0526 378 598 644 838 10 0.0524 60 4 310 203 11 0.0522 379 597 643 832 11 0.0517 314 655 576 894 8 0.0514 47 80 306 322 8 0.0513 381 462 639 700 6 0.0506 65 1 318 202 11 0.0504 432 732 696 963 5 0.0503 429 721 690 962
QFjiRJT0HZDnOdqEQGuXLFmCD1qtr6AB,0 0.0596 262 597 519 849 11 0.0590 377 601 635 830 8 0.0574 192 593 440 842 5 0.0562 189 523 446 774 11 0.0554 446 542 707 758 0 0.0553 191 525 448 776 5 0.0551 259 592 513 843 5 0.0550 380 596 629 832 8 0.0550 381 601 627 835 8 0.0540 451 545 696 765 7 0.0537 195 521 451 774 6 0.0536 265 597 520 842 11 0.0535 383 353 633 581 0 0.0535 383 598 633 836 7 0.0533 463 470 830 659 11 0.0530 259 597 520 845 11 0.0529 189 529 450 771 2 0.0527 266 599 522 847 0 0.0526 463 471 820 661 11 0.0522 647 521 902 755 13 0.0522 322 596 584 837 6 0.0521 389 601 638 832 5 0.0516 449 536 698 762 0 0.0515 585 525 842 767 5 0.0513 449 469 816 657 10 0.0503 188 598 450 841 7 0.0501 443 601 710 823 8 0.0501 589 526 830 762
JqZ8oPZFgAZWZ33B0dcHN0afaqI29XqQ,8 0.0584 126 546 366 803 8 0.0582 185 465 429 719 8 0.0581 118 401 362 650 5 0.0579 120 474 372 722 0 0.0577 150 219 512 405 11 0.0576 154 223 508 402 8 0.0566 256 142 499 389 11 0.0564 120 481 380 723 5 0.0552 149 216 504 404 0 0.0552 184 466 440 716 7 0.0548 159 218 517 404 5 0.0546 112 597 358 844 13 0.0540 127 550 375 800 7 0.0540 183 467 441 717 13 0.0539 119 407 374 649 0 0.0536 120 407 371 647 13 0.0533 158 218 521 405 6 0.0533 158 220 518 407 0 0.0533 311 139 569 382 11 0.0524 309 141 570 380 7 0.0523 193 592 435 837 3 0.0523 157 222 512 408 7 0.0519 121 403 372 645 3 0.0515 120 407 368 655 3 0.0512 130 548 370 809 0 0.0512 127 549 374 800 6 0.0511 187 598 437 838
iauEO8jXPG4pq8HqYACWBv5WV3AlnJv7,11 0.0682 562 665 819 891 5 0.0639 559 663 813 894 8 0.0636 562 663 813 893 3 0.0610 565 661 818 901 0 0.0597 563 666 816 898 7 0.0596 567 663 818 895 10 0.0588 563 667 818 893 6 0.0575 565 665 819 892 13 0.0552 566 662 821 897 2 0.0537 564 670 819 895 1 0.0516 558 659 816 895 12 0.0514 565 662 821 896
9h5jYldwWY1RnEEmRBXX4Zf792ysE4eN,8 0.0613 127 718 372 959 7 0.0594 128 719 386 961 11 0.0585 128 666 384 895 11 0.0580 436 538 692 757 0 0.0564 134 663 381 900 11 0.0558 383 462 630 686 0 0.0553 436 534 691 760 8 0.0550 127 605 364 838 10 0.0548 131 670 380 897 6 0.0536 135 664 388 896 5 0.0530 127 660 378 894 10 0.0527 436 540 693 759 13 0.0527 126 604 380 838 8 0.0525 434 533 685 758 0 0.0522 383 460 629 693 13 0.0520 127 717 389 961 7 0.0519 126 605 375 838 7 0.0515 389 459 631 688 3 0.0513 126 721 382 965 7 0.0508 441 535 695 761
3RrkTbz4ZFJCiIiOdl32UL3Hzqf5csZo,7 0.0607 453 398 713 636 8 0.0601 507 399 758 640 0 0.0598 508 407 764 638 5 0.0595 446 397 705 634 5 0.0592 163 456 420 701 11 0.0585 449 402 716 630 0 0.0584 172 461 425 708 8 0.0583 153 523 405 765 11 0.0579 511 464 768 700 11 0.0575 314 394 575 631 0 0.0573 334 1 582 206 8 0.0561 385 388 635 632 11 0.0559 155 530 413 764 8 0.0559 504 519 756 774 5 0.0557 511 462 761 703 6 0.0556 513 404 771 638 3 0.0555 513 402 762 642 5 0.0552 314 388 570 635 0 0.0549 384 397 645 634 5 0.0548 385 328 645 561 6 0.0546 454 344 714 568 8 0.0544 448 340 701 566 11 0.0543 331 2 583 204 0 0.0542 504 525 766 776 6 0.0542 160 528 416 765 7 0.0539 516 461 772 705 11 0.0537 571 549 824 790 0 0.0537 450 347 709 567 5 0.0537 394 28 632 263 5 0.0528 202 346 561 529 7 0.0527 162 526 415 763 6 0.0524 581 548 830 791 2 0.0522 451 409 711 634 7 0.0520 343 0 584 206 11 0.0518 389 332 653 558 10 0.0518 154 535 414 762 8 0.0515 775 0 1021 203 13 0.0513 519 460 771 704 8 0.0512 339 1 576 205 3 0.0511 343 1 583 208 13 0.0511 455 397 719 635 13 0.0510 322 391 582 637 2 0.0510 159 535 413 766 11 0.0509 454 32 696 252 3 0.0508 170 461 419 713 13 0.0505 344 0 590 205 7 0.0503 321 389 576 642 3 0.0503 454 344 707 572 10 0.0500 339 6 586 203
Um9o8lG2sjXs1v8YMj7B9vrgMCN5mCjl,7 0.0575 255 393 514 643 5 0.0563 421 281 690 508 0 0.0557 347 422 705 602 11 0.0551 341 423 699 598 8 0.0541 348 423 692 600 8 0.0526 426 283 686 510 13 0.0525 306 408 577 648 2 0.0524 347 426 697 598 11 0.0514 251 404 504 641 5 0.0513 336 419 691 597 3 0.0511 352 423 699 605 7 0.0511 347 421 710 602 6 0.0505 437 410 693 648 7 0.0501 203 300 450 526
g6X9by58S9AMEZ9tDH9sL8vzdLE0N6eN,5 0.0675 186 786 430 1021 5 0.0650 246 712 497 961 8 0.0649 188 786 427 1022 0 0.0643 251 714 500 966 5 0.0636 123 717 373 962 8 0.0628 315 783 558 1023 0 0.0620 190 787 433 1023 11 0.0618 249 789 496 1020 7 0.0616 252 788 499 1023 7 0.0615 314 712 571 964 10 0.0607 125 727 370 963 8 0.0606 251 715 498 960 11 0.0601 310 715 567 958 7 0.0599 130 721 378 965 10 0.0597 188 791 432 1021 10 0.0596 247 720 502 958 5 0.0591 310 782 559 1018 0 0.0585 314 788 565 1023 11 0.0583 125 722 376 966 0 0.0581 382 717 623 960 8 0.0577 386 717 619 954 13 0.0577 255 790 502 1023 6 0.0574 189 792 433 1023 3 0.0571 251 714 503 967 10 0.0569 313 789 564 1021 6 0.0567 250 718 504 963 11 0.0567 384 788 626 1017 8 0.0566 128 721 370 966 2 0.0563 189 790 433 1023 7 0.0563 388 784 631 1021 3 0.0560 190 787 432 1023 5 0.0560 376 714 620 951 9 0.0548 187 789 434 1022 6 0.0546 387 721 628 956 2 0.0543 251 720 502 963 11 0.0542 165 473 428 694 13 0.0540 130 720 383 968 6 0.0537 316 792 567 1023 13 0.0531 390 789 634 1023 6 0.0528 130 723 379 967 12 0.0525 252 714 501 964 13 0.0524 313 714 574 965 1 0.0523 248 711 500 963 11 0.0519 112 409 384 617 6 0.0518 117 408 384 623 3 0.0517 315 787 566 1023 9 0.0512 246 719 502 958 10 0.0510 379 720 625 952 12 0.0510 192 786 431 1023 9 0.0505 310 789 564 1019 11 0.0504 233 393 490 610
epqLKn0I8f5fxXHdUFcpE1TyDjAJG2Jg,11 0.0636 439 598 690 832 11 0.0624 375 658 632 902 7 0.0619 382 654 636 904 7 0.0605 446 596 691 834 5 0.0599 378 590 627 834 7 0.0583 315 539 558 768 11 0.0578 502 537 749 755 6 0.0576 379 656 636 905 0 0.0573 382 593 630 839 8 0.0573 381 597 623 837 8 0.0565 506 595 744 825 11 0.0557 373 526 620 759 6 0.0553 443 598 692 832 13 0.0540 382 597 636 840 10 0.0538 381 599 631 837 11 0.0533 447 465 683 686 7 0.0531 123 605 383 834 11 0.0531 231 714 493 946 5 0.0529 311 538 551 763 3 0.0525 383 594 632 844 13 0.0524 508 595 757 827 0 0.0523 314 539 554 771 5 0.0522 229 706 485 946 0 0.0521 505 593 750 827 2 0.0520 383 600 630 838 3 0.0517 511 593 749 829 8 0.0514 117 601 369 832 7 0.0513 451 460 691 689 5 0.0513 502 589 746 823 5 0.0512 435 532 681 755 7 0.0510 311 716 569 964 9 0.0510 379 594 627 834 7 0.0508 509 532 756 759 5 0.0502 375 717 627 967 0 0.0501 439 537 685 758
0y6JnaBUE5xxt6arYQ1zN2JnVZ9at34V,11 0.0514 453 412 706 645 0 0.0508 448 405 708 653
w8w3Q7knMz9WiADkCONnQYeIADmX7ZBM,11 0.0576 373 596 626 821 8 0.0562 302 462 555 699 11 0.0556 307 660 574 897 5 0.0556 295 462 560 695 11 0.0552 299 465 565 697 11 0.0547 363 734 622 956 0 0.0545 298 464 564 703 11 0.0543 248 794 486 1019 3 0.0538 299 521 550 763 11 0.0537 245 591 492 831 10 0.0533 245 407 503 640 0 0.0532 631 1 899 209 5 0.0529 302 579 557 815 0 0.0526 244 527 498 776 8 0.0525 310 654 566 902 7 0.0524 250 315 507 562 13 0.0522 298 463 567 703 5 0.0520 245 314 504 560 10 0.0520 242 533 499 772 7 0.0520 250 589 496 829 7 0.0518 372 662 636 894 11 0.0517 523 2 775 202 8 0.0514 244 525 489 773 6 0.0514 370 662 637 894 3 0.0512 377 593 624 831 0 0.0511 246 788 485 1021 7 0.0509 365 515 628 757 3 0.0508 390 1 636 213 2 0.0508 302 471 564 698 10 0.0504 303 470 565 698 7 0.0503 182 786 436 1016 6 0.0501 262 262 508 512 8 0.0501 246 790 476 1018
UeSkoYLmqSdzmZiVo1wr1rNDKHIxhFEX,11 0.0663 207 869 567 1022 8 0.0661 209 867 566 1023 5 0.0655 203 866 564 1021 0 0.0643 210 870 571 1023 11 0.0611 310 338 580 562 2 0.0611 212 871 570 1023 7 0.0608 212 868 576 1023 6 0.0578 214 871 572 1023 13 0.0578 212 870 579 1023 0 0.0578 381 336 640 560 10 0.0574 204 871 570 1023 13 0.0573 315 339 585 567 11 0.0572 320 205 600 435 7 0.0569 383 334 642 558 9 0.0558 205 868 569 1022 3 0.0551 317 336 580 570 8 0.0548 381 337 632 558 0 0.0545 311 269 581 498 3 0.0533 214 869 572 1023 7 0.0530 319 266 582 500 5 0.0526 311 330 578 562 11 0.0523 296 471 645 654 12 0.0516 212 868 572 1023 1 0.0515 206 866 571 1023 3 0.0511 384 396 636 636 8 0.0509 317 273 570 498 5 0.0500 442 264 698 487
U6tRHVzcBVDhVZ1LQnq2qjXpoH3Iki5T,11 0.0628 304 599 571 826 7 0.0614 304 596 574 825 0 0.0608 248 517 510 757 0 0.0607 301 597 568 830 0 0.0599 254 663 508 905 11 0.0596 180 742 442 968 8 0.0596 248 515 501 750 7 0.0593 254 667 513 900 8 0.0591 307 596 560 823 8 0.0585 259 664 503 899 11 0.0577 253 670 511 897 5 0.0571 245 512 505 752 0 0.0565 186 734 441 979 8 0.0559 175 0 412 212 11 0.0557 233 464 503 696 5 0.0554 301 593 563 824 13 0.0552 190 739 452 975 7 0.0547 185 739 447 977 11 0.0546 0 799 249 1020 7 0.0543 240 458 506 696 2 0.0543 241 466 504 698 6 0.0542 242 463 513 698 5 0.0539 178 733 433 970 8 0.0536 248 393 500 628 10 0.0533 253 672 511 899 0 0.0529 246 2 507 220 8 0.0528 185 735 433 972 6 0.0520 314 521 576 750 10 0.0520 307 600 571 825 7 0.0519 308 731 565 970 5 0.0518 249 661 504 897 13 0.0517 317 517 578 749 6 0.0514 186 739 447 971 0 0.0512 0 802 246 1023 3 0.0511 242 464 503 704 7 0.0508 73 710 310 952 11 0.0506 551 730 827 958 5 0.0506 245 386 508 626 13 0.0503 260 670 517 903 3 0.0502 307 600 570 831 5 0.0501 0 796 237 1023
kUXszZmp1VJ52KdOwtcBNc0VdzAlMKqS,11 0.0566 521 277 772 502 5 0.0556 229 390 492 632 0 0.0546 241 393 496 633 0 0.0539 518 278 771 506 3 0.0527 529 274 774 512 6 0.0525 529 279 780 507 2 0.0520 521 284 777 510 11 0.0518 752 2 1015 199 5 0.0518 519 268 770 504 8 0.0513 521 273 762 508 6 0.0512 245 389 502 634 5 0.0511 253 266 502 496 13 0.0511 528 277 779 505 0 0.0509 254 273 511 501 8 0.0505 447 113 695 357 11 0.0501 444 116 703 351 8 0.0500 238 392 488 635
Auvyna4kKsfa2J9A6AuNwGNFmZzH8TG2,8 0.0656 573 205 827 445 5 0.0643 562 132 830 381 8 0.0637 511 142 758 383 0 0.0630 505 75 762 319 8 0.0628 573 72 824 328 7 0.0627 512 137 768 385 8 0.0612 649 133 893 387 11 0.0610 505 141 763 382 7 0.0602 572 203 839 448 10 0.0600 565 140 835 384 8 0.0599 441 73 683 317 0 0.0598 566 140 835 384 11 0.0596 569 204 834 443 8 0.0595 511 6 752 251 13 0.0591 571 144 838 383 5 0.0587 501 67 761 317 11 0.0585 505 6 759 250 2 0.0585 569 143 832 386 0 0.0584 634 66 899 323 5 0.0581 629 61 895 319 11 0.0581 434 71 690 315 3 0.0579 515 140 763 388 7 0.0578 513 3 766 252 11 0.0578 633 64 899 319 7 0.0575 442 66 694 319 3 0.0568 651 133 905 395 0 0.0568 628 714 868 966 8 0.0566 641 262 892 511 8 0.0566 626 1 875 204 5 0.0563 576 257 829 509 13 0.0559 637 66 905 318 6 0.0558 440 68 689 317 11 0.0558 625 715 866 962 6 0.0558 511 142 764 383 10 0.0554 434 73 689 319 3 0.0553 579 205 834 451 2 0.0549 506 80 761 323 6 0.0548 634 721 871 965 9 0.0545 435 66 693 312 3 0.0545 512 8 760 257 3 0.0545 446 67 689 320 7 0.0544 628 713 872 966 13 0.0544 440 67 696 316 13 0.0543 513 6 769 250 0 0.0540 565 1 826 199 10 0.0539 566 16 825 261 2 0.0535 569 15 825 266 3 0.0535 579 72 832 337 9 0.0535 510 142 763 377 0 0.0529 582 266 832 517 10 0.0528 634 68 900 319 2 0.0527 638 71 895 323 0 0.0526 637 203 902 439 5 0.0526 620 709 868 961 13 0.0526 588 271 839 517 7 0.0525 642 128 909 394 6 0.0525 576 205 837 446 13 0.0523 642 201 907 438 5 0.0516 435 2 690 250 9 0.0515 571 71 831 326 6 0.0514 636 3 889 204 2 0.0513 584 268 833 512 6 0.0512 574 69 837 330 10 0.0512 580 269 837 515 0 0.0512 440 8 693 252 8 0.0509 626 714 863 966 12 0.0505 440 67 692 321 7 0.0504 632 0 891 208 0 0.0503 628 345 888 589
eVm9vXiqNy0P29nLV0WNc64FqgFdMYlY,11 0.0564 514 394 768 629 11 0.0563 585 206 835 439 8 0.0556 586 149 828 386 8 0.0554 123 816 365 1023 8 0.0543 517 386 763 633 5 0.0531 511 388 762 627 8 0.0522 591 258 826 495 11 0.0521 620 531 896 762 11 0.0516 382 400 654 637 11 0.0515 564 91 824 335
uiYY3zuqPTwDNYRpW06BU0lxEMJVT0Wr,11 0.0594 182 789 430 1012 7 0.0553 183 785 436 1016 11 0.0549 174 657 435 890 11 0.0548 244 730 502 956 5 0.0547 180 782 424 1008 0 0.0544 185 12 445 248 8 0.0533 189 459 415 707 13 0.0527 184 66 468 314 5 0.0523 180 9 442 250 11 0.0520 184 15 446 253 8 0.0514 190 13 439 255 3 0.0513 190 16 447 261 0 0.0512 183 786 432 1017 7 0.0509 192 12 448 252 8 0.0506 182 786 423 1017 11 0.0505 185 462 426 707 10 0.0503 184 402 430 634 13 0.0500 188 788 441 1016 0 0.0500 193 394 430 638
AMGBvpfxnDa3Fbibkxrg9vVIBIRuhi6X,11 0.0652 316 1 577 199 11 0.0610 321 74 584 313 11 0.0594 506 528 758 755 3 0.0593 385 11 643 253 7 0.0591 391 277 647 503 11 0.0589 384 279 646 499 5 0.0584 381 272 644 494 8 0.0576 381 13 636 248 3 0.0576 401 210 653 434 5 0.0572 370 7 637 245 8 0.0568 392 278 640 499 11 0.0566 166 735 423 957 13 0.0566 325 0 584 199 11 0.0562 368 807 618 1022 0 0.0562 316 2 578 200 7 0.0561 514 527 763 761 11 0.0560 252 328 504 554 11 0.0556 361 678 619 903 7 0.0551 363 592 625 835 6 0.0547 325 0 584 201 8 0.0545 298 598 554 842 13 0.0543 177 733 432 956 7 0.0541 321 2 581 202 0 0.0540 570 804 827 1023 3 0.0538 517 525 758 764 0 0.0537 362 590 621 836 7 0.0537 576 798 829 1023 10 0.0535 321 4 578 200 0 0.0533 255 269 507 502 0 0.0532 510 526 757 758 8 0.0532 564 331 825 580 8 0.0531 514 526 752 760 7 0.0531 176 734 432 960 6 0.0529 391 279 652 495 7 0.0527 257 318 508 557 5 0.0523 249 260 500 494 11 0.0523 569 804 825 1021 0 0.0523 171 728 425 962 7 0.0521 372 802 632 1023 11 0.0520 306 745 563 961 5 0.0520 362 796 623 1022 6 0.0520 259 323 512 554 5 0.0520 506 525 755 755 8 0.0517 325 77 577 313 13 0.0515 515 529 763 759 5 0.0515 358 580 620 828 5 0.0513 167 728 423 954 8 0.0512 171 730 420 958 0 0.0511 387 278 647 497 8 0.0510 367 803 615 1023 3 0.0510 259 325 507 563 11 0.0508 559 341 832 576 2 0.0507 378 17 640 249 5 0.0505 514 56 767 293 13 0.0504 300 598 565 841 1 0.0504 371 5 642 245
WSZeV8ptW4X8zbVxWVANGWzSwGFBmhMq,0 0.0581 371 192 623 430 8 0.0580 241 400 492 640 6 0.0565 245 403 504 642 5 0.0560 252 600 516 840 11 0.0548 239 402 499 638 5 0.0545 236 397 495 635 13 0.0542 379 195 630 430 7 0.0538 242 400 502 642 5 0.0536 365 191 618 425 13 0.0534 246 403 502 642 8 0.0532 448 200 684 429 3 0.0531 244 403 496 647 11 0.0527 312 205 563 433 8 0.0520 253 603 510 844 11 0.0518 444 201 697 426 7 0.0518 248 544 503 786 10 0.0513 242 405 499 638 0 0.0513 242 398 498 645 11 0.0511 255 605 520 840 8 0.0510 317 201 549 438 3 0.0510 309 539 566 784 7 0.0505 451 196 695 432 13 0.0504 257 606 531 845 3 0.0503 452 197 692 435 6 0.0500 308 541 577 777
lyr4YhxVRIrwGoq4n52ZziKhLq2cVELF,8 0.0613 638 0 881 203 5 0.0610 630 0 881 206 0 0.0575 181 274 448 516 11 0.0564 251 403 517 630 11 0.0561 387 393 662 616 5 0.0560 759 0 1014 200 3 0.0558 633 1 894 209 6 0.0550 635 0 893 204 11 0.0546 764 2 1020 197 11 0.0544 635 2 892 202 0 0.0543 631 1 890 207 0 0.0541 252 400 517 634 8 0.0538 388 389 650 617 8 0.0534 401 521 641 761 8 0.0533 258 399 507 632 10 0.0532 762 3 1015 199 7 0.0526 458 388 711 618 13 0.0523 635 0 896 207 6 0.0522 764 3 1023 196 11 0.0520 397 526 655 763 11 0.0520 326 583 587 828 0 0.0517 316 322 589 548 3 0.0517 259 399 514 639 11 0.0516 637 351 886 578 11 0.0515 178 277 453 508 10 0.0514 631 2 887 206 7 0.0511 258 399 517 636 5 0.0510 247 396 509 630 0 0.0509 636 279 879 510 13 0.0508 259 402 521 635 0 0.0508 686 198 929 438 2 0.0507 388 400 658 620 0 0.0507 385 391 658 617 8 0.0506 766 0 1011 198 8 0.0504 263 271 504 494 13 0.0504 389 388 669 619 7 0.0503 385 448 649 692 3 0.0502 393 387 658 624 0 0.0502 765 0 1017 201 11 0.0500 312 325 592 549
bvSg1fAv0BnAvy51o7rdqjDgWjUBZA3p,5 0.0624 371 265 633 504 8 0.0607 316 272 570 509 6 0.0603 392 201 632 435 11 0.0603 385 204 630 435 5 0.0595 321 190 572 438 11 0.0592 445 13 692 256 6 0.0591 372 603 641 838 6 0.0585 319 269 582 507 3 0.0581 451 18 689 261 11 0.0580 315 273 579 507 7 0.0577 377 275 637 507 10 0.0577 374 278 637 509 11 0.0576 367 605 636 837 0 0.0568 324 193 574 447 13 0.0565 454 14 702 253 7 0.0563 452 16 695 259 3 0.0561 392 203 630 445 0 0.0557 356 660 633 900 11 0.0556 313 540 575 773 5 0.0555 446 9 691 251 8 0.0552 385 203 624 437 13 0.0552 379 274 640 506 5 0.0549 367 593 633 836 8 0.0548 448 16 688 256 0 0.0545 362 336 637 570 8 0.0545 357 661 622 897 7 0.0541 439 603 706 846 7 0.0541 330 198 575 443 7 0.0541 362 660 635 904 11 0.0535 293 668 569 894 10 0.0533 369 603 641 836 3 0.0532 320 272 576 516 11 0.0528 441 528 706 756 2 0.0528 373 278 636 505 8 0.0528 435 607 692 843 10 0.0527 451 20 694 256 6 0.0525 450 523 710 758 0 0.0525 436 606 707 847 12 0.0521 390 198 635 436 13 0.0519 440 603 709 844 3 0.0518 362 663 633 901 5 0.0516 293 654 564 896 13 0.0515 315 604 585 837 2 0.0514 452 19 693 250 6 0.0511 454 20 697 249 6 0.0507 306 663 569 899 10 0.0506 322 203 575 446 13 0.0501 313 335 576 570
nRk9EzcFACZaCTaiWkTVyF8MyZsBw0Go,13 0.0582 318 75 589 326 6 0.0579 382 73 645 312 0 0.0573 382 73 636 317 3 0.0570 386 131 640 382 7 0.0567 581 456 851 700 11 0.0566 315 78 582 321 6 0.0565 319 140 580 388 11 0.0554 579 456 844 703 11 0.0554 524 161 901 342 0 0.0551 314 139 568 392 11 0.0548 370 595 649 815 5 0.0547 627 340 879 584 11 0.0547 633 346 883 584 5 0.0543 309 69 575 323 0 0.0543 438 139 699 392 0 0.0536 522 160 892 346 7 0.0533 382 69 639 316 0 0.0533 557 274 810 515 0 0.0533 635 345 882 590 8 0.0531 380 130 635 379 3 0.0530 533 159 893 349 3 0.0529 459 78 711 326 11 0.0529 306 527 586 749 8 0.0529 311 204 557 439 6 0.0526 585 454 852 699 11 0.0525 455 78 712 319 13 0.0525 456 77 716 322 7 0.0524 639 343 886 586 5 0.0524 520 156 893 341 3 0.0523 584 456 841 709 0 0.0523 580 455 846 703 0 0.0522 257 78 510 322 0 0.0522 355 658 646 889 6 0.0520 261 74 523 314 11 0.0519 434 513 700 747 5 0.0518 185 211 455 461 2 0.0517 446 145 699 390 11 0.0515 248 144 514 382 5 0.0514 571 448 840 700 13 0.0513 381 593 654 820 5 0.0509 245 134 509 386 6 0.0509 640 345 888 582 10 0.0508 378 74 636 313 6 0.0507 196 218 465 461 7 0.0506 358 655 648 881 13 0.0505 535 160 905 348 8 0.0504 455 76 699 322 8 0.0502 358 658 637 884 13 0.0502 584 458 852 699 8 0.0501 637 341 877 582 5 0.0500 446 71 707 320
jt2o3zWqTdCqhmubPAHY2VDcGu1sdL52,11 0.0558 257 0 644 141 0 0.0546 0 94 256 319 6 0.0544 271 0 659 141 7 0.0532 349 0 711 153 7 0.0531 269 803 517 1023 3 0.0531 353 1 712 156 5 0.0523 339 0 702 151 0 0.0522 259 0 646 143 8 0.0519 269 0 635 142 5 0.0518 437 70 701 299 6 0.0512 3 93 259 316 0 0.0512 506 813 755 1023 5 0.0511 0 91 250 314 13 0.0510 277 1 658 144 11 0.0507 505 813 755 1022 7 0.0504 442 815 705 1023 11 0.0500 0 99 251 315
Vlzf8C53JoIDT6L7HU31BhtUxBlQvXJa,11 0.0615 5 727 249 952 11 0.0610 0 481 242 711 0 0.0608 67 780 314 1017 8 0.0601 8 716 242 955 11 0.0595 386 405 639 643 0 0.0594 386 407 638 647 0 0.0593 5 722 247 955 11 0.0575 318 794 567 1020 5 0.0574 383 399 636 642 11 0.0567 65 779 313 1008 7 0.0561 392 338 656 583 3 0.0557 392 406 639 653 11 0.0556 431 798 688 1017 7 0.0555 437 796 696 1022 11 0.0553 577 14 831 242 5 0.0549 4 717 243 952 5 0.0548 424 793 687 1019 7 0.0547 323 791 572 1023 6 0.0547 387 409 642 647 0 0.0546 0 476 235 718 8 0.0542 515 11 760 253 6 0.0542 312 479 571 706 10 0.0541 385 409 639 644 7 0.0535 584 13 833 244 8 0.0535 391 405 634 645 5 0.0535 449 535 699 767 6 0.0534 4 674 242 901 3 0.0533 4 670 236 912 3 0.0531 72 771 307 1017 11 0.0529 446 540 699 767 2 0.0529 314 425 573 664 8 0.0529 310 476 555 711 7 0.0528 5 670 244 906 5 0.0524 623 0 862 212 11 0.0524 309 343 588 575 0 0.0522 582 13 827 244 13 0.0522 0 478 246 716 2 0.0522 10 724 249 952 11 0.0520 304 475 562 704 8 0.0520 432 798 683 1021 7 0.0519 69 773 317 1011 2 0.0519 69 778 314 1012 10 0.0518 0 485 240 715 5 0.0515 308 330 584 576 1 0.0514 0 670 240 907 8 0.0513 0 475 233 716 13 0.0512 325 791 570 1023 0 0.0510 452 541 700 771 8 0.0510 74 772 304 1015 8 0.0510 322 789 561 1022 6 0.0508 72 777 316 1007 8 0.0507 452 538 690 767 13 0.0506 391 410 645 648 6 0.0506 581 14 831 244 7 0.0501 312 416 574 667
37wSZWCeRwgCWXEOPgdWULnwR9aAVkGf,11 0.0641 304 203 569 432 0 0.0594 260 206 507 436 8 0.0576 316 201 559 436 7 0.0539 383 0 644 212 5 0.0533 566 131 832 370 5 0.0523 253 196 505 429 6 0.0522 263 207 511 435 13 0.0513 316 200 577 437 8 0.0508 261 264 497 506 7 0.0506 313 200 572 430
wWyiJEVPO6tidZECYBCdE1cUCjZ2QKIQ,14 1.0 0 0 1 1
0YOZ74xIji1RqTBfWPLCziH0twnQqCnA,5 0.0648 184 382 436 637 0 0.0642 189 269 444 519 3 0.0639 262 332 505 593 6 0.0626 185 329 438 580 11 0.0623 258 270 502 515 8 0.0622 326 341 564 592 0 0.0621 259 329 505 588 6 0.0618 261 267 502 518 3 0.0612 564 347 817 590 11 0.0612 192 139 453 375 11 0.0611 320 344 570 589 3 0.0610 188 390 437 643 0 0.0608 272 142 519 380 5 0.0606 183 268 439 516 11 0.0604 558 351 817 577 8 0.0598 275 144 507 374 7 0.0594 261 332 506 587 6 0.0593 195 207 448 444 0 0.0589 379 335 636 574 8 0.0588 259 394 503 652 5 0.0587 560 276 821 516 5 0.0583 256 199 513 444 13 0.0582 257 392 513 654 8 0.0577 184 326 430 579 8 0.0577 260 268 493 519 11 0.0573 178 332 437 578 3 0.0573 383 334 635 578 7 0.0573 195 268 445 515 5 0.0573 104 785 365 1006 6 0.0572 257 393 510 649 8 0.0568 563 278 818 514 3 0.0565 333 403 580 665 13 0.0563 262 267 505 522 7 0.0563 270 200 516 446 6 0.0562 637 402 892 647 0 0.0560 628 406 887 645 0 0.0556 501 267 767 506 13 0.0556 184 329 442 583 6 0.0555 275 148 523 378 3 0.0555 191 276 445 523 6 0.0554 565 345 816 580 11 0.0552 317 464 582 701 0 0.0552 331 398 580 657 11 0.0552 628 409 890 647 6 0.0548 379 330 640 572 6 0.0547 120 393 376 637 8 0.0545 116 389 365 635 7 0.0544 380 332 640 574 7 0.0543 562 347 817 586 8 0.0542 329 84 560 287 0 0.0540 563 349 813 581 5 0.0538 322 134 568 356 3 0.0537 270 203 518 453 10 0.0537 259 341 503 587 5 0.0535 371 331 634 569 8 0.0534 632 403 880 645 12 0.0533 184 326 438 581 2 0.0532 192 277 440 517 0 0.0532 112 348 372 586 10 0.0532 186 393 435 635 13 0.0532 195 207 452 447 11 0.0528 112 395 375 635 9 0.0528 256 334 503 581 5 0.0528 187 136 446 378 7 0.0526 173 795 425 1018 5 0.0523 320 397 579 653 8 0.0523 117 786 364 1005 11 0.0522 497 266 770 503 8 0.0522 193 206 434 444 3 0.0522 636 405 890 657 0 0.0521 624 280 896 519 8 0.0520 377 458 624 690 3 0.0519 505 266 767 511 10 0.0519 187 281 437 518 12 0.0517 263 265 500 520 13 0.0516 271 148 529 379 10 0.0515 270 157 521 375 5 0.0513 626 460 899 710 7 0.0513 205 133 454 378 7 0.0512 501 263 771 505 8 0.0511 390 13 622 235 11 0.0506 173 797 421 1014 10 0.0506 378 338 636 570 2 0.0506 115 392 368 635 7 0.0505 626 404 890 650 9 0.0505 375 337 633 564 13 0.0503 567 349 815 580 2 0.0503 378 342 635 575 7 0.0503 114 348 381 584 2 0.0501 561 352 812 581
xFSiwPURmzdBswekJeWet3HGTy8X36aP,8 0.0645 318 199 561 423 5 0.0640 310 248 561 481 11 0.0614 375 274 628 501 8 0.0612 379 131 627 361 11 0.0610 433 409 702 640 5 0.0608 416 0 689 237 0 0.0597 315 193 569 427 8 0.0593 426 2 681 233 7 0.0589 427 3 695 236 11 0.0586 314 200 573 423 8 0.0583 381 270 619 500 5 0.0582 305 129 569 367 0 0.0582 361 0 627 229 0 0.0580 377 128 635 367 0 0.0576 376 264 624 503 7 0.0576 442 336 689 571 3 0.0572 381 267 623 503 6 0.0571 380 269 627 501 5 0.0569 306 0 564 238 5 0.0568 259 415 634 600 3 0.0565 271 422 634 609 3 0.0564 364 0 626 236 3 0.0562 442 407 703 648 5 0.0561 237 322 487 552 11 0.0560 264 423 637 602 6 0.0559 317 197 571 425 7 0.0558 383 269 626 502 13 0.0558 380 129 640 364 3 0.0556 430 71 692 306 13 0.0552 307 66 573 291 0 0.0552 436 336 688 570 8 0.0550 440 336 683 568 0 0.0548 308 60 562 292 7 0.0548 276 418 637 605 10 0.0547 378 272 624 502 7 0.0547 380 133 637 367 6 0.0546 353 469 700 664 7 0.0546 354 470 701 664 13 0.0542 316 254 569 487 6 0.0542 378 131 635 364 5 0.0539 432 328 683 568 3 0.0538 318 197 567 430 8 0.0537 357 475 688 661 8 0.0537 315 6 558 235 6 0.0535 577 517 826 765 11 0.0534 374 136 638 365 13 0.0530 370 0 634 228 8 0.0527 241 261 486 490 0 0.0527 572 517 825 768 13 0.0525 439 333 694 571 7 0.0524 313 6 571 237 10 0.0523 315 201 569 426 6 0.0522 439 336 690 571 13 0.0521 275 422 646 607 8 0.0520 572 514 813 766 11 0.0519 311 10 572 237 9 0.0519 379 268 624 496 10 0.0515 377 136 635 363 0 0.0513 558 0 814 213 0 0.0512 242 259 498 491 7 0.0511 321 195 570 428 8 0.0511 562 0 806 208 8 0.0510 399 602 759 780 5 0.0509 343 463 699 661 8 0.0508 499 81 751 310 6 0.0505 432 72 694 299 8 0.0502 272 424 626 603
h8qaOFGODnTSPKkASWv5sWX708oLGPfp,6 0.0589 190 535 431 770 11 0.0583 176 605 414 830 11 0.0548 254 677 499 895 7 0.0547 246 809 499 1015 0 0.0546 185 534 425 774 11 0.0540 256 527 504 759 6 0.0538 314 194 563 437 5 0.0535 304 193 560 431 0 0.0532 310 196 568 438 8 0.0531 180 608 408 837 7 0.0529 438 466 703 703 8 0.0522 314 196 556 434 6 0.0522 501 529 753 761 11 0.0518 237 813 496 1013 5 0.0518 302 663 569 900 11 0.0518 379 664 635 895 2 0.0517 260 685 504 902 0 0.0517 495 530 754 763 0 0.0514 255 594 502 828 3 0.0513 185 609 408 842 8 0.0509 254 676 493 900 7 0.0509 308 741 570 974 10 0.0508 183 541 424 772 11 0.0505 496 598 760 818 6 0.0504 260 597 504 825
4uaewhFiTm1XtrW3dOfFOpTBQxHEe8wP,5 0.0600 247 656 507 880 11 0.0591 246 662 517 880 8 0.0575 254 661 509 883 7 0.0559 253 662 517 885 0 0.0557 252 660 514 886 3 0.0546 253 664 514 888 13 0.0525 254 660 522 888 0 0.0524 240 1 496 200 8 0.0516 389 467 619 700 6 0.0512 244 0 501 198 6 0.0512 252 661 517 884 11 0.0511 235 2 499 197 11 0.0510 383 468 631 699 0 0.0509 347 721 627 952 7 0.0507 245 0 498 197 10 0.0507 250 664 515 883
9nu0f6GE09DkIogjm0LR8aJjxSfyvaXD,0 0.0605 299 659 561 895 11 0.0583 297 663 556 889 7 0.0577 306 659 561 895 8 0.0575 304 661 553 892 0 0.0553 285 154 554 396 5 0.0542 298 655 551 890 6 0.0535 302 661 562 890 11 0.0533 279 160 555 396 13 0.0528 307 663 563 894 10 0.0515 302 665 556 892 10 0.0512 287 164 559 396 3 0.0511 307 663 559 896 8 0.0510 285 155 549 398 5 0.0503 276 149 550 393
RN5PvYe3rQShToM6N2d7Y0nUnXlCcZOr,11 0.0589 429 523 700 757 11 0.0587 393 478 765 656 5 0.0586 690 353 1020 543 8 0.0574 433 519 695 755 5 0.0573 311 466 578 718 7 0.0557 337 606 705 797 6 0.0541 434 520 703 757 13 0.0540 400 474 774 656 13 0.0537 320 1 595 190 8 0.0536 312 533 575 779 5 0.0536 307 0 584 185 11 0.0531 304 534 578 776 10 0.0530 396 480 765 655 0 0.0527 361 591 634 836 6 0.0526 636 328 887 562 0 0.0526 330 544 707 734 6 0.0520 361 589 640 834 11 0.0518 693 360 1023 542 10 0.0516 433 524 702 755 0 0.0516 395 476 760 657 6 0.0514 400 476 768 656 7 0.0513 404 474 774 657 13 0.0513 437 517 705 757 13 0.0511 447 2 711 196 0 0.0510 317 1 589 187 8 0.0510 369 659 629 901 2 0.0508 340 484 718 667 6 0.0505 320 474 584 719 11 0.0505 626 329 880 562 6 0.0504 710 359 1023 543 7 0.0501 321 0 592 191
MxUVJ7gjiTqElbHnIlVKWNhENMqFJeJx,11 0.0598 421 793 692 1015 11 0.0588 304 786 567 1018 11 0.0586 302 583 548 806 8 0.0585 4 0 345 143 8 0.0576 565 333 818 586 11 0.0575 178 351 442 588 7 0.0570 506 347 765 581 0 0.0567 506 350 759 585 5 0.0563 312 0 573 197 5 0.0559 421 782 689 1019 11 0.0558 456 347 715 577 8 0.0556 449 338 708 582 11 0.0554 425 592 683 814 7 0.0552 306 583 552 810 8 0.0551 430 591 673 813 3 0.0551 308 587 544 816 5 0.0545 574 401 827 642 11 0.0545 565 341 826 580 0 0.0544 240 335 505 569 5 0.0543 179 347 433 588 7 0.0542 427 788 696 1020 6 0.0541 584 403 838 647 0 0.0539 79 0 433 148 5 0.0537 365 114 622 345 5 0.0537 81 0 427 146 11 0.0536 0 3 360 145 11 0.0535 371 722 639 952 7 0.0534 581 404 837 646 5 0.0534 309 265 579 500 0 0.0532 378 264 650 492 7 0.0532 308 778 572 1021 6 0.0531 458 349 723 580 10 0.0530 577 408 833 642 5 0.0528 564 274 818 517 5 0.0528 446 339 708 575 0 0.0528 427 590 683 817 8 0.0527 180 348 432 591 11 0.0527 237 267 507 502 5 0.0526 304 776 562 1018 7 0.0523 250 331 507 571 11 0.0522 311 0 583 197 10 0.0522 366 793 628 1016 6 0.0521 371 791 629 1016 3 0.0521 572 338 820 591 6 0.0519 87 0 438 144 0 0.0519 580 405 833 649 13 0.0518 184 351 447 594 13 0.0515 582 404 842 644 6 0.0515 247 334 507 568 0 0.0515 318 0 577 200 13 0.0515 372 790 641 1020 11 0.0515 373 187 653 409 2 0.0514 457 353 716 578 6 0.0514 441 657 698 887 8 0.0513 376 661 619 883 3 0.0512 183 351 440 594 3 0.0512 431 789 693 1023 6 0.0511 321 0 585 200 7 0.0507 5 1 360 144 3 0.0507 322 1 579 206 0 0.0507 303 584 548 812 8 0.0505 423 792 683 1018 8 0.0505 301 585 539 811 8 0.0505 303 784 560 1020 3 0.0503 85 1 432 152 3 0.0502 383 657 629 892 10 0.0502 181 356 438 590 11 0.0500 383 63 639 292
ys1FITItkFHzgsSCvesIEoQurNabpeXF,11 0.0585 375 275 632 507 0 0.0573 374 275 633 511 8 0.0572 379 339 626 583 3 0.0544 380 276 630 515 7 0.0524 383 336 639 584 13 0.0523 380 275 637 512 5 0.0521 371 272 627 511
GcI4IDuYvl7x1Klbsn1HhGgPTaC1COAR,5 0.0636 493 262 746 495 8 0.0609 450 214 677 448 11 0.0606 309 400 562 635 11 0.0603 345 537 711 717 0 0.0594 504 271 745 499 5 0.0592 572 206 812 436 0 0.0591 575 208 813 442 8 0.0586 575 209 803 436 6 0.0582 506 270 753 497 5 0.0581 240 391 495 633 8 0.0571 312 401 550 639 8 0.0559 177 406 416 653 2 0.0547 503 277 747 497 11 0.0547 568 414 830 642 0 0.0543 314 395 561 638 3 0.0542 354 533 712 722 3 0.0538 504 268 746 504 11 0.0538 240 455 498 708 7 0.0537 454 218 684 452 7 0.0537 339 475 697 665 5 0.0531 116 201 381 439 8 0.0528 346 536 704 717 8 0.0526 242 455 490 710 10 0.0526 577 218 815 439 6 0.0526 191 808 442 1022 7 0.0525 12 580 260 807 11 0.0524 448 275 696 504 0 0.0524 344 535 713 720 6 0.0523 583 215 817 433 11 0.0523 566 151 815 375 6 0.0523 317 400 565 637 5 0.0520 332 473 686 657 10 0.0519 500 276 750 495 13 0.0518 251 405 507 641 11 0.0518 181 806 439 1022 0 0.0516 504 157 742 383 11 0.0516 635 278 893 512 5 0.0515 497 152 739 378 11 0.0515 249 142 513 367 7 0.0515 131 207 393 445 7 0.0514 183 404 427 649 5 0.0513 566 406 824 643 8 0.0513 502 154 738 380 6 0.0511 644 275 895 515 11 0.0510 121 212 390 444 5 0.0509 627 336 884 569 13 0.0508 341 478 703 660 6 0.0506 186 410 435 653 0 0.0505 257 134 513 368 7 0.0505 196 141 454 366 0 0.0500 127 207 388 449
9GTqVUHam1p9tFxeVhfv8ClQRWvC6uv6,5 0.0616 136 0 504 148 5 0.0581 429 798 697 1023 11 0.0578 0 3 362 148 7 0.0574 443 802 708 1023 0 0.0570 3 0 361 153 6 0.0567 5 0 363 150 11 0.0567 374 476 647 698 11 0.0553 312 411 571 635 8 0.0551 1 0 347 150 7 0.0547 4 0 359 151 7 0.0544 319 408 570 637 6 0.0544 442 808 706 1023 5 0.0542 310 407 566 633 13 0.0541 8 0 372 152 8 0.0539 2 34 228 268 3 0.0527 0 1 361 151 11 0.0521 315 530 576 760 0 0.0520 250 335 495 567 11 0.0519 249 468 506 694 7 0.0519 380 472 648 701 10 0.0518 139 2 517 146 0 0.0510 316 411 571 636 5 0.0510 374 658 641 896 3 0.0503 318 412 567 643 2 0.0502 1 1 361 150 0 0.0501 377 476 649 701 6 0.0501 317 471 576 703
XRC5FQnriHRWaTNA9gSQW5lPjUrYTTW9,6 0.0625 636 392 888 640 5 0.0624 570 324 822 584 7 0.0610 538 470 879 666 8 0.0603 576 330 816 579 8 0.0600 632 466 882 711 7 0.0592 511 381 764 633 11 0.0590 627 470 893 712 5 0.0585 522 469 875 664 0 0.0576 630 462 890 713 11 0.0567 648 423 1023 606 3 0.0566 538 470 878 667 13 0.0565 630 465 896 713 3 0.0561 580 332 823 590 11 0.0560 627 334 888 571 0 0.0551 577 328 824 582 6 0.0549 513 381 767 629 11 0.0543 466 475 814 665 8 0.0540 752 594 1014 833 8 0.0535 464 474 801 664 0 0.0535 318 7 568 240 11 0.0532 105 0 373 202 8 0.0530 116 0 365 205 13 0.0529 576 330 832 582 5 0.0528 110 0 373 206 2 0.0527 576 336 825 583 13 0.0526 475 473 822 663 13 0.0521 328 6 577 233 0 0.0520 699 403 955 644 13 0.0517 453 7 714 248 6 0.0516 697 484 956 716 10 0.0515 627 470 892 709 2 0.0514 536 474 879 665 11 0.0511 385 69 637 309 13 0.0508 395 67 645 310 5 0.0507 378 58 629 307 11 0.0506 387 196 643 444 0 0.0506 383 68 636 316 0 0.0506 462 472 817 664 3 0.0506 397 197 636 455 10 0.0504 383 140 644 383 11 0.0504 448 138 695 372 5 0.0504 683 483 952 714 5 0.0504 381 186 638 441 8 0.0502 388 136 633 381 6 0.0502 391 63 639 315
mIJFeNpj0yctlHypNPoWrywe1ue1rBxb,11 0.0565 163 469 430 694 5 0.0546 161 459 427 691 7 0.0543 169 463 432 694 5 0.0533 87 397 370 633 6 0.0522 168 470 439 693 0 0.0520 100 401 378 637 11 0.0518 95 402 379 634 13 0.0517 112 404 391 638 3 0.0504 164 467 427 699 0 0.0501 168 466 431 696 11 0.0501 220 542 593 716
axUYQairGKyNlubWhxnCXpKbWwHYdUlM,8 0.0556 128 390 383 625 11 0.0532 127 454 389 688 5 0.0522 114 340 380 559 11 0.0522 164 673 429 897 0 0.0519 174 665 427 903
simDctQC4u0Z4Hm8wYQqTJvaXOehSwEG,8 0.0578 356 662 613 904 0 0.0576 438 596 689 845 0 0.0568 297 717 556 964 8 0.0566 442 596 683 842 11 0.0552 351 725 619 954 11 0.0545 433 600 693 839 13 0.0541 442 597 699 844 8 0.0541 244 724 504 967 7 0.0538 450 528 698 778 11 0.0538 241 668 503 900 5 0.0528 175 715 443 958 6 0.0524 183 718 449 964 6 0.0524 447 530 695 777 13 0.0513 363 660 629 909 10 0.0510 440 599 692 843 7 0.0506 363 663 624 909 7 0.0506 250 662 508 905
JgtgYX1bge2PlO88FaKKRExAQtKTeId7,11 0.0605 377 715 635 958 11 0.0600 349 549 705 729 5 0.0592 389 470 641 709 8 0.0587 393 476 636 710 0 0.0579 380 661 640 905 0 0.0556 343 551 704 734 8 0.0555 383 657 631 901 6 0.0553 398 477 647 712 6 0.0548 4 2 246 214 5 0.0547 514 472 775 703 13 0.0547 396 478 649 707 5 0.0544 110 0 374 196 11 0.0542 521 476 776 700 11 0.0539 113 0 380 199 5 0.0533 377 654 633 902 7 0.0532 397 472 648 710 0 0.0531 518 480 778 707 2 0.0531 352 554 708 732 8 0.0530 326 535 565 765 7 0.0525 117 0 380 200 8 0.0525 521 473 769 704 3 0.0521 113 1 377 206 3 0.0521 400 478 643 718 8 0.0520 120 0 369 198 5 0.0517 374 775 624 1013 7 0.0517 380 780 637 1018 11 0.0514 0 2 241 215 13 0.0514 326 536 578 769 8 0.0513 377 779 621 1015 10 0.0513 395 481 647 714 6 0.0512 330 536 577 767 7 0.0510 327 531 576 766 3 0.0508 0 32 239 284 6 0.0503 524 474 783 705 3 0.0503 385 658 641 911 0 0.0501 118 0 375 205 0 0.0500 376 781 632 1019
3EBH853uK9EmaT2bjzZoTammYUBeWwhU,0 0.0671 2 774 239 1010 11 0.0632 6 774 240 1008 5 0.0631 1 773 237 1011 8 0.0619 8 773 234 1008 7 0.0611 6 772 241 1012 11 0.0595 9 663 244 903 6 0.0589 5 774 244 1012 11 0.0589 370 328 640 576 3 0.0588 5 770 235 1015 2 0.0579 6 780 241 1010 7 0.0566 9 659 244 909 0 0.0565 7 661 239 910 8 0.0559 12 658 233 908 8 0.0558 459 195 692 426 3 0.0548 374 328 640 581 3 0.0545 13 656 238 911 8 0.0539 375 329 631 571 1 0.0538 1 768 236 1011 5 0.0530 5 655 238 905 12 0.0529 6 775 238 1011 9 0.0518 2 774 238 1008 11 0.0515 458 202 701 427 10 0.0509 7 773 241 1010 0 0.0507 372 324 639 579 8 0.0506 518 282 747 507 0 0.0506 517 286 756 509 13 0.0504 374 332 648 579 5 0.0504 367 321 637 571 6 0.0502 375 329 643 575 3 0.0502 463 199 698 433
Cxz7sFVLh1LYp7GJsE80OmN3oRzJB74B,5 0.0606 310 790 560 1014 8 0.0603 317 789 559 1016 7 0.0591 317 789 566 1015 11 0.0591 312 793 564 1012 10 0.0554 313 798 566 1014 0 0.0537 314 791 566 1020 13 0.0528 318 795 571 1018 11 0.0528 758 330 1012 570 6 0.0515 316 795 568 1017
sLZSfgkan2gkg8hSgieiGqGYSM6HjqLr,11 0.0580 388 337 646 576 8 0.0576 377 0 620 199 5 0.0573 237 401 504 643 3 0.0568 318 213 575 447 6 0.0561 249 406 507 644 8 0.0560 250 0 489 203 10 0.0560 377 5 631 199 11 0.0558 298 404 568 639 0 0.0557 304 455 568 704 0 0.0554 443 195 693 433 11 0.0554 380 22 638 263 7 0.0553 246 404 508 644 13 0.0551 308 457 575 709 11 0.0550 330 478 719 660 3 0.0549 379 0 630 202 0 0.0547 311 0 566 205 6 0.0546 379 1 634 196 5 0.0546 311 207 569 441 8 0.0543 389 332 637 580 13 0.0540 313 0 571 207 0 0.0539 444 394 709 637 11 0.0538 440 266 695 500 11 0.0538 319 145 586 368 8 0.0534 330 81 574 304 0 0.0533 390 270 641 505 6 0.0532 390 389 646 627 0 0.0532 319 145 586 375 0 0.0531 320 345 580 578 8 0.0531 305 401 559 644 10 0.0531 329 86 582 306 3 0.0528 393 269 642 510 7 0.0527 332 78 586 305 5 0.0526 398 350 759 535 13 0.0524 391 392 647 635 3 0.0524 329 80 585 311 13 0.0522 324 208 582 443 8 0.0520 386 201 633 442 2 0.0518 313 3 565 202 6 0.0517 393 204 645 441 0 0.0516 518 334 764 575 5 0.0513 316 341 575 577 5 0.0511 322 75 577 304 7 0.0510 323 212 583 439 7 0.0509 389 387 647 631 13 0.0505 331 79 591 307 2 0.0503 331 84 581 305 8 0.0502 336 478 714 664 5 0.0502 328 474 716 658 5 0.0502 433 0 694 196 10 0.0501 300 465 571 701 11 0.0500 320 278 587 506
mfDBhpphclDdqsUT0QvZcc42rvceiYbn,0 0.0648 629 817 877 1023 11 0.0600 630 818 877 1019 8 0.0592 632 818 870 1023 7 0.0584 633 815 878 1023 5 0.0573 628 814 873 1021 6 0.0559 633 821 879 1023 5 0.0527 754 4 1022 257 0 0.0526 759 20 1022 264 13 0.0520 631 821 883 1023 1 0.0519 625 814 873 1022 7 0.0514 125 401 390 638 7 0.0514 762 13 1023 261 11 0.0508 754 19 1023 257 11 0.0508 502 778 754 1001 2 0.0506 633 819 880 1021 3 0.0504 764 23 1023 266 3 0.0501 633 821 876 1023
ZOW5BCKgtMNRdYw4lL66lpR5mvjhY9cv,11 0.0609 120 351 403 583 11 0.0591 302 662 569 905 0 0.0543 304 658 570 913 8 0.0527 367 669 623 910 8 0.0523 118 350 390 591 5 0.0513 504 296 768 511 7 0.0508 310 658 573 908 6 0.0506 119 353 409 588
jdJrtKueaCa7zDRFcxLTrgaxc3dJK1gp,0 0.0547 523 337 784 562 7 0.0531 193 342 431 572 8 0.0525 759 0 1006 202 0 0.0524 588 410 845 643 5 0.0524 185 337 422 571 8 0.0519 523 334 772 560 11 0.0516 519 336 784 558 11 0.0515 188 344 430 571 8 0.0510 190 340 420 577 7 0.0505 524 331 789 559 11 0.0504 582 410 845 633 11 0.0504 377 605 638 826 5 0.0504 367 665 624 893 6 0.0502 528 336 787 563 0 0.0501 759 0 1016 204
Yu6XM8puQ0kLPpRrE3XBG0nUdlm0fY5C,11 0.0572 415 646 682 886 8 0.0564 422 645 678 887 0 0.0544 360 717 624 975 0 0.0542 420 647 685 891 6 0.0540 423 648 689 887 11 0.0534 250 606 505 842 8 0.0516 305 602 551 838 8 0.0512 361 718 612 969 6 0.0510 307 601 560 839 5 0.0504 413 639 683 887 7 0.0500 427 644 690 889
h4XJj8GGoaz5TSGlX3zNPJD36ejtmsym,11 0.0547 370 540 638 775 11 0.0543 302 735 560 964 7 0.0538 307 732 567 962 8 0.0532 294 461 555 692 11 0.0529 286 466 560 695 5 0.0527 547 278 798 521 11 0.0522 547 289 800 515 7 0.0522 376 536 643 778 0 0.0515 369 534 639 777 8 0.0513 373 538 631 775 0 0.0512 306 730 566 967 0 0.0508 552 288 800 522 3 0.0506 554 292 799 528 8 0.0504 229 606 487 843 8 0.0504 243 730 492 966 8 0.0502 548 286 793 521 11 0.0501 291 614 557 856
dMsSYKoatWlHaYRyECsJVuWmKfztFpzW,8 0.0625 446 206 692 441 5 0.0616 499 136 754 374 8 0.0607 502 141 747 370 11 0.0601 444 204 699 436 5 0.0588 567 192 831 431 5 0.0582 442 200 697 442 8 0.0581 512 264 750 514 7 0.0569 384 203 641 443 3 0.0568 386 209 636 451 0 0.0567 511 267 757 514 5 0.0566 376 136 629 378 11 0.0563 499 144 755 370 7 0.0560 864 239 1023 622 7 0.0557 505 204 757 437 10 0.0556 448 209 700 444 11 0.0554 860 242 1023 620 8 0.0553 576 198 828 434 11 0.0552 566 195 837 431 5 0.0552 857 226 1021 613 13 0.0548 516 269 759 510 8 0.0544 379 147 622 375 0 0.0544 379 203 640 443 11 0.0543 395 413 638 656 5 0.0542 497 9 757 252 11 0.0540 507 268 759 510 3 0.0533 505 205 753 443 8 0.0530 864 237 1020 624 13 0.0530 865 242 1023 626 3 0.0529 864 246 1023 633 6 0.0527 388 143 636 376 3 0.0523 571 145 833 384 10 0.0522 382 149 635 379 0 0.0522 501 141 755 374 10 0.0521 502 146 754 372 11 0.0520 558 77 826 301 6 0.0516 507 205 759 432 13 0.0516 383 146 636 379 10 0.0515 862 247 1023 621 11 0.0514 379 145 634 375 5 0.0514 623 333 884 557 6 0.0510 386 1 643 194 5 0.0508 508 260 754 509 6 0.0507 581 276 827 507 7 0.0506 571 141 838 378 13 0.0506 446 208 702 441 2 0.0506 505 210 754 433 8 0.0505 503 17 749 249 0 0.0504 572 197 832 434 11 0.0504 372 2 638 194 6 0.0502 866 236 1023 617 13 0.0502 506 142 759 372 0 0.0501 860 245 1023 625
odtRsCshXwvPVq9Vgp7ZlQHD1sRZqn9K,5 0.0633 505 0 857 167 8 0.0631 512 0 851 166 11 0.0620 299 672 571 900 7 0.0587 308 668 573 905 0 0.0584 685 23 942 249 5 0.0583 684 18 932 245 8 0.0579 308 666 564 904 0 0.0576 301 666 570 909 11 0.0575 685 22 942 240 5 0.0575 300 668 566 903 8 0.0575 688 17 931 245 3 0.0552 687 19 942 252 0 0.0550 508 0 863 165 2 0.0547 508 3 865 167 13 0.0546 515 0 871 168 13 0.0545 307 669 580 907 3 0.0543 307 668 572 911 6 0.0539 517 0 870 164 11 0.0533 512 0 864 164 10 0.0528 303 671 571 905 13 0.0527 690 19 946 246 6 0.0514 306 669 573 904 0 0.0510 484 729 764 966 7 0.0510 518 0 865 167 11 0.0509 481 730 765 958 3 0.0505 511 1 864 170
Z2bxa9Doi8lCJXxMEyvuZvk9mStE1Yu3,11 0.0626 315 395 574 634 8 0.0614 253 386 497 630 5 0.0600 432 589 688 825 11 0.0598 430 20 703 243 5 0.0597 313 390 573 636 13 0.0597 305 662 566 892 0 0.0594 246 594 502 842 11 0.0590 243 527 497 770 11 0.0585 438 144 698 370 11 0.0580 435 597 692 824 7 0.0579 517 783 774 1015 10 0.0576 252 390 502 629 8 0.0574 561 663 821 895 3 0.0571 355 36 708 219 11 0.0569 169 600 440 837 8 0.0569 369 666 613 889 8 0.0568 241 660 493 898 5 0.0566 170 594 439 840 8 0.0564 382 15 632 258 0 0.0563 316 393 576 637 6 0.0562 256 385 506 631 3 0.0560 324 329 573 576 5 0.0556 252 545 641 721 5 0.0556 431 12 699 243 7 0.0555 442 660 689 892 0 0.0554 432 19 705 247 13 0.0552 320 396 582 640 3 0.0551 320 528 572 783 13 0.0550 352 35 717 215 7 0.0549 181 522 444 773 13 0.0549 178 668 449 907 3 0.0548 444 594 693 833 11 0.0548 504 72 764 305 5 0.0548 374 76 632 321 7 0.0547 312 582 561 834 10 0.0546 242 529 493 774 7 0.0545 384 12 644 258 11 0.0544 314 20 582 256 6 0.0542 440 661 688 888 10 0.0542 439 21 705 248 7 0.0542 326 328 577 571 8 0.0541 323 330 565 568 8 0.0540 442 79 692 317 8 0.0539 312 86 563 317 8 0.0537 372 531 621 774 13 0.0536 510 68 768 308 6 0.0536 248 600 506 837 0 0.0534 368 586 625 827 5 0.0533 506 776 764 1013 6 0.0533 447 145 699 373 11 0.0532 565 797 828 1023 3 0.0532 513 68 765 312 8 0.0532 439 595 686 826 13 0.0531 373 590 637 832 0 0.0530 559 666 834 897 11 0.0528 561 669 831 895 8 0.0528 244 524 486 773 0 0.0527 438 148 697 371 0 0.0527 180 523 444 775 5 0.0525 504 63 763 304 13 0.0525 446 145 703 371 11 0.0524 236 668 500 894 3 0.0524 182 526 441 776 3 0.0524 256 387 505 636 11 0.0523 367 670 622 888 10 0.0522 321 333 573 570 7 0.0522 259 384 508 631 6 0.0522 319 525 574 776 13 0.0521 268 550 652 725 5 0.0519 430 710 695 955 0 0.0519 264 723 519 956 10 0.0518 307 589 556 830 8 0.0518 515 787 759 1014 8 0.0518 376 152 619 375 10 0.0517 443 147 696 372 6 0.0516 509 68 770 303 0 0.0516 318 16 578 259 6 0.0516 325 328 577 572 8 0.0516 252 19 501 260 7 0.0516 567 661 835 899 7 0.0515 508 67 770 308 6 0.0515 382 14 642 257 13 0.0515 443 662 697 892
QkSTMsMIjiVunFzXNrgl5oRusj9HhhEf,8 0.0600 158 871 507 1023 0 0.0589 144 873 513 1023 11 0.0588 565 394 815 642 10 0.0577 143 874 510 1023 5 0.0570 141 868 511 1018 11 0.0563 147 873 517 1021 11 0.0547 383 448 644 691 7 0.0544 153 871 523 1020 0 0.0539 567 398 816 643 11 0.0534 308 1 573 199 8 0.0530 357 285 690 476 13 0.0528 153 872 526 1023 5 0.0526 559 392 813 641 0 0.0526 0 746 265 985 7 0.0525 389 447 647 694 6 0.0524 568 397 819 644 8 0.0524 565 391 808 643 11 0.0524 0 479 248 701 11 0.0522 353 287 700 472 13 0.0519 571 399 822 645 5 0.0517 0 473 241 702 8 0.0516 4 474 233 710 6 0.0513 157 874 519 1023 0 0.0510 382 515 640 773 3 0.0510 157 873 512 1023 13 0.0509 365 286 714 474 5 0.0504 347 286 696 471 7 0.0504 568 394 821 645 11 0.0501 720 397 950 625
YGFIaoujnIfitA2w82NpywqXuO1pqOk2,11 0.0588 439 583 693 827 7 0.0580 445 521 707 774 2 0.0579 444 589 693 828 8 0.0574 443 521 697 771 5 0.0570 436 517 701 771 8 0.0564 376 637 631 889 6 0.0560 444 524 710 773 13 0.0559 446 580 701 830 5 0.0556 368 633 634 883 0 0.0556 368 572 643 825 11 0.0555 439 462 698 700 3 0.0540 448 521 702 780 13 0.0539 373 511 652 758 7 0.0537 380 643 643 892 6 0.0536 374 451 648 700 10 0.0528 441 529 704 771 5 0.0521 366 446 640 697 0 0.0518 374 454 645 701 8 0.0508 373 451 636 698 7 0.0506 376 450 647 704
tM6tYqqu6FLhvm7jjF4597VZSnYMiWqv,11 0.0642 448 334 689 581 5 0.0616 509 394 756 646 11 0.0608 510 399 760 644 3 0.0604 456 330 689 587 11 0.0601 381 464 631 707 8 0.0600 255 397 497 649 8 0.0597 511 399 755 646 8 0.0596 563 284 809 511 5 0.0595 244 333 501 580 8 0.0593 312 274 566 518 11 0.0590 304 221 570 459 0 0.0589 514 398 762 648 8 0.0586 382 464 625 707 7 0.0586 320 334 581 585 5 0.0583 497 267 747 506 3 0.0582 318 272 573 525 0 0.0582 364 215 622 451 11 0.0580 315 339 575 586 3 0.0579 519 398 761 651 8 0.0578 201 544 555 727 3 0.0577 385 462 633 712 5 0.0575 361 212 621 449 7 0.0574 454 330 691 583 7 0.0574 516 397 762 649 7 0.0572 504 272 754 507 8 0.0572 450 326 683 581 7 0.0570 386 462 635 709 0 0.0570 382 461 632 709 0 0.0570 318 337 575 584 5 0.0569 449 326 685 580 13 0.0566 319 273 581 523 8 0.0565 188 331 427 580 10 0.0564 316 343 577 581 0 0.0563 452 331 690 583 11 0.0563 252 401 506 649 11 0.0563 498 274 752 506 10 0.0562 380 465 632 707 10 0.0561 251 407 507 645 0 0.0561 188 333 436 577 3 0.0560 505 274 750 512 0 0.0560 242 215 502 459 9 0.0559 377 461 633 703 6 0.0558 370 218 626 449 10 0.0554 308 223 571 462 6 0.0552 504 272 752 502 3 0.0549 253 401 507 655 7 0.0549 372 216 626 452 6 0.0548 570 346 829 583 13 0.0548 512 401 763 646 6 0.0548 452 329 691 581 10 0.0547 514 403 760 645 5 0.0546 237 218 503 457 6 0.0546 514 401 762 647 8 0.0546 507 207 748 446 6 0.0544 386 462 633 708 7 0.0543 246 214 510 460 5 0.0542 378 457 628 709 11 0.0542 297 585 562 829 13 0.0542 245 216 515 464 10 0.0541 452 334 688 578 5 0.0538 201 541 561 726 0 0.0537 501 274 750 509 8 0.0537 298 588 554 832 13 0.0537 305 153 579 392 0 0.0536 254 396 507 649 13 0.0536 249 337 508 584 8 0.0535 302 156 561 391 7 0.0534 256 397 509 649 9 0.0534 512 398 760 641 7 0.0533 305 585 566 834 8 0.0532 569 158 811 381 11 0.0530 206 543 569 727 9 0.0528 448 330 687 575 13 0.0528 507 211 762 445 2 0.0527 564 349 827 585 3 0.0524 569 219 815 444 0 0.0524 301 583 562 835 11 0.0524 510 156 769 382 8 0.0524 242 219 496 459 2 0.0522 382 467 633 706
FpODlUAlwaUG6A7EF9OqVeCUtNVq040J,0 0.0635 567 274 826 514 5 0.0627 562 393 822 636 11 0.0624 566 337 823 566 0 0.0616 499 217 760 449 0 0.0612 566 398 821 639 3 0.0600 311 327 563 565 5 0.0599 303 324 560 558 5 0.0599 565 267 822 512 11 0.0594 351 291 702 467 8 0.0592 311 330 559 564 11 0.0591 309 329 567 557 0 0.0591 498 332 756 566 8 0.0589 354 287 691 466 7 0.0587 572 271 827 510 11 0.0586 441 459 705 700 8 0.0586 567 272 819 509 3 0.0585 570 272 824 516 10 0.0585 569 278 827 509 7 0.0584 569 398 826 637 10 0.0583 503 334 760 562 8 0.0580 564 395 818 635 3 0.0579 449 271 701 509 5 0.0574 364 257 622 490 11 0.0572 506 277 760 508 8 0.0570 239 272 476 501 11 0.0569 237 274 489 497 11 0.0568 379 399 636 628 5 0.0564 499 210 756 449 10 0.0561 504 221 763 449 13 0.0556 318 396 579 632 2 0.0553 571 279 825 511 8 0.0551 383 401 627 631 10 0.0549 310 334 567 558 9 0.0546 562 336 822 562 13 0.0546 507 217 765 451 2 0.0546 501 334 757 562 0 0.0545 443 405 699 635 3 0.0545 567 395 825 644 6 0.0545 511 275 764 511 6 0.0542 568 399 826 638 7 0.0542 506 215 763 449 7 0.0539 504 329 762 565 8 0.0538 500 215 755 447 13 0.0537 447 331 711 563 5 0.0537 376 393 630 629 0 0.0537 370 204 626 430 3 0.0535 384 397 635 639 13 0.0534 566 334 826 569 13 0.0532 378 207 630 431 10 0.0530 445 408 705 634 10 0.0529 368 267 628 491 5 0.0529 306 446 566 692 8 0.0529 441 330 699 563 11 0.0527 312 454 575 689 6 0.0526 358 289 700 466 7 0.0523 387 400 637 635 13 0.0522 446 455 709 704 7 0.0519 355 287 702 469 6 0.0519 317 330 568 557 2 0.0518 567 404 824 635 13 0.0518 242 274 493 497 0 0.0518 314 394 572 632 0 0.0517 381 326 634 556 2 0.0516 312 334 565 561 10 0.0516 568 403 827 636 8 0.0515 317 452 564 697 2 0.0513 504 221 758 447 8 0.0510 441 457 699 703 3 0.0508 447 456 705 711 7 0.0507 446 459 706 706 1 0.0504 559 332 819 570 1 0.0504 347 286 696 467 13 0.0504 388 21 636 256 1 0.0502 500 215 764 447 6 0.0501 448 457 709 702
6zD57uyGoReIzQ8ECkVMgDcTZha7mLbJ,8 0.0575 511 547 753 773 8 0.0574 445 601 680 843 11 0.0567 439 602 689 842 7 0.0561 250 208 515 434 6 0.0556 448 600 690 842 7 0.0554 446 602 690 843 6 0.0545 509 547 767 770 5 0.0545 304 141 568 365 6 0.0543 579 477 828 706 8 0.0543 578 476 814 710 8 0.0543 249 211 505 433 11 0.0541 243 208 512 432 13 0.0539 581 474 831 707 13 0.0538 448 602 693 845 11 0.0529 505 549 765 770 3 0.0529 452 597 689 846 5 0.0524 441 593 684 839 5 0.0521 243 202 504 429 11 0.0518 380 147 655 362 5 0.0517 629 348 874 569 13 0.0517 315 150 583 369 11 0.0511 574 478 823 706 6 0.0510 639 352 881 572 11 0.0508 240 797 499 1023 5 0.0506 505 543 758 768 13 0.0506 513 548 771 775 0 0.0505 443 597 688 843 6 0.0505 382 0 642 201 11 0.0504 372 0 641 202 3 0.0504 516 548 762 779 5 0.0503 374 0 638 200 0 0.0503 561 159 827 399 13 0.0501 255 210 520 435
4vwAVxHELqffeoYP4ecJjtlDgt9MzbGs,7 0.0552 324 209 567 430 11 0.0549 390 279 624 497 0 0.0533 319 208 560 431 0 0.0517 0 38 156 450 7 0.0506 392 278 628 503 10 0.0506 1 226 289 395 10 0.0506 391 280 627 492 11 0.0503 0 48 157 443
ZalUqQ4vuiOqrN2DKMQdwGrgpuGEmH40,8 0.0677 442 0 694 202 0 0.0677 444 0 700 201 0 0.0673 310 1 564 206 11 0.0656 316 0 565 204 7 0.0654 560 8 814 254 0 0.0650 559 9 810 256 8 0.0650 557 9 805 255 8 0.0645 581 461 831 700 5 0.0640 461 0 823 151 8 0.0634 522 596 774 838 0 0.0630 511 470 771 709 5 0.0628 379 0 630 204 11 0.0627 444 0 698 200 11 0.0625 581 596 842 833 11 0.0624 329 452 570 707 0 0.0622 497 85 762 328 3 0.0620 506 0 758 204 7 0.0620 583 595 845 837 10 0.0619 442 4 700 198 11 0.0619 556 11 812 253 7 0.0611 446 0 701 200 11 0.0610 379 395 641 638 8 0.0609 436 75 695 322 7 0.0608 580 461 838 701 6 0.0608 560 11 816 253 3 0.0607 383 2 634 209 11 0.0605 510 471 772 703 5 0.0603 579 587 835 836 10 0.0600 386 463 631 703 8 0.0599 313 2 560 205 10 0.0595 555 16 812 251 7 0.0593 316 0 565 207 13 0.0593 582 463 837 701 0 0.0592 582 597 840 839 0 0.0591 685 33 915 263 6 0.0588 443 0 703 199 5 0.0587 242 0 494 197 11 0.0587 434 73 702 316 0 0.0586 637 417 905 636 3 0.0585 385 396 636 644 3 0.0579 583 460 835 706 7 0.0578 382 393 639 640 5 0.0577 379 386 636 641 2 0.0576 508 4 759 200 6 0.0576 314 2 566 203 12 0.0573 444 0 700 202 8 0.0573 580 666 828 910 2 0.0572 497 93 763 327 5 0.0570 428 70 696 317 13 0.0570 582 596 846 837 8 0.0568 633 610 883 835 5 0.0568 574 458 829 698 10 0.0567 578 466 838 700 6 0.0564 510 472 773 708 8 0.0564 637 412 905 638 11 0.0564 683 35 913 259 6 0.0563 437 77 705 318 3 0.0561 502 87 764 331 8 0.0560 383 459 626 705 3 0.0559 586 597 840 841 3 0.0558 248 1 497 202 2 0.0558 382 5 634 206 9 0.0557 313 1 564 203 13 0.0557 506 0 762 199 0 0.0557 384 394 639 643 2 0.0553 580 467 833 702 9 0.0553 464 0 823 148 11 0.0552 632 416 910 635 10 0.0552 435 80 700 321 7 0.0551 686 35 918 262 3 0.0551 333 453 567 713 6 0.0551 524 597 781 839 0 0.0550 446 798 690 1023 12 0.0550 558 8 814 257 1 0.0547 502 0 757 198 2 0.0546 583 601 843 838 6 0.0546 385 396 643 639 13 0.0545 437 76 706 320 5 0.0543 676 32 911 258 2 0.0542 247 4 499 196 13 0.0541 383 398 646 642 10 0.0539 245 3 495 195 8 0.0538 687 33 909 259 4 0.0538 446 0 701 201 9 0.0536 573 461 832 698 7 0.0535 502 86 765 329 8 0.0533 324 393 566 643 11 0.0532 316 594 572 826 13 0.0531 331 455 576 710
Mvwb4lclZ2skjz05kwildqqguZoA0JoH,0 0.0572 687 477 933 709 11 0.0558 423 212 680 447 11 0.0549 383 133 639 369 5 0.0546 561 344 811 582 8 0.0543 427 211 671 444 8 0.0541 551 552 876 738 11 0.0541 589 486 956 663 8 0.0536 506 297 746 513 3 0.0536 694 478 935 712 8 0.0531 564 348 812 574 6 0.0531 373 195 623 428 8 0.0528 691 474 929 704 5 0.0525 538 548 878 740 0 0.0525 385 133 639 371 13 0.0523 690 475 945 710 3 0.0523 568 352 815 585 0 0.0521 561 350 817 583 6 0.0518 694 476 938 707 11 0.0517 315 67 576 302 11 0.0515 553 554 887 737 6 0.0515 311 135 565 367 5 0.0514 564 0 838 192 11 0.0514 564 349 819 577 5 0.0511 423 206 673 445 6 0.0505 225 659 485 891
qTLdUnwFXj0K7pwvwEOYlfN36qrH5b8v,11 0.0558 246 650 509 876 8 0.0544 254 644 498 883 7 0.0543 254 647 511 881 0 0.0536 253 649 509 884 10 0.0523 248 655 508 878 11 0.0513 362 589 636 821 5 0.0512 246 646 504 877
axevHf7WFhtqAXqvZvKAtqCKMxBz6DRn,11 0.0540 174 816 433 1023 0 0.0540 444 344 720 580 5 0.0525 171 810 421 1020 5 0.0524 435 339 714 576 8 0.0518 187 727 428 963 6 0.0508 448 342 726 580 0 0.0508 528 288 786 523 11 0.0504 438 345 719 575
SRPyz4R7FOc79PFWIJKhAs7WMhEJO3lT,11 0.0640 8 596 251 829 8 0.0639 12 589 242 833 0 0.0631 97 375 281 761 8 0.0593 103 445 268 829 5 0.0591 452 336 708 569 11 0.0581 102 451 274 823 5 0.0571 391 270 647 510 0 0.0569 8 590 251 835 3 0.0568 19 591 251 837 6 0.0563 103 449 276 831 0 0.0555 321 408 581 656 13 0.0546 13 594 255 835 5 0.0545 102 436 272 835 5 0.0540 8 588 246 831 5 0.0538 419 731 675 969 7 0.0536 104 448 275 837 5 0.0533 434 456 685 700 7 0.0514 390 465 644 707 10 0.0512 98 384 280 748 10 0.0512 14 595 250 833 8 0.0511 429 735 675 970 5 0.0511 313 337 567 576 0 0.0511 320 278 576 523 5 0.0510 580 212 818 433 7 0.0509 13 595 251 834 0 0.0508 312 538 586 775 11 0.0501 322 414 581 648
cWnLBQ302MwJjAEbVoZj4qO1lz4UDIuq,5 0.0658 367 330 637 574 11 0.0643 310 395 567 643 5 0.0641 432 264 688 503 7 0.0637 439 265 693 504 0 0.0635 517 347 773 577 8 0.0629 444 408 701 639 11 0.0628 367 337 634 575 5 0.0614 443 398 703 641 5 0.0613 514 340 770 574 11 0.0612 376 463 636 707 3 0.0612 323 424 678 605 8 0.0612 373 337 631 576 7 0.0609 328 420 681 604 10 0.0608 435 335 697 566 11 0.0602 444 406 706 638 10 0.0601 364 275 628 510 0 0.0599 445 404 708 643 0 0.0598 435 267 690 507 0 0.0596 370 333 640 578 8 0.0593 520 346 765 571 6 0.0593 327 424 680 605 11 0.0589 378 208 628 438 5 0.0589 376 202 630 436 8 0.0587 437 267 684 501 6 0.0585 439 334 696 567 8 0.0581 381 461 634 710 10 0.0580 374 402 639 644 13 0.0577 328 423 681 606 0 0.0576 590 414 851 636 5 0.0572 192 407 547 589 9 0.0572 372 338 636 573 5 0.0571 374 454 635 709 7 0.0570 384 201 636 438 3 0.0570 435 272 690 509 1 0.0569 371 394 636 644 3 0.0568 380 209 632 444 8 0.0565 589 415 841 638 0 0.0565 379 206 632 438 13 0.0562 519 349 774 571 11 0.0561 431 271 689 500 8 0.0561 383 205 623 436 13 0.0560 436 268 697 504 1 0.0559 365 267 625 511 6 0.0555 368 274 628 510 1 0.0553 435 330 694 567 7 0.0553 519 343 779 578 0 0.0549 378 459 641 712 2 0.0547 448 408 702 641 2 0.0545 373 338 632 574 5 0.0545 365 572 645 824 13 0.0541 382 206 638 440 11 0.0539 519 351 771 574 10 0.0539 443 207 693 445 2 0.0539 447 208 691 443 9 0.0538 436 268 689 499 11 0.0538 200 347 552 519 6 0.0537 447 206 696 440 9 0.0533 444 405 707 639 8 0.0533 368 574 635 826 13 0.0531 588 415 857 632 6 0.0528 590 414 852 637 4 0.0527 378 402 640 644 3 0.0524 519 350 776 577 12 0.0519 441 331 697 567 9 0.0519 375 462 637 706 5 0.0518 582 406 848 638 11 0.0517 365 578 640 822 9 0.0514 519 346 773 570 12 0.0514 326 422 679 604 13 0.0512 378 576 654 827 3 0.0508 595 415 852 644 0 0.0506 368 575 647 829 11 0.0506 588 413 853 638 2 0.0502 519 353 770 575 10 0.0501 369 584 646 830 9 0.0500 381 207 627 434
sSxTali0vI3TzyWOneBJ1i5c3JchMbNF,11 0.0651 439 593 694 823 11 0.0651 455 469 701 706 11 0.0650 507 530 760 774 8 0.0640 444 531 692 770 2 0.0628 393 456 633 699 5 0.0623 506 523 758 771 6 0.0622 444 531 702 764 0 0.0607 508 527 760 777 8 0.0605 390 450 627 701 3 0.0601 455 469 699 712 3 0.0599 507 531 760 781 7 0.0597 458 467 704 709 11 0.0586 383 337 631 583 2 0.0581 448 532 700 768 5 0.0581 301 338 562 577 5 0.0580 438 584 692 821 0 0.0577 389 452 631 703 0 0.0574 383 334 631 589 10 0.0565 441 590 695 821 0 0.0564 438 589 696 826 13 0.0562 451 530 704 773 5 0.0561 321 463 572 706 6 0.0560 390 454 637 698 7 0.0560 387 335 634 586 11 0.0558 327 470 574 709 7 0.0551 444 589 700 825 13 0.0549 394 453 640 704 8 0.0548 380 337 623 587 12 0.0547 509 526 761 773 3 0.0540 383 337 628 589 10 0.0538 452 468 699 706 13 0.0536 313 340 573 583 10 0.0534 507 529 759 772 9 0.0532 506 527 760 769 2 0.0527 385 341 634 586 7 0.0524 329 468 578 711 10 0.0522 380 341 632 586 9 0.0520 452 468 700 703 1 0.0512 434 585 696 826 9 0.0504 437 588 693 819 3 0.0503 325 468 572 713 1 0.0503 503 523 760 773
MQVKqGwivCt0s2clwc56ghhQkYQhTliK,11 0.0579 317 527 575 750 0 0.0574 320 389 580 632 3 0.0572 391 531 639 762 5 0.0560 386 526 636 754 0 0.0557 389 466 646 690 11 0.0554 245 604 510 827 11 0.0551 319 673 584 897 5 0.0545 320 659 576 899 11 0.0537 668 675 1021 856 5 0.0534 317 455 582 688 7 0.0532 393 529 643 754 0 0.0529 317 526 573 753 7 0.0529 327 670 584 900 0 0.0528 248 466 519 693 8 0.0528 393 464 638 685 0 0.0527 257 328 520 568 8 0.0526 670 675 1012 861 11 0.0525 393 464 649 683 8 0.0523 321 391 567 624 7 0.0523 682 673 1021 856 11 0.0522 316 389 580 624 2 0.0522 322 465 584 689 3 0.0519 324 461 583 696 8 0.0514 323 671 578 901 0 0.0513 322 664 582 902 11 0.0512 250 328 517 561 8 0.0509 262 325 503 563 6 0.0508 324 529 579 750 11 0.0507 246 466 513 689 5 0.0504 251 323 510 563 7 0.0503 322 458 591 690 8 0.0500 184 409 425 642 5 0.0500 243 596 503 825
c3B9yunlRgKGo8n9mMaidY7PgKTi8s6O,7 0.0532 315 597 588 821 11 0.0512 311 603 581 818
zA5dZKwLW1Jko3aiaURrnzdHE8X6UFFk,11 0.0545 496 726 766 955 11 0.0531 303 727 551 945 6 0.0528 124 794 380 1016 5 0.0522 117 791 372 1012 8 0.0514 422 725 683 955 0 0.0513 498 718 766 961 7 0.0511 437 797 693 1022 7 0.0508 123 793 384 1020 11 0.0508 431 800 689 1018 11 0.0502 118 800 379 1014
oYmZvfLGra94yi7rmQhh7U2TYBcHmXMw,5 0.0659 294 784 553 1022 8 0.0632 303 786 549 1023 0 0.0630 372 600 642 830 13 0.0616 306 790 561 1023 0 0.0611 294 649 565 886 5 0.0605 427 795 689 1013 5 0.0605 364 713 625 939 0 0.0604 370 717 629 946 0 0.0595 310 523 573 752 11 0.0592 296 595 567 817 11 0.0588 373 786 620 1012 7 0.0586 379 784 623 1014 11 0.0580 363 656 633 878 11 0.0578 298 726 563 952 0 0.0577 300 786 556 1023 3 0.0577 302 788 558 1023 13 0.0576 240 710 498 954 3 0.0572 370 652 637 885 11 0.0572 316 473 582 700 0 0.0569 230 709 496 953 11 0.0561 434 727 700 940 5 0.0561 368 595 634 824 10 0.0559 293 599 570 819 0 0.0557 376 284 644 515 8 0.0555 298 646 557 882 11 0.0554 223 652 484 881 7 0.0552 227 646 490 881 10 0.0552 298 792 557 1021 8 0.0547 238 710 489 954 0 0.0546 434 796 694 1020 8 0.0544 373 713 623 946 5 0.0543 291 645 555 878 6 0.0542 374 599 644 825 13 0.0541 301 649 568 885 8 0.0540 438 795 684 1016 5 0.0539 231 705 487 946 7 0.0537 298 591 575 817 10 0.0537 220 656 475 884 11 0.0537 378 335 637 570 8 0.0534 319 472 574 705 6 0.0533 302 790 560 1022 0 0.0531 320 407 570 649 5 0.0530 302 521 564 745 13 0.0525 442 799 699 1018 11 0.0525 252 402 498 624 8 0.0523 374 598 631 827 6 0.0523 311 524 576 748 3 0.0522 387 530 639 761 3 0.0522 438 796 692 1021 6 0.0521 373 716 634 943 7 0.0516 305 722 566 952 13 0.0514 380 717 633 946 13 0.0512 323 473 588 706 13 0.0511 382 598 646 829 10 0.0511 365 658 634 877 11 0.0508 439 273 701 504 7 0.0508 369 656 638 879 2 0.0508 377 784 625 1017 6 0.0505 438 798 699 1014
DexoldTe78uzjZIb8r4Db2WrOodBBFJj,7 0.0613 216 672 581 854 6 0.0613 213 674 582 852 11 0.0610 303 726 574 959 5 0.0604 181 720 442 961 0 0.0596 243 719 507 964 7 0.0595 311 786 571 1022 11 0.0593 208 674 576 850 11 0.0582 246 791 508 1021 8 0.0580 308 785 559 1021 11 0.0579 182 726 447 957 5 0.0578 243 661 507 897 7 0.0567 246 720 510 961 0 0.0567 212 674 581 855 8 0.0565 126 716 368 947 7 0.0561 375 724 641 962 5 0.0559 256 804 624 980 6 0.0557 305 723 576 963 0 0.0556 184 796 447 1023 6 0.0555 386 615 646 840 0 0.0553 305 788 566 1023 8 0.0553 247 719 502 960 11 0.0552 384 617 644 836 8 0.0550 188 794 440 1023 0 0.0548 370 723 635 965 7 0.0547 189 795 448 1023 10 0.0546 305 788 565 1022 10 0.0546 369 727 638 960 0 0.0544 122 716 375 950 8 0.0543 214 673 569 853 10 0.0542 239 723 506 961 3 0.0540 217 673 580 858 13 0.0538 310 789 571 1023 13 0.0537 188 724 450 967 3 0.0532 189 723 448 968 8 0.0532 372 727 629 963 13 0.0530 216 673 584 853 6 0.0529 187 722 448 963 3 0.0515 309 723 574 968 7 0.0513 391 612 645 844 8 0.0512 385 617 631 841 10 0.0510 210 678 578 855 5 0.0505 379 611 634 838 0 0.0503 387 617 641 844 2 0.0501 183 730 447 966
KLxW81Tl5bhYEG5w5DzBHfT09gYVueE7,0 0.0613 633 727 877 952 11 0.0595 706 792 951 1014 5 0.0564 627 723 874 946 0 0.0543 710 794 951 1021 8 0.0541 632 724 868 946 10 0.0526 625 728 877 951 11 0.0519 630 723 875 945 5 0.0501 705 789 947 1017
cr7kD4SvqlwoAXSEwjF6C5Yd3ngtwHec,11 0.0622 372 3 638 246 0 0.0616 370 0 639 247 13 0.0593 378 0 645 247 13 0.0588 312 68 576 318 6 0.0583 379 1 644 245 11 0.0582 419 81 694 316 5 0.0565 368 0 635 244 8 0.0562 311 72 560 317 3 0.0561 441 8 701 260 8 0.0559 376 0 632 246 5 0.0558 301 65 566 315 7 0.0556 260 119 504 374 0 0.0554 419 79 691 319 2 0.0546 376 4 636 247 11 0.0545 493 2 765 191 7 0.0543 322 0 578 195 8 0.0539 392 577 637 841 6 0.0539 425 78 697 318 3 0.0538 321 0 575 198 11 0.0536 252 471 510 700 10 0.0536 310 75 564 318 5 0.0536 250 184 495 423 10 0.0536 315 4 571 195 0 0.0533 310 67 570 318 7 0.0531 442 9 704 260 0 0.0529 495 1 762 194 6 0.0526 497 1 770 191 8 0.0526 420 77 685 321 11 0.0525 252 129 500 369 3 0.0524 316 128 561 379 8 0.0523 257 470 497 698 5 0.0522 488 0 759 192 5 0.0520 252 459 508 697 5 0.0520 303 584 571 836 13 0.0518 499 0 771 195 6 0.0518 243 536 513 758 7 0.0518 311 590 586 842 6 0.0517 260 120 507 370 11 0.0516 306 592 580 838 13 0.0515 259 474 514 702 13 0.0513 319 529 578 770 13 0.0512 193 69 454 302 13 0.0512 426 80 697 320 12 0.0511 440 9 704 258 9 0.0511 371 1 639 240 10 0.0509 257 475 507 700 0 0.0504 307 592 581 847 5 0.0504 567 99 800 326 3 0.0502 313 594 580 848 3 0.0501 260 471 508 707
WiurkVIkADVjhjsrQamChlYt5JnW4mJ0,0 0.0655 435 144 700 382 11 0.0651 372 72 643 312 8 0.0635 381 134 634 369 8 0.0634 251 132 502 379 11 0.0632 308 335 565 581 11 0.0629 382 1 652 193 7 0.0626 441 337 692 585 11 0.0623 434 139 698 380 0 0.0619 314 131 574 376 3 0.0615 392 0 648 199 8 0.0614 504 210 754 443 11 0.0612 312 133 573 374 5 0.0612 381 0 647 193 8 0.0612 443 276 687 517 0 0.0611 378 75 641 315 5 0.0608 374 129 634 368 5 0.0606 433 199 691 439 0 0.0605 502 214 763 443 11 0.0603 159 480 437 715 0 0.0603 385 0 647 194 8 0.0602 159 479 427 714 0 0.0601 443 279 692 520 8 0.0600 380 15 642 251 11 0.0599 498 213 759 439 11 0.0598 438 339 687 579 11 0.0598 189 135 448 379 0 0.0598 193 133 448 380 7 0.0597 388 0 648 197 2 0.0594 388 4 648 195 8 0.0592 311 73 569 318 3 0.0590 453 71 700 329 3 0.0589 319 133 573 378 7 0.0586 439 202 696 443 11 0.0583 245 70 511 313 8 0.0579 112 403 360 643 11 0.0578 498 70 756 308 5 0.0578 510 274 765 515 7 0.0577 381 133 639 373 5 0.0575 176 340 441 583 10 0.0574 437 144 699 381 8 0.0573 312 331 560 580 7 0.0572 518 280 774 515 0 0.0572 768 84 1019 312 3 0.0570 441 206 693 444 13 0.0568 385 0 653 194 0 0.0568 500 73 753 309 6 0.0567 320 136 577 374 2 0.0567 506 151 754 381 11 0.0566 242 405 507 648 5 0.0562 243 125 504 379 10 0.0562 380 76 640 312 7 0.0561 313 334 569 581 13 0.0559 251 132 513 381 5 0.0559 437 331 686 581 11 0.0559 518 0 772 199 13 0.0559 379 135 644 369 6 0.0558 387 0 654 192 3 0.0557 448 340 689 588 11 0.0557 177 348 444 585 11 0.0555 648 91 894 321 0 0.0554 248 65 509 316 2 0.0553 384 139 639 370 7 0.0553 506 147 755 379 5 0.0552 500 143 750 378 5 0.0552 306 328 562 578 3 0.0552 252 68 507 322 0 0.0552 310 333 566 581 6 0.0551 381 71 644 315 0 0.0549 517 1 770 203 13 0.0549 314 73 577 316 8 0.0548 184 341 434 588 13 0.0548 441 208 699 437 11 0.0545 559 350 832 572 4 0.0545 384 17 654 253 13 0.0543 443 406 690 648 3 0.0543 515 285 768 521 13 0.0543 506 148 760 378 10 0.0542 315 137 575 374 1 0.0541 375 129 635 369 8 0.0539 563 346 821 576 6 0.0538 444 284 695 516 13 0.0535 565 349 837 575 13 0.0535 515 282 775 510 6 0.0535 438 142 701 382 9 0.0534 384 0 648 189
RwQ3tIKMssLbayxqOPBDWhebEGfY9e4U,11 0.0559 252 137 508 367 8 0.0547 311 154 570 378 8 0.0531 194 131 431 367 8 0.0529 364 219 624 445 5 0.0527 299 575 567 830 0 0.0526 255 134 507 371 5 0.0524 690 0 943 250 5 0.0520 362 218 626 442 11 0.0520 755 12 1019 248 0 0.0512 367 160 636 379 0 0.0512 758 11 1019 253 11 0.0512 302 206 579 433 5 0.0511 305 155 571 372 11 0.0510 365 283 633 497 10 0.0507 759 16 1015 250 6 0.0500 312 156 581 375 3 0.0500 372 159 635 381
r6uO8T03BXy4TbL6ne29ks9x9ayjfV8m,13 0.0551 407 480 766 667 7 0.0524 445 409 710 637 11 0.0518 438 416 706 636 6 0.0512 427 464 705 700
6f3NZcAzfZOzIfL0TXqdduxuS2XEHVuP,11 0.0587 320 468 571 699 0 0.0580 308 528 559 770 11 0.0576 331 343 589 582 3 0.0569 335 338 587 588 0 0.0562 0 610 391 789 6 0.0553 313 525 563 764 5 0.0552 323 337 586 577 11 0.0545 247 601 517 835 7 0.0532 313 523 561 770 5 0.0530 317 458 565 700 11 0.0527 0 610 391 787 0 0.0526 330 338 587 583 11 0.0523 254 285 526 519 0 0.0523 678 3 956 201 0 0.0522 246 601 515 844 8 0.0521 334 337 582 580 7 0.0517 333 338 588 580 0 0.0516 187 285 447 513 8 0.0516 3 607 373 788 5 0.0515 677 0 952 199 3 0.0513 324 467 571 708 7 0.0511 249 599 512 842 8 0.0507 627 0 888 199 2 0.0503 322 470 572 702 7 0.0502 143 403 392 639 11 0.0501 383 537 629 773
Ks9g4QwuW2jViZFBR8ZTgofnBUOToHdc,11 0.0606 385 665 652 898 11 0.0581 395 783 632 1010 8 0.0573 390 663 642 902 5 0.0566 391 721 640 955 0 0.0558 384 667 649 902 7 0.0555 397 721 649 958 8 0.0549 393 778 626 1016 13 0.0528 398 786 636 1017 8 0.0522 324 571 566 799 6 0.0521 391 667 653 903 0 0.0520 247 288 511 513 0 0.0516 321 574 579 801 11 0.0509 319 575 578 797 7 0.0505 250 285 509 513 10 0.0504 391 724 643 959 0 0.0504 391 275 644 497 11 0.0501 244 286 510 509
B3ARUMF6BeYiz2isRfLUGym0O8ysGlKz,5 0.0501 492 440 761 688
wEwhcC1DLX8DMsnNHILsxUyNriegVsXc,8 0.0548 309 526 559 761 6 0.0535 306 529 572 762 0 0.0533 407 597 778 787 7 0.0528 419 596 782 782 5 0.0522 439 643 697 893 5 0.0504 294 523 564 759
enqBCI8WMovqP7SgeA9VK527ldwVm2fq,11 0.0581 185 792 426 1023 7 0.0576 187 345 434 586 7 0.0572 129 777 378 1014 5 0.0572 247 329 502 579 5 0.0560 173 281 424 520 5 0.0557 245 461 509 715 6 0.0553 257 408 523 653 0 0.0543 184 790 429 1023 11 0.0537 248 405 513 648 8 0.0535 182 348 421 591 8 0.0532 190 783 422 1023 11 0.0530 179 354 439 589 7 0.0525 255 465 517 715 8 0.0524 255 404 505 650 0 0.0522 579 19 835 248 3 0.0518 454 0 818 176 5 0.0518 183 786 421 1017 6 0.0515 189 352 439 588 0 0.0515 184 345 433 594 0 0.0510 576 163 825 378 3 0.0510 251 407 508 656 5 0.0510 307 251 567 489 11 0.0506 384 3 753 163 8 0.0505 394 0 732 160 7 0.0503 318 254 571 495 6 0.0501 127 781 374 1011
CmRK0Dkkwjs9M0XMb9SMM7M9YS395Egh,11 0.0617 364 739 627 953 11 0.0600 435 532 696 761 11 0.0577 306 806 573 1023 0 0.0575 436 528 697 766 11 0.0571 435 800 693 1021 0 0.0566 256 809 503 1023 0 0.0561 307 741 563 972 5 0.0553 436 529 694 756 0 0.0547 370 803 633 1023 11 0.0540 237 745 502 965 7 0.0537 443 797 696 1023 3 0.0537 384 474 638 715 7 0.0536 451 473 712 704 0 0.0534 501 806 745 1023 8 0.0532 310 470 562 708 8 0.0531 450 474 702 706 8 0.0529 375 413 625 642 10 0.0527 256 814 499 1020 7 0.0525 370 737 627 960 6 0.0525 373 735 627 955 8 0.0522 324 146 563 376 6 0.0520 382 471 645 711 13 0.0520 374 734 630 958 10 0.0520 308 748 560 965 11 0.0520 445 404 703 635 11 0.0518 520 669 894 852 8 0.0517 368 738 616 956 8 0.0517 437 801 682 1022 7 0.0517 311 805 575 1023 3 0.0516 506 806 748 1023 5 0.0514 434 793 684 1018 10 0.0514 373 803 632 1021 11 0.0513 320 149 575 377 13 0.0513 445 799 697 1023 3 0.0512 375 734 626 959 5 0.0512 444 399 706 631 6 0.0512 261 814 506 1022 8 0.0508 311 810 560 1023 6 0.0506 447 404 713 640 7 0.0503 246 744 501 970
Aq525kL7BPNZyn77BuwZ0vzRa7gtYo0D,11 0.0534 319 595 591 838 5 0.0514 77 33 319 248 11 0.0511 123 2 392 205 10 0.0511 320 597 587 836 7 0.0510 195 534 454 774 0 0.0508 322 524 579 777 8 0.0507 189 538 444 775 11 0.0503 190 541 449 773 0 0.0501 125 1 390 213
h1RHLJw5OzMj4F5TnvIBpZukLUtGrZ4w,11 0.0625 314 348 573 574 11 0.0617 240 721 507 958 3 0.0601 317 352 572 579 11 0.0593 251 395 507 640 11 0.0587 300 792 559 1022 5 0.0561 250 389 503 639 13 0.0552 386 514 637 758 7 0.0549 318 348 573 577 0 0.0547 584 571 826 842 0 0.0546 246 722 507 964 3 0.0544 255 397 504 649 0 0.0540 252 394 505 644 8 0.0531 256 394 496 641 11 0.0530 517 450 763 693 8 0.0524 249 793 499 1023 11 0.0524 192 336 439 581 0 0.0523 513 517 755 762 6 0.0523 248 722 506 965 8 0.0523 319 355 562 574 0 0.0522 381 516 631 757 11 0.0522 380 512 632 754 7 0.0519 388 514 637 758 8 0.0518 586 572 817 832 13 0.0517 196 785 451 1023 10 0.0516 257 398 503 641 6 0.0515 319 351 576 573 0 0.0514 317 348 572 575 11 0.0513 581 575 825 829 10 0.0513 318 356 573 572 5 0.0510 380 507 627 750 11 0.0506 184 789 443 1020 5 0.0504 515 445 758 695 7 0.0502 252 790 513 1023 5 0.0501 247 789 503 1019
Yn4Pie0VRR5tnD1NWXII9JIr9Be70TfD,0 0.0628 216 666 586 844 11 0.0626 255 527 510 752 11 0.0620 186 657 442 890 5 0.0609 247 582 504 824 7 0.0609 191 655 446 887 10 0.0607 143 675 516 844 7 0.0602 316 540 572 761 8 0.0595 188 654 437 891 11 0.0583 358 679 641 895 8 0.0574 254 587 502 826 7 0.0568 370 675 646 898 2 0.0567 220 670 590 840 6 0.0563 314 604 576 832 8 0.0555 367 675 632 899 6 0.0554 190 658 450 891 11 0.0554 364 535 633 744 11 0.0552 113 589 373 820 0 0.0549 308 542 567 763 13 0.0544 192 657 455 894 5 0.0540 361 672 633 896 0 0.0538 373 607 640 824 8 0.0531 187 520 434 753 6 0.0518 262 530 513 753 3 0.0511 224 667 584 846 13 0.0510 258 590 517 831 1 0.0509 141 671 525 847 3 0.0506 263 525 506 758 10 0.0506 312 545 570 764 0 0.0503 187 520 444 756 2 0.0502 314 548 570 760
1ILqJoMBbgkf7fJlcon4FqrrkTYmvOMk,0 0.0633 490 145 758 394 11 0.0628 365 347 634 577 7 0.0613 454 322 712 569 6 0.0613 440 202 696 443 11 0.0602 516 1 767 204 8 0.0591 370 343 629 580 5 0.0585 364 339 632 575 0 0.0584 696 31 938 256 3 0.0582 516 1 769 211 11 0.0580 296 417 562 643 8 0.0576 305 412 554 646 5 0.0576 294 408 560 643 11 0.0573 435 265 700 500 8 0.0572 584 0 824 202 0 0.0571 369 346 636 579 13 0.0568 374 348 641 579 13 0.0568 493 147 767 393 0 0.0567 582 2 832 202 3 0.0566 315 362 575 598 6 0.0562 452 325 712 571 11 0.0562 487 144 764 389 7 0.0560 519 0 774 203 2 0.0559 433 148 694 391 10 0.0558 367 416 629 643 11 0.0556 566 70 828 311 5 0.0556 578 0 828 199 7 0.0555 441 200 694 448 0 0.0552 302 412 565 647 0 0.0545 565 69 823 316 2 0.0543 515 3 768 205 5 0.0541 482 136 757 389 13 0.0538 443 267 702 503 8 0.0537 489 143 754 392 13 0.0534 307 414 571 646 13 0.0533 378 86 649 320 6 0.0531 371 273 636 507 3 0.0527 568 68 827 322 0 0.0524 377 80 640 320 6 0.0521 518 2 771 204 8 0.0520 703 25 930 252 3 0.0520 457 328 709 577 3 0.0519 367 276 634 516 3 0.0515 435 147 698 400 3 0.0514 381 86 639 326 13 0.0513 517 1 772 210 6 0.0513 575 68 827 310 8 0.0513 379 81 628 318 10 0.0510 429 148 700 390 10 0.0510 512 5 767 204 7 0.0507 303 413 567 646 6 0.0505 306 417 563 644 11 0.0503 696 29 938 248 10 0.0502 440 265 701 502 11 0.0502 439 399 701 643 2 0.0501 312 365 580 591 10 0.0500 566 74 826 313
HipooNjBzsK2JTX0isk4PO7Ym84unk4Q,7 0.0661 139 681 501 862 8 0.0634 145 681 481 861 0 0.0630 141 684 496 866 11 0.0618 137 684 496 862 8 0.0610 198 785 436 1022 8 0.0593 131 714 372 960 11 0.0585 129 717 378 961 10 0.0583 136 689 499 861 7 0.0582 198 787 445 1022 6 0.0578 134 717 383 961 0 0.0577 134 721 379 962 5 0.0576 129 715 375 958 7 0.0570 312 715 564 954 5 0.0567 194 784 437 1017 11 0.0561 195 789 439 1016 6 0.0561 200 792 443 1022 7 0.0560 134 714 380 962 5 0.0559 133 679 492 860 0 0.0555 196 792 440 1023 5 0.0554 311 713 558 949 10 0.0551 131 722 378 960 0 0.0551 316 718 561 958 3 0.0534 142 683 497 867 13 0.0528 201 790 445 1023 11 0.0528 311 719 561 949 2 0.0527 136 721 378 962 6 0.0520 141 682 503 862 6 0.0514 316 719 562 952 13 0.0514 132 715 384 964 10 0.0510 196 793 440 1020 3 0.0508 203 790 442 1023 13 0.0506 145 683 504 864 8 0.0506 318 714 554 952
nyAFN5RqVjkfKiFSk5KIuzBKWDGclQb1,11 0.0619 355 206 620 429 3 0.0594 443 211 692 439 8 0.0573 438 210 682 437 11 0.0561 233 224 499 441 8 0.0559 320 150 561 387 7 0.0547 441 209 691 437 5 0.0545 437 202 686 433 13 0.0529 315 151 578 386 0 0.0527 302 215 552 443 11 0.0523 635 214 885 449 8 0.0520 243 217 487 443 13 0.0519 244 222 507 444 7 0.0512 306 215 558 444 11 0.0508 761 1 1023 211 5 0.0507 237 214 491 439 11 0.0506 647 81 890 326 7 0.0505 365 270 624 505 6 0.0502 244 221 502 441
pUFnZXFfK49vfCdsjbcaAkzDZCWjAlxd,11 0.0574 258 135 520 367 13 0.0569 131 271 401 506 8 0.0550 325 2 564 209 6 0.0549 270 133 523 369 5 0.0547 108 334 379 575 0 0.0547 577 337 827 562 0 0.0544 124 267 391 505 11 0.0541 580 335 829 559 11 0.0541 314 23 581 266 3 0.0537 393 0 639 211 5 0.0533 185 251 437 492 11 0.0532 187 259 445 489 6 0.0526 132 269 406 502 7 0.0525 205 195 452 432 6 0.0522 325 0 580 214 0 0.0519 323 2 572 213 11 0.0517 113 340 387 574 13 0.0517 32 292 289 514 8 0.0517 577 329 819 559 0 0.0515 261 133 515 372 0 0.0515 22 293 277 518 7 0.0510 270 131 520 368 0 0.0508 201 196 448 435 8 0.0505 116 333 377 583 8 0.0503 578 481 823 721 13 0.0503 325 0 581 211 6 0.0503 208 195 454 434 3 0.0503 266 133 517 375 0 0.0502 575 488 827 723 5 0.0501 260 124 511 369 5 0.0501 59 260 326 499
5FxvnDuTywMNDW9O66PltWNxnmNgmxbo,8 0.0647 499 9 748 255 11 0.0631 252 74 507 316 8 0.0624 370 0 633 197 8 0.0613 255 71 501 317 11 0.0612 365 1 638 196 3 0.0609 373 2 635 199 7 0.0606 370 1 641 196 7 0.0601 500 11 759 256 5 0.0597 493 7 754 253 0 0.0596 502 13 754 256 5 0.0594 364 0 632 194 0 0.0587 252 70 506 318 11 0.0582 396 149 654 382 11 0.0580 234 1 498 206 3 0.0579 503 10 758 260 11 0.0577 497 12 756 254 6 0.0577 372 0 642 195 13 0.0573 370 0 641 195 0 0.0567 368 0 638 197 7 0.0564 401 147 652 386 6 0.0558 502 15 758 253 8 0.0558 393 145 647 385 5 0.0558 245 69 501 316 10 0.0553 368 4 636 193 13 0.0549 396 148 659 383 5 0.0549 226 0 492 204 10 0.0548 498 16 759 253 3 0.0548 403 145 652 388 7 0.0547 235 0 503 204 5 0.0546 388 143 650 381 7 0.0546 260 71 510 319 8 0.0541 233 0 492 205 0 0.0538 394 147 652 386 13 0.0538 505 13 761 254 11 0.0537 240 212 509 444 3 0.0536 238 0 496 211 10 0.0534 234 6 497 204 4 0.0532 501 13 757 254 13 0.0531 257 70 513 320 13 0.0529 516 584 774 823 7 0.0529 253 211 512 446 7 0.0528 514 578 773 827 5 0.0522 507 576 763 822 2 0.0521 396 155 652 387 5 0.0520 235 204 506 448 3 0.0517 258 71 508 326 9 0.0516 368 0 637 192 10 0.0515 395 156 655 388 6 0.0514 400 148 655 384 8 0.0510 246 208 498 449 6 0.0509 257 73 514 315 2 0.0508 501 16 756 254 1 0.0508 493 7 753 256 10 0.0504 255 78 509 318 13 0.0500 248 209 522 448
3w7JPMKhEhVn91GjQURRRsbZNrWCohUu,11 0.0622 372 454 626 693 11 0.0614 376 600 631 814 11 0.0597 388 345 633 582 5 0.0588 445 463 699 694 11 0.0583 443 539 690 744 0 0.0577 450 476 700 700 5 0.0553 373 393 627 642 0 0.0552 378 405 628 643 8 0.0548 373 456 622 696 7 0.0545 375 452 633 698 7 0.0544 304 584 564 803 3 0.0544 377 404 634 648 0 0.0539 377 518 620 747 7 0.0534 447 537 694 744 8 0.0526 385 346 628 584 5 0.0524 305 447 554 700 2 0.0522 389 355 638 584 3 0.0520 383 519 622 748 7 0.0520 388 342 639 582 11 0.0519 442 734 699 956 11 0.0512 309 726 580 951 6 0.0511 374 460 630 694 8 0.0510 376 603 621 814 3 0.0504 457 474 700 699 5 0.0504 376 510 618 743 0 0.0503 311 454 555 705 10 0.0501 387 354 639 580
DyiXmok4ahxKgvShQlFSIoQuYce2Eyx2,0 0.0593 504 393 768 639 5 0.0578 762 389 1014 637 11 0.0575 504 392 767 636 3 0.0567 512 393 766 644 8 0.0564 509 391 758 637 5 0.0557 469 417 823 604 7 0.0550 511 390 770 638 0 0.0546 411 542 772 729 11 0.0544 762 399 1020 636 6 0.0537 512 392 769 637 8 0.0533 412 542 761 725 0 0.0532 761 327 1017 574 13 0.0524 509 390 771 641 2 0.0521 509 395 765 637 6 0.0517 774 391 1019 638 6 0.0516 418 543 780 725 5 0.0515 361 798 617 1020 11 0.0511 407 544 774 725 7 0.0511 421 540 774 727 11 0.0510 359 661 638 891 7 0.0505 368 658 643 901 5 0.0501 357 651 636 895
avCsugrwPP98NA9TAoDh0zy9K1J5EuYu,11 0.0658 182 660 441 892 8 0.0634 197 601 442 841 0 0.0605 187 655 443 901 5 0.0593 183 651 438 892 7 0.0584 187 660 444 897 6 0.0571 186 659 447 895 5 0.0560 246 596 511 832 7 0.0558 442 723 702 972 3 0.0553 192 659 441 901 0 0.0550 256 595 517 843 5 0.0549 435 718 692 968 11 0.0544 251 598 513 839 13 0.0543 191 658 445 897 11 0.0541 437 723 697 967 0 0.0535 439 720 699 972 13 0.0529 445 723 704 970 13 0.0523 236 800 499 1022 10 0.0523 188 665 441 892 8 0.0520 439 719 691 968 6 0.0520 254 604 519 837 7 0.0504 261 469 531 701 8 0.0501 188 390 441 635
shxlfm288QSeaFydlX8nxr9lC9y2xtB4,11 0.0603 242 795 486 1019 0 0.0598 246 794 486 1023 5 0.0590 241 792 484 1019 8 0.0575 246 793 479 1023 7 0.0564 246 793 492 1023 13 0.0544 249 795 495 1023 6 0.0526 249 799 488 1023 7 0.0521 312 720 567 955 10 0.0518 244 798 487 1021 0 0.0516 310 716 563 959 3 0.0514 246 795 488 1023 11 0.0509 305 719 562 949 9 0.0509 243 798 488 1019
tP5toJWlP9jvpB9ArxJzXIfLnU8hXuNl,0 0.0546 175 519 434 755 8 0.0543 124 402 371 619 8 0.0522 170 519 427 752 5 0.0519 123 396 379 620 11 0.0514 225 524 503 759 11 0.0500 122 469 375 697
5lOflPvSGOXB0DUdn4fQbp6ueiP7VT2b,11 0.0659 581 596 824 849 0 0.0635 583 596 821 853 5 0.0628 427 661 685 906 11 0.0623 234 658 502 896 8 0.0621 583 596 818 852 5 0.0614 501 590 759 841 7 0.0607 190 595 440 832 0 0.0603 240 651 504 904 7 0.0598 583 594 825 852 11 0.0598 331 277 591 513 5 0.0596 235 649 497 899 0 0.0595 434 662 688 910 6 0.0595 506 594 765 839 5 0.0592 425 772 706 1019 5 0.0591 331 205 584 438 7 0.0585 374 783 646 1023 0 0.0585 698 592 942 842 5 0.0584 365 590 617 836 8 0.0584 331 348 584 577 11 0.0584 698 598 944 833 6 0.0582 436 665 692 902 11 0.0578 328 143 583 371 8 0.0578 424 715 702 966 8 0.0577 312 658 559 900 6 0.0575 312 658 570 898 0 0.0575 335 350 593 581 2 0.0574 506 595 762 844 8 0.0573 335 208 581 439 7 0.0571 437 664 694 907 3 0.0570 337 275 590 515 0 0.0567 436 783 712 1023 3 0.0563 428 717 707 971 8 0.0562 242 715 499 966 8 0.0562 701 591 933 836 7 0.0561 311 659 566 902 10 0.0561 580 602 821 850 3 0.0561 506 598 761 849 5 0.0560 184 592 432 829 3 0.0556 309 609 553 838 11 0.0551 427 667 691 906 7 0.0549 333 273 596 515 9 0.0549 503 595 762 839 5 0.0548 320 348 588 574 6 0.0546 432 777 714 1018 2 0.0543 434 665 690 907 13 0.0542 190 596 443 837 5 0.0541 574 538 824 782 6 0.0539 336 209 591 439 13 0.0538 379 784 648 1023 3 0.0538 582 543 830 788 13 0.0537 587 597 826 850 8 0.0537 373 785 631 1022 11 0.0535 365 789 636 1021 10 0.0532 432 670 689 902 0 0.0527 335 209 586 441 8 0.0527 188 594 434 831 6 0.0527 45 489 301 722 0 0.0525 734 17 1004 258 2 0.0524 370 600 622 838 10 0.0520 368 600 621 834 6 0.0520 187 596 443 831 0 0.0520 40 485 294 728 11 0.0518 483 737 785 961 13 0.0517 337 277 597 517 7 0.0512 713 537 957 777 2 0.0510 190 599 439 833 13 0.0509 310 606 556 836 13 0.0508 315 708 579 962 10 0.0507 186 600 438 832 6 0.0507 583 542 835 783 12 0.0506 506 593 763 844 8 0.0505 503 785 768 1019 10 0.0505 43 488 297 722 1 0.0503 501 589 761 841 9 0.0503 334 215 586 433 3 0.0502 188 599 437 837 13 0.0501 506 786 783 1023
hweQNQC15icFPVo4sgB6ONm0fqHumZjv,11 0.0612 428 146 689 376 5 0.0606 422 139 685 375 11 0.0591 566 405 831 633 3 0.0590 434 144 691 383 11 0.0589 502 207 764 436 0 0.0586 569 408 829 635 8 0.0584 372 138 629 379 3 0.0576 573 405 829 641 0 0.0572 370 140 634 381 8 0.0571 569 406 824 636 3 0.0570 508 205 762 446 5 0.0567 314 128 575 372 5 0.0566 362 0 630 212 7 0.0564 433 142 691 380 0 0.0563 571 154 814 389 8 0.0562 510 342 759 573 8 0.0560 503 204 755 440 5 0.0560 564 403 824 635 3 0.0558 514 344 763 581 13 0.0556 378 138 643 380 5 0.0556 506 339 759 573 3 0.0554 326 130 580 381 11 0.0554 315 134 577 374 2 0.0554 568 408 829 635 11 0.0549 508 343 766 570 5 0.0546 429 266 683 506 3 0.0545 576 280 829 522 8 0.0544 369 1 620 210 11 0.0543 440 399 697 640 10 0.0543 373 140 636 378 8 0.0541 444 400 688 645 5 0.0539 500 199 758 437 5 0.0538 440 394 692 644 0 0.0537 577 282 827 516 0 0.0536 370 467 629 717 10 0.0536 567 408 829 635 11 0.0535 573 284 832 513 6 0.0534 432 143 691 380 11 0.0533 430 272 686 507 7 0.0532 573 405 832 636 3 0.0529 363 0 631 222 6 0.0528 443 399 698 643 6 0.0526 578 281 830 514 3 0.0525 435 268 688 518 2 0.0524 428 150 688 379 0 0.0524 513 342 762 574 0 0.0524 702 478 947 717 8 0.0523 577 280 821 514 7 0.0522 573 148 819 388 2 0.0522 511 344 764 572 0 0.0522 442 400 693 646 6 0.0522 571 150 819 388 5 0.0521 568 277 826 512 9 0.0521 428 200 683 435 10 0.0519 506 208 762 437 6 0.0518 501 88 763 312 8 0.0517 371 465 619 712 0 0.0515 365 0 635 218 0 0.0514 501 92 756 310 7 0.0514 447 397 699 643 6 0.0514 325 128 584 378 7 0.0513 322 132 580 377 13 0.0513 571 406 835 638 6 0.0513 571 405 830 637 8 0.0511 430 268 677 510 7 0.0511 372 0 641 213 2 0.0511 442 404 697 643 11 0.0509 368 1 632 211 10 0.0509 575 285 830 513 6 0.0509 437 269 688 509 2 0.0508 501 93 763 308 7 0.0507 516 342 766 574 6 0.0507 512 341 766 573 13 0.0505 506 152 774 390 9 0.0504 567 405 831 636 12 0.0503 431 144 692 380 10 0.0502 510 348 764 574 3 0.0501 448 401 697 652 2 0.0501 320 136 576 375
BI5UaHoNWzC5sSBWlbKJWXkLcmSO8Ies,0 0.0654 12 481 365 671 8 0.0630 14 482 358 667 5 0.0621 9 478 358 669 11 0.0620 15 483 367 667 3 0.0613 21 481 366 674 8 0.0610 104 392 279 750 2 0.0609 16 486 364 667 5 0.0607 102 384 280 760 0 0.0587 102 388 284 764 13 0.0580 15 481 369 669 7 0.0580 19 482 362 669 11 0.0568 103 397 286 752 9 0.0567 10 484 364 665 6 0.0562 16 483 370 668 9 0.0562 104 398 287 751 10 0.0554 15 488 360 669 13 0.0553 107 392 289 760 7 0.0544 106 393 285 757 10 0.0543 103 403 282 759 6 0.0542 106 394 287 756 3 0.0541 106 394 286 768 2 0.0534 106 400 283 754 12 0.0515 18 480 365 671 1 0.0514 8 479 362 669
WHif7q27XvVcPNoVIu3pf6Suygk6sQeh,11 0.0608 307 797 569 1018 11 0.0580 493 750 752 977 7 0.0577 251 783 513 1017 11 0.0572 247 727 508 960 11 0.0569 380 731 633 960 5 0.0563 304 787 565 1017 3 0.0560 381 797 635 1023 5 0.0554 507 274 754 517 13 0.0549 192 788 460 1019 0 0.0549 380 794 635 1023 0 0.0547 513 281 759 520 3 0.0545 514 281 758 523 6 0.0532 312 793 571 1019 7 0.0526 495 747 762 980 8 0.0521 251 785 504 1015 5 0.0521 379 723 631 960 8 0.0518 513 273 752 519 5 0.0518 437 202 691 433 8 0.0516 378 796 625 1023 7 0.0516 380 794 637 1023 13 0.0515 316 794 578 1023 0 0.0514 440 212 700 435 6 0.0514 652 333 907 578 13 0.0512 518 281 766 517 11 0.0512 635 339 902 580 5 0.0508 245 718 503 956 3 0.0508 255 787 512 1022 0 0.0500 492 750 759 984
ZGRvEBZ8ogwTnxNU2SGu0ipFtSWPi1lN,7 0.0556 253 784 497 1017 8 0.0507 196 524 463 775
K7C2O44WicFeZMhe8NrV5ysx5Vbb7h8X,5 0.0626 392 264 651 513 8 0.0609 520 469 757 703 5 0.0607 308 215 575 460 5 0.0605 563 276 828 502 13 0.0593 459 468 711 697 11 0.0592 455 466 702 699 0 0.0590 398 271 656 514 6 0.0581 461 466 709 695 11 0.0580 460 343 705 582 8 0.0578 389 205 648 461 11 0.0577 249 268 513 508 0 0.0575 249 272 509 512 11 0.0571 396 266 656 513 8 0.0570 632 272 879 507 11 0.0570 442 101 723 313 7 0.0568 403 265 660 518 8 0.0567 254 271 499 513 5 0.0567 505 337 764 581 5 0.0559 233 144 502 382 10 0.0558 452 395 701 633 7 0.0556 256 267 512 513 11 0.0553 309 155 583 393 6 0.0550 316 155 585 393 13 0.0548 461 344 715 583 13 0.0547 573 283 840 504 0 0.0547 567 278 832 502 11 0.0544 513 286 779 514 5 0.0542 366 152 635 388 3 0.0542 454 392 704 638 5 0.0542 514 466 758 705 8 0.0539 449 390 692 628 0 0.0534 442 106 721 316 7 0.0534 460 391 705 631 8 0.0534 314 154 575 396 10 0.0534 255 275 511 510 11 0.0533 576 209 833 430 0 0.0533 374 156 641 393 1 0.0532 456 458 701 699 11 0.0529 629 274 892 502 11 0.0528 511 160 773 371 2 0.0528 515 293 782 515 6 0.0527 462 347 714 583 3 0.0524 524 470 762 712 10 0.0523 515 288 785 516 2 0.0522 391 214 652 462 3 0.0521 400 269 654 524 8 0.0521 579 209 827 437 6 0.0520 636 203 889 440 2 0.0519 513 165 776 372 3 0.0516 256 272 508 518 0 0.0515 628 207 888 444 7 0.0515 376 151 646 398 3 0.0514 633 273 890 512 10 0.0514 396 273 660 516 0 0.0513 237 143 507 390 5 0.0512 571 140 839 370 3 0.0511 377 150 639 396 7 0.0509 469 530 714 758 13 0.0509 377 156 650 390 13 0.0509 402 271 665 512 0 0.0509 457 344 706 581 6 0.0509 399 272 663 515 8 0.0507 511 157 767 375 8 0.0506 443 102 714 316 6 0.0505 450 102 729 315 7 0.0505 518 283 782 518 0 0.0504 519 472 762 702 6 0.0504 574 283 838 502 13 0.0504 317 219 588 462 8 0.0501 512 284 773 517 5 0.0501 304 79 585 312
niUMkVVJtnZVcdKVH2G3fTX4RG77kAHB,11 0.0642 382 141 645 381 13 0.0629 402 14 666 244 8 0.0628 450 151 706 382 0 0.0625 451 151 715 385 13 0.0615 389 140 655 376 7 0.0608 452 148 715 382 0 0.0605 390 73 653 307 5 0.0603 505 207 767 451 8 0.0602 379 213 639 452 5 0.0601 445 147 708 380 3 0.0599 456 150 710 384 0 0.0590 255 281 501 522 7 0.0590 381 210 651 455 3 0.0588 385 210 644 457 5 0.0588 385 6 653 242 10 0.0586 452 156 710 382 11 0.0582 510 146 769 379 0 0.0582 568 157 827 382 11 0.0582 254 211 507 459 0 0.0575 449 0 711 212 8 0.0573 508 211 764 453 7 0.0568 398 15 665 250 5 0.0566 377 205 646 452 8 0.0565 394 71 646 304 11 0.0563 451 3 708 206 3 0.0561 400 71 651 309 8 0.0560 61 779 307 1003 5 0.0556 170 275 443 504 6 0.0555 475 234 820 408 2 0.0551 511 216 773 451 10 0.0549 381 217 649 452 10 0.0546 392 78 655 306 3 0.0546 453 2 706 218 11 0.0543 269 80 531 312 7 0.0543 509 210 775 453 13 0.0542 512 212 776 453 7 0.0541 262 205 512 459 6 0.0536 264 210 508 457 6 0.0534 464 36 719 256 6 0.0531 383 211 649 452 0 0.0531 611 226 873 459 0 0.0529 255 133 509 384 7 0.0526 55 778 322 1009 8 0.0525 256 284 494 521 0 0.0524 382 210 650 454 5 0.0523 250 204 508 453 10 0.0522 509 216 768 455 2 0.0521 380 216 643 454 6 0.0519 191 277 449 508 5 0.0519 247 517 509 769 12 0.0514 387 139 653 381 13 0.0514 257 283 510 524 13 0.0512 470 163 824 348 2 0.0512 465 168 817 348 5 0.0511 560 151 827 380 3 0.0510 529 73 775 316 5 0.0504 517 67 774 305 4 0.0503 384 217 654 453 7 0.0500 184 659 432 877
YSLdXOgarwZctIzoGZFrJKpDGdLzBSPI,8 0.0646 321 141 568 396 0 0.0639 319 141 573 396 7 0.0638 388 127 648 381 11 0.0636 318 143 576 394 3 0.0624 389 128 647 382 6 0.0622 322 143 578 394 0 0.0606 434 278 686 525 5 0.0604 313 136 574 391 8 0.0598 253 274 499 513 0 0.0590 250 276 502 515 7 0.0573 441 275 691 522 11 0.0570 459 129 710 372 2 0.0567 438 281 682 523 13 0.0566 253 278 510 515 6 0.0560 252 213 510 447 5 0.0559 244 270 501 508 11 0.0559 240 209 508 447 5 0.0556 453 117 704 370 2 0.0553 389 132 644 378 13 0.0553 322 140 580 396 11 0.0552 434 278 687 520 3 0.0552 444 278 684 529 5 0.0551 431 271 681 517 5 0.0550 502 203 767 457 10 0.0550 439 284 687 522 3 0.0549 515 214 771 468 10 0.0544 319 149 577 393 13 0.0543 440 277 690 521 7 0.0535 257 277 507 509 10 0.0535 249 283 502 513 8 0.0534 439 276 680 521 9 0.0533 317 144 577 393 6 0.0529 460 128 708 371 7 0.0528 518 131 772 386 6 0.0524 439 281 689 522 1 0.0523 314 140 573 396 12 0.0516 391 126 645 376 0 0.0514 460 129 709 375 13 0.0512 518 131 780 378 0 0.0510 506 213 770 461 1 0.0510 435 272 684 529 7 0.0505 251 140 513 391 0 0.0504 567 413 822 649 7 0.0504 506 343 764 581 0 0.0503 498 350 755 583
3vOejaxzitxQHCbADeMMwbk1dufceHgx,11 0.0599 259 664 647 850 11 0.0590 201 587 453 825 8 0.0588 260 662 639 848 0 0.0587 203 583 457 833 0 0.0581 263 663 658 851 8 0.0581 207 344 556 530 8 0.0573 136 392 382 641 5 0.0570 127 392 389 632 8 0.0564 203 586 443 832 11 0.0558 323 352 695 524 7 0.0557 140 395 393 637 5 0.0550 78 277 421 470 0 0.0548 144 339 514 526 0 0.0547 85 280 426 470 6 0.0546 138 394 396 634 5 0.0544 140 337 512 522 6 0.0544 140 532 398 765 6 0.0544 266 668 658 850 0 0.0544 509 163 759 386 8 0.0543 507 165 751 384 5 0.0543 258 664 646 848 5 0.0538 198 584 449 828 7 0.0537 335 349 694 528 3 0.0526 333 354 685 532 13 0.0526 271 666 665 849 3 0.0525 137 396 393 647 13 0.0525 207 588 462 831 11 0.0523 133 398 391 633 11 0.0523 505 164 763 380 7 0.0522 139 523 396 765 7 0.0521 157 337 517 526 5 0.0521 322 349 687 527 0 0.0520 210 415 580 601 10 0.0518 203 587 452 830 8 0.0514 91 279 409 471 7 0.0513 268 664 661 849 8 0.0512 131 527 380 768 6 0.0512 204 591 459 831 8 0.0511 205 458 444 689 6 0.0510 512 163 757 381 11 0.0508 204 415 577 599 0 0.0506 135 455 396 699 13 0.0502 512 164 768 385 7 0.0501 204 587 456 829 13 0.0500 156 337 526 530
wv6eCJ9o0ACFZCgYjtArny2DdZk0Kvcm,5 0.0666 573 336 824 575 8 0.0663 241 1 487 197 0 0.0653 575 339 830 580 11 0.0650 576 409 828 640 8 0.0639 510 404 754 642 8 0.0616 510 267 760 510 8 0.0614 580 338 822 577 5 0.0612 505 401 758 641 7 0.0610 516 406 763 646 3 0.0607 578 406 827 645 5 0.0606 401 0 756 156 7 0.0604 446 275 704 523 11 0.0603 579 280 837 515 11 0.0603 237 1 494 198 5 0.0603 505 137 764 375 6 0.0602 579 339 833 576 7 0.0602 244 0 494 202 13 0.0600 580 406 831 638 11 0.0592 238 720 509 961 5 0.0589 505 263 760 507 11 0.0588 336 3 699 156 5 0.0587 237 0 485 199 8 0.0587 454 75 688 308 11 0.0584 701 404 958 641 2 0.0583 576 412 828 639 6 0.0581 242 0 495 202 5 0.0579 448 64 696 310 8 0.0577 343 0 683 154 3 0.0577 581 280 838 522 8 0.0570 249 793 500 1023 8 0.0569 502 13 747 241 0 0.0568 569 219 838 457 11 0.0567 244 80 497 316 0 0.0567 238 1 492 200 3 0.0566 412 0 762 158 11 0.0564 515 212 767 455 8 0.0562 446 204 696 458 11 0.0562 503 14 759 240 7 0.0562 577 340 828 579 0 0.0561 702 404 954 641 0 0.0561 339 2 698 158 13 0.0560 583 281 842 517 2 0.0560 511 274 765 509 6 0.0558 512 266 768 509 5 0.0558 566 74 816 307 13 0.0557 243 0 499 200 11 0.0554 443 406 693 639 13 0.0552 517 211 774 456 11 0.0551 565 80 821 308 11 0.0551 364 791 626 1013 8 0.0547 512 147 758 378 3 0.0547 254 76 489 324 13 0.0546 570 147 832 372 3 0.0546 246 0 491 203 8 0.0545 450 338 692 577 6 0.0545 253 75 496 320 6 0.0545 575 144 832 367 8 0.0543 569 80 810 309 13 0.0542 347 0 708 155 11 0.0542 443 277 695 523 5 0.0541 238 713 507 958 11 0.0540 453 72 699 307 7 0.0539 410 0 763 160 5 0.0539 439 200 695 452 10 0.0539 573 409 829 641 7 0.0537 250 75 497 317 5 0.0537 444 333 687 571 0 0.0536 457 73 698 314 0 0.0536 446 208 705 461 8 0.0536 248 77 483 319 0 0.0534 502 15 763 244 3 0.0534 568 82 820 315 0 0.0532 331 67 567 313 7 0.0532 250 792 514 1023 7 0.0532 519 207 772 459 0 0.0529 510 408 761 646 6 0.0528 513 406 762 643 8 0.0528 701 404 948 641 5 0.0527 691 402 953 633 10 0.0525 409 5 758 155 6 0.0523 344 0 701 157 13 0.0523 507 84 764 309 5 0.0523 325 56 560 306 6 0.0520 510 83 764 306 8 0.0519 113 0 364 209 0 0.0517 451 342 701 581 3 0.0515 453 342 696 581 1 0.0514 572 337 825 578
yzU96HGlCd3bhlyirOPzqHX6qyicnMyS,0 0.0671 322 668 695 851 8 0.0658 142 677 487 849 7 0.0654 145 678 502 849 8 0.0630 19 697 361 870 10 0.0628 133 681 500 849 7 0.0627 316 713 564 955 11 0.0624 319 669 699 846 0 0.0616 315 715 557 962 0 0.0612 19 699 367 874 8 0.0612 252 712 498 960 5 0.0609 247 712 497 955 0 0.0608 139 678 498 852 11 0.0608 137 680 503 849 5 0.0588 259 666 624 842 5 0.0587 20 697 370 868 2 0.0576 21 704 374 872 11 0.0576 312 717 560 949 6 0.0564 323 668 698 850 3 0.0550 143 680 494 853 3 0.0548 254 715 501 964 6 0.0548 23 700 373 871 10 0.0547 309 721 561 953 6 0.0544 255 715 507 960 2 0.0541 252 719 502 959 13 0.0540 19 698 378 870 13 0.0534 315 713 567 954 2 0.0534 323 670 693 848 6 0.0527 144 680 502 850 13 0.0521 265 666 644 846 3 0.0514 22 701 370 876 9 0.0507 133 679 496 849 12 0.0505 80 685 427 859
Sal3zb5PNNFCMyQBHNjVfpOtkzzpd0dr,11 0.0570 375 454 648 685 11 0.0561 319 531 593 750 11 0.0549 447 533 707 761 11 0.0544 512 448 773 683 7 0.0536 377 451 650 689 5 0.0534 375 448 642 686 0 0.0533 57 793 309 1023 0 0.0531 445 457 712 707 8 0.0531 63 786 302 1023 13 0.0530 383 454 651 689 0 0.0520 320 525 589 758 13 0.0520 457 528 709 768 7 0.0514 453 531 707 774 6 0.0507 450 461 716 697 13 0.0503 330 526 596 757 13 0.0501 521 448 772 687 7 0.0501 320 528 591 755
WEdLzJCgbPxKn0J8VnAsjiFsOzvnyNck,8 0.0546 167 658 431 897 7 0.0541 238 535 592 718 11 0.0536 233 539 588 716 11 0.0532 162 662 437 894 5 0.0519 169 597 429 827 0 0.0511 162 660 433 901 6 0.0502 178 601 440 831 5 0.0501 226 533 583 717
6C1K6tzlnF8T3WMBEH1zVEF8rSaxawAc,5 0.0618 63 0 428 146 8 0.0618 184 800 436 1023 8 0.0608 72 0 416 146 7 0.0607 190 800 445 1023 5 0.0601 177 800 436 1019 5 0.0600 0 270 232 506 11 0.0592 183 801 438 1022 3 0.0576 76 0 426 149 0 0.0563 73 0 431 148 6 0.0555 52 1 313 193 7 0.0555 300 793 557 1017 13 0.0552 187 801 450 1022 5 0.0548 289 790 549 1009 10 0.0547 180 806 442 1023 0 0.0543 191 729 455 961 6 0.0538 187 802 444 1021 13 0.0538 300 796 561 1014 7 0.0536 4 273 245 509 11 0.0533 293 796 552 1012 11 0.0532 67 3 434 145 10 0.0528 44 2 308 192 10 0.0524 62 788 321 1014 6 0.0523 0 279 242 504 11 0.0521 64 781 321 1011 7 0.0520 48 0 315 195 8 0.0520 298 794 548 1012 13 0.0519 82 0 441 148 10 0.0518 294 795 556 1015 3 0.0512 245 787 507 1023 0 0.0510 0 281 240 510 7 0.0509 72 779 333 1016 3 0.0506 2 277 235 511 2 0.0501 185 807 440 1023
zL85MCMJO2EH2mUjabTpNdUeLBbHnmJu,8 0.0620 570 399 823 650 11 0.0601 635 540 894 767 11 0.0590 568 401 830 644 8 0.0588 580 654 820 897 6 0.0577 572 402 832 649 3 0.0570 575 405 828 657 11 0.0569 576 659 828 893 5 0.0568 623 460 881 698 8 0.0567 640 539 887 774 0 0.0566 637 541 892 775 5 0.0564 573 651 828 894 0 0.0559 448 713 691 958 7 0.0556 580 653 831 898 6 0.0553 641 544 897 776 11 0.0552 433 788 693 1017 0 0.0537 567 404 827 651 10 0.0535 576 661 828 897 0 0.0530 581 656 831 898 7 0.0528 573 400 832 651 13 0.0527 648 614 907 841 3 0.0516 579 657 829 900 2 0.0513 577 661 829 897 6 0.0511 578 657 834 893 7 0.0510 440 784 695 1020 8 0.0508 448 712 683 956
g122exB2uiXm869vDsaKJVfutXVuRg0U,5 0.0566 491 132 742 387 0 0.0556 313 199 559 447 11 0.0555 307 205 559 445 11 0.0551 243 284 499 504 11 0.0546 239 146 502 381 3 0.0542 372 260 626 518 5 0.0541 364 251 618 508 5 0.0540 306 193 553 442 3 0.0539 446 326 706 587 6 0.0539 509 199 761 454 8 0.0538 570 336 805 575 8 0.0538 315 202 551 443 0 0.0534 495 136 748 385 6 0.0533 312 203 562 446 0 0.0531 504 262 753 517 7 0.0527 507 197 762 454 0 0.0527 508 407 762 660 8 0.0526 505 265 747 515 13 0.0526 374 261 630 512 11 0.0526 366 263 627 511 11 0.0525 347 423 703 604 8 0.0523 250 277 487 508 5 0.0523 502 260 752 517 13 0.0519 508 262 763 516 3 0.0514 314 201 558 451 8 0.0514 351 421 693 606 0 0.0511 247 279 499 509 11 0.0509 492 140 750 385 0 0.0508 344 419 700 608 7 0.0507 372 259 630 514 6 0.0504 248 142 501 381 11 0.0503 172 220 438 452 3 0.0502 492 140 746 393 0 0.0502 369 261 625 514 0 0.0502 245 139 498 385 5 0.0502 565 332 808 577
QTZhZsITH03i9Igx7erB5aSqMIsQLHZM,0 0.0675 438 785 690 1023 7 0.0673 369 783 633 1023 0 0.0647 0 800 323 989 8 0.0633 440 785 685 1022 5 0.0629 300 792 563 1022 5 0.0627 434 783 686 1020 8 0.0622 307 795 562 1022 0 0.0613 304 798 568 1023 7 0.0605 244 792 508 1023 5 0.0603 170 796 432 1018 11 0.0600 304 800 565 1020 5 0.0599 0 797 320 983 0 0.0581 174 800 433 1023 13 0.0580 248 796 510 1023 6 0.0573 179 801 436 1023 11 0.0570 437 787 686 1020 0 0.0569 369 726 629 958 8 0.0567 0 799 317 983 13 0.0566 370 784 630 1023 3 0.0558 308 799 569 1023 11 0.0557 171 802 432 1018 8 0.0557 176 796 429 1023 6 0.0555 307 798 568 1022 11 0.0552 0 802 323 981 8 0.0550 368 726 622 954 6 0.0547 2 804 329 986 7 0.0544 3 802 329 988 10 0.0540 303 801 566 1023 11 0.0534 365 729 630 952 9 0.0534 364 788 631 1017 2 0.0532 367 786 629 1023 5 0.0532 363 718 624 953 11 0.0531 649 2 1014 148 8 0.0526 653 0 1002 150 10 0.0525 438 788 686 1023 10 0.0524 172 805 436 1021 1 0.0516 365 781 627 1023 10 0.0515 0 807 320 985 3 0.0512 181 804 436 1023 6 0.0509 369 725 630 955 13 0.0509 0 800 335 987 7 0.0509 376 666 635 887 3 0.0508 443 788 688 1023 3 0.0508 5 802 322 990 5 0.0508 640 0 1010 148 7 0.0505 512 785 770 1023 6 0.0504 440 790 692 1023 2 0.0503 177 805 438 1023
hZvz3WlJ9EjmZV8UzpFmNxI5LJBkbytv,5 0.0621 499 271 753 500 5 0.0607 496 140 756 372 5 0.0607 573 331 810 572 0 0.0603 510 346 753 574 11 0.0586 519 404 759 635 5 0.0584 503 15 757 260 7 0.0583 585 410 827 642 0 0.0572 584 416 827 642 8 0.0571 508 341 748 577 8 0.0565 508 21 755 262 11 0.0564 644 405 885 632 6 0.0563 509 22 767 259 11 0.0562 123 579 375 816 11 0.0561 169 800 432 1016 2 0.0560 511 26 762 264 11 0.0560 502 85 761 318 11 0.0556 574 473 826 691 0 0.0555 173 796 429 1022 13 0.0552 504 231 756 449 3 0.0549 512 24 764 272 5 0.0546 442 341 694 567 5 0.0544 170 793 425 1014 6 0.0543 639 331 874 559 5 0.0541 123 570 369 816 5 0.0539 515 395 754 634 8 0.0538 584 411 816 641 0 0.0537 571 266 827 496 7 0.0535 460 391 706 621 7 0.0535 512 22 765 265 10 0.0534 507 350 757 571 5 0.0533 575 468 822 691 2 0.0532 579 344 818 577 8 0.0531 441 279 695 515 13 0.0530 586 417 830 638 5 0.0530 644 400 878 625 13 0.0529 512 344 760 573 8 0.0529 572 261 813 493 8 0.0529 625 323 861 560 11 0.0529 502 278 759 500 0 0.0527 508 22 760 263 8 0.0526 176 796 424 1017 11 0.0524 575 341 814 572 3 0.0521 458 395 699 630 11 0.0521 425 147 704 379 5 0.0519 426 205 690 440 6 0.0518 521 407 765 638 10 0.0518 579 419 825 643 6 0.0518 129 578 375 820 6 0.0516 506 151 765 371 13 0.0515 508 21 768 264 11 0.0515 445 348 704 565 8 0.0515 515 463 758 695 7 0.0514 172 796 433 1021 0 0.0514 127 577 370 819 0 0.0511 501 230 748 448 6 0.0510 509 281 763 505 2 0.0509 506 283 761 503 13 0.0506 649 476 904 696 5 0.0505 582 93 824 318 7 0.0505 577 264 827 497 3 0.0504 127 579 374 826 7 0.0503 127 575 374 819 3 0.0503 586 415 818 646 0 0.0502 649 477 897 694 2 0.0501 503 154 761 372 7 0.0501 505 148 761 374 1 0.0501 503 18 759 263
6OKtEnihTMGUs73C5oGdgl2djf8Hf5Ne,0 0.0593 509 785 751 1023 7 0.0578 517 780 760 1023 11 0.0559 512 787 752 1012 8 0.0526 511 784 745 1022
uf23oTrqa6qFWzCfGAcDyZyyg9zBrmg2,0 0.0621 172 0 435 193 11 0.0594 170 0 436 191 8 0.0590 175 0 429 190 11 0.0581 350 472 716 656 13 0.0567 176 0 442 192 8 0.0535 360 469 707 658 7 0.0527 175 1 438 188 5 0.0526 169 0 432 188 10 0.0518 173 4 438 188 7 0.0518 358 471 724 655 13 0.0518 314 1 571 241 0 0.0515 355 473 719 659 6 0.0508 177 1 439 190 11 0.0504 306 8 568 237
s2aCZRtm2sX09thbrmn0FLDMDbG5I5Di,7 0.0581 438 785 690 1013 11 0.0570 314 333 577 567 11 0.0562 429 783 685 1012 0 0.0557 382 400 642 641 11 0.0551 0 459 153 788 5 0.0550 428 783 683 1011 8 0.0545 319 332 574 569 13 0.0539 439 787 689 1018 8 0.0529 436 782 678 1015 7 0.0528 313 398 566 634 11 0.0528 381 402 643 636 0 0.0527 0 449 149 806 10 0.0527 307 405 565 635 0 0.0525 428 781 686 1020 11 0.0524 0 28 254 255 8 0.0520 0 19 242 255 5 0.0514 304 397 564 634 8 0.0514 385 400 634 638 0 0.0513 317 332 580 569 3 0.0504 437 784 684 1020 7 0.0501 393 328 648 569 3 0.0500 394 333 643 574
poHXS4KqUG6vxvzLSL7L5pjLiiPN4ZzI,5 0.0605 268 456 509 701 11 0.0602 263 461 512 701 11 0.0602 188 525 441 751 8 0.0600 262 527 503 769 11 0.0594 321 342 582 576 13 0.0587 273 460 515 704 11 0.0586 323 530 580 765 13 0.0583 267 330 516 573 7 0.0583 193 521 442 756 8 0.0578 269 329 504 572 6 0.0576 192 520 441 754 7 0.0576 272 458 514 705 0 0.0576 266 398 508 644 3 0.0570 274 462 514 709 0 0.0561 325 343 581 576 6 0.0561 274 460 515 703 8 0.0560 332 388 571 643 0 0.0559 324 528 576 772 5 0.0558 186 517 434 752 11 0.0555 150 592 343 981 5 0.0554 262 328 506 567 10 0.0554 262 534 511 767 0 0.0548 197 331 445 569 13 0.0545 196 522 444 755 11 0.0545 191 336 446 567 7 0.0544 269 332 512 575 3 0.0542 195 523 440 761 11 0.0541 642 3 1015 150 3 0.0541 330 529 576 773 3 0.0537 269 333 509 578 6 0.0535 271 332 514 571 10 0.0534 263 401 510 642 3 0.0533 333 392 580 649 2 0.0532 190 527 437 756 2 0.0531 265 334 508 573 0 0.0529 192 526 435 756 5 0.0526 327 384 578 639 0 0.0525 393 397 640 639 13 0.0524 328 530 581 771 13 0.0523 330 389 585 646 10 0.0522 330 462 583 700 10 0.0522 199 336 444 567 7 0.0519 324 527 581 767 5 0.0510 318 524 573 763 7 0.0510 330 387 585 644 2 0.0506 270 463 511 704 5 0.0502 632 0 1008 153 6 0.0501 332 390 583 644
45Wjk2y4MMPGWXoweELQREXz4ggFTAwc,0 0.0613 510 398 775 644 5 0.0585 506 396 768 641 8 0.0574 511 397 768 639 7 0.0560 514 396 776 641 0 0.0548 331 349 695 531 6 0.0547 513 401 780 642 11 0.0546 509 403 773 636 10 0.0537 506 405 775 640 6 0.0536 345 348 704 527 2 0.0535 511 406 775 640 3 0.0526 512 401 775 645 11 0.0524 333 351 697 527 8 0.0520 336 349 684 527 13 0.0511 512 400 778 640 5 0.0508 331 346 689 527 9 0.0506 507 403 774 636 7 0.0503 340 351 698 529
NuV9f2b0GcBV87lNJhM934LtBNRSUdkb,7 0.0684 380 778 630 1020 11 0.0676 379 782 626 1021 11 0.0645 317 716 574 942 5 0.0633 372 776 621 1020 8 0.0597 380 779 620 1023 7 0.0594 327 710 577 941 6 0.0576 379 783 629 1023 0 0.0568 375 780 628 1023 5 0.0567 316 709 570 943 2 0.0559 380 785 629 1022 3 0.0555 381 777 626 1023 10 0.0552 379 783 627 1021 0 0.0543 321 713 575 950 8 0.0541 324 714 566 945 13 0.0538 383 781 631 1023 9 0.0533 376 783 626 1019 10 0.0522 323 717 575 943 6 0.0506 322 715 578 945 12 0.0505 382 778 625 1023 1 0.0501 371 772 626 1023
bC3NLXnzGNOI3AsD4QqvFBrWFaMrUwJM,11 0.0522 314 352 568 563 7 0.0517 263 404 513 632 11 0.0513 256 412 515 632 7 0.0512 326 344 571 563 7 0.0509 132 474 399 721 8 0.0503 185 468 427 712
XsEba9L6wG9knF7UQ6dgoU8oJ9lCw4as,7 0.0574 493 789 750 1014 11 0.0560 484 794 746 1008 7 0.0548 253 404 523 662 8 0.0536 376 456 624 703 0 0.0534 187 0 457 212 8 0.0533 190 0 440 204 13 0.0529 378 463 642 705 13 0.0528 446 525 712 765 8 0.0524 490 792 733 1006 7 0.0520 321 591 569 839 0 0.0517 487 791 746 1013 7 0.0516 578 461 831 700 0 0.0515 367 460 634 709 5 0.0507 367 450 629 703 7 0.0505 369 783 629 1014 11 0.0503 627 771 891 974 7 0.0502 252 535 504 777 13 0.0501 559 804 817 1023
CybEuD87ORXw0bGaC970Y1xnb1OKNNpz,0 0.0629 63 599 329 854 13 0.0584 73 601 331 858 11 0.0578 68 604 326 847 5 0.0578 65 596 322 853 5 0.0566 314 592 581 836 5 0.0565 315 468 576 704 0 0.0563 316 533 579 775 11 0.0563 319 273 580 518 7 0.0554 71 602 327 857 6 0.0545 323 535 582 769 0 0.0543 320 203 561 456 11 0.0542 318 139 588 388 7 0.0541 321 203 568 450 5 0.0540 388 333 652 579 11 0.0539 443 607 706 839 7 0.0533 322 601 585 839 0 0.0533 448 604 704 841 8 0.0531 372 663 631 902 6 0.0527 332 406 591 639 11 0.0524 460 407 721 657 0 0.0524 317 659 580 898 11 0.0523 376 492 650 716 5 0.0522 456 397 719 657 11 0.0522 389 340 655 579 0 0.0521 325 343 575 581 3 0.0519 330 406 583 651 8 0.0518 75 597 320 852 11 0.0518 317 602 583 833 10 0.0517 68 602 329 853 5 0.0513 318 268 573 516 5 0.0513 442 599 700 835 3 0.0511 394 341 654 588 11 0.0510 322 410 584 641 13 0.0509 322 537 582 775 7 0.0508 391 273 659 509 7 0.0504 450 609 708 839 11 0.0503 257 212 517 448 6 0.0503 75 602 333 853 6 0.0501 391 133 655 375 0 0.0500 464 406 720 665
zfHq7fSGfrwtjKwrUtXzNp50ZTDiWFwA,5 0.0669 133 871 495 1021 11 0.0630 136 875 500 1022 7 0.0623 311 719 562 957 7 0.0621 144 874 501 1023 8 0.0609 140 874 491 1023 10 0.0577 133 878 499 1023 0 0.0572 139 876 498 1022 11 0.0570 303 721 565 955 0 0.0568 374 705 629 955 6 0.0557 145 875 500 1023 5 0.0552 369 704 628 949 8 0.0534 374 711 622 947 13 0.0522 375 710 637 952 10 0.0507 309 726 561 957 3 0.0500 147 876 495 1023 9 0.0500 136 877 503 1020
XMTyspZXmscqGm736JjtBAdW5vMKhafz,5 0.0676 248 785 488 1022 8 0.0660 180 782 416 1021 11 0.0651 251 726 497 964 7 0.0629 182 786 425 1023 6 0.0623 251 791 494 1023 11 0.0614 179 784 424 1020 3 0.0613 253 786 492 1023 7 0.0601 256 723 499 971 13 0.0594 182 783 428 1022 0 0.0594 252 789 492 1023 9 0.0593 248 793 490 1021 5 0.0580 309 720 564 957 6 0.0576 313 724 576 962 2 0.0570 179 786 424 1023 10 0.0566 249 793 492 1022 0 0.0550 312 721 571 965 13 0.0546 257 726 501 973 8 0.0543 254 724 491 969 11 0.0538 360 623 711 793 5 0.0538 352 619 707 796 11 0.0533 251 270 513 497 3 0.0531 315 721 570 969 0 0.0528 242 602 501 843 1 0.0523 246 784 491 1023 11 0.0519 244 607 498 830 5 0.0518 236 602 496 834 10 0.0515 313 728 572 958 7 0.0514 247 604 501 836 0 0.0512 359 623 718 802 7 0.0512 230 351 590 540 13 0.0510 308 285 578 496 11 0.0507 366 530 618 748 12 0.0504 255 788 489 1023 2 0.0503 254 729 499 967 13 0.0503 125 257 374 490 6 0.0502 365 625 721 800 8 0.0502 187 331 430 568 0 0.0501 241 334 502 560
A2Pchm0SR65zlEynFpieEfvbd0jLqWle,5 0.0674 189 722 434 958 10 0.0650 128 722 370 952 8 0.0644 194 724 435 958 5 0.0635 124 656 366 891 8 0.0630 129 656 363 892 0 0.0628 130 717 370 958 11 0.0628 126 720 373 954 7 0.0627 195 722 438 961 3 0.0609 195 723 435 962 7 0.0600 129 657 369 894 6 0.0577 130 723 373 954 13 0.0557 131 718 376 955 9 0.0554 125 720 371 949 13 0.0545 311 339 588 553 3 0.0542 131 659 366 895 11 0.0537 126 588 369 820 2 0.0534 195 728 438 962 0 0.0532 129 584 369 825 7 0.0531 257 595 507 825 0 0.0527 509 345 766 567 11 0.0526 251 601 501 823 12 0.0524 195 723 438 960 1 0.0514 126 714 369 955 7 0.0513 460 386 707 618 11 0.0511 456 392 699 614
yxUFoCF8BSZVyoHM9i0HNSGjGsYIVPps,11 0.0658 501 793 753 1018 11 0.0621 434 729 695 959 7 0.0596 381 787 630 1021 5 0.0591 434 781 687 1016 11 0.0587 376 786 626 1021 5 0.0586 386 520 649 755 0 0.0577 498 798 756 1023 6 0.0574 440 789 696 1020 5 0.0568 429 668 693 899 0 0.0568 378 204 653 434 6 0.0564 439 674 702 899 7 0.0563 400 532 659 765 5 0.0559 302 302 562 536 6 0.0558 512 731 768 965 0 0.0554 305 309 567 544 11 0.0554 377 613 631 837 11 0.0550 384 126 646 374 8 0.0549 500 794 749 1023 11 0.0545 570 740 830 959 3 0.0545 441 786 691 1023 2 0.0544 438 790 693 1021 3 0.0542 387 202 657 435 8 0.0541 436 672 688 901 5 0.0538 374 196 652 427 8 0.0537 377 790 618 1023 7 0.0535 441 672 704 901 11 0.0532 312 269 561 491 0 0.0529 569 739 830 970 13 0.0528 441 788 698 1020 11 0.0526 310 79 548 305 5 0.0526 43 0 303 203 7 0.0526 506 793 760 1023 3 0.0521 439 673 695 908 3 0.0520 329 541 586 783 13 0.0517 324 269 566 497 13 0.0513 388 615 641 844 13 0.0513 510 731 771 966 8 0.0511 398 530 648 764 8 0.0510 382 199 644 430 5 0.0509 502 723 759 965 11 0.0509 563 0 824 206 10 0.0506 377 790 624 1023 6 0.0506 401 530 660 758
jh85RGG86frqGLBoRsTFrDRfWQmRUyxf,11 0.0607 500 714 753 943 11 0.0527 566 405 826 636 7 0.0514 570 405 827 642 8 0.0513 501 711 745 947 8 0.0507 567 407 814 639 7 0.0505 257 586 513 814
YyEa28gkI4zLHVYMKm3EZHDPJEIWz12e,11 0.0592 561 594 827 831 11 0.0587 261 467 520 686 0 0.0583 496 592 750 832 5 0.0573 255 268 501 508 8 0.0572 495 591 745 830 8 0.0568 494 467 751 710 5 0.0557 488 584 747 829 6 0.0543 496 592 753 833 0 0.0542 428 469 696 713 11 0.0536 431 470 700 709 8 0.0535 259 273 494 513 11 0.0535 249 342 498 571 8 0.0534 377 587 620 824 11 0.0534 496 528 765 774 0 0.0530 571 533 823 768 7 0.0529 501 585 755 831 13 0.0528 383 589 635 825 13 0.0522 498 588 759 830 7 0.0517 263 267 509 513 11 0.0516 374 588 627 825 8 0.0516 571 531 815 767 3 0.0515 499 590 749 839 2 0.0512 497 593 751 831 6 0.0511 257 341 494 571 7 0.0508 382 588 631 827 7 0.0506 270 460 523 691 13 0.0504 436 468 704 715 6 0.0503 382 591 630 821 0 0.0502 376 586 623 828 5 0.0502 118 405 360 639 8 0.0501 315 353 548 589
uOu2s0NNxfrZUuXifCxzs5Bkre3hcQsz,11 0.0621 229 338 491 571 5 0.0596 245 718 495 954 11 0.0583 168 271 438 508 0 0.0580 306 207 568 426 8 0.0580 234 337 481 568 11 0.0579 298 287 567 506 11 0.0570 233 208 506 431 8 0.0562 172 266 427 509 8 0.0562 249 720 495 957 0 0.0554 234 337 492 570 7 0.0543 306 283 570 515 7 0.0543 178 269 440 509 5 0.0539 229 393 485 634 11 0.0539 244 723 500 954 6 0.0535 250 723 505 957 7 0.0531 235 335 496 573 3 0.0525 234 339 491 574 0 0.0524 174 271 436 509 3 0.0523 306 286 567 511 8 0.0523 306 210 561 425 5 0.0519 231 269 500 508 6 0.0519 177 271 440 510 13 0.0518 312 208 578 429 6 0.0515 307 283 573 506 6 0.0513 237 337 498 569 13 0.0513 176 269 443 511 7 0.0509 249 721 503 960 3 0.0506 240 205 505 436 13 0.0502 239 338 496 572 10 0.0500 233 344 492 569
QlaCnHfPEaETw7orX43JjPPa4GDPEYiG,11 0.0589 246 712 505 941 11 0.0578 308 777 562 1004 0 0.0578 252 708 504 949 11 0.0562 427 780 690 1002 5 0.0559 180 709 437 947 7 0.0550 254 709 508 946 0 0.0543 426 776 690 1010 8 0.0542 253 709 500 948 0 0.0541 320 660 583 900 6 0.0524 252 709 508 947 8 0.0519 429 776 678 1004 7 0.0512 428 777 694 1005 3 0.0504 254 710 503 952 5 0.0502 314 716 565 952
sXsPi7RzdFP6XmQPXZv2Ir4VK5qFjPzc,11 0.0589 374 737 651 959 6 0.0540 866 195 1023 570 11 0.0536 391 611 651 840 11 0.0522 860 202 1023 567 8 0.0508 863 191 1018 570 0 0.0508 865 202 1022 572 7 0.0507 864 191 1023 577 7 0.0506 308 466 586 705 10 0.0505 860 203 1022 571 0 0.0502 303 470 575 709
2kMDIECSMXKd0AvXicwUhL547de9eLzz,11 0.0640 447 461 708 698 8 0.0620 448 453 700 704 0 0.0618 445 456 709 707 0 0.0615 384 518 643 773 0 0.0600 511 347 761 581 7 0.0598 451 455 712 702 11 0.0597 381 522 642 764 8 0.0583 589 459 821 700 6 0.0581 451 458 716 705 5 0.0581 437 774 687 1009 11 0.0579 512 351 764 570 11 0.0575 440 778 686 1008 13 0.0573 452 459 716 703 5 0.0569 309 771 563 1006 5 0.0568 446 454 705 703 7 0.0567 375 582 637 826 11 0.0562 594 465 832 694 3 0.0557 452 460 712 707 6 0.0551 518 352 768 579 5 0.0547 510 343 758 575 5 0.0546 591 456 828 702 7 0.0538 447 777 692 1015 13 0.0536 450 780 696 1015 6 0.0533 388 521 650 767 7 0.0531 583 392 828 627 2 0.0529 513 358 765 576 7 0.0522 319 777 567 1012 3 0.0521 387 521 645 773 10 0.0521 382 782 626 1013 11 0.0520 307 775 564 1006 13 0.0519 317 774 577 1010 3 0.0519 517 347 761 584 8 0.0518 385 518 632 767 3 0.0517 595 463 833 707 2 0.0516 448 465 714 703 8 0.0516 513 345 755 578 12 0.0514 390 467 644 713 13 0.0511 389 520 647 768 13 0.0506 242 410 507 652 0 0.0506 238 405 498 648 0 0.0506 377 193 654 431 13 0.0506 516 347 768 580 6 0.0501 318 773 566 1008 0 0.0501 499 779 754 1020 10 0.0500 444 461 711 702
MtcyJ1QLts9FwswcKM8pBqIVO5TjGtDo,11 0.0553 332 480 689 664 5 0.0516 359 282 605 520
URLvhDyVdzLYljr7J9pSWPePg5jOb5UF,11 0.0651 391 459 643 694 5 0.0644 235 259 494 501 8 0.0643 391 530 636 782 11 0.0638 380 595 637 840 11 0.0633 236 265 497 501 11 0.0629 370 737 623 973 5 0.0628 384 530 637 781 6 0.0628 389 594 637 838 7 0.0612 398 456 644 697 3 0.0599 393 535 639 790 13 0.0599 394 537 646 785 6 0.0597 395 456 642 695 6 0.0584 184 267 435 502 7 0.0583 442 599 689 843 0 0.0583 393 456 640 696 0 0.0573 185 263 436 503 0 0.0572 439 595 683 849 8 0.0569 241 263 493 507 5 0.0566 237 145 498 383 7 0.0566 370 808 624 1023 5 0.0565 513 69 766 311 7 0.0564 185 261 435 499 5 0.0557 373 59 631 311 3 0.0556 240 261 497 510 8 0.0556 357 208 619 454 13 0.0555 244 262 503 508 5 0.0552 115 259 379 490 10 0.0552 240 269 496 504 0 0.0549 356 139 632 377 0 0.0549 365 28 710 212 8 0.0547 375 736 620 975 11 0.0542 352 139 629 375 10 0.0542 389 536 639 784 2 0.0540 392 535 635 781 7 0.0539 322 0 576 206 11 0.0538 241 149 503 380 11 0.0535 445 67 695 301 12 0.0534 393 533 639 784 7 0.0533 363 206 630 455 11 0.0532 310 2 579 206 8 0.0531 517 141 758 384 8 0.0528 445 63 688 305 8 0.0528 317 0 572 206 10 0.0528 314 5 578 206 7 0.0526 429 733 694 984 10 0.0522 446 72 697 303 13 0.0519 362 137 635 378 11 0.0519 112 264 385 492 10 0.0517 356 146 629 378 3 0.0514 320 0 582 210 6 0.0514 322 77 579 328 9 0.0513 390 458 644 689 6 0.0513 526 140 772 383 2 0.0512 306 212 566 449 6 0.0511 365 207 631 455 13 0.0509 318 0 584 209 7 0.0508 310 141 566 385 5 0.0508 307 0 575 205 0 0.0507 518 144 766 386 7 0.0507 384 66 635 315 6 0.0505 319 0 585 206 5 0.0505 365 726 620 971 9 0.0503 445 542 695 777
2OgHLd6GmAkrh08AWwiLYSoQXfWeVvkJ,3 0.0611 421 0 773 154 0 0.0606 422 2 775 152 5 0.0604 413 0 772 151 8 0.0599 170 405 422 637 7 0.0593 387 0 647 203 13 0.0584 322 1 587 213 8 0.0576 421 0 762 151 11 0.0570 313 2 578 211 6 0.0563 321 0 581 213 11 0.0562 417 1 770 150 8 0.0561 565 8 818 254 6 0.0559 417 0 782 150 2 0.0552 420 3 770 151 13 0.0551 424 0 786 152 0 0.0550 171 332 430 570 11 0.0549 106 415 381 654 11 0.0534 186 474 448 712 8 0.0530 76 479 321 714 3 0.0529 390 65 647 318 5 0.0520 169 403 424 633 9 0.0518 408 1 776 148 11 0.0517 166 325 433 566 10 0.0515 419 2 775 150 5 0.0515 615 0 894 208 8 0.0514 161 268 409 500 11 0.0513 380 70 647 310 7 0.0510 175 402 433 637 8 0.0510 565 669 817 900 0 0.0509 115 418 375 652 7 0.0507 563 0 843 191 0 0.0504 386 69 649 310
m5bstnm3iu13H0xZSDq7N5vVOZ9FZUwm,11 0.0613 711 482 958 713 0 0.0596 719 478 953 717 11 0.0563 308 787 563 1018 11 0.0558 168 468 414 697 8 0.0544 718 478 948 711 5 0.0521 712 473 952 709 0 0.0518 308 784 565 1022 11 0.0500 254 354 512 573
lONpe56xP02xOKEdfsNhFnkjIDNFqiHZ,8 0.0604 503 280 755 528 11 0.0598 558 593 821 833 8 0.0592 564 591 812 840 3 0.0574 508 284 762 534 5 0.0573 247 338 501 573 11 0.0572 562 458 818 696 5 0.0568 756 0 1015 209 11 0.0568 499 284 763 524 8 0.0567 561 457 811 703 0 0.0566 451 141 723 386 0 0.0566 562 590 819 842 5 0.0562 498 280 760 525 6 0.0562 506 285 766 528 0 0.0552 506 281 764 528 5 0.0552 562 585 819 836 11 0.0551 326 607 571 842 2 0.0550 561 527 816 767 0 0.0543 561 458 818 703 5 0.0542 322 47 581 277 6 0.0540 579 215 826 459 7 0.0540 252 344 506 580 5 0.0539 239 715 498 955 13 0.0536 257 344 513 583 13 0.0535 762 0 1023 206 5 0.0535 260 117 506 336 3 0.0534 570 589 819 843 8 0.0533 331 603 564 846 3 0.0530 757 0 1021 217 2 0.0529 256 346 508 579 8 0.0529 574 215 812 459 11 0.0528 451 141 719 375 6 0.0528 567 524 818 766 7 0.0527 563 519 821 770 6 0.0527 455 143 729 378 7 0.0526 507 282 767 532 0 0.0525 253 339 504 577 13 0.0524 505 285 768 529 11 0.0524 248 342 505 573 13 0.0523 565 463 827 703 5 0.0521 445 137 716 379 8 0.0521 453 140 718 383 13 0.0521 456 143 729 383 11 0.0519 239 722 504 952 0 0.0519 576 217 822 462 5 0.0518 566 217 819 455 8 0.0515 250 718 495 955 6 0.0515 505 598 763 836 11 0.0512 753 4 1017 206 5 0.0511 561 453 819 702 7 0.0510 320 720 576 962 0 0.0510 328 603 570 844 10 0.0510 503 286 760 527 3 0.0510 251 345 503 582 0 0.0509 244 720 505 958 5 0.0507 326 664 579 904 8 0.0507 250 342 495 580 3 0.0507 575 221 820 464 7 0.0504 334 603 574 844 7 0.0504 505 596 768 837 10 0.0503 761 7 1021 203 13 0.0501 250 715 511 961 11 0.0501 568 215 820 457 13 0.0500 396 0 661 241
YYjGpue5hbOg4GXaO2YNcgPiuhfY8TVh,11 0.0646 235 529 498 760 0 0.0583 241 523 497 763 8 0.0566 239 523 492 761 6 0.0556 241 529 502 761 7 0.0555 241 521 501 763 2 0.0533 241 532 503 762 13 0.0526 241 527 503 761 3 0.0525 242 525 495 764 5 0.0517 237 519 494 757
FVQnDCV4Hyrur6PgentypQYuyGIU7PCZ,0 0.0578 435 455 697 702 11 0.0556 279 483 641 661 7 0.0549 439 452 700 698 6 0.0548 284 482 640 666 0 0.0522 283 481 634 665 8 0.0518 442 403 693 645 5 0.0518 432 519 706 762 10 0.0517 277 485 640 661 11 0.0517 437 405 700 645 8 0.0508 301 455 569 685 6 0.0505 442 403 706 644 0 0.0505 129 2 499 157 11 0.0504 124 0 507 151 13 0.0503 285 481 645 666
wd6Wpb3Yqul1vwt0PbVLB27RtTaRWVOU,11 0.0606 186 222 440 450 11 0.0592 498 471 766 694 7 0.0578 258 265 521 502 8 0.0574 258 451 496 689 11 0.0570 334 541 695 711 8 0.0566 189 214 430 454 7 0.0563 398 473 766 645 6 0.0563 193 221 443 452 13 0.0561 193 221 448 453 5 0.0560 384 469 751 645 7 0.0557 343 539 702 712 8 0.0556 253 265 510 504 0 0.0552 256 268 517 504 13 0.0547 393 475 768 645 0 0.0545 500 469 770 699 5 0.0544 190 214 437 450 3 0.0542 398 477 759 651 6 0.0536 256 271 526 501 8 0.0533 389 474 744 645 5 0.0531 498 528 747 771 6 0.0528 507 471 772 699 7 0.0527 504 531 761 772 13 0.0524 345 542 703 711 10 0.0518 503 532 755 771 11 0.0513 302 201 569 423 3 0.0508 348 541 696 716 10 0.0506 251 273 519 498 5 0.0504 258 450 496 683 10 0.0503 189 226 436 450 0 0.0503 337 539 696 714 0 0.0502 194 218 435 455 6 0.0500 262 457 509 685
YdVCk5vgiEh2PZqARM5Dh0luk1rKAeL5,11 0.0601 410 677 780 854 5 0.0595 518 463 773 701 5 0.0589 570 209 825 442 7 0.0582 529 468 787 700 0 0.0559 521 468 782 708 8 0.0557 525 470 775 701 0 0.0556 575 282 830 505 8 0.0556 577 281 825 502 11 0.0548 308 808 569 1021 8 0.0541 429 595 695 824 11 0.0541 525 471 780 697 11 0.0532 564 137 826 368 13 0.0532 524 468 786 703 2 0.0530 527 477 781 704 11 0.0518 634 295 903 517 11 0.0517 192 812 445 1022 11 0.0516 578 682 844 896 6 0.0512 529 468 786 699 13 0.0510 579 284 840 506 6 0.0508 580 286 836 504 7 0.0507 422 673 782 854 3 0.0503 526 470 777 707 7 0.0501 580 280 836 503
4nDwAmwDxRATbivTr7WrEUN4khhJy6GL,11 0.0638 436 144 690 377 5 0.0604 249 268 507 499 5 0.0599 689 460 947 705 6 0.0593 259 273 511 504 5 0.0589 172 456 445 703 8 0.0586 256 328 500 561 7 0.0578 331 163 701 350 0 0.0577 325 80 576 319 0 0.0577 435 143 689 377 6 0.0576 332 162 703 348 11 0.0575 252 328 509 555 8 0.0567 395 76 635 320 11 0.0563 258 68 513 310 6 0.0561 335 209 589 437 3 0.0560 336 164 697 351 5 0.0558 179 325 434 555 5 0.0558 387 73 636 317 8 0.0557 393 269 645 502 0 0.0556 499 207 761 447 8 0.0554 264 64 501 319 5 0.0553 512 282 760 516 0 0.0550 390 271 646 502 8 0.0550 516 280 759 516 6 0.0549 267 133 520 377 8 0.0548 181 267 432 500 3 0.0547 257 327 507 565 0 0.0547 256 272 510 504 11 0.0546 252 200 520 433 7 0.0545 255 270 511 505 8 0.0544 182 395 432 639 11 0.0543 688 469 951 705 7 0.0542 505 209 767 448 8 0.0541 260 197 510 439 3 0.0540 265 130 521 381 5 0.0540 257 127 515 372 7 0.0538 389 207 646 442 13 0.0536 258 200 523 438 13 0.0536 338 164 710 349 11 0.0533 496 208 765 447 5 0.0531 385 265 646 499 3 0.0527 505 210 764 455 6 0.0526 393 269 652 503 8 0.0524 571 205 826 447 5 0.0524 111 527 380 782 6 0.0523 502 206 767 445 3 0.0522 446 279 703 514 3 0.0522 184 272 440 508 11 0.0522 192 130 458 372 7 0.0519 447 276 706 504 10 0.0518 266 138 522 373 6 0.0516 191 327 441 564 11 0.0515 437 278 704 504 6 0.0513 185 199 445 440 2 0.0512 326 82 575 316 13 0.0511 580 210 841 449 13 0.0511 395 207 652 439 10 0.0511 329 167 701 347 8 0.0510 121 340 367 574 5 0.0510 323 203 581 432 0 0.0508 331 208 584 439 7 0.0507 262 129 521 375 11 0.0506 175 267 443 493 2 0.0505 390 273 648 501 7 0.0504 188 324 441 558 3 0.0503 394 207 646 444 11 0.0501 173 395 447 630 5 0.0501 173 194 438 432 6 0.0500 787 341 1023 561
2fHZVRMDoM3mgowStgCjLyQUvVBm34F1,11 0.0599 636 449 901 690 5 0.0599 637 438 893 693 8 0.0593 183 398 440 653 11 0.0588 153 656 429 888 11 0.0572 439 648 711 875 8 0.0571 240 505 492 754 5 0.0570 184 455 446 707 11 0.0563 170 788 422 1009 11 0.0561 507 576 757 809 11 0.0557 636 587 903 813 11 0.0555 174 516 436 760 5 0.0547 244 329 513 564 0 0.0544 444 648 714 883 8 0.0540 575 455 830 695 7 0.0536 250 394 512 636 7 0.0535 193 457 453 706 7 0.0533 231 782 487 1014 0 0.0532 172 780 422 1014 13 0.0532 578 462 843 697 11 0.0531 185 280 439 508 8 0.0529 648 262 877 497 11 0.0529 629 330 887 551 11 0.0528 236 725 495 956 8 0.0524 185 274 429 516 8 0.0524 573 578 818 819 0 0.0521 162 652 428 890 7 0.0521 583 457 837 697 6 0.0521 446 654 718 879 5 0.0520 630 322 880 556 8 0.0520 435 465 684 695 5 0.0520 182 276 428 510 8 0.0519 510 526 753 763 3 0.0519 242 454 506 705 8 0.0519 247 331 504 566 13 0.0519 193 464 458 710 5 0.0517 634 576 894 817 8 0.0516 111 579 364 819 11 0.0515 185 402 447 647 11 0.0513 304 792 552 1013 8 0.0512 369 523 619 755 7 0.0512 193 277 440 510 11 0.0509 286 645 562 875 13 0.0506 252 400 521 640 13 0.0506 192 279 444 516 10 0.0506 639 455 896 688 13 0.0505 571 793 827 1023 7 0.0505 517 527 760 762 0 0.0504 635 451 898 690 3 0.0503 645 267 885 503 11 0.0503 107 585 374 816 8 0.0500 443 649 702 878 3 0.0500 374 525 630 763
cSmg6OokXq2GahWwtf6L6t72fc2sOf56,5 0.0629 371 5 614 243 0 0.0619 505 658 759 897 5 0.0588 503 653 758 896 8 0.0586 506 660 752 896 11 0.0585 501 661 758 891 5 0.0585 508 11 758 242 7 0.0580 511 656 763 899 11 0.0575 506 17 763 237 8 0.0572 251 1 488 249 6 0.0571 509 659 759 897 5 0.0567 420 149 759 353 8 0.0563 375 15 614 246 8 0.0556 510 19 756 243 11 0.0551 636 815 888 1019 11 0.0548 363 666 639 899 11 0.0547 246 2 492 247 0 0.0547 247 4 495 251 0 0.0543 368 662 640 904 5 0.0542 433 714 697 956 3 0.0541 509 663 759 900 8 0.0541 50 343 324 579 11 0.0541 369 12 618 240 6 0.0537 514 17 762 244 5 0.0537 245 0 489 247 3 0.0537 381 14 621 249 6 0.0536 377 662 641 902 13 0.0536 250 0 502 253 7 0.0535 442 719 707 959 11 0.0535 508 794 766 1020 7 0.0534 517 789 770 1023 7 0.0534 640 809 895 1023 6 0.0532 374 14 623 245 10 0.0531 505 663 757 895 0 0.0530 509 19 761 243 3 0.0529 516 19 762 251 5 0.0527 508 783 760 1019 8 0.0526 437 723 695 958 3 0.0523 256 1 493 252 11 0.0521 44 353 339 570 5 0.0516 614 402 886 642 6 0.0516 256 1 498 251 8 0.0515 638 815 881 1023 7 0.0514 516 16 765 245 13 0.0511 511 659 762 896 0 0.0509 376 13 618 244 9 0.0507 505 661 758 891 0 0.0507 515 411 781 653 13 0.0507 449 796 700 1023 7 0.0506 255 76 503 320 10 0.0505 434 725 702 956 13 0.0505 514 16 767 243 3 0.0503 441 724 702 960 2 0.0502 507 665 759 896 8 0.0501 184 329 433 579 0 0.0501 47 350 336 579 11 0.0501 373 534 641 771 5 0.0501 632 811 885 1020 11 0.0500 371 799 617 1022
dr7uqMkOB0zmztLA5S9asRSIPnbDMuDf,0 0.0673 271 672 627 852 11 0.0641 270 674 623 850 8 0.0640 274 671 622 850 7 0.0626 275 672 630 851 5 0.0624 266 671 620 849 0 0.0620 182 656 438 904 8 0.0615 116 651 365 903 11 0.0604 114 657 375 901 6 0.0598 272 673 627 852 10 0.0583 266 674 624 850 5 0.0550 181 650 433 902 3 0.0548 275 673 629 854 8 0.0547 200 530 443 763 0 0.0540 577 608 825 845 7 0.0540 202 531 458 764 0 0.0539 199 529 451 769 13 0.0537 578 603 834 838 7 0.0534 187 654 445 902 11 0.0530 571 608 828 835 11 0.0529 199 531 451 762 9 0.0527 268 673 625 846 13 0.0524 275 672 634 851 5 0.0522 569 600 822 839 2 0.0520 273 677 625 851 12 0.0513 275 672 628 852 8 0.0512 565 682 823 923 10 0.0503 199 532 454 762
Bna94YXeS4s7AQwuRg2xnLWjTTwdtfYX,11 0.0559 363 478 708 665 0 0.0543 3 486 267 722 8 0.0542 362 409 703 605 13 0.0537 780 573 1023 811 5 0.0536 355 471 702 663 13 0.0536 311 0 573 203 3 0.0535 370 474 715 671 8 0.0533 311 0 557 200 6 0.0532 362 475 713 665 10 0.0524 302 4 562 200 7 0.0523 304 0 563 202 8 0.0521 312 482 637 664 0 0.0521 303 2 563 204 5 0.0518 768 570 1017 808 13 0.0514 364 474 714 667 11 0.0514 301 0 562 203 8 0.0510 453 272 707 518 7 0.0507 14 481 271 721 0 0.0505 362 477 709 665 11 0.0501 760 468 1013 674
fimFynwDqkrARdaNyvdy19t5kd25nMXR,11 0.0610 578 522 839 763 6 0.0574 585 518 838 766 10 0.0573 578 522 839 767 5 0.0571 499 577 751 826 5 0.0570 381 404 637 640 8 0.0567 499 584 748 823 11 0.0562 384 410 643 640 8 0.0559 388 408 634 642 8 0.0552 574 394 823 634 6 0.0551 506 585 761 822 0 0.0549 372 339 635 581 7 0.0546 584 518 839 766 11 0.0545 575 396 830 632 0 0.0538 501 586 754 825 13 0.0533 580 453 846 695 11 0.0533 383 279 650 516 7 0.0524 391 406 644 649 6 0.0524 575 396 834 635 7 0.0523 507 586 760 824 0 0.0519 255 169 512 397 5 0.0515 569 449 834 690 0 0.0512 577 521 834 769 3 0.0512 505 586 756 829 11 0.0512 447 588 695 822 11 0.0511 712 400 968 645 8 0.0511 580 522 828 769 10 0.0510 500 585 756 823 6 0.0510 391 408 644 641 10 0.0509 650 405 899 641 13 0.0508 504 585 767 823 2 0.0505 386 414 639 643 3 0.0501 389 408 646 650
IYNeoPyh0DxZSCUD4MbKGwihfGIrjU4L,5 0.0623 573 400 826 630 0 0.0597 573 404 831 633 8 0.0589 573 403 826 630 11 0.0585 571 406 829 629 7 0.0574 577 466 839 710 3 0.0548 578 405 831 638 7 0.0546 315 387 571 626 13 0.0535 579 471 842 708 7 0.0534 391 334 630 549 11 0.0534 691 409 947 617 5 0.0523 635 315 891 542 10 0.0517 572 408 829 633 8 0.0516 642 314 890 546 6 0.0514 575 472 843 708 8 0.0513 694 401 941 616 11 0.0512 639 322 897 549 13 0.0509 313 392 576 620 0 0.0507 642 317 896 548 2 0.0507 575 410 830 633 5 0.0506 688 404 943 615 3 0.0503 390 335 627 552 8 0.0501 307 390 560 620
kOPxRaT6ZsSCGKxABBDExobXXavocqTa,7 0.0640 391 782 631 1023 8 0.0636 448 781 686 1021 5 0.0629 504 714 752 947 11 0.0628 382 720 630 960 5 0.0624 312 718 554 960 11 0.0617 438 661 691 896 11 0.0610 445 785 690 1017 0 0.0610 382 718 631 964 5 0.0599 443 783 685 1017 8 0.0592 444 662 687 897 8 0.0589 510 714 752 947 6 0.0586 448 788 693 1023 0 0.0578 446 785 693 1023 13 0.0577 450 787 695 1023 8 0.0576 323 666 572 904 6 0.0572 387 724 639 962 10 0.0567 384 723 632 958 7 0.0567 508 716 760 950 5 0.0564 246 781 490 1016 7 0.0559 325 663 582 903 13 0.0555 326 664 586 906 10 0.0553 440 664 693 897 13 0.0551 509 721 767 952 7 0.0550 257 780 504 1017 0 0.0542 507 719 758 956 10 0.0542 447 786 691 1018 3 0.0539 326 666 576 909 11 0.0539 430 532 697 750 11 0.0533 253 782 496 1016 8 0.0532 252 782 492 1020 7 0.0527 516 581 760 811 6 0.0525 443 664 698 897 5 0.0525 437 659 687 895 0 0.0520 432 463 694 689 0 0.0519 507 586 759 813 11 0.0519 507 583 752 808 0 0.0519 372 519 628 750 11 0.0518 502 719 757 947 10 0.0514 507 720 758 950 8 0.0513 379 516 617 745 13 0.0511 255 789 503 1023 3 0.0511 451 786 693 1023 8 0.0506 513 587 747 812 3 0.0504 512 715 755 956
WxfySfH6K3o3wFQObTr0SKcOzdxSvbbu,8 0.0579 643 524 891 772 5 0.0570 363 121 624 377 8 0.0555 329 1 683 146 11 0.0554 371 590 649 829 11 0.0544 569 411 831 647 0 0.0544 632 465 891 706 5 0.0541 373 581 645 830 5 0.0538 630 460 887 700 8 0.0538 573 408 823 653 8 0.0536 379 591 639 832 7 0.0533 642 524 899 776 6 0.0530 382 588 651 832 7 0.0529 382 588 651 835 11 0.0524 637 528 899 770 13 0.0521 381 591 658 835 11 0.0520 330 40 686 217 11 0.0514 699 425 967 649 5 0.0514 362 16 629 260 13 0.0511 643 528 906 775 11 0.0508 303 75 570 312 7 0.0507 576 409 831 655 3 0.0505 642 404 896 645 3 0.0503 576 352 826 590 8 0.0503 372 127 617 377 6 0.0502 576 411 837 649
NisO1gavJtGlYobZKWM6P91JdR4VgwOp,0 0.0619 566 781 821 1023 11 0.0601 310 593 582 826 0 0.0595 180 4 454 197 8 0.0588 186 0 443 195 11 0.0556 300 728 561 961 8 0.0549 20 96 379 271 8 0.0546 319 594 575 829 5 0.0545 562 780 817 1022 7 0.0543 402 798 765 975 8 0.0536 571 780 813 1023 0 0.0532 322 797 688 972 11 0.0531 570 784 822 1015 8 0.0530 753 17 1004 258 13 0.0527 749 17 1023 260 7 0.0523 574 780 828 1023 13 0.0521 320 593 591 828 11 0.0517 744 19 1019 256 10 0.0517 748 17 1013 257 11 0.0515 10 99 392 268 13 0.0513 398 795 765 975 5 0.0509 6 92 386 267 5 0.0508 178 0 448 192 0 0.0508 750 25 1020 261 0 0.0505 14 98 390 271 5 0.0503 316 794 683 968
slhRxO2b04r4d0856wkGh61pF2SJBmWQ,8 0.0594 499 258 750 507 5 0.0587 446 268 687 517 7 0.0582 455 339 701 583 5 0.0566 509 326 754 583 0 0.0562 498 263 759 507 8 0.0559 501 137 761 375 11 0.0555 445 276 693 513 6 0.0548 509 206 762 437 3 0.0546 510 205 758 450 13 0.0546 342 296 708 478 5 0.0545 499 135 759 372 7 0.0544 504 262 762 509 6 0.0540 451 277 695 513 8 0.0537 452 340 691 579 5 0.0536 242 455 508 701 11 0.0535 495 1 768 190 13 0.0534 454 341 705 582 3 0.0528 451 274 693 520 11 0.0528 507 207 758 439 11 0.0528 511 333 756 577 6 0.0527 517 336 759 580 3 0.0521 516 335 757 586 0 0.0517 504 2 758 193 5 0.0516 441 394 699 645 8 0.0516 500 0 752 191 11 0.0515 363 334 616 568 7 0.0508 345 296 699 478 11 0.0505 432 87 715 312 9 0.0504 512 336 757 574 8 0.0503 245 458 498 698 11 0.0502 296 402 563 637 8 0.0501 337 292 687 476 13 0.0501 503 0 773 194
Qbf5Qb8HgOfc8js6DZU8kzvjehX8mMKc,11 0.0632 368 597 629 835 0 0.0615 368 596 631 842 6 0.0582 372 598 631 838 7 0.0578 375 595 632 840 5 0.0575 367 595 626 837 8 0.0569 369 597 625 840 3 0.0551 372 595 630 844 10 0.0550 369 598 630 836 13 0.0542 372 597 636 841 2 0.0532 371 599 631 838 11 0.0515 305 409 574 640 11 0.0515 166 475 437 712 7 0.0508 316 404 576 642
uyQPv9cwmbMI6HxkYYVBaHnYmHho5axt,5 0.0627 431 0 704 195 8 0.0604 437 0 700 195 3 0.0586 448 19 708 258 6 0.0578 381 6 643 247 11 0.0567 435 0 707 197 7 0.0559 387 268 628 498 11 0.0549 384 271 623 498 8 0.0547 440 77 690 304 5 0.0545 432 72 695 302 8 0.0545 304 2 574 199 0 0.0544 384 269 624 499 13 0.0540 443 18 711 255 11 0.0533 364 732 634 957 5 0.0532 379 265 623 497 13 0.0531 304 1 587 203 0 0.0527 438 3 704 198 11 0.0521 437 78 700 303 10 0.0519 436 4 708 195 8 0.0518 384 271 619 497 6 0.0512 446 80 703 305 1 0.0507 428 0 708 199 10 0.0506 382 277 628 496 7 0.0505 382 9 644 248 11 0.0504 298 1 583 198
VhYG26aYM69aqzIpgaprfUSL8HBSx30H,8 0.0622 289 0 631 142 5 0.0576 274 0 641 141 11 0.0575 301 459 569 697 5 0.0562 237 458 496 695 11 0.0560 241 399 498 633 10 0.0552 282 3 646 139 0 0.0551 283 0 643 143 11 0.0539 279 2 645 141 3 0.0539 309 456 569 702 8 0.0537 241 397 489 636 13 0.0533 283 0 656 145 6 0.0532 253 5 509 243 13 0.0528 247 539 499 782 7 0.0528 286 2 649 142 0 0.0527 242 403 498 632 11 0.0525 246 5 507 242 3 0.0524 247 403 497 639 11 0.0523 244 596 492 844 8 0.0517 309 457 559 701 11 0.0515 417 668 704 887 3 0.0514 288 0 648 146 5 0.0513 446 2 705 234 7 0.0512 241 459 493 704 5 0.0511 299 531 564 777 6 0.0511 312 455 573 697 6 0.0505 248 399 501 632
yLJjGU6uSwZmJa8prEBGV2AcvjkJT9LY,11 0.0672 330 146 588 386 8 0.0664 386 210 640 446 8 0.0657 377 461 635 702 8 0.0639 332 146 580 381 11 0.0634 388 213 648 449 8 0.0633 326 275 568 505 11 0.0623 323 276 578 508 0 0.0612 387 149 646 378 11 0.0609 560 460 822 696 13 0.0609 328 210 586 443 0 0.0606 392 271 641 518 5 0.0603 386 269 642 513 0 0.0600 327 204 577 445 6 0.0599 333 146 587 385 7 0.0595 389 212 648 450 3 0.0593 383 460 644 710 3 0.0593 569 455 824 701 10 0.0586 389 276 643 514 8 0.0582 562 455 819 696 11 0.0582 234 675 490 912 11 0.0581 385 406 638 644 8 0.0580 502 167 746 394 5 0.0576 374 453 641 702 0 0.0574 563 458 822 697 5 0.0573 499 163 750 392 6 0.0570 392 405 644 647 5 0.0569 378 144 645 371 10 0.0568 380 153 648 374 6 0.0567 393 274 644 514 7 0.0562 562 458 830 699 13 0.0559 396 278 650 517 11 0.0555 365 533 644 770 3 0.0554 394 207 646 453 7 0.0553 392 401 649 646 0 0.0553 503 170 755 397 5 0.0553 558 455 823 693 13 0.0551 268 139 526 388 10 0.0551 389 408 641 647 2 0.0549 392 277 643 516 13 0.0548 387 151 652 373 13 0.0546 394 406 648 644 10 0.0543 321 211 579 442 7 0.0543 373 528 658 769 0 0.0542 389 404 640 648 11 0.0542 505 169 758 392 5 0.0541 317 202 578 441 0 0.0541 266 141 514 389 3 0.0539 510 169 754 401 10 0.0538 260 147 511 386 0 0.0536 372 530 644 770 2 0.0536 383 156 644 375 10 0.0534 562 463 824 695 8 0.0533 376 602 629 836 7 0.0530 327 273 580 510 2 0.0529 389 407 640 646 13 0.0529 270 275 519 513 1 0.0528 384 396 640 645 13 0.0527 569 460 831 699 2 0.0525 324 212 575 443 10 0.0524 265 278 510 511 12 0.0523 395 273 644 517 11 0.0517 296 605 557 840 6 0.0515 373 530 652 772 11 0.0515 192 812 459 1020 5 0.0514 258 265 512 507 0 0.0513 269 268 510 514 9 0.0513 379 150 644 368 11 0.0510 559 603 823 831 3 0.0508 329 270 574 512 9 0.0507 382 402 638 638 1 0.0505 387 271 642 519 6 0.0504 507 173 757 392 5 0.0503 365 591 637 834 2 0.0503 264 145 513 388 5 0.0503 233 663 490 908 6 0.0502 229 598 493 850 6 0.0502 271 277 515 512 6 0.0501 567 460 827 697 0 0.0500 231 593 489 855 9 0.0500 389 273 643 509
Xqs7EYV3PMhKr1x5puPfYAalnawl5l72,5 0.0630 315 274 570 510 11 0.0571 316 329 575 566 0 0.0534 317 326 579 570 5 0.0526 243 209 495 432 5 0.0521 382 329 643 570 5 0.0517 311 385 570 636 8 0.0515 318 328 565 569 11 0.0515 380 210 644 428 13 0.0513 219 77 489 309 7 0.0513 321 325 578 573 6 0.0509 392 336 656 572 10 0.0506 316 333 575 568 11 0.0503 453 396 706 628
tVlMCQpO3vr0jiqQba78sdbH8UiLvTGL,5 0.0658 183 707 431 955 7 0.0644 189 710 434 958 8 0.0642 79 739 441 918 0 0.0625 79 741 452 919 11 0.0623 77 740 454 916 10 0.0619 186 715 435 957 3 0.0595 190 706 434 962 6 0.0570 124 710 373 958 2 0.0567 188 714 434 959 13 0.0564 126 708 375 958 9 0.0537 183 711 435 953 1 0.0529 184 705 434 959 12 0.0527 189 708 433 958
oeXThvgctWC7v9yxr6N5vWslJI0w0iJq,11 0.0627 185 734 430 967 11 0.0616 309 671 580 905 0 0.0615 383 343 633 572 11 0.0613 385 344 633 569 0 0.0606 443 409 695 621 11 0.0584 231 225 512 443 7 0.0574 387 346 635 572 8 0.0570 188 728 423 971 8 0.0569 313 668 567 907 11 0.0568 442 412 694 620 5 0.0556 439 406 690 620 0 0.0549 314 667 572 909 7 0.0544 445 410 698 622 7 0.0540 326 722 572 970 11 0.0534 244 342 500 579 0 0.0533 308 217 583 451 5 0.0532 319 336 584 575 3 0.0527 389 345 634 577 8 0.0522 382 344 623 570 8 0.0520 443 409 685 621 8 0.0514 379 196 631 432 6 0.0512 323 725 573 970 8 0.0510 458 282 694 506 13 0.0510 387 344 638 570 7 0.0509 323 604 570 838 10 0.0505 383 349 632 572 5 0.0504 312 718 563 969
JlC8OUVRstEW76aJRVYps6TGoFRJ5IsR,11 0.0603 385 345 635 576 7 0.0594 325 338 573 578 11 0.0586 313 399 567 628 3 0.0568 319 343 571 583 8 0.0550 382 277 631 499 13 0.0549 373 402 628 643 8 0.0543 318 401 555 632 5 0.0543 317 332 568 573 6 0.0541 325 340 579 575 5 0.0540 379 268 638 499 7 0.0537 443 397 698 643 13 0.0529 386 272 652 500 0 0.0527 319 335 569 577 5 0.0522 100 397 351 629 11 0.0522 303 662 570 885 3 0.0521 448 330 694 581 11 0.0519 365 592 633 828 5 0.0514 440 326 692 569 7 0.0511 389 275 645 502 11 0.0506 364 470 628 702 3 0.0505 385 276 640 507 10 0.0505 387 344 635 576 11 0.0504 453 279 696 506 0 0.0502 382 277 636 499
cwBOGCLukjAYSPB5g7KSMcY1ER42yeBW,8 0.0581 178 200 414 448 0 0.0578 177 207 422 448 11 0.0573 183 140 435 379 11 0.0550 119 213 381 462 11 0.0545 577 276 850 500 2 0.0540 463 277 730 515 8 0.0539 520 337 777 585 8 0.0536 579 271 842 507 5 0.0536 574 273 844 506 5 0.0526 175 253 429 492 8 0.0524 449 397 684 647 11 0.0517 521 342 788 576 0 0.0517 579 278 846 510 11 0.0515 201 28 441 258 13 0.0513 132 217 386 470 0 0.0511 199 87 434 322 0 0.0510 314 409 563 633 0 0.0509 458 210 725 445 8 0.0509 585 404 832 654 11 0.0508 445 398 698 639 6 0.0507 591 220 859 439 0 0.0503 457 338 718 579 3 0.0503 585 338 849 592 5 0.0501 173 782 434 1010 3 0.0500 465 334 714 584
AORuDpo1dI9djBhlxhzwJ3bOeom5eS0N,11 0.0708 307 655 565 899 0 0.0659 184 592 438 836 8 0.0656 311 653 560 902 0 0.0654 310 654 562 903 7 0.0635 260 710 506 962 5 0.0628 189 716 434 961 11 0.0621 183 661 438 897 7 0.0619 186 593 438 832 5 0.0612 246 654 500 898 8 0.0609 188 658 435 897 0 0.0605 118 654 374 901 6 0.0603 260 714 505 961 5 0.0603 181 592 435 833 10 0.0591 308 654 563 899 8 0.0591 126 531 371 768 7 0.0588 127 529 378 770 0 0.0585 128 530 377 771 3 0.0583 255 658 504 902 3 0.0582 185 597 436 837 6 0.0579 188 661 443 897 11 0.0569 121 721 370 961 13 0.0564 190 658 445 899 10 0.0562 184 663 439 898 11 0.0556 114 598 374 833 10 0.0553 115 599 371 837 7 0.0553 120 655 375 897 5 0.0551 114 654 368 896 6 0.0550 121 598 376 836 8 0.0546 127 720 364 963 13 0.0543 312 654 570 902 13 0.0539 120 597 383 836 1 0.0539 248 652 503 897 3 0.0539 196 719 438 965 13 0.0535 132 721 377 964 5 0.0530 122 531 373 765 9 0.0529 254 713 504 958 1 0.0527 189 711 436 965 3 0.0525 121 658 373 902 6 0.0521 128 722 375 965 2 0.0520 259 716 504 962 1 0.0515 181 590 437 833 8 0.0508 388 0 634 200 3 0.0508 127 537 377 775 2 0.0506 184 601 437 834 12 0.0503 260 711 504 963
ZfrN2sdHz7rTCE4UAhLJdwfmasI9JBS4,5 0.0626 340 334 613 562 3 0.0622 320 261 575 508 11 0.0611 345 342 618 564 11 0.0608 408 411 686 647 5 0.0592 311 193 573 437 5 0.0582 563 454 810 693 6 0.0580 317 265 578 502 3 0.0577 334 411 619 643 7 0.0577 348 339 619 566 0 0.0577 428 345 685 581 8 0.0576 374 269 619 495 6 0.0574 333 411 617 636 8 0.0570 529 496 862 671 8 0.0561 412 410 669 644 7 0.0558 413 406 682 649 8 0.0555 288 404 563 620 0 0.0554 314 263 576 501 0 0.0550 568 458 815 694 11 0.0549 564 458 817 691 5 0.0549 232 259 503 500 10 0.0548 373 272 630 496 11 0.0548 237 270 508 502 3 0.0541 574 457 814 700 11 0.0541 316 202 575 439 10 0.0540 425 350 685 575 7 0.0540 574 459 818 693 13 0.0539 377 269 632 500 2 0.0535 319 268 573 501 10 0.0534 568 461 818 693 0 0.0532 226 330 496 560 8 0.0532 244 266 501 499 6 0.0531 574 456 815 694 6 0.0530 231 329 501 563 13 0.0527 332 414 623 640 13 0.0525 571 456 819 696 6 0.0520 240 532 498 769 3 0.0520 414 473 683 716 2 0.0516 231 337 495 559 11 0.0515 337 482 627 700 2 0.0513 428 348 687 580 7 0.0512 327 197 575 439 10 0.0510 411 474 683 711 3 0.0508 232 330 497 568 10 0.0506 242 270 505 500 5 0.0505 283 467 568 688 0 0.0501 413 473 681 714
0rdBUrVwx0Y3GLBC5LPvNVNDDzg863uA,7 0.0666 250 780 491 1019 11 0.0629 248 786 488 1017 0 0.0585 186 721 431 971 5 0.0578 242 778 481 1018 11 0.0572 311 721 565 960 8 0.0566 250 783 481 1021 10 0.0560 248 787 487 1018 6 0.0556 249 788 489 1021 7 0.0552 321 716 565 959 11 0.0532 506 794 758 1019 11 0.0530 246 670 504 890 2 0.0526 249 788 490 1023 13 0.0523 252 786 495 1022 9 0.0520 246 787 487 1017 3 0.0519 251 784 487 1023
cBOG7HxTolwUmPWLWOTSxyXUet1PqRiF,11 0.0620 433 402 695 633 0 0.0592 504 400 759 635 8 0.0558 437 398 685 637 11 0.0556 305 398 568 623 7 0.0555 509 396 760 631 0 0.0550 425 340 703 575 0 0.0538 431 467 696 707 6 0.0535 509 397 762 632 2 0.0532 507 404 759 630 3 0.0529 437 400 692 641 7 0.0521 431 338 707 570 13 0.0515 507 401 765 636 8 0.0511 296 484 629 664 5 0.0500 501 396 752 630
FNflD7b5bS9r6ed2GVso1qp3BKdwjsJq,5 0.0606 178 316 440 560 8 0.0560 184 259 432 500 3 0.0549 379 0 645 196 3 0.0537 189 263 437 505 5 0.0536 184 194 428 430 8 0.0518 315 0 573 201 5 0.0517 459 144 703 381 7 0.0517 190 317 442 559 7 0.0514 192 194 437 432 5 0.0513 366 0 636 188 13 0.0510 133 207 393 446 0 0.0509 193 200 433 433 11 0.0504 189 199 436 429 8 0.0503 134 146 379 380 6 0.0501 196 199 437 432
adw09SICE31f9x52yymnWpH1KM0cWNqY,5 0.0634 368 0 640 188 8 0.0606 372 0 637 191 11 0.0600 371 0 642 188 6 0.0599 373 0 646 189 7 0.0583 459 264 697 489 3 0.0582 376 0 640 194 7 0.0582 377 0 647 191 5 0.0574 372 125 650 371 5 0.0573 450 260 691 487 0 0.0571 372 0 644 191 10 0.0564 373 4 643 189 0 0.0563 498 3 764 193 8 0.0562 362 72 625 315 11 0.0562 497 1 767 191 8 0.0557 453 263 689 488 11 0.0552 361 70 636 311 13 0.0546 377 0 650 189 2 0.0541 375 5 641 190 13 0.0540 370 69 642 316 3 0.0539 370 68 634 321 0 0.0537 362 69 632 317 6 0.0536 503 0 770 190 7 0.0532 370 70 637 318 0 0.0529 503 82 772 317 8 0.0525 497 0 759 194 3 0.0523 502 1 766 197 0 0.0521 450 266 697 490 5 0.0519 496 0 762 188 0 0.0516 390 329 640 565 6 0.0516 510 84 771 310 10 0.0515 367 76 637 315 2 0.0514 454 269 699 488 3 0.0514 457 269 695 494 6 0.0513 367 70 637 315 5 0.0509 499 74 763 307 12 0.0508 376 0 648 191 7 0.0508 394 324 641 564 11 0.0506 305 602 579 847 9 0.0505 370 2 644 187 11 0.0501 501 82 771 308
VcVrOAKoyNTfXiQWDBbQOOQ10HtSwwPh,11 0.0589 377 147 631 376 8 0.0560 304 346 555 569 7 0.0550 309 275 574 498 7 0.0550 316 144 577 377 0 0.0542 376 144 633 376 11 0.0539 307 278 569 499 13 0.0536 379 142 641 378 6 0.0536 582 287 840 519 5 0.0531 305 269 567 499 6 0.0529 383 145 637 374 0 0.0528 306 275 571 503 5 0.0528 573 284 832 518 11 0.0523 573 287 836 520 2 0.0518 375 146 637 374 11 0.0518 698 676 975 905 8 0.0514 313 146 561 379 10 0.0511 376 152 632 373 3 0.0502 301 348 568 576 0 0.0502 580 287 836 523
6cQaGqqZFTERHkJyChkAFN6bVZ22uBR7,0 0.0632 315 248 573 480 0 0.0624 93 814 373 1023 5 0.0620 366 393 624 624 11 0.0605 474 668 827 860 0 0.0601 0 372 251 592 0 0.0600 477 668 832 863 11 0.0583 374 329 633 551 5 0.0580 373 246 629 474 0 0.0579 310 459 562 695 0 0.0579 371 398 631 627 13 0.0574 376 397 632 629 0 0.0571 235 390 499 625 8 0.0570 766 20 1013 267 7 0.0568 769 24 1022 266 7 0.0567 482 668 834 863 8 0.0566 312 321 564 561 11 0.0566 297 389 561 626 11 0.0565 759 27 1018 262 8 0.0561 479 669 821 861 5 0.0560 306 319 565 556 0 0.0556 766 27 1018 273 5 0.0555 293 0 560 195 11 0.0554 42 806 310 1017 6 0.0554 309 391 565 633 11 0.0552 0 371 256 587 8 0.0549 379 2 634 236 7 0.0549 373 397 629 628 11 0.0549 578 346 833 574 8 0.0549 0 419 244 655 8 0.0548 375 398 620 626 0 0.0546 379 180 633 420 0 0.0546 658 466 906 702 3 0.0545 379 327 632 561 5 0.0543 471 665 826 857 6 0.0542 384 329 640 555 7 0.0542 310 456 561 691 0 0.0541 777 456 1023 704 7 0.0538 3 367 253 591 13 0.0536 770 25 1023 269 0 0.0535 380 4 649 240 0 0.0535 246 62 502 314 0 0.0534 585 347 835 580 8 0.0532 103 814 366 1023 7 0.0532 103 807 377 1021 10 0.0530 369 398 626 626 0 0.0529 0 790 252 1019 2 0.0528 477 673 833 861 5 0.0527 743 0 1014 195 13 0.0526 96 814 377 1022 5 0.0526 574 343 830 575 2 0.0526 382 256 636 475 13 0.0526 309 11 578 260 11 0.0526 239 321 507 555 8 0.0525 314 454 551 691 5 0.0525 0 368 246 589 8 0.0524 306 63 553 308 13 0.0524 383 250 646 478 3 0.0523 303 0 563 202 6 0.0522 479 670 836 861 11 0.0520 295 1 565 195 7 0.0520 316 248 576 478 11 0.0516 656 464 903 697 10 0.0514 474 672 832 860 5 0.0512 306 453 554 689 11 0.0512 444 131 720 363 6 0.0512 752 0 1014 197 3 0.0512 755 1 1011 202 8 0.0512 0 784 247 1016 7 0.0511 319 132 568 376 5 0.0511 90 807 367 1020 7 0.0509 236 388 501 622 13 0.0509 481 670 835 863 8 0.0509 680 0 940 201 6 0.0508 327 198 574 424 10 0.0508 308 459 556 689 6 0.0506 2 370 257 588 0 0.0505 251 194 506 424 11 0.0505 318 195 570 422 10 0.0505 0 372 253 592 3 0.0504 304 393 562 635 13 0.0504 0 370 259 597 10 0.0504 746 3 1012 197 3 0.0504 481 668 830 863 2 0.0503 100 820 379 1023
iSU9j0hRBPSWiqjaOz4j1f5UhAHXaoSc,5 0.0715 313 716 566 970 5 0.0693 265 673 626 854 8 0.0672 378 655 630 902 11 0.0668 377 657 630 900 8 0.0657 316 717 567 971 7 0.0651 380 654 635 904 7 0.0651 316 717 570 972 6 0.0642 316 659 569 899 5 0.0640 248 780 491 1021 8 0.0638 205 679 564 853 0 0.0638 376 655 633 904 13 0.0636 317 717 573 970 3 0.0633 319 656 567 902 13 0.0632 255 785 504 1023 11 0.0629 313 718 568 965 7 0.0627 251 782 501 1023 0 0.0627 249 782 497 1023 0 0.0626 315 717 570 969 8 0.0625 251 776 493 1023 7 0.0606 216 677 569 853 6 0.0606 254 784 499 1023 13 0.0602 381 655 638 902 11 0.0600 249 784 498 1021 10 0.0599 377 658 631 902 10 0.0596 315 720 568 968 11 0.0595 207 679 567 849 13 0.0590 214 678 575 853 1 0.0589 315 652 567 899 2 0.0582 320 658 567 901 9 0.0578 265 674 629 854 0 0.0578 207 680 567 853 10 0.0577 206 680 567 853 11 0.0561 442 464 700 688 12 0.0561 317 655 568 899 8 0.0552 445 465 692 692 10 0.0550 249 785 498 1023 4 0.0547 314 720 570 969 9 0.0546 314 720 569 970 3 0.0538 254 781 500 1023 0 0.0537 445 466 701 696 4 0.0535 267 677 633 856 2 0.0533 252 786 501 1023 7 0.0517 452 458 706 691 9 0.0504 248 784 496 1023
RK6rW24IIYPhIscGDEy70meYuez1QJsd,5 0.0622 571 267 823 505 5 0.0595 635 198 880 437 8 0.0595 580 213 812 448 8 0.0586 506 522 759 774 11 0.0583 441 405 709 642 8 0.0578 505 333 749 579 11 0.0577 506 522 763 769 11 0.0567 210 482 584 664 0 0.0562 503 529 767 777 0 0.0561 645 143 884 379 3 0.0559 645 262 888 508 11 0.0549 338 594 708 782 11 0.0548 635 260 889 493 11 0.0546 569 389 824 615 0 0.0545 575 271 824 508 8 0.0544 644 330 878 565 6 0.0542 506 336 761 577 7 0.0540 643 200 882 442 11 0.0538 245 526 511 767 8 0.0537 342 596 698 784 6 0.0534 649 203 880 437 13 0.0534 585 459 830 699 13 0.0532 511 520 770 776 8 0.0531 648 144 875 377 6 0.0530 445 405 712 646 5 0.0530 436 337 705 588 0 0.0528 500 336 754 580 8 0.0528 578 387 816 624 2 0.0524 502 342 756 574 13 0.0524 574 330 828 570 7 0.0523 262 257 513 504 3 0.0522 650 142 886 381 5 0.0520 388 138 639 384 11 0.0519 259 265 512 499 7 0.0518 441 578 695 834 3 0.0517 444 407 707 651 5 0.0515 569 384 816 618 6 0.0513 581 393 826 621 5 0.0513 255 259 504 499 13 0.0512 649 142 894 381 11 0.0511 515 223 774 454 0 0.0509 338 594 711 783 3 0.0508 576 332 820 575 6 0.0507 579 271 834 505 5 0.0503 338 591 703 783 0 0.0502 275 476 640 660 8 0.0502 263 268 496 505 10 0.0501 570 273 826 508 3 0.0501 511 522 761 783
EiZzF4icIOvrSZglz18UNI7OslpqUbT4,11 0.0633 302 734 568 969 7 0.0621 427 800 682 1023 5 0.0610 415 795 675 1021 11 0.0603 310 532 573 765 11 0.0603 426 732 694 970 5 0.0600 251 592 500 830 11 0.0597 253 599 503 834 11 0.0595 379 591 633 831 0 0.0595 380 589 631 836 0 0.0593 312 529 571 771 0 0.0591 372 717 628 972 0 0.0579 254 594 501 836 3 0.0575 425 799 675 1023 7 0.0574 255 597 503 835 8 0.0573 424 797 669 1023 8 0.0569 382 592 627 832 7 0.0557 385 591 633 834 0 0.0557 381 467 635 708 3 0.0556 376 655 632 911 10 0.0554 253 601 501 833 11 0.0554 381 463 636 701 5 0.0553 377 585 627 831 6 0.0552 258 596 505 833 7 0.0551 317 529 573 769 5 0.0550 309 526 565 766 13 0.0545 427 800 683 1023 2 0.0543 257 601 503 839 6 0.0540 386 590 638 830 13 0.0534 317 532 577 769 8 0.0534 253 596 499 837 6 0.0533 426 802 680 1021 8 0.0532 306 730 560 972 13 0.0532 257 600 509 836 8 0.0531 63 0 304 198 8 0.0528 314 530 563 769 10 0.0527 380 592 634 827 6 0.0527 309 728 572 970 6 0.0522 61 1 318 198 3 0.0520 388 530 644 776 3 0.0520 309 732 570 980 3 0.0520 256 598 502 842 13 0.0519 385 592 635 835 2 0.0519 315 533 574 771 0 0.0514 55 2 317 203 11 0.0513 485 810 745 1019 10 0.0513 420 804 677 1023 10 0.0512 312 533 570 765 7 0.0511 386 461 637 707 13 0.0510 308 732 571 974 6 0.0507 317 531 577 768 11 0.0500 120 4 377 198
WGYMVs8JUN9VAxAIZNH5VUeWczFkfyDU,5 0.0617 433 333 685 577 3 0.0615 440 336 689 582 11 0.0613 380 198 634 444 8 0.0610 365 342 619 573 13 0.0610 383 135 632 380 5 0.0604 377 194 629 446 11 0.0596 433 339 691 575 11 0.0592 444 130 698 379 3 0.0590 383 134 625 386 13 0.0589 322 203 580 455 7 0.0586 440 340 691 579 7 0.0586 385 132 630 384 0 0.0580 375 135 626 381 3 0.0578 320 204 569 457 5 0.0578 441 123 693 380 8 0.0577 382 199 628 444 6 0.0571 383 197 636 447 13 0.0570 326 357 692 543 0 0.0569 313 204 574 455 6 0.0568 450 128 698 379 5 0.0564 390 480 750 670 3 0.0564 451 73 693 323 7 0.0562 324 203 572 456 3 0.0559 406 483 757 675 13 0.0557 450 74 702 319 5 0.0557 310 134 562 385 10 0.0552 318 356 693 545 6 0.0552 393 419 755 606 8 0.0551 574 405 817 647 8 0.0550 402 485 746 668 0 0.0548 434 339 691 577 8 0.0547 383 67 621 311 6 0.0544 363 341 629 577 0 0.0542 507 130 749 376 5 0.0542 575 400 819 646 8 0.0541 317 136 559 386 11 0.0539 575 403 825 645 2 0.0538 378 140 625 380 7 0.0537 449 70 699 318 10 0.0532 317 207 573 455 7 0.0531 405 483 766 673 8 0.0529 447 129 688 380 0 0.0529 577 406 825 647 2 0.0525 439 343 689 575 13 0.0521 401 486 764 672 1 0.0518 433 335 689 578 2 0.0517 320 209 569 452 5 0.0516 376 62 625 312 11 0.0515 378 71 634 311 7 0.0512 582 403 825 649 13 0.0511 578 407 830 647 6 0.0507 471 477 824 672 3 0.0506 583 406 823 653 8 0.0502 237 397 491 634 10 0.0501 379 136 629 382 6 0.0501 384 66 632 312
bgdlWNjGORSK1reDc0s09632DnTbCAYv,11 0.0584 759 526 1003 766 6 0.0556 767 516 1003 767 8 0.0556 766 520 996 771 0 0.0546 188 472 432 697 11 0.0544 180 475 428 695 8 0.0537 513 323 746 568 5 0.0521 757 519 999 768 0 0.0513 510 324 759 573 13 0.0511 193 470 438 696 0 0.0509 764 525 997 771 6 0.0504 191 469 433 694 8 0.0502 300 479 620 671
6RDMWqtA5VgVsVCuArhqMmjkmQthcYo3,7 0.0604 404 668 774 854 11 0.0560 395 669 773 853 11 0.0548 315 331 576 555 0 0.0540 309 673 574 909 0 0.0538 394 670 773 855 7 0.0521 316 669 576 906 5 0.0520 387 666 764 853 6 0.0510 321 331 577 558 8 0.0509 397 669 758 856 3 0.0508 404 671 770 860 11 0.0507 466 549 823 724 0 0.0501 313 545 579 781
HRprnnzsj7zbadoSiNDNcuAcEUw0erbK,5 0.0696 310 197 560 448 5 0.0658 378 130 626 383 0 0.0622 313 204 566 450 11 0.0621 315 140 567 382 0 0.0600 381 139 632 386 7 0.0589 323 132 572 389 11 0.0588 255 209 505 462 3 0.0586 321 204 565 454 5 0.0584 237 325 482 568 6 0.0584 317 204 572 451 0 0.0578 315 80 561 324 8 0.0575 320 203 561 450 5 0.0574 444 585 711 831 13 0.0568 265 204 511 462 8 0.0564 253 92 493 326 5 0.0561 314 73 554 324 5 0.0556 370 646 636 899 8 0.0556 263 275 496 522 8 0.0554 381 579 638 830 8 0.0550 577 572 823 813 11 0.0544 180 150 441 391 5 0.0542 217 788 488 1016 6 0.0541 198 214 447 466 7 0.0541 258 271 504 522 0 0.0540 254 274 503 527 13 0.0540 249 328 497 578 6 0.0538 380 138 638 385 11 0.0537 378 583 649 828 8 0.0536 196 215 436 467 6 0.0535 316 82 569 321 6 0.0531 226 797 493 1022 7 0.0530 224 794 494 1023 13 0.0528 578 449 830 685 3 0.0528 262 274 502 527 13 0.0526 581 582 836 817 0 0.0525 574 508 838 744 13 0.0525 257 94 505 326 5 0.0524 571 573 828 815 3 0.0523 324 78 560 327 5 0.0523 189 210 438 464 5 0.0523 386 19 639 266 10 0.0521 318 209 567 454 0 0.0520 450 598 713 835 0 0.0520 263 38 630 232 5 0.0519 569 445 819 681 8 0.0518 517 637 762 874 0 0.0516 504 457 757 695 2 0.0515 129 210 382 452 13 0.0515 190 148 448 391 7 0.0515 325 19 564 269 8 0.0514 505 451 750 692 11 0.0511 315 27 562 264 13 0.0511 461 598 721 833 7 0.0509 384 580 654 828 8 0.0509 382 135 626 383 7 0.0509 511 452 762 691 3 0.0507 387 138 628 388 8 0.0506 223 795 478 1023 11 0.0506 506 397 754 628 11 0.0505 183 288 443 518 5 0.0503 307 389 558 631 6 0.0500 393 27 652 263
PMfbBudPy2vIH9CwNlg8jvIvklezHb4v,0 0.0520 511 338 760 581 11 0.0513 182 482 435 697
NWXL1GHPblsJo4QNmPxcIWJKAhdGbqdE,8 0.0661 276 285 616 473 5 0.0651 267 282 625 471 3 0.0644 274 284 627 475 7 0.0633 281 285 628 471 11 0.0631 214 292 571 476 10 0.0609 275 226 640 410 6 0.0605 276 284 630 473 8 0.0604 505 198 759 444 5 0.0594 496 199 761 442 11 0.0592 273 225 642 407 0 0.0589 501 199 761 447 0 0.0588 279 222 643 411 11 0.0584 500 204 766 441 6 0.0574 505 201 765 443 12 0.0567 277 284 629 474 13 0.0563 506 198 768 448 3 0.0563 505 199 763 448 13 0.0562 222 289 575 481 13 0.0561 282 223 647 411 2 0.0553 282 227 636 410 10 0.0550 500 202 764 444 8 0.0549 193 139 433 372 2 0.0549 221 294 564 478 2 0.0548 503 206 763 444 7 0.0547 506 200 765 447 8 0.0536 565 79 815 317 0 0.0526 564 83 821 320 11 0.0525 189 138 442 366 4 0.0525 277 285 630 473 5 0.0523 186 133 438 373 9 0.0522 272 285 627 470 9 0.0518 499 204 766 440 0 0.0518 194 138 443 378 12 0.0514 505 200 763 448 1 0.0512 272 281 624 472 1 0.0506 496 195 763 445 10 0.0501 190 145 440 370 5 0.0501 560 79 819 318
CmiDv0I7lIRBSrey0t0ALH0O6A0nxTsa,5 0.0549 502 66 764 307 8 0.0539 318 143 574 369 5 0.0520 314 134 582 370 0 0.0504 320 136 588 371 13 0.0502 507 1 778 229
wMF3HVRnhj1A9GzFNS9ipBcAgEXrngcE,0 0.0648 382 399 639 648 13 0.0633 385 334 647 570 3 0.0631 513 346 760 593 11 0.0628 569 354 829 600 7 0.0624 443 333 698 576 5 0.0619 377 328 636 566 0 0.0614 570 354 828 601 11 0.0612 438 336 695 572 5 0.0609 507 341 757 587 11 0.0608 359 493 711 669 0 0.0603 323 336 581 580 8 0.0603 569 273 819 519 6 0.0603 572 353 831 601 0 0.0599 388 271 639 513 3 0.0594 341 430 685 604 5 0.0593 375 777 633 1023 8 0.0587 393 477 639 708 13 0.0586 441 403 702 648 6 0.0585 518 273 765 506 5 0.0585 260 332 514 571 11 0.0583 330 602 571 831 6 0.0582 442 403 701 652 5 0.0577 449 265 702 508 11 0.0576 315 396 579 648 11 0.0576 307 732 570 968 8 0.0573 309 789 557 1023 8 0.0573 442 333 691 575 5 0.0572 389 466 641 710 11 0.0572 378 790 637 1022 8 0.0571 511 406 762 652 7 0.0571 519 270 763 509 6 0.0571 395 277 638 509 7 0.0570 396 472 649 712 7 0.0570 325 335 583 580 3 0.0565 573 275 825 525 0 0.0563 264 264 514 498 13 0.0561 456 273 711 510 8 0.0560 318 399 575 649 8 0.0559 266 332 507 572 2 0.0559 382 407 637 646 7 0.0557 511 405 765 649 5 0.0553 565 268 821 517 11 0.0553 261 264 510 493 10 0.0553 509 352 762 586 8 0.0553 325 608 563 830 7 0.0552 382 786 642 1023 13 0.0551 512 346 766 585 2 0.0551 508 352 761 587 6 0.0549 313 731 569 970 6 0.0548 642 265 900 523 9 0.0546 332 430 685 597 13 0.0546 321 396 583 652 13 0.0545 568 405 837 646 1 0.0543 440 399 694 650 3 0.0543 457 269 704 514 13 0.0542 314 730 576 976 12 0.0540 336 430 688 601 8 0.0539 768 81 1005 327 0 0.0537 374 788 637 1023 10 0.0537 337 433 689 600 10 0.0536 379 790 641 1023 3 0.0535 648 342 895 611 3 0.0535 381 786 635 1023 5 0.0531 306 722 561 966 11 0.0530 515 206 765 449 5 0.0530 329 598 564 828 5 0.0529 515 199 760 448 13 0.0528 573 273 832 516 7 0.0527 336 600 576 828 8 0.0525 439 803 688 1021 3 0.0525 520 206 762 455 4 0.0524 340 433 690 601 8 0.0522 516 206 757 451
dHhVaQq9n1hnib3D49yzWiBkIMyIAB9N,8 0.0576 100 787 329 1014 11 0.0563 386 344 649 589 11 0.0551 98 791 341 1008 0 0.0551 99 794 334 1011 0 0.0534 387 338 653 592 0 0.0528 635 405 884 656 11 0.0528 448 797 698 1019 7 0.0528 452 795 699 1021 11 0.0525 630 405 887 652 6 0.0514 397 339 655 591 11 0.0512 770 353 1020 578 3 0.0509 394 338 650 596 5 0.0507 443 790 689 1018 13 0.0504 393 341 658 592 7 0.0501 394 340 656 592
OiekM8idZ6EltsbpSYo4Z6opxzxKPWa6,8 0.0595 380 386 632 616 8 0.0585 649 0 890 215 11 0.0578 123 0 384 193 11 0.0576 386 520 638 759 0 0.0575 691 1 952 222 8 0.0570 174 655 417 904 0 0.0569 174 648 422 907 0 0.0560 392 523 641 764 11 0.0550 169 653 421 898 11 0.0550 383 386 643 614 5 0.0549 123 0 383 195 8 0.0548 187 525 424 765 5 0.0544 749 0 1007 207 8 0.0542 388 518 631 760 11 0.0541 249 523 509 768 3 0.0540 387 384 639 622 0 0.0537 252 521 510 773 8 0.0537 760 0 1003 208 7 0.0532 392 516 641 763 6 0.0532 648 3 906 214 0 0.0530 378 390 647 616 13 0.0528 179 1 457 199 7 0.0525 183 0 455 200 8 0.0523 507 400 747 629 11 0.0522 646 0 902 212 7 0.0520 384 386 649 618 10 0.0519 124 5 383 197 8 0.0518 128 0 376 198 5 0.0517 638 0 896 213 5 0.0512 169 647 420 898 7 0.0511 177 654 425 901 8 0.0511 241 588 490 831 5 0.0510 377 381 634 615 7 0.0510 254 522 512 771 13 0.0505 651 2 909 216 11 0.0505 754 0 1014 208 0 0.0505 124 1 387 198 3 0.0504 642 41 891 290 3 0.0503 182 0 447 208 11 0.0503 507 456 766 682 7 0.0503 681 38 940 284 13 0.0500 384 383 646 617
A8ycYBYCm2x2klMjhZE1mMqb20cpKwvD,11 0.0605 631 458 879 693 5 0.0594 642 396 894 636 8 0.0592 310 402 559 643 11 0.0591 250 397 507 644 8 0.0580 634 453 874 689 7 0.0579 252 329 506 577 13 0.0578 258 392 512 648 8 0.0572 187 388 433 648 3 0.0571 368 402 630 647 8 0.0569 250 333 493 575 11 0.0566 304 470 571 711 5 0.0566 245 329 500 573 0 0.0564 632 453 882 694 5 0.0561 424 452 694 704 6 0.0561 648 398 900 633 0 0.0559 247 332 503 579 6 0.0554 430 458 701 707 13 0.0553 372 401 637 642 5 0.0545 182 385 435 644 8 0.0542 354 538 616 769 7 0.0541 370 399 634 642 3 0.0541 250 335 501 581 5 0.0532 302 397 567 642 13 0.0531 429 462 704 708 13 0.0531 252 268 514 511 6 0.0530 248 334 505 579 7 0.0529 635 452 885 694 7 0.0523 432 458 702 710 3 0.0522 430 461 695 715 11 0.0522 422 462 696 710 7 0.0521 190 389 444 647 13 0.0519 314 467 578 714 0 0.0517 360 458 634 701 6 0.0515 310 401 574 644 3 0.0515 637 456 882 701 10 0.0515 249 340 506 578 0 0.0515 251 455 504 707 8 0.0511 367 334 622 575 0 0.0510 246 211 503 442 11 0.0508 361 404 631 642 13 0.0506 634 459 891 691 3 0.0504 309 467 570 718 0 0.0504 363 336 628 577
PiK7PRUxwNkPxUEriCtImreacK7FB8ZG,8 0.0641 576 205 839 447 0 0.0602 478 664 833 854 5 0.0599 568 269 843 514 0 0.0598 648 217 907 451 11 0.0594 572 208 849 449 8 0.0592 500 144 752 390 0 0.0588 577 275 846 520 11 0.0578 472 663 830 850 5 0.0576 568 144 824 388 6 0.0574 512 203 774 452 0 0.0570 508 514 777 754 5 0.0570 643 216 901 450 7 0.0567 651 215 911 452 11 0.0567 251 13 495 259 8 0.0565 354 142 612 385 3 0.0562 581 273 846 524 11 0.0554 435 733 695 956 0 0.0552 246 11 499 263 8 0.0551 640 148 881 375 0 0.0549 500 147 762 392 0 0.0549 382 68 639 311 5 0.0547 376 62 636 309 13 0.0544 576 273 854 515 13 0.0543 316 72 581 311 8 0.0543 256 293 492 524 10 0.0541 406 662 764 848 8 0.0541 241 147 496 394 6 0.0541 582 274 846 517 8 0.0540 513 515 768 748 3 0.0536 314 71 573 316 7 0.0535 502 139 767 389 11 0.0535 497 144 759 391 6 0.0534 386 67 644 306 11 0.0532 403 596 760 780 11 0.0531 308 74 567 313 10 0.0530 572 278 847 516 3 0.0529 485 660 829 855 13 0.0528 416 657 770 847 3 0.0528 516 514 776 759 8 0.0527 254 15 492 258 0 0.0526 178 207 439 463 0 0.0522 121 141 376 382 8 0.0520 176 209 425 462 13 0.0520 510 203 778 450 3 0.0520 512 205 773 457 3 0.0519 656 219 903 455 10 0.0519 496 151 762 391 7 0.0518 577 268 851 518 10 0.0518 512 516 775 751 8 0.0515 482 662 820 850 7 0.0515 451 660 717 898 11 0.0514 186 475 443 704 5 0.0512 504 508 770 746 10 0.0512 312 79 572 310 13 0.0511 246 225 519 462 5 0.0509 294 138 567 392 13 0.0509 513 514 783 751 5 0.0508 245 73 502 316 8 0.0508 441 732 688 963 3 0.0507 356 145 622 397 7 0.0505 409 594 772 781 0 0.0502 238 150 510 397 8 0.0501 206 422 429 653 7 0.0501 384 67 644 310
HJ8IAuLXc2brvhbpfdl9xJpX7cLu0dAz,0 0.0667 266 671 630 849 0 0.0615 184 712 428 962 8 0.0615 270 670 622 847 5 0.0614 260 668 626 847 11 0.0609 261 674 629 846 7 0.0607 244 654 497 896 7 0.0607 376 654 634 894 5 0.0595 180 711 426 957 11 0.0592 119 721 367 958 8 0.0588 126 792 367 1023 10 0.0586 179 665 438 907 5 0.0586 119 792 368 1021 3 0.0575 376 656 632 902 10 0.0572 309 660 563 897 7 0.0571 183 712 431 960 6 0.0571 186 716 435 960 10 0.0569 122 726 366 961 8 0.0568 184 713 425 957 6 0.0567 373 655 633 895 8 0.0559 2 741 304 920 0 0.0557 66 718 315 962 0 0.0554 176 596 428 844 6 0.0552 243 658 498 897 3 0.0547 186 710 428 963 2 0.0544 264 674 626 848 11 0.0543 457 0 825 141 7 0.0542 306 598 557 834 7 0.0542 180 597 431 838 13 0.0541 268 670 641 848 0 0.0537 124 795 370 1021 8 0.0532 179 598 418 835 11 0.0532 173 604 429 837 7 0.0531 125 794 375 1022 6 0.0530 72 720 317 964 10 0.0529 240 601 480 833 5 0.0524 64 713 310 961 6 0.0515 126 799 373 1023 7 0.0512 248 536 487 770 13 0.0505 126 796 376 1023 2 0.0503 182 717 429 960 5 0.0501 170 597 428 838
1UvaFIJ2Fshg60xV5sxsxkhXmj53OVEQ,13 0.0557 192 5 448 250 0 0.0520 189 9 443 247 6 0.0517 247 70 509 306 8 0.0517 436 459 688 700 5 0.0516 240 0 501 240 0 0.0506 576 408 827 651 11 0.0506 557 749 844 967 0 0.0504 437 459 695 706 11 0.0502 301 1 583 184
AGrMq80kqTtog2NAG1eWah8rD7ptmj2K,11 0.0625 571 220 829 456 5 0.0587 578 395 833 629 0 0.0586 572 284 829 522 11 0.0583 579 345 836 575 11 0.0563 372 683 633 890 8 0.0562 514 266 755 505 11 0.0559 395 197 650 429 0 0.0557 506 212 766 442 11 0.0548 644 282 895 515 5 0.0548 568 281 821 513 6 0.0547 649 283 895 522 0 0.0546 650 352 901 587 3 0.0545 519 267 759 512 5 0.0541 506 207 759 437 0 0.0539 453 275 704 514 11 0.0534 503 152 763 372 6 0.0532 583 342 840 582 8 0.0532 581 342 833 581 5 0.0532 313 200 572 427 0 0.0530 320 200 579 435 7 0.0530 571 217 832 456 7 0.0530 458 272 708 510 6 0.0529 573 219 832 457 8 0.0528 392 193 644 431 3 0.0523 585 342 838 584 11 0.0520 304 740 571 960 5 0.0519 376 675 621 890 0 0.0518 643 224 890 467 8 0.0514 649 281 888 523 10 0.0514 571 286 828 516 7 0.0510 399 195 653 431 8 0.0506 389 610 627 825 5 0.0505 450 272 699 508 13 0.0505 519 458 766 698 13 0.0504 586 342 844 583 11 0.0503 429 746 710 966 11 0.0501 633 466 869 698
tEmM2xHyDl6sYYYbXMvb7yU2bd9fXqei,8 0.0606 255 337 503 575 11 0.0598 439 462 701 702 0 0.0597 290 0 565 242 3 0.0596 314 346 572 585 13 0.0590 309 414 575 656 11 0.0589 250 343 512 573 13 0.0584 256 340 513 577 8 0.0579 311 416 561 655 11 0.0572 302 418 568 652 5 0.0572 306 334 569 576 5 0.0569 497 455 751 691 3 0.0567 448 463 699 712 8 0.0565 503 525 751 758 5 0.0564 485 0 755 195 11 0.0564 369 593 639 820 11 0.0562 630 489 888 709 11 0.0560 188 3 548 161 6 0.0560 314 343 578 580 6 0.0559 449 460 707 702 13 0.0559 200 1 559 161 8 0.0554 634 488 875 714 5 0.0553 363 464 630 700 6 0.0551 200 0 548 162 7 0.0549 306 413 574 654 7 0.0546 446 461 707 702 0 0.0546 189 335 440 584 13 0.0540 508 591 759 821 2 0.0539 448 466 699 700 5 0.0537 183 332 437 576 0 0.0528 312 336 578 580 7 0.0527 254 337 509 577 0 0.0525 445 460 701 703 7 0.0521 193 0 548 162 11 0.0521 110 350 388 578 11 0.0519 251 216 517 439 5 0.0518 186 0 531 160 13 0.0518 303 524 587 761 5 0.0517 629 483 881 712 10 0.0517 627 493 885 709 5 0.0516 366 0 639 236 8 0.0516 298 526 567 765 3 0.0514 300 0 561 246 13 0.0513 509 461 757 694 6 0.0513 638 487 890 714 5 0.0512 491 582 755 819 3 0.0512 304 470 571 716 8 0.0510 259 214 504 445 6 0.0509 188 338 445 581 3 0.0507 190 339 438 588 3 0.0506 183 0 431 215 10 0.0506 253 344 510 577 2 0.0503 309 420 565 652 2 0.0503 254 344 508 576 11 0.0503 295 526 576 761 7 0.0502 309 581 583 823 10 0.0501 307 423 569 655 6 0.0501 305 470 578 712
FhIfPvAiJUUy79xn9tbgPeGXgYJZ8WXQ,11 0.0621 372 608 636 840 11 0.0619 306 464 558 705 5 0.0604 305 598 568 845 11 0.0602 385 406 636 647 0 0.0596 309 465 562 712 5 0.0595 303 460 558 708 7 0.0592 310 602 578 844 5 0.0592 386 398 634 651 8 0.0591 306 603 565 845 6 0.0591 390 405 639 649 8 0.0589 373 285 629 509 0 0.0585 390 405 635 652 11 0.0580 248 601 516 843 10 0.0579 308 467 562 710 7 0.0577 312 461 564 708 8 0.0575 306 466 557 706 11 0.0573 254 396 496 634 0 0.0573 252 394 499 640 11 0.0571 371 288 636 508 7 0.0567 382 343 634 577 6 0.0565 309 467 566 708 5 0.0565 437 285 690 507 2 0.0564 310 472 560 708 0 0.0562 369 608 639 844 8 0.0562 389 406 631 649 3 0.0561 374 285 634 516 0 0.0561 374 289 635 510 5 0.0556 371 214 628 435 3 0.0547 306 400 562 645 10 0.0546 372 612 636 846 3 0.0541 311 602 570 849 10 0.0540 251 400 503 636 6 0.0539 314 602 575 844 13 0.0539 387 404 642 648 7 0.0536 257 392 504 639 10 0.0533 386 406 637 649 6 0.0533 375 288 636 511 2 0.0532 373 612 638 842 8 0.0527 252 398 494 636 13 0.0525 308 464 568 709 11 0.0524 127 386 381 649 5 0.0521 298 272 570 507 9 0.0517 375 345 631 568 11 0.0516 247 730 508 957 13 0.0514 255 393 507 638 7 0.0512 307 275 575 509 13 0.0512 373 606 643 843 10 0.0510 368 291 637 509 1 0.0508 305 459 560 711 7 0.0505 445 290 699 509 0 0.0503 127 389 385 655 6 0.0502 255 397 502 636 9 0.0502 305 462 563 705 0 0.0502 250 598 520 848
KsS0I6D4H9wVAJWRZExyFzFqvhLHFT5y,11 0.0580 189 746 440 964 8 0.0572 120 735 367 956 13 0.0557 258 77 521 329 6 0.0551 176 394 448 635 11 0.0549 175 331 441 554 7 0.0545 192 742 446 970 11 0.0541 126 798 382 1023 0 0.0539 259 79 512 329 11 0.0537 250 80 513 326 5 0.0522 112 734 368 953 0 0.0520 132 796 382 1023 8 0.0519 262 81 503 327 3 0.0518 187 327 440 566 0 0.0506 178 327 444 557 8 0.0501 199 794 438 1023
84zLn7xwYGVcONSSEWUmmN0o9CATGK9m,11 0.0654 378 397 630 627 11 0.0641 303 320 567 558 0 0.0612 379 264 654 501 0 0.0604 304 320 570 563 5 0.0598 377 262 648 494 7 0.0594 307 319 571 561 0 0.0591 312 197 586 442 11 0.0585 384 264 655 496 0 0.0581 379 392 629 634 7 0.0574 383 264 655 502 8 0.0570 384 261 649 500 8 0.0568 318 389 557 626 5 0.0559 308 388 564 621 7 0.0551 321 196 587 441 11 0.0551 314 195 587 440 5 0.0550 311 195 580 436 8 0.0549 320 196 573 437 2 0.0544 383 271 654 499 13 0.0541 384 392 637 631 0 0.0528 464 344 709 585 11 0.0528 193 142 462 381 6 0.0523 323 201 593 439 2 0.0522 317 204 583 442 13 0.0520 385 266 663 499 7 0.0519 381 395 631 632 2 0.0518 306 329 568 562 5 0.0518 455 338 701 577 11 0.0517 464 345 706 577 6 0.0516 384 268 663 498 13 0.0513 310 322 576 564 3 0.0512 307 320 573 567 10 0.0512 314 203 582 438 3 0.0507 384 264 657 505 8 0.0507 464 341 700 581 3 0.0505 317 197 586 445 13 0.0505 250 204 516 448
lyUuETRDr6O9BtGLOH6yY2a27Vyyto4J,5 0.0657 424 785 686 1019 11 0.0643 335 485 706 660 0 0.0641 374 578 625 821 11 0.0630 370 661 634 901 5 0.0626 329 481 704 662 5 0.0624 303 387 565 638 0 0.0619 444 390 695 637 8 0.0611 337 482 701 663 6 0.0611 345 484 714 664 8 0.0607 311 387 560 639 11 0.0605 299 742 564 966 8 0.0603 375 575 619 820 0 0.0597 310 389 567 638 0 0.0591 430 788 688 1023 11 0.0588 434 731 692 965 5 0.0588 229 453 492 710 7 0.0586 307 743 567 972 7 0.0586 441 729 697 974 10 0.0576 379 394 640 634 11 0.0575 235 458 495 709 7 0.0570 315 390 571 634 8 0.0567 311 510 565 755 3 0.0567 384 450 640 698 7 0.0564 377 660 635 906 3 0.0562 381 659 634 909 8 0.0561 435 789 682 1023 13 0.0561 381 515 638 754 6 0.0561 245 457 501 710 11 0.0560 489 669 746 897 6 0.0558 381 735 630 972 11 0.0557 567 537 819 758 0 0.0554 458 618 831 803 7 0.0553 338 484 709 663 13 0.0552 499 668 748 900 2 0.0551 313 393 567 637 13 0.0551 318 449 577 698 0 0.0545 447 272 698 506 3 0.0545 434 787 686 1023 3 0.0545 498 664 745 907 0 0.0544 310 514 574 754 13 0.0544 387 393 645 639 8 0.0544 497 666 739 900 10 0.0543 313 453 574 692 9 0.0543 372 740 626 968 13 0.0541 310 744 568 972 0 0.0541 492 666 745 901 13 0.0538 436 794 693 1023 11 0.0538 451 618 830 803 10 0.0538 377 516 635 752 5 0.0536 442 265 698 501 10 0.0534 373 739 627 970 13 0.0533 380 663 637 905 3 0.0531 310 393 569 643 5 0.0531 566 532 814 760 11 0.0524 446 269 702 501 0 0.0520 249 317 500 560 10 0.0520 497 664 749 900 5 0.0519 304 577 565 814 7 0.0518 312 509 575 755 6 0.0518 502 734 751 967 8 0.0518 465 615 824 803 5 0.0515 238 314 496 557 6 0.0514 381 577 631 822 2 0.0513 313 517 576 752 2 0.0512 239 459 496 711 8 0.0512 237 454 485 714 2 0.0512 445 395 695 636 5 0.0510 491 663 739 895 2 0.0510 432 791 690 1023 8 0.0510 309 742 561 969
5zGJjOryrp65FtmJ5JkL2gbHUYBzS01d,0 0.0612 377 469 638 698 8 0.0584 248 528 491 762 11 0.0582 260 786 504 1015 0 0.0580 314 535 576 782 5 0.0569 307 532 572 776 11 0.0566 246 534 503 759 13 0.0563 332 777 572 1019 11 0.0554 374 533 641 761 11 0.0549 386 786 626 1013 7 0.0546 388 780 632 1018 8 0.0545 384 533 630 765 6 0.0544 394 709 638 950 8 0.0543 264 777 497 1021 7 0.0543 265 780 510 1023 0 0.0542 244 462 488 691 0 0.0539 321 396 571 637 11 0.0535 441 716 694 946 6 0.0532 314 537 580 780 0 0.0530 233 341 498 572 7 0.0524 248 462 490 687 8 0.0523 508 648 758 885 5 0.0523 439 705 686 949 7 0.0522 449 710 698 951 11 0.0522 513 149 752 386 10 0.0514 308 541 577 774 9 0.0513 323 779 566 1010 0 0.0511 516 151 751 389 5 0.0509 377 774 624 1013 11 0.0508 503 652 768 878 7 0.0507 511 646 771 885 13 0.0507 383 532 647 768 11 0.0504 316 398 574 630 6 0.0504 383 468 642 690 7 0.0502 317 534 583 779 5 0.0500 505 640 762 885
sFxItnEuWNn9bkxcsqY5ukrBIrp0y9rz,5 0.0575 0 0 359 153 8 0.0556 783 520 1013 762 11 0.0542 339 872 710 1021 11 0.0539 782 529 1023 762 0 0.0535 0 0 372 155 8 0.0529 343 870 695 1021 11 0.0520 276 476 648 654 11 0.0518 637 539 896 768 7 0.0511 368 774 631 1012 11 0.0510 0 3 367 150 8 0.0507 1 0 348 151 11 0.0506 242 771 507 1010 8 0.0505 246 763 496 1013 6 0.0504 866 374 1023 755 7 0.0502 786 525 1023 764
SYghTlh6L3GdnKVshECcpkcl3QIM5FA7,0 0.0613 378 508 637 767 5 0.0605 0 531 236 765 13 0.0598 389 574 636 828 5 0.0589 448 575 697 831 13 0.0579 455 519 704 770 0 0.0579 383 398 643 647 0 0.0579 585 599 825 838 0 0.0579 452 578 700 832 5 0.0576 379 446 639 702 11 0.0573 379 509 639 756 0 0.0572 452 461 706 708 11 0.0571 451 577 700 824 8 0.0571 0 528 232 768 2 0.0571 456 584 703 832 0 0.0570 0 533 237 769 6 0.0570 388 447 646 702 7 0.0568 389 575 634 827 0 0.0568 451 713 697 955 11 0.0566 384 401 645 640 7 0.0564 456 458 711 708 8 0.0562 586 595 816 835 11 0.0560 507 648 760 883 11 0.0556 450 716 698 949 10 0.0555 380 577 632 826 7 0.0554 515 647 767 888 6 0.0551 512 646 767 885 13 0.0549 386 449 647 703 8 0.0547 510 646 757 889 13 0.0547 5 535 248 769 13 0.0546 450 651 704 907 0 0.0546 585 472 827 712 11 0.0544 0 533 238 765 5 0.0544 307 264 566 499 11 0.0543 587 530 831 763 6 0.0543 587 596 832 831 6 0.0542 387 572 635 827 5 0.0540 369 645 626 896 7 0.0537 457 713 704 952 8 0.0536 453 517 693 769 5 0.0536 379 325 647 565 7 0.0536 451 325 721 578 3 0.0535 454 578 701 838 13 0.0533 376 272 656 507 5 0.0532 583 529 829 769 7 0.0531 387 397 650 647 2 0.0531 511 653 764 888 6 0.0531 453 517 706 769 8 0.0530 456 714 690 954 8 0.0528 386 571 628 827 6 0.0528 317 330 574 563 3 0.0527 386 400 647 648 0 0.0523 447 334 711 578 7 0.0523 0 531 244 771 10 0.0523 382 403 643 640 11 0.0521 369 652 633 893 5 0.0520 447 705 695 946 3 0.0520 377 650 632 903 0 0.0520 509 651 765 890 0 0.0519 256 393 504 625 10 0.0519 449 523 698 767 7 0.0517 383 776 636 1009 8 0.0516 384 450 635 701 11 0.0515 358 211 645 434 0 0.0515 517 297 788 512 0 0.0513 370 272 648 507 0 0.0512 312 575 568 829 0 0.0509 369 650 630 902 8 0.0509 585 469 819 709 11 0.0509 448 335 712 574 2 0.0509 588 604 829 834 3 0.0509 455 460 708 711 7 0.0508 375 271 649 507 10 0.0508 510 651 761 886 2 0.0508 455 464 707 707 2 0.0508 384 514 640 764 6 0.0507 458 710 704 951 8 0.0507 314 265 560 500 13 0.0507 589 534 838 770 6 0.0505 261 395 510 627 13 0.0502 372 709 633 950 2 0.0501 454 719 698 956 11 0.0500 312 577 571 817
fRy73p36nS1WNnG07qqX8F1icIq3j59B,11 0.0602 378 272 639 508 8 0.0600 483 787 737 1022 5 0.0590 472 786 741 1014 7 0.0585 345 347 712 530 0 0.0577 380 270 637 515 11 0.0573 245 772 509 1007 8 0.0572 438 267 684 507 13 0.0572 256 770 520 1013 10 0.0570 375 274 640 513 0 0.0568 482 790 747 1023 7 0.0567 564 783 826 1013 7 0.0557 420 788 686 1016 6 0.0554 483 789 751 1016 7 0.0549 383 205 644 442 8 0.0547 369 770 621 1007 13 0.0547 347 346 711 528 5 0.0546 315 199 566 434 5 0.0543 564 394 814 640 10 0.0541 253 777 514 1012 8 0.0540 251 769 502 1012 13 0.0540 375 770 639 1009 5 0.0538 362 767 632 1002 7 0.0538 574 395 819 646 0 0.0537 325 204 569 444 11 0.0533 367 722 638 942 5 0.0532 173 204 417 444 11 0.0531 319 206 572 436 2 0.0531 339 350 703 529 13 0.0528 486 789 752 1021 5 0.0524 194 729 448 976 6 0.0523 375 342 645 579 7 0.0523 116 784 387 1023 11 0.0522 570 401 816 638 7 0.0521 254 768 518 1012 6 0.0520 572 396 823 641 8 0.0520 113 786 370 1023 11 0.0518 106 790 376 1021 3 0.0518 344 347 702 532 0 0.0516 181 147 434 392 6 0.0516 327 209 572 441 13 0.0515 187 210 435 452 8 0.0512 379 206 630 440 6 0.0512 374 771 636 1002 6 0.0511 190 783 445 1023 5 0.0511 330 342 696 527 10 0.0510 243 213 490 450 13 0.0510 572 399 824 644 5 0.0509 107 783 375 1019 10 0.0509 434 339 698 579 3 0.0509 488 788 743 1023 7 0.0506 183 210 426 450 2 0.0505 416 793 685 1021 3 0.0503 372 771 628 1010
UR1KXxPCFBxzRjJVwuHzew6k1qwNygCJ,11 0.0637 376 591 640 823 11 0.0621 696 533 953 758 6 0.0621 584 527 833 762 11 0.0617 578 527 828 761 8 0.0612 581 525 824 765 8 0.0612 321 587 572 840 5 0.0610 243 336 508 572 11 0.0607 769 604 1018 816 0 0.0604 379 589 635 827 3 0.0595 588 528 830 769 11 0.0595 310 343 579 576 8 0.0594 171 564 434 826 8 0.0593 393 199 639 446 13 0.0593 587 527 837 762 5 0.0592 193 449 440 692 0 0.0591 580 529 830 767 11 0.0589 444 461 694 704 7 0.0588 380 590 641 827 10 0.0587 318 593 580 838 0 0.0585 444 459 697 709 13 0.0583 448 457 701 707 5 0.0581 577 524 826 759 5 0.0581 692 529 947 756 0 0.0580 321 519 577 761 5 0.0579 372 583 635 823 11 0.0578 238 590 522 838 8 0.0576 258 521 509 768 11 0.0573 256 404 513 640 3 0.0571 380 588 640 831 7 0.0570 779 528 1023 762 13 0.0570 326 588 585 834 7 0.0569 580 527 830 765 8 0.0569 446 453 689 707 0 0.0569 310 402 571 641 3 0.0564 264 521 514 774 7 0.0563 262 402 516 643 6 0.0562 254 342 514 574 6 0.0562 322 591 587 838 10 0.0559 248 346 510 572 13 0.0559 251 344 516 579 5 0.0558 256 518 517 764 11 0.0557 238 274 509 510 2 0.0556 582 531 831 763 5 0.0556 387 196 645 440 10 0.0556 262 523 518 768 2 0.0554 262 410 515 643 3 0.0554 314 343 575 584 13 0.0554 703 536 963 759 6 0.0554 705 534 956 758 0 0.0552 176 564 443 829 5 0.0552 243 189 505 430 8 0.0551 198 449 432 696 8 0.0551 248 342 502 573 10 0.0549 583 530 829 764 7 0.0548 396 194 650 446 5 0.0547 438 454 693 703 5 0.0547 163 563 440 823 3 0.0546 780 533 1021 764 7 0.0545 249 589 519 843 3 0.0544 447 457 697 712 8 0.0543 702 531 949 764 3 0.0543 710 610 956 830 0 0.0542 440 97 711 309 7 0.0541 245 266 508 509 13 0.0540 319 8 602 236 11 0.0538 309 11 596 238 8 0.0538 381 515 627 763 0 0.0536 395 200 648 445 8 0.0535 777 603 1013 826 10 0.0535 702 537 949 759 10 0.0535 381 525 635 760 7 0.0533 325 522 580 758 6 0.0533 174 565 444 824 11 0.0531 390 197 648 443 10 0.0530 445 464 696 705 11 0.0530 380 398 636 641 0 0.0530 700 533 952 763 0 0.0529 247 342 508 575 11 0.0529 765 477 1023 697 5 0.0529 763 597 1012 819 0 0.0528 199 450 439 698 5 0.0526 115 333 368 567 11 0.0525 112 573 380 813 7 0.0525 448 455 697 706 6 0.0525 265 522 523 768
CBdvDqVgvArDqoKh35yaUB4fyvTZzGlC,0 0.0596 256 457 501 702 0 0.0589 187 518 437 768 8 0.0587 126 463 377 702 6 0.0579 127 465 389 699 8 0.0575 747 9 997 256 11 0.0573 180 403 442 633 0 0.0572 182 401 437 643 7 0.0568 127 463 393 701 8 0.0550 23 669 370 847 11 0.0549 186 520 440 760 11 0.0548 17 673 387 844 8 0.0547 184 394 431 642 7 0.0546 27 671 385 848 3 0.0546 127 466 386 703 5 0.0538 120 460 383 697 13 0.0537 126 403 396 638 6 0.0537 24 672 384 847 11 0.0535 745 14 1007 256 8 0.0530 60 400 308 626 5 0.0529 745 8 1007 257 0 0.0528 84 737 440 916 11 0.0528 0 809 244 1021 0 0.0525 752 16 1009 262 7 0.0523 261 454 503 701 11 0.0521 251 461 502 696 11 0.0520 234 331 514 562 7 0.0518 689 19 942 250 8 0.0515 639 27 869 258 8 0.0515 259 454 491 696 13 0.0510 28 672 391 849 3 0.0505 750 16 1007 262 5 0.0505 18 666 371 843 0 0.0505 19 671 378 849 10 0.0505 751 18 1005 256 8 0.0500 0 802 229 1023
hhReaiZixpnSAsCrO45zrky9aIIviR94,7 0.0617 432 581 690 835 5 0.0614 231 600 509 841 11 0.0614 423 522 695 759 5 0.0606 493 587 756 848 5 0.0604 309 522 577 763 7 0.0600 311 529 579 768 11 0.0589 558 460 812 685 13 0.0576 245 603 525 849 5 0.0574 420 512 692 761 8 0.0573 503 592 753 846 11 0.0572 426 399 699 622 0 0.0570 425 585 684 834 8 0.0570 430 520 685 759 7 0.0570 506 519 763 777 11 0.0568 496 598 758 850 3 0.0567 435 394 696 627 13 0.0567 433 584 693 831 5 0.0565 419 643 681 898 10 0.0565 424 520 695 757 7 0.0562 372 463 641 697 5 0.0557 169 530 435 774 8 0.0557 430 395 689 624 11 0.0556 309 532 576 762 6 0.0556 428 584 687 828 6 0.0554 505 522 763 775 3 0.0549 506 522 759 781 11 0.0547 423 655 683 896 8 0.0545 113 581 369 832 8 0.0539 252 465 498 705 10 0.0538 500 598 761 847 0 0.0537 505 522 759 778 11 0.0534 174 457 441 696 8 0.0534 507 457 749 700 2 0.0534 424 587 687 829 13 0.0532 181 534 444 782 13 0.0532 320 531 586 765 13 0.0529 504 525 766 773 3 0.0528 244 541 509 786 9 0.0525 311 535 576 758 11 0.0523 304 394 577 618 8 0.0522 319 532 568 765 6 0.0519 320 529 576 761 11 0.0518 236 606 511 845 0 0.0518 178 455 436 705 10 0.0518 313 536 577 765 6 0.0518 377 462 643 692 5 0.0517 372 0 634 202 3 0.0516 379 462 639 702 13 0.0515 438 396 706 626 6 0.0515 437 397 702 621 9 0.0515 427 520 695 757 7 0.0514 113 585 383 835 5 0.0513 425 388 695 620 9 0.0511 497 592 761 841 10 0.0510 239 615 509 846 3 0.0510 569 457 809 695 8 0.0510 312 396 562 617 8 0.0508 433 650 677 895 7 0.0508 240 603 516 854 5 0.0508 501 449 754 698 7 0.0505 253 460 510 709 5 0.0505 246 458 509 705 8 0.0505 244 604 504 848 3 0.0505 429 583 686 835 13 0.0504 384 0 647 204 10 0.0504 433 397 703 623 13 0.0501 377 470 650 698 0 0.0500 363 509 632 762
PLnmJExOQzxb7sdg6Ra8VjGHDRfSzxbV,11 0.0560 433 664 687 887 8 0.0536 439 662 677 890 0 0.0527 438 661 687 893 7 0.0512 442 657 688 890
9G69hkvyb3DU0K24otDxWrQaUBH2UEnz,11 0.0575 313 654 573 875 5 0.0567 316 581 573 819 11 0.0554 387 417 760 597 5 0.0552 246 653 508 883 11 0.0550 430 469 705 701 8 0.0547 392 414 747 598 8 0.0543 566 394 805 649 11 0.0541 302 265 569 498 10 0.0539 318 729 571 950 0 0.0538 320 725 572 952 0 0.0538 433 464 703 706 11 0.0538 372 337 633 563 8 0.0536 343 478 687 660 0 0.0532 388 415 761 598 8 0.0530 324 724 561 949 11 0.0525 561 391 812 646 0 0.0522 374 332 632 564 6 0.0521 447 392 698 625 8 0.0520 329 590 568 820 5 0.0518 307 393 578 628 8 0.0518 412 532 756 715 5 0.0517 404 529 764 713 7 0.0510 398 413 764 599 7 0.0509 323 725 572 950 0 0.0509 376 533 644 769 13 0.0507 349 479 709 661 5 0.0505 563 388 812 646 7 0.0504 305 328 570 565 11 0.0502 306 398 582 629 7 0.0500 569 393 816 646
MyUjV8niuUxqwcTTCUIFajQTx1SNKdlP,7 0.0671 312 788 561 1022 8 0.0670 150 865 503 1023 5 0.0668 141 865 502 1021 11 0.0664 313 790 559 1022 7 0.0651 248 724 498 968 7 0.0646 151 867 514 1023 5 0.0640 311 783 553 1020 11 0.0632 145 868 509 1023 0 0.0620 148 867 506 1023 11 0.0606 242 730 496 965 2 0.0605 148 869 508 1023 8 0.0605 315 788 554 1020 5 0.0600 241 723 490 968 6 0.0598 315 794 560 1023 6 0.0586 150 869 510 1023 6 0.0582 248 728 498 967 0 0.0576 314 788 559 1022 11 0.0574 374 724 642 954 9 0.0574 142 868 511 1023 0 0.0572 246 725 494 968 10 0.0560 142 870 511 1023 13 0.0559 149 868 518 1023 7 0.0556 319 678 572 904 3 0.0552 153 867 510 1023 7 0.0543 436 779 685 1012 5 0.0536 432 771 674 1008 2 0.0534 314 794 560 1023 10 0.0532 312 791 561 1022 3 0.0531 315 787 561 1023 8 0.0531 246 728 488 968 9 0.0528 312 792 559 1020 3 0.0527 249 727 494 974 2 0.0522 247 732 497 970 13 0.0521 316 792 564 1023 13 0.0520 249 730 504 972 12 0.0510 150 865 509 1023 5 0.0510 310 671 562 904 10 0.0509 243 731 496 968 1 0.0509 146 865 507 1023 4 0.0508 145 868 514 1023 8 0.0505 382 722 630 958 11 0.0501 310 612 564 826
AI0e7pjXMSsD5LNHPkmXZiNbWk5ckZeM,0 0.0593 370 447 639 699 5 0.0582 308 451 565 693 11 0.0581 311 456 568 690 5 0.0566 618 264 893 490 11 0.0562 379 383 638 623 0 0.0562 321 519 574 761 0 0.0562 518 321 774 564 0 0.0562 202 328 440 569 0 0.0558 443 392 706 634 3 0.0554 326 386 574 630 13 0.0554 328 388 578 630 7 0.0551 579 530 840 770 8 0.0548 313 456 559 688 7 0.0547 324 521 575 762 11 0.0546 198 336 443 563 0 0.0540 504 454 768 709 5 0.0539 443 388 701 629 7 0.0533 453 521 704 765 6 0.0531 589 13 830 242 11 0.0531 578 322 841 564 0 0.0531 134 271 385 499 0 0.0531 564 595 831 829 3 0.0530 515 265 777 506 3 0.0529 390 328 635 560 13 0.0529 453 394 710 629 11 0.0528 453 327 710 553 7 0.0528 520 394 774 643 5 0.0528 489 662 763 899 13 0.0526 392 325 640 553 2 0.0525 513 274 775 497 0 0.0525 444 521 699 767 0 0.0522 579 262 841 494 8 0.0521 443 597 699 829 11 0.0521 513 395 773 639 7 0.0521 377 449 643 700 6 0.0519 773 54 1023 299 8 0.0518 448 452 699 689 6 0.0517 314 455 571 690 6 0.0517 451 394 710 631 7 0.0516 265 305 495 548 13 0.0516 320 520 578 764 8 0.0515 623 272 883 493 11 0.0514 566 593 831 825 8 0.0514 577 396 832 646 7 0.0512 517 266 778 494 5 0.0512 433 590 702 830 3 0.0512 452 393 708 634 7 0.0512 505 591 769 830 10 0.0511 319 526 577 761 2 0.0509 444 459 705 688 3 0.0509 586 317 844 575 11 0.0509 439 597 708 825 7 0.0508 393 594 654 836 8 0.0507 207 326 433 564 6 0.0506 447 524 705 763 3 0.0506 377 449 645 702 11 0.0506 510 267 778 496 0 0.0506 383 325 637 555 5 0.0504 764 49 1019 292 5 0.0504 506 259 774 498 3 0.0504 322 521 577 768 5 0.0503 577 7 827 242 5 0.0503 69 268 328 493 8 0.0502 566 590 822 825 8 0.0501 390 326 630 553 11 0.0500 579 14 829 243 0 0.0500 576 400 837 649
C4vcfXo7AqotcnkGFJPKLe40x0LW1DpD,8 0.0608 504 218 751 453 0 0.0600 508 220 755 453 8 0.0592 371 213 618 446 5 0.0588 501 216 753 452 8 0.0586 263 161 508 400 11 0.0586 299 336 561 577 8 0.0583 306 594 570 838 8 0.0578 233 525 495 771 0 0.0573 303 225 559 452 7 0.0572 371 208 632 449 5 0.0571 301 593 570 837 0 0.0562 303 332 556 579 5 0.0555 297 332 557 573 3 0.0553 509 221 754 458 8 0.0552 1 74 229 307 11 0.0550 232 527 502 768 8 0.0548 511 33 745 259 6 0.0547 508 223 761 453 11 0.0546 501 221 758 451 7 0.0545 304 333 562 577 8 0.0544 304 332 551 575 11 0.0543 254 163 519 398 10 0.0543 246 295 495 529 13 0.0542 0 74 250 311 11 0.0542 365 213 628 447 11 0.0539 0 2 268 199 3 0.0535 366 339 616 578 7 0.0533 509 221 760 452 8 0.0531 188 218 433 451 0 0.0526 0 3 263 207 0 0.0525 231 522 500 773 0 0.0524 0 79 241 313 5 0.0523 228 518 493 764 13 0.0521 385 594 650 840 10 0.0520 506 228 758 453 3 0.0520 370 214 630 453 13 0.0520 260 332 514 586 11 0.0519 304 596 576 837 5 0.0518 55 0 314 200 10 0.0515 297 227 560 452 13 0.0514 506 221 766 453 8 0.0513 40 15 313 247 2 0.0511 366 219 624 452 0 0.0510 183 224 440 452 6 0.0510 371 213 632 447 8 0.0509 184 98 431 309 11 0.0508 121 22 387 252 6 0.0508 238 523 504 765 3 0.0507 236 527 495 779 7 0.0507 261 154 522 401 3 0.0507 310 596 572 845 11 0.0505 507 664 779 891 13 0.0504 369 213 636 451 10 0.0502 363 284 612 515 11 0.0501 618 1 885 206 5 0.0501 359 205 624 448
1DpOXagtPA7RaOK17EHCENsRq8zxz4a0,3 0.0628 706 207 961 458 8 0.0624 629 269 870 496 5 0.0604 626 269 871 495 8 0.0591 707 201 958 444 0 0.0591 693 273 958 510 0 0.0587 634 205 893 441 5 0.0581 699 201 961 445 0 0.0561 560 283 809 500 8 0.0551 581 342 814 566 5 0.0547 578 338 818 564 8 0.0544 557 211 812 435 11 0.0542 554 218 822 430 0 0.0542 707 143 958 377 7 0.0540 452 592 707 823 5 0.0536 559 212 811 430 3 0.0532 636 271 873 504 7 0.0525 705 202 967 446 5 0.0525 636 132 891 377 11 0.0522 638 137 898 375 2 0.0520 704 209 965 452 6 0.0516 699 272 958 508 13 0.0514 644 138 904 381 6 0.0514 640 204 897 437 0 0.0512 448 589 708 831 11 0.0511 690 272 958 504 13 0.0509 708 204 971 452 2 0.0507 562 294 807 500 8 0.0506 641 133 889 378 7 0.0504 631 273 879 495 7 0.0504 566 217 825 432 0 0.0503 582 727 828 963 11 0.0502 584 724 827 954
goODEguajjhDpOrRM4H0cC5Ml78KoVDk,3 0.0628 336 393 588 645 11 0.0607 333 395 586 637 5 0.0600 376 200 621 437 3 0.0599 320 273 569 500 11 0.0596 128 406 378 633 11 0.0593 865 398 1023 757 8 0.0593 322 333 566 569 11 0.0591 188 331 441 562 11 0.0587 248 456 508 685 5 0.0585 375 330 627 569 11 0.0582 318 278 565 496 5 0.0582 312 140 555 364 5 0.0581 862 383 1020 763 0 0.0575 317 273 568 498 11 0.0575 596 428 954 608 3 0.0575 323 145 561 375 5 0.0574 313 270 566 493 3 0.0573 257 453 506 693 6 0.0569 326 333 575 569 6 0.0567 255 268 504 494 5 0.0567 253 385 510 630 7 0.0564 320 273 566 498 13 0.0564 215 419 593 601 6 0.0562 192 326 444 564 0 0.0562 439 337 698 572 7 0.0559 336 396 588 640 7 0.0558 385 202 628 442 13 0.0558 200 465 452 705 7 0.0556 318 141 561 371 6 0.0556 388 272 633 507 0 0.0556 315 148 561 372 8 0.0556 382 269 623 510 6 0.0555 866 386 1023 762 8 0.0554 757 532 1002 777 3 0.0552 385 205 624 445 8 0.0550 127 354 493 541 8 0.0550 252 269 496 496 8 0.0549 865 392 1021 764 3 0.0549 259 215 509 438 5 0.0549 246 210 504 428 0 0.0549 865 390 1022 767 6 0.0549 321 211 561 434 0 0.0548 598 488 959 669 0 0.0547 379 206 625 443 5 0.0547 749 531 1007 783 13 0.0546 325 462 580 698 6 0.0546 133 401 381 636 0 0.0544 188 328 441 568 5 0.0543 60 159 312 402 12 0.0538 329 336 571 569 7 0.0537 203 394 452 632 5 0.0536 594 483 957 668 0 0.0533 135 466 383 709 11 0.0532 316 146 559 371 3 0.0531 867 390 1023 775 0 0.0531 331 393 584 640 10 0.0531 380 335 632 571 0 0.0531 754 534 1010 785 13 0.0530 866 390 1023 768 13 0.0530 322 276 571 498 7 0.0528 867 388 1023 762 8 0.0528 188 209 434 440 11 0.0527 0 406 259 637 9 0.0527 316 278 562 493 8 0.0527 67 163 313 408 0 0.0523 584 343 821 584 8 0.0523 317 210 553 435 8 0.0521 133 402 371 637 11 0.0519 586 343 825 578 10 0.0518 187 331 444 563 8 0.0518 253 454 501 689 10 0.0518 249 273 502 494 2 0.0515 385 277 629 505 6 0.0514 445 336 703 570 0 0.0514 0 403 254 639 13 0.0514 133 403 386 637 13 0.0513 384 335 634 573 1 0.0513 318 329 571 568 11 0.0513 379 207 625 441 8 0.0512 439 335 689 569 13 0.0512 259 215 514 437 10 0.0511 385 211 627 441 2 0.0511 444 342 699 572
KkwCGJfU9FSODtYPAmync218zLuV1U5K,8 0.0695 510 333 773 581 5 0.0649 499 262 765 510 11 0.0631 441 264 706 503 6 0.0614 504 267 772 507 5 0.0609 435 188 699 435 8 0.0604 443 391 696 649 11 0.0597 512 336 778 577 6 0.0594 440 193 704 433 8 0.0593 440 262 701 505 7 0.0592 504 266 770 511 11 0.0590 434 130 705 374 8 0.0590 504 200 762 440 13 0.0585 382 267 644 503 5 0.0576 326 357 700 547 3 0.0574 510 396 771 654 13 0.0573 505 268 771 509 5 0.0571 371 261 636 499 3 0.0570 354 174 710 354 3 0.0570 503 266 769 515 13 0.0569 345 363 711 552 0 0.0569 433 132 702 379 10 0.0568 442 266 705 504 0 0.0567 514 332 778 581 11 0.0567 439 393 709 646 7 0.0566 443 191 704 438 11 0.0564 503 202 769 437 13 0.0563 440 191 706 434 7 0.0559 442 394 709 649 7 0.0559 436 0 694 212 2 0.0556 444 266 706 502 11 0.0554 365 198 638 437 0 0.0549 331 361 710 553 3 0.0547 340 359 704 555 6 0.0546 511 398 775 648 13 0.0545 513 402 775 651 5 0.0544 505 394 763 650 0 0.0544 439 262 707 507 9 0.0543 510 332 781 577 5 0.0541 366 125 633 371 0 0.0541 504 202 769 444 1 0.0538 506 331 773 582 8 0.0538 368 193 626 437 2 0.0538 509 402 771 649 10 0.0537 509 336 777 579 5 0.0536 437 69 698 309 0 0.0536 501 460 765 715 7 0.0532 374 129 638 373 6 0.0532 442 73 707 311 2 0.0531 335 363 707 549 10 0.0528 369 200 636 441 13 0.0527 371 128 646 370 8 0.0526 436 130 696 376 10 0.0522 411 167 778 344 12 0.0522 515 331 779 580 8 0.0520 506 80 754 312 2 0.0518 370 201 632 437 9 0.0518 435 191 705 432 2 0.0517 506 205 767 440 9 0.0515 413 297 789 466 1 0.0514 435 258 703 504 10 0.0514 441 396 707 648 3 0.0511 434 461 700 710 6 0.0508 372 127 638 372 13 0.0505 444 74 710 308 11 0.0502 312 130 581 363
bW6g5O41oFUu1nkeYVWoL3VWtv3QNZDE,0 0.0541 485 218 747 448 11 0.0526 372 649 651 884 5 0.0504 312 200 577 454 8 0.0502 124 750 372 976
X1J4aLnjBtgHTielbZYsJOqQFMEqVnaL,11 0.0635 262 336 516 578 5 0.0622 184 324 444 575 5 0.0610 250 387 507 639 11 0.0609 313 404 562 653 6 0.0594 258 394 510 641 13 0.0592 257 390 513 643 0 0.0592 255 390 504 640 11 0.0584 185 396 443 646 7 0.0582 193 325 445 576 7 0.0576 258 391 508 642 11 0.0573 392 338 650 581 8 0.0570 319 406 554 658 13 0.0569 316 462 561 718 8 0.0569 263 332 508 579 10 0.0567 190 334 441 579 0 0.0559 266 268 521 510 10 0.0557 253 396 504 640 11 0.0554 628 265 903 489 6 0.0553 331 342 587 590 7 0.0552 271 264 525 508 5 0.0550 262 262 520 505 7 0.0549 332 337 585 592 0 0.0549 387 388 628 652 5 0.0540 380 388 627 648 6 0.0538 196 332 448 580 5 0.0535 308 460 554 715 11 0.0534 700 203 971 424 3 0.0533 263 336 516 586 5 0.0532 563 274 820 502 3 0.0530 317 407 564 662 6 0.0527 315 464 559 720 11 0.0524 506 293 775 510 5 0.0522 636 195 896 425 3 0.0516 448 406 699 660 2 0.0513 511 293 778 512 7 0.0512 315 462 557 717 10 0.0511 325 344 583 591 8 0.0509 187 391 433 653 8 0.0509 564 270 816 507 2 0.0508 266 337 514 579 8 0.0508 447 401 684 656 13 0.0506 267 264 530 514 7 0.0503 514 287 776 512 6 0.0501 272 270 526 510
dyw9tDhbap7tI6eh7QtpqFXi7VZtvw5Z,8 0.0679 101 806 353 1023 5 0.0589 93 806 352 1019 6 0.0550 101 810 361 1023 7 0.0547 347 354 714 540 0 0.0543 334 291 694 465 2 0.0536 102 813 356 1023 7 0.0533 296 412 651 607 5 0.0531 191 347 546 529 0 0.0529 205 349 554 536 11 0.0526 340 359 704 538 6 0.0522 281 352 637 542 8 0.0521 273 282 619 467 0 0.0520 96 809 360 1023 7 0.0519 4 479 258 722 8 0.0517 345 354 696 539 11 0.0516 93 807 357 1023 13 0.0512 348 354 713 540 10 0.0511 275 359 630 537 13 0.0511 3 477 266 720 7 0.0507 101 803 365 1022 11 0.0504 0 481 254 716 11 0.0503 285 415 647 606 5 0.0503 318 186 583 418 0 0.0503 2 479 249 723 5 0.0502 0 471 245 721 8 0.0501 209 349 544 535 11 0.0501 385 199 651 415 10 0.0501 2 483 256 720
GMM91nTNKaigiJd9EWpKcQMNhgKieQ7y,8 0.0533 471 0 803 164
rWjUIOaMohNwyscVaKSShHrpHHKrYVbl,0 0.0551 15 5 272 214 3 0.0535 17 2 271 218 5 0.0528 184 333 430 562 11 0.0525 184 340 443 564 0 0.0523 393 404 646 633 0 0.0523 330 335 575 566 8 0.0521 16 0 261 210 0 0.0518 249 403 492 623 5 0.0509 245 395 490 618 5 0.0508 14 0 265 208 6 0.0506 397 405 651 634
mSy2ZfEi6MoTXMVs99TcvfTGRmjJmdoc,11 0.0654 306 655 571 884 11 0.0647 432 667 692 890 7 0.0642 313 651 576 887 8 0.0630 106 787 360 1015 0 0.0629 237 656 492 899 7 0.0625 251 711 495 955 8 0.0612 374 659 626 890 11 0.0605 172 790 424 1016 5 0.0604 232 652 488 895 11 0.0603 377 592 632 822 8 0.0601 239 652 487 894 5 0.0587 371 655 631 888 5 0.0585 240 782 476 1016 7 0.0585 439 663 698 891 7 0.0584 173 651 437 889 8 0.0577 244 781 476 1019 11 0.0576 114 722 376 951 0 0.0575 433 665 692 893 11 0.0571 166 655 435 886 11 0.0571 244 714 491 950 13 0.0566 250 786 488 1021 7 0.0558 386 589 636 825 7 0.0550 178 787 425 1020 6 0.0548 313 653 575 890 0 0.0546 379 590 630 827 3 0.0540 378 661 635 896 10 0.0534 305 655 571 886 13 0.0530 312 652 579 887 5 0.0529 105 787 365 1018 0 0.0524 243 786 482 1021 3 0.0523 239 656 493 900 10 0.0523 165 657 435 891 6 0.0515 248 713 495 956 2 0.0514 236 660 492 895 7 0.0513 123 719 376 957 3 0.0511 121 716 379 964 8 0.0509 442 596 671 823 10 0.0505 428 664 691 889 10 0.0504 242 716 494 956 2 0.0504 245 787 484 1021 6 0.0502 171 652 438 889 10 0.0500 377 595 630 823
0Ch2VIWNBb1Y9vfYmXQc9UWW849kbV3A,11 0.0641 426 671 694 905 5 0.0640 435 721 692 970 8 0.0632 499 667 755 901 11 0.0617 560 587 804 827 8 0.0612 441 721 692 972 0 0.0606 366 664 638 909 10 0.0603 496 673 759 901 7 0.0603 438 724 699 977 0 0.0601 503 720 768 975 6 0.0597 370 664 638 909 7 0.0586 500 667 762 901 5 0.0581 307 663 676 852 6 0.0581 500 590 753 837 3 0.0580 431 669 694 911 5 0.0580 496 664 756 900 0 0.0580 560 588 810 831 13 0.0577 442 725 703 977 8 0.0577 561 584 801 830 11 0.0574 502 728 769 968 13 0.0574 500 670 765 903 11 0.0574 307 660 580 891 8 0.0569 369 665 633 909 7 0.0568 377 597 628 845 5 0.0566 559 580 804 830 13 0.0566 562 585 813 830 0 0.0565 438 595 690 838 7 0.0562 566 584 810 830 8 0.0562 439 595 685 836 11 0.0559 362 784 629 1020 10 0.0554 559 588 807 833 10 0.0553 371 600 624 845 11 0.0551 641 521 886 764 0 0.0549 639 518 884 768 5 0.0549 357 777 622 1017 8 0.0549 374 779 620 1022 6 0.0549 437 725 697 972 7 0.0548 647 519 887 768 13 0.0548 311 669 691 854 6 0.0547 325 608 699 797 6 0.0544 573 521 824 765 2 0.0537 313 670 680 854 11 0.0537 373 531 634 767 10 0.0534 641 680 904 907 11 0.0533 634 674 914 904 3 0.0527 316 657 573 900 2 0.0526 502 671 758 901 12 0.0525 435 671 692 908 8 0.0525 643 519 879 767 3 0.0520 509 725 766 975 0 0.0520 316 595 568 841 3 0.0516 500 589 748 841 2 0.0513 565 590 807 830 8 0.0513 645 672 894 907 0 0.0508 377 532 634 774 8 0.0507 373 217 624 449 3 0.0504 371 783 629 1023
clASVeEpPyThMNVL34uQNKEH1K3Iy6F5,8 0.0514 493 289 754 519 11 0.0512 487 291 764 516 11 0.0509 760 783 1016 1023 5 0.0505 576 781 823 1013 11 0.0503 303 278 578 510 5 0.0502 702 772 943 1015 7 0.0500 491 287 766 523
nNzDfDNcZHzQL3JROb3lhgjSarTQunvb,11 0.0675 387 416 760 600 11 0.0662 444 460 699 702 8 0.0650 446 459 694 705 8 0.0642 388 416 757 602 0 0.0638 384 417 765 601 5 0.0629 250 505 502 757 0 0.0629 448 459 700 704 7 0.0627 451 460 702 707 11 0.0623 373 530 634 772 7 0.0622 380 527 634 779 0 0.0621 572 397 823 643 7 0.0616 392 415 764 602 7 0.0611 256 513 511 760 5 0.0611 444 458 696 702 8 0.0606 440 587 682 823 5 0.0604 385 415 760 601 3 0.0601 397 418 760 605 13 0.0592 575 401 826 643 5 0.0589 568 397 816 642 6 0.0589 391 418 765 600 8 0.0588 570 396 816 642 6 0.0588 576 399 825 640 11 0.0587 569 399 821 642 10 0.0587 385 420 758 601 11 0.0584 250 515 506 759 11 0.0578 247 266 509 506 8 0.0577 254 511 504 761 0 0.0575 318 516 569 766 6 0.0575 450 460 702 701 13 0.0575 393 418 773 600 6 0.0572 257 513 512 758 10 0.0570 446 464 698 704 5 0.0568 372 520 627 775 0 0.0564 442 587 689 828 3 0.0562 450 463 699 711 6 0.0561 379 528 635 773 13 0.0554 450 462 706 704 5 0.0554 248 262 503 506 2 0.0545 257 516 509 761 6 0.0545 257 268 511 510 3 0.0542 375 528 630 780 3 0.0540 576 400 821 650 0 0.0540 251 266 507 510 13 0.0540 323 521 573 765 9 0.0538 445 461 700 700 3 0.0537 254 266 506 516 10 0.0537 441 591 694 824 2 0.0537 396 420 761 601 7 0.0535 574 397 822 647 10 0.0533 572 401 820 642 7 0.0530 257 264 512 510 10 0.0529 320 523 568 762 2 0.0528 449 464 699 703 2 0.0521 374 531 631 774 12 0.0519 391 418 767 603 9 0.0519 387 416 758 599 13 0.0518 381 586 635 827 3 0.0518 254 514 507 765 8 0.0517 252 263 497 509 1 0.0508 385 414 758 602 4 0.0505 390 417 768 600 2 0.0504 576 404 822 645
wLc3nvR7yHcqvYaB4CUOYARkv32R3HbU,11 0.0614 379 673 751 850 0 0.0582 378 672 751 852 8 0.0569 256 676 616 849 8 0.0550 390 731 746 912 7 0.0549 262 674 632 850 13 0.0530 388 673 762 854 0 0.0530 236 660 497 899 10 0.0529 251 679 626 851 6 0.0526 259 677 633 851 11 0.0525 246 734 496 962 0 0.0520 327 604 689 788 5 0.0520 249 673 619 849 11 0.0513 300 590 568 823 0 0.0509 310 724 560 959 8 0.0506 334 605 679 786 6 0.0505 388 733 759 915 5 0.0502 380 730 751 915
TJh4vqhRZnVZcVtdsKi3DuasFTANp0fl,0 0.0552 191 794 434 1023 7 0.0543 195 793 438 1023 11 0.0527 192 795 433 1022
j8DzExPK64nEup7x2gNGQvwV38pxoelr,14 1.0 0 0 1 1
WlnJ2HYoJQtmPjZuLdDXr9OH4Lqqjmme,8 0.0600 438 588 684 829 11 0.0586 435 590 690 826 11 0.0586 496 659 762 893 5 0.0581 498 656 753 895 11 0.0578 376 205 636 442 6 0.0570 500 658 765 893 8 0.0561 376 330 627 560 5 0.0561 436 588 685 828 0 0.0559 371 69 625 314 11 0.0558 628 532 894 770 0 0.0557 377 201 633 443 8 0.0555 498 654 755 894 3 0.0554 384 203 633 447 5 0.0549 370 321 631 560 7 0.0548 377 326 636 564 5 0.0547 375 198 629 439 11 0.0547 368 386 630 619 0 0.0544 436 590 689 830 0 0.0543 579 101 825 331 6 0.0542 439 589 694 827 8 0.0542 379 202 625 442 3 0.0539 523 147 767 416 7 0.0538 444 587 695 831 0 0.0536 373 326 633 564 11 0.0535 572 101 828 329 0 0.0534 498 657 759 896 5 0.0534 511 139 764 403 7 0.0533 380 203 636 442 7 0.0532 505 655 765 898 6 0.0528 372 658 632 898 7 0.0527 376 767 633 1006 8 0.0526 583 98 817 329 3 0.0525 586 101 827 335 8 0.0524 377 522 622 766 6 0.0523 632 533 899 773 3 0.0522 441 588 688 836 5 0.0521 370 451 635 695 11 0.0521 376 73 628 306 10 0.0519 380 208 635 441 3 0.0519 379 329 634 568 0 0.0517 376 700 628 955 7 0.0516 381 457 642 699 13 0.0514 504 657 767 899 13 0.0514 379 331 640 567 2 0.0513 501 662 764 895 6 0.0512 379 459 643 696 0 0.0512 629 534 896 773 2 0.0511 370 390 633 621 10 0.0509 441 594 691 827 10 0.0509 499 662 763 895 13 0.0508 311 771 575 1017 11 0.0507 372 523 629 762 0 0.0506 374 521 627 771 6 0.0506 577 159 838 404 8 0.0505 371 658 619 896 13 0.0502 378 460 646 700
EGJt0xzS1XqQV5i3jOpHENApqRqHDS2P,8 0.0627 649 0 1012 153 11 0.0613 651 2 1022 153 11 0.0605 414 795 684 1018 5 0.0597 642 0 1015 155 0 0.0575 651 1 1023 158 8 0.0569 421 795 673 1023 13 0.0543 650 0 1023 157 3 0.0543 652 1 1023 157 10 0.0536 703 22 949 254 0 0.0526 415 793 682 1023 6 0.0523 764 2 1022 198 7 0.0522 422 791 686 1021 8 0.0518 8 356 401 532 5 0.0515 412 790 676 1022 11 0.0511 489 743 752 968 7 0.0501 501 739 755 970
ymLwAWfqpd3IQU3cUcE74O9Hj8b9c6CI,7 0.0597 504 593 767 840 11 0.0595 495 595 762 837 0 0.0590 251 713 502 961 11 0.0587 302 670 564 895 0 0.0578 435 588 693 838 11 0.0578 374 593 624 832 11 0.0575 368 1 625 208 7 0.0574 571 664 838 907 11 0.0571 362 729 629 962 7 0.0567 504 727 767 972 8 0.0567 255 712 494 959 8 0.0566 375 589 615 832 8 0.0563 564 663 824 908 8 0.0563 503 723 754 972 8 0.0560 634 727 886 972 11 0.0559 560 666 834 904 11 0.0556 499 727 764 970 7 0.0555 308 666 566 900 5 0.0554 432 658 696 900 5 0.0554 559 660 829 905 0 0.0550 436 459 697 705 11 0.0548 429 526 692 764 7 0.0548 440 664 705 901 8 0.0547 438 460 689 701 5 0.0544 371 587 620 830 0 0.0542 500 668 765 913 8 0.0541 496 593 754 840 8 0.0541 439 662 691 901 0 0.0540 362 723 627 968 5 0.0538 300 662 558 898 11 0.0538 430 666 699 898 7 0.0537 439 522 698 764 0 0.0537 500 531 763 769 8 0.0536 305 793 548 1018 6 0.0533 439 591 697 836 5 0.0533 495 588 758 841 13 0.0530 307 797 564 1021 7 0.0529 380 590 627 832 13 0.0526 503 594 768 842 3 0.0525 439 664 702 907 7 0.0525 382 327 641 559 5 0.0524 498 720 758 971 11 0.0523 443 404 701 635 8 0.0522 369 722 622 964 3 0.0522 446 462 699 709 11 0.0522 298 797 557 1018 0 0.0519 634 668 891 911 13 0.0518 256 718 508 961 8 0.0518 371 3 615 210 11 0.0518 632 732 894 969 13 0.0518 370 727 633 969 10 0.0514 367 665 632 904 3 0.0511 386 398 640 646 2 0.0510 367 666 631 905 2 0.0509 437 594 694 834 7 0.0509 638 730 897 974 3 0.0506 504 725 765 978 11 0.0506 376 333 637 559 5 0.0506 432 519 691 765 7 0.0505 301 793 560 1020 10 0.0503 565 667 834 908 13 0.0503 440 662 706 906 0 0.0502 7 3 278 206 3 0.0502 502 596 762 846 10 0.0501 437 593 695 837 6 0.0500 305 666 569 901
kv71f3gl2bnXoRAxcdQV3aDs2OjltDVk,0 0.0596 313 135 567 374 11 0.0566 304 204 571 439 11 0.0558 316 802 567 1017 8 0.0549 314 204 560 442 13 0.0544 315 270 583 509 5 0.0537 306 264 571 506 5 0.0535 307 135 563 373 10 0.0534 308 211 570 441 11 0.0530 442 413 690 630 7 0.0529 377 463 638 686 8 0.0520 519 278 767 508 11 0.0517 513 277 780 505 6 0.0516 316 201 571 444 8 0.0514 323 802 560 1022 0 0.0512 310 269 572 509 3 0.0510 317 137 567 377 11 0.0505 315 86 578 308 7 0.0504 317 266 576 509 7 0.0503 325 799 573 1020 7 0.0501 315 137 571 373 13 0.0501 318 133 574 373
UGjpBDQ70gvPM7TjJfnJowHj9RPXzpJp,11 0.0580 436 671 703 904 5 0.0570 439 265 709 489 5 0.0549 359 782 618 1017 8 0.0548 441 265 706 494 5 0.0542 377 319 636 539 13 0.0537 8 2 272 201 0 0.0536 444 716 685 959 13 0.0535 394 265 660 487 0 0.0523 442 269 714 494 11 0.0518 0 0 261 198 7 0.0514 380 656 639 902 11 0.0514 445 270 712 488 0 0.0514 382 325 641 547 6 0.0512 450 270 720 494 8 0.0511 366 781 611 1021 5 0.0510 0 0 255 196 2 0.0509 444 274 717 488 7 0.0509 369 782 627 1018 8 0.0505 449 713 678 958 5 0.0502 370 655 626 900
ram9AsvAnLThtCidJerJ17p0Kt8mApTt,8 0.0616 368 202 630 448 3 0.0589 370 204 636 454 0 0.0585 322 210 701 398 8 0.0584 429 277 683 517 5 0.0579 363 200 632 443 11 0.0571 365 207 637 447 6 0.0546 370 203 637 448 8 0.0546 515 217 761 456 7 0.0542 449 216 701 458 5 0.0538 513 217 761 455 13 0.0536 432 279 695 517 13 0.0535 371 204 640 452 7 0.0530 376 280 639 512 0 0.0520 273 352 647 534 7 0.0518 320 145 574 393 12 0.0515 373 207 636 452 13 0.0512 520 216 774 456 3 0.0510 503 275 755 517 7 0.0510 384 400 643 632 2 0.0505 447 219 697 454 0 0.0504 517 221 768 460 3 0.0503 375 339 637 575 13 0.0503 283 352 655 535 10 0.0502 370 208 639 446 0 0.0502 576 280 826 526
sl0Pa8V8V21klsJblpcvn8NW7F4xyWiy,5 0.0550 159 516 434 763 8 0.0534 370 483 709 656 13 0.0529 364 485 733 658 13 0.0527 339 1 706 150 10 0.0518 359 485 728 659 11 0.0518 286 281 565 499 6 0.0516 369 479 728 658 7 0.0516 369 483 730 659 3 0.0516 369 483 724 661 5 0.0515 351 477 719 656 7 0.0511 242 531 508 774 0 0.0510 166 518 436 766 5 0.0506 335 0 698 146 11 0.0505 359 485 726 656
8WAKfQD8hA8oJUEJCmTNPWcXEbN0iFiZ,5 0.0651 496 142 758 401 5 0.0624 428 202 682 457 0 0.0616 498 149 764 400 8 0.0612 502 146 760 399 8 0.0608 365 149 622 396 11 0.0606 569 140 829 387 7 0.0605 429 529 697 777 0 0.0603 428 208 690 460 8 0.0603 434 206 684 456 5 0.0594 558 90 827 330 5 0.0593 312 339 583 586 11 0.0591 302 593 563 841 8 0.0588 427 82 682 329 10 0.0587 423 534 692 774 0 0.0587 500 273 756 522 11 0.0587 421 531 690 772 11 0.0586 430 211 690 454 13 0.0585 375 210 638 455 0 0.0583 567 220 826 460 0 0.0582 312 210 572 452 10 0.0581 436 281 706 529 0 0.0577 649 135 905 377 6 0.0577 374 209 633 455 7 0.0577 506 146 767 403 13 0.0577 322 346 591 591 7 0.0577 438 404 691 653 6 0.0577 505 149 766 398 5 0.0575 356 143 624 394 5 0.0574 494 262 750 517 8 0.0572 309 467 566 718 8 0.0572 373 344 630 580 10 0.0571 191 406 457 648 8 0.0570 305 592 556 843 11 0.0570 308 467 572 716 6 0.0570 320 343 583 587 3 0.0569 507 150 761 406 13 0.0569 576 145 834 387 0 0.0568 425 531 688 775 11 0.0566 562 337 829 580 7 0.0566 651 130 911 374 7 0.0566 310 154 577 397 0 0.0565 353 656 628 907 11 0.0564 427 404 689 649 6 0.0564 194 399 459 651 7 0.0564 371 467 629 715 10 0.0563 501 153 767 403 7 0.0563 308 588 568 843 7 0.0562 506 269 760 521 13 0.0562 359 654 636 902 3 0.0562 431 524 688 783 13 0.0561 196 399 463 651 13 0.0561 429 86 694 329 8 0.0560 569 214 817 458 6 0.0560 428 79 691 326 6 0.0559 431 467 694 714 6 0.0557 310 467 578 719 0 0.0557 567 335 828 583 11 0.0557 192 405 457 651 7 0.0557 425 81 695 330 10 0.0556 249 340 517 579 6 0.0556 505 272 760 520 11 0.0555 480 87 755 327 10 0.0555 429 407 690 652 5 0.0555 651 129 904 375 8 0.0555 193 400 448 649 11 0.0554 315 347 586 585 5 0.0554 364 522 632 773 0 0.0553 433 407 685 652 3 0.0552 367 150 629 399 5 0.0552 299 585 560 839 0 0.0550 189 581 437 841 3 0.0549 438 208 688 461 3 0.0547 197 404 457 659 10 0.0547 564 102 830 332 6 0.0547 570 335 829 583 13 0.0546 439 278 706 525 8 0.0546 499 268 750 518 10 0.0545 370 215 638 457 6 0.0544 571 218 827 457
f15xIZM725LuVrpp9PWGPsvPFsNggjnK,11 0.0678 8 460 260 696 5 0.0667 177 579 431 813 7 0.0665 73 523 321 751 7 0.0662 130 590 379 829 0 0.0660 72 611 443 794 0 0.0658 138 673 500 855 8 0.0652 15 611 372 793 8 0.0643 181 580 429 811 8 0.0641 72 523 313 750 0 0.0638 3 460 259 699 11 0.0630 126 593 381 823 11 0.0629 72 526 320 749 7 0.0626 7 457 261 697 10 0.0618 69 528 317 753 8 0.0616 141 674 491 852 10 0.0613 124 593 376 827 5 0.0612 68 521 317 752 6 0.0611 127 591 383 826 3 0.0606 31 554 390 735 13 0.0603 129 589 382 827 8 0.0601 9 457 252 696 5 0.0595 7 456 252 696 7 0.0593 251 586 496 823 1 0.0588 7 610 379 795 9 0.0583 124 592 379 823 3 0.0582 9 460 262 702 13 0.0581 14 517 266 754 10 0.0580 4 464 260 697 3 0.0573 145 674 499 855 11 0.0573 248 590 496 815 10 0.0562 249 593 496 819 2 0.0559 16 520 259 756 6 0.0553 248 589 499 817 1 0.0551 135 671 497 852 13 0.0549 79 544 449 725 12 0.0545 130 587 378 828 6 0.0543 73 545 443 723 2 0.0539 13 617 378 796 11 0.0538 383 287 634 503 9 0.0538 17 555 391 728 2 0.0537 142 678 501 853 13 0.0534 255 588 501 822 5 0.0529 440 278 702 501 8 0.0528 443 275 697 500 12 0.0526 73 522 318 754 4 0.0525 128 591 381 830 6 0.0523 18 518 265 754 7 0.0516 450 279 702 498 2 0.0511 73 462 317 692 1 0.0507 3 454 258 697
5GEGAYYPoQLP1RgeNJWOwgMTjbHun2dx,11 0.0598 185 269 439 501 5 0.0594 185 265 435 497 7 0.0582 193 269 439 502 0 0.0573 128 213 383 443 11 0.0571 257 397 508 638 8 0.0567 189 267 431 503 7 0.0564 127 208 391 438 0 0.0558 257 207 505 432 5 0.0556 252 132 505 353 11 0.0555 255 204 508 429 11 0.0554 122 211 388 436 6 0.0554 195 271 442 503 5 0.0552 195 342 580 529 10 0.0550 190 210 444 432 7 0.0548 259 203 506 432 6 0.0542 263 207 512 432 5 0.0539 194 215 576 396 13 0.0535 131 211 396 443 3 0.0534 258 268 503 512 5 0.0531 259 390 503 639 5 0.0525 270 278 652 459 0 0.0525 195 336 434 583 6 0.0525 129 212 392 442 5 0.0523 118 206 381 436 13 0.0520 257 268 506 507 11 0.0517 274 281 662 460 13 0.0516 196 336 443 585 11 0.0515 186 140 454 366 8 0.0515 259 206 497 432 0 0.0512 280 281 661 464 6 0.0512 283 281 670 463 3 0.0512 197 342 437 591 11 0.0510 380 402 634 638 8 0.0506 452 276 694 515 7 0.0503 265 395 511 641
IT12WVe0tEY7Qk1Ypx68hYm1UVnRyaCt,0 0.0643 497 156 766 381 11 0.0632 525 28 775 249 11 0.0620 640 413 884 646 11 0.0614 314 579 561 823 5 0.0608 506 77 771 308 10 0.0607 324 156 584 382 5 0.0606 193 123 447 373 11 0.0604 423 593 691 839 8 0.0602 260 144 496 377 7 0.0599 638 581 873 834 5 0.0596 632 576 868 829 11 0.0592 633 583 870 830 3 0.0591 251 212 504 452 5 0.0587 315 146 577 378 5 0.0586 417 583 685 839 5 0.0586 634 403 880 643 11 0.0584 316 86 579 315 11 0.0584 567 146 834 363 11 0.0583 254 5 509 248 5 0.0582 243 205 501 440 6 0.0581 639 581 874 831 3 0.0577 637 580 869 841 5 0.0577 309 570 557 821 3 0.0575 530 24 776 257 5 0.0575 378 79 641 313 7 0.0572 635 337 886 570 11 0.0572 242 525 486 754 6 0.0571 530 24 777 249 5 0.0569 695 347 949 580 11 0.0569 245 213 507 444 0 0.0569 260 141 502 380 8 0.0568 514 84 766 311 11 0.0568 244 348 505 572 7 0.0568 530 22 776 250 13 0.0567 262 69 510 314 5 0.0566 194 6 442 247 0 0.0565 635 579 869 835 8 0.0564 256 5 504 245 7 0.0563 431 587 693 840 2 0.0562 639 417 883 647 8 0.0562 204 76 439 315 0 0.0561 560 214 833 439 7 0.0560 388 84 646 318 13 0.0560 389 90 650 313 0 0.0559 753 354 1014 580 8 0.0558 321 82 573 313 7 0.0557 252 211 502 446 11 0.0555 753 354 1018 576 8 0.0553 638 409 874 651 8 0.0553 251 571 491 818 3 0.0552 323 81 577 319 10 0.0550 251 214 505 443 7 0.0549 206 128 450 373 8 0.0549 179 527 417 766 13 0.0548 641 584 875 832 10 0.0548 204 15 451 246 2 0.0547 525 29 779 253 10 0.0546 524 27 775 249 6 0.0546 262 146 508 377 7 0.0545 325 150 580 383 7 0.0545 206 8 453 243 2 0.0544 259 8 511 244 13 0.0541 325 153 585 382 11 0.0541 701 533 937 765 5 0.0540 169 519 425 763 8 0.0540 426 588 681 839 8 0.0540 637 581 860 832 5 0.0540 244 340 500 571 13 0.0539 431 588 696 842 10 0.0538 426 593 691 838 13 0.0538 171 412 435 641 5 0.0536 158 404 422 637 0 0.0535 316 82 580 317 13 0.0535 254 213 512 444 13 0.0534 576 145 839 365 11 0.0533 630 271 900 499 10 0.0533 259 74 503 314 5 0.0533 497 217 765 457 6 0.0531 388 84 649 312 13 0.0528 532 27 784 252 0 0.0528 200 76 448 318 10 0.0527 384 88 644 315 8 0.0527 196 210 438 449 6 0.0524 709 355 958 582 0 0.0523 424 590 688 845
VXxuQ2NK8ibey0wD3yNc6EbjkvPava23,8 0.0671 388 674 741 858 0 0.0670 455 680 810 860 0 0.0668 326 613 694 793 5 0.0664 450 679 804 857 11 0.0658 323 680 683 855 5 0.0652 566 720 813 962 8 0.0641 328 612 679 791 0 0.0640 241 653 499 888 5 0.0636 320 613 682 790 8 0.0630 568 720 814 963 8 0.0624 648 785 888 1012 8 0.0622 182 659 425 890 7 0.0619 328 614 696 791 7 0.0618 459 680 815 858 10 0.0618 452 681 810 860 7 0.0616 243 653 501 884 10 0.0615 326 615 687 789 0 0.0610 576 519 819 763 13 0.0608 325 680 690 856 11 0.0607 239 655 499 884 7 0.0605 651 787 898 1013 11 0.0601 564 724 818 961 6 0.0600 390 679 754 861 7 0.0595 574 723 822 965 11 0.0593 646 789 892 1010 5 0.0586 642 786 885 1010 8 0.0583 578 518 812 760 11 0.0577 577 523 821 757 7 0.0577 582 517 823 761 5 0.0576 238 649 493 884 6 0.0575 573 724 822 968 0 0.0573 643 789 893 1014 0 0.0572 569 723 820 966 5 0.0566 573 517 814 761 3 0.0559 327 678 688 859 2 0.0552 457 683 810 860 8 0.0552 253 714 494 958 13 0.0550 520 463 764 695 3 0.0549 243 652 498 891 10 0.0548 237 656 496 884 12 0.0546 461 680 810 860 6 0.0545 328 617 694 790 6 0.0545 244 653 499 887 13 0.0541 247 652 503 887 0 0.0538 512 463 756 696 4 0.0538 454 683 816 862 13 0.0535 580 520 829 762 10 0.0535 577 524 818 762 3 0.0533 581 520 818 766 7 0.0533 522 458 763 692 2 0.0532 327 617 688 793 8 0.0531 515 460 747 694 1 0.0530 318 676 683 857 3 0.0529 573 722 820 970 0 0.0528 439 334 687 557 11 0.0527 515 463 754 691 13 0.0524 574 724 827 964 5 0.0523 512 457 751 692 3 0.0520 654 790 893 1020 11 0.0519 370 330 620 558 4 0.0518 328 617 695 792 13 0.0512 651 792 898 1015 9 0.0512 325 616 687 790 9 0.0512 452 681 811 858 7 0.0510 376 328 621 564 6 0.0510 652 791 894 1015 10 0.0508 647 791 892 1014 10 0.0507 566 726 819 965 12 0.0504 246 652 499 886 2 0.0502 181 664 432 895
cVkB1WElEnImi5fnGFfTmhsfPHx7zPhp,10 0.0587 126 733 373 960 5 0.0565 119 719 370 958 8 0.0554 126 729 370 961 11 0.0553 127 728 379 956 7 0.0550 131 723 378 955 0 0.0529 126 727 373 963 11 0.0525 120 268 383 494 6 0.0517 130 729 380 959 11 0.0508 119 394 389 636
bJW9y7GeoDiYUUpKIQsBknolDr5v9o8X,11 0.0630 173 794 433 1019 13 0.0582 182 793 442 1023 5 0.0581 174 787 431 1018 0 0.0579 365 721 630 966 7 0.0558 127 786 385 1022 5 0.0557 628 397 895 625 8 0.0553 181 791 427 1019 11 0.0547 108 726 374 950 11 0.0541 360 726 629 962 0 0.0540 238 790 492 1023 7 0.0534 373 725 632 966 8 0.0533 370 723 623 963 6 0.0532 182 793 437 1019 0 0.0525 179 723 430 956 5 0.0525 359 721 625 962 5 0.0523 573 270 821 501 11 0.0523 503 408 767 626 10 0.0520 176 797 434 1017 6 0.0516 641 405 909 627 11 0.0516 630 402 905 624 6 0.0516 372 724 635 963 3 0.0514 181 790 433 1023 0 0.0510 505 409 766 630 0 0.0505 576 275 827 503
O7zjPSz17ivxJOFO89lLqY26o417wBUn,11 0.0666 449 399 707 627 11 0.0663 304 366 568 593 8 0.0626 309 367 564 596 3 0.0611 308 366 568 601 0 0.0597 314 284 578 519 7 0.0576 316 281 582 517 0 0.0571 452 403 707 632 6 0.0570 310 370 574 592 13 0.0555 320 289 582 522 7 0.0555 454 398 711 631 0 0.0554 371 356 627 579 11 0.0553 369 475 637 707 5 0.0550 310 280 574 515 11 0.0549 575 399 826 637 8 0.0548 438 459 695 705 3 0.0543 454 340 697 574 7 0.0539 576 399 826 636 11 0.0539 558 518 831 760 6 0.0536 580 401 830 636 13 0.0534 371 411 642 631 0 0.0534 302 409 567 642 6 0.0528 452 405 717 625 8 0.0528 452 338 694 570 5 0.0524 299 404 559 632 10 0.0523 369 360 631 575 5 0.0522 445 332 697 567 13 0.0521 573 588 836 835 0 0.0516 376 218 638 450 11 0.0515 638 339 890 578 7 0.0513 564 517 833 764 0 0.0513 575 400 822 636 3 0.0513 578 401 825 643 11 0.0511 620 675 879 920 0 0.0507 765 0 1020 213 8 0.0507 377 220 623 446 6 0.0507 646 336 895 575 8 0.0506 576 399 818 635 5 0.0506 570 395 821 634 6 0.0505 632 676 884 917 0 0.0502 563 524 827 762 5 0.0502 563 511 823 757
Cg8Y5z45tZ93KeCiY340hoJsk6wS3ow1,5 0.0500 101 254 367 484
BpVvkW2U2M46vzYbo8rzXDiQv52nXovC,7 0.0575 194 526 444 756 8 0.0564 123 455 380 697 8 0.0559 246 533 496 752 8 0.0557 567 792 797 1023 11 0.0550 568 791 806 1018 11 0.0547 163 388 439 607 11 0.0545 189 528 441 755 7 0.0543 128 454 392 693 8 0.0542 167 384 424 614 0 0.0538 169 392 436 615 3 0.0536 250 534 505 760 0 0.0534 249 456 512 683 7 0.0527 229 492 577 667 3 0.0524 178 461 447 690 10 0.0520 204 556 569 727 13 0.0519 221 553 582 726 3 0.0518 315 452 567 676 5 0.0518 501 788 727 1017 0 0.0518 124 457 387 700 5 0.0516 240 450 509 677 0 0.0512 214 554 575 727 7 0.0510 571 791 814 1021 10 0.0508 244 463 508 680 5 0.0507 118 457 384 693 0 0.0507 565 797 809 1023
dmN8nOGAXDxzucS5mQUDN6NbnpDeCGCF,11 0.0651 253 403 509 648 11 0.0642 450 535 694 769 11 0.0638 384 396 634 636 7 0.0637 389 525 638 771 11 0.0621 302 663 566 901 5 0.0620 249 397 508 652 11 0.0619 321 460 575 702 6 0.0616 395 467 644 708 0 0.0615 307 660 568 906 5 0.0614 322 457 571 705 11 0.0613 509 464 763 712 8 0.0608 307 662 562 903 7 0.0608 327 391 570 640 0 0.0603 453 531 692 772 11 0.0602 251 519 515 771 5 0.0601 383 391 633 638 11 0.0600 231 723 496 956 0 0.0600 324 459 574 706 8 0.0594 178 718 435 954 5 0.0591 246 265 498 501 8 0.0591 255 589 504 836 6 0.0591 324 396 570 640 8 0.0590 320 395 562 637 5 0.0587 302 657 565 906 7 0.0585 319 596 576 839 8 0.0582 507 461 759 714 7 0.0581 459 460 701 707 8 0.0581 319 520 568 766 0 0.0579 235 715 499 959 5 0.0579 505 458 760 711 7 0.0578 235 722 505 959 0 0.0576 513 462 764 712 5 0.0575 226 715 494 958 6 0.0570 457 533 696 771 6 0.0569 246 664 507 904 0 0.0569 386 395 632 640 6 0.0568 323 523 575 768 10 0.0567 384 531 635 774 5 0.0567 383 519 633 772 0 0.0566 255 399 507 656 6 0.0565 515 467 765 714 11 0.0565 247 271 505 498 0 0.0562 254 266 502 508 5 0.0562 251 519 512 773 3 0.0562 320 597 574 845 8 0.0562 388 463 638 706 13 0.0560 514 467 771 712 8 0.0559 454 534 688 773 7 0.0558 261 518 519 775 6 0.0555 461 398 703 642 13 0.0553 325 395 573 639 8 0.0550 252 265 495 507 6 0.0548 257 270 506 503 13 0.0546 392 466 648 707 2 0.0544 320 526 575 770 3 0.0542 324 399 566 645 13 0.0539 309 663 576 905 13 0.0538 257 270 507 507 9 0.0536 321 396 566 633 13 0.0534 323 520 581 768 1 0.0533 449 527 690 769 7 0.0532 521 542 759 784 10 0.0529 386 402 633 641 7 0.0529 256 269 505 504 13 0.0529 455 533 700 773 8 0.0529 454 391 692 644 3 0.0528 389 528 637 776 13 0.0527 459 394 706 643 10 0.0527 323 464 574 709 9 0.0527 385 524 634 767 10 0.0525 316 602 573 842 3 0.0521 254 273 505 512 12 0.0521 323 523 574 769 13 0.0520 259 591 518 838 3 0.0519 246 666 506 908 10 0.0516 255 406 507 651 2 0.0515 258 406 508 654 2 0.0514 392 471 641 708 12 0.0514 323 396 569 638 10 0.0512 453 466 701 709 13 0.0510 234 719 507 959 10 0.0507 512 546 756 783 3 0.0506 258 524 512 781 2 0.0505 453 538 695 773 10 0.0504 240 669 507 902 1 0.0501 387 460 642 706
TRffbLjoMNI4Ai4hARkNLJyMfZskDg6T,11 0.0723 0 540 243 779 0 0.0658 0 536 240 780 8 0.0639 0 534 239 779 5 0.0604 0 534 239 779 3 0.0602 7 535 242 781 7 0.0592 4 537 245 781 6 0.0583 4 536 247 778 10 0.0577 1 539 243 779 2 0.0575 2 542 245 781 11 0.0571 323 587 580 815 7 0.0569 396 528 644 770 7 0.0569 466 596 717 838 5 0.0562 386 526 636 770 0 0.0559 393 527 638 775 5 0.0541 391 405 640 643 5 0.0538 453 585 710 838 11 0.0538 362 661 638 886 7 0.0532 375 657 639 890 13 0.0532 463 594 717 838 13 0.0530 3 536 246 780 11 0.0527 457 597 714 835 6 0.0526 462 594 716 840 11 0.0526 393 410 643 641 2 0.0524 391 536 644 769 1 0.0520 0 534 243 781 8 0.0518 322 585 570 822 0 0.0517 461 595 711 845 6 0.0516 397 405 646 647 6 0.0514 393 532 642 770 0 0.0513 396 407 644 649 13 0.0512 375 654 640 889 10 0.0509 313 536 566 770 10 0.0506 457 599 712 837 13 0.0506 396 527 647 770 7 0.0505 258 508 517 748 8 0.0503 458 595 706 841 7 0.0503 399 407 645 648
FEpkZVgviRrjpJQDcsoiv8qkJQgRsHMj,5 0.0533 766 457 1000 704 8 0.0517 683 0 940 204 0 0.0513 174 200 434 447 11 0.0510 548 0 808 202 11 0.0510 174 813 426 1020 7 0.0508 561 0 817 206 0 0.0508 684 0 948 209 11 0.0507 639 410 882 651 13 0.0506 687 3 960 211
ymRfuwcsPOZLpoJtmPYiPeB3cIs8rvwy,8 0.0641 7 782 232 1023 5 0.0632 4 782 235 1020 11 0.0605 316 460 581 707 0 0.0599 327 585 577 838 11 0.0588 387 402 661 648 0 0.0587 318 458 577 712 0 0.0586 1 783 241 1023 11 0.0584 4 787 240 1019 13 0.0577 328 590 586 833 3 0.0563 8 781 241 1023 7 0.0561 8 782 240 1023 1 0.0557 1 776 239 1021 7 0.0556 321 459 581 710 7 0.0553 328 590 584 839 6 0.0553 7 785 243 1018 11 0.0550 376 670 632 899 6 0.0549 388 403 669 650 3 0.0548 393 402 662 656 11 0.0548 320 594 584 831 13 0.0546 323 462 584 711 0 0.0543 381 664 630 908 10 0.0542 8 787 236 1022 0 0.0542 384 402 663 653 10 0.0540 326 597 580 831 13 0.0539 7 784 244 1023 5 0.0525 381 398 657 647 5 0.0525 380 664 629 902 3 0.0524 321 460 578 712 8 0.0520 323 459 573 710 2 0.0520 319 466 579 708 5 0.0519 321 588 578 832 6 0.0518 321 461 582 707 7 0.0518 389 403 665 652 10 0.0518 318 465 579 707 7 0.0515 387 666 633 908 6 0.0511 136 414 387 647 8 0.0508 328 588 574 839 13 0.0507 393 400 670 650 8 0.0507 390 401 654 648 5 0.0504 315 459 576 706 13 0.0504 132 413 395 648 11 0.0501 126 412 387 643 2 0.0500 6 788 240 1021
Y9IScrk9nKXYQbBADn7o5LOe7TY3qqFu,5 0.0633 176 260 438 490 0 0.0590 258 130 513 375 5 0.0583 242 181 511 425 0 0.0570 106 357 378 584 10 0.0563 185 132 454 364 8 0.0560 252 188 508 434 8 0.0558 405 269 644 492 6 0.0554 259 188 518 431 8 0.0553 189 328 438 571 5 0.0550 245 308 514 547 11 0.0550 246 186 517 428 11 0.0550 439 5 702 232 10 0.0549 443 7 703 236 0 0.0546 178 64 440 315 11 0.0540 113 414 382 634 0 0.0539 332 260 579 485 7 0.0534 250 251 512 489 11 0.0532 364 68 643 292 6 0.0532 192 267 449 493 8 0.0526 179 69 429 313 5 0.0524 93 359 379 574 7 0.0521 123 411 383 637 11 0.0521 406 272 650 486 5 0.0517 167 67 434 310 8 0.0516 445 6 698 236 0 0.0514 324 63 581 304 0 0.0513 444 6 704 235 13 0.0512 183 71 448 321 5 0.0510 439 212 692 426 11 0.0506 176 264 442 489 8 0.0503 317 5 568 249 7 0.0502 260 130 518 372 5 0.0501 308 0 572 244 10 0.0500 249 190 514 431
5n8orouo9r7jdxzhaJHZGzazLhs79DA5,7 0.0597 440 745 704 969 8 0.0596 252 668 499 905 7 0.0590 375 683 635 912 0 0.0589 249 671 504 908 11 0.0584 308 679 576 899 13 0.0583 255 673 511 902 7 0.0580 252 668 508 902 5 0.0573 561 788 814 1020 7 0.0561 573 792 823 1023 11 0.0561 391 282 642 504 13 0.0560 572 791 829 1023 8 0.0558 322 729 573 964 11 0.0557 432 746 695 970 5 0.0555 245 665 498 895 8 0.0554 572 791 815 1023 0 0.0552 394 282 636 507 6 0.0550 249 672 508 903 0 0.0549 566 789 823 1023 0 0.0548 372 684 634 917 10 0.0546 308 679 576 900 13 0.0542 321 735 588 965 3 0.0541 394 279 643 515 0 0.0533 432 745 702 976 13 0.0531 105 753 375 974 5 0.0524 386 276 635 506 5 0.0523 98 748 362 969 13 0.0523 442 749 708 973 10 0.0523 434 747 697 970 8 0.0521 439 745 692 968 8 0.0517 103 749 361 971 3 0.0514 252 670 504 906 13 0.0511 393 280 649 511 0 0.0509 317 136 581 368 6 0.0509 376 685 637 909 5 0.0509 426 741 693 967 7 0.0509 396 280 646 510 7 0.0508 107 752 372 971 5 0.0507 306 724 575 957 3 0.0503 573 790 822 1023 6 0.0501 573 794 824 1019 3 0.0500 378 686 632 916
lY98bivDlewcGDEmngTaO5dUZerVR4MU,8 0.0565 237 813 496 1023 7 0.0551 362 799 638 1023 8 0.0542 365 797 626 1021 8 0.0539 769 529 1011 764 0 0.0538 363 798 631 1023 11 0.0538 361 801 627 1023 5 0.0535 354 794 626 1017 10 0.0525 767 532 1018 763 5 0.0520 768 521 1014 764 11 0.0519 232 814 502 1023 13 0.0517 237 815 514 1023 3 0.0514 366 801 635 1023 13 0.0513 368 802 643 1023 0 0.0507 771 526 1011 770 6 0.0506 365 800 637 1021
kmntp0lyYyj0N8TnHWBNkOvXDnzvuwLa,8 0.0664 4 595 229 833 11 0.0656 0 665 248 894 0 0.0636 0 662 244 894 7 0.0584 3 600 234 834 3 0.0571 5 594 237 840 5 0.0555 430 267 671 511 13 0.0552 258 725 518 964 7 0.0551 388 390 650 634 11 0.0544 249 732 515 955 5 0.0539 0 593 232 837 11 0.0538 431 277 674 517 11 0.0538 239 406 497 642 13 0.0536 388 393 650 633 5 0.0535 381 385 644 627 11 0.0535 375 675 644 899 13 0.0532 7 664 250 895 10 0.0532 4 601 234 838 0 0.0532 252 725 515 961 6 0.0530 6 602 239 833 8 0.0524 385 391 634 630 8 0.0519 249 397 487 643 1 0.0519 0 591 234 838 8 0.0518 251 729 506 963 7 0.0512 435 274 680 516 11 0.0506 384 393 645 632 3 0.0501 391 394 643 639
JJR9lneo0Gzuh4PakF6hrycqEdNUKwWe,8 0.0550 748 0 1008 191 7 0.0547 309 337 572 565 3 0.0544 308 339 567 571 8 0.0538 306 341 561 564 11 0.0537 0 13 243 245 11 0.0536 365 740 645 958 13 0.0527 2 11 248 250 0 0.0526 369 734 643 963 5 0.0525 742 0 1013 188 11 0.0523 301 342 570 565 8 0.0520 369 737 631 959 8 0.0519 1 5 229 244 0 0.0517 749 1 1021 191 5 0.0512 425 802 683 1012 0 0.0509 305 339 569 568 7 0.0508 373 736 653 963 11 0.0507 422 813 686 1015 0 0.0506 429 808 688 1018 13 0.0503 310 340 572 567 13 0.0503 754 1 1023 192
8cHvOwiNOh3vdLvUtPgv5OCHaklC5QZk,8 0.0571 184 399 441 650 8 0.0563 581 333 818 571 8 0.0560 253 331 496 568 5 0.0544 176 396 448 648 8 0.0543 513 389 753 634 11 0.0540 623 395 897 639 11 0.0536 512 392 761 631 11 0.0535 579 334 833 564 6 0.0533 181 398 454 652 5 0.0532 245 327 504 565 11 0.0528 252 332 507 563 5 0.0526 622 391 890 637 0 0.0524 251 333 507 570 13 0.0524 180 471 448 718 0 0.0520 511 392 761 637 7 0.0519 515 391 766 633 8 0.0517 631 390 886 644 3 0.0517 633 392 896 652 7 0.0513 254 328 508 569 3 0.0512 517 390 760 641 8 0.0511 374 0 616 213 0 0.0505 185 401 450 647 7 0.0502 628 393 898 646 0 0.0501 626 393 896 644
LeznjU9tAuS0m6ZIE4mx1q9h76My81GQ,0 0.0639 380 460 636 712 0 0.0634 310 394 573 648 0 0.0624 450 527 714 772 11 0.0621 328 410 701 592 0 0.0616 382 338 640 578 8 0.0615 458 466 704 705 5 0.0613 378 397 628 643 5 0.0610 249 322 506 570 8 0.0609 272 410 617 598 11 0.0605 457 468 710 702 8 0.0605 191 391 431 650 5 0.0602 455 463 705 704 0 0.0600 254 323 510 574 5 0.0600 378 515 636 770 0 0.0596 502 350 746 584 0 0.0587 379 592 639 836 7 0.0586 455 400 701 640 11 0.0585 193 454 444 700 0 0.0581 189 392 438 649 6 0.0581 262 267 515 510 13 0.0580 315 453 575 706 5 0.0578 187 390 434 646 5 0.0577 308 452 564 704 8 0.0576 314 456 563 702 11 0.0576 380 523 640 766 11 0.0576 381 266 647 504 11 0.0574 188 333 444 577 8 0.0574 440 340 697 576 3 0.0573 249 393 505 655 7 0.0572 384 461 639 709 5 0.0572 315 261 579 500 5 0.0572 435 340 699 574 11 0.0571 637 287 891 511 10 0.0571 382 526 641 771 10 0.0570 382 404 633 642 7 0.0569 455 529 718 768 8 0.0568 382 520 633 769 5 0.0568 564 342 811 579 0 0.0567 261 185 515 436 0 0.0566 319 263 584 507 6 0.0564 321 333 584 571 3 0.0564 464 469 709 711 11 0.0563 310 457 571 699 2 0.0562 332 413 697 593 11 0.0562 638 411 882 658 3 0.0562 322 265 584 507 6 0.0560 199 450 445 703 5 0.0558 636 407 883 659 6 0.0556 575 350 818 574 13 0.0555 336 407 706 594 5 0.0554 378 133 639 387 11 0.0554 256 268 514 506 6 0.0554 321 191 583 428 6 0.0551 648 412 889 659 10 0.0549 249 459 499 703 6 0.0548 315 456 571 704 6 0.0547 386 266 648 505 13 0.0547 198 451 450 704 2 0.0545 380 466 636 707 8 0.0543 385 262 633 510 8 0.0543 642 412 880 661 7 0.0541 261 266 513 513 7 0.0540 196 452 444 702 11 0.0539 252 517 511 770 6 0.0538 446 346 710 573 3 0.0536 385 338 641 580 5 0.0534 427 652 697 884 5 0.0533 434 221 698 452 6 0.0531 196 331 443 582 2 0.0531 505 356 749 585 7 0.0531 388 338 643 578 3 0.0531 391 136 647 393 3 0.0531 385 523 639 775 11 0.0530 566 349 815 575 13 0.0530 193 331 448 585 12 0.0530 333 408 702 596 3 0.0529 570 349 815 585 11 0.0527 315 192 578 424
R9iunMh7gqC0OjH2bIKolBnslt3ngcsS,5 0.0659 181 650 432 909 6 0.0658 250 654 498 910 7 0.0653 253 652 497 912 11 0.0648 313 656 565 906 8 0.0648 186 653 431 907 0 0.0644 184 653 436 908 10 0.0632 181 657 436 905 7 0.0631 136 613 503 795 8 0.0628 321 652 563 907 10 0.0626 130 618 497 792 11 0.0626 183 656 435 907 5 0.0623 127 613 493 794 0 0.0621 134 615 502 795 3 0.0614 188 654 434 912 0 0.0614 320 654 565 910 5 0.0611 315 650 562 905 8 0.0610 511 785 753 1022 6 0.0604 135 616 504 793 11 0.0600 131 617 500 793 8 0.0589 134 618 487 793 5 0.0587 511 786 753 1018 8 0.0585 22 673 365 861 11 0.0584 512 786 759 1020 11 0.0568 625 692 896 916 3 0.0568 139 616 498 799 0 0.0565 20 677 375 864 10 0.0564 316 658 567 905 7 0.0557 514 787 764 1023 3 0.0555 317 651 566 914 12 0.0554 185 652 434 907 11 0.0554 561 544 808 772 1 0.0552 184 651 434 907 0 0.0547 508 788 760 1023 13 0.0543 255 652 501 911 9 0.0540 183 655 436 905 11 0.0538 25 677 379 858 5 0.0535 22 673 367 863 13 0.0532 516 792 764 1023 5 0.0530 625 680 886 921 3 0.0529 562 543 806 782 2 0.0527 253 655 495 911 7 0.0526 35 674 380 864 6 0.0520 565 543 812 773 13 0.0519 138 614 511 795 8 0.0519 631 685 886 922 7 0.0518 633 688 895 923 8 0.0517 563 539 796 773 2 0.0516 513 789 763 1021 9 0.0514 127 617 502 792 1 0.0507 316 649 567 909 3 0.0507 30 678 378 869 0 0.0503 564 543 810 775 13 0.0503 26 673 385 863 10 0.0502 24 678 374 864
gGtIYUB1ohmj5qvoT2vM4OBRcunWZ2JG,0 0.0555 0 4 264 228 5 0.0538 855 0 1020 395 8 0.0537 5 0 262 222 8 0.0522 859 7 1019 390 10 0.0500 0 5 270 225
v7PqOPViJgKXXFW1wxdOD4wpLZwc8CjC,8 0.0608 381 197 627 439 11 0.0594 748 398 1018 636 11 0.0584 378 11 650 236 5 0.0572 746 389 1014 635 6 0.0566 388 7 656 237 11 0.0564 376 202 634 439 5 0.0563 103 392 367 628 6 0.0562 381 198 636 437 5 0.0530 372 196 628 437 7 0.0530 754 391 1018 641 7 0.0529 386 200 636 445 13 0.0527 388 11 656 237 13 0.0524 23 355 280 580 0 0.0522 381 195 634 445 11 0.0518 745 277 1023 513 8 0.0514 447 26 700 256 5 0.0513 187 406 556 598 8 0.0512 750 389 1005 643 11 0.0510 106 406 370 632 0 0.0510 748 395 1014 641 11 0.0509 196 415 559 598 7 0.0508 115 400 377 629 13 0.0507 204 411 573 602 7 0.0506 206 408 571 598 13 0.0506 385 200 639 442 6 0.0506 64 415 323 650 3 0.0504 380 201 631 448 11 0.0502 446 94 703 326 5 0.0502 377 0 648 233 10 0.0502 380 204 638 441
OiJfbL3SkxMyJUMTmXWej791h7sQyd0v,0 0.0581 376 666 641 905 0 0.0577 1 674 259 911 8 0.0574 446 734 695 968 5 0.0565 440 730 698 967 6 0.0559 444 732 707 964 11 0.0554 0 676 263 903 8 0.0550 2 669 252 907 0 0.0549 442 733 703 971 11 0.0548 440 740 705 966 5 0.0543 372 666 637 900 8 0.0538 378 670 633 902 5 0.0537 380 259 634 500 0 0.0530 382 261 645 501 11 0.0527 432 603 700 830 7 0.0524 380 667 643 904 5 0.0523 0 673 257 904 7 0.0519 443 734 706 972 3 0.0518 449 731 699 974 11 0.0518 374 673 645 897 2 0.0517 445 736 704 968 0 0.0515 431 601 703 839 11 0.0515 32 444 308 666 5 0.0512 726 0 999 192 11 0.0509 383 262 642 499 13 0.0508 605 0 979 156 0 0.0508 735 0 1006 196 13 0.0507 447 735 710 972 11 0.0507 729 1 1008 191 13 0.0506 383 670 649 905 11 0.0505 43 545 314 759 10 0.0504 0 676 262 908 13 0.0503 439 601 708 835 6 0.0503 4 673 265 909
unhXXXSRm9QexzLnrFK3vjBEtabskCr4,11 0.0596 574 459 830 703 11 0.0595 502 521 761 762 11 0.0576 191 457 446 697 11 0.0575 368 530 646 767 11 0.0569 317 603 589 836 8 0.0568 323 600 581 835 0 0.0566 318 601 588 842 8 0.0559 192 456 437 701 8 0.0556 579 455 823 703 0 0.0555 579 459 827 706 0 0.0549 503 523 759 766 8 0.0547 506 517 752 765 7 0.0539 197 452 447 701 13 0.0539 510 520 766 765 6 0.0538 508 519 762 763 5 0.0536 315 601 585 836 6 0.0536 582 458 829 702 6 0.0535 382 599 646 845 7 0.0529 514 451 768 700 5 0.0525 500 519 756 760 5 0.0524 190 451 441 695 8 0.0524 373 531 634 769 7 0.0519 319 599 592 838 3 0.0518 381 599 645 851 6 0.0518 194 454 449 699 13 0.0513 382 603 651 850 3 0.0512 193 455 443 705 10 0.0512 507 520 758 761 5 0.0509 574 455 823 702 3 0.0507 509 520 759 772 10 0.0507 317 605 586 835 2 0.0505 507 524 761 763 2 0.0504 319 604 588 843
0NhR2jenrFSosEvbt6Fp0XiaeOsd2DSZ,0 0.0622 439 621 695 849 11 0.0621 618 668 899 907 11 0.0608 490 677 763 912 11 0.0592 439 622 695 846 0 0.0592 494 674 762 917 0 0.0585 523 353 775 578 3 0.0584 440 619 695 855 8 0.0583 560 674 825 919 0 0.0579 377 273 636 508 8 0.0573 442 619 688 849 8 0.0572 372 1 627 204 13 0.0569 444 620 698 849 7 0.0564 626 664 907 913 0 0.0564 621 667 900 914 8 0.0561 372 273 622 506 5 0.0560 437 615 691 848 3 0.0556 496 673 764 922 6 0.0555 498 677 764 914 0 0.0555 381 535 634 782 7 0.0551 443 620 698 851 2 0.0551 441 626 693 852 5 0.0549 554 674 828 918 5 0.0549 514 347 772 573 13 0.0548 385 537 640 778 5 0.0546 383 457 637 707 5 0.0546 369 0 629 200 11 0.0546 515 361 776 572 6 0.0544 442 621 698 848 7 0.0542 377 274 635 506 7 0.0541 384 536 639 781 11 0.0541 378 540 632 775 11 0.0536 371 274 632 501 8 0.0534 385 540 625 779 8 0.0532 488 722 745 966 11 0.0521 306 333 568 563 3 0.0515 628 665 902 916 7 0.0515 521 354 780 576 13 0.0514 380 0 641 206 3 0.0513 383 541 631 785 10 0.0511 441 620 694 849 0 0.0507 376 1 634 204 8 0.0507 307 330 558 565 5 0.0506 372 272 634 504 6 0.0506 386 537 638 777 10 0.0501 558 682 834 917
Hc8PNXTfSvbryr5Ae19j1HWMEAuSRD9c,5 0.0636 297 399 567 649 7 0.0621 434 334 700 579 11 0.0618 431 339 699 574 8 0.0616 373 401 625 649 6 0.0613 306 404 583 649 13 0.0604 306 405 581 650 7 0.0603 313 524 575 770 5 0.0602 426 330 693 573 5 0.0601 270 345 628 530 0 0.0598 505 335 763 576 5 0.0592 637 323 874 568 11 0.0589 641 327 879 565 8 0.0587 311 338 565 583 3 0.0581 433 336 699 584 6 0.0580 648 325 877 568 3 0.0578 375 404 636 652 11 0.0578 356 664 628 885 11 0.0576 304 404 577 647 6 0.0576 281 348 647 535 0 0.0576 645 323 875 572 13 0.0573 281 348 646 535 8 0.0568 507 334 756 573 11 0.0565 305 532 575 766 5 0.0563 360 654 624 888 7 0.0561 376 402 635 650 6 0.0558 509 335 770 573 0 0.0558 374 404 630 647 13 0.0556 313 523 582 769 5 0.0555 303 519 571 768 8 0.0555 642 326 865 568 8 0.0551 240 402 496 650 8 0.0550 306 466 562 710 0 0.0549 238 403 499 651 7 0.0547 644 324 878 566 0 0.0547 307 465 563 714 3 0.0545 645 329 876 575 10 0.0543 507 335 766 572 0 0.0542 362 664 628 891 6 0.0535 369 661 634 885 6 0.0534 313 523 582 765 8 0.0531 362 661 622 889 11 0.0530 239 343 499 571 5 0.0527 162 406 437 644 13 0.0526 176 409 446 654 6 0.0518 172 411 444 650 3 0.0517 313 525 576 773 10 0.0516 309 533 578 767 11 0.0514 764 402 1019 644 10 0.0514 371 407 638 646 2 0.0510 436 343 698 576 5 0.0509 369 0 629 237 0 0.0508 253 268 518 496 2 0.0508 307 409 575 649 7 0.0501 243 401 501 652 10 0.0501 367 665 629 887
jmJfhFGNTh0Wc0kuzSbT5KIiltPsxiQo,8 0.0600 565 267 811 512 7 0.0576 452 512 709 760 11 0.0574 318 593 574 825 5 0.0574 449 266 714 501 0 0.0571 499 525 760 774 5 0.0568 314 513 569 759 0 0.0566 387 523 641 767 0 0.0564 247 657 505 894 11 0.0561 307 388 575 622 11 0.0558 246 660 504 887 11 0.0558 244 525 510 758 8 0.0558 320 515 566 762 0 0.0557 246 521 511 764 0 0.0557 321 590 578 830 13 0.0556 323 589 581 829 6 0.0554 252 593 507 818 13 0.0552 313 453 569 693 8 0.0551 247 465 496 704 11 0.0551 505 271 775 505 13 0.0550 250 524 514 762 7 0.0549 380 449 641 689 8 0.0548 247 655 497 893 5 0.0547 239 461 504 702 5 0.0546 442 509 700 758 7 0.0546 460 387 707 628 5 0.0544 181 380 448 630 11 0.0542 454 389 706 630 11 0.0542 385 525 642 763 13 0.0540 200 796 464 1023 11 0.0540 378 328 651 558 13 0.0538 453 446 708 691 11 0.0538 260 482 630 668 8 0.0537 189 387 439 636 10 0.0537 322 522 576 759 7 0.0535 264 394 527 634 11 0.0534 194 797 456 1023 8 0.0533 459 385 696 633 5 0.0532 507 594 764 840 5 0.0532 296 321 571 554 0 0.0531 259 393 523 635 6 0.0530 449 512 710 761 6 0.0529 264 395 527 634 13 0.0529 392 523 644 767 7 0.0529 324 519 575 763 0 0.0527 455 387 704 632 5 0.0525 451 383 701 625 11 0.0524 310 262 586 491 7 0.0524 395 261 661 497 5 0.0522 370 444 632 683 3 0.0522 571 269 816 517 11 0.0521 636 231 891 457 5 0.0520 243 717 506 954 8 0.0519 315 388 562 625 5 0.0519 182 650 443 897 13 0.0519 570 1 834 195 0 0.0519 567 268 816 513 11 0.0516 493 13 775 247 5 0.0515 245 588 497 818 8 0.0514 199 796 445 1023 10 0.0514 448 517 706 758 2 0.0513 245 469 508 705 8 0.0512 559 527 810 770 3 0.0512 452 321 704 568 3 0.0511 310 325 573 564 0 0.0510 307 323 574 557 5 0.0509 562 0 826 192 3 0.0508 394 522 636 772 11 0.0508 184 389 450 629 11 0.0507 392 199 670 432 7 0.0507 254 591 505 824 6 0.0506 311 327 577 559 10 0.0506 250 600 501 821 7 0.0505 201 714 459 954 2 0.0505 374 452 639 688 13 0.0505 505 527 762 770 8 0.0503 563 86 820 328 6 0.0503 188 654 455 896 6 0.0503 570 270 823 507 13 0.0501 312 328 580 560 8 0.0500 566 1 818 195 6 0.0500 644 228 896 457
8yOBrSoYgXYQ9HCQCm0EOobZyQ0rAzLZ,11 0.0595 518 675 889 863 0 0.0585 526 676 888 867 7 0.0576 529 675 891 866 8 0.0564 522 675 877 864 5 0.0532 514 675 881 863 0 0.0526 627 819 881 1023 10 0.0524 520 677 883 864 3 0.0521 524 674 885 870 13 0.0517 530 674 896 865 11 0.0513 626 817 875 1019 6 0.0511 527 674 890 863 8 0.0508 627 813 873 1023
PJ0FXflkfHzMmcGf2zuOh2MwLSEAP36i,11 0.0642 0 551 249 788 8 0.0616 217 671 579 843 7 0.0616 160 673 531 849 11 0.0614 313 661 576 888 0 0.0611 245 663 512 893 5 0.0608 204 670 578 843 5 0.0605 493 612 740 858 8 0.0595 0 543 238 790 11 0.0593 2 425 249 656 0 0.0583 498 621 747 863 11 0.0578 494 622 744 860 0 0.0574 0 547 245 793 8 0.0568 4 421 240 657 0 0.0567 5 422 246 661 8 0.0560 325 726 564 959 6 0.0555 501 620 748 860 3 0.0550 252 659 512 897 5 0.0547 259 514 524 750 2 0.0546 501 624 743 862 7 0.0542 502 616 748 867 13 0.0542 220 670 600 845 6 0.0542 8 424 253 658 5 0.0538 315 724 567 956 3 0.0536 4 543 249 794 8 0.0535 497 622 740 862 0 0.0533 320 730 575 958 6 0.0528 313 658 580 889 7 0.0525 0 544 249 791 2 0.0524 157 677 519 852 6 0.0519 4 548 250 788 8 0.0516 269 521 521 754 5 0.0515 0 420 244 657 10 0.0515 152 676 521 851 5 0.0506 560 547 817 802 11 0.0504 370 462 630 695 5 0.0503 0 542 242 789 3 0.0502 504 620 741 866
T6vibREiTkAerI4U6eHwntLwBO5AGtPw,0 0.0628 451 156 705 383 11 0.0628 381 217 646 450 2 0.0626 381 284 643 518 8 0.0626 382 217 638 455 8 0.0625 311 326 568 576 8 0.0624 442 343 691 587 11 0.0622 371 89 638 311 11 0.0620 244 72 508 320 5 0.0619 384 338 644 581 5 0.0618 304 72 565 319 5 0.0612 380 216 640 450 0 0.0612 442 285 691 521 0 0.0610 386 25 644 260 8 0.0610 307 75 562 318 11 0.0610 450 157 712 380 6 0.0606 378 89 640 312 11 0.0606 387 413 648 647 7 0.0604 395 410 647 648 13 0.0603 249 72 515 325 11 0.0602 311 329 579 574 11 0.0598 380 2 658 188 13 0.0597 379 88 640 311 13 0.0596 452 228 706 462 0 0.0594 307 76 567 320 8 0.0593 244 136 493 390 10 0.0592 318 17 581 260 3 0.0589 388 343 649 586 8 0.0587 508 285 753 520 7 0.0586 310 77 570 323 0 0.0586 383 218 646 454 3 0.0584 384 219 645 457 10 0.0583 247 80 509 323 7 0.0581 392 24 648 262 3 0.0580 379 88 636 317 6 0.0578 456 155 711 384 5 0.0573 186 79 441 322 7 0.0573 386 219 647 456 13 0.0572 388 0 659 188 7 0.0572 446 286 692 521 7 0.0572 317 327 578 577 5 0.0572 448 150 701 384 6 0.0570 388 1 660 188 5 0.0569 381 18 643 258 2 0.0569 443 351 696 588 10 0.0568 309 268 581 502 9 0.0568 379 220 645 448 5 0.0567 315 387 568 638 8 0.0565 384 0 648 191 3 0.0563 391 0 656 193 11 0.0563 441 289 691 516 6 0.0562 252 74 510 326 11 0.0560 514 222 776 450 7 0.0560 456 156 708 386 8 0.0559 453 154 699 385 13 0.0559 315 328 582 579 13 0.0559 446 346 701 585 11 0.0557 319 463 567 703 13 0.0557 303 204 579 446 2 0.0556 304 209 574 447 3 0.0555 456 159 707 389 8 0.0554 246 255 493 503 6 0.0553 511 287 764 521 3 0.0553 404 463 640 713 7 0.0548 247 140 502 389 1 0.0548 377 275 642 521 0 0.0546 244 138 500 391 10 0.0542 235 210 497 446 3 0.0540 251 71 507 327 12 0.0540 378 89 640 314 13 0.0538 511 288 764 522 3 0.0537 323 394 571 646 8 0.0535 251 385 500 635 0 0.0535 395 464 639 710 0 0.0533 317 391 571 642 0 0.0533 519 217 770 455 6 0.0531 382 279 649 519 7 0.0529 249 256 503 504
hJaX4b5Lpaa4Ig2qk6QVAE19OHYTdO8z,11 0.0520 501 540 743 769 11 0.0515 434 457 698 680 8 0.0504 505 475 752 704
lzWD7wMgWWtlymlf2Dm1AYdsib0gI23q,7 0.0564 503 466 772 695 11 0.0563 493 466 769 693 5 0.0561 495 464 762 694 0 0.0538 566 594 853 834 11 0.0535 495 165 749 383 0 0.0520 495 466 764 699 8 0.0512 497 466 757 697 6 0.0512 503 467 770 694 0 0.0510 497 165 747 388 8 0.0510 574 588 842 834 13 0.0509 503 469 776 698 3 0.0507 504 468 767 702
ghlBgYobkxBfGUti6IVlTuu4YlPIH6p9,8 0.0591 116 402 370 644 0 0.0585 318 75 565 315 11 0.0579 181 203 443 449 0 0.0579 181 284 438 518 11 0.0577 497 349 762 583 13 0.0571 305 0 571 194 0 0.0570 302 0 561 196 11 0.0564 297 2 566 190 11 0.0559 314 77 570 309 7 0.0559 324 73 568 317 11 0.0551 240 141 507 381 11 0.0547 112 408 381 639 6 0.0545 117 405 379 644 11 0.0545 447 247 702 484 10 0.0543 244 144 504 379 7 0.0543 307 0 568 196 7 0.0540 250 135 504 381 8 0.0540 189 145 437 393 10 0.0540 302 5 561 193 0 0.0540 242 136 503 383 8 0.0537 323 77 557 312 5 0.0537 181 275 433 511 5 0.0537 496 344 756 583 5 0.0536 115 401 369 638 13 0.0535 249 135 512 384 13 0.0535 321 78 573 316 5 0.0532 233 59 487 305 8 0.0530 186 275 431 515 8 0.0528 444 320 690 559 11 0.0527 325 194 584 437 8 0.0526 305 3 556 191 5 0.0525 300 0 559 192 0 0.0524 324 195 583 440 2 0.0523 304 4 562 196 3 0.0520 304 0 560 196 3 0.0519 247 137 505 387 5 0.0516 183 141 441 388 2 0.0515 445 331 699 561 6 0.0514 192 146 447 392 0 0.0513 243 345 504 588 11 0.0511 570 284 837 510 0 0.0510 119 405 378 642 0 0.0510 493 275 768 508 7 0.0510 190 200 445 451 10 0.0509 185 206 440 450 13 0.0507 327 195 593 443 11 0.0505 578 156 841 381 13 0.0505 189 199 448 454 13 0.0504 504 348 768 585 3 0.0503 453 322 698 564 6 0.0503 44 471 318 707 7 0.0501 452 323 698 558 11 0.0501 250 274 518 512 5 0.0500 240 337 500 584 8 0.0500 249 344 493 585
y1lOpigySpJgoNAnU4khAogY0oEpBWTb,0 0.0535 644 0 896 206 5 0.0521 640 0 896 202 13 0.0519 577 70 840 299 8 0.0515 652 0 892 201 13 0.0508 651 0 909 206
VcXTAMrzLAMk2EeWauraqJhtqsKCDPTW,11 0.0592 0 554 255 776 0 0.0588 4 500 254 728 0 0.0565 618 669 888 906 11 0.0553 677 679 949 899 6 0.0546 6 551 255 779 5 0.0539 0 545 244 781 5 0.0531 381 311 633 556 5 0.0530 311 387 560 618 0 0.0525 371 206 634 439 7 0.0522 251 526 503 764 8 0.0512 617 665 881 903 6 0.0511 621 667 889 903 7 0.0508 620 666 892 903 11 0.0507 378 259 640 494 8 0.0502 0 549 240 779 11 0.0502 445 155 709 377
TBDBIJsipF9b9ZMEdf1QmlbBld58tF1w,8 0.0609 334 543 681 733 8 0.0585 319 605 559 845 11 0.0584 490 518 758 766 6 0.0579 323 600 567 841 5 0.0578 367 585 621 836 0 0.0576 491 517 763 771 3 0.0566 575 521 832 771 0 0.0565 326 540 688 736 8 0.0563 574 522 825 768 0 0.0563 371 588 624 843 5 0.0560 322 537 689 732 10 0.0560 493 521 761 767 8 0.0553 440 592 683 839 5 0.0552 304 652 560 897 5 0.0551 484 509 758 765 5 0.0550 244 597 493 829 13 0.0547 380 653 640 906 11 0.0547 327 546 690 731 10 0.0544 331 544 691 734 7 0.0544 475 583 855 786 11 0.0544 368 594 623 836 11 0.0540 570 598 835 830 11 0.0539 245 606 498 826 13 0.0536 500 516 765 768 6 0.0535 440 591 693 836 3 0.0533 376 589 625 845 6 0.0531 572 521 838 767 6 0.0529 339 544 692 734 11 0.0526 304 662 564 897 10 0.0526 435 594 693 837 0 0.0525 576 594 838 835 13 0.0524 579 595 845 834 11 0.0521 240 480 508 711 0 0.0518 248 600 497 835 6 0.0515 249 540 507 771 13 0.0515 253 190 508 432 13 0.0514 443 589 696 838 3 0.0514 338 543 692 734 8 0.0510 241 543 495 771 13 0.0510 337 543 698 735 0 0.0508 442 399 710 635 11 0.0507 311 150 584 378 7 0.0506 336 544 694 734 7 0.0503 376 589 629 843 8 0.0502 443 401 697 633
Rl9gP5qZSdrDk7HC7xHUFEGQU9OFUNi6,8 0.0536 188 603 426 841 11 0.0523 309 753 555 973 8 0.0521 442 465 698 693 6 0.0521 442 464 707 697 0 0.0517 254 601 491 841 11 0.0512 245 602 497 838 11 0.0507 432 469 706 695 8 0.0503 320 451 554 697
r1HDUSOr33n8hZ7OgJM6Zgf4d9VzUt1Y,5 0.0642 245 383 506 641 0 0.0639 504 514 759 762 0 0.0627 388 522 645 779 11 0.0624 248 386 510 641 7 0.0623 508 511 762 763 0 0.0620 254 512 512 778 5 0.0618 436 440 706 695 11 0.0617 313 451 585 697 8 0.0617 506 512 754 761 0 0.0613 377 383 638 632 5 0.0611 370 378 638 629 5 0.0606 246 512 510 768 6 0.0605 251 453 513 707 11 0.0604 503 578 756 826 0 0.0604 185 401 441 656 7 0.0604 313 383 578 634 7 0.0604 448 576 706 839 5 0.0603 179 450 442 706 11 0.0602 298 320 569 561 11 0.0600 440 448 704 692 7 0.0600 257 519 514 775 3 0.0599 448 580 700 843 8 0.0599 444 443 702 695 0 0.0596 376 260 625 503 5 0.0594 296 314 564 563 11 0.0592 374 385 639 625 3 0.0590 509 516 759 768 11 0.0590 250 518 512 771 7 0.0590 441 334 702 568 6 0.0587 379 326 638 571 7 0.0584 573 587 824 841 2 0.0582 246 334 514 573 8 0.0582 187 399 432 654 8 0.0582 378 385 635 629 2 0.0580 250 458 508 710 5 0.0580 380 515 647 773 0 0.0579 248 260 510 511 11 0.0578 377 262 627 499 3 0.0578 301 321 568 570 11 0.0576 383 525 645 770 7 0.0575 190 400 443 650 11 0.0574 182 329 445 574 8 0.0574 318 449 579 698 11 0.0573 184 454 442 708 13 0.0571 314 383 580 630 8 0.0570 390 522 641 773 3 0.0569 444 388 702 641 11 0.0568 191 2 447 200 10 0.0568 444 447 705 694 8 0.0566 185 188 444 451 5 0.0564 372 255 624 501 7 0.0562 380 259 630 505 10 0.0561 505 581 757 826 8 0.0560 248 261 505 511 3 0.0560 320 452 583 705 8 0.0558 388 647 639 905 10 0.0556 375 389 640 629 6 0.0554 388 453 652 698 3 0.0554 250 390 510 648 8 0.0553 442 333 693 561 10 0.0551 384 593 645 840 11 0.0551 259 78 525 323 3 0.0551 379 261 629 508 0 0.0548 187 0 444 206 11 0.0547 378 650 640 900 2 0.0546 444 582 701 833 8 0.0546 569 590 816 840 10 0.0546 314 452 582 701 13 0.0545 572 588 829 841 8 0.0543 250 517 503 774 13 0.0543 388 586 650 841 7 0.0542 436 796 686 1013 6 0.0541 196 0 451 200 0 0.0540 304 661 574 925
Qa7N6ZQkTOslxrGacxzPj4gv8NkaKrQZ,8 0.0674 247 787 489 1022 7 0.0652 251 786 496 1020 11 0.0637 245 791 495 1018 5 0.0633 244 785 491 1019 0 0.0586 248 788 491 1022 6 0.0584 251 791 496 1022 10 0.0577 245 793 494 1018 9 0.0541 245 789 494 1018 3 0.0540 250 786 493 1023 13 0.0525 249 792 499 1022 2 0.0521 248 792 494 1021
mU0F614fKWEbImDfLdNyTVmy99FHVtu2,11 0.0638 378 613 636 826 0 0.0597 378 615 637 832 8 0.0582 370 674 626 898 5 0.0571 419 791 689 1019 5 0.0570 477 229 811 414 3 0.0567 369 677 635 903 5 0.0567 376 608 634 828 7 0.0565 484 303 821 486 0 0.0565 360 724 627 967 11 0.0563 772 340 1017 570 7 0.0558 414 228 771 408 7 0.0555 431 794 697 1023 8 0.0552 482 233 811 413 7 0.0551 381 612 642 827 13 0.0547 486 229 826 416 6 0.0545 506 150 761 388 6 0.0544 371 675 638 898 10 0.0542 369 679 633 896 3 0.0540 483 233 820 420 2 0.0536 413 232 764 406 0 0.0532 474 232 822 417 8 0.0532 774 334 1004 575 11 0.0528 502 155 761 384 5 0.0526 356 721 621 962 0 0.0518 425 797 695 1023 12 0.0512 374 673 634 899 13 0.0510 431 801 699 1023 3 0.0509 428 798 690 1023 0 0.0505 775 339 1010 578 10 0.0505 773 341 1013 570 7 0.0505 365 726 628 965
xtm0pGsZUKsbq9QJCIa9McB2gbcGTFD8,14 1.0 0 0 1 1
X2WTqBit7LCnIcuGAQmVU90auPEiY3zn,11 0.0567 308 398 571 635 7 0.0528 314 394 575 635 0 0.0522 307 395 572 641 8 0.0514 311 397 564 636
yzPTjSBInrcqmBYkgKhW2BupJl45Joyv,0 0.0540 864 393 1023 767 11 0.0529 393 558 751 736 8 0.0522 394 555 733 737 11 0.0520 865 396 1023 757 5 0.0519 240 525 507 771 7 0.0516 402 553 753 735 5 0.0508 862 380 1023 759 8 0.0507 868 392 1018 766
WZ9RwMvyyioHhOcw95U9LDqvwkkUuV2R,11 0.0607 293 208 545 438 8 0.0600 298 205 542 436 11 0.0564 302 4 571 244 11 0.0550 370 160 622 385 11 0.0547 176 73 457 312 3 0.0543 318 274 559 510 5 0.0539 310 323 563 557 0 0.0539 312 140 559 372 5 0.0538 310 134 556 367 7 0.0538 317 270 566 509 8 0.0537 378 338 616 564 13 0.0537 318 275 566 505 10 0.0537 307 4 572 242 3 0.0533 312 0 569 251 0 0.0528 246 71 506 309 8 0.0527 307 392 562 622 13 0.0526 309 0 576 245 7 0.0526 316 138 564 375 8 0.0525 306 69 554 305 7 0.0523 311 0 574 249 0 0.0520 315 325 568 563 5 0.0517 242 387 502 625 8 0.0515 247 469 492 703 7 0.0513 382 339 630 569 5 0.0513 302 0 568 241 6 0.0512 310 390 575 624 13 0.0508 248 67 513 311 11 0.0506 378 339 625 566 3 0.0504 319 143 556 376 6 0.0502 308 70 563 301 8 0.0501 563 0 819 197 5 0.0500 241 68 505 308
w15aPnXyoNAJCfCmRgHA5fL4rnyRAB5h,5 0.0531 374 198 640 425 7 0.0531 573 775 830 1013 8 0.0529 387 201 637 429 0 0.0514 386 204 648 429 0 0.0510 503 279 755 500 11 0.0503 502 279 756 493
RrINOavdOFHK4DMG0FquABy5QIdHRHlM,11 0.0646 451 408 708 633 8 0.0616 452 407 699 637 6 0.0593 456 411 710 636 5 0.0571 448 404 702 637 7 0.0566 455 407 709 639 0 0.0556 450 408 708 638 8 0.0545 629 1 873 194 3 0.0542 457 409 708 643 11 0.0538 177 1 435 206 8 0.0528 179 0 421 207 13 0.0520 452 408 718 638 0 0.0500 182 1 434 208
oBbOHPSRKM8seswRUpB36z9yV1o2iwIk,5 0.0538 633 203 890 438 11 0.0533 633 212 897 440 8 0.0531 313 287 557 510 7 0.0523 202 786 446 1016 7 0.0522 637 209 899 439 0 0.0520 648 149 903 383 11 0.0510 432 285 701 513 10 0.0506 311 295 572 503 6 0.0505 641 209 897 441 8 0.0505 637 210 883 442
aA9D2Bt9NaOA4z5mnQmtknHyVWmkUUk9,13 0.0585 640 472 907 696 5 0.0583 622 465 883 694 7 0.0568 503 391 752 630 11 0.0567 624 472 895 694 7 0.0567 315 461 582 710 6 0.0565 503 394 754 630 8 0.0563 312 458 570 711 7 0.0563 632 472 903 698 8 0.0560 636 464 890 697 8 0.0558 565 379 812 620 11 0.0556 270 736 519 952 11 0.0552 308 462 578 711 13 0.0547 568 382 823 623 5 0.0546 496 387 748 628 11 0.0541 561 382 817 621 7 0.0540 197 657 456 893 3 0.0538 570 384 816 629 0 0.0531 629 465 898 700 0 0.0531 563 381 817 626 8 0.0526 435 345 690 576 11 0.0517 430 346 697 578 11 0.0516 366 800 627 1011 10 0.0516 567 380 816 624 11 0.0510 321 600 576 835 0 0.0506 312 519 576 771 0 0.0506 636 320 886 565 13 0.0504 320 287 587 527 3 0.0503 637 470 894 703 8 0.0503 192 660 443 895 11 0.0502 188 665 448 891 3 0.0502 440 345 698 586
SKGW62kUajB6381QAERhwleGiDaxSoQE,8 0.0602 318 537 568 770 8 0.0582 385 326 629 571 0 0.0580 515 472 775 693 5 0.0571 375 450 635 703 11 0.0569 378 462 638 700 3 0.0568 392 398 642 644 11 0.0565 251 267 511 511 6 0.0564 315 390 578 635 7 0.0559 385 328 638 573 5 0.0558 495 583 751 820 0 0.0555 252 259 513 519 7 0.0553 383 457 642 709 3 0.0550 383 267 632 514 7 0.0549 334 186 587 449 13 0.0548 251 329 511 575 5 0.0545 311 386 571 633 0 0.0543 382 324 637 573 11 0.0542 309 393 577 629 0 0.0542 325 184 583 450 7 0.0542 319 392 575 637 11 0.0541 511 474 778 689 5 0.0537 372 261 630 507 3 0.0536 461 346 710 571 0 0.0536 175 334 429 572 3 0.0535 321 535 579 778 10 0.0535 304 458 578 697 5 0.0534 244 324 498 570 7 0.0531 321 534 581 778 13 0.0531 262 192 528 452 0 0.0530 376 458 639 703 11 0.0530 377 270 638 507 8 0.0529 518 470 767 692 6 0.0529 260 265 512 512 0 0.0526 311 389 575 638 5 0.0525 510 465 771 691 10 0.0525 385 398 644 639 8 0.0524 442 275 687 502 6 0.0523 518 473 779 695 0 0.0521 448 584 705 830 7 0.0520 446 275 700 507 11 0.0519 321 132 587 370 8 0.0518 253 330 496 571 10 0.0517 371 532 639 772 7 0.0517 252 331 504 575 13 0.0515 318 393 581 638 13 0.0513 332 126 589 371 6 0.0513 333 185 585 446 5 0.0512 362 574 633 829 8 0.0511 449 580 697 823 13 0.0510 390 195 646 440 10 0.0510 378 268 632 510 11 0.0509 455 347 713 562 2 0.0506 380 269 631 511 13 0.0506 384 460 643 703 13 0.0503 388 328 643 573 11 0.0501 173 337 430 561 3 0.0501 258 265 508 519 13 0.0501 517 472 784 696 6 0.0501 386 327 638 570
qDwqTAbaoI5WP1LU4LYNvzkNbP8rBdhV,8 0.0613 568 391 812 637 7 0.0602 566 391 821 642 3 0.0594 571 392 819 647 5 0.0591 558 461 819 710 13 0.0590 569 391 828 642 0 0.0579 560 333 823 576 11 0.0569 632 401 895 640 5 0.0569 553 330 819 577 8 0.0566 428 534 688 764 0 0.0562 637 398 895 641 11 0.0561 498 469 769 705 10 0.0556 509 489 858 672 5 0.0556 353 663 619 898 2 0.0542 566 395 817 642 8 0.0541 562 533 814 769 6 0.0537 567 390 821 641 13 0.0535 425 462 706 701 7 0.0525 426 406 694 646 8 0.0524 500 335 761 568 0 0.0522 565 465 825 713 5 0.0519 482 534 759 769 7 0.0519 429 533 699 765 11 0.0517 423 410 689 641 0 0.0516 359 664 626 901 11 0.0511 556 334 824 575 0 0.0509 307 32 560 248 11 0.0508 356 674 626 894 11 0.0508 423 534 695 763 8 0.0507 361 668 618 899 13 0.0501 561 531 826 771
Y4u7pyO9UF81qyc2VMSuSf7xUPeOVrBQ,8 0.0605 173 660 422 899 0 0.0602 430 543 700 761 11 0.0597 115 226 372 454 11 0.0595 423 544 699 754 0 0.0584 119 220 367 457 7 0.0584 432 542 702 758 11 0.0563 231 669 493 909 8 0.0562 431 541 693 758 0 0.0554 171 661 431 904 5 0.0551 425 539 695 755 8 0.0550 119 222 362 457 0 0.0547 181 156 434 383 10 0.0536 423 548 695 756 3 0.0533 174 665 429 907 6 0.0531 432 545 702 758 7 0.0531 173 663 432 901 5 0.0529 167 658 423 898 6 0.0526 175 661 432 900 11 0.0524 178 159 439 379 6 0.0522 174 215 425 441 3 0.0520 430 541 700 759 13 0.0517 237 666 502 911 10 0.0513 168 666 429 902
HIHjf51MjGE63IyPwgUzMsPGDC9dZmxY,11 0.0516 169 540 427 776 0 0.0515 249 410 515 631 0 0.0515 169 601 438 836 8 0.0513 639 13 864 251
gsmzxuvLLfZj7qWRPVEDqdlVuZyXi7VN,7 0.0618 383 592 636 822 11 0.0615 377 594 631 822 8 0.0579 376 595 624 824 6 0.0569 381 595 637 825 0 0.0567 307 586 577 832 0 0.0562 118 361 382 597 10 0.0561 308 591 572 827 7 0.0559 125 358 388 595 13 0.0553 379 591 639 826 8 0.0547 116 355 371 597 7 0.0540 316 519 569 757 11 0.0538 310 523 566 757 11 0.0535 582 608 832 842 11 0.0533 117 367 381 596 5 0.0518 374 589 627 824 6 0.0516 123 361 385 595 0 0.0515 379 527 633 768 8 0.0514 313 521 555 757 0 0.0511 184 464 438 697 11 0.0511 175 469 441 694 3 0.0510 380 594 632 828 11 0.0506 445 545 699 765 9 0.0506 375 593 630 823 8 0.0504 246 458 495 685 5 0.0503 112 358 381 592
Dtm2neHEgDVKhTqUwJfi00cfRt2plq0B,8 0.0593 629 272 872 519 11 0.0584 4 364 253 586 11 0.0577 245 389 509 635 0 0.0568 196 210 456 449 11 0.0566 197 729 455 955 8 0.0565 197 211 450 449 0 0.0551 629 277 885 520 6 0.0545 197 213 461 450 11 0.0543 315 334 572 574 7 0.0541 261 319 502 569 5 0.0539 185 267 449 509 8 0.0537 259 320 493 571 0 0.0535 254 383 507 635 11 0.0531 111 477 369 702 8 0.0526 18 352 376 542 13 0.0526 266 259 520 506 11 0.0521 258 257 516 501 8 0.0520 191 792 443 1020 3 0.0513 256 384 501 640 10 0.0511 258 326 501 569 8 0.0506 250 461 495 708 11 0.0502 237 542 508 771 5 0.0500 17 347 374 541
pOgTcMKDKbLWuFew9dXIEv2NEJMwwiT7,11 0.0583 490 672 757 900 5 0.0556 492 667 749 902 11 0.0551 80 679 433 851 0 0.0546 493 671 756 907 10 0.0544 81 680 433 853 0 0.0533 81 681 433 856 3 0.0533 499 669 752 906 8 0.0528 496 671 747 906 13 0.0523 501 674 759 908 7 0.0523 500 728 771 968 13 0.0512 88 677 443 855 8 0.0505 87 679 428 854
DzTA5bAO8IHsJd7wTUAcLpGqLjNt4yO9,0 0.0543 611 614 878 861
F9UPjR1CzUksUVkzhYJFhc3AgSEH1udp,7 0.0661 317 719 566 965 5 0.0657 313 715 559 962 0 0.0625 316 718 560 967 8 0.0618 317 716 558 963 11 0.0614 314 720 565 963 10 0.0599 312 723 564 964 6 0.0579 317 721 565 964 2 0.0575 315 722 564 966 0 0.0559 374 398 628 627 3 0.0556 319 720 562 969 13 0.0536 319 718 569 967 9 0.0532 313 717 564 962 12 0.0528 316 716 563 965 11 0.0518 371 398 626 620 1 0.0504 312 714 561 966 8 0.0501 377 398 616 624 7 0.0501 378 395 629 623
PkdNUA4QXUaDmirhAMQRHwiGtBU0gDMk,0 0.0597 571 476 818 712 11 0.0589 519 404 781 640 8 0.0584 122 0 378 192 11 0.0582 371 724 631 950 5 0.0573 120 0 385 190 6 0.0568 515 469 769 694 5 0.0560 565 472 811 709 7 0.0555 376 718 632 955 7 0.0553 514 462 766 695 8 0.0543 523 399 770 644 0 0.0540 371 717 629 959 0 0.0539 126 0 388 195 5 0.0539 516 343 774 589 13 0.0534 127 1 396 193 13 0.0533 87 138 340 387 11 0.0526 106 354 389 575 3 0.0525 527 399 778 650 0 0.0523 0 376 247 596 13 0.0521 528 402 782 644 0 0.0518 78 139 332 387 11 0.0518 75 140 333 382 6 0.0517 528 344 787 588 11 0.0514 318 605 582 833 6 0.0513 129 1 396 189 3 0.0510 126 0 389 194 5 0.0509 0 364 238 586 10 0.0506 510 472 761 695 0 0.0506 197 218 457 461 11 0.0505 185 13 456 248 5 0.0500 102 340 373 575
1JGGcZ8EfNHkT8FsXhWvNnH3INwVMca4,0 0.0644 431 668 701 893 0 0.0628 567 600 819 827 11 0.0610 438 669 701 887 5 0.0601 565 595 814 826 11 0.0586 568 601 819 822 8 0.0568 568 600 814 824 0 0.0567 301 790 557 1023 11 0.0563 305 794 559 1016 0 0.0559 691 585 941 833 5 0.0557 299 789 558 1016 7 0.0557 438 666 702 891 8 0.0552 690 581 934 830 10 0.0550 567 604 816 823 8 0.0550 435 667 694 890 7 0.0546 308 791 567 1020 6 0.0538 440 667 702 890 13 0.0536 311 795 567 1023 7 0.0535 573 597 824 825 11 0.0535 689 587 944 829 5 0.0531 432 663 694 889 6 0.0530 569 600 821 826 3 0.0528 440 668 702 895 8 0.0526 309 791 555 1019 10 0.0523 688 586 940 828 10 0.0517 169 798 425 1021 5 0.0516 687 580 939 830 13 0.0513 438 668 702 893 13 0.0511 177 795 434 1023 2 0.0507 573 604 818 825 2 0.0505 437 672 701 890 0 0.0504 174 793 429 1023 3 0.0503 308 792 563 1023 6 0.0503 310 795 562 1016 10 0.0503 435 671 698 889
rFXucRtSblWLvpZzVVbS7jm7X0te37LC,11 0.0644 640 593 893 840 0 0.0633 639 597 895 840 8 0.0625 391 730 732 912 5 0.0624 638 590 894 837 8 0.0597 644 595 894 838 3 0.0591 643 596 892 847 10 0.0583 379 733 743 911 10 0.0582 639 600 894 839 6 0.0577 645 597 897 837 2 0.0575 644 597 896 837 7 0.0574 642 593 895 842 13 0.0574 635 659 898 903 0 0.0568 390 732 735 915 8 0.0564 623 723 875 963 11 0.0560 376 660 647 893 9 0.0555 641 594 896 836 12 0.0553 642 592 896 842 6 0.0548 385 656 649 896 5 0.0546 376 652 643 894 0 0.0544 622 722 884 964 7 0.0532 390 731 748 915 5 0.0531 620 717 879 959 1 0.0516 637 592 892 842 13 0.0511 392 731 747 913 11 0.0505 616 725 879 960 13 0.0503 377 605 643 846
Gl3YGdAfWs3MhOg2LXg5YF8iZYbyNlKF,11 0.0566 379 394 630 633 6 0.0538 384 391 632 635 11 0.0536 318 335 571 567 5 0.0526 684 72 948 313 0 0.0502 687 79 952 322
gEDZiXo15I8q6RZ9nN4lPVQG8gGdX0un,8 0.0658 538 428 899 609 11 0.0643 540 429 901 605 5 0.0637 572 391 832 639 7 0.0636 578 453 838 698 0 0.0623 634 406 905 634 8 0.0616 575 330 826 570 10 0.0612 573 401 835 637 7 0.0601 579 333 833 571 2 0.0598 577 401 831 641 0 0.0598 453 456 698 699 0 0.0585 574 336 832 572 11 0.0583 449 456 700 693 13 0.0578 579 454 842 699 5 0.0575 642 454 909 699 7 0.0574 457 451 704 696 9 0.0571 573 396 834 637 3 0.0569 580 398 834 644 1 0.0567 569 395 832 641 2 0.0562 626 344 896 566 8 0.0560 453 453 695 701 2 0.0557 450 462 701 699 10 0.0555 622 346 895 564 6 0.0555 629 342 899 567 5 0.0554 447 450 697 695 5 0.0547 571 274 833 510 11 0.0545 690 292 960 508 5 0.0544 580 520 839 765 6 0.0542 455 456 704 697 5 0.0542 688 289 955 516 11 0.0542 572 283 840 507 3 0.0539 630 343 895 569 12 0.0529 578 397 835 642 13 0.0529 445 515 702 761 8 0.0529 694 289 943 517 4 0.0528 576 401 840 638 0 0.0527 375 583 631 843 13 0.0527 577 334 836 572 3 0.0517 445 518 700 765 6 0.0515 580 455 835 702 11 0.0513 237 402 496 637 3 0.0507 593 523 844 773 1 0.0505 618 338 896 565 10 0.0503 450 459 701 701 12 0.0503 626 342 899 567 7 0.0502 698 291 965 513 8 0.0502 250 337 493 563
RIsC7ietCTcH8u2nEKgC1k77p4LhyRwu,11 0.0546 445 541 696 773 11 0.0510 629 0 892 198 5 0.0510 625 0 881 201 0 0.0505 440 405 689 630 8 0.0503 445 540 694 775 8 0.0500 636 0 879 203
nLqvjA57c1LeElM4PMPThoktDwQj75hR,7 0.0596 505 780 768 1022 0 0.0571 628 0 887 202 5 0.0566 496 774 754 1016 11 0.0560 633 466 882 700 5 0.0556 636 462 877 703 6 0.0551 643 467 884 701 5 0.0547 615 603 868 824 8 0.0541 502 780 753 1017 10 0.0539 629 5 887 198 13 0.0538 509 784 766 1019 13 0.0536 631 0 893 200 8 0.0531 616 605 865 829 3 0.0531 505 779 759 1023 0 0.0530 503 785 760 1019 7 0.0530 365 791 652 1023 11 0.0530 500 783 757 1017 0 0.0529 633 537 889 767 8 0.0527 632 0 877 201 5 0.0526 621 0 882 195 11 0.0522 238 374 512 617 6 0.0521 622 612 877 826 11 0.0510 624 0 886 196 13 0.0509 622 612 879 826 6 0.0506 379 7 640 244
R0Q1SJhkxgGGBebI16AOovU45aLz4kNd,8 0.0588 143 683 484 871 0 0.0576 142 688 497 872 11 0.0559 281 610 639 786 11 0.0550 300 333 571 561 11 0.0547 381 456 645 690 7 0.0533 386 382 648 607 11 0.0526 296 220 582 440 8 0.0522 282 608 626 790 0 0.0521 277 609 641 793 11 0.0519 143 685 498 867 7 0.0512 150 685 498 868 8 0.0502 305 325 563 561
oTxW6pcCVpKDrQMuskebNskBqHtfV0VZ,11 0.0599 179 8 445 248 5 0.0568 180 3 443 245 13 0.0566 188 4 454 252 8 0.0558 187 6 439 247 5 0.0556 244 138 512 390 6 0.0555 253 1 519 254 0 0.0554 187 10 444 249 7 0.0547 255 1 518 256 8 0.0541 254 55 511 309 13 0.0539 193 141 464 386 3 0.0535 191 5 447 254 6 0.0531 320 151 589 391 8 0.0531 322 151 576 387 11 0.0530 314 155 585 390 11 0.0527 186 144 454 380 7 0.0526 490 397 753 625 5 0.0526 316 0 586 247 8 0.0526 194 142 444 385 10 0.0525 112 6 372 194 3 0.0525 332 0 592 251 0 0.0524 189 141 452 382 13 0.0523 461 0 724 196 11 0.0520 244 300 504 526 7 0.0520 202 73 455 316 8 0.0519 481 397 739 624 0 0.0519 316 151 585 394 6 0.0517 115 1 376 197 8 0.0516 324 0 585 247 6 0.0515 202 74 458 316 11 0.0513 316 3 594 247 13 0.0513 323 152 594 389 13 0.0503 327 0 602 252 3 0.0501 194 145 453 389
2eSNtnrPNhytHoyBirGhyHZIhPiQoqyk,11 0.0608 121 796 382 1018 5 0.0586 117 792 372 1022 8 0.0582 124 793 372 1023 7 0.0573 122 798 381 1023 11 0.0561 746 150 1016 380 6 0.0550 124 796 381 1023 8 0.0545 821 128 1017 377 13 0.0537 755 80 1021 317 11 0.0529 337 670 718 844 0 0.0525 122 796 375 1023 8 0.0515 709 148 943 384 6 0.0513 751 79 1019 313 11 0.0512 53 475 332 706 13 0.0509 125 798 384 1023 3 0.0507 754 150 1016 388 0 0.0505 750 77 1015 317 7 0.0505 822 128 1023 382 8 0.0504 637 15 880 246 13 0.0502 641 15 895 246
o24HnBsjZFMTbDO8eZjbWNqDzRmiekyD,0 0.0506 473 463 736 702
WTnvgbJTltzRXhF9jgQjSVNGfidrcZkR,11 0.0563 173 403 444 641 11 0.0562 514 459 770 693 11 0.0562 309 411 565 631 5 0.0552 394 572 644 835 7 0.0542 401 578 653 838 7 0.0540 520 454 774 693 11 0.0537 450 405 701 625 8 0.0535 176 461 430 707 0 0.0533 515 459 769 698 5 0.0533 449 456 699 693 2 0.0532 451 412 701 624 0 0.0527 397 581 648 837 6 0.0526 400 581 652 835 11 0.0524 396 580 649 832 6 0.0522 196 346 452 586 8 0.0521 452 460 700 696 8 0.0520 315 408 552 635 11 0.0517 259 330 509 559 0 0.0517 448 406 698 629 5 0.0517 257 261 514 504 6 0.0516 316 407 566 637 3 0.0514 521 458 771 701 6 0.0513 455 465 710 695 5 0.0511 170 460 436 701 5 0.0506 305 402 557 632 7 0.0506 436 808 698 1023 2 0.0506 398 585 650 834 3 0.0506 398 581 650 843 13 0.0504 401 579 654 838 0 0.0503 177 463 434 706 0 0.0503 307 407 559 636 5 0.0503 181 338 442 582
63UixDmfbtwgDeUops6qd0svnNAcXiYC,5 0.0576 376 21 635 264 8 0.0557 363 0 696 152 8 0.0556 244 202 492 448 8 0.0549 383 29 633 269 7 0.0538 254 454 505 686 11 0.0529 238 205 503 446 8 0.0527 363 133 619 379 5 0.0526 554 0 831 208 11 0.0521 364 132 631 374 0 0.0516 235 380 487 629 0 0.0514 382 27 641 270 11 0.0513 228 386 487 624 8 0.0513 247 455 489 690 5 0.0511 359 124 622 375 5 0.0509 305 251 568 502 6 0.0509 372 92 635 327 5 0.0507 227 380 487 624 13 0.0506 241 202 506 452 7 0.0505 314 256 575 506 3 0.0502 386 30 641 273
hSCm3PH0i6H2YTp4GCXlPmzjcyM1ROSB,0 0.0582 369 468 637 704 11 0.0573 316 407 574 637 7 0.0571 439 480 705 709 11 0.0569 237 658 512 889 8 0.0568 438 480 696 707 11 0.0565 434 482 703 707 6 0.0551 437 482 705 707 11 0.0548 310 782 564 1015 5 0.0543 432 478 695 703 13 0.0542 442 483 708 708 8 0.0539 242 653 507 890 3 0.0539 317 407 581 642 5 0.0539 307 772 558 1011 11 0.0537 414 621 681 840 11 0.0537 261 337 510 574 8 0.0535 369 0 613 202 11 0.0531 584 334 838 555 5 0.0529 409 620 671 841 8 0.0525 319 405 565 638 11 0.0525 361 3 626 201 13 0.0519 241 656 521 892 10 0.0518 435 484 702 708 7 0.0517 317 404 581 640 0 0.0516 240 655 514 893 5 0.0515 315 400 575 635 13 0.0514 316 780 574 1017 0 0.0514 316 777 565 1014 8 0.0513 312 777 555 1015 10 0.0512 239 661 511 891 7 0.0512 245 656 512 893 5 0.0510 236 652 507 887 0 0.0508 420 549 695 781 3 0.0506 243 655 509 896 3 0.0506 439 484 701 714 13 0.0504 421 619 685 847
Hc7pXv9m4VHQy5vNpSmjzM1uE6emvlsL,11 0.0613 376 404 625 644 5 0.0608 383 792 632 1021 11 0.0606 310 789 568 1016 11 0.0597 369 516 635 755 7 0.0580 312 744 586 976 8 0.0568 383 407 617 641 8 0.0565 509 402 742 634 8 0.0565 442 802 678 1019 11 0.0564 315 678 594 906 7 0.0564 386 403 629 646 0 0.0561 443 808 689 1023 0 0.0559 506 405 747 637 11 0.0555 441 807 690 1016 0 0.0552 379 402 621 644 6 0.0550 507 405 749 638 7 0.0550 511 405 753 638 5 0.0550 567 387 807 628 6 0.0548 383 405 627 643 8 0.0545 317 788 560 1022 5 0.0545 372 400 623 644 8 0.0542 183 713 419 953 11 0.0540 503 408 750 637 13 0.0536 322 791 575 1023 10 0.0534 379 408 625 643 3 0.0531 317 788 567 1023 6 0.0528 446 810 689 1021 0 0.0526 313 788 571 1023 0 0.0522 316 672 592 913 3 0.0520 384 404 622 651 0 0.0520 371 516 630 757 8 0.0518 318 672 586 912 13 0.0516 384 403 627 646 5 0.0513 172 769 426 1011 7 0.0511 385 672 653 910 13 0.0505 512 405 755 638 8 0.0504 378 517 623 756 7 0.0501 381 515 639 760
r870J1DaK7ijsuJZjPxqRTOOQv4lkTld,8 0.0642 124 523 374 755 8 0.0638 185 657 425 900 0 0.0637 189 587 442 837 7 0.0637 190 587 443 832 5 0.0636 183 720 416 963 11 0.0633 247 660 499 909 3 0.0633 192 589 442 836 11 0.0630 186 590 440 831 7 0.0627 191 463 448 704 0 0.0626 250 659 501 910 5 0.0613 186 586 439 832 11 0.0612 182 722 419 964 0 0.0609 251 461 509 707 8 0.0608 187 466 436 699 7 0.0608 322 657 580 902 5 0.0607 245 656 496 907 11 0.0603 248 464 510 702 7 0.0602 126 525 384 760 0 0.0600 122 526 381 762 11 0.0592 125 530 383 758 6 0.0589 192 589 445 833 11 0.0588 243 279 507 518 10 0.0587 181 660 427 899 8 0.0586 322 659 570 900 8 0.0583 259 723 489 966 5 0.0581 124 528 378 759 3 0.0581 255 663 501 913 7 0.0580 263 721 495 968 0 0.0579 425 675 699 899 6 0.0576 252 660 505 907 0 0.0575 359 330 625 567 5 0.0568 315 720 557 966 10 0.0564 190 529 448 767 0 0.0558 241 334 495 574 6 0.0558 253 463 513 701 11 0.0557 315 724 561 967 13 0.0557 187 660 433 900 0 0.0557 187 723 423 968 8 0.0555 360 330 616 563 3 0.0554 193 724 419 970 6 0.0554 125 530 384 759 7 0.0552 362 330 626 568 11 0.0550 354 333 625 564 0 0.0550 321 725 563 973 3 0.0549 128 529 381 762 11 0.0549 421 676 703 890 5 0.0548 356 326 621 563 9 0.0548 186 590 440 830 7 0.0543 432 672 703 891 12 0.0540 193 588 441 834 8 0.0540 428 676 690 894 2 0.0539 186 663 428 903 6 0.0537 319 728 567 970 5 0.0537 188 466 440 700 1 0.0537 180 652 427 902 6 0.0533 188 726 424 965 8 0.0531 241 334 488 567 13 0.0528 196 527 454 770 2 0.0525 263 726 495 969 13 0.0525 261 722 499 968 13 0.0522 323 659 579 904 6 0.0522 247 280 516 515 10 0.0520 251 469 509 701 1 0.0520 189 520 451 769 10 0.0517 258 727 493 966 3 0.0517 254 467 511 709 8 0.0517 120 413 375 631 10 0.0514 317 661 575 900 13 0.0513 364 335 630 565 13 0.0509 251 277 515 518 7 0.0507 325 193 577 424 10 0.0507 120 476 379 698 11 0.0504 118 418 386 633 4 0.0503 188 592 445 833 3 0.0503 363 335 625 571
3o9nd3uOYbUWCeqUGfEtZ0F50U3nGwkZ,11 0.0633 319 392 567 634 11 0.0624 250 604 512 838 0 0.0615 322 391 568 635 5 0.0605 320 384 565 630 8 0.0594 323 391 563 634 11 0.0590 241 473 501 697 11 0.0580 297 686 571 903 11 0.0576 182 533 437 759 7 0.0570 255 530 506 774 2 0.0568 322 398 569 634 0 0.0562 243 463 497 702 8 0.0561 244 470 496 701 11 0.0547 495 674 740 888 5 0.0547 252 597 509 841 8 0.0545 187 387 425 619 0 0.0544 254 600 516 848 3 0.0543 304 683 573 913 7 0.0542 323 391 569 633 8 0.0538 310 599 565 836 6 0.0537 187 532 444 762 0 0.0537 194 670 449 913 5 0.0536 241 462 495 696 5 0.0535 184 523 433 761 11 0.0535 182 394 435 619 8 0.0533 185 531 435 764 3 0.0533 327 396 567 637 0 0.0526 302 681 570 913 11 0.0525 293 796 559 1020 6 0.0523 305 681 574 906 7 0.0520 317 596 577 840 13 0.0520 256 603 517 842 3 0.0519 256 609 511 847 8 0.0517 499 670 731 895 10 0.0511 241 476 503 698 10 0.0511 322 398 570 631 8 0.0510 197 670 438 909 5 0.0509 493 666 735 892 0 0.0509 294 793 558 1023 6 0.0505 323 397 571 636 5 0.0503 298 676 565 908 13 0.0501 199 670 454 910 7 0.0500 500 673 744 893
MdacMOXZr56SzalXGwrFgJvkMFpaETmG,8 0.0655 438 271 674 507 5 0.0644 495 329 758 569 8 0.0635 448 393 697 642 3 0.0634 382 325 625 580 0 0.0631 500 275 762 507 5 0.0630 372 322 619 574 11 0.0629 432 276 680 510 3 0.0628 507 271 760 511 8 0.0615 501 331 756 570 11 0.0614 447 398 702 641 7 0.0614 382 326 624 577 5 0.0613 504 203 756 439 3 0.0605 451 397 703 646 5 0.0605 442 392 699 641 5 0.0602 298 264 554 512 6 0.0597 381 269 627 506 10 0.0593 376 332 625 578 5 0.0593 368 197 626 432 10 0.0592 434 275 680 508 6 0.0591 505 272 763 502 0 0.0590 374 269 626 508 10 0.0589 446 400 703 644 0 0.0589 502 390 767 636 7 0.0585 452 394 704 642 11 0.0583 499 335 760 570 13 0.0582 309 268 563 514 11 0.0581 303 274 562 514 8 0.0580 574 222 812 444 7 0.0579 308 268 560 513 2 0.0576 505 279 759 504 0 0.0576 243 324 492 576 3 0.0575 305 267 558 521 10 0.0570 498 336 762 571 8 0.0569 308 270 551 513 11 0.0569 377 206 631 435 0 0.0567 445 201 695 438 13 0.0567 453 395 705 643 6 0.0566 447 395 703 642 5 0.0566 297 128 551 364 13 0.0565 506 272 764 505 13 0.0565 382 326 629 578 2 0.0563 312 327 555 569 6 0.0562 382 141 628 365 12 0.0553 435 272 682 508 8 0.0551 241 391 483 641 6 0.0551 446 201 697 433 5 0.0551 442 140 688 359 12 0.0550 502 332 764 571 5 0.0548 237 389 484 639 2 0.0547 378 274 621 507 8 0.0544 306 141 548 363 11 0.0542 242 399 493 644 10 0.0538 307 275 559 515 9 0.0538 447 393 699 636 6 0.0535 306 205 559 444 3 0.0534 381 200 631 439 6 0.0534 577 220 823 445 6 0.0533 313 325 559 571 2 0.0531 449 401 701 642 11 0.0530 571 225 819 444 1 0.0524 496 331 759 571 7 0.0523 514 205 762 443 10 0.0521 380 208 634 432 4 0.0520 502 394 770 639 1 0.0517 444 392 698 643 10 0.0517 241 329 493 572 9 0.0516 495 330 757 565 6 0.0513 247 394 494 643 7 0.0512 245 396 493 642 9 0.0512 376 326 623 569 0 0.0511 379 141 626 372 12 0.0510 504 449 771 703 10 0.0510 511 211 761 442 1 0.0509 429 270 678 507 4 0.0507 436 275 683 509 1 0.0506 309 321 556 572 3 0.0503 243 392 490 650 11 0.0503 450 148 695 362
yLhH7vSat234dbCtjz7VKVSC3fY5g5sa,8 0.0639 507 518 753 752 11 0.0599 504 523 763 753 11 0.0592 371 534 617 761 11 0.0565 240 737 511 948 11 0.0559 181 407 456 657 7 0.0552 235 798 501 1017 7 0.0549 505 777 761 1011 8 0.0548 375 531 603 760 11 0.0536 499 782 753 1009 0 0.0528 188 208 438 454 0 0.0525 229 797 497 1021 8 0.0525 189 402 447 660 0 0.0525 505 524 764 760 11 0.0523 169 18 438 251 6 0.0523 509 524 764 758 5 0.0522 502 512 757 753 7 0.0520 509 517 767 754 5 0.0519 224 791 493 1012 3 0.0519 188 405 451 660 5 0.0519 179 399 455 655 8 0.0517 568 650 824 884 11 0.0516 358 668 616 886 8 0.0510 234 797 488 1019 0 0.0510 183 403 458 660 0 0.0508 374 533 612 760 11 0.0502 184 207 444 451 7 0.0500 368 665 615 886
oNx5kF7ioy0DpxOQVAID3Y5fEsLHKEVS,5 0.0704 177 456 423 704 11 0.0676 177 460 429 700 8 0.0638 184 458 420 706 11 0.0608 59 484 328 713 5 0.0603 629 375 902 614 7 0.0601 182 461 425 704 8 0.0598 520 270 774 489 5 0.0581 582 206 856 418 11 0.0581 381 281 650 499 10 0.0581 186 396 428 624 8 0.0577 389 280 640 505 6 0.0577 189 391 434 627 5 0.0576 515 263 776 487 0 0.0572 253 452 500 708 3 0.0569 183 463 425 709 7 0.0566 569 456 824 702 8 0.0565 64 483 314 722 6 0.0565 262 274 510 514 3 0.0560 594 208 857 430 5 0.0559 59 480 323 720 0 0.0546 316 277 574 508 13 0.0542 386 281 656 506 0 0.0540 177 509 429 767 6 0.0539 570 462 828 701 0 0.0533 643 463 906 692 7 0.0533 66 483 327 718 13 0.0533 254 457 507 713 0 0.0531 191 389 428 629 6 0.0530 527 203 781 421 8 0.0529 590 211 850 422 10 0.0528 565 463 823 703 8 0.0528 655 520 899 752 10 0.0526 516 273 780 490 11 0.0525 640 254 918 477 13 0.0525 180 510 433 769 10 0.0524 173 514 425 768 3 0.0523 527 269 778 500 8 0.0523 563 453 817 699 6 0.0522 254 455 503 707 11 0.0522 247 279 509 512 13 0.0518 190 395 438 630 8 0.0517 637 377 893 617 7 0.0517 523 268 782 495 3 0.0511 67 485 326 733 13 0.0509 570 459 830 702 10 0.0505 253 462 500 707 11 0.0505 517 271 780 487 11 0.0504 560 456 826 697 2 0.0504 255 461 499 708 6 0.0504 71 486 336 719 6 0.0504 393 279 651 503 6 0.0503 662 515 911 752 11 0.0502 653 520 911 746 10 0.0502 384 283 652 506
8u0r0lAILwWPAHIfaK9j2n59o92yHb8H,8 0.0609 515 281 750 517 11 0.0606 248 735 507 965 7 0.0598 253 734 513 969 0 0.0588 251 728 509 970 8 0.0561 314 728 574 966 11 0.0560 516 283 757 513 11 0.0558 371 734 649 954 5 0.0554 304 723 575 963 11 0.0547 432 402 693 636 0 0.0545 380 798 647 1023 7 0.0541 524 282 758 517 6 0.0540 436 399 695 645 5 0.0540 513 279 747 515 5 0.0537 112 270 372 514 11 0.0536 105 343 370 577 0 0.0536 515 283 752 516 10 0.0535 517 287 757 517 3 0.0527 520 283 755 523 7 0.0526 440 399 694 642 7 0.0526 440 795 706 1023 7 0.0525 376 730 655 960 13 0.0522 255 733 518 973 7 0.0518 113 772 379 1011 8 0.0518 109 769 365 1009 2 0.0516 519 290 754 517 11 0.0512 106 781 374 1011 6 0.0512 523 284 760 518 3 0.0508 256 735 511 974 8 0.0508 437 400 679 642 6 0.0507 254 734 513 969 13 0.0507 117 347 373 587 8 0.0504 110 334 355 587 11 0.0504 435 805 699 1016 0 0.0503 434 404 689 646 10 0.0503 251 736 509 968 13 0.0501 438 401 700 645
coosusPZSfrwZdrTQklKC4PDkRSap6oh,5 0.0575 565 64 820 278 5 0.0560 564 202 826 419 8 0.0559 299 404 549 640 0 0.0558 497 275 766 498 7 0.0552 374 394 639 639 0 0.0550 366 392 636 644 5 0.0536 250 330 490 578 8 0.0534 440 386 703 633 11 0.0531 254 337 490 576 11 0.0528 437 393 718 632 8 0.0519 258 269 493 506 5 0.0518 434 380 716 633 5 0.0518 624 340 887 571 7 0.0515 260 267 507 501 13 0.0514 447 389 727 634 11 0.0507 497 276 769 495
4FKqgPjUP7uJVKDEPdzOvBUBxn9vruzV,7 0.0684 190 671 572 845 11 0.0683 199 662 444 897 11 0.0657 316 666 571 897 0 0.0639 200 663 445 900 8 0.0631 193 714 434 962 8 0.0623 322 662 563 899 7 0.0622 255 710 503 959 5 0.0613 189 712 434 962 5 0.0609 256 662 500 897 6 0.0607 260 667 509 899 0 0.0600 321 667 571 900 11 0.0586 277 287 638 458 0 0.0586 308 327 568 564 11 0.0586 182 272 435 501 11 0.0584 242 330 498 557 7 0.0577 308 326 568 557 10 0.0576 199 665 443 898 3 0.0571 203 663 443 903 3 0.0571 315 266 557 495 6 0.0569 196 716 444 965 5 0.0563 176 263 432 504 0 0.0562 246 266 497 495 10 0.0561 239 334 497 557 6 0.0561 130 293 500 473 7 0.0558 279 283 641 459 7 0.0548 132 289 493 471 13 0.0544 206 662 450 897 3 0.0544 321 665 570 905 2 0.0542 202 666 444 901 0 0.0540 381 275 630 496 8 0.0539 243 325 491 556 1 0.0535 198 658 443 898 5 0.0535 241 322 497 559 10 0.0533 319 663 569 897 13 0.0527 238 231 517 444 5 0.0520 306 259 559 489 10 0.0515 274 291 637 458 13 0.0513 327 666 576 899 3 0.0512 184 272 432 512 9 0.0511 189 715 437 960 12 0.0507 244 328 502 561 12 0.0507 184 269 437 506 5 0.0506 574 471 813 695 2 0.0505 248 272 501 494 10 0.0503 178 279 434 502
0R2X6BMyGkPGQ94kx5j9LJWZpk1xVQyc,8 0.0640 0 719 237 950 11 0.0587 365 324 635 555 11 0.0586 0 724 246 946 11 0.0575 309 397 570 637 7 0.0570 0 717 244 954 3 0.0569 2 715 243 954 0 0.0568 0 716 245 954 5 0.0566 305 392 567 638 0 0.0565 309 395 573 641 10 0.0562 0 720 245 947 6 0.0547 378 321 642 554 3 0.0547 372 322 635 563 5 0.0543 364 317 632 556 0 0.0541 371 321 635 558 7 0.0537 372 323 638 562 5 0.0522 0 719 240 948 10 0.0520 311 402 570 638 3 0.0519 313 397 569 645 8 0.0514 308 396 565 638 13 0.0514 312 395 577 645 2 0.0512 310 401 574 639 11 0.0509 634 406 879 637 13 0.0508 1 721 250 954 6 0.0507 312 398 576 634 13 0.0503 374 324 642 560 1 0.0502 0 711 239 950
wxnKzpHKnITFxODKsM4EgOCDDelDFwKj,8 0.0617 456 273 693 514 11 0.0595 317 11 572 243 11 0.0593 450 401 695 637 5 0.0591 452 274 697 511 11 0.0587 451 215 702 456 0 0.0582 384 141 647 385 11 0.0575 381 136 648 382 0 0.0574 452 339 700 577 7 0.0572 452 212 705 455 0 0.0564 321 13 571 246 8 0.0560 321 12 564 248 5 0.0559 383 195 641 446 6 0.0559 386 141 650 386 8 0.0555 388 197 638 449 11 0.0554 439 527 706 758 3 0.0552 453 213 702 461 3 0.0551 390 139 645 391 10 0.0549 388 83 653 325 3 0.0548 327 14 570 253 8 0.0545 508 207 752 445 8 0.0544 395 334 631 576 0 0.0543 449 215 700 455 9 0.0542 382 198 646 441 2 0.0541 383 282 636 517 6 0.0541 449 217 706 453 5 0.0540 314 6 565 243 7 0.0539 387 132 653 386 0 0.0535 385 279 639 521 5 0.0533 252 330 508 577 7 0.0532 390 277 641 521 5 0.0532 506 400 756 638 6 0.0530 328 267 584 503 6 0.0529 725 488 1023 669 5 0.0528 377 72 643 322 8 0.0526 503 465 748 714 13 0.0523 385 199 655 449 7 0.0521 456 400 700 642 5 0.0520 500 208 762 444 13 0.0518 322 11 579 243 8 0.0518 449 397 689 643 13 0.0517 258 337 518 588 10 0.0517 384 205 645 452 0 0.0516 315 573 587 824 10 0.0516 455 281 700 515 8 0.0512 387 77 636 326 11 0.0512 392 333 639 573 5 0.0511 715 487 1019 667 8 0.0511 510 342 756 572 5 0.0510 388 331 634 572 3 0.0508 389 279 637 525 10 0.0508 321 18 571 243 8 0.0507 453 584 700 819 5 0.0505 319 261 575 498 3 0.0505 460 333 700 583 13 0.0505 329 271 591 507 10 0.0504 309 143 589 377 13 0.0502 316 136 601 378 6 0.0501 259 337 514 578
2LXx6kQegyqa7vkXP8CL4GCBZVIoslmf,11 0.0585 321 725 571 961 11 0.0584 433 675 692 909 11 0.0580 198 794 448 1019 7 0.0578 440 673 700 909 7 0.0577 328 723 574 967 8 0.0575 201 794 439 1022 11 0.0574 382 591 635 825 10 0.0563 196 797 445 1019 7 0.0554 206 795 450 1023 8 0.0553 379 662 624 897 8 0.0547 443 599 679 835 0 0.0540 131 795 380 1023 13 0.0539 138 794 390 1023 5 0.0538 127 790 378 1018 8 0.0535 327 725 563 966 0 0.0532 431 675 694 911 0 0.0529 326 726 572 969 6 0.0522 437 674 696 910 5 0.0521 322 722 568 962 10 0.0519 324 730 571 964 0 0.0518 384 590 634 830 11 0.0514 446 525 704 755 6 0.0507 204 799 449 1021 11 0.0505 569 792 806 1017 13 0.0503 440 676 705 912 10 0.0502 381 595 636 829 7 0.0501 334 593 568 825
Gp4fxXlXKWea0CvLMZRY8mzQtmvvvyNr,0 0.0630 187 669 439 909 11 0.0611 184 667 440 906 5 0.0611 118 666 366 904 8 0.0601 124 667 368 904 7 0.0600 382 589 635 828 8 0.0588 377 590 623 827 6 0.0585 124 670 376 903 5 0.0583 433 596 684 827 11 0.0581 379 593 629 829 10 0.0577 119 675 372 902 0 0.0573 378 589 633 831 8 0.0572 501 594 737 815 7 0.0564 126 667 379 906 7 0.0561 506 592 751 818 2 0.0557 380 596 630 827 11 0.0547 501 600 747 819 0 0.0539 501 598 750 822 3 0.0537 191 666 439 911 6 0.0531 382 594 636 828 5 0.0529 577 0 962 157 13 0.0529 190 667 447 907 13 0.0527 384 592 640 828 13 0.0521 590 0 974 160 3 0.0521 439 601 689 836 0 0.0514 580 2 966 162 10 0.0510 383 592 632 828 8 0.0507 591 0 954 157
u2j1czt4vzpefwxGOB2DNiMNXXdCOTti,0 0.0617 504 528 761 772 0 0.0609 509 198 756 433 0 0.0602 568 669 824 910 0 0.0600 255 270 516 508 11 0.0600 617 279 879 502 11 0.0600 174 348 450 575 10 0.0587 181 289 446 520 8 0.0587 571 669 814 905 7 0.0585 184 343 451 578 11 0.0582 458 146 706 373 11 0.0581 564 669 821 906 11 0.0579 125 213 389 451 0 0.0579 387 255 640 503 13 0.0572 258 273 519 510 5 0.0572 373 128 636 369 6 0.0571 130 280 395 523 0 0.0570 313 191 579 439 11 0.0569 379 457 639 697 0 0.0566 181 210 447 456 8 0.0564 322 404 581 646 11 0.0564 254 275 520 504 11 0.0563 510 243 758 486 13 0.0559 259 391 518 639 5 0.0559 170 285 446 516 0 0.0557 511 320 765 555 8 0.0556 456 142 697 372 8 0.0553 179 209 444 458 0 0.0553 181 346 444 580 11 0.0553 236 144 511 382 6 0.0549 630 344 892 568 6 0.0549 322 270 586 509 0 0.0548 573 470 831 714 13 0.0547 129 282 400 522 3 0.0546 567 732 825 977 5 0.0546 564 665 816 906 7 0.0545 567 726 827 971 8 0.0545 180 341 440 580 5 0.0545 250 386 512 628 5 0.0543 505 192 753 430 11 0.0542 320 342 593 572 7 0.0541 620 277 884 504 8 0.0540 618 281 872 503 3 0.0538 183 287 449 526 3 0.0538 517 320 772 559 13 0.0537 318 134 580 379 0 0.0536 617 276 879 505 8 0.0536 259 271 508 506 7 0.0535 511 244 758 484 10 0.0535 322 406 590 646 0 0.0534 323 338 590 576 0 0.0534 379 458 638 702 5 0.0534 301 192 573 433 11 0.0532 387 256 645 500 6 0.0532 456 142 708 375 7 0.0531 509 525 768 772 7 0.0531 182 209 452 455 8 0.0528 505 522 752 770 0 0.0527 388 64 638 307 5 0.0527 498 520 760 770 3 0.0526 386 193 641 435 7 0.0525 384 453 648 704 7 0.0524 258 268 518 504 10 0.0523 126 218 386 457 11 0.0523 500 527 759 770 13 0.0522 577 330 838 564 10 0.0522 317 277 578 510 3 0.0521 576 467 835 722 10 0.0519 260 340 519 572 13 0.0519 511 460 773 700 6 0.0515 566 260 831 494 5 0.0515 614 272 876 501 10 0.0514 451 148 705 374
iHbsUhWH8WDyoeoUcSOQ6oC91wQHdEQs,8 0.0641 126 794 362 1020 11 0.0619 122 797 375 1017 7 0.0605 60 787 321 1023 11 0.0591 501 796 747 1021 0 0.0564 124 796 372 1023 7 0.0558 180 796 437 1020 11 0.0545 235 794 494 1014 5 0.0544 171 793 425 1017 5 0.0544 426 795 684 1020 8 0.0524 238 790 481 1016 5 0.0522 56 783 316 1020 10 0.0519 58 794 316 1021 11 0.0514 424 731 689 962 7 0.0511 505 794 755 1023 7 0.0508 372 794 632 1023 2 0.0504 61 795 320 1023 6 0.0504 179 798 432 1021 0 0.0500 501 799 750 1023
9TSLYZgeRanCHr6NRBOQwTC4eSIW9pY7,8 0.0633 375 786 622 1023 11 0.0626 367 791 627 1021 11 0.0612 582 334 831 566 5 0.0602 441 726 693 973 6 0.0598 328 724 588 955 8 0.0594 381 663 642 894 5 0.0592 376 659 641 893 8 0.0580 449 731 693 976 8 0.0579 640 277 879 516 13 0.0578 511 784 771 1023 8 0.0575 247 788 493 1021 11 0.0574 438 608 704 834 13 0.0573 375 789 633 1023 0 0.0569 504 784 768 1023 10 0.0568 369 790 629 1020 7 0.0567 379 731 635 964 0 0.0566 377 665 648 895 0 0.0565 642 278 884 520 6 0.0560 445 608 707 840 6 0.0559 449 728 703 973 11 0.0559 502 790 768 1016 7 0.0558 511 782 771 1020 6 0.0558 648 282 890 515 7 0.0557 588 333 828 569 11 0.0553 240 787 498 1020 5 0.0550 365 790 621 1020 0 0.0544 368 789 629 1023 5 0.0544 637 275 883 515 3 0.0544 375 792 628 1023 3 0.0544 383 663 650 902 0 0.0539 1 797 243 1014 7 0.0537 444 604 701 840 0 0.0535 446 548 709 783 7 0.0527 326 654 586 887 3 0.0526 581 268 826 513 10 0.0521 506 788 767 1019 3 0.0521 448 730 701 983 7 0.0520 245 786 504 1018 2 0.0518 585 338 834 567 6 0.0508 251 795 507 1022 2 0.0502 369 793 627 1023 5 0.0501 240 790 498 1020 13 0.0501 245 788 510 1022
h58xGzrAGOYVXLejLEwIa9LNzyw82jCx,0 0.0606 297 394 560 631 8 0.0594 363 394 606 628 5 0.0594 561 389 818 632 7 0.0585 510 395 775 636 5 0.0577 288 385 554 623 8 0.0576 431 339 687 570 8 0.0575 511 396 763 629 11 0.0574 428 342 701 569 13 0.0574 569 390 830 635 5 0.0568 424 336 696 568 3 0.0564 513 399 773 638 11 0.0557 355 399 616 630 6 0.0555 570 388 830 631 11 0.0553 377 147 634 373 0 0.0552 509 397 772 635 13 0.0551 367 272 629 508 8 0.0551 368 268 616 503 7 0.0551 431 340 704 573 3 0.0549 429 274 682 508 11 0.0543 361 273 624 504 10 0.0541 361 274 625 503 6 0.0541 431 394 702 634 11 0.0537 506 398 772 633 7 0.0535 363 395 622 633 13 0.0535 432 341 706 574 10 0.0534 427 344 699 574 6 0.0534 427 276 679 502 7 0.0533 365 271 627 505 6 0.0531 300 395 560 629 13 0.0529 300 396 564 629 6 0.0524 242 461 493 707 0 0.0523 432 342 698 572 5 0.0522 355 268 620 499 11 0.0521 236 403 496 630 5 0.0520 233 452 488 703 8 0.0517 303 470 546 704 11 0.0516 295 472 558 704 2 0.0515 511 401 771 632 0 0.0513 237 465 494 707 0 0.0512 364 269 623 506 8 0.0511 381 149 622 377 10 0.0511 506 398 770 635 8 0.0510 244 396 484 630 5 0.0506 498 207 748 439 9 0.0504 506 397 772 629 3 0.0501 385 146 632 383 11 0.0501 503 214 754 440
mYOTEAXhsiHUW7Mti2z45yWL8Lkt6QBb,11 0.0613 632 793 889 1013 5 0.0584 623 787 881 1018 11 0.0583 319 661 566 894 6 0.0579 631 795 893 1015 0 0.0571 316 656 567 905 8 0.0549 257 333 520 573 10 0.0545 317 661 571 893 0 0.0545 626 796 890 1018 5 0.0545 251 331 524 573 11 0.0541 572 723 830 958 3 0.0539 629 791 889 1021 7 0.0532 634 792 893 1017 8 0.0529 71 0 328 208 11 0.0525 754 19 1011 251 13 0.0524 388 334 655 562 0 0.0520 71 4 333 218 11 0.0520 244 277 534 503 7 0.0511 323 658 573 897 5 0.0511 312 653 565 892 13 0.0510 257 333 537 575 0 0.0510 755 19 1010 256 8 0.0509 318 658 561 897 13 0.0508 762 15 1016 255 8 0.0507 627 792 880 1013 6 0.0502 259 333 532 573 11 0.0501 112 344 400 591
dg0VyGIh8uh2CvPb2a0X4R89srqruSlF,0 0.0615 330 140 582 368 0 0.0600 48 358 315 595 8 0.0592 391 144 650 372 0 0.0583 250 194 502 441 11 0.0581 386 278 645 502 5 0.0581 381 0 644 231 5 0.0578 322 138 579 363 5 0.0571 302 782 552 1016 5 0.0561 231 268 498 510 8 0.0560 389 276 639 506 3 0.0559 390 275 645 508 6 0.0547 391 276 647 504 7 0.0543 310 787 561 1018 3 0.0541 344 0 585 242 0 0.0540 572 207 813 450 7 0.0540 389 278 647 507 13 0.0539 343 0 587 235 5 0.0537 437 79 702 303 13 0.0535 386 275 648 505 11 0.0534 197 279 589 455 11 0.0533 395 150 656 367 8 0.0532 310 784 544 1018 11 0.0530 303 789 551 1017 0 0.0528 389 281 643 507 8 0.0524 203 275 566 459 13 0.0523 92 298 473 477 11 0.0523 412 678 759 855 6 0.0522 395 147 657 369 8 0.0521 341 0 572 234 3 0.0521 420 674 763 859 13 0.0518 415 674 767 858 3 0.0516 310 787 555 1023 10 0.0515 386 3 649 229 5 0.0515 380 275 638 501 3 0.0514 397 144 657 375 7 0.0513 423 677 769 859 11 0.0512 147 350 523 527 6 0.0511 246 270 507 512 0 0.0511 515 287 769 515 11 0.0511 334 0 586 234 0 0.0511 82 297 457 476 5 0.0511 402 672 753 856 2 0.0510 452 291 711 511 0 0.0506 467 166 715 384 10 0.0505 390 150 659 366 7 0.0504 156 349 525 531 8 0.0503 411 675 745 856 10 0.0502 305 789 556 1021
wl3Pi8WGKQT9iVQOkz4cyiBgmcD6iwQm,11 0.0572 375 450 636 700 7 0.0572 377 447 639 703 7 0.0571 446 396 707 630 3 0.0569 442 276 693 504 7 0.0565 444 273 696 498 5 0.0561 373 391 630 631 0 0.0560 308 401 562 642 11 0.0560 441 402 705 624 11 0.0550 435 221 688 453 0 0.0543 366 520 627 767 13 0.0543 357 422 712 604 11 0.0541 363 797 615 1016 13 0.0539 312 790 566 1008 13 0.0539 374 271 628 502 11 0.0537 509 279 750 509 0 0.0537 445 400 704 630 6 0.0536 440 219 688 451 10 0.0535 374 454 635 698 5 0.0532 364 516 626 761 2 0.0530 368 526 631 766 11 0.0530 317 129 573 366 8 0.0528 353 422 694 600 3 0.0523 355 424 705 604 7 0.0522 310 399 566 641 6 0.0520 512 277 750 508 5 0.0519 369 269 616 493 5 0.0516 439 460 693 694 0 0.0516 315 723 562 943 6 0.0514 446 398 707 626 8 0.0514 387 132 631 377 0 0.0514 440 219 685 455 7 0.0512 388 208 631 445 5 0.0512 301 782 557 1004 3 0.0509 385 210 632 451 7 0.0508 315 725 567 942 3 0.0507 444 466 699 700 8 0.0507 317 724 557 940 8 0.0504 442 220 678 453 6 0.0501 386 133 642 375 6 0.0501 382 448 639 699
9IRYtyBpRxwGc3nxeKvjmF7ar7pB7II9,11 0.0638 432 513 705 760 8 0.0628 507 519 761 759 7 0.0605 439 512 708 763 11 0.0587 361 595 628 835 11 0.0575 244 348 498 586 3 0.0569 443 517 702 771 8 0.0565 362 520 617 765 0 0.0563 366 598 627 840 3 0.0557 376 359 628 600 5 0.0552 426 578 697 827 5 0.0550 503 516 769 758 11 0.0547 363 291 635 520 6 0.0546 438 591 702 833 0 0.0545 438 516 701 765 8 0.0537 303 604 556 848 5 0.0536 359 663 627 901 0 0.0534 519 597 765 833 7 0.0532 371 597 635 838 8 0.0529 252 345 486 583 8 0.0527 434 586 689 832 6 0.0521 435 408 687 636 0 0.0518 238 592 506 842 10 0.0518 435 521 703 762 11 0.0516 233 601 502 834 11 0.0516 510 594 767 828 6 0.0515 251 345 497 584 8 0.0512 370 289 622 518 7 0.0512 251 343 498 586 6 0.0511 510 522 774 758 6 0.0511 365 518 630 761 2 0.0510 433 591 697 832 11 0.0508 287 678 556 901 3 0.0508 522 594 764 843 7 0.0508 518 595 774 833 3 0.0507 254 343 493 588 7 0.0503 373 284 639 518 11 0.0503 432 412 683 633 0 0.0502 250 347 497 587 7 0.0500 439 408 689 635
vLlPQkcci9FTd8jBAk1rYi9vObou0xRX,8 0.0625 313 527 545 766 8 0.0624 247 656 499 905 0 0.0622 244 656 504 908 7 0.0616 313 527 555 768 0 0.0615 372 525 627 768 7 0.0610 248 659 508 906 11 0.0605 370 530 628 762 5 0.0603 308 523 547 765 5 0.0594 241 656 499 903 11 0.0572 241 661 506 903 6 0.0569 314 528 557 766 10 0.0565 312 529 551 767 3 0.0564 375 528 630 768 6 0.0563 247 658 507 906 10 0.0541 244 659 504 903 3 0.0539 248 657 506 909 2 0.0525 314 531 554 769 13 0.0520 249 658 512 908 13 0.0519 379 529 634 765 9 0.0517 309 527 549 763 1 0.0506 309 521 550 768
gFrJedU2bEbXLQnEBZOq9xXnGErFFXOo,0 0.0588 380 266 658 510 11 0.0565 387 330 652 574 0 0.0521 381 392 648 648 11 0.0518 452 393 712 639 8 0.0512 384 769 618 1003 8 0.0511 59 602 306 840 0 0.0509 57 611 314 841 7 0.0508 387 392 649 642 5 0.0504 375 265 650 502 8 0.0502 389 329 644 581 11 0.0502 52 609 318 836
mtNB4PPWzpaaSKUyf64qUlTIjkp8U6L4,8 0.0531 425 778 670 1020 11 0.0529 285 353 652 535 8 0.0513 292 357 631 541 11 0.0513 554 338 834 579 11 0.0503 419 782 678 1018 13 0.0501 429 784 688 1023 7 0.0500 428 781 686 1022
vA4pAFOM7T4AFjO9D3z3k7B6FoUuKt7x,11 0.0592 382 82 636 314 5 0.0569 232 390 490 621 0 0.0567 384 80 636 319 11 0.0564 234 396 498 621 7 0.0563 239 390 498 620 11 0.0555 315 157 564 391 7 0.0550 250 261 504 493 6 0.0550 447 73 706 309 10 0.0539 384 84 636 317 5 0.0531 247 193 497 437 11 0.0528 377 449 623 680 8 0.0528 442 81 697 309 13 0.0527 392 78 642 316 11 0.0527 242 265 504 491 0 0.0525 380 0 638 204 7 0.0525 321 153 566 392 5 0.0523 382 71 632 313 0 0.0523 339 294 691 480 0 0.0522 315 154 564 395 6 0.0520 319 156 570 392 11 0.0519 331 293 694 475 8 0.0519 340 291 683 477 5 0.0514 161 470 424 700 0 0.0514 241 325 491 555 8 0.0511 240 392 484 620 10 0.0509 318 160 566 392 7 0.0507 389 76 640 316 3 0.0505 239 394 492 629 13 0.0505 252 265 506 500 3 0.0503 349 290 689 483 5 0.0503 334 287 692 474 7 0.0500 346 289 701 480
itDiYNSOOvOJDaRcRk93a7oRbYXye0K6,11 0.0598 506 468 769 702 0 0.0584 508 472 767 707 5 0.0582 179 407 448 641 8 0.0576 509 464 762 705 7 0.0556 513 465 772 705 3 0.0555 512 466 772 711 11 0.0555 261 464 509 700 5 0.0549 259 457 509 701 3 0.0545 261 469 511 706 6 0.0544 265 463 514 704 11 0.0544 183 409 449 646 8 0.0539 182 333 434 575 7 0.0538 190 408 448 643 11 0.0534 310 666 678 850 6 0.0531 190 412 453 647 6 0.0530 512 537 776 770 5 0.0530 505 459 766 704 2 0.0518 189 416 448 647 13 0.0513 267 465 515 705 7 0.0512 265 461 513 704 11 0.0511 366 18 642 247 0 0.0509 259 463 514 705 8 0.0508 261 468 502 704 2 0.0505 264 469 509 703 2 0.0504 509 472 770 703 10 0.0503 187 416 445 646 11 0.0502 501 20 761 245 8 0.0500 175 2 417 246
cclC9YQ7ZSGVcUU4bAjd1kxIFDLv7XcE,5 0.0608 619 401 876 629 11 0.0602 575 726 824 969 11 0.0595 576 592 818 841 0 0.0589 573 591 818 843 11 0.0585 261 7 514 248 11 0.0583 299 724 560 967 5 0.0581 492 270 753 515 5 0.0580 316 11 573 265 0 0.0577 557 409 828 641 0 0.0566 433 215 692 434 8 0.0564 575 589 813 841 5 0.0561 576 219 839 456 0 0.0558 577 229 847 457 8 0.0558 323 21 571 263 11 0.0548 437 210 691 433 11 0.0547 616 400 879 631 0 0.0542 496 280 763 516 8 0.0541 505 212 764 449 11 0.0540 431 732 693 964 6 0.0539 326 20 582 270 13 0.0534 573 350 824 577 6 0.0534 577 591 819 842 8 0.0533 297 719 555 972 7 0.0531 578 587 822 842 0 0.0528 501 719 763 968 13 0.0527 327 16 586 266 8 0.0527 559 403 817 643 0 0.0524 636 352 881 575 7 0.0521 304 791 560 1022 13 0.0520 313 793 562 1023 5 0.0520 568 719 819 968 0 0.0519 321 16 575 270 8 0.0518 573 720 822 972 3 0.0518 629 407 879 641 3 0.0514 326 18 578 272 6 0.0510 562 411 831 643 0 0.0506 364 720 633 980 2 0.0504 501 280 759 518 7 0.0502 272 3 516 253 5 0.0501 433 203 683 434 11 0.0501 363 792 614 1020 13 0.0501 578 591 823 841 5 0.0501 185 8 435 265
cP1rAMTRDGBKgI5Qp8ha33qdg6ar8FRM,11 0.0653 509 463 762 705 8 0.0617 579 475 823 712 7 0.0616 516 402 761 644 11 0.0614 573 539 815 770 11 0.0614 580 406 831 641 7 0.0612 393 268 645 496 8 0.0606 509 402 755 645 8 0.0596 390 273 634 494 13 0.0595 513 462 767 708 3 0.0590 515 403 756 647 11 0.0589 390 269 640 494 5 0.0586 250 328 506 572 2 0.0585 394 274 638 495 3 0.0584 390 276 636 501 11 0.0583 626 488 892 709 0 0.0581 579 475 829 713 0 0.0580 390 273 642 496 0 0.0576 446 403 699 651 6 0.0575 259 335 506 576 5 0.0570 506 399 752 642 6 0.0569 514 404 762 643 13 0.0568 451 404 706 645 11 0.0565 248 335 502 573 6 0.0565 458 285 711 509 13 0.0556 579 541 821 774 13 0.0556 457 281 712 508 11 0.0555 367 471 628 708 8 0.0554 445 465 693 709 5 0.0553 384 265 635 493 7 0.0552 449 466 702 710 5 0.0549 574 473 823 709 13 0.0548 587 404 833 643 6 0.0545 263 202 508 442 3 0.0543 584 475 826 717 8 0.0542 254 274 499 518 13 0.0542 376 474 635 710 5 0.0540 625 403 894 634 10 0.0535 388 277 639 494 8 0.0532 569 609 805 835 6 0.0531 582 477 829 708 3 0.0530 450 467 699 716 0 0.0529 336 148 583 377 10 0.0528 511 404 760 645 7 0.0528 577 541 820 775 5 0.0526 328 141 579 370 5 0.0524 250 199 505 438 3 0.0524 255 341 503 583 11 0.0522 250 202 506 439 5 0.0522 261 0 511 232 1 0.0520 448 280 707 510 0 0.0520 254 203 507 442 13 0.0520 270 7 521 238 2 0.0520 453 408 702 648 0 0.0519 252 332 507 576 11 0.0515 333 144 588 372 13 0.0515 260 332 510 580 6 0.0513 452 465 705 705 7 0.0511 258 329 508 577 0 0.0511 568 605 813 836 9 0.0507 385 269 636 491 8 0.0506 333 148 575 372 7 0.0505 258 196 510 440 3 0.0503 574 608 813 842 13 0.0501 514 600 759 836
hfWlFMrDL6zPghHp1iz892zw7Z1DPset,5 0.0607 293 675 676 849 8 0.0587 388 0 637 196 11 0.0580 377 686 746 854 7 0.0566 384 684 752 856 5 0.0560 177 718 422 948 5 0.0549 383 0 642 193 0 0.0546 180 719 432 952 11 0.0544 296 668 556 890 7 0.0542 302 665 561 894 10 0.0537 177 725 425 949 0 0.0534 300 661 558 898 0 0.0529 375 685 748 859 10 0.0528 377 686 746 855 8 0.0527 378 683 737 856 13 0.0527 388 0 648 198 7 0.0523 388 0 646 197 8 0.0522 303 662 554 895 6 0.0521 184 724 432 950 7 0.0513 182 724 433 948 6 0.0512 386 0 646 197 3 0.0511 305 680 688 855 6 0.0508 301 664 561 894 6 0.0506 381 686 750 856 10 0.0506 296 669 557 893 13 0.0502 181 723 441 951 3 0.0501 386 1 643 205 11 0.0501 180 728 428 945
2ikwnPwWJ8nwnoORFBWuOkewjUdPjfrq,8 0.0549 123 779 363 1021 7 0.0521 124 778 376 1019 11 0.0520 228 506 486 729 11 0.0514 121 782 376 1014 7 0.0505 381 650 636 883 0 0.0502 379 653 634 883
uhjbSdpGFtlLlVhGksg1aPTR5RlqvSwB,11 0.0675 313 400 572 638 8 0.0673 317 398 566 639 0 0.0668 382 393 637 645 8 0.0645 574 404 826 646 8 0.0643 378 332 631 577 8 0.0643 372 463 622 712 5 0.0643 311 398 567 636 7 0.0641 384 331 639 576 5 0.0641 247 460 500 708 0 0.0640 258 390 506 634 5 0.0639 179 388 433 629 11 0.0631 181 396 439 630 8 0.0630 186 390 429 633 0 0.0630 505 397 765 640 3 0.0627 437 389 697 644 5 0.0627 640 395 892 637 11 0.0627 248 466 503 707 5 0.0626 500 391 765 637 6 0.0623 651 400 894 636 8 0.0622 250 464 497 710 11 0.0620 370 468 626 710 11 0.0619 375 336 637 576 6 0.0618 317 465 574 703 3 0.0616 317 401 568 640 8 0.0615 256 330 506 570 5 0.0614 247 259 504 494 7 0.0613 433 519 711 765 0 0.0612 368 516 630 772 7 0.0608 253 463 503 709 11 0.0605 503 399 764 637 7 0.0605 187 391 435 631 0 0.0603 192 327 434 575 6 0.0600 317 336 576 571 11 0.0599 253 336 515 568 5 0.0597 374 330 634 575 10 0.0597 382 400 641 646 6 0.0596 438 456 707 704 7 0.0596 198 255 441 496 13 0.0594 318 335 580 570 0 0.0593 317 330 573 568 3 0.0593 376 466 626 715 13 0.0592 374 462 634 710 6 0.0591 258 394 510 633 3 0.0588 577 404 831 651 6 0.0588 509 397 769 639 13 0.0586 437 387 704 639 7 0.0586 259 329 511 566 10 0.0585 500 397 767 636 3 0.0585 256 466 498 714 11 0.0583 642 400 892 636 0 0.0581 252 264 504 496 5 0.0578 120 326 371 570 7 0.0577 320 399 571 635 5 0.0577 368 462 624 708 13 0.0575 258 391 512 632 10 0.0572 316 340 577 568 6 0.0568 256 266 508 495 3 0.0566 256 333 512 573 0 0.0563 128 261 379 505 13 0.0563 575 406 837 645 9 0.0561 503 397 767 634 5 0.0561 759 509 1021 743 5 0.0560 645 531 908 767 3 0.0557 185 395 435 636 3 0.0554 439 518 705 771 10 0.0554 255 397 509 632 8 0.0553 194 258 430 499 0 0.0551 195 200 439 433 11 0.0550 191 264 441 495 10 0.0550 642 403 891 634 3 0.0549 131 262 377 512 13 0.0547 255 262 514 498 6 0.0547 133 263 387 502 6 0.0546 192 331 441 573 6 0.0546 253 536 514 779 0 0.0545 636 614 903 840 2 0.0544 506 401 764 639 12 0.0544 318 400 571 638 9 0.0544 376 334 637 568 7 0.0543 319 516 580 762
kp419dbooUIT7abq0l6yCXqI7H2NZJyx,11 0.0581 452 392 713 628 5 0.0576 633 402 891 639 5 0.0566 306 518 574 770 5 0.0560 184 402 432 655 11 0.0556 632 406 896 638 8 0.0552 386 458 636 695 11 0.0551 380 339 645 574 0 0.0548 454 394 711 635 11 0.0546 372 591 638 825 8 0.0545 453 391 706 633 7 0.0540 389 269 640 501 5 0.0536 370 587 638 826 5 0.0532 381 453 639 696 7 0.0530 459 389 718 634 6 0.0528 451 460 713 698 8 0.0527 383 337 635 578 11 0.0526 380 458 640 693 0 0.0525 433 281 698 517 7 0.0525 325 400 578 663 3 0.0525 440 279 699 524 0 0.0524 379 523 640 766 8 0.0523 367 203 619 426 0 0.0520 644 353 898 585 11 0.0520 262 400 509 653 7 0.0519 271 257 516 499 8 0.0517 642 405 889 644 6 0.0515 268 404 511 659 11 0.0515 306 521 573 770 5 0.0512 710 349 966 570 8 0.0511 268 255 497 500 3 0.0510 459 393 713 638 6 0.0510 445 342 704 581 3 0.0510 646 407 897 651 6 0.0509 316 522 579 773 8 0.0507 312 576 570 826 6 0.0505 380 591 646 829 11 0.0504 705 354 974 572 7 0.0502 376 590 644 832
WckAmcWYhtBdljjKceW0OPLry7W9VFwc,0 0.0611 450 0 798 157 11 0.0583 450 2 800 156 5 0.0568 236 0 494 196 11 0.0565 237 4 497 198 3 0.0547 248 0 496 201 5 0.0545 366 0 623 207 6 0.0539 305 0 572 202 10 0.0538 242 5 496 195 5 0.0538 441 35 806 219 8 0.0537 449 38 798 217 0 0.0536 374 0 629 210 8 0.0533 375 0 623 207 7 0.0524 371 799 635 1016 0 0.0523 242 0 497 201 8 0.0523 245 2 490 199 10 0.0520 374 8 631 204 7 0.0516 246 0 500 196 11 0.0514 365 1 632 203 13 0.0512 308 0 574 202 5 0.0510 183 61 434 300 0 0.0503 743 0 993 208
r3DwWH4ec8Sh9cgPsIgUo7Cf5DQXuqQU,0 0.0609 0 30 251 273 8 0.0591 298 467 559 699 6 0.0589 247 383 511 624 8 0.0588 42 34 304 273 5 0.0587 236 374 500 620 7 0.0581 311 392 568 635 8 0.0581 142 0 378 222 0 0.0575 136 0 382 227 11 0.0574 191 344 459 582 11 0.0572 40 35 319 272 0 0.0571 307 394 570 634 11 0.0571 510 460 759 692 7 0.0562 440 457 704 696 7 0.0559 509 399 757 633 11 0.0553 134 2 385 220 8 0.0551 438 460 692 693 5 0.0549 131 0 378 220 0 0.0546 196 341 459 590 8 0.0544 505 400 745 631 11 0.0544 353 463 629 701 3 0.0542 139 0 381 225 11 0.0534 308 396 566 630 3 0.0529 3 25 250 277 6 0.0529 0 22 255 268 0 0.0526 510 458 763 699 5 0.0525 351 454 623 704 13 0.0524 6 24 262 271 6 0.0523 358 465 633 704 11 0.0521 241 463 501 703 5 0.0520 0 21 250 268 3 0.0519 313 396 570 636 5 0.0518 506 454 753 695 8 0.0514 244 381 498 624 10 0.0513 309 404 571 630 10 0.0504 176 467 449 698 13 0.0504 313 394 574 634 13 0.0502 132 365 407 602 5 0.0500 172 452 446 689
KxT1W05mQ3K02PPZJR513I4QxWqVUN4O,5 0.0638 501 777 757 1017 7 0.0609 510 782 763 1023 11 0.0598 384 791 634 1021 11 0.0577 506 786 757 1018 6 0.0577 510 785 763 1018 8 0.0572 506 781 752 1020 7 0.0571 388 787 642 1021 5 0.0564 380 784 632 1019 8 0.0563 385 785 629 1023 7 0.0563 442 714 706 957 13 0.0562 390 788 647 1023 13 0.0555 509 783 767 1021 11 0.0549 261 799 517 1016 0 0.0538 508 785 761 1023 11 0.0537 693 0 953 195 6 0.0529 388 788 641 1022 10 0.0527 381 791 638 1023 9 0.0521 504 782 759 1019 13 0.0516 698 1 960 198 6 0.0515 569 722 824 959 5 0.0513 496 216 753 452 8 0.0512 698 0 943 195 5 0.0511 752 24 1022 267 3 0.0511 508 783 758 1023 12 0.0510 508 782 759 1019 8 0.0506 439 715 692 956 8 0.0503 624 779 861 1020 3 0.0502 764 35 1021 273 3 0.0501 387 787 635 1023
9BCNgXrTgaECwpLKA2ADppCcDOSqeFI3,5 0.0566 774 202 1018 461 8 0.0539 773 203 1016 460 8 0.0535 439 729 687 948 11 0.0532 438 730 694 946 11 0.0530 239 394 489 615 0 0.0524 775 210 1019 470 10 0.0521 771 210 1023 466 6 0.0520 445 728 698 953 7 0.0519 779 206 1023 465 11 0.0519 770 207 1023 459 7 0.0513 444 722 700 950 7 0.0513 246 391 491 617 6 0.0511 123 322 382 559 5 0.0510 433 722 685 950 0 0.0505 438 729 690 953
3HOsa9DL1duSiLuFXD95wW8cHWA5gzO6,8 0.0521 313 781 555 1003 11 0.0518 636 0 1023 150 8 0.0517 644 0 1012 153 11 0.0512 652 535 901 764 7 0.0509 311 782 568 1009 5 0.0507 305 778 562 1003 13 0.0505 648 0 1023 154 11 0.0502 304 784 565 1003
ioAMMlK7C8PEIo7aKnEKIEJcRpxTdPiH,11 0.0630 446 331 700 576 5 0.0598 445 325 693 576 8 0.0590 447 331 693 578 3 0.0562 451 329 696 584 6 0.0558 450 332 704 579 5 0.0552 452 205 703 433 0 0.0552 447 332 699 576 7 0.0543 453 328 704 579 11 0.0540 368 798 628 1011 11 0.0525 450 209 712 429 3 0.0518 459 209 708 440 8 0.0515 456 209 703 434 6 0.0514 368 726 634 952 13 0.0514 459 276 713 503 11 0.0513 325 75 578 308 0 0.0508 452 211 709 435 2 0.0505 452 339 696 576
t9aL4hthuzdbyPH4R3MfOd5RGejBSWmv,8 0.0547 595 421 932 596 6 0.0530 601 419 942 596 0 0.0515 352 728 632 967 8 0.0509 119 722 364 946 11 0.0506 351 731 635 955 13 0.0503 509 2 765 253 7 0.0500 400 341 658 582
1AceohyST8BoW82Nt1NlwA1rCwNuInxB,0 0.0555 0 807 241 1023 0 0.0555 289 549 653 731 6 0.0548 753 428 1023 610 7 0.0539 753 426 1023 607 5 0.0539 747 422 1018 610 5 0.0531 0 800 236 1020 0 0.0527 748 429 1023 610 0 0.0523 234 207 512 439 8 0.0522 740 427 1015 607 11 0.0521 331 484 702 668 8 0.0520 5 801 232 1022 5 0.0519 304 531 572 764 0 0.0517 0 0 236 224 13 0.0515 345 488 711 668 10 0.0514 746 431 1023 607 3 0.0513 4 803 237 1023 11 0.0512 747 427 1023 606 11 0.0511 119 3 385 201 11 0.0509 284 549 649 726 7 0.0505 339 484 711 668 5 0.0503 3 68 253 313
VBvAgPEsMEYuFheaeFpNMP5THHycKMPp,8 0.0648 310 468 572 705 11 0.0640 312 405 579 639 8 0.0620 247 537 506 777 8 0.0610 210 417 542 591 8 0.0609 382 529 641 773 5 0.0605 312 396 575 640 0 0.0603 315 401 577 642 11 0.0602 275 531 647 721 7 0.0602 314 400 580 642 3 0.0600 313 467 579 708 5 0.0596 243 456 507 707 8 0.0591 187 470 439 717 11 0.0591 67 550 309 770 7 0.0587 248 529 520 776 8 0.0582 190 599 432 843 7 0.0581 185 464 451 718 0 0.0579 285 532 646 721 0 0.0576 184 467 450 719 1 0.0568 309 462 571 702 11 0.0566 249 603 509 838 3 0.0564 213 417 554 595 8 0.0562 70 546 298 772 3 0.0560 191 470 450 722 3 0.0557 253 535 518 781 6 0.0556 386 530 645 775 3 0.0556 387 529 647 781 2 0.0551 315 409 576 639 11 0.0550 270 142 524 393 6 0.0549 314 467 578 703 11 0.0548 446 12 698 254 13 0.0534 314 468 584 704 7 0.0530 193 596 443 842 10 0.0529 253 471 511 708 2 0.0529 250 468 505 707 13 0.0528 188 463 453 720 0 0.0527 276 137 522 395 5 0.0525 269 133 518 390 10 0.0524 315 411 580 640 13 0.0524 214 416 565 594 11 0.0522 181 665 437 894 13 0.0520 387 529 651 772 13 0.0518 191 594 446 846 12 0.0515 314 468 578 706 6 0.0514 187 465 448 719 10 0.0513 256 604 514 837 3 0.0513 194 602 440 851 13 0.0510 252 531 523 777 6 0.0509 217 415 560 590 9 0.0509 274 530 644 715 8 0.0509 321 604 570 842 7 0.0508 251 663 513 901 8 0.0507 276 137 511 392 13 0.0505 74 548 319 776 5 0.0503 182 596 438 842 7 0.0500 76 547 313 770
NLXyV7yd8TADd0e0NhAMiXff6ozfWY9f,0 0.0577 262 607 523 853 11 0.0569 259 608 524 846 8 0.0555 263 608 514 849 11 0.0553 324 521 583 752 7 0.0551 271 604 528 849 0 0.0540 382 533 633 767 8 0.0539 322 519 572 754 5 0.0538 256 603 516 846 8 0.0535 6 0 254 206 10 0.0530 262 612 522 849 0 0.0530 566 602 816 845 0 0.0528 1 3 263 209 11 0.0519 1 1 266 202 7 0.0514 390 528 640 765 11 0.0508 562 608 818 839 5 0.0503 319 516 574 754
NCNJyBx5HoRHsp7pL1X5aMx26MO9VwaS,11 0.0634 314 330 587 565 5 0.0615 166 333 421 567 11 0.0612 252 391 511 626 11 0.0594 245 203 516 447 8 0.0589 210 1 572 149 11 0.0579 313 144 574 384 0 0.0569 206 0 583 151 11 0.0569 305 2 575 195 6 0.0568 317 1 579 195 0 0.0566 252 387 509 633 0 0.0564 246 202 508 454 0 0.0561 315 327 582 569 5 0.0560 182 202 438 442 11 0.0554 162 271 435 494 13 0.0554 315 0 582 196 0 0.0554 372 16 640 263 7 0.0550 252 199 512 452 6 0.0543 262 384 514 632 6 0.0541 186 347 573 531 8 0.0538 171 333 415 571 5 0.0537 198 0 583 147 7 0.0537 186 348 570 528 6 0.0537 251 204 513 455 5 0.0537 243 77 501 327 0 0.0535 310 79 567 319 10 0.0534 376 23 641 260 8 0.0531 377 13 631 259 11 0.0529 243 87 510 328 7 0.0526 261 388 512 636 11 0.0525 380 401 648 636 5 0.0525 250 381 509 633 0 0.0525 172 338 422 570 11 0.0524 393 267 660 504 0 0.0523 395 268 657 510 8 0.0523 181 204 435 450 8 0.0522 320 326 575 570 7 0.0521 315 0 578 197 3 0.0521 316 0 574 201 8 0.0521 196 83 441 321 3 0.0520 251 356 619 538 3 0.0519 248 203 510 458 8 0.0516 316 80 557 318 3 0.0516 256 86 505 336 11 0.0515 436 1 700 195 7 0.0513 435 540 704 768 11 0.0511 427 544 698 764 5 0.0510 102 401 372 643 7 0.0509 399 336 651 585 5 0.0508 367 10 637 258 10 0.0506 247 206 511 452 5 0.0505 183 9 442 249 8 0.0502 258 387 500 631 2 0.0500 310 4 570 195 5 0.0500 114 494 391 759
1wLLW2LD2tloNZPFmJOSTm59yqguOAib,11 0.0563 383 387 644 618 8 0.0539 377 450 619 682 8 0.0508 320 311 566 555
PvjozbcjXEuQvrcCgqqJhitXcdhjMTUp,5 0.0682 185 709 433 953 8 0.0660 191 785 433 1023 7 0.0652 188 713 437 955 0 0.0651 188 711 436 957 11 0.0633 191 789 438 1021 11 0.0622 334 671 700 850 6 0.0602 193 792 437 1023 7 0.0595 347 670 706 851 5 0.0587 332 668 695 849 13 0.0584 195 790 441 1023 10 0.0584 184 717 437 952 0 0.0577 340 670 703 855 10 0.0576 334 671 701 850 8 0.0559 340 670 691 850 3 0.0559 190 713 436 959 2 0.0557 193 791 437 1023 13 0.0557 340 670 712 852 3 0.0547 341 669 707 856 6 0.0544 343 671 707 851 9 0.0540 191 790 437 1022 12 0.0520 192 712 437 955 8 0.0515 0 221 231 443 1 0.0514 185 709 436 956 11 0.0511 234 402 495 630 8 0.0508 167 331 433 572 12 0.0507 344 668 704 850 8 0.0507 239 394 481 630 11 0.0507 0 217 240 440
YOooSSfnESBZO1Wd8gKi4hFYfZLsKe0l,0 0.0637 250 314 511 574 11 0.0633 243 466 498 715 6 0.0622 321 318 584 572 7 0.0617 272 406 632 593 5 0.0616 261 402 627 592 8 0.0612 192 390 434 644 0 0.0610 244 464 503 716 8 0.0608 321 391 561 643 11 0.0608 318 394 567 643 7 0.0606 247 460 505 713 8 0.0593 253 316 503 571 3 0.0592 321 315 581 577 10 0.0591 319 395 568 641 5 0.0590 241 459 497 713 8 0.0590 122 464 360 706 8 0.0589 240 207 497 446 13 0.0585 324 317 587 574 10 0.0581 243 471 501 715 3 0.0580 247 392 494 646 6 0.0575 250 393 497 641 11 0.0574 249 320 512 567 2 0.0573 244 470 496 716 7 0.0572 254 259 516 509 11 0.0570 186 391 442 643 0 0.0562 239 207 505 446 8 0.0560 244 467 494 713 6 0.0558 386 534 642 782 5 0.0555 186 385 437 642 0 0.0554 190 389 444 647 7 0.0553 192 323 452 577 7 0.0550 382 537 644 785 11 0.0546 111 523 367 761 10 0.0543 252 324 509 567 8 0.0543 119 589 369 831 6 0.0541 255 262 515 508 6 0.0541 315 467 572 716 11 0.0540 236 207 510 441 5 0.0538 377 526 637 781 5 0.0537 243 258 505 510 13 0.0533 319 468 574 720 13 0.0532 251 390 501 643 11 0.0529 373 536 639 781 13 0.0527 251 259 519 512 7 0.0523 127 462 374 704 10 0.0523 115 470 369 706 0 0.0522 113 520 363 768 3 0.0521 310 470 569 721 5 0.0520 117 459 361 707 2 0.0518 272 412 626 592 10 0.0515 374 540 641 783 3 0.0511 184 461 430 716 9 0.0510 241 461 496 709 13 0.0509 183 459 438 716 3 0.0508 250 263 512 516 1 0.0507 309 461 566 720 6 0.0507 121 392 386 635 8 0.0507 377 536 632 782 13 0.0507 383 537 644 785 12 0.0506 326 318 582 574 2 0.0505 191 396 436 646 0 0.0503 382 531 637 786 10 0.0501 187 397 440 647 6 0.0501 185 459 433 709 1 0.0500 267 401 629 593
pXzQ0P7kEyPrzi7YppKbq1cKkHyhSGMJ,11 0.0570 368 90 629 323 8 0.0567 374 87 617 322 0 0.0550 373 88 626 325 7 0.0544 320 652 568 883 5 0.0539 365 84 623 321 6 0.0532 375 91 632 320 3 0.0532 368 337 631 567 11 0.0532 641 398 895 628 3 0.0524 480 417 828 610 11 0.0522 469 417 828 605 8 0.0519 642 392 883 627 8 0.0516 366 336 624 565 3 0.0515 378 88 621 327 13 0.0505 371 340 638 565 0 0.0502 362 334 631 568
YvUk8cPYwBFcuqrucS9ixG8tzcOtY62O,11 0.0666 375 391 629 630 8 0.0658 129 204 372 452 8 0.0656 497 341 739 577 7 0.0612 263 415 625 603 8 0.0611 506 211 751 453 11 0.0610 497 345 746 574 11 0.0609 504 213 759 453 8 0.0608 329 146 573 376 0 0.0605 499 340 742 581 3 0.0603 261 416 622 609 8 0.0602 377 389 620 629 10 0.0595 499 349 747 574 0 0.0591 507 215 755 455 8 0.0589 447 141 689 368 5 0.0586 503 213 751 454 0 0.0586 375 387 623 631 11 0.0577 230 465 495 699 6 0.0575 382 388 629 628 5 0.0572 374 381 623 631 13 0.0569 502 343 751 576 6 0.0566 504 344 747 576 5 0.0563 246 266 507 516 5 0.0563 179 196 441 443 10 0.0562 379 390 628 631 8 0.0562 238 469 486 697 5 0.0561 231 455 490 697 5 0.0560 498 340 739 575 8 0.0560 252 274 498 517 5 0.0560 384 138 633 373 0 0.0555 180 203 442 444 3 0.0555 510 210 752 460 13 0.0549 251 273 518 523 7 0.0546 502 343 748 576 0 0.0543 328 145 580 381 13 0.0542 240 460 500 701 11 0.0539 387 142 642 370 8 0.0539 560 466 809 695 7 0.0537 253 204 509 456 13 0.0537 263 418 631 604 7 0.0536 236 460 497 699 3 0.0535 330 145 578 384 3 0.0535 502 342 743 582 2 0.0533 380 395 626 629 10 0.0532 504 216 754 453 6 0.0532 127 203 382 447 11 0.0531 122 205 380 447 8 0.0529 187 147 438 380 6 0.0529 328 144 583 377 7 0.0528 508 214 757 457 3 0.0524 249 210 507 459 5 0.0524 558 457 811 697 10 0.0524 181 206 444 443 2 0.0522 507 215 757 453 6 0.0521 253 273 511 518 10 0.0518 324 149 579 376 13 0.0518 181 202 452 446 13 0.0516 507 216 762 457 13 0.0514 329 143 587 376 9 0.0513 255 415 622 600 11 0.0513 244 277 507 520 0 0.0512 446 141 698 372 6 0.0511 565 468 820 698 2 0.0507 251 279 507 519 0 0.0507 557 464 815 701 0 0.0506 249 272 511 520 1 0.0503 247 203 505 457 2 0.0502 503 348 740 574 0 0.0501 231 461 494 700
B3rIWSMFRKjTzp85xzZK1s8VPy7Hq8B9,0 0.0628 127 0 388 205 11 0.0614 52 0 320 197 6 0.0608 56 1 323 199 8 0.0608 54 0 313 199 5 0.0603 122 0 385 201 5 0.0570 31 18 306 267 13 0.0569 57 0 326 201 0 0.0568 36 26 311 270 3 0.0555 57 0 318 203 11 0.0539 183 1 449 197 10 0.0537 52 4 316 201 11 0.0537 510 283 764 516 8 0.0536 186 0 441 201 8 0.0536 393 594 641 832 7 0.0527 56 0 321 201 5 0.0527 308 588 564 834 0 0.0524 511 280 758 519 0 0.0520 578 342 820 581 6 0.0520 4 79 234 327 2 0.0519 54 5 322 201 13 0.0510 188 0 454 203 8 0.0509 2 75 221 327 11 0.0509 576 344 818 575 13 0.0508 4 77 241 330 7 0.0506 318 593 572 843 1 0.0505 50 0 320 199 11 0.0505 0 84 233 326 6 0.0504 186 0 453 202 11 0.0504 388 598 649 830 6 0.0503 320 596 575 837 2 0.0501 0 84 234 326 13 0.0500 316 593 581 841
X6pO3QJBuO5VOCHpSxejk8O2065BKglP,8 0.0638 372 453 622 690 11 0.0628 365 457 624 690 0 0.0603 369 453 626 689 11 0.0600 369 608 622 844 5 0.0595 369 515 625 759 7 0.0590 381 527 630 764 11 0.0590 428 395 690 629 3 0.0584 433 395 688 638 8 0.0580 183 393 434 633 5 0.0576 425 391 684 629 7 0.0565 434 331 691 570 5 0.0561 176 388 443 628 3 0.0559 372 456 623 694 7 0.0558 312 453 569 692 13 0.0555 314 452 573 689 7 0.0554 181 393 446 633 10 0.0554 371 460 628 691 11 0.0553 175 395 443 630 7 0.0549 448 472 705 709 6 0.0547 380 526 633 762 5 0.0547 302 448 560 686 11 0.0539 260 222 512 462 11 0.0536 307 2 566 209 2 0.0535 378 529 625 761 5 0.0530 303 0 556 206 8 0.0526 314 1 558 207 8 0.0523 375 607 613 841 13 0.0522 184 394 450 635 13 0.0520 435 394 698 634 6 0.0517 432 392 694 631 3 0.0515 182 396 445 636 10 0.0513 433 398 690 633 0 0.0510 562 7 826 242 9 0.0510 372 524 623 752 6 0.0509 265 224 515 466 11 0.0509 70 329 341 551 13 0.0506 377 524 634 763 2 0.0504 313 459 565 691 2 0.0504 432 398 688 628 5 0.0503 73 320 331 551 6 0.0503 77 333 339 557 5 0.0501 259 218 504 457 8 0.0501 268 220 499 466
KBseDZXWMKGZAV4W9ZBJtZKHGtjbL2x9,5 0.0615 502 798 759 1020 5 0.0601 453 713 702 953 8 0.0586 441 592 680 817 5 0.0586 438 588 687 815 11 0.0581 435 593 689 814 5 0.0570 374 782 630 1019 7 0.0569 452 793 713 1023 0 0.0564 388 584 627 830 11 0.0564 447 795 707 1015 5 0.0562 383 648 634 895 7 0.0554 390 584 630 830 8 0.0550 450 788 699 1022 6 0.0550 390 582 627 828 5 0.0545 317 501 565 728 5 0.0544 313 209 574 444 11 0.0540 315 218 580 445 8 0.0540 386 653 631 899 11 0.0539 378 655 639 897 3 0.0538 453 789 708 1023 3 0.0538 392 586 622 833 0 0.0537 307 643 580 895 0 0.0537 317 212 576 447 3 0.0533 445 662 703 902 6 0.0530 311 643 579 892 13 0.0526 385 712 634 963 10 0.0523 380 789 636 1020 7 0.0522 441 664 709 901 6 0.0513 382 712 629 961 8 0.0511 319 788 565 1021 11 0.0510 317 792 577 1022 11 0.0508 496 144 754 369 2 0.0508 443 599 694 820 5 0.0506 496 139 749 371 13 0.0502 255 210 515 449 8 0.0501 319 215 567 446 0 0.0500 381 712 626 961
rHTSLZZc0HEvrLpy7TxtLGsEzZvvB9Yv,8 0.0650 365 448 609 696 0 0.0619 432 457 682 712 8 0.0601 503 463 756 705 8 0.0593 438 517 685 763 0 0.0593 587 408 836 654 11 0.0578 428 460 683 707 11 0.0577 454 271 707 503 0 0.0576 637 345 897 577 5 0.0559 498 459 755 703 8 0.0558 450 264 700 509 11 0.0556 437 583 694 828 7 0.0553 370 449 617 702 5 0.0550 360 446 610 699 7 0.0549 588 404 840 650 8 0.0549 587 402 833 650 11 0.0546 582 408 837 647 5 0.0546 369 266 640 502 11 0.0545 633 346 897 578 6 0.0541 645 344 900 576 6 0.0541 458 272 714 508 3 0.0540 436 460 683 716 13 0.0539 368 449 620 701 6 0.0537 368 448 618 697 6 0.0533 592 406 842 648 7 0.0532 457 266 710 511 3 0.0532 591 461 833 708 5 0.0531 439 579 688 830 6 0.0530 504 465 763 704 8 0.0527 428 668 681 903 13 0.0527 504 465 767 704 8 0.0526 640 343 894 579 2 0.0524 443 524 690 765 5 0.0522 579 400 836 648 13 0.0520 453 269 717 507 7 0.0516 505 463 764 706 2 0.0516 452 276 705 509 3 0.0512 447 585 689 840 5 0.0511 209 352 569 527 0 0.0510 440 582 690 832 3 0.0509 453 269 710 514 7 0.0508 441 517 692 766 0 0.0507 452 270 706 509 6 0.0507 445 585 696 832 13 0.0506 444 582 699 835 11 0.0505 368 662 623 897 9 0.0503 444 273 708 499 2 0.0503 367 455 613 701 10 0.0502 244 348 506 577 11 0.0501 583 214 846 438
sg1BQF8yEXeMghtTcguV2qwQ8jjolJMA,11 0.0573 427 203 691 440 11 0.0554 6 736 245 973 8 0.0543 443 337 693 581 8 0.0543 334 284 688 466 0 0.0542 365 205 630 431 0 0.0540 8 733 243 978 11 0.0530 443 340 701 581 0 0.0529 446 340 697 584 6 0.0521 372 205 634 433 5 0.0520 364 265 632 504 7 0.0506 573 149 818 390 13 0.0503 342 288 709 470 5 0.0503 487 198 748 442 3 0.0501 495 146 747 394
nySV9VgF8dW4vkSZQdOvi9eJJKmynO6w,11 0.0636 556 395 803 625 11 0.0618 441 403 694 642 5 0.0617 709 404 943 645 11 0.0617 628 473 873 715 11 0.0614 711 409 942 643 11 0.0597 383 277 643 520 10 0.0594 382 355 637 585 8 0.0594 461 267 704 503 0 0.0592 627 470 871 724 13 0.0584 383 351 644 591 8 0.0578 628 472 868 719 5 0.0576 552 390 802 625 11 0.0575 561 535 813 782 7 0.0573 572 333 829 555 8 0.0571 388 201 641 453 11 0.0570 0 798 245 1021 0 0.0568 559 395 802 630 3 0.0567 559 395 804 631 0 0.0565 561 534 813 789 5 0.0557 627 466 870 718 6 0.0556 557 398 806 628 5 0.0555 374 348 634 586 3 0.0553 459 270 706 510 0 0.0550 718 411 940 647 7 0.0550 715 408 950 648 0 0.0549 387 270 642 525 6 0.0548 446 350 700 578 13 0.0548 627 471 881 723 8 0.0548 561 536 808 783 10 0.0548 554 399 804 624 8 0.0547 715 408 936 641 7 0.0546 447 349 703 579 6 0.0545 631 472 877 719 8 0.0542 555 396 796 626 3 0.0541 633 470 873 725 11 0.0541 369 476 619 712 0 0.0541 445 348 703 579 6 0.0538 391 275 641 522 3 0.0536 445 403 699 650 7 0.0535 628 468 874 724 8 0.0531 0 795 237 1023 0 0.0530 0 797 245 1023 8 0.0529 371 473 611 713 13 0.0528 0 796 249 1023 11 0.0527 307 738 566 969 13 0.0526 384 202 654 454 13 0.0526 503 339 762 566 10 0.0523 372 480 622 708 5 0.0523 0 795 239 1022 10 0.0518 711 415 943 645 6 0.0518 209 671 561 853 11 0.0517 511 279 762 491 5 0.0516 450 269 707 501 10 0.0515 629 477 875 718 3 0.0515 568 537 816 790 5 0.0514 377 200 644 445 10 0.0514 381 209 648 448 10 0.0512 456 273 711 501 2 0.0512 558 399 803 627 7 0.0509 372 469 625 714 5 0.0508 362 467 621 712 2 0.0508 443 408 697 645 3 0.0508 712 411 941 651 8 0.0507 206 670 545 858 3 0.0504 362 612 619 855 6 0.0504 309 733 570 965 7 0.0503 391 202 648 452 9 0.0503 710 410 947 640 9 0.0502 552 393 805 623 11 0.0501 354 614 620 849 3 0.0500 371 473 619 717
cMFjvS9g5k4X7xqV5bFCskAJhNZzQbJh,0 0.0657 82 869 444 1023 8 0.0646 85 867 435 1022 7 0.0645 118 790 366 1023 5 0.0639 115 788 362 1022 8 0.0620 870 336 1021 705 11 0.0590 116 791 364 1020 11 0.0582 869 345 1023 700 0 0.0574 762 13 1004 261 10 0.0564 117 796 364 1023 6 0.0563 869 418 1023 780 5 0.0557 764 8 1008 257 0 0.0546 871 344 1023 703 13 0.0545 871 341 1023 704 7 0.0543 238 590 498 823 11 0.0542 227 595 494 822 0 0.0536 234 592 498 827 8 0.0531 8 798 359 980 10 0.0530 870 347 1023 698 5 0.0527 867 332 1021 701 8 0.0527 768 9 998 256 6 0.0524 121 795 366 1022 8 0.0522 233 594 482 819 11 0.0522 107 528 376 751 10 0.0512 230 596 492 819 9 0.0510 119 793 364 1021 2 0.0506 83 872 445 1023 13 0.0505 121 794 370 1023 3 0.0505 121 792 365 1023 7 0.0505 872 343 1023 703
ypBDKcDzabmbMbIoNxSq8Vj8rSw0Pi8L,8 0.0740 515 333 761 584 8 0.0632 503 209 750 452 11 0.0612 514 401 761 643 0 0.0610 512 337 771 588 7 0.0596 520 329 773 588 3 0.0595 516 271 769 529 2 0.0594 514 280 766 521 5 0.0592 511 396 757 642 11 0.0587 512 276 771 519 8 0.0585 246 207 495 439 5 0.0577 244 204 505 441 10 0.0571 517 404 761 644 5 0.0569 497 145 748 384 0 0.0568 502 213 756 453 6 0.0567 581 215 838 449 3 0.0566 525 397 759 650 5 0.0565 510 269 764 521 11 0.0564 572 217 834 446 0 0.0563 243 208 510 442 11 0.0561 497 148 753 384 10 0.0556 511 277 769 519 13 0.0554 517 403 765 641 5 0.0552 570 210 828 450 7 0.0549 507 207 758 454 8 0.0543 259 346 494 599 5 0.0540 563 11 822 258 9 0.0540 513 273 772 515 2 0.0539 503 157 751 385 11 0.0535 259 275 510 515 13 0.0533 513 271 774 518 0 0.0532 504 81 756 321 0 0.0532 633 236 895 454 6 0.0531 517 399 765 646 6 0.0531 516 273 774 520 9 0.0530 497 151 754 383 8 0.0527 569 15 815 264 6 0.0527 502 151 756 386 11 0.0525 562 11 820 260 3 0.0523 504 152 751 393 8 0.0522 567 149 828 386 8 0.0521 503 75 750 324 6 0.0520 648 96 907 330 6 0.0520 571 15 824 261 0 0.0518 567 149 840 387 10 0.0516 241 214 504 441 0 0.0516 261 347 506 600 3 0.0514 578 216 836 458 7 0.0514 251 205 510 440 10 0.0514 499 156 751 388 0 0.0514 566 17 820 260 2 0.0512 519 409 760 646 7 0.0512 568 14 823 263 13 0.0506 264 277 513 518 3 0.0506 571 15 824 271 11 0.0501 636 101 906 324
lRNlNqBRL0wWVpW02yiHrb8VanL8T3k4,11 0.0647 434 409 696 643 0 0.0629 503 403 762 645 8 0.0628 503 405 757 645 8 0.0616 379 405 631 644 11 0.0604 571 397 831 647 6 0.0603 439 406 695 645 7 0.0601 441 407 700 644 3 0.0598 383 406 637 645 5 0.0596 433 404 691 642 11 0.0594 370 468 636 705 13 0.0585 439 408 701 647 5 0.0578 565 396 825 648 8 0.0572 311 528 561 764 0 0.0572 579 273 823 508 13 0.0571 575 400 837 649 3 0.0569 375 529 637 774 5 0.0568 366 463 632 709 13 0.0567 372 468 642 712 7 0.0560 573 398 831 649 10 0.0560 433 409 697 643 2 0.0557 439 407 696 642 3 0.0553 505 406 759 649 0 0.0552 377 403 637 644 5 0.0552 232 638 501 886 6 0.0551 574 397 832 649 7 0.0549 378 527 642 772 0 0.0548 312 528 569 764 6 0.0536 365 793 623 1023 8 0.0535 238 709 492 958 11 0.0534 237 713 498 961 12 0.0530 439 405 697 644 11 0.0525 357 798 621 1021 10 0.0516 558 464 820 710 3 0.0515 243 649 498 892 2 0.0515 312 534 572 766 0 0.0513 364 791 620 1023 9 0.0513 434 405 693 639 6 0.0509 242 713 504 958 2 0.0507 575 400 829 647 3 0.0506 365 792 618 1023 13 0.0505 369 790 627 1023 5 0.0501 351 786 614 1020 7 0.0501 363 788 625 1023
owMxlgnVAVWrGAoAbK972mB3JQ4RZdSl,11 0.0603 377 19 646 249 0 0.0573 309 9 574 256 8 0.0567 381 16 633 249 11 0.0565 251 20 515 261 8 0.0548 258 18 506 261 7 0.0547 389 524 634 756 11 0.0540 383 141 643 380 10 0.0539 370 4 640 189 8 0.0538 384 136 633 385 11 0.0537 245 526 501 757 7 0.0537 257 66 508 314 5 0.0528 374 12 637 251 0 0.0527 381 68 639 312 6 0.0523 386 70 647 308 7 0.0519 388 67 645 310 11 0.0515 308 590 582 827 6 0.0515 314 15 577 255 11 0.0504 106 588 375 814 0 0.0503 249 523 500 762 11 0.0503 380 526 631 752 13 0.0503 255 68 514 316 7 0.0501 375 0 642 194
9YHvMPBMvH3d2j47XZWKaCyy3VzA2PKl,8 0.0565 502 215 750 447 5 0.0558 116 652 381 885 11 0.0542 119 659 384 883 11 0.0522 289 538 564 761 13 0.0514 180 660 449 886 8 0.0507 175 659 438 885 6 0.0506 451 216 708 448 8 0.0505 242 602 501 826 11 0.0504 228 664 506 879 7 0.0501 125 654 388 888
HZt70Bt8DlYhhzpQxkSG2SG3Ge2B990J,11 0.0593 121 792 382 1019 0 0.0581 116 791 382 1023 11 0.0567 253 334 515 554 7 0.0567 260 328 520 559 11 0.0546 171 271 439 496 0 0.0542 172 269 435 501 13 0.0541 864 410 1023 760 0 0.0540 861 410 1023 767 5 0.0539 117 786 378 1021 6 0.0536 392 325 643 555 0 0.0534 176 159 438 393 0 0.0532 251 328 516 563 7 0.0531 125 791 383 1023 8 0.0528 259 330 507 558 11 0.0527 755 468 1007 699 11 0.0525 175 162 443 390 7 0.0524 177 265 441 497 10 0.0524 124 800 376 1019 0 0.0523 696 527 948 772 5 0.0521 853 414 1021 759 8 0.0520 862 408 1016 759 5 0.0520 249 323 515 551 8 0.0520 129 796 372 1023 3 0.0517 260 331 517 565 13 0.0516 126 794 390 1023 7 0.0515 393 392 647 625 11 0.0510 386 397 640 623 8 0.0510 696 523 941 770 11 0.0503 693 523 950 766 5 0.0502 169 262 433 495
cRb9asXlT12kWJjfBK1ED93oWWN04xLB,8 0.0648 512 453 762 697 5 0.0644 189 325 444 567 0 0.0640 502 597 762 835 8 0.0625 566 612 818 846 7 0.0624 458 385 709 630 0 0.0623 580 542 834 790 11 0.0607 511 455 764 695 11 0.0607 452 329 702 571 0 0.0596 511 457 766 698 8 0.0596 511 328 760 572 8 0.0595 326 389 576 633 5 0.0594 564 609 818 843 7 0.0591 378 528 627 769 11 0.0589 319 331 585 574 11 0.0589 500 596 760 832 0 0.0588 513 333 764 571 0 0.0587 559 667 824 920 0 0.0585 452 389 703 634 11 0.0585 132 341 389 575 11 0.0583 580 540 833 782 7 0.0582 570 613 829 846 6 0.0581 139 341 393 574 7 0.0580 515 452 770 698 13 0.0580 583 541 835 788 11 0.0580 260 393 524 641 0 0.0579 381 448 641 702 2 0.0579 567 614 823 848 8 0.0578 387 328 638 572 5 0.0578 507 451 760 696 5 0.0577 111 268 369 508 5 0.0576 322 442 580 697 8 0.0574 436 599 689 829 5 0.0574 316 326 576 577 10 0.0573 456 331 702 574 5 0.0572 451 381 703 629 7 0.0572 330 391 590 634 5 0.0570 433 593 691 829 6 0.0566 370 597 630 832 11 0.0566 181 273 448 505 5 0.0564 255 266 509 508 5 0.0563 494 664 764 912 10 0.0559 580 541 832 786 0 0.0559 385 328 643 573 6 0.0558 567 615 825 847 6 0.0557 325 268 577 511 13 0.0556 384 385 651 633 6 0.0556 514 454 769 699 10 0.0555 511 456 764 698 11 0.0553 389 266 646 499 6 0.0551 456 387 710 632 6 0.0550 391 327 647 569 8 0.0550 502 666 761 918 7 0.0549 440 594 700 830 10 0.0547 322 337 578 577 2 0.0547 457 391 705 632 10 0.0546 501 594 762 836 3 0.0546 517 330 764 575 9 0.0543 564 612 822 842 5 0.0542 306 645 568 887 7 0.0541 500 667 776 918 3 0.0540 506 597 763 840 3 0.0540 330 390 584 635 11 0.0540 379 0 637 199 13 0.0540 514 330 771 570 11 0.0539 365 598 624 830 11 0.0539 559 674 823 915 13 0.0538 506 598 764 837 10 0.0536 373 534 625 768 7 0.0536 452 271 705 509 8 0.0535 372 529 615 770 7 0.0533 269 329 519 572 0 0.0533 267 326 521 573 2 0.0531 515 458 765 695 9 0.0531 441 450 705 688 13 0.0531 515 455 773 699 8 0.0530 270 328 508 573 13 0.0529 380 530 630 770 7 0.0528 137 342 387 577
1fi4XQrblWa0zaYknb19Mo3o11B6pnxW,5 0.0676 190 392 434 637 0 0.0655 642 416 905 653 11 0.0619 193 400 439 637 7 0.0619 196 394 438 636 7 0.0612 132 278 391 501 11 0.0606 632 354 889 573 5 0.0603 640 410 906 646 8 0.0595 568 213 829 435 6 0.0591 639 354 891 571 0 0.0587 565 280 827 503 8 0.0583 636 351 881 574 3 0.0570 638 356 886 578 3 0.0566 134 348 379 583 0 0.0564 131 346 381 574 7 0.0563 633 353 888 573 11 0.0555 564 282 832 499 7 0.0550 65 346 340 572 6 0.0550 68 351 341 575 6 0.0547 198 401 440 641 5 0.0545 561 271 827 500 10 0.0543 194 407 438 638 8 0.0542 193 398 427 637 13 0.0542 196 400 442 641 10 0.0541 630 356 887 570 3 0.0536 571 280 830 506 5 0.0536 561 141 839 361 2 0.0532 649 421 905 649 10 0.0531 131 354 386 574 8 0.0529 568 80 817 307 13 0.0528 572 281 837 504 13 0.0520 66 354 348 573 0 0.0519 185 221 430 447 7 0.0518 569 277 832 503 2 0.0518 57 355 333 575 13 0.0516 638 356 895 573 0 0.0516 566 146 843 369 10 0.0514 562 283 833 503 5 0.0513 170 215 429 440 11 0.0511 564 83 824 302 6 0.0509 574 280 834 499 7 0.0509 450 257 707 491 8 0.0502 125 810 361 1012
89jErvxxE1rxBKnDoAYD12exyELelZ1A,8 0.0563 441 328 674 568 0 0.0552 79 1 435 147 8 0.0546 82 0 421 144 7 0.0542 443 330 682 567 0 0.0535 438 333 685 571 8 0.0522 380 450 606 685 13 0.0521 382 451 619 684 13 0.0517 444 329 691 565 3 0.0514 445 337 676 571 0 0.0513 374 450 616 686 5 0.0513 73 0 426 144 13 0.0507 85 1 448 145 5 0.0506 237 385 497 626 11 0.0502 375 453 613 681
ZMH7KCq5h6AsfuVtPWhlBsTRNsc9RWgt,8 0.0621 490 18 747 254 13 0.0618 558 10 823 245 8 0.0613 510 667 759 905 0 0.0611 385 540 646 770 11 0.0602 236 215 516 454 5 0.0599 503 661 758 903 7 0.0599 492 17 763 251 3 0.0597 495 17 761 260 11 0.0594 181 399 435 641 11 0.0585 274 549 649 727 7 0.0577 390 537 648 769 8 0.0576 376 594 633 835 5 0.0576 169 520 442 779 11 0.0576 502 667 763 902 7 0.0574 513 663 769 903 5 0.0573 313 523 580 756 8 0.0572 281 549 635 727 0 0.0565 177 525 447 785 5 0.0563 371 591 640 834 5 0.0563 400 67 679 309 11 0.0562 371 599 641 832 13 0.0560 184 459 443 713 11 0.0559 247 332 504 575 8 0.0557 180 458 430 714 3 0.0557 281 550 648 732 13 0.0556 320 529 584 758 0 0.0556 310 586 584 836 5 0.0556 481 14 749 248 8 0.0552 246 211 503 458 7 0.0550 189 588 446 846 0 0.0550 185 398 434 645 0 0.0549 264 486 623 662 6 0.0547 410 77 686 310 6 0.0546 377 597 642 835 6 0.0546 496 20 756 251 5 0.0544 181 394 429 642 5 0.0543 179 272 437 517 0 0.0543 555 12 814 245 10 0.0537 491 21 756 246 8 0.0536 404 79 673 312 11 0.0534 488 20 755 252 0 0.0533 429 668 706 910 7 0.0532 312 585 587 838 7 0.0532 267 483 632 663 13 0.0531 380 596 644 839 13 0.0530 249 208 521 457 13 0.0529 515 664 769 907 13 0.0527 495 89 767 314 10 0.0526 509 669 766 904 13 0.0525 256 391 510 640 3 0.0523 414 77 686 322 3 0.0523 509 668 763 912 3 0.0523 179 463 439 722 11 0.0523 183 141 457 379 8 0.0523 185 274 436 523 3 0.0522 375 598 641 842 6 0.0521 285 548 653 730 9 0.0519 275 551 650 727 5 0.0517 236 208 509 456 0 0.0516 111 461 371 720 8 0.0515 258 389 497 636 8 0.0515 565 74 813 303 5 0.0515 561 74 813 300 11 0.0514 242 583 516 829 11 0.0514 168 524 443 776 3 0.0513 251 330 503 582 6 0.0511 189 207 461 458 7 0.0510 413 76 689 314 13 0.0510 189 274 452 522 6 0.0508 190 593 446 846 0 0.0507 249 323 503 579 7 0.0505 188 273 446 523 6 0.0505 188 401 440 645 8 0.0504 192 137 449 380 3 0.0504 572 75 825 314 7 0.0503 245 207 518 460 7 0.0502 182 456 443 714 2 0.0501 377 602 640 836
KYfx0WoOg3QhfDFGlTQmrtbU1xlck6y2,11 0.0541 369 465 638 696 8 0.0531 417 678 772 864 8 0.0514 425 519 678 757 11 0.0508 552 606 814 844 0 0.0507 482 542 744 769
Drswf7eN3TvF5SIa01oNMtVy1uN2skgJ,11 0.0585 445 526 711 765 0 0.0581 507 524 764 775 5 0.0579 505 520 759 770 8 0.0579 510 522 761 773 6 0.0567 452 526 720 768 11 0.0567 374 596 642 834 7 0.0561 513 522 770 775 3 0.0561 454 523 713 774 6 0.0535 384 593 647 835 10 0.0531 509 526 770 774 0 0.0528 378 594 641 834 11 0.0525 241 527 503 762 13 0.0522 453 523 719 767 8 0.0517 381 523 644 758 7 0.0509 384 521 655 762 5 0.0507 374 588 640 830 3 0.0506 383 594 643 842 13 0.0502 275 539 648 719 6 0.0501 312 522 575 766 5 0.0500 240 520 502 758
XuvPbgV8clVE7ihD2dXXc8K3PkKNHDHP,5 0.0595 439 781 699 1021 11 0.0594 431 675 705 907 8 0.0584 447 723 701 973 5 0.0581 308 771 571 1023 8 0.0578 314 777 567 1020 11 0.0578 321 282 591 504 6 0.0576 334 211 594 445 6 0.0568 378 660 643 901 7 0.0568 315 777 578 1023 8 0.0567 324 147 577 386 5 0.0565 322 272 584 503 11 0.0562 441 783 704 1018 7 0.0561 376 656 643 906 0 0.0560 327 272 587 509 11 0.0556 245 782 509 1021 8 0.0556 374 658 634 903 6 0.0555 316 775 578 1021 13 0.0552 318 776 584 1023 8 0.0548 244 647 506 890 7 0.0546 330 274 592 507 5 0.0541 320 147 580 377 0 0.0539 433 675 705 911 5 0.0539 176 779 443 1020 3 0.0537 450 722 710 976 8 0.0534 180 790 439 1023 11 0.0534 319 154 589 379 0 0.0533 442 786 707 1023 13 0.0533 238 719 508 965 0 0.0532 325 151 584 382 3 0.0527 316 776 571 1023 5 0.0527 432 673 699 907 6 0.0527 448 786 709 1019 8 0.0526 326 271 582 507 13 0.0523 333 212 596 449 7 0.0522 445 779 712 1022 5 0.0519 254 197 512 439 3 0.0517 331 211 590 451 3 0.0517 379 658 641 912 13 0.0517 255 141 529 385 6 0.0516 244 651 516 887 0 0.0514 244 778 508 1022 6 0.0513 262 270 517 507 2 0.0507 300 717 561 965 7 0.0506 261 199 522 444 7 0.0506 245 647 512 889 7 0.0502 184 784 452 1022 10 0.0500 245 782 508 1020 0 0.0500 238 653 509 892
XOaUs78WpEiT3bicJ3W2CnoV45B9QSoF,7 0.0618 445 720 705 961 0 0.0592 470 662 831 859 8 0.0584 501 723 741 965 11 0.0580 434 595 700 831 11 0.0560 499 527 756 755 0 0.0558 498 527 756 758 0 0.0543 499 723 751 973 11 0.0542 433 725 701 960 3 0.0540 184 473 454 714 5 0.0539 492 720 743 964 5 0.0538 488 586 743 822 7 0.0534 381 532 635 773 11 0.0533 373 534 630 771 5 0.0532 152 667 492 845 6 0.0532 439 595 703 831 3 0.0528 439 660 703 904 0 0.0528 380 664 640 904 0 0.0526 133 405 387 637 5 0.0526 383 724 637 967 7 0.0525 496 591 754 823 10 0.0524 488 592 748 825 7 0.0522 443 461 702 712 3 0.0519 137 405 389 641 0 0.0517 181 469 456 715 11 0.0516 219 736 583 912 8 0.0516 157 668 492 850 5 0.0513 174 470 446 705 0 0.0511 376 533 634 775 8 0.0509 490 591 742 824 10 0.0508 437 722 700 963 3 0.0505 392 729 640 976 10 0.0504 504 472 763 710 5 0.0503 566 463 819 697 8 0.0502 182 467 442 713 5 0.0501 126 399 383 634 7 0.0501 332 726 594 969 0 0.0500 157 671 503 852
2wu9WL3KU4EYdB9Eg1UG3icbzYBn40kU,11 0.0621 427 18 693 245 3 0.0592 440 16 691 254 8 0.0591 250 59 495 310 5 0.0590 243 51 504 308 7 0.0589 437 20 693 248 0 0.0585 249 194 502 444 8 0.0584 573 397 812 643 8 0.0571 314 199 562 444 0 0.0565 248 54 498 311 13 0.0563 251 55 513 311 0 0.0558 504 396 752 655 5 0.0552 245 193 500 439 5 0.0551 567 391 810 644 8 0.0548 333 291 680 476 7 0.0547 253 195 509 441 0 0.0547 431 15 692 247 7 0.0544 254 53 505 310 5 0.0542 431 11 688 243 11 0.0541 177 145 434 385 11 0.0540 248 198 505 439 11 0.0539 248 60 503 308 11 0.0539 571 396 817 643 11 0.0537 639 319 888 553 8 0.0536 645 317 882 555 13 0.0536 315 193 579 450 0 0.0535 330 287 688 478 0 0.0534 180 144 433 387 8 0.0531 252 279 490 522 8 0.0529 432 17 686 248 5 0.0529 177 138 434 382 3 0.0528 253 57 503 317 13 0.0525 503 394 760 655 10 0.0524 251 66 501 308 5 0.0523 322 286 680 475 7 0.0522 507 392 756 658 13 0.0519 199 294 448 539 5 0.0519 633 314 889 557 11 0.0517 189 296 444 539 13 0.0517 438 21 698 248 7 0.0516 339 290 697 476 10 0.0514 434 20 696 247 11 0.0513 330 290 692 473 8 0.0506 187 144 423 389 6 0.0503 436 17 696 245 6 0.0502 507 395 758 654 0 0.0501 643 321 891 563
ORuyC2nTNkHEM2bOtdQH4OtzHgU6UUl8,8 0.0631 1 735 239 968 0 0.0621 0 677 247 910 11 0.0598 0 681 248 904 5 0.0585 381 596 638 837 7 0.0584 311 607 579 849 11 0.0568 307 611 577 846 8 0.0568 72 681 307 918 10 0.0546 5 681 243 907 11 0.0545 374 532 629 766 13 0.0542 0 741 247 969 0 0.0541 385 598 639 844 2 0.0539 384 600 645 844 6 0.0534 313 611 577 845 5 0.0534 0 737 243 967 7 0.0526 1 734 242 969 5 0.0526 739 0 998 237 0 0.0524 305 780 550 1017 5 0.0522 441 521 685 760 8 0.0517 307 608 570 850 13 0.0515 383 535 636 771 8 0.0515 55 94 312 330 11 0.0513 454 470 701 709 13 0.0512 71 689 320 921 11 0.0509 379 272 643 500 3 0.0506 5 737 244 970 11 0.0502 642 677 931 902 6 0.0502 5 739 248 964
ujzltHe9DC6EI8YLjDREMPYMwdAyDccJ,7 0.0641 199 655 447 882 8 0.0634 314 788 549 1023 7 0.0624 249 788 490 1021 5 0.0615 243 788 484 1021 0 0.0611 195 656 444 885 8 0.0610 195 658 435 883 5 0.0603 188 658 440 879 0 0.0594 312 790 555 1023 0 0.0585 260 713 502 964 11 0.0578 310 793 555 1020 13 0.0575 248 790 492 1023 10 0.0571 192 660 446 883 11 0.0568 249 468 504 703 11 0.0568 192 661 446 881 6 0.0567 314 794 558 1023 8 0.0567 262 717 498 959 8 0.0565 183 540 431 766 6 0.0554 261 717 508 958 11 0.0545 258 720 503 957 0 0.0532 320 194 575 425 10 0.0528 258 721 503 958 13 0.0525 195 719 444 954 3 0.0519 314 792 557 1023 3 0.0518 196 718 435 959 0 0.0513 186 537 440 771 11 0.0513 181 542 441 767 6 0.0513 196 660 446 883 7 0.0509 189 535 447 769 6 0.0505 252 421 505 654 2 0.0503 246 791 489 1023 8 0.0501 250 468 492 700
pCM40RUwnKa45ENTi42oz2mZZ93qE25X,5 0.0655 170 453 439 692 11 0.0636 293 523 567 755 0 0.0608 178 330 437 577 11 0.0605 261 327 515 561 5 0.0602 229 520 500 758 11 0.0601 170 525 434 757 5 0.0601 260 326 508 567 8 0.0595 305 466 557 707 8 0.0593 232 527 496 760 6 0.0593 316 403 581 635 3 0.0592 232 528 500 764 8 0.0588 264 326 503 566 11 0.0586 314 401 577 630 11 0.0583 225 588 502 822 3 0.0583 303 465 561 710 6 0.0582 180 458 441 699 0 0.0580 261 266 522 499 8 0.0577 182 398 433 648 3 0.0576 264 330 512 569 6 0.0575 234 524 502 763 11 0.0573 175 400 439 640 7 0.0571 235 523 506 762 0 0.0569 316 402 577 633 7 0.0568 307 462 568 708 3 0.0564 181 399 441 650 7 0.0562 180 456 444 698 11 0.0560 357 584 630 817 6 0.0559 325 547 688 725 8 0.0559 172 581 424 822 8 0.0553 298 583 562 822 5 0.0552 250 198 506 437 7 0.0548 331 325 589 572 6 0.0547 266 332 515 567 13 0.0545 264 329 517 567 10 0.0543 230 528 503 761 0 0.0541 178 460 442 695 5 0.0541 112 516 373 760 11 0.0539 245 202 521 434 7 0.0536 172 576 435 826 0 0.0534 297 522 566 756 7 0.0531 302 579 573 826 9 0.0530 297 465 560 700 13 0.0529 318 400 585 634 5 0.0528 314 545 684 723 13 0.0527 184 398 445 646 10 0.0526 302 467 564 707 13 0.0525 303 522 571 760 8 0.0522 437 0 688 198 3 0.0522 442 0 694 205 3 0.0518 177 581 426 829 3 0.0517 376 527 637 761 11 0.0516 318 258 593 489 3 0.0513 299 583 565 827 7 0.0513 380 523 644 762 7 0.0512 183 324 440 580 11 0.0512 491 594 757 821 10 0.0511 262 334 512 564 11 0.0510 422 667 688 891 10 0.0508 173 464 439 695 0 0.0507 429 593 680 832 7 0.0506 268 260 528 502 12 0.0506 180 460 439 698 13 0.0506 183 522 439 761 0 0.0506 436 0 697 202 8 0.0505 570 674 816 893 1 0.0505 298 456 561 708 11 0.0503 171 256 439 499 7 0.0503 462 341 709 592
POrEDOTZLvf2sRCdwrkOLMleZKNH6jXX,5 0.0655 238 793 507 1016 11 0.0638 318 268 566 509 13 0.0602 323 266 571 510 3 0.0590 322 264 565 514 5 0.0589 509 457 760 710 5 0.0586 306 601 563 855 0 0.0584 510 462 765 710 7 0.0583 324 262 568 510 11 0.0576 510 462 765 709 5 0.0575 316 260 565 504 6 0.0575 318 200 568 436 11 0.0571 243 797 514 1021 10 0.0565 317 204 564 437 5 0.0560 363 778 638 1018 2 0.0558 513 465 764 710 11 0.0558 237 204 495 439 11 0.0557 369 789 639 1021 8 0.0557 323 266 562 508 0 0.0556 243 792 515 1023 7 0.0555 316 610 574 859 11 0.0554 310 137 570 367 0 0.0551 307 664 568 913 0 0.0550 320 263 568 510 2 0.0546 323 269 564 508 11 0.0544 308 669 569 906 8 0.0542 250 788 504 1023 13 0.0542 254 794 520 1023 1 0.0541 320 259 563 511 0 0.0534 126 802 397 1023 7 0.0532 517 458 768 711 8 0.0531 514 458 756 710 0 0.0527 372 787 644 1023 6 0.0525 514 461 768 709 8 0.0523 131 799 389 1023 5 0.0522 309 130 565 365 5 0.0521 123 800 390 1017 12 0.0520 324 263 566 512 9 0.0520 318 266 564 503 13 0.0519 517 458 766 709 0 0.0517 183 271 437 516 2 0.0516 313 619 571 864 6 0.0515 246 796 517 1022 0 0.0513 314 136 568 372 11 0.0509 386 610 639 859 11 0.0508 123 804 395 1020 6 0.0506 255 257 505 499 7 0.0506 432 789 704 1023 0 0.0506 433 682 687 911 6 0.0506 125 802 395 1019
kvCHjSb0zQKR4wwWzxzzEqRoEx8uCH6W,8 0.0585 98 447 349 687 7 0.0540 178 387 426 636 5 0.0537 166 380 421 631 5 0.0536 248 251 505 502 8 0.0515 172 389 415 634 0 0.0515 186 8 444 245 11 0.0515 499 459 752 694 11 0.0509 168 394 427 633 0 0.0509 500 460 748 697 11 0.0505 186 10 443 239 7 0.0502 250 320 512 566 5 0.0502 94 443 353 687
oUYpFsnJvQNgl3tT8U0mwFSPtShm7c7b,5 0.0636 576 577 832 814 5 0.0568 568 461 812 702 11 0.0565 572 520 825 758 8 0.0557 576 519 820 758 0 0.0554 573 468 817 704 8 0.0549 503 458 745 698 5 0.0548 496 516 749 766 7 0.0542 578 521 829 764 0 0.0542 703 536 948 764 3 0.0542 433 388 689 640 7 0.0537 507 457 754 704 10 0.0535 502 460 750 704 13 0.0532 505 523 760 769 6 0.0531 577 465 819 702 11 0.0522 503 460 753 702 13 0.0522 585 586 841 819 5 0.0520 423 383 686 634 5 0.0514 352 446 617 696 3 0.0512 507 524 752 772 7 0.0510 432 389 693 636 6 0.0508 433 385 692 636 11 0.0508 422 391 691 636 0 0.0504 500 523 753 768 0 0.0504 584 581 833 817 6 0.0502 506 521 759 767 8 0.0502 409 357 745 538
peXNjqmJaaFfcJUZu3LH8E8jKXitxsFh,5 0.0621 497 148 762 380 0 0.0599 555 136 821 382 5 0.0596 496 317 750 567 0 0.0592 500 213 764 456 0 0.0589 501 390 755 638 7 0.0589 504 324 761 571 8 0.0579 509 265 763 506 11 0.0578 373 600 639 834 8 0.0575 369 596 628 839 5 0.0574 619 129 883 376 11 0.0574 507 265 770 505 8 0.0572 304 461 566 706 10 0.0568 509 269 771 510 3 0.0567 507 213 761 460 7 0.0567 502 213 767 453 7 0.0567 375 596 639 841 8 0.0566 502 155 757 381 11 0.0563 621 139 885 373 11 0.0560 496 392 754 635 3 0.0560 507 390 752 641 11 0.0556 251 393 509 636 6 0.0555 502 393 755 636 8 0.0555 503 389 748 634 8 0.0553 420 465 689 708 13 0.0552 504 391 759 634 13 0.0552 433 604 709 845 6 0.0551 574 206 837 446 7 0.0550 257 599 513 832 2 0.0549 557 143 822 380 5 0.0549 414 456 690 710 0 0.0545 639 202 894 438 6 0.0545 419 467 697 712 0 0.0544 419 463 694 713 5 0.0540 367 588 635 834 8 0.0540 305 341 547 580 11 0.0539 310 528 575 761 10 0.0536 303 395 566 640 6 0.0536 502 154 771 382 13 0.0535 558 143 824 381 8 0.0534 572 205 822 446 6 0.0534 511 268 773 508 11 0.0534 419 468 693 709 11 0.0533 497 153 767 381 0 0.0530 369 596 634 840 3 0.0529 560 136 819 386 2 0.0528 501 396 750 637 13 0.0528 513 268 773 508 6 0.0527 375 606 640 836 13 0.0527 425 466 704 713 7 0.0527 425 462 697 712 7 0.0524 306 339 560 581 6 0.0523 629 135 890 377 7 0.0523 316 523 579 764 10 0.0523 502 394 754 637 0 0.0521 574 268 834 514 2 0.0518 421 472 689 714 10 0.0517 426 610 702 847 5 0.0516 301 518 568 758 2 0.0516 510 270 765 507 7 0.0513 556 135 821 381 0 0.0512 192 390 438 637 13 0.0510 301 461 581 711 5 0.0510 184 428 447 692 0 0.0508 427 160 698 388 10 0.0507 500 160 767 386 11 0.0507 178 346 427 565 9 0.0506 500 390 750 632 7 0.0502 196 433 453 690 10 0.0502 192 402 439 632
83o9E9qauKYQJlL7zPuRWFSzEiRb69LI,8 0.0645 311 473 570 717 8 0.0627 437 604 698 847 8 0.0624 377 418 643 655 0 0.0613 369 475 642 722 5 0.0602 364 532 629 775 0 0.0598 569 403 834 631 11 0.0596 445 358 723 589 7 0.0593 374 474 644 721 0 0.0591 438 603 704 847 11 0.0584 320 410 594 655 11 0.0584 364 537 636 773 0 0.0583 397 352 660 592 5 0.0578 434 599 700 844 6 0.0573 372 538 636 774 11 0.0570 435 605 705 844 10 0.0570 439 609 707 845 5 0.0569 374 411 646 651 6 0.0569 448 356 735 591 2 0.0564 369 538 633 777 8 0.0563 320 600 575 850 7 0.0562 452 352 729 587 5 0.0561 240 532 503 770 13 0.0559 372 480 648 721 5 0.0558 440 348 724 584 6 0.0555 443 603 708 845 10 0.0554 366 540 634 771 8 0.0553 246 533 500 770 6 0.0553 377 419 654 657 7 0.0547 314 541 575 784 7 0.0545 441 603 709 846 3 0.0540 442 606 706 851 7 0.0538 573 400 843 625 13 0.0536 440 604 708 848 8 0.0535 250 414 512 646 2 0.0534 440 607 705 844 3 0.0533 372 479 642 723 0 0.0530 373 659 627 908 3 0.0529 452 356 729 594 11 0.0528 367 667 634 901 8 0.0524 445 354 718 590 10 0.0521 448 362 730 587 11 0.0517 568 404 833 628 2 0.0515 377 421 649 656 13 0.0513 449 358 731 590 6 0.0511 247 533 512 771 10 0.0510 378 420 653 653 13 0.0509 376 661 637 909 12 0.0507 442 601 706 845 8 0.0507 568 401 824 626 7 0.0506 242 469 520 711 3 0.0505 377 664 633 912 11 0.0503 247 536 508 770 5 0.0503 366 658 631 904 8 0.0502 184 602 442 842 9 0.0502 437 604 706 844
B8LpcJ3CHxWGBRggKt1uEST0Kjw6hzPL,11 0.0678 386 330 643 562 11 0.0669 434 467 698 685 5 0.0630 444 280 702 516 8 0.0626 433 465 690 689 11 0.0621 387 143 644 381 0 0.0620 389 143 641 382 8 0.0620 387 330 637 563 5 0.0616 309 259 562 503 0 0.0614 444 217 703 455 0 0.0613 445 405 704 636 5 0.0607 387 137 637 381 8 0.0595 376 204 636 441 7 0.0594 390 261 650 504 13 0.0594 451 284 713 520 8 0.0594 519 592 752 825 11 0.0590 310 264 568 503 8 0.0587 311 262 559 503 5 0.0582 509 144 755 384 6 0.0578 392 328 647 565 3 0.0578 390 262 645 510 7 0.0574 450 340 710 575 10 0.0573 444 286 708 518 7 0.0572 438 465 699 689 8 0.0570 578 529 815 752 5 0.0569 446 399 697 633 13 0.0565 379 206 646 440 0 0.0565 309 198 568 441 6 0.0564 392 141 645 383 6 0.0563 447 218 709 453 0 0.0559 511 150 758 385 10 0.0558 389 146 646 380 2 0.0556 391 149 640 383 5 0.0556 389 15 635 264 6 0.0555 437 466 700 688 7 0.0555 395 141 644 385 3 0.0554 392 143 642 389 11 0.0554 315 730 574 956 0 0.0554 517 592 760 830 11 0.0553 388 20 640 260 8 0.0553 512 218 755 446 2 0.0548 450 289 706 519 13 0.0547 450 406 714 635 7 0.0546 517 591 765 827 7 0.0545 442 669 688 899 3 0.0545 451 342 710 581 13 0.0543 512 220 768 449 0 0.0541 577 532 825 752 11 0.0541 574 533 825 746 11 0.0540 512 592 763 820 11 0.0538 506 222 766 446 0 0.0537 388 22 640 267 6 0.0533 317 264 569 504 10 0.0533 446 407 702 636 6 0.0529 516 147 767 382 7 0.0529 313 197 572 440 5 0.0528 367 656 633 886 2 0.0526 515 154 759 384 7 0.0525 246 713 516 946 0 0.0524 439 671 684 902 7 0.0523 308 789 560 1023 13 0.0522 578 533 829 751 0 0.0521 320 724 571 962 13 0.0520 313 265 574 508 11 0.0519 441 798 685 1022 2 0.0519 316 270 565 505 5 0.0519 259 128 508 374 11 0.0517 362 663 637 885 0 0.0517 442 800 684 1023 7 0.0517 397 18 641 264 13 0.0515 397 79 651 317 3 0.0515 514 150 761 395 8 0.0514 438 669 674 896 7 0.0511 517 147 763 389 7 0.0509 447 795 690 1023 3 0.0508 519 590 760 831 6 0.0508 371 665 640 885 0 0.0507 237 265 490 500 13 0.0507 520 591 768 826 10 0.0506 311 270 567 502 9 0.0506 387 143 642 379 10 0.0505 393 25 639 263 5 0.0504 511 585 755 825
1dh0yBlAp0gwMW4Ei629bDx2HYKBXSdi,7 0.0657 183 654 444 898 5 0.0656 137 671 501 848 11 0.0641 176 657 443 895 8 0.0640 147 674 498 848 0 0.0635 120 664 376 905 5 0.0621 115 719 372 961 10 0.0607 113 669 375 898 7 0.0592 118 718 376 969 3 0.0591 142 674 505 854 11 0.0587 117 722 372 961 6 0.0576 178 656 442 898 13 0.0575 145 673 512 850 2 0.0566 143 677 505 852 5 0.0565 44 669 311 898 10 0.0562 181 722 440 958 6 0.0561 54 669 318 900 8 0.0555 183 717 435 963 6 0.0555 120 721 377 966 13 0.0547 184 719 442 963 8 0.0544 56 724 307 968 8 0.0543 1 618 255 839 0 0.0542 638 806 898 1023 7 0.0534 4 617 270 842 1 0.0531 178 654 441 897 12 0.0514 146 672 509 850 10 0.0513 51 726 311 966 11 0.0512 0 621 260 842 11 0.0510 638 802 890 1015 4 0.0510 181 660 444 899 9 0.0508 139 676 506 847 2 0.0508 184 720 438 961 3 0.0507 184 716 438 966 1 0.0505 117 718 370 965
hIgNZ5pfnLGNTwjTEINUOuGcIctwMs7l,5 0.0671 310 399 567 640 11 0.0655 381 404 640 630 11 0.0641 315 470 562 707 5 0.0639 346 485 681 668 11 0.0630 313 337 582 573 11 0.0625 275 277 641 467 8 0.0625 347 487 682 667 7 0.0625 317 404 573 641 0 0.0621 317 471 562 711 11 0.0620 243 404 499 640 3 0.0618 383 403 640 639 0 0.0614 387 403 637 634 5 0.0613 283 344 640 531 7 0.0608 352 488 694 669 0 0.0604 317 334 578 575 3 0.0602 313 255 582 508 8 0.0601 246 406 498 644 3 0.0595 319 473 562 716 10 0.0593 314 410 572 639 0 0.0591 207 279 559 470 6 0.0591 319 337 582 575 8 0.0587 313 338 571 574 7 0.0587 313 256 587 505 2 0.0584 357 425 702 605 8 0.0584 179 344 433 587 13 0.0580 318 337 583 576 8 0.0578 310 201 569 447 8 0.0576 363 598 710 776 0 0.0575 176 346 440 587 6 0.0575 251 409 505 646 13 0.0573 378 258 647 502 0 0.0573 455 343 712 577 13 0.0573 250 407 507 646 8 0.0570 245 271 500 510 5 0.0570 339 219 692 401 13 0.0568 247 271 514 512 8 0.0564 424 18 683 244 5 0.0563 417 0 698 194 8 0.0563 295 152 630 341 11 0.0563 359 596 723 776 11 0.0562 176 346 438 583 6 0.0559 318 474 567 711 12 0.0558 383 402 639 635 5 0.0557 446 335 711 573 5 0.0555 363 590 714 776 6 0.0554 382 257 647 501 1 0.0553 210 470 560 662 7 0.0553 435 88 690 317 3 0.0552 457 343 716 580 0 0.0552 377 260 641 502 3 0.0552 375 598 718 780 9 0.0551 278 410 633 596 13 0.0549 293 537 646 721 6 0.0549 385 403 643 633 2 0.0549 316 342 576 573 6 0.0547 247 274 510 512 10 0.0546 312 262 583 501 3 0.0546 245 410 501 648 9 0.0544 344 487 687 665 11 0.0543 295 155 639 339 5 0.0542 286 152 636 338 13 0.0541 386 404 641 632 12 0.0540 321 336 582 575 5 0.0539 428 89 686 311 3 0.0537 386 138 653 384 10 0.0536 284 539 644 719
F7L7TRJ2dEhWcPshtjNVtyqeMi8zrQSP,11 0.0532 770 3 1023 196 5 0.0529 765 0 1023 200 13 0.0526 773 0 1023 201 6 0.0519 775 0 1023 197 0 0.0516 770 3 1023 199 8 0.0516 769 0 1014 199 3 0.0509 771 1 1023 202 8 0.0502 280 278 631 478
vBzi7ZPFhxyGC1nf1zDqKyiwJb8If4Ex,7 0.0611 374 661 637 890 5 0.0596 396 138 656 361 11 0.0592 398 15 651 246 11 0.0589 326 598 574 834 0 0.0580 402 257 644 494 8 0.0579 333 599 564 835 5 0.0576 323 263 575 493 6 0.0563 329 601 574 834 8 0.0561 405 257 636 489 7 0.0551 331 267 579 496 8 0.0549 404 11 643 248 0 0.0541 399 145 658 366 0 0.0541 314 19 559 261 5 0.0540 323 596 570 834 11 0.0540 405 260 644 487 5 0.0540 178 273 427 520 0 0.0538 330 596 572 835 5 0.0538 399 5 644 249 11 0.0534 399 145 656 358 0 0.0534 381 526 637 758 10 0.0533 328 602 572 834 5 0.0531 248 149 507 399 6 0.0530 328 271 580 494 10 0.0528 403 15 649 249 13 0.0527 320 22 567 258 3 0.0527 406 147 657 367 3 0.0525 409 13 649 255 7 0.0523 387 526 644 761 11 0.0521 382 530 643 752 3 0.0518 328 271 577 499 13 0.0516 376 662 641 893 8 0.0516 384 526 630 755 2 0.0514 405 268 639 490 5 0.0514 381 521 635 755 13 0.0513 403 149 664 359 7 0.0513 261 151 516 400 10 0.0512 326 274 578 494 13 0.0510 252 82 507 335 7 0.0506 405 145 662 363 6 0.0505 385 527 642 755 7 0.0504 187 277 438 521 6 0.0503 321 20 565 260
iVszg94qb4B8OcwLxzrU6d2eQ6zrEzbK,13 0.0601 127 546 383 790 8 0.0599 573 392 827 641 11 0.0593 118 602 372 835 10 0.0585 47 608 306 840 8 0.0577 120 406 380 652 11 0.0564 113 411 390 648 7 0.0564 452 210 704 459 5 0.0563 113 403 383 648 5 0.0562 181 602 426 836 8 0.0561 640 329 895 583 0 0.0559 124 550 379 793 8 0.0556 523 282 756 510 5 0.0549 636 328 902 578 11 0.0548 633 329 901 576 11 0.0547 440 206 703 453 7 0.0545 434 361 788 538 11 0.0544 175 325 450 572 8 0.0543 130 600 365 840 11 0.0542 749 333 1023 560 5 0.0539 37 594 302 838 11 0.0537 643 212 900 429 7 0.0537 130 601 376 838 0 0.0535 122 409 385 649 0 0.0535 769 275 1023 505 5 0.0531 173 321 446 571 0 0.0531 50 603 304 845 5 0.0531 574 391 830 638 8 0.0530 181 326 439 576 5 0.0530 443 260 692 509 8 0.0529 57 477 317 714 6 0.0528 123 474 392 715 13 0.0527 56 599 312 842 8 0.0525 552 34 799 256 13 0.0521 255 539 527 766 3 0.0520 761 325 1023 568 5 0.0520 430 136 695 385 11 0.0518 573 395 832 632 5 0.0517 516 327 760 571 13 0.0516 125 410 393 652 13 0.0514 580 396 836 639 10 0.0514 122 556 384 788 0 0.0514 699 336 968 564 8 0.0512 632 0 874 199 6 0.0511 647 338 904 580 11 0.0511 421 359 782 531 3 0.0511 122 478 388 724 6 0.0509 53 598 306 845 8 0.0507 439 145 690 389 2 0.0504 444 154 701 394 8 0.0501 654 212 888 431
0IoNwVfmI7CWyWx53ved97GZzLZpYOSQ,5 0.0636 183 797 437 1014 8 0.0636 193 799 430 1014 0 0.0635 124 792 366 1013 11 0.0599 122 794 366 1010 0 0.0599 446 544 710 785 7 0.0591 124 792 369 1011 3 0.0581 132 796 365 1016 5 0.0580 306 816 561 1022 0 0.0575 386 467 637 710 8 0.0571 575 808 817 1019 6 0.0568 129 794 367 1007 8 0.0559 313 819 555 1023 3 0.0555 261 812 503 1023 8 0.0554 504 742 745 968 3 0.0553 507 742 753 974 13 0.0552 452 544 715 777 8 0.0547 320 325 577 560 11 0.0543 387 472 640 700 5 0.0539 258 389 522 640 11 0.0538 505 801 766 1007 0 0.0534 258 815 502 1023 7 0.0533 378 656 645 889 5 0.0532 502 795 764 1013 11 0.0528 439 622 696 837 0 0.0528 579 760 823 979 7 0.0528 586 753 825 978 11 0.0526 306 544 576 754 7 0.0526 256 814 507 1023 11 0.0525 254 813 501 1023 0 0.0525 315 324 591 565 13 0.0524 128 797 370 1012 5 0.0524 370 649 638 885 3 0.0522 320 271 586 513 6 0.0519 258 810 506 1022 10 0.0519 377 658 644 886 0 0.0514 261 390 529 648 3 0.0512 381 656 641 892 13 0.0509 384 657 648 886 3 0.0509 578 810 827 1023 11 0.0506 301 662 576 885 11 0.0502 242 342 518 580 7 0.0501 317 271 587 507
Msv803Z61HeFseKpTWzIDsTAPQQVMgHK,0 0.0578 521 202 778 447 11 0.0571 427 677 694 904 8 0.0571 578 287 837 533 11 0.0569 428 788 689 1019 0 0.0568 231 275 488 520 0 0.0566 580 291 842 535 5 0.0561 565 202 826 454 3 0.0558 581 291 842 534 2 0.0558 516 281 777 522 6 0.0545 576 206 836 453 0 0.0541 440 461 691 697 6 0.0541 437 674 695 903 11 0.0538 523 204 777 442 5 0.0534 430 668 688 905 8 0.0534 383 669 635 907 11 0.0529 377 457 629 688 6 0.0528 433 783 694 1020 2 0.0524 575 216 832 455 11 0.0514 305 342 569 587 11 0.0514 577 292 841 527 0 0.0513 383 717 641 970 7 0.0511 392 665 646 905 7 0.0510 435 783 694 1023 0 0.0507 617 109 882 332 8 0.0504 444 460 681 692 7 0.0503 526 204 783 448 0 0.0503 378 521 633 759
7NgLWewpaIxRi6Qxv3OjxjEdfqg6uPSS,11 0.0606 371 202 625 436 11 0.0591 367 334 627 568 11 0.0586 425 263 691 505 3 0.0585 432 261 689 513 8 0.0584 432 260 680 508 8 0.0583 370 137 624 375 0 0.0578 558 457 829 700 11 0.0570 427 400 698 636 13 0.0564 365 266 623 507 0 0.0563 637 423 1003 606 7 0.0561 377 198 628 438 8 0.0558 317 197 551 429 5 0.0557 305 193 556 427 11 0.0557 310 273 565 506 5 0.0550 420 258 685 504 11 0.0548 320 412 576 649 3 0.0546 374 331 625 578 3 0.0546 378 199 624 446 6 0.0545 318 200 562 429 0 0.0545 499 397 762 632 7 0.0545 430 262 691 508 0 0.0543 376 201 626 443 11 0.0542 640 425 1012 601 13 0.0540 371 139 635 379 0 0.0539 314 268 564 512 5 0.0538 551 452 822 698 6 0.0537 372 332 628 569 11 0.0537 307 141 563 375 5 0.0533 637 421 997 603 13 0.0530 322 413 579 655 0 0.0530 429 263 692 508 3 0.0530 437 395 701 646 0 0.0529 570 335 830 570 10 0.0529 374 206 624 437 3 0.0527 318 268 560 514 5 0.0527 494 325 756 565 11 0.0526 488 463 760 700 8 0.0526 503 323 750 563 13 0.0525 380 0 646 245 11 0.0524 419 537 697 768 5 0.0520 248 466 511 705 3 0.0520 507 330 764 573 0 0.0519 255 413 508 649 6 0.0516 370 137 635 375 6 0.0516 433 260 693 504 0 0.0515 375 71 628 310 8 0.0515 375 334 614 568 8 0.0514 435 397 686 636 6 0.0512 566 454 835 697 8 0.0511 328 414 566 649 8 0.0511 561 454 822 696 13 0.0510 650 423 1016 604 7 0.0510 562 457 836 703 13 0.0510 566 527 839 775 5 0.0509 307 333 565 574 11 0.0509 377 71 627 305 13 0.0509 433 397 704 639 11 0.0507 498 333 765 562 6 0.0507 367 474 632 703 7 0.0505 318 267 566 506 11 0.0504 426 144 700 376 6 0.0504 261 413 511 647 6 0.0503 428 533 698 766 10 0.0502 319 348 570 576 7 0.0500 504 330 765 567
yAQFQ2x2HNBqFqziITlIz3TMr78qmN2R,5 0.0596 573 325 817 575 8 0.0586 516 326 756 565 7 0.0567 521 329 765 569 0 0.0560 575 338 826 573 11 0.0547 571 338 826 569 0 0.0538 566 221 832 444 5 0.0536 498 265 760 508 6 0.0536 419 608 783 786 5 0.0529 403 602 768 784 3 0.0528 578 339 820 578 2 0.0525 516 334 763 567 10 0.0525 514 333 764 570 0 0.0524 409 603 779 786 6 0.0523 520 329 771 569 11 0.0511 402 677 768 853 8 0.0500 413 605 761 783
jaCDyAy78tz7zD7V23hvDxASDiOBK1Dh,11 0.0662 242 716 494 951 5 0.0636 235 397 498 635 11 0.0634 313 792 552 1022 8 0.0633 313 788 548 1023 11 0.0632 237 402 502 638 7 0.0624 377 581 640 834 5 0.0621 241 787 482 1021 5 0.0614 440 575 696 816 0 0.0613 248 474 507 713 3 0.0613 245 475 506 717 0 0.0606 436 717 696 955 8 0.0597 435 799 674 1022 8 0.0596 239 401 492 639 0 0.0595 311 583 571 834 5 0.0595 241 644 494 895 8 0.0594 180 481 418 721 7 0.0594 247 648 501 895 0 0.0593 443 577 698 824 11 0.0592 238 541 504 782 0 0.0592 313 788 554 1023 6 0.0586 442 580 702 816 11 0.0584 311 644 556 883 7 0.0584 242 401 503 638 11 0.0581 437 801 677 1021 7 0.0581 243 534 508 783 8 0.0580 241 539 494 782 10 0.0579 306 589 570 833 8 0.0578 379 583 630 829 8 0.0575 243 713 488 954 5 0.0574 235 533 503 783 5 0.0574 171 478 430 714 6 0.0571 249 473 506 713 5 0.0568 368 642 624 885 10 0.0567 243 655 499 896 5 0.0567 432 796 677 1019 3 0.0566 374 649 625 893 5 0.0566 503 722 749 959 11 0.0563 173 485 431 713 7 0.0562 441 797 684 1023 6 0.0560 245 793 485 1022 8 0.0560 310 644 555 884 13 0.0559 378 582 642 831 7 0.0557 316 786 557 1023 6 0.0554 441 720 698 949 3 0.0549 247 651 496 902 10 0.0548 236 409 497 637 6 0.0548 310 586 572 830 0 0.0547 242 708 491 956 13 0.0545 316 792 561 1023 13 0.0542 249 470 511 717 11 0.0542 439 582 697 813 3 0.0539 440 719 693 956 3 0.0535 248 791 485 1023 3 0.0533 444 579 697 823 2 0.0532 315 794 554 1023 3 0.0531 185 537 438 783 2 0.0524 313 648 557 889 2 0.0524 444 585 700 819 0 0.0523 169 413 417 640 10 0.0520 311 790 554 1022 3 0.0517 170 413 419 646 2 0.0515 438 722 695 954 5 0.0512 103 411 365 635 10 0.0512 433 799 683 1023 12 0.0512 244 404 500 641 7 0.0510 183 477 431 718 9 0.0509 307 583 573 829 13 0.0508 440 720 701 954 9 0.0507 239 404 501 638 12 0.0507 313 583 574 834 10 0.0505 439 583 698 819 6 0.0504 246 650 501 899 0 0.0504 490 542 843 730 13 0.0503 315 642 570 885
AKtsbgo8umGCudVU8oxtreEJvgDErrFM,5 0.0730 373 214 645 444 5 0.0662 304 394 570 642 0 0.0655 367 399 626 647 5 0.0654 342 351 711 540 11 0.0650 244 347 510 590 8 0.0647 375 272 638 509 3 0.0637 346 356 714 546 8 0.0635 431 395 692 642 0 0.0628 375 273 645 510 6 0.0626 366 457 633 699 5 0.0624 507 200 763 436 2 0.0620 375 279 644 510 11 0.0619 374 273 644 510 5 0.0613 439 62 692 304 2 0.0611 366 407 627 646 11 0.0611 373 140 638 372 7 0.0608 377 139 642 375 0 0.0607 374 141 639 372 0 0.0605 507 276 762 498 8 0.0605 311 347 574 585 13 0.0602 318 274 589 516 7 0.0600 369 401 632 647 11 0.0598 429 401 701 643 11 0.0597 504 275 765 494 0 0.0594 368 512 631 760 2 0.0591 374 143 639 374 3 0.0591 367 403 626 648 8 0.0590 374 139 633 374 10 0.0590 374 143 641 374 6 0.0589 318 276 593 514 7 0.0587 378 274 647 510 3 0.0585 375 137 640 378 6 0.0582 378 141 644 376 7 0.0582 369 512 638 760 3 0.0582 321 216 588 457 12 0.0579 368 455 632 699 0 0.0578 251 273 516 528 6 0.0577 448 71 698 303 11 0.0577 371 514 626 757 8 0.0575 368 457 623 695 13 0.0574 380 219 651 446 12 0.0573 316 343 580 593 0 0.0573 512 139 761 379 9 0.0572 373 141 644 371 13 0.0571 433 395 705 644 10 0.0571 316 351 580 586 11 0.0569 441 71 694 303 11 0.0564 568 347 830 570 13 0.0560 312 400 579 643 8 0.0558 507 270 760 496 8 0.0555 575 342 825 572 5 0.0555 568 339 823 572 6 0.0549 249 349 516 593 13 0.0548 517 140 772 381 12 0.0548 375 274 644 515 11 0.0548 509 140 765 376 6 0.0547 510 274 770 497 3 0.0547 509 276 764 503 7 0.0546 515 136 767 382 8 0.0545 247 275 511 528 10 0.0545 444 68 695 302 7 0.0545 258 274 522 525 9 0.0542 362 458 630 692 7 0.0542 450 66 695 309 3 0.0541 514 137 765 384 0 0.0540 131 292 386 531
MSyIxwMvqXYMPyvtdXQjcGpQWZ9lUqRB,8 0.0584 303 0 564 195 5 0.0575 241 402 511 647 8 0.0574 137 0 478 146 5 0.0572 564 0 830 198 11 0.0571 122 1 486 146 5 0.0568 295 0 567 194 3 0.0564 572 0 830 206 6 0.0564 301 0 575 194 0 0.0560 131 1 490 147 11 0.0558 295 1 573 198 11 0.0552 559 0 833 201 0 0.0547 301 1 574 198 8 0.0547 306 409 569 656 8 0.0545 568 1 821 199 0 0.0544 565 0 830 200 11 0.0541 241 415 517 650 6 0.0541 570 0 832 198 6 0.0536 187 0 441 206 5 0.0533 124 0 482 143 3 0.0529 306 2 569 200 13 0.0523 251 414 522 661 2 0.0522 567 5 831 197 7 0.0521 302 0 575 197 7 0.0518 570 0 836 199 5 0.0514 174 322 426 570 13 0.0514 380 5 638 254 3 0.0513 305 405 578 658 2 0.0511 131 2 486 144 7 0.0510 306 406 577 652 10 0.0507 306 413 578 652 5 0.0505 179 472 448 716
h0rXCXx89vy4p1z7XtuJgplo5n17aFMs,11 0.0598 377 779 631 1014 11 0.0588 337 417 699 601 7 0.0575 309 643 568 890 7 0.0573 382 771 636 1016 11 0.0567 371 538 626 771 11 0.0562 370 654 628 896 8 0.0562 381 536 621 771 0 0.0561 342 419 704 604 0 0.0559 374 535 624 776 8 0.0546 415 615 759 790 13 0.0541 322 8 590 253 13 0.0526 383 465 638 704 6 0.0526 322 10 587 250 8 0.0524 376 777 627 1017 3 0.0524 350 418 694 608 8 0.0523 313 586 553 822 11 0.0522 447 717 704 953 6 0.0520 377 536 629 774 11 0.0520 438 599 688 826 7 0.0520 384 466 637 706 3 0.0519 378 652 623 905 8 0.0517 374 650 617 893 5 0.0516 311 3 575 247 13 0.0513 435 538 695 779 8 0.0513 332 488 673 662 10 0.0512 373 590 616 828 5 0.0512 302 394 566 642 5 0.0510 301 578 558 822 3 0.0510 390 71 641 317 6 0.0510 311 399 573 645 0 0.0509 313 138 576 372 7 0.0508 307 529 561 767 6 0.0508 383 775 637 1018 5 0.0507 436 767 690 1014 11 0.0506 310 10 586 244 6 0.0504 398 481 759 663 8 0.0503 445 717 693 958 13 0.0502 352 415 709 604 7 0.0502 413 410 772 599 0 0.0502 436 775 697 1017 0 0.0500 408 614 771 794
PwCsHfjWFYBSQzGwhxQWrGs7w7jJqVMg,11 0.0636 226 348 590 532 5 0.0630 216 344 586 533 6 0.0602 233 345 593 536 5 0.0598 366 447 625 695 8 0.0593 372 451 624 699 11 0.0585 371 451 625 697 7 0.0580 236 344 590 534 0 0.0577 370 447 630 697 8 0.0577 232 344 579 536 0 0.0576 228 345 591 535 6 0.0573 376 451 633 696 0 0.0573 117 260 393 506 10 0.0567 225 351 590 533 3 0.0562 228 347 587 540 5 0.0542 297 515 564 758 0 0.0541 58 335 331 583 13 0.0540 233 347 596 538 11 0.0537 117 332 395 583 7 0.0534 379 449 633 698 13 0.0533 377 453 636 698 3 0.0531 377 451 631 701 5 0.0520 106 258 386 500 2 0.0516 373 455 631 696 7 0.0512 126 326 396 579 11 0.0512 298 523 571 756 6 0.0506 125 327 397 588 2 0.0502 235 349 583 532 12 0.0502 376 453 633 699
xZfbyTlPjWzCqdswoTRlSr8mLUhMxHmr,7 0.0584 176 788 433 1015 11 0.0572 171 792 425 1011 8 0.0558 173 789 419 1013 0 0.0541 172 791 426 1020 5 0.0537 170 784 423 1012 10 0.0506 170 795 428 1013 6 0.0503 176 792 428 1017
kwHSRA89ZGDlwdhABPvmvTI9tLDuCcl3,0 0.0655 194 657 452 909 11 0.0627 252 658 507 902 7 0.0606 253 598 504 837 11 0.0592 504 610 761 830 8 0.0589 197 655 447 907 5 0.0586 189 656 448 904 10 0.0574 247 601 501 838 6 0.0569 256 655 512 907 0 0.0540 507 606 763 839 2 0.0537 254 658 508 904 13 0.0535 197 658 458 909 7 0.0524 513 604 764 832 8 0.0524 508 608 752 837 3 0.0516 258 656 509 909 5 0.0510 499 602 752 828 6 0.0502 509 613 764 831
Cibqfmhk6mmEMjwBDClXDB5Y3DB5lay6,11 0.0697 317 332 579 574 8 0.0671 315 397 562 638 5 0.0663 312 328 576 576 0 0.0658 312 195 577 443 0 0.0657 246 259 510 508 0 0.0653 317 328 578 579 3 0.0653 315 263 580 512 3 0.0649 375 336 632 582 8 0.0645 314 263 576 510 11 0.0644 382 461 633 696 5 0.0640 311 197 576 442 11 0.0639 249 263 514 503 7 0.0638 249 383 505 624 11 0.0636 245 387 505 623 11 0.0636 314 201 581 439 6 0.0632 316 331 579 578 5 0.0631 185 401 439 643 0 0.0627 243 384 505 627 10 0.0625 191 345 445 584 8 0.0624 374 339 626 579 13 0.0621 319 331 582 578 7 0.0620 374 336 635 580 7 0.0612 251 261 513 506 8 0.0612 386 456 623 699 10 0.0612 316 335 578 578 5 0.0604 244 260 510 505 8 0.0604 191 400 438 647 2 0.0604 246 388 504 627 8 0.0602 319 133 571 369 13 0.0601 320 196 582 442 8 0.0600 252 325 503 564 7 0.0593 322 452 569 696 0 0.0592 434 340 696 580 7 0.0591 320 198 580 441 11 0.0587 432 342 698 580 8 0.0584 235 511 485 763 0 0.0584 317 451 565 697 6 0.0584 317 202 580 440 0 0.0584 247 133 502 381 3 0.0583 252 329 507 568 13 0.0579 195 340 452 583 6 0.0578 196 338 456 584 3 0.0574 390 453 632 701 11 0.0574 249 138 507 375 13 0.0573 251 261 516 510 2 0.0573 313 269 579 512 8 0.0572 247 199 497 440 10 0.0571 317 139 578 371 6 0.0571 436 339 701 578 6 0.0570 252 263 516 505 9 0.0569 244 385 504 621 13 0.0569 321 454 569 697 7 0.0566 436 453 691 693 5 0.0561 312 448 564 693 10 0.0559 246 266 510 507 0 0.0559 234 513 492 764 13 0.0557 438 342 702 581 3 0.0556 316 520 564 770 5 0.0555 233 505 490 758 3 0.0555 319 133 577 376 10 0.0554 317 458 569 695 12 0.0551 315 264 581 514 6 0.0550 318 453 567 696 5 0.0549 429 333 697 581 1 0.0546 247 324 507 565 13 0.0545 254 133 510 382 9 0.0544 369 338 633 573 0 0.0543 257 8 512 252 11 0.0543 312 526 564 763 7 0.0541 238 510 495 768 2 0.0540 372 343 630 581 3 0.0540 245 201 505 448 8 0.0538 266 9 507 253 1 0.0537 373 273 637 513 5 0.0536 244 132 501 376 2 0.0532 316 460 564 695 1 0.0532 312 194 577 442 11 0.0530 253 12 516 251 6 0.0529 239 513 496 763 7 0.0527 378 522 637 771 3 0.0524 191 406 443 652
aQFhQTtMkTqOb0NIS9rsQPWnPZYV9N6e,11 0.0632 315 338 589 583 5 0.0624 237 402 509 646 0 0.0624 315 393 583 648 11 0.0615 516 335 766 573 0 0.0612 240 467 509 721 11 0.0607 242 469 512 712 5 0.0603 312 332 581 588 11 0.0599 574 399 839 635 11 0.0593 573 521 830 767 0 0.0591 450 342 706 585 8 0.0588 580 453 829 703 6 0.0582 253 347 512 590 8 0.0582 451 338 703 586 6 0.0578 318 284 583 523 0 0.0577 512 272 752 511 0 0.0576 386 461 646 715 5 0.0575 245 269 506 508 7 0.0572 247 407 514 645 3 0.0569 586 456 836 710 0 0.0566 575 337 829 574 0 0.0566 378 269 632 514 5 0.0565 447 336 704 584 7 0.0564 456 340 711 584 11 0.0563 375 270 635 508 3 0.0563 244 470 507 724 6 0.0563 247 468 510 715 6 0.0558 517 396 773 640 5 0.0555 305 461 566 714 8 0.0555 509 518 764 773 13 0.0554 315 462 579 719 8 0.0554 577 332 820 575 8 0.0554 243 467 500 718 11 0.0553 301 212 583 443 0 0.0551 579 519 832 769 7 0.0551 584 453 836 705 11 0.0550 249 273 512 506 13 0.0550 522 457 781 716 3 0.0548 581 336 828 580 2 0.0546 453 348 711 585 6 0.0545 394 392 651 646 2 0.0544 245 409 515 646 13 0.0544 582 334 836 576 7 0.0540 322 335 589 586 3 0.0539 315 339 585 592 10 0.0538 449 343 709 583 0 0.0536 372 661 637 900 6 0.0535 518 271 757 510 5 0.0535 507 514 769 768 8 0.0533 318 338 576 587 10 0.0533 253 279 508 507 10 0.0532 243 411 512 646 0 0.0532 510 583 770 828 7 0.0531 515 518 772 771 2 0.0531 319 342 585 589 5 0.0531 509 263 752 509 2 0.0529 310 470 573 715 2 0.0528 518 463 779 714 6 0.0526 584 455 839 703 7 0.0526 256 270 510 506 5 0.0524 577 452 834 701 8 0.0523 514 268 749 512 3 0.0523 519 397 769 646 6 0.0523 582 335 831 572 11 0.0522 447 526 715 773 7 0.0521 382 268 636 511 5 0.0520 370 267 628 510 10 0.0516 317 343 586 583 6 0.0516 513 518 774 769 11 0.0516 634 336 914 569 5 0.0514 572 331 824 572 2 0.0514 515 276 757 510 8 0.0512 378 269 622 515 10 0.0511 517 461 776 712 6 0.0510 254 200 514 437 8 0.0510 384 530 639 784 5 0.0510 379 527 641 779 3 0.0507 393 394 650 649 7 0.0507 519 267 759 510
QHvQqj97U5PTj3uokjzis3Hutjx3PP45,11 0.0659 245 657 499 901 7 0.0659 185 655 437 899 0 0.0658 185 654 436 903 5 0.0649 242 652 495 903 8 0.0641 185 654 432 898 10 0.0631 183 660 436 898 0 0.0626 253 592 500 839 8 0.0621 253 595 494 831 3 0.0602 185 656 437 904 6 0.0600 186 656 440 899 7 0.0582 255 593 500 835 10 0.0580 251 599 501 832 6 0.0557 252 598 503 831 1 0.0555 184 653 433 900 2 0.0547 188 659 435 899 13 0.0547 187 655 440 899 3 0.0534 253 597 500 839 12 0.0529 189 655 437 901 9 0.0522 183 656 435 896 13 0.0513 255 593 504 833
99xUL0b8aWXOPsPf6io1ggPiSnLFZE30,0 0.0643 2 29 267 257 8 0.0630 316 446 553 685 5 0.0615 311 583 558 822 11 0.0615 359 728 629 962 11 0.0612 509 665 770 906 11 0.0606 626 618 906 841 11 0.0606 384 203 656 434 5 0.0604 631 470 908 705 3 0.0604 571 527 829 774 6 0.0599 634 618 905 848 11 0.0591 509 535 780 763 6 0.0590 317 452 560 684 8 0.0590 377 512 629 758 6 0.0589 515 468 788 696 0 0.0588 376 511 643 758 11 0.0588 637 477 913 700 5 0.0587 309 447 555 682 8 0.0586 390 198 650 438 5 0.0586 352 721 624 966 13 0.0586 646 0 895 210 6 0.0585 647 409 907 635 5 0.0580 371 511 635 755 0 0.0579 260 454 510 695 8 0.0577 648 0 886 214 11 0.0574 443 589 708 834 5 0.0574 622 614 897 840 0 0.0572 630 620 907 846 8 0.0569 640 473 902 709 8 0.0567 441 452 715 693 11 0.0566 442 459 726 686 0 0.0566 508 600 775 844 8 0.0565 360 726 619 969 3 0.0565 512 595 778 845 8 0.0565 315 584 550 827 8 0.0565 567 522 822 771 10 0.0563 640 5 890 210 7 0.0563 645 0 896 209 7 0.0562 264 456 513 694 11 0.0562 261 462 514 691 6 0.0561 447 523 721 760 5 0.0560 636 0 883 207 8 0.0557 507 594 767 845 7 0.0556 509 530 782 765 3 0.0555 644 416 905 647 6 0.0555 381 590 638 834 7 0.0555 639 412 907 637 5 0.0554 378 192 652 434 0 0.0554 647 0 890 214 0 0.0552 709 410 955 646 5 0.0552 501 525 773 764 0 0.0551 442 459 721 690 8 0.0551 500 723 767 973 11 0.0550 642 1 892 202 0 0.0548 365 725 631 971 5 0.0547 555 782 818 1021 3 0.0546 2 22 263 264 8 0.0546 2 22 258 258 11 0.0546 372 517 642 754 6 0.0544 512 599 781 843 0 0.0544 567 530 827 772 3 0.0543 570 717 840 975 0 0.0543 562 788 824 1023 6 0.0542 645 2 897 212 3 0.0540 646 0 893 214 11 0.0540 507 204 783 434 3 0.0537 394 139 657 393 2 0.0535 508 608 774 843 6 0.0535 366 727 636 966 13 0.0534 446 457 733 686 5 0.0534 438 455 715 685 0 0.0534 382 140 654 387 7 0.0534 392 147 656 385 6 0.0534 566 788 825 1023 5 0.0531 0 29 258 251 7 0.0531 447 458 723 689 7 0.0531 566 717 843 968 2 0.0531 568 536 828 769 11 0.0530 311 587 564 824 13 0.0529 388 146 664 384 13 0.0528 379 585 643 837 7 0.0528 575 463 837 702 7 0.0528 381 587 635 835 3 0.0526 441 519 713 765 2 0.0525 445 531 713 759 13 0.0524 572 528 833 767 13 0.0522 564 785 832 1022 3 0.0520 378 586 635 842 3 0.0518 314 451 561 692 3 0.0518 636 621 905 851 11 0.0516 0 34 270 251
vkyvA2EJ6VticSYlH5GzQISZslMAKWSL,11 0.0652 390 600 652 833 8 0.0648 448 530 698 771 8 0.0633 393 595 642 833 5 0.0626 436 584 703 823 11 0.0613 504 592 776 820 0 0.0612 503 591 777 828 10 0.0603 445 534 705 768 8 0.0603 298 462 559 706 5 0.0590 294 457 558 705 0 0.0584 391 598 650 836 11 0.0582 365 468 637 703 6 0.0582 449 531 711 769 3 0.0573 443 582 707 827 5 0.0568 371 396 633 637 2 0.0561 381 539 638 772 10 0.0557 389 601 649 833 0 0.0548 300 459 562 710 7 0.0546 383 535 643 771 13 0.0546 384 535 646 772 0 0.0544 374 401 634 643 10 0.0543 294 465 567 706 8 0.0542 374 403 628 640 8 0.0539 381 717 642 953 7 0.0536 380 401 641 640 7 0.0536 301 461 567 708 5 0.0535 558 658 817 896 6 0.0532 299 461 567 707 2 0.0532 299 467 564 705 11 0.0526 299 397 569 636 11 0.0524 373 345 646 580 11 0.0524 374 725 662 953 0 0.0518 633 346 890 579 3 0.0518 376 401 637 645 6 0.0517 377 400 639 637 0 0.0513 558 667 824 899 11 0.0512 629 347 891 574 2 0.0508 375 406 635 639 3 0.0506 299 461 562 711 8 0.0505 567 657 809 897
R9eEmwesd0zLjijd07eaHJAxe0crJkgf,11 0.0521 304 331 562 566 5 0.0519 313 801 559 1017 5 0.0518 304 270 555 509 3 0.0518 309 281 555 520 6 0.0517 314 329 564 566 11 0.0505 317 812 568 1023 11 0.0503 363 392 638 628 13 0.0502 317 330 565 572
gJfDjS8lIanTmEv5ImiKCX8wAihaQJXu,7 0.0606 437 457 701 708 0 0.0603 375 2 640 200 8 0.0603 401 678 770 860 8 0.0584 433 459 690 705 11 0.0573 303 1 562 196 5 0.0568 399 677 770 858 11 0.0568 432 459 691 703 8 0.0566 380 0 635 195 6 0.0566 438 461 697 704 5 0.0563 368 0 633 194 0 0.0563 243 1 496 209 5 0.0562 488 0 757 190 6 0.0562 450 10 707 248 10 0.0559 373 5 638 197 7 0.0559 371 797 623 1023 11 0.0558 456 274 710 509 13 0.0557 438 458 703 700 13 0.0557 377 0 647 198 11 0.0553 302 68 571 324 3 0.0553 460 272 705 520 0 0.0553 499 1 766 194 5 0.0553 302 58 564 322 8 0.0551 307 68 563 320 0 0.0551 398 677 777 862 7 0.0546 378 0 644 197 11 0.0542 394 613 766 793 8 0.0542 502 0 757 193 10 0.0541 430 461 696 706 7 0.0540 497 779 751 1022 6 0.0538 400 682 781 860 13 0.0538 462 272 711 508 0 0.0537 306 68 571 328 1 0.0534 369 0 639 200 5 0.0532 449 272 703 509 8 0.0530 494 776 734 1019 5 0.0528 423 779 674 1020 10 0.0527 307 76 572 324 0 0.0525 435 462 694 705 11 0.0525 365 799 617 1021 13 0.0523 414 682 788 862 3 0.0522 449 10 703 256 8 0.0522 520 205 756 433 11 0.0519 519 208 769 427 0 0.0518 424 789 682 1023 6 0.0516 253 76 505 332 2 0.0516 242 4 500 201 5 0.0516 358 712 617 960 7 0.0512 404 680 782 862 13 0.0512 312 65 580 327 13 0.0511 244 0 509 205 5 0.0511 429 451 685 702 5 0.0511 237 0 495 200 7 0.0511 460 273 711 512 10 0.0510 423 788 679 1023 8 0.0507 242 2 493 202 8 0.0507 454 270 700 513 3 0.0506 412 681 773 863 2 0.0503 449 14 704 249 7 0.0503 247 0 504 201 11 0.0503 491 784 743 1018 10 0.0502 498 5 767 192 3 0.0501 439 463 695 713
H7R3FknYtNheG3J5iC7HAW5JPc3QAaZV,11 0.0638 371 785 636 1017 0 0.0617 369 0 630 199 11 0.0583 364 0 629 198 6 0.0582 526 342 781 572 5 0.0579 519 336 775 569 0 0.0576 449 783 707 1022 0 0.0574 312 99 565 341 5 0.0572 304 95 561 337 8 0.0572 576 472 825 702 0 0.0565 241 28 508 268 5 0.0564 364 0 627 194 11 0.0563 508 394 773 631 8 0.0560 370 0 621 197 7 0.0559 370 1 629 197 11 0.0559 574 473 829 698 8 0.0558 450 781 695 1023 11 0.0557 183 786 445 1009 3 0.0550 373 0 628 201 7 0.0548 528 340 782 570 10 0.0543 370 786 634 1019 13 0.0540 329 784 590 1018 13 0.0534 370 1 636 197 8 0.0534 235 98 488 331 5 0.0534 370 780 633 1016 8 0.0532 569 342 821 565 10 0.0532 579 474 829 702 5 0.0531 383 155 628 389 11 0.0530 499 789 749 1021 0 0.0530 628 0 894 221 13 0.0530 192 783 453 1014 11 0.0529 314 166 570 385 7 0.0526 583 524 841 768 3 0.0524 322 162 566 391 5 0.0524 571 468 826 700 11 0.0523 570 668 934 848 5 0.0522 313 211 555 435 10 0.0521 369 6 628 198 0 0.0518 564 719 826 959 0 0.0518 324 778 579 1018 6 0.0518 371 2 636 197 13 0.0517 452 787 716 1023 6 0.0516 325 222 570 441 7 0.0516 376 782 639 1023 10 0.0516 499 790 750 1020 3 0.0515 528 341 780 580 5 0.0514 186 777 443 1007 0 0.0510 322 217 559 444 2 0.0509 367 3 624 197 0 0.0509 188 778 444 1014 0 0.0507 512 397 771 633 8 0.0507 319 164 557 384 10 0.0507 525 342 780 571 8 0.0507 177 22 438 254 6 0.0507 585 527 845 768 8 0.0506 327 779 570 1018 13 0.0506 578 472 835 704 7 0.0505 505 782 757 1023 6 0.0505 376 788 636 1020 3 0.0502 584 471 833 712 0 0.0502 229 164 488 394
pEo30AUex16Ohmt4m7k82NJ3HyHWb7zB,8 0.0548 624 609 877 840 0 0.0543 623 612 885 840 5 0.0536 637 542 877 775 13 0.0530 625 610 891 839 11 0.0528 620 609 882 836 6 0.0508 624 617 888 838 7 0.0505 620 607 886 840 0 0.0502 445 663 826 859 7 0.0501 454 662 832 856
H0QYDp0D6weiy2Lfhhv9DNsLTvE7OWDy,11 0.0604 310 335 571 570 7 0.0603 310 454 557 706 8 0.0594 312 332 561 573 5 0.0590 372 185 638 426 5 0.0590 304 453 556 702 0 0.0586 313 332 572 575 7 0.0585 318 331 573 572 13 0.0578 320 261 588 512 5 0.0575 312 257 575 508 0 0.0572 320 194 578 434 11 0.0563 259 205 527 445 6 0.0562 430 447 700 702 3 0.0561 301 391 553 640 0 0.0555 309 454 554 707 5 0.0554 424 438 693 697 13 0.0545 381 190 652 431 0 0.0545 330 67 573 317 13 0.0543 309 386 562 637 8 0.0540 259 0 515 207 11 0.0538 304 461 555 706 8 0.0536 306 457 548 703 6 0.0536 307 459 558 707 13 0.0535 317 130 579 375 6 0.0534 382 192 649 426 13 0.0533 436 446 703 702 11 0.0533 261 84 513 318 0 0.0531 257 0 525 214 7 0.0528 267 202 525 451 8 0.0527 380 186 630 427 8 0.0526 264 201 512 453 6 0.0526 314 334 574 573 5 0.0525 571 655 812 911 8 0.0524 311 129 561 375 7 0.0521 314 129 575 373 5 0.0520 309 122 566 372 2 0.0520 303 394 554 633 8 0.0519 139 0 384 233 8 0.0519 497 783 728 1011 7 0.0518 625 532 896 779 6 0.0518 624 535 900 779 3 0.0517 315 132 570 380 7 0.0517 579 662 827 914 3 0.0516 316 264 582 517 0 0.0516 428 443 693 703 7 0.0515 381 190 643 429 13 0.0515 245 461 484 710 11 0.0511 634 350 893 583 11 0.0511 377 193 643 427 13 0.0508 431 128 715 353 10 0.0507 310 338 573 571 11 0.0505 427 446 692 700 8 0.0503 428 446 689 697 7 0.0503 429 444 698 707 3 0.0502 382 190 645 433 3 0.0500 362 449 616 708
uMJB1PS5qtexNX42PfgUJx8Ats0rkhca,5 0.0552 505 466 759 703 0 0.0551 452 339 720 571 8 0.0537 378 397 636 627 8 0.0533 454 336 711 568 8 0.0524 314 773 539 1018 0 0.0515 376 402 647 629 11 0.0513 311 781 552 1013 13 0.0501 380 341 663 564
4vMuM3vgGc3fSLRl1lVjpRNh0mykXN6h,11 0.0624 396 347 758 528 8 0.0620 341 352 696 536 0 0.0614 399 347 756 531 5 0.0605 339 352 700 536 6 0.0605 400 345 761 532 11 0.0605 318 347 578 588 0 0.0599 500 214 753 449 5 0.0596 475 403 818 595 3 0.0593 342 289 705 479 0 0.0592 481 410 819 599 7 0.0589 451 270 704 510 5 0.0581 172 248 424 492 11 0.0577 346 231 710 410 7 0.0574 421 477 776 666 6 0.0572 357 414 712 601 6 0.0569 422 476 774 663 0 0.0568 182 256 426 501 5 0.0568 411 473 767 662 7 0.0561 359 416 713 602 5 0.0560 626 384 888 636 10 0.0557 336 290 710 476 0 0.0556 322 344 578 588 8 0.0555 352 230 697 413 11 0.0554 413 479 769 661 8 0.0553 315 408 573 640 8 0.0547 485 406 815 597 2 0.0547 339 291 699 475 2 0.0546 441 340 695 578 11 0.0542 473 411 822 595 9 0.0540 331 288 702 475 8 0.0538 413 477 765 663 5 0.0534 343 225 699 412 3 0.0533 484 410 821 601 8 0.0532 179 255 422 498 10 0.0527 437 337 698 579 6 0.0527 402 216 759 401 6 0.0525 184 257 434 498 6 0.0524 643 390 902 636 13 0.0524 340 289 710 477 3 0.0523 508 219 751 454 2 0.0523 417 480 771 661 0 0.0519 630 461 886 707 2 0.0519 324 348 575 584 5 0.0517 374 594 640 847 13 0.0517 483 411 830 598 13 0.0516 294 418 653 597 12 0.0516 441 337 701 579 1 0.0511 390 347 755 531 10 0.0509 325 350 582 587 11 0.0509 631 397 895 633 11 0.0509 175 259 430 495 12 0.0507 338 287 706 478 7 0.0506 182 254 430 496 13 0.0504 380 601 652 848 3 0.0503 424 477 771 668 5 0.0502 310 402 570 639 3 0.0501 182 260 423 504
G5iyoGA5i3uHWj7EvXmzvrd1MblpgrKh,11 0.0608 264 677 623 849 8 0.0606 301 663 564 895 11 0.0592 366 531 626 762 0 0.0589 210 604 575 795 10 0.0583 264 676 623 849 8 0.0580 140 672 489 851 0 0.0578 298 663 569 901 10 0.0572 211 608 573 791 0 0.0564 136 672 499 856 7 0.0561 372 526 626 765 0 0.0561 140 539 508 731 0 0.0561 368 524 621 766 8 0.0559 215 604 569 791 13 0.0551 214 606 585 792 5 0.0547 261 672 619 849 7 0.0544 271 674 630 852 13 0.0544 300 662 574 900 8 0.0542 370 526 615 765 5 0.0542 207 603 570 790 13 0.0542 139 673 502 854 3 0.0542 270 676 629 855 5 0.0538 366 524 617 762 0 0.0536 259 403 505 644 11 0.0534 143 545 512 725 7 0.0534 149 540 509 729 6 0.0533 268 674 627 851 8 0.0531 146 541 501 729 2 0.0531 264 677 624 852 11 0.0523 259 404 508 635 3 0.0519 372 527 623 771 6 0.0518 372 530 625 764 10 0.0516 144 544 510 730 10 0.0513 371 533 622 761 12 0.0512 271 674 624 853 5 0.0508 142 540 502 725 7 0.0505 263 398 508 635
BZWz8dNarMEyxJLVDiqkdotcKdAHyxgS,11 0.0594 304 341 561 573 13 0.0563 580 613 841 837 0 0.0562 648 517 901 762 8 0.0555 313 412 558 643 13 0.0548 312 336 566 580 3 0.0546 581 609 830 847 5 0.0543 638 519 897 758 6 0.0538 650 519 907 759 11 0.0538 648 604 902 841 6 0.0532 309 336 561 577 11 0.0527 379 144 636 374 8 0.0521 647 522 892 759 5 0.0521 568 604 832 838 5 0.0520 299 260 554 501 11 0.0519 236 274 499 513 7 0.0518 310 265 562 506 7 0.0517 432 469 703 706 8 0.0516 578 608 827 839 0 0.0514 304 334 558 580 13 0.0513 324 471 582 713 7 0.0512 312 409 572 650 10 0.0505 647 526 901 756 7 0.0504 578 611 841 841 8 0.0504 307 267 549 505 0 0.0502 0 740 231 975 3 0.0502 310 336 559 582 3 0.0500 649 520 896 772
h6K3wUn4ExqlCIoZAQ59xZKIQyEbQrNj,11 0.0626 130 332 405 563 5 0.0612 234 317 492 556 0 0.0604 235 321 502 558 11 0.0603 188 400 453 630 13 0.0593 198 400 455 633 5 0.0588 567 0 953 146 0 0.0581 312 524 572 763 8 0.0577 777 21 1007 252 13 0.0576 137 331 404 568 6 0.0576 193 332 455 567 0 0.0574 642 1 1023 158 11 0.0570 54 211 322 427 8 0.0569 181 261 443 503 11 0.0567 235 520 511 764 8 0.0565 646 0 1014 154 5 0.0563 191 396 443 630 0 0.0563 191 399 451 634 8 0.0563 63 208 313 431 0 0.0559 770 21 1014 261 10 0.0556 237 325 493 553 5 0.0555 773 14 1010 253 3 0.0554 192 332 449 567 13 0.0549 644 0 1023 158 11 0.0547 117 459 384 695 7 0.0546 188 329 449 565 10 0.0542 192 403 443 631 0 0.0541 50 213 325 432 7 0.0541 240 515 513 766 8 0.0540 194 399 438 633 8 0.0539 237 519 498 763 0 0.0533 308 194 586 428 11 0.0533 638 3 1023 155 6 0.0532 638 1 1023 154 3 0.0531 134 395 395 635 10 0.0531 238 525 507 766 7 0.0531 124 455 384 697 11 0.0529 304 262 570 478 6 0.0527 240 521 516 762 13 0.0526 778 21 1020 259 11 0.0525 174 204 465 429 11 0.0524 771 24 1014 250 10 0.0521 124 263 390 494 0 0.0520 120 459 381 701 3 0.0518 129 255 394 499 3 0.0516 239 519 508 770 5 0.0513 115 453 376 700 13 0.0512 126 454 387 699 5 0.0511 233 516 506 762 8 0.0511 118 455 370 701 11 0.0510 377 538 628 762 7 0.0510 127 256 396 490 13 0.0508 310 262 579 484 6 0.0505 126 259 401 495 5 0.0504 301 260 569 486 11 0.0504 507 738 760 965 11 0.0503 320 128 596 345
iae9OYgClEIEGMNtVmDTx64LI1zvxuJh,11 0.0596 381 600 629 832 7 0.0583 384 537 636 767 0 0.0572 383 533 633 769 8 0.0566 387 597 621 837 6 0.0559 382 469 640 701 5 0.0556 369 164 623 375 5 0.0551 381 591 619 833 11 0.0544 377 469 634 700 0 0.0543 373 655 624 903 5 0.0535 372 459 628 699 2 0.0533 385 603 628 838 13 0.0532 384 536 642 766 7 0.0525 373 663 630 897 10 0.0521 382 542 636 766 3 0.0517 457 218 711 448 11 0.0515 449 218 713 443 6 0.0514 386 601 632 834 7 0.0513 453 214 718 442 5 0.0513 444 208 705 438 3 0.0511 387 603 626 841 0 0.0508 451 217 711 444 7 0.0507 372 172 632 380 0 0.0500 372 174 632 383
WWeoBjqeXDg0NB5Iw4GK8YC5Rq40O4BS,11 0.0578 6 797 253 1020 11 0.0576 320 279 582 515 0 0.0564 9 797 253 1023 8 0.0563 13 789 246 1023 3 0.0561 323 333 583 580 5 0.0555 309 328 579 566 5 0.0552 2 793 243 1018 3 0.0547 10 792 246 1023 6 0.0540 325 332 588 574 7 0.0539 9 791 253 1023 13 0.0532 206 230 466 460 8 0.0529 308 787 569 1022 5 0.0528 295 783 570 1020 13 0.0527 327 275 589 521 0 0.0527 330 213 587 448 8 0.0517 327 272 572 519 6 0.0516 335 216 595 448 11 0.0516 390 211 662 445 6 0.0516 9 795 256 1021 6 0.0515 385 780 633 1016 11 0.0514 379 462 650 706 13 0.0513 311 789 580 1023 1 0.0512 0 786 249 1021 0 0.0511 447 275 700 512 7 0.0508 306 791 576 1023 5 0.0508 319 210 581 444 0 0.0506 265 274 518 520 7 0.0506 249 340 515 584 8 0.0505 386 456 638 706 3 0.0505 326 216 587 454 11 0.0500 304 793 571 1021
lKByVL4GFT6bXpYWZ3hsMKSBNfb0fP0p,5 0.0577 211 342 577 520 11 0.0576 319 144 582 368 3 0.0564 375 151 637 378 3 0.0560 221 347 577 528 11 0.0557 205 286 573 459 0 0.0549 215 286 571 460 8 0.0540 370 151 625 374 10 0.0537 205 291 570 459 7 0.0536 213 284 577 459 8 0.0536 225 348 573 522 0 0.0528 198 2 460 208 7 0.0527 321 133 587 365 6 0.0525 227 347 583 523 13 0.0519 228 345 591 526 0 0.0517 435 157 690 386 5 0.0517 248 123 516 358 13 0.0510 262 128 530 365 11 0.0510 433 160 695 379 0 0.0509 320 137 580 369 3 0.0505 258 132 522 369
TbsS8FD5qxSgxl3r1BG3PFacS8ZrqLug,0 0.0668 311 577 570 827 0 0.0656 132 608 522 789 5 0.0623 304 572 563 821 5 0.0612 312 285 685 476 0 0.0608 366 338 637 587 10 0.0608 133 608 516 787 5 0.0608 132 603 513 786 11 0.0606 361 342 639 581 8 0.0601 143 606 515 787 5 0.0597 359 336 632 582 6 0.0593 372 341 644 584 6 0.0593 313 576 574 823 11 0.0589 457 285 728 503 13 0.0589 370 341 644 587 7 0.0586 144 602 522 787 10 0.0585 306 582 569 822 11 0.0584 137 608 521 782 11 0.0578 308 578 568 822 3 0.0576 462 281 724 510 13 0.0564 138 607 530 789 2 0.0559 143 610 526 789 8 0.0549 453 475 707 705 6 0.0545 336 291 705 479 0 0.0544 440 624 699 826 0 0.0541 322 289 693 479 5 0.0538 356 719 647 957 1 0.0536 133 602 520 787 3 0.0535 367 344 639 589 3 0.0534 457 478 718 709 9 0.0531 133 606 517 785 13 0.0531 329 289 707 481 8 0.0530 312 575 564 824 8 0.0527 454 278 717 506 3 0.0525 143 605 524 790 13 0.0525 458 479 722 699 5 0.0523 428 669 697 879 10 0.0522 361 346 637 580 5 0.0522 397 225 752 404 8 0.0520 368 342 632 585 7 0.0518 459 282 730 508 7 0.0517 368 342 637 587 11 0.0516 450 478 716 699 0 0.0508 450 476 714 707 6 0.0506 458 477 725 700 5 0.0505 447 467 712 699 12 0.0504 140 606 522 787 2 0.0500 369 345 635 583
BEyBR9e6NzhWS4Wii3oR41R9KAbp0MJG,8 0.0673 3 689 333 868 0 0.0667 0 612 317 788 8 0.0658 2 610 312 787 8 0.0651 135 679 486 863 0 0.0646 134 680 498 864 11 0.0645 0 692 340 866 7 0.0642 141 679 501 864 11 0.0640 274 675 641 855 11 0.0639 0 614 318 784 6 0.0637 0 694 345 870 7 0.0635 5 612 321 786 5 0.0625 0 687 331 866 7 0.0619 261 586 520 828 7 0.0615 2 691 340 867 6 0.0614 3 614 322 789 5 0.0614 0 610 313 787 0 0.0613 190 579 440 822 11 0.0612 434 722 709 952 8 0.0611 189 582 434 822 0 0.0610 0 692 338 869 0 0.0605 437 719 714 957 5 0.0604 250 585 507 822 3 0.0596 7 612 317 792 13 0.0594 3 692 347 867 11 0.0592 256 590 516 821 5 0.0591 129 677 488 862 10 0.0591 0 691 337 868 5 0.0589 432 717 704 957 6 0.0589 319 608 584 834 13 0.0587 0 613 328 789 10 0.0585 0 612 317 789 11 0.0584 439 592 695 818 11 0.0577 450 415 697 629 13 0.0577 141 679 505 863 0 0.0564 301 475 559 714 2 0.0562 303 481 559 713 2 0.0559 132 684 492 865 5 0.0556 373 466 630 706 5 0.0555 371 586 629 827 8 0.0554 298 474 552 711 11 0.0553 179 516 432 752 2 0.0552 0 618 318 787 3 0.0551 279 675 639 860 8 0.0551 438 719 702 956 9 0.0550 61 592 313 825 11 0.0548 300 477 564 708 6 0.0544 190 584 443 823 6 0.0543 134 681 496 863 10 0.0543 434 722 707 956 7 0.0543 440 658 700 889 7 0.0542 302 543 659 726 1 0.0541 0 687 338 867 2 0.0540 0 695 340 869 3 0.0537 6 691 338 872 10 0.0532 187 584 441 822 7 0.0531 250 463 505 710 10 0.0530 274 677 638 857 0 0.0527 375 596 639 834 2 0.0526 279 677 638 858 3 0.0525 440 720 710 962 9 0.0524 130 679 492 862 0 0.0524 454 414 695 637 6 0.0523 438 660 702 887 11 0.0523 524 473 765 691 8 0.0523 126 520 378 763 0 0.0521 244 406 499 638 3 0.0520 257 588 511 829 5 0.0517 241 463 499 706 13 0.0516 442 721 713 957 3 0.0515 383 473 634 714 11 0.0515 242 409 507 635
jjV3myoWCEoJ9bPurn5mIMtV1PIrF84i,5 0.0633 184 393 436 634 8 0.0630 345 0 687 146 3 0.0610 350 0 697 149 11 0.0599 185 397 438 637 7 0.0591 243 451 506 699 11 0.0578 310 344 569 563 5 0.0578 109 466 363 717 6 0.0577 246 455 508 698 7 0.0571 317 517 574 768 11 0.0570 111 471 366 716 6 0.0565 318 523 575 764 8 0.0565 187 397 428 638 11 0.0565 170 533 430 779 5 0.0564 336 0 695 144 5 0.0564 116 335 381 567 13 0.0564 184 458 437 703 0 0.0563 244 456 505 699 10 0.0557 180 463 429 705 7 0.0556 120 468 365 719 6 0.0555 128 412 391 650 3 0.0554 190 400 436 644 5 0.0554 249 333 504 565 6 0.0549 180 534 433 782 3 0.0549 560 0 819 200 11 0.0547 504 411 759 634 3 0.0546 311 344 567 571 11 0.0546 340 1 699 146 11 0.0545 310 523 567 762 8 0.0543 116 467 354 722 8 0.0542 314 521 562 767 7 0.0542 257 333 508 567 11 0.0541 386 595 641 828 8 0.0540 313 341 559 568 7 0.0538 178 528 430 781 0 0.0537 314 342 568 568 0 0.0533 504 410 756 643 8 0.0531 176 531 420 784 11 0.0530 241 283 511 501 11 0.0529 553 0 819 192 5 0.0529 307 276 581 504 7 0.0527 132 335 386 572 13 0.0525 316 521 576 766 0 0.0524 189 397 439 636 7 0.0524 348 0 698 147 10 0.0524 254 342 506 565 1 0.0523 240 450 503 699 10 0.0518 313 528 570 765 10 0.0517 344 2 699 146 6 0.0517 343 0 709 144 5 0.0515 499 399 750 640 0 0.0514 341 1 695 146 5 0.0513 557 0 820 189 1 0.0512 314 514 570 764 2 0.0512 316 527 570 766 5 0.0512 303 517 567 764 3 0.0511 316 524 566 773 6 0.0510 192 339 450 575 9 0.0508 234 455 501 691 8 0.0506 556 0 811 194 13 0.0502 509 412 764 640
y5p3ilyGW5vb3481TqxHwzPw1lPqo0FG,8 0.0590 620 338 868 577 5 0.0578 616 331 878 577 0 0.0571 439 10 704 259 11 0.0566 616 338 880 574 0 0.0561 619 338 878 580 8 0.0554 439 6 694 255 6 0.0552 624 339 884 575 5 0.0548 370 3 637 253 11 0.0544 438 10 704 252 8 0.0544 364 604 620 834 11 0.0542 364 604 629 833 11 0.0537 438 450 686 691 10 0.0537 371 10 638 253 7 0.0534 122 578 372 821 13 0.0532 378 1 651 258 3 0.0530 441 6 703 260 8 0.0529 490 456 728 703 8 0.0528 116 578 366 821 7 0.0528 369 603 634 838 0 0.0527 366 601 630 835 13 0.0526 628 281 889 524 11 0.0526 113 579 374 817 0 0.0523 373 446 629 701 0 0.0521 116 581 375 825 6 0.0521 439 9 705 255 5 0.0520 439 443 680 693 6 0.0519 500 456 739 703 6 0.0513 369 601 631 833 3 0.0513 624 341 877 585 7 0.0506 446 443 692 694 13 0.0505 494 6 774 260 7 0.0503 376 4 643 257 10 0.0500 617 338 877 573
kZy3Wm1W9w6FTPUr2k0p6p4X6k3EJ881,7 0.0626 194 668 445 895 7 0.0619 123 596 376 828 11 0.0606 187 670 446 895 0 0.0599 64 653 310 889 10 0.0588 121 667 378 888 8 0.0587 192 667 439 895 11 0.0580 312 660 558 891 5 0.0577 187 668 443 895 7 0.0576 317 657 558 893 0 0.0573 192 669 443 901 8 0.0571 315 657 552 897 0 0.0568 375 716 620 956 11 0.0568 373 722 623 952 7 0.0565 66 655 314 886 11 0.0564 441 655 686 883 0 0.0563 439 649 684 888 11 0.0555 379 593 631 824 10 0.0550 313 660 558 893 8 0.0543 126 600 371 827 11 0.0542 118 604 377 825 8 0.0539 66 659 308 885 6 0.0537 123 603 379 828 5 0.0534 311 656 551 893 3 0.0533 257 663 503 900 8 0.0532 373 717 616 956 0 0.0532 316 656 555 897 7 0.0531 445 653 687 888 11 0.0529 57 658 314 883 7 0.0524 378 720 629 953 8 0.0523 383 591 621 829 13 0.0523 128 663 384 894 3 0.0523 127 660 375 894 6 0.0519 195 670 450 894 3 0.0519 383 594 632 839 6 0.0518 378 654 626 888 5 0.0518 56 653 309 883 5 0.0517 371 716 618 950 5 0.0514 115 598 376 823 13 0.0513 257 665 510 897 6 0.0513 65 656 313 888 8 0.0513 441 652 678 888 5 0.0509 376 591 624 827 10 0.0503 372 720 625 951
jIScpsP3THJT2WFYJgLmWRzYi0HSVVkB,14 1.0 0 0 1 1
c7HIez9dwhcrFPleKPMjrb2dR5tQz7tl,6 0.0550 188 341 439 576 8 0.0548 411 287 762 471 5 0.0545 181 338 434 574 0 0.0531 189 341 439 578 8 0.0530 339 347 681 533 5 0.0528 404 286 765 470 5 0.0524 331 343 686 533 13 0.0523 414 291 775 470 11 0.0514 184 346 434 577 0 0.0512 336 347 694 537 6 0.0511 246 414 495 646 0 0.0509 409 288 777 473 8 0.0506 188 341 429 576 6 0.0506 343 346 695 534 11 0.0504 331 350 697 533 7 0.0503 341 345 698 535 8 0.0501 246 412 486 646
T8AR4vX8vCDkBGjmc2THQoFtWcAyIEFN,11 0.0581 178 683 437 903 11 0.0542 501 418 759 649 11 0.0542 295 662 556 896 8 0.0539 564 294 822 518 7 0.0535 503 276 760 510 7 0.0527 266 529 527 771 5 0.0526 566 348 831 587 8 0.0518 241 72 495 311 11 0.0517 568 354 834 579 0 0.0516 451 779 691 1023 6 0.0515 320 532 579 767 11 0.0512 235 78 503 310 5 0.0511 259 527 516 772 8 0.0507 319 530 567 764 13 0.0506 301 660 567 904 8 0.0504 297 658 548 898 7 0.0500 506 415 765 653
FlUDTF2OoWICTixcQbUFDkQ3n3acghbf,5 0.0567 188 403 447 643 8 0.0563 247 399 500 641 0 0.0558 437 526 702 751 11 0.0556 301 591 571 825 11 0.0551 376 526 638 763 7 0.0547 196 408 451 642 11 0.0545 189 409 451 643 0 0.0542 300 517 569 769 8 0.0536 301 516 561 767 5 0.0530 434 519 695 749 7 0.0530 443 523 709 749 11 0.0528 410 484 778 655 0 0.0525 409 484 776 659 0 0.0524 316 394 579 639 7 0.0522 318 392 585 634 5 0.0519 314 393 577 635 5 0.0516 294 513 567 767 6 0.0515 443 521 710 748 13 0.0513 194 410 457 648 6 0.0508 322 395 583 637 11 0.0508 316 397 578 632 5 0.0506 268 354 619 524 13 0.0506 417 479 787 655 8 0.0504 440 523 696 750 6 0.0504 302 518 576 770 6 0.0504 197 408 452 644
rNFgydZssmvnmqzo7L0ur8LiMApUysHa,11 0.0603 448 404 707 618 11 0.0576 311 398 572 625 8 0.0566 774 221 1006 455 7 0.0561 181 460 430 702 0 0.0552 183 462 425 703 11 0.0539 175 464 427 700 11 0.0533 766 226 1013 452 0 0.0532 525 2 896 154 3 0.0527 257 394 503 631 8 0.0521 318 402 562 630 8 0.0520 452 402 699 624 0 0.0520 450 407 705 626 7 0.0519 253 389 506 624 8 0.0517 178 461 418 700 5 0.0504 174 456 425 699 0 0.0500 705 271 968 496
uB6NxHkfo32PTGEssRLYREuQ2ZxAYdhf,8 0.0627 319 404 569 639 3 0.0617 316 406 575 644 11 0.0613 312 406 573 634 7 0.0609 445 395 694 627 7 0.0605 313 461 578 705 5 0.0605 243 405 511 638 11 0.0600 441 401 688 624 5 0.0594 315 336 574 562 6 0.0594 319 407 575 639 11 0.0593 390 331 648 553 13 0.0587 322 336 584 565 3 0.0587 444 400 688 633 0 0.0585 376 396 634 629 7 0.0577 322 335 581 563 5 0.0573 438 393 683 625 6 0.0568 220 346 585 539 0 0.0567 319 334 579 563 13 0.0561 380 396 639 631 13 0.0560 252 409 522 646 8 0.0553 388 329 639 560 8 0.0549 189 447 435 697 10 0.0545 316 408 577 638 11 0.0545 237 799 490 1019 0 0.0543 312 457 579 704 11 0.0541 208 346 582 536 3 0.0541 392 331 644 563 8 0.0540 238 798 482 1023 6 0.0537 238 804 489 1023 8 0.0536 216 345 565 540 6 0.0536 444 401 693 628 3 0.0534 212 348 581 543 13 0.0526 454 349 704 560 7 0.0525 242 793 494 1021 2 0.0523 322 343 575 564 11 0.0520 186 397 452 632 5 0.0513 174 330 434 569 7 0.0513 188 448 445 694 0 0.0509 451 348 698 562 1 0.0506 311 398 571 639 5 0.0505 238 792 487 1019 3 0.0504 192 400 447 640 0 0.0503 243 799 492 1023 6 0.0503 253 674 500 898
bF60ysOhHz2FmRqf3fMVlnS7aaDA4M63,0 0.0667 182 661 438 902 7 0.0657 245 657 501 891 11 0.0656 209 677 566 849 5 0.0652 122 712 367 955 7 0.0647 127 716 371 956 7 0.0638 132 593 378 837 5 0.0638 180 656 435 897 8 0.0636 125 715 367 954 8 0.0627 211 677 559 850 11 0.0617 123 714 368 952 3 0.0616 130 657 376 909 11 0.0613 124 597 378 834 0 0.0611 245 592 494 827 6 0.0598 126 718 372 954 10 0.0596 126 665 377 906 8 0.0592 124 595 369 837 5 0.0592 124 592 372 836 3 0.0580 244 657 498 897 10 0.0575 204 679 570 851 6 0.0563 209 678 570 849 1 0.0554 125 652 375 905 2 0.0552 241 663 497 892 13 0.0551 128 716 374 954 5 0.0545 244 583 489 823 11 0.0540 360 602 618 815 2 0.0534 126 719 369 957 0 0.0534 358 603 618 823 9 0.0532 205 677 564 847 7 0.0529 249 519 503 746 6 0.0527 125 599 378 836 12 0.0521 129 658 377 907 13 0.0519 131 596 384 840 7 0.0513 368 599 624 816 2 0.0512 130 603 377 841 1 0.0508 236 653 498 895 13 0.0504 211 677 577 852
wvePlG2ajKED7OKz6TRHvB8K9alkNQxB,0 0.0564 636 455 885 689 0 0.0563 322 426 686 610 11 0.0556 325 427 686 608 6 0.0553 640 454 888 687 5 0.0550 762 337 1022 584 5 0.0550 368 5 639 246 5 0.0547 319 423 680 609 6 0.0539 498 450 760 688 5 0.0539 628 453 882 685 11 0.0535 690 405 953 631 8 0.0534 496 531 747 762 5 0.0531 490 525 756 759 5 0.0530 306 467 566 709 13 0.0530 498 529 764 763 0 0.0529 492 453 759 697 11 0.0522 313 471 570 710 8 0.0521 698 398 939 634 13 0.0521 698 403 961 634 8 0.0520 365 465 618 706 6 0.0512 326 428 689 607 6 0.0509 569 518 828 748 7 0.0504 496 452 761 692 8 0.0504 636 452 874 688 6 0.0502 376 9 648 245
sNHtsNMUyFnChBZWjqQjFTYWH5sSmvZZ,5 0.0606 45 455 300 709 11 0.0582 46 405 324 634 11 0.0570 177 263 437 497 6 0.0568 48 404 325 641 5 0.0565 440 589 684 836 8 0.0562 51 402 313 640 7 0.0550 449 591 691 839 5 0.0546 182 255 433 501 11 0.0545 444 596 686 836 0 0.0544 448 595 691 840 8 0.0544 186 263 427 502 8 0.0535 65 512 299 756 3 0.0532 187 265 436 510 7 0.0527 190 257 440 502 11 0.0523 183 398 448 642 6 0.0521 189 259 439 502 11 0.0517 59 516 308 750 8 0.0512 443 595 680 836 0 0.0510 183 260 435 507 8 0.0509 190 394 437 645 7 0.0508 59 403 324 638 6 0.0508 450 595 692 837 0 0.0507 581 535 816 759 5 0.0506 183 393 440 644 6 0.0504 188 394 451 647 7 0.0502 380 521 623 764 5 0.0501 573 522 809 759 10 0.0501 443 599 689 838
lAE19JMJBAmzc7onGQTx9Vyv2UjMmaNE,0 0.0625 457 535 722 764 5 0.0612 309 399 569 639 11 0.0610 419 345 698 562 5 0.0593 231 333 493 571 11 0.0592 392 544 652 762 13 0.0590 373 343 639 570 0 0.0590 384 392 640 632 5 0.0586 365 337 631 566 8 0.0578 373 341 629 570 7 0.0575 374 340 638 569 7 0.0571 321 403 576 640 10 0.0564 371 345 639 569 13 0.0563 320 409 579 642 8 0.0560 314 406 566 641 13 0.0558 368 210 633 447 3 0.0558 375 341 635 573 13 0.0558 484 303 751 529 8 0.0557 241 337 493 572 7 0.0556 387 462 647 691 3 0.0552 448 398 704 629 5 0.0552 381 462 635 692 5 0.0551 255 537 525 776 5 0.0551 299 277 558 501 5 0.0550 434 394 702 622 6 0.0549 317 409 580 640 7 0.0548 460 537 724 758 6 0.0546 422 345 701 563 13 0.0543 313 283 572 507 0 0.0541 308 335 577 572 11 0.0540 314 470 580 699 0 0.0540 390 621 649 842 10 0.0540 384 470 644 687 0 0.0539 480 295 743 527 8 0.0535 441 397 696 626 8 0.0532 310 281 559 506 13 0.0532 390 467 648 697 2 0.0531 319 408 572 643 13 0.0527 445 404 708 629 8 0.0526 391 540 642 770 7 0.0525 395 617 653 840 6 0.0523 459 538 729 756 10 0.0521 238 343 500 573 7 0.0521 441 399 705 624 2 0.0520 370 347 635 572 3 0.0519 320 404 572 644 3 0.0518 463 535 718 763 7 0.0518 309 279 566 506 7 0.0518 245 336 505 572 11 0.0516 418 213 685 445 11 0.0515 306 339 574 568 6 0.0514 306 284 569 508 0 0.0511 312 464 578 705 10 0.0508 457 545 721 754 13 0.0507 458 537 728 759 10 0.0507 303 288 566 507 10 0.0506 443 404 704 621 10 0.0506 319 410 575 639 9 0.0505 315 402 572 635 13 0.0503 247 340 507 576 6 0.0503 387 467 648 691 3 0.0502 306 283 563 512 3 0.0502 389 464 644 698 11 0.0500 259 541 535 769
qeZbzOGjdaMruNaiH0ShXFH2l4bVJZu7,11 0.0598 380 344 633 569 11 0.0576 265 282 637 469 8 0.0566 391 342 626 573 6 0.0558 279 224 641 411 5 0.0557 262 276 627 468 0 0.0552 508 288 751 516 0 0.0549 321 133 580 384 11 0.0543 315 138 578 386 3 0.0543 386 342 634 576 0 0.0540 384 338 631 577 6 0.0538 386 343 636 574 11 0.0534 507 291 754 513 13 0.0534 277 282 644 475 7 0.0532 386 339 635 577 13 0.0531 327 134 586 387 10 0.0529 268 284 630 472 13 0.0529 386 340 637 575 0 0.0526 268 280 634 474 8 0.0517 275 221 618 411 0 0.0513 303 386 563 624 13 0.0513 3 5 253 227 11 0.0511 297 391 566 615 7 0.0505 310 387 565 625 5 0.0500 314 130 573 377
L9KVbvqCUgo3LTiyx1g7BknbxCJZ1nyB,5 0.0604 364 722 634 953 7 0.0571 373 727 643 953 3 0.0570 372 727 634 956 0 0.0563 369 724 640 957 10 0.0561 364 729 635 953 11 0.0556 368 729 638 950 5 0.0552 0 793 253 1008 8 0.0552 369 725 629 952 0 0.0547 1 797 261 1015 13 0.0535 282 801 645 987 11 0.0526 274 348 645 530 6 0.0525 279 799 639 985 11 0.0521 370 222 640 439 3 0.0519 4 792 255 1016 8 0.0515 2 789 250 1008 11 0.0512 0 799 256 1007 11 0.0507 319 532 580 764 8 0.0506 375 220 630 444 13 0.0506 317 332 590 576
e9yXEgKhS1OFaDBoj1ROjSodZje23ZZR,0 0.0631 177 517 425 754 11 0.0626 181 590 445 813 7 0.0618 181 518 427 752 8 0.0613 186 586 436 816 5 0.0575 165 467 409 697 0 0.0574 239 414 499 647 8 0.0574 171 469 410 699 11 0.0560 116 520 377 738 6 0.0558 179 521 428 748 11 0.0558 566 598 814 818 13 0.0558 183 521 433 751 7 0.0554 242 416 506 644 3 0.0554 185 588 442 819 5 0.0547 180 586 438 815 0 0.0535 570 597 812 829 10 0.0534 175 525 424 750 8 0.0519 239 412 495 640 11 0.0517 237 421 504 641 7 0.0513 577 598 810 825 5 0.0511 234 414 495 638 10 0.0511 232 422 502 644 11 0.0511 110 426 360 635
I135hG2ETpSrwNsTRHU9SYVRDk03piiF,7 0.0578 384 788 620 1023 11 0.0573 362 284 624 511 8 0.0572 371 661 629 908 11 0.0557 560 395 827 621 0 0.0553 368 661 639 908 3 0.0553 370 282 624 520 7 0.0552 570 393 828 627 13 0.0549 499 459 773 697 7 0.0549 380 659 644 909 5 0.0544 563 389 821 627 13 0.0541 567 398 832 628 5 0.0540 371 783 608 1017 6 0.0540 573 392 827 625 8 0.0540 183 395 427 648 8 0.0538 567 394 818 627 13 0.0535 373 348 636 578 8 0.0534 321 340 565 582 8 0.0532 421 393 681 635 5 0.0529 301 273 563 513 0 0.0526 565 395 824 630 3 0.0519 570 397 823 635 6 0.0517 312 279 572 514 5 0.0517 173 396 427 641 11 0.0516 372 660 634 904 5 0.0516 434 642 702 894 6 0.0514 372 347 634 575 5 0.0512 363 339 622 573 13 0.0511 312 280 572 522 0 0.0510 181 398 434 648 7 0.0509 320 344 574 586 7 0.0507 237 741 512 977 13 0.0502 184 397 440 651 7 0.0502 500 461 772 702 13 0.0501 389 792 620 1023
HOdjvb0W2tVpBWNf9hfRO6PiXI8S6bmc,11 0.0608 253 332 499 577 11 0.0599 310 398 571 639 8 0.0594 314 265 561 499 8 0.0591 504 465 756 706 6 0.0589 267 484 519 724 0 0.0583 253 329 498 582 7 0.0583 509 467 767 707 0 0.0577 372 466 632 710 6 0.0574 189 400 444 651 11 0.0573 307 270 568 502 11 0.0572 121 416 392 644 2 0.0572 503 468 762 703 0 0.0571 505 467 763 707 6 0.0570 510 467 767 704 3 0.0568 365 275 628 510 0 0.0566 185 402 442 653 0 0.0565 248 210 509 450 3 0.0564 507 470 763 709 7 0.0564 366 276 640 503 6 0.0563 314 268 570 501 11 0.0562 500 536 763 763 8 0.0561 430 531 688 761 13 0.0560 507 468 770 706 8 0.0559 187 403 434 651 3 0.0557 435 329 693 575 5 0.0556 500 527 756 762 6 0.0554 436 397 696 642 13 0.0551 434 400 702 642 8 0.0550 254 329 490 577 3 0.0548 371 404 637 648 8 0.0547 365 334 623 578 7 0.0546 122 409 390 644 0 0.0546 179 281 433 517 6 0.0545 316 391 573 640 11 0.0542 421 471 691 705 6 0.0541 434 266 701 504 6 0.0540 256 325 502 578 10 0.0536 244 276 503 503 6 0.0536 440 598 706 822 2 0.0535 425 533 695 761 3 0.0533 433 534 694 765 7 0.0532 432 534 700 762 0 0.0531 360 214 629 446 13 0.0531 367 470 636 710 13 0.0531 432 534 705 763 5 0.0531 244 548 504 791 8 0.0524 180 277 426 517 13 0.0524 369 335 643 578 13 0.0524 191 402 446 653 5 0.0524 247 325 493 575 11 0.0524 429 601 704 824 5 0.0524 418 465 686 706 7 0.0524 247 268 507 505 0 0.0523 316 395 574 643 6 0.0523 183 280 435 518 11 0.0523 178 283 438 514 5 0.0522 304 390 569 636 8 0.0522 434 400 685 643 5 0.0521 179 397 439 648 11 0.0521 263 487 515 722 3 0.0518 258 398 503 653 8 0.0518 366 602 623 833 13 0.0516 248 211 520 451 8 0.0516 119 357 371 585 5 0.0514 302 263 564 497 8 0.0511 432 268 691 503 11 0.0510 287 671 557 907 2 0.0509 431 402 692 639 11 0.0509 428 270 697 505 6 0.0508 370 465 636 707 9 0.0507 504 465 763 699 10 0.0506 186 408 437 649 11 0.0505 357 532 629 763 12 0.0503 503 465 765 703 0 0.0500 435 398 693 643 10 0.0500 425 475 689 707
TqdIyf1OM7CY6ks8Mngwt9K7bLVILAHy,8 0.0628 107 0 365 193 11 0.0584 100 1 381 197 3 0.0582 107 0 374 201 7 0.0566 41 0 311 202 13 0.0550 52 2 322 200 8 0.0525 1 14 225 260 10 0.0524 0 16 235 258 5 0.0522 98 0 376 197 6 0.0511 50 2 312 199 11 0.0509 0 17 237 262
qz7l0JoaqtoZm0yZy8C5qDpasWZ1v0kc,11 0.0554 248 396 515 625 0 0.0541 497 823 766 1023 5 0.0540 487 815 761 1018 7 0.0533 256 392 516 626 11 0.0526 492 824 764 1022 11 0.0526 393 528 641 772 7 0.0511 500 818 772 1023 0 0.0510 422 729 714 959 0 0.0508 325 654 581 906 11 0.0507 365 729 648 956 13 0.0507 503 822 772 1022 5 0.0505 244 390 511 623 5 0.0504 390 522 635 773
tS7HLnz2v46xSn49FWTMbsqfbwiMZb0B,7 0.0634 182 660 437 894 7 0.0633 251 724 502 961 8 0.0614 251 722 496 960 11 0.0612 173 719 430 955 5 0.0601 175 718 426 954 10 0.0589 177 725 429 957 0 0.0584 251 721 500 965 8 0.0582 181 659 428 893 6 0.0577 179 721 432 957 11 0.0575 239 599 503 822 8 0.0573 4 875 354 1022 5 0.0557 0 872 357 1022 10 0.0545 3 879 363 1023 3 0.0538 253 721 501 967 13 0.0536 180 721 433 960 0 0.0530 179 658 437 899 7 0.0529 242 591 503 824 8 0.0528 240 593 488 826 3 0.0519 183 659 437 899 7 0.0504 9 873 365 1022 5 0.0502 174 599 435 830
Y3GO0k8DoKh6KFxzHBFWtrXsDR3ntpuz,3 0.0661 559 0 824 201 8 0.0649 306 456 562 698 11 0.0638 360 380 628 623 8 0.0636 514 0 864 150 5 0.0633 511 0 862 147 11 0.0608 515 0 868 148 11 0.0605 282 536 651 716 5 0.0604 300 384 561 630 0 0.0604 520 1 865 148 8 0.0602 430 396 678 640 7 0.0602 557 0 828 197 8 0.0601 239 390 488 634 5 0.0598 251 320 496 559 3 0.0594 432 399 686 642 7 0.0590 433 395 689 639 11 0.0574 235 391 496 631 13 0.0573 367 382 635 626 6 0.0572 522 1 871 147 0 0.0566 428 396 686 637 5 0.0566 427 389 683 635 9 0.0565 515 0 868 146 0 0.0564 499 17 760 247 12 0.0563 515 0 874 150 10 0.0563 512 3 869 147 0 0.0562 281 534 649 718 3 0.0559 305 389 565 635 6 0.0557 433 400 689 638 10 0.0555 302 461 571 702 0 0.0554 315 317 572 560 10 0.0553 496 19 762 245 8 0.0551 317 321 561 558 2 0.0547 516 2 865 148 3 0.0546 293 536 651 722 13 0.0544 305 457 575 701 7 0.0543 307 387 568 636 4 0.0538 521 3 873 148 5 0.0535 282 532 648 718 2 0.0529 494 22 757 244 13 0.0528 499 14 770 245 10 0.0528 255 328 502 561 0 0.0523 246 260 500 495 6 0.0521 245 395 502 632 7 0.0519 255 319 503 561 6 0.0518 306 459 574 700 1 0.0518 298 449 563 701 7 0.0516 293 536 658 722 0 0.0516 238 390 501 633 13 0.0511 244 393 503 637 9 0.0511 425 399 686 632 6 0.0510 319 323 571 557 2 0.0509 309 394 561 631 4 0.0507 499 19 763 244 10 0.0503 365 387 632 626 1 0.0501 361 374 622 628
V4JB5uJZhfQRgoNS7yRfR7fCVgdA00zR,11 0.0650 191 675 575 846 0 0.0634 191 672 579 851 11 0.0605 384 590 630 838 5 0.0603 187 669 567 847 8 0.0593 202 547 571 733 0 0.0590 197 550 581 737 7 0.0587 195 674 579 849 5 0.0582 193 547 575 734 11 0.0570 181 540 434 770 13 0.0566 200 673 585 849 6 0.0559 195 676 582 846 10 0.0557 249 591 506 835 8 0.0556 255 402 486 638 8 0.0554 200 673 565 846 11 0.0549 315 472 556 698 7 0.0549 257 399 499 641 7 0.0549 184 534 437 776 7 0.0548 318 467 560 701 8 0.0543 388 586 624 839 2 0.0539 199 676 574 848 3 0.0538 193 674 570 850 11 0.0536 318 331 570 567 5 0.0536 379 583 628 837 7 0.0536 324 263 574 495 5 0.0536 252 394 492 641 6 0.0533 249 532 504 770 13 0.0532 317 470 566 702 5 0.0532 317 323 561 567 3 0.0526 204 550 584 738 10 0.0525 385 593 630 839 2 0.0517 205 556 583 737 10 0.0514 201 551 585 736 0 0.0514 322 330 567 572 0 0.0514 253 401 494 644 3 0.0511 386 587 632 845 13 0.0510 387 586 639 841 11 0.0505 251 404 496 639 13 0.0502 181 536 443 774
hlmY0sZRRVLETvs4fMcosSxMJI7nFaHZ,5 0.0667 306 254 561 496 5 0.0653 333 540 709 720 0 0.0646 344 543 711 726 5 0.0646 246 327 494 567 8 0.0641 347 540 703 724 0 0.0640 323 581 573 832 11 0.0633 580 530 830 778 11 0.0627 306 262 566 501 3 0.0625 401 470 648 722 11 0.0624 354 482 722 672 13 0.0622 396 526 650 767 11 0.0620 248 399 507 638 3 0.0615 252 398 506 644 5 0.0615 247 464 504 711 3 0.0613 520 528 771 788 8 0.0613 248 271 486 512 5 0.0613 439 0 703 203 5 0.0611 314 142 568 377 5 0.0610 509 521 770 776 13 0.0610 327 581 585 828 6 0.0607 326 467 582 714 8 0.0606 318 201 567 441 0 0.0601 579 529 830 781 3 0.0599 311 262 566 508 5 0.0598 176 395 434 640 13 0.0597 254 400 512 641 6 0.0596 253 398 510 639 11 0.0596 443 581 699 824 6 0.0594 327 578 580 829 5 0.0593 308 636 571 884 3 0.0593 450 0 698 209 0 0.0592 251 205 505 449 0 0.0589 250 398 508 639 6 0.0588 310 260 568 501 7 0.0588 453 512 707 770 6 0.0587 444 578 708 826 7 0.0586 260 203 504 447 8 0.0584 516 525 766 782 8 0.0583 181 398 427 643 7 0.0579 253 398 509 639 13 0.0578 521 528 774 779 6 0.0576 583 532 837 778 3 0.0573 399 583 642 833 8 0.0569 196 201 424 452 11 0.0568 314 648 581 889 3 0.0568 391 158 619 379 3 0.0567 323 531 572 775 11 0.0567 314 154 567 380 8 0.0566 387 9 627 242 11 0.0565 172 466 433 707 5 0.0564 196 114 441 363 8 0.0564 259 541 499 777 2 0.0563 347 547 710 722 7 0.0562 386 153 627 376 13 0.0562 516 0 778 198 2 0.0560 582 537 832 781 3 0.0559 465 76 692 324 6 0.0558 324 150 574 379 2 0.0558 446 588 702 826 7 0.0557 583 529 830 782 0 0.0555 511 3 767 198 11 0.0555 506 0 775 193 8 0.0553 454 79 692 316 13 0.0551 179 465 439 709 8 0.0551 152 1 514 162 7 0.0551 323 645 580 895 7 0.0549 446 1 708 205 13 0.0548 365 480 728 672 10 0.0548 452 521 712 773 8 0.0548 262 136 506 371 0 0.0547 254 654 503 899 5 0.0547 134 48 386 295 8 0.0546 385 154 618 373 9 0.0546 337 546 711 719 11 0.0543 649 460 894 689 0 0.0542 631 653 877 906
OOE3b0FgoIeYfnUbw5k6vUr1BiWCbocP,5 0.0560 568 340 814 573 0 0.0554 569 348 821 573 11 0.0538 565 346 819 571 0 0.0528 249 208 501 438 0 0.0509 188 274 438 506 11 0.0509 182 138 443 367 0 0.0508 315 268 570 497 8 0.0502 571 344 810 574 11 0.0501 316 271 571 493
FWJHQEckP7KQuGEZt8ySxTUSRJTTUeAh,0 0.0607 186 272 443 509 5 0.0593 561 276 818 492 8 0.0593 383 259 634 484 11 0.0589 386 262 639 484 5 0.0586 175 327 428 565 11 0.0584 561 278 826 490 8 0.0581 565 275 816 497 6 0.0581 191 273 445 506 5 0.0580 244 259 505 499 0 0.0577 563 278 822 501 11 0.0577 172 331 435 564 7 0.0563 367 781 620 1023 5 0.0556 376 257 636 480 13 0.0556 252 260 513 505 0 0.0556 323 273 574 505 8 0.0553 180 330 425 573 11 0.0553 246 263 508 497 8 0.0552 254 264 499 505 3 0.0551 237 320 494 554 5 0.0551 316 198 572 422 7 0.0550 242 313 498 548 10 0.0548 250 271 505 501 13 0.0548 569 279 831 493 5 0.0547 355 777 611 1022 11 0.0544 378 395 628 620 13 0.0544 182 332 439 572 6 0.0539 183 394 424 614 10 0.0538 490 264 749 485 7 0.0536 389 259 643 485 8 0.0531 385 391 625 624 6 0.0529 257 204 516 433 11 0.0523 360 787 612 1020 0 0.0521 251 196 509 431 3 0.0518 321 275 571 509 0 0.0517 358 780 614 1023 6 0.0513 325 274 578 503 0 0.0512 178 392 418 619 10 0.0511 362 785 614 1022 7 0.0509 256 196 514 430 3 0.0504 570 278 821 500 3 0.0500 177 394 418 622
SFLEjV7meuvc70EMGTvnr4DefwFWudJL,7 0.0642 316 790 562 1022 0 0.0636 316 790 561 1023 11 0.0620 312 791 557 1020 5 0.0609 310 788 557 1019 8 0.0604 317 789 552 1023 6 0.0587 319 798 563 1023 0 0.0579 704 5 957 209 13 0.0563 644 1 1023 145 10 0.0559 312 797 558 1021 11 0.0557 648 800 889 1023 6 0.0548 637 3 1023 142 8 0.0544 638 798 883 1023 7 0.0541 646 798 900 1023 0 0.0537 643 802 892 1023 10 0.0534 699 3 957 202 5 0.0532 634 0 1014 143 13 0.0524 319 794 566 1023 2 0.0521 316 797 563 1023 11 0.0518 702 4 957 197 5 0.0515 634 797 887 1021 9 0.0514 315 796 559 1019 3 0.0514 706 0 959 207 13 0.0509 642 804 899 1023 3 0.0507 319 793 559 1023 6 0.0501 644 806 898 1023
pX6gLXnUuUlG9IQk0RiwyMIMFBXDTiYD,5 0.0614 312 518 572 753 11 0.0606 769 655 1023 875 5 0.0602 765 514 1021 761 8 0.0588 769 520 1019 758 11 0.0578 767 520 1023 757 11 0.0573 316 524 575 753 13 0.0572 774 517 1023 759 8 0.0572 318 525 565 757 0 0.0569 770 519 1023 761 8 0.0566 778 649 1017 885 3 0.0561 772 519 1023 765 7 0.0560 773 517 1023 757 0 0.0558 318 520 574 759 11 0.0555 169 665 447 886 2 0.0554 771 526 1022 756 3 0.0552 325 520 572 763 8 0.0552 185 593 454 824 5 0.0550 770 642 1019 882 0 0.0547 184 518 457 772 7 0.0547 327 524 577 759 6 0.0539 190 596 470 825 5 0.0538 0 644 144 1021 6 0.0532 773 516 1023 756 10 0.0530 770 526 1022 758 6 0.0527 326 522 584 755 2 0.0521 675 485 1012 663 13 0.0519 0 655 152 1023 13 0.0517 779 651 1023 882 7 0.0515 187 516 461 762 8 0.0513 668 481 1005 665 0 0.0512 0 655 145 1023 5 0.0507 180 591 461 824 8 0.0503 243 795 499 1017 3 0.0503 781 651 1023 885 0 0.0501 181 662 442 896
46dm3Z82lDHnCde9uxjSq20Mox6Cj5Jv,8 0.0676 385 787 635 1023 5 0.0661 424 787 691 1023 11 0.0621 431 788 697 1019 7 0.0596 383 785 644 1023 3 0.0569 436 788 695 1023 0 0.0568 430 791 701 1023 6 0.0562 434 791 704 1021 11 0.0562 440 584 700 824 10 0.0561 433 792 696 1022 5 0.0561 433 660 696 903 13 0.0550 386 786 646 1023 8 0.0549 515 791 752 1020 7 0.0541 512 789 764 1023 8 0.0540 326 723 576 961 8 0.0536 446 583 687 828 11 0.0535 375 528 631 761 0 0.0534 321 719 585 965 8 0.0529 384 641 629 892 1 0.0520 375 782 638 1023 7 0.0516 386 528 631 767 2 0.0514 437 794 699 1022 10 0.0507 326 725 579 961 11 0.0506 772 22 1014 267 2 0.0504 450 269 713 498 0 0.0503 435 662 701 909
ge6nGZ83Sdj0PsAyHT7trYoi9b2CbuCM,8 0.0639 507 347 756 577 0 0.0617 505 349 762 580 8 0.0609 384 269 633 503 11 0.0607 297 403 564 640 11 0.0607 371 340 630 575 7 0.0601 443 350 698 583 11 0.0584 438 279 701 504 11 0.0581 370 129 633 364 7 0.0580 388 269 637 506 5 0.0579 503 342 756 578 8 0.0579 372 127 629 369 6 0.0576 509 349 765 579 11 0.0573 504 351 763 576 5 0.0570 379 265 634 504 0 0.0565 440 277 703 508 8 0.0562 304 400 554 644 11 0.0560 512 147 758 382 8 0.0559 255 131 503 385 6 0.0557 444 279 701 506 11 0.0557 250 133 507 380 0 0.0554 369 127 636 371 3 0.0550 386 271 636 507 3 0.0550 443 353 693 586 10 0.0546 370 132 637 369 10 0.0545 383 272 638 504 5 0.0543 250 128 505 383 13 0.0542 405 351 772 534 7 0.0542 379 128 636 369 13 0.0541 374 130 642 369 8 0.0537 471 540 823 739 0 0.0537 372 337 630 579 10 0.0535 438 355 696 583 7 0.0532 480 539 839 742 8 0.0530 364 470 623 702 10 0.0529 251 136 509 386 13 0.0529 305 399 568 646 0 0.0528 239 390 493 640 11 0.0528 359 468 632 700 8 0.0527 515 219 760 459 6 0.0521 378 340 634 576 0 0.0521 473 541 839 740 2 0.0519 444 282 700 504 3 0.0519 240 400 492 647 5 0.0519 232 390 495 634 3 0.0519 379 130 635 371 9 0.0519 383 271 636 501 5 0.0518 508 214 760 460 10 0.0518 301 404 566 645 6 0.0518 517 222 771 458 3 0.0515 517 287 768 522 13 0.0515 481 538 847 739 5 0.0514 369 123 632 366 11 0.0513 468 538 835 737 7 0.0513 305 397 565 645 2 0.0510 509 354 762 577 2 0.0503 377 208 632 440 8 0.0501 580 595 815 846 7 0.0501 262 130 509 383
Z4gwPVTWsAUN6kltAymFOSbFWND4mdKw,0 0.0599 313 675 582 915 11 0.0591 308 678 578 913 8 0.0585 314 673 573 912 8 0.0585 430 606 675 832 5 0.0571 425 604 677 833 0 0.0567 430 607 682 836 11 0.0565 431 606 680 835 7 0.0548 436 604 691 833 7 0.0540 315 673 588 915 7 0.0527 393 404 635 635 6 0.0521 511 609 756 829 11 0.0518 583 725 822 943 5 0.0518 307 670 576 909 11 0.0513 459 476 701 697 6 0.0511 315 676 584 912 10 0.0506 310 680 579 910 3 0.0503 431 606 682 840
GPY9qjJNg9ML22DZcbbADDRvaJp1yAnp,11 0.0631 578 271 835 507 8 0.0615 579 267 825 512 7 0.0607 506 336 762 572 11 0.0600 562 796 823 1013 0 0.0600 625 409 879 641 11 0.0596 564 400 821 633 11 0.0588 498 341 760 569 8 0.0588 498 338 752 574 5 0.0583 575 264 825 512 3 0.0579 503 339 762 577 3 0.0578 585 267 829 517 5 0.0575 561 397 818 635 8 0.0574 628 406 872 639 5 0.0571 493 334 756 570 11 0.0571 382 336 650 571 0 0.0567 579 270 831 514 11 0.0563 255 263 514 506 0 0.0562 437 336 700 575 13 0.0559 443 335 707 572 10 0.0558 563 401 819 638 6 0.0558 566 398 824 635 3 0.0557 570 400 820 641 13 0.0555 306 405 661 598 7 0.0549 568 791 829 1017 7 0.0548 320 332 581 578 7 0.0544 570 397 823 637 13 0.0544 254 331 514 577 13 0.0544 568 401 825 637 6 0.0541 503 339 763 571 11 0.0541 623 481 873 711 6 0.0538 583 271 835 513 5 0.0536 179 327 437 581 11 0.0535 231 416 603 601 0 0.0534 497 402 763 642 6 0.0532 240 415 605 602 5 0.0529 553 786 819 1013 8 0.0529 187 330 430 583 5 0.0522 255 257 510 504 5 0.0522 309 330 575 573 13 0.0521 581 267 837 510 3 0.0516 387 334 649 581 0 0.0515 504 521 766 763 11 0.0514 180 334 441 581 10 0.0512 581 272 834 513 11 0.0512 691 416 948 654 7 0.0512 191 326 444 580 10 0.0512 440 339 700 577 0 0.0511 313 333 577 578 11 0.0511 246 142 521 390 10 0.0510 621 483 872 713 8 0.0508 387 332 640 574 8 0.0507 567 794 815 1017 10 0.0505 237 419 599 603 8 0.0503 258 261 503 506 3 0.0501 570 794 821 1023 3 0.0500 248 333 506 582
9CSFeC5iGl49RDXRTEh3NXexZUXrt6QG,11 0.0583 380 674 733 855 8 0.0561 381 673 723 854 0 0.0560 382 673 735 858 7 0.0538 387 672 742 857 5 0.0530 378 670 727 856 13 0.0510 385 671 743 858 5 0.0507 291 657 565 901 6 0.0505 385 673 735 856
AymUPfzaOCTN4W12rn9srSy61nV9z34L,11 0.0575 441 791 695 1022 11 0.0566 499 734 769 958 13 0.0551 387 792 636 1023 11 0.0547 430 589 705 822 7 0.0533 446 786 694 1021 11 0.0531 309 790 559 1015 0 0.0531 443 788 694 1023 7 0.0527 504 584 768 831 8 0.0522 499 591 757 834 5 0.0520 441 784 690 1020 7 0.0518 504 728 769 958 8 0.0517 448 785 684 1021 11 0.0517 375 730 638 960 7 0.0516 313 782 564 1018 8 0.0507 313 781 552 1018 8 0.0504 503 730 759 960 5 0.0502 499 729 758 957
RWZWwVZO3CIJq39n7PMECW53jDg4mUKb,11 0.0624 306 786 548 1016 11 0.0610 253 721 492 958 7 0.0599 307 714 548 958 8 0.0591 307 785 542 1020 5 0.0589 305 779 547 1018 7 0.0582 440 717 676 966 5 0.0580 247 714 491 960 7 0.0573 374 784 616 1023 11 0.0572 363 721 605 951 8 0.0564 253 718 486 961 5 0.0558 318 738 693 910 8 0.0550 329 738 690 911 11 0.0547 289 655 555 878 8 0.0539 292 652 547 880 6 0.0539 325 740 705 910 10 0.0533 251 723 494 962 13 0.0533 373 788 617 1023 7 0.0532 192 402 443 655 0 0.0531 394 673 747 864 0 0.0531 326 740 696 913 0 0.0527 244 655 500 907 6 0.0523 372 792 617 1020 11 0.0514 426 668 676 893 7 0.0514 329 665 672 846 3 0.0512 329 739 697 916 5 0.0509 283 649 549 881 10 0.0505 308 789 549 1017 3 0.0502 374 784 613 1023
NvwxwTGUAZ3ziWjL97o0wSqLb4tTy7ay,11 0.0619 382 337 633 571 7 0.0596 373 780 642 1017 0 0.0575 370 777 637 1020 5 0.0570 365 775 635 1011 11 0.0566 439 269 692 503 3 0.0553 374 779 638 1022 11 0.0546 370 782 637 1013 6 0.0545 385 336 634 575 8 0.0538 374 777 628 1016 0 0.0537 439 271 691 508 7 0.0537 387 334 638 575 13 0.0523 384 332 640 579 11 0.0520 302 719 576 955 13 0.0520 375 783 644 1019 6 0.0518 309 266 570 505 2 0.0514 366 3 626 195 11 0.0511 378 211 621 429 0 0.0510 383 337 632 575 3 0.0509 437 2 691 214 7 0.0508 308 266 566 504 11 0.0506 306 269 565 504 8 0.0506 382 337 624 573 3 0.0503 387 335 634 584 10 0.0502 370 781 637 1018
KBZPbYQ63xnmnXQ2oey2IA06YQCTIRJU,5 0.0648 576 282 831 509 11 0.0622 251 329 529 573 8 0.0608 578 282 831 512 5 0.0604 247 322 523 575 11 0.0597 388 327 661 575 11 0.0592 576 286 838 507 5 0.0588 501 191 765 423 0 0.0580 260 254 531 499 5 0.0572 444 264 711 494 11 0.0570 496 402 765 622 8 0.0567 507 330 760 561 6 0.0564 263 253 536 498 8 0.0562 494 466 758 700 0 0.0559 575 347 825 570 0 0.0558 177 0 432 200 10 0.0556 512 273 773 493 8 0.0555 393 325 650 579 5 0.0554 386 322 659 573 7 0.0554 261 325 528 579 5 0.0553 246 182 507 425 5 0.0553 485 538 766 769 13 0.0552 584 288 838 512 13 0.0552 256 327 532 581 7 0.0550 453 331 710 567 8 0.0546 257 327 519 581 0 0.0539 710 272 965 504 11 0.0538 302 797 564 1012 7 0.0538 396 254 661 493 11 0.0536 704 270 970 490 0 0.0536 392 328 654 581 0 0.0535 512 274 767 494 3 0.0532 396 326 658 587 10 0.0529 449 334 712 568 8 0.0528 179 2 424 199 7 0.0525 582 286 837 512 0 0.0525 494 473 762 702 3 0.0525 584 287 835 518 11 0.0523 507 196 775 418 11 0.0519 232 13 487 252 3 0.0517 254 327 527 586 11 0.0517 435 471 701 698 5 0.0517 232 6 477 252 8 0.0516 508 196 770 425 0 0.0516 238 75 479 315 7 0.0514 500 539 775 773 2 0.0514 455 276 716 498 6 0.0514 519 273 775 499 6 0.0513 444 400 706 632 2 0.0508 503 410 761 624 6 0.0508 497 542 768 771 6 0.0507 580 346 827 572 2 0.0507 574 349 827 571 10 0.0506 573 347 827 570 9 0.0506 442 334 711 562 11 0.0506 488 544 767 765 9 0.0506 495 404 766 620 3 0.0503 456 267 715 510 5 0.0502 715 204 955 431 10 0.0501 448 211 722 424
Gj6ICNsf8YwkKzsU1XOznafuXavVfjpy,5 0.0625 321 644 584 897 5 0.0615 437 648 689 900 11 0.0606 437 657 694 896 5 0.0598 241 595 502 834 13 0.0588 581 344 844 584 5 0.0583 501 272 751 510 5 0.0581 171 148 419 389 11 0.0581 179 609 445 836 7 0.0575 187 603 450 838 0 0.0571 186 604 443 840 0 0.0570 575 277 831 513 8 0.0570 183 604 436 840 8 0.0569 373 653 637 892 6 0.0568 245 599 508 835 3 0.0562 505 279 757 517 7 0.0562 443 653 699 900 3 0.0562 442 655 695 904 13 0.0561 314 588 584 832 3 0.0561 583 346 835 589 6 0.0561 378 592 643 829 11 0.0559 242 154 493 390 8 0.0559 170 149 415 396 0 0.0554 178 154 423 394 7 0.0554 577 275 835 511 11 0.0552 575 349 833 582 0 0.0551 440 655 695 899 10 0.0547 183 611 444 837 8 0.0547 309 592 565 829 11 0.0539 374 591 637 827 8 0.0538 576 277 823 511 13 0.0537 380 651 654 894 10 0.0534 439 657 694 899 11 0.0531 501 282 754 511 0 0.0529 327 649 588 897 6 0.0527 441 654 698 898 7 0.0521 383 589 641 834 6 0.0521 252 155 491 391 2 0.0520 575 281 831 510 13 0.0520 504 280 765 509 12 0.0520 441 654 695 900 0 0.0519 243 290 504 530 9 0.0518 182 608 449 835 2 0.0512 380 594 634 830 13 0.0512 189 607 453 842 13 0.0511 117 144 377 392 3 0.0509 325 654 589 903 5 0.0509 575 340 829 581 10 0.0508 379 590 641 831 6 0.0508 579 276 837 509 6 0.0508 114 145 372 391 8 0.0507 259 217 500 459 2 0.0507 187 610 444 838 7 0.0505 253 528 506 763 0 0.0505 250 531 502 766 7 0.0502 263 217 513 456 11 0.0501 112 144 371 384 9 0.0501 435 654 693 892
WkXYLtgD5LpEQVtA54SaWVMwOQ1Enp4X,5 0.0635 447 66 692 287 11 0.0612 505 202 760 442 5 0.0607 297 153 654 338 5 0.0588 510 135 756 375 8 0.0586 449 73 690 290 5 0.0586 375 0 635 236 8 0.0585 512 140 756 375 0 0.0585 359 330 624 580 11 0.0581 358 338 625 572 8 0.0580 361 398 611 633 5 0.0578 278 276 646 468 11 0.0576 282 281 652 466 3 0.0576 510 202 757 451 6 0.0574 511 200 763 442 7 0.0571 450 73 701 293 0 0.0568 509 202 759 445 3 0.0566 362 333 627 581 3 0.0566 442 143 691 380 8 0.0565 265 348 619 540 13 0.0560 386 0 647 243 7 0.0554 512 199 763 446 8 0.0548 572 204 809 447 7 0.0543 315 218 671 403 11 0.0542 514 71 773 301 8 0.0540 303 159 643 342 0 0.0540 572 144 817 378 0 0.0538 521 75 773 305 5 0.0538 223 387 487 629 0 0.0533 230 390 489 633 6 0.0531 443 141 696 372 3 0.0528 290 277 652 474 13 0.0528 576 209 818 449 11 0.0528 180 778 432 999 11 0.0526 293 406 562 643 6 0.0525 362 330 624 576 8 0.0525 387 2 631 239 5 0.0524 568 202 810 445 0 0.0523 282 280 650 470 7 0.0523 311 331 574 579 3 0.0523 577 144 816 384 11 0.0523 568 145 820 376 13 0.0520 515 142 765 377 6 0.0518 301 399 560 645 0 0.0516 379 2 640 248 11 0.0516 438 140 695 368 8 0.0515 233 391 480 629 10 0.0513 505 204 758 444 5 0.0512 347 393 618 634 13 0.0512 361 334 630 579 2 0.0511 508 205 760 445 13 0.0510 234 392 496 637 6 0.0507 312 219 668 403 3 0.0506 384 0 640 248 10 0.0505 262 351 630 540 0 0.0503 186 773 431 1003 11 0.0501 226 469 484 705 13 0.0501 313 156 669 341
kznqBxckdf9JFzWk99rkmk0OP8GXCbFC,8 0.0609 757 75 1018 329 8 0.0540 697 16 948 261 6 0.0526 759 76 1023 328 11 0.0515 695 22 956 265 3 0.0512 759 77 1022 338 0 0.0511 756 77 1023 330 13 0.0508 758 77 1023 333 5 0.0505 750 72 1020 327 0 0.0502 634 1 890 197 7 0.0502 757 72 1023 331
6WHwyBWmfqkC5lwJVCwnk1d4SX4ERSfo,0 0.0604 55 526 305 764 10 0.0603 4 555 369 727 5 0.0602 3 551 366 726 11 0.0570 381 532 639 751 11 0.0569 342 484 695 664 8 0.0568 278 412 616 594 8 0.0558 348 480 691 667 6 0.0553 392 532 651 755 11 0.0551 2 554 373 724 13 0.0548 349 483 708 669 6 0.0548 357 481 711 667 11 0.0546 306 403 571 632 0 0.0543 383 526 643 755 0 0.0543 278 477 616 660 7 0.0540 59 523 311 761 5 0.0536 307 528 575 761 5 0.0534 333 477 702 664 7 0.0526 279 480 621 656 7 0.0526 314 534 583 763 3 0.0522 383 598 639 819 10 0.0514 382 532 645 750 13 0.0510 279 416 633 594 10 0.0509 303 469 566 691 6 0.0502 11 552 379 728 8 0.0501 7 549 361 729
I3yRH9nXcELYS8vTCaxwnh0f4ej2bBLy,8 0.0605 524 783 764 1020 11 0.0592 524 787 772 1019 0 0.0561 571 677 824 898 7 0.0555 531 781 779 1023 0 0.0547 526 782 777 1023 13 0.0537 527 787 779 1023 0 0.0530 447 663 705 896 11 0.0526 517 668 767 892 6 0.0517 529 785 777 1023 8 0.0516 574 678 814 890 3 0.0515 526 785 773 1023 8 0.0505 453 659 696 890
F6V7dtPOWTVnVy23jl1LYmU1OADxb54K,5 0.0603 236 208 486 440 11 0.0590 176 404 441 647 7 0.0583 246 206 491 442 0 0.0577 240 205 492 447 11 0.0574 305 796 566 1007 13 0.0572 246 281 497 518 8 0.0571 244 284 484 517 8 0.0567 370 206 616 433 11 0.0566 241 287 494 516 6 0.0564 247 283 492 519 0 0.0563 565 147 837 379 3 0.0559 242 351 499 593 0 0.0559 188 343 438 589 5 0.0557 231 343 499 584 8 0.0557 189 347 432 590 6 0.0553 309 354 569 593 5 0.0552 190 446 436 698 7 0.0549 373 209 625 433 5 0.0548 567 281 823 517 8 0.0540 373 345 618 567 13 0.0540 192 347 449 589 3 0.0539 243 208 489 449 7 0.0539 575 285 825 516 11 0.0539 367 211 622 431 5 0.0538 569 62 826 300 8 0.0537 570 210 828 449 10 0.0537 191 463 439 699 13 0.0535 376 345 633 570 11 0.0535 298 357 572 591 3 0.0530 529 214 776 453 3 0.0530 124 347 374 587 7 0.0529 193 286 437 525 8 0.0528 315 403 560 644 0 0.0528 572 288 823 516 0 0.0527 197 453 436 705 5 0.0521 357 334 621 566 0 0.0521 252 592 498 842 7 0.0520 257 466 504 704 8 0.0520 513 290 754 521 11 0.0519 435 523 699 766 11 0.0517 312 469 572 697 11 0.0517 576 210 839 450 5 0.0517 245 587 495 834 13 0.0514 316 408 576 647 3 0.0514 577 289 825 529 7 0.0513 525 215 777 447 6 0.0512 397 515 641 768 0 0.0511 365 204 621 434 3 0.0511 371 341 622 577 7 0.0510 446 335 696 559 11 0.0510 245 516 488 752 3 0.0507 376 206 619 437 8 0.0506 192 209 438 450 8 0.0505 442 518 690 765 10 0.0504 448 214 695 435 11 0.0504 435 338 688 558 13 0.0503 374 209 627 431 8 0.0502 249 514 477 758 5 0.0501 439 201 691 430 0 0.0500 507 8 759 240
x0pgudtslxIMsnmrlvPLQzVj4Niwk93q,5 0.0603 381 583 637 831 0 0.0599 389 586 639 834 11 0.0592 382 590 639 830 6 0.0571 388 590 643 833 11 0.0552 454 17 717 234 0 0.0544 392 701 617 949 11 0.0542 385 712 617 943 7 0.0540 389 590 645 836 8 0.0537 381 14 628 237 7 0.0528 312 653 569 892 10 0.0527 382 594 640 832 6 0.0527 237 509 505 767 11 0.0525 310 657 565 890 8 0.0523 386 591 633 830 12 0.0520 388 589 640 833 6 0.0517 391 709 620 944 9 0.0514 384 590 641 827 10 0.0510 306 659 568 891 11 0.0508 244 459 507 703 6 0.0507 315 655 567 891 3 0.0503 388 592 640 839
SyksjDHyWlWDRCWhwKDilTcFoVfhjIyQ,11 0.0646 272 873 629 1022 7 0.0633 255 787 498 1023 8 0.0623 275 871 624 1023 5 0.0618 267 870 626 1020 0 0.0615 271 873 631 1023 8 0.0597 567 792 810 1023 11 0.0597 567 794 817 1021 6 0.0592 258 791 501 1020 5 0.0582 564 793 812 1019 7 0.0572 505 785 756 1018 0 0.0569 567 794 818 1023 10 0.0555 268 873 631 1023 10 0.0544 568 796 817 1022 13 0.0533 273 874 642 1023 6 0.0532 507 789 754 1021 13 0.0532 192 786 450 1020 3 0.0532 276 871 633 1023 13 0.0529 508 790 757 1021 1 0.0510 268 869 628 1023 2 0.0509 270 876 631 1023 9 0.0508 265 872 631 1022 3 0.0501 505 788 754 1023
v21pp3SoUep7mmd1XmKtXooBeqDuQgPk,11 0.0577 281 283 654 476 11 0.0573 241 777 525 1012 7 0.0570 301 652 562 902 13 0.0568 375 763 633 1011 13 0.0551 292 282 659 481 0 0.0546 287 281 651 479 8 0.0543 325 770 569 1011 5 0.0541 274 278 645 476 8 0.0540 285 279 637 479 11 0.0533 762 775 1023 1016 11 0.0533 425 771 673 1002 0 0.0528 369 759 626 1012 13 0.0528 244 777 526 1019 5 0.0523 306 770 572 1010 8 0.0523 371 0 635 195 8 0.0520 440 84 681 313 7 0.0520 314 773 577 1016 7 0.0514 288 279 658 479 6 0.0512 292 283 656 478 0 0.0512 763 775 1022 1023 0 0.0510 365 1 645 198 0 0.0509 438 90 690 313 10 0.0503 316 714 574 958 5 0.0502 292 648 556 899 7 0.0501 429 765 682 1006 3 0.0501 290 282 653 482 0 0.0500 296 651 563 906 10 0.0500 284 287 651 475
lGLczQa5gVKeeZheMzp5f6e2VtVT9hrU,5 0.0590 243 312 499 555 11 0.0584 381 586 644 820 5 0.0574 368 648 638 893 0 0.0567 253 318 500 555 5 0.0557 553 264 816 487 0 0.0556 381 583 642 824 8 0.0556 380 649 635 897 0 0.0548 615 335 896 555 5 0.0545 78 295 421 478 7 0.0544 382 657 649 897 8 0.0543 822 0 1019 249 11 0.0543 248 314 504 552 5 0.0542 611 323 888 554 8 0.0541 88 293 418 479 11 0.0538 616 283 885 494 7 0.0536 253 390 498 624 8 0.0535 252 314 492 558 7 0.0533 329 315 579 554 11 0.0533 249 202 515 435 0 0.0531 254 202 508 440 5 0.0524 817 0 1023 251 3 0.0522 386 585 649 828 13 0.0521 256 315 508 562 6 0.0519 823 0 1023 248 5 0.0517 248 198 505 434 13 0.0515 823 0 1023 254 0 0.0513 821 0 1023 252 0 0.0512 630 212 896 442 6 0.0511 329 318 580 554 13 0.0510 384 650 650 898 13 0.0509 99 298 445 482 11 0.0509 820 3 1023 247 3 0.0507 621 279 882 507 6 0.0507 254 391 503 618 6 0.0505 390 587 648 821 6 0.0504 620 330 899 555 10 0.0503 379 589 644 821 11 0.0501 515 330 786 551
lCBhtqGpxUbcZ0yhQqpUIQYyvy8VrzR2,11 0.0652 316 205 570 450 3 0.0597 321 199 569 457 0 0.0575 316 201 570 456 6 0.0561 259 206 511 452 11 0.0545 259 161 502 382 13 0.0539 322 196 577 452 5 0.0538 577 465 826 694 5 0.0529 313 197 566 451 10 0.0526 317 204 572 450 11 0.0526 582 468 834 692 7 0.0524 320 201 572 452 8 0.0520 316 201 562 452 6 0.0510 326 140 571 388 0 0.0501 582 466 832 697
r29twcuQ7ptEXE0r6uW8dgy0vRHCdMOO,7 0.0656 15 543 253 769 8 0.0656 11 546 241 767 0 0.0630 13 545 249 769 5 0.0613 8 541 248 771 3 0.0597 19 550 254 776 6 0.0590 12 544 256 769 2 0.0586 11 553 252 768 13 0.0564 11 547 258 768 10 0.0559 9 552 252 768 0 0.0558 318 726 563 957 11 0.0554 11 548 249 765 11 0.0542 310 724 567 951 5 0.0532 624 417 884 649 9 0.0531 11 550 255 763 11 0.0524 634 486 884 721 5 0.0523 574 347 822 589 1 0.0513 8 542 248 767 13 0.0505 636 490 898 723 11 0.0505 308 460 586 691 12 0.0504 15 546 253 769 8 0.0503 637 476 876 723 11 0.0501 579 352 834 583
rvLE9pRCZM8HAtwy2gMEh6d60lMhhrlT,8 0.0696 569 344 815 581 8 0.0656 505 395 752 644 0 0.0640 316 333 577 583 11 0.0636 504 397 756 642 5 0.0629 253 202 506 450 6 0.0627 432 407 686 656 8 0.0612 180 205 430 455 0 0.0601 255 206 508 447 8 0.0601 647 280 880 497 11 0.0596 632 404 892 645 8 0.0592 249 69 485 301 11 0.0590 442 466 700 705 5 0.0589 196 342 554 534 8 0.0586 443 530 693 771 7 0.0585 447 461 704 711 0 0.0585 181 346 444 592 0 0.0584 510 455 762 704 6 0.0581 573 398 821 642 11 0.0578 175 207 438 450 6 0.0578 635 350 893 583 0 0.0577 425 405 681 657 11 0.0577 200 346 561 532 5 0.0575 636 271 883 498 7 0.0575 644 275 895 498 13 0.0574 581 464 840 710 8 0.0573 181 342 434 592 11 0.0572 566 343 824 575 11 0.0571 641 275 889 492 3 0.0570 640 406 893 656 7 0.0570 206 340 561 534 7 0.0570 256 205 513 449 3 0.0569 509 393 757 648 2 0.0568 505 403 756 648 8 0.0568 576 214 815 449 3 0.0567 574 342 826 584 6 0.0567 324 334 577 580 11 0.0564 570 463 830 710 11 0.0564 248 140 506 368 8 0.0564 576 463 826 712 13 0.0561 570 346 829 576 5 0.0558 422 397 678 656 3 0.0558 259 212 511 451 0 0.0558 639 276 891 498 13 0.0554 180 204 445 455 7 0.0551 571 398 822 646 6 0.0549 189 385 444 648 13 0.0549 321 337 584 583 5 0.0548 561 393 811 641 11 0.0545 578 579 828 815 8 0.0545 323 339 561 583 0 0.0542 631 466 897 719 0 0.0541 179 139 436 393 7 0.0541 183 390 442 646 0 0.0541 249 397 519 658 8 0.0540 635 407 885 644 5 0.0538 243 390 510 655 3 0.0538 647 279 893 504 11 0.0536 248 401 515 650 2 0.0536 569 352 822 582 5 0.0536 242 64 492 303 5 0.0534 316 123 562 353 3 0.0534 506 520 753 773 0 0.0534 583 574 828 824 0 0.0533 248 65 493 301 5 0.0532 574 207 822 449 6 0.0530 259 207 506 445 0 0.0530 438 531 699 776 2 0.0528 576 469 834 714 7 0.0528 250 65 500 302 8 0.0528 581 578 813 824 13 0.0527 447 465 712 707 2 0.0519 576 222 825 450 13 0.0519 182 346 448 595 5 0.0518 457 549 823 734 9 0.0518 501 396 757 642 5 0.0517 626 462 891 713 13 0.0516 252 133 513 375 7 0.0515 579 211 831 445 6 0.0514 188 276 436 522
z9HojRjKItkQFzC4klFC0MUZNBrzHMd8,0 0.0583 311 720 565 966 5 0.0543 303 722 559 957 7 0.0534 446 802 701 1021 10 0.0530 307 728 563 963 13 0.0523 314 723 570 965 7 0.0522 313 723 563 960 11 0.0520 305 724 563 956 8 0.0515 312 720 557 959 0 0.0509 444 804 698 1023 5 0.0506 436 802 689 1017 8 0.0503 640 26 871 264
fmhl8EPPnIJJSozcqyPpb1eAl9ytmDFa,8 0.0630 511 319 763 567 11 0.0566 574 325 824 561 8 0.0564 400 335 640 573 7 0.0561 507 325 772 570 5 0.0545 502 320 762 566 11 0.0533 385 272 632 497 3 0.0523 515 322 766 577 6 0.0521 515 320 776 570 7 0.0521 401 336 647 575 0 0.0519 507 323 768 567
a8yj3Fl6pN8AD7BhuphcHirjs4bmDDbN,0 0.0627 256 192 507 439 5 0.0625 292 125 559 360 8 0.0603 260 196 502 440 11 0.0597 563 597 828 834 11 0.0591 251 195 511 435 3 0.0587 470 0 806 164 8 0.0584 191 301 435 567 8 0.0583 303 127 553 366 11 0.0573 251 309 517 560 8 0.0573 439 5 691 236 0 0.0571 248 71 504 319 13 0.0567 263 192 512 443 11 0.0566 468 5 803 160 0 0.0565 567 596 828 841 11 0.0563 375 133 633 353 5 0.0562 437 3 696 236 5 0.0559 623 528 891 769 0 0.0559 375 72 632 294 6 0.0558 303 132 564 365 5 0.0556 315 256 568 489 0 0.0554 194 259 444 512 8 0.0554 201 437 442 701 8 0.0554 511 605 758 851 5 0.0551 369 64 624 291 8 0.0550 379 70 621 289 11 0.0547 446 600 704 839 3 0.0544 382 131 632 359 13 0.0543 197 261 446 513 8 0.0541 327 262 562 500 10 0.0536 439 14 701 235 7 0.0536 514 605 766 852 5 0.0532 506 600 762 847 10 0.0532 312 204 563 432 0 0.0531 459 3 804 160 6 0.0531 376 71 636 288 8 0.0529 635 0 894 208 3 0.0529 576 595 827 848 0 0.0528 625 535 897 772 10 0.0528 263 312 513 564 11 0.0528 189 369 444 620 5 0.0523 522 0 856 149 11 0.0520 620 534 895 769 7 0.0519 442 11 706 237 6 0.0518 443 10 708 234 5 0.0518 188 257 443 508 11 0.0518 505 534 771 767 13 0.0517 636 1 917 209 13 0.0514 516 607 768 853 0 0.0514 506 535 772 774 7 0.0513 266 248 508 497 0 0.0513 212 0 568 156 0 0.0512 321 257 571 500 6 0.0511 568 598 831 838 10 0.0511 188 213 441 457 11 0.0509 561 794 814 1016 11 0.0507 384 662 654 911 0 0.0507 386 659 656 916 8 0.0506 575 533 827 765 10 0.0505 372 77 628 290 3 0.0505 313 197 565 438 10 0.0505 245 77 504 314 13 0.0504 326 263 574 502 8 0.0504 262 375 503 627 5 0.0504 380 654 651 908 11 0.0504 177 77 439 318 2 0.0503 378 140 628 356 6 0.0503 535 0 867 149 3 0.0502 251 69 505 320 11 0.0502 633 3 907 209 6 0.0501 196 261 447 510
yvvejB5acSSHmWUMjXnqa4iHulPGl1ha,8 0.0591 247 337 489 576 7 0.0576 251 336 505 577 3 0.0560 247 337 501 580 0 0.0555 302 88 577 320 6 0.0554 250 336 502 576 11 0.0548 243 341 500 573 5 0.0543 300 20 573 248 8 0.0543 307 24 570 250 5 0.0538 240 330 498 575 10 0.0527 244 342 499 578 8 0.0525 560 0 827 197 11 0.0524 303 26 578 249 0 0.0522 251 211 515 442 8 0.0520 248 212 503 445 0 0.0517 247 334 506 578 13 0.0511 251 334 509 578 5 0.0506 554 0 836 200 0 0.0506 567 2 834 201
pmPubvSr3166FikD0acyFXY3ZSF1oojO,11 0.0588 186 783 437 1017 7 0.0568 190 709 444 949 8 0.0563 192 779 429 1019 5 0.0554 187 779 432 1017 0 0.0545 188 780 436 1021 13 0.0531 193 783 442 1020 11 0.0524 183 647 438 885 10 0.0523 182 712 442 950 3 0.0518 191 781 438 1022 7 0.0507 380 38 662 274 7 0.0503 135 776 389 1022 11 0.0501 298 212 572 439
5tbrEsNQX9ku2JROFb2GHGyJzEeFUy2C,11 0.0682 445 410 705 642 11 0.0648 564 410 831 637 8 0.0634 570 198 818 447 11 0.0622 381 342 640 567 3 0.0621 389 398 637 644 11 0.0620 578 147 838 386 7 0.0616 447 354 701 581 5 0.0614 384 394 632 638 8 0.0610 443 408 697 648 8 0.0606 567 410 823 638 8 0.0602 577 85 820 323 13 0.0595 388 397 642 639 3 0.0595 249 264 504 516 5 0.0593 623 205 883 446 8 0.0593 578 545 823 776 5 0.0590 436 273 699 507 8 0.0588 379 338 628 573 7 0.0585 568 407 836 640 0 0.0584 387 399 638 638 0 0.0583 634 406 891 633 5 0.0582 563 270 816 512 11 0.0578 566 279 825 511 0 0.0576 577 486 834 707 0 0.0576 569 277 818 515 2 0.0574 446 363 701 581 0 0.0573 244 264 512 514 11 0.0572 634 78 886 310 6 0.0572 645 145 898 377 7 0.0571 570 273 825 514 11 0.0570 445 281 707 502 8 0.0570 440 279 698 511 8 0.0568 642 147 886 377 0 0.0567 628 212 886 446 7 0.0564 629 206 891 447 5 0.0562 563 409 824 638 11 0.0561 244 267 510 509 3 0.0556 572 276 822 522 6 0.0555 449 286 711 510 11 0.0554 381 193 659 424 8 0.0553 636 33 880 258 0 0.0553 446 280 701 509 11 0.0552 572 547 827 773 11 0.0551 511 200 769 442 6 0.0551 388 398 641 637 5 0.0550 506 193 761 444 2 0.0550 568 280 819 515 8 0.0549 249 264 496 512 7 0.0548 639 76 892 311 5 0.0544 189 286 546 472 6 0.0542 636 276 887 511 8 0.0542 633 275 878 505 6 0.0541 515 206 770 446 10 0.0541 633 81 888 308 7 0.0541 387 263 650 502 0 0.0537 511 200 764 446 13 0.0537 384 263 657 500 6 0.0535 204 288 565 474 7 0.0533 514 196 769 445 10 0.0533 447 413 708 645 13 0.0532 248 261 513 518 7 0.0530 247 260 511 513 3 0.0529 629 212 886 455 3 0.0529 571 412 827 646 6 0.0528 697 213 947 448 0 0.0526 633 79 889 312 2 0.0525 644 151 893 374 3 0.0525 382 268 649 507 6 0.0524 570 410 836 640 7 0.0518 577 542 833 777 2 0.0518 694 218 946 442 3 0.0517 637 83 884 317 9 0.0517 439 357 697 578 12 0.0516 391 401 636 640 5 0.0513 631 74 884 309 1 0.0510 381 394 633 641 6 0.0510 577 546 831 777 10 0.0509 628 213 887 445 8 0.0506 692 215 939 447 13 0.0503 578 547 836 777 2 0.0502 511 208 768 443 5 0.0501 569 543 824 772 10 0.0500 566 278 821 513
Jldg4SFca7kESxOnUmAOdRRaA4px27Dt,5 0.0548 744 0 1019 187 0 0.0537 752 2 1023 193 3 0.0532 755 1 1023 192 6 0.0527 756 0 1023 190 11 0.0520 745 2 1021 188 13 0.0519 757 1 1023 191 5 0.0519 325 417 698 597 8 0.0518 752 0 1011 190 11 0.0515 58 0 320 201 5 0.0513 379 477 747 660 0 0.0512 869 527 1023 897 11 0.0511 384 482 759 662 8 0.0503 439 8 691 243
A8Oy2O5m1hvqIMV9rpp2VfczIsOHLA6f,11 0.0628 255 607 645 780 7 0.0610 266 605 651 782 8 0.0601 266 607 632 782 8 0.0591 120 682 456 850 0 0.0575 312 672 696 847 7 0.0570 319 674 703 847 0 0.0570 194 608 568 779 8 0.0569 48 651 303 883 6 0.0564 263 606 652 781 5 0.0563 310 670 690 845 0 0.0559 115 597 388 831 0 0.0558 46 654 307 885 11 0.0557 109 685 475 850 11 0.0552 43 658 311 880 13 0.0551 58 685 411 858 5 0.0549 254 604 638 783 7 0.0541 121 597 390 825 13 0.0534 268 607 654 784 10 0.0532 188 609 564 778 13 0.0521 324 672 703 846 5 0.0520 40 652 305 879 10 0.0517 43 659 304 881 3 0.0516 320 675 698 851 10 0.0516 243 673 620 849 6 0.0513 105 650 372 877 11 0.0509 366 722 623 952 7 0.0505 372 720 626 959 3 0.0505 55 686 406 863 10 0.0500 111 603 382 825
OP5q7tNMKy3QmvJ2t7YardGdE9bwChpQ,5 0.0632 241 328 506 585 0 0.0626 176 265 438 499 5 0.0619 309 254 568 494 0 0.0602 248 328 510 589 0 0.0597 250 198 500 440 11 0.0594 318 197 572 424 5 0.0591 166 261 431 497 0 0.0590 315 256 570 503 0 0.0590 380 332 634 582 11 0.0586 246 262 507 504 8 0.0583 251 329 503 584 8 0.0575 318 257 567 496 5 0.0571 374 327 632 576 13 0.0570 251 334 515 588 7 0.0567 253 262 506 508 11 0.0563 245 407 515 642 6 0.0556 374 389 638 632 7 0.0555 185 331 446 569 8 0.0555 184 397 442 641 11 0.0555 178 334 447 567 11 0.0555 169 204 435 427 11 0.0551 377 337 636 573 13 0.0550 318 263 576 497 8 0.0548 177 264 428 500 7 0.0546 319 392 582 637 0 0.0543 182 401 448 640 5 0.0541 108 338 379 569 7 0.0540 319 197 571 429 0 0.0538 174 133 432 371 11 0.0536 258 132 516 363 3 0.0535 183 333 446 577 2 0.0534 312 268 574 499 3 0.0532 317 261 575 504 8 0.0531 253 201 492 434 0 0.0530 119 342 386 573 8 0.0526 243 476 500 719 6 0.0525 180 267 442 500 5 0.0524 242 196 497 429 13 0.0524 254 204 507 436 3 0.0522 320 390 581 642 6 0.0522 250 402 520 649 5 0.0521 316 123 578 351 0 0.0520 327 130 577 360 12 0.0519 315 258 572 501 2 0.0518 380 342 639 579 8 0.0518 113 337 376 574 9 0.0518 309 264 574 491 8 0.0518 318 389 571 638 3 0.0517 253 202 503 442 6 0.0515 120 339 392 574 6 0.0513 321 198 579 426 10 0.0513 313 264 573 495 13 0.0511 388 336 640 578 2 0.0510 183 338 445 569 0 0.0510 270 60 528 299 13 0.0508 179 265 444 504 10 0.0507 108 347 382 571 0 0.0505 246 472 503 722 13 0.0505 117 339 392 574 13 0.0503 248 477 513 720 5 0.0502 237 474 502 716
gGtgkbpqzNhJ7J7y8zwaI4DuO7CZhqve,11 0.0618 26 532 230 876 5 0.0609 0 314 143 688 11 0.0607 442 411 700 635 0 0.0598 444 411 703 642 0 0.0587 517 365 769 583 11 0.0581 0 324 147 681 0 0.0579 493 484 772 715 7 0.0578 390 400 641 632 0 0.0575 174 822 426 1022 8 0.0575 24 522 221 886 11 0.0567 492 483 773 708 13 0.0563 393 401 641 633 11 0.0561 513 364 768 578 8 0.0558 244 811 483 1023 8 0.0558 447 414 695 639 5 0.0552 168 817 424 1020 11 0.0551 382 328 634 559 0 0.0551 388 326 636 562 8 0.0545 1 313 141 686 0 0.0543 0 314 143 692 3 0.0541 1 308 147 696 6 0.0541 1 315 146 684 11 0.0541 485 602 759 824 5 0.0539 383 399 632 626 3 0.0533 456 346 699 575 7 0.0533 175 818 436 1023 13 0.0532 457 345 705 572 10 0.0530 454 348 699 568 8 0.0526 497 485 764 710 11 0.0523 311 801 557 1020 13 0.0522 245 813 497 1023 8 0.0522 87 809 314 1023 13 0.0521 441 477 715 708 6 0.0519 441 475 717 703 6 0.0519 391 402 641 632 5 0.0518 448 341 698 566 7 0.0516 0 316 147 691 13 0.0515 0 317 150 692 10 0.0514 386 406 635 630 10 0.0513 492 419 760 638 7 0.0513 438 533 716 766 7 0.0510 316 797 567 1022 7 0.0510 457 344 705 568 5 0.0507 489 412 755 636 11 0.0505 175 823 431 1023 3 0.0505 389 404 635 637 7 0.0504 30 532 229 886 8 0.0501 516 367 761 578
32WufJnzwNXy2SptD79pVam0SHE1iMtt,7 0.0644 375 796 636 1018 7 0.0619 249 786 505 1017 11 0.0608 651 1 1023 141 11 0.0598 370 797 632 1022 11 0.0598 243 789 503 1017 8 0.0589 246 787 495 1018 11 0.0589 305 260 590 495 0 0.0576 242 788 502 1020 6 0.0576 662 0 1023 140 11 0.0573 230 334 509 560 5 0.0573 240 784 494 1015 0 0.0566 760 82 1016 332 5 0.0562 366 792 621 1020 5 0.0559 695 18 950 254 5 0.0559 647 0 1021 141 11 0.0558 760 83 1018 320 0 0.0557 697 21 951 258 8 0.0557 372 796 621 1020 11 0.0556 186 719 441 940 7 0.0552 380 669 639 890 11 0.0549 696 22 952 248 11 0.0549 371 670 636 888 13 0.0548 701 21 958 253 0 0.0547 315 203 576 443 0 0.0546 370 799 632 1023 8 0.0545 702 20 946 250 13 0.0539 659 1 1023 143 8 0.0539 242 329 493 562 3 0.0536 702 21 952 259 7 0.0535 198 715 440 941 10 0.0531 243 792 504 1016 8 0.0528 310 257 572 502 3 0.0528 321 204 582 447 13 0.0528 371 801 635 1023 13 0.0527 243 331 515 566 6 0.0527 703 20 961 251 0 0.0526 658 2 1021 143 5 0.0524 233 324 501 563 2 0.0523 654 2 1023 141 8 0.0522 507 343 762 578 11 0.0522 555 364 836 589 8 0.0522 189 717 433 943 7 0.0521 322 464 567 707 6 0.0519 442 802 696 1022 13 0.0517 311 260 595 505 11 0.0516 116 398 393 628 8 0.0516 377 674 622 887 8 0.0516 656 0 1015 142 10 0.0515 367 799 628 1018 0 0.0515 189 718 440 944 7 0.0515 319 199 581 444 10 0.0514 695 24 950 251 5 0.0513 308 195 571 440 2 0.0511 248 794 504 1022 13 0.0508 320 470 573 704 3 0.0507 320 466 566 711 9 0.0501 433 797 696 1016 11 0.0501 244 652 506 869 6 0.0501 247 793 506 1020
YbMCIdyHuQ7Lyu49TaPAaCchsneZfD6y,11 0.0665 325 799 573 1017 7 0.0616 326 794 576 1023 8 0.0593 325 794 567 1023 5 0.0588 321 793 566 1020 11 0.0583 382 741 648 954 5 0.0567 436 745 692 970 13 0.0561 330 801 579 1023 0 0.0546 322 795 574 1023 11 0.0543 561 797 814 1010 8 0.0540 443 747 693 967 6 0.0534 327 800 578 1021 6 0.0531 444 750 705 964 3 0.0520 328 796 573 1023 0 0.0520 554 795 814 1019 7 0.0516 389 735 643 954 7 0.0507 565 792 819 1014 8 0.0504 560 794 806 1016 2 0.0503 327 799 577 1022
8N0IZVNxLn4Oemxrs05EQl5AegLlnxgT,5 0.0662 515 779 746 1015 8 0.0637 517 780 747 1018 7 0.0620 522 782 754 1019 11 0.0615 518 783 750 1017 0 0.0610 516 781 749 1021 0 0.0606 314 587 564 830 11 0.0598 307 591 562 823 11 0.0579 447 2 716 191 6 0.0577 521 789 752 1021 2 0.0563 519 788 753 1018 0 0.0563 450 2 709 196 13 0.0563 521 785 757 1020 5 0.0560 442 0 704 193 3 0.0555 452 0 713 198 10 0.0554 518 786 751 1020 3 0.0547 520 783 752 1023 7 0.0545 315 584 568 824 5 0.0533 529 589 770 803 13 0.0533 453 1 717 195 9 0.0533 515 787 750 1016 8 0.0532 242 462 493 699 8 0.0527 450 0 701 193 12 0.0522 522 779 749 1020 10 0.0519 310 596 562 823 1 0.0509 514 776 749 1022 4 0.0502 517 782 755 1022
z5XuGt0x2VY9PG4pmW5JatLsldXBASFJ,7 0.0636 441 658 707 893 5 0.0610 436 656 696 892 8 0.0606 501 722 741 949 7 0.0596 370 598 642 833 11 0.0594 498 728 749 945 6 0.0588 440 661 706 894 0 0.0580 429 590 697 826 0 0.0571 507 784 757 1011 11 0.0565 306 605 575 840 10 0.0559 363 601 638 836 5 0.0557 307 598 574 836 7 0.0556 322 518 582 763 11 0.0555 425 591 696 819 7 0.0554 437 509 689 746 0 0.0549 505 661 764 893 11 0.0541 373 515 631 753 3 0.0540 443 662 700 899 5 0.0540 370 510 628 753 0 0.0537 311 603 578 844 13 0.0536 517 784 759 1008 6 0.0530 371 599 640 836 8 0.0530 315 601 569 839 13 0.0528 313 602 586 840 10 0.0526 437 663 700 892 11 0.0526 428 459 688 682 2 0.0520 439 666 699 893 0 0.0518 307 453 570 707 13 0.0515 442 663 708 896 8 0.0512 377 514 624 756 2 0.0511 510 787 756 1007 8 0.0504 303 23 570 245
at0fH0mQIYk87ccxwcNO9fNJZyuxUQIG,0 0.0689 6 807 368 984 8 0.0677 17 868 378 1023 0 0.0665 217 869 580 1023 11 0.0659 0 737 382 909 7 0.0651 11 804 369 985 8 0.0649 0 734 369 911 11 0.0647 256 788 523 1009 5 0.0644 9 870 372 1022 8 0.0639 203 797 448 1023 0 0.0629 1 670 392 849 7 0.0628 81 870 449 1023 0 0.0623 9 545 271 787 11 0.0618 12 872 379 1022 11 0.0617 250 661 510 884 6 0.0613 78 872 452 1023 13 0.0612 80 871 452 1023 5 0.0609 0 733 368 910 8 0.0609 10 541 262 782 7 0.0604 77 651 331 891 0 0.0601 258 723 526 953 5 0.0601 737 7 1001 255 0 0.0599 238 596 504 829 6 0.0598 7 808 372 983 5 0.0597 251 782 516 1014 10 0.0592 3 808 367 984 2 0.0590 62 788 313 1020 8 0.0589 380 519 625 753 1 0.0588 8 869 377 1023 8 0.0586 260 727 522 954 0 0.0577 743 14 998 256 8 0.0577 327 795 569 1011 3 0.0574 201 799 450 1023 9 0.0573 2 805 370 981 8 0.0572 199 658 445 894 10 0.0571 73 657 329 894 3 0.0570 8 735 377 913 3 0.0569 17 871 380 1023 5 0.0569 0 542 263 776 8 0.0563 118 605 379 843 5 0.0561 198 714 450 951 11 0.0560 177 593 437 824 13 0.0556 0 735 384 912 2 0.0555 0 738 379 912 11 0.0555 387 523 638 750 8 0.0554 747 8 993 248 6 0.0550 258 786 528 1015 2 0.0550 158 872 514 1023 8 0.0550 626 0 883 201 8 0.0548 312 664 562 877 10 0.0545 7 551 273 781 10 0.0544 152 874 519 1022 11 0.0544 5 547 270 778 11 0.0543 386 815 632 1014 0 0.0542 312 661 570 878 1 0.0540 208 865 574 1023 11 0.0538 691 0 955 191 7 0.0536 206 653 456 890 5 0.0536 236 594 496 830 9 0.0534 0 670 392 843 6 0.0533 694 1 958 193 7 0.0532 261 724 531 950 6 0.0532 3 671 392 848 10 0.0532 206 726 454 952 13 0.0528 254 661 519 886
ekqx1SEcQzFjX50N4977ufq7JJ5zYDbZ,0 0.0569 1 751 242 991 0 0.0533 629 424 990 610 11 0.0531 0 755 240 985 0 0.0509 68 822 326 1023 5 0.0509 625 417 981 608
bHjyrlA2EHDQ1cTmgBI8SFBbMZzLsxLu,11 0.0594 398 528 649 764 11 0.0588 554 664 827 905 5 0.0585 243 404 505 639 0 0.0583 322 394 589 641 8 0.0583 398 530 642 767 5 0.0579 390 385 645 629 0 0.0571 515 678 890 861 5 0.0566 448 734 810 915 13 0.0566 331 462 593 712 11 0.0562 523 609 878 788 5 0.0561 363 674 630 912 7 0.0558 386 606 636 845 0 0.0555 309 278 582 508 7 0.0554 461 738 824 918 0 0.0551 457 740 817 918 5 0.0551 304 273 575 504 0 0.0550 242 337 516 580 0 0.0550 370 678 634 915 5 0.0549 512 673 882 857 11 0.0540 318 398 586 637 8 0.0539 329 460 578 711 10 0.0538 310 601 562 832 0 0.0537 398 532 648 768 5 0.0537 324 457 582 709 8 0.0533 398 391 641 635 5 0.0532 397 523 645 765 6 0.0529 329 395 590 640 8 0.0527 562 660 819 910 8 0.0526 249 407 501 641 7 0.0524 332 461 587 711 6 0.0524 250 337 518 579 7 0.0524 522 678 889 859 7 0.0523 464 386 710 626 11 0.0522 456 391 708 620 2 0.0522 459 399 707 627 7 0.0520 253 408 513 644 11 0.0520 373 204 645 430 6 0.0520 451 339 713 580 11 0.0517 380 327 644 568 0 0.0515 253 465 510 705 2 0.0515 514 683 888 859 13 0.0514 402 526 654 766 5 0.0513 303 588 556 833 11 0.0512 240 340 514 578 10 0.0512 372 685 633 909 6 0.0510 376 677 636 911 7 0.0510 314 333 580 578 6 0.0510 401 457 653 699 13 0.0507 378 676 635 912 5 0.0507 371 141 645 364 6 0.0506 318 278 586 508 11 0.0505 358 727 633 962 3 0.0505 460 738 818 921 8 0.0504 311 338 570 577 0 0.0504 628 546 896 761 10 0.0502 525 609 873 793 3 0.0501 520 677 888 864 2 0.0500 397 464 651 700 6 0.0500 331 524 587 764
y6P4HVqy7NF36gqvcWcMFUisXOSz2zW1,5 0.0616 291 596 563 837 11 0.0585 422 526 699 773 6 0.0583 356 586 627 827 0 0.0580 356 580 623 830 8 0.0579 356 586 619 827 13 0.0578 359 588 630 829 11 0.0572 350 590 626 827 13 0.0566 429 527 701 771 10 0.0565 425 528 698 770 6 0.0563 427 523 698 770 8 0.0562 425 523 690 770 11 0.0560 361 464 631 708 11 0.0555 440 411 701 646 5 0.0552 406 589 676 828 7 0.0551 416 595 683 836 11 0.0549 296 673 565 909 8 0.0541 304 672 561 911 5 0.0540 432 462 696 712 10 0.0538 296 604 570 841 6 0.0536 448 406 701 645 13 0.0533 306 669 569 911 0 0.0528 429 522 697 774 0 0.0524 302 665 562 916 8 0.0521 366 461 621 708 7 0.0520 440 470 703 718 3 0.0518 429 520 697 779 8 0.0518 443 407 690 642 11 0.0517 461 2 829 154 3 0.0517 358 585 624 832 0 0.0517 445 408 698 644 3 0.0515 444 407 699 653 2 0.0505 302 603 566 839
UcDGuLD7mWSoE6XAeRrPhwtVzAPTeiDR,11 0.0611 242 210 513 442 8 0.0593 376 276 628 509 11 0.0581 310 280 569 510 0 0.0568 230 338 481 574 8 0.0563 301 344 547 581 0 0.0562 243 211 513 447 8 0.0557 443 212 689 452 5 0.0553 374 272 630 508 11 0.0552 225 340 482 567 5 0.0552 500 200 759 440 5 0.0536 241 263 498 500 7 0.0534 301 781 553 1018 3 0.0531 385 275 637 513 0 0.0531 362 336 640 579 0 0.0530 442 219 697 457 8 0.0529 250 272 492 504 11 0.0519 293 788 551 1015 8 0.0516 232 413 470 633 3 0.0513 248 271 501 510 6 0.0510 379 277 646 502
mVZxmohXewleo93Wx2VKKTCgNXH3jMDu,7 0.0538 197 711 439 951 11 0.0507 384 149 637 380 0 0.0505 191 711 439 952
9RzIyToQulpw6rREA7meMLeBhMq9KFaP,8 0.0681 320 335 565 578 0 0.0653 432 338 681 586 11 0.0630 430 388 696 626 8 0.0621 433 335 678 582 7 0.0618 370 380 629 629 0 0.0617 320 333 570 580 3 0.0603 373 332 623 584 8 0.0602 305 462 576 706 5 0.0600 232 538 513 784 11 0.0595 318 339 569 576 6 0.0593 308 229 569 449 5 0.0593 312 333 564 574 6 0.0586 368 281 633 517 11 0.0573 305 230 567 450 0 0.0571 305 224 565 456 8 0.0569 307 225 559 451 6 0.0563 356 450 630 693 11 0.0562 355 453 628 688 5 0.0562 292 453 578 700 3 0.0561 374 227 638 459 13 0.0560 309 227 574 454 5 0.0560 299 224 562 447 7 0.0558 367 280 636 518 5 0.0557 423 276 678 519 11 0.0557 255 133 504 363 13 0.0554 369 379 633 630 6 0.0554 435 384 701 631 8 0.0552 237 549 506 787 10 0.0547 312 292 573 514 7 0.0545 251 477 520 724 11 0.0541 243 481 514 719 13 0.0539 435 282 689 526 5 0.0538 215 654 568 844 3 0.0532 360 453 626 695 9 0.0532 294 461 578 694 6 0.0524 242 599 514 838 0 0.0519 306 453 583 710 12 0.0518 315 290 570 518 0 0.0516 252 130 502 370 0 0.0512 441 229 700 466 13 0.0512 304 463 583 708 6 0.0508 446 229 702 461 10 0.0501 314 394 582 632 12 0.0501 375 228 645 452
lRjvhpIwxM0Gk0UptUATeQZLlY671IxK,5 0.0689 179 328 430 572 8 0.0658 313 398 566 636 11 0.0649 182 337 438 574 7 0.0644 185 331 439 579 7 0.0631 444 459 703 713 8 0.0628 183 327 431 577 0 0.0628 580 460 834 707 11 0.0627 372 391 634 635 0 0.0616 505 532 754 778 8 0.0615 577 521 820 769 13 0.0615 187 333 444 580 7 0.0614 372 390 637 639 5 0.0613 366 386 629 637 11 0.0612 573 524 826 768 5 0.0609 436 455 697 711 11 0.0607 437 461 699 707 11 0.0607 243 404 497 636 5 0.0606 501 525 752 778 3 0.0605 373 392 635 644 10 0.0604 180 338 436 574 8 0.0600 442 396 691 641 0 0.0598 575 591 829 836 0 0.0597 440 398 696 642 8 0.0596 507 463 759 711 7 0.0591 245 400 502 640 5 0.0591 575 455 833 705 5 0.0589 423 581 697 843 6 0.0589 513 204 762 433 5 0.0586 572 588 826 835 8 0.0586 242 457 482 701 7 0.0586 504 591 761 847 0 0.0586 184 333 434 576 5 0.0584 568 126 827 365 13 0.0584 436 589 707 844 8 0.0584 500 592 752 843 5 0.0584 96 392 359 637 6 0.0582 314 397 573 637 5 0.0577 505 195 756 434 5 0.0577 241 393 493 638 0 0.0575 507 201 760 437 8 0.0573 431 523 685 780 6 0.0573 442 396 700 643 0 0.0572 311 395 572 638 2 0.0571 509 209 761 436 6 0.0569 579 525 833 770 3 0.0569 435 523 692 788 10 0.0567 440 398 695 638 2 0.0566 574 595 830 836 13 0.0565 441 461 703 709 6 0.0564 184 334 443 578 11 0.0563 426 590 697 841 7 0.0562 511 200 761 437 6 0.0562 434 526 693 783 11 0.0562 571 201 828 428 3 0.0562 514 463 766 719 5 0.0562 442 139 702 368 8 0.0562 325 516 569 780 3 0.0561 244 403 497 646 2 0.0559 511 471 763 712 6 0.0559 513 464 769 714 8 0.0557 101 397 351 641 6 0.0553 576 136 835 364 6 0.0552 503 591 762 847 2 0.0552 441 403 695 640 8 0.0551 508 197 754 436 3 0.0547 503 593 757 853 2 0.0546 431 592 700 844 0 0.0544 429 588 698 843 11 0.0544 449 146 705 371 13 0.0542 511 204 766 438 13 0.0538 320 448 571 706 10 0.0538 430 525 689 781 13 0.0538 584 459 841 706 3 0.0537 512 200 761 445 10 0.0536 507 465 763 708 0 0.0535 568 133 833 367 3 0.0535 185 336 435 584 7 0.0534 578 519 828 773 12 0.0533 443 395 697 641 8 0.0531 575 134 823 366 9 0.0530 438 398 696 638 10 0.0529 311 402 572 637 10 0.0529 572 591 827 834 13 0.0528 577 590 835 837
X5iU4V3HYsSls0QoPEu9NDfrAdw9asQF,7 0.0585 388 406 655 633 11 0.0574 315 795 559 1022 11 0.0565 383 477 643 699 0 0.0554 166 401 425 639 11 0.0533 613 469 889 706 7 0.0525 322 792 564 1023 7 0.0522 453 465 710 696 5 0.0522 384 400 647 632 3 0.0522 387 410 647 637 0 0.0517 313 796 561 1023 0 0.0516 447 467 702 696 5 0.0507 240 520 500 766 8 0.0502 621 471 873 706 8 0.0502 319 795 556 1023
uGNCIkcCPnDlYC6PKSga8NTBlcIhOIEb,8 0.0593 377 144 630 390 8 0.0592 372 0 628 234 5 0.0583 366 209 629 456 7 0.0579 441 346 695 576 11 0.0576 433 350 695 573 7 0.0573 383 670 637 901 8 0.0572 303 73 560 314 11 0.0571 372 281 640 511 0 0.0570 434 347 688 577 5 0.0569 429 139 696 380 0 0.0563 434 149 697 386 11 0.0562 432 148 701 381 8 0.0559 370 279 628 515 11 0.0557 369 2 639 238 8 0.0557 434 346 684 575 5 0.0557 364 66 631 308 3 0.0555 377 67 634 320 7 0.0551 376 462 644 698 0 0.0551 372 0 635 239 0 0.0550 374 465 638 699 7 0.0548 382 280 640 513 0 0.0544 370 213 631 457 6 0.0543 373 215 636 456 11 0.0543 133 0 504 152 3 0.0542 439 146 700 392 5 0.0541 499 80 769 314 8 0.0540 372 524 626 753 13 0.0539 383 143 643 391 3 0.0538 440 346 693 580 13 0.0537 376 345 641 574 3 0.0536 512 88 771 322 8 0.0535 501 148 749 390 11 0.0534 368 465 642 694 8 0.0534 140 2 492 150 5 0.0534 367 338 627 572 8 0.0533 312 212 567 454 11 0.0530 372 590 643 824 6 0.0530 376 0 639 236 5 0.0528 368 457 637 696 6 0.0527 440 347 696 576 11 0.0524 308 210 575 450 6 0.0523 437 146 700 383 10 0.0522 374 285 640 517 8 0.0522 434 69 699 308 10 0.0521 437 348 699 575 0 0.0520 550 150 802 396 11 0.0519 442 786 684 1008 10 0.0518 379 150 638 391 13 0.0518 374 0 639 237 6 0.0517 306 67 571 316 11 0.0516 559 273 814 505 13 0.0514 565 210 811 451 0 0.0514 316 326 568 565 7 0.0511 511 85 775 319 3 0.0511 375 280 636 522 5 0.0511 245 403 503 643 0 0.0511 376 588 640 828 6 0.0508 376 465 644 697 13 0.0508 308 69 573 319 0 0.0505 141 1 499 152 10 0.0504 369 5 637 235 8 0.0503 320 407 572 631 2 0.0502 435 153 700 383 7 0.0501 375 0 642 238 13 0.0501 316 210 586 456
uA5qhU8KSqZIxx0vYMgxQvcId9RvgwLG,8 0.0640 395 408 628 649 7 0.0614 462 398 701 644 11 0.0608 460 402 696 640 5 0.0606 324 331 580 578 11 0.0599 390 458 636 693 5 0.0593 389 405 629 650 0 0.0593 460 405 697 645 5 0.0579 417 721 684 965 8 0.0579 501 532 740 779 6 0.0578 447 458 695 692 0 0.0575 330 336 584 579 8 0.0574 458 334 695 576 2 0.0574 462 409 697 644 11 0.0573 423 664 692 894 11 0.0572 394 344 644 577 7 0.0572 392 454 638 696 8 0.0572 331 336 576 577 11 0.0571 367 786 623 1012 7 0.0567 371 781 630 1017 2 0.0564 397 354 643 582 3 0.0564 396 410 634 656 0 0.0562 392 457 634 697 8 0.0552 312 461 555 700 13 0.0552 506 604 758 845 0 0.0550 423 659 689 896 5 0.0549 498 397 744 637 13 0.0545 438 526 690 762 11 0.0545 501 608 754 840 3 0.0542 332 336 584 583 7 0.0540 377 657 637 896 5 0.0540 430 521 680 757 11 0.0539 378 583 632 818 8 0.0536 389 515 621 759 0 0.0535 367 781 624 1017 10 0.0531 324 340 582 580 9 0.0528 323 337 579 574 6 0.0527 439 598 692 823 2 0.0525 373 663 637 898 3 0.0520 425 660 691 902 6 0.0519 332 335 584 576 6 0.0519 312 460 563 702 13 0.0519 464 400 704 639 3 0.0517 313 461 559 706 13 0.0516 374 781 631 1015 3 0.0516 505 603 751 847 0 0.0514 378 580 629 823 0 0.0514 503 604 751 844 6 0.0513 388 518 631 758 13 0.0512 430 664 696 900 6 0.0511 463 338 705 575 13 0.0511 332 336 592 577 2 0.0511 392 463 633 696 8 0.0509 488 673 750 914 6 0.0508 378 658 633 898 3 0.0508 437 526 682 763 8 0.0506 370 659 627 898 13 0.0505 324 667 581 894 11 0.0505 488 738 765 971 2 0.0504 439 598 693 826 7 0.0502 498 671 764 916
iv2sxwXI6QVpnqQMoKt6kzvYD7aE7Tlq,8 0.0615 380 204 635 453 11 0.0610 253 206 521 437 5 0.0599 303 269 564 508 11 0.0598 390 150 640 383 8 0.0590 159 158 511 345 0 0.0582 390 150 638 390 5 0.0581 376 199 640 452 5 0.0579 447 611 807 801 5 0.0578 146 155 508 345 8 0.0577 306 276 556 510 11 0.0576 145 162 518 346 5 0.0571 252 199 516 436 7 0.0568 318 24 554 241 8 0.0567 443 530 682 753 7 0.0563 264 203 519 438 0 0.0563 443 528 691 757 6 0.0561 323 215 580 450 3 0.0559 395 152 639 391 8 0.0559 340 414 688 596 11 0.0557 312 27 556 239 10 0.0556 322 220 580 449 5 0.0553 433 521 687 756 6 0.0542 443 601 689 831 7 0.0542 383 203 644 456 13 0.0541 308 273 571 511 0 0.0540 317 213 579 451 3 0.0540 323 214 579 453 11 0.0537 435 601 686 825 11 0.0537 302 277 568 508 7 0.0534 309 273 570 510 3 0.0532 159 158 518 349 8 0.0529 371 609 621 821 13 0.0527 380 204 644 453 6 0.0527 156 157 520 347 0 0.0523 513 479 757 708 2 0.0522 383 209 640 453 3 0.0522 314 25 550 248 0 0.0522 153 160 517 349 9 0.0521 377 204 641 447 13 0.0521 159 159 530 349 8 0.0520 455 619 801 798 10 0.0518 390 155 641 386 8 0.0513 516 478 744 703 7 0.0511 459 616 827 801 10 0.0511 255 282 518 505 11 0.0510 582 533 833 770 0 0.0506 253 275 515 506 6 0.0505 392 152 641 390 8 0.0503 317 29 540 240 1 0.0501 252 195 518 439
EJuZVkafPXeTsN4Zb7CM03pEbG4Nx2e3,11 0.0647 432 733 684 957 7 0.0630 438 731 690 958 11 0.0614 501 674 756 899 8 0.0591 434 732 674 956 3 0.0586 440 731 680 961 0 0.0580 446 668 696 900 10 0.0579 365 744 626 965 5 0.0577 496 669 751 895 6 0.0575 505 676 758 903 5 0.0573 364 736 622 960 7 0.0568 505 675 762 902 6 0.0563 435 731 686 958 3 0.0563 435 0 702 195 8 0.0561 502 674 750 901 11 0.0561 437 599 696 832 8 0.0558 429 0 693 190 9 0.0549 433 730 682 950 6 0.0546 440 596 701 835 10 0.0546 503 674 758 901 2 0.0539 436 733 684 959 3 0.0539 507 673 752 907 0 0.0537 439 524 698 779 7 0.0534 445 596 700 834 13 0.0534 439 734 688 958 13 0.0534 507 677 762 902 8 0.0531 377 602 629 840 6 0.0523 434 0 707 185 5 0.0520 491 0 758 187 11 0.0518 426 3 706 185 2 0.0516 505 679 757 898 11 0.0516 277 418 644 592 0 0.0513 380 600 640 845 7 0.0512 434 1 710 189 13 0.0512 442 597 703 835 5 0.0503 435 593 688 832 10 0.0500 428 3 710 185
Y2rfiLpADQARPfqoDji0OX7RAsdTdn0n,5 0.0656 297 323 569 555 5 0.0638 367 191 631 426 11 0.0631 460 6 708 236 8 0.0629 324 402 571 634 0 0.0624 447 82 702 315 8 0.0624 384 258 641 495 11 0.0610 259 451 526 697 8 0.0605 381 139 633 369 5 0.0602 451 267 703 511 11 0.0601 382 142 641 370 11 0.0589 314 530 587 774 5 0.0589 236 266 496 493 8 0.0588 447 77 695 314 11 0.0586 300 327 578 555 0 0.0585 383 144 641 370 0 0.0580 243 333 502 568 11 0.0579 382 260 650 492 0 0.0575 445 206 697 435 7 0.0575 262 389 515 625 3 0.0572 246 337 502 574 8 0.0571 246 270 494 495 0 0.0570 327 400 581 636 7 0.0570 389 394 636 639 8 0.0568 176 523 426 768 11 0.0568 429 456 690 691 3 0.0567 392 140 640 375 11 0.0564 307 193 579 426 7 0.0563 316 527 589 774 7 0.0562 443 154 700 390 5 0.0557 174 517 430 767 6 0.0555 308 327 585 559 10 0.0554 303 331 576 558 5 0.0550 381 389 627 634 2 0.0549 443 207 695 436 11 0.0548 241 272 506 494 0 0.0547 511 155 771 378 8 0.0546 449 317 698 568 3 0.0545 322 403 578 639 0 0.0543 309 196 576 429 10 0.0542 450 80 702 317 5 0.0541 446 71 698 309 13 0.0539 466 5 713 235 3 0.0538 459 78 701 318 8 0.0536 511 154 761 377 2 0.0535 466 14 709 238 13 0.0535 252 335 511 569 7 0.0533 246 271 504 497 8 0.0532 311 196 566 428 6 0.0531 376 198 642 429 13 0.0528 389 142 643 366 13 0.0526 328 403 586 633 10 0.0524 373 202 637 425 11 0.0524 177 529 434 769 2 0.0523 385 146 637 372 13 0.0518 386 263 650 494 10 0.0517 262 396 514 626 8 0.0517 315 526 577 774 3 0.0515 389 259 647 502 13 0.0511 312 196 580 431 0 0.0510 179 526 438 771 3 0.0509 314 194 574 435 0 0.0508 434 452 692 695 7 0.0507 184 521 438 767 8 0.0507 431 449 681 692 6 0.0505 454 79 707 311 6 0.0504 248 272 507 497 0 0.0503 317 525 587 777 5 0.0501 312 455 579 699 2 0.0500 264 454 528 699
A0mRTHGVw6R3yGzAI3RVv7WicUm0A1aW,11 0.0599 309 0 574 193 8 0.0573 296 84 555 313 13 0.0572 312 0 579 194 7 0.0564 451 339 703 576 7 0.0558 316 0 573 194 0 0.0558 240 0 498 206 3 0.0552 312 2 571 201 8 0.0548 312 2 566 196 10 0.0544 313 5 571 192 5 0.0544 295 78 554 311 5 0.0541 308 0 569 192 11 0.0540 331 422 695 598 11 0.0530 380 330 630 561 6 0.0524 314 0 575 194 7 0.0519 315 389 566 626 8 0.0515 448 341 694 574 7 0.0513 524 461 777 702 0 0.0513 332 422 698 603 11 0.0506 234 29 499 255 6 0.0503 451 343 705 571 10 0.0502 237 34 500 257
KXP5j6simyE5Vq7BBQZyFEIOTxJ2ogyE,0 0.0622 436 740 690 976 7 0.0610 439 740 691 974 5 0.0603 429 736 684 970 11 0.0582 431 746 690 972 8 0.0566 437 739 682 973 3 0.0566 437 662 692 907 6 0.0560 441 665 695 901 0 0.0550 303 728 563 958 10 0.0547 366 742 630 968 11 0.0547 297 732 564 956 5 0.0546 290 728 558 951 2 0.0545 437 744 690 976 3 0.0542 377 738 630 972 6 0.0542 374 743 630 966 8 0.0541 95 787 357 1023 7 0.0530 304 734 568 957 5 0.0520 85 784 355 1017 13 0.0516 98 793 373 1023 10 0.0515 435 665 690 901 13 0.0514 440 743 693 975 7 0.0514 96 790 371 1022 10 0.0513 86 796 361 1023
flCyUQyWrSwg148wCr7hIE7d5RyHRHA7,8 0.0651 308 401 557 632 5 0.0648 366 329 631 563 11 0.0631 302 335 563 563 5 0.0629 316 269 569 492 13 0.0620 308 404 568 634 5 0.0617 242 328 501 563 5 0.0611 297 396 560 631 6 0.0609 307 333 563 564 11 0.0605 371 282 640 498 8 0.0603 376 333 629 565 3 0.0603 374 331 633 568 8 0.0598 248 332 497 566 0 0.0584 322 274 572 493 6 0.0581 308 463 567 708 3 0.0580 250 333 503 569 10 0.0577 372 338 638 564 8 0.0576 325 276 564 493 11 0.0574 243 274 507 486 6 0.0573 377 278 640 500 3 0.0569 322 273 569 497 0 0.0568 305 400 567 632 11 0.0566 299 471 563 708 7 0.0565 297 354 658 538 13 0.0559 252 335 508 566 0 0.0557 250 332 503 568 2 0.0556 309 337 557 563 11 0.0554 243 398 498 627 10 0.0549 247 337 503 566 6 0.0549 250 393 499 626 3 0.0543 306 403 565 639 10 0.0533 322 278 572 493 10 0.0532 301 405 565 637 2 0.0532 251 396 494 626 8 0.0532 567 513 814 755 7 0.0529 306 402 567 639 8 0.0527 255 453 483 699 3 0.0526 571 515 818 761 5 0.0526 246 451 489 702 9 0.0524 303 334 558 559 13 0.0524 257 460 493 703 13 0.0520 378 279 648 501 11 0.0515 446 79 699 312 6 0.0512 253 272 504 489 9 0.0507 370 279 635 495 8 0.0506 149 806 389 1022 2 0.0503 380 284 634 499 5 0.0503 558 509 818 752 5 0.0502 303 535 564 779
FiuJXFgPvdhd5vBkTeej3XdCJ1SSX5l6,5 0.0663 428 796 680 1020 3 0.0619 510 324 764 578 5 0.0614 335 289 687 475 8 0.0608 249 646 502 891 5 0.0604 311 718 577 962 11 0.0601 424 543 707 795 0 0.0597 321 654 586 908 11 0.0595 374 470 640 708 5 0.0594 368 599 638 852 8 0.0594 507 275 760 524 8 0.0591 347 294 682 478 6 0.0591 349 294 695 477 6 0.0587 320 596 588 848 11 0.0584 504 327 764 569 8 0.0582 430 740 678 973 0 0.0580 501 387 759 639 0 0.0577 342 291 698 480 11 0.0576 340 293 692 477 7 0.0576 437 800 690 1022 3 0.0576 343 295 693 481 13 0.0575 321 658 590 909 0 0.0573 507 277 763 526 8 0.0570 500 387 756 636 13 0.0567 510 327 767 574 6 0.0566 320 455 572 702 3 0.0566 508 215 762 456 11 0.0561 314 661 589 904 13 0.0561 317 783 572 1023 11 0.0559 431 801 681 1020 3 0.0559 377 670 640 924 7 0.0559 321 593 587 852 13 0.0554 348 294 703 482 7 0.0549 318 785 570 1023 6 0.0546 320 723 584 964 5 0.0546 500 209 759 447 8 0.0546 319 782 562 1023 8 0.0545 441 473 694 716 7 0.0545 509 328 765 574 8 0.0545 376 541 632 783 6 0.0545 514 326 765 571 5 0.0542 238 641 507 890 7 0.0540 345 293 695 478 3 0.0540 435 799 683 1023 11 0.0540 318 152 580 388 6 0.0538 436 801 686 1023 0 0.0537 319 451 570 709 8 0.0537 320 455 562 704 8 0.0535 558 470 811 709 5 0.0533 313 450 570 701 11 0.0532 503 212 763 446 13 0.0530 437 801 687 1023 5 0.0526 502 323 758 569 6 0.0526 508 214 764 448 10 0.0524 504 279 765 523 10 0.0523 343 297 690 478 12 0.0522 324 658 587 909 10 0.0521 319 603 584 847 13 0.0520 509 213 769 451 10 0.0519 377 672 642 911 7 0.0517 321 453 573 707 10 0.0517 436 804 687 1020 7 0.0516 444 470 713 722 1 0.0514 316 656 584 905 11 0.0512 312 788 573 1019 6 0.0508 443 470 708 719 3 0.0506 443 472 706 726 9 0.0505 505 278 763 520 0 0.0504 433 800 683 1023 8 0.0504 326 213 566 446 13 0.0503 386 468 646 712 11 0.0502 553 471 823 708 7 0.0501 509 212 764 451 3 0.0501 377 542 640 792
0my9143AhsCg8EaoyH3KiEWbCbyDnhta,7 0.0654 383 778 631 1022 5 0.0641 379 775 621 1018 11 0.0636 383 781 626 1018 11 0.0632 566 796 813 1018 5 0.0627 559 793 807 1021 8 0.0611 384 778 622 1021 8 0.0594 565 791 809 1022 6 0.0583 385 784 629 1022 7 0.0583 568 790 821 1023 0 0.0583 381 781 627 1023 0 0.0558 562 795 815 1023 2 0.0546 384 784 630 1023 13 0.0542 568 794 822 1023 13 0.0537 387 783 631 1023 10 0.0535 384 780 626 1021 3 0.0532 387 781 629 1023 9 0.0518 381 781 625 1018 3 0.0514 568 792 814 1023 6 0.0513 567 800 817 1021 2 0.0511 565 799 817 1021 9 0.0503 558 795 814 1020 10 0.0500 565 797 811 1023
t2Ij1mXqU9QMRDhk4K7x5eAh3JalJON2,11 0.0594 434 741 698 966 7 0.0571 441 736 700 971 0 0.0567 434 735 698 972 11 0.0549 486 601 753 833 5 0.0540 430 732 692 966 10 0.0537 434 739 692 968 0 0.0532 684 829 954 1023 6 0.0528 439 739 701 968 3 0.0527 440 736 695 974 13 0.0526 442 738 704 972 8 0.0523 684 829 947 1023 8 0.0516 438 736 690 967 0 0.0510 486 604 755 837 11 0.0505 266 343 639 524
oP8z7LlhmIzleX8wCOumNOQSIBYpj6BN,0 0.0658 247 210 500 454 7 0.0629 182 399 449 637 0 0.0582 179 403 443 645 8 0.0581 178 398 437 645 11 0.0580 176 404 447 635 11 0.0556 111 468 376 702 5 0.0556 118 351 378 587 5 0.0540 167 453 428 700 11 0.0536 249 152 501 367 10 0.0534 123 360 378 585 8 0.0533 112 461 367 707 11 0.0529 237 466 500 707 0 0.0527 171 515 428 763 6 0.0523 171 458 441 704 13 0.0523 182 406 453 644 7 0.0513 248 206 504 449 0 0.0509 618 597 901 839 3 0.0509 182 401 441 649 6 0.0508 126 354 386 589 0 0.0506 178 796 440 1021 11 0.0506 44 417 307 643 13 0.0505 246 216 517 451 5 0.0505 239 395 508 639
2S3WGXJlhMb1XS8RNytLaxMyQlV30UcT,11 0.0614 192 794 445 1008 7 0.0612 385 334 628 565 8 0.0607 386 86 642 327 13 0.0597 396 86 657 325 13 0.0589 457 5 730 253 8 0.0585 511 0 769 196 11 0.0585 312 321 567 554 7 0.0584 316 264 572 516 11 0.0582 387 93 645 326 5 0.0580 383 85 645 323 11 0.0574 503 0 774 195 3 0.0569 515 0 776 199 0 0.0567 510 0 776 195 7 0.0566 317 394 568 638 5 0.0565 177 389 431 639 5 0.0565 502 0 771 189 3 0.0559 394 86 647 333 6 0.0558 511 0 779 192 6 0.0558 319 204 579 450 7 0.0557 260 197 511 435 5 0.0554 377 201 627 446 11 0.0552 311 153 576 389 6 0.0551 390 339 630 569 7 0.0548 250 318 496 567 0 0.0545 194 793 447 1014 7 0.0543 385 452 650 697 0 0.0540 451 80 711 326 5 0.0539 310 310 563 552 7 0.0538 391 86 650 326 0 0.0536 313 200 573 450 11 0.0535 446 465 702 687 6 0.0533 321 397 576 636 7 0.0532 385 206 633 451 3 0.0532 384 209 629 456 10 0.0530 382 342 628 564 6 0.0528 196 794 449 1012 3 0.0526 314 321 566 564 10 0.0524 391 93 652 324 13 0.0524 320 148 586 394 6 0.0523 389 454 651 692 6 0.0522 397 88 653 322 7 0.0522 511 0 778 197 3 0.0522 508 93 772 333 8 0.0518 198 794 438 1009 0 0.0516 256 270 506 515 13 0.0514 451 469 707 692 7 0.0514 185 391 436 642 8 0.0513 447 465 696 689 8 0.0511 382 209 621 448 7 0.0509 194 790 451 1013 5 0.0509 493 88 769 318 2 0.0507 509 4 775 194 3 0.0505 390 459 645 701 7 0.0505 245 456 508 718 9 0.0502 447 80 708 313 5 0.0501 242 197 507 431 13 0.0501 512 94 780 323 8 0.0501 314 268 559 514 0 0.0500 442 520 709 764
a82BWlL5yfbtHMNvU5FUjbBsr9dlC5oc,7 0.0590 380 598 628 835 0 0.0577 377 599 627 839 11 0.0565 374 600 626 832 13 0.0552 136 0 503 143 5 0.0550 374 597 623 832 8 0.0550 377 600 616 833 13 0.0530 378 602 634 836 10 0.0520 379 604 626 835 5 0.0514 124 0 495 139 11 0.0511 122 2 502 141 8 0.0509 134 0 488 143
ayBGtzSqgwXpiaHjMhARkDj6YiMbLaNy,5 0.0591 174 196 440 436 11 0.0591 245 198 519 427 13 0.0587 187 198 452 441 0 0.0580 179 202 446 442 6 0.0566 186 199 451 440 11 0.0554 310 265 571 501 8 0.0553 184 199 438 443 0 0.0538 151 334 498 526 6 0.0526 316 339 577 571 11 0.0526 377 596 636 831 3 0.0518 248 195 519 439 13 0.0518 388 271 644 514 8 0.0515 159 334 489 525 7 0.0514 186 194 447 441 7 0.0511 383 596 640 828 0 0.0506 313 337 571 574 5 0.0506 302 659 562 902 5 0.0503 378 587 633 829
p8PaA9h9xhOPlScgFiXmPjS96Mlr1Dmc,7 0.0630 252 660 512 898 11 0.0608 381 677 748 855 0 0.0608 252 663 510 902 8 0.0603 311 663 557 898 7 0.0595 386 673 750 857 5 0.0591 175 703 428 950 0 0.0590 521 667 875 857 5 0.0580 243 659 507 895 11 0.0575 247 663 511 892 7 0.0573 181 707 434 954 10 0.0569 246 666 510 895 6 0.0568 389 677 752 855 0 0.0568 179 705 431 957 8 0.0560 431 658 687 897 5 0.0559 377 673 743 854 8 0.0549 374 607 622 834 7 0.0547 384 333 645 564 8 0.0547 525 668 870 854 11 0.0546 173 710 433 948 11 0.0543 449 468 702 690 11 0.0543 639 798 892 1012 5 0.0537 633 795 884 1012 10 0.0534 172 712 431 951 8 0.0534 635 796 882 1015 0 0.0531 635 797 892 1020 13 0.0531 458 674 822 862 0 0.0531 448 463 702 700 6 0.0528 180 709 433 953 8 0.0527 178 705 424 950 6 0.0527 309 663 566 899 11 0.0524 0 173 250 405 3 0.0522 527 665 877 860 8 0.0522 434 532 685 764 10 0.0521 372 663 633 900 8 0.0520 0 173 238 401 8 0.0520 250 617 500 830 7 0.0519 640 797 900 1018 7 0.0513 449 464 708 695 11 0.0510 381 337 643 559 13 0.0510 255 663 516 898 3 0.0509 311 659 566 908 13 0.0505 641 801 899 1017 0 0.0505 378 334 641 565
ogfoLqWzrEeE2qmQDoZ18hceEGLmucU8,11 0.0635 0 611 320 791 8 0.0630 2 609 311 788 0 0.0599 0 610 316 794 11 0.0585 376 601 631 828 10 0.0540 0 612 318 792 6 0.0538 2 612 324 789 7 0.0536 4 607 322 789 7 0.0518 382 597 634 830 11 0.0516 380 789 633 1019 8 0.0515 386 786 630 1019 8 0.0511 381 597 621 830 7 0.0510 384 787 642 1023 3 0.0509 4 608 317 794 5 0.0505 371 595 622 828
j9m5rNAr6PyzG6egzJOqcRP3arZprY61,13 0.0556 287 406 644 606 6 0.0548 252 333 505 568 5 0.0546 240 327 497 564 11 0.0540 552 468 824 714 0 0.0535 249 329 502 571 7 0.0513 252 331 503 568 5 0.0509 268 402 628 601 11 0.0507 247 336 504 566 8 0.0504 813 783 1016 1020
fLt1EgK3yoGHBLfwl7rCPXQcycv0OVzG,7 0.0591 318 788 573 1018 5 0.0567 374 286 625 515 11 0.0566 503 587 765 822 11 0.0565 311 788 568 1015 5 0.0557 311 789 568 1015 11 0.0557 378 291 630 519 8 0.0553 318 789 564 1020 0 0.0552 0 800 244 1023 2 0.0551 379 300 633 518 5 0.0549 0 796 232 1023 11 0.0549 451 524 708 751 8 0.0548 1 796 227 1019 0 0.0544 318 785 571 1021 7 0.0543 459 520 714 752 0 0.0540 510 584 768 825 0 0.0538 575 471 828 701 5 0.0535 572 466 826 698 13 0.0529 318 792 575 1021 8 0.0527 514 586 759 825 8 0.0527 375 292 623 519 8 0.0523 459 521 702 752 11 0.0522 2 804 240 1017 7 0.0522 381 292 632 519 8 0.0517 574 470 820 695 0 0.0517 378 296 628 519 7 0.0515 4 799 244 1023 10 0.0511 315 795 569 1017 11 0.0511 315 204 578 441 6 0.0511 514 588 771 826 6 0.0509 320 795 573 1020 13 0.0507 379 294 636 518 13 0.0504 514 589 773 824 3 0.0502 319 789 570 1023
clrbftk8G0oxUw8huxF51YT8kjLxivjq,8 0.0660 366 792 611 1023 0 0.0658 362 794 618 1023 11 0.0650 368 734 628 962 0 0.0631 493 798 757 1023 7 0.0629 430 784 689 1023 5 0.0622 424 782 681 1022 11 0.0612 391 687 741 862 8 0.0609 252 747 613 922 0 0.0605 579 589 825 836 8 0.0602 393 687 732 866 0 0.0596 433 729 690 966 0 0.0595 245 743 618 926 0 0.0579 437 599 687 851 6 0.0577 364 795 617 1022 7 0.0573 403 686 747 865 8 0.0571 493 794 749 1023 3 0.0570 432 786 683 1023 11 0.0567 501 735 754 963 11 0.0564 572 588 829 830 3 0.0551 403 687 738 867 6 0.0550 436 676 693 908 2 0.0549 432 787 688 1023 10 0.0546 361 797 615 1023 13 0.0540 439 729 693 967 8 0.0539 53 0 314 199 5 0.0536 501 728 748 967 13 0.0533 367 794 621 1023 1 0.0529 361 789 617 1023 5 0.0528 429 673 685 910 6 0.0526 255 744 620 919 13 0.0526 258 744 627 925 11 0.0518 48 0 325 198 2 0.0518 434 680 694 907 6 0.0514 581 589 832 832 13 0.0514 500 668 770 909 13 0.0511 494 796 764 1023 13 0.0511 388 462 646 705 2 0.0508 506 735 755 967 13 0.0507 443 596 694 849 9 0.0505 428 787 685 1019 7 0.0504 507 729 757 968 9 0.0501 390 687 743 861 0 0.0501 579 720 828 953
SiyiIdX2jzsd6gZUi9TLuIZUW93vwOja,5 0.0659 369 796 625 1021 0 0.0620 434 805 692 1023 8 0.0615 389 393 634 640 11 0.0614 385 398 641 635 8 0.0613 378 798 625 1023 11 0.0612 425 681 699 899 7 0.0599 374 800 633 1023 11 0.0588 373 801 628 1019 5 0.0578 370 661 625 906 0 0.0577 315 580 568 829 8 0.0576 320 443 562 695 0 0.0574 319 444 567 698 11 0.0573 313 725 569 958 5 0.0570 379 391 638 636 7 0.0570 318 722 571 963 5 0.0570 310 572 562 824 11 0.0569 317 446 568 694 11 0.0567 314 584 569 824 13 0.0563 325 446 571 698 7 0.0562 391 396 644 641 5 0.0562 229 794 483 1019 6 0.0555 318 578 575 824 6 0.0554 336 481 714 659 6 0.0554 374 800 632 1023 8 0.0554 373 669 625 906 13 0.0553 377 800 633 1023 13 0.0551 394 397 645 639 13 0.0550 325 724 569 964 0 0.0549 332 417 703 600 0 0.0546 319 720 566 963 7 0.0544 319 582 573 829 7 0.0544 321 445 570 699 2 0.0541 321 447 569 696 8 0.0537 316 583 565 822 2 0.0537 316 581 567 826 10 0.0536 389 398 641 639 3 0.0535 323 447 569 704 6 0.0534 374 667 634 904 10 0.0534 372 671 634 906 8 0.0533 233 798 483 1023 0 0.0532 234 797 489 1023 13 0.0532 238 802 494 1023 7 0.0531 234 800 493 1023 3 0.0526 394 397 641 644 2 0.0526 374 803 633 1023 2 0.0525 390 400 641 642 3 0.0523 375 667 632 912 3 0.0522 439 805 691 1023 13 0.0520 321 582 572 827 11 0.0520 232 801 488 1020 5 0.0520 707 0 1022 163 10 0.0519 320 446 566 697 3 0.0517 321 580 570 831 11 0.0515 710 1 1023 163 9 0.0510 371 670 631 902 11 0.0506 517 395 787 617 10 0.0503 373 803 628 1021 10 0.0503 316 583 571 827 9 0.0501 369 802 632 1019
EVUruclEzJ6vcDIHl9xuPbD0KTt6S9Qk,11 0.0561 246 716 510 954 11 0.0533 306 584 574 810 11 0.0523 451 69 700 294 0 0.0518 507 10 756 242 5 0.0515 514 128 770 377 5 0.0504 504 0 757 238 7 0.0503 310 581 578 811 13 0.0502 239 793 501 1020 13 0.0501 313 585 581 814 11 0.0501 302 454 565 688 3 0.0500 369 599 631 830
n4m4hWOOT8ogVZg2oMfSqa2IjSY2Anal,7 0.0659 435 590 681 841 5 0.0639 668 700 918 908 8 0.0637 568 598 804 836 0 0.0637 679 701 922 916 0 0.0636 634 796 879 1022 0 0.0634 449 786 692 1018 11 0.0633 579 728 815 948 7 0.0623 568 598 811 837 11 0.0616 566 603 806 834 8 0.0608 436 594 672 843 5 0.0607 249 266 510 495 0 0.0603 580 724 809 955 11 0.0602 433 597 678 841 8 0.0602 585 724 807 951 7 0.0600 319 668 566 905 11 0.0600 376 671 618 902 0 0.0599 495 596 742 842 13 0.0598 625 684 868 895 8 0.0597 256 272 505 496 10 0.0596 318 673 563 901 6 0.0583 438 596 682 845 8 0.0583 453 786 688 1014 8 0.0582 381 670 611 903 0 0.0580 438 661 673 897 5 0.0580 630 793 876 1021 5 0.0574 435 659 669 890 5 0.0574 491 593 733 835 3 0.0571 382 670 618 905 13 0.0570 574 605 813 837 11 0.0570 254 279 511 494 11 0.0568 510 783 753 1011 7 0.0568 387 797 634 1023 10 0.0567 440 669 673 892 0 0.0567 317 665 562 905 0 0.0566 250 274 511 499 5 0.0565 381 798 628 1021 6 0.0564 624 684 865 889 5 0.0564 579 719 808 952 8 0.0561 635 796 873 1023 3 0.0561 625 683 862 896 6 0.0561 382 671 621 902 8 0.0560 318 347 553 570 13 0.0559 445 667 678 896 7 0.0558 620 683 866 895 5 0.0556 317 664 560 900 5 0.0550 508 780 749 1013 11 0.0550 632 797 881 1020 7 0.0547 514 782 754 1015 11 0.0546 382 800 633 1020 6 0.0545 258 278 519 499 7 0.0545 259 270 518 496 1 0.0542 495 593 738 843 7 0.0540 321 344 567 572 3 0.0538 440 596 677 845 5 0.0538 310 341 561 569 1 0.0534 378 663 615 904 6 0.0532 572 603 810 837 10 0.0528 497 603 741 840 3 0.0528 387 803 631 1023 10 0.0525 583 726 810 950 2 0.0523 441 669 674 896 3 0.0522 574 603 807 841 13 0.0521 640 799 881 1023 7 0.0521 635 795 880 1023 5 0.0520 384 261 629 499 8 0.0520 232 408 481 625 0 0.0519 313 344 560 573 12 0.0518 322 666 561 904 3 0.0518 637 796 879 1023 3 0.0516 259 274 513 500 6 0.0515 636 799 878 1023 2 0.0514 321 672 564 908 10 0.0513 256 279 515 497 13 0.0513 392 804 634 1023 10 0.0510 384 804 629 1021 2 0.0510 385 802 632 1023 2 0.0507 624 683 863 894 12 0.0507 444 664 672 896 2 0.0505 572 605 808 837 13 0.0504 320 671 569 905 10 0.0504 511 785 749 1011 6 0.0501 387 803 632 1023 13 0.0500 320 272 574 506
ExtGXIrtdXr2Yp2ITqUbuvstXjB3sxDf,11 0.0536 248 788 498 1011 5 0.0531 571 380 831 620 5 0.0526 577 526 841 760 7 0.0518 252 782 503 1013 11 0.0516 573 385 833 619 0 0.0515 583 529 850 763 8 0.0514 585 526 840 763 11 0.0513 585 528 847 761 0 0.0513 307 0 570 200 8 0.0510 575 383 832 621 8 0.0509 308 1 565 195 13 0.0507 314 0 578 199 5 0.0503 237 379 483 618
rQVHCuOtvY13hc00It4S9GvL2MCjdhde,0 0.0697 204 610 576 791 7 0.0689 203 610 579 790 5 0.0683 197 608 574 789 11 0.0683 198 611 575 788 8 0.0671 318 640 559 897 7 0.0660 127 579 385 829 5 0.0660 310 639 562 899 0 0.0659 316 639 564 903 7 0.0657 383 533 624 775 7 0.0647 314 641 567 899 11 0.0646 119 582 383 826 8 0.0644 202 609 570 788 11 0.0639 311 646 564 898 3 0.0634 204 611 577 793 8 0.0624 124 581 380 831 0 0.0621 123 581 383 831 6 0.0620 125 582 384 830 6 0.0618 313 588 567 841 10 0.0610 199 612 576 789 5 0.0600 121 578 377 828 13 0.0594 204 611 582 790 2 0.0593 206 614 575 791 3 0.0592 127 582 383 836 13 0.0587 127 579 388 829 10 0.0574 313 645 565 897 10 0.0573 122 583 380 829 3 0.0573 316 641 566 903 13 0.0565 315 642 569 902 9 0.0561 121 578 381 828 6 0.0559 381 539 625 774 2 0.0556 381 543 621 777 4 0.0555 200 611 581 790 2 0.0553 315 647 563 900 1 0.0553 311 581 563 840 12 0.0550 316 584 564 839 2 0.0543 123 585 381 832 1 0.0539 119 576 384 829 9 0.0538 198 611 576 787 4 0.0526 312 644 569 902 12 0.0524 123 579 383 829 4 0.0514 122 581 385 831
a9WKwdOxzBgxsKkgRQIMLzmqFC1t3B0F,0 0.0665 314 592 567 838 0 0.0654 134 668 496 856 7 0.0642 139 668 498 855 8 0.0637 134 669 484 854 11 0.0631 372 403 619 626 0 0.0628 376 402 621 631 11 0.0625 317 659 576 901 7 0.0616 213 603 582 787 5 0.0613 131 668 488 854 5 0.0613 203 603 571 786 8 0.0612 209 603 569 786 11 0.0612 133 671 497 853 8 0.0610 307 402 549 632 10 0.0604 129 671 497 854 6 0.0588 314 595 567 836 7 0.0588 321 653 582 903 11 0.0586 207 606 583 785 11 0.0584 247 404 498 635 3 0.0582 313 595 567 841 10 0.0579 207 607 580 788 5 0.0574 304 398 553 631 8 0.0573 175 472 427 706 8 0.0567 321 654 571 902 3 0.0561 140 669 500 858 5 0.0560 177 472 433 706 5 0.0559 313 650 573 901 13 0.0548 213 606 586 787 11 0.0548 190 287 431 511 7 0.0547 378 403 621 627 3 0.0545 251 402 498 640 10 0.0541 249 406 499 634 7 0.0540 181 471 442 709 11 0.0540 177 478 441 706 0 0.0539 250 403 500 638 10 0.0537 316 657 578 900 10 0.0533 373 406 618 626 12 0.0533 378 403 619 628 7 0.0525 251 401 501 635 2 0.0522 314 600 565 837 2 0.0517 308 405 558 631 9 0.0517 310 595 564 831 6 0.0514 311 404 560 632 1 0.0514 199 664 564 855 12 0.0513 215 603 581 788 6 0.0512 58 677 421 853 3 0.0512 379 407 619 632 13 0.0510 378 404 625 627 12 0.0508 250 405 499 637 13 0.0505 60 675 424 854 6 0.0504 315 718 567 967
7cNZ2sOvcCCZ2KKODzNfbRgg9ObbiQfn,5 0.0646 301 784 563 1014 11 0.0608 304 787 563 1011 0 0.0587 307 786 564 1018 8 0.0579 244 784 493 1020 7 0.0577 378 789 629 1020 11 0.0575 432 780 678 1014 5 0.0566 429 772 679 1016 13 0.0555 312 784 570 1018 8 0.0552 378 782 618 1021 6 0.0548 379 787 631 1019 11 0.0547 12 593 265 828 10 0.0545 304 787 562 1012 0 0.0539 502 536 758 773 5 0.0536 439 453 699 692 11 0.0532 103 535 376 759 11 0.0527 369 666 640 898 13 0.0524 376 662 648 902 6 0.0524 244 789 496 1016 0 0.0523 447 459 704 698 0 0.0523 433 781 683 1022 3 0.0520 378 787 624 1023 13 0.0520 513 601 773 836 3 0.0519 242 791 491 1022 0 0.0518 307 454 586 718 6 0.0517 250 461 514 715 5 0.0509 366 655 636 898 8 0.0507 251 541 508 776 0 0.0507 517 408 777 641 3 0.0507 510 598 767 842 8 0.0506 508 594 757 836 8 0.0506 374 654 627 902 7 0.0506 321 729 566 962 0 0.0505 321 656 579 903 8 0.0503 58 522 310 763 11 0.0503 499 536 762 772 8 0.0502 318 717 558 963
CEZnocBkXKZoK7R17EIFEdpmDacaB8Oh,11 0.0615 185 337 443 572 11 0.0585 313 341 581 570 8 0.0585 323 275 579 509 11 0.0582 245 269 507 502 7 0.0582 331 207 590 453 7 0.0576 192 267 446 503 5 0.0574 316 270 582 508 5 0.0571 302 65 568 309 6 0.0569 292 421 643 606 13 0.0561 253 130 527 379 8 0.0561 192 196 432 433 11 0.0560 324 212 587 448 8 0.0560 251 331 500 569 7 0.0557 289 348 647 541 6 0.0557 321 274 589 511 11 0.0556 253 73 508 304 0 0.0556 316 339 583 576 3 0.0555 322 276 588 515 0 0.0553 325 208 589 453 13 0.0551 318 339 589 577 8 0.0549 374 398 638 627 11 0.0549 427 405 703 633 8 0.0548 120 389 359 627 8 0.0543 141 276 383 516 11 0.0542 117 397 370 622 11 0.0542 369 587 644 824 5 0.0542 188 462 446 708 7 0.0541 440 399 707 638 10 0.0541 317 281 589 509 8 0.0540 259 72 503 311 10 0.0538 247 335 505 569 3 0.0530 253 199 517 437 5 0.0529 333 411 692 598 10 0.0529 182 400 434 628 13 0.0529 193 10 460 244 3 0.0527 250 330 505 576 10 0.0526 285 423 644 604 11 0.0525 566 345 826 568 11 0.0524 182 200 438 429 3 0.0524 258 70 512 316 7 0.0522 254 127 521 378 0 0.0521 185 198 441 434 0 0.0521 432 468 694 701 8 0.0521 193 468 431 708 6 0.0521 195 267 447 505 5 0.0519 183 327 438 571 6 0.0519 257 195 519 435 13 0.0518 253 266 516 508 10 0.0518 252 76 510 306 13 0.0518 188 197 444 436 11 0.0517 303 462 584 683 6 0.0516 121 391 368 624 13 0.0514 191 336 449 580 5 0.0514 177 59 449 304 8 0.0510 436 465 687 699 0 0.0509 251 125 524 376 5 0.0507 110 390 362 620 13 0.0507 330 210 593 452 6 0.0506 314 71 574 308 3 0.0505 572 339 819 581 6 0.0503 577 394 838 629 12 0.0503 321 337 585 575 10 0.0503 252 204 515 432 7 0.0503 189 394 438 629 0 0.0502 249 267 510 504 3 0.0501 193 269 443 509 5 0.0501 93 800 358 1021
FRrdXLQ98CRNuRSmPmnGXAae83hUZ1RK,0 0.0622 252 666 508 895 8 0.0606 254 667 497 893 7 0.0590 250 725 507 960 11 0.0583 248 725 502 955 7 0.0583 380 728 638 972 5 0.0582 312 724 567 962 10 0.0570 247 729 503 956 6 0.0564 320 730 571 964 13 0.0563 259 742 631 919 0 0.0558 183 722 432 962 13 0.0556 189 724 440 963 10 0.0551 375 730 633 963 11 0.0550 374 729 632 968 5 0.0549 247 668 500 891 8 0.0549 184 719 425 960 11 0.0529 128 546 380 765 3 0.0522 192 746 561 923 5 0.0519 182 721 425 956 6 0.0513 252 670 508 891 8 0.0507 66 680 419 863 2 0.0506 318 728 571 963 9 0.0502 246 728 502 954 11 0.0501 59 683 436 862
teVWubNL8ftxWfMHnKViGVG0ucQXLvyw,0 0.0664 318 582 577 833 11 0.0647 269 611 629 787 5 0.0645 374 579 632 820 7 0.0641 276 610 633 788 8 0.0604 209 608 551 787 8 0.0603 265 671 619 846 5 0.0594 206 609 554 786 6 0.0585 380 584 637 824 10 0.0575 314 583 575 831 0 0.0570 179 531 450 778 0 0.0568 381 461 637 706 3 0.0566 379 582 636 826 6 0.0561 212 611 562 787 13 0.0558 382 582 641 822 11 0.0555 383 463 638 701 11 0.0551 176 536 451 769 10 0.0547 211 554 563 726 8 0.0545 383 460 631 703 2 0.0543 209 613 558 789 13 0.0543 388 461 646 707 7 0.0540 183 530 455 774 7 0.0539 441 469 703 703 3 0.0538 212 611 557 791 6 0.0537 340 479 705 657 13 0.0532 213 611 566 789 2 0.0529 378 586 636 822 1 0.0519 205 607 559 788 7 0.0517 397 396 642 632 12 0.0517 276 610 635 788 5 0.0514 377 458 633 703 9 0.0513 373 582 635 819 3 0.0510 384 461 637 711 1 0.0508 376 578 635 822 0 0.0504 506 481 763 707
5rEJR7BTbD7mhuoI2dj5K9PLoDMssyaz,8 0.0621 176 0 435 190 7 0.0600 510 521 761 773 0 0.0581 57 666 452 853 5 0.0579 500 652 747 880 11 0.0578 169 0 440 187 5 0.0578 132 10 380 254 0 0.0574 508 658 749 883 5 0.0571 499 521 756 770 6 0.0566 176 0 444 190 0 0.0566 176 0 440 193 0 0.0565 238 601 512 848 2 0.0559 174 6 440 189 3 0.0559 119 0 374 208 7 0.0555 511 654 751 883 8 0.0554 214 82 446 330 7 0.0552 201 2 448 252 11 0.0552 302 395 560 647 11 0.0551 437 391 699 632 5 0.0544 428 452 697 702 8 0.0540 503 522 752 771 5 0.0535 204 73 453 320 10 0.0535 173 5 443 190 6 0.0533 217 80 457 326 13 0.0531 176 1 447 190 13 0.0529 186 679 456 909 0 0.0529 639 400 898 636 11 0.0529 374 329 634 571 8 0.0526 309 449 558 707 8 0.0526 56 664 436 852 11 0.0523 208 83 454 326 5 0.0520 248 0 504 246 6 0.0519 439 387 704 634 7 0.0518 443 385 707 636 11 0.0518 503 658 746 883 8 0.0516 437 384 693 633 13 0.0515 510 527 766 774 11 0.0514 368 465 634 706 0 0.0514 505 527 759 774 11 0.0512 132 157 398 390 5 0.0512 626 396 894 631 10 0.0511 437 393 699 634 8 0.0511 177 729 428 958 8 0.0509 507 654 742 884 0 0.0508 388 662 647 900 6 0.0505 315 326 572 584 8 0.0502 640 397 892 632 6 0.0502 508 658 754 882 13 0.0500 439 457 703 703
jhViBWyJuUmPcb012lmIU197QMkcjZLk,11 0.0522 245 394 510 629 13 0.0510 245 329 508 576
b27EjLbBZ879kEYTQ745XxD0kaMKVlH3,5 0.0643 228 796 480 1019 0 0.0627 234 798 482 1023 7 0.0614 568 712 819 965 8 0.0610 237 794 478 1022 5 0.0596 497 389 762 630 11 0.0590 566 534 821 760 8 0.0588 503 393 753 632 7 0.0587 505 393 769 632 5 0.0578 425 786 687 1018 7 0.0578 236 799 485 1023 11 0.0572 241 672 496 896 6 0.0569 505 396 765 630 6 0.0569 236 800 484 1022 7 0.0568 436 787 693 1022 13 0.0567 448 726 701 971 0 0.0555 432 784 688 1023 0 0.0555 635 602 887 833 7 0.0553 574 532 823 763 11 0.0551 430 789 687 1021 8 0.0550 242 668 487 901 13 0.0549 237 799 484 1023 8 0.0547 436 783 683 1023 6 0.0544 579 334 825 563 6 0.0543 575 533 821 760 11 0.0542 497 394 762 630 7 0.0542 245 668 499 898 5 0.0540 563 527 816 761 11 0.0539 175 738 434 966 11 0.0539 560 653 829 900 0 0.0538 566 654 823 906 5 0.0537 568 329 818 563 9 0.0537 233 799 482 1019 8 0.0536 574 333 813 565 10 0.0536 242 672 491 898 13 0.0533 505 395 774 631 11 0.0532 630 605 893 825 10 0.0529 499 398 765 633 13 0.0527 574 531 826 760 3 0.0525 506 396 763 637 2 0.0525 236 801 482 1023 0 0.0524 504 394 764 633 0 0.0524 570 532 818 764 0 0.0520 242 669 494 902 6 0.0516 435 788 693 1022 3 0.0515 242 725 484 955 10 0.0515 569 536 819 763 13 0.0515 568 653 829 905 10 0.0515 432 792 687 1022 5 0.0513 189 660 440 907 6 0.0509 189 667 450 908 11 0.0508 572 335 821 562 3 0.0508 438 786 690 1023 5 0.0506 624 594 880 826 0 0.0506 579 332 823 567 5 0.0506 560 706 813 957 2 0.0506 434 789 692 1023 8 0.0504 569 532 810 761 6 0.0502 637 601 891 825
HZ4BrsVDFbKnZY6vZR1Ktk15ieyeAUbd,7 0.0571 450 541 708 776 11 0.0559 370 541 638 772 11 0.0556 294 604 561 842 0 0.0552 301 596 558 843 0 0.0546 252 712 512 962 11 0.0537 308 793 554 1015 8 0.0536 312 546 553 777 5 0.0530 577 83 823 324 0 0.0529 447 542 704 780 6 0.0524 635 161 881 385 8 0.0524 251 716 507 957 5 0.0523 127 0 366 211 11 0.0521 624 163 880 385 6 0.0519 301 604 563 841 7 0.0516 246 786 503 1015 11 0.0515 250 723 514 953 8 0.0515 249 465 490 695 5 0.0514 246 710 509 955 13 0.0513 301 602 565 843 6 0.0513 318 472 571 692 0 0.0508 636 26 877 246 5 0.0505 636 20 874 247 7 0.0505 582 21 831 259 11 0.0505 127 0 369 209 6 0.0501 450 544 705 776 5 0.0500 291 596 555 836
JWB6bQlaW2idcp5cFQxGgpxjJ3xRf3aF,0 0.0640 323 516 580 769 0 0.0630 374 591 637 835 0 0.0617 438 519 717 761 11 0.0611 373 463 650 698 13 0.0607 515 458 775 698 11 0.0585 263 523 513 767 8 0.0583 316 589 568 833 5 0.0579 339 546 695 730 7 0.0577 450 458 716 695 13 0.0574 380 460 653 701 0 0.0572 258 456 515 703 7 0.0568 384 523 654 764 13 0.0567 448 389 708 632 7 0.0563 267 519 519 769 11 0.0562 377 591 637 827 11 0.0562 440 389 702 626 11 0.0561 508 460 769 696 13 0.0560 645 153 902 398 5 0.0554 254 451 510 699 6 0.0552 645 153 897 392 8 0.0550 346 548 694 729 7 0.0549 380 389 642 631 5 0.0549 633 155 892 390 3 0.0548 346 550 701 733 2 0.0546 324 523 582 764 2 0.0545 378 467 649 697 8 0.0545 261 457 506 694 13 0.0545 262 459 517 703 8 0.0545 642 155 886 394 0 0.0544 177 394 433 627 6 0.0543 325 519 586 765 10 0.0542 262 527 516 769 6 0.0541 444 520 717 760 5 0.0541 509 452 767 697 11 0.0540 427 793 674 1011 7 0.0538 510 385 772 635 7 0.0537 186 462 442 708 13 0.0537 383 592 640 831 11 0.0536 636 157 899 394 11 0.0535 371 334 628 567 3 0.0534 261 456 511 703 6 0.0533 381 595 642 833 7 0.0532 434 791 681 1019 0 0.0530 426 793 676 1020 3 0.0529 642 155 896 403 2 0.0527 260 462 513 699 2 0.0522 444 525 714 755 10 0.0521 441 526 717 756 11 0.0520 179 470 439 708 7 0.0519 568 466 827 701 3 0.0518 378 594 638 835 6 0.0518 182 466 442 710 10 0.0518 378 597 638 831 0 0.0518 640 154 895 400 2 0.0517 378 599 639 830 7 0.0517 445 323 702 566 6 0.0513 248 390 504 628 5 0.0513 440 383 701 630 7 0.0512 642 154 900 395 10 0.0512 376 464 650 700 9 0.0509 320 517 577 760 8 0.0508 437 0 701 182 10 0.0507 178 472 439 708 6 0.0504 446 385 705 633 9 0.0500 375 591 635 828
S66DEJXPikQIFQKAirz2S6mQGwvHSp57,5 0.0679 237 324 508 564 5 0.0663 377 334 650 573 8 0.0651 382 333 647 579 11 0.0627 382 339 654 575 5 0.0627 565 334 827 570 11 0.0626 314 264 588 492 5 0.0620 318 400 573 637 5 0.0615 450 395 706 641 0 0.0612 451 349 715 586 0 0.0606 317 338 581 573 8 0.0603 309 471 557 701 11 0.0596 573 584 836 824 11 0.0595 453 403 711 643 11 0.0594 319 407 577 636 6 0.0592 319 338 583 573 8 0.0588 453 399 705 645 5 0.0587 233 462 500 702 8 0.0585 317 262 576 494 5 0.0585 629 450 909 697 6 0.0584 573 457 834 695 6 0.0584 582 582 838 825 11 0.0583 237 330 511 565 7 0.0583 457 344 721 584 13 0.0583 582 513 842 754 13 0.0580 509 454 778 700 3 0.0577 298 424 647 608 3 0.0577 457 347 722 588 6 0.0572 300 484 652 664 0 0.0567 448 456 701 705 13 0.0566 321 342 588 576 7 0.0564 576 584 838 830 7 0.0563 319 342 585 574 6 0.0560 580 339 833 567 5 0.0560 500 509 767 758 7 0.0559 507 517 773 765 3 0.0557 319 259 589 500 0 0.0556 310 473 563 702 11 0.0555 631 508 902 751 6 0.0555 511 516 773 761 6 0.0554 452 348 719 585 8 0.0554 144 413 481 601 6 0.0551 156 414 504 597 2 0.0551 453 353 716 583 8 0.0550 579 585 830 827 5 0.0550 375 468 626 703 10 0.0543 632 459 911 696 7 0.0542 379 267 652 505 8 0.0542 579 281 828 513 2 0.0538 294 425 646 606 10 0.0537 455 403 710 643 2 0.0537 378 274 645 505 8 0.0536 355 546 712 724 3 0.0535 573 456 834 702 13 0.0535 313 473 572 704 11 0.0534 309 590 566 831 8 0.0534 183 524 429 772 3 0.0534 580 583 837 835 11 0.0533 183 589 440 832 11 0.0532 349 546 724 725 8 0.0532 503 333 766 572 0 0.0532 566 457 830 696 5 0.0532 572 579 832 821 11 0.0530 498 338 774 567 8 0.0530 634 453 903 700 11 0.0530 238 469 503 701 0 0.0524 579 583 837 828
vKKJJjLViE0ZC2YrwB0as3NJYFGkTY3O,7 0.0591 483 794 755 1023 7 0.0570 617 797 887 1022 0 0.0566 613 801 878 1023 11 0.0551 324 352 589 569 8 0.0549 479 791 735 1023 6 0.0539 331 350 590 573 13 0.0538 322 3 567 227 5 0.0537 326 414 681 596 7 0.0533 561 674 827 905 11 0.0527 476 794 741 1023 8 0.0526 334 418 674 596 5 0.0525 468 786 736 1018 13 0.0517 481 794 750 1022 0 0.0512 477 793 743 1023 11 0.0510 641 0 902 198 11 0.0510 612 800 875 1022 11 0.0508 315 479 578 709 7 0.0507 339 418 692 597 13 0.0507 564 679 835 905 8 0.0506 614 798 869 1020 5 0.0504 740 544 1021 736 8 0.0502 399 0 628 241 11 0.0501 754 25 1001 247
0MUDKUjraMFu1fzAqHargkVF7TxJqLAQ,11 0.0592 375 656 635 902 0 0.0583 377 652 639 907 5 0.0582 377 651 632 903 11 0.0569 359 459 629 705 3 0.0567 383 656 638 909 11 0.0567 309 730 568 963 6 0.0564 382 654 642 903 0 0.0564 491 0 756 204 0 0.0561 312 721 569 969 8 0.0557 381 653 633 904 8 0.0551 362 457 616 703 13 0.0549 383 652 644 906 7 0.0547 384 654 640 902 8 0.0545 312 722 564 967 7 0.0545 448 340 698 575 0 0.0541 362 455 628 708 7 0.0539 368 454 632 704 3 0.0539 497 1 758 206 11 0.0538 489 3 757 199 5 0.0528 310 720 565 962 3 0.0525 366 461 625 712 7 0.0524 313 725 573 967 5 0.0520 359 454 621 706 13 0.0520 497 1 766 204 6 0.0517 367 457 630 706 2 0.0517 365 461 624 705 12 0.0514 382 655 640 907 2 0.0512 380 658 638 903 5 0.0512 490 0 754 199 13 0.0510 317 724 576 969 13 0.0510 443 341 702 578 7 0.0507 500 1 760 204 11 0.0505 432 732 683 967 10 0.0503 378 659 637 903 6 0.0500 498 1 759 200
3xa4Uwt8IX6V0HMIxzfjTBjgoJIzmW1e,11 0.0631 388 455 648 701 7 0.0631 447 577 705 821 0 0.0621 383 517 643 771 0 0.0615 375 410 645 652 11 0.0611 505 585 753 823 11 0.0591 444 656 694 886 13 0.0589 447 518 711 758 7 0.0585 383 655 640 895 6 0.0585 445 578 706 821 8 0.0573 444 578 696 821 5 0.0571 439 574 695 821 8 0.0568 379 413 639 652 13 0.0568 317 520 581 769 13 0.0567 379 412 653 650 3 0.0566 382 413 648 656 7 0.0561 382 411 651 649 3 0.0560 446 656 694 895 13 0.0556 511 586 755 829 5 0.0552 504 654 744 898 0 0.0552 241 456 509 709 2 0.0551 445 583 702 822 8 0.0550 377 654 627 894 0 0.0547 435 719 688 955 0 0.0543 506 659 752 902 7 0.0543 245 452 512 705 8 0.0540 241 395 497 642 3 0.0540 388 520 640 775 5 0.0539 234 389 504 639 6 0.0538 378 409 651 652 11 0.0537 235 396 508 639 6 0.0535 511 654 753 897 5 0.0531 374 407 639 648 5 0.0529 376 648 625 892 11 0.0528 372 725 624 947 11 0.0528 315 518 571 768 7 0.0527 511 659 753 902 0 0.0523 574 582 826 832 2 0.0522 379 659 632 897 8 0.0522 440 719 681 951 3 0.0516 512 585 751 831 3 0.0516 243 397 505 647 6 0.0513 384 656 637 891 10 0.0511 442 581 700 823 13 0.0511 448 653 701 891 9 0.0507 384 519 640 765 13 0.0506 247 457 515 708 6 0.0502 579 584 830 828 8 0.0501 509 659 744 899 5 0.0500 508 132 769 365
m6ya7TVGA5tb0MGQ0Ns8RA6KV1fG5qdj,0 0.0565 247 267 498 506 11 0.0565 243 265 500 501 8 0.0563 246 266 492 505 5 0.0563 242 261 497 497 13 0.0562 252 267 506 508 8 0.0527 311 328 546 560 3 0.0525 249 267 501 508 13 0.0523 328 140 586 382 11 0.0515 323 140 578 381 6 0.0515 251 266 504 502 5 0.0514 232 403 486 627 0 0.0513 309 331 553 562 0 0.0509 323 141 577 388
DZj0nyZua1lNgZsJDxaOIt3fOYwY1FIR,5 0.0604 579 398 824 640 7 0.0602 523 465 760 697 0 0.0601 579 401 830 643 8 0.0577 581 401 821 640 11 0.0574 513 403 761 622 7 0.0568 462 405 710 633 11 0.0568 455 475 702 696 11 0.0564 571 479 823 702 0 0.0563 454 407 704 638 11 0.0562 389 394 634 622 0 0.0555 514 467 755 700 8 0.0554 457 406 700 634 11 0.0554 644 408 891 638 3 0.0552 459 404 706 639 11 0.0548 308 454 564 688 8 0.0548 517 465 752 697 5 0.0548 451 401 701 630 8 0.0547 112 799 356 1010 5 0.0545 517 462 755 697 7 0.0542 585 404 830 644 11 0.0541 171 610 422 837 0 0.0539 566 290 817 513 11 0.0539 248 380 497 625 7 0.0536 576 531 826 759 5 0.0535 561 288 810 509 13 0.0532 585 402 831 641 8 0.0531 636 619 875 842 7 0.0531 387 459 638 696 3 0.0529 311 387 564 630 11 0.0524 192 746 436 958 3 0.0524 588 400 827 645 0 0.0524 239 513 477 762 2 0.0524 582 409 832 641 5 0.0524 248 372 491 624 5 0.0523 644 468 899 704 0 0.0522 308 451 563 693 3 0.0522 389 342 629 578 11 0.0521 239 810 489 1019 10 0.0521 573 481 825 708 8 0.0520 244 810 481 1018 8 0.0519 574 531 812 760 7 0.0518 640 619 890 844 7 0.0516 184 803 434 1017 0 0.0515 576 533 824 763 10 0.0515 453 475 702 701 0 0.0514 649 475 904 707 0 0.0512 250 376 493 628 0 0.0511 171 611 420 849 3 0.0511 382 463 636 703 0 0.0510 311 601 544 857 2 0.0509 457 415 707 632 7 0.0509 317 382 566 623 0 0.0507 390 342 626 570 6 0.0507 461 406 712 631 0 0.0507 641 620 886 846 10 0.0506 512 404 761 625 3 0.0506 524 464 760 703 13 0.0504 641 624 894 847 7 0.0504 395 336 635 570 11 0.0503 635 556 885 782 5 0.0502 573 529 819 756 5 0.0500 234 509 475 755
Qhfkq0VGyCO7s1gwtMiaLI82euaIpdj2,5 0.0691 381 62 634 305 8 0.0656 386 127 635 362 0 0.0654 449 197 696 441 11 0.0649 383 128 641 366 5 0.0645 442 190 692 437 5 0.0641 367 260 632 509 11 0.0640 317 198 579 443 11 0.0637 445 198 698 436 8 0.0629 401 288 760 474 0 0.0624 438 337 697 578 8 0.0623 322 73 569 308 8 0.0621 376 338 627 581 6 0.0614 384 3 631 205 6 0.0611 386 196 638 440 3 0.0609 451 196 696 441 13 0.0608 389 194 638 442 0 0.0606 325 124 580 364 0 0.0604 372 263 638 512 5 0.0602 301 331 567 578 11 0.0596 378 2 625 202 0 0.0592 446 67 692 302 7 0.0590 385 0 631 205 10 0.0589 385 129 643 366 3 0.0589 388 71 639 313 6 0.0588 310 269 583 512 8 0.0588 322 200 573 442 11 0.0588 321 350 701 532 11 0.0587 500 324 761 565 11 0.0584 445 66 691 299 6 0.0584 326 127 584 367 13 0.0584 328 126 584 366 8 0.0581 380 2 617 201 10 0.0578 448 198 698 436 8 0.0577 448 69 684 298 7 0.0576 325 123 583 362 0 0.0576 256 0 629 153 7 0.0573 374 262 640 513 6 0.0571 441 268 704 519 13 0.0571 261 1 639 152 3 0.0569 322 198 579 447 1 0.0568 443 195 696 439 3 0.0568 440 336 696 584 6 0.0567 381 334 636 578 11 0.0565 436 525 694 760 7 0.0565 450 195 700 441 9 0.0565 383 126 639 359 5 0.0563 428 330 692 576 11 0.0562 378 463 629 700 7 0.0561 441 336 702 580 8 0.0561 301 414 556 636 2 0.0560 381 5 623 204 10 0.0560 400 293 768 471 13 0.0560 410 290 773 474 11 0.0556 246 335 516 571 7 0.0556 311 333 574 581 13 0.0548 380 338 637 579 10 0.0548 316 201 579 443 12 0.0547 390 194 637 440 9 0.0547 446 196 699 433 2 0.0546 321 197 577 440 6 0.0546 259 456 522 689 11 0.0545 294 411 569 638 3 0.0543 377 400 630 643 10 0.0542 380 4 627 203 6 0.0541 381 462 635 700 10 0.0540 441 602 709 834 0 0.0539 437 526 694 766 9 0.0537 319 197 578 437 11 0.0537 303 523 564 753 8 0.0537 382 462 621 698 13 0.0535 380 525 638 764
E2jFcx4BM0i5WakMo7dRN3vIl0tvKdk3,0 0.0598 440 595 697 836 8 0.0587 419 612 747 795 8 0.0585 512 481 759 706 8 0.0583 428 664 683 908 11 0.0580 507 530 770 760 7 0.0580 447 455 707 697 11 0.0577 437 595 698 833 11 0.0568 573 360 838 590 11 0.0567 442 459 704 693 0 0.0565 444 462 700 699 0 0.0554 195 262 454 504 3 0.0540 444 591 694 842 6 0.0540 422 610 755 795 5 0.0539 575 359 830 587 6 0.0539 193 374 461 630 8 0.0537 127 257 374 500 7 0.0534 433 664 694 907 5 0.0533 426 660 691 908 11 0.0531 377 539 636 764 5 0.0529 43 325 320 563 11 0.0528 316 471 573 698 0 0.0528 579 366 836 594 8 0.0526 581 366 825 594 11 0.0526 303 192 582 430 6 0.0525 586 366 837 595 0 0.0524 505 535 769 765 13 0.0523 424 610 761 796 7 0.0519 509 526 769 763 8 0.0519 384 465 635 698 3 0.0518 449 459 701 700 13 0.0514 449 457 711 695 11 0.0513 258 392 527 626 5 0.0510 191 312 452 559 0 0.0509 355 661 621 899 11 0.0509 191 325 457 559 6 0.0506 449 458 706 698 3 0.0504 586 367 839 602 5 0.0502 441 452 698 695 13 0.0501 267 390 536 634 7 0.0501 201 314 464 562
SS885uSl3aAUzNVC1qkqaYoSzFM8m7jF,0 0.0592 570 461 826 700 5 0.0591 567 454 820 698 0 0.0578 508 392 766 630 0 0.0571 577 327 818 572 8 0.0569 512 330 751 564 11 0.0566 568 464 823 698 6 0.0566 465 419 818 601 6 0.0565 564 533 820 767 3 0.0562 582 331 817 579 11 0.0561 504 394 763 631 7 0.0553 571 458 825 701 3 0.0551 577 464 822 703 7 0.0549 513 389 771 631 5 0.0547 570 323 814 573 8 0.0545 373 397 631 629 6 0.0541 429 457 706 706 8 0.0538 570 460 818 696 11 0.0538 303 546 559 793 10 0.0535 569 464 824 698 5 0.0535 371 592 633 835 11 0.0534 426 528 693 762 8 0.0531 428 597 681 831 11 0.0529 245 494 484 723 8 0.0527 429 456 693 703 5 0.0526 423 515 694 765 11 0.0526 575 327 818 574 6 0.0520 428 598 692 832 7 0.0516 504 521 764 767 0 0.0515 455 332 709 562 3 0.0511 464 331 710 566 5 0.0510 453 326 705 560 11 0.0509 493 594 755 823 13 0.0509 578 329 823 571 3 0.0506 434 458 703 710 13 0.0502 572 460 829 700 7 0.0502 307 542 567 792
RBGiqauSSyQFUMhxTz62hH6Hyz4rA2xT,0 0.0567 495 726 745 960 5 0.0566 374 470 641 702 7 0.0562 362 786 633 1023 11 0.0550 378 476 645 696 5 0.0543 351 782 625 1019 13 0.0534 364 790 633 1023 11 0.0529 358 788 626 1021 11 0.0522 434 726 696 942 0 0.0521 358 785 627 1023 8 0.0520 376 474 635 705 8 0.0520 361 788 622 1023 3 0.0517 363 786 626 1023 7 0.0515 443 723 698 945 11 0.0513 447 271 702 503 7 0.0510 377 543 647 773 0 0.0507 377 473 644 705 8 0.0504 231 787 489 1023 3 0.0504 443 722 690 947 5 0.0501 306 524 568 753 0 0.0501 756 5 1008 201 11 0.0501 310 533 576 755
XXaNQ4x7AFqfaZ04q44oB0kjb2w0wUjT,0 0.0647 387 282 653 525 11 0.0633 393 159 653 384 11 0.0624 459 211 726 435 5 0.0619 443 151 716 376 8 0.0614 457 332 701 584 6 0.0613 464 212 730 440 0 0.0611 513 272 771 503 5 0.0604 315 143 581 371 6 0.0602 390 286 666 522 5 0.0597 386 335 644 582 0 0.0594 382 409 646 656 13 0.0592 389 283 667 519 11 0.0587 239 289 506 524 8 0.0584 387 461 626 695 3 0.0583 397 160 649 397 8 0.0583 516 152 765 373 8 0.0583 455 210 718 442 0 0.0582 0 802 237 1023 0 0.0580 513 411 766 655 0 0.0579 328 148 581 376 5 0.0578 448 273 717 510 2 0.0575 455 346 710 588 5 0.0574 380 209 653 441 11 0.0573 168 218 448 452 5 0.0572 302 264 566 511 7 0.0572 525 332 769 578 9 0.0568 381 288 656 514 8 0.0565 518 407 755 655 11 0.0562 0 803 238 1018 8 0.0559 388 163 640 392 5 0.0557 521 332 763 578 6 0.0556 579 278 826 505 5 0.0554 181 340 437 590 6 0.0551 177 220 446 454 7 0.0551 246 280 505 524 11 0.0550 390 285 659 518 5 0.0550 572 405 827 650 10 0.0549 320 408 572 650 6 0.0548 333 151 591 375 2 0.0548 389 224 655 448 0 0.0548 567 209 823 437 10 0.0547 308 276 571 511 13 0.0547 317 200 590 430 13 0.0546 248 285 515 527 5 0.0544 379 459 635 695 11 0.0544 525 339 772 573 7 0.0544 386 407 644 654 11 0.0543 381 461 642 693 11 0.0542 520 153 778 369 13 0.0541 325 400 582 651 10 0.0541 389 344 645 587 0 0.0540 173 146 439 381 7 0.0539 323 199 580 436 13 0.0539 456 215 733 437 7 0.0537 175 214 445 452 11 0.0537 299 523 570 759 0 0.0531 306 463 567 707 6 0.0530 323 401 579 650 2 0.0528 513 219 775 430 9 0.0528 449 215 724 432 8 0.0527 578 340 829 585 5 0.0527 445 518 696 754 7 0.0527 575 406 838 656 8 0.0526 114 217 392 459 12 0.0525 317 197 578 437 0 0.0525 575 345 836 585 5 0.0524 1 799 226 1022 5 0.0524 163 212 435 449 5 0.0524 297 521 560 759 8 0.0523 3 796 223 1023 3 0.0523 521 410 759 659 11 0.0521 104 147 383 385
exppSucWxkXGO1xwTahLgIttnAcgvdlB,5 0.0648 306 395 569 641 8 0.0647 382 330 633 573 11 0.0644 382 331 644 569 8 0.0637 315 400 565 640 11 0.0622 316 468 577 705 8 0.0620 188 397 446 639 5 0.0604 179 395 452 638 0 0.0601 318 463 570 711 11 0.0600 255 400 517 635 6 0.0596 315 400 575 641 7 0.0584 317 466 576 710 6 0.0582 384 335 645 573 8 0.0580 375 460 621 707 13 0.0579 262 399 522 640 5 0.0579 242 333 511 557 3 0.0576 256 402 515 643 5 0.0572 375 325 633 569 7 0.0572 262 399 517 636 0 0.0571 387 264 652 501 8 0.0569 254 339 504 562 11 0.0568 134 356 399 579 6 0.0567 188 401 458 638 7 0.0561 319 321 584 555 11 0.0560 514 334 764 565 6 0.0558 452 273 715 510 11 0.0557 191 468 462 713 3 0.0555 381 331 640 577 0 0.0554 258 399 513 639 13 0.0550 385 330 651 572 7 0.0549 187 346 452 565 8 0.0547 448 265 699 509 2 0.0547 314 404 572 640 11 0.0547 587 278 841 495 11 0.0547 446 265 707 503 7 0.0546 195 465 462 712 8 0.0546 573 464 819 690 0 0.0545 448 329 702 572 13 0.0545 379 460 630 705 6 0.0543 255 341 513 560 10 0.0541 256 405 514 641 3 0.0540 316 465 573 714 8 0.0538 515 334 757 573 0 0.0536 319 323 581 558 11 0.0533 567 464 821 686 7 0.0533 385 589 628 841 0 0.0532 376 590 627 843 5 0.0532 441 259 699 504 2 0.0530 187 406 452 639 10 0.0529 380 336 642 571 0 0.0526 185 349 450 567 5 0.0525 511 328 756 570 10 0.0520 379 468 627 706 6 0.0519 517 337 768 575 7 0.0518 450 321 706 571 11 0.0517 315 267 588 480 0 0.0516 568 466 824 692 3 0.0514 138 354 399 590 9 0.0513 254 402 514 635 9 0.0511 311 466 570 703 8 0.0511 321 266 574 485 7 0.0509 642 0 900 209 13 0.0507 516 332 769 569 11 0.0507 269 82 518 307 11 0.0506 377 589 625 830 8 0.0504 252 527 503 767 3 0.0502 451 267 705 514 5 0.0502 244 518 508 764 5 0.0501 265 72 509 310
VnaoGwoD61jE16MpajlhBJ5gJRgdzQYU,11 0.0594 436 462 701 688 5 0.0573 430 575 701 824 11 0.0564 430 587 701 827 5 0.0558 492 510 764 759 7 0.0556 503 578 769 831 3 0.0552 451 407 703 641 11 0.0548 234 349 484 569 6 0.0547 453 409 708 637 0 0.0544 548 418 899 604 8 0.0541 479 480 832 661 13 0.0540 508 580 774 828 0 0.0537 496 458 763 693 8 0.0529 553 415 886 600 11 0.0528 489 521 762 759 0 0.0527 323 286 570 509 10 0.0526 496 459 765 689 11 0.0524 368 522 627 758 11 0.0524 435 356 693 577 3 0.0523 437 520 692 762 7 0.0522 499 456 766 692 13 0.0520 501 457 768 691 5 0.0519 432 348 684 576 7 0.0519 438 520 696 762 13 0.0518 374 419 634 652 5 0.0518 540 413 890 600 11 0.0512 322 287 572 506 8 0.0510 331 288 562 505 13 0.0509 443 524 700 761 13 0.0508 307 369 567 585 3 0.0507 505 584 764 838 10 0.0506 434 525 695 761 8 0.0505 242 347 471 568 3 0.0503 327 289 564 517 7 0.0502 443 357 694 580 5 0.0501 319 281 561 501
7CXyo3XAJgDCX2Ax6fGXiy4JKCWFKxVc,11 0.0591 185 731 568 897 7 0.0591 198 727 576 901 11 0.0587 181 600 436 831 7 0.0568 187 524 440 766 8 0.0568 176 392 417 631 0 0.0565 293 663 564 908 0 0.0544 167 664 426 906 8 0.0541 295 663 557 905 5 0.0540 289 660 562 904 7 0.0540 176 385 429 632 8 0.0539 185 530 429 769 8 0.0528 166 664 419 902 6 0.0527 296 664 570 903 5 0.0527 179 593 432 829 3 0.0524 296 667 563 915 11 0.0521 171 795 431 1023 0 0.0519 178 392 428 635 5 0.0515 174 384 422 628 10 0.0513 174 399 423 630 11 0.0508 373 205 626 449 13 0.0506 189 599 444 836 8 0.0504 320 263 559 500 7 0.0502 175 788 437 1023 0 0.0502 186 529 440 771 11 0.0502 177 454 434 696 3 0.0501 183 601 434 840
YLiwTtF67awtQvKNGP4DQGRF9TLc80mS,11 0.0609 258 403 501 624 5 0.0594 186 399 434 631 7 0.0592 260 136 507 374 11 0.0588 572 486 834 709 11 0.0586 191 469 447 700 0 0.0584 319 140 569 374 5 0.0583 188 183 421 428 7 0.0580 189 322 431 565 0 0.0578 192 187 424 434 7 0.0577 261 248 504 490 11 0.0576 183 327 430 561 8 0.0574 584 549 825 770 6 0.0572 195 189 426 431 7 0.0566 199 464 446 706 8 0.0566 188 322 422 566 0 0.0561 188 529 439 771 5 0.0561 568 482 828 709 11 0.0560 252 141 507 373 8 0.0560 191 186 418 433 11 0.0560 312 459 574 684 8 0.0560 509 423 759 649 5 0.0559 389 190 646 416 11 0.0557 255 251 501 491 8 0.0556 261 247 492 493 3 0.0556 255 182 491 430 0 0.0555 392 271 653 493 0 0.0554 261 253 497 491 13 0.0553 197 188 432 433 3 0.0552 187 329 427 568 11 0.0551 512 425 772 642 10 0.0550 258 255 496 484 7 0.0549 196 185 428 432 6 0.0547 262 138 503 378 5 0.0547 319 85 573 318 10 0.0544 257 143 503 375 8 0.0544 325 92 571 323 5 0.0542 255 248 496 487 0 0.0541 190 404 436 634 11 0.0538 188 191 426 429 6 0.0538 586 549 835 771 11 0.0537 325 191 577 423 13 0.0537 264 251 507 494 11 0.0537 367 10 637 246 11 0.0535 393 267 657 487 0 0.0534 314 455 569 687 6 0.0534 180 586 434 828 0 0.0533 246 592 501 839 13 0.0533 192 402 441 635 13 0.0531 582 551 841 767 11 0.0530 316 92 579 318 3 0.0530 326 138 570 376 5 0.0529 253 132 499 373 6 0.0529 460 462 716 690 7 0.0529 331 189 579 431 8 0.0528 261 141 497 378 11 0.0527 442 527 704 759 10 0.0525 185 334 424 561 8 0.0525 378 9 627 252 11 0.0523 517 142 775 366 0 0.0522 574 485 835 711 13 0.0522 263 140 511 378 2 0.0519 261 257 498 489 11 0.0519 239 593 505 834 13 0.0518 127 262 381 510 8 0.0518 199 467 438 703 7 0.0516 309 510 563 759 13 0.0515 329 89 586 320 3 0.0514 199 472 444 708 5 0.0513 123 324 372 577 6 0.0512 333 193 576 430 11 0.0511 297 804 571 1019 8 0.0511 309 511 551 753 3 0.0510 382 8 633 256 10 0.0508 187 193 421 432 8 0.0507 267 401 490 626 11 0.0507 624 293 890 522 6 0.0506 266 251 501 489 5 0.0505 182 523 437 766 7 0.0504 326 88 580 324 10 0.0502 327 95 579 324 5 0.0501 506 418 764 644 5 0.0501 568 606 825 828 10 0.0501 184 531 439 770 7 0.0501 267 400 499 625
jbwZcyXL4QSyJsDbDbQtzFSiRtQIr844,0 0.0677 312 141 574 399 5 0.0659 301 190 570 454 11 0.0618 443 403 694 640 5 0.0612 384 263 640 526 6 0.0605 383 132 634 379 7 0.0593 312 196 573 454 13 0.0591 392 272 649 531 8 0.0591 390 265 629 529 6 0.0589 441 223 696 471 7 0.0588 391 269 639 531 0 0.0588 445 152 694 399 8 0.0588 444 396 686 647 8 0.0587 177 258 423 502 11 0.0585 309 144 573 388 5 0.0584 392 462 637 713 3 0.0582 314 145 577 401 11 0.0582 386 270 639 524 7 0.0582 244 144 502 386 6 0.0578 314 197 578 451 11 0.0577 447 157 694 394 6 0.0576 309 84 562 326 5 0.0575 439 143 692 400 0 0.0575 251 257 494 498 8 0.0567 376 130 618 380 0 0.0567 441 398 693 646 13 0.0567 379 130 639 382 13 0.0567 312 198 582 454 0 0.0561 177 2 441 204 6 0.0559 440 337 697 586 5 0.0559 299 75 553 328 11 0.0559 246 256 494 495 7 0.0556 380 130 633 386 0 0.0555 443 274 692 530 2 0.0555 442 287 692 534 0 0.0555 378 73 629 330 8 0.0552 180 1 433 202 8 0.0551 514 258 755 529 7 0.0547 310 83 560 326 0 0.0543 245 81 496 330 9 0.0539 375 204 634 455 3 0.0537 390 271 642 534 11 0.0536 250 22 504 254 8 0.0536 168 146 421 383 6 0.0534 245 148 505 386 13 0.0533 245 145 509 390 2 0.0531 379 208 630 462 11 0.0529 318 528 557 759 12 0.0529 310 191 573 454 11 0.0528 513 337 760 586 3 0.0528 446 153 695 407 8 0.0527 313 198 559 450 0 0.0520 165 210 430 447 10 0.0519 387 274 640 530 11 0.0515 511 463 767 698 8 0.0515 309 80 547 324 0 0.0515 513 333 760 592 10 0.0515 251 260 491 496 5 0.0513 174 0 431 202 11 0.0512 159 150 425 378 13 0.0511 448 466 706 702 7 0.0509 185 0 444 203 12 0.0509 393 268 640 531 7 0.0508 518 257 767 526 10 0.0508 177 4 440 203 11 0.0507 372 77 633 322 10 0.0506 312 149 577 390 8 0.0503 320 527 548 755 11 0.0503 370 737 628 950 2 0.0503 443 407 694 647 13 0.0502 181 0 446 204 0 0.0500 510 217 768 464
X3bjSJXTHWEkZ18yROsfc1uOStWbYRsF,11 0.0595 522 363 883 534 11 0.0590 720 361 1023 542 5 0.0589 106 403 374 649 11 0.0588 111 405 378 648 5 0.0587 633 336 881 576 0 0.0583 115 338 382 593 8 0.0578 112 401 370 651 0 0.0578 250 258 503 507 11 0.0572 372 659 646 888 0 0.0569 523 365 881 539 11 0.0564 696 413 959 640 5 0.0562 713 360 1020 541 3 0.0553 453 341 707 568 3 0.0551 531 362 882 543 11 0.0550 445 341 705 560 7 0.0545 117 403 380 652 8 0.0541 247 257 498 506 6 0.0541 112 339 390 588 13 0.0537 120 343 389 592 3 0.0537 320 267 574 502 8 0.0536 526 360 873 536 0 0.0535 704 412 957 645 0 0.0532 377 654 643 892 5 0.0531 312 261 569 492 6 0.0531 381 654 648 889 7 0.0528 452 337 708 562 0 0.0528 722 362 1020 546 11 0.0522 315 272 573 494 3 0.0521 116 403 376 656 13 0.0520 729 362 1023 548 10 0.0519 57 352 313 599 3 0.0517 610 420 953 603 5 0.0516 372 650 639 884 7 0.0515 530 363 888 537 10 0.0513 525 366 883 539 8 0.0510 451 339 696 564 8 0.0503 721 361 1017 546 6 0.0502 727 361 1023 545 13 0.0502 318 270 575 501 8 0.0501 703 409 953 646 3 0.0501 387 405 642 628
iz1cYtfOxbDCFezSNVTDFQr25xuSQlnv,5 0.0633 235 457 495 713 11 0.0620 379 0 642 197 5 0.0606 247 328 518 573 0 0.0583 384 4 642 201 11 0.0570 382 334 640 563 7 0.0567 508 335 757 573 11 0.0563 376 80 639 308 0 0.0560 444 459 690 713 7 0.0552 445 456 696 714 6 0.0552 257 396 523 646 10 0.0550 305 88 578 314 5 0.0547 379 329 635 561 7 0.0544 251 461 505 713 11 0.0544 240 468 497 706 8 0.0543 386 1 633 199 10 0.0542 240 468 499 709 8 0.0539 246 463 490 710 8 0.0539 382 333 629 565 3 0.0538 314 0 571 204 0 0.0537 502 341 754 575 8 0.0535 444 460 686 711 5 0.0533 381 0 641 199 0 0.0532 245 464 498 712 11 0.0532 300 392 575 631 6 0.0531 387 0 647 198 11 0.0528 443 460 694 707 5 0.0525 437 455 688 712 0 0.0525 383 335 636 559 7 0.0524 312 0 574 200 10 0.0522 382 2 639 196 8 0.0521 307 393 562 634 11 0.0521 499 339 755 572 0 0.0521 380 83 638 311 7 0.0520 388 330 640 566 5 0.0520 493 194 746 427 8 0.0519 498 133 753 375 13 0.0518 244 467 504 715 13 0.0518 314 0 578 199 0 0.0517 312 142 571 372 6 0.0515 387 334 642 565 11 0.0515 308 141 573 370 9 0.0514 243 467 500 705 3 0.0514 305 391 573 642 13 0.0513 307 84 580 319 3 0.0513 448 462 696 718 8 0.0512 379 82 632 312 8 0.0510 323 272 574 497 11 0.0510 238 32 510 271 7 0.0509 307 387 575 638 0 0.0507 307 388 572 633 13 0.0506 306 392 580 639 3 0.0505 385 79 643 317 6 0.0504 383 78 643 311 8 0.0503 503 340 749 577 6 0.0501 509 340 758 576 8 0.0501 314 142 563 371 11 0.0500 433 198 698 430 9 0.0500 376 336 639 558
NTLbjhSkilRlUCPwpODVQSypkAzeFicR,11 0.0698 268 671 638 845 8 0.0641 187 661 436 898 8 0.0633 269 669 630 847 5 0.0633 315 718 560 961 11 0.0633 185 661 442 896 7 0.0627 206 672 579 844 0 0.0626 262 668 638 849 11 0.0624 250 719 502 963 7 0.0619 321 721 567 964 11 0.0615 313 541 580 771 0 0.0612 185 658 443 897 8 0.0607 319 720 561 961 10 0.0595 196 675 570 845 6 0.0589 321 721 567 964 0 0.0588 319 719 564 964 5 0.0585 191 673 567 845 0 0.0581 314 541 578 780 6 0.0573 256 660 511 898 10 0.0569 375 665 628 905 2 0.0567 257 664 510 904 7 0.0567 247 531 510 766 11 0.0564 183 342 445 555 11 0.0560 383 275 637 496 2 0.0558 320 725 567 965 6 0.0557 317 605 577 834 7 0.0553 387 541 640 774 7 0.0551 317 464 570 705 3 0.0551 271 668 642 850 8 0.0551 318 540 567 774 11 0.0551 252 402 507 626 13 0.0549 256 721 507 968 0 0.0544 313 404 569 651 13 0.0543 272 672 646 849 12 0.0538 256 718 501 969 10 0.0538 239 540 504 765 12 0.0537 273 669 640 848 7 0.0534 312 341 567 566 7 0.0528 257 397 506 631 3 0.0525 193 662 444 903 3 0.0524 324 721 568 969 8 0.0524 253 397 494 633 13 0.0520 192 662 450 899 9 0.0516 317 724 565 962 10 0.0514 251 402 504 631 13 0.0513 245 534 515 768 1 0.0503 247 711 501 968
b4s661s07wiuTiIVhEFEb4PIsfCAdpwE,5 0.0686 555 774 812 1020 11 0.0675 500 657 761 891 11 0.0654 441 590 694 829 6 0.0646 504 656 762 892 0 0.0642 552 724 821 968 8 0.0640 510 595 757 829 11 0.0630 560 780 814 1017 0 0.0630 503 655 761 892 7 0.0630 563 774 820 1023 3 0.0625 446 590 695 836 7 0.0625 378 522 627 765 3 0.0623 504 655 761 895 8 0.0622 439 529 689 767 5 0.0620 498 652 756 891 8 0.0603 375 593 621 837 6 0.0603 564 780 819 1021 7 0.0602 436 661 696 901 0 0.0601 473 610 841 799 5 0.0601 508 461 757 697 13 0.0599 565 779 822 1023 11 0.0599 372 523 620 763 8 0.0599 432 662 689 900 8 0.0593 562 774 810 1021 6 0.0592 401 614 769 795 5 0.0592 439 585 690 829 7 0.0590 399 612 766 797 11 0.0589 436 468 687 701 10 0.0588 512 596 762 827 11 0.0588 372 667 628 904 7 0.0587 507 521 759 753 3 0.0586 442 472 693 708 3 0.0583 554 727 821 968 11 0.0582 502 524 753 754 6 0.0577 380 453 632 693 2 0.0573 516 598 762 826 0 0.0572 376 519 623 766 10 0.0572 444 532 694 767 5 0.0570 371 444 622 688 8 0.0564 512 467 752 700 13 0.0562 372 785 623 1023 0 0.0560 440 469 693 706 13 0.0559 505 657 765 895 13 0.0558 401 612 769 797 7 0.0557 369 786 623 1023 8 0.0556 375 452 621 693 13 0.0554 376 523 630 763 8 0.0553 368 782 608 1020 13 0.0551 507 523 761 755 5 0.0550 361 780 612 1018 10 0.0550 436 663 692 898 11 0.0545 362 788 614 1022 11 0.0544 378 382 627 622 12 0.0542 507 654 759 894 10 0.0540 550 729 821 966 10 0.0539 377 456 626 693 3 0.0538 378 524 625 771 13 0.0537 384 381 639 622 9 0.0534 557 777 818 1018 2 0.0534 558 780 817 1022 0 0.0534 379 384 631 623 7 0.0533 381 378 635 619 2 0.0530 444 472 692 702 2 0.0530 437 662 693 900 3 0.0527 383 387 634 625 3 0.0523 377 664 630 913 10 0.0521 378 596 624 835 2 0.0520 378 385 631 623 9 0.0519 440 529 695 762 6 0.0518 514 469 761 697 12 0.0516 556 724 821 968 12 0.0516 447 587 696 831 9 0.0514 511 594 761 824 10 0.0513 511 469 760 702 9 0.0510 433 659 689 896 2 0.0508 379 526 623 765 13 0.0506 379 664 632 907 4 0.0506 513 599 765 830 5 0.0503 388 316 630 551
4jvMmF0HNzvLboTmORaUW24hm9c1yAVZ,11 0.0612 304 351 563 564 11 0.0597 357 416 625 630 3 0.0586 308 348 563 571 11 0.0585 235 413 498 636 8 0.0582 425 672 681 894 5 0.0575 471 608 837 795 7 0.0574 178 510 436 748 3 0.0572 430 670 691 901 11 0.0570 425 674 686 893 3 0.0564 310 217 576 453 11 0.0564 170 516 433 745 8 0.0564 311 349 558 568 11 0.0563 567 810 818 1018 0 0.0559 365 538 643 765 0 0.0558 426 673 693 895 0 0.0558 176 511 434 751 0 0.0555 247 340 502 569 0 0.0553 564 809 823 1023 11 0.0551 358 537 640 761 6 0.0550 307 350 564 569 0 0.0549 473 610 841 800 8 0.0547 366 537 633 766 7 0.0546 486 608 843 792 13 0.0544 312 350 566 570 13 0.0543 312 218 582 449 7 0.0542 310 347 562 569 7 0.0542 569 806 825 1023 5 0.0539 419 670 687 893 5 0.0536 295 212 571 443 7 0.0535 364 412 632 631 8 0.0535 572 745 806 964 11 0.0534 304 221 576 446 5 0.0534 570 732 812 965 3 0.0533 362 416 627 637 7 0.0533 430 669 693 893 8 0.0529 362 414 619 631 5 0.0526 243 333 499 561 0 0.0526 356 417 627 635 7 0.0526 244 408 499 637 11 0.0526 475 612 842 791 6 0.0526 576 744 823 965 10 0.0525 568 744 820 964 3 0.0525 242 409 494 641 8 0.0524 176 510 428 747 11 0.0522 306 603 582 828 5 0.0522 169 504 429 750 3 0.0522 248 270 502 509 8 0.0521 244 409 493 635 8 0.0521 312 221 565 447 3 0.0521 577 739 818 970 1 0.0518 302 341 559 569 8 0.0517 308 602 572 832 7 0.0516 249 268 504 502 13 0.0515 247 411 503 640 6 0.0513 445 404 701 621 13 0.0512 567 808 829 1021 0 0.0510 310 603 580 832 0 0.0507 180 397 434 622 13 0.0506 435 674 691 895 0 0.0504 240 457 506 691 3 0.0503 179 509 430 756 8 0.0502 479 610 826 794 7 0.0502 47 523 304 752 10 0.0500 478 612 840 796
jZdSfMutXWSdSH6RDCtbiJ65pN2Hj7N3,7 0.0588 449 330 709 577 8 0.0586 506 333 753 568 3 0.0563 447 333 700 585 8 0.0530 195 530 441 780 5 0.0529 503 332 754 565 0 0.0528 511 336 756 571 6 0.0528 447 333 709 575 0 0.0527 121 535 391 783 11 0.0521 124 540 390 774 7 0.0520 133 535 394 776 8 0.0510 374 266 629 503 5 0.0505 372 325 632 563 11 0.0504 509 337 758 565 7 0.0504 376 267 645 506 10 0.0500 510 342 763 567
Q1LiZBDOcUxLU00BlV7i1W49mFBHXbYa,11 0.0585 624 537 878 773 5 0.0571 702 0 936 215 11 0.0569 436 784 696 995 0 0.0548 626 537 881 774 8 0.0542 627 540 874 773 10 0.0541 622 546 879 773 7 0.0536 444 778 694 1005 11 0.0531 0 464 255 695 0 0.0529 702 480 962 724 0 0.0522 436 777 693 1002 11 0.0521 704 0 943 210 8 0.0520 700 0 933 211 7 0.0520 627 537 882 772 5 0.0515 621 534 877 769 0 0.0509 700 0 938 216 6 0.0506 630 540 884 772 2 0.0505 625 546 883 774
0orAjClzbgsBApUFpIUFOtnxyXwG0bF1,8 0.0637 31 790 379 978 0 0.0602 25 795 387 979 13 0.0567 34 795 399 979 10 0.0566 18 731 377 913 5 0.0565 26 793 381 976 11 0.0564 249 719 496 971 7 0.0556 38 795 391 981 0 0.0555 250 662 506 917 5 0.0554 249 715 491 969 7 0.0552 317 720 562 974 11 0.0551 27 796 388 976 6 0.0547 38 798 388 979 8 0.0538 254 717 491 975 6 0.0533 318 723 564 972 5 0.0531 303 198 567 443 10 0.0530 251 724 497 972 3 0.0530 41 795 384 982 13 0.0521 318 724 569 974 0 0.0516 308 202 570 448 2 0.0500 29 798 388 982
jtOG5PUk64AkQpQnJnu6vlscGQDu3V0Z,0 0.0652 573 460 830 701 0 0.0639 576 590 831 836 5 0.0623 572 586 830 836 7 0.0618 507 529 762 771 11 0.0616 571 526 829 765 7 0.0611 578 588 834 839 0 0.0608 682 545 972 761 13 0.0606 577 525 834 768 8 0.0604 575 589 826 836 3 0.0597 580 590 833 841 0 0.0595 502 532 755 772 13 0.0589 510 581 774 833 2 0.0588 578 591 834 836 11 0.0588 501 586 764 829 6 0.0585 574 526 832 769 7 0.0584 519 399 776 640 7 0.0584 441 450 707 695 8 0.0579 503 531 752 770 9 0.0575 573 588 836 832 5 0.0573 429 579 704 838 5 0.0572 568 456 830 700 6 0.0570 439 583 708 837 11 0.0570 570 401 837 631 8 0.0566 575 459 826 700 13 0.0564 580 403 839 638 0 0.0562 438 453 702 696 11 0.0562 435 456 704 686 10 0.0560 501 588 765 830 8 0.0559 439 455 698 691 5 0.0557 330 474 689 663 7 0.0557 578 460 835 704 0 0.0553 516 398 769 638 3 0.0553 506 532 759 776 12 0.0551 575 587 833 838 6 0.0545 516 402 773 636 6 0.0545 438 451 705 693 1 0.0544 571 584 833 835 2 0.0544 504 536 757 771 8 0.0543 515 400 764 636 13 0.0542 444 521 711 765 5 0.0535 507 394 768 635 11 0.0535 372 591 638 836 4 0.0534 575 591 836 835 0 0.0534 580 285 834 505 10 0.0532 433 526 703 763 0 0.0528 641 397 915 624 10 0.0527 510 470 769 702 7 0.0527 372 520 635 764 3 0.0525 576 461 833 707 5 0.0525 634 393 911 618 8 0.0520 370 523 624 765 11 0.0520 690 469 974 682 6 0.0520 373 523 632 765 3 0.0519 440 451 705 701 10 0.0518 571 529 826 768 3 0.0518 516 399 771 643 9 0.0518 571 462 832 699 2 0.0510 575 466 832 702 5 0.0509 316 578 577 833 0 0.0508 437 272 686 501 9 0.0508 497 532 760 767 12 0.0508 503 530 760 770 0 0.0502 370 521 632 770
8izGxiycXhrtm07MNYi5R5W5q3ODWvYW,8 0.0573 513 403 755 647 0 0.0572 517 406 764 647 5 0.0567 256 268 509 510 8 0.0555 332 272 563 504 11 0.0547 314 407 565 633 6 0.0547 267 274 523 512 11 0.0532 372 533 645 777 11 0.0527 330 274 577 504 0 0.0524 264 274 519 513 0 0.0518 316 405 567 634 3 0.0518 334 271 575 513 6 0.0511 318 405 567 638 7 0.0507 332 265 583 505 8 0.0501 378 533 630 777
1iQ5pnXeaGy1CE56gFNJLiVVYx4a9lYq,8 0.0580 380 788 619 1017 5 0.0564 434 790 680 1020 11 0.0558 437 799 684 1020 8 0.0548 443 521 688 765 7 0.0547 443 797 688 1023 6 0.0545 446 519 699 767 0 0.0528 572 573 825 796 7 0.0527 508 510 770 757 11 0.0521 574 571 827 788 8 0.0520 503 652 752 887 11 0.0519 442 518 695 762 6 0.0515 444 800 686 1021 0 0.0515 571 474 814 697 11 0.0513 306 790 564 1015 0 0.0507 440 517 699 769 6 0.0504 510 586 769 825
AVBlUuNFRporCBl9glh7c2aDxXK6hSLp,11 0.0616 549 199 831 414 5 0.0608 172 592 425 826 0 0.0592 567 653 834 898 5 0.0591 240 127 488 369 0 0.0574 255 526 508 764 8 0.0571 180 598 421 826 5 0.0568 245 522 501 758 8 0.0553 253 526 496 759 7 0.0551 573 652 836 899 5 0.0551 545 194 832 416 5 0.0549 565 648 825 897 0 0.0548 259 198 503 430 11 0.0546 255 336 512 565 11 0.0542 565 656 833 893 7 0.0541 511 773 764 1017 8 0.0539 259 266 495 499 11 0.0539 175 85 454 307 8 0.0538 550 200 825 420 6 0.0538 571 650 836 894 6 0.0530 177 598 433 828 7 0.0527 260 330 512 567 5 0.0527 254 262 505 501 11 0.0527 173 600 432 825 0 0.0526 504 710 763 961 8 0.0524 568 653 825 895 0 0.0521 253 329 506 571 6 0.0521 263 462 527 700 11 0.0520 510 777 758 1013 8 0.0517 508 774 753 1014 6 0.0517 562 204 837 417 0 0.0516 190 131 445 380 11 0.0515 252 463 523 699 5 0.0514 504 767 755 1012 13 0.0511 511 777 769 1018 13 0.0510 570 654 839 899 3 0.0509 261 332 510 576 6 0.0509 508 711 762 959 0 0.0509 186 593 433 829 7 0.0506 254 132 495 371 6 0.0505 265 333 516 567 13 0.0502 185 598 438 827
YyX8sd5qMvCnzm1sW064HdpvM6B1eTGQ,11 0.0624 490 602 754 833 11 0.0595 383 280 635 505 11 0.0594 370 399 631 630 0 0.0588 300 459 576 712 8 0.0585 373 591 618 842 8 0.0584 256 394 507 640 5 0.0581 247 390 514 638 8 0.0580 251 518 509 761 0 0.0575 374 395 631 634 5 0.0572 447 592 695 840 7 0.0566 376 396 633 633 13 0.0564 372 527 628 781 7 0.0561 253 515 519 762 0 0.0560 448 597 698 845 5 0.0556 245 513 516 760 11 0.0554 298 465 577 703 13 0.0550 258 395 520 644 8 0.0549 375 399 624 634 3 0.0548 378 398 631 636 0 0.0547 175 333 433 578 5 0.0546 365 524 619 776 11 0.0543 372 594 625 834 7 0.0533 458 597 702 844 13 0.0533 501 602 757 839 5 0.0531 147 341 515 533 3 0.0527 250 521 514 768 10 0.0526 283 479 635 665 13 0.0525 256 516 519 764 6 0.0521 377 398 635 632 3 0.0520 389 280 632 512 6 0.0519 305 463 577 708 7 0.0519 253 391 520 642 7 0.0515 375 529 626 780 5 0.0515 370 393 626 629 6 0.0515 452 599 703 840 6 0.0514 372 532 625 778 5 0.0513 382 274 632 499 11 0.0510 302 4 573 194 8 0.0509 497 602 742 836 3 0.0508 251 399 514 646 8 0.0507 158 346 504 535 13 0.0507 375 398 632 631 3 0.0500 373 532 623 783
CBFR1qJFDzEZIz152hc9qidZRQck2LU9,0 0.0633 241 272 491 510 11 0.0612 371 279 627 509 0 0.0600 317 195 572 445 5 0.0592 316 188 563 438 0 0.0581 373 276 626 517 11 0.0576 307 345 558 581 8 0.0575 322 197 559 438 11 0.0571 180 278 426 502 5 0.0559 240 270 486 506 5 0.0550 301 335 553 579 8 0.0547 377 277 616 512 6 0.0543 253 204 498 443 8 0.0541 503 334 754 580 0 0.0540 505 337 762 586 0 0.0540 308 336 558 587 3 0.0538 246 276 489 511 7 0.0537 248 275 492 510 8 0.0533 246 276 485 508 6 0.0532 311 343 561 581 11 0.0530 245 206 495 441 5 0.0528 368 270 618 509 6 0.0526 508 470 761 712 13 0.0525 247 274 498 510 2 0.0523 245 281 491 509 6 0.0522 508 335 765 585 7 0.0520 509 334 767 587 8 0.0520 254 139 492 383 13 0.0520 509 404 765 648 13 0.0519 374 349 636 589 5 0.0518 578 508 820 756 3 0.0517 378 277 624 517 11 0.0516 501 404 757 645 11 0.0515 434 338 699 579 10 0.0514 373 282 624 511 8 0.0514 313 339 552 583 7 0.0512 321 196 571 439 8 0.0512 432 409 681 654 5 0.0509 502 395 750 644 11 0.0509 585 516 821 756 6 0.0507 378 279 627 513 10 0.0505 244 282 487 510 13 0.0504 593 518 828 759 5 0.0504 178 203 427 441 5 0.0504 246 126 497 385 0 0.0503 233 67 413 444
jRvanteuUIT4v7WbLTliP8HrekK3DHA6,8 0.0625 257 345 507 580 6 0.0615 302 335 576 562 11 0.0592 234 454 502 703 8 0.0588 302 465 556 703 7 0.0584 263 283 514 509 0 0.0583 255 345 518 582 6 0.0582 299 463 568 703 8 0.0579 302 202 561 418 11 0.0577 251 348 518 577 7 0.0569 311 147 568 362 7 0.0564 372 461 644 694 8 0.0562 388 270 630 506 3 0.0558 301 468 562 707 11 0.0555 182 208 457 435 11 0.0554 364 464 635 694 13 0.0553 257 349 524 581 5 0.0553 308 267 577 494 5 0.0546 238 135 502 364 6 0.0536 308 201 571 421 0 0.0536 303 200 572 424 0 0.0535 370 461 636 697 3 0.0534 254 350 515 586 6 0.0534 388 273 646 506 13 0.0533 391 270 654 509 7 0.0533 364 81 621 302 3 0.0531 307 202 577 420 5 0.0530 249 342 517 576 13 0.0528 303 206 585 423 5 0.0526 760 63 1016 316 7 0.0525 242 451 509 700 0 0.0521 239 449 503 705 11 0.0521 298 210 575 415 6 0.0519 372 534 629 776 10 0.0517 235 461 505 703 0 0.0516 387 266 644 512 11 0.0515 243 143 502 361 7 0.0512 389 268 645 512 8 0.0506 248 137 493 366 10 0.0503 251 353 517 579
cmnF7y4Sef1bZanCwCqkzkhFLjEkuajA,8 0.0557 339 544 705 716 7 0.0544 306 792 570 1020 8 0.0544 306 790 552 1020 8 0.0527 361 721 629 953 0 0.0519 302 793 565 1023 11 0.0519 337 543 718 717 7 0.0515 363 722 651 956 3 0.0506 336 481 699 663 11 0.0506 345 793 634 1015 7 0.0501 343 539 727 716
liHgme1wLbmXLOtKhDU9psdOEqEzEa7z,5 0.0679 0 782 230 1009 5 0.0619 428 779 706 1017 11 0.0604 430 538 695 771 11 0.0589 440 733 722 963 11 0.0584 502 605 772 837 11 0.0582 494 470 770 695 8 0.0574 3 776 229 1011 0 0.0571 0 778 235 1015 7 0.0571 442 785 719 1022 8 0.0561 442 780 703 1023 3 0.0558 436 662 704 908 8 0.0551 430 540 685 773 5 0.0550 0 622 232 838 13 0.0550 2 780 240 1010 0 0.0549 439 785 715 1023 13 0.0547 444 782 723 1022 13 0.0545 435 661 711 905 7 0.0544 436 536 698 773 11 0.0544 369 794 640 1020 10 0.0542 436 735 721 962 8 0.0541 499 472 758 697 5 0.0538 430 532 690 771 13 0.0536 509 540 767 771 2 0.0534 442 790 714 1022 3 0.0533 442 782 712 1023 3 0.0532 510 604 767 847 10 0.0524 0 786 236 1009 6 0.0523 446 785 715 1021 8 0.0523 435 664 696 902 5 0.0520 504 600 843 787 11 0.0518 242 166 506 388 3 0.0518 433 537 693 778 5 0.0514 497 465 764 697 0 0.0513 0 620 236 844 7 0.0512 2 780 238 1014 6 0.0512 0 784 239 1008 6 0.0512 437 661 704 904 0 0.0511 432 537 693 774 10 0.0508 430 539 694 773 0 0.0506 500 472 767 698 5 0.0505 428 657 698 898 1 0.0503 0 778 232 1010 2 0.0503 4 784 234 1010 7 0.0502 436 663 706 900 11 0.0501 0 782 234 1009 11 0.0500 366 477 645 699 8 0.0500 509 607 762 840
CohjdQzY74spqB9uypy7XrJV2ijQlHBb,11 0.0657 316 650 567 900 11 0.0642 180 653 430 899 11 0.0632 254 719 491 960 5 0.0614 181 710 418 954 7 0.0608 320 647 570 901 7 0.0604 447 585 697 821 8 0.0602 183 711 418 958 5 0.0602 569 716 817 969 7 0.0599 255 716 494 964 0 0.0599 250 654 503 908 0 0.0594 441 585 695 826 8 0.0591 320 648 563 898 6 0.0589 319 648 570 901 5 0.0587 248 650 499 904 5 0.0585 373 669 751 859 8 0.0584 572 717 818 965 6 0.0584 257 718 499 962 0 0.0583 117 647 372 903 11 0.0582 317 529 567 772 11 0.0582 187 789 422 1016 7 0.0582 252 588 508 837 0 0.0580 572 716 823 974 6 0.0578 382 671 766 859 11 0.0577 379 673 756 858 8 0.0575 119 645 365 900 7 0.0575 185 648 434 898 0 0.0572 320 582 570 841 10 0.0570 179 656 428 900 7 0.0568 322 525 568 771 11 0.0566 247 592 502 835 13 0.0563 257 718 501 964 5 0.0561 316 577 564 837 7 0.0559 575 719 827 971 13 0.0558 193 791 427 1021 8 0.0558 387 671 750 857 3 0.0553 386 672 762 863 11 0.0551 569 720 823 965 7 0.0549 192 788 426 1018 6 0.0545 183 654 433 901 6 0.0543 571 722 825 968 8 0.0541 252 590 498 837 10 0.0540 315 649 567 899 6 0.0539 250 592 509 835 10 0.0530 379 674 755 859 3 0.0528 321 650 567 905 5 0.0527 117 642 365 898 13 0.0527 319 648 574 904 8 0.0526 321 527 557 770 10 0.0525 252 721 493 963 3 0.0524 124 646 368 903 13 0.0521 185 652 438 901 2 0.0520 573 722 824 969 2 0.0519 378 675 755 858 9 0.0515 374 674 755 855 3 0.0513 252 592 506 843 12 0.0511 187 650 431 907 10 0.0508 246 596 503 838 10 0.0507 320 531 568 772 3 0.0505 259 716 494 965 13 0.0505 574 717 827 972 1 0.0505 252 709 491 961 3 0.0504 574 719 823 974 2 0.0502 256 720 494 963 13 0.0501 386 673 768 860
GQZHgeHcVBrLMZfz5cDRvCaXY4vEPa3q,11 0.0610 640 430 1013 600 5 0.0574 637 424 1005 601 8 0.0567 0 781 232 1023 6 0.0565 315 393 576 633 3 0.0563 316 397 573 640 6 0.0557 2 786 245 1022 0 0.0551 764 326 1019 570 8 0.0545 645 429 998 601 8 0.0542 384 394 635 639 3 0.0538 378 456 634 717 6 0.0536 385 334 643 573 0 0.0532 2 784 239 1023 8 0.0530 766 327 1012 568 0 0.0530 644 428 1005 603 7 0.0530 651 430 1014 602 13 0.0528 765 386 1023 629 8 0.0526 311 461 556 706 11 0.0524 243 406 496 633 6 0.0520 654 353 1021 533 3 0.0519 388 340 640 579 5 0.0518 240 395 489 626 7 0.0518 310 463 567 711 5 0.0514 0 781 235 1021 3 0.0514 651 428 1011 607 11 0.0513 372 458 635 709 6 0.0511 377 452 633 710 13 0.0509 2 782 246 1023 8 0.0508 379 281 635 505 5 0.0507 369 450 628 708 5 0.0507 300 331 563 564 13 0.0506 376 456 637 713 11 0.0501 304 342 573 566 13 0.0501 315 400 582 637
NvBYI3SErdMaGD1nJZO0shENKQbhiHTF,5 0.0714 392 522 638 767 7 0.0679 396 529 637 768 11 0.0667 321 530 574 764 11 0.0659 385 598 636 830 5 0.0655 318 452 580 706 11 0.0653 309 667 568 904 5 0.0646 321 592 577 838 7 0.0643 260 533 504 770 5 0.0627 257 527 502 767 7 0.0627 327 458 581 705 8 0.0626 397 526 631 770 11 0.0620 248 461 506 705 0 0.0616 395 529 637 769 0 0.0611 259 597 512 841 7 0.0610 452 458 705 706 3 0.0608 400 527 637 772 11 0.0605 259 599 510 834 5 0.0603 446 454 701 702 7 0.0603 327 600 579 842 8 0.0597 450 459 695 704 10 0.0596 328 536 572 767 11 0.0592 393 460 644 697 0 0.0587 321 455 583 706 8 0.0582 325 459 573 707 13 0.0577 330 530 580 767 6 0.0576 391 597 639 832 0 0.0573 314 663 568 908 8 0.0567 326 598 568 843 9 0.0562 325 531 572 765 8 0.0561 258 532 495 773 3 0.0561 328 600 578 844 5 0.0556 202 596 452 836 3 0.0555 260 535 500 775 3 0.0554 326 457 581 706 13 0.0549 266 598 517 837 13 0.0548 394 597 641 834 10 0.0547 262 605 504 836 6 0.0547 265 600 514 836 5 0.0547 250 668 507 904 10 0.0545 393 602 632 830 0 0.0543 451 460 704 706 2 0.0543 393 602 636 834 7 0.0541 256 671 513 911 8 0.0539 254 670 503 911 2 0.0534 328 536 571 771 6 0.0533 449 465 710 703 13 0.0531 320 665 577 909 6 0.0529 329 532 577 767 6 0.0526 319 664 572 905 10 0.0524 399 462 644 697 3 0.0523 456 463 704 712 10 0.0522 198 550 447 769 0 0.0521 198 538 452 774 10 0.0521 313 671 567 903 2 0.0519 265 604 508 840 13 0.0518 400 462 649 702 4 0.0514 327 601 579 843 13 0.0510 254 460 512 710 9 0.0505 388 598 633 827 11 0.0504 196 540 452 766 12 0.0504 391 594 634 832 3 0.0503 254 673 513 914
SQaN3pjR2tzLVQQ9zgmhrk6CzSEyGI87,11 0.0603 386 810 738 987 11 0.0589 252 722 501 945 11 0.0580 406 733 751 913 11 0.0558 438 273 688 503 0 0.0556 439 277 687 505 7 0.0526 393 806 744 990 5 0.0517 381 801 732 989 8 0.0515 388 808 726 990 11 0.0511 375 325 623 562 11 0.0511 561 154 823 360 3 0.0506 449 272 684 514 0 0.0504 407 731 754 919 8 0.0501 403 733 741 915 2 0.0501 441 282 681 501
r9qSWcvPwVQjMKjunPnWZi395Bh4c7Je,11 0.0634 500 594 758 828 5 0.0628 497 655 755 905 7 0.0604 503 658 765 908 11 0.0598 302 667 568 902 13 0.0596 508 594 768 833 8 0.0594 502 657 757 908 11 0.0594 374 722 635 966 8 0.0593 378 719 629 968 0 0.0588 501 592 757 832 5 0.0588 375 718 628 963 7 0.0586 377 721 638 967 6 0.0580 504 593 763 831 10 0.0579 501 594 761 831 11 0.0576 189 612 443 831 7 0.0573 310 664 571 901 8 0.0572 310 662 561 904 13 0.0570 381 723 639 969 11 0.0569 314 790 564 1020 13 0.0566 310 666 574 905 3 0.0563 502 661 761 911 8 0.0558 320 786 553 1020 10 0.0558 310 726 570 960 0 0.0554 191 534 450 772 8 0.0552 189 663 436 896 5 0.0550 243 665 500 899 5 0.0549 189 604 439 830 0 0.0547 377 785 623 1023 2 0.0546 505 594 760 831 7 0.0542 318 786 565 1018 7 0.0541 189 669 444 896 13 0.0539 324 789 571 1023 6 0.0536 312 666 570 903 6 0.0536 187 669 446 896 3 0.0531 312 665 566 909 7 0.0529 247 725 508 962 0 0.0529 188 669 442 897 10 0.0527 194 612 442 832 6 0.0527 381 724 638 965 3 0.0526 198 609 441 840 5 0.0521 316 784 557 1017 9 0.0519 501 593 758 830 8 0.0518 635 0 983 146 8 0.0516 247 722 498 961 5 0.0516 626 0 995 146 0 0.0514 313 717 568 964 12 0.0507 505 592 759 833 1 0.0505 502 589 758 833 10 0.0500 377 793 625 1021 3 0.0500 381 723 633 972
Ggdebwh5DtNCtlIQ454U8C9d1qP2aMRj,8 0.0519 362 333 606 561 6 0.0509 441 391 700 617 8 0.0500 440 393 685 618
37Wm4GI4uU0UnIxVcC0o6DikL2n2IlCw,5 0.0638 508 132 756 377 8 0.0636 506 69 743 309 0 0.0621 440 83 693 322 5 0.0613 438 75 691 320 11 0.0605 305 0 571 200 8 0.0596 578 214 834 440 8 0.0596 312 12 570 260 0 0.0591 510 137 759 376 10 0.0583 306 3 573 195 13 0.0569 313 2 582 200 11 0.0569 438 86 692 319 8 0.0557 374 78 621 324 6 0.0554 444 84 694 321 7 0.0552 509 68 755 313 3 0.0551 313 0 573 205 5 0.0551 308 11 574 257 11 0.0550 310 83 566 321 5 0.0548 627 213 887 446 3 0.0546 444 83 695 326 11 0.0546 629 223 888 443 2 0.0543 310 3 569 199 8 0.0542 579 333 829 559 6 0.0540 315 2 579 196 0 0.0539 316 77 568 318 0 0.0539 309 0 573 199 2 0.0538 512 145 756 377 2 0.0538 440 91 689 322 0 0.0536 577 213 843 446 12 0.0534 309 2 576 200 7 0.0532 377 76 630 327 7 0.0531 578 332 843 562 10 0.0526 437 89 693 321 13 0.0523 318 84 574 318 11 0.0523 574 333 839 559 6 0.0522 580 212 850 448 13 0.0521 585 212 853 446 0 0.0520 300 195 568 432 1 0.0518 309 11 575 261 13 0.0518 515 140 764 377 6 0.0512 515 140 762 377 8 0.0511 249 272 498 502 5 0.0510 572 323 835 561 3 0.0509 318 81 568 325 9 0.0508 508 74 752 307 0 0.0508 247 270 509 508 8 0.0507 192 401 434 632 3 0.0504 513 143 763 382 10 0.0504 508 145 758 377 11 0.0503 512 141 759 373 0 0.0500 189 398 444 633 5 0.0500 244 133 507 377
dEpdEaRwVesd5bc3nlfCyXCCPqa7mHUU,14 1.0 0 0 1 1
BRzcBrPXjShnJvwHuWaAEur1QRBtXCyj,5 0.0614 324 318 571 572 3 0.0613 327 324 574 575 0 0.0609 179 268 434 515 11 0.0609 323 324 576 570 5 0.0601 250 262 508 514 0 0.0595 323 264 572 509 8 0.0573 325 322 568 572 7 0.0570 326 260 578 509 0 0.0563 444 530 696 766 7 0.0562 320 390 575 632 11 0.0560 447 531 702 763 8 0.0559 257 265 502 513 0 0.0557 434 288 685 525 5 0.0554 432 283 681 520 10 0.0552 280 361 639 539 11 0.0551 253 269 509 511 3 0.0548 330 460 574 709 8 0.0546 390 529 642 761 11 0.0545 434 289 687 521 11 0.0545 326 459 577 705 8 0.0543 434 281 681 524 3 0.0542 256 272 510 519 6 0.0539 446 340 693 588 13 0.0539 324 263 579 511 7 0.0535 398 530 652 760 5 0.0534 433 656 683 897 5 0.0532 325 450 572 703 5 0.0530 247 390 506 638 0 0.0527 327 456 576 708 6 0.0525 326 263 577 510 6 0.0525 442 663 692 898 11 0.0524 431 665 690 897 11 0.0522 0 14 224 264 0 0.0520 251 394 509 641 8 0.0519 327 458 566 706 2 0.0519 328 328 573 572 9 0.0518 320 324 573 569 7 0.0517 450 606 702 844 11 0.0516 178 333 429 573 5 0.0513 444 525 692 761 3 0.0513 441 288 683 529 13 0.0513 323 391 576 637 8 0.0511 186 328 422 576 12 0.0509 327 324 575 574 5 0.0508 436 779 682 1013 7 0.0508 446 786 694 1019 2 0.0505 450 539 700 764 3 0.0505 442 660 688 908 7 0.0503 183 264 438 516 0 0.0500 444 787 689 1021 13 0.0500 185 330 431 582
kDNaao5ZPNfbh6oroIBztSQTzW3NvAKW,5 0.0680 503 201 761 427 11 0.0675 318 206 583 435 8 0.0617 507 259 757 493 11 0.0616 176 468 423 698 7 0.0615 323 276 586 513 5 0.0614 557 322 826 562 11 0.0612 320 353 576 588 5 0.0607 181 325 433 566 5 0.0603 442 327 692 563 5 0.0603 241 267 506 503 3 0.0603 323 201 586 442 5 0.0598 182 181 443 424 11 0.0597 447 336 695 565 6 0.0594 323 348 581 592 5 0.0591 314 195 580 434 0 0.0589 185 331 432 570 5 0.0588 499 5 764 241 3 0.0586 250 137 513 380 0 0.0585 489 291 836 473 7 0.0584 509 202 766 433 11 0.0582 619 339 890 569 3 0.0581 250 274 506 510 8 0.0581 317 279 577 512 7 0.0580 195 266 444 492 8 0.0580 448 328 689 565 13 0.0579 504 6 772 242 0 0.0578 448 333 691 565 6 0.0577 582 214 839 431 8 0.0576 578 210 828 433 0 0.0575 524 2 886 158 8 0.0574 562 326 822 565 3 0.0572 512 321 766 569 13 0.0569 564 330 834 569 7 0.0568 250 341 506 583 6 0.0567 452 333 698 564 7 0.0567 454 330 698 566 7 0.0567 328 123 580 362 11 0.0566 522 2 888 157 6 0.0566 325 204 585 436 7 0.0564 253 203 511 439 7 0.0563 561 327 828 569 6 0.0562 512 264 767 491 11 0.0562 567 273 828 502 2 0.0561 507 268 762 495 6 0.0560 388 478 652 702 13 0.0560 512 152 776 369 11 0.0560 381 479 649 699 11 0.0556 247 274 503 505 6 0.0556 254 425 512 660 5 0.0554 569 145 832 366 8 0.0554 628 273 877 499 11 0.0554 505 208 763 427 3 0.0554 527 0 888 161 6 0.0553 190 332 436 570 0 0.0553 317 206 581 435 5 0.0552 246 420 502 658 0 0.0549 251 421 508 663 5 0.0547 313 346 575 586 0 0.0547 319 351 577 591 7 0.0545 179 410 421 643 11 0.0545 239 802 496 1020 3 0.0544 322 354 576 598 8 0.0543 512 150 766 367 2 0.0543 451 339 691 565 8 0.0542 246 342 501 583 2 0.0539 529 5 883 157 8 0.0539 324 12 575 251 6 0.0538 574 17 839 248 6 0.0537 251 274 508 506 8 0.0536 527 0 877 158 13 0.0536 256 205 519 446 8 0.0535 175 466 411 705 0 0.0534 246 272 507 506 6 0.0533 201 190 449 426 3 0.0533 627 340 887 580 6 0.0532 566 328 831 564 11 0.0531 505 80 773 303
sxSvp8UKaU57joQLj36Cf2ZTuPXVYvBL,11 0.0623 317 338 572 573 0 0.0595 338 356 691 539 5 0.0571 314 421 693 605 8 0.0571 325 422 686 606 10 0.0555 315 400 572 637 7 0.0554 253 391 505 634 7 0.0550 334 423 702 606 10 0.0548 333 358 692 535 6 0.0533 321 336 576 579 3 0.0533 328 424 692 608 13 0.0532 330 421 702 607 11 0.0519 377 458 645 699 6 0.0518 305 790 559 1020 5 0.0515 295 783 553 1019 7 0.0514 303 786 565 1023 13 0.0513 302 789 566 1023 2 0.0509 317 340 568 574 5 0.0508 237 332 488 572 0 0.0507 376 263 636 492 11 0.0506 299 793 557 1019 0 0.0502 380 458 644 701 10 0.0501 243 343 488 577 6 0.0501 254 390 505 639
7paraRfQ9I9IqflidFzxwk0GDV1ZXeU8,8 0.0583 191 598 433 835 5 0.0552 187 595 439 832 13 0.0527 261 597 521 844 3 0.0525 196 600 441 842 7 0.0524 199 598 444 835 0 0.0514 255 598 514 845 6 0.0511 196 603 444 832 10 0.0510 192 602 440 837 11 0.0504 254 603 511 841 2 0.0503 196 603 440 838
yPtWEb18fp3dGtKFB0upcc4hrkf3i53q,11 0.0556 776 277 1020 509 11 0.0551 384 329 641 560 0 0.0549 571 269 811 511 11 0.0548 568 271 816 510 5 0.0546 780 269 1013 510 7 0.0544 389 328 649 559 0 0.0541 779 274 1018 516 8 0.0541 780 272 1011 514 11 0.0540 699 199 951 436 13 0.0533 783 269 1023 516 5 0.0533 433 404 697 639 5 0.0529 492 333 749 569 0 0.0527 496 337 753 569 11 0.0525 494 339 751 565 8 0.0525 497 268 742 505 13 0.0522 387 408 647 638 11 0.0522 421 738 689 960 8 0.0521 566 200 808 442 7 0.0519 321 673 582 901 5 0.0516 379 324 639 559 0 0.0515 382 405 641 640 7 0.0512 500 336 757 567 3 0.0511 390 330 643 569 8 0.0510 386 326 636 560 10 0.0510 358 694 639 907 0 0.0510 178 276 441 521 0 0.0504 259 338 517 585 7 0.0503 570 196 822 445 6 0.0502 571 198 824 445 0 0.0501 315 678 580 908
c8DczKdSa5l8OWJzq5XIJerthtzG978o,8 0.0601 259 0 605 156 8 0.0581 109 358 352 596 0 0.0575 0 219 254 466 11 0.0573 499 339 760 570 5 0.0567 248 324 512 555 7 0.0556 525 395 764 636 5 0.0555 499 332 745 567 11 0.0554 256 0 616 163 5 0.0554 572 274 827 498 8 0.0553 4 213 244 461 13 0.0545 4 220 265 459 11 0.0543 104 362 362 589 0 0.0541 109 364 358 600 6 0.0541 261 0 617 160 5 0.0537 252 0 608 159 13 0.0535 369 0 644 196 3 0.0534 504 337 752 585 6 0.0533 261 324 522 557 13 0.0531 327 397 597 638 11 0.0530 511 464 767 695 0 0.0524 439 292 702 513 3 0.0524 371 1 634 202 11 0.0520 0 216 254 454 2 0.0518 503 346 754 570 7 0.0517 369 1 642 197 7 0.0510 181 408 439 649 13 0.0508 257 328 521 564 5 0.0507 113 282 370 516 7 0.0506 437 337 700 571 11 0.0505 168 408 443 645 11 0.0504 572 278 837 494 10 0.0504 368 5 640 197 0 0.0502 257 324 515 562 6 0.0501 5 220 259 460
YyfxTNveIlb67E3j0kTCFHkd4veqm1cw,7 0.0543 314 386 567 645 8 0.0540 313 387 555 642 11 0.0521 240 748 498 970 11 0.0508 305 392 563 641
uCcdUVlBeqNukZZcCxHCndKW2STIig63,0 0.0625 521 459 771 711 11 0.0618 566 402 824 627 11 0.0613 632 463 891 678 5 0.0610 187 335 431 572 5 0.0608 517 454 770 707 5 0.0607 180 466 434 716 7 0.0606 525 459 775 705 11 0.0589 508 339 762 569 0 0.0589 637 468 893 680 8 0.0588 519 455 767 709 5 0.0585 245 264 502 500 11 0.0579 312 334 572 564 0 0.0574 191 266 435 513 5 0.0573 630 460 888 677 5 0.0573 310 332 563 563 5 0.0570 246 397 496 643 11 0.0569 319 464 572 702 8 0.0569 250 403 488 645 8 0.0568 192 265 427 510 11 0.0568 248 401 499 641 11 0.0567 629 329 897 563 11 0.0565 187 267 436 505 2 0.0563 522 465 775 705 5 0.0561 185 190 429 432 0 0.0560 382 463 634 713 11 0.0559 392 399 653 639 8 0.0559 634 460 883 681 8 0.0559 386 396 640 640 3 0.0556 524 457 772 714 8 0.0554 312 334 558 561 0 0.0548 508 334 759 571 5 0.0548 504 331 757 571 13 0.0547 524 458 777 708 8 0.0546 319 463 562 707 0 0.0543 315 334 567 562 6 0.0541 195 266 439 510 3 0.0541 641 469 890 686 8 0.0538 506 334 755 572 13 0.0536 192 265 441 516 6 0.0534 194 410 439 651 7 0.0533 387 459 638 715 7 0.0533 194 337 434 576 10 0.0533 518 461 771 706 13 0.0533 194 410 440 658 3 0.0533 251 336 502 575 5 0.0532 382 582 638 827 6 0.0528 641 467 897 680 6 0.0527 572 402 828 629 3 0.0524 320 467 574 713 13 0.0524 254 332 511 575 5 0.0523 385 395 641 640 5 0.0521 314 456 565 706 7 0.0520 514 334 762 569 13 0.0519 636 468 902 681 7 0.0519 636 463 892 678 11 0.0519 384 536 640 780 6 0.0519 254 332 507 568 0 0.0515 634 334 897 567 13 0.0515 321 463 575 711 5 0.0514 117 406 371 651 6 0.0513 322 400 580 635 8 0.0512 381 585 633 827 2 0.0512 254 408 497 647 5 0.0512 687 525 942 749 7 0.0511 188 471 435 720 0 0.0509 253 399 499 644 8 0.0508 637 328 887 569 7 0.0508 195 191 435 438 3 0.0507 192 269 436 514 8 0.0507 187 470 424 723 10 0.0505 191 346 429 576 7 0.0505 254 399 499 645 10 0.0505 251 407 497 643 5 0.0504 244 531 495 790 13 0.0503 190 526 438 790 13 0.0503 122 345 373 586 11 0.0502 111 345 369 575 13 0.0501 512 336 763 572 0 0.0501 388 590 643 831
66iZNxIe53no49M2aoZwqUh79SlAO7wC,11 0.0651 249 720 513 961 11 0.0622 180 666 447 904 8 0.0621 205 609 552 788 11 0.0616 199 612 562 787 7 0.0613 209 608 565 789 0 0.0612 441 780 683 1018 11 0.0608 190 789 431 1022 11 0.0600 122 727 374 957 0 0.0599 203 611 563 791 7 0.0598 186 662 452 904 8 0.0592 308 724 567 965 10 0.0589 200 614 558 788 8 0.0588 125 721 369 965 5 0.0588 248 593 511 833 0 0.0575 123 660 383 907 7 0.0575 190 785 436 1023 13 0.0571 194 789 442 1023 13 0.0571 254 596 520 835 5 0.0570 248 455 504 696 13 0.0566 188 664 452 906 7 0.0565 447 780 687 1011 5 0.0564 303 723 566 963 0 0.0563 306 725 573 967 8 0.0561 189 661 440 907 11 0.0560 250 462 504 696 5 0.0560 179 660 442 902 6 0.0558 253 595 519 836 0 0.0551 188 787 434 1023 6 0.0548 185 663 450 907 5 0.0546 309 533 568 767 8 0.0544 448 777 675 1011 11 0.0541 446 784 683 1008 10 0.0540 181 669 446 904 13 0.0536 256 717 521 965 5 0.0534 121 722 369 958 3 0.0533 257 596 516 839 3 0.0533 310 727 575 970 8 0.0531 251 783 489 1022 3 0.0528 187 665 449 908 5 0.0528 443 778 676 1010 3 0.0523 127 728 377 965 2 0.0521 204 614 560 791 13 0.0520 450 783 690 1017 3 0.0515 257 463 507 705 6 0.0508 257 461 511 699 5 0.0508 245 780 493 1019 3 0.0508 253 785 500 1023 13 0.0507 314 536 579 770 10 0.0505 249 723 514 962 6 0.0504 192 790 435 1023 1 0.0502 249 593 514 837
KmXBnlbGJqvwCGs1U1GrGd1K5xCFDM3i,8 0.0660 511 457 765 708 11 0.0632 241 401 505 635 11 0.0632 513 458 771 703 11 0.0624 311 343 572 573 5 0.0623 505 399 760 647 5 0.0615 243 330 503 566 11 0.0611 168 343 428 576 5 0.0608 296 396 567 638 5 0.0608 375 453 632 703 5 0.0608 571 331 827 577 8 0.0605 170 335 419 588 7 0.0602 174 342 423 576 0 0.0601 377 396 627 638 0 0.0597 574 403 833 652 11 0.0592 434 517 693 752 6 0.0591 578 403 835 646 0 0.0586 313 264 566 492 11 0.0585 359 136 633 358 6 0.0582 252 333 510 571 13 0.0582 251 330 512 574 8 0.0582 440 519 686 757 7 0.0578 516 406 769 647 8 0.0577 448 396 698 642 7 0.0576 580 335 834 578 7 0.0575 248 400 507 637 0 0.0575 439 518 692 759 5 0.0566 371 0 639 213 3 0.0564 249 336 508 578 0 0.0564 369 77 646 311 0 0.0562 240 183 496 430 10 0.0562 241 408 504 635 2 0.0561 573 409 838 647 6 0.0560 308 85 571 323 8 0.0559 510 601 752 832 0 0.0555 173 269 423 515 3 0.0554 578 403 837 653 10 0.0552 173 348 422 579 10 0.0552 512 460 769 709 0 0.0550 367 190 633 423 8 0.0549 304 401 561 638 11 0.0549 301 514 584 753 0 0.0549 244 403 503 638 11 0.0546 372 0 645 215 7 0.0546 300 133 560 364 6 0.0546 449 395 707 641 0 0.0544 580 272 833 512 8 0.0542 369 79 638 309 0 0.0541 305 514 579 760 13 0.0540 578 404 837 648 7 0.0539 384 0 648 220 7 0.0538 506 526 760 766 7 0.0538 246 252 502 491 11 0.0538 580 276 834 506 13 0.0538 305 400 576 643 0 0.0538 505 600 759 836 10 0.0536 575 343 831 573 9 0.0536 570 406 834 647 6 0.0535 304 401 575 637 13 0.0535 308 3 586 209 3 0.0532 448 395 708 647 7 0.0530 371 190 631 421 7 0.0527 315 340 574 579 8 0.0526 246 252 494 493 10 0.0523 379 464 637 703 13 0.0522 447 449 707 696 0 0.0518 113 356 358 598 13 0.0517 179 266 432 513 11 0.0517 505 86 778 309 6 0.0517 443 520 697 757 13 0.0516 304 85 576 322
KFFTUFUoNdnuHFCur8O1BZTRiEiE6Wep,11 0.0642 385 231 646 447 8 0.0609 121 587 376 827 8 0.0602 390 236 634 453 11 0.0592 114 530 372 762 0 0.0588 117 527 373 774 5 0.0577 115 586 374 822 11 0.0574 266 420 632 599 11 0.0574 505 599 762 831 11 0.0574 390 553 750 730 0 0.0566 500 592 761 838 6 0.0563 120 587 389 821 13 0.0561 120 589 386 830 8 0.0559 388 551 739 732 6 0.0551 471 240 714 462 0 0.0550 568 525 830 769 0 0.0547 388 550 748 733 8 0.0546 271 422 620 600 7 0.0543 505 594 764 835 7 0.0541 394 549 753 732 0 0.0540 633 450 905 691 8 0.0537 503 594 754 836 6 0.0536 390 554 759 730 13 0.0532 396 553 756 732 5 0.0530 263 417 624 596 7 0.0530 122 526 374 770 0 0.0529 270 422 639 600 10 0.0529 120 592 380 828 11 0.0529 570 528 829 759 8 0.0527 567 523 821 770 5 0.0523 387 549 742 729 7 0.0522 389 229 652 448 2 0.0514 391 555 750 731 11 0.0511 637 330 895 568 13 0.0510 510 600 765 837 7 0.0506 278 422 638 600 3 0.0503 125 529 370 771
C2Pv8ZSPGazsOTdRBle1OBMjYjYzCclC,5 0.0599 318 594 575 835 7 0.0583 251 597 524 847 8 0.0575 183 592 436 826 11 0.0568 179 592 446 822 0 0.0562 183 590 447 830 11 0.0559 504 561 769 766 7 0.0559 507 561 776 761 8 0.0558 243 525 503 770 3 0.0558 517 556 763 771 5 0.0553 177 590 442 823 5 0.0553 241 522 513 765 0 0.0549 324 601 582 842 11 0.0540 242 523 512 770 6 0.0533 181 596 446 823 8 0.0530 315 403 562 631 8 0.0527 318 598 568 836 8 0.0527 183 456 432 691 0 0.0522 309 404 572 635 0 0.0518 762 5 1015 256 2 0.0516 247 530 519 773 8 0.0513 506 562 759 762 10 0.0513 761 12 1011 248 6 0.0511 323 602 583 832 0 0.0511 181 410 440 637 11 0.0508 762 7 1016 250 11 0.0508 316 599 577 837 11 0.0507 180 460 444 689 5 0.0504 306 395 565 630 13 0.0503 186 591 454 827 13 0.0501 766 4 1019 256
6Yupg7gXleZ2YT1gx9dSnLgqoQ5jss13,0 0.0545 637 342 883 576 11 0.0537 362 534 626 751 11 0.0528 367 796 637 1016 8 0.0524 637 338 872 571 7 0.0516 374 793 635 1019 11 0.0504 635 342 882 575
ZkkURgEjrYBlDdbVwZUlZjCTqj1ONblD,8 0.0616 381 402 627 632 8 0.0590 363 538 620 766 11 0.0587 367 467 621 701 11 0.0582 344 662 711 846 7 0.0582 383 401 636 635 0 0.0580 375 402 633 637 11 0.0573 435 543 703 772 5 0.0547 360 535 624 765 0 0.0540 501 612 755 843 0 0.0536 243 217 518 457 11 0.0535 555 278 802 521 7 0.0534 354 660 713 850 6 0.0531 316 597 580 842 8 0.0531 308 466 562 696 11 0.0530 238 800 495 1023 8 0.0528 346 660 697 850 13 0.0521 364 537 635 768 0 0.0517 364 534 629 768 5 0.0517 373 398 633 635 7 0.0513 369 534 629 766 6 0.0512 254 211 524 449 3 0.0512 368 539 627 775 5 0.0511 345 656 701 848 7 0.0506 241 790 500 1023 6 0.0501 380 403 639 631
9VHAT2QkwV7VrVI1EcKpCdAvsMWY3O8Y,8 0.0621 184 451 445 700 8 0.0614 501 92 756 314 8 0.0611 509 276 767 502 5 0.0605 239 453 519 707 11 0.0603 174 389 444 639 7 0.0600 215 468 576 662 5 0.0594 199 407 569 594 5 0.0593 489 9 751 247 8 0.0591 378 349 646 586 8 0.0590 446 215 698 437 8 0.0589 253 394 513 630 5 0.0586 257 280 645 473 0 0.0584 387 401 652 639 11 0.0580 376 274 646 510 11 0.0580 443 151 707 371 0 0.0577 318 509 588 766 3 0.0577 253 392 520 637 0 0.0574 181 451 453 703 11 0.0573 492 18 756 247 11 0.0573 239 336 509 571 11 0.0571 313 391 585 626 3 0.0570 497 18 757 252 11 0.0569 243 461 521 706 5 0.0569 372 0 646 193 5 0.0568 507 271 776 504 5 0.0567 130 340 513 525 0 0.0564 250 390 521 632 13 0.0562 212 411 580 598 11 0.0562 449 403 713 634 0 0.0561 445 99 708 321 6 0.0560 450 215 711 435 3 0.0560 450 213 706 447 6 0.0559 449 96 711 318 11 0.0559 505 279 780 500 7 0.0558 185 525 455 773 5 0.0558 380 397 646 638 3 0.0558 518 154 780 384 7 0.0556 314 266 582 509 6 0.0556 257 393 522 632 8 0.0554 107 388 366 645 7 0.0551 448 214 705 443 8 0.0550 387 77 646 306 5 0.0550 441 142 699 371 7 0.0549 459 399 717 640 11 0.0547 179 528 450 770 10 0.0543 314 395 589 628 13 0.0543 448 215 710 434 3 0.0542 516 277 779 513 13 0.0541 381 349 661 584 7 0.0541 245 331 512 576 13 0.0540 324 511 593 762 6 0.0539 320 331 591 568 3 0.0539 314 331 590 575 5 0.0536 235 585 498 829 0 0.0534 563 23 813 250 0 0.0532 167 323 442 577 7 0.0532 320 513 585 762 7 0.0532 567 22 819 251 13 0.0532 496 15 766 250 3 0.0530 448 96 709 326 3 0.0528 386 2 654 199 10 0.0528 498 21 754 248 8 0.0527 318 513 574 761 0 0.0525 311 265 576 509 3 0.0524 578 92 833 320 6 0.0524 186 456 454 702 6 0.0524 499 16 759 246 11 0.0523 294 203 577 434 7 0.0522 440 20 707 257 2 0.0521 252 530 518 774 8 0.0520 116 523 367 769 0 0.0519 113 526 374 770 13 0.0518 577 93 838 319 11 0.0518 386 73 654 302 6 0.0517 518 281 781 503 6 0.0515 580 90 835 313 0 0.0515 194 593 449 833 3 0.0513 249 527 517 777 11 0.0513 379 2 648 191 0 0.0512 509 223 786 446
j4X6VdOIL9vDk9XkeZlzpgtOJF56XTP5,7 0.0652 451 786 694 1010 5 0.0607 244 714 494 951 11 0.0605 243 657 494 891 8 0.0601 304 663 556 890 0 0.0600 250 714 497 957 0 0.0593 517 793 753 1023 11 0.0587 444 792 688 1008 10 0.0580 516 796 747 1020 5 0.0580 442 788 684 1010 8 0.0575 249 714 491 954 7 0.0573 250 716 499 954 11 0.0561 306 724 561 957 8 0.0543 446 788 683 1013 10 0.0537 244 660 489 888 7 0.0536 577 805 816 1023 7 0.0534 309 662 565 892 6 0.0525 449 796 690 1012 11 0.0524 325 678 706 851 3 0.0517 251 715 494 963 8 0.0513 572 805 804 1023 11 0.0512 572 812 811 1021 13 0.0504 253 715 504 957 13 0.0504 449 789 694 1014 3 0.0504 449 790 687 1017
xG0PKWiRK4PuPOoHw0QkOOI5ookUlz37,0 0.0587 369 526 627 769 11 0.0577 364 528 627 764 0 0.0564 254 513 514 758 11 0.0561 422 468 684 697 8 0.0554 315 451 559 691 5 0.0553 496 805 759 1017 8 0.0550 372 527 619 767 5 0.0547 248 386 506 629 6 0.0543 258 393 511 635 3 0.0540 375 463 629 704 0 0.0538 509 809 768 1023 0 0.0537 256 392 511 635 11 0.0535 316 396 573 632 7 0.0534 371 524 632 766 5 0.0531 374 587 630 830 7 0.0526 383 709 639 959 11 0.0524 309 3 571 199 7 0.0523 514 805 771 1023 13 0.0522 384 590 642 835 0 0.0520 447 711 698 948 11 0.0518 563 334 829 567 5 0.0518 248 509 506 754 3 0.0515 383 591 635 838 3 0.0514 258 394 507 638 0 0.0514 237 0 495 199 7 0.0511 429 463 685 698 13 0.0507 257 392 515 640 7 0.0507 313 450 569 689 6 0.0505 426 467 687 697
Nzd6IGBdZEZjZC0LEiPc1jaXGYGhDQK0,0 0.0575 504 403 769 644 7 0.0574 508 399 770 640 11 0.0568 503 404 766 636 6 0.0554 510 403 772 638 8 0.0545 506 398 759 639 5 0.0541 335 409 700 596 5 0.0537 499 396 764 638 8 0.0535 342 409 694 600 3 0.0528 508 402 764 644 11 0.0514 373 346 628 578 10 0.0511 505 406 768 636
N9TnUqG1eLBvLfniiWiHQNbCh28jfwUp,11 0.0658 384 269 632 509 11 0.0641 564 331 817 572 11 0.0636 311 331 565 563 7 0.0634 453 277 703 513 3 0.0632 570 328 813 579 3 0.0613 454 277 702 515 8 0.0608 452 274 697 512 0 0.0607 375 210 635 445 8 0.0605 568 326 807 574 0 0.0605 207 278 570 469 0 0.0602 506 277 752 514 8 0.0602 317 265 556 507 8 0.0598 378 212 632 444 5 0.0598 309 202 571 435 11 0.0596 311 207 575 433 11 0.0594 449 211 707 437 11 0.0591 438 335 691 573 7 0.0591 384 331 634 575 3 0.0588 383 333 633 577 7 0.0588 380 211 638 445 6 0.0587 507 277 754 512 8 0.0586 384 333 627 577 6 0.0582 245 205 499 442 7 0.0581 318 263 561 506 0 0.0579 314 329 562 566 13 0.0576 320 204 577 439 6 0.0573 315 265 564 508 11 0.0571 385 144 646 375 3 0.0569 316 268 563 507 6 0.0568 339 414 707 603 8 0.0568 243 202 485 440 5 0.0567 557 324 812 573 13 0.0566 389 266 636 513 5 0.0565 433 328 689 574 7 0.0564 565 329 820 577 3 0.0564 379 214 639 448 0 0.0557 440 330 691 576 6 0.0554 378 214 642 447 10 0.0550 241 211 492 440 5 0.0547 443 206 703 437 10 0.0545 313 271 561 505 5 0.0544 382 137 637 373 5 0.0542 307 326 560 564 6 0.0540 331 130 582 368 13 0.0539 315 327 568 569 7 0.0535 246 200 497 438 10 0.0533 377 216 635 444 2 0.0533 451 283 697 515 9 0.0532 385 269 630 507 12 0.0527 388 266 634 514 10 0.0523 505 284 751 512 7 0.0523 335 123 583 368 13 0.0522 443 334 698 576 9 0.0521 438 333 690 570 0 0.0518 454 147 708 370 13 0.0518 570 332 820 576 10 0.0517 379 338 634 575 11 0.0514 169 278 431 509 1 0.0514 310 261 560 504 13 0.0513 176 278 438 516 2 0.0513 312 335 562 564 2 0.0512 567 334 815 576 0 0.0512 718 342 952 579 13 0.0511 450 209 710 440 11 0.0511 716 343 959 571 0 0.0509 329 124 575 372 2 0.0509 378 217 634 447 2 0.0502 242 208 491 442
rB7RwPND6Airt9sXXjsXh71E7aZfGxnd,6 0.0590 380 457 646 713 8 0.0583 436 449 704 707 11 0.0581 432 533 695 775 8 0.0573 316 472 566 722 0 0.0569 432 533 695 778 11 0.0560 646 394 892 647 11 0.0559 316 476 573 719 7 0.0552 319 469 575 722 8 0.0549 501 586 761 832 0 0.0546 498 589 769 834 5 0.0546 458 0 824 154 5 0.0544 311 465 570 720 8 0.0538 529 0 885 149 7 0.0534 503 584 769 835 11 0.0531 497 444 773 703 3 0.0530 315 472 576 724 13 0.0529 439 530 702 778 3 0.0528 439 529 696 783 5 0.0526 428 448 704 702 8 0.0525 645 459 882 714 0 0.0525 252 521 508 785 6 0.0521 252 464 508 712 5 0.0521 187 447 441 701 0 0.0520 523 0 899 149 12 0.0520 322 474 574 720 5 0.0516 494 578 765 832 10 0.0515 434 533 698 777 0 0.0515 503 446 776 702 13 0.0514 567 601 836 834 6 0.0511 566 594 833 832 11 0.0509 691 532 943 778 7 0.0508 644 454 888 709 5 0.0506 639 453 890 706 13 0.0505 198 454 455 710 2 0.0504 562 601 831 833
PKw4rXbeVxVVot3sbEXmvVlLQoEGHJwW,11 0.0694 311 319 570 566 8 0.0661 382 326 630 577 8 0.0655 311 387 561 632 11 0.0643 374 395 633 633 11 0.0629 375 265 632 496 7 0.0629 367 512 642 761 5 0.0628 302 381 564 632 7 0.0622 440 449 705 704 0 0.0621 381 327 633 576 11 0.0619 437 456 698 700 6 0.0611 571 590 824 820 8 0.0611 437 453 695 705 6 0.0607 378 265 633 499 7 0.0607 318 314 573 570 3 0.0604 382 327 634 581 6 0.0603 308 389 566 633 6 0.0600 496 517 751 753 0 0.0600 308 385 565 634 11 0.0597 440 333 696 577 7 0.0592 295 434 566 684 10 0.0588 307 392 570 632 3 0.0583 308 387 565 640 5 0.0583 374 322 630 574 3 0.0582 501 582 755 826 5 0.0578 430 446 697 703 11 0.0576 362 515 632 751 3 0.0574 443 454 702 712 0 0.0571 438 391 698 644 0 0.0568 491 518 749 753 11 0.0567 566 588 817 824 5 0.0565 494 573 753 819 6 0.0563 442 334 697 582 8 0.0561 306 503 562 754 11 0.0560 563 731 823 980 13 0.0558 241 436 509 687 0 0.0556 301 502 566 759 13 0.0553 569 589 826 824 11 0.0549 233 503 502 745 13 0.0548 514 454 765 690 6 0.0547 175 429 447 675 7 0.0544 443 326 697 581 11 0.0544 163 435 446 670 9 0.0544 369 396 633 631 7 0.0542 567 584 822 832 5 0.0539 160 489 442 749 13 0.0537 371 511 641 755 6 0.0536 368 516 641 754 2 0.0536 377 400 634 637 10 0.0533 435 454 704 703 1 0.0532 370 390 631 639 10 0.0532 379 332 638 576 7 0.0526 173 428 448 675 8 0.0524 443 271 683 508 8 0.0523 174 497 433 753 1 0.0522 496 575 756 820 9 0.0520 310 317 570 565 0 0.0519 566 589 819 827 10 0.0519 499 584 754 820 7 0.0518 518 797 764 1023 8 0.0517 565 587 809 827 1 0.0516 308 312 564 570 2 0.0511 437 460 700 702 6 0.0510 582 470 826 698 2 0.0509 317 322 567 569 13 0.0508 172 496 448 752 12 0.0506 311 383 565 634 8 0.0506 563 729 814 983 6 0.0504 242 498 504 750 5 0.0503 557 726 820 981 10 0.0502 442 276 690 508
WhX6WB8fxlGglO4kMzB5s50y5PEvqcZo,11 0.0582 248 779 496 1011 8 0.0581 378 786 619 1022 7 0.0576 381 787 630 1023 5 0.0574 307 775 553 1018 7 0.0567 252 778 502 1016 13 0.0566 316 786 569 1023 11 0.0559 376 791 625 1020 8 0.0530 252 775 488 1015 0 0.0529 379 789 627 1023 0 0.0525 249 776 495 1015
UXMjjVFcuXgi1QXfL9ElME0eORHzMn1O,0 0.0643 122 641 364 889 8 0.0642 0 677 350 851 7 0.0618 125 642 368 887 11 0.0616 119 645 364 884 13 0.0573 3 678 368 853 5 0.0567 120 641 360 886 6 0.0562 2 679 365 853 10 0.0561 120 648 367 886 0 0.0556 432 533 701 767 11 0.0556 435 536 702 762 7 0.0546 439 528 705 758 11 0.0529 561 534 816 750 3 0.0522 123 643 364 892 8 0.0519 440 529 689 762 5 0.0510 432 527 696 760 1 0.0506 120 639 363 888 12 0.0504 127 643 369 891
ARK6IuVQzkJijAWndhCzO4po97BnEohM,11 0.0593 430 520 690 761 0 0.0562 430 521 696 767 8 0.0539 432 521 684 763 6 0.0538 435 523 697 763 5 0.0537 428 514 691 762 13 0.0531 437 523 702 763 11 0.0530 370 583 631 824 7 0.0524 379 182 639 414 10 0.0508 428 520 694 763 5 0.0504 484 792 734 1012 13 0.0503 497 799 744 1016
jDFZ8bQh2dieEpNmUu9S27nqXahXoVba,8 0.0533 81 0 429 153 8 0.0519 302 0 558 193
nGFwo4VTW4q1tvCCXDc8wotAURn6OrmM,8 0.0647 118 202 366 449 6 0.0626 572 581 822 822 11 0.0599 124 204 375 441 8 0.0596 570 579 815 822 5 0.0595 566 575 819 822 5 0.0592 118 195 366 446 11 0.0592 570 581 819 822 5 0.0590 565 449 822 678 11 0.0589 261 208 498 437 0 0.0588 181 206 428 452 8 0.0585 179 270 423 519 8 0.0582 194 144 425 389 3 0.0575 580 519 824 754 0 0.0573 264 131 502 382 0 0.0572 576 520 826 753 5 0.0571 179 324 422 574 8 0.0567 576 452 815 678 5 0.0564 192 135 431 388 11 0.0563 194 147 435 385 11 0.0562 182 272 431 512 7 0.0558 272 131 505 378 5 0.0551 246 274 483 511 6 0.0550 127 203 378 444 13 0.0550 574 584 824 820 7 0.0548 574 578 824 823 0 0.0547 129 137 369 380 7 0.0543 185 267 432 518 11 0.0542 130 68 360 310 10 0.0542 569 582 819 823 6 0.0538 578 453 828 676 8 0.0537 266 208 490 441 0 0.0533 119 269 371 517 0 0.0533 254 3 484 247 8 0.0532 179 388 416 627 3 0.0532 275 136 502 379 2 0.0529 571 585 822 821 0 0.0528 186 63 427 318 6 0.0527 198 142 438 382 13 0.0526 579 394 824 614 8 0.0522 128 66 351 312 7 0.0521 574 454 824 677 3 0.0520 184 211 428 455 11 0.0520 569 458 821 676 10 0.0514 120 206 374 444 5 0.0511 327 205 573 439 0 0.0509 253 279 488 517 13 0.0508 183 269 433 516 11 0.0508 243 339 491 567 3 0.0508 579 396 821 619 10 0.0504 181 275 430 515 0 0.0501 576 394 819 617
W4lLB0mCBzkNyTSUGBwCJyYuFpL2dYZ0,11 0.0518 356 614 627 835 11 0.0507 318 541 564 773
1UPw5wOfuSEXLCsgm1gawN6RUuB54f20,5 0.0540 768 779 1020 1023 5 0.0539 509 402 764 631 7 0.0528 780 777 1023 1022 8 0.0519 775 781 1017 1023 0 0.0515 776 789 1022 1023 5 0.0508 433 462 714 700 0 0.0503 701 409 947 634 11 0.0502 518 475 785 704
0WVt4jf7vvlNITYUTlobxxW40HVK2QaE,0 0.0669 135 679 499 856 7 0.0669 136 678 501 854 5 0.0647 128 677 494 853 11 0.0646 131 680 499 852 8 0.0639 136 677 491 853 10 0.0629 131 681 495 853 7 0.0623 320 465 567 699 3 0.0614 136 679 496 856 13 0.0595 139 678 503 854 6 0.0592 124 650 377 898 2 0.0572 134 683 498 856 0 0.0568 318 464 563 702 5 0.0561 316 460 562 699 1 0.0555 130 677 494 855 11 0.0552 314 467 566 696 12 0.0548 137 678 499 855 9 0.0541 132 678 496 852 8 0.0531 317 467 553 696 4 0.0514 135 679 499 855 6 0.0509 320 470 568 702
MwwBPnHgXr9JQ4lCoqUjtBzhKo2PfMfS,11 0.0615 580 324 824 559 6 0.0583 589 322 823 561 11 0.0577 637 270 883 492 11 0.0575 404 405 751 591 11 0.0573 625 395 882 631 6 0.0564 636 392 880 634 5 0.0561 622 384 877 630 7 0.0558 465 414 813 599 3 0.0554 416 403 752 598 11 0.0553 239 1 512 191 8 0.0548 584 324 815 556 11 0.0543 769 400 1018 625 5 0.0541 252 326 499 567 8 0.0540 246 0 500 192 8 0.0536 407 404 739 591 8 0.0536 250 64 501 325 0 0.0535 631 387 880 633 3 0.0533 575 375 826 627 11 0.0531 240 404 495 638 13 0.0531 635 392 891 632 8 0.0530 238 471 479 710 0 0.0528 773 394 1014 627 5 0.0525 579 314 819 556 5 0.0525 240 197 499 452 0 0.0522 377 347 642 576 13 0.0522 247 0 512 194 3 0.0522 330 0 594 250 6 0.0520 252 399 498 641 8 0.0520 315 141 558 391 8 0.0519 248 200 489 453 0 0.0518 256 329 506 570 13 0.0517 260 330 509 575 5 0.0517 558 220 811 446 7 0.0514 587 320 831 561 13 0.0510 249 198 511 457 6 0.0509 651 266 882 498 6 0.0509 412 401 754 592 0 0.0508 583 321 821 560 5 0.0506 237 0 504 191 5 0.0505 764 389 1014 624 8 0.0505 258 330 493 571 11 0.0503 324 346 580 575 6 0.0503 566 224 815 445 0 0.0503 245 0 508 193 0 0.0503 249 69 509 326 0 0.0501 559 225 810 447 13 0.0501 780 394 1023 625
s0TpVB065p03nGR7MF7VgcmnEyHdTNus,0 0.0630 66 0 329 214 6 0.0619 63 1 333 206 11 0.0609 503 788 757 1012 8 0.0608 2 0 257 195 6 0.0601 652 0 1023 145 5 0.0599 0 0 253 193 11 0.0595 0 3 264 193 11 0.0589 651 3 1023 145 5 0.0580 647 0 1016 147 5 0.0568 501 783 752 1014 13 0.0565 3 2 269 197 7 0.0563 508 784 760 1015 0 0.0561 505 785 758 1017 10 0.0559 0 6 261 195 3 0.0555 3 1 263 202 0 0.0553 657 1 1023 148 10 0.0552 504 789 754 1015 11 0.0547 377 784 635 1020 8 0.0546 504 784 746 1017 13 0.0531 654 0 1023 148 8 0.0528 653 0 1013 145 13 0.0524 506 787 766 1019 3 0.0520 658 0 1022 149 7 0.0520 3 0 262 197 7 0.0516 257 711 512 938 1 0.0503 0 0 259 195 3 0.0502 507 785 755 1020
YSwdOTwX6faUqfmxvUHMGksDPpuHwbxS,6 0.0579 314 4 567 254 0 0.0567 501 738 754 962 11 0.0560 502 742 750 953 11 0.0528 248 718 500 949 11 0.0506 305 10 563 251 5 0.0501 498 734 745 955
Sei2oPCCKjbhaKzhHklpkXZIfSmEn256,8 0.0704 2 784 233 1023 11 0.0679 4 790 238 1023 0 0.0675 0 724 247 979 8 0.0645 66 716 308 968 7 0.0623 2 788 237 1023 11 0.0606 61 726 314 964 3 0.0604 2 785 229 1023 2 0.0598 2 735 251 979 5 0.0592 0 787 232 1023 6 0.0590 2 792 239 1022 0 0.0562 120 739 390 967 8 0.0556 162 780 433 1022 0 0.0555 321 270 573 513 13 0.0550 4 790 239 1023 11 0.0543 155 786 446 1016 10 0.0539 61 790 305 1019 8 0.0537 362 483 618 707 11 0.0536 363 476 624 704 5 0.0534 59 724 306 963 7 0.0531 65 723 318 966 6 0.0524 323 272 579 512 7 0.0521 158 778 448 1019 12 0.0517 2 786 234 1023 11 0.0515 427 612 701 822 13 0.0515 158 780 454 1022 9 0.0511 0 789 237 1021 2 0.0509 366 485 622 705 11 0.0505 315 275 574 506 13 0.0503 373 795 630 1023 0 0.0502 363 479 624 712
kuqOe5lSQTXFwMtQK8DKNrVHS3cO4bH4,7 0.0602 248 789 502 1023 5 0.0600 244 791 494 1020 11 0.0594 245 794 498 1023 6 0.0580 248 800 501 1023 8 0.0557 248 794 496 1022 13 0.0552 251 794 505 1023 13 0.0544 475 2 821 154 0 0.0524 247 792 497 1021 5 0.0522 460 0 805 152 0 0.0521 468 0 818 154 10 0.0505 249 798 499 1021 2 0.0503 464 2 818 151
FijUgYPQ8QADuTRqsW0cxuOHltytC3fi,11 0.0592 449 396 709 635 0 0.0554 448 398 711 634 7 0.0535 456 395 714 636 3 0.0523 453 396 708 644 6 0.0520 453 400 719 637 8 0.0513 453 397 703 634 2 0.0501 454 408 704 635
Cg3xpPtkRIhfH6GyI7lKjiE3q9WlV7ID,11 0.0630 115 462 378 695 7 0.0617 192 785 435 1013 5 0.0616 186 781 429 1011 7 0.0604 126 459 377 697 5 0.0596 112 459 371 694 11 0.0589 187 784 436 1006 0 0.0584 122 463 374 696 10 0.0577 189 788 432 1013 0 0.0577 244 792 486 1023 8 0.0551 190 779 428 1012 8 0.0543 122 458 367 701 13 0.0543 190 785 438 1015 13 0.0529 123 460 382 699 6 0.0518 122 462 380 701 3 0.0510 124 460 373 707 6 0.0501 191 786 434 1012 10 0.0501 120 468 373 699
CPEuJq1r8YKdzfYJPRGJjkDyLHo7ccU5,0 0.0642 458 610 822 786 0 0.0611 433 272 687 511 11 0.0599 503 333 755 574 8 0.0592 456 612 811 785 0 0.0589 261 667 632 865 5 0.0579 457 604 820 784 11 0.0576 436 273 687 506 7 0.0576 441 269 690 510 5 0.0571 503 328 749 573 8 0.0570 434 271 684 510 7 0.0570 513 330 756 576 11 0.0568 450 611 828 783 13 0.0564 324 1 589 202 8 0.0563 505 327 747 577 3 0.0559 513 331 751 579 11 0.0559 437 72 708 306 11 0.0555 381 1 650 195 3 0.0552 390 0 651 200 7 0.0551 460 609 828 786 13 0.0550 441 271 693 511 0 0.0549 504 331 752 576 10 0.0547 457 613 824 786 5 0.0547 316 0 582 199 8 0.0545 262 668 622 863 0 0.0544 321 0 584 203 5 0.0544 432 267 683 507 10 0.0544 435 274 687 512 8 0.0542 385 0 645 195 8 0.0542 316 72 574 308 7 0.0541 268 667 640 864 3 0.0541 464 611 823 789 6 0.0539 509 332 756 575 11 0.0534 315 72 580 310 13 0.0533 511 332 759 578 3 0.0530 439 274 686 513 13 0.0530 462 613 834 786 11 0.0529 495 213 769 460 6 0.0527 267 670 635 860 10 0.0527 505 333 751 575 5 0.0524 256 664 628 858 11 0.0521 254 672 633 860 7 0.0521 325 0 583 202 0 0.0520 501 213 765 468 10 0.0517 322 4 583 200 9 0.0517 434 274 687 504 6 0.0517 316 73 588 312 8 0.0516 441 71 700 304 2 0.0512 461 613 826 785 10 0.0512 255 671 634 862 6 0.0511 464 610 825 784 3 0.0510 504 215 764 470 0 0.0509 441 74 707 306 11 0.0507 243 2 513 201 8 0.0504 499 210 759 466 6 0.0501 437 274 690 508
qMpNojfg5n2p45zqr3iQvFlsgcyexzmb,5 0.0561 503 779 743 1005 5 0.0534 433 707 686 954 13 0.0508 708 0 971 205 11 0.0505 706 0 963 200 11 0.0503 633 403 891 636 13 0.0500 374 785 626 1019
s25SEm4mdU0Ff8WJR9blJGfoZeU89W68,5 0.0631 254 189 490 432 5 0.0613 263 326 514 565 8 0.0609 248 9 498 262 8 0.0592 392 323 629 573 0 0.0590 386 261 640 511 8 0.0586 249 140 487 381 11 0.0582 243 8 506 260 5 0.0582 248 61 497 311 7 0.0574 266 326 518 571 3 0.0572 387 324 637 577 11 0.0571 316 271 578 499 11 0.0570 390 330 637 566 8 0.0570 268 326 505 568 5 0.0570 386 327 633 567 7 0.0568 250 5 509 262 0 0.0566 247 8 504 268 8 0.0564 321 398 555 641 6 0.0561 393 328 643 570 11 0.0560 260 330 515 564 7 0.0558 392 329 639 572 11 0.0555 247 138 494 377 3 0.0554 251 9 503 266 7 0.0548 193 395 446 645 7 0.0547 258 190 493 437 8 0.0542 323 268 569 504 13 0.0541 271 335 522 571 11 0.0540 256 453 503 691 11 0.0538 623 609 880 821 6 0.0537 253 141 499 380 13 0.0537 390 262 645 510 11 0.0536 549 751 821 979 0 0.0535 193 401 447 650 6 0.0533 262 453 506 691 0 0.0533 322 329 579 569 5 0.0533 183 266 436 504 5 0.0532 185 395 445 639 8 0.0530 191 400 433 646 6 0.0524 249 6 509 266 13 0.0524 247 8 513 267 0 0.0523 249 140 498 381 11 0.0522 574 532 812 760 7 0.0519 319 397 568 642 3 0.0517 318 400 563 647 7 0.0515 321 268 583 504 5 0.0515 552 0 819 191 5 0.0514 551 678 824 917 2 0.0512 247 15 505 264 3 0.0511 263 330 515 574 7 0.0510 559 746 826 985 10 0.0509 255 198 492 438 11 0.0507 182 271 443 507 6 0.0507 270 329 522 566 13 0.0506 260 456 510 696 3 0.0503 258 197 492 443 13 0.0502 259 199 499 442 3 0.0501 318 267 578 508
hbXHhGxmT8HlAjEHq7mrJDNCuX6U9Rgo,11 0.0609 445 405 707 633 5 0.0583 311 651 566 893 8 0.0580 448 402 699 632 5 0.0579 437 465 692 691 11 0.0565 387 336 643 563 0 0.0559 381 401 639 644 7 0.0550 455 337 714 554 5 0.0549 370 399 634 636 3 0.0547 451 402 710 640 13 0.0547 387 473 642 714 0 0.0547 317 658 571 898 11 0.0543 379 475 637 707 11 0.0541 435 786 683 1016 0 0.0540 452 468 692 704 7 0.0539 317 661 575 897 11 0.0538 313 659 572 892 6 0.0531 318 659 574 894 2 0.0530 447 476 697 697 5 0.0529 446 330 707 550 11 0.0527 312 400 568 634 10 0.0524 383 659 638 898 0 0.0523 459 337 711 557 5 0.0520 497 711 742 949 7 0.0518 515 783 759 1009 13 0.0514 327 593 580 838 5 0.0511 446 217 707 437 11 0.0509 498 726 746 952 8 0.0506 385 654 632 899 3 0.0506 386 473 635 718 13 0.0501 322 399 572 645
7pHuFVto1lYEVWPBQo9ceWVuXwJZQF60,8 0.0569 515 280 759 526 11 0.0556 515 280 770 517 11 0.0536 632 343 912 584 11 0.0524 513 406 769 645 11 0.0523 448 347 714 574 13 0.0520 383 341 646 586 6 0.0517 520 279 772 522 7 0.0516 522 276 774 519 6 0.0515 635 341 921 588 13 0.0514 640 341 921 588 5 0.0507 306 272 568 512 0 0.0507 495 576 748 818 5 0.0505 630 330 913 582 11 0.0504 267 542 639 720 5 0.0503 228 461 494 693
lFfolY1xv6JkMPj6LHvkppEUgoV82JLE,11 0.0619 383 463 653 713 11 0.0605 383 602 636 831 11 0.0585 309 521 582 768 13 0.0580 382 387 640 652 11 0.0579 372 328 637 578 7 0.0575 391 604 638 833 8 0.0570 386 604 629 831 8 0.0564 386 463 643 716 8 0.0563 305 524 573 770 11 0.0557 223 791 495 1023 5 0.0555 381 462 644 711 6 0.0553 308 654 575 884 0 0.0553 385 459 649 715 0 0.0552 452 606 697 835 8 0.0551 300 657 565 891 5 0.0551 453 597 696 832 11 0.0549 303 654 577 887 11 0.0549 443 261 704 496 0 0.0549 509 210 757 439 11 0.0535 635 154 885 381 3 0.0531 390 464 649 721 3 0.0531 394 604 631 839 7 0.0529 391 465 654 718 11 0.0527 97 667 357 903 0 0.0527 305 652 576 891 8 0.0525 510 208 750 438 6 0.0524 317 520 587 768 6 0.0523 390 602 635 830 0 0.0522 378 329 636 583 5 0.0521 372 329 634 576 0 0.0516 309 519 578 770 3 0.0515 518 263 757 510 7 0.0512 179 670 449 917 8 0.0509 443 385 689 641 7 0.0508 448 322 710 576 5 0.0506 304 518 576 765 10 0.0503 389 604 634 833 7 0.0502 307 787 570 1022 5 0.0501 508 202 754 435
d5NK5ipcpFgpIcklJeDpNgdWyiGr1AEY,11 0.0592 499 205 759 438 8 0.0567 381 334 626 568 11 0.0550 364 262 624 501 0 0.0549 377 332 634 569 11 0.0544 388 401 642 627 7 0.0542 577 201 827 437 0 0.0538 311 263 566 512 8 0.0533 439 212 688 442 7 0.0531 380 331 637 569 6 0.0522 384 333 641 569 3 0.0521 506 206 757 446 13 0.0519 369 259 632 501 5 0.0518 371 330 631 563 7 0.0515 51 654 328 905 5 0.0513 498 197 751 436 8 0.0512 698 96 934 326 13 0.0511 447 217 701 442 0 0.0509 184 411 435 639 0 0.0508 576 204 819 437 6 0.0508 509 204 757 437 2 0.0506 378 336 635 566 11 0.0505 0 722 256 966 0 0.0503 438 213 693 442 7 0.0501 443 271 704 507
cLOEEzYYDh9mwZH80IGFhjOQGJRHuOhe,11 0.0618 450 271 691 495 5 0.0609 508 205 759 432 7 0.0600 452 324 700 561 0 0.0591 564 205 818 427 11 0.0589 519 337 765 566 11 0.0587 375 583 628 817 11 0.0587 521 449 770 684 11 0.0584 316 148 569 376 11 0.0582 442 396 702 636 8 0.0576 562 202 810 421 0 0.0575 446 524 703 760 3 0.0570 454 205 693 436 7 0.0568 436 149 695 386 7 0.0560 381 581 631 818 11 0.0558 434 148 694 380 0 0.0558 317 145 559 383 11 0.0557 446 524 702 752 3 0.0555 383 150 634 383 7 0.0554 324 147 567 382 0 0.0553 517 338 761 576 0 0.0551 517 448 772 693 2 0.0551 510 221 762 436 0 0.0548 375 581 627 822 0 0.0547 436 397 703 645 8 0.0547 438 394 694 642 11 0.0547 560 205 818 423 7 0.0546 513 212 764 436 10 0.0546 375 581 625 819 3 0.0545 452 328 700 567 13 0.0543 318 145 571 383 6 0.0542 454 271 696 501 5 0.0541 625 203 869 428 7 0.0540 459 451 711 690 8 0.0539 447 271 685 501 11 0.0538 446 659 703 884 8 0.0537 379 578 618 817 11 0.0534 516 583 765 814 5 0.0533 429 145 688 383 8 0.0533 320 146 556 382 8 0.0533 518 334 760 572 13 0.0531 379 581 636 820 13 0.0531 579 447 839 684 5 0.0525 372 575 624 817 5 0.0524 514 331 762 572 0 0.0524 515 582 767 823 13 0.0523 563 206 826 427 11 0.0520 376 212 631 432 2 0.0519 446 336 699 564 13 0.0519 377 214 637 439 0 0.0519 444 657 705 894 5 0.0518 443 519 696 753 6 0.0518 568 206 820 425 7 0.0516 376 78 639 312 13 0.0516 449 523 709 758 8 0.0515 519 448 767 688 5 0.0514 310 142 561 380 0 0.0513 447 274 692 503 13 0.0513 519 337 769 574 13 0.0513 518 582 775 822 6 0.0511 438 149 695 387 3 0.0511 386 265 633 495 5 0.0509 445 266 691 499 13 0.0508 452 275 698 502 8 0.0508 379 210 621 433 6 0.0508 446 527 707 756 7 0.0507 519 581 772 816 6 0.0507 321 143 564 383 5 0.0507 518 445 769 685 6 0.0506 524 335 767 575 11 0.0505 371 84 638 307 5 0.0503 510 577 761 817 7 0.0503 452 656 709 890 10 0.0502 452 455 710 694 2 0.0501 435 157 692 384
2H87fuDsjXllaTtVFDZEP13Iux6ARoa5,7 0.0657 447 397 702 638 11 0.0641 392 343 648 573 3 0.0639 395 339 647 580 11 0.0624 331 475 699 656 5 0.0621 261 342 630 535 5 0.0610 500 390 747 637 8 0.0606 387 280 641 508 8 0.0601 509 457 750 704 0 0.0601 351 349 705 535 8 0.0600 571 390 809 624 8 0.0599 289 408 632 595 0 0.0595 209 409 572 600 11 0.0593 505 455 757 702 11 0.0591 568 390 816 625 8 0.0590 451 339 696 574 3 0.0588 503 216 749 455 8 0.0587 340 474 689 655 5 0.0587 498 512 751 765 5 0.0586 494 211 747 447 7 0.0586 447 283 708 516 7 0.0585 509 455 761 708 2 0.0584 505 401 753 635 6 0.0583 507 396 753 635 3 0.0580 513 455 757 711 13 0.0579 574 457 830 698 5 0.0579 374 393 634 629 6 0.0579 286 406 647 596 0 0.0577 381 398 640 630 0 0.0577 500 213 749 447 2 0.0577 388 283 643 506 0 0.0575 504 398 749 635 3 0.0573 574 388 815 635 11 0.0568 497 215 753 449 5 0.0568 203 406 566 597 3 0.0568 340 474 704 660 6 0.0564 449 279 708 511 2 0.0564 289 409 639 595 8 0.0563 499 215 745 447 11 0.0561 573 526 823 765 7 0.0560 570 388 815 631 10 0.0555 385 282 649 509 0 0.0555 573 520 821 775 13 0.0555 290 406 651 596 10 0.0553 448 341 702 574 2 0.0553 507 526 760 769 10 0.0547 281 410 642 593 11 0.0546 200 352 573 530 9 0.0544 344 351 706 531 6 0.0544 578 454 827 696 0 0.0544 634 461 880 705 13 0.0544 505 396 756 635 13 0.0543 336 473 710 658 6 0.0540 336 473 701 657 13 0.0538 356 350 713 535 8 0.0537 207 349 556 534 11 0.0536 633 463 887 699 2 0.0530 440 465 691 708 6 0.0527 511 519 760 765 13 0.0523 507 519 763 769 12 0.0523 388 278 649 510 1 0.0522 342 346 703 535 6 0.0522 214 348 573 534 5 0.0520 632 454 880 706 9 0.0519 438 398 699 625 10 0.0516 333 476 700 655 4 0.0516 449 342 705 573 7 0.0512 577 520 826 771 10 0.0508 503 525 759 769 7 0.0505 640 460 887 703
dkGGf5FpXyZXgcmlqHcwERQhdVDPRRhF,0 0.0604 192 722 445 973 7 0.0593 189 724 445 969 8 0.0580 190 724 436 966 7 0.0578 315 719 573 966 5 0.0573 182 722 440 964 0 0.0568 313 719 572 971 8 0.0564 312 722 563 962 6 0.0560 188 726 446 966 5 0.0548 304 715 567 960 11 0.0546 246 726 507 965 6 0.0535 311 723 571 963 10 0.0518 186 731 445 964 3 0.0516 191 722 445 971 13 0.0512 771 0 1023 244 5 0.0509 766 0 1013 238 3 0.0507 314 719 574 969 11 0.0504 760 3 1019 233
gHaGfBti1qoPe26LMrW9ONnyDCGe2sej,8 0.0637 438 394 685 649 0 0.0633 447 91 695 331 0 0.0616 499 19 743 255 8 0.0614 325 555 691 731 11 0.0612 433 463 684 707 11 0.0612 499 22 742 252 7 0.0608 441 396 693 650 0 0.0606 435 458 685 709 11 0.0606 448 204 698 444 8 0.0603 161 539 422 777 8 0.0601 237 591 485 831 6 0.0599 375 527 632 761 8 0.0597 447 203 691 448 0 0.0594 449 204 698 452 13 0.0592 244 470 509 718 5 0.0590 300 398 554 647 5 0.0586 432 392 686 647 9 0.0585 436 396 688 644 8 0.0584 376 591 623 827 8 0.0582 307 404 552 643 5 0.0582 380 95 637 338 8 0.0581 384 98 634 339 8 0.0580 498 20 737 256 11 0.0580 382 29 632 260 10 0.0576 308 538 564 764 0 0.0575 382 150 630 393 8 0.0574 436 654 685 893 3 0.0571 439 396 688 653 0 0.0570 268 614 630 789 8 0.0570 239 468 495 712 0 0.0569 307 398 561 649 7 0.0568 446 16 684 255 13 0.0568 386 29 641 260 11 0.0567 447 93 691 323 6 0.0562 439 395 691 649 11 0.0559 442 590 690 828 7 0.0558 455 203 702 450 11 0.0557 300 405 561 647 11 0.0557 383 152 628 390 3 0.0557 504 22 744 258 10 0.0557 240 475 503 714 11 0.0557 263 615 629 787 5 0.0556 241 550 623 731 0 0.0554 385 28 637 263 3 0.0554 389 30 636 267 7 0.0554 309 532 570 768 0 0.0553 441 588 690 833 10 0.0552 303 408 560 647 3 0.0552 304 403 559 653 3 0.0551 377 525 628 769 13 0.0550 448 522 700 763 3 0.0547 315 585 564 830 3 0.0547 387 154 632 397 13 0.0546 168 545 439 777 8 0.0546 311 647 553 883 13 0.0545 441 397 693 650 3 0.0544 628 474 889 710 6 0.0543 505 22 744 251 7 0.0541 305 404 564 652 3 0.0541 454 206 697 455 5 0.0539 446 201 695 449 13 0.0539 451 90 700 329 8 0.0538 561 133 810 370 2 0.0538 328 558 694 733 7 0.0538 624 473 894 710 10 0.0538 446 96 693 328 10 0.0537 434 398 691 648 9 0.0537 304 404 559 644 3 0.0537 452 94 695 334 7 0.0536 448 522 700 765 0 0.0535 622 474 888 709 11 0.0534 554 138 818 373 10 0.0534 384 33 635 262 13 0.0533 627 476 897 707 13 0.0532 505 22 749 255 6 0.0531 453 206 700 448 2 0.0531 446 23 686 255 10 0.0528 449 209 699 448 7 0.0528 386 149 634 396 8 0.0527 317 157 561 395 2 0.0525 387 103 640 343 6 0.0522 386 30 637 259 0 0.0522 559 139 819 376 5 0.0519 620 469 885 705
ouCBgcmPa01il6tt4IwR4MCrYkh2RLiN,11 0.0611 372 410 632 640 11 0.0606 433 340 689 574 11 0.0593 369 279 639 508 5 0.0584 372 397 628 635 11 0.0578 431 219 691 438 0 0.0576 434 334 686 574 13 0.0569 382 342 639 573 5 0.0566 427 328 687 573 7 0.0565 434 336 690 576 0 0.0559 376 404 630 639 6 0.0558 380 342 636 573 8 0.0558 435 334 680 572 11 0.0555 486 275 758 504 2 0.0554 435 340 689 573 7 0.0551 377 404 635 641 3 0.0546 373 275 639 515 8 0.0530 396 471 635 705 2 0.0528 371 279 635 510 10 0.0526 433 341 687 573 10 0.0524 374 410 631 637 3 0.0523 493 273 753 514 0 0.0522 427 217 686 443 3 0.0521 380 406 632 641 0 0.0521 323 673 576 900 8 0.0517 429 216 682 442 13 0.0515 400 474 650 708 9 0.0514 434 336 686 567 10 0.0513 369 280 637 509 6 0.0510 436 218 694 441 2 0.0509 376 409 630 637 9 0.0506 376 404 628 631
LvBth0ToO0Oa5GE1V5gdOmziFSI7nwVz,7 0.0673 117 711 362 953 5 0.0650 185 716 420 957 8 0.0640 114 707 357 951 11 0.0632 112 711 364 948 7 0.0629 265 717 499 957 0 0.0621 114 707 364 953 0 0.0605 262 715 497 957 11 0.0600 257 718 497 954 8 0.0593 261 715 490 955 6 0.0580 116 712 367 950 3 0.0578 116 709 361 957 10 0.0558 184 724 429 960 13 0.0548 116 712 368 951 13 0.0534 265 717 502 955 3 0.0524 268 718 497 961 6 0.0507 264 721 498 954 12 0.0507 116 710 361 952 2 0.0503 188 727 427 962
uD1NHgQlmCs336Uuwr8dpjtDjqhPHM6J,7 0.0641 321 715 567 962 0 0.0629 318 714 567 963 7 0.0627 186 663 441 891 0 0.0624 185 665 436 895 11 0.0617 371 658 632 896 11 0.0617 313 718 566 959 5 0.0617 314 715 562 959 8 0.0617 320 714 563 962 8 0.0617 187 662 432 891 5 0.0606 372 654 628 898 7 0.0600 380 655 630 899 8 0.0597 376 654 624 898 11 0.0594 183 665 441 892 6 0.0573 319 718 568 962 10 0.0550 315 720 568 960 13 0.0545 321 717 571 962 5 0.0541 181 663 434 888 10 0.0535 183 668 436 891 6 0.0530 187 665 441 891 6 0.0525 375 658 632 897 3 0.0522 187 664 436 897 10 0.0522 374 657 629 897 3 0.0518 375 655 632 906 12 0.0515 321 716 567 963 2 0.0511 318 722 569 962 1 0.0501 315 709 564 961
fe8Gh4sASPDmFmEsEuX4PNaoVbPzYo5O,11 0.0639 313 342 567 569 0 0.0610 397 353 770 535 8 0.0605 580 265 824 509 8 0.0601 406 351 763 531 0 0.0598 515 216 762 450 8 0.0583 516 214 755 451 5 0.0578 374 214 631 457 11 0.0577 395 353 777 529 5 0.0575 574 266 825 508 5 0.0573 395 349 766 532 0 0.0573 566 154 818 378 11 0.0573 307 212 568 452 5 0.0571 310 337 561 571 3 0.0569 410 352 768 536 0 0.0569 376 218 635 461 0 0.0565 579 269 831 507 11 0.0564 572 270 838 502 8 0.0559 563 153 814 379 8 0.0553 380 218 627 458 8 0.0549 319 340 557 572 13 0.0549 384 218 638 461 6 0.0549 317 282 560 522 0 0.0547 315 338 565 575 3 0.0543 380 220 633 464 11 0.0541 511 218 764 447 11 0.0541 235 277 490 506 11 0.0540 376 146 640 384 5 0.0539 311 139 570 386 6 0.0533 405 351 774 533 6 0.0532 519 215 764 452 2 0.0532 381 222 633 462 13 0.0531 321 339 569 575 3 0.0531 318 341 565 578 5 0.0530 233 270 483 506 13 0.0528 322 142 578 390 8 0.0528 318 143 563 388 6 0.0526 317 451 569 692 13 0.0525 582 267 838 510 5 0.0525 562 150 818 378 5 0.0525 515 213 756 451 7 0.0525 319 338 567 575 7 0.0525 382 220 634 462 11 0.0522 768 456 1016 692 5 0.0522 309 453 564 690 10 0.0520 378 225 635 462 6 0.0520 382 217 636 460 11 0.0519 309 460 571 690 0 0.0519 317 144 572 391 8 0.0518 318 458 559 690 6 0.0517 322 143 575 388 10 0.0517 401 354 772 533 5 0.0516 763 452 1010 698 10 0.0516 313 291 558 522 7 0.0515 519 211 763 455 6 0.0515 581 266 839 507 7 0.0515 408 352 777 532 5 0.0515 701 202 958 425 7 0.0515 249 209 500 443 3 0.0512 583 269 833 516 2 0.0512 314 284 555 524 0 0.0509 240 276 486 512 10 0.0504 250 219 498 444 13 0.0502 252 210 507 447 11 0.0502 559 155 823 376 13 0.0502 317 456 574 696 3 0.0501 519 220 760 457 6 0.0500 253 211 503 444
OfNyIFErVxcWz1k0S9A2LHxCGIsrcDBN,11 0.0603 251 209 512 446 11 0.0570 313 726 566 960 11 0.0564 326 273 586 507 5 0.0562 244 260 498 503 0 0.0561 248 263 502 508 13 0.0550 320 723 572 964 8 0.0547 314 724 558 965 11 0.0536 185 21 446 259 5 0.0534 246 725 503 960 0 0.0533 378 727 630 969 0 0.0529 178 341 438 584 11 0.0527 255 339 514 576 5 0.0526 374 722 624 964 13 0.0524 185 344 441 586 5 0.0523 170 338 433 579 8 0.0521 254 265 495 508 6 0.0521 264 339 518 581 7 0.0519 252 733 510 966 13 0.0519 188 200 446 455 13 0.0514 193 20 447 268 13 0.0512 254 265 511 512 3 0.0507 383 736 628 973 0 0.0504 188 20 442 266
mDhBaIMzFUxdPFzW0kIO4WRpuId2schW,7 0.0635 318 522 566 767 11 0.0632 311 525 565 768 0 0.0624 405 679 754 855 8 0.0621 317 522 559 768 0 0.0613 315 523 565 772 5 0.0609 397 677 754 853 8 0.0609 404 678 747 853 7 0.0590 408 678 762 852 11 0.0590 402 680 758 853 11 0.0566 443 326 694 558 10 0.0564 314 528 564 768 11 0.0563 436 451 692 693 5 0.0560 312 520 563 765 6 0.0556 315 526 568 768 8 0.0551 445 387 680 630 7 0.0551 620 399 872 640 3 0.0544 316 524 566 774 10 0.0543 406 682 758 853 7 0.0541 449 387 693 629 0 0.0539 440 388 690 631 3 0.0531 407 681 761 859 0 0.0530 457 261 702 490 13 0.0528 319 524 571 770 8 0.0528 616 400 860 638 0 0.0524 507 328 764 564 6 0.0520 409 679 756 854 7 0.0515 566 324 828 566 13 0.0511 411 678 763 855 2 0.0510 405 681 754 853 7 0.0508 514 258 765 484
HwsUFnT3pTVJKR2EGTvzpkcHfSrkq44T,8 0.0652 444 273 689 512 5 0.0645 301 337 556 584 5 0.0644 439 272 688 512 11 0.0633 366 275 623 516 5 0.0629 371 197 626 437 11 0.0623 303 344 557 582 8 0.0612 257 453 515 701 10 0.0610 371 279 624 518 8 0.0608 311 343 551 586 0 0.0607 370 274 628 519 5 0.0606 157 648 440 870 10 0.0604 307 347 558 587 6 0.0600 444 276 694 513 0 0.0583 171 577 435 808 11 0.0583 245 455 522 697 3 0.0583 311 341 558 591 3 0.0581 374 273 622 521 8 0.0581 378 205 624 436 5 0.0571 436 127 697 378 7 0.0567 445 274 691 515 0 0.0566 388 130 639 377 13 0.0563 377 513 651 764 8 0.0562 513 580 760 834 7 0.0562 448 572 721 835 8 0.0561 445 507 702 767 8 0.0561 167 652 437 875 13 0.0560 310 344 562 591 6 0.0560 381 205 632 439 13 0.0556 445 275 695 512 0 0.0555 308 340 562 589 7 0.0554 317 278 568 518 11 0.0554 510 520 778 762 7 0.0553 379 202 630 439 6 0.0549 256 449 529 698 7 0.0549 309 547 583 801 2 0.0542 332 293 700 470 11 0.0541 491 662 761 905 6 0.0537 248 344 507 590 9 0.0536 368 275 622 515 8 0.0535 239 565 491 808 1 0.0532 440 272 687 518 13 0.0531 254 455 527 701 12 0.0531 444 273 692 518 7 0.0530 254 451 525 701 0 0.0529 495 659 765 906 13 0.0527 515 587 775 834 3 0.0526 519 512 773 765 0 0.0524 246 511 521 763 3 0.0524 381 506 644 767 8 0.0522 240 713 496 938 6 0.0521 318 281 566 521 2 0.0520 309 348 555 588 11 0.0517 387 132 645 376 6 0.0517 516 519 782 764 13 0.0517 379 204 636 439 5 0.0516 242 446 522 696 4 0.0516 371 278 628 517 5 0.0514 298 544 574 792 8 0.0514 439 133 689 377 7 0.0513 442 132 699 380 11 0.0513 162 580 426 804 11 0.0511 370 513 644 760 3 0.0510 255 452 523 705 3 0.0510 391 130 639 382 10 0.0510 441 140 701 379 7 0.0507 376 640 648 886 0 0.0507 510 515 780 765 13 0.0506 378 643 652 884 5 0.0505 365 636 638 875 2 0.0503 510 520 778 763 6 0.0501 443 141 704 375 5 0.0501 230 706 499 937 11 0.0501 367 642 640 880
qr2GNJNu3PuYgi7a9K3Hygs6MOjWg0yu,7 0.0601 562 781 828 1020 11 0.0592 491 780 749 1019 8 0.0560 109 794 348 1023 8 0.0558 561 781 815 1023 10 0.0529 495 785 749 1023 11 0.0525 364 674 630 896 11 0.0522 426 605 702 837 0 0.0522 491 778 752 1023 13 0.0507 497 779 757 1023 7 0.0505 472 543 819 722 6 0.0502 563 786 826 1023 3 0.0501 497 779 747 1023 8 0.0501 384 410 637 659
Njzg2LxQQRDZhpuoxGYABofQUgZsLjMx,0 0.0636 250 664 507 911 5 0.0635 254 710 504 960 11 0.0625 255 712 509 959 5 0.0620 183 661 437 903 7 0.0615 257 712 509 963 7 0.0614 190 594 436 837 11 0.0606 182 664 439 902 0 0.0604 123 657 367 891 6 0.0604 257 713 509 963 8 0.0602 251 664 504 907 10 0.0595 179 599 434 840 10 0.0590 246 666 510 911 6 0.0583 188 663 443 905 0 0.0580 183 596 434 837 8 0.0570 184 595 430 834 8 0.0563 123 657 359 890 3 0.0555 253 665 509 915 13 0.0552 185 596 442 836 13 0.0551 192 714 444 960 12 0.0541 190 714 435 959 7 0.0539 130 719 370 957 3 0.0537 183 596 433 844 2 0.0532 190 715 436 961 9 0.0529 253 715 508 959 13 0.0524 128 659 376 894 10 0.0523 117 662 364 893 1 0.0520 184 655 439 903 9 0.0517 183 664 439 900 1 0.0512 251 707 509 963 12 0.0504 186 595 438 838
ArfGVQbPosgcKsIjAMArqOwBRW8DyTK4,8 0.0617 175 265 429 509 5 0.0609 169 262 434 507 8 0.0604 579 323 820 567 0 0.0602 124 268 377 518 7 0.0594 184 329 438 567 11 0.0578 177 333 434 568 6 0.0568 585 326 828 566 3 0.0563 173 270 437 514 8 0.0563 512 389 753 638 6 0.0562 184 331 438 570 11 0.0562 575 326 826 565 0 0.0562 450 333 691 569 3 0.0559 453 330 697 572 11 0.0558 448 392 704 629 7 0.0557 517 393 762 640 8 0.0556 449 331 689 566 8 0.0556 125 339 374 583 7 0.0555 142 205 389 458 6 0.0554 143 202 389 455 11 0.0554 134 207 384 454 7 0.0549 455 330 699 570 5 0.0548 313 203 574 436 7 0.0544 579 327 827 569 13 0.0541 132 268 381 517 8 0.0538 395 214 641 442 5 0.0531 119 332 378 579 8 0.0531 252 136 501 386 8 0.0530 509 198 759 427 5 0.0529 245 133 508 389 6 0.0528 454 388 701 633 5 0.0526 566 250 823 495 11 0.0524 392 213 653 441 7 0.0523 455 210 710 449 5 0.0521 447 326 691 565 13 0.0521 125 139 381 398 5 0.0516 509 388 756 636 2 0.0516 452 337 693 568 0 0.0515 578 325 825 570 9 0.0515 446 333 695 564 13 0.0514 580 327 830 569 10 0.0514 575 329 824 565 13 0.0512 455 329 701 567 5 0.0511 444 206 700 447 2 0.0509 174 271 434 510 3 0.0506 515 392 762 643 10 0.0506 177 336 435 567 11 0.0505 436 783 693 1018 7 0.0505 324 202 586 437 3 0.0504 581 326 826 573 9 0.0504 178 331 436 564 5 0.0501 429 769 686 1019
2tnjP83qqWKoUQYZIQq9aD8EcGAHCT7N,5 0.0593 225 388 509 624 8 0.0586 312 456 562 682 5 0.0581 769 16 1021 271 11 0.0577 445 402 706 622 5 0.0566 309 335 569 566 11 0.0558 308 461 569 681 7 0.0556 244 454 505 690 7 0.0556 375 391 640 615 8 0.0555 773 20 1015 271 5 0.0552 180 783 428 1012 0 0.0551 259 782 496 1021 11 0.0551 379 338 642 561 8 0.0547 238 394 505 625 8 0.0546 312 339 564 568 11 0.0544 226 521 495 756 13 0.0544 240 391 519 628 0 0.0544 769 25 1023 274 7 0.0540 187 785 433 1015 13 0.0539 318 339 580 571 11 0.0537 228 398 512 623 3 0.0536 313 339 573 573 8 0.0535 256 781 490 1015 5 0.0534 241 266 505 506 5 0.0534 309 453 568 682 8 0.0531 244 275 496 511 8 0.0528 232 517 483 758 11 0.0528 254 788 494 1012 3 0.0526 234 391 509 630 5 0.0524 443 397 705 616 6 0.0521 316 340 578 567 3 0.0520 311 459 569 688 10 0.0518 314 343 575 568 0 0.0518 312 336 571 566 7 0.0508 321 787 565 1019 10 0.0507 767 25 1023 273 6 0.0505 453 404 715 622 13 0.0504 314 458 575 688 0 0.0504 310 456 568 683 10 0.0501 182 795 429 1013
ob2LOzLxP3eusHvWguLBFiSbNuizloeb,5 0.0581 303 726 570 950 8 0.0561 312 725 569 956 11 0.0552 376 596 643 823 11 0.0549 305 729 573 952 8 0.0548 317 515 566 750 0 0.0547 377 594 637 829 7 0.0541 170 570 451 808 8 0.0541 381 594 630 823 0 0.0539 310 664 572 890 11 0.0537 315 516 578 748 3 0.0535 380 598 640 831 8 0.0532 166 566 440 811 0 0.0531 161 574 451 816 7 0.0528 317 514 577 751 13 0.0522 318 733 581 958 13 0.0518 382 599 644 827 3 0.0518 311 666 572 896 0 0.0516 316 512 576 754 7 0.0513 312 726 577 955 8 0.0511 498 607 737 827 11 0.0508 494 608 753 823
nt9VFkd6RGxbUIV9awxi6e8kgr3dJIRO,8 0.0594 429 522 683 774 11 0.0592 427 589 682 821 11 0.0569 500 535 760 769 13 0.0566 429 524 701 772 7 0.0564 429 663 696 900 5 0.0562 171 396 433 617 5 0.0555 365 0 628 188 6 0.0553 432 525 698 771 11 0.0553 438 464 706 699 0 0.0553 420 662 692 897 13 0.0552 373 0 636 190 11 0.0551 365 0 633 190 8 0.0550 425 663 681 895 13 0.0546 506 599 758 822 11 0.0545 254 205 515 426 11 0.0537 567 610 814 835 5 0.0535 424 587 682 819 8 0.0533 641 0 886 195 8 0.0530 443 397 713 645 7 0.0529 444 459 709 704 11 0.0528 173 397 435 620 13 0.0526 392 399 675 642 11 0.0524 299 99 570 324 0 0.0519 389 403 666 643 3 0.0519 375 0 631 198 8 0.0518 505 594 738 823 7 0.0518 508 532 764 773 0 0.0516 502 534 756 776 7 0.0516 183 398 433 620 6 0.0509 373 0 638 191 5 0.0509 240 138 491 378 10 0.0509 431 532 695 772 5 0.0506 258 266 513 494 5 0.0506 637 0 893 195 0 0.0505 569 606 814 840 6 0.0504 569 26 826 258 3 0.0503 643 3 899 202 11 0.0503 561 32 824 259 8 0.0503 373 0 623 190 11 0.0502 637 2 900 197 6 0.0502 424 664 698 895 6 0.0501 646 0 898 198 8 0.0501 176 398 424 625 3 0.0501 433 593 681 829 2 0.0500 431 592 688 825
sOtiI5nnrY8KzV5LAjXVYoNFkn8zoAJr,5 0.0644 445 286 687 523 3 0.0634 452 341 698 592 0 0.0630 447 346 703 586 11 0.0613 425 405 780 590 0 0.0606 521 291 762 532 8 0.0604 452 286 688 525 5 0.0601 419 402 767 591 8 0.0598 429 402 770 590 6 0.0584 377 418 729 605 7 0.0584 455 287 694 527 11 0.0583 447 289 694 525 7 0.0574 378 416 730 604 0 0.0572 122 410 382 660 5 0.0569 514 219 759 467 6 0.0567 524 290 767 529 5 0.0564 310 324 567 564 10 0.0562 427 407 777 592 11 0.0562 586 297 832 518 11 0.0552 290 493 655 681 8 0.0552 520 221 756 465 0 0.0548 317 330 570 568 10 0.0545 452 292 692 529 5 0.0544 580 290 823 521 11 0.0539 120 413 379 653 3 0.0536 456 211 690 456 7 0.0535 324 260 576 501 8 0.0533 588 289 821 520 0 0.0531 451 211 692 447 7 0.0530 214 422 585 613 5 0.0526 347 470 714 665 8 0.0525 182 467 413 726 8 0.0523 355 474 709 667 8 0.0521 632 517 883 756 13 0.0520 522 291 764 531 2 0.0520 523 298 759 529 11 0.0519 162 613 411 837 6 0.0519 301 491 657 678 2 0.0517 450 350 699 586 3 0.0517 360 477 718 671 6 0.0515 453 209 694 444 8 0.0513 212 423 567 607 5 0.0512 185 480 566 668 12 0.0511 452 342 703 588 3 0.0511 320 326 568 573 13 0.0510 370 418 733 605 5 0.0507 113 406 373 653 8 0.0504 318 332 561 564 7 0.0504 126 407 386 657 11 0.0504 518 223 767 466 8 0.0500 776 444 1014 701
hQqGh4zG3RV5nObJ6z6RXAAQjbOurBTv,5 0.0705 434 722 693 955 7 0.0626 445 727 700 960 11 0.0626 440 729 696 954 11 0.0622 555 602 807 825 0 0.0609 382 731 638 970 0 0.0595 561 605 805 829 7 0.0592 560 601 809 832 0 0.0588 507 731 757 970 5 0.0588 556 595 801 824 8 0.0585 503 726 752 968 3 0.0579 507 731 758 970 6 0.0577 381 736 645 964 7 0.0570 265 724 514 948 11 0.0569 378 467 639 705 13 0.0569 388 737 645 967 2 0.0563 507 734 761 966 10 0.0557 436 729 697 956 6 0.0552 562 603 809 829 8 0.0549 557 595 798 832 8 0.0549 384 732 635 966 6 0.0546 505 731 762 964 11 0.0540 72 536 326 768 10 0.0538 556 606 804 828 3 0.0533 384 733 642 969 13 0.0530 511 734 761 969 2 0.0528 561 604 809 829 3 0.0525 560 602 805 833 9 0.0520 432 726 700 952 2 0.0517 381 739 641 967 13 0.0517 563 604 811 831 5 0.0508 375 463 633 706 12 0.0506 439 722 696 959 9 0.0500 557 597 806 822
pPbhVydYvAV3LZdF1xiFAzYWROM9Hh7v,11 0.0606 319 325 570 559 7 0.0588 324 318 572 565 5 0.0588 244 314 498 562 8 0.0585 325 324 563 562 8 0.0580 375 583 634 833 5 0.0575 496 579 751 825 11 0.0567 494 588 754 822 0 0.0565 498 586 758 829 7 0.0563 502 583 760 829 5 0.0559 307 587 563 835 8 0.0559 500 586 752 829 7 0.0550 186 378 439 629 7 0.0549 382 587 642 833 13 0.0546 503 588 761 828 5 0.0544 182 377 437 627 0 0.0539 375 584 640 837 5 0.0538 315 201 569 418 0 0.0537 313 517 581 762 3 0.0531 326 327 572 569 8 0.0529 319 516 572 760 0 0.0529 320 325 573 564 3 0.0528 505 587 754 833 6 0.0528 503 588 761 829 11 0.0520 373 585 636 830 2 0.0518 500 591 757 826 7 0.0512 321 512 587 761 6 0.0512 328 322 573 562 8 0.0509 185 386 430 632 10 0.0507 318 330 574 564 0 0.0506 185 326 422 564 11 0.0506 313 515 577 759 3 0.0506 382 591 637 840 6 0.0503 186 322 423 565
TgcO6axE3I85H0BhrsX8Kgr7GuPy4grk,0 0.0544 506 397 745 631 0 0.0544 379 458 627 692 11 0.0541 459 405 700 629 7 0.0528 462 401 705 635 5 0.0523 444 455 680 702 11 0.0522 439 264 717 497 7 0.0517 383 459 635 693 6 0.0516 444 525 681 766 0 0.0506 250 517 502 790 11 0.0502 379 462 633 687
7oUTQ7TQB8Af0dBpJWvh5is9g33gawtT,8 0.0591 268 74 514 311 0 0.0577 388 285 638 497 11 0.0574 257 0 509 238 7 0.0560 265 0 508 240 11 0.0557 385 283 638 489 0 0.0555 260 1 505 240 13 0.0549 264 2 514 238 11 0.0546 558 140 830 355 2 0.0537 265 6 508 241 6 0.0534 263 0 509 234 5 0.0529 255 0 499 235 8 0.0527 388 281 627 497 8 0.0523 239 463 500 709 3 0.0520 565 135 824 365 5 0.0518 239 452 507 711 5 0.0512 555 132 821 361 8 0.0509 562 134 818 361 0 0.0507 553 135 827 363 13 0.0503 397 285 646 496 11 0.0503 240 462 507 710 7 0.0501 246 459 510 710
ZQMR8wdGMbg5kda7JPUGsOv0E124sKJa,11 0.0606 254 465 518 703 5 0.0601 241 595 503 831 11 0.0589 325 600 575 822 7 0.0586 188 531 446 782 0 0.0586 313 674 566 908 0 0.0578 431 669 686 909 7 0.0574 252 598 513 833 5 0.0570 309 668 563 905 11 0.0570 180 535 441 781 7 0.0561 257 462 524 705 8 0.0556 197 676 561 850 8 0.0555 253 537 506 769 0 0.0550 255 537 513 773 11 0.0544 444 601 691 824 6 0.0537 200 673 572 852 3 0.0531 256 464 520 711 5 0.0528 246 461 518 703 10 0.0526 242 604 508 833 3 0.0525 199 677 571 856 8 0.0523 433 669 677 908 13 0.0516 201 674 583 850 5 0.0510 431 660 687 910 5 0.0505 319 525 582 760
gXLHNgxqjceRBqyF9caqtbkrKJfA81OB,5 0.0620 248 777 491 1021 0 0.0615 320 789 556 1023 7 0.0613 254 779 496 1023 8 0.0604 252 779 488 1021 11 0.0589 251 782 495 1021 11 0.0573 319 721 564 968 10 0.0572 253 724 501 956 7 0.0562 327 721 564 972 0 0.0555 256 716 499 960 8 0.0548 326 719 558 969 5 0.0548 318 714 559 967 6 0.0546 254 786 496 1022 8 0.0542 237 252 485 487 13 0.0541 318 790 561 1023 10 0.0541 317 795 559 1021 9 0.0541 250 785 495 1021 3 0.0534 326 720 562 976 2 0.0530 252 786 496 1023 3 0.0530 253 780 495 1023 6 0.0527 324 725 565 970 5 0.0521 232 243 488 487 5 0.0516 439 0 702 216 2 0.0505 325 725 565 973 6 0.0503 236 250 498 489 8 0.0501 364 10 620 247
IYRLxV0iHyF8ZbYIZ1Mvm7UgthAGZV9O,5 0.0655 181 586 438 830 0 0.0653 184 655 438 903 7 0.0646 190 587 441 830 8 0.0645 185 589 434 832 0 0.0640 267 610 613 792 7 0.0630 253 528 511 767 8 0.0622 249 531 501 767 11 0.0622 179 658 439 899 6 0.0620 182 533 437 765 11 0.0617 126 610 496 781 6 0.0617 185 658 442 900 10 0.0613 260 613 611 787 5 0.0607 258 610 606 786 10 0.0606 182 591 437 829 6 0.0602 250 597 510 831 7 0.0600 313 461 569 702 5 0.0595 236 715 484 959 11 0.0592 236 406 501 638 8 0.0584 239 716 485 963 3 0.0573 184 657 437 905 8 0.0568 313 462 556 701 3 0.0564 250 594 508 836 6 0.0561 122 592 377 825 13 0.0557 248 468 513 707 11 0.0555 370 521 630 751 8 0.0554 242 404 495 640 13 0.0552 182 530 443 766 7 0.0552 241 720 490 963 6 0.0550 319 532 574 768 6 0.0547 244 476 509 704 5 0.0547 367 517 627 750 13 0.0545 272 612 623 790 0 0.0543 310 399 564 633 7 0.0537 244 401 507 640 3 0.0534 315 534 572 775 3 0.0528 124 592 374 830 9 0.0524 185 590 441 829 8 0.0522 374 522 620 752 10 0.0520 240 479 506 703 10 0.0520 305 401 559 628 0 0.0520 374 328 624 559 11 0.0512 301 330 560 565 12 0.0511 189 587 439 833 13 0.0511 187 654 446 902 13 0.0509 317 391 566 630 1 0.0508 178 652 439 899 7 0.0506 373 327 623 560 3 0.0505 243 473 505 712 2 0.0503 270 616 614 791 5 0.0503 236 400 498 634 0 0.0503 238 340 497 569
7jhok8EmVEWXNZEyQCiShrpVtw4bpOte,5 0.0545 239 259 481 487 0 0.0541 241 265 484 495 11 0.0520 377 606 640 840 0 0.0506 377 601 640 841 11 0.0502 241 461 509 699 0 0.0500 0 372 254 613
sIztuRNQgIuDKDN1EDtuIQ2mCA4U1X9r,5 0.0644 509 784 746 1019 7 0.0631 513 784 754 1023 8 0.0630 512 781 745 1023 0 0.0597 509 785 750 1023 11 0.0594 510 785 750 1018 6 0.0580 515 790 754 1023 13 0.0577 515 788 756 1023 5 0.0557 239 714 497 958 10 0.0556 511 786 750 1022 3 0.0554 513 787 752 1023 9 0.0549 509 789 750 1021 2 0.0548 511 787 754 1022 0 0.0539 247 715 500 966 11 0.0537 240 721 501 957 13 0.0537 245 723 508 966 7 0.0530 246 719 504 964 8 0.0526 244 716 493 962 1 0.0513 507 780 751 1023 4 0.0513 510 784 757 1023 0 0.0510 259 81 504 318
Y4aASse9aVvWOXe4noc5g65j6J20zQZO,5 0.0543 631 0 897 199 8 0.0537 637 0 892 199 0 0.0535 715 2 966 209 10 0.0507 635 5 902 200
xb0T701o9Je4pLyZpDIAByzBNApLZTZg,7 0.0608 384 326 645 560 8 0.0602 206 352 557 529 5 0.0599 192 348 563 529 8 0.0594 378 396 636 632 11 0.0591 377 327 644 559 0 0.0583 198 348 573 529 11 0.0582 341 475 701 662 11 0.0572 193 351 570 529 13 0.0556 383 327 648 562 3 0.0551 383 395 650 638 0 0.0550 320 395 576 644 11 0.0549 245 393 500 637 0 0.0547 380 324 644 562 3 0.0544 290 296 647 484 6 0.0540 387 327 648 560 3 0.0536 199 347 566 530 5 0.0534 377 321 642 559 0 0.0532 496 466 774 720 8 0.0529 253 389 492 635 7 0.0524 349 473 704 671 10 0.0523 323 333 584 568 7 0.0516 203 351 575 527 9 0.0515 375 326 642 558 5 0.0514 313 394 576 641 6 0.0513 208 349 581 528 13 0.0511 205 350 577 531 2 0.0507 382 332 643 558 6 0.0505 323 398 584 641
So835rHBlODJuVhySnND0xNtD4xmtXnM,8 0.0648 56 334 309 562 11 0.0633 497 409 759 645 11 0.0615 53 336 317 556 8 0.0614 494 405 751 652 5 0.0611 54 328 308 558 5 0.0608 390 13 631 252 5 0.0607 121 384 365 613 13 0.0601 66 336 326 556 11 0.0600 626 334 894 551 8 0.0598 1 266 248 497 5 0.0594 560 392 811 633 6 0.0588 636 334 893 557 11 0.0583 389 28 639 246 0 0.0583 59 336 314 562 13 0.0582 8 269 263 494 11 0.0581 0 271 253 495 3 0.0580 401 28 636 257 5 0.0573 620 329 886 554 7 0.0572 1 268 260 499 0 0.0571 1 269 255 501 3 0.0571 124 337 374 568 6 0.0567 508 353 769 584 0 0.0565 397 24 631 249 11 0.0565 246 263 504 490 8 0.0565 60 206 309 432 0 0.0563 505 351 759 587 5 0.0562 0 260 247 494 7 0.0562 499 406 763 649 2 0.0561 502 357 764 584 13 0.0560 132 391 378 616 0 0.0560 624 334 891 558 3 0.0557 634 332 890 563 6 0.0552 64 337 317 560 3 0.0552 499 403 757 655 7 0.0550 127 390 375 615 0 0.0545 60 208 319 436 8 0.0543 247 259 486 499 0 0.0542 247 261 500 499 11 0.0539 63 208 317 430 7 0.0534 629 334 893 554 6 0.0533 5 271 256 497 11 0.0533 429 532 697 768 10 0.0528 492 408 760 650 7 0.0528 60 335 319 559 13 0.0522 68 207 326 430 13 0.0518 571 396 827 631 2 0.0516 58 341 321 559 5 0.0515 241 256 490 494 8 0.0514 512 274 768 510 7 0.0514 438 529 700 776 6 0.0514 435 530 703 776 5 0.0512 56 200 312 432 3 0.0506 248 259 499 500 0 0.0505 124 391 369 619 6 0.0504 400 22 642 248 11 0.0503 575 275 829 493 10 0.0501 65 280 323 498
VwpVAWtaLv46O9JCjvBjrJeU3utwaRpl,13 0.0519 192 0 457 253 11 0.0518 426 471 687 711 8 0.0515 322 450 571 703 8 0.0506 225 413 574 591 11 0.0506 318 454 576 701 13 0.0501 259 82 501 321
ytThWDxa3NwikRpZIi3igimVIQbMMife,11 0.0562 253 9 522 254 7 0.0541 374 726 641 965 5 0.0537 258 255 511 512 0 0.0534 262 260 518 513 5 0.0529 308 0 576 202 11 0.0523 250 136 507 367 7 0.0522 445 789 697 1019 8 0.0516 265 259 505 513 11 0.0514 437 793 691 1013 7 0.0513 261 259 519 516 7 0.0510 258 131 513 372 5 0.0509 256 58 514 300 3 0.0506 263 261 515 520 13 0.0504 263 261 521 524 5 0.0502 366 717 629 958
yI0XdUzhuFSHpi56MJiwoPVAUEoXsYa0,7 0.0631 404 667 775 859 11 0.0621 412 604 796 789 8 0.0610 378 661 625 899 0 0.0601 474 676 830 866 8 0.0595 416 601 782 790 8 0.0588 465 673 815 864 0 0.0582 623 533 868 774 5 0.0568 391 666 762 856 0 0.0568 417 600 791 791 8 0.0566 302 721 560 960 0 0.0566 380 662 634 903 11 0.0564 565 532 819 763 0 0.0560 305 720 567 965 5 0.0557 295 715 566 955 7 0.0555 573 527 825 763 0 0.0547 437 727 697 962 8 0.0536 571 527 806 765 13 0.0533 406 667 774 856 7 0.0529 372 719 629 959 6 0.0528 421 601 796 790 8 0.0527 434 729 687 957 10 0.0525 398 673 771 858 11 0.0523 363 725 622 957 6 0.0520 470 678 830 864 3 0.0517 421 602 794 796 13 0.0516 441 723 704 959 8 0.0515 393 397 631 623 6 0.0513 575 534 820 766 5 0.0510 432 715 692 957 11 0.0508 386 403 640 622 5 0.0505 122 480 365 717
UZFHdj6NZYLavCZt2loTWDH6CgAuNGHj,11 0.0643 383 399 639 647 11 0.0637 367 530 625 756 11 0.0634 313 466 560 703 8 0.0620 502 472 744 712 0 0.0618 385 400 639 649 7 0.0617 317 462 562 705 5 0.0614 174 380 431 632 11 0.0610 447 475 694 709 8 0.0606 312 526 552 756 5 0.0605 381 394 635 649 8 0.0601 381 469 618 700 11 0.0598 254 199 523 427 5 0.0593 168 258 438 501 7 0.0589 458 405 699 653 6 0.0588 386 399 641 649 3 0.0586 317 465 558 714 8 0.0584 179 382 428 635 8 0.0579 310 393 556 644 8 0.0579 177 260 434 503 0 0.0579 255 197 522 431 6 0.0576 183 328 446 570 0 0.0576 184 125 444 363 6 0.0574 370 531 627 755 6 0.0570 265 198 525 431 5 0.0567 365 523 620 755 0 0.0567 177 326 440 568 3 0.0565 257 198 521 437 13 0.0559 259 197 528 435 0 0.0559 315 464 558 705 3 0.0558 464 407 694 657 5 0.0558 246 121 521 356 0 0.0557 437 535 695 751 7 0.0556 182 379 436 633 5 0.0553 446 470 688 709 13 0.0551 181 382 439 639 11 0.0550 175 383 434 633 13 0.0548 158 295 537 482 8 0.0546 184 125 438 367 7 0.0545 260 197 523 433 6 0.0544 450 476 696 711 11 0.0542 571 475 820 705 7 0.0541 182 259 442 503 2 0.0539 458 416 694 653 8 0.0537 262 200 511 431 2 0.0530 380 477 625 706 13 0.0530 381 471 632 704 3 0.0528 179 385 433 642 6 0.0527 315 466 562 703 6 0.0527 189 123 449 364 8 0.0526 563 151 825 375 13 0.0525 508 476 757 714 13 0.0523 311 393 568 645 10 0.0521 183 130 442 364 11 0.0519 174 262 440 497 2 0.0518 311 402 562 645 13 0.0518 184 124 452 370 13 0.0514 310 527 567 759 6 0.0512 510 155 785 359 5 0.0511 556 146 829 373 7 0.0510 187 119 450 364 0 0.0510 248 66 512 300 3 0.0507 179 266 442 510 0 0.0507 122 211 383 452 5 0.0506 510 4 782 232 11 0.0506 195 69 451 297 0 0.0505 626 151 884 381 11 0.0505 407 136 676 354 10 0.0504 177 334 442 568 2 0.0501 180 388 434 633
ID0cRIc6c1lRKJ37fBU4YrKATzgf4xpA,5 0.0615 360 0 634 198 8 0.0601 427 0 690 188 11 0.0569 441 533 690 755 11 0.0567 300 2 575 201 0 0.0567 362 528 621 760 0 0.0565 373 14 636 266 11 0.0564 426 3 700 188 7 0.0564 450 531 696 755 10 0.0562 360 2 643 196 11 0.0561 243 522 495 764 3 0.0553 428 0 701 194 8 0.0550 301 0 562 200 8 0.0545 445 530 684 754 11 0.0539 239 800 494 1023 11 0.0531 427 664 692 886 6 0.0530 427 1 699 186 0 0.0525 495 734 763 978 8 0.0523 305 524 553 753 11 0.0522 360 590 625 822 7 0.0518 502 735 768 976 7 0.0518 431 659 700 886 11 0.0517 494 740 763 973 3 0.0516 311 525 560 759 7 0.0515 303 0 575 200 0 0.0512 422 659 691 890 11 0.0510 143 0 500 156 6 0.0510 442 531 697 756 9 0.0507 420 0 700 184 8 0.0506 178 797 415 1022 13 0.0504 430 0 704 190 13 0.0503 242 0 511 219 5 0.0503 442 529 689 754 7 0.0501 180 797 433 1023 8 0.0501 493 735 749 974
z1LwxDFOV5NMricddo2eyMvznNappGn6,0 0.0632 457 353 709 575 11 0.0619 461 354 707 568 8 0.0615 459 349 701 571 5 0.0604 308 128 587 370 8 0.0598 512 218 757 457 11 0.0597 380 408 637 637 5 0.0589 518 472 757 709 8 0.0588 522 538 758 775 5 0.0584 305 22 587 253 7 0.0583 517 219 768 454 8 0.0582 326 404 569 637 0 0.0580 524 474 764 716 0 0.0578 510 224 765 460 11 0.0575 522 477 761 707 11 0.0574 513 220 769 450 11 0.0569 121 806 377 1023 13 0.0565 526 481 767 712 0 0.0562 379 406 640 641 0 0.0561 634 408 867 638 0 0.0559 765 389 1020 616 7 0.0559 331 461 586 701 7 0.0557 328 573 583 826 5 0.0555 777 520 1018 765 5 0.0551 631 401 863 631 3 0.0551 466 351 704 571 13 0.0550 383 410 642 641 10 0.0549 378 348 634 568 13 0.0548 771 451 1023 695 8 0.0548 438 130 694 359 13 0.0547 467 352 711 569 2 0.0546 463 359 709 572 7 0.0543 465 351 709 570 10 0.0543 322 406 581 638 5 0.0542 381 579 637 828 5 0.0541 258 194 510 431 13 0.0540 333 519 590 761 5 0.0540 456 346 699 570 5 0.0536 325 255 568 499 3 0.0535 386 410 634 640 13 0.0535 389 588 645 834 11 0.0534 632 407 870 635 7 0.0533 530 476 764 707 11 0.0532 529 604 769 842 11 0.0532 781 524 1023 765 8 0.0532 384 590 626 826 6 0.0532 464 354 709 570 11 0.0532 760 389 1023 614 5 0.0530 524 597 765 843 8 0.0530 328 520 573 753 11 0.0530 260 662 510 890 7 0.0530 766 448 1023 687 2 0.0529 381 410 637 640 7 0.0528 534 602 772 846 11 0.0528 249 9 515 231 8 0.0527 309 132 583 368 10 0.0524 381 589 636 827 2 0.0524 767 453 1023 686 8 0.0524 328 262 563 497 5 0.0523 443 128 699 361 2 0.0522 635 413 871 637 3 0.0522 322 334 571 571 7 0.0521 329 258 579 505 13 0.0521 380 134 661 363 8 0.0519 124 803 365 1020 8 0.0519 783 522 1019 767 10 0.0518 769 392 1022 611 11 0.0516 317 333 569 565 5 0.0515 323 392 574 641 0 0.0514 250 0 511 234 10 0.0513 324 520 583 755 3 0.0513 332 469 578 708 7 0.0512 262 656 516 892 13 0.0512 529 605 773 847 1 0.0511 375 336 628 573 1 0.0510 322 460 573 703 13 0.0510 640 411 877 635 11 0.0507 322 578 577 821 11 0.0507 559 139 827 361 3 0.0506 515 221 758 464 2 0.0506 463 230 710 436 13 0.0506 263 132 524 370 6 0.0506 638 409 873 635 6 0.0505 333 265 581 501 7 0.0504 634 406 872 636 11 0.0504 372 18 647 238 3 0.0503 317 129 590 381 0 0.0502 318 581 578 827 6 0.0501 774 382 1023 616 11 0.0501 690 456 945 694
Q3S2vXl3FBEi2RQrCODa8hnVZ71I98oL,11 0.0622 366 334 630 569 11 0.0590 0 405 263 632 11 0.0586 300 277 564 513 0 0.0569 368 335 633 567 0 0.0560 302 275 565 512 13 0.0557 2 404 271 635 8 0.0554 563 279 815 499 5 0.0543 0 399 264 635 8 0.0537 109 383 368 630 7 0.0533 374 332 636 569 5 0.0532 105 380 376 628 8 0.0531 0 401 252 636 0 0.0531 0 403 262 640 11 0.0531 436 277 703 507 8 0.0531 306 273 558 511 7 0.0529 568 279 829 506 5 0.0529 560 274 815 507 10 0.0526 0 408 267 633 3 0.0519 307 209 556 447 13 0.0518 116 383 391 626 7 0.0512 308 269 570 512 13 0.0510 444 344 694 561 8 0.0509 373 339 623 566 5 0.0508 365 327 632 566 0 0.0507 559 278 824 507 0 0.0506 113 386 382 634 13 0.0505 627 171 894 392 5 0.0504 299 268 563 508 6 0.0501 308 211 566 444
xWFV1jiyiEVCRq0erDQ5XC5sORFndd4F,7 0.0509 327 257 580 489 11 0.0503 368 537 628 764
5gIXtqjHCGYZjKtSzxD04jfPQZDEhBrB,8 0.0649 247 665 496 898 7 0.0613 380 662 637 904 0 0.0613 243 663 500 901 8 0.0605 313 715 560 965 5 0.0603 306 663 564 903 10 0.0603 240 669 500 899 11 0.0602 374 667 634 901 0 0.0600 172 719 430 949 11 0.0598 242 668 502 897 5 0.0597 171 661 433 887 0 0.0590 373 663 632 906 6 0.0590 313 666 570 905 0 0.0589 311 717 562 968 11 0.0586 308 721 562 963 7 0.0583 177 664 441 887 8 0.0582 375 662 629 901 8 0.0581 176 719 419 944 10 0.0575 371 665 634 901 7 0.0571 315 716 568 968 13 0.0557 177 665 446 891 6 0.0544 177 666 441 887 13 0.0539 377 663 641 905 6 0.0538 379 719 633 967 3 0.0537 377 661 636 908 11 0.0537 173 721 426 944 1 0.0532 173 660 438 889 3 0.0523 176 665 439 894 13 0.0515 245 719 504 955 2 0.0512 311 670 566 905 11 0.0509 628 565 895 775 1 0.0506 308 657 567 906 9 0.0506 240 665 501 895
yW1g5bKWeFhuyg8eTYcRlrDc9PGQdpO5,5 0.0500 434 4 702 234
xSpGOQTMKGfsAg2gJaIdOnt0WCZ6dRW4,8 0.0611 416 477 781 654 11 0.0590 414 478 798 651 6 0.0571 361 469 732 647 5 0.0561 410 473 787 653 0 0.0557 362 467 726 647 5 0.0551 390 337 632 573 7 0.0538 425 477 800 654 5 0.0531 506 590 758 830 8 0.0529 508 600 756 830 11 0.0529 504 603 764 829 0 0.0528 396 340 641 574 6 0.0526 398 342 644 576 8 0.0519 453 662 698 908 5 0.0516 385 778 629 1015 6 0.0516 482 606 842 789 8 0.0509 380 594 637 825 11 0.0508 451 790 710 1015 0 0.0506 379 595 644 832 11 0.0506 393 340 639 573 13 0.0502 421 475 803 654 8 0.0501 459 333 699 574 11 0.0501 375 596 644 825
YKd53peys6RznvBmx4osdUfWsBiH22Cd,7 0.0526 130 783 405 1023 8 0.0508 124 786 389 1022 8 0.0507 330 279 579 512
79LWltOUXVg6xKwv8SYu9CPCMbogxWUA,5 0.0639 241 771 499 1015 5 0.0635 368 781 623 1022 8 0.0631 247 771 499 1019 6 0.0598 251 652 513 899 11 0.0595 216 867 576 1019 6 0.0589 250 772 505 1013 11 0.0583 251 710 510 959 13 0.0582 220 870 587 1023 0 0.0581 255 707 510 966 7 0.0581 216 867 577 1023 5 0.0571 244 651 508 900 6 0.0570 324 718 583 970 5 0.0564 383 385 649 636 8 0.0562 252 655 506 902 0 0.0559 386 390 652 640 6 0.0556 326 594 586 841 8 0.0556 373 782 618 1023 3 0.0553 377 784 623 1023 5 0.0549 320 592 579 839 7 0.0548 248 650 509 905 11 0.0547 382 390 654 635 13 0.0545 254 710 518 966 0 0.0544 389 188 632 432 7 0.0543 320 723 582 975 10 0.0541 213 868 581 1023 8 0.0540 389 386 646 640 0 0.0539 379 725 635 966 0 0.0539 252 584 511 830 11 0.0538 369 785 626 1015 11 0.0537 247 585 511 823 13 0.0531 392 390 658 642 3 0.0526 249 775 502 1023 11 0.0524 374 549 642 780 6 0.0522 391 390 654 640 10 0.0521 373 784 629 1020 2 0.0520 249 777 503 1020 2 0.0513 252 656 511 903 7 0.0512 393 387 656 641 11 0.0511 383 187 636 427 5 0.0511 382 182 628 425 10 0.0509 311 662 586 905 0 0.0508 373 611 635 849 3 0.0505 251 656 512 910 8 0.0505 328 596 578 841 6 0.0504 393 187 639 432 0 0.0503 446 420 821 601 11 0.0502 440 420 821 595 11 0.0500 318 470 579 714
bpeLiASRIsuivZvbnLxZajkPBIMozvrJ,11 0.0611 319 794 557 1020 7 0.0606 253 728 502 965 7 0.0603 320 788 562 1022 5 0.0595 314 786 553 1018 11 0.0583 439 790 679 1017 5 0.0561 439 782 674 1017 0 0.0558 318 791 560 1023 8 0.0554 320 787 553 1023 7 0.0544 447 786 685 1018 11 0.0534 245 733 498 964 8 0.0531 443 789 675 1020 8 0.0526 250 728 493 965 6 0.0520 321 795 562 1023 0 0.0517 248 729 497 968 0 0.0515 440 789 682 1023 10 0.0513 319 793 559 1022 13 0.0512 325 794 566 1023 5 0.0510 244 728 492 962 6 0.0503 445 790 683 1020 2 0.0502 319 793 562 1023
ehoh2uR6xWRE2mrBBjTok7At3ZVl7Uiz,8 0.0574 483 422 833 600 0 0.0550 484 426 845 602 6 0.0550 485 421 848 602 11 0.0544 480 426 843 600 7 0.0534 487 422 852 602 5 0.0531 473 423 833 602 3 0.0515 484 425 843 605 2 0.0503 487 427 842 601
I2vtu8aGvP7QEPk47NkmRdxTr6eLFN5w,8 0.0572 182 804 436 1016 5 0.0557 171 800 438 1016 0 0.0548 372 201 640 422 11 0.0523 120 5 394 209 5 0.0510 371 196 633 424
gxxSReeslohSsjC3xoheXzcZqQOiLSwL,11 0.0600 351 93 636 324 0 0.0588 553 777 799 1023 11 0.0583 505 660 762 900 8 0.0582 373 26 631 272 11 0.0577 432 727 680 958 7 0.0574 437 725 684 958 0 0.0570 434 728 684 961 0 0.0567 509 658 766 903 5 0.0565 419 0 690 193 5 0.0565 345 87 625 322 11 0.0560 432 596 694 819 5 0.0556 503 653 759 895 5 0.0550 553 774 793 1017 3 0.0547 509 655 762 903 8 0.0546 439 722 674 956 8 0.0545 512 655 755 901 10 0.0545 504 661 762 899 6 0.0542 430 2 703 193 5 0.0534 430 722 676 954 7 0.0534 508 654 767 899 7 0.0533 375 22 644 275 6 0.0526 511 662 762 900 0 0.0525 354 94 636 330 7 0.0524 558 776 803 1020 3 0.0519 496 0 752 206 10 0.0516 431 730 682 958 3 0.0515 360 95 631 332 6 0.0514 439 730 682 959 7 0.0514 416 215 675 438 7 0.0513 438 593 703 820 11 0.0512 411 218 674 435 3 0.0510 413 215 669 445 0 0.0510 433 597 698 823 3 0.0510 441 725 682 964 5 0.0509 404 208 667 433 0 0.0508 322 729 574 966 7 0.0507 365 282 621 513 11 0.0506 492 1 757 196 3 0.0501 560 779 798 1023
XAsablGkWaWAj2TjxVjeeJ92MGXFbojT,11 0.0588 366 449 633 681 8 0.0577 522 464 759 696 11 0.0557 444 530 699 758 5 0.0556 237 211 510 446 7 0.0554 451 528 702 757 8 0.0554 452 527 689 759 0 0.0553 243 215 517 447 5 0.0553 514 515 760 749 8 0.0550 115 580 371 826 6 0.0549 452 461 703 689 6 0.0543 520 519 764 752 7 0.0539 376 449 635 683 11 0.0538 521 468 766 696 0 0.0537 565 588 832 828 0 0.0530 176 605 440 832 8 0.0525 373 448 621 683 7 0.0522 526 465 769 697 11 0.0521 561 591 834 824 8 0.0521 568 586 822 825 0 0.0515 446 529 697 760 5 0.0512 447 455 697 685 5 0.0508 112 387 390 626 7 0.0504 374 788 633 1020 8 0.0503 120 388 386 634 11 0.0503 240 218 519 445 3 0.0503 454 530 700 763 11 0.0501 292 795 551 1023
PekdhocGqXNPr68J3852dQo52LWYPu7c,8 0.0638 524 216 774 461 5 0.0589 244 319 517 572 7 0.0571 452 207 714 451 8 0.0565 251 327 508 572 0 0.0563 526 221 784 462 11 0.0560 176 329 443 572 8 0.0552 460 152 714 375 0 0.0552 250 325 520 574 5 0.0545 518 217 778 459 7 0.0544 248 324 520 573 5 0.0538 113 328 368 570 11 0.0536 523 223 781 460 5 0.0529 238 187 505 442 8 0.0528 372 529 636 767 13 0.0525 250 384 519 637 3 0.0523 529 221 782 469 3 0.0523 249 385 516 636 11 0.0523 368 526 638 765 7 0.0523 377 525 648 771 0 0.0520 457 152 722 377 8 0.0520 244 445 499 691 6 0.0520 529 225 790 461 13 0.0517 527 224 788 459 11 0.0516 305 2 596 190 8 0.0515 241 198 495 449 0 0.0513 121 334 373 573 8 0.0512 310 2 582 191 5 0.0507 181 66 450 327 6 0.0505 464 156 725 372 6 0.0500 311 0 600 191
ZGDmabY34MTFBStXKAHoQ222pACynl5r,5 0.0668 384 526 640 761 5 0.0636 382 410 636 637 11 0.0625 317 333 579 574 8 0.0614 385 345 630 590 3 0.0612 320 332 575 579 0 0.0607 306 598 558 844 5 0.0605 261 265 512 505 11 0.0600 305 462 558 700 11 0.0595 386 416 641 639 7 0.0594 387 350 638 592 7 0.0590 390 470 641 711 3 0.0584 313 462 557 704 3 0.0581 393 413 641 645 11 0.0581 383 264 636 503 5 0.0580 380 192 636 435 0 0.0578 319 197 573 430 5 0.0578 235 457 501 701 5 0.0577 313 328 572 572 0 0.0576 307 462 556 702 0 0.0576 450 415 698 643 8 0.0575 319 130 568 368 8 0.0571 316 403 561 642 6 0.0569 322 332 583 577 0 0.0567 181 594 439 847 0 0.0564 383 348 634 591 3 0.0564 259 210 510 454 5 0.0564 181 145 434 382 2 0.0563 309 533 559 765 10 0.0562 386 352 637 587 8 0.0561 264 272 510 512 6 0.0561 391 415 644 640 13 0.0560 191 151 447 390 3 0.0559 387 261 634 512 5 0.0558 313 122 573 367 11 0.0557 253 213 513 447 0 0.0555 186 148 438 388 8 0.0554 388 468 636 709 11 0.0552 317 130 580 371 11 0.0551 169 459 440 707 13 0.0550 262 210 521 451 6 0.0548 314 462 566 701 10 0.0545 310 467 557 698 5 0.0544 234 589 486 830 5 0.0543 183 321 436 557 6 0.0541 264 209 516 448 7 0.0537 325 196 579 433 7 0.0536 230 535 489 775 5 0.0536 172 655 431 896 0 0.0535 262 272 518 511 2 0.0533 239 599 495 834 7 0.0533 385 605 636 841 13 0.0533 313 463 561 701 13 0.0531 390 349 642 590 11 0.0531 184 152 444 384 7 0.0531 451 413 703 644 8 0.0530 177 662 435 905 11 0.0528 388 530 640 767 0 0.0527 458 538 701 772 13 0.0527 312 595 566 841 6 0.0527 234 536 493 770 7 0.0526 247 408 510 645 6 0.0526 394 530 645 769 8 0.0524 451 412 695 642 2 0.0522 391 419 639 643 2 0.0521 240 464 504 706 11 0.0521 235 675 492 900 6 0.0519 183 461 442 703 3 0.0519 232 536 487 776 8 0.0516 434 125 678 365 7 0.0516 177 458 438 707 13 0.0514 324 129 584 371 7 0.0514 191 150 444 386 2 0.0514 260 216 509 445 9 0.0513 306 463 556 697 6 0.0513 192 147 445 387 10 0.0512 447 418 699 640
DauieZOYYOCd1H8NYKJ9ayYINas8HLnb,8 0.0520 303 3 560 195 8 0.0517 182 1 429 217
XNzAzOxL6WOugG9dufnBXH9t1sRruyup,5 0.0655 130 707 368 957 11 0.0640 128 709 373 955 7 0.0637 134 710 372 960 0 0.0617 132 708 370 960 8 0.0607 131 705 369 959 10 0.0595 129 713 370 956 6 0.0585 134 710 375 958 7 0.0577 254 528 500 767 11 0.0572 251 535 497 768 2 0.0556 132 713 371 958 3 0.0545 133 710 371 963 13 0.0544 133 709 377 960 12 0.0538 134 709 371 958 5 0.0532 248 527 495 768 8 0.0531 253 530 485 770 9 0.0531 129 710 372 954 0 0.0531 252 529 498 773 10 0.0530 252 535 495 769 7 0.0520 311 453 553 689 11 0.0518 308 459 553 689 1 0.0509 129 703 370 958
Sb6O7yq8xLbnbDwfDw46pUCwjhra0K9J,11 0.0654 182 675 433 903 11 0.0639 252 728 505 965 7 0.0617 188 673 439 904 0 0.0610 186 673 434 906 7 0.0597 259 726 511 967 8 0.0594 186 676 429 903 8 0.0591 323 17 567 260 11 0.0578 320 17 577 259 0 0.0577 255 728 507 970 5 0.0576 300 787 559 1021 6 0.0573 186 672 436 905 5 0.0555 184 669 432 903 3 0.0549 190 677 435 910 0 0.0549 372 82 628 318 13 0.0548 377 82 633 319 7 0.0548 327 14 578 261 3 0.0547 329 16 573 270 5 0.0546 318 13 571 258 10 0.0540 184 679 436 904 6 0.0536 307 793 563 1021 11 0.0531 298 136 570 377 10 0.0531 377 83 629 321 5 0.0520 296 129 566 380 11 0.0518 431 808 692 1022 8 0.0515 366 795 615 1022 8 0.0514 255 730 501 966 3 0.0512 306 135 569 388 6 0.0511 379 83 627 318 8 0.0510 302 134 561 382 3 0.0502 258 731 504 975 2 0.0501 187 678 435 906
awLqGnOMcsZaED0B66dvRbIe8mMbhYs8,11 0.0645 336 163 693 349 7 0.0636 451 2 702 255 5 0.0610 361 133 628 383 8 0.0601 383 1 631 246 5 0.0595 431 57 685 305 6 0.0594 335 228 694 409 11 0.0593 249 148 511 384 11 0.0593 380 3 637 248 5 0.0592 505 6 743 246 8 0.0590 311 143 573 382 11 0.0590 503 13 746 244 3 0.0585 448 4 698 260 3 0.0582 334 229 687 412 10 0.0574 338 166 696 350 6 0.0572 386 3 640 248 13 0.0571 339 162 701 346 8 0.0570 346 292 682 470 0 0.0570 383 4 640 248 0 0.0570 328 229 686 410 13 0.0567 276 221 632 409 5 0.0558 338 285 686 469 8 0.0551 506 10 739 248 6 0.0550 511 13 747 247 7 0.0548 344 162 693 350 13 0.0545 324 7 580 260 11 0.0544 280 283 631 472 13 0.0542 451 4 706 250 5 0.0542 248 139 508 383 0 0.0540 507 12 746 248 10 0.0537 384 6 637 249 8 0.0535 250 205 499 444 2 0.0528 507 17 746 245 7 0.0526 323 4 575 261 7 0.0525 258 139 517 384 1 0.0524 335 161 687 350 1 0.0520 439 0 699 253 6 0.0520 315 71 585 323 2 0.0517 369 147 626 385 10 0.0516 505 17 747 247 3 0.0516 257 145 512 390 3 0.0513 322 9 571 266 2 0.0512 386 7 630 251 9 0.0511 337 161 693 345 6 0.0508 252 205 515 446 9 0.0507 431 65 691 300 12 0.0504 330 227 696 409 5 0.0502 186 187 433 446 11 0.0502 184 197 441 445
xCShrZN5qs2Nu9tZi1bUr3IjEsl4emAc,0 0.0602 15 348 266 580 5 0.0539 0 413 271 648 13 0.0539 13 419 289 653 7 0.0539 290 411 641 598 13 0.0537 76 358 350 586 13 0.0514 191 324 450 572 6 0.0513 18 417 284 658 8 0.0512 282 410 623 599 13 0.0510 8 296 271 520 5 0.0508 263 473 638 654 0 0.0504 517 1 864 153 5 0.0503 232 264 511 500 10 0.0502 6 423 288 649
tfPC64siaRXp9PqPEA2t9qzTfu0XGZN2,11 0.0642 509 717 751 960 11 0.0615 309 710 567 950 7 0.0600 512 714 754 960 7 0.0600 566 607 825 853 8 0.0599 501 662 757 907 11 0.0588 560 614 819 847 0 0.0585 562 615 823 855 6 0.0579 316 708 569 953 7 0.0576 313 705 569 953 5 0.0573 506 713 744 958 6 0.0563 507 668 768 909 3 0.0555 510 665 766 914 10 0.0552 501 668 763 905 2 0.0549 505 671 765 908 8 0.0546 311 705 561 951 13 0.0546 312 713 573 954 11 0.0545 635 713 868 950 13 0.0531 510 719 758 963 0 0.0527 257 714 510 950 5 0.0526 306 699 561 950 5 0.0512 558 608 820 851 10 0.0512 308 707 565 950 3 0.0510 316 707 567 956 13 0.0504 566 615 832 854 1 0.0501 504 709 752 960
oEDqGZQKJcbJDTfClJwsvJ1AuMsHMzqX,5 0.0701 165 401 432 642 8 0.0688 173 398 430 644 8 0.0684 317 265 561 499 8 0.0681 246 333 499 575 5 0.0676 256 267 503 509 0 0.0661 179 404 436 644 8 0.0659 378 330 630 566 6 0.0656 237 397 511 648 6 0.0648 314 331 569 573 11 0.0647 378 329 636 566 11 0.0645 316 267 570 501 8 0.0638 259 201 499 442 8 0.0638 375 207 630 435 5 0.0633 374 256 623 496 0 0.0633 258 201 504 445 11 0.0632 300 400 563 647 0 0.0632 578 461 842 703 5 0.0629 308 200 565 431 7 0.0625 335 356 687 540 8 0.0624 303 397 556 648 0 0.0622 205 341 570 541 6 0.0622 181 337 444 579 11 0.0618 257 207 508 443 0 0.0618 511 395 765 631 7 0.0617 197 267 454 514 0 0.0616 302 396 566 649 5 0.0616 192 198 444 448 7 0.0615 508 533 770 759 5 0.0615 121 266 395 512 7 0.0612 320 266 570 501 13 0.0610 312 332 571 576 6 0.0607 588 464 843 702 11 0.0607 310 147 572 374 11 0.0605 502 457 759 690 10 0.0602 379 213 640 435 13 0.0598 312 143 581 373 0 0.0596 115 334 379 580 5 0.0596 576 461 840 702 5 0.0595 364 66 629 285 11 0.0594 443 393 697 632 11 0.0593 126 198 394 442 8 0.0591 173 528 416 762 3 0.0588 182 341 433 587 11 0.0586 194 274 455 512 3 0.0586 383 329 634 572 7 0.0583 448 390 704 635 10 0.0581 263 276 510 510 5 0.0580 168 526 425 754 11 0.0580 168 404 438 642 13 0.0578 382 263 630 500 3 0.0578 450 392 698 640 13 0.0577 239 400 514 650 0 0.0575 343 292 701 475 7 0.0574 261 203 508 445 2 0.0573 204 347 566 542 8 0.0573 514 393 761 629 8 0.0573 130 194 388 451 10 0.0571 263 157 520 387 0 0.0569 438 457 698 695 5 0.0567 516 331 766 577 8 0.0567 313 143 565 373 2 0.0567 302 406 560 649 0 0.0566 132 197 387 450 3 0.0564 203 197 448 456 13 0.0563 182 341 448 577 6 0.0563 318 204 576 433 7 0.0562 235 395 507 650 3 0.0562 320 264 565 506 13 0.0561 508 462 766 695 11 0.0560 425 532 696 751 10 0.0558 237 406 507 646 0 0.0556 311 145 574 378 7 0.0555 314 144 572 377 8 0.0555 584 465 835 704
drCg276pZ2OYWSXfiz4w9aIgTJiJkT6K,11 0.0602 316 337 580 561 0 0.0600 244 219 500 444 5 0.0585 385 330 648 554 7 0.0583 323 341 587 561 8 0.0571 322 280 576 502 5 0.0569 312 279 575 494 5 0.0569 235 334 502 569 8 0.0566 245 342 500 576 5 0.0560 506 329 763 556 6 0.0553 323 337 587 561 0 0.0551 313 281 578 505 0 0.0550 318 140 574 366 6 0.0543 394 416 656 645 7 0.0541 251 386 513 620 7 0.0540 390 275 649 488 0 0.0537 510 339 766 559 8 0.0537 324 407 569 632 11 0.0536 161 357 440 587 0 0.0536 234 338 509 578 10 0.0534 314 285 585 498 7 0.0534 395 419 656 649 8 0.0532 394 334 645 565 3 0.0526 242 344 505 582 3 0.0523 515 339 767 566 7 0.0523 514 336 769 560 5 0.0521 241 212 496 433 7 0.0520 256 283 514 512 3 0.0519 324 281 578 509 2 0.0519 319 288 574 499 8 0.0514 392 190 635 420 8 0.0514 251 219 490 443 6 0.0513 393 274 647 488 2 0.0513 398 199 640 418 6 0.0511 175 357 442 589 3 0.0510 320 404 576 637 11 0.0510 439 661 716 889 8 0.0510 446 656 714 894 13 0.0508 257 284 516 516 5 0.0507 623 350 876 580 10 0.0507 234 348 511 576 6 0.0501 570 0 832 197 11 0.0501 388 272 644 488 0 0.0500 622 356 882 582
hjPiLPkhd1Y23iGx7MBGkBI7RVcpTSRl,14 1.0 0 0 1 1
WV0g1FroDllELQh2XOiExHsHpF9ivg0d,0 0.0646 0 1 257 201 8 0.0634 7 0 249 195 8 0.0631 250 793 483 1021 7 0.0591 249 792 495 1023 11 0.0582 245 792 490 1021 0 0.0577 249 794 490 1023 5 0.0573 245 791 485 1020 11 0.0561 0 4 259 190 11 0.0544 305 732 559 961 7 0.0539 310 729 562 968 3 0.0538 7 0 257 203 5 0.0536 0 0 248 197 6 0.0536 1 3 263 196 11 0.0531 250 664 500 901 0 0.0531 314 670 566 912 6 0.0527 248 796 493 1023 10 0.0525 0 5 258 195 7 0.0521 253 660 503 905 13 0.0518 776 144 1023 383 10 0.0516 248 799 489 1022 11 0.0513 378 666 633 896 8 0.0513 309 731 551 965 11 0.0507 770 147 1020 375 9 0.0506 243 794 489 1019 13 0.0504 251 795 498 1023 2 0.0503 246 798 492 1023 0 0.0500 383 590 623 831 8 0.0500 565 0 811 205
9duZWsdzJMDjAUu5Y30Vmg4W0Xl6n2EK,0 0.0625 756 396 1001 646 11 0.0624 823 394 1023 642 6 0.0579 706 387 949 638 11 0.0578 700 388 946 637 5 0.0575 701 384 942 635 8 0.0572 766 452 999 713 0 0.0558 188 725 448 962 7 0.0557 309 593 560 830 0 0.0550 251 793 501 1023 13 0.0548 708 456 948 707 5 0.0548 181 722 442 957 5 0.0546 819 388 1023 640 3 0.0546 824 390 1023 648 7 0.0545 828 389 1023 643 8 0.0540 190 727 436 953 0 0.0539 704 322 943 563 13 0.0536 248 720 513 971 5 0.0536 244 790 496 1023 13 0.0536 827 389 1023 646 7 0.0536 190 729 449 955 7 0.0534 705 388 946 639 11 0.0534 246 796 502 1020 6 0.0530 253 795 505 1023 8 0.0530 705 385 938 640 10 0.0528 824 392 1022 640 0 0.0527 500 256 756 500 0 0.0526 307 591 557 833 2 0.0525 825 394 1023 642 11 0.0524 181 728 443 952 6 0.0523 827 386 1023 641 8 0.0522 251 792 492 1021 6 0.0520 313 660 572 903 5 0.0517 385 349 753 529 11 0.0515 306 665 566 899 7 0.0513 252 793 506 1023 0 0.0512 312 712 563 968 3 0.0511 188 729 446 963 10 0.0506 701 389 943 634 6 0.0505 399 350 765 530 5 0.0503 649 509 881 760 5 0.0502 440 718 696 961 2 0.0501 707 460 942 705 7 0.0501 402 351 764 530
hn3NlRsBu89EnTXBtByUedykjf8kdIrM,0 0.0620 340 406 581 637 5 0.0568 327 404 577 634 0 0.0566 327 528 576 775 5 0.0564 511 354 765 582 7 0.0562 257 544 521 783 5 0.0555 444 410 697 645 5 0.0555 316 527 576 768 0 0.0554 254 591 509 842 11 0.0549 377 459 638 693 5 0.0549 242 331 516 562 5 0.0547 247 588 505 834 0 0.0545 451 418 700 650 2 0.0543 448 421 704 650 6 0.0542 338 405 585 635 8 0.0540 448 415 698 650 6 0.0528 330 533 583 766 11 0.0528 253 545 519 773 13 0.0528 255 592 518 842 7 0.0525 390 644 642 894 7 0.0523 453 415 703 647 11 0.0522 245 336 518 564 7 0.0521 339 402 584 639 6 0.0516 256 593 515 836 11 0.0516 513 362 773 584 0 0.0516 515 359 773 592 2 0.0513 440 293 715 508 5 0.0513 435 280 708 507 11 0.0510 441 284 714 505 7 0.0510 242 661 510 901 6 0.0509 452 417 705 650 10 0.0509 251 597 508 838 2 0.0508 454 524 703 752 13 0.0508 330 530 583 774 2 0.0507 321 474 572 713 0 0.0504 253 332 520 568 13 0.0502 341 405 586 637 0 0.0501 510 534 758 773 2 0.0501 378 587 637 821
5QxLxDyWOv3yqqLrwmIYOkeDaeqT7sST,5 0.0565 742 0 1006 200 0 0.0514 263 143 526 393 0 0.0512 627 1 900 198 0 0.0511 748 0 1014 205 13 0.0501 635 0 911 197
6Nke4mIqBfJCrOuXSWW80wV4FVv9yyY0,0 0.0710 206 663 568 846 7 0.0631 132 672 497 854 5 0.0628 247 712 500 961 7 0.0626 252 714 510 965 7 0.0623 317 785 569 1023 5 0.0620 313 783 559 1020 11 0.0617 198 667 570 843 5 0.0616 199 661 560 844 8 0.0616 131 673 483 853 8 0.0606 378 788 618 1022 10 0.0606 200 666 567 843 8 0.0604 209 734 553 904 7 0.0593 447 790 692 1022 0 0.0588 377 658 637 907 7 0.0588 318 658 580 901 11 0.0586 314 788 564 1019 7 0.0584 385 720 636 963 0 0.0577 316 789 564 1023 6 0.0572 315 719 574 966 5 0.0561 379 717 625 960 0 0.0560 135 604 504 792 5 0.0558 439 790 681 1017 13 0.0554 319 789 570 1023 8 0.0553 253 781 496 1023 3 0.0542 134 676 491 859 6 0.0542 377 796 628 1023 11 0.0542 441 794 687 1019 6 0.0541 134 676 496 852 11 0.0541 370 664 640 896 5 0.0535 126 600 499 789 10 0.0532 130 609 504 788 10 0.0531 373 665 640 896 11 0.0530 132 609 510 787 13 0.0528 135 672 502 855 6 0.0526 443 732 696 970 13 0.0526 253 713 511 962 3 0.0520 318 789 565 1023 10 0.0520 179 717 436 950 10 0.0519 379 792 626 1020 6 0.0519 255 789 505 1023 11 0.0519 176 715 435 947 0 0.0518 177 715 438 949 7 0.0518 254 271 502 500 6 0.0516 374 662 645 900 8 0.0515 441 728 689 967 2 0.0510 131 678 492 855 3 0.0509 212 736 565 910 0 0.0501 445 727 692 974
QrbK9T9pg7Ngdlf7HOzwJqaHtel9kEbS,7 0.0614 312 457 574 691 11 0.0614 310 520 572 755 11 0.0596 375 447 628 694 11 0.0595 242 463 508 698 8 0.0594 313 521 567 756 7 0.0584 312 321 569 559 8 0.0579 250 460 500 698 5 0.0575 309 513 570 757 13 0.0573 253 464 514 700 0 0.0564 433 517 694 755 11 0.0563 240 1 495 202 8 0.0563 245 1 489 203 11 0.0560 300 387 562 624 7 0.0558 432 510 702 756 0 0.0558 251 459 510 702 0 0.0556 373 450 627 698 11 0.0553 432 516 696 753 5 0.0550 430 508 696 751 8 0.0545 438 446 686 692 5 0.0543 373 441 628 694 3 0.0542 320 524 573 763 3 0.0542 304 391 562 631 3 0.0541 248 2 500 209 11 0.0538 185 578 442 819 10 0.0538 247 5 494 201 0 0.0538 442 388 688 618 7 0.0537 242 390 499 635 5 0.0537 246 14 508 253 7 0.0535 376 262 639 497 5 0.0535 299 381 562 621 6 0.0531 314 523 576 759 5 0.0530 374 62 642 306 7 0.0529 381 381 625 629 6 0.0529 434 515 702 755 13 0.0528 312 526 580 758 3 0.0527 382 449 632 702 8 0.0527 185 575 433 824 13 0.0525 436 517 705 755 5 0.0524 187 571 438 817 8 0.0523 378 388 612 626 13 0.0522 257 25 520 255 7 0.0519 192 574 445 822 11 0.0515 442 386 690 612 7 0.0515 184 453 428 686 13 0.0512 191 580 450 825 10 0.0512 251 468 509 697 3 0.0511 250 462 506 703 8 0.0510 265 75 515 313 8 0.0509 383 76 634 308 0 0.0509 241 0 498 207 8 0.0508 452 326 689 560 0 0.0508 191 576 443 826 0 0.0506 382 76 642 307 6 0.0505 262 24 520 251 6 0.0505 378 447 633 697 8 0.0505 371 267 624 496 13 0.0505 446 384 697 617 5 0.0503 165 402 423 637 9 0.0503 308 521 567 752 13 0.0502 180 415 437 648 2 0.0502 431 520 695 751 13 0.0502 307 387 571 629
3O7Gupebgg48ii4rkB2zk6s4KNVQ7F0m,13 0.0620 308 741 572 976 5 0.0605 559 711 807 953 11 0.0603 298 740 569 968 8 0.0596 571 712 805 956 11 0.0590 619 666 881 899 5 0.0586 294 733 566 971 3 0.0579 571 711 809 964 7 0.0578 301 736 571 974 11 0.0575 323 349 574 574 7 0.0561 569 714 814 957 13 0.0554 569 715 815 957 3 0.0545 306 735 568 976 7 0.0544 384 347 647 567 0 0.0540 299 732 569 977 0 0.0540 565 712 813 962 5 0.0535 586 530 953 719 8 0.0535 303 737 560 973 8 0.0534 380 347 628 572 0 0.0530 379 349 641 573 10 0.0530 300 739 563 970 6 0.0525 565 716 814 953 3 0.0524 380 346 639 574 5 0.0517 312 343 574 573 13 0.0514 384 351 649 574 11 0.0514 587 529 947 723 10 0.0507 566 715 809 955 6 0.0507 307 735 570 969 0 0.0506 587 532 950 727
QcmWc8EDvZ4lRPTBvr6xZatnf6neCyzN,11 0.0611 441 398 699 637 8 0.0606 495 404 749 651 11 0.0581 366 459 630 696 0 0.0575 497 405 753 652 7 0.0574 504 405 755 652 6 0.0572 501 406 754 650 5 0.0567 292 518 564 770 11 0.0563 423 523 694 758 7 0.0559 431 521 698 761 3 0.0557 448 398 697 646 11 0.0554 368 588 631 829 5 0.0551 495 400 748 648 11 0.0551 294 528 570 768 7 0.0550 374 586 632 836 0 0.0549 369 457 628 699 0 0.0543 370 657 623 902 6 0.0538 385 407 641 644 8 0.0538 373 586 619 832 5 0.0537 364 577 627 831 7 0.0536 375 453 633 700 5 0.0534 423 513 691 757 3 0.0533 431 521 692 766 8 0.0532 370 455 623 693 5 0.0531 378 402 638 644 7 0.0530 301 529 573 772 8 0.0526 259 20 503 261 0 0.0525 427 521 694 764 13 0.0524 301 581 580 837 0 0.0522 264 472 516 722 13 0.0520 501 404 761 650 8 0.0519 298 532 559 767 0 0.0514 249 77 500 319 11 0.0513 249 128 507 366 13 0.0511 376 657 632 900 10 0.0511 447 399 700 640 6 0.0511 376 657 628 896 6 0.0510 433 519 700 761 0 0.0509 445 784 702 1015 7 0.0508 250 598 512 843 11 0.0508 293 665 567 897 3 0.0507 372 585 630 839 8 0.0507 256 133 492 371 6 0.0502 320 0 588 193 7 0.0502 263 15 517 261 10 0.0501 429 524 696 759 5 0.0501 255 10 509 260 3 0.0501 374 455 631 703
aMq5irkc0pz5hddCbGzOEdcRU2W9A3NP,7 0.0686 515 724 763 966 8 0.0678 317 717 559 968 8 0.0677 510 722 758 964 5 0.0672 509 724 758 963 11 0.0665 449 721 695 972 5 0.0664 316 717 558 967 8 0.0662 447 657 693 905 7 0.0659 387 717 632 973 11 0.0654 502 659 756 897 7 0.0650 448 656 701 906 6 0.0642 513 728 761 967 0 0.0639 317 719 563 970 0 0.0637 502 658 759 900 11 0.0635 315 718 560 965 5 0.0627 444 654 696 904 7 0.0627 10 550 260 791 6 0.0622 448 659 697 906 10 0.0619 450 723 697 970 10 0.0613 501 659 759 899 0 0.0613 451 720 698 975 6 0.0605 385 720 631 972 9 0.0602 501 659 759 896 11 0.0594 693 537 941 772 13 0.0593 513 726 765 963 10 0.0589 315 723 562 967 13 0.0589 388 719 635 971 2 0.0583 512 728 760 969 11 0.0580 5 558 253 787 3 0.0573 321 719 559 972 5 0.0573 690 605 946 842 5 0.0572 0 545 250 787 1 0.0569 443 653 696 907 0 0.0568 3 551 253 790 12 0.0568 515 723 760 967 3 0.0568 516 725 760 968 8 0.0566 10 551 250 788 9 0.0565 450 720 697 969 13 0.0563 449 659 705 905 13 0.0563 4 553 264 787 3 0.0562 448 659 698 910 2 0.0562 389 721 631 974 1 0.0554 382 712 627 973 3 0.0553 12 553 253 793 0 0.0549 692 537 939 778 6 0.0548 13 556 259 786 11 0.0547 449 449 701 695 2 0.0545 449 661 697 906 1 0.0540 509 720 759 965 5 0.0539 700 455 941 698 12 0.0539 388 718 627 973 4 0.0534 503 661 763 900 10 0.0531 10 554 258 790 8 0.0530 699 539 931 775 4 0.0528 317 724 564 968 9 0.0526 316 718 561 967 4 0.0526 450 723 700 972 8 0.0526 462 386 700 629 12 0.0523 449 657 696 906 6 0.0511 700 606 955 842 7 0.0506 455 446 709 694
BEp3muwfXam2YSddmCMT7JdyCvNCmWH0,11 0.0589 506 543 765 771 11 0.0582 308 742 559 963 7 0.0568 311 790 567 1020 0 0.0567 499 541 766 780 0 0.0548 309 789 564 1021 5 0.0540 307 736 554 966 7 0.0531 506 540 769 775 8 0.0530 314 791 554 1017 3 0.0527 311 737 560 973 10 0.0522 309 743 560 965 13 0.0517 315 792 571 1021 11 0.0513 561 472 832 700 5 0.0511 499 540 761 773 0 0.0509 560 468 828 706 10 0.0502 500 549 766 776 8 0.0501 502 542 759 777
ilOJmpwReqUhlOlcwAuoDeVrweddPY3X,11 0.0593 386 396 640 631 7 0.0591 253 334 502 578 11 0.0580 313 339 564 566 5 0.0551 243 331 500 574 7 0.0544 315 274 567 494 13 0.0537 251 340 510 581 6 0.0525 320 339 571 567 11 0.0523 170 339 440 566 3 0.0521 318 339 566 575 5 0.0519 308 269 564 488 7 0.0516 393 395 642 632 8 0.0513 389 395 631 631 0 0.0510 173 340 438 573 8 0.0508 176 335 432 575 8 0.0506 322 338 558 567 5 0.0505 563 313 823 553 0 0.0504 316 336 564 568 7 0.0503 128 340 404 584
SfPrAOFv0Vu4D60yEBbyFNP6QovBsOyg,11 0.0639 305 346 567 581 0 0.0638 246 400 499 645 5 0.0633 364 274 633 515 8 0.0632 243 530 492 779 0 0.0630 319 422 682 596 5 0.0622 433 335 696 582 5 0.0618 360 395 626 642 6 0.0616 253 339 502 580 7 0.0614 370 278 641 522 11 0.0607 370 217 643 449 8 0.0607 308 465 562 708 5 0.0607 242 397 501 643 8 0.0607 246 399 496 643 7 0.0605 193 337 442 586 6 0.0603 310 468 568 709 11 0.0598 303 467 569 707 11 0.0593 184 341 437 584 11 0.0591 244 284 504 510 10 0.0591 248 343 501 574 8 0.0590 309 342 562 582 6 0.0586 320 422 688 594 10 0.0585 310 471 566 706 6 0.0584 315 284 569 520 11 0.0582 435 341 700 584 0 0.0581 312 467 564 710 7 0.0581 321 421 687 598 0 0.0581 247 282 503 514 5 0.0573 365 536 630 773 13 0.0570 249 400 504 647 3 0.0566 372 281 641 524 5 0.0565 429 461 696 701 8 0.0564 431 467 690 704 8 0.0562 436 340 693 584 13 0.0562 369 343 635 585 11 0.0561 239 532 498 774 8 0.0560 370 279 633 519 5 0.0559 242 276 500 509 2 0.0559 248 403 499 645 5 0.0559 239 527 492 774 6 0.0556 246 529 501 777 3 0.0554 322 423 685 600 7 0.0553 250 278 505 514 10 0.0553 317 424 687 594 8 0.0551 368 539 625 773 13 0.0550 311 465 573 708 3 0.0549 247 402 501 646 8 0.0548 500 16 663 383 0 0.0546 245 530 497 779 10 0.0545 242 537 498 772 9 0.0544 327 358 685 535 0 0.0542 432 466 699 702 11 0.0538 497 24 669 375 6 0.0537 376 216 644 448 12 0.0537 249 401 501 645 7 0.0535 244 530 499 776 8 0.0535 250 281 497 511 11 0.0535 428 466 701 703 2 0.0534 370 284 639 519 2 0.0531 311 469 567 711 10 0.0528 183 288 437 519 2 0.0528 320 425 684 596 7 0.0528 364 477 632 711 12 0.0527 336 358 684 539 9 0.0527 244 400 500 640 0 0.0527 366 542 633 775 3 0.0527 250 285 504 517 6 0.0526 435 467 705 700 3 0.0524 312 469 568 715 13 0.0521 372 218 649 449 13 0.0520 245 528 504 777 10 0.0519 312 288 568 517 2 0.0518 436 471 702 702 1 0.0517 330 359 683 539 12 0.0515 314 467 567 709
3rpIU5PkVTwxnsO86VuCw8zXzCS3idVG,5 0.0580 347 0 694 165 0 0.0565 268 552 631 734 0 0.0552 323 454 578 695 8 0.0542 272 550 621 729 13 0.0541 437 0 696 194 11 0.0539 349 2 704 162 11 0.0537 263 551 633 729 11 0.0534 183 607 561 784 6 0.0532 432 5 694 198 10 0.0526 235 528 517 752 0 0.0525 439 398 694 640 8 0.0522 171 656 431 884 8 0.0521 443 395 687 635 8 0.0519 434 2 681 195 8 0.0518 249 585 503 815 8 0.0518 463 266 708 510 0 0.0515 189 606 558 788 0 0.0514 351 1 704 166 8 0.0511 324 453 566 689 11 0.0510 172 653 444 880 5 0.0509 379 117 628 376 10 0.0507 321 455 578 689 8 0.0507 256 86 495 312 8 0.0506 254 208 493 449 11 0.0505 328 390 585 625 8 0.0503 384 79 615 308 11 0.0502 312 16 569 241 7 0.0502 240 522 526 754
ko9Vo5Z6GCNdxsDp7yd7ElqN0DwxIK5f,5 0.0619 242 253 503 497 8 0.0616 321 331 565 562 7 0.0616 249 254 511 501 5 0.0614 317 328 570 560 0 0.0607 187 323 438 566 11 0.0606 386 387 641 615 8 0.0602 379 272 638 496 8 0.0602 187 322 429 565 11 0.0600 378 273 649 492 11 0.0599 452 532 709 763 5 0.0596 373 265 637 492 7 0.0594 325 390 573 630 11 0.0592 320 332 575 560 0 0.0592 250 257 508 499 8 0.0590 249 258 500 496 8 0.0590 256 394 504 630 11 0.0589 170 267 443 511 5 0.0589 179 318 433 564 0 0.0587 257 143 521 382 8 0.0580 389 386 626 620 3 0.0578 245 262 510 502 8 0.0578 453 529 702 764 5 0.0577 448 396 698 632 0 0.0572 255 396 512 635 6 0.0571 321 334 577 561 3 0.0568 321 333 574 567 7 0.0565 186 319 440 566 3 0.0560 390 389 636 624 6 0.0559 189 393 442 635 0 0.0558 321 330 572 563 8 0.0556 196 444 436 689 11 0.0554 187 393 438 636 10 0.0554 181 326 433 567 11 0.0554 179 148 449 379 0 0.0553 390 386 637 623 6 0.0553 178 262 444 514 7 0.0551 382 269 644 497 6 0.0551 454 533 712 765 3 0.0546 186 324 437 573 11 0.0546 320 519 579 753 2 0.0545 325 399 574 628 13 0.0543 184 322 444 569 7 0.0542 264 521 525 755 5 0.0541 250 389 506 631 11 0.0540 253 83 509 309 5 0.0540 451 524 704 765 13 0.0538 186 209 454 448 7 0.0536 455 400 705 634 3 0.0536 256 395 511 639 8 0.0534 278 481 633 660 7 0.0532 459 525 713 768 0 0.0532 584 468 837 712 5 0.0532 320 11 563 236 8 0.0531 265 521 511 753 2 0.0530 378 281 644 492 0 0.0529 454 530 708 766 8 0.0529 259 143 513 380 0 0.0528 379 272 642 496 10 0.0527 179 212 447 442 3 0.0524 384 272 644 502 0 0.0524 276 483 648 662 10 0.0524 252 399 511 635 9 0.0521 245 262 509 495 8 0.0520 585 466 828 708 11 0.0520 379 30 654 235 6 0.0520 382 273 647 495 2 0.0518 254 331 503 562 11 0.0518 580 547 832 774 3 0.0517 458 529 708 771 5 0.0517 251 137 515 379 11 0.0515 273 482 645 658 6 0.0514 389 391 640 621 13 0.0514 267 603 660 786 0 0.0513 263 526 523 759 13 0.0510 322 392 580 632 6 0.0510 264 146 526 380 13 0.0508 262 147 533 381 7 0.0507 261 141 525 383 5 0.0506 269 477 641 660 13 0.0506 456 527 716 764 9 0.0504 182 323 438 561 3 0.0503 282 485 650 666 10 0.0501 386 391 639 621
8GddE1rSXYygVXzwXIu0gdljBVAfLZ2L,11 0.0537 691 553 956 777 0 0.0519 702 554 957 786
kRgQGjd4FFBTlcLfDucoJX3t0fVj2LmR,11 0.0596 433 653 698 892 11 0.0581 304 581 558 821 8 0.0553 381 658 625 898 7 0.0551 441 653 705 893 11 0.0547 433 527 690 769 0 0.0538 434 657 702 897 6 0.0537 380 659 634 899 7 0.0534 437 526 696 771 5 0.0531 429 653 697 889 8 0.0529 436 527 682 769 7 0.0525 309 581 561 820 10 0.0518 435 655 698 892
gYJqvcRdsxJJYBJYc4NkFqldvP0t6ojo,11 0.0574 382 0 656 231 13 0.0566 302 67 587 308 11 0.0559 294 69 577 304 11 0.0556 437 417 702 629 8 0.0555 392 1 643 235 13 0.0552 454 473 713 696 3 0.0552 387 0 652 245 8 0.0549 434 416 695 639 13 0.0537 391 0 661 236 5 0.0536 444 464 698 695 0 0.0532 449 471 704 700 0 0.0524 391 0 652 239 0 0.0522 387 408 642 634 11 0.0521 502 532 757 756 6 0.0521 248 67 506 310 5 0.0519 379 0 647 234 8 0.0518 299 70 564 305 5 0.0516 238 62 491 311 10 0.0515 296 71 576 303 13 0.0514 389 410 654 633 7 0.0512 302 70 578 306 11 0.0508 241 400 506 632 8 0.0504 373 332 633 547 0 0.0503 296 64 572 310 5 0.0501 381 407 639 629 7 0.0500 442 417 705 640
zdDSuGgtBbjjQGtAcwe86PyRwGqe1eeJ,5 0.0633 0 195 197 455 11 0.0547 179 672 438 891 3 0.0524 383 19 620 256 5 0.0519 179 589 432 820 8 0.0518 375 400 633 631 10 0.0516 2 204 201 457 13 0.0512 449 20 704 244 8 0.0512 0 194 195 459 0 0.0506 242 683 490 907 8 0.0506 184 599 427 826 11 0.0506 372 18 624 248 6 0.0505 186 670 437 892 3 0.0504 4 200 203 466 7 0.0504 382 397 646 631 11 0.0502 368 638 619 871 5 0.0502 372 394 635 630 13 0.0502 244 678 507 903
rTGArHtFtSEfznfZUW6yuPHxWl1S6u0g,0 0.0622 506 14 761 252 5 0.0613 503 8 759 247 10 0.0597 452 36 701 250 11 0.0595 757 517 1015 748 0 0.0590 628 12 869 236 5 0.0586 569 61 817 319 7 0.0585 514 13 764 250 11 0.0585 444 2 815 155 5 0.0579 500 131 765 388 8 0.0577 510 14 753 249 8 0.0571 573 71 808 322 8 0.0568 503 140 762 388 5 0.0562 620 9 868 232 0 0.0561 575 73 815 322 6 0.0561 579 74 822 320 3 0.0561 513 16 762 255 11 0.0555 448 30 699 248 0 0.0552 760 516 1011 749 6 0.0551 457 32 705 250 10 0.0550 440 2 822 157 0 0.0550 505 143 769 388 8 0.0548 761 511 1007 750 3 0.0546 633 16 869 239 5 0.0542 750 512 1013 749 13 0.0541 452 1 827 157 3 0.0536 762 512 1015 758 0 0.0536 245 649 508 903 11 0.0535 623 17 870 232 8 0.0533 626 15 860 232 8 0.0529 250 652 500 898 0 0.0528 384 83 645 313 5 0.0528 239 650 505 894 6 0.0526 3 3 255 205 0 0.0525 0 38 238 268 2 0.0523 511 19 763 251 13 0.0521 633 13 879 233 7 0.0518 634 11 872 236 13 0.0518 251 654 514 900 5 0.0517 0 0 242 208 13 0.0516 389 86 653 310 10 0.0516 389 89 647 311 7 0.0512 577 66 821 323 9 0.0512 446 1 815 152 8 0.0511 436 216 688 460 13 0.0509 781 586 1023 813 13 0.0509 578 73 824 325 10 0.0507 627 18 869 231 0 0.0505 312 589 588 834 11 0.0504 571 138 821 372 11 0.0503 245 660 505 896 1 0.0503 504 9 761 249 5 0.0502 435 209 689 460 12 0.0502 511 12 763 250 11 0.0501 384 85 643 306 6 0.0501 716 521 968 765 11 0.0501 0 0 249 208
BIiyH5rBMcVo8shaAOv7I83CxpLryzZS,8 0.0591 184 268 427 512 13 0.0588 258 276 509 522 5 0.0576 299 278 554 517 11 0.0574 304 285 561 518 0 0.0568 183 270 433 513 8 0.0567 117 207 358 457 11 0.0564 177 211 429 448 11 0.0554 308 410 570 644 5 0.0551 177 269 433 511 6 0.0547 263 331 514 583 8 0.0546 264 334 501 579 7 0.0541 194 324 449 576 8 0.0540 192 385 441 641 7 0.0536 247 206 493 451 3 0.0535 256 276 500 524 6 0.0534 117 265 368 510 8 0.0529 318 409 560 647 10 0.0525 183 277 437 510 0 0.0521 307 283 559 521 7 0.0519 309 282 563 522 5 0.0517 307 400 563 643 11 0.0517 109 267 368 509 11 0.0515 365 475 630 714 13 0.0514 319 408 576 648 6 0.0514 316 405 573 645 10 0.0511 262 340 514 581 8 0.0510 245 209 480 449 6 0.0509 185 209 431 449 0 0.0507 117 208 362 455 0 0.0507 244 209 491 450 11 0.0507 365 600 629 837 3 0.0504 261 396 513 652
gcHUujxxvDFpYBYSVvmk80whE59XzxWH,11 0.0610 240 396 492 640 11 0.0592 424 459 699 700 7 0.0586 449 394 695 642 8 0.0578 270 410 617 595 11 0.0570 318 12 569 245 7 0.0548 276 407 633 594 5 0.0548 258 406 621 593 11 0.0546 304 147 562 376 0 0.0545 246 389 488 639 5 0.0540 422 448 696 696 6 0.0539 443 396 690 642 3 0.0539 445 396 688 648 8 0.0539 321 12 561 251 3 0.0537 273 411 625 598 13 0.0537 448 396 696 642 11 0.0534 307 343 559 575 10 0.0533 273 479 630 656 13 0.0532 271 407 637 594 8 0.0531 443 395 685 640 3 0.0530 310 144 561 383 0 0.0529 366 162 612 390 10 0.0528 430 459 702 701 13 0.0526 377 463 642 699 13 0.0523 374 162 627 386 0 0.0520 273 473 627 659 6 0.0515 372 346 624 579 0 0.0514 441 392 688 643 8 0.0512 309 144 552 375 11 0.0512 381 89 623 318 0 0.0511 319 10 565 252 8 0.0506 188 516 439 776 11 0.0506 235 280 496 504 10 0.0504 244 398 492 637 8 0.0501 384 88 615 319 11 0.0500 245 524 508 768
0fvCyy1EFXwwpRka97Q8O0Z19XTUpRrK,8 0.0639 516 279 765 519 0 0.0634 515 283 766 521 0 0.0630 463 206 713 444 5 0.0615 510 277 762 521 3 0.0609 519 281 768 526 5 0.0604 318 198 576 443 11 0.0603 465 210 716 444 6 0.0600 400 130 655 375 0 0.0598 396 128 651 380 7 0.0598 464 211 716 446 8 0.0598 461 207 710 440 6 0.0591 503 390 764 633 0 0.0590 322 204 582 450 6 0.0587 518 280 769 518 0 0.0585 498 391 763 634 3 0.0585 469 205 715 450 7 0.0584 519 282 769 523 11 0.0584 513 284 769 518 0 0.0579 524 142 780 390 5 0.0572 385 126 650 373 6 0.0570 338 296 697 474 3 0.0568 579 146 840 390 10 0.0568 332 298 690 474 6 0.0567 466 209 717 440 13 0.0566 456 277 714 516 8 0.0566 385 268 634 515 8 0.0561 501 390 757 632 5 0.0561 238 254 498 492 5 0.0561 495 384 756 632 8 0.0557 523 144 773 387 2 0.0555 526 213 775 444 7 0.0550 505 388 764 638 7 0.0550 342 297 693 474 8 0.0550 397 128 643 372 6 0.0548 528 144 780 383 5 0.0548 565 137 836 378 7 0.0541 573 141 843 383 13 0.0539 501 389 767 633 7 0.0537 198 336 448 568 9 0.0535 496 392 761 629 3 0.0533 444 333 704 583 0 0.0533 196 338 445 573 13 0.0532 392 201 656 444 13 0.0532 526 210 776 443 11 0.0532 379 272 642 514 5 0.0531 623 529 892 775 0 0.0530 403 1 651 244 12 0.0530 383 266 641 520 7 0.0530 399 131 658 378 8 0.0529 625 535 886 776 5 0.0529 190 333 442 565 11 0.0528 507 452 776 697 10 0.0527 512 283 770 521 0 0.0526 626 536 898 782 5 0.0526 441 55 703 298 7 0.0525 325 205 580 444 11 0.0525 399 72 655 300 0 0.0523 247 262 505 500 8 0.0523 325 207 571 442 2 0.0523 503 397 758 632 13 0.0522 201 340 453 570 10 0.0522 454 135 711 372 11 0.0520 317 209 582 443 8 0.0520 496 512 759 759 11 0.0518 247 393 511 626 3 0.0517 341 296 693 478 6 0.0514 259 388 515 628 5 0.0513 114 402 382 634 3 0.0513 634 536 894 782 13 0.0513 321 269 587 519 9 0.0512 513 280 770 518 11 0.0512 624 541 893 773 12 0.0511 516 280 768 522 6 0.0508 130 407 394 636 6 0.0507 455 63 717 298 1 0.0505 449 272 708 518 2 0.0505 459 137 711 373
zgN7lUFWMgHgfprLFPXJ8mTKOUgpvlop,5 0.0652 378 394 639 632 5 0.0607 312 454 576 690 0 0.0605 383 400 639 636 3 0.0593 386 401 640 641 11 0.0586 501 394 760 629 11 0.0579 360 532 636 761 5 0.0579 497 384 752 627 0 0.0573 316 461 578 693 7 0.0572 307 531 570 761 11 0.0569 383 401 640 633 5 0.0568 314 335 571 564 7 0.0553 386 398 643 634 13 0.0551 306 529 573 764 0 0.0550 361 528 633 770 10 0.0540 357 533 637 763 8 0.0535 361 532 626 764 13 0.0532 370 471 634 694 0 0.0531 506 388 758 631 6 0.0527 385 400 645 634 6 0.0526 318 463 579 691 11 0.0522 312 463 579 689 3 0.0522 305 532 569 765 7 0.0519 322 339 575 568 11 0.0517 662 552 1010 718 6 0.0516 361 530 637 764 5 0.0515 413 548 760 736 7 0.0514 439 538 702 767 8 0.0513 382 402 635 632 7 0.0511 509 390 764 629 10 0.0511 383 404 643 632 8 0.0509 504 390 753 627 8 0.0509 316 463 572 691 3 0.0508 324 342 571 575 3 0.0507 507 388 758 640 0 0.0507 309 203 569 435 8 0.0505 657 549 1001 719 6 0.0502 506 392 765 632
VT7SvM9u6xw2VkqeUhfpGCw7IflOUmgQ,13 0.0562 436 1 785 156 13 0.0533 266 224 518 448 11 0.0528 258 225 509 447 6 0.0527 264 224 518 449 5 0.0515 422 0 768 154 7 0.0513 439 610 708 836 7 0.0511 434 0 784 156 3 0.0508 266 136 508 381 0 0.0507 317 82 571 324 5 0.0502 254 129 503 368
8UV1IWNqmMxLUVonDmsgJwLTbvK7wksW,11 0.0616 629 612 873 828 11 0.0601 430 522 687 763 5 0.0597 298 454 569 697 8 0.0583 434 523 681 762 11 0.0580 564 535 814 747 7 0.0578 308 459 573 699 11 0.0571 302 462 567 696 8 0.0570 306 463 561 699 7 0.0567 381 521 635 766 6 0.0561 435 524 696 765 13 0.0559 310 462 575 699 5 0.0550 437 575 690 823 13 0.0541 437 521 698 765 6 0.0540 308 466 575 702 3 0.0533 306 465 570 703 7 0.0533 635 612 878 833 0 0.0532 432 526 690 765 11 0.0531 243 538 506 769 0 0.0531 307 461 568 702 8 0.0527 378 587 622 825 3 0.0527 436 525 687 771 5 0.0524 371 516 628 761 7 0.0524 512 524 766 763 5 0.0518 627 606 871 832 10 0.0516 370 528 629 764 11 0.0512 371 588 629 824 13 0.0511 259 3 514 204 2 0.0509 302 467 566 704 7 0.0509 446 578 697 828 6 0.0508 635 612 878 834 8 0.0507 629 616 871 832 9 0.0501 370 525 630 756
bBIdmPpt25urV7fxPkqI6gnon3Y2fx4J,0 0.0578 320 200 578 430 6 0.0559 324 203 581 429 5 0.0529 315 199 574 427 3 0.0528 320 205 579 437 7 0.0520 174 586 439 825 7 0.0519 323 202 581 431 13 0.0514 322 201 587 433 11 0.0512 325 140 575 367
e3GDP0ykx1l48oz9w0sxrl5GckcJAV7x,8 0.0581 386 784 618 1019 0 0.0581 383 785 627 1023 11 0.0579 386 789 624 1018 5 0.0558 380 786 621 1019 13 0.0556 390 786 633 1023 7 0.0533 388 787 629 1020 3 0.0532 386 786 625 1023 8 0.0517 648 586 885 840 6 0.0506 275 807 637 979 2 0.0502 387 790 624 1018
xRTvPCVENzGWmGjHc5rbQlyfHNT53cbq,11 0.0606 244 394 502 638 10 0.0598 249 398 505 636 8 0.0597 249 395 498 639 5 0.0593 243 386 500 637 13 0.0593 254 392 509 638 7 0.0578 251 391 505 638 0 0.0560 248 392 505 640 3 0.0544 252 394 504 643 6 0.0544 253 394 506 636 5 0.0519 552 0 907 145 11 0.0517 201 803 443 1022 8 0.0500 628 0 874 201
vXXqJkWCoTIMpdYS7AvweOqNoivDN4Ku,0 0.0621 0 798 247 1021 8 0.0581 0 799 241 1014 5 0.0579 0 794 242 1015 11 0.0573 0 417 252 632 0 0.0562 101 810 359 1023 6 0.0551 2 803 246 1013 11 0.0551 0 801 247 1017 0 0.0551 431 786 688 1010 5 0.0537 97 803 352 1017 5 0.0532 0 407 244 636 10 0.0532 0 416 251 635 0 0.0528 0 417 247 639 8 0.0524 107 807 351 1022 6 0.0519 105 814 362 1019 0 0.0519 397 398 641 633 13 0.0518 1 411 260 637 7 0.0512 2 800 252 1020 3 0.0507 3 801 245 1023 6 0.0507 2 412 253 633 7 0.0502 104 808 365 1022 11 0.0501 389 398 644 626 13 0.0501 399 395 650 633
VMpUIWZoUkx0ncTwSBxBVfX7hdspgzXz,14 1.0 0 0 1 1
iC1CSUgYNj2jbSHXx883yC9qcJ4A3hKH,8 0.0618 245 389 493 623 11 0.0615 237 394 498 619 6 0.0598 190 333 444 565 7 0.0581 243 388 500 620 5 0.0565 183 329 436 566 0 0.0560 244 450 495 686 11 0.0559 179 272 445 502 11 0.0553 111 398 384 633 5 0.0547 109 392 381 636 8 0.0545 188 329 430 566 8 0.0544 113 393 374 639 6 0.0540 120 397 386 638 0 0.0538 253 324 507 572 13 0.0535 120 396 389 639 3 0.0533 247 394 499 629 13 0.0532 189 330 447 569 6 0.0527 194 202 449 443 0 0.0521 115 397 382 639 5 0.0515 99 270 367 502 7 0.0514 118 395 387 634 0 0.0511 179 272 441 506 12 0.0507 242 393 501 623 3 0.0506 117 397 382 646 10 0.0502 113 403 379 637
JyE0Bw0g36iuKTkMF8qLQhooAgilPINH,11 0.0580 318 337 571 571 8 0.0573 383 341 627 572 5 0.0570 248 323 515 569 11 0.0568 440 340 700 573 0 0.0560 492 603 753 830 6 0.0558 322 338 573 575 7 0.0556 323 332 572 575 7 0.0552 507 677 759 899 0 0.0549 383 342 637 575 11 0.0547 488 607 755 825 0 0.0543 255 328 516 575 5 0.0543 437 336 699 574 11 0.0538 360 611 631 837 3 0.0536 322 337 570 581 10 0.0536 253 331 515 573 6 0.0523 445 340 703 575 8 0.0523 312 268 560 506 7 0.0519 448 339 706 576 8 0.0518 496 601 744 827 0 0.0517 360 606 628 845 5 0.0514 491 599 748 824 5 0.0508 179 453 447 696 13 0.0507 231 353 588 542
FUX0uLOE1yuepr6q0CqLkaV11vLAleFl,11 0.0647 247 472 493 703 11 0.0587 317 791 569 1013 7 0.0572 311 479 553 696 11 0.0568 366 665 628 895 0 0.0559 190 469 432 716 0 0.0554 381 788 633 1018 11 0.0548 297 541 561 771 8 0.0545 463 397 717 626 0 0.0542 465 398 721 627 8 0.0531 488 138 752 361 8 0.0530 314 482 539 694 5 0.0530 182 459 429 709 5 0.0530 440 196 704 433 8 0.0525 440 262 706 496 7 0.0523 191 463 435 714 3 0.0521 317 483 550 702 8 0.0517 384 785 625 1014 3 0.0516 191 470 430 720 0 0.0511 367 663 629 899 7 0.0511 375 659 635 898 3 0.0511 393 0 651 241 5 0.0510 166 201 420 436 11 0.0509 468 397 727 624 7 0.0509 320 783 574 1020 0 0.0506 311 478 547 695 3 0.0504 388 784 631 1018 5 0.0501 384 0 649 235 7 0.0501 243 540 491 775 7 0.0500 296 605 574 836
WfHeTxkwHeB71kcx1xiyFfmWg35yGyi8,11 0.0641 270 608 638 784 0 0.0615 374 591 637 835 5 0.0611 236 326 504 573 11 0.0610 232 384 504 618 7 0.0606 241 380 503 625 11 0.0599 305 276 567 499 7 0.0599 286 549 645 731 3 0.0597 245 330 504 577 8 0.0597 244 329 500 575 8 0.0594 237 451 495 686 5 0.0593 302 272 566 502 11 0.0593 272 492 652 664 8 0.0587 275 610 622 786 11 0.0581 448 536 707 767 7 0.0581 315 332 575 570 7 0.0581 249 260 503 498 8 0.0576 307 273 561 506 11 0.0575 247 527 506 756 10 0.0575 387 534 640 770 6 0.0572 243 382 507 623 3 0.0570 239 450 501 690 0 0.0569 237 450 500 691 5 0.0563 248 523 501 760 0 0.0562 306 274 570 505 0 0.0562 242 329 505 575 10 0.0558 314 394 576 618 5 0.0557 398 670 761 853 3 0.0557 310 274 567 508 8 0.0556 401 671 756 853 8 0.0556 318 392 570 622 11 0.0555 178 270 439 503 11 0.0555 442 657 710 892 10 0.0550 247 531 505 762 0 0.0549 317 392 576 626 3 0.0549 318 392 578 627 5 0.0548 383 531 637 771 13 0.0547 252 262 507 503 6 0.0545 313 273 575 504 13 0.0545 239 449 504 689 5 0.0540 175 264 439 503 13 0.0533 380 592 644 841 5 0.0533 310 388 574 621 8 0.0533 185 265 433 506 13 0.0533 315 524 573 763 2 0.0533 245 334 503 570 2 0.0529 310 280 570 503 8 0.0529 451 536 699 769 5 0.0528 175 588 435 816 10 0.0528 305 279 569 501 7 0.0527 454 535 710 764 10 0.0524 180 274 438 506 7 0.0522 396 394 650 635 0 0.0520 447 536 704 769 10 0.0520 241 335 504 573 8 0.0519 175 597 432 817 10 0.0517 175 391 440 633 6 0.0517 187 264 444 507 13 0.0515 311 335 579 572 0 0.0513 178 267 441 507 10 0.0512 277 492 649 666 7 0.0511 451 655 718 895 3 0.0510 454 535 709 774 7 0.0510 179 590 443 815 3 0.0509 380 590 639 843 11 0.0509 174 594 441 815 2 0.0506 251 532 504 763 12 0.0506 246 331 508 574 13 0.0506 453 537 712 772 3 0.0506 184 271 439 511
lhNyumg69VAcI827K40jAKmnF2UH4D7I,0 0.0653 205 604 573 788 11 0.0632 200 674 569 844 0 0.0628 376 526 626 771 11 0.0622 377 530 628 765 7 0.0610 320 529 570 767 0 0.0610 127 653 384 892 8 0.0604 246 595 497 830 5 0.0603 181 585 428 817 8 0.0596 317 526 561 767 5 0.0589 263 661 640 840 10 0.0589 200 674 566 844 7 0.0586 247 597 507 830 7 0.0586 128 590 377 815 10 0.0581 120 595 371 817 11 0.0578 200 543 568 721 5 0.0577 311 527 563 766 8 0.0567 187 534 422 768 11 0.0559 120 591 374 814 10 0.0559 275 602 649 782 6 0.0557 143 609 518 786 0 0.0553 250 455 500 698 3 0.0553 273 664 646 846 0 0.0553 126 531 374 767 6 0.0551 208 673 573 846 7 0.0547 445 531 690 768 8 0.0545 202 737 558 910 0 0.0544 193 734 572 911 5 0.0544 188 736 564 909 7 0.0544 255 456 503 696 3 0.0541 143 608 513 788 8 0.0541 442 525 679 767 12 0.0540 207 670 569 847 13 0.0539 246 595 510 832 3 0.0537 384 526 626 771 8 0.0531 250 458 491 696 5 0.0529 436 528 681 763 7 0.0529 508 466 770 717 13 0.0528 318 528 575 767 2 0.0526 206 607 574 789 3 0.0525 205 542 570 727 7 0.0519 200 739 573 912 10 0.0517 246 462 496 695 8 0.0515 509 464 759 717 9 0.0514 201 604 574 785 6 0.0514 380 528 630 770 3 0.0513 199 738 575 916 11 0.0512 509 602 764 832 1 0.0511 202 601 572 787 0 0.0510 510 396 777 647 11 0.0509 499 471 767 714 10 0.0507 440 532 689 764 6 0.0506 515 396 781 642 12 0.0504 316 528 568 769 6 0.0502 207 543 573 725
rl7Wysjij7pxAjkSCVkNDDy4NiWbAtfb,8 0.0611 3 23 230 251 6 0.0592 0 4 251 201 7 0.0572 426 803 691 1022 11 0.0557 0 3 248 199 0 0.0545 0 0 249 207 5 0.0536 0 22 238 249 11 0.0532 304 340 559 566 13 0.0531 0 3 254 203 11 0.0524 649 276 897 511 6 0.0523 314 267 560 506 0 0.0520 639 207 884 449 11 0.0519 303 222 562 449 8 0.0517 2 141 201 390 5 0.0516 0 138 208 391 6 0.0515 659 270 897 511 3 0.0511 311 269 555 511 5 0.0511 418 803 682 1019 6 0.0509 0 152 213 390 10 0.0508 0 1 249 204 0 0.0508 308 334 557 568 8 0.0504 314 265 544 505
Ho88YNNrw724pGEnHETXNsBlJw7MkAa7,8 0.0618 0 406 240 645 11 0.0554 0 412 246 644 13 0.0547 1 412 256 646 8 0.0547 524 360 883 538 11 0.0543 371 790 634 1016 6 0.0541 537 424 903 602 6 0.0533 0 416 254 640 11 0.0531 367 671 649 891 5 0.0529 0 409 242 644 5 0.0526 519 422 893 601 0 0.0526 564 345 818 578 0 0.0523 429 795 687 1019 10 0.0522 0 351 260 581 11 0.0511 612 416 964 598 3 0.0503 377 789 634 1022 11 0.0502 442 332 696 554 11 0.0501 561 344 816 573 0 0.0501 370 670 644 898 7 0.0500 433 793 691 1016
nuJePSHE24RlxruUUTkwdnywlUjsyiQv,11 0.0620 566 798 817 1020 7 0.0613 568 795 820 1021 11 0.0603 759 408 1020 630 7 0.0579 451 787 692 1021 8 0.0575 571 796 807 1023 8 0.0565 495 688 751 910 3 0.0552 514 789 755 1023 11 0.0544 627 412 902 621 11 0.0541 376 674 638 904 6 0.0541 632 410 910 618 8 0.0540 631 412 893 620 11 0.0536 444 790 691 1018 0 0.0533 10 3 270 221 6 0.0532 379 674 648 902 5 0.0531 441 779 688 1021 0 0.0526 567 797 816 1023 8 0.0522 380 673 633 903 0 0.0520 377 671 641 911 3 0.0518 584 15 833 259 7 0.0517 449 681 704 915 5 0.0515 562 792 811 1023 11 0.0515 546 691 819 902 10 0.0512 503 691 760 912 7 0.0511 552 686 824 903 5 0.0509 371 667 637 903 0 0.0509 496 690 755 920 10 0.0507 511 793 757 1016 3 0.0505 505 688 761 923 7 0.0503 0 101 262 331 8 0.0503 496 19 769 250 5 0.0500 755 398 1013 629
sLTqTyatuGE8l5PJGaGRxtrzFnSvoUlU,5 0.0644 309 727 561 973 7 0.0614 377 725 637 975 11 0.0613 312 732 560 976 0 0.0601 377 720 634 978 10 0.0588 374 729 633 971 8 0.0587 379 724 625 973 0 0.0570 567 681 823 921 11 0.0568 561 564 823 783 13 0.0564 383 725 640 975 3 0.0561 380 724 633 976 11 0.0547 372 472 628 700 7 0.0545 573 676 826 916 6 0.0540 380 725 635 970 11 0.0529 562 683 826 915 11 0.0525 441 350 690 559 10 0.0525 567 563 817 782 0 0.0524 562 562 820 792 7 0.0520 570 558 822 785 7 0.0517 373 469 631 702 5 0.0512 558 556 817 783 3 0.0512 381 473 629 710 0 0.0508 373 471 628 705 2 0.0507 318 733 565 977 8 0.0506 376 471 622 703 9 0.0506 314 732 563 973 10 0.0506 377 478 625 700
Zmmd3NjCxmajwuIwDsuZprDrOKkCDj9O,11 0.0613 439 781 699 1000 11 0.0577 0 789 249 1012 7 0.0574 441 775 706 1008 5 0.0574 0 782 240 1016 11 0.0562 440 674 704 889 3 0.0561 444 778 700 1012 0 0.0548 0 786 249 1019 7 0.0540 445 670 706 893 3 0.0539 3 785 245 1021 3 0.0538 451 674 700 898 8 0.0537 1 781 236 1019 11 0.0535 248 287 514 518 0 0.0532 245 213 511 445 11 0.0531 236 93 498 312 7 0.0531 4 780 250 1019 8 0.0529 380 789 623 1021 0 0.0528 437 776 706 1010 11 0.0523 294 796 555 1010 0 0.0521 307 339 567 572 6 0.0521 446 675 709 886 7 0.0520 300 789 557 1014 5 0.0509 371 782 624 1016 5 0.0509 240 279 508 518 8 0.0508 362 546 612 767 11 0.0507 361 546 621 767 0 0.0507 440 673 703 895 13 0.0507 318 277 585 515 6 0.0503 0 789 252 1012
sPZGIxIbSJRW9ATmtXUa95HNvnovEYcn,11 0.0623 387 399 639 634 6 0.0544 457 405 691 631 7 0.0543 395 396 641 636 7 0.0538 329 716 584 958 8 0.0537 391 395 631 636 13 0.0535 335 718 588 958 0 0.0535 392 453 645 699 11 0.0526 179 1 554 149 11 0.0524 322 717 578 954 5 0.0515 385 392 634 630 13 0.0511 455 408 688 632 13 0.0508 325 467 589 720 3 0.0506 457 403 682 638 0 0.0505 185 1 548 155
V4aZgR2FjzTxpLCB1Cbscgr7VzB4V8Mf,5 0.0616 182 331 423 566 0 0.0569 195 337 427 569 8 0.0563 108 338 358 581 13 0.0560 118 347 373 583 11 0.0560 250 334 497 562 3 0.0555 191 338 422 575 11 0.0547 303 527 565 777 11 0.0538 454 0 715 196 0 0.0535 113 272 377 520 8 0.0535 306 525 560 775 0 0.0529 619 330 880 560 0 0.0529 255 272 499 504 6 0.0529 195 336 431 569 5 0.0526 245 267 495 500 5 0.0525 616 258 877 500 11 0.0523 616 326 879 555 8 0.0521 377 464 624 700 7 0.0521 194 334 428 571 0 0.0520 373 519 638 772 5 0.0517 176 196 436 432 11 0.0516 181 408 433 639 8 0.0515 255 328 487 564 13 0.0515 119 211 388 460 5 0.0515 103 265 370 515 0 0.0510 566 210 818 440 8 0.0509 191 401 425 639 7 0.0509 447 459 707 700 0 0.0508 453 2 714 201 11 0.0507 186 264 444 495 11 0.0507 371 465 629 698 6 0.0506 582 144 840 376 7 0.0505 459 81 709 316 0 0.0504 374 397 620 642 8 0.0503 507 2 757 199 11 0.0503 451 83 706 314 7 0.0502 462 0 719 199 8 0.0502 189 257 436 499
BLjL0ST3XqR2hhwuvO15ERkNPJMCosQw,7 0.0613 311 457 589 698 11 0.0610 373 419 641 642 7 0.0594 445 457 712 696 6 0.0587 443 461 712 696 3 0.0586 314 464 591 703 8 0.0577 444 458 700 697 5 0.0570 436 448 704 695 0 0.0545 445 458 704 698 8 0.0539 308 465 579 697 6 0.0535 315 464 589 696 0 0.0534 309 457 587 701 13 0.0525 444 457 716 698 5 0.0524 308 449 582 697 3 0.0513 443 462 706 704 11 0.0508 425 354 681 569 7 0.0506 427 350 689 573 13 0.0504 315 460 595 698
vzWx9m24HVDdP9IjF1CJlHqByYRfmrro,11 0.0581 382 474 645 706 5 0.0579 310 531 583 773 11 0.0575 58 610 313 830 7 0.0561 317 534 592 780 8 0.0559 314 536 579 777 0 0.0551 381 398 633 625 11 0.0541 308 539 585 773 8 0.0540 385 473 635 706 5 0.0536 383 467 644 705 6 0.0529 319 535 590 776 0 0.0528 55 607 313 840 13 0.0528 381 535 653 767 8 0.0524 62 607 301 836 6 0.0524 379 400 638 621 11 0.0523 364 609 641 835 11 0.0518 313 341 577 580 0 0.0516 314 531 588 778 3 0.0515 378 536 647 771 10 0.0510 61 611 313 834 7 0.0505 378 396 638 627
ikVIIYCuiaWF34OgAaXB3Dp9EhGYoiZW,11 0.0590 572 411 822 652 0 0.0584 575 414 819 657 7 0.0580 390 526 636 764 3 0.0576 304 0 570 204 5 0.0576 563 343 821 587 0 0.0574 391 462 642 693 7 0.0570 450 285 712 515 5 0.0570 512 461 762 700 11 0.0569 292 0 575 196 5 0.0565 385 453 638 689 5 0.0564 363 0 630 197 0 0.0556 457 534 698 762 13 0.0555 328 522 586 771 6 0.0554 580 410 822 659 13 0.0549 588 472 833 715 5 0.0549 437 281 702 511 0 0.0548 507 346 766 587 5 0.0547 453 527 695 758 8 0.0546 454 602 688 824 11 0.0543 583 539 826 761 0 0.0542 445 287 708 513 6 0.0542 303 0 574 198 8 0.0540 300 4 560 198 6 0.0540 389 594 630 826 7 0.0540 321 455 584 693 0 0.0540 297 2 570 202 13 0.0539 530 404 776 642 11 0.0539 455 535 699 757 13 0.0538 455 465 708 691 8 0.0538 588 471 816 714 7 0.0538 384 340 643 571 6 0.0536 388 207 650 434 11 0.0536 375 131 639 358 6 0.0536 450 290 715 516 11 0.0534 447 290 712 511 7 0.0534 513 342 769 585 5 0.0533 380 583 621 824 8 0.0533 582 590 804 826 7 0.0532 522 468 769 701 0 0.0531 382 340 641 570 7 0.0530 305 0 570 201 8 0.0529 570 345 815 591 5 0.0528 371 337 636 566 3 0.0527 455 602 697 829 8 0.0527 149 1 507 141 11 0.0526 506 345 768 581 0 0.0526 387 200 642 436 13 0.0525 303 0 574 202 11 0.0525 311 215 573 431 11 0.0524 389 461 638 692 0 0.0522 315 144 565 381 5 0.0522 578 530 822 762 11 0.0519 383 591 623 823 3 0.0519 509 343 768 594 2 0.0519 447 471 702 693 3 0.0518 521 469 768 708 10 0.0517 303 400 582 628 13 0.0516 388 207 657 436 6 0.0515 510 346 771 588 13 0.0514 584 596 823 832 8 0.0514 389 529 622 759 0 0.0511 564 281 831 510 11 0.0510 379 342 639 570 0 0.0508 640 335 900 586 5 0.0508 146 0 510 142 5 0.0507 378 201 637 431 2 0.0506 526 410 770 645 5 0.0506 622 278 894 507 6 0.0506 462 536 705 759 11 0.0505 633 335 902 579 7 0.0505 390 203 647 437 8 0.0504 446 222 705 449 5 0.0504 293 276 565 503 6 0.0504 398 465 645 690 2 0.0503 446 297 710 514 7 0.0502 458 602 699 825 8 0.0502 305 281 555 505 10 0.0500 320 528 574 770
FdgSsYzgyfidTgQsXdMNidOWFMqOPWoS,11 0.0609 246 411 507 643 5 0.0591 185 459 435 705 11 0.0585 555 70 819 309 8 0.0584 192 464 433 708 11 0.0580 301 348 573 573 5 0.0578 235 339 493 572 3 0.0578 248 410 501 649 8 0.0571 559 70 806 313 11 0.0570 242 276 500 503 11 0.0568 186 468 439 706 8 0.0564 173 339 419 574 3 0.0562 190 469 438 715 11 0.0560 437 80 693 303 5 0.0553 437 72 691 306 13 0.0552 193 467 445 711 0 0.0552 170 341 427 574 7 0.0549 244 339 496 576 8 0.0548 252 405 497 645 5 0.0547 298 277 557 499 7 0.0546 189 464 438 711 6 0.0541 445 79 696 309 3 0.0541 307 350 569 582 7 0.0541 307 276 565 503 13 0.0540 174 347 435 578 0 0.0540 250 402 505 644 8 0.0537 306 275 553 506 8 0.0534 438 82 686 310 3 0.0534 446 81 696 316 0 0.0533 309 343 570 576 6 0.0531 244 341 501 577 11 0.0529 313 23 571 258 3 0.0529 170 347 425 579 11 0.0528 167 342 428 569 6 0.0527 195 467 444 706 0 0.0526 438 82 691 307 13 0.0523 251 408 511 649 0 0.0523 184 465 439 710 6 0.0511 320 17 576 258 0 0.0511 248 269 495 506 8 0.0510 320 21 564 261 13 0.0509 309 278 573 507 8 0.0508 627 18 861 251 13 0.0508 441 80 695 307 3 0.0507 324 18 572 266 3 0.0506 564 68 820 320 13 0.0506 559 68 822 312 3 0.0503 246 274 496 514 11 0.0502 313 466 581 695 10 0.0501 241 348 495 578 10 0.0501 193 470 438 709
FJA8uqXiAhy6QnxGqG26fABFwswuJddI,8 0.0617 447 323 693 571 11 0.0601 451 395 697 634 7 0.0594 453 325 700 573 0 0.0593 448 393 692 638 6 0.0590 452 391 700 637 5 0.0588 444 323 694 568 3 0.0561 452 391 699 643 5 0.0556 575 200 820 432 8 0.0554 578 205 818 434 13 0.0550 451 393 704 637 8 0.0549 637 275 871 506 11 0.0546 625 273 886 500 11 0.0544 575 205 830 428 2 0.0535 449 334 696 569 5 0.0530 626 268 882 501 3 0.0526 638 273 886 513 5 0.0520 290 513 554 760 12 0.0519 453 392 700 639 13 0.0519 637 276 890 506 3 0.0518 583 204 826 443 7 0.0516 242 785 507 1022 9 0.0508 443 328 697 568 11 0.0508 446 135 707 357 13 0.0507 582 207 832 435
MLzYpnn6Cj9IUm3fklXsMTsVKHEqunJb,8 0.0639 501 461 750 706 5 0.0637 625 329 881 584 0 0.0628 630 331 885 587 6 0.0626 635 333 888 588 0 0.0625 563 271 820 508 8 0.0625 632 334 879 590 11 0.0620 629 336 885 589 0 0.0617 504 395 754 639 11 0.0614 502 397 754 636 13 0.0613 504 464 761 707 8 0.0613 298 459 559 706 11 0.0613 301 396 564 636 7 0.0610 508 396 757 638 5 0.0603 498 391 752 636 6 0.0601 253 389 511 639 11 0.0598 378 338 628 579 5 0.0598 638 455 894 692 8 0.0597 644 458 892 699 0 0.0591 431 466 700 707 8 0.0589 447 395 691 636 11 0.0587 570 473 831 709 5 0.0586 425 461 698 703 8 0.0584 183 442 433 709 3 0.0584 509 395 755 645 7 0.0583 452 600 714 843 13 0.0583 379 464 651 710 5 0.0583 176 438 444 703 7 0.0582 249 447 506 706 13 0.0581 514 598 779 836 7 0.0580 511 270 761 519 7 0.0580 182 395 442 634 5 0.0580 503 265 753 516 3 0.0578 581 471 834 717 6 0.0575 645 456 904 696 11 0.0574 428 469 697 705 8 0.0573 509 270 750 516 6 0.0571 379 394 638 639 8 0.0570 241 524 489 790 2 0.0570 507 400 753 639 6 0.0569 434 467 701 705 2 0.0567 433 470 696 708 3 0.0565 632 335 889 595 6 0.0564 508 525 771 770 8 0.0563 249 391 495 637 5 0.0561 287 449 568 706 6 0.0561 507 394 753 639 11 0.0561 174 402 440 634 7 0.0561 510 523 774 770 0 0.0559 642 459 899 697 0 0.0559 506 527 766 773 8 0.0558 373 519 627 769 13 0.0557 632 337 892 592 11 0.0557 562 272 824 505 10 0.0557 627 335 884 585 10 0.0556 497 463 754 707 5 0.0552 562 524 846 764 3 0.0552 514 270 755 524 8 0.0552 382 336 619 575 7 0.0550 633 334 884 590 13 0.0550 577 532 856 769 13 0.0549 385 584 650 837 11 0.0549 503 525 767 771 7 0.0545 435 467 703 707 13 0.0545 185 446 448 709 2 0.0544 511 279 754 517 2 0.0542 507 528 770 769 10 0.0541 371 403 636 640 8 0.0540 576 530 839 767 0 0.0540 453 148 713 378 13 0.0539 449 398 700 638 3 0.0538 380 395 633 646 6 0.0538 189 341 445 569 10 0.0538 436 534 706 775 3 0.0537 435 466 699 712 9 0.0537 503 395 752 634 6 0.0534 321 328 571 568 3 0.0534 187 447 437 713 0 0.0533 375 395 636 640 13 0.0531 295 523 574 776 11 0.0530 566 598 837 828 3 0.0529 570 213 836 451 5 0.0529 513 140 766 372 12 0.0528 634 333 884 592 11 0.0528 288 528 563 775 13 0.0526 511 272 762 520 6 0.0525 569 272 824 509
jmeEfaHbadbEq1lNfSELIxamJqMdeGF6,5 0.0685 436 80 694 314 5 0.0671 380 0 628 203 0 0.0665 318 69 569 315 8 0.0661 318 408 571 645 8 0.0661 378 266 628 507 11 0.0660 317 410 577 645 5 0.0660 373 192 628 441 8 0.0652 388 134 628 376 11 0.0646 504 530 759 775 5 0.0645 240 340 513 576 3 0.0642 390 0 627 211 8 0.0641 376 468 634 706 8 0.0641 493 94 751 324 5 0.0641 311 65 567 312 6 0.0640 247 345 515 579 11 0.0639 321 10 573 249 13 0.0635 244 214 514 455 7 0.0634 508 454 766 704 8 0.0633 240 466 500 701 8 0.0631 323 74 561 313 8 0.0628 385 2 625 203 0 0.0625 501 456 763 703 8 0.0624 248 344 508 580 11 0.0621 237 463 508 701 8 0.0621 450 197 692 443 5 0.0621 302 270 574 510 3 0.0620 382 199 633 450 11 0.0620 572 392 835 625 6 0.0619 313 274 576 509 11 0.0619 376 471 642 706 11 0.0618 443 401 701 636 0 0.0618 318 201 579 450 11 0.0616 317 134 575 376 3 0.0615 324 131 577 383 5 0.0615 233 208 507 451 11 0.0615 307 276 578 509 3 0.0614 512 327 769 576 5 0.0614 236 461 504 700 7 0.0613 319 409 579 646 8 0.0612 506 526 752 774 5 0.0611 566 387 831 624 13 0.0611 385 202 635 444 7 0.0611 446 396 704 638 8 0.0610 447 331 694 564 0 0.0610 255 141 512 385 11 0.0609 510 328 769 566 0 0.0609 386 2 631 207 11 0.0609 374 347 635 576 11 0.0609 247 346 514 579 5 0.0609 311 407 572 644 13 0.0609 311 277 581 512 6 0.0608 319 408 580 646 0 0.0608 382 132 635 379 0 0.0608 255 11 512 247 3 0.0605 576 391 835 632 5 0.0605 441 256 698 496 2 0.0603 326 15 571 250 7 0.0603 446 136 698 375 8 0.0602 572 391 828 627 6 0.0602 245 216 511 453 7 0.0601 319 70 570 315 13 0.0600 322 133 580 378 0 0.0599 507 329 766 569 11 0.0597 443 85 697 319 7 0.0597 313 276 576 508 7 0.0596 257 140 515 383 11 0.0596 239 217 510 453 11 0.0594 376 203 632 441 12 0.0593 373 344 634 579 5 0.0593 367 340 630 574 7 0.0592 243 465 508 703 7 0.0592 452 264 701 502 10 0.0591 388 3 633 206 3 0.0590 450 83 696 326 5 0.0590 503 321 765 567 7 0.0590 251 343 513 577 0 0.0590 443 399 697 635 10 0.0589 504 532 756 775 6 0.0589 242 465 512 701 6 0.0588 506 457 763 702 2 0.0588 448 141 695 376 13 0.0587 386 1 635 203 0 0.0587 240 463 508 703 5 0.0587 439 463 701 716 13 0.0585 248 346 517 582 0 0.0584 249 343 513 582 3 0.0584 312 274 576 515 6 0.0583 377 343 638 575 2 0.0582 508 397 771 634 11 0.0582 245 80 509 320 0 0.0582 559 200 816 444 13 0.0581 512 198 764 441 0 0.0581 320 407 575 647 8 0.0580 516 261 763 504
7L5Cbz7S3lFG6S1WBvALvm2R2poopNdP,11 0.0637 445 209 700 450 11 0.0621 383 273 630 508 8 0.0613 447 207 692 452 11 0.0605 379 152 638 384 5 0.0591 441 204 695 450 8 0.0591 383 272 626 507 8 0.0582 378 147 628 386 8 0.0578 312 199 559 442 0 0.0574 389 334 632 566 6 0.0572 392 334 637 565 3 0.0572 391 335 634 573 13 0.0569 384 273 635 509 5 0.0569 562 199 827 442 0 0.0568 445 209 698 454 11 0.0566 310 201 567 441 5 0.0566 380 267 627 505 7 0.0554 508 206 774 459 7 0.0554 389 215 633 456 11 0.0554 566 203 830 444 13 0.0554 448 209 705 454 0 0.0553 304 135 568 381 3 0.0549 383 149 640 391 3 0.0548 450 207 700 458 11 0.0548 434 535 698 762 11 0.0546 252 266 504 504 6 0.0546 447 208 702 451 6 0.0545 312 140 578 378 5 0.0544 384 78 644 309 0 0.0543 257 264 498 510 13 0.0542 381 148 642 386 0 0.0541 516 142 774 379 13 0.0536 318 203 572 445 3 0.0533 569 199 828 449 0 0.0532 437 529 696 766 13 0.0532 519 141 782 381 5 0.0530 306 199 561 437 7 0.0529 391 334 635 568 10 0.0528 446 211 699 454 10 0.0528 385 276 633 505 2 0.0526 383 279 630 507 13 0.0524 445 534 701 764 11 0.0521 563 538 831 782 6 0.0520 265 265 506 508 7 0.0520 440 533 703 765 8 0.0520 443 534 690 762 7 0.0517 311 137 572 378 8 0.0517 567 198 823 442 0 0.0515 86 1 445 169 0 0.0515 639 404 886 656 13 0.0514 263 269 509 511 0 0.0510 567 540 827 789 6 0.0510 572 200 833 439 8 0.0508 258 263 495 507 7 0.0507 396 678 773 844 2 0.0506 313 206 563 440 9 0.0505 389 335 633 562 10 0.0503 566 206 828 442 8 0.0503 387 24 635 259 5 0.0503 250 261 494 504 2 0.0502 448 214 698 453 6 0.0501 391 86 650 312 6 0.0501 566 539 834 785 1 0.0500 379 269 631 508
wD5f2gvqVJUAnigh0MpRSUNJl38oMbsL,8 0.0609 247 590 485 825 8 0.0595 244 473 489 699 5 0.0592 237 468 493 697 0 0.0574 182 266 442 508 6 0.0569 243 472 495 697 11 0.0568 370 347 620 579 11 0.0563 242 593 491 826 0 0.0559 240 469 494 703 0 0.0550 286 281 636 474 11 0.0547 238 476 492 702 6 0.0544 381 348 621 582 6 0.0541 246 591 493 824 5 0.0540 238 588 490 823 7 0.0536 244 468 497 703 11 0.0536 280 285 642 468 7 0.0534 246 588 496 826 8 0.0531 318 541 566 768 0 0.0524 242 591 491 831 8 0.0517 376 347 612 583 3 0.0515 379 348 619 587 6 0.0511 290 281 642 473 13 0.0511 379 350 624 583 5 0.0511 280 279 632 466 10 0.0508 244 598 493 829
oPhEgzXfFJW6OXtu4Q0nGu4X0AjK428L,5 0.0583 305 207 575 438 11 0.0567 505 729 757 952 5 0.0557 165 135 445 386 5 0.0555 245 271 493 496 0 0.0555 386 330 643 563 7 0.0554 237 453 499 696 0 0.0546 306 210 582 437 11 0.0544 256 335 506 566 11 0.0543 385 334 645 553 8 0.0535 308 207 570 435 0 0.0535 256 334 506 572 11 0.0533 307 659 568 885 11 0.0530 435 662 697 888 7 0.0527 312 522 575 751 13 0.0526 312 207 589 441 0 0.0522 449 261 694 496 7 0.0520 369 590 631 823 11 0.0517 307 209 587 435 11 0.0516 295 461 566 687 11 0.0516 449 265 696 490 5 0.0514 448 254 691 491 8 0.0513 245 273 488 501 2 0.0511 455 273 698 495 11 0.0511 366 595 630 822 7 0.0505 315 654 571 885 11 0.0503 241 530 504 748 7 0.0503 391 331 648 562 5 0.0502 384 324 634 559 5 0.0502 366 655 632 894 8 0.0502 370 596 619 823 8 0.0500 388 332 635 561
BwQwAgnnWSpum20wrtrPQScBlX7RrFok,11 0.0605 439 653 695 898 0 0.0600 439 651 700 901 5 0.0599 436 644 697 902 8 0.0589 442 651 693 901 7 0.0563 444 652 702 904 5 0.0561 316 455 573 708 5 0.0560 321 132 577 378 10 0.0558 442 653 700 897 11 0.0554 304 327 573 569 11 0.0552 425 335 692 572 5 0.0547 244 197 505 438 0 0.0546 324 139 579 381 8 0.0543 318 456 570 709 7 0.0542 438 335 698 573 11 0.0542 319 140 584 375 0 0.0536 430 337 690 573 6 0.0536 444 652 702 902 5 0.0535 266 339 630 529 13 0.0534 182 209 452 448 5 0.0534 512 145 774 381 13 0.0533 383 652 640 895 8 0.0533 432 332 683 574 11 0.0530 241 201 510 438 11 0.0528 313 460 572 707 3 0.0527 445 653 702 907 11 0.0526 304 1 566 193 8 0.0524 309 0 557 196 8 0.0524 314 655 574 908 8 0.0522 326 143 573 379 11 0.0522 311 661 576 903 0 0.0522 317 456 575 711 7 0.0519 183 203 444 443 8 0.0518 314 261 562 507 10 0.0518 326 144 585 378 11 0.0517 182 265 448 506 11 0.0514 630 601 876 829 0 0.0512 311 257 573 505 7 0.0511 319 203 582 446 5 0.0503 307 650 575 904 8 0.0502 245 204 496 443 3 0.0502 315 659 584 918 0 0.0501 374 720 628 963
LwkajnkLIGfScfyhcTlxgNBhPKhHM3bj,8 0.0634 445 335 702 573 11 0.0625 389 324 645 568 8 0.0620 389 395 635 649 11 0.0608 456 275 718 506 0 0.0606 386 316 643 574 5 0.0594 439 332 707 568 8 0.0593 327 319 567 571 11 0.0590 314 390 569 637 3 0.0589 390 318 644 576 5 0.0585 316 317 573 566 0 0.0582 441 398 706 644 0 0.0579 316 388 567 639 11 0.0575 439 399 708 636 3 0.0574 317 388 566 646 8 0.0571 389 256 646 508 7 0.0569 392 320 643 573 3 0.0568 450 395 705 645 5 0.0563 368 119 636 356 2 0.0561 447 345 708 573 6 0.0560 388 320 649 572 13 0.0557 325 318 583 571 7 0.0555 182 445 450 697 11 0.0545 367 126 644 351 7 0.0543 321 387 567 639 0 0.0543 180 447 451 700 7 0.0542 461 269 721 513 0 0.0535 464 193 726 428 5 0.0533 382 254 651 503 7 0.0531 448 396 708 639 13 0.0530 393 251 662 505 2 0.0529 391 265 653 507 5 0.0527 383 391 640 643 13 0.0527 450 337 713 570 13 0.0527 324 455 586 702 5 0.0524 251 440 515 701 6 0.0521 457 274 726 511 8 0.0520 186 443 442 701 6 0.0518 316 387 571 638 6 0.0516 443 398 710 638 11 0.0516 195 152 453 382 2 0.0515 325 327 574 569 11 0.0513 178 449 455 696 2 0.0512 467 206 723 426 9 0.0512 439 341 706 568 0 0.0511 257 149 500 383 12 0.0509 452 340 711 573 3 0.0509 380 122 637 362 8 0.0508 470 195 715 428 0 0.0505 637 281 885 518 5 0.0501 257 141 499 380
3Y2Je5PpBtQsQhsqraWpcMpmPNCvVaMQ,11 0.0621 306 781 555 1020 7 0.0608 314 774 562 1020 8 0.0588 312 777 549 1021 0 0.0549 310 775 558 1022 8 0.0549 443 729 675 963 13 0.0545 315 777 563 1023 6 0.0545 566 142 837 381 8 0.0542 505 674 748 903 6 0.0541 312 778 561 1021 0 0.0540 563 143 829 382 11 0.0537 560 143 833 384 5 0.0530 306 772 555 1016 11 0.0526 700 269 963 513 0 0.0522 705 268 956 524 10 0.0520 312 781 558 1017 3 0.0520 313 777 556 1023 8 0.0519 563 143 824 385 7 0.0516 565 137 834 382 11 0.0514 188 401 454 637 11 0.0512 438 731 686 962 6 0.0507 199 399 456 640 0 0.0503 688 792 950 1010 11 0.0502 499 675 753 900 0 0.0502 443 727 689 969
y5WaV6conKhDuTiQzCdcs8AV1wRAqjAy,11 0.0616 519 413 767 645 7 0.0613 524 410 771 648 11 0.0598 262 259 509 503 5 0.0591 259 254 503 507 0 0.0580 516 410 767 650 8 0.0578 268 261 499 513 8 0.0572 518 411 763 647 11 0.0569 251 399 513 639 0 0.0569 268 260 507 512 13 0.0566 259 393 520 645 13 0.0560 520 415 777 647 3 0.0558 266 262 511 517 5 0.0553 515 352 754 588 6 0.0546 523 414 772 645 6 0.0545 271 257 509 510 7 0.0541 268 255 509 507 3 0.0538 256 394 514 646 0 0.0528 250 395 512 649 11 0.0526 395 190 636 427 8 0.0523 258 394 503 644 8 0.0521 765 0 1016 205 10 0.0520 518 360 765 590 5 0.0515 314 118 567 362 7 0.0511 256 395 514 642 3 0.0509 453 398 699 646 10 0.0509 266 266 505 507 8 0.0501 325 121 563 370
TgQTPifTAO3YeQxFArqhQNyu4Qn4Omvb,7 0.0662 255 772 500 1017 5 0.0652 251 768 494 1014 8 0.0650 252 773 494 1017 11 0.0636 252 773 499 1011 0 0.0615 252 771 498 1016 7 0.0611 380 791 626 1022 10 0.0611 262 713 509 961 8 0.0599 379 789 616 1023 13 0.0596 322 790 569 1023 5 0.0592 372 791 620 1017 8 0.0591 272 0 625 143 10 0.0590 320 792 564 1022 6 0.0584 320 794 568 1023 11 0.0581 376 794 620 1019 0 0.0571 378 793 624 1023 0 0.0564 255 658 510 900 5 0.0563 131 772 375 1011 11 0.0558 255 660 511 895 11 0.0557 263 2 638 144 8 0.0552 246 591 486 822 2 0.0547 318 791 566 1023 3 0.0547 258 773 496 1021 0 0.0544 244 471 494 705 5 0.0543 260 0 632 143 13 0.0542 264 710 514 961 8 0.0541 134 777 374 1017 0 0.0537 372 652 630 899 9 0.0536 254 773 499 1014 5 0.0535 251 653 502 897 11 0.0534 314 405 568 641 7 0.0531 508 784 754 1009 0 0.0529 319 521 568 770 0 0.0525 262 0 640 145 11 0.0523 314 520 562 766 10 0.0522 134 784 381 1017 7 0.0522 259 657 514 895 11 0.0522 132 786 380 1010 11 0.0520 240 467 492 704 10 0.0515 246 599 494 826 10 0.0512 372 728 633 966 8 0.0512 372 653 621 891 1 0.0512 250 768 494 1019 3 0.0510 380 792 624 1023 13 0.0509 277 2 645 147 13 0.0504 136 783 390 1015 6 0.0501 446 798 692 1023 11 0.0500 501 790 745 1013
0EOnGf54lBaUUQAIT6Ae5FWWRFAHKsVx,0 0.0562 415 602 776 791 7 0.0541 423 481 779 667 11 0.0540 346 546 696 726 0 0.0530 350 546 695 731 11 0.0530 365 606 641 836
I11gMoyvDaGepjMYhveSOz7i4CfL46UW,11 0.0596 300 330 562 564 8 0.0587 379 341 620 566 3 0.0567 308 332 559 569 7 0.0565 307 326 562 566 5 0.0552 187 413 564 596 11 0.0549 309 457 572 698 0 0.0539 316 456 575 700 8 0.0536 390 462 631 698 5 0.0535 307 449 569 697 6 0.0534 308 330 565 565 7 0.0524 314 456 577 703 5 0.0513 181 597 430 828 8 0.0507 200 416 554 597 11 0.0507 310 797 555 1023 10 0.0507 306 333 562 563 13 0.0504 318 456 583 701 0 0.0504 304 326 561 563
tNBf1GtNmlBxn7CZoyWvxQgwSrqYWnZa,5 0.0678 185 585 447 837 0 0.0674 258 513 515 757 0 0.0671 191 587 451 838 5 0.0658 258 510 514 754 11 0.0658 309 592 576 825 11 0.0657 188 586 451 834 0 0.0650 312 592 572 829 5 0.0649 571 397 822 637 5 0.0647 308 586 570 828 11 0.0646 246 458 512 702 5 0.0645 241 391 503 639 0 0.0644 186 458 439 711 7 0.0642 325 522 581 759 5 0.0635 127 452 375 698 10 0.0628 129 461 375 697 8 0.0626 192 587 446 840 7 0.0626 250 458 511 701 3 0.0624 263 514 520 760 0 0.0616 248 394 506 640 5 0.0615 376 397 634 643 11 0.0615 391 529 644 770 6 0.0615 192 585 453 835 5 0.0615 391 521 639 771 0 0.0608 510 393 762 636 3 0.0608 131 455 378 705 11 0.0608 442 397 701 639 8 0.0607 382 397 632 645 0 0.0606 381 400 638 647 5 0.0603 399 353 755 526 13 0.0602 450 398 700 641 6 0.0598 262 514 520 756 3 0.0597 448 396 698 642 2 0.0597 262 517 520 758 11 0.0596 126 460 380 700 2 0.0595 380 403 639 647 3 0.0594 194 589 451 840 10 0.0593 192 521 443 761 8 0.0592 130 453 373 701 2 0.0592 250 398 505 640 8 0.0591 407 354 754 528 5 0.0591 308 333 565 576 11 0.0589 311 339 572 578 13 0.0588 265 515 525 759 3 0.0588 318 592 575 833 11 0.0587 558 343 818 576 7 0.0587 193 588 452 837 8 0.0585 248 455 503 705 3 0.0585 401 527 646 778 0 0.0583 393 529 640 776 10 0.0582 322 524 580 758 8 0.0581 512 392 756 633 11 0.0580 386 283 646 516 6 0.0576 517 393 764 632 6 0.0575 315 592 578 827 8 0.0575 324 520 574 759 8 0.0574 313 338 566 578 10 0.0574 250 594 512 826 6 0.0573 190 460 444 710 3 0.0570 316 338 567 584 13 0.0569 195 588 455 838 3 0.0569 247 394 505 644 7 0.0568 512 392 764 635 6 0.0566 398 528 649 772 9 0.0564 192 517 446 760 0 0.0564 144 390 388 625 0 0.0564 256 283 506 526 7 0.0563 381 400 640 643 2 0.0563 283 349 633 533 3 0.0559 391 282 642 523 10 0.0558 190 400 434 636 11 0.0558 184 395 439 638 2 0.0558 514 396 766 634 13 0.0556 316 594 581 830 6 0.0555 279 346 644 534 7 0.0554 191 390 439 635 13 0.0554 403 530 646 773 5 0.0554 505 523 760 755 7 0.0554 131 454 380 700 6 0.0553 383 402 642 645 13 0.0553 287 346 641 535 0 0.0553 404 356 763 530 2 0.0553 189 463 438 711 13 0.0553 188 458 448 714 3 0.0551 577 401 823 642 7 0.0551 316 339 572 579 6 0.0548 250 396 510 640 7 0.0548 394 217 645 457 2 0.0547 194 590 452 837
Jn6vZDiEp3PLgN0Ctwe1DcUXd3vDgk50,5 0.0616 373 203 636 427 7 0.0593 185 342 450 583 7 0.0572 244 278 499 506 13 0.0563 577 30 828 265 13 0.0558 242 279 499 508 11 0.0555 319 394 569 632 11 0.0555 237 280 494 508 5 0.0553 317 332 576 571 8 0.0552 323 339 570 573 11 0.0551 561 3 825 217 8 0.0546 562 0 815 221 0 0.0539 319 394 568 640 6 0.0538 569 2 827 217 7 0.0537 329 334 580 573 3 0.0533 570 0 821 225 5 0.0532 259 384 502 631 8 0.0532 239 276 483 509 5 0.0528 561 0 817 214 0 0.0527 252 337 509 575 8 0.0525 179 339 433 590 8 0.0523 266 386 495 632 8 0.0521 386 402 634 640 3 0.0518 328 392 566 644 10 0.0515 386 215 645 424 6 0.0514 459 335 712 569 0 0.0513 238 228 492 463 2 0.0513 323 343 575 573 5 0.0513 454 326 703 567 7 0.0512 320 437 580 687 13 0.0512 323 336 585 577 8 0.0512 455 329 702 572 3 0.0511 253 333 505 581 5 0.0509 235 274 488 507 11 0.0506 176 347 445 586 10 0.0505 567 7 822 216 0 0.0504 565 0 820 219
wbS8UN2QQUuxtx96pTPWcclkxFMRMCDv,5 0.0583 330 585 589 843 8 0.0582 388 267 648 506 6 0.0569 339 665 595 902 11 0.0566 389 271 656 510 5 0.0563 381 261 650 500 0 0.0558 2 1 251 211 6 0.0557 52 1 313 211 0 0.0553 387 263 651 506 6 0.0552 268 732 516 960 0 0.0551 583 393 838 637 2 0.0551 441 213 701 437 5 0.0545 457 332 711 569 0 0.0544 530 325 773 565 5 0.0542 259 652 520 885 0 0.0539 0 783 238 1019 0 0.0539 337 664 585 902 7 0.0537 391 269 658 508 5 0.0536 444 453 707 697 6 0.0530 590 395 845 634 8 0.0527 464 331 705 573 11 0.0524 0 789 235 1007 5 0.0524 0 0 252 205 10 0.0523 390 271 656 506 11 0.0522 463 340 712 571 13 0.0520 393 267 662 508 6 0.0520 460 274 720 503 5 0.0518 579 392 838 633 8 0.0517 198 733 441 960 11 0.0516 333 665 589 894 3 0.0516 469 335 712 577 5 0.0513 387 524 655 764 2 0.0513 515 278 771 497 8 0.0511 264 802 496 1023 6 0.0510 342 804 580 1021 11 0.0510 514 273 767 498 5 0.0509 329 716 565 955 6 0.0508 537 327 784 559 7 0.0506 470 335 714 575 0 0.0505 448 456 709 702 3 0.0504 389 187 653 445 7 0.0503 454 458 712 700 0 0.0503 125 0 377 235 7 0.0502 338 592 600 843 8 0.0502 6 0 242 204 11 0.0501 581 397 842 632
Inlkk4x40wH38ScDJXJfnnyI1Y1hYcUt,11 0.0558 476 528 751 770 6 0.0556 568 450 820 691 8 0.0543 564 447 807 688 6 0.0522 479 525 756 768 11 0.0518 564 454 821 688 5 0.0515 559 443 812 692 0 0.0511 560 519 817 766 3 0.0509 566 452 817 697 13 0.0508 562 522 822 763 0 0.0504 500 392 765 644 7 0.0503 567 517 819 763
VjFfszIByM3ndjfxquWPchmqDzmBWiCZ,5 0.0619 173 783 426 1016 11 0.0614 175 785 430 1016 7 0.0601 180 784 434 1019 8 0.0600 176 785 426 1019 0 0.0574 178 784 431 1022 10 0.0569 176 790 431 1019 13 0.0543 181 788 438 1021 8 0.0537 244 718 491 952 6 0.0535 178 791 434 1019 11 0.0534 242 721 499 950 2 0.0527 179 788 433 1021 7 0.0521 247 721 501 951 5 0.0520 240 718 492 953 0 0.0520 244 719 496 959 5 0.0509 0 732 243 962 10 0.0505 241 722 502 953
dXcrizUcPm106weOlRyePRiGYS8dXT3K,5 0.0579 303 661 575 896 8 0.0572 226 0 561 151 11 0.0565 175 402 443 647 11 0.0559 299 667 571 896 0 0.0557 380 0 639 201 7 0.0556 183 395 443 648 3 0.0556 383 0 634 204 5 0.0555 117 471 376 717 5 0.0551 174 392 439 645 5 0.0551 108 580 372 835 7 0.0534 309 668 579 901 11 0.0532 212 2 573 150 8 0.0530 382 2 625 198 8 0.0530 308 668 567 902 11 0.0523 389 155 650 366 11 0.0522 376 2 636 198 0 0.0520 308 666 574 902 6 0.0520 384 0 642 198 8 0.0520 588 405 833 635 3 0.0516 224 0 575 156 13 0.0516 221 0 587 154 5 0.0515 210 0 571 150 5 0.0512 378 0 633 197 5 0.0510 577 409 836 634 6 0.0508 184 403 444 651 8 0.0505 430 687 690 917 11 0.0505 242 22 507 271 6 0.0505 224 0 581 154 8 0.0505 118 471 370 724 11 0.0503 423 688 700 914 7 0.0502 439 0 697 204 8 0.0502 251 23 498 270 11 0.0501 118 478 384 719
NNv9KPbTjGqOhWGl93mYXr4UKjJytwvL,0 0.0640 257 709 512 964 8 0.0633 254 779 498 1023 5 0.0631 378 782 629 1018 5 0.0613 254 705 505 959 8 0.0611 133 660 378 902 11 0.0608 249 786 505 1020 13 0.0606 254 787 509 1023 8 0.0604 383 783 626 1023 6 0.0601 384 790 633 1023 7 0.0590 258 710 513 961 11 0.0588 380 786 632 1018 7 0.0588 384 784 636 1023 5 0.0576 181 786 425 1018 0 0.0574 317 788 568 1023 0 0.0568 131 657 386 907 13 0.0565 386 788 636 1023 7 0.0565 188 791 435 1023 10 0.0541 255 715 510 958 6 0.0541 259 713 514 962 7 0.0539 136 662 386 903 0 0.0537 185 788 430 1023 5 0.0532 129 658 382 901 3 0.0527 262 711 511 966 9 0.0523 378 786 632 1018 6 0.0521 139 663 388 901 11 0.0520 135 664 386 896 10 0.0518 382 788 630 1020 6 0.0518 186 793 436 1023 3 0.0514 319 787 571 1023 10 0.0514 180 788 434 1023 10 0.0511 129 665 385 902
h6JLpfoIcpvgyqhUTRvvrslffi9KsV83,11 0.0545 136 782 388 1006 7 0.0526 144 778 391 1009
Y7P4pSH3JY42hZUPrm95IiPrvrNdRpBR,0 0.0621 413 349 779 534 0 0.0601 380 134 627 374 8 0.0598 540 359 878 542 0 0.0595 520 142 777 384 5 0.0592 571 287 842 511 11 0.0589 519 148 782 378 8 0.0585 264 732 620 903 11 0.0582 380 132 628 369 0 0.0581 637 311 908 512 5 0.0578 508 208 767 441 11 0.0577 637 311 912 508 0 0.0576 576 220 842 443 8 0.0572 512 211 765 442 5 0.0570 446 134 696 375 6 0.0563 554 363 898 542 5 0.0558 413 347 774 532 3 0.0557 456 137 699 378 11 0.0557 249 735 634 902 0 0.0553 435 402 698 643 7 0.0550 543 359 896 541 11 0.0548 576 225 845 437 8 0.0545 448 137 694 375 3 0.0543 514 215 769 447 11 0.0541 436 405 697 634 6 0.0541 456 138 702 375 7 0.0537 514 281 768 510 0 0.0535 317 735 686 914 11 0.0535 509 282 767 507 3 0.0533 581 294 843 517 3 0.0531 448 280 691 511 7 0.0530 582 151 839 381 10 0.0526 513 215 770 441 7 0.0524 388 131 631 374 13 0.0522 515 213 776 445 13 0.0521 447 276 696 508 13 0.0519 456 140 704 380 7 0.0517 178 657 427 886 8 0.0516 444 277 685 503 11 0.0514 227 793 498 1021 6 0.0513 581 155 837 381 6 0.0513 513 211 772 441 2 0.0512 514 287 767 507 5 0.0510 250 730 631 903 8 0.0509 438 403 688 636 11 0.0508 276 610 643 788 7 0.0506 263 732 638 903 7 0.0506 231 791 501 1021 10 0.0504 455 140 700 374 2 0.0504 354 229 708 412 8 0.0503 582 153 830 384 7 0.0503 442 402 702 636 10 0.0500 577 293 842 513
Ku9cXgW1jJRH4WLd0w0sIwvtxUrVoDLf,0 0.0595 2 98 251 339 0 0.0567 0 0 252 206 8 0.0552 5 92 241 334 11 0.0551 766 480 1023 696 11 0.0550 0 1 255 204 10 0.0545 3 97 251 331 5 0.0542 321 649 706 849 5 0.0541 229 512 495 757 11 0.0541 289 726 552 954 11 0.0540 2 94 254 332 0 0.0533 328 655 709 852 7 0.0532 9 97 257 334 8 0.0530 0 0 242 205 0 0.0528 765 475 1020 699 13 0.0525 10 97 258 339 7 0.0525 338 656 716 851 11 0.0521 323 659 707 845 6 0.0521 8 97 256 337 5 0.0519 4 90 243 333 6 0.0519 5 1 255 205 5 0.0516 575 518 833 753 3 0.0515 5 0 255 211 7 0.0513 78 0 331 206 8 0.0513 409 655 765 848 5 0.0512 0 0 247 201 8 0.0507 234 517 492 760 3 0.0506 10 99 254 340 0 0.0505 235 518 502 763 8 0.0505 305 459 565 700 13 0.0504 297 719 559 955 0 0.0503 290 718 555 960 10 0.0502 0 3 252 204
DFGrHv2e61CEcV4C3rppkjKfMX9QiGF2,7 0.0606 501 787 751 1020 5 0.0604 493 783 741 1014 7 0.0588 382 785 635 1023 8 0.0583 559 812 808 1021 11 0.0571 439 784 689 1017 13 0.0560 446 784 697 1023 11 0.0558 556 812 813 1020 0 0.0554 499 784 746 1021 11 0.0553 490 713 750 934 13 0.0548 563 813 823 1023 13 0.0541 316 792 572 1023 5 0.0539 373 778 624 1020 5 0.0531 607 813 865 1022 8 0.0530 445 781 683 1021 6 0.0527 446 786 696 1021 6 0.0518 558 819 819 1020 3 0.0518 561 812 812 1023 11 0.0514 441 341 700 572 0 0.0508 616 815 870 1023 3 0.0508 447 781 689 1023 10 0.0504 440 783 690 1023 13 0.0504 499 713 757 943 11 0.0503 379 407 648 642
qmw4kkobaFvmqlHwQyzGPzIFVa5y7ZAl,8 0.0621 111 611 358 848 0 0.0585 315 602 554 839 5 0.0582 437 340 709 582 0 0.0562 113 548 376 785 0 0.0549 380 331 649 573 11 0.0547 113 616 370 841 11 0.0546 372 606 627 823 5 0.0544 381 265 648 501 8 0.0544 326 668 555 900 11 0.0535 443 344 713 579 11 0.0534 312 669 565 896 0 0.0533 320 723 569 967 7 0.0531 376 603 628 825 5 0.0530 313 600 554 834 6 0.0528 316 609 558 834 11 0.0526 252 795 500 1016 8 0.0526 435 398 696 648 3 0.0524 447 345 709 590 6 0.0524 375 461 647 714 13 0.0523 384 329 658 573 11 0.0521 376 735 635 948 0 0.0519 373 225 644 447 6 0.0517 441 397 714 649 13 0.0517 113 611 376 848 8 0.0515 381 331 638 571 0 0.0515 385 672 640 895 8 0.0511 256 793 491 1018 8 0.0511 377 224 635 444 3 0.0511 389 271 650 508 7 0.0508 372 795 639 1018 8 0.0506 373 796 623 1013 3 0.0504 377 796 634 1019 6 0.0504 383 327 656 572 0 0.0503 445 727 699 955 6 0.0501 320 727 576 959 13 0.0500 317 606 562 836
Hy7tn22RxCNhuziygAVF1MnOQFNEbxT7,5 0.0689 189 778 433 1019 5 0.0674 128 707 368 955 0 0.0661 192 706 434 958 0 0.0647 130 652 374 893 8 0.0641 193 777 432 1019 5 0.0637 253 703 502 957 7 0.0636 191 708 436 958 11 0.0634 128 655 377 889 7 0.0628 254 656 501 894 8 0.0619 320 775 562 1023 11 0.0619 192 782 433 1015 0 0.0618 124 779 368 1019 7 0.0617 258 781 505 1023 7 0.0616 255 461 498 702 0 0.0615 258 783 502 1023 10 0.0612 127 658 374 891 7 0.0608 375 657 638 896 10 0.0607 188 713 435 954 11 0.0606 306 655 567 894 8 0.0606 130 651 369 892 5 0.0599 316 777 561 1019 11 0.0595 120 532 376 763 7 0.0595 127 778 372 1019 7 0.0594 383 778 633 1023 8 0.0590 255 657 492 893 10 0.0588 250 660 500 895 11 0.0587 318 782 566 1019 10 0.0587 254 788 503 1021 6 0.0576 193 785 433 1021 3 0.0573 192 706 434 958 5 0.0573 125 576 369 818 13 0.0571 195 782 438 1021 13 0.0570 131 710 375 956 6 0.0559 258 709 505 958 6 0.0558 133 713 370 955 6 0.0557 321 785 568 1023 0 0.0555 373 655 636 899 0 0.0550 379 782 630 1023 10 0.0549 371 661 636 895 3 0.0548 258 781 502 1023 13 0.0545 323 782 570 1023 9 0.0542 127 710 370 952 2 0.0541 193 785 433 1020 10 0.0540 124 782 369 1015 3 0.0539 376 659 638 904 9 0.0539 191 782 437 1018 8 0.0539 374 659 630 896 0 0.0538 122 530 377 764 7 0.0537 443 460 693 687 13 0.0537 376 662 643 901 7 0.0535 127 519 380 764 3 0.0535 129 780 370 1023 13 0.0532 132 582 379 824 3 0.0532 381 783 630 1023 11 0.0532 249 468 492 701 11 0.0531 687 817 948 1013 6 0.0531 375 658 638 894 8 0.0531 124 527 368 763 12 0.0530 192 707 434 957 7 0.0528 304 327 566 563 6 0.0526 130 579 373 825 13 0.0526 258 707 508 960 8 0.0525 307 333 554 556 2 0.0523 256 711 502 960 10 0.0517 378 784 628 1019 8 0.0516 247 405 487 641 7 0.0513 123 404 383 644 11 0.0511 438 464 691 686 1 0.0510 127 650 375 890 8 0.0510 237 264 498 497 2 0.0510 130 713 369 957 1 0.0510 375 774 630 1023 3 0.0508 302 334 565 566 0 0.0505 304 331 565 562 12 0.0504 125 778 367 1022 4 0.0504 132 656 377 893 5 0.0503 297 328 567 560 2 0.0502 320 784 568 1023 9 0.0502 316 782 567 1020
64rITQpde6knt1Skka2BGdtZpeuNPpSn,5 0.0573 425 271 681 504 3 0.0556 435 278 688 513 11 0.0550 123 797 374 1010 13 0.0550 132 792 377 1012 8 0.0539 376 259 630 502 8 0.0536 133 793 368 1013 6 0.0523 505 415 757 656 11 0.0517 370 267 637 497 5 0.0515 123 792 372 1005 6 0.0511 578 535 827 773 3 0.0509 137 792 371 1016 0 0.0502 374 264 637 504 5 0.0500 312 253 569 503
YO64wCiO3DCbHUoCPsSIMSknKXA5xb2s,5 0.0530 764 778 1019 1023 0 0.0526 765 784 1023 1023 8 0.0514 770 784 1018 1023 6 0.0512 773 784 1023 1021
x1z5BB9cBtpwhE7zvRhSJjIHx832z4Yj,0 0.0595 0 39 259 258 8 0.0590 4 34 248 251 5 0.0570 0 30 249 251 7 0.0502 197 665 443 887 11 0.0502 44 2 326 188 3 0.0501 4 33 255 260
pEe20kuh5mCCn8fHLrIfopPtb8rvQOAJ,11 0.0600 305 796 552 1021 13 0.0576 310 796 560 1023 11 0.0574 345 410 709 598 0 0.0570 442 152 694 380 8 0.0570 441 152 689 380 7 0.0566 309 792 561 1023 6 0.0557 442 154 699 379 5 0.0555 432 150 692 376 0 0.0546 354 409 707 603 5 0.0544 300 789 547 1018 0 0.0539 304 790 552 1023 8 0.0538 357 408 696 603 11 0.0532 559 225 813 455 5 0.0530 553 146 808 386 13 0.0527 444 156 703 379 3 0.0527 309 794 554 1023 10 0.0527 305 799 554 1023 11 0.0526 441 152 693 378 8 0.0525 562 223 804 459 9 0.0518 438 158 695 377 0 0.0517 565 224 811 457 6 0.0516 355 408 715 602 8 0.0514 310 789 547 1023 3 0.0506 422 417 764 614 7 0.0506 362 405 709 601 3 0.0504 572 286 814 526 10 0.0501 437 157 697 380
sW6wgoPLoKAApufwcfftn7uMqQlpLtMr,8 0.0614 552 736 813 971 11 0.0603 555 810 804 1023 0 0.0597 497 733 763 977 8 0.0580 247 92 499 326 11 0.0574 368 19 631 251 0 0.0568 251 151 519 389 8 0.0561 373 18 626 247 0 0.0553 372 20 632 252 7 0.0549 372 21 635 252 5 0.0545 366 12 628 248 3 0.0541 499 734 761 979 11 0.0539 309 733 558 962 7 0.0533 314 731 568 964 7 0.0530 499 731 767 977 5 0.0528 555 805 802 1021 13 0.0526 376 20 642 249 5 0.0524 248 148 512 380 13 0.0523 258 153 522 388 6 0.0521 501 734 761 973 11 0.0520 249 154 516 382 6 0.0520 374 22 639 249 10 0.0518 495 739 762 973 7 0.0515 254 93 513 324 10 0.0505 371 23 634 250
jHtKU0WuMZcQlffjLpu0z18Ysi3mwxDr,11 0.0581 247 530 504 759 11 0.0563 121 406 390 646 0 0.0556 438 543 693 776 7 0.0547 254 524 505 762 6 0.0545 252 529 506 762 11 0.0541 154 351 511 537 11 0.0539 438 549 691 763 3 0.0533 256 528 500 766 8 0.0524 251 527 497 763 0 0.0518 159 351 498 542 10 0.0511 252 531 501 759 11 0.0509 186 2 574 154 6 0.0503 115 283 383 516 7 0.0501 444 542 697 765
HI64421POGjUnpGvD7Pey84y7trj8j3j,11 0.0606 371 606 633 843 5 0.0599 192 465 443 705 5 0.0597 371 604 626 845 7 0.0593 198 467 451 708 8 0.0587 197 468 445 706 11 0.0582 357 726 624 960 8 0.0580 377 604 624 845 11 0.0577 252 466 519 706 11 0.0577 184 662 446 902 0 0.0569 373 603 631 851 0 0.0567 359 720 624 967 6 0.0566 195 467 452 706 11 0.0565 243 791 494 1014 11 0.0564 128 475 380 701 7 0.0562 377 605 635 846 6 0.0561 316 598 580 851 8 0.0560 192 654 438 904 0 0.0560 256 463 519 709 7 0.0554 190 661 447 904 3 0.0554 376 605 634 854 8 0.0553 257 405 508 643 11 0.0552 196 408 452 643 10 0.0551 314 603 575 848 0 0.0548 244 787 494 1020 13 0.0547 321 602 581 853 6 0.0547 262 405 519 640 5 0.0546 311 665 567 908 13 0.0545 251 787 505 1018 7 0.0544 259 402 520 641 5 0.0541 254 403 512 639 10 0.0540 185 663 443 901 0 0.0539 186 658 444 908 7 0.0537 361 722 630 964 7 0.0533 245 787 502 1016 8 0.0532 129 406 384 645 0 0.0531 124 471 374 705 10 0.0531 126 471 374 703 5 0.0531 130 404 384 642 8 0.0529 364 720 617 963 13 0.0528 258 465 524 712 10 0.0528 256 468 517 704 8 0.0527 248 784 487 1015 5 0.0527 182 656 435 899 3 0.0527 259 463 523 715 13 0.0517 313 724 572 968 2 0.0511 315 605 576 852 2 0.0508 258 469 520 709 10 0.0502 301 725 562 963 13 0.0500 132 473 387 706
DqGmczhlcNmobGPjCntj0TRtneFYPAbe,11 0.0599 249 726 495 949 0 0.0579 249 725 489 954 11 0.0571 321 795 559 1016 5 0.0555 233 259 505 495 0 0.0553 371 711 616 941 0 0.0550 322 793 558 1023 8 0.0545 324 791 549 1020 11 0.0545 366 714 616 933 7 0.0534 254 728 494 947 11 0.0532 444 787 678 1001 0 0.0530 447 782 681 1009 7 0.0526 388 790 622 1013 8 0.0525 447 784 670 1006 11 0.0521 318 269 588 494 13 0.0505 242 261 516 507 5 0.0505 244 723 487 948 5 0.0503 441 781 674 1003 3 0.0501 325 792 561 1023
DLy0vMZCOoOh1rnn4D70N9JABTgrXhN6,11 0.0627 636 96 889 316 5 0.0604 567 334 818 571 8 0.0600 572 258 819 501 11 0.0597 565 389 820 621 11 0.0581 370 145 642 375 13 0.0573 576 263 830 499 8 0.0571 574 14 813 249 3 0.0570 576 259 825 510 0 0.0568 640 95 890 318 13 0.0557 579 134 833 373 8 0.0556 637 327 874 553 6 0.0555 576 195 824 432 11 0.0553 629 331 881 552 8 0.0552 572 129 822 372 5 0.0549 302 271 574 495 0 0.0547 573 15 821 251 0 0.0547 309 275 578 502 11 0.0547 568 264 825 499 11 0.0547 0 660 244 880 7 0.0546 576 14 822 252 11 0.0546 0 793 238 1015 0 0.0545 571 194 822 434 11 0.0544 571 17 821 249 6 0.0542 644 99 892 316 7 0.0540 576 133 832 377 13 0.0540 378 143 651 384 5 0.0539 570 191 818 431 7 0.0539 573 263 828 506 0 0.0537 0 793 240 1021 3 0.0535 574 15 819 254 13 0.0534 313 275 587 505 5 0.0534 624 34 877 258 13 0.0533 573 389 827 620 8 0.0532 572 384 817 620 11 0.0530 304 277 578 498 0 0.0528 372 143 637 379 6 0.0528 575 339 827 573 0 0.0527 576 341 824 571 2 0.0525 572 345 824 571 5 0.0524 0 784 234 1014 13 0.0523 578 17 827 252 3 0.0522 575 134 826 379 8 0.0519 7 787 231 1017 2 0.0517 574 22 821 253 10 0.0517 372 147 637 380 0 0.0517 251 326 504 581 7 0.0517 573 385 826 626 13 0.0516 254 328 511 584 8 0.0515 309 275 568 502 2 0.0514 573 137 830 374 0 0.0512 571 463 818 692 5 0.0509 368 137 633 378 7 0.0508 378 144 645 380 0 0.0507 0 657 236 890 11 0.0507 247 331 504 574 3 0.0506 572 384 820 629 13 0.0505 635 332 888 556 7 0.0505 0 659 240 889 8 0.0505 376 144 633 379 5 0.0503 561 0 930 152 5 0.0502 564 455 811 689 10 0.0502 575 80 829 311 0 0.0500 65 347 315 583
UlVGc62dVshFChF7lGks79kZE8XmFoUW,5 0.0602 355 295 618 533 5 0.0568 437 212 689 455 5 0.0565 377 142 629 379 11 0.0559 426 291 697 530 8 0.0554 384 146 628 384 8 0.0552 366 304 612 537 0 0.0552 442 220 701 462 13 0.0547 386 144 640 380 3 0.0539 384 145 633 387 11 0.0538 381 147 632 379 0 0.0536 383 142 637 383 8 0.0536 444 216 689 456 7 0.0528 430 295 704 533 11 0.0526 363 528 630 773 3 0.0525 447 220 695 463 6 0.0518 447 141 693 382 5 0.0514 359 523 623 770 10 0.0513 382 152 637 382 0 0.0511 364 302 624 542 3 0.0509 369 302 617 544 7 0.0509 446 141 698 384 3 0.0509 369 530 628 778 13 0.0508 446 218 699 456
NJvHpaZLMRJmIWglidh54LUTDGCt1nz2,8 0.0626 126 534 379 776 11 0.0616 118 471 391 704 8 0.0610 56 474 306 723 11 0.0604 124 141 383 364 11 0.0602 117 587 382 821 7 0.0591 125 581 384 826 5 0.0566 122 524 387 772 11 0.0559 112 345 386 573 11 0.0550 187 670 451 891 8 0.0550 127 408 376 656 5 0.0548 50 469 313 717 5 0.0539 179 120 428 354 7 0.0536 382 780 647 1016 7 0.0534 189 667 453 894 0 0.0533 123 584 382 832 6 0.0530 124 339 384 576 10 0.0529 116 351 383 573 0 0.0528 127 469 388 713 0 0.0525 127 138 376 371 11 0.0524 191 401 455 636 13 0.0521 183 540 446 778 8 0.0520 131 134 373 372 8 0.0519 552 468 884 663 6 0.0517 129 469 388 711 3 0.0513 133 533 387 779 13 0.0512 69 352 336 581 3 0.0509 203 395 446 647 5 0.0507 54 348 319 578 8 0.0507 193 468 435 710 13 0.0505 387 782 653 1015 0 0.0505 187 665 450 898 6 0.0504 193 125 435 352 0 0.0504 121 342 380 575 0 0.0502 379 778 645 1014 11 0.0500 547 469 893 661
dNRSgWF82Un7sYJXcz9SIUWUiKKVfRAW,8 0.0689 201 678 539 856 5 0.0658 331 672 694 853 8 0.0657 339 673 693 854 5 0.0654 499 774 744 1011 0 0.0654 270 674 625 855 5 0.0650 496 661 755 897 0 0.0638 505 722 756 963 11 0.0636 432 657 698 895 11 0.0636 261 674 621 851 0 0.0634 397 612 766 787 11 0.0631 391 612 762 786 7 0.0629 511 600 760 832 8 0.0629 500 774 743 1013 7 0.0624 454 526 705 758 0 0.0621 567 672 831 902 8 0.0618 499 662 755 898 7 0.0617 575 668 835 898 7 0.0614 502 775 754 1014 11 0.0613 504 723 755 958 7 0.0613 203 677 550 856 0 0.0606 66 673 425 850 6 0.0602 439 658 701 898 0 0.0599 457 329 707 564 5 0.0597 242 590 499 832 5 0.0595 516 533 764 761 8 0.0595 459 330 700 561 10 0.0594 128 685 484 850 10 0.0593 401 678 759 854 11 0.0591 455 331 707 559 5 0.0590 457 326 705 559 11 0.0586 568 674 829 896 6 0.0585 508 724 759 961 13 0.0578 442 655 704 895 6 0.0577 508 605 760 833 6 0.0574 131 682 493 849 5 0.0573 61 673 416 848 13 0.0572 504 779 756 1013 10 0.0567 568 675 829 900 11 0.0567 515 479 773 700 8 0.0566 518 535 763 764 11 0.0566 305 716 559 964 5 0.0565 176 719 432 961 13 0.0564 271 674 628 853 3 0.0562 448 597 696 833 6 0.0560 572 674 834 900 3 0.0558 273 674 623 856 2 0.0555 445 601 695 828 0 0.0554 392 262 649 499 5 0.0552 303 709 557 963 7 0.0551 522 476 775 703 10 0.0550 504 725 755 959 3 0.0547 504 663 761 901 13 0.0544 454 529 706 759 1 0.0544 497 656 758 899 2 0.0544 268 677 622 854 7 0.0541 306 711 564 971 8 0.0537 127 709 381 961 6 0.0535 310 717 565 970 7 0.0533 457 331 711 562 12 0.0532 339 674 698 856 8 0.0530 393 264 639 493 3 0.0530 503 777 750 1017 2 0.0527 503 781 749 1016 6 0.0527 69 618 320 833 6 0.0526 458 337 711 563 0 0.0523 307 713 561 972 13 0.0523 459 333 715 563 12 0.0522 504 663 759 901 9 0.0522 261 675 618 848
gIEreHrCthezjE3NjX66ufiuq2iwCj2q,0 0.0595 506 529 759 763 11 0.0592 428 524 693 762 11 0.0584 418 666 692 896 8 0.0567 494 663 746 888 8 0.0559 506 526 753 761 11 0.0551 255 729 517 953 0 0.0549 370 584 635 826 7 0.0542 435 521 698 763 0 0.0540 421 663 689 900 7 0.0540 495 607 765 832 11 0.0539 486 610 761 825 8 0.0535 567 593 811 809 8 0.0534 368 587 629 827 7 0.0531 428 663 695 901 5 0.0529 489 603 757 830 5 0.0526 365 582 630 826 6 0.0524 434 524 699 766 6 0.0522 489 610 766 829 11 0.0517 375 394 637 630 13 0.0516 510 526 764 761 3 0.0512 430 664 693 905 5 0.0512 419 658 686 900 3 0.0511 200 729 463 962 5 0.0503 429 518 691 763 8 0.0502 307 713 566 949 0 0.0502 310 710 572 945
zZrYDF6noKug1nKldZjdYGhAZh639i1p,0 0.0581 578 476 827 716 8 0.0555 584 473 824 710 5 0.0548 578 472 823 711 11 0.0546 579 474 830 709 2 0.0520 584 479 829 714 13 0.0509 586 473 835 711 6 0.0504 586 475 833 711
h1l3uvsDWTTiZyPp0NkelyMKJ6JT77jn,7 0.0633 146 865 516 1023 8 0.0591 143 864 500 1023 5 0.0583 134 861 506 1020 11 0.0577 142 869 515 1022 10 0.0576 135 871 512 1023 0 0.0554 146 867 510 1023 6 0.0528 147 869 514 1023 11 0.0502 234 459 505 686
qK1v86DWBataWVyaKYPqSxsV7VFYhPcR,5 0.0649 306 385 576 630 7 0.0641 508 342 764 578 11 0.0641 441 461 702 691 0 0.0641 406 488 786 668 5 0.0637 205 345 564 526 0 0.0637 378 390 639 630 8 0.0635 372 452 633 692 7 0.0625 449 456 705 694 0 0.0609 497 596 762 840 13 0.0609 415 486 795 666 11 0.0608 375 391 641 629 5 0.0608 380 329 643 569 11 0.0605 629 401 883 628 11 0.0602 252 326 513 566 11 0.0600 474 540 857 721 6 0.0599 371 455 643 691 5 0.0598 342 539 705 731 5 0.0596 499 336 753 577 6 0.0594 490 484 857 667 0 0.0593 275 342 630 526 6 0.0591 279 344 634 527 11 0.0591 447 340 715 569 2 0.0589 507 350 762 580 8 0.0588 387 329 644 573 11 0.0588 562 605 818 838 5 0.0587 476 477 843 665 7 0.0587 384 386 644 634 13 0.0586 575 336 817 568 7 0.0584 250 385 508 630 7 0.0583 447 273 721 506 0 0.0581 505 341 755 584 3 0.0581 312 387 583 634 2 0.0580 442 463 700 692 0 0.0575 630 403 882 628 3 0.0574 415 486 790 671 5 0.0573 624 396 878 625 6 0.0573 436 519 706 762 6 0.0573 254 438 523 705 5 0.0571 557 269 811 508 8 0.0570 500 595 757 838 13 0.0567 314 448 589 701 6 0.0565 450 340 719 571 8 0.0565 254 325 504 571 7 0.0564 281 341 633 528 7 0.0564 366 517 645 766 8 0.0564 305 505 576 773 8 0.0562 503 342 756 582 11 0.0557 385 276 659 500 11 0.0556 488 666 766 905 5 0.0556 635 197 896 436 7 0.0555 504 596 767 839 5 0.0554 419 654 691 908 8 0.0554 477 537 844 724 5 0.0552 497 593 761 836 6 0.0550 638 404 888 629 0 0.0549 567 278 814 511 2 0.0549 499 602 765 838 0 0.0546 246 387 509 630 6 0.0544 577 341 817 574 3 0.0543 433 594 701 840 8 0.0543 632 398 877 629 13 0.0542 506 597 769 839 3 0.0542 507 344 763 586 8 0.0540 427 660 686 908 8 0.0538 568 212 819 439 13 0.0537 252 386 514 636 10 0.0536 253 328 509 569 3 0.0536 357 542 708 734 8 0.0535 369 587 636 830 11 0.0534 572 340 813 569 0 0.0533 499 218 765 441 8 0.0532 319 264 575 508
JeJlPZDYwytlCUrlShBkgtfMk8P4gtz7,7 0.0638 324 392 590 640 11 0.0624 315 339 578 578 0 0.0622 322 391 588 640 5 0.0622 256 382 522 636 11 0.0613 321 451 580 694 7 0.0604 320 515 574 762 0 0.0602 191 393 447 637 11 0.0601 186 392 446 632 11 0.0600 180 515 443 748 8 0.0595 385 413 636 644 5 0.0589 188 343 438 577 0 0.0589 448 432 703 658 6 0.0581 254 339 518 581 8 0.0577 256 335 506 581 0 0.0576 257 334 515 580 7 0.0575 508 469 769 693 8 0.0574 122 471 370 712 0 0.0572 184 516 443 754 11 0.0572 502 533 754 775 5 0.0571 375 407 639 640 7 0.0569 184 512 443 756 8 0.0567 185 388 438 637 3 0.0566 388 415 641 652 7 0.0566 189 391 446 634 7 0.0564 453 525 694 776 3 0.0564 189 512 442 757 5 0.0564 253 272 522 505 0 0.0563 319 513 574 763 10 0.0561 182 394 443 633 8 0.0558 329 265 579 499 7 0.0553 265 273 530 510 13 0.0550 266 384 529 641 5 0.0550 180 511 436 754 3 0.0548 263 388 525 645 11 0.0547 375 531 622 766 6 0.0546 322 396 594 636 8 0.0532 504 470 749 696 11 0.0532 393 283 656 514 0 0.0531 250 217 520 443 6 0.0530 446 433 707 655 13 0.0530 187 513 444 759 11 0.0529 452 369 712 583 6 0.0527 185 516 445 751 5 0.0524 445 360 708 576 6 0.0521 450 534 692 769 8 0.0520 457 364 702 583 8 0.0519 258 213 510 438 11 0.0519 705 545 968 785 2 0.0511 386 421 640 643 5 0.0511 374 522 618 767 13 0.0511 385 415 644 640 6 0.0510 133 349 395 593 5 0.0510 442 467 695 712 3 0.0506 511 472 751 703 10 0.0506 387 354 659 579 11 0.0505 307 136 594 378 13 0.0504 322 515 576 761 3 0.0504 462 365 705 589 0 0.0502 450 532 688 774 8 0.0501 707 543 957 785
u3NI0CyWSLWqk0OM9Tc9cKF3KvK4IcDS,5 0.0562 183 6 434 250 11 0.0551 624 363 886 592 7 0.0537 435 782 696 1023 11 0.0527 183 15 434 249 0 0.0507 432 780 692 1023 3 0.0505 191 8 437 259 5 0.0505 493 715 759 962 13 0.0502 438 785 700 1023 8 0.0502 193 14 427 247
X2wuYhsUcavcYPhxfWw3j4tGBZvbtao5,8 0.0638 185 784 425 1019 5 0.0600 174 783 425 1013 7 0.0584 185 785 436 1016 11 0.0549 179 789 429 1015 10 0.0521 181 792 430 1015 8 0.0503 189 483 448 709
HiFuwzDIVxw6Xpu1Vq3xiEnKUevddibF,8 0.0625 514 328 755 559 7 0.0584 522 328 763 559 11 0.0572 508 399 766 623 11 0.0571 299 12 562 237 11 0.0565 527 493 884 664 0 0.0564 506 397 765 627 5 0.0553 516 325 755 559 11 0.0539 459 340 705 556 8 0.0537 529 492 875 668 0 0.0529 239 24 514 243 6 0.0529 523 330 766 560 0 0.0524 525 489 886 669 0 0.0524 456 280 708 513 11 0.0521 642 666 899 890 3 0.0521 526 330 762 566 13 0.0518 306 11 571 236 7 0.0515 537 489 892 663 0 0.0514 645 666 899 900 11 0.0505 514 274 760 502
2KtixfwBxaRNtPlbdqJmEuuJSHPdK6TQ,5 0.0695 313 783 559 1021 7 0.0678 316 656 568 893 5 0.0665 379 712 624 955 5 0.0663 256 719 500 957 8 0.0658 380 784 619 1022 5 0.0656 442 787 681 1019 0 0.0653 321 710 564 953 0 0.0644 337 674 690 857 10 0.0642 259 722 502 957 8 0.0636 376 658 621 890 11 0.0635 257 720 505 954 10 0.0632 314 662 566 894 11 0.0629 315 784 561 1019 0 0.0628 254 656 505 893 0 0.0626 380 786 624 1023 7 0.0624 386 716 628 956 11 0.0623 373 659 628 889 8 0.0621 254 656 502 887 5 0.0616 310 658 565 893 7 0.0613 260 719 504 958 8 0.0609 319 593 562 826 11 0.0608 318 594 571 824 11 0.0604 444 789 685 1020 7 0.0604 316 784 562 1023 6 0.0602 317 789 561 1023 3 0.0596 322 709 566 951 7 0.0596 447 788 687 1023 10 0.0583 383 721 630 953 10 0.0581 317 790 561 1019 12 0.0576 261 719 503 957 3 0.0574 381 786 625 1023 13 0.0568 317 786 565 1023 13 0.0567 259 719 508 958 6 0.0560 445 796 686 1023 2 0.0554 384 720 626 959 6 0.0552 253 659 507 891 2 0.0552 317 789 560 1023 7 0.0551 503 508 750 739 12 0.0545 384 715 628 956 13 0.0545 447 790 689 1023 2 0.0544 259 724 504 958 10 0.0540 445 793 685 1020 13 0.0538 382 714 633 956 9 0.0537 314 787 561 1021 6 0.0537 374 659 631 890 11 0.0536 495 507 747 740 1 0.0535 376 780 623 1023 12 0.0530 319 784 561 1021 11 0.0530 565 587 820 816 1 0.0528 317 707 565 949 2 0.0526 447 795 686 1023 9 0.0525 378 718 626 952 13 0.0525 336 674 700 856 9 0.0523 255 720 504 954 3 0.0523 325 592 570 833 7 0.0521 438 388 698 622 1 0.0518 249 653 505 890 7 0.0514 576 582 825 815 2 0.0514 340 681 688 857 9 0.0514 332 676 692 851 7 0.0511 18 669 391 860 8 0.0508 11 672 376 862 11 0.0506 13 674 380 857 11 0.0505 186 404 464 620 8 0.0503 571 587 811 815 12 0.0501 316 656 568 895 4 0.0501 261 723 506 957
LhuwZTQPxbhG33JuGe3ujGMp90AOmmiK,0 0.0611 380 328 627 572 5 0.0604 306 250 561 506 3 0.0598 386 386 631 635 0 0.0589 244 334 500 584 8 0.0585 381 385 628 632 5 0.0582 242 329 496 578 13 0.0581 323 192 573 439 11 0.0581 314 322 567 569 5 0.0574 378 198 630 440 0 0.0574 311 255 567 509 0 0.0571 370 444 632 691 11 0.0568 379 388 634 625 6 0.0562 393 269 641 515 0 0.0553 376 132 633 366 5 0.0552 380 323 622 569 13 0.0550 386 127 643 364 11 0.0548 387 269 637 511 11 0.0546 441 452 707 691 8 0.0545 252 335 490 579 8 0.0543 389 266 628 514 8 0.0541 446 448 699 696 6 0.0537 319 192 570 437 3 0.0534 318 321 564 577 10 0.0534 319 197 567 440 3 0.0533 392 268 634 519 0 0.0533 470 664 824 850 7 0.0527 384 388 635 633 5 0.0525 316 117 564 359 5 0.0524 504 274 751 504 13 0.0522 477 666 834 851 13 0.0520 254 129 517 373 7 0.0519 252 333 504 579 13 0.0518 384 388 637 630 0 0.0518 507 337 754 566 5 0.0516 369 443 626 688 5 0.0515 463 662 818 845 3 0.0512 322 190 566 444 10 0.0512 272 300 643 476 6 0.0511 384 387 636 632 2 0.0510 383 335 627 570 8 0.0509 319 192 559 436 11 0.0507 234 264 499 507 5 0.0507 241 188 504 433 7 0.0506 321 191 567 440 2 0.0505 386 136 630 362 10 0.0504 373 448 636 692 13 0.0504 321 324 572 573 11 0.0503 379 132 635 362 7 0.0502 450 449 706 698
2E9mumRNEMGCAYmhIMeSeFL0It02V7it,5 0.0614 454 799 701 1020 11 0.0605 320 264 568 508 13 0.0573 323 261 573 512 6 0.0571 321 264 570 511 7 0.0567 324 263 569 512 3 0.0558 322 260 566 516 0 0.0556 317 259 563 514 8 0.0547 320 263 561 507 8 0.0536 394 800 631 1022 10 0.0535 318 267 567 512 11 0.0535 133 780 366 1007 5 0.0529 313 253 563 509 3 0.0528 470 802 705 1023 5 0.0527 0 30 229 271 7 0.0527 505 468 765 710 5 0.0522 493 471 753 705 10 0.0521 496 479 761 706 13 0.0519 503 475 767 710 11 0.0517 0 37 233 268 6 0.0511 503 474 758 709
SbIVok7ujJMEMdKs17vtOvoYOMKxlZnz,8 0.0576 326 4 565 256 7 0.0553 375 4 633 257 11 0.0531 366 211 630 446 5 0.0528 240 803 504 1021 8 0.0527 248 454 497 696 8 0.0524 442 0 681 203 0 0.0522 323 5 575 259 5 0.0521 437 0 695 204 11 0.0521 179 823 445 1023 8 0.0519 236 611 480 846 6 0.0515 373 9 637 253 0 0.0511 368 202 627 449 7 0.0509 442 211 700 451 8 0.0509 182 824 434 1022 0 0.0507 440 0 692 210 7 0.0505 568 516 844 768 10 0.0504 370 209 628 446 11 0.0504 319 9 577 255 8 0.0503 435 212 682 448 13 0.0502 372 201 635 451 6 0.0502 379 143 632 388 6 0.0502 249 455 507 699 11 0.0502 243 457 502 696
kSgk9fgZqi2SFdqNE9tXgQxlMFnlmlo8,11 0.0634 383 713 642 952 5 0.0600 428 785 680 1005 8 0.0585 386 715 633 951 11 0.0584 262 714 525 944 7 0.0566 376 782 638 1013 8 0.0565 265 717 513 946 0 0.0562 381 713 643 958 11 0.0553 313 791 575 1013 13 0.0548 437 791 695 1012 6 0.0544 386 716 646 954 3 0.0540 267 715 526 958 3 0.0533 379 782 636 1018 5 0.0521 306 788 570 1012 7 0.0519 263 712 531 952 13 0.0515 270 715 527 953 11 0.0512 322 335 575 554 13 0.0507 321 794 583 1022 10 0.0505 383 718 639 954
3tDOYlbaiq76iq5su48hrB7YZylHg1sK,5 0.0646 244 396 503 639 7 0.0629 249 397 504 645 11 0.0593 246 403 502 639 8 0.0582 247 401 495 644 0 0.0582 247 397 503 647 10 0.0564 244 402 504 642 2 0.0555 248 404 501 645 6 0.0547 245 400 504 640 3 0.0539 248 402 500 649 13 0.0501 250 403 511 643
KuS3OjeKoQUFmtOKVL7l1c66rWpFtbs9,6 0.0643 200 529 461 772 5 0.0629 256 454 526 703 11 0.0623 327 534 595 772 7 0.0620 198 525 459 778 7 0.0607 384 534 643 774 11 0.0605 384 604 650 839 8 0.0602 265 464 519 704 0 0.0601 320 456 580 702 7 0.0598 261 460 530 707 7 0.0596 251 600 517 849 5 0.0596 373 530 638 767 0 0.0595 383 531 637 770 11 0.0587 242 604 517 843 6 0.0581 264 461 529 706 11 0.0576 191 528 455 776 0 0.0575 259 534 532 786 6 0.0575 252 604 524 846 8 0.0574 370 664 625 910 0 0.0573 374 660 636 913 8 0.0572 248 600 509 850 5 0.0572 319 602 584 842 8 0.0567 197 529 453 779 8 0.0567 327 531 586 775 5 0.0567 319 381 568 624 3 0.0566 383 531 639 777 13 0.0566 265 464 535 708 11 0.0558 306 674 573 911 10 0.0558 321 610 586 844 13 0.0556 328 533 599 776 7 0.0554 326 388 576 628 11 0.0554 264 397 515 634 10 0.0553 185 591 446 824 3 0.0552 249 603 519 853 6 0.0547 330 532 598 772 5 0.0546 182 580 448 824 13 0.0545 253 603 527 850 10 0.0545 256 539 530 782 8 0.0539 267 331 510 558 6 0.0538 390 602 652 839 11 0.0536 692 534 959 759 13 0.0535 198 528 464 778 7 0.0535 273 330 521 558 11 0.0534 331 320 571 550 3 0.0533 319 460 582 710 0 0.0530 183 589 451 826 3 0.0530 200 532 457 784 3 0.0529 375 663 637 915 6 0.0525 317 671 578 917 10 0.0523 316 463 583 700 0 0.0522 802 531 981 889 13 0.0521 331 322 580 549 2 0.0520 389 609 648 841 0 0.0518 703 0 963 197 13 0.0517 704 0 975 199 7 0.0517 315 671 576 915 5 0.0516 751 0 1010 194 10 0.0514 380 537 641 768 5 0.0514 515 316 750 550 0 0.0513 453 327 698 568 13 0.0512 319 670 581 919 0 0.0507 231 666 510 920 8 0.0507 325 393 564 626 3 0.0502 331 322 572 559 0 0.0502 327 322 569 553
GjxWBBJbwkLsTNO1agMOO29bybSUbmBW,0 0.0566 184 335 444 560 5 0.0520 180 330 437 557 5 0.0514 245 261 499 500 0 0.0509 247 266 503 502 3 0.0501 190 332 443 565 3 0.0501 250 264 500 508
1jBt1i4bYN2tVWr0jNy0xymmxIQ0Waae,11 0.0593 314 344 578 589 8 0.0592 313 400 569 639 8 0.0586 243 461 491 705 11 0.0585 237 403 503 644 5 0.0572 238 395 498 641 13 0.0571 245 404 505 646 6 0.0564 317 342 580 594 7 0.0558 366 639 645 893 3 0.0556 314 397 575 646 5 0.0552 314 335 572 590 11 0.0546 420 485 760 665 11 0.0545 309 459 572 695 13 0.0543 319 342 581 593 0 0.0540 312 396 574 642 7 0.0535 241 401 503 643 5 0.0535 414 593 772 790 5 0.0532 626 527 874 766 7 0.0530 471 659 851 856 13 0.0527 426 481 768 667 13 0.0525 466 661 861 856 8 0.0523 423 545 759 729 2 0.0522 242 405 503 643 11 0.0522 626 531 879 768 0 0.0517 420 484 760 666 11 0.0514 456 665 844 855 7 0.0513 368 512 638 750 7 0.0512 317 339 581 593 8 0.0512 312 521 574 754 5 0.0507 361 627 636 893 8 0.0507 468 661 837 856 10 0.0502 311 403 578 642 2 0.0502 318 346 575 593 8 0.0501 627 532 869 769
XUYQLKBiQZ0CyoNBp876mZUSy1lpyuo8,0 0.0618 253 204 498 439 0 0.0604 126 290 387 524 5 0.0603 251 202 496 436 8 0.0600 313 401 564 646 7 0.0600 258 516 514 775 11 0.0596 311 402 568 641 0 0.0590 431 517 693 772 5 0.0587 253 513 507 766 5 0.0586 319 335 567 576 11 0.0584 426 586 697 830 7 0.0582 379 518 639 774 7 0.0580 318 399 572 647 5 0.0578 370 515 631 771 0 0.0576 321 336 571 582 11 0.0573 266 137 508 363 5 0.0573 272 478 623 664 5 0.0573 321 117 564 364 10 0.0573 430 586 695 832 8 0.0572 299 354 650 543 11 0.0572 180 280 446 513 13 0.0570 261 519 516 770 11 0.0569 296 355 665 536 8 0.0567 258 512 506 769 8 0.0566 432 583 689 833 13 0.0563 445 651 707 900 11 0.0562 329 69 573 298 7 0.0561 446 453 694 698 13 0.0561 322 577 588 829 5 0.0559 485 518 740 762 8 0.0556 255 204 491 441 6 0.0555 326 337 573 582 5 0.0552 435 447 682 694 8 0.0552 441 455 681 694 11 0.0550 260 12 514 247 2 0.0548 324 344 572 581 0 0.0547 326 122 566 365 11 0.0546 504 659 767 894 7 0.0546 272 134 509 364 10 0.0544 308 404 567 645 0 0.0543 309 521 581 774 13 0.0543 281 483 633 666 6 0.0541 434 583 703 834 3 0.0541 321 465 580 716 5 0.0540 371 630 629 886 6 0.0539 260 515 517 771 11 0.0539 251 519 510 768 7 0.0538 309 354 667 541 3 0.0537 256 211 497 449 7 0.0537 383 637 638 895 3 0.0536 325 341 573 588 13 0.0535 326 337 576 581 2 0.0533 257 208 500 440 6 0.0532 280 481 635 665 1 0.0531 308 457 573 712 11 0.0531 437 457 685 693 5 0.0531 435 805 687 1016 0 0.0529 188 135 441 380 0 0.0527 446 401 684 636 0 0.0527 434 645 703 906 10 0.0526 438 458 690 695 8 0.0523 335 69 565 304 6 0.0523 186 206 435 447 13 0.0523 260 202 505 442 3 0.0522 437 583 696 840 6 0.0520 133 292 394 518 2 0.0519 375 527 635 771 13 0.0518 333 124 574 366 5 0.0517 179 279 440 510
GJrlrJHsr6BGz2HGYwybRmPjwR4FHDrP,5 0.0553 864 0 1022 391 0 0.0541 864 15 1023 401 5 0.0540 740 4 912 390 8 0.0537 865 13 1018 392 10 0.0537 739 26 912 393 11 0.0532 738 21 915 383 0 0.0524 741 19 914 394 8 0.0518 741 8 907 388 0 0.0515 659 0 1023 153 5 0.0506 646 0 1017 150
PVZdkL3DJt71zjghuWcgwKbaPkNlj7rc,8 0.0566 744 334 987 569 5 0.0536 746 328 991 562 0 0.0536 748 339 991 570 11 0.0535 306 460 573 704 11 0.0534 743 337 997 562 0 0.0528 498 328 755 571 8 0.0525 311 462 566 704 7 0.0523 372 388 643 643 11 0.0520 363 391 639 641 5 0.0515 240 385 493 632 11 0.0512 237 339 485 570 8 0.0509 371 391 632 638 5 0.0509 496 325 748 566 5 0.0507 361 383 633 636 7 0.0504 750 340 1000 566 3 0.0503 373 389 638 647 6 0.0502 370 389 643 643
pwP7eHPQJ0PFdBIN9diV4iLeoskwTGp7,8 0.0647 564 268 819 501 5 0.0642 512 200 764 437 8 0.0633 450 280 704 522 3 0.0630 460 283 711 528 6 0.0629 522 208 768 439 11 0.0628 515 206 766 439 0 0.0620 517 209 763 440 11 0.0619 565 270 825 502 0 0.0611 565 341 822 580 11 0.0610 507 346 758 588 7 0.0608 513 342 762 593 6 0.0603 510 345 763 590 0 0.0587 449 286 710 523 5 0.0585 445 277 706 523 9 0.0581 516 207 766 436 7 0.0575 520 205 770 439 3 0.0574 568 268 826 512 11 0.0570 111 1 375 203 13 0.0570 568 270 831 503 8 0.0566 508 130 753 364 2 0.0565 452 291 706 525 2 0.0563 520 214 764 440 10 0.0558 517 211 765 442 11 0.0548 253 72 522 314 0 0.0545 114 2 378 206 5 0.0541 447 64 694 285 3 0.0538 574 130 829 359 2 0.0537 563 344 822 576 13 0.0537 517 207 770 437 8 0.0536 227 31 587 210 13 0.0533 455 279 716 518 11 0.0529 213 32 597 210 13 0.0528 451 142 705 359 5 0.0527 302 257 578 506 9 0.0527 450 283 711 515 8 0.0520 544 396 809 648 8 0.0518 118 1 367 200 3 0.0517 310 267 583 514 8 0.0516 185 602 445 849 3 0.0516 453 140 699 369 5 0.0515 233 138 503 377 10 0.0512 508 348 760 588 13 0.0512 225 88 611 271 5 0.0510 171 2 438 259 11 0.0509 306 268 581 510 7 0.0509 254 13 519 272 0 0.0509 221 33 599 212 5 0.0506 314 5 581 254 11 0.0505 448 67 700 283 8 0.0505 241 147 495 376 13 0.0504 177 11 445 259
es6hBBDdvzWO1wKZUtGaMwHWRjH7TCD5,5 0.0573 434 197 707 442 11 0.0549 184 398 454 633 5 0.0540 246 406 515 649 8 0.0538 389 322 644 564 8 0.0535 255 412 507 645 3 0.0533 386 321 651 571 0 0.0526 385 324 662 568 7 0.0526 256 408 524 648 0 0.0522 397 0 745 148 5 0.0519 378 319 650 562 11 0.0517 388 324 658 565 0 0.0516 253 413 524 651 5 0.0516 394 0 744 143 8 0.0515 441 203 701 442 3 0.0508 445 202 703 451 5 0.0507 436 62 696 301 11 0.0503 514 264 784 497 11 0.0503 313 397 592 635 11 0.0500 502 80 762 306 8 0.0500 181 455 430 694
s8RBGOiLpmo51tOJcQzO8rpDeCWpn9gH,11 0.0598 186 399 441 631 0 0.0574 316 452 573 691 0 0.0573 314 577 569 826 7 0.0563 379 583 626 811 7 0.0555 209 483 580 670 7 0.0554 192 397 444 633 11 0.0546 254 257 521 480 0 0.0544 252 156 524 378 5 0.0539 259 250 511 482 6 0.0536 194 326 447 558 5 0.0536 189 391 438 629 11 0.0535 315 453 568 684 13 0.0530 318 579 578 823 8 0.0529 194 402 435 630 13 0.0529 195 326 450 561 11 0.0528 370 585 624 806 0 0.0524 0 415 249 649 5 0.0523 310 577 567 820 0 0.0515 261 258 518 487 8 0.0514 318 582 561 822 7 0.0514 264 259 520 485 8 0.0512 263 260 506 485 13 0.0509 320 454 576 687 11 0.0504 113 465 375 698 10 0.0503 314 587 569 822 13 0.0503 265 257 525 487 11 0.0500 380 390 637 604
eaDpELSSbJ2sB786pqQl6VNP8BrrVi5m,7 0.0621 570 723 809 955 0 0.0596 375 793 633 1023 13 0.0593 382 795 638 1023 5 0.0577 501 729 753 960 5 0.0577 368 790 633 1019 5 0.0574 563 660 808 882 0 0.0573 563 661 816 887 0 0.0572 569 343 821 579 6 0.0568 569 723 814 954 7 0.0568 377 794 638 1022 8 0.0566 318 784 557 1018 0 0.0566 395 347 640 577 2 0.0565 566 729 810 958 11 0.0562 566 663 814 885 0 0.0548 506 733 755 968 10 0.0548 567 662 814 886 11 0.0535 570 344 822 576 8 0.0533 565 661 807 885 7 0.0532 524 673 888 856 3 0.0531 571 724 812 960 11 0.0530 374 794 632 1020 3 0.0530 406 273 655 515 0 0.0529 474 474 835 670 11 0.0527 503 736 757 964 5 0.0526 567 341 821 576 10 0.0525 312 791 564 1021 5 0.0519 397 271 647 506 13 0.0516 404 277 660 510 6 0.0514 527 676 895 856 8 0.0510 403 272 641 509 7 0.0505 575 346 828 576 13 0.0504 570 729 813 959 5 0.0501 310 336 571 565 10 0.0500 506 734 752 964
BcXNQID2C2oPRdnxxA8KSYqnQ8Ou8aVC,0 0.0672 270 674 631 854 5 0.0661 463 673 819 857 5 0.0659 264 672 626 851 11 0.0658 464 675 830 857 11 0.0652 265 675 630 850 7 0.0650 271 673 633 851 8 0.0649 272 673 624 850 10 0.0631 265 675 631 852 8 0.0622 470 672 824 857 0 0.0618 467 673 829 860 7 0.0612 473 671 831 858 3 0.0609 270 674 632 853 13 0.0604 270 674 636 852 6 0.0599 246 646 502 897 6 0.0599 469 674 831 859 13 0.0593 472 673 834 859 3 0.0592 469 672 827 861 12 0.0587 469 671 828 860 10 0.0586 466 675 825 857 2 0.0555 270 676 631 852 2 0.0555 469 677 825 859 1 0.0553 264 671 631 852 9 0.0551 263 675 630 849 6 0.0543 271 612 643 785 1 0.0528 460 671 826 859 12 0.0527 272 673 631 852 4 0.0515 268 674 635 853 4 0.0504 469 676 833 860
w8vmk2XEY571nCEfhgj9rgHe5dYCSbb0,0 0.0701 253 592 508 850 0 0.0675 185 655 432 904 7 0.0663 196 595 451 840 5 0.0662 236 653 495 905 11 0.0650 193 597 448 838 8 0.0647 186 657 429 903 6 0.0646 184 660 434 903 0 0.0645 315 526 566 775 11 0.0641 314 533 564 770 11 0.0639 303 654 562 899 7 0.0638 318 529 566 770 8 0.0637 309 651 560 899 10 0.0625 251 598 506 844 5 0.0611 308 526 562 769 6 0.0609 307 653 566 898 8 0.0607 316 529 558 770 3 0.0599 242 654 501 908 10 0.0591 181 661 433 902 13 0.0591 196 594 455 840 6 0.0587 316 534 569 770 12 0.0571 186 655 432 903 10 0.0565 314 533 563 770 2 0.0561 194 601 449 842 12 0.0557 254 593 506 845 9 0.0556 180 658 433 900 1 0.0556 307 647 562 898 1 0.0549 185 654 431 903 3 0.0549 315 530 567 775 9 0.0549 251 596 505 843 2 0.0542 254 534 509 781 4 0.0528 183 661 433 902 13 0.0527 317 532 570 771 0 0.0522 250 407 505 649 12 0.0520 318 529 565 772 4 0.0515 253 597 510 845 1 0.0513 312 523 564 772 9 0.0513 309 532 562 767 11 0.0501 248 410 504 644
IRb0lc1LABlq03kYKjySbnavVY0BtVn9,8 0.0673 122 337 369 581 11 0.0647 175 528 432 763 0 0.0601 178 473 432 719 0 0.0591 250 9 514 259 5 0.0590 173 523 427 762 0 0.0585 176 346 443 592 5 0.0575 114 470 360 704 7 0.0573 447 204 708 442 8 0.0573 116 472 356 703 0 0.0564 440 204 703 441 13 0.0561 182 468 438 718 0 0.0559 125 0 389 212 6 0.0559 182 529 436 764 8 0.0555 179 528 428 765 11 0.0553 170 351 438 585 8 0.0551 123 0 378 207 11 0.0550 441 208 707 437 0 0.0550 121 282 375 521 5 0.0548 117 343 378 580 11 0.0545 245 14 517 254 3 0.0541 180 474 429 720 13 0.0541 175 345 443 592 3 0.0530 445 204 705 445 5 0.0527 261 77 513 317 5 0.0527 437 198 699 437 0 0.0522 308 197 569 449 0 0.0522 255 266 507 517 7 0.0520 180 582 439 829 11 0.0520 121 3 390 208 8 0.0520 251 10 506 255 7 0.0519 312 195 578 449 5 0.0518 117 0 378 205 13 0.0517 126 2 397 212 3 0.0517 123 347 385 593 3 0.0516 124 4 389 215 7 0.0516 182 470 433 716 10 0.0514 177 478 431 715 13 0.0513 184 582 448 834 8 0.0512 253 323 502 578 0 0.0512 328 82 588 331 7 0.0511 190 275 442 522 8 0.0507 442 202 700 441 13 0.0506 121 279 380 522 3 0.0506 252 14 514 264 5 0.0503 302 192 567 447 7 0.0503 335 80 594 332 11 0.0502 250 271 508 511 6 0.0502 123 2 396 206 10 0.0502 121 347 381 584 6 0.0501 447 205 708 439
7CRZGjfy9M10bxonTiWMtvdqsRPSofMv,8 0.0597 180 330 435 577 13 0.0589 182 333 446 578 8 0.0577 255 398 495 640 6 0.0577 182 334 445 579 11 0.0562 442 790 694 1019 7 0.0557 255 398 507 642 13 0.0554 256 397 507 642 11 0.0552 246 401 503 639 11 0.0552 177 280 442 513 7 0.0552 183 333 444 579 8 0.0542 120 199 374 443 0 0.0540 180 277 441 516 0 0.0536 255 398 503 640 10 0.0534 181 278 439 512 11 0.0533 121 203 388 440 5 0.0523 177 334 435 575 13 0.0521 444 796 702 1023 5 0.0521 438 787 689 1019 3 0.0520 186 334 440 581 0 0.0520 440 791 696 1023 7 0.0519 444 787 699 1021 10 0.0512 250 405 504 638 6 0.0511 255 402 507 639 5 0.0510 251 396 499 634
u1K0b6rcEV2Olg0bTJHoZnvjvgITO9i0,0 0.0680 381 662 647 900 7 0.0667 439 782 684 1022 11 0.0665 438 658 711 893 5 0.0663 293 793 554 1021 0 0.0661 510 650 769 905 5 0.0659 431 779 680 1018 8 0.0656 437 781 677 1020 5 0.0647 377 660 643 897 0 0.0640 653 462 893 696 11 0.0639 505 594 770 831 0 0.0638 501 453 761 703 0 0.0637 446 587 717 834 0 0.0636 378 396 641 643 8 0.0632 443 587 708 831 13 0.0630 302 797 558 1023 0 0.0629 393 521 652 766 11 0.0628 387 337 648 579 0 0.0625 304 732 570 971 11 0.0624 376 733 638 968 3 0.0619 439 783 682 1023 13 0.0617 391 335 651 583 8 0.0615 299 791 549 1023 7 0.0615 382 399 641 644 11 0.0613 312 669 579 903 7 0.0611 511 595 768 837 0 0.0611 316 595 590 840 5 0.0611 387 523 647 762 11 0.0609 502 389 758 636 6 0.0606 445 589 718 831 5 0.0606 376 395 636 640 7 0.0602 301 796 555 1023 5 0.0602 504 647 768 900 11 0.0600 298 796 554 1022 6 0.0599 319 596 591 839 10 0.0597 436 785 682 1020 8 0.0593 390 332 639 581 11 0.0592 382 466 643 703 7 0.0592 508 386 758 642 5 0.0591 228 720 489 955 13 0.0591 440 784 686 1019 2 0.0587 442 714 701 947 13 0.0586 332 676 699 858 6 0.0586 501 456 767 700 6 0.0583 567 594 825 835 6 0.0583 300 796 557 1023 3 0.0580 381 399 641 645 11 0.0579 557 460 828 689 3 0.0579 446 655 709 897 6 0.0578 438 785 685 1018 6 0.0578 393 339 653 580 7 0.0577 332 678 695 858 7 0.0577 394 527 651 765 3 0.0576 510 386 756 646 5 0.0573 497 380 753 638 10 0.0571 506 598 765 832 2 0.0570 236 795 492 1023 13 0.0568 386 462 645 707 13 0.0567 501 454 770 703 8 0.0567 510 649 764 903 6 0.0565 397 525 653 762 3 0.0564 300 795 555 1023 8 0.0563 505 382 747 639 10 0.0562 380 665 643 895 10 0.0562 496 456 762 697 8 0.0562 392 523 643 763 0 0.0558 235 794 489 1022 5 0.0558 555 456 824 695 8 0.0558 177 791 426 1023 3 0.0557 448 521 712 778 0 0.0557 246 665 515 904 10 0.0554 315 596 587 839 10 0.0553 298 795 554 1023 11 0.0553 231 727 498 956 13 0.0553 236 725 501 963 7 0.0552 564 457 827 699 2 0.0552 447 592 718 830 10 0.0549 390 529 648 760
pg6pbOXUG2NZnBGsyU9HvOYslqYcuInC,11 0.0637 306 328 563 569 0 0.0619 310 377 571 629 7 0.0611 312 324 566 571 8 0.0609 317 377 566 625 5 0.0596 302 322 561 569 11 0.0580 375 391 635 633 3 0.0579 307 328 564 577 6 0.0576 309 327 567 574 0 0.0570 245 312 500 563 7 0.0564 321 441 586 697 8 0.0563 250 313 496 562 0 0.0560 145 210 513 391 6 0.0556 379 390 638 635 3 0.0553 379 387 637 639 10 0.0550 243 318 501 563 5 0.0550 371 383 632 633 6 0.0547 152 211 524 387 0 0.0546 182 446 443 716 11 0.0543 249 513 524 757 0 0.0538 379 457 637 706 13 0.0534 382 387 639 636 11 0.0533 306 662 576 884 2 0.0526 309 331 561 569 11 0.0518 382 530 647 765 13 0.0518 254 374 516 636 11 0.0513 197 588 473 835 11 0.0512 248 132 508 370 10 0.0511 312 382 572 628 8 0.0509 182 446 436 715 8 0.0509 252 130 500 379 11 0.0509 176 447 448 708 11 0.0509 251 16 517 244 8 0.0509 382 455 634 703 12 0.0508 312 327 565 571 7 0.0504 392 525 647 772
1X57aVnTw95I0ci9hYZ23i4gsq67SQiS,5 0.0604 567 401 829 637 11 0.0599 515 402 768 638 11 0.0596 181 400 439 636 0 0.0596 518 402 770 643 11 0.0591 313 268 572 511 5 0.0569 178 395 434 637 8 0.0565 574 406 831 643 6 0.0556 575 407 842 642 11 0.0554 440 793 704 1016 3 0.0551 180 270 433 522 3 0.0543 187 402 436 649 11 0.0539 177 269 431 510 5 0.0539 439 84 693 315 10 0.0539 571 409 839 639 8 0.0537 184 395 429 641 11 0.0536 378 193 640 426 7 0.0535 520 399 778 639 11 0.0535 343 661 715 849 3 0.0534 523 402 772 646 7 0.0533 447 786 710 1021 8 0.0530 180 265 422 519 3 0.0529 441 789 704 1023 11 0.0525 248 727 504 953 0 0.0524 319 263 570 514 5 0.0522 342 657 710 851 7 0.0521 191 462 442 710 11 0.0515 242 528 503 769 0 0.0514 182 270 431 517 11 0.0513 372 718 639 952 13 0.0512 250 531 512 775 6 0.0511 320 265 572 514 5 0.0511 434 781 698 1017 7 0.0511 182 266 433 511 5 0.0509 242 528 502 769 5 0.0508 171 266 427 508 7 0.0507 358 663 720 855 5 0.0506 576 288 827 518 7 0.0505 246 529 508 774 11 0.0505 448 275 708 502 8 0.0504 350 659 704 852 13 0.0502 575 350 844 581 13 0.0502 187 401 442 648 10 0.0501 185 405 437 637
I7trblOauiocX9OE192Hy3fLB1fvFzjA,0 0.0654 381 464 633 713 0 0.0647 382 598 638 847 11 0.0646 443 535 698 770 11 0.0645 316 391 578 632 7 0.0635 454 467 708 701 5 0.0633 446 461 699 699 5 0.0631 375 591 636 843 11 0.0626 379 599 641 840 11 0.0623 391 324 656 560 11 0.0615 455 404 706 633 0 0.0615 447 536 698 777 5 0.0614 304 520 558 768 0 0.0608 390 324 654 565 5 0.0605 385 391 640 632 11 0.0603 570 589 826 834 8 0.0599 448 534 692 771 7 0.0598 332 328 591 570 11 0.0597 379 464 632 705 8 0.0597 456 399 700 636 2 0.0591 452 408 709 637 7 0.0585 458 326 719 573 0 0.0583 454 404 703 639 6 0.0583 445 537 708 771 6 0.0578 380 600 646 841 8 0.0577 315 457 561 707 0 0.0576 308 519 561 774 0 0.0575 317 390 577 639 3 0.0573 460 402 707 642 7 0.0571 392 394 646 636 3 0.0568 450 534 703 778 5 0.0564 322 326 587 565 3 0.0562 396 319 657 569 8 0.0561 542 607 887 791 8 0.0561 379 601 633 844 5 0.0560 534 601 895 790 0 0.0555 685 594 1022 794 13 0.0555 316 460 574 715 0 0.0552 565 399 822 628 5 0.0551 448 323 711 565 11 0.0551 305 520 561 769 3 0.0551 384 462 638 712 8 0.0549 393 323 652 562 12 0.0547 388 392 641 635 7 0.0547 377 535 639 787 6 0.0546 578 586 832 836 11 0.0544 562 401 823 625 13 0.0543 380 597 646 844 5 0.0542 559 389 814 628 13 0.0537 331 330 596 569 13 0.0536 392 396 650 634 8 0.0535 563 397 807 628 0 0.0533 248 268 516 506 13 0.0532 449 534 704 772 7 0.0531 311 460 571 715 10 0.0530 566 591 824 839 10 0.0530 444 538 701 771 3 0.0529 320 391 578 642 7 0.0529 376 662 657 909 11 0.0525 237 456 497 703 6 0.0524 380 465 643 706 3 0.0523 382 599 644 851 2 0.0523 382 604 640 844 2 0.0521 446 540 699 771 13 0.0519 575 598 833 842 6 0.0518 455 405 713 639 5 0.0515 239 391 500 636 9 0.0515 374 598 640 836 2 0.0515 392 333 656 561 9 0.0511 439 536 701 765 10 0.0509 378 600 640 846 9 0.0509 384 329 656 555 6 0.0509 395 325 665 566 13 0.0507 459 331 722 565 11 0.0506 233 593 498 835 7 0.0506 564 398 826 631 8 0.0506 240 591 489 835 7 0.0505 248 394 508 637 2 0.0505 378 472 637 710 3 0.0503 548 604 903 797
IV7iR8n6VMLYP3lm9LUudfX09aNIGT5V,0 0.0657 643 527 887 768 8 0.0651 575 518 808 758 11 0.0646 570 516 811 758 8 0.0641 516 199 751 443 0 0.0630 575 449 817 687 7 0.0625 513 582 771 831 5 0.0624 641 439 892 688 8 0.0608 637 595 883 831 5 0.0606 513 196 755 441 5 0.0604 634 592 887 826 6 0.0603 578 450 819 688 11 0.0602 566 211 821 451 0 0.0600 572 586 813 825 0 0.0599 563 208 822 455 6 0.0598 571 214 824 452 11 0.0596 633 594 890 828 13 0.0594 647 529 894 768 11 0.0591 644 448 895 684 5 0.0591 570 513 808 759 7 0.0588 522 197 762 443 8 0.0586 515 588 758 828 3 0.0585 576 450 817 694 0 0.0585 229 32 482 268 3 0.0583 574 583 814 832 0 0.0582 505 528 749 763 6 0.0581 573 586 813 832 11 0.0578 507 585 765 827 6 0.0576 646 526 889 770 10 0.0575 512 202 758 441 0 0.0574 515 137 762 382 3 0.0569 643 527 886 772 3 0.0568 570 214 824 458 6 0.0567 507 529 748 766 13 0.0558 572 584 820 828 5 0.0552 507 582 759 827 2 0.0551 577 452 816 690 10 0.0551 569 450 816 685 8 0.0550 646 449 887 687 7 0.0543 646 446 898 691 6 0.0542 250 2 495 206 11 0.0541 514 135 767 377 1 0.0539 513 196 760 443 13 0.0539 569 212 828 455 1 0.0536 571 445 815 688 9 0.0536 568 584 814 825 0 0.0535 704 604 954 845 2 0.0535 572 589 813 830 11 0.0532 235 85 493 315 3 0.0532 508 528 746 769 8 0.0530 450 137 690 377 6 0.0528 239 78 497 317 13 0.0528 517 134 771 382 12 0.0527 576 445 819 688 7 0.0527 637 595 891 829 13 0.0525 443 202 697 437 13 0.0525 506 525 754 763 2 0.0524 568 216 824 453 10 0.0523 447 144 698 378 13 0.0523 249 2 500 212 10 0.0523 569 584 809 826 8 0.0522 245 0 481 212 9 0.0520 502 526 746 759 11 0.0520 243 0 492 206 2 0.0518 641 533 889 768 11 0.0518 439 201 688 432 6 0.0518 521 133 769 380 2 0.0518 505 533 746 762 5 0.0518 222 29 477 260 10 0.0514 501 531 746 763 6 0.0513 710 607 956 842 11 0.0512 144 348 414 582 13 0.0511 711 611 965 842 7 0.0511 621 812 892 1023 8 0.0510 686 665 935 902 3 0.0508 519 138 762 389 8 0.0508 565 139 822 376 9 0.0507 573 446 816 686 8 0.0507 0 0 240 202 7 0.0507 564 134 839 379 5 0.0506 676 665 943 900 8 0.0504 117 85 364 341 7 0.0503 451 139 698 380 11 0.0503 0 0 247 200 9 0.0503 514 199 756 439 11 0.0501 105 0 371 198
ThWSh7BiOJ3jr5KVYIV3q6mUuBO5vOVu,11 0.0557 414 677 768 857 0 0.0553 436 592 702 839 7 0.0547 423 673 771 860 11 0.0544 487 533 765 762 3 0.0526 495 532 762 772 5 0.0526 302 196 567 444 6 0.0523 420 675 764 860 3 0.0513 312 206 572 454 7 0.0513 564 529 825 767 13 0.0512 419 676 774 860 11 0.0512 245 137 497 374 9 0.0511 412 674 769 857 0 0.0505 491 529 760 767 13 0.0504 314 205 574 450 6 0.0502 493 529 762 769 5 0.0501 411 670 761 858
85tw2GnvszjH9PIuszRyzdFQmLNp6n0w,11 0.0576 433 394 695 618 8 0.0574 186 775 432 1007 11 0.0543 180 783 439 1004 11 0.0541 177 458 445 682 11 0.0537 326 385 574 612 0 0.0533 59 769 325 1004 5 0.0526 179 777 434 1005 7 0.0515 186 778 441 1010 7 0.0515 186 455 443 686 11 0.0513 286 792 562 1016 7 0.0511 393 392 641 620 11 0.0510 376 457 635 695 13 0.0507 440 397 706 623 0 0.0507 52 408 334 655 8 0.0504 388 391 627 625 0 0.0504 227 215 508 438 0 0.0500 326 385 577 621
6NelbPJkz9Bqy1qBokFFzkrZlW1pB9pD,0 0.0598 179 0 439 202 11 0.0581 441 277 694 500 11 0.0572 304 321 575 568 8 0.0562 258 66 510 298 8 0.0559 567 604 828 843 3 0.0558 447 275 683 511 5 0.0553 565 599 827 841 3 0.0552 311 260 579 511 5 0.0550 243 122 515 369 3 0.0545 254 129 518 378 11 0.0544 566 603 837 840 8 0.0536 441 274 679 502 0 0.0534 441 280 686 506 6 0.0534 574 605 839 843 7 0.0531 573 603 837 844 7 0.0527 254 184 509 439 7 0.0524 444 271 695 503 8 0.0524 179 723 437 968 11 0.0522 245 594 507 834 11 0.0522 180 2 442 197 8 0.0522 250 190 498 440 6 0.0521 254 129 522 371 11 0.0517 243 134 522 366 13 0.0514 313 258 582 508 11 0.0514 232 723 509 956 13 0.0511 572 604 842 845 8 0.0510 369 522 612 765 0 0.0509 566 601 834 846 5 0.0508 178 0 435 199 8 0.0508 184 1 434 199 6 0.0505 186 1 445 199 11 0.0503 370 523 619 761 6 0.0502 313 261 584 506
KKoy1fqM3sMbCImBs2naROpKzHaW0X5w,11 0.0587 381 328 652 550 13 0.0581 305 518 580 755 11 0.0581 367 468 653 687 7 0.0575 425 810 702 1023 0 0.0574 382 322 652 550 11 0.0570 302 383 575 614 0 0.0565 419 815 692 1023 5 0.0562 294 382 567 613 8 0.0562 308 381 561 618 13 0.0559 374 463 657 691 3 0.0558 373 462 647 696 7 0.0557 306 519 572 756 0 0.0553 369 462 650 692 11 0.0553 417 815 689 1019 13 0.0552 426 816 694 1023 8 0.0549 385 324 642 554 11 0.0547 300 523 577 749 13 0.0546 308 384 578 619 0 0.0537 304 379 570 617 8 0.0535 306 519 564 753 11 0.0530 428 542 703 761 8 0.0528 421 811 682 1023 7 0.0527 375 465 651 694 5 0.0524 407 810 681 1021 6 0.0523 374 464 658 691 13 0.0523 391 328 659 553 13 0.0521 384 575 654 810 8 0.0517 372 464 640 692 13 0.0514 326 657 586 891 13 0.0512 230 462 515 697 11 0.0512 654 29 1016 217 6 0.0511 309 385 576 619 3 0.0507 305 386 572 623 3 0.0507 426 812 693 1023 10 0.0506 417 816 691 1023 6 0.0504 425 816 695 1023 3 0.0502 306 519 571 755
sxeWq1kGsNDqNH2pVMc6fwu4kEi7YGRu,8 0.0607 375 326 628 569 5 0.0603 368 327 628 565 11 0.0588 388 462 641 696 0 0.0587 376 328 636 567 8 0.0582 372 204 629 440 5 0.0578 362 205 631 437 6 0.0572 439 334 700 569 5 0.0568 445 278 702 512 8 0.0558 439 155 692 380 0 0.0558 372 210 641 441 0 0.0558 391 456 636 703 5 0.0555 386 455 634 699 11 0.0551 433 333 696 572 6 0.0550 443 86 687 318 0 0.0548 451 282 705 516 8 0.0543 454 452 690 697 7 0.0543 376 325 637 568 8 0.0538 451 281 701 515 5 0.0538 445 394 705 644 11 0.0526 0 546 237 780 13 0.0524 377 330 638 570 7 0.0523 394 459 638 699 6 0.0515 449 226 709 445 3 0.0515 376 330 635 572 10 0.0515 434 337 694 572 3 0.0514 391 141 637 382 6 0.0514 393 458 641 696 7 0.0514 392 140 642 379 0 0.0512 453 396 708 650 13 0.0512 372 209 643 442 11 0.0511 439 85 679 322 11 0.0509 762 786 1023 1021 5 0.0509 431 79 678 316 7 0.0508 766 779 1023 1021 2 0.0503 376 334 634 570 3 0.0501 396 460 637 706
wbVMTwCCpVi93ojJD0GNGVCz1RUm6Ry7,11 0.0659 637 521 878 763 6 0.0656 574 522 824 766 0 0.0643 574 581 829 840 8 0.0637 574 519 817 768 5 0.0633 569 579 826 838 8 0.0632 403 615 761 791 7 0.0630 403 616 769 793 11 0.0616 569 584 830 837 7 0.0612 576 519 821 769 5 0.0605 636 519 879 764 0 0.0602 641 520 882 768 0 0.0601 397 614 769 792 0 0.0595 313 517 585 762 3 0.0595 479 612 833 797 6 0.0593 389 685 762 859 13 0.0593 577 582 835 843 11 0.0590 399 617 771 790 9 0.0588 574 521 824 761 3 0.0587 641 523 881 771 8 0.0586 636 451 875 707 11 0.0586 465 341 721 581 5 0.0585 567 447 812 696 7 0.0584 315 520 582 762 2 0.0584 575 521 823 766 6 0.0582 639 455 886 700 5 0.0578 459 334 712 577 11 0.0573 571 455 816 698 13 0.0573 408 615 776 792 13 0.0571 326 678 683 851 5 0.0571 392 612 764 791 10 0.0570 640 521 878 765 5 0.0570 306 516 575 755 10 0.0569 570 586 828 838 12 0.0567 571 580 832 840 0 0.0565 576 452 814 701 8 0.0557 468 339 712 583 10 0.0551 386 686 756 858 3 0.0550 574 453 817 705 13 0.0549 641 521 886 768 11 0.0546 314 520 581 757 0 0.0542 252 679 609 853 4 0.0540 574 587 833 838 8 0.0539 318 519 573 759 12 0.0536 642 518 882 766 7 0.0535 635 449 885 711 6 0.0534 316 520 585 756 10 0.0529 571 453 814 698 9 0.0528 384 685 755 856 11 0.0524 255 677 605 850 7 0.0524 467 340 723 581 13 0.0521 320 524 590 762 6 0.0520 468 344 730 581 8 0.0519 261 676 596 850 3 0.0518 314 523 580 766 13 0.0515 575 452 822 698 2 0.0515 388 688 756 861 1 0.0511 569 578 831 838 10 0.0510 312 522 580 758 8 0.0509 433 718 704 969 3 0.0508 397 686 756 862 12 0.0505 400 614 768 792 4 0.0505 642 525 885 765 5 0.0504 379 0 639 227 13 0.0503 472 341 728 577 8 0.0502 570 387 812 624
k9gxm5FqoI7rgGSDgnjE4TgGDRLro0bd,11 0.0634 0 456 247 694 8 0.0624 8 583 239 831 0 0.0619 0 456 247 700 8 0.0612 5 454 238 701 11 0.0600 4 585 250 828 3 0.0583 11 579 251 836 0 0.0575 4 654 257 904 7 0.0562 3 456 242 699 5 0.0559 2 652 252 903 8 0.0554 2 723 242 979 10 0.0552 3 459 241 698 5 0.0548 0 456 239 697 13 0.0546 2 457 251 701 11 0.0545 694 480 947 696 6 0.0538 701 478 953 700 7 0.0532 7 585 250 832 2 0.0531 7 461 244 699 3 0.0529 6 455 243 700 0 0.0524 692 476 947 708 13 0.0509 7 584 252 833 6 0.0504 7 458 248 694
qmoB4aWQrpy8SuJHynipWKJXZ5HTA2OA,11 0.0654 10 665 256 899 0 0.0594 244 271 503 505 11 0.0594 429 329 699 564 0 0.0590 428 325 701 566 8 0.0589 259 382 491 631 5 0.0576 247 330 493 571 7 0.0575 250 330 497 577 0 0.0573 257 386 500 634 6 0.0569 16 662 258 903 11 0.0568 307 329 565 571 6 0.0564 249 270 505 506 8 0.0561 248 268 489 502 8 0.0560 315 327 554 569 8 0.0559 444 397 699 626 11 0.0556 239 271 501 503 11 0.0555 441 228 713 444 6 0.0552 434 326 704 565 7 0.0548 442 264 715 502 3 0.0545 314 326 561 578 0 0.0543 382 397 637 637 8 0.0539 17 657 247 906 3 0.0538 449 396 706 629 7 0.0538 444 395 712 626 8 0.0537 123 335 363 573 8 0.0536 439 261 703 503 5 0.0531 117 331 369 572 11 0.0529 380 396 636 632 5 0.0528 303 266 572 504 7 0.0528 124 338 377 579 7 0.0527 313 387 568 635 0 0.0526 439 227 709 447 13 0.0526 430 326 706 567 0 0.0523 9 662 250 904 13 0.0523 248 269 507 507 6 0.0522 504 225 770 451 7 0.0520 312 267 576 511 3 0.0520 393 215 649 450 5 0.0520 497 220 762 451 13 0.0520 315 327 565 574 7 0.0519 363 465 629 696 3 0.0518 21 660 255 912 7 0.0517 379 331 639 577 11 0.0516 120 339 375 572 5 0.0513 383 211 649 445 6 0.0510 314 329 568 571 7 0.0509 17 661 258 908 3 0.0505 247 271 501 511 5 0.0503 434 391 706 625 2 0.0502 440 273 712 501 13 0.0501 127 340 383 575
ncvpbLuwdB9BWnsCXkMdKiqSRUzvmt6f,0 0.0629 118 596 374 847 0 0.0598 0 540 233 769 8 0.0593 1 538 221 768 11 0.0589 59 604 302 835 8 0.0587 60 599 296 840 11 0.0577 0 546 229 763 6 0.0572 60 601 306 839 7 0.0568 5 537 235 766 3 0.0550 62 598 305 844 7 0.0537 65 596 305 837 5 0.0526 55 598 298 837 5 0.0523 0 541 225 764 6 0.0523 0 543 235 766 3 0.0521 1 542 231 770 0 0.0518 173 487 442 738 11 0.0512 172 494 445 734 11 0.0510 376 467 616 686
kjnRHGAsWymlEAfptzrSIhCgaNmwQftL,11 0.0638 537 540 904 737 11 0.0626 393 458 640 689 0 0.0616 464 462 707 705 5 0.0614 455 393 707 637 0 0.0610 452 592 705 839 8 0.0608 451 593 699 836 0 0.0602 541 541 906 740 5 0.0601 448 588 701 835 8 0.0599 465 458 702 700 5 0.0598 381 331 642 578 11 0.0597 381 268 648 511 11 0.0596 460 398 713 636 0 0.0594 523 405 768 643 6 0.0586 394 454 642 690 3 0.0583 386 265 645 520 8 0.0580 544 538 895 737 5 0.0574 389 451 632 689 8 0.0570 521 401 765 641 5 0.0568 576 414 827 629 6 0.0562 383 600 644 842 0 0.0561 389 335 647 583 7 0.0558 451 595 707 840 6 0.0557 393 333 652 581 7 0.0557 468 458 708 704 8 0.0557 391 331 641 586 5 0.0556 515 334 770 569 11 0.0555 446 600 704 836 0 0.0553 382 680 633 905 10 0.0550 466 463 707 703 6 0.0548 463 397 715 637 7 0.0548 386 264 651 514 13 0.0547 552 603 915 803 13 0.0546 399 458 642 695 0 0.0546 315 458 564 694 13 0.0546 384 599 645 844 3 0.0545 468 341 716 590 5 0.0545 534 536 899 738 3 0.0545 474 461 706 710 11 0.0538 579 415 836 631 11 0.0538 521 336 778 570 13 0.0535 529 405 773 641 3 0.0531 453 593 703 842 11 0.0530 376 682 637 898 10 0.0528 390 340 649 581 8 0.0525 319 465 556 693 10 0.0524 449 598 706 836 11 0.0524 177 2 455 193 10 0.0523 523 406 771 643 2 0.0520 397 461 640 694 3 0.0519 320 465 561 696 2 0.0518 449 598 705 837 13 0.0517 388 266 657 517 6 0.0513 589 416 837 633 5 0.0512 178 0 445 190 10 0.0510 445 220 709 453 7 0.0509 525 399 771 642 5 0.0506 378 673 632 902 8 0.0506 381 677 625 903 6 0.0504 553 539 909 738 10 0.0503 542 545 901 739 8 0.0503 374 193 634 442
pqRdNvjSWwbrPXDweJvFqY5C28GWGn9y,8 0.0601 778 388 1008 637 11 0.0600 686 474 946 698 0 0.0596 431 465 681 700 11 0.0584 634 404 888 638 11 0.0584 774 397 1020 630 8 0.0581 633 401 880 641 13 0.0578 373 506 637 749 13 0.0573 250 451 507 706 0 0.0572 779 394 1016 637 8 0.0571 693 473 938 704 3 0.0566 637 404 887 646 7 0.0564 638 402 891 640 11 0.0563 432 463 681 693 6 0.0556 712 404 944 634 5 0.0554 311 246 573 491 5 0.0554 240 445 496 699 8 0.0554 247 451 487 702 5 0.0554 629 401 886 637 0 0.0551 383 262 637 503 7 0.0549 434 460 685 701 7 0.0545 218 411 584 598 5 0.0542 685 468 943 700 7 0.0541 318 459 579 700 10 0.0540 703 409 940 632 3 0.0538 698 471 943 708 7 0.0535 392 327 638 567 0 0.0530 632 405 887 643 0 0.0530 324 327 581 573 8 0.0530 438 518 688 751 0 0.0530 241 450 503 707 8 0.0529 328 326 571 569 11 0.0527 561 343 831 568 7 0.0526 781 391 1019 634 11 0.0525 315 458 575 691 8 0.0521 320 515 566 748 11 0.0520 238 392 509 631 10 0.0519 436 522 696 752 11 0.0518 378 265 641 502 3 0.0517 243 453 500 706 11 0.0517 638 290 897 507 5 0.0515 380 322 632 564 6 0.0513 389 265 642 505 11 0.0512 181 521 430 754 13 0.0511 324 387 586 636 7 0.0511 693 470 948 700 10 0.0510 239 393 508 636 0 0.0509 172 350 436 586 9 0.0509 428 466 681 693 0 0.0507 690 473 944 706 7 0.0507 317 248 576 492 5 0.0505 166 345 434 577 6 0.0505 440 517 697 750 3 0.0504 325 328 582 574 5 0.0504 561 334 827 566 8 0.0503 456 401 684 634 0 0.0501 456 339 705 583 0 0.0501 564 343 829 571 3 0.0500 782 392 1014 638
lP7NujC7dEEcuUjT1oEaYzFd2Gyr4WTM,0 0.0615 570 412 817 646 8 0.0613 438 197 687 440 11 0.0593 384 139 640 378 6 0.0588 577 411 824 639 11 0.0587 308 329 564 563 3 0.0586 444 199 688 444 11 0.0586 572 412 818 639 0 0.0573 437 200 691 441 8 0.0573 573 412 815 641 5 0.0572 568 408 814 641 7 0.0571 443 198 694 438 13 0.0571 576 411 826 643 5 0.0570 310 196 569 437 0 0.0560 319 145 586 389 5 0.0558 270 346 642 535 11 0.0555 311 204 578 436 6 0.0552 323 143 587 384 8 0.0551 318 200 569 436 7 0.0548 570 474 826 698 0 0.0542 274 355 651 537 13 0.0540 441 198 695 436 10 0.0538 439 199 691 438 5 0.0537 434 194 684 436 8 0.0536 318 326 556 563 13 0.0530 331 79 591 327 6 0.0530 442 199 693 437 6 0.0524 316 325 568 567 10 0.0523 316 204 576 444 10 0.0521 276 355 649 538 3 0.0520 287 354 650 539 3 0.0519 319 200 575 441 2 0.0518 577 417 822 642 1 0.0517 433 195 688 441 8 0.0513 330 78 573 325 3 0.0508 576 411 817 648 13 0.0507 311 2 573 199 5 0.0507 438 4 711 237 5 0.0504 318 74 573 322
1MB3iOja3ryqbSoE8BFkv7XgRUBXjuSD,11 0.0602 427 349 683 584 8 0.0586 17 0 353 154 13 0.0570 444 533 720 766 5 0.0557 11 0 357 155 6 0.0553 445 531 714 763 13 0.0551 440 405 702 647 3 0.0550 441 402 691 646 3 0.0547 445 527 707 771 11 0.0546 355 474 629 693 0 0.0546 14 2 367 157 0 0.0546 426 347 682 588 11 0.0544 439 534 711 762 7 0.0543 434 349 684 587 5 0.0543 422 342 677 582 8 0.0543 428 347 675 587 6 0.0533 432 347 686 584 8 0.0532 443 526 700 763 5 0.0528 431 524 705 763 3 0.0526 17 1 363 159 0 0.0523 442 526 704 768 6 0.0523 363 468 629 696 3 0.0518 362 466 630 700 11 0.0515 284 407 549 622 8 0.0512 363 467 616 696 11 0.0511 13 2 368 154 13 0.0509 364 471 636 701 5 0.0507 220 324 473 559 7 0.0504 446 530 712 768 8 0.0503 177 19 428 261 10 0.0502 437 533 712 766
T9zuRDjepIU33SKCSRMJ6ddeNjYojgT0,5 0.0641 303 516 562 763 8 0.0619 373 462 631 709 5 0.0611 371 456 632 709 8 0.0601 304 524 559 763 5 0.0598 381 604 748 790 6 0.0596 394 606 758 795 11 0.0596 507 591 762 829 7 0.0593 371 513 638 771 13 0.0582 384 577 643 832 11 0.0580 571 535 831 769 8 0.0579 516 590 758 834 3 0.0568 394 608 755 799 11 0.0566 377 582 636 832 13 0.0564 310 522 573 764 3 0.0563 378 466 635 718 0 0.0562 368 514 636 771 13 0.0558 518 589 770 833 8 0.0554 380 579 631 832 10 0.0549 438 580 704 829 12 0.0548 396 608 756 794 11 0.0542 303 523 564 764 8 0.0541 254 0 514 193 0 0.0536 575 535 834 769 2 0.0535 371 519 637 768 10 0.0533 306 525 568 764 3 0.0532 308 524 564 770 11 0.0531 372 464 635 710 9 0.0526 376 579 638 826 6 0.0525 320 461 581 707 8 0.0523 572 539 824 769 5 0.0523 248 0 513 190 11 0.0521 250 3 523 189 13 0.0517 378 463 642 709 10 0.0515 373 465 638 710 5 0.0511 420 0 688 191 6 0.0511 580 597 829 840 2 0.0510 440 583 702 832 3 0.0504 579 534 836 779 1 0.0503 364 509 634 769
xjMIgLITh7Cf541IhZTOeIxD2pt7XpOX,8 0.0593 274 408 635 588 5 0.0590 0 343 307 538 11 0.0587 299 583 562 814 7 0.0559 301 581 567 816 11 0.0552 0 350 320 539 8 0.0546 2 346 310 540 3 0.0543 276 404 645 591 7 0.0538 303 705 566 959 7 0.0535 256 396 510 647 11 0.0535 300 785 556 1017 8 0.0531 299 525 551 762 0 0.0523 0 349 316 542 5 0.0521 261 403 635 585 0 0.0518 271 408 646 587 6 0.0518 273 408 648 586 5 0.0518 563 76 816 298 3 0.0514 302 525 559 768 10 0.0514 299 531 564 763 0 0.0512 302 697 561 955 8 0.0512 456 335 697 576 11 0.0506 262 407 647 584 13 0.0505 257 399 515 650 6 0.0503 660 95 887 320 7 0.0502 366 777 628 1015 11 0.0502 456 336 706 574 7 0.0501 2 349 318 542
uCm3XfZ2KGzHunbBFwXQgHtQcQWIJ5Xq,7 0.0582 187 317 442 547 11 0.0567 208 295 569 468 0 0.0556 183 320 437 549 13 0.0556 249 283 505 501 8 0.0552 188 318 432 548 3 0.0546 244 281 496 501 0 0.0541 318 392 576 619 10 0.0532 209 299 562 466 11 0.0532 393 300 644 501 7 0.0531 399 596 652 832 6 0.0526 247 285 502 498 7 0.0526 323 333 577 549 11 0.0523 456 610 710 831 0 0.0523 391 595 650 835 8 0.0515 389 401 633 628 11 0.0513 179 322 442 547 13 0.0504 323 388 575 619 5 0.0504 238 277 497 495
w1lDXgX94aiqcq5LLDkrxhd6cnFtpkLR,8 0.0573 5 19 251 237 11 0.0572 530 112 825 344 11 0.0559 425 209 699 448 8 0.0558 429 206 689 447 11 0.0550 552 207 818 442 0 0.0540 489 147 762 386 8 0.0534 369 140 636 376 0 0.0531 368 140 643 378 11 0.0529 0 23 263 236 7 0.0523 509 205 771 454 7 0.0521 371 139 644 374 13 0.0520 509 206 775 461 11 0.0518 361 143 645 374 8 0.0517 622 156 876 386 3 0.0511 510 201 767 461 11 0.0509 313 408 573 657 8 0.0509 491 146 754 379 6 0.0509 559 205 822 443 11 0.0507 242 466 503 705 8 0.0503 554 204 810 446 5 0.0502 0 19 255 240 10 0.0500 505 209 768 452
lvr5SEFGou3vOJDjLL2MuXVN2QOO2whL,5 0.0612 135 678 509 860 0 0.0588 328 589 586 828 0 0.0584 375 391 638 636 5 0.0582 323 650 590 878 7 0.0580 260 709 516 933 11 0.0579 132 683 522 858 5 0.0572 370 387 633 630 6 0.0571 142 682 522 861 11 0.0570 326 658 595 878 0 0.0570 462 330 711 576 13 0.0568 379 388 645 637 7 0.0567 332 654 599 882 0 0.0566 140 684 519 861 11 0.0566 462 330 713 570 10 0.0562 140 683 511 861 0 0.0561 389 733 653 968 11 0.0559 370 390 638 633 0 0.0553 453 461 692 711 6 0.0553 331 653 598 881 13 0.0552 458 460 697 708 13 0.0551 146 683 523 861 2 0.0549 145 686 519 861 0 0.0548 315 464 567 711 11 0.0545 382 527 634 762 2 0.0544 454 270 716 502 8 0.0542 456 459 686 708 8 0.0540 463 323 704 577 8 0.0539 147 681 508 859 11 0.0535 454 463 693 704 5 0.0534 308 796 574 1017 6 0.0534 457 390 704 639 7 0.0534 320 799 581 1022 5 0.0533 449 262 711 504 0 0.0532 516 398 772 641 2 0.0532 374 393 639 635 8 0.0531 332 654 590 884 13 0.0529 321 801 585 1023 13 0.0526 329 587 591 825 7 0.0524 376 386 641 637 11 0.0523 315 802 575 1021 7 0.0522 388 527 635 767 0 0.0517 313 275 570 512 10 0.0513 374 394 636 631 6 0.0512 320 800 581 1022 7 0.0506 197 586 452 839 7 0.0505 458 265 718 510 8 0.0504 375 387 631 635 3 0.0504 330 657 595 886 0 0.0503 452 598 704 837 0 0.0503 311 802 584 1023 6 0.0503 385 457 634 699 0 0.0502 576 305 824 533 8 0.0501 321 526 567 763 6 0.0501 403 592 660 824
odEi47U1AVILH9uoIrcZRFSPLyhbHzOK,11 0.0597 318 399 569 637 11 0.0593 381 597 631 825 11 0.0580 233 723 502 958 0 0.0577 238 716 510 967 7 0.0563 321 593 572 837 8 0.0559 315 400 562 637 7 0.0558 243 720 510 960 11 0.0555 377 470 625 702 5 0.0550 265 613 629 792 0 0.0549 318 590 570 841 11 0.0548 443 541 703 758 3 0.0547 307 216 565 445 0 0.0546 301 215 565 442 6 0.0544 276 615 642 792 7 0.0542 307 214 567 440 8 0.0541 242 717 499 962 7 0.0540 318 400 574 636 11 0.0539 302 216 569 437 8 0.0538 382 594 623 827 0 0.0537 316 400 570 638 13 0.0536 323 593 578 836 11 0.0534 517 659 768 888 8 0.0530 54 676 420 853 5 0.0522 231 718 500 955 7 0.0521 379 530 631 766 5 0.0519 312 398 565 636 3 0.0516 276 613 636 800 8 0.0516 305 217 556 443 11 0.0511 759 454 1020 694 2 0.0510 275 618 636 795 0 0.0506 54 678 439 864 3 0.0504 319 405 568 643 10 0.0504 275 615 631 792 11 0.0504 9 687 363 866
808k5hsxKFkIQucRKQVTjZ5ygl9TjQX1,8 0.0686 186 778 427 1023 7 0.0685 188 780 433 1023 0 0.0682 256 654 515 901 7 0.0674 194 655 450 890 5 0.0668 181 782 427 1020 7 0.0664 311 788 556 1022 8 0.0649 312 789 546 1023 11 0.0642 185 781 430 1023 6 0.0631 188 785 433 1023 8 0.0626 258 656 506 897 10 0.0620 190 660 447 889 7 0.0619 324 658 576 897 5 0.0617 189 656 446 890 5 0.0615 306 789 550 1020 0 0.0613 184 782 430 1022 11 0.0613 310 795 552 1020 11 0.0610 192 658 448 892 8 0.0610 191 579 439 826 6 0.0605 313 795 556 1023 0 0.0596 189 580 447 830 11 0.0592 318 582 564 824 3 0.0592 189 782 431 1023 3 0.0591 255 712 504 960 9 0.0585 183 783 431 1021 0 0.0585 320 580 566 830 10 0.0583 252 719 505 952 13 0.0576 186 781 435 1023 6 0.0576 195 659 451 891 10 0.0575 183 783 430 1021 2 0.0573 185 785 429 1023 3 0.0562 312 793 555 1023 3 0.0559 323 660 573 906 10 0.0557 320 666 575 895 13 0.0552 314 793 559 1023 8 0.0552 320 584 557 825 5 0.0551 314 658 572 897 13 0.0543 256 711 509 957 1 0.0540 189 653 447 893 1 0.0540 184 778 428 1023 2 0.0540 255 716 504 956 10 0.0538 310 797 556 1019 9 0.0538 252 715 504 953 12 0.0538 186 779 429 1023 12 0.0526 257 710 506 956 2 0.0525 312 797 553 1023 4 0.0523 187 782 431 1023 6 0.0517 322 662 576 898 4 0.0506 196 659 450 894 9 0.0503 307 796 554 1020
zdi606nSYQftkUqLL1t3cQQ1MYX03suL,5 0.0657 298 351 553 582 11 0.0644 381 273 629 508 5 0.0635 418 346 683 576 11 0.0618 304 358 554 583 3 0.0604 385 268 628 514 0 0.0596 246 341 482 574 5 0.0586 302 471 569 720 3 0.0585 408 415 692 650 6 0.0585 310 356 560 583 0 0.0579 313 275 561 508 8 0.0578 383 270 624 506 8 0.0577 313 360 550 581 11 0.0575 176 338 415 576 11 0.0574 306 206 554 435 8 0.0573 429 353 679 576 11 0.0568 240 405 484 640 8 0.0561 315 477 567 715 7 0.0559 385 270 629 511 11 0.0558 307 479 581 715 6 0.0557 381 204 626 446 11 0.0556 238 271 490 497 6 0.0553 247 405 489 643 11 0.0549 405 418 694 645 3 0.0546 306 414 559 649 0 0.0545 300 415 562 646 0 0.0540 433 271 687 500 8 0.0537 439 603 701 846 10 0.0536 385 277 631 505 0 0.0533 496 402 757 639 0 0.0533 369 353 624 578 6 0.0529 314 475 578 716 3 0.0527 251 340 481 581 11 0.0526 379 149 631 388 2 0.0526 250 343 482 572 5 0.0523 367 197 620 444 8 0.0523 493 400 745 635 5 0.0522 489 394 752 636 3 0.0522 357 489 622 728 13 0.0518 310 360 562 585 2 0.0516 435 278 687 499 0 0.0513 188 397 427 641 8 0.0510 248 407 483 641 11 0.0509 437 608 712 846 5 0.0508 424 663 707 905 13 0.0507 384 273 635 511 2 0.0506 316 278 558 508 7 0.0505 409 413 692 651 6 0.0503 435 275 689 496
UHSc4BT8bWoblpST2OJjFTOsYOg0gydN,8 0.0583 495 325 754 565 3 0.0582 498 330 758 571 5 0.0574 495 264 748 504 7 0.0574 497 331 760 566 0 0.0573 567 277 830 522 11 0.0570 497 270 756 503 8 0.0567 440 263 677 504 8 0.0555 567 458 813 700 11 0.0548 445 204 702 433 7 0.0547 438 269 686 507 5 0.0546 444 125 709 359 3 0.0541 505 198 761 444 0 0.0539 567 460 820 702 6 0.0537 508 461 766 695 8 0.0535 505 195 754 439 11 0.0533 498 467 763 695 7 0.0531 507 465 767 696 0 0.0529 436 263 683 508 6 0.0527 496 328 762 565 8 0.0524 453 125 704 364 2 0.0523 494 334 758 564 0 0.0522 505 196 759 441 10 0.0517 566 463 820 701 10 0.0517 493 330 759 566 7 0.0515 508 198 763 442 6 0.0514 440 267 685 505 13 0.0514 499 330 764 567 11 0.0513 55 669 323 892 3 0.0512 438 267 683 509 5 0.0509 495 459 763 692 8 0.0508 498 525 743 763 10 0.0508 433 268 683 505 3 0.0504 455 129 711 368 13 0.0503 507 463 770 695 5 0.0503 559 521 817 763 11 0.0502 626 456 887 705 0 0.0502 501 595 755 832 3 0.0501 509 464 764 701
uWWJaHe6iKFfIWqHOOwMCexJuzvPzTo5,0 0.0646 127 654 387 890 7 0.0617 129 654 391 888 11 0.0601 121 657 388 887 8 0.0594 127 652 383 888 5 0.0583 121 653 386 886 8 0.0583 176 335 428 576 6 0.0578 127 653 389 890 8 0.0561 260 520 490 755 11 0.0560 252 269 497 501 3 0.0560 129 654 385 893 5 0.0553 254 517 494 754 0 0.0550 254 269 500 503 0 0.0549 258 521 496 754 11 0.0548 173 341 433 578 10 0.0548 124 657 387 888 13 0.0547 131 655 392 891 8 0.0544 253 267 490 499 11 0.0542 255 520 497 753 8 0.0539 124 515 359 750 7 0.0538 125 511 369 750 0 0.0537 123 517 366 752 7 0.0527 263 517 501 756 5 0.0519 236 329 491 570 7 0.0518 247 331 498 575 6 0.0512 261 522 502 756 0 0.0508 177 335 440 577 2 0.0505 127 659 385 890 3 0.0502 261 522 499 761
uhqExOEzGqOqD9QqLoHSUJ5uKcpS8rRS,5 0.0667 114 458 374 709 8 0.0626 170 396 423 641 7 0.0604 168 392 430 641 5 0.0597 107 330 375 579 11 0.0589 233 385 497 616 8 0.0582 184 511 439 762 5 0.0576 227 437 500 682 0 0.0568 107 336 381 580 7 0.0564 182 505 448 765 3 0.0563 175 336 429 579 6 0.0557 171 394 433 639 11 0.0552 236 513 505 752 13 0.0541 236 378 505 622 0 0.0538 241 507 505 758 10 0.0538 235 388 498 617 5 0.0535 30 394 310 646 11 0.0531 107 405 381 642 6 0.0525 187 509 450 763 5 0.0525 476 806 722 1021 3 0.0519 187 464 442 715 11 0.0519 188 583 441 829 3 0.0515 117 404 378 657 0 0.0511 191 580 445 835 5 0.0511 121 585 380 833 13 0.0509 113 403 383 650 8 0.0509 477 814 719 1020 13 0.0506 244 508 511 761 8 0.0501 35 403 312 652
jaAqj6zzBgTE90k6exwEHkr0JVeEbmm1,11 0.0613 506 394 770 635 11 0.0610 641 469 880 715 7 0.0600 512 391 774 638 0 0.0597 637 398 887 639 8 0.0592 572 392 818 636 8 0.0585 640 467 870 713 6 0.0581 579 329 828 561 6 0.0576 451 397 713 635 8 0.0573 447 397 705 635 10 0.0571 573 393 825 635 5 0.0570 446 392 707 634 8 0.0564 504 331 764 573 0 0.0560 507 391 769 639 3 0.0554 512 334 772 577 0 0.0550 327 382 571 634 3 0.0549 581 391 825 645 6 0.0543 505 267 769 509 13 0.0543 578 391 827 638 8 0.0541 187 579 433 834 13 0.0541 452 395 719 636 11 0.0540 579 327 825 558 0 0.0534 241 330 497 573 7 0.0533 584 324 831 558 11 0.0533 189 460 443 692 10 0.0532 446 401 713 637 5 0.0531 505 326 768 570 8 0.0531 192 452 434 696 11 0.0529 501 266 765 504 8 0.0526 576 271 815 501 9 0.0523 504 391 772 631 0 0.0523 577 274 825 505 3 0.0520 452 396 709 640 0 0.0519 185 581 443 832 11 0.0516 180 582 438 827 0 0.0515 192 458 441 695 2 0.0514 506 397 771 637 5 0.0513 181 575 440 825 6 0.0511 642 400 889 640 13 0.0509 509 328 776 569 5 0.0509 572 385 821 639 5 0.0508 321 380 567 630 7 0.0508 643 396 888 640 7 0.0507 506 265 768 508 9 0.0507 500 268 768 504 2 0.0502 503 272 767 508 7 0.0502 182 578 447 831 7 0.0500 193 451 450 697 5 0.0500 574 268 820 501
EPfzUv1DHx1LuI9MOnC8gKBrkoRCznB1,8 0.0658 365 0 631 185 11 0.0623 363 1 638 184 0 0.0570 368 3 637 186 5 0.0569 361 0 635 184 13 0.0566 309 0 582 202 3 0.0560 369 1 635 191 7 0.0556 369 0 641 189 2 0.0534 366 4 637 185 6 0.0533 367 1 640 183 6 0.0523 314 86 577 314 8 0.0518 169 393 427 634 3 0.0513 240 25 509 272
HTzeSqmrCBIL7yw0bRWpk31f3hyQUFiZ,5 0.0663 123 785 366 1021 7 0.0662 128 787 375 1023 0 0.0657 240 656 498 905 8 0.0654 128 784 370 1023 7 0.0648 192 720 442 969 11 0.0647 123 788 373 1020 11 0.0646 187 721 442 966 8 0.0634 250 793 487 1023 5 0.0633 187 717 434 968 7 0.0625 251 795 496 1023 11 0.0621 247 799 493 1022 6 0.0615 129 792 375 1023 5 0.0614 244 795 488 1020 8 0.0612 242 654 494 900 6 0.0597 192 722 444 969 13 0.0596 254 798 497 1023 13 0.0593 129 789 377 1023 11 0.0586 315 719 567 945 0 0.0577 249 796 492 1023 2 0.0576 191 721 442 969 6 0.0574 250 801 496 1023 0 0.0570 316 715 566 955 7 0.0565 319 715 569 951 11 0.0564 302 595 571 820 2 0.0563 127 791 373 1023 5 0.0562 311 713 563 947 0 0.0560 127 788 370 1023 3 0.0559 251 794 493 1023 3 0.0555 129 788 372 1023 10 0.0555 235 661 497 901 2 0.0554 249 799 497 1023 6 0.0548 318 718 571 952 9 0.0548 125 787 369 1023 8 0.0548 318 712 563 949 10 0.0547 125 791 370 1022 11 0.0543 376 668 638 889 8 0.0537 378 787 615 1013 3 0.0536 240 659 500 906 11 0.0535 377 791 622 1011 10 0.0534 249 798 493 1022 8 0.0530 379 662 628 890 13 0.0524 307 662 573 894 7 0.0518 382 788 629 1016 5 0.0518 372 787 618 1014 10 0.0517 313 718 569 950 13 0.0513 247 591 508 835 9 0.0510 187 719 439 964 1 0.0506 187 713 440 970 13 0.0506 381 790 629 1016 7 0.0502 385 663 643 894 9 0.0502 247 797 494 1022 4 0.0500 127 792 374 1023 12 0.0500 129 789 368 1023
6NJtLrrvLQgdGeFqWAsaithZdjmmf8sX,11 0.0678 396 683 763 854 11 0.0657 447 607 823 787 0 0.0623 378 612 760 793 7 0.0613 400 680 769 855 7 0.0605 262 657 502 910 0 0.0604 464 673 826 852 11 0.0595 257 659 499 906 5 0.0592 530 675 883 852 8 0.0586 535 676 885 852 8 0.0586 260 660 494 908 13 0.0583 469 676 835 851 0 0.0581 259 658 500 911 10 0.0579 392 682 759 855 8 0.0576 450 607 817 788 6 0.0568 538 678 893 854 3 0.0567 468 675 829 855 10 0.0567 446 608 819 787 5 0.0566 256 657 493 905 6 0.0565 383 613 763 792 6 0.0563 262 661 502 908 0 0.0551 143 614 530 792 10 0.0550 257 663 497 911 5 0.0550 373 610 751 789 7 0.0547 440 529 697 769 2 0.0543 465 677 827 851 7 0.0539 151 617 526 791 0 0.0535 572 537 818 773 13 0.0531 389 611 768 789 10 0.0528 136 619 522 791 8 0.0527 143 618 510 790 3 0.0526 262 659 497 914 11 0.0521 136 619 528 787 13 0.0519 263 659 505 908 7 0.0518 579 532 825 771 1 0.0518 458 672 824 851 9 0.0513 464 675 826 850 12 0.0508 467 674 829 853 5 0.0501 570 531 813 769
LBjqYuSTgKydMAFAQeOMHpegPKYWW7AT,5 0.0603 303 471 566 709 11 0.0583 308 475 572 711 8 0.0569 310 477 563 711 7 0.0568 313 475 573 716 0 0.0567 315 472 570 715 10 0.0566 238 465 496 695 6 0.0545 315 476 575 709 5 0.0545 395 800 763 973 0 0.0515 407 803 769 978 13 0.0511 312 476 575 713 2 0.0505 310 483 569 713 11 0.0502 405 804 770 970
pkJFxnb4Q7DsgiCgaYpsJDwooSh82UQN,11 0.0653 377 218 639 438 0 0.0612 242 209 500 447 11 0.0604 246 149 508 387 11 0.0604 235 320 501 564 5 0.0572 239 268 496 513 6 0.0571 252 147 511 388 3 0.0568 382 215 636 447 11 0.0564 390 329 648 569 8 0.0559 239 318 493 564 5 0.0556 374 212 632 437 8 0.0555 245 209 497 445 0 0.0552 390 328 646 574 7 0.0551 382 218 638 441 7 0.0550 255 142 510 388 5 0.0549 361 787 629 1020 8 0.0544 379 216 631 440 0 0.0541 236 318 497 564 5 0.0540 318 323 571 569 5 0.0537 245 142 503 386 5 0.0537 239 379 497 633 0 0.0536 378 217 632 444 3 0.0535 252 140 507 394 13 0.0533 125 217 398 465 13 0.0532 246 212 508 447 10 0.0528 242 218 506 445 8 0.0522 124 213 377 465 2 0.0522 243 218 501 443 3 0.0521 398 323 650 577 7 0.0520 326 325 580 577 6 0.0520 125 218 395 466 0 0.0519 117 216 388 469 13 0.0518 247 381 510 642 7 0.0517 451 335 708 567 13 0.0517 326 327 579 577 11 0.0516 363 604 630 834 7 0.0516 375 791 638 1023 6 0.0513 246 273 507 514 6 0.0512 374 794 635 1022 6 0.0512 383 217 640 442 0 0.0511 332 390 580 649 10 0.0511 381 223 641 440 2 0.0511 239 326 498 563 11 0.0510 436 799 688 1023 6 0.0508 325 326 583 573 5 0.0507 390 383 645 630 11 0.0506 455 400 713 643 13 0.0506 381 797 642 1023 7 0.0504 246 274 501 514 3 0.0504 240 319 498 571 3 0.0503 441 791 694 1023
JpDphIdp4HNbWvyEDrtIAIgpCKELqh45,11 0.0663 315 727 569 962 5 0.0651 377 723 631 963 11 0.0651 446 672 706 905 8 0.0640 318 723 566 964 7 0.0632 319 725 571 965 0 0.0630 319 725 570 965 0 0.0628 379 660 643 907 7 0.0619 455 731 708 974 6 0.0612 456 733 707 973 8 0.0606 454 731 698 972 8 0.0597 380 658 634 905 0 0.0595 455 732 705 974 10 0.0586 314 730 568 964 3 0.0583 383 722 638 972 6 0.0580 317 728 571 963 10 0.0571 451 733 703 971 5 0.0569 441 671 702 904 13 0.0568 384 725 641 968 7 0.0557 382 660 643 906 6 0.0555 381 662 644 905 9 0.0550 315 727 570 960 3 0.0548 450 670 710 911 2 0.0539 319 730 570 966 10 0.0532 375 665 637 902 2 0.0528 455 735 707 975 12 0.0527 456 730 704 975 11 0.0525 303 278 568 500 9 0.0525 451 734 707 970 13 0.0523 450 674 716 911 1 0.0517 315 721 569 965 7 0.0514 308 273 565 497 1 0.0509 451 727 704 974 8 0.0509 301 269 552 501 12 0.0509 321 725 570 965
gxMLM3Y7QiHnfhvo8waqHCPpfDl43X6P,11 0.0655 258 81 508 320 0 0.0641 326 0 589 201 11 0.0636 319 2 589 197 5 0.0633 319 0 588 198 13 0.0606 385 0 654 204 0 0.0605 259 78 506 328 5 0.0589 566 208 814 441 5 0.0585 260 70 503 326 6 0.0579 328 19 587 275 8 0.0577 382 0 641 203 3 0.0576 332 0 586 203 8 0.0564 568 206 814 440 10 0.0562 324 5 588 196 7 0.0561 330 0 592 200 11 0.0554 567 211 823 438 6 0.0552 262 80 510 328 6 0.0551 572 210 828 438 13 0.0540 571 213 828 442 3 0.0538 569 209 821 448 5 0.0538 193 124 426 369 8 0.0537 259 80 501 331 0 0.0537 567 209 822 443 0 0.0536 194 129 428 375 6 0.0531 497 139 764 368 11 0.0528 493 139 762 367 3 0.0527 265 80 508 336 11 0.0526 191 131 434 368 8 0.0517 193 127 424 377 10 0.0512 261 87 510 324 7 0.0512 256 143 497 388 5 0.0511 491 134 752 369 0 0.0508 491 136 759 371 4 0.0503 327 5 594 201
3XJ2qR7njl5z6PT8bKBzFPGcf742HRjU,8 0.0645 189 584 449 822 5 0.0639 297 389 570 638 11 0.0616 185 585 453 823 5 0.0610 187 582 447 820 11 0.0608 237 388 507 631 7 0.0599 244 385 509 635 8 0.0591 305 395 563 640 11 0.0589 171 457 440 695 7 0.0587 378 405 635 651 11 0.0586 369 405 632 647 0 0.0585 174 455 439 699 0 0.0584 240 386 505 638 3 0.0583 241 388 503 640 8 0.0579 178 455 435 698 6 0.0571 375 407 634 645 13 0.0570 244 387 512 638 7 0.0566 176 452 442 697 7 0.0565 189 586 455 825 13 0.0564 179 455 444 700 3 0.0563 374 405 629 652 0 0.0562 188 584 453 823 10 0.0561 186 587 450 821 5 0.0560 173 450 435 695 13 0.0555 192 586 459 828 10 0.0552 176 458 437 696 10 0.0550 302 399 572 640 13 0.0547 379 406 637 649 5 0.0542 438 381 696 629 0 0.0539 442 387 699 635 3 0.0539 177 458 438 705 8 0.0538 111 524 373 766 8 0.0537 384 347 624 585 6 0.0537 179 460 441 698 3 0.0537 190 588 451 829 3 0.0535 310 337 575 581 9 0.0533 371 406 630 643 6 0.0523 189 587 453 824 6 0.0521 311 338 578 579 0 0.0520 111 528 378 765 6 0.0519 443 338 694 564 7 0.0514 258 264 513 505 11 0.0512 434 337 690 560 2 0.0511 192 589 454 824 3 0.0510 442 339 685 574 8 0.0510 307 272 559 498 7 0.0507 442 336 692 566 1 0.0505 302 392 571 640 1 0.0504 173 452 440 696 10 0.0503 384 347 632 589 11 0.0503 106 528 381 760 9 0.0501 239 388 505 631
adWL4yKlygZCCuiLNnZkPW7esDtC3Tx5,0 0.0538 433 664 697 901 8 0.0536 127 0 361 210 7 0.0526 581 787 831 1011 8 0.0516 497 663 748 893 0 0.0514 125 1 371 213 7 0.0512 305 190 554 426 11 0.0507 577 791 818 1011 13 0.0505 303 188 568 424
cmcsjfZgzMqHFcn5KY7v1oIpIEGqpgu7,8 0.0574 246 323 479 570 3 0.0573 250 322 491 574 5 0.0562 242 314 490 567 7 0.0556 333 200 583 435 0 0.0555 333 205 577 437 11 0.0553 240 372 497 624 0 0.0547 250 322 491 573 11 0.0546 362 590 627 821 13 0.0545 168 391 426 643 7 0.0543 248 318 494 568 11 0.0539 269 81 514 326 8 0.0537 357 653 618 884 0 0.0531 511 212 761 430 5 0.0531 164 386 420 636 11 0.0531 226 657 499 879 5 0.0528 326 195 573 430 8 0.0525 168 387 410 639 8 0.0522 330 206 569 432 3 0.0513 335 204 577 439 11 0.0512 239 259 486 495 0 0.0511 367 590 621 825 5 0.0508 508 203 751 429 8 0.0506 511 212 750 429 6 0.0502 250 202 497 436 0 0.0501 329 20 584 280
lKplNvB429oKKdXHk76ipHuuDq3t3906,11 0.0614 246 780 491 1013 5 0.0592 243 775 489 1014 7 0.0585 249 775 496 1018 6 0.0563 248 781 494 1016 8 0.0560 249 777 485 1013 0 0.0558 245 778 491 1019 3 0.0543 250 781 492 1023 11 0.0523 374 718 631 945 13 0.0510 249 780 502 1017 2 0.0501 246 785 493 1021
delf18Mztb1fOzU7SmDXT4xCZQeTujkV,5 0.0616 562 143 839 398 3 0.0600 453 141 707 391 0 0.0598 569 149 843 400 6 0.0595 573 151 850 397 0 0.0591 640 341 903 586 11 0.0587 641 343 909 585 5 0.0585 444 135 701 384 11 0.0585 301 138 577 371 0 0.0580 564 271 831 518 8 0.0579 506 154 775 396 8 0.0578 643 339 897 586 6 0.0571 570 270 838 518 13 0.0567 567 273 836 522 11 0.0567 446 139 710 385 13 0.0563 644 343 912 590 8 0.0561 512 270 765 520 13 0.0561 509 157 782 396 0 0.0561 379 137 639 378 8 0.0561 379 137 629 379 5 0.0558 558 264 831 518 5 0.0557 624 396 896 642 3 0.0555 521 271 773 526 11 0.0551 758 397 1020 631 6 0.0546 448 141 711 382 6 0.0545 648 340 912 584 3 0.0541 648 342 909 592 11 0.0541 366 198 640 437 10 0.0541 451 145 709 389 3 0.0540 572 152 844 411 5 0.0539 184 327 442 565 13 0.0538 765 395 1023 637 3 0.0537 375 196 633 444 8 0.0537 450 74 700 324 11 0.0536 569 152 843 396 11 0.0535 567 272 836 516 0 0.0534 251 125 510 375 7 0.0534 510 151 786 398 2 0.0532 450 143 709 386 10 0.0532 643 343 904 580 10 0.0530 514 273 772 520 5 0.0530 298 128 569 368 7 0.0527 519 269 776 518 11 0.0523 187 149 446 385 2 0.0522 513 274 771 517 7 0.0522 383 137 637 380 0 0.0522 760 458 1013 698 13 0.0521 383 140 639 379 6 0.0520 308 132 575 369 13 0.0517 196 334 455 570 5 0.0514 107 138 370 372 13 0.0514 300 293 642 478 7 0.0513 644 338 911 586 5 0.0513 750 393 1016 626 5 0.0512 364 191 632 436 7 0.0510 455 74 709 325 6 0.0509 261 398 523 640 8 0.0509 305 199 561 427 13 0.0507 453 79 707 324 11 0.0505 252 405 519 637 11 0.0505 190 339 445 565 8 0.0504 196 332 435 565 8 0.0500 307 420 641 597
bdEmdA1sRRoUW6Wc9022vxAxZMHCrWaQ,11 0.0555 183 783 431 1001 7 0.0552 190 777 436 1007 0 0.0544 795 0 967 374 0 0.0539 185 779 431 1012 8 0.0521 798 0 961 372 5 0.0520 789 0 966 362 8 0.0509 189 778 423 1006
KITsJRVHN4nMGhfwhHQ4RcwaV5vMvJXL,0 0.0632 515 342 759 589 7 0.0621 453 333 707 583 5 0.0609 320 276 570 522 8 0.0602 448 332 697 582 11 0.0596 323 281 575 523 8 0.0591 507 402 756 650 11 0.0590 467 359 834 548 6 0.0589 430 652 693 892 8 0.0588 569 339 810 577 7 0.0583 329 221 587 455 0 0.0577 324 275 574 525 5 0.0576 242 334 488 579 11 0.0573 249 217 511 449 11 0.0573 567 412 828 639 5 0.0572 428 651 688 892 11 0.0571 500 469 763 709 0 0.0571 503 465 762 714 11 0.0571 430 591 691 820 0 0.0571 440 403 701 645 13 0.0568 327 281 578 527 7 0.0567 511 401 768 648 8 0.0564 326 280 566 524 6 0.0563 570 344 820 579 10 0.0561 253 291 503 523 6 0.0560 327 279 577 525 5 0.0560 446 331 698 582 5 0.0555 563 337 815 576 8 0.0552 429 657 683 892 0 0.0551 573 410 823 642 7 0.0550 435 654 694 894 3 0.0550 323 282 573 529 11 0.0549 241 335 490 579 7 0.0549 257 283 503 521 11 0.0546 367 647 620 878 3 0.0546 454 336 705 588 11 0.0543 438 403 704 643 6 0.0543 258 217 514 452 6 0.0540 450 334 708 582 13 0.0539 504 467 766 712 8 0.0538 247 334 484 578 6 0.0535 373 593 620 816 2 0.0534 448 340 702 581 3 0.0534 438 591 687 831 13 0.0533 436 655 698 896 5 0.0533 366 585 615 818 0 0.0532 245 334 490 582 5 0.0532 245 211 505 447 7 0.0529 503 540 764 774 0 0.0528 250 213 512 449 3 0.0527 509 467 765 716 8 0.0526 366 595 611 817 6 0.0524 508 401 767 648 8 0.0518 501 544 755 773 3 0.0515 244 341 485 584 6 0.0514 440 539 704 766 5 0.0513 493 722 755 950 10 0.0512 503 405 763 650 2 0.0511 505 406 761 649 3 0.0510 502 724 762 956 13 0.0510 443 400 708 642 5 0.0510 502 399 760 648 2 0.0507 376 648 622 879 13 0.0505 247 338 494 581 6 0.0505 499 723 765 951 2 0.0503 325 285 568 523 6 0.0502 249 339 494 581 13 0.0502 476 358 844 548 0 0.0502 429 652 692 893 9 0.0501 503 400 764 645 10 0.0500 447 337 705 583
R0pu9D44jQ6rdVe4uG41rBcNjvFYB9Ma,11 0.0658 388 796 634 1022 5 0.0625 383 793 631 1020 8 0.0616 390 797 631 1023 8 0.0607 0 39 242 269 11 0.0583 0 2 270 207 7 0.0583 449 796 699 1023 0 0.0582 763 18 1021 254 11 0.0579 762 21 1019 250 0 0.0577 389 798 638 1023 5 0.0577 759 17 1015 250 7 0.0576 325 799 580 1023 13 0.0569 713 4 971 202 8 0.0567 768 16 1013 252 0 0.0564 0 1 268 212 6 0.0563 0 0 266 208 11 0.0560 376 340 643 567 11 0.0553 763 152 1015 376 8 0.0550 108 93 365 315 5 0.0544 0 35 246 268 6 0.0542 769 18 1023 250 13 0.0540 378 387 642 626 8 0.0539 767 144 1006 379 0 0.0539 109 59 398 287 3 0.0536 393 797 632 1023 3 0.0535 767 20 1018 258 11 0.0535 106 96 376 316 6 0.0534 390 799 642 1023 11 0.0533 0 88 231 321 5 0.0526 367 381 629 615 13 0.0525 397 797 642 1023 0 0.0524 0 85 231 325 8 0.0524 376 341 628 564 10 0.0523 711 7 960 202 0 0.0521 319 152 571 390 5 0.0519 378 265 637 501 3 0.0518 5 2 267 216 0 0.0513 765 147 1014 386 5 0.0513 107 48 388 285 10 0.0513 389 273 650 503 11 0.0511 446 288 703 508 2 0.0511 767 21 1023 254 8 0.0511 640 25 894 262 2 0.0511 393 801 639 1021 13 0.0510 2 1 274 209 10 0.0510 390 803 637 1021 5 0.0510 105 154 367 387 5 0.0504 507 786 764 1018 8 0.0504 567 104 813 354 5 0.0503 762 141 1013 381 8 0.0502 46 144 290 382
p9SuqS4AU4Nz1tyegvwEk4Cc27a6hR4c,11 0.0586 210 610 563 777 0 0.0576 125 673 493 855 11 0.0567 120 675 498 850 7 0.0553 130 670 496 849 8 0.0532 127 673 482 851 10 0.0517 124 677 492 850 0 0.0513 236 518 489 750
iOqYGKruXtXJ9bhsYActrGXtcAYztnol,11 0.0631 391 397 646 633 0 0.0622 510 219 759 450 0 0.0618 454 401 709 636 5 0.0612 268 477 637 652 8 0.0606 454 458 701 695 8 0.0600 516 217 751 451 8 0.0597 580 153 812 389 7 0.0592 392 317 628 567 3 0.0586 391 316 628 572 11 0.0584 312 208 564 449 0 0.0583 574 158 824 391 8 0.0582 378 198 624 446 11 0.0579 378 137 633 384 8 0.0574 385 312 622 567 0 0.0574 379 198 630 447 13 0.0573 397 399 650 637 3 0.0572 581 159 822 396 0 0.0570 399 468 650 710 11 0.0568 454 459 706 692 3 0.0567 303 264 559 511 7 0.0564 460 401 711 635 3 0.0562 382 200 631 449 10 0.0557 379 203 630 444 5 0.0554 452 315 690 563 7 0.0553 385 198 632 444 5 0.0553 365 249 622 498 5 0.0551 452 520 707 755 11 0.0550 582 222 830 454 8 0.0550 300 264 549 506 3 0.0544 520 219 759 457 5 0.0544 376 133 627 384 13 0.0540 380 199 633 446 11 0.0538 385 531 646 758 13 0.0537 458 462 713 695 11 0.0537 251 337 506 583 6 0.0536 388 138 635 385 2 0.0533 457 325 697 564 10 0.0532 388 319 630 567 8 0.0528 387 532 640 756 2 0.0527 402 473 654 709 5 0.0525 316 330 561 584 13 0.0523 582 159 828 395 3 0.0521 463 400 709 641 7 0.0518 578 156 825 388 7 0.0514 402 468 653 715 5 0.0514 575 154 817 386 7 0.0514 517 265 770 508 6 0.0513 318 205 564 455 6 0.0513 403 470 657 709 2 0.0512 516 221 764 451 10 0.0509 514 220 760 453 8 0.0508 269 480 631 655 7 0.0508 256 335 509 593 0 0.0507 318 332 566 587 0 0.0507 581 287 842 518 6 0.0505 577 158 831 388 2 0.0504 379 204 633 446 6 0.0504 517 216 761 449 7 0.0502 305 266 562 507 13 0.0501 519 220 762 454 6 0.0501 457 320 700 564 13 0.0501 392 536 655 760
l1uWsnm2GTG3XjxmpzgOFgsFemhb2LqN,5 0.0622 576 199 812 436 8 0.0613 575 204 809 434 8 0.0584 513 402 758 641 11 0.0581 578 205 816 431 11 0.0567 239 671 513 895 11 0.0564 570 87 821 308 0 0.0564 576 204 816 432 11 0.0564 515 145 761 376 7 0.0563 580 203 819 434 8 0.0561 177 791 431 1016 6 0.0557 582 204 820 431 3 0.0556 580 206 817 441 7 0.0555 520 402 767 636 0 0.0551 512 404 761 643 13 0.0550 579 206 822 437 11 0.0548 111 723 376 946 5 0.0546 174 787 436 1014 2 0.0545 579 208 815 433 11 0.0543 174 795 440 1017 11 0.0539 515 402 762 635 8 0.0537 115 719 365 946 7 0.0535 178 724 444 956 2 0.0534 514 344 761 567 0 0.0529 177 790 437 1021 8 0.0525 569 84 808 307 0 0.0523 509 147 758 378 7 0.0520 119 787 379 1018 8 0.0516 247 668 502 900 0 0.0512 569 86 818 306 13 0.0510 120 790 382 1018 11 0.0509 378 130 643 360 8 0.0509 376 533 618 767 10 0.0508 578 209 816 434 5 0.0506 508 142 751 378 8 0.0506 511 143 752 379 10 0.0505 174 792 439 1020 5 0.0502 113 716 369 948 11 0.0502 300 602 576 831 6 0.0502 520 338 763 570 9 0.0501 577 205 816 431 13 0.0500 570 86 827 311
j8wkRKXI2o7JDOG34hHyyQEJe2MU6Vbf,11 0.0648 276 678 624 849 0 0.0605 277 675 620 849 7 0.0598 287 675 627 847 8 0.0587 376 658 634 892 10 0.0584 277 680 621 847 11 0.0584 323 723 570 944 0 0.0568 327 719 570 950 8 0.0562 328 719 563 949 5 0.0556 374 653 636 891 8 0.0555 250 666 495 908 7 0.0551 328 719 572 951 5 0.0549 322 717 563 945 11 0.0541 322 267 561 486 6 0.0541 380 657 644 894 6 0.0520 331 719 573 948 11 0.0516 640 786 882 1021 8 0.0512 697 786 937 1023 0 0.0511 323 266 560 492 7 0.0507 329 261 563 489 5 0.0507 691 786 938 1022 7 0.0506 382 512 641 747 5 0.0505 245 663 498 901 13 0.0503 698 793 953 1023 3 0.0502 283 676 620 852 2 0.0502 280 683 624 850
z0qwRj3qQ0AFJ9IKQVYkjMNO2C6UNjv5,7 0.0637 193 256 433 504 11 0.0634 187 261 432 504 8 0.0598 189 258 424 502 11 0.0598 59 232 314 463 7 0.0593 66 230 318 465 8 0.0581 63 228 305 464 5 0.0579 63 223 310 465 0 0.0568 420 356 679 582 5 0.0568 185 254 428 500 7 0.0567 259 200 510 441 6 0.0566 68 230 315 463 0 0.0565 189 259 430 501 7 0.0564 426 352 681 578 10 0.0555 190 264 434 502 6 0.0546 192 258 432 503 3 0.0544 193 258 430 508 13 0.0536 192 257 435 504 5 0.0524 250 197 501 437 11 0.0523 251 205 513 442 3 0.0519 260 204 507 446 8 0.0518 424 350 671 580 8 0.0518 259 202 498 440 10 0.0515 64 155 307 383 11 0.0514 419 356 680 577 0 0.0514 250 200 508 443 8 0.0513 354 542 612 770 2 0.0511 187 262 429 502 11 0.0511 122 144 369 375
qIFuCRRW7pF4QeOsNFgzMVD1gxYtlt4o,5 0.0611 359 740 626 976 0 0.0595 423 744 698 973 11 0.0594 165 794 425 1021 11 0.0592 379 461 637 694 8 0.0592 167 789 420 1023 7 0.0590 426 744 699 970 13 0.0589 372 748 636 980 11 0.0586 301 739 552 963 0 0.0582 165 791 426 1023 13 0.0579 239 340 512 581 3 0.0577 382 462 637 702 11 0.0576 230 341 509 572 0 0.0574 441 391 688 634 10 0.0574 301 738 552 965 0 0.0568 381 457 637 700 5 0.0562 228 334 503 573 7 0.0562 239 339 508 577 11 0.0555 420 745 697 962 5 0.0555 303 265 567 492 11 0.0554 376 333 638 565 8 0.0553 349 413 703 595 2 0.0553 379 466 635 698 8 0.0552 383 458 630 698 13 0.0551 170 791 434 1022 3 0.0550 443 394 689 637 7 0.0549 383 330 644 570 3 0.0548 369 742 636 982 8 0.0544 371 737 628 977 13 0.0539 351 413 721 596 0 0.0537 235 336 505 572 7 0.0531 381 461 644 698 8 0.0528 272 353 635 535 0 0.0527 381 330 636 568 7 0.0523 311 265 572 495 13 0.0521 381 460 642 702 6 0.0520 386 332 642 570 13 0.0519 311 266 575 501 2 0.0518 169 795 428 1023 11 0.0518 302 269 572 493 0 0.0518 307 265 568 495 5 0.0517 373 518 631 755 2 0.0515 443 398 689 633 10 0.0513 264 361 648 532 6 0.0510 382 522 643 761 7 0.0509 308 735 554 966 5 0.0505 333 411 708 592 10 0.0505 340 417 714 593 10 0.0504 164 799 424 1023 10 0.0504 375 464 635 697 0 0.0504 577 321 816 561 6 0.0503 372 744 636 976 3 0.0502 238 341 507 582
yHvxxKC39F2ZBLuqhPaim39HEH3dxb83,0 0.0699 444 601 699 833 0 0.0693 376 516 641 762 11 0.0689 444 602 698 831 0 0.0685 384 394 643 640 11 0.0674 284 546 633 722 5 0.0658 318 455 579 693 11 0.0658 451 454 700 699 11 0.0658 383 397 642 637 7 0.0656 385 398 646 640 0 0.0649 504 527 754 761 11 0.0646 320 597 569 818 7 0.0637 376 518 641 760 10 0.0631 271 482 636 664 8 0.0629 385 594 639 831 8 0.0629 452 457 695 701 8 0.0626 284 544 624 727 13 0.0624 388 395 646 638 11 0.0618 566 457 822 701 0 0.0617 318 594 572 821 8 0.0613 386 397 636 636 13 0.0611 360 546 711 728 5 0.0604 448 451 699 699 2 0.0603 382 459 640 704 3 0.0603 445 526 697 765 6 0.0600 453 458 701 699 10 0.0599 450 457 698 699 3 0.0597 387 397 641 641 5 0.0597 318 590 563 818 7 0.0592 445 602 701 832 5 0.0591 432 671 788 855 6 0.0590 577 457 827 703 0 0.0589 130 457 375 695 10 0.0588 445 602 694 830 3 0.0587 386 595 642 832 8 0.0583 571 454 818 707 6 0.0582 287 544 638 723 3 0.0582 317 520 571 757 0 0.0581 573 459 823 705 5 0.0577 566 454 822 702 7 0.0577 506 522 755 759 2 0.0577 320 527 576 758 6 0.0575 509 525 755 759 13 0.0575 388 596 649 828 6 0.0571 359 611 706 793 6 0.0571 384 397 644 638 8 0.0571 201 449 437 684 7 0.0571 573 454 828 703 3 0.0570 574 454 826 710 2 0.0564 506 529 752 758 10 0.0560 196 460 446 685 2 0.0556 385 601 643 830 11 0.0555 198 458 446 677 13 0.0553 576 458 834 704 3 0.0552 446 677 796 858 6 0.0551 201 454 445 682 10 0.0550 318 600 570 821 4 0.0549 355 549 704 731 12 0.0547 358 545 706 730 1 0.0546 350 542 702 729 2 0.0544 280 418 640 599 9 0.0542 450 456 700 695 5 0.0542 197 453 442 680 8 0.0535 437 674 785 855 7 0.0535 320 598 572 819 9 0.0535 383 395 641 635 10 0.0528 568 462 824 703 1 0.0526 381 392 640 638 4 0.0525 384 400 643 640
manG6fVrT4RXoWjXz5u9646kwhNqnmEF,11 0.0618 393 198 650 430 11 0.0616 479 288 828 468 8 0.0614 516 268 775 512 8 0.0608 444 402 699 652 5 0.0606 580 268 834 512 11 0.0597 358 793 619 1022 0 0.0591 481 289 824 471 0 0.0588 390 197 641 438 0 0.0584 328 149 566 379 11 0.0582 320 254 579 483 7 0.0580 523 268 780 514 5 0.0577 508 399 771 640 0 0.0575 317 253 578 492 7 0.0574 363 789 626 1023 8 0.0569 360 790 615 1023 5 0.0563 356 785 618 1020 6 0.0563 583 208 840 448 11 0.0560 326 144 571 372 3 0.0556 524 269 778 519 6 0.0555 390 263 648 501 11 0.0555 252 207 509 428 6 0.0555 286 790 563 1023 11 0.0552 443 407 704 651 11 0.0551 635 338 904 574 5 0.0546 386 190 638 433 6 0.0545 643 272 912 524 7 0.0544 449 402 709 657 11 0.0543 440 734 699 962 8 0.0540 320 257 567 491 5 0.0540 324 135 560 373 0 0.0540 360 789 621 1023 13 0.0539 586 276 840 513 0 0.0539 628 151 878 388 5 0.0538 316 253 571 484 0 0.0536 642 338 907 580 2 0.0533 483 293 827 468 8 0.0533 642 274 901 524 6 0.0533 386 727 636 963 11 0.0531 559 90 814 315 0 0.0529 517 405 776 642 10 0.0528 520 273 783 513 2 0.0527 393 203 640 438 6 0.0525 334 145 574 377 5 0.0525 376 71 633 292 6 0.0523 414 359 768 539 13 0.0523 365 792 632 1023 3 0.0523 518 405 773 645 5 0.0522 246 201 497 430 5 0.0522 569 144 827 377 0 0.0521 561 90 812 316 13 0.0520 521 404 782 642 8 0.0519 390 196 636 435 0 0.0518 253 206 503 434 3 0.0517 320 255 575 494 11 0.0516 432 531 692 771 9 0.0516 515 270 777 504 13 0.0514 417 359 766 543 6 0.0514 442 407 711 654 7 0.0513 395 194 647 440 5 0.0511 632 333 901 573 8 0.0510 563 89 806 318 0 0.0510 442 461 702 716 13 0.0510 323 255 583 491 0 0.0510 443 728 699 967 3 0.0509 633 155 878 396 10 0.0508 513 410 779 642 8 0.0508 633 153 874 386 11 0.0506 627 151 881 387 8 0.0504 375 598 609 830 8 0.0503 441 728 686 966 10 0.0502 639 346 905 572 8 0.0500 435 531 683 771
eVkDuaDhZOMyREtIIAg0TnBk4HtjtUXn,11 0.0622 375 468 633 702 11 0.0596 374 599 646 829 8 0.0583 446 581 700 824 8 0.0564 375 472 627 704 5 0.0553 366 0 629 202 11 0.0552 301 533 572 761 0 0.0546 444 585 710 821 7 0.0542 448 581 713 821 11 0.0542 358 793 619 1015 11 0.0538 371 4 638 202 8 0.0533 359 789 611 1018 5 0.0529 374 464 633 703 0 0.0525 376 475 641 706 11 0.0523 314 395 573 625 7 0.0523 363 786 626 1020 7 0.0522 381 468 642 703 0 0.0522 373 0 634 206 7 0.0520 376 0 642 205 2 0.0520 448 591 709 821 3 0.0517 379 598 646 838 5 0.0514 445 576 705 819 3 0.0510 380 472 635 710 13 0.0509 818 466 1023 715 10 0.0505 373 473 638 701 8 0.0503 305 535 560 763 8 0.0502 374 1 624 208 0 0.0500 362 787 620 1022
DROa2rrlGBJLIr9IQUl6aTnB62X59PWd,8 0.0560 442 394 686 626 8 0.0554 393 0 635 244 11 0.0548 386 0 646 239 11 0.0544 436 395 696 623 5 0.0530 493 345 742 563 0 0.0529 443 394 695 632 7 0.0520 482 821 746 1023 7 0.0518 429 466 698 699 8 0.0516 370 465 628 707 13 0.0515 430 466 698 699 0 0.0508 365 460 638 710 0 0.0508 476 823 739 1023 5 0.0506 385 0 641 238 3 0.0506 393 0 644 248 2 0.0503 390 6 646 238 3 0.0502 444 393 692 633
9uPWnZ8MMvyLJvdPvrZlXdESiVU3RcUF,11 0.0602 381 519 634 769 8 0.0601 383 582 629 833 7 0.0593 456 518 715 764 0 0.0592 452 525 707 770 7 0.0575 384 579 644 833 8 0.0572 453 522 700 765 0 0.0570 377 583 637 836 8 0.0551 313 518 552 760 0 0.0538 383 450 633 696 7 0.0537 245 663 515 897 8 0.0536 388 450 621 694 0 0.0533 312 518 562 766 7 0.0530 313 509 568 764 7 0.0526 119 783 371 1018 5 0.0523 114 781 361 1013 7 0.0522 389 445 636 693 11 0.0520 118 789 366 1016 13 0.0520 381 585 645 834 11 0.0512 228 520 490 755 11 0.0509 236 666 508 896 10 0.0508 384 526 636 766 11 0.0505 242 795 488 1015 11 0.0505 312 449 557 682 11 0.0504 452 445 703 687 2 0.0502 380 589 636 835 6 0.0502 382 584 641 835 6 0.0501 453 526 711 767 3 0.0500 387 523 635 774
lfigojYVc08ppZj6zTDN3ius7kz3RCyq,13 0.0552 126 291 401 515 7 0.0545 184 662 436 893 0 0.0534 177 661 428 899 11 0.0532 118 292 396 508 5 0.0527 173 215 449 431 11 0.0523 0 264 158 636 8 0.0517 62 270 319 510 5 0.0516 118 281 386 515 11 0.0513 195 530 447 760 13 0.0512 185 222 462 434 0 0.0506 194 521 446 768 11 0.0502 237 213 506 423
RaYg7XzpezmJcplnKO6rxZerxtDrde2F,5 0.0627 242 329 490 573 8 0.0627 240 379 489 638 5 0.0623 233 219 489 441 13 0.0611 240 386 500 641 11 0.0610 183 335 442 568 3 0.0605 249 327 493 580 11 0.0603 296 289 557 511 8 0.0596 242 277 490 510 3 0.0592 369 339 625 582 3 0.0591 239 220 492 450 7 0.0590 187 328 440 573 0 0.0589 184 332 436 573 13 0.0585 245 276 500 513 5 0.0584 230 458 487 698 6 0.0584 242 279 496 510 6 0.0580 260 158 507 396 11 0.0567 258 162 504 393 7 0.0565 117 383 374 629 8 0.0564 306 223 555 449 0 0.0559 569 278 827 512 11 0.0555 500 276 762 505 5 0.0554 184 132 431 382 7 0.0554 307 338 559 577 6 0.0553 539 358 877 537 10 0.0552 182 338 439 571 11 0.0550 360 344 627 571 8 0.0550 568 278 813 510 2 0.0550 243 225 491 444 7 0.0547 306 218 564 447 11 0.0544 531 359 879 536 11 0.0542 174 213 431 438 3 0.0542 241 461 491 705 13 0.0542 179 207 435 443 6 0.0540 241 382 495 633 3 0.0540 538 357 876 544 2 0.0539 250 334 493 576 7 0.0537 195 134 438 382 11 0.0534 110 390 378 626 13 0.0534 234 523 501 764 13 0.0533 307 220 569 451 0 0.0531 306 338 555 576 13 0.0531 319 450 580 698 8 0.0530 320 441 567 699 8 0.0530 195 139 426 385 5 0.0529 112 381 371 625 5 0.0526 526 354 872 539 11 0.0525 314 447 575 693 5 0.0524 357 340 622 570 0 0.0523 189 140 432 390 6 0.0523 122 383 376 630 0 0.0521 304 217 560 449 6 0.0520 179 207 432 442 8 0.0515 115 380 367 632 9 0.0514 235 385 491 634 0 0.0513 114 387 372 629 8 0.0513 229 522 484 763 11 0.0512 443 404 716 632 2 0.0512 194 144 430 383 12 0.0509 244 222 493 446 7 0.0507 571 277 827 509 3 0.0506 194 142 430 389 13 0.0504 116 446 377 697
rqvIuUElfuphb5ZASCZSzok6uLe7Jyu0,11 0.0612 499 581 756 812 0 0.0587 499 580 754 818 11 0.0586 255 350 517 575 8 0.0586 497 579 749 818 5 0.0575 624 587 881 821 11 0.0572 319 407 587 639 8 0.0571 329 344 575 569 10 0.0568 258 355 633 533 2 0.0564 630 596 888 824 0 0.0562 258 351 637 538 7 0.0561 633 591 884 823 11 0.0561 625 592 885 820 11 0.0559 433 668 685 887 0 0.0556 626 595 885 826 13 0.0555 262 349 520 578 7 0.0553 504 581 752 817 7 0.0549 265 351 640 533 6 0.0549 265 279 522 506 0 0.0548 431 667 684 893 10 0.0547 320 410 583 637 5 0.0545 499 577 751 814 8 0.0544 628 589 878 826 3 0.0540 266 351 636 539 5 0.0540 249 344 514 571 6 0.0538 330 345 591 570 10 0.0536 501 582 754 817 5 0.0535 194 281 574 465 0 0.0533 319 405 589 643 7 0.0533 323 406 592 638 5 0.0524 376 669 625 893 3 0.0524 506 580 755 821 2 0.0518 502 583 757 815 10 0.0517 434 669 683 889 0 0.0516 179 353 434 577 13 0.0516 505 587 760 818 11 0.0515 201 285 576 466 13 0.0510 210 285 586 472 5 0.0508 309 403 586 635 10 0.0508 622 596 880 829 13 0.0505 327 407 594 641 6 0.0504 442 667 688 889 8 0.0501 260 275 505 507 7 0.0501 438 668 685 892
fzKli2jWmiRryQF07ar8M5qUO45ZDAuM,7 0.0614 313 591 573 837 5 0.0600 304 519 566 757 0 0.0595 440 729 702 974 7 0.0591 236 528 504 763 11 0.0582 381 473 652 704 0 0.0579 380 595 646 838 6 0.0573 311 528 574 758 7 0.0566 244 665 512 894 5 0.0566 230 582 495 823 7 0.0560 315 464 578 700 11 0.0557 233 591 498 820 0 0.0550 447 520 717 768 0 0.0550 505 660 762 901 0 0.0549 307 657 574 901 8 0.0547 315 469 565 698 7 0.0546 375 659 643 898 0 0.0545 235 589 502 828 5 0.0540 369 725 630 970 0 0.0535 315 468 572 702 13 0.0534 443 583 708 830 7 0.0534 391 530 651 774 7 0.0533 440 728 704 973 11 0.0533 344 357 690 538 2 0.0531 237 534 498 765 5 0.0531 304 651 565 895 11 0.0531 306 660 571 893 5 0.0530 375 590 642 833 6 0.0528 241 590 506 822 0 0.0524 523 328 780 569 11 0.0524 451 802 708 1016 11 0.0524 443 400 713 633 8 0.0522 382 725 624 974 11 0.0521 304 527 569 759 13 0.0521 315 657 578 899 7 0.0519 506 660 764 898 8 0.0518 317 592 567 835 3 0.0516 315 472 577 705 5 0.0515 383 461 649 703 8 0.0515 233 530 490 764 6 0.0513 381 596 648 833 3 0.0513 435 665 703 916 6 0.0512 446 520 720 764 11 0.0511 244 731 505 962 2 0.0509 314 595 571 837 13 0.0509 241 589 508 826 8 0.0509 448 521 704 764 7 0.0508 397 405 645 644 3 0.0505 382 597 645 840 13 0.0504 320 467 580 700 8 0.0503 394 411 631 646 0 0.0503 450 402 713 637 2 0.0502 315 472 576 702
tVWLTwCfbBURTGLC70US6YyeIf0mKRwC,11 0.0608 559 540 826 758 8 0.0599 591 418 832 652 0 0.0588 586 418 840 656 8 0.0578 322 389 561 637 0 0.0569 315 391 571 637 5 0.0568 551 530 830 765 5 0.0551 586 411 837 653 7 0.0549 448 460 706 706 8 0.0549 514 345 755 575 11 0.0546 589 422 839 649 8 0.0543 444 461 691 705 0 0.0538 441 463 697 708 8 0.0528 250 279 499 498 11 0.0522 441 345 701 570 7 0.0521 571 488 834 725 0 0.0514 509 347 763 580 0 0.0501 183 282 440 519
Z8g62L1K6oi7aMEWpAwOLhIquUNlwDPq,5 0.0578 351 651 692 848 11 0.0571 307 592 564 828 5 0.0571 246 580 498 828 0 0.0563 248 586 500 829 8 0.0558 387 74 635 313 13 0.0557 122 0 388 205 13 0.0557 320 80 578 312 6 0.0552 251 588 503 829 0 0.0542 0 670 328 874 11 0.0538 241 655 509 891 7 0.0538 251 509 504 759 11 0.0536 137 1 502 160 8 0.0535 145 1 485 160 6 0.0533 388 70 650 316 7 0.0528 340 35 702 226 3 0.0527 387 71 642 321 0 0.0526 351 659 703 855 13 0.0522 314 589 569 829 5 0.0522 0 670 331 870 7 0.0520 310 584 567 830 0 0.0519 387 72 647 314 5 0.0517 241 449 490 692 0 0.0515 144 0 497 161 11 0.0513 244 517 498 759 11 0.0509 309 82 570 314 7 0.0503 244 651 513 892 3 0.0502 250 517 497 768 6 0.0501 3 672 335 871 13 0.0501 252 514 507 762 8 0.0501 311 591 554 828
x2y3kmyWdQ30f37WIMLdDUZpb27lEBHM,0 0.0556 176 398 434 626 11 0.0552 107 402 375 639 8 0.0552 241 79 494 322 0 0.0535 104 470 351 724 7 0.0535 179 399 438 623 13 0.0528 183 403 444 622 11 0.0528 391 451 644 672 11 0.0520 431 0 696 194 5 0.0520 173 391 430 623 6 0.0514 114 403 379 642 0 0.0513 181 199 438 444 8 0.0510 179 400 427 624 6 0.0507 192 324 447 543 7 0.0507 106 466 356 721 10 0.0506 174 404 431 621 11 0.0504 240 79 502 318 11 0.0501 175 537 424 766
XjI8L79iNFqEl8PVB5Cl8Q11WFv90wRY,8 0.0613 185 399 434 636 0 0.0605 181 269 434 517 11 0.0599 180 269 436 512 5 0.0592 176 268 431 512 13 0.0589 187 272 440 518 6 0.0587 183 401 447 637 11 0.0585 604 590 887 832 5 0.0584 173 401 441 632 8 0.0582 609 586 882 834 0 0.0580 608 589 889 836 0 0.0570 179 402 443 638 11 0.0570 179 407 445 634 5 0.0569 175 509 457 761 8 0.0566 187 265 425 519 5 0.0554 604 584 883 832 13 0.0549 177 464 460 697 11 0.0547 178 520 463 760 7 0.0546 611 587 895 837 3 0.0540 180 407 442 644 6 0.0539 615 592 890 832 7 0.0537 184 271 435 517 8 0.0536 178 515 450 760 6 0.0533 188 272 436 517 7 0.0532 181 400 444 635 10 0.0528 605 592 890 835 11 0.0528 309 725 562 963 9 0.0528 606 585 888 831 11 0.0527 256 1 514 243 7 0.0524 315 724 567 969 13 0.0523 610 588 898 833 0 0.0521 312 7 567 244 6 0.0520 315 6 573 241 7 0.0519 178 512 468 762 3 0.0515 611 589 888 838 3 0.0509 185 275 435 523 8 0.0508 263 1 507 241 5 0.0507 309 1 565 241 2 0.0502 610 590 888 831 2 0.0501 177 473 451 700
H5oRBARAyHYGXubPlZT1KtN25HhATsiT,5 0.0661 563 201 833 443 8 0.0643 632 464 886 700 5 0.0640 497 261 755 503 8 0.0637 399 292 759 474 5 0.0636 441 332 697 579 0 0.0631 444 265 692 509 0 0.0619 565 273 823 512 7 0.0618 510 324 760 570 2 0.0617 502 266 755 505 3 0.0612 506 262 753 508 0 0.0611 572 395 824 636 7 0.0611 349 306 704 489 5 0.0609 496 138 760 366 7 0.0606 505 197 760 436 11 0.0603 626 464 897 699 11 0.0602 503 199 757 434 10 0.0600 446 199 701 441 0 0.0598 506 200 757 434 2 0.0598 572 330 822 569 0 0.0597 629 465 895 704 8 0.0596 569 206 827 444 10 0.0596 503 146 759 363 6 0.0596 450 199 705 444 5 0.0596 562 324 821 565 6 0.0595 637 462 900 697 3 0.0593 638 460 895 707 8 0.0593 572 393 820 633 3 0.0587 570 326 823 573 3 0.0587 573 206 831 449 6 0.0586 639 324 898 569 6 0.0585 508 142 766 365 12 0.0584 448 197 706 444 5 0.0584 624 458 891 700 8 0.0584 341 360 700 540 11 0.0582 442 336 699 576 6 0.0582 448 335 699 579 0 0.0582 447 404 707 642 13 0.0582 572 204 836 445 7 0.0581 574 394 828 633 5 0.0579 629 269 894 514 6 0.0578 568 271 826 511 10 0.0578 505 328 760 566 2 0.0577 442 339 696 577 3 0.0576 505 140 762 372 12 0.0575 447 334 697 579 10 0.0575 570 400 826 632 6 0.0575 576 395 829 634 11 0.0574 567 395 830 631 8 0.0573 638 271 890 516 13 0.0570 404 292 772 476 9 0.0568 441 200 705 437 11 0.0566 633 328 895 572 5 0.0563 309 320 571 571 11 0.0561 562 272 825 510 0 0.0560 633 326 892 573 6 0.0560 331 209 586 455 6 0.0559 320 324 575 573 9 0.0559 565 329 822 564 8 0.0558 443 402 701 643 12 0.0558 571 324 822 568 7 0.0556 447 401 710 646 5 0.0555 317 208 581 454 8 0.0554 505 139 756 365 2 0.0554 447 201 701 439 0 0.0553 253 329 506 579 7 0.0553 635 321 893 575 3 0.0549 448 401 708 645 13 0.0549 569 326 827 568 0 0.0549 324 211 586 457 6 0.0547 651 207 922 443 2 0.0542 571 209 833 443
QEMOFHhUN3rFnDdj2OnQqAIBlK4Oxk0z,0 0.0625 52 1 306 209 5 0.0608 47 0 301 203 8 0.0603 54 0 300 202 3 0.0592 57 0 307 208 11 0.0562 52 1 307 199 6 0.0562 51 0 310 202 7 0.0541 256 706 495 953 7 0.0529 55 0 308 202 10 0.0510 49 4 307 201 2 0.0507 53 6 314 205 11 0.0506 247 711 493 953 13 0.0501 53 0 316 207
MlSGVU8l4vjCaQuaWT0KsbvWemzIO6lx,8 0.0595 442 277 699 502 2 0.0575 516 275 766 494 5 0.0571 507 260 760 493 5 0.0568 646 322 899 574 11 0.0560 509 268 765 491 11 0.0560 379 331 641 554 8 0.0550 384 331 631 560 0 0.0536 278 0 642 144 0 0.0534 439 281 707 502 7 0.0533 321 23 648 200 3 0.0533 445 276 706 506 13 0.0531 282 1 649 145 6 0.0523 717 279 968 510 11 0.0518 697 280 967 513 13 0.0517 441 280 710 501 5 0.0516 445 340 702 568 6 0.0516 658 331 905 578 11 0.0504 271 1 646 138 10 0.0503 454 346 712 572
NTRRJvB569uuGO8H1hsRhMzNnni3wp9O,11 0.0654 442 528 696 767 0 0.0651 571 525 828 764 7 0.0640 516 524 767 760 5 0.0633 441 523 692 764 8 0.0623 513 526 759 759 0 0.0620 443 526 695 768 0 0.0614 441 404 693 637 5 0.0611 567 526 824 759 7 0.0608 444 404 697 632 11 0.0608 571 526 824 757 6 0.0602 443 530 697 767 2 0.0595 444 532 697 764 8 0.0593 440 405 689 633 11 0.0589 438 405 694 634 6 0.0575 571 526 830 757 3 0.0572 443 528 696 773 10 0.0571 444 527 693 766 13 0.0562 515 528 767 764 5 0.0562 437 403 692 632 10 0.0551 571 528 825 760 2 0.0549 441 413 694 633 2 0.0534 573 531 829 758 3 0.0530 576 524 823 763 13 0.0530 448 468 695 703 9 0.0528 442 527 694 763 6 0.0527 444 411 700 634 1 0.0523 567 518 826 761 10 0.0522 443 409 694 633 3 0.0510 444 408 694 641 12 0.0501 517 522 767 764
FdYXZx7oOwJnYs1qGTI6rzgKSSQNdZG9,11 0.0601 0 544 259 766 7 0.0570 73 613 325 849 0 0.0560 244 720 508 966 11 0.0549 68 617 324 844 10 0.0544 68 617 326 850 5 0.0540 62 607 322 850 8 0.0539 175 602 424 848 8 0.0533 70 611 313 848 7 0.0532 249 719 515 962 0 0.0527 121 609 381 857 8 0.0524 333 472 574 707 11 0.0521 363 810 618 1021 10 0.0521 115 553 378 778 11 0.0520 329 476 585 704 0 0.0519 366 810 622 1022 11 0.0519 243 668 503 912 0 0.0517 254 596 505 849 11 0.0511 177 486 434 720 13 0.0508 121 605 387 852 6 0.0507 71 617 325 849 5 0.0501 238 718 505 959 0 0.0501 331 475 585 712
29gfY8lirYwTqNrjlxRBlpPOTiUmNHTX,5 0.0597 236 274 495 503 8 0.0530 359 734 636 959 0 0.0530 176 217 435 464 8 0.0522 317 403 553 632 8 0.0516 249 274 485 501 0 0.0511 360 732 646 961 11 0.0508 177 288 432 514 6 0.0507 247 279 503 504 13 0.0503 315 287 570 510 11 0.0501 310 466 572 700
ITjClo1g4mYgl7476HTNKg6mZscoxl9d,13 0.0579 373 538 634 772 11 0.0556 302 601 574 831 11 0.0529 367 541 630 769 5 0.0527 364 534 625 770 0 0.0525 372 540 624 777 5 0.0521 0 0 354 148 8 0.0516 373 536 619 771 5 0.0512 234 532 496 784 7 0.0511 379 468 640 704 6 0.0507 373 539 632 770 6 0.0501 240 539 503 783
AUzkb6nSxP8jRs6cnkucSoveI2Nigc2P,8 0.0637 331 457 583 700 8 0.0632 441 462 684 694 5 0.0628 312 326 579 571 11 0.0620 317 332 585 572 8 0.0607 321 330 580 574 0 0.0595 445 464 690 697 0 0.0591 325 400 584 643 11 0.0585 325 459 589 698 5 0.0574 180 413 553 598 11 0.0570 313 599 569 829 7 0.0567 325 398 591 646 5 0.0555 183 510 441 765 0 0.0555 322 526 577 769 6 0.0553 318 330 588 574 11 0.0553 175 587 435 825 0 0.0552 305 667 560 899 8 0.0548 221 667 482 895 8 0.0547 292 612 626 798 8 0.0547 491 534 736 766 7 0.0546 445 462 700 694 11 0.0544 438 468 692 693 6 0.0544 191 518 444 763 11 0.0543 187 333 440 567 3 0.0543 321 331 586 578 6 0.0541 328 458 594 699 7 0.0541 222 664 490 894 0 0.0538 193 336 438 565 5 0.0538 300 660 558 896 11 0.0538 183 460 436 698 13 0.0538 321 333 593 573 6 0.0536 320 595 568 834 8 0.0535 192 417 547 599 3 0.0535 225 665 489 901 6 0.0532 445 464 694 694 7 0.0531 378 606 630 842 5 0.0530 366 598 621 841 7 0.0530 189 455 441 698 13 0.0530 491 464 759 702 8 0.0529 185 457 428 700 7 0.0529 191 331 439 567 7 0.0527 181 582 436 829 7 0.0526 326 525 584 769 5 0.0525 52 401 301 633 13 0.0523 328 458 598 701 11 0.0522 220 667 493 890 5 0.0521 237 587 496 828 0 0.0520 245 590 497 829 8 0.0519 55 406 289 635 9 0.0519 320 400 585 634 5 0.0516 480 459 744 700 5 0.0515 316 521 576 763 11 0.0514 484 537 748 764 0 0.0514 494 536 748 766 2 0.0512 324 403 586 641 0 0.0512 190 459 439 699 2 0.0509 322 528 581 766 6 0.0509 224 661 495 896 10 0.0508 241 596 497 827 7 0.0508 495 537 755 767 10 0.0507 315 334 586 572 3 0.0506 317 596 566 841 10 0.0504 440 469 697 693 3 0.0503 329 457 592 705
0GdZASK3y6bpbnGbcw9bMLOGpytDcYB4,11 0.0655 128 708 377 954 5 0.0645 130 706 372 954 7 0.0627 135 709 376 956 0 0.0608 131 708 374 958 8 0.0596 134 707 371 956 7 0.0585 128 587 382 824 6 0.0584 134 711 378 955 10 0.0584 128 710 375 955 11 0.0571 126 591 381 821 13 0.0569 132 709 380 956 3 0.0552 135 707 376 961 8 0.0551 65 581 304 819 6 0.0541 129 590 383 825 5 0.0540 122 585 380 822 9 0.0529 127 655 379 894 2 0.0515 131 713 374 958 12 0.0512 134 707 375 957 0 0.0510 126 590 378 825 3 0.0504 128 593 378 832 11 0.0504 437 484 689 701 11 0.0503 633 791 890 1016 1 0.0503 129 702 374 956
tQIlqv3P702Jw57UwS0NNG56Z5ATHP0E,11 0.0610 373 460 632 692 0 0.0606 308 405 564 650 5 0.0599 440 195 711 411 5 0.0593 510 401 749 642 13 0.0589 318 457 582 704 11 0.0588 313 531 579 765 5 0.0585 371 455 627 695 11 0.0584 376 326 634 560 0 0.0583 375 321 628 562 11 0.0580 440 607 690 831 5 0.0570 313 65 571 302 5 0.0565 435 322 686 558 8 0.0564 376 460 623 698 11 0.0563 384 69 646 302 11 0.0562 513 409 757 641 11 0.0561 362 183 648 412 7 0.0561 521 406 759 645 8 0.0560 390 68 639 307 3 0.0560 374 139 648 368 0 0.0559 310 205 567 445 7 0.0558 386 404 628 646 13 0.0555 313 347 578 580 0 0.0550 440 606 691 836 11 0.0548 251 461 515 709 11 0.0548 448 260 710 483 0 0.0544 316 530 578 772 0 0.0543 319 67 577 305 0 0.0541 449 399 685 636 6 0.0541 312 409 568 648 13 0.0539 312 148 577 381 11 0.0538 505 77 768 306 8 0.0536 516 406 748 644 2 0.0535 447 614 690 833 5 0.0534 296 271 569 506 5 0.0534 439 603 685 832 3 0.0533 384 400 627 649 3 0.0533 511 78 769 318 7 0.0529 392 601 637 836 6 0.0529 453 403 695 633 10 0.0527 323 76 573 303 11 0.0527 239 351 513 580 5 0.0527 502 72 762 306 0 0.0526 370 140 646 359 8 0.0525 442 328 683 566 13 0.0522 256 533 515 772 6 0.0522 320 535 585 763 5 0.0521 232 343 509 581 8 0.0521 443 608 683 835 6 0.0520 319 211 570 443 7 0.0519 251 405 504 656 10 0.0519 308 412 559 645 2 0.0518 318 538 578 764 7 0.0517 257 534 514 770 6 0.0517 445 610 695 832 6 0.0516 248 344 516 583 8 0.0516 319 531 571 768 0 0.0515 516 340 756 577 3 0.0515 385 16 639 256 2 0.0514 309 410 562 646 8 0.0512 307 146 560 378 5 0.0512 514 264 767 493 3 0.0510 451 197 715 423 3 0.0509 523 409 757 652 3 0.0509 448 606 687 839 13 0.0508 318 612 584 848 2 0.0508 378 466 631 693 0 0.0508 447 264 707 479 7 0.0507 448 330 693 566 8 0.0506 184 401 434 660 3 0.0506 313 208 567 452 6 0.0506 381 327 636 563 13 0.0505 240 207 504 449 13 0.0504 385 19 647 251 10 0.0502 374 463 630 696 10 0.0502 516 412 758 644
9x3w3SnyMMpVSCKbR4lRSX893Z5hN617,5 0.0686 245 711 490 961 7 0.0645 250 714 496 965 7 0.0638 306 648 563 890 0 0.0636 307 648 560 894 11 0.0634 303 651 560 889 8 0.0634 307 650 554 890 11 0.0627 245 716 497 962 0 0.0614 251 712 495 967 5 0.0613 301 645 556 888 6 0.0609 249 716 498 964 10 0.0598 247 719 497 962 8 0.0597 250 713 493 963 3 0.0597 307 649 561 896 3 0.0585 251 711 496 968 10 0.0571 303 653 560 889 2 0.0565 250 717 497 965 13 0.0562 252 715 500 965 2 0.0543 305 655 560 895 12 0.0541 251 713 496 965 6 0.0538 305 651 563 889 13 0.0533 308 651 565 891 8 0.0530 251 383 477 628 9 0.0528 245 716 496 960 1 0.0525 246 709 493 964 11 0.0524 318 380 556 613 1 0.0516 301 645 559 892 12 0.0512 308 648 561 893 9 0.0504 301 651 558 887 7 0.0502 321 374 558 616 3 0.0501 321 375 551 621
Z8lzSVUaT47SiVlBsTBRRJ6kBZLDONGl,0 0.0572 645 88 894 325 3 0.0567 442 0 712 198 11 0.0567 641 87 897 322 10 0.0538 640 91 895 324 5 0.0536 430 0 709 190 2 0.0534 644 91 897 325 8 0.0533 699 95 939 325 0 0.0532 575 0 835 203 13 0.0526 879 478 1023 838 8 0.0525 493 0 750 196 13 0.0525 645 86 904 326 7 0.0525 441 0 710 191 6 0.0523 647 87 900 325 11 0.0522 177 663 443 894 3 0.0519 647 88 896 331 3 0.0510 575 0 835 211 0 0.0508 876 482 1023 846 10 0.0507 493 4 760 193 5 0.0506 639 85 891 321 6 0.0502 440 0 712 191
Vp2NugzoWrhjaCUbk90PrIOPcyVm8k8N,0 0.0658 380 397 626 647 5 0.0649 255 293 619 476 11 0.0646 444 273 695 515 0 0.0645 446 335 691 584 0 0.0640 314 265 574 518 8 0.0638 445 333 689 581 8 0.0637 509 271 752 526 0 0.0630 388 141 632 376 11 0.0630 389 199 641 443 5 0.0628 182 355 568 537 11 0.0627 508 347 760 590 11 0.0625 323 139 572 371 8 0.0622 383 397 621 642 0 0.0621 442 206 696 450 8 0.0616 384 267 629 519 11 0.0616 503 206 767 457 5 0.0613 242 391 509 647 6 0.0609 386 331 634 582 2 0.0608 383 337 630 581 13 0.0607 315 326 572 581 11 0.0606 382 331 631 578 7 0.0605 450 270 696 520 8 0.0605 442 203 693 448 8 0.0603 521 402 761 644 5 0.0603 504 266 756 527 11 0.0601 306 401 565 646 5 0.0598 440 202 692 449 8 0.0596 317 326 561 580 0 0.0596 330 72 576 307 6 0.0595 257 270 516 515 5 0.0595 440 332 687 582 11 0.0594 245 330 503 578 3 0.0593 264 294 621 479 5 0.0592 375 394 622 644 8 0.0591 249 393 503 648 7 0.0591 316 326 568 585 6 0.0590 443 206 700 448 6 0.0588 326 136 580 374 11 0.0588 265 69 510 306 11 0.0587 257 294 619 474 9 0.0585 310 268 568 514 2 0.0585 446 277 696 520 0 0.0584 249 391 510 649 13 0.0584 514 343 765 588 11 0.0582 440 408 688 647 0 0.0582 508 270 761 527 13 0.0581 387 265 639 523 0 0.0580 260 135 512 374 7 0.0580 248 393 510 652 8 0.0579 386 139 628 374 2 0.0578 316 271 571 515 13 0.0578 250 396 514 651 13 0.0577 266 0 523 240 7 0.0576 516 345 763 593 11 0.0575 373 472 631 698 5 0.0574 515 400 760 644 6 0.0574 207 230 580 413 3 0.0573 246 328 503 585 7 0.0573 383 397 628 646 3 0.0572 310 400 562 653 8 0.0571 188 340 434 580 5 0.0570 257 134 509 374 6 0.0568 311 400 566 647 2 0.0567 390 205 641 442 11 0.0566 396 65 635 299 5 0.0565 385 135 628 377 3 0.0563 451 334 691 587 7 0.0562 266 134 514 373 13 0.0562 266 134 518 377 9 0.0560 386 202 640 441 3 0.0560 186 405 447 659 7 0.0560 321 196 575 444 8 0.0560 255 268 501 514 13 0.0560 509 205 771 460 2 0.0559 506 212 764 461 8 0.0559 320 198 566 443 6 0.0558 513 342 764 591 6 0.0557 446 406 693 648 8 0.0557 265 136 503 374 13 0.0556 381 397 630 641 3 0.0554 511 204 762 468 7 0.0551 513 204 768 462 11 0.0551 566 283 840 523 0 0.0550 263 1 516 239 0 0.0550 521 402 766 649 2 0.0548 250 333 500 578 6 0.0548 188 403 446 649 5 0.0547 577 332 832 575
uPSFHoJYMzVeBP43g2xwVgV1subPjQ0J,0 0.0595 388 468 629 698 11 0.0586 388 471 634 694 7 0.0554 393 465 634 694 8 0.0522 393 471 624 695 5 0.0517 386 464 626 692 13 0.0510 393 470 638 696 6 0.0508 391 471 633 696
FTKOiAPSpe1oKJ8gDHC3OQ7Qgy4YG8BK,0 0.0639 0 725 236 976 11 0.0633 0 730 237 970 8 0.0625 0 721 232 971 7 0.0578 0 722 239 971 5 0.0564 0 724 232 970 3 0.0560 4 723 234 977 6 0.0513 0 725 247 967 11 0.0506 431 359 695 579 7 0.0504 440 355 699 580 1 0.0503 0 721 237 970 10 0.0502 434 359 699 580
YDOdm2GtpKELDlcpUB8GN6bORqTNBCEK,14 1.0 0 0 1 1
iWlhfLDTjeGtpvBtwwMkLjocGE71leev,5 0.0527 295 120 581 353 11 0.0521 304 727 559 960 11 0.0512 573 790 815 1022 13 0.0511 578 787 827 1023
Wl2PBBLzZlC6HQtASZedOEkud3WgHvCP,11 0.0651 434 539 677 757 0 0.0635 317 413 573 654 5 0.0632 312 407 569 653 7 0.0621 440 472 695 699 11 0.0615 244 593 504 814 0 0.0612 257 145 530 384 8 0.0604 179 470 420 707 11 0.0603 314 413 573 655 0 0.0598 327 277 581 520 11 0.0597 319 538 567 761 8 0.0596 438 469 681 696 8 0.0594 321 536 559 762 5 0.0594 432 468 682 695 11 0.0593 241 479 489 704 11 0.0592 321 205 591 441 11 0.0590 171 662 449 903 5 0.0589 319 274 578 515 8 0.0586 179 594 434 821 10 0.0582 323 285 582 520 3 0.0582 326 199 590 450 8 0.0577 324 202 579 441 7 0.0577 247 586 504 811 0 0.0572 377 480 631 710 0 0.0571 247 473 489 710 11 0.0569 508 478 761 695 7 0.0569 328 275 583 519 7 0.0565 184 469 435 708 7 0.0565 315 476 565 711 11 0.0565 110 596 384 823 10 0.0562 313 416 575 655 8 0.0561 256 280 497 518 8 0.0559 315 410 567 653 7 0.0559 251 210 513 451 11 0.0558 181 415 433 647 0 0.0555 175 658 447 903 8 0.0551 264 143 518 380 0 0.0546 247 332 499 585 13 0.0543 326 276 588 517 6 0.0539 433 540 678 755 5 0.0538 177 467 428 700 6 0.0537 322 537 567 759 0 0.0537 244 589 501 816 11 0.0536 250 287 508 520 13 0.0536 432 542 682 758 8 0.0531 182 335 426 573 0 0.0531 450 412 714 645 2 0.0528 317 421 571 660 11 0.0528 254 77 528 302 6 0.0523 181 472 431 701 3 0.0518 321 415 571 663 6 0.0518 186 598 447 818 5 0.0516 254 135 521 381 10 0.0515 249 538 496 754 5 0.0514 238 329 496 580 13 0.0511 248 336 507 586 6 0.0510 327 278 587 516 2 0.0509 325 283 579 519 10 0.0508 446 415 716 647 5 0.0508 246 531 492 751 0 0.0508 47 679 306 918 13 0.0506 249 208 519 449 3 0.0506 248 593 497 818 8 0.0502 107 677 366 913 3 0.0502 437 537 677 764 7 0.0501 177 655 447 901
vStASkaEjCKh0uePROwYsd7wSqa1Ngdg,5 0.0687 305 262 569 500 7 0.0659 184 257 441 498 3 0.0657 321 326 573 579 0 0.0656 244 142 511 375 8 0.0655 312 267 564 505 5 0.0650 446 198 708 439 11 0.0648 245 198 505 428 8 0.0647 314 24 567 266 5 0.0646 242 189 499 427 11 0.0645 308 268 574 501 7 0.0638 247 319 519 559 5 0.0637 622 475 889 707 5 0.0633 178 256 435 499 8 0.0630 248 144 504 372 3 0.0629 245 260 501 502 5 0.0623 355 149 640 385 11 0.0623 252 78 522 318 11 0.0621 177 263 442 499 11 0.0620 168 398 450 625 0 0.0616 247 259 501 495 11 0.0615 315 392 588 626 8 0.0610 199 72 447 311 0 0.0608 189 195 434 434 8 0.0607 179 393 440 629 8 0.0604 320 390 579 628 7 0.0604 460 205 719 443 11 0.0603 372 208 642 440 8 0.0603 374 210 632 443 6 0.0601 250 320 521 558 3 0.0599 312 199 575 440 8 0.0598 484 456 756 685 8 0.0596 182 258 429 503 5 0.0596 314 386 583 625 0 0.0591 178 318 442 553 6 0.0589 250 145 513 374 7 0.0589 251 191 502 429 5 0.0586 249 69 516 317 3 0.0584 331 0 581 210 13 0.0584 248 260 508 497 0 0.0583 245 18 516 269 10 0.0582 311 270 573 501 6 0.0580 378 207 640 442 0 0.0580 321 327 577 569 11 0.0579 476 455 767 681 7 0.0579 531 267 784 503 13 0.0578 250 141 519 374 5 0.0578 268 0 637 152 13 0.0574 247 0 519 198 8 0.0574 526 270 770 501 5 0.0573 171 390 446 622 2 0.0569 320 331 576 566 6 0.0569 192 197 439 437 13 0.0566 193 194 443 438 11 0.0565 241 3 513 202 6 0.0565 251 21 522 267 7 0.0564 492 450 769 684 5 0.0563 476 445 761 684 11 0.0563 526 273 779 501 2 0.0562 247 264 500 493 3 0.0561 189 197 437 442 10 0.0560 188 202 441 436 13 0.0559 320 329 582 572 5 0.0558 519 264 771 503 7 0.0558 176 395 454 624 3 0.0558 314 77 576 319 13 0.0558 203 70 460 310 7 0.0557 254 19 520 267 13 0.0557 368 157 650 387 3 0.0557 488 451 767 691 0 0.0550 530 272 773 507 0 0.0549 626 484 891 707 3 0.0549 531 272 775 512 10 0.0547 246 148 515 375 3 0.0546 178 318 439 561 6 0.0545 631 483 895 703
IOpJj9M03UwJ2podsIZk4YEihqURu6po,7 0.0511 310 533 570 756
cwWogLDB9cJnc14N8EtSEJKoE3SgWIvP,11 0.0630 453 281 704 505 11 0.0622 309 333 571 561 11 0.0618 444 459 699 691 0 0.0616 382 395 637 622 11 0.0612 378 396 636 620 0 0.0610 311 332 571 564 8 0.0609 451 275 696 508 7 0.0606 384 393 638 623 11 0.0605 379 200 642 426 5 0.0601 448 277 699 503 5 0.0601 302 328 565 562 11 0.0594 507 214 767 453 11 0.0594 319 456 582 685 13 0.0588 380 339 643 570 0 0.0587 455 280 703 506 0 0.0586 381 199 641 427 7 0.0581 315 331 572 565 5 0.0580 368 197 636 420 13 0.0577 454 400 702 637 0 0.0571 323 457 583 689 3 0.0570 312 384 572 622 8 0.0566 379 336 627 571 11 0.0562 445 136 704 365 8 0.0556 449 458 690 695 7 0.0552 459 281 706 509 6 0.0550 380 396 641 620 7 0.0547 530 456 780 693 5 0.0546 447 395 689 635 3 0.0544 388 466 639 695 7 0.0543 256 446 522 690 13 0.0542 458 281 715 506 5 0.0541 438 132 701 365 0 0.0541 449 458 700 697 5 0.0539 316 451 580 685 13 0.0538 528 459 784 691 8 0.0538 378 198 633 427 7 0.0538 344 485 704 668 10 0.0537 380 206 639 421 2 0.0530 379 149 634 375 6 0.0530 315 338 574 565 3 0.0529 254 455 517 697 10 0.0529 456 283 703 506 8 0.0527 446 135 699 370 0 0.0526 450 135 703 371 10 0.0523 377 341 629 570 6 0.0523 383 206 652 429 13 0.0522 388 465 644 689 2 0.0520 451 405 697 639 6 0.0516 458 285 710 507 6 0.0514 448 460 704 694 11 0.0513 632 226 905 464 2 0.0512 275 424 632 604 3 0.0512 456 398 697 643 8 0.0508 321 457 574 688 10 0.0507 453 146 707 367 6 0.0507 261 451 526 688 13 0.0503 384 198 658 424
GZYZ6q50GkBRaHQ5qiDk2XaeOmdArjy9,11 0.0532 433 347 694 579 7 0.0517 381 336 636 574 11 0.0505 555 15 812 249
zBXZEf8Xcqrn1ke3IKAfvznIX5GMeXwg,14 1.0 0 0 1 1
MeyY7UAWymxyVAZzZeHIgLz0DTtqlDLx,11 0.0577 302 591 591 837 11 0.0551 372 797 626 1015 11 0.0549 368 19 638 252 11 0.0528 362 523 650 765 13 0.0525 380 795 641 1018 6 0.0519 376 18 640 256 5 0.0518 372 11 633 253 8 0.0512 377 18 632 255 13 0.0510 378 15 649 255 0 0.0507 369 522 645 770 3 0.0501 380 18 636 262
bPxKhdQAt6qpUwLUUgVVtXLBvHjYWbwb,0 0.0637 567 472 833 712 0 0.0608 482 404 759 634 8 0.0587 571 470 825 709 8 0.0583 486 402 747 631 11 0.0559 485 406 755 629 5 0.0554 481 399 751 629 5 0.0550 567 464 823 709 6 0.0540 487 404 760 630 11 0.0537 296 795 548 1013 7 0.0534 485 401 762 632 13 0.0533 488 406 763 631 11 0.0529 568 472 832 706 11 0.0517 303 278 571 501 5 0.0512 296 720 552 955 2 0.0504 487 411 761 636 13 0.0504 304 795 561 1017 8 0.0501 303 726 553 956 0 0.0501 301 725 561 962
19RmfSmEbyfjS11HHhNItwpSUPekHHFT,11 0.0625 298 726 564 955 8 0.0618 298 729 557 953 7 0.0584 370 794 626 1023 7 0.0583 306 727 569 953 11 0.0583 314 672 711 853 5 0.0578 237 731 616 904 8 0.0576 242 662 493 899 11 0.0575 181 735 443 962 8 0.0561 182 730 433 963 7 0.0561 186 733 447 962 5 0.0557 177 728 434 957 0 0.0551 299 725 566 957 0 0.0549 382 604 634 841 6 0.0546 247 732 634 905 10 0.0545 247 735 623 906 7 0.0539 250 661 506 898 8 0.0539 432 732 683 955 0 0.0537 437 799 693 1023 5 0.0537 363 791 617 1021 11 0.0533 432 732 692 953 7 0.0526 439 731 701 957 8 0.0525 366 795 613 1020 5 0.0524 429 729 689 953 11 0.0524 239 662 501 898 11 0.0523 379 401 639 634 5 0.0522 377 592 629 834 3 0.0515 248 732 624 912 13 0.0514 317 663 583 895 3 0.0514 440 797 691 1023 0 0.0510 380 474 630 710 2 0.0506 252 737 621 906 13 0.0500 236 727 508 954
eFUtfkVSLI4VDywUCKRR6vxYxqwkZ3dm,11 0.0613 763 6 1023 242 0 0.0590 768 6 1020 251 5 0.0575 766 0 1022 244 8 0.0575 767 4 1016 244 8 0.0570 63 211 303 465 13 0.0564 770 3 1023 247 7 0.0557 521 780 756 1010 8 0.0554 513 784 742 1009 0 0.0551 511 783 752 1016 11 0.0543 752 152 1018 379 11 0.0539 514 788 750 1007 10 0.0536 765 9 1022 243 6 0.0535 771 5 1023 245 7 0.0534 447 713 693 941 11 0.0533 679 80 944 310 13 0.0521 688 79 953 318 8 0.0515 757 150 1002 377 5 0.0515 508 784 747 1009 3 0.0513 770 5 1023 251 11 0.0511 63 221 315 459 11 0.0510 437 720 686 938 0 0.0510 313 139 574 362 0 0.0509 757 150 1012 383 5 0.0507 680 72 942 316 13 0.0505 761 150 1023 384 8 0.0504 683 79 933 314 6 0.0502 687 80 947 316
JcgCOA6fHPVTsjSHljTvVXJGpbpm0qBy,7 0.0671 321 783 562 1022 5 0.0667 317 782 554 1018 11 0.0633 320 785 554 1019 8 0.0614 322 782 552 1023 0 0.0605 320 784 559 1022 13 0.0576 325 789 563 1023 10 0.0573 319 788 557 1022 8 0.0562 311 527 567 761 8 0.0557 713 162 945 384 9 0.0554 318 788 558 1018 7 0.0551 314 524 581 766 0 0.0550 309 526 577 769 8 0.0545 775 207 1009 454 2 0.0543 322 789 559 1023 11 0.0542 309 528 577 765 3 0.0540 322 785 559 1023 6 0.0539 322 788 558 1023 11 0.0539 765 215 1018 449 0 0.0524 772 217 1018 457 11 0.0518 177 218 451 437 5 0.0508 308 524 571 761 0 0.0504 180 217 446 444 1 0.0504 318 779 558 1023 13 0.0503 773 213 1023 459 8 0.0501 182 212 434 448
9473Oz6KGzAmZbgocdD7BBrarcAKBysw,8 0.0622 383 256 623 496 11 0.0601 379 258 632 494 5 0.0600 374 386 631 630 8 0.0597 382 386 630 634 7 0.0578 385 255 633 500 3 0.0578 385 322 633 573 11 0.0569 379 389 636 633 0 0.0568 378 324 634 570 5 0.0567 374 254 624 495 5 0.0562 743 13 1000 249 7 0.0559 383 386 637 636 0 0.0556 337 200 579 441 13 0.0548 382 255 635 498 10 0.0547 382 391 636 635 1 0.0543 376 319 634 570 6 0.0542 382 322 634 567 13 0.0539 754 14 1016 254 3 0.0534 293 473 648 667 10 0.0527 384 259 631 497 11 0.0527 743 19 1005 246 8 0.0524 754 11 1001 252 0 0.0519 285 475 649 664 2 0.0518 384 262 626 496 5 0.0516 278 537 649 718 0 0.0515 749 15 1008 255 10 0.0515 752 21 1005 250 5 0.0514 249 257 499 502 3 0.0511 344 196 577 450 2 0.0508 382 391 635 632 8 0.0503 257 265 495 509 13 0.0502 383 385 639 636
B3mTn24BFWp7QMpDRQY39dGvQU4ss7L0,11 0.0614 240 776 489 1007 11 0.0578 443 17 710 248 5 0.0555 443 10 706 248 11 0.0553 310 16 577 259 11 0.0544 307 339 567 565 3 0.0542 453 17 712 257 8 0.0538 449 14 706 251 11 0.0536 188 703 438 936 7 0.0535 453 13 714 254 7 0.0526 179 767 432 998 0 0.0523 240 768 491 1009 11 0.0521 365 727 634 960 0 0.0519 447 17 712 254 10 0.0517 449 20 713 251 2 0.0515 451 20 712 253 8 0.0511 238 771 483 1010 5 0.0509 236 764 486 1006 13 0.0506 450 13 719 249 6 0.0504 243 775 491 1009 8 0.0503 318 11 572 263 10 0.0502 235 776 489 1008
sulJhTLDX6mdFzUHdB8gb2b1Ucy77mU1,5 0.0597 375 129 626 371 11 0.0560 430 149 687 367 8 0.0560 266 412 632 596 0 0.0547 639 263 876 515 5 0.0544 302 264 535 489 5 0.0538 501 64 756 304 0 0.0525 178 345 424 574 5 0.0524 512 218 748 450 11 0.0522 308 143 568 363 0 0.0522 772 204 1018 451 13 0.0521 440 143 690 370 8 0.0519 187 452 423 704 3 0.0519 440 147 685 378 11 0.0515 383 25 637 255 11 0.0513 636 270 886 507 0 0.0512 338 417 709 612 0 0.0508 573 216 817 446 7 0.0508 513 135 759 377 11 0.0507 511 295 758 522 5 0.0506 235 336 483 559 6 0.0505 645 266 883 510 6 0.0504 383 136 636 372 11 0.0503 255 417 650 596 5 0.0503 246 412 637 596 0 0.0503 508 294 753 529
DiLjmYeFLAErqE4BOHEULTAHeO99PqV7,0 0.0635 571 518 825 768 0 0.0615 437 208 690 441 8 0.0612 265 423 618 605 11 0.0593 569 453 829 692 11 0.0593 258 425 631 605 8 0.0589 571 448 821 694 6 0.0577 503 522 762 762 7 0.0577 446 520 712 762 11 0.0576 440 526 712 759 0 0.0576 314 199 576 447 3 0.0575 575 520 826 772 6 0.0575 573 448 831 694 8 0.0574 445 518 700 758 0 0.0574 262 423 628 608 13 0.0572 572 451 833 696 5 0.0569 566 443 824 695 3 0.0564 450 520 707 768 3 0.0562 269 425 631 610 13 0.0554 503 524 762 762 6 0.0551 269 422 633 607 5 0.0550 253 418 626 605 5 0.0550 494 517 753 762 0 0.0549 441 523 707 761 8 0.0549 318 202 568 443 5 0.0546 434 205 688 440 11 0.0544 501 601 758 835 11 0.0543 314 206 577 442 5 0.0542 307 200 569 442 6 0.0541 392 512 651 760 10 0.0540 313 208 577 442 7 0.0536 264 423 630 610 13 0.0533 266 426 636 608 6 0.0532 322 201 577 444 8 0.0526 502 591 748 832 10 0.0523 499 527 758 762 6 0.0523 439 209 694 439 8 0.0521 439 208 685 438 13 0.0521 250 137 521 379 3 0.0519 509 594 758 843 11 0.0519 436 214 694 437 0 0.0517 385 131 632 368 13 0.0517 318 204 584 450 2 0.0511 263 428 626 606 13 0.0509 391 512 653 758 12 0.0508 576 451 829 698 5 0.0507 381 502 644 759 12 0.0506 502 520 760 765 10 0.0505 570 453 828 692 10 0.0503 259 427 627 608 3 0.0502 440 213 690 444 3 0.0501 317 203 573 449 2 0.0501 570 527 824 768 7 0.0501 504 595 760 837 13 0.0500 576 610 840 850
2Cz8yquHvdoWsqysP01gO4iZPy9tWpoJ,7 0.0646 374 780 621 1011 7 0.0623 502 778 746 1015 5 0.0608 493 778 738 1010 0 0.0591 121 2 479 149 0 0.0586 496 780 742 1014 8 0.0582 502 781 734 1013 5 0.0581 364 777 614 1007 11 0.0579 433 726 690 949 13 0.0574 376 783 624 1012 11 0.0563 369 781 613 1009 11 0.0555 336 400 581 637 8 0.0554 293 0 549 197 6 0.0553 502 784 744 1011 11 0.0544 386 677 746 850 10 0.0544 371 786 614 1012 6 0.0543 439 723 694 951 8 0.0542 438 724 684 953 0 0.0539 511 590 755 835 8 0.0537 372 778 610 1012 3 0.0531 504 780 740 1018 7 0.0529 343 399 584 638 3 0.0524 374 778 617 1014 11 0.0522 114 1 483 148 10 0.0522 432 726 689 949 8 0.0520 340 402 572 642 11 0.0520 321 261 575 488 0 0.0518 367 778 615 1014 2 0.0518 501 783 744 1013 3 0.0517 344 403 581 644 8 0.0517 646 0 997 144 8 0.0512 392 674 734 851 0 0.0512 340 401 578 641 11 0.0510 283 2 555 195 0 0.0510 289 0 556 198 2 0.0510 114 2 484 146 13 0.0510 327 261 583 492 13 0.0509 501 784 747 1015 6 0.0505 344 400 585 640 10 0.0505 117 1 478 146 8 0.0504 119 0 470 148 5 0.0504 334 398 575 636 5 0.0502 320 256 572 487 5 0.0502 382 673 741 850 6 0.0502 375 784 620 1010 8 0.0501 257 61 493 310 6 0.0500 121 1 489 146
xztK4Y9jqatX4QRuR0K4fv6E3DOHfcTk,5 0.0635 302 134 558 377 8 0.0615 501 212 750 457 8 0.0598 313 141 553 375 11 0.0592 306 143 563 381 8 0.0581 499 328 744 571 8 0.0576 574 274 809 507 5 0.0575 267 288 619 478 6 0.0569 312 142 561 380 5 0.0555 500 206 748 458 7 0.0552 508 208 762 462 11 0.0547 349 287 709 476 10 0.0547 311 147 566 381 3 0.0546 312 142 559 386 8 0.0546 352 290 693 477 6 0.0543 718 278 957 510 0 0.0542 710 278 953 512 0 0.0541 574 271 818 510 11 0.0537 137 603 390 843 8 0.0535 430 479 772 661 5 0.0534 133 598 384 839 0 0.0529 306 140 561 381 7 0.0529 437 479 786 664 13 0.0527 503 208 763 455 5 0.0526 709 275 952 509 13 0.0526 312 139 571 380 11 0.0524 502 214 755 456 6 0.0522 506 212 758 458 11 0.0522 502 329 754 569 7 0.0521 316 138 564 377 6 0.0521 508 331 755 571 11 0.0520 571 276 820 506 11 0.0519 707 284 960 507 0 0.0517 263 9 503 243 10 0.0517 502 215 757 459 7 0.0515 142 596 392 844 13 0.0514 574 272 824 508 8 0.0514 275 7 498 237 7 0.0511 357 286 708 478 5 0.0509 571 268 813 510 6 0.0506 441 481 794 660 5 0.0506 16 0 360 155 6 0.0503 578 273 820 509 0 0.0503 142 605 390 846
fn2p06Yt09bx90lPKoRKywNUMhuqrzs2,5 0.0631 362 776 619 1016 10 0.0610 300 788 558 1023 3 0.0603 373 776 622 1020 8 0.0591 180 515 428 761 13 0.0590 376 779 629 1017 11 0.0586 432 739 692 954 0 0.0585 437 733 695 962 7 0.0579 441 734 699 959 7 0.0573 372 778 625 1018 5 0.0573 428 730 690 955 8 0.0567 304 785 550 1021 10 0.0556 371 724 636 957 11 0.0554 365 781 618 1013 3 0.0553 442 733 693 961 11 0.0552 240 594 494 817 8 0.0548 246 590 490 817 0 0.0543 368 776 623 1021 5 0.0538 245 525 495 761 11 0.0532 340 348 696 526 13 0.0528 446 735 699 959 0 0.0527 389 283 648 508 13 0.0526 246 594 502 820 6 0.0526 382 718 638 955 10 0.0525 173 518 431 762 8 0.0523 343 348 685 531 3 0.0521 259 529 498 772 8 0.0520 438 732 687 959 11 0.0517 378 611 644 838 10 0.0517 380 615 642 839 6 0.0515 255 530 502 762 10 0.0509 240 597 491 818 6 0.0508 308 787 561 1021 6 0.0505 389 612 650 836 0 0.0505 254 527 499 773 7 0.0503 256 531 500 766
LxxWLzUaDgXT2ye3ANu2taBrPERQFmCk,0 0.0643 117 645 366 887 0 0.0633 204 677 561 848 11 0.0622 202 678 559 847 8 0.0620 278 677 610 847 5 0.0601 620 777 865 1009 8 0.0594 567 589 813 835 7 0.0593 277 678 627 848 11 0.0592 409 610 767 784 11 0.0590 558 659 817 894 0 0.0587 466 603 843 788 6 0.0584 477 602 848 784 5 0.0577 406 665 760 842 6 0.0572 346 674 691 848 8 0.0569 413 605 749 782 8 0.0567 628 776 861 1010 13 0.0565 629 778 877 1014 11 0.0563 566 784 803 1011 7 0.0558 567 655 818 902 11 0.0557 685 773 934 1008 7 0.0550 122 637 367 883 0 0.0548 570 720 813 957 11 0.0546 113 645 368 878 10 0.0544 198 678 551 845 7 0.0543 481 603 842 788 6 0.0539 561 652 820 894 5 0.0539 197 673 546 847 5 0.0535 752 0 1010 240 7 0.0533 568 782 808 1016 3 0.0531 580 720 810 955 3 0.0530 687 774 932 1017 10 0.0527 113 649 361 881 5 0.0526 114 633 363 881 8 0.0522 120 640 358 881 3 0.0521 411 665 756 845 3 0.0520 204 679 554 851 10 0.0517 409 669 759 842 5 0.0517 314 792 549 1016 13 0.0517 420 668 776 844 0 0.0515 683 773 931 1013 13 0.0509 278 680 629 849 1 0.0508 618 772 868 1014 10 0.0507 750 8 1012 241 6 0.0504 118 643 368 878 7 0.0501 690 773 937 1009
Lm7iFxpTGj88VtN0eUYpbNihRT1WMg0F,7 0.0523 395 269 645 506 0 0.0517 390 273 640 507 5 0.0515 231 190 497 423
SjmCckqJvZfYjXck4ZSYaJg8hm3vAeUc,11 0.0679 564 531 820 779 11 0.0652 667 540 949 779 5 0.0650 363 285 627 507 8 0.0647 628 595 879 837 11 0.0644 499 460 753 706 10 0.0639 562 532 819 777 8 0.0634 568 458 822 708 0 0.0634 565 530 819 782 7 0.0629 571 457 830 709 6 0.0629 372 290 634 509 5 0.0626 620 593 880 835 0 0.0624 370 290 632 511 11 0.0618 367 290 633 507 8 0.0616 500 398 748 642 5 0.0616 430 338 685 572 11 0.0616 433 347 689 570 6 0.0612 503 399 759 642 6 0.0611 439 345 694 572 7 0.0611 438 403 694 644 3 0.0608 372 292 631 513 8 0.0608 373 293 625 508 6 0.0604 374 405 630 640 3 0.0604 437 347 692 577 8 0.0603 497 524 751 773 0 0.0603 487 592 764 847 3 0.0603 572 461 828 712 3 0.0596 502 401 755 648 3 0.0595 500 524 757 779 8 0.0594 438 344 685 572 0 0.0593 671 540 949 782 5 0.0593 494 394 752 643 6 0.0593 570 458 831 708 10 0.0588 623 600 885 836 13 0.0585 568 460 831 710 11 0.0584 367 408 629 635 7 0.0584 501 526 758 776 2 0.0580 500 461 753 706 3 0.0578 375 407 627 647 11 0.0578 481 593 764 843 7 0.0576 626 598 887 839 2 0.0575 436 348 688 569 0 0.0573 436 347 694 573 3 0.0572 639 541 886 788 13 0.0570 374 292 638 509 7 0.0569 372 289 634 509 5 0.0569 306 395 574 624 13 0.0569 561 598 826 839 10 0.0566 483 597 767 837 13 0.0565 376 407 634 643 0 0.0564 503 457 754 708 13 0.0562 501 400 761 645 10 0.0559 366 293 631 508 8 0.0559 376 408 619 639 6 0.0558 682 483 950 715 8 0.0557 370 527 627 761 6 0.0556 559 596 826 838 8 0.0553 436 461 688 703 8 0.0552 371 150 636 380 10 0.0552 434 347 691 570 2 0.0550 370 292 628 506 10 0.0548 366 151 645 381 10 0.0548 496 400 754 641 8 0.0548 677 486 940 717 5 0.0548 668 482 946 717 6 0.0547 500 525 760 774 13 0.0544 437 347 696 574 13 0.0543 638 540 893 786 2 0.0542 569 535 818 781 12 0.0542 569 457 828 708 13 0.0542 500 526 761 774 12 0.0541 437 342 693 572 5 0.0540 224 205 491 443 4 0.0538 572 462 830 707 5 0.0538 293 132 572 372 3 0.0537 563 593 818 845 5 0.0536 480 584 762 840 9 0.0531 366 289 630 504 6 0.0528 373 148 644 381 6 0.0528 244 417 510 642 11 0.0526 365 149 644 377 0 0.0525 178 277 426 508 0 0.0524 235 212 497 448 12 0.0524 500 397 756 643 9 0.0516 499 456 753 702 2 0.0516 628 604 887 841 12 0.0516 370 288 635 507 12 0.0514 498 522 756 774 1 0.0514 366 288 632 508 0 0.0513 375 407 629 643
5vgD3testAyVF3NCbR4hBhGhWfK3I1ds,14 1.0 0 0 1 1
iRyeZ90iOMquTLgk5FQpzh6rFcE5ZzVO,14 1.0 0 0 1 1
OV6clb6KKmdmJVa8JnyAK60rlkLX9zy0,3 0.0629 506 12 767 257 11 0.0628 440 76 695 314 5 0.0620 505 0 769 194 11 0.0613 501 15 765 247 8 0.0609 509 0 764 196 7 0.0605 510 12 767 249 5 0.0605 628 84 896 331 7 0.0592 445 73 698 317 11 0.0590 501 146 766 385 6 0.0589 508 15 767 251 7 0.0588 505 141 770 389 11 0.0587 568 274 828 512 3 0.0583 505 144 764 395 10 0.0582 440 80 698 316 5 0.0579 499 134 763 390 0 0.0579 511 0 771 197 13 0.0578 634 94 907 335 0 0.0577 503 145 766 388 5 0.0572 562 208 823 458 8 0.0570 501 141 761 388 6 0.0568 505 144 767 388 6 0.0567 445 74 699 319 6 0.0564 695 93 953 331 10 0.0564 502 17 767 247 3 0.0563 443 77 699 322 11 0.0561 633 91 895 329 7 0.0561 567 215 829 460 8 0.0561 379 0 630 193 10 0.0560 501 147 766 387 2 0.0559 505 19 765 251 8 0.0557 632 90 890 331 8 0.0555 571 270 820 515 0 0.0555 564 217 825 460 0 0.0554 694 92 951 330 7 0.0553 639 87 902 332 13 0.0548 491 83 765 323 10 0.0545 631 94 900 331 13 0.0544 438 466 692 696 2 0.0543 633 94 897 334 13 0.0543 420 596 698 830 5 0.0543 119 511 366 759 8 0.0541 369 70 623 313 13 0.0541 511 1 776 198 12 0.0537 507 13 770 251 0 0.0534 132 458 380 711 3 0.0533 569 215 824 467 5 0.0528 114 399 364 643 7 0.0528 439 467 692 700 8 0.0527 129 452 368 705 11 0.0526 120 516 375 757 8 0.0522 420 597 679 823 13 0.0522 554 151 824 391 2 0.0521 443 81 695 316 4 0.0520 510 3 776 194 9 0.0520 632 90 895 327 0 0.0517 186 338 437 589 13 0.0517 574 273 832 518 0 0.0514 434 467 685 696 9 0.0513 501 140 767 382 9 0.0512 439 75 699 311 2 0.0511 553 156 819 389 6 0.0510 127 458 385 705 13 0.0510 378 0 643 197 8 0.0509 438 466 682 692 8 0.0509 189 523 433 760 11 0.0508 433 467 690 691 0 0.0507 106 596 372 824 5 0.0507 179 331 435 584 6 0.0506 111 596 376 817 5 0.0506 411 593 682 826 10 0.0504 694 31 963 266 12 0.0503 446 74 698 316 11 0.0502 701 24 963 264 3 0.0500 436 468 691 701
JQMaf8f6pw4LeI0GizozwJUUWQCASxed,14 1.0 0 0 1 1
o0QcVibuvInHoBX2D0ctiODgpg9tIdFZ,5 0.0651 169 722 431 957 8 0.0639 242 725 494 958 7 0.0632 177 784 433 1023 8 0.0618 175 785 422 1021 7 0.0616 246 724 504 960 5 0.0609 755 71 1010 318 0 0.0603 113 726 368 963 8 0.0602 174 666 434 903 11 0.0594 168 728 437 957 7 0.0591 179 664 445 901 11 0.0588 749 76 1009 317 6 0.0584 178 665 445 901 11 0.0584 303 668 567 893 8 0.0581 753 74 1004 319 0 0.0581 374 250 636 495 0 0.0577 246 725 500 959 0 0.0575 307 668 568 895 8 0.0574 308 666 556 893 11 0.0571 373 260 637 493 6 0.0569 178 788 430 1023 13 0.0569 758 74 1016 323 0 0.0569 177 662 441 904 6 0.0567 247 726 502 959 13 0.0566 378 260 644 494 0 0.0566 751 79 1011 323 7 0.0563 311 664 569 895 11 0.0562 174 604 444 837 3 0.0561 380 259 636 497 6 0.0561 755 76 1013 317 3 0.0561 178 725 437 964 0 0.0551 173 787 428 1023 10 0.0550 171 729 439 958 13 0.0548 247 727 504 960 7 0.0548 378 258 637 496 0 0.0547 690 145 940 393 5 0.0546 367 195 627 438 11 0.0546 238 409 510 642 2 0.0544 753 79 1011 321 3 0.0541 755 79 1011 324 11 0.0540 175 478 449 712 13 0.0540 177 787 435 1023 8 0.0539 692 142 932 388 6 0.0531 309 668 569 895 10 0.0529 751 77 1011 321 8 0.0528 312 257 562 500 5 0.0523 302 662 560 892 7 0.0514 759 75 1013 322 2 0.0512 375 265 638 492 5 0.0511 687 142 937 388 0 0.0511 246 407 507 639 12 0.0511 177 723 436 962 9 0.0510 173 787 431 1020 9 0.0509 754 75 1006 315 2 0.0505 176 791 429 1023 13 0.0500 693 144 948 391 6 0.0500 316 255 588 497
2TmzjSXBwTAVWDbHkeE2A3rPq3yS63Kp,11 0.0600 701 400 955 639 0 0.0597 704 333 953 580 5 0.0579 700 396 953 640 6 0.0571 707 398 960 642 8 0.0538 706 398 949 643 13 0.0522 709 400 962 645 8 0.0508 165 800 419 1018 8 0.0508 365 533 623 769 11 0.0502 161 804 428 1021
xPifrD1E8QwGgQ09Cdq7w0VmaWdO2feC,8 0.0628 378 340 622 568 7 0.0608 314 587 571 828 11 0.0606 309 405 570 635 11 0.0588 244 462 503 702 7 0.0586 310 334 566 575 11 0.0573 248 341 500 568 8 0.0571 248 400 487 636 8 0.0565 187 464 434 705 7 0.0557 347 543 720 723 0 0.0557 313 590 571 828 7 0.0554 311 452 571 703 0 0.0552 375 339 631 571 8 0.0551 252 522 499 773 7 0.0551 249 397 496 637 7 0.0549 185 463 446 708 13 0.0546 381 337 637 570 3 0.0546 265 427 632 602 13 0.0545 319 594 574 825 7 0.0544 382 389 635 629 11 0.0541 371 342 629 567 0 0.0540 244 663 519 905 5 0.0540 369 440 635 690 8 0.0537 502 207 750 445 11 0.0535 342 547 715 721 5 0.0535 300 332 564 572 7 0.0535 247 667 520 901 6 0.0531 314 403 570 641 11 0.0529 442 393 708 633 13 0.0526 453 454 717 694 0 0.0526 186 466 443 706 8 0.0525 313 458 556 700 8 0.0525 318 589 560 823 0 0.0524 255 339 497 572 10 0.0522 256 342 498 570 11 0.0521 504 146 756 384 11 0.0521 172 532 445 773 3 0.0520 451 388 705 639 6 0.0517 186 465 446 706 11 0.0513 393 599 659 824 3 0.0512 310 519 569 766 5 0.0511 245 518 510 772 5 0.0510 244 394 496 631 8 0.0509 256 292 493 519 13 0.0509 250 400 501 639 11 0.0509 311 666 569 893 8 0.0508 519 395 767 644 0 0.0506 309 458 564 701 8 0.0506 450 455 697 692 0 0.0506 447 456 708 696 13 0.0505 390 521 656 752 0 0.0503 501 206 758 449 6 0.0503 311 518 570 761 5 0.0501 505 272 759 518
XeSGEJqXt0xIojde0EeeMktXUlKDcw4B,14 1.0 0 0 1 1
pSngIbb5fz2NtG0A4IkihoZVKHQpLikQ,8 0.0582 365 389 622 615 0 0.0572 231 395 500 632 7 0.0565 370 387 634 619 8 0.0564 238 394 490 630 8 0.0557 438 328 702 557 7 0.0556 240 390 501 630 5 0.0551 433 322 701 557 11 0.0551 362 391 627 616 11 0.0549 231 398 499 627 3 0.0547 369 388 628 624 10 0.0547 235 400 496 627 13 0.0545 240 394 504 634 7 0.0540 449 329 716 561 0 0.0540 501 276 774 500 6 0.0538 238 393 503 630 0 0.0537 301 456 566 692 0 0.0537 443 201 704 429 5 0.0534 229 390 495 626 7 0.0532 448 460 701 691 3 0.0530 237 397 502 635 11 0.0523 300 458 565 688 8 0.0520 575 205 818 443 0 0.0519 437 330 707 560 8 0.0517 176 456 428 707 5 0.0515 438 195 699 424 0 0.0515 560 339 838 557 3 0.0509 306 456 565 693 5 0.0507 359 381 625 616 2 0.0507 445 339 710 561 0 0.0506 363 388 629 618 11 0.0505 170 462 442 704 8 0.0505 445 201 695 432 7 0.0504 305 455 569 691 7 0.0503 498 798 767 1023 11 0.0501 489 804 760 1019 11 0.0500 379 598 634 821
KWLxNte9t0xZpmCFGC6kPnVEINNlKIsp,11 0.0562 361 666 628 902 8 0.0553 308 716 565 956 5 0.0548 304 656 578 904 0 0.0534 314 706 574 961 0 0.0534 309 589 581 851 6 0.0524 311 662 586 905 0 0.0505 584 615 867 855 7 0.0505 312 715 580 960 5 0.0504 441 329 711 571 8 0.0502 582 613 851 850
cNknMdg48uo8adwoGTdEONfMpsvuDKvR,11 0.0617 374 405 635 646 8 0.0614 321 405 571 654 7 0.0598 322 405 579 654 8 0.0586 441 400 704 648 0 0.0578 435 462 696 707 7 0.0566 403 605 775 789 0 0.0563 571 608 829 848 13 0.0561 323 405 584 653 0 0.0555 400 605 771 791 2 0.0551 320 407 580 650 11 0.0549 569 605 828 843 6 0.0548 377 404 641 646 0 0.0546 866 669 1022 1023 5 0.0543 236 221 495 437 8 0.0542 871 664 1019 1023 3 0.0542 323 405 578 656 7 0.0541 443 400 709 646 5 0.0541 315 399 572 648 8 0.0540 399 603 752 787 11 0.0538 868 675 1023 1017 11 0.0536 516 345 788 573 3 0.0535 445 401 711 654 7 0.0533 316 540 566 771 0 0.0533 516 347 782 574 6 0.0530 250 225 507 440 7 0.0530 249 226 504 438 11 0.0529 245 229 504 439 0 0.0525 503 226 761 450 13 0.0525 252 228 511 443 11 0.0523 386 211 645 442 0 0.0520 246 221 504 443 5 0.0520 375 204 639 438 5 0.0518 434 396 702 643 10 0.0516 314 467 572 700 8 0.0516 577 535 814 785 0 0.0515 385 206 641 444 3 0.0514 246 226 499 446 13 0.0510 443 404 715 648 6 0.0510 250 399 522 647 6 0.0510 380 15 641 247 11 0.0508 240 398 515 648 8 0.0508 269 0 618 148 8 0.0507 387 207 631 445 11 0.0505 399 605 770 790 6 0.0504 575 604 830 842 6 0.0503 440 215 701 438 0 0.0502 372 13 635 252
DrD8ZgmmlqOCajwsuotCPryrLLnNoWPi,11 0.0583 309 587 567 810 11 0.0579 251 662 510 895 0 0.0578 309 524 569 753 5 0.0570 650 0 1018 147 8 0.0554 312 587 558 814 7 0.0551 194 722 437 973 6 0.0548 180 517 445 757 11 0.0543 382 465 636 685 11 0.0541 366 84 634 317 0 0.0540 252 589 504 830 11 0.0539 190 721 438 965 8 0.0539 247 520 492 764 7 0.0537 310 461 565 687 8 0.0536 376 85 626 321 0 0.0535 305 653 570 893 7 0.0532 254 398 508 626 11 0.0529 248 462 507 689 7 0.0527 316 582 570 812 8 0.0525 253 660 498 898 0 0.0518 371 85 635 321 0 0.0516 382 466 637 691 5 0.0515 244 400 506 625 13 0.0514 376 86 640 321 8 0.0513 249 400 496 629 13 0.0512 654 0 1023 151 10 0.0512 312 592 567 815 5 0.0510 242 519 498 759 5 0.0510 164 461 434 687 7 0.0508 256 657 510 898 8 0.0506 0 117 241 325 6 0.0506 257 592 509 826 7 0.0504 180 516 444 754 8 0.0504 307 467 552 689 3 0.0503 250 403 504 633 0 0.0502 653 0 1022 152 10 0.0501 247 530 501 761
zU7kwK1tG5ZNe8TA4uccgQKzruyYJEyY,0 0.0663 445 574 694 814 0 0.0644 523 520 767 770 8 0.0644 446 388 696 640 11 0.0640 438 326 693 570 11 0.0634 517 457 769 705 11 0.0632 438 575 691 810 0 0.0630 444 264 702 503 0 0.0628 401 485 760 665 6 0.0624 444 576 698 814 5 0.0623 445 383 696 641 7 0.0621 394 266 647 503 7 0.0620 449 511 700 765 7 0.0617 450 384 702 642 5 0.0617 441 261 695 502 0 0.0616 366 707 627 938 5 0.0615 318 257 573 495 8 0.0611 444 262 696 505 6 0.0611 451 455 700 699 3 0.0611 449 388 701 645 8 0.0605 520 519 762 769 6 0.0603 441 327 698 571 5 0.0601 519 513 763 768 10 0.0596 508 404 768 648 11 0.0594 306 327 562 572 11 0.0592 377 145 630 376 6 0.0592 524 522 768 770 0 0.0590 503 333 769 578 11 0.0587 293 793 540 1016 8 0.0583 443 571 691 815 6 0.0583 313 327 567 571 13 0.0580 507 274 767 511 0 0.0580 382 209 638 439 7 0.0579 516 573 769 818 5 0.0579 234 336 502 586 8 0.0579 380 207 630 438 7 0.0577 315 328 565 571 11 0.0576 311 204 568 430 13 0.0576 442 326 698 571 13 0.0575 451 454 702 699 11 0.0574 498 272 762 507 8 0.0573 304 455 552 701 11 0.0573 577 337 850 578 1 0.0573 444 384 697 643 11 0.0571 357 643 621 873 6 0.0570 504 274 768 509 6 0.0570 297 789 543 1018 3 0.0564 396 268 640 505 13 0.0563 524 520 771 766 1 0.0563 516 454 767 704 5 0.0562 309 136 563 371 8 0.0562 364 638 615 876 5 0.0562 439 569 692 811 8 0.0562 272 165 620 346 0 0.0561 309 329 566 574 10 0.0561 519 523 764 769 5 0.0561 574 407 837 648 2 0.0560 441 331 694 572 8 0.0559 309 331 558 570 10 0.0558 438 328 696 572 10 0.0556 382 212 639 439 6 0.0556 367 639 624 876 7 0.0555 297 789 545 1020 0 0.0555 301 458 562 703 8 0.0554 304 708 546 940 3 0.0554 525 522 767 778 3 0.0554 312 329 562 578 3 0.0553 448 575 694 819 13 0.0551 315 207 573 437 11 0.0550 299 459 557 703 10 0.0550 500 275 764 511 9 0.0546 450 451 699 698 7 0.0546 582 405 847 653 12 0.0544 443 325 698 573 9 0.0544 440 326 694 568 5 0.0542 362 780 610 1012 2 0.0542 451 457 699 700 13 0.0540 311 329 570 576
tSCiZEaOLGhxPgq6MOxAmFtNoGHZrMGY,5 0.0643 489 134 759 374 8 0.0624 108 401 351 631 8 0.0620 494 135 756 375 2 0.0614 498 147 760 375 5 0.0608 187 319 433 560 5 0.0603 99 394 358 632 11 0.0600 496 136 762 376 11 0.0598 624 146 890 381 11 0.0596 559 201 819 435 8 0.0593 564 270 806 510 5 0.0581 557 198 819 434 5 0.0580 619 141 890 378 8 0.0577 198 323 423 562 3 0.0575 572 137 836 383 6 0.0574 571 138 842 376 11 0.0570 545 477 820 708 7 0.0569 200 322 439 563 7 0.0569 266 247 516 490 5 0.0561 257 246 508 490 11 0.0561 257 249 515 488 3 0.0559 563 347 799 577 0 0.0555 493 142 762 374 8 0.0555 625 146 880 381 7 0.0554 499 138 765 375 2 0.0551 562 211 821 435 8 0.0549 266 248 503 489 11 0.0547 380 190 654 435 10 0.0547 497 143 764 378 0 0.0544 264 246 513 493 5 0.0544 354 127 628 365 5 0.0544 629 267 892 494 0 0.0541 559 349 804 569 11 0.0541 557 346 803 569 10 0.0541 562 208 820 439 0 0.0540 768 206 1023 439 7 0.0538 563 201 824 437 10 0.0538 622 146 888 379 3 0.0538 384 185 647 442 11 0.0536 766 207 1023 436 8 0.0536 378 186 638 434 5 0.0535 553 340 798 569 2 0.0534 384 198 648 439 7 0.0528 384 190 654 437 7 0.0528 558 409 813 639 11 0.0528 186 327 438 560 8 0.0527 258 379 500 618 2 0.0524 564 353 806 570 11 0.0524 629 269 897 499 13 0.0524 268 249 521 495 5 0.0523 247 376 510 618 6 0.0519 549 476 824 707 6 0.0519 104 403 365 628 2 0.0519 624 151 890 379 7 0.0517 628 143 896 379 0 0.0517 561 205 820 437 0 0.0515 195 324 436 566 8 0.0515 547 409 800 636 13 0.0513 258 386 522 627 0 0.0513 376 191 650 436 13 0.0512 570 139 837 375 9 0.0510 560 141 841 368 8 0.0508 53 469 292 708 0 0.0508 526 546 874 740 6 0.0505 194 322 439 561 8 0.0505 338 319 584 558 6 0.0505 270 250 515 488 11 0.0504 243 386 513 618 6 0.0501 564 347 807 569
3gCY79EP999SWMKaRcT0SmaPFKTtZgPu,8 0.0571 119 815 354 1019 11 0.0548 113 816 362 1014 5 0.0504 112 812 355 1018
t3Bj2OUedve1vqkcK04Hpwfu9fBvZrrl,0 0.0609 383 78 644 320 7 0.0598 325 6 581 249 3 0.0597 392 12 650 257 11 0.0596 315 68 575 311 8 0.0588 384 78 637 318 5 0.0585 378 72 640 318 6 0.0583 388 14 656 248 8 0.0581 312 145 562 389 11 0.0579 383 17 648 248 8 0.0578 439 522 692 757 5 0.0577 378 196 633 443 2 0.0576 322 7 576 251 11 0.0573 251 0 504 204 5 0.0573 316 0 572 248 7 0.0565 388 75 647 321 7 0.0563 314 146 572 386 3 0.0562 320 267 573 509 0 0.0561 436 524 696 760 0 0.0561 310 143 568 387 8 0.0560 321 4 572 252 11 0.0560 376 204 639 441 13 0.0557 323 3 583 253 8 0.0556 430 151 686 392 11 0.0555 431 524 701 756 3 0.0553 441 524 700 764 2 0.0552 310 151 568 389 7 0.0552 439 522 702 758 0 0.0552 319 4 579 251 7 0.0547 242 261 484 500 5 0.0546 307 140 568 385 13 0.0545 445 85 700 328 10 0.0545 383 82 645 319 11 0.0543 438 91 696 322 13 0.0535 313 148 578 389 3 0.0535 322 68 573 316 10 0.0533 252 7 500 202 8 0.0533 246 73 494 302 3 0.0532 445 88 694 330 2 0.0531 382 210 633 444 8 0.0531 317 262 567 503 6 0.0530 322 67 579 310 5 0.0528 232 255 478 498 13 0.0527 441 520 707 759 0 0.0526 376 203 640 445 3 0.0523 386 203 636 450 2 0.0520 319 269 571 502 6 0.0520 440 522 700 760 7 0.0519 384 201 637 448 9 0.0519 383 16 650 246 5 0.0518 431 515 695 756 2 0.0518 384 83 643 320 6 0.0518 445 91 700 321 11 0.0513 227 193 485 426 1 0.0510 307 142 566 385 12 0.0509 390 12 652 250 10 0.0508 436 526 702 760 10 0.0506 311 154 572 386 0 0.0505 243 74 502 302 1 0.0502 379 72 643 318 5 0.0502 451 261 704 499 2 0.0501 437 529 697 760 10 0.0501 380 208 641 446
anK52n57HsMXbqJdfoAjcLDlPpR5N2KD,5 0.0601 377 411 638 660 0 0.0596 380 420 645 664 8 0.0577 315 470 560 703 11 0.0568 381 473 637 712 0 0.0549 310 325 569 571 0 0.0547 742 12 1002 247 0 0.0542 640 2 895 210 13 0.0541 642 0 903 204 11 0.0538 311 398 577 641 8 0.0534 311 329 560 568 13 0.0534 749 11 1011 241 8 0.0532 749 4 991 239 5 0.0527 739 4 999 243 5 0.0522 629 0 886 202 8 0.0522 246 408 495 638 13 0.0520 388 470 644 714 0 0.0515 249 407 507 646 6 0.0513 318 468 570 702 7 0.0513 318 466 569 707 11 0.0508 256 544 504 770 3 0.0506 387 474 635 722 2 0.0502 745 16 1000 241
1lGbXUMYvx5rhDrrksKnkFvyZhAQmMZO,8 0.0670 256 649 489 891 11 0.0658 251 651 496 889 5 0.0651 251 650 489 891 7 0.0625 252 594 508 835 0 0.0610 251 596 505 838 13 0.0573 257 650 499 893 10 0.0572 251 653 493 890 6 0.0571 255 652 498 891 3 0.0566 256 651 493 895 1 0.0564 253 646 493 891 12 0.0537 256 649 495 892 2 0.0525 255 655 494 893 0 0.0517 0 625 237 865
nfPYIAxjQP8Twy6JKcjx21rbfBaHFQaA,5 0.0619 434 322 694 570 5 0.0616 364 271 628 502 11 0.0599 369 339 638 572 11 0.0596 430 264 694 510 0 0.0592 370 332 638 577 0 0.0581 382 466 624 704 13 0.0576 446 328 704 575 11 0.0576 457 403 705 641 7 0.0572 445 787 721 1023 0 0.0568 52 774 308 1013 5 0.0564 448 533 693 769 7 0.0562 380 406 638 643 2 0.0556 379 412 637 642 6 0.0554 435 262 698 513 8 0.0553 371 334 633 577 5 0.0553 379 461 617 699 7 0.0552 435 261 697 508 5 0.0552 435 780 710 1022 0 0.0551 435 260 694 510 5 0.0551 486 603 762 836 13 0.0550 374 276 639 509 3 0.0547 434 263 694 512 0 0.0546 310 209 566 443 6 0.0546 375 335 643 575 11 0.0544 383 467 626 698 0 0.0543 450 539 700 776 11 0.0542 448 540 700 770 0 0.0537 459 398 707 648 3 0.0533 380 405 635 648 11 0.0533 494 611 767 841 6 0.0532 303 282 561 509 6 0.0531 388 466 631 700 10 0.0527 368 342 638 573 8 0.0527 385 463 619 702 8 0.0526 459 397 700 647 0 0.0525 2 1 248 216 5 0.0524 302 202 557 437 7 0.0521 501 612 770 840 6 0.0520 450 538 705 771 11 0.0520 294 286 558 507 11 0.0519 443 794 712 1019 3 0.0519 370 210 630 448 7 0.0519 313 207 569 442 7 0.0518 390 535 622 763 2 0.0517 369 279 629 503 8 0.0515 430 262 687 513 0 0.0515 440 789 715 1023 0 0.0515 497 613 768 846 11 0.0513 54 779 307 1008 13 0.0513 379 405 645 647 5 0.0512 430 670 697 905 6 0.0512 462 398 714 646 10 0.0511 430 268 696 508 8 0.0511 0 0 242 211 8 0.0508 452 536 692 773 8 0.0507 443 789 703 1023 2 0.0507 451 544 703 767 9 0.0505 438 329 699 567
lKF7utKHtdxvFLDQTNIGCMenzzBs2cDZ,8 0.0611 338 469 674 664 11 0.0600 309 333 574 576 7 0.0597 6 423 325 602 8 0.0577 316 332 566 574 11 0.0575 419 393 685 621 3 0.0570 317 329 570 581 5 0.0569 207 330 578 517 0 0.0561 0 424 317 602 5 0.0554 0 421 307 602 3 0.0554 440 329 685 567 11 0.0547 0 425 317 602 13 0.0546 423 390 692 621 6 0.0541 278 343 655 526 8 0.0541 485 476 805 665 13 0.0536 315 333 578 578 6 0.0535 428 387 689 622 0 0.0530 312 327 572 575 8 0.0523 185 803 428 1023 10 0.0521 312 334 574 575 8 0.0520 1 419 313 598 0 0.0520 420 387 683 619 7 0.0520 427 388 690 618 8 0.0517 242 446 490 701 7 0.0513 314 328 572 575 5 0.0513 467 474 810 670 11 0.0510 175 806 442 1023 11 0.0508 311 223 574 442 5 0.0506 415 383 681 619 11 0.0506 473 481 817 667 5 0.0503 285 393 560 635 6 0.0502 294 401 570 642
cLNrtF8r7HxZLQsPdxo35UaZk3QBWtIb,5 0.0535 302 209 556 421 8 0.0533 9 795 239 1021 11 0.0502 5 806 244 1021
SQYJTHcmnGgFNCcBsXchxCpumd3TUYJ9,5 0.0655 186 268 445 508 11 0.0650 300 271 573 505 11 0.0645 356 204 626 431 8 0.0637 250 261 501 509 0 0.0618 302 339 569 587 11 0.0608 237 339 508 577 5 0.0606 297 264 569 507 5 0.0606 237 335 505 576 0 0.0600 207 282 571 468 13 0.0594 361 204 632 435 11 0.0594 187 68 442 318 3 0.0593 319 0 576 206 11 0.0592 314 1 576 203 13 0.0592 253 262 511 510 11 0.0591 357 340 622 577 8 0.0590 318 0 570 203 11 0.0589 147 225 511 400 8 0.0588 182 328 442 573 13 0.0583 186 332 453 574 6 0.0583 319 74 569 306 10 0.0581 317 5 575 202 7 0.0581 157 279 511 469 3 0.0580 305 270 571 511 0 0.0578 317 0 579 204 0 0.0576 190 13 434 258 13 0.0570 193 69 448 319 8 0.0564 303 338 563 586 5 0.0563 312 0 571 201 5 0.0563 153 219 497 402 6 0.0562 254 266 512 507 13 0.0561 316 73 574 306 10 0.0560 251 271 508 507 6 0.0560 387 0 647 200 13 0.0560 384 0 647 202 11 0.0559 294 411 572 637 3 0.0559 365 205 620 437 3 0.0556 439 19 694 256 0 0.0556 432 20 697 252 7 0.0555 316 68 569 309 11 0.0554 428 282 688 521 7 0.0554 128 407 389 655 3 0.0554 244 338 506 581 8 0.0554 191 67 434 322 11 0.0554 428 21 698 247 3 0.0550 424 341 684 580 0 0.0549 419 338 679 578 6 0.0549 188 333 453 575 10 0.0548 313 78 565 309 8 0.0548 496 408 731 623 13 0.0547 432 279 696 526 5 0.0547 187 63 436 319 8 0.0544 427 277 682 527 7 0.0544 362 204 630 435 5 0.0544 353 199 619 434 0 0.0543 183 334 447 572 10 0.0543 187 16 434 257 8 0.0542 358 202 619 436 5 0.0540 26 291 376 469 13 0.0540 307 336 575 586 2 0.0537 191 70 443 320 7 0.0537 436 277 693 528 8 0.0537 133 159 374 401 8 0.0536 124 404 379 658 10 0.0535 357 210 625 435 6 0.0534 165 225 510 403 11 0.0533 27 298 394 467 8 0.0532 30 295 371 470 8 0.0531 430 465 674 690 11 0.0530 429 409 690 632 7 0.0530 500 407 746 626 1 0.0528 239 329 505 579 8 0.0528 126 15 376 257 0 0.0527 427 155 692 393 3 0.0527 190 14 437 265 10 0.0524 155 226 502 403 6 0.0523 363 207 626 434 6 0.0522 129 409 390 657 0 0.0522 159 224 503 402
KxWI9ANSFgmOrH5FjURVyCjdrK4UEKck,11 0.0639 0 411 244 654 8 0.0624 3 405 233 656 0 0.0616 0 1 243 222 0 0.0590 0 408 242 658 3 0.0575 4 0 248 226 5 0.0568 0 0 241 220 5 0.0554 311 378 570 625 3 0.0549 4 403 241 665 7 0.0549 0 406 244 660 5 0.0547 0 406 238 658 11 0.0546 0 5 249 219 7 0.0542 317 380 574 636 13 0.0541 4 0 256 218 7 0.0537 1 0 247 220 8 0.0534 7 35 236 282 7 0.0528 490 793 755 1023 11 0.0526 317 795 572 1018 5 0.0525 485 789 744 1016 11 0.0525 46 341 309 566 8 0.0524 319 384 563 626 10 0.0522 0 4 248 219 7 0.0521 321 790 572 1023 2 0.0521 2 413 246 656 8 0.0520 323 791 565 1019 6 0.0518 2 407 248 657 0 0.0505 314 386 569 629 5 0.0504 0 97 254 343 3 0.0503 321 385 569 640 13 0.0502 0 407 250 662 6 0.0502 319 384 576 630
ZcAB4oaYQQqJ8GSNzWQIlGXdnnKZxg3T,0 0.0542 248 262 494 510 7 0.0537 652 790 912 1022 7 0.0534 504 789 762 1012 8 0.0530 651 788 892 1023 11 0.0513 499 791 754 1007 13 0.0510 254 263 501 512 0 0.0510 499 789 754 1014 11 0.0503 126 279 390 518 5 0.0502 639 789 895 1017
tgUOB9j7nLSe987dFj7nePHvJ1TXh4SV,0 0.0676 187 659 445 904 8 0.0637 126 655 376 895 7 0.0625 126 654 382 893 5 0.0617 120 654 376 891 11 0.0614 124 656 379 892 6 0.0601 127 657 382 894 10 0.0600 121 604 380 830 11 0.0599 572 785 821 1015 3 0.0596 194 661 446 906 5 0.0590 571 781 815 1017 0 0.0586 124 601 382 834 10 0.0575 187 663 443 898 8 0.0568 574 783 812 1016 7 0.0564 577 781 826 1022 3 0.0560 128 603 382 834 6 0.0559 577 788 822 1017 11 0.0558 62 601 328 815 7 0.0547 69 595 334 815 8 0.0547 70 599 319 814 0 0.0546 572 783 819 1021 13 0.0535 580 788 826 1022 5 0.0534 67 592 325 816 13 0.0531 193 661 449 906 1 0.0521 186 657 441 902 0 0.0513 513 344 767 579 3 0.0512 574 785 822 1023 12 0.0503 130 655 380 895 2 0.0503 190 666 444 905 13 0.0502 127 602 391 835 6 0.0502 71 599 328 815
8AXXAgPOnwAvVUaYv1sdpktqCOcyDVyY,0 0.0617 429 733 694 972 7 0.0616 340 800 704 982 3 0.0589 344 799 697 984 5 0.0589 332 795 693 979 8 0.0587 431 735 684 967 11 0.0582 380 743 637 971 10 0.0574 380 743 637 971 0 0.0564 460 665 813 859 0 0.0564 2 1 233 217 6 0.0557 431 734 693 969 13 0.0548 345 801 705 980 13 0.0541 7 0 245 215 7 0.0540 186 789 427 1018 11 0.0536 0 2 238 211 11 0.0533 456 669 817 854 8 0.0521 1 0 224 213 10 0.0519 0 5 234 215 11 0.0517 311 673 574 903 5 0.0516 0 19 238 266 2 0.0513 432 739 696 968 1 0.0508 337 797 697 980 8 0.0506 321 732 564 967 6 0.0504 4 2 236 216 8 0.0500 466 664 803 859
8OSCLokmRV2iJhMeiyJW9DTUxyk67zqH,11 0.0607 248 589 505 843 5 0.0595 247 580 495 842 8 0.0581 247 458 498 707 11 0.0571 238 465 504 700 11 0.0570 240 23 506 255 7 0.0567 253 586 506 848 11 0.0560 304 523 566 762 8 0.0557 246 24 489 254 0 0.0555 305 522 566 767 13 0.0553 248 524 509 770 7 0.0553 379 579 630 835 5 0.0553 237 457 500 703 6 0.0551 384 515 652 762 5 0.0545 370 572 623 828 2 0.0535 307 593 553 833 11 0.0535 371 585 624 832 8 0.0533 312 520 559 764 5 0.0533 236 19 499 251 7 0.0532 312 517 572 766 3 0.0529 309 585 550 839 6 0.0526 249 527 508 770 0 0.0522 244 24 501 255 8 0.0520 253 587 496 848 10 0.0517 242 467 507 706 10 0.0509 243 31 505 251 0 0.0508 177 591 438 841 6 0.0506 317 454 581 692 8 0.0505 373 581 619 829 7 0.0503 246 460 506 705 6 0.0501 185 593 444 840 0 0.0500 372 580 625 836
frvafqNdJdbIyhg5y74fDMwXGhClSI2p,8 0.0610 750 125 1001 359 8 0.0588 680 203 929 424 5 0.0576 745 187 1003 425 0 0.0566 746 193 1003 427 11 0.0559 760 335 1014 564 11 0.0545 746 195 1008 421 11 0.0540 693 272 951 490 8 0.0535 763 330 1005 571 11 0.0514 372 725 626 947 0 0.0513 693 270 942 496 3 0.0509 768 331 1012 570 11 0.0508 180 405 449 635 3 0.0508 746 190 1004 431 13 0.0504 697 265 956 498 6 0.0503 748 195 1008 423 8 0.0502 183 330 432 574
3ZHxaoWNxD6P6p17JGNKH2MZkOoSrXuT,5 0.0680 496 146 767 379 5 0.0680 567 390 820 630 5 0.0675 567 266 820 508 0 0.0670 635 144 894 377 0 0.0668 571 271 821 513 5 0.0657 504 16 762 242 0 0.0634 571 395 819 634 5 0.0626 557 81 825 317 8 0.0621 507 18 755 244 6 0.0620 498 85 769 315 8 0.0619 569 144 831 379 3 0.0612 571 144 835 384 11 0.0611 569 398 821 625 11 0.0611 636 148 898 368 11 0.0610 492 84 766 313 2 0.0607 502 156 769 378 3 0.0602 575 272 819 513 3 0.0601 443 140 713 378 0 0.0600 561 84 824 320 0 0.0596 502 203 757 443 5 0.0595 630 336 905 580 11 0.0593 560 20 819 244 8 0.0593 439 143 704 372 11 0.0590 640 279 901 507 6 0.0584 575 397 823 630 8 0.0583 574 268 815 508 5 0.0580 312 254 569 512 13 0.0578 581 272 830 511 7 0.0577 511 18 766 242 5 0.0573 629 138 895 371 7 0.0571 514 266 753 508 3 0.0570 575 398 821 636 13 0.0570 507 153 774 383 6 0.0569 572 151 836 375 13 0.0568 565 85 836 321 7 0.0567 503 153 770 381 3 0.0566 449 265 697 517 10 0.0564 501 156 771 383 2 0.0564 513 273 754 503 8 0.0563 506 202 755 441 7 0.0562 360 196 639 444 8 0.0561 570 394 818 631 0 0.0561 507 17 763 246 8 0.0559 119 462 363 698 7 0.0558 575 396 820 634 2 0.0558 573 404 823 630 3 0.0557 643 94 891 318 11 0.0555 504 208 759 438 0 0.0552 254 243 497 496 0 0.0551 635 345 904 586 11 0.0550 696 357 975 585 6 0.0548 510 204 762 438 9 0.0547 491 84 766 310 3 0.0547 316 260 574 520 10 0.0547 445 270 703 511 7 0.0547 638 144 900 371 9 0.0546 445 265 698 503 10 0.0546 505 23 762 243 10 0.0545 562 85 828 319 8 0.0544 391 457 639 697 11 0.0544 445 266 696 508 11 0.0540 385 457 642 693 10 0.0539 574 276 822 509 0 0.0539 385 457 647 697 13 0.0538 576 400 826 630 13 0.0536 643 142 901 372 10 0.0536 569 401 821 629 11 0.0536 309 264 575 511 2 0.0536 561 89 826 317 8 0.0536 356 199 632 442 8 0.0535 635 342 896 581 8 0.0534 447 262 695 508 6 0.0534 644 347 908 580 13 0.0534 510 20 774 242 3 0.0534 565 16 818 250 0 0.0534 443 266 697 510 2 0.0534 507 25 760 241 7 0.0532 636 343 907 584 6 0.0527 562 21 824 244 3 0.0526 639 344 904 588 7 0.0526 389 454 651 695 7 0.0525 564 87 827 320 8 0.0524 251 242 491 496 3 0.0523 390 461 647 703 12 0.0522 576 396 821 631 11 0.0521 707 490 974 710 9 0.0520 505 205 762 437 7 0.0520 126 461 379 696
de0qhonTBEOk0ECLJyg0CAj9fFJOvQZQ,0 0.0620 182 715 430 956 7 0.0616 186 715 433 954 8 0.0609 498 535 746 767 5 0.0605 181 713 427 950 0 0.0603 500 535 748 769 11 0.0603 493 537 748 766 11 0.0600 561 477 814 708 11 0.0600 123 667 367 891 8 0.0592 128 663 364 891 7 0.0591 314 713 561 957 6 0.0587 500 537 754 769 6 0.0585 128 668 370 893 5 0.0575 496 533 748 766 5 0.0574 246 657 491 892 8 0.0574 565 472 810 711 7 0.0569 253 660 496 896 0 0.0566 312 714 556 961 10 0.0565 182 719 432 951 8 0.0564 315 716 552 951 5 0.0558 563 472 813 707 8 0.0557 187 717 427 948 11 0.0557 310 718 559 950 0 0.0555 247 660 495 900 6 0.0553 569 477 817 712 7 0.0549 502 534 754 772 11 0.0547 244 665 496 890 0 0.0544 567 477 817 709 5 0.0544 311 710 554 953 10 0.0541 498 539 751 768 13 0.0537 501 538 757 767 0 0.0537 562 602 804 832 7 0.0533 568 473 821 712 6 0.0533 251 663 498 895 2 0.0530 185 672 429 891 10 0.0528 125 669 366 892 6 0.0526 313 716 561 955 13 0.0526 568 478 824 709 10 0.0523 246 664 496 894 8 0.0523 561 598 801 832 10 0.0521 310 718 560 952 11 0.0519 556 602 805 829 8 0.0519 251 664 487 891 3 0.0514 186 718 431 956 3 0.0503 315 718 559 959 3 0.0501 503 538 752 774 10 0.0500 565 481 817 709
6LcEud5YQYM0rTploi0TvFpkmctOtlpZ,8 0.0621 188 144 428 383 5 0.0606 346 321 628 547 11 0.0599 250 158 507 383 11 0.0597 176 290 447 524 0 0.0594 176 283 444 526 0 0.0590 172 403 430 640 11 0.0588 305 226 575 446 11 0.0585 351 332 630 549 11 0.0585 172 409 430 638 8 0.0584 306 223 569 448 6 0.0581 176 408 433 636 0 0.0578 101 332 362 582 11 0.0575 229 474 489 710 5 0.0574 166 404 424 632 8 0.0572 172 404 425 639 8 0.0572 178 284 437 526 8 0.0570 355 325 625 551 6 0.0568 233 473 493 709 7 0.0565 354 329 637 554 8 0.0563 256 6 500 254 5 0.0562 249 70 500 312 13 0.0556 178 406 434 636 0 0.0553 438 286 688 514 13 0.0552 178 287 451 524 13 0.0551 257 9 514 258 0 0.0550 251 154 507 386 5 0.0550 354 205 615 431 11 0.0549 101 335 368 576 6 0.0549 439 286 694 510 5 0.0548 168 281 440 518 7 0.0548 180 284 445 523 13 0.0546 255 154 512 382 6 0.0544 257 156 506 380 8 0.0538 101 331 360 583 7 0.0537 176 405 430 639 6 0.0536 180 288 448 521 10 0.0536 170 413 432 636 13 0.0536 309 225 581 446 3 0.0535 309 226 575 450 0 0.0535 303 221 578 449 5 0.0533 222 464 488 708 3 0.0530 355 335 632 555 6 0.0530 312 227 578 445 3 0.0529 172 409 426 643 3 0.0527 296 476 561 706 10 0.0526 172 293 446 523 10 0.0525 99 339 368 577 6 0.0524 377 146 622 368 3 0.0523 255 154 505 389 7 0.0523 309 223 578 449 7 0.0522 294 470 567 701 13 0.0518 356 332 645 549 2 0.0515 365 288 618 500 13 0.0515 237 472 498 711 3 0.0513 335 5 575 249 7 0.0513 104 330 367 581 8 0.0510 295 473 551 698 5 0.0509 185 139 433 377 0 0.0504 230 471 490 712 5 0.0502 321 3 569 242
vmc4I6dHxZV8Dq2klfWoyxlhObvKkXHR,11 0.0667 432 589 685 828 7 0.0628 438 587 687 833 8 0.0614 434 591 678 833 11 0.0613 363 650 632 889 5 0.0606 433 588 681 832 11 0.0568 564 599 814 829 0 0.0565 432 590 686 834 13 0.0561 436 590 690 835 3 0.0559 437 592 686 837 6 0.0555 435 590 685 834 10 0.0554 493 602 742 836 11 0.0537 298 719 564 964 7 0.0535 572 594 818 832 10 0.0534 367 648 626 893 0 0.0531 565 600 815 834 8 0.0524 564 596 806 830 0 0.0516 299 708 562 969 2 0.0513 435 593 683 835 5 0.0506 563 595 811 832 11 0.0503 427 734 689 968 9 0.0502 431 589 684 830
oG7li6lCU8u22WHDYZ49XHQshSptNLXd,11 0.0630 240 782 505 1007 8 0.0628 177 782 421 1008 5 0.0620 242 777 499 1003 6 0.0618 311 787 565 1015 0 0.0614 176 785 428 1011 0 0.0589 377 271 626 529 0 0.0579 236 709 492 943 8 0.0576 312 786 556 1016 13 0.0569 314 786 564 1020 7 0.0564 247 783 503 1012 11 0.0560 376 279 624 522 11 0.0560 367 652 611 885 11 0.0558 303 714 555 943 0 0.0556 309 787 562 1017 5 0.0554 368 217 628 458 5 0.0552 302 704 546 946 11 0.0549 390 790 638 1017 6 0.0549 320 216 567 452 13 0.0549 173 786 434 1009 6 0.0547 179 786 431 1007 13 0.0542 386 274 631 529 5 0.0536 436 648 665 895 7 0.0534 385 712 620 946 6 0.0534 306 648 551 884 5 0.0534 109 792 353 1009 2 0.0533 178 790 426 1005 6 0.0530 390 703 619 946 5 0.0528 387 784 628 1016 8 0.0525 439 535 680 768 2 0.0525 310 791 558 1013 0 0.0525 53 522 316 776 0 0.0524 384 134 643 377 3 0.0522 382 277 624 529 7 0.0521 306 650 547 886 8 0.0517 4 0 246 204 8 0.0515 380 274 619 526 0 0.0515 435 538 688 772 0 0.0515 379 708 613 948 8 0.0515 234 708 483 941 3 0.0514 247 781 499 1015 10 0.0514 300 657 543 886 6 0.0513 385 277 630 526 7 0.0512 444 603 695 839 10 0.0511 244 785 499 1005 11 0.0509 235 645 491 863 7 0.0509 383 219 635 459 13 0.0506 235 710 497 941 0 0.0506 238 591 493 809 0 0.0505 314 212 567 453 10 0.0504 376 224 631 460 11 0.0504 436 604 687 839 8 0.0504 443 652 664 897 11 0.0503 311 138 579 370 11 0.0502 452 709 686 943 0 0.0502 362 600 611 829
0UFGJodXvlgKXMFtBYvQPfRtV16syP4s,5 0.0666 300 784 553 1021 11 0.0664 633 534 890 767 11 0.0640 309 593 566 835 7 0.0637 377 789 627 1023 11 0.0621 437 788 685 1020 11 0.0618 430 662 694 909 0 0.0617 372 462 629 712 5 0.0613 432 777 682 1018 0 0.0609 310 590 565 841 8 0.0601 638 538 884 769 8 0.0597 312 597 558 836 7 0.0596 378 658 634 912 8 0.0595 376 789 616 1023 0 0.0592 433 713 691 968 8 0.0592 315 460 556 703 8 0.0590 432 659 690 912 7 0.0584 313 594 573 838 5 0.0581 370 653 628 906 5 0.0576 497 716 754 967 11 0.0575 372 211 637 450 7 0.0569 242 794 503 1023 0 0.0567 375 787 624 1023 11 0.0564 372 467 627 706 3 0.0564 381 338 640 582 10 0.0563 637 539 889 768 8 0.0560 374 211 626 450 11 0.0560 306 792 551 1023 6 0.0558 307 793 558 1023 6 0.0556 376 659 633 907 5 0.0556 308 590 565 833 0 0.0554 638 538 891 772 7 0.0553 316 459 567 704 11 0.0551 380 343 639 575 11 0.0550 501 728 760 967 8 0.0549 381 340 632 573 6 0.0547 317 597 572 836 3 0.0545 439 788 685 1023 3 0.0545 326 216 581 462 5 0.0545 630 532 887 768 3 0.0543 438 660 695 916 0 0.0540 321 215 583 458 7 0.0538 640 533 893 770 7 0.0537 386 341 646 575 5 0.0537 305 459 558 701 13 0.0536 379 657 635 905 3 0.0535 5 470 248 716 6 0.0535 57 415 328 652 11 0.0534 51 418 330 649 5 0.0534 369 207 628 446 0 0.0533 381 337 639 577 3 0.0533 645 536 892 776 8 0.0531 504 721 752 969 10 0.0528 306 794 552 1023 6 0.0528 640 536 896 771 13 0.0528 315 463 570 706 2 0.0528 373 474 629 710 6 0.0528 373 467 635 707 10 0.0528 373 661 634 906 10 0.0527 310 598 564 837 13 0.0527 445 783 693 1018 0 0.0526 240 791 499 1023 9 0.0525 299 794 553 1020 5 0.0523 46 409 321 649 0 0.0523 573 725 839 966 3 0.0522 315 596 564 840 3 0.0522 372 138 625 384 13 0.0520 311 788 561 1023 9 0.0519 370 657 631 901 13 0.0518 1 420 267 657 7 0.0518 325 218 586 455 2 0.0518 375 794 622 1022 13 0.0517 384 342 643 577 13 0.0517 316 592 572 835 6 0.0515 384 340 647 575 2 0.0515 434 719 690 963 3 0.0514 374 467 631 714 13 0.0511 377 211 638 451 10 0.0508 312 465 565 704 3 0.0507 305 793 554 1023 11 0.0506 302 139 577 381 13 0.0504 639 535 898 770 8 0.0504 241 794 489 1023 0 0.0503 0 423 257 659
EKKsPJSosXVzjS2iXv9eZQUhA30EjgRz,0 0.0651 244 595 509 843 0 0.0644 311 664 574 912 8 0.0622 313 664 571 909 11 0.0603 137 613 504 787 10 0.0597 142 617 507 785 13 0.0590 205 675 548 860 5 0.0587 133 612 498 787 11 0.0582 308 665 576 903 6 0.0581 138 676 502 857 8 0.0580 140 612 497 788 5 0.0580 196 672 538 854 3 0.0566 246 600 509 845 10 0.0564 197 678 547 853 3 0.0560 318 665 577 914 13 0.0558 145 612 508 792 7 0.0556 314 664 578 910 2 0.0555 144 615 504 790 6 0.0549 315 662 578 905 7 0.0547 138 614 504 789 2 0.0542 202 675 551 856 12 0.0534 147 614 502 790 10 0.0515 367 677 637 895 1 0.0512 193 671 547 857 12 0.0504 204 675 545 855
1fAxTpFnQUKuv9AQxF9RHOtmIei12JF0,5 0.0596 305 280 561 501 0 0.0586 253 274 498 503 8 0.0576 338 217 568 438 13 0.0551 315 284 572 507 5 0.0546 438 0 693 228 13 0.0542 433 658 702 883 11 0.0540 248 274 501 495 10 0.0537 314 288 567 502 0 0.0527 336 210 575 443 11 0.0523 329 215 581 437 5 0.0520 422 652 690 884 6 0.0516 395 139 651 365 7 0.0515 312 283 568 505 6 0.0514 253 274 502 497 6 0.0510 437 657 702 881 8 0.0507 429 654 685 880 3 0.0506 316 284 563 509 6 0.0506 338 214 579 439 11 0.0503 427 662 697 881 0 0.0502 430 656 695 884 13 0.0502 400 134 662 364
XLjRBPKUrmNoTbTJTPtgI6TpxLTRsxOP,11 0.0662 179 591 437 828 8 0.0650 125 588 369 834 7 0.0644 185 586 441 830 5 0.0638 123 586 366 833 8 0.0638 248 592 499 834 11 0.0636 495 605 751 837 11 0.0632 233 659 498 895 5 0.0630 242 588 497 830 0 0.0627 124 588 372 835 6 0.0623 124 590 375 835 7 0.0621 242 654 501 898 8 0.0614 496 602 746 841 13 0.0603 127 590 377 836 6 0.0601 244 592 505 833 10 0.0601 124 592 372 831 0 0.0600 248 592 503 835 0 0.0600 492 605 752 843 5 0.0588 493 601 742 839 10 0.0587 244 595 503 830 6 0.0581 496 604 754 841 2 0.0580 125 592 372 836 3 0.0580 127 588 371 838 2 0.0572 244 594 502 835 11 0.0569 568 550 833 782 3 0.0568 181 651 438 902 13 0.0567 247 592 507 837 10 0.0564 175 653 437 897 3 0.0563 248 592 504 838 0 0.0556 564 549 833 790 7 0.0551 496 600 754 842 2 0.0547 495 608 751 838 9 0.0545 180 591 436 827 13 0.0536 500 605 755 841 1 0.0535 122 587 371 832 3 0.0535 498 603 751 843 4 0.0533 126 590 373 836 12 0.0522 126 591 369 835 10 0.0520 494 606 749 839 12 0.0517 245 592 500 835 8 0.0511 565 546 822 787 1 0.0509 244 588 502 834 8 0.0503 635 631 881 855 4 0.0502 245 595 506 834
yC0TKqKYs7mXXslMU57DQ8eTujALtss0,7 0.0594 339 671 714 851 5 0.0588 271 672 628 854 6 0.0585 340 672 705 851 8 0.0567 334 672 693 849 11 0.0554 334 671 703 849 0 0.0550 276 677 635 856 10 0.0550 272 679 637 853 11 0.0544 175 337 439 577 3 0.0540 342 673 697 854 7 0.0531 185 209 444 445 8 0.0528 181 209 427 443 13 0.0525 309 536 594 776 6 0.0522 315 588 572 826 11 0.0521 638 662 887 897 11 0.0514 647 461 887 697 13 0.0513 341 672 717 850 10 0.0511 350 607 704 789 0 0.0507 182 210 434 445
xNKLf7IvdPkQ7iBp8H1O2ladEAC3REmA,5 0.0548 0 800 236 1013 0 0.0503 0 801 237 1018 7 0.0501 305 667 587 901
mB07SZpzLzY1RhEeuqrmHTY7hZXqYUiC,5 0.0665 185 715 427 950 7 0.0621 192 717 433 954 0 0.0619 190 716 432 956 10 0.0615 185 722 431 955 8 0.0615 190 717 429 953 11 0.0610 184 716 432 950 6 0.0599 129 724 378 948 6 0.0587 251 724 497 958 0 0.0582 581 786 825 1014 3 0.0561 130 720 373 958 11 0.0554 585 787 822 1006 13 0.0553 251 722 501 960 5 0.0552 581 784 818 1006 7 0.0548 591 782 830 1011 8 0.0539 586 783 818 1012 2 0.0536 189 722 431 954 12 0.0526 127 718 375 952 9 0.0518 185 716 431 950 1 0.0515 187 711 431 952 3 0.0513 253 719 495 962 11 0.0507 571 671 820 880 13 0.0507 127 721 380 952
Y2GNfzgPKVtynesv03F5v6zfrqrAvCfm,11 0.0664 309 583 566 841 5 0.0638 237 437 496 695 8 0.0612 250 589 506 844 8 0.0603 249 444 495 694 7 0.0602 253 519 512 773 6 0.0599 255 518 516 772 6 0.0591 371 593 644 835 8 0.0589 323 525 568 773 0 0.0587 310 583 564 844 8 0.0578 185 521 430 778 5 0.0578 314 519 570 771 5 0.0577 243 583 506 842 6 0.0574 321 460 577 707 3 0.0573 252 522 508 775 11 0.0563 313 464 576 705 13 0.0561 255 590 518 841 13 0.0556 248 443 508 699 8 0.0555 303 660 563 912 6 0.0548 310 658 577 912 13 0.0546 321 525 580 774 3 0.0545 318 411 572 657 6 0.0544 440 523 697 768 8 0.0543 435 591 681 831 11 0.0541 174 464 437 709 2 0.0536 254 591 510 843 5 0.0536 179 518 436 769 0 0.0534 318 460 575 710 10 0.0530 252 403 507 637 10 0.0530 251 526 513 770 7 0.0530 182 461 435 708 10 0.0528 175 476 430 703 3 0.0527 311 590 567 848 5 0.0526 428 652 691 891 5 0.0524 373 275 628 506 0 0.0523 492 600 755 822 1 0.0522 251 515 508 772 11 0.0521 428 663 697 892 0 0.0517 431 661 699 897 11 0.0516 249 400 508 640 2 0.0514 186 524 441 777 9 0.0514 263 615 641 790 10 0.0513 432 592 693 827 7 0.0513 346 609 702 798 6 0.0511 438 658 704 893 13 0.0509 311 661 576 909 0 0.0507 179 463 435 712 7 0.0506 318 457 576 710 0 0.0505 253 398 509 644
vdcKdBRBv0Zx0f0SAlhkyvJVVNJqOhaT,11 0.0592 384 208 639 442 3 0.0578 393 201 640 445 11 0.0552 319 144 578 375 5 0.0549 378 129 632 369 13 0.0548 329 138 585 376 7 0.0546 392 203 641 445 10 0.0543 387 208 643 440 0 0.0542 501 279 745 495 8 0.0535 326 142 571 374 0 0.0531 382 134 637 370 3 0.0530 329 140 576 378 8 0.0527 437 147 681 369 8 0.0512 354 288 696 470 5 0.0512 317 272 577 502 7 0.0512 326 272 579 505 13 0.0509 392 203 645 445 13 0.0507 251 193 506 431 7 0.0507 329 139 579 375 6 0.0504 388 132 638 369 0 0.0503 323 204 579 439 11 0.0503 321 393 589 638 0 0.0502 558 334 822 553 3 0.0501 324 274 579 510
02fQeJYiEhOeebwkwE8wsD0FPyz8EWHD,0 0.0650 0 0 258 207 0 0.0637 0 99 247 327 8 0.0620 0 158 249 399 6 0.0618 2 0 261 203 11 0.0608 0 99 253 324 11 0.0587 0 1 263 201 5 0.0579 0 96 243 325 6 0.0574 3 99 252 326 5 0.0573 0 0 251 201 13 0.0560 3 2 267 206 13 0.0558 1 98 253 325 8 0.0556 2 0 253 202 11 0.0550 755 10 1011 235 8 0.0545 759 4 1005 234 3 0.0543 0 0 259 208 3 0.0542 4 97 247 333 7 0.0540 1 0 259 203 10 0.0537 0 101 247 325 11 0.0537 451 383 725 608 11 0.0537 58 156 329 395 0 0.0531 55 157 323 399 11 0.0528 311 590 597 827 10 0.0528 0 4 260 204 1 0.0527 0 0 256 204 8 0.0527 121 154 378 392 7 0.0527 0 94 250 326 5 0.0526 751 3 1009 238 2 0.0520 1 4 260 205 10 0.0515 54 156 323 391 0 0.0513 756 7 1010 240 2 0.0510 0 102 248 326 1 0.0510 0 92 247 327 0 0.0508 321 651 589 894 6 0.0508 62 156 327 398 13 0.0503 61 157 334 399 11 0.0501 304 395 583 622 6 0.0501 759 9 1017 236
TA4nMfCmL76ILoeKZr2BMUP0Xo33leIo,5 0.0636 289 389 556 637 6 0.0609 315 652 577 893 5 0.0599 304 501 563 758 5 0.0590 306 649 565 890 0 0.0588 369 650 632 895 5 0.0576 359 718 628 960 13 0.0571 316 656 578 899 11 0.0565 315 578 576 822 7 0.0564 318 576 576 826 8 0.0562 313 650 564 892 13 0.0557 340 613 689 807 5 0.0556 327 611 676 805 0 0.0550 635 392 885 616 7 0.0549 236 461 496 713 0 0.0545 442 592 702 829 8 0.0543 335 610 668 806 13 0.0542 315 510 573 759 0 0.0541 304 712 572 964 8 0.0540 439 655 688 888 10 0.0540 309 655 569 887 5 0.0540 244 583 509 829 11 0.0536 242 655 506 895 8 0.0532 316 507 560 762 10 0.0531 334 615 685 803 0 0.0530 319 574 576 827 5 0.0529 434 512 704 764 8 0.0526 372 717 626 964 8 0.0525 443 517 697 767 3 0.0521 333 669 700 858 5 0.0519 234 718 500 954 8 0.0517 550 526 813 769 6 0.0517 572 389 837 632 8 0.0516 236 463 482 715 13 0.0515 374 723 641 967 6 0.0515 339 612 692 806 7 0.0514 298 398 558 640 0 0.0514 238 521 491 777 11 0.0514 300 722 569 957 13 0.0513 248 725 515 963 7 0.0513 448 590 708 824 3 0.0512 418 603 760 804 7 0.0512 373 722 639 966 8 0.0512 300 402 540 638 0 0.0509 438 717 694 969 6 0.0506 238 463 493 716 11 0.0505 230 463 494 715 6 0.0504 437 441 703 705
FcitoGuI0uWfIx6aVJDuabFIo7mJos5y,8 0.0651 321 146 574 381 0 0.0622 378 87 639 323 11 0.0621 261 148 522 381 11 0.0617 377 156 637 392 5 0.0612 372 77 635 322 0 0.0602 399 462 657 697 7 0.0598 383 153 640 399 13 0.0598 382 155 645 393 11 0.0597 326 527 575 764 6 0.0591 324 149 584 382 11 0.0590 398 461 652 687 13 0.0584 312 97 580 324 6 0.0584 399 463 655 696 8 0.0578 397 460 647 692 11 0.0576 221 473 494 718 13 0.0574 238 476 504 718 7 0.0573 327 525 582 767 8 0.0572 446 0 696 201 5 0.0568 226 465 494 716 5 0.0564 312 205 576 440 11 0.0563 437 81 705 318 8 0.0562 327 526 571 764 13 0.0554 403 462 658 693 5 0.0553 323 519 577 766 3 0.0553 382 84 642 328 5 0.0551 397 455 650 693 11 0.0551 439 1 700 195 8 0.0550 226 475 487 717 0 0.0549 446 4 701 200 7 0.0548 399 458 658 691 10 0.0540 377 90 641 319 6 0.0539 177 398 449 651 3 0.0532 400 462 652 698 7 0.0529 174 393 452 649 7 0.0526 269 152 527 383 10 0.0525 227 486 496 717 10 0.0525 315 153 578 379 13 0.0524 334 529 587 767 7 0.0522 446 0 703 201 2 0.0520 380 157 634 393 5 0.0519 439 0 697 195 0 0.0519 173 400 452 652 3 0.0519 322 209 580 447 6 0.0514 329 528 584 768 8 0.0514 519 650 753 892 0 0.0508 503 86 751 319 0 0.0507 323 527 585 770 3 0.0505 229 475 495 725 3 0.0502 326 529 577 770 1 0.0502 305 88 567 322 1 0.0502 225 470 495 718
QULnSYUBSNyNh3O91ECyvzXnIucKtsiF,0 0.0547 302 326 568 563 11 0.0538 300 327 569 560 11 0.0536 686 276 948 520 0 0.0535 371 525 636 782 7 0.0517 426 332 703 557 5 0.0512 420 328 698 553 7 0.0502 307 323 572 559 5 0.0501 360 522 636 775
E9GNSrmnuCo4e6Ki7gYH8XZrieywGoca,0 0.0523 378 590 631 834 11 0.0508 377 677 636 898
dsZAFFVqaMixPlvX9LXjqRXMsTjd5U3E,8 0.0579 316 0 555 202 8 0.0549 141 0 485 148 7 0.0543 315 0 569 202 11 0.0538 174 673 438 905 3 0.0531 315 1 563 208 5 0.0524 362 0 630 228 5 0.0523 130 0 492 146 11 0.0519 308 1 564 199 13 0.0519 138 0 510 152 5 0.0509 479 676 830 861 5 0.0502 434 79 702 304 6 0.0501 496 684 846 863
nF6tpXlxY7P5nMyU11bIGk9taIoTEWaT,0 0.0644 504 205 758 440 11 0.0629 503 208 758 438 11 0.0629 574 144 841 377 8 0.0624 504 205 751 438 8 0.0618 383 273 634 502 0 0.0609 571 144 842 377 8 0.0606 573 144 836 376 11 0.0592 381 144 642 379 5 0.0588 375 268 637 505 11 0.0585 379 272 642 506 13 0.0585 382 274 643 507 11 0.0583 628 295 881 509 8 0.0582 572 278 815 501 5 0.0581 500 199 755 439 6 0.0581 506 136 771 370 7 0.0581 574 140 842 376 0 0.0578 572 280 822 502 5 0.0578 568 138 840 375 10 0.0574 499 140 770 372 5 0.0573 566 274 819 500 13 0.0572 385 143 645 377 7 0.0571 506 205 759 438 3 0.0569 386 274 639 511 10 0.0568 574 215 830 438 3 0.0567 507 208 757 443 2 0.0565 383 279 639 507 8 0.0565 380 143 635 375 0 0.0563 381 141 637 379 0 0.0562 380 273 640 507 3 0.0558 577 144 841 381 5 0.0556 372 133 636 377 6 0.0555 581 212 834 438 5 0.0554 233 794 497 1017 7 0.0553 572 276 825 500 6 0.0550 385 142 641 377 7 0.0548 384 274 642 506 3 0.0547 574 279 821 508 10 0.0545 381 275 643 506 2 0.0545 503 212 757 438 13 0.0545 505 206 762 437 5 0.0542 767 150 1007 383 0 0.0541 441 345 697 579 8 0.0541 189 780 447 1010 6 0.0535 633 297 884 507 13 0.0532 445 343 702 579 11 0.0532 444 345 700 577 3 0.0531 387 142 639 384 8 0.0529 446 342 689 576 0 0.0528 237 801 502 1023 10 0.0526 378 145 641 379 3 0.0525 247 799 498 1023 7 0.0522 268 221 647 407 13 0.0516 578 142 848 378 6 0.0515 386 273 644 508 13 0.0512 574 278 829 499 2 0.0511 444 350 698 578 9 0.0508 573 211 832 432 5 0.0502 625 352 879 570 3 0.0502 448 344 698 585
BNMVLPRDWDCmGHPY3oDS2iZ5MI2W0wBL,5 0.0629 178 649 429 895 7 0.0621 184 651 436 897 8 0.0620 183 646 428 898 0 0.0619 183 649 438 902 11 0.0598 237 661 500 901 11 0.0571 0 138 245 387 10 0.0570 178 652 434 894 6 0.0556 181 653 438 898 8 0.0540 0 139 236 392 3 0.0539 182 650 435 903 5 0.0515 0 138 239 392 11 0.0506 108 276 381 490 0 0.0502 0 145 246 395
lBdhNHNxuriqBIVpqYMWUoWNJ9Ch9hnR,11 0.0609 444 348 700 554 8 0.0593 253 2 498 200 8 0.0583 245 462 482 710 8 0.0581 450 348 695 560 7 0.0579 251 462 493 709 11 0.0575 243 469 491 710 13 0.0575 251 0 509 199 5 0.0573 314 7 582 255 5 0.0571 443 341 696 556 0 0.0569 251 0 505 199 5 0.0569 240 463 488 706 5 0.0569 448 0 798 152 11 0.0565 444 458 708 685 6 0.0563 323 14 591 259 0 0.0561 459 0 796 153 11 0.0558 449 2 796 152 0 0.0555 503 293 750 512 7 0.0544 525 0 877 150 8 0.0544 458 0 789 152 5 0.0543 502 167 755 389 6 0.0543 247 468 493 710 7 0.0542 749 0 1015 202 5 0.0541 431 83 693 304 11 0.0541 249 3 504 198 3 0.0534 456 350 698 567 3 0.0534 459 0 796 158 6 0.0533 524 0 872 150 3 0.0533 318 77 578 327 5 0.0532 742 0 1009 199 8 0.0531 452 461 704 687 7 0.0531 251 0 510 201 10 0.0530 246 474 495 710 7 0.0529 449 345 702 560 0 0.0527 569 155 837 378 3 0.0524 455 458 708 700 3 0.0522 256 2 507 204 11 0.0521 306 80 577 317 3 0.0519 245 472 489 718 10 0.0518 252 6 504 199 6 0.0517 750 0 1017 199 11 0.0514 370 593 632 827 10 0.0510 314 83 580 320 6 0.0508 449 405 715 629 3 0.0507 747 1 1016 208 3 0.0506 445 90 694 317 13 0.0504 504 292 761 510 7 0.0504 453 453 716 690 8 0.0504 746 0 1004 199 11 0.0502 433 87 699 304 11 0.0501 740 3 1012 199 13 0.0501 461 0 807 152
VgkJWjwZY9p62B9PHTGIpvefQf8uLdfT,8 0.0581 244 319 506 565 11 0.0560 238 322 516 562 13 0.0556 307 328 579 566 5 0.0532 163 330 434 577 0 0.0528 630 616 880 851 3 0.0527 307 331 574 567 7 0.0525 242 320 519 566 7 0.0521 579 599 818 833 11 0.0521 570 599 816 831 13 0.0521 168 339 445 583 13 0.0517 252 257 523 496 13 0.0512 243 393 520 652 0 0.0507 252 288 597 472 8 0.0504 292 398 558 635 10 0.0504 305 336 572 561
k2YyncvSfXjgn5kVMaHE0AYQjTORD2r2,8 0.0634 309 402 552 641 5 0.0629 413 24 769 209 8 0.0603 419 26 764 212 5 0.0603 241 332 508 577 11 0.0602 295 341 566 577 13 0.0593 311 402 564 643 6 0.0588 301 338 569 579 5 0.0588 237 443 487 695 8 0.0582 246 337 502 579 3 0.0582 299 339 566 580 3 0.0581 428 27 770 215 0 0.0576 308 397 558 643 8 0.0572 239 450 486 695 3 0.0572 327 2 584 269 0 0.0569 417 27 777 213 11 0.0566 417 25 775 210 5 0.0555 370 130 641 370 7 0.0553 423 25 781 210 0 0.0552 318 1 584 270 7 0.0547 308 400 562 644 5 0.0545 302 195 567 436 10 0.0541 297 342 565 577 11 0.0541 299 460 556 696 3 0.0538 305 455 555 701 6 0.0538 240 453 490 698 13 0.0537 327 0 586 267 0 0.0536 242 452 489 696 6 0.0535 422 25 779 210 11 0.0531 319 5 586 263 8 0.0530 324 2 576 263 6 0.0529 387 67 658 306 0 0.0520 306 203 574 445 2 0.0519 306 404 555 642 5 0.0518 313 0 578 261 2 0.0517 421 31 774 211 9 0.0517 304 404 561 637 13 0.0517 422 25 778 212 6 0.0517 309 203 574 443 12 0.0514 301 339 570 579 1 0.0514 302 399 558 641 5 0.0510 469 89 828 272 3 0.0508 318 134 579 376 11 0.0506 302 204 571 436 10 0.0500 237 457 491 697
TrIdU8RDYAgoGb9NMp98LbhMbCu9vCbU,7 0.0583 191 657 439 897 8 0.0570 189 657 430 896 11 0.0568 182 658 436 892 5 0.0562 184 653 432 893 10 0.0562 184 662 438 892 0 0.0557 189 656 438 899 11 0.0554 166 398 432 634 7 0.0553 237 391 505 633 0 0.0551 245 590 496 831 8 0.0547 238 392 491 626 11 0.0547 376 334 630 557 0 0.0546 225 464 494 708 11 0.0543 301 465 562 704 8 0.0542 235 527 485 766 0 0.0538 173 399 435 632 10 0.0537 241 594 494 825 3 0.0536 190 656 436 903 13 0.0532 191 657 441 900 7 0.0531 236 524 501 767 11 0.0530 21 369 411 535 11 0.0527 240 591 493 824 5 0.0526 168 389 437 631 5 0.0523 221 461 490 703 0 0.0520 376 334 627 566 5 0.0516 238 586 491 823 6 0.0516 188 657 438 899 8 0.0514 304 461 553 703 3 0.0512 179 399 431 639 8 0.0511 320 325 552 551 7 0.0511 301 458 569 702 8 0.0509 313 597 553 842 0 0.0503 135 351 498 525 7 0.0500 144 348 508 524
LygRDKBYG0qIy0wvOGcA4YNHwFdXBkT8,7 0.0594 365 453 638 698 7 0.0593 445 335 697 573 11 0.0587 371 337 631 583 8 0.0581 366 458 625 696 6 0.0570 445 337 696 575 11 0.0565 363 458 633 698 5 0.0560 435 329 689 574 3 0.0548 444 337 691 582 6 0.0542 379 277 633 519 8 0.0531 375 335 622 578 0 0.0530 252 331 507 569 9 0.0524 438 337 691 569 13 0.0522 381 338 636 584 11 0.0516 253 337 511 564 13 0.0515 369 458 643 698 3 0.0515 382 273 628 525 5 0.0513 363 449 631 693 6 0.0511 364 457 640 699 11 0.0509 624 397 890 623 3 0.0508 320 391 581 643 13 0.0507 261 332 516 570 8 0.0507 435 282 677 509 2 0.0504 362 462 633 700
Yq1MWUb7kY7GLMnjXIpvmbN9VjboyX3n,7 0.0581 516 532 767 780 11 0.0575 507 534 760 774 5 0.0574 504 531 760 778 8 0.0567 568 718 802 962 7 0.0566 513 659 768 902 8 0.0566 510 533 754 779 0 0.0562 624 600 877 819 3 0.0555 514 537 759 785 5 0.0544 373 445 632 697 0 0.0540 312 584 581 835 0 0.0538 385 524 633 766 11 0.0537 391 584 646 819 11 0.0537 622 731 876 957 7 0.0534 384 452 641 701 6 0.0532 510 537 763 781 0 0.0531 509 539 759 780 11 0.0530 625 416 919 638 13 0.0524 520 603 770 841 0 0.0523 247 528 495 769 11 0.0521 627 1 885 218 13 0.0520 308 451 579 691 5 0.0519 304 387 569 626 6 0.0519 382 451 638 699 11 0.0518 378 452 637 694 8 0.0517 624 591 866 815 5 0.0513 378 638 642 884 8 0.0513 312 581 573 834 10 0.0513 393 585 647 820 8 0.0513 632 0 869 221 6 0.0508 625 598 881 816 7 0.0507 318 583 589 835 10 0.0507 378 457 637 699 10 0.0507 510 541 761 778 5 0.0506 619 590 872 816 13 0.0506 386 382 653 638 3 0.0506 397 578 641 827 0 0.0503 383 5 655 254 5 0.0501 570 779 809 1010
pvxssoNSk5Vx1vOvKX5CWAfQbQGfbvQv,11 0.0597 566 345 831 577 11 0.0590 587 211 841 446 5 0.0586 585 202 840 451 6 0.0579 654 208 904 452 11 0.0578 311 64 573 299 5 0.0571 241 263 509 499 8 0.0566 250 402 494 646 5 0.0565 300 192 574 427 11 0.0564 697 279 951 512 5 0.0563 248 397 499 643 5 0.0557 443 128 695 366 6 0.0556 589 140 834 375 11 0.0552 245 400 505 642 7 0.0551 650 206 902 448 3 0.0550 585 144 828 384 7 0.0547 306 124 584 365 0 0.0547 383 71 637 312 7 0.0542 587 137 835 371 8 0.0541 582 144 819 377 7 0.0540 368 413 726 590 11 0.0538 300 198 581 431 5 0.0538 701 201 959 447 5 0.0535 312 53 568 304 3 0.0534 646 210 898 458 11 0.0534 438 136 700 365 0 0.0531 587 208 844 455 8 0.0530 303 201 568 430 10 0.0529 249 341 506 573 8 0.0528 443 136 691 364 3 0.0528 304 198 581 438 8 0.0528 194 333 431 576 7 0.0527 249 398 500 648 5 0.0527 191 328 437 564 13 0.0524 387 68 645 311 6 0.0523 386 70 638 311 7 0.0521 449 135 701 368 8 0.0521 645 208 888 451 10 0.0519 384 76 637 309 0 0.0519 443 133 699 369 7 0.0518 572 346 838 581 11 0.0518 240 266 516 501 8 0.0517 242 271 500 503 0 0.0516 508 343 764 585 5 0.0515 562 340 829 579 8 0.0515 569 344 828 582 8 0.0515 313 68 565 300 7 0.0514 196 332 436 569 6 0.0512 448 136 706 365 0 0.0511 707 206 959 452 0 0.0509 250 399 501 647 3 0.0508 445 136 699 375 3 0.0507 318 63 575 313 11 0.0505 355 413 724 590 13 0.0504 253 403 508 652 8 0.0504 494 391 742 624 11 0.0502 192 336 440 566 5 0.0501 235 125 503 371 3 0.0500 252 340 506 579
EQfps4UxYT3PKtfqn3kiWhaOGABQ5Qyd,11 0.0608 365 386 624 625 5 0.0592 301 377 556 632 0 0.0589 309 384 560 640 0 0.0558 241 528 505 760 7 0.0557 248 468 504 718 11 0.0550 239 396 500 646 11 0.0543 301 667 563 892 10 0.0541 306 391 559 636 7 0.0536 164 533 433 764 7 0.0535 307 384 564 639 8 0.0533 307 385 556 633 6 0.0531 310 385 566 635 8 0.0531 248 470 494 713 2 0.0525 308 390 560 637 3 0.0522 310 385 561 640 11 0.0522 159 537 429 755 10 0.0520 251 477 498 713 11 0.0508 254 287 503 519 5 0.0508 244 462 498 710 2 0.0504 240 539 505 760 9 0.0504 302 386 554 627 6 0.0503 255 473 504 713 3 0.0501 251 473 497 722
4DPQR8t9UV8uYZmVd2LGzg554YQ6DHKT,8 0.0623 560 454 813 703 7 0.0607 510 344 753 580 11 0.0607 245 395 508 636 0 0.0606 506 351 749 579 8 0.0599 509 342 745 579 5 0.0598 171 470 438 706 11 0.0594 247 132 514 370 5 0.0582 241 394 509 633 7 0.0572 336 79 578 320 11 0.0571 184 264 441 508 8 0.0569 176 474 431 709 6 0.0566 479 422 831 593 11 0.0566 507 346 753 577 11 0.0558 380 408 637 636 0 0.0557 238 533 496 778 11 0.0557 325 84 582 312 8 0.0556 435 398 684 624 5 0.0556 630 332 887 565 5 0.0555 375 412 730 590 7 0.0555 251 396 512 635 5 0.0551 320 143 575 389 0 0.0551 302 722 552 964 11 0.0548 635 412 887 636 3 0.0548 512 346 750 584 7 0.0547 385 406 642 643 0 0.0547 247 134 507 375 11 0.0546 556 456 818 702 8 0.0546 641 408 878 633 11 0.0544 229 531 493 775 6 0.0541 640 411 894 636 8 0.0539 249 397 498 638 7 0.0539 561 453 821 703 6 0.0538 261 67 509 312 7 0.0538 191 261 443 511 6 0.0537 199 146 449 389 8 0.0535 238 533 486 776 7 0.0532 256 130 511 376 13 0.0528 191 265 449 516 13 0.0528 332 83 585 318 13 0.0527 253 400 516 640 7 0.0526 638 407 891 640 0 0.0525 555 458 818 706 6 0.0523 241 533 495 779 2 0.0523 385 420 738 592 0 0.0521 309 0 562 199 13 0.0520 178 473 444 714 8 0.0519 325 148 571 390 7 0.0517 237 532 496 781 6 0.0517 195 262 448 513 3 0.0516 250 399 510 641 6 0.0515 254 396 515 636 5 0.0515 308 8 567 246 3 0.0512 318 18 573 258 0 0.0511 246 397 513 635 2 0.0510 237 538 495 777 0 0.0508 363 527 620 778 0 0.0505 330 80 572 316 3 0.0502 179 476 439 716
vjtiTrv5XDEtRzwgoOUnTFo8AccC3fB8,0 0.0593 191 339 432 583 7 0.0578 443 276 709 520 0 0.0572 190 463 437 719 0 0.0571 448 89 699 331 3 0.0571 443 278 704 527 7 0.0568 244 283 500 523 13 0.0565 371 142 633 377 11 0.0563 366 141 624 377 8 0.0563 188 464 430 717 5 0.0559 433 271 700 519 13 0.0557 377 279 635 518 3 0.0551 443 0 697 208 11 0.0550 242 291 504 522 8 0.0549 361 143 615 377 8 0.0549 435 281 695 519 8 0.0543 191 339 429 580 11 0.0540 231 424 504 653 10 0.0538 186 347 436 578 11 0.0536 441 279 706 520 8 0.0535 440 0 690 201 7 0.0532 311 348 572 585 8 0.0532 245 281 493 518 13 0.0531 246 284 507 522 5 0.0530 430 0 693 201 8 0.0529 299 221 566 453 10 0.0528 371 93 628 331 3 0.0526 455 87 698 334 7 0.0525 193 465 437 718 2 0.0521 439 283 703 518 8 0.0521 447 86 691 328 6 0.0520 441 280 708 520 6 0.0520 245 283 500 521 11 0.0520 304 353 571 584 0 0.0519 362 142 626 380 0 0.0518 436 1 696 203 10 0.0516 243 288 505 519 0 0.0516 309 349 568 585 5 0.0515 442 84 696 327 11 0.0512 297 223 579 454 0 0.0510 435 281 705 521 6 0.0507 454 88 701 328 5 0.0506 291 211 574 451 7 0.0505 455 85 703 329 6 0.0505 441 0 699 201 11 0.0505 435 3 701 199 6 0.0502 234 418 500 653 11 0.0501 450 87 701 324
SuFd1pvk24hATe3KLRBMfC4BQVFRw2Sx,14 1.0 0 0 1 1
xYHQyH5FAXGYs4YzPtMEgdosReMcKFMV,11 0.0569 433 794 684 1016 11 0.0560 312 21 570 257 5 0.0554 310 14 566 259 3 0.0553 321 19 570 264 13 0.0540 388 10 641 254 7 0.0537 254 0 513 192 11 0.0537 244 244 513 497 8 0.0524 609 821 864 1023 8 0.0523 318 20 560 258 0 0.0516 315 21 570 261 11 0.0516 554 808 816 1015 6 0.0514 187 382 432 625 0 0.0513 182 383 433 628 7 0.0505 190 377 437 621 8 0.0504 182 380 422 627 11 0.0501 421 664 697 902 10 0.0500 315 27 572 259
HC70YHrkqQyg8Nip8FzzVgGPF115jyA0,7 0.0647 251 596 507 839 11 0.0646 566 662 836 891 11 0.0630 313 720 573 960 0 0.0628 253 595 504 842 8 0.0626 311 647 564 890 7 0.0624 256 708 512 957 11 0.0621 310 596 572 835 8 0.0619 566 657 826 898 5 0.0619 305 644 566 891 8 0.0616 248 535 499 772 0 0.0612 256 706 506 957 0 0.0611 184 650 437 895 0 0.0608 563 659 835 898 11 0.0603 248 652 501 892 13 0.0600 255 649 507 895 7 0.0590 183 653 441 893 8 0.0589 185 651 431 890 6 0.0583 245 542 511 774 8 0.0579 508 583 755 835 7 0.0579 570 657 837 899 6 0.0576 512 589 767 834 11 0.0573 512 588 766 833 10 0.0570 246 654 501 893 6 0.0570 568 661 837 897 3 0.0570 309 648 570 896 13 0.0569 572 660 838 899 0 0.0569 246 471 500 717 10 0.0566 564 663 831 896 7 0.0565 515 584 767 836 6 0.0565 251 650 504 894 6 0.0562 314 594 576 836 2 0.0557 567 662 835 895 5 0.0556 563 657 830 896 13 0.0551 321 716 577 965 10 0.0549 313 597 575 839 11 0.0549 246 541 505 774 5 0.0549 179 649 429 888 5 0.0543 507 585 759 833 7 0.0543 245 473 509 712 0 0.0541 509 588 766 836 10 0.0541 509 589 760 835 13 0.0536 247 537 513 777 13 0.0536 513 586 771 839 11 0.0535 434 467 689 694 6 0.0533 318 718 573 962 2 0.0530 514 591 762 833 2 0.0528 311 599 573 838 2 0.0523 249 655 499 897 1 0.0522 247 646 500 892 3 0.0520 569 657 834 898 10 0.0520 314 722 571 960 1 0.0517 564 654 832 897 3 0.0516 513 586 760 840 10 0.0513 244 544 508 776 9 0.0512 309 595 572 834 2 0.0511 245 543 506 780 5 0.0509 243 469 502 707 8 0.0502 437 465 678 697
z3BV9qPkjjIMBa8GW9TKV6SPLuevusiw,0 0.0613 376 679 636 910 11 0.0598 376 683 636 905 8 0.0583 252 678 495 909 5 0.0575 249 461 509 703 11 0.0574 309 600 576 837 11 0.0570 363 471 634 698 0 0.0566 371 541 630 777 5 0.0555 242 677 493 906 0 0.0554 242 539 501 774 8 0.0554 119 455 363 714 11 0.0554 247 684 502 905 8 0.0551 259 465 502 703 5 0.0549 294 534 568 771 3 0.0546 382 678 634 915 0 0.0542 250 679 500 913 11 0.0541 179 799 430 1011 11 0.0538 250 407 508 637 8 0.0536 364 468 622 701 0 0.0529 253 404 506 641 0 0.0525 128 337 389 577 8 0.0522 185 789 420 1011 10 0.0520 252 468 512 704 11 0.0520 236 540 498 771 13 0.0519 218 482 591 664 6 0.0518 258 404 510 639 5 0.0518 117 451 368 709 8 0.0518 378 680 627 908 6 0.0515 249 679 509 909 10 0.0514 360 472 632 699 3 0.0514 258 467 514 711 5 0.0514 179 785 423 1010 11 0.0513 182 465 441 706 10 0.0513 302 544 571 776 3 0.0511 367 471 635 705 11 0.0508 548 467 816 703 5 0.0508 181 327 441 558 13 0.0507 257 679 507 912 13 0.0507 121 458 381 714 0 0.0506 188 464 443 706 7 0.0506 251 680 507 909 3 0.0506 125 461 370 724 6 0.0505 185 794 429 1010 5 0.0504 355 465 626 698 13 0.0503 319 597 579 842
GuocMX2Hmuh0btCtbtSMTMR9VFAI5Luh,0 0.0600 765 146 1023 386 8 0.0583 765 145 1020 387 5 0.0574 490 813 738 1018 5 0.0572 762 141 1022 379 8 0.0548 494 810 736 1018 11 0.0539 766 152 1023 383 13 0.0539 774 143 1023 385 11 0.0531 379 800 624 1016 7 0.0531 769 146 1023 384 6 0.0524 769 144 1023 385 9 0.0523 765 149 1023 378 10 0.0518 762 148 1022 381 3 0.0508 769 147 1023 387 11 0.0505 496 812 743 1022
cchjhCwJ39KTVtYNiqNYWHvCjjvD6XaW,11 0.0609 428 787 679 1019 5 0.0580 423 781 675 1019 8 0.0572 431 781 675 1023 7 0.0565 433 783 690 1022 5 0.0551 177 377 434 623 11 0.0545 406 664 754 844 13 0.0538 434 784 689 1023 10 0.0536 427 788 680 1023 0 0.0533 429 784 683 1023 0 0.0533 406 664 757 855 6 0.0518 432 787 686 1023 3 0.0510 434 783 682 1023 8 0.0505 183 381 436 616
up5AcO7PmVGbddguvKgbC463GF7YyVjO,0 0.0683 181 203 442 445 5 0.0671 173 267 434 510 5 0.0649 251 193 503 435 6 0.0640 181 273 437 514 5 0.0628 252 331 504 586 11 0.0621 599 549 973 728 5 0.0620 378 200 637 440 8 0.0618 191 340 434 589 0 0.0617 190 343 440 592 11 0.0616 187 347 440 586 0 0.0611 600 549 971 734 11 0.0606 113 288 388 512 0 0.0605 255 138 499 380 6 0.0605 260 337 505 588 8 0.0604 388 205 635 444 0 0.0601 113 281 386 521 6 0.0597 261 202 508 437 5 0.0597 109 340 374 581 11 0.0597 179 204 442 441 0 0.0594 318 196 572 434 8 0.0591 114 281 381 520 6 0.0589 388 209 647 443 8 0.0588 378 458 620 695 6 0.0585 52 295 336 521 7 0.0582 119 344 378 581 2 0.0578 190 346 438 585 11 0.0576 312 196 573 434 7 0.0575 482 547 839 734 3 0.0574 259 339 506 591 8 0.0573 258 202 505 435 7 0.0568 181 273 436 513 3 0.0567 177 275 434 519 5 0.0564 471 543 828 734 10 0.0563 186 348 439 585 7 0.0558 317 193 580 436 7 0.0554 379 456 631 702 13 0.0543 481 550 843 733 8 0.0543 476 549 823 732 11 0.0542 370 459 626 698 6 0.0542 485 547 837 731 10 0.0541 312 479 581 707 13 0.0540 192 342 444 590 3 0.0539 320 194 571 443 13 0.0534 260 200 515 440 8 0.0533 268 468 499 713 10 0.0532 376 153 630 374 6 0.0530 376 453 629 698 11 0.0529 247 138 496 380 7 0.0529 259 337 508 589 5 0.0529 368 451 623 699 8 0.0528 425 595 679 833 6 0.0527 185 152 436 379 0 0.0525 379 458 625 703 3 0.0524 117 349 372 589 13 0.0524 269 466 509 715 10 0.0524 254 205 508 434 13 0.0524 124 220 404 453 10 0.0523 475 549 832 731 6 0.0523 265 467 504 710 10 0.0522 106 292 382 516 3 0.0519 484 550 838 736 6 0.0518 315 132 564 375 11 0.0517 258 470 502 711 5 0.0517 170 139 428 377 7 0.0517 267 466 505 715 5 0.0516 703 470 941 699 9 0.0515 370 457 626 693 5 0.0514 447 136 692 375 13 0.0514 380 458 631 698 5 0.0509 256 461 502 711 8 0.0507 179 150 426 377 9 0.0506 173 273 430 508 2 0.0504 480 553 838 732 8 0.0504 315 129 554 373 5 0.0503 361 59 618 292 13 0.0503 393 208 650 441 13 0.0502 181 150 444 380 9 0.0502 254 339 500 578 6 0.0501 711 473 950 698 1 0.0500 182 338 439 588
wME9ae0CyW8SQshKoOnkKN0zv3ZqIdPw,7 0.0637 315 453 576 690 7 0.0624 258 324 503 561 11 0.0623 249 328 504 561 11 0.0607 314 458 570 687 11 0.0592 430 536 677 771 8 0.0588 315 458 564 689 8 0.0580 310 283 553 506 3 0.0575 311 282 564 513 5 0.0570 249 321 500 559 8 0.0568 498 600 740 841 6 0.0568 436 534 684 771 0 0.0565 257 325 502 565 10 0.0563 255 330 502 562 6 0.0557 312 283 567 509 11 0.0555 496 609 747 839 8 0.0554 430 532 672 773 0 0.0554 426 533 681 774 7 0.0552 190 271 441 503 0 0.0548 495 605 745 845 7 0.0547 431 530 684 774 13 0.0543 433 533 688 773 13 0.0542 257 327 509 560 5 0.0542 492 603 736 836 5 0.0542 180 268 438 501 5 0.0537 315 522 574 759 7 0.0536 199 791 435 1023 3 0.0533 375 528 631 765 8 0.0532 187 539 431 771 6 0.0531 376 456 631 688 0 0.0528 196 793 432 1023 13 0.0528 498 606 752 844 7 0.0525 499 604 749 844 2 0.0521 258 331 499 563 8 0.0521 184 275 429 495 3 0.0520 321 459 573 694 6 0.0520 498 606 751 843 11 0.0519 194 796 432 1023 0 0.0516 310 454 573 692 6 0.0512 324 528 584 760 13 0.0511 191 542 450 771 0 0.0510 189 273 437 507 13 0.0508 373 457 633 691 5 0.0507 368 452 620 687 1 0.0506 252 319 499 560 10 0.0501 495 607 748 838
2yG44hAO35Y1BwcS09Ctvs4T1FL6WQWJ,11 0.0619 322 127 583 379 0 0.0568 373 275 638 513 11 0.0560 0 666 241 901 8 0.0559 198 215 441 457 0 0.0555 378 127 644 373 8 0.0551 631 95 877 326 5 0.0551 367 273 634 507 0 0.0551 0 670 240 907 8 0.0546 328 127 571 381 11 0.0545 589 336 839 580 13 0.0543 327 129 596 382 0 0.0539 318 204 574 449 11 0.0536 580 216 835 449 8 0.0535 574 150 817 392 8 0.0533 588 337 830 584 10 0.0530 316 214 575 441 3 0.0530 581 156 826 396 0 0.0529 576 153 827 391 6 0.0528 599 338 845 583 7 0.0527 576 150 829 391 5 0.0522 627 95 882 322 10 0.0522 578 158 825 388 13 0.0519 245 466 505 709 6 0.0519 331 130 589 382 5 0.0518 371 126 639 367 11 0.0517 557 97 813 321 8 0.0516 0 661 237 905 8 0.0516 374 277 629 508 6 0.0516 245 465 500 707 5 0.0511 750 0 1007 200 10 0.0510 378 137 651 368 0 0.0507 699 155 944 384 6 0.0504 378 280 642 513 13 0.0503 374 275 649 511 6 0.0501 580 155 828 387
mW36UHYn64OA6IejJRaRnaJfbz5snERg,11 0.0684 389 781 632 1020 5 0.0672 384 775 628 1020 8 0.0634 315 785 563 1023 7 0.0628 390 780 638 1023 6 0.0617 390 785 637 1023 6 0.0616 393 659 656 897 5 0.0608 386 654 646 894 13 0.0607 391 782 642 1023 0 0.0605 387 782 634 1023 7 0.0589 363 373 631 620 5 0.0589 358 373 625 613 11 0.0588 392 660 653 893 8 0.0588 392 655 645 895 10 0.0586 385 782 634 1023 10 0.0583 385 659 656 893 9 0.0568 385 783 633 1022 5 0.0566 375 525 635 760 3 0.0563 316 786 567 1023 7 0.0562 380 527 644 764 8 0.0560 446 731 693 960 7 0.0554 397 655 659 897 0 0.0553 364 378 629 620 0 0.0550 395 658 653 899 13 0.0547 397 655 665 893 2 0.0544 391 786 635 1023 3 0.0543 450 732 698 965 7 0.0537 512 521 756 778 4 0.0535 389 782 640 1023 3 0.0531 392 657 653 901 11 0.0523 360 378 629 615 1 0.0523 387 776 632 1023 13 0.0522 515 523 756 772 11 0.0522 376 205 639 441 11 0.0521 580 587 830 834 6 0.0520 367 375 634 616 5 0.0519 304 256 574 506 6 0.0518 384 533 643 757 11 0.0518 507 525 752 772 8 0.0517 380 530 629 761 10 0.0515 447 525 702 761 0 0.0514 450 522 699 765 11 0.0512 372 530 642 759 8 0.0510 378 201 626 447 8 0.0506 365 374 621 618 11 0.0504 437 142 702 374 6 0.0502 513 527 757 776 5 0.0502 504 518 746 771 3 0.0501 366 380 627 623 5 0.0501 375 197 631 441 0 0.0500 378 205 635 446
LnV2CKZPyGVhVTMwH5VXpreyYhkNVrUN,10 0.0573 316 605 563 827 11 0.0566 308 604 566 826 13 0.0566 319 606 573 832 5 0.0548 310 598 562 825 3 0.0542 320 605 567 833 7 0.0540 315 604 568 826 8 0.0539 315 604 557 830 0 0.0521 314 601 564 831 11 0.0505 244 402 500 628
2PLCOolVm4s1msVgXZZHUsz7HOHdSUfb,0 0.0618 121 532 382 771 11 0.0614 118 534 383 768 5 0.0597 433 10 696 242 8 0.0585 498 20 747 253 11 0.0582 323 611 707 785 8 0.0582 176 731 434 968 8 0.0581 250 657 509 901 8 0.0579 176 526 428 769 11 0.0571 240 661 517 897 5 0.0570 168 728 444 965 11 0.0570 170 737 440 963 11 0.0569 239 465 500 693 8 0.0568 126 596 373 839 0 0.0557 175 726 446 971 7 0.0553 179 522 440 772 6 0.0551 182 593 440 827 6 0.0551 246 528 505 764 5 0.0543 241 652 514 898 5 0.0542 174 589 437 828 0 0.0538 575 0 828 199 8 0.0537 331 609 697 783 6 0.0537 333 610 712 787 6 0.0537 176 802 439 1022 3 0.0536 180 594 435 836 5 0.0536 571 0 826 196 11 0.0532 435 15 694 243 6 0.0531 253 654 516 898 7 0.0529 336 606 713 789 11 0.0528 231 814 493 1023 3 0.0528 443 14 699 256 0 0.0527 437 19 697 244 13 0.0526 181 733 450 970 13 0.0526 246 589 507 827 7 0.0524 243 460 503 697 7 0.0522 177 733 447 970 3 0.0519 575 0 827 206 7 0.0519 243 585 506 831 0 0.0518 306 592 560 836 0 0.0514 242 526 501 763 7 0.0509 576 0 831 200 13 0.0508 439 17 701 246 10 0.0507 178 597 438 827 3 0.0507 175 737 446 971 6 0.0506 575 1 829 196 6 0.0503 438 17 700 241 2 0.0501 179 532 437 770
WVWOHrxGkzmXYeKxXfKQKABWpSvw9csW,0 0.0640 510 340 746 569 8 0.0601 443 384 683 631 8 0.0596 506 330 739 566 7 0.0581 379 335 644 572 2 0.0579 512 342 750 565 7 0.0575 513 331 751 565 0 0.0568 373 338 642 573 5 0.0563 509 327 740 568 5 0.0557 366 332 633 570 8 0.0540 387 1 642 190 11 0.0531 515 395 750 632 13 0.0524 517 389 756 632 11 0.0523 385 2 655 190 3 0.0521 445 395 696 634 5 0.0521 382 0 647 191 3 0.0518 514 338 749 573 13 0.0516 378 339 648 578 11 0.0513 504 155 766 373 5 0.0511 443 148 704 382
9YpIM1JIlkeJoazz2mIjeewy2GUmPcBq,11 0.0698 374 731 624 974 8 0.0670 315 783 557 1022 8 0.0643 438 789 677 1023 5 0.0628 433 787 676 1019 0 0.0626 577 150 823 394 0 0.0623 583 17 824 263 0 0.0612 370 728 623 975 7 0.0605 382 785 631 1023 5 0.0600 309 779 558 1019 6 0.0593 381 787 625 1023 8 0.0593 446 76 691 313 6 0.0588 582 21 828 260 13 0.0586 443 794 685 1023 6 0.0585 387 669 645 911 2 0.0585 381 789 623 1023 5 0.0583 579 14 818 260 7 0.0580 388 667 649 908 10 0.0578 378 785 626 1023 3 0.0578 382 785 625 1023 8 0.0575 579 73 808 321 11 0.0573 444 81 696 313 7 0.0572 585 16 828 262 10 0.0567 446 88 698 316 11 0.0566 577 155 823 383 13 0.0558 321 788 567 1023 3 0.0552 387 669 640 915 9 0.0551 376 784 623 1019 11 0.0549 500 739 746 965 3 0.0548 585 76 816 327 1 0.0547 434 787 681 1023 5 0.0542 442 75 689 314 11 0.0540 581 22 823 261 5 0.0537 241 723 497 963 8 0.0533 502 734 742 971 0 0.0533 644 211 905 469 7 0.0531 504 796 748 1023 0 0.0528 245 729 495 967 0 0.0527 499 737 745 974 7 0.0526 251 789 503 1020 8 0.0524 244 730 491 965 11 0.0521 244 734 495 963 10 0.0521 385 674 640 907 0 0.0520 445 84 697 317 10 0.0520 581 26 822 260 13 0.0520 583 77 822 321 7 0.0517 451 80 703 317 4 0.0511 439 793 685 1023 6 0.0511 585 147 828 389 6 0.0511 498 800 747 1023 12 0.0508 381 781 622 1023 2 0.0508 586 28 823 263 12 0.0505 386 667 643 910 11 0.0501 636 90 876 315
6pr96Pah7AsO91A99u8C4C74LHCp45mf,11 0.0572 320 795 554 1021 8 0.0551 327 793 549 1023 7 0.0550 311 729 558 960 0 0.0538 323 796 556 1023 13 0.0533 330 796 563 1023 0 0.0527 253 728 492 967 8 0.0517 250 732 486 964 10 0.0516 304 733 553 959 11 0.0510 245 735 494 960
zS1mKBOvWz2U8wCtYCKVAzzTnROUyCGB,0 0.0595 3 474 249 728 5 0.0587 436 782 689 1021 8 0.0584 327 777 562 1022 7 0.0580 7 469 253 724 5 0.0578 321 775 566 1019 11 0.0577 324 783 568 1023 5 0.0563 575 782 829 1021 6 0.0558 8 474 257 721 13 0.0558 330 780 575 1023 8 0.0549 439 790 686 1023 5 0.0547 0 474 247 722 3 0.0546 444 791 690 1023 11 0.0545 6 476 251 724 10 0.0538 325 784 569 1023 8 0.0534 7 467 243 722 0 0.0531 439 791 695 1023 3 0.0529 327 784 568 1023 11 0.0529 437 794 692 1021 3 0.0529 10 473 250 732 5 0.0525 510 721 762 965 7 0.0524 442 789 699 1023 13 0.0522 444 789 697 1023 6 0.0521 328 783 573 1023 0 0.0519 324 781 570 1023 7 0.0518 328 782 576 1023 10 0.0515 441 794 692 1022 8 0.0513 581 785 824 1022 6 0.0512 443 790 696 1023 10 0.0512 7 474 249 725 2 0.0512 441 796 691 1023 2 0.0508 328 783 571 1023 2 0.0501 9 482 251 725
Up3UHe2pYCoxTSj07lDLY2YusJ18qutd,11 0.0631 530 334 771 563 8 0.0616 528 331 764 569 11 0.0601 510 529 751 760 0 0.0600 514 530 749 766 0 0.0588 528 337 770 568 8 0.0585 524 459 749 703 0 0.0583 386 254 676 488 0 0.0579 373 597 625 835 11 0.0573 391 319 672 557 11 0.0572 455 449 702 695 5 0.0570 446 279 720 509 3 0.0555 530 331 773 575 8 0.0553 445 513 683 767 6 0.0549 534 336 776 564 11 0.0546 381 523 632 768 7 0.0544 523 393 762 633 7 0.0542 394 251 678 487 10 0.0542 389 260 676 486 13 0.0542 533 334 777 566 8 0.0541 394 317 662 561 0 0.0538 454 454 707 697 7 0.0537 517 531 752 764 13 0.0532 377 597 626 832 2 0.0532 530 339 772 565 13 0.0530 399 322 679 559 7 0.0529 520 262 769 501 6 0.0528 529 464 758 699 10 0.0523 515 269 769 498 10 0.0520 527 463 754 697 0 0.0520 305 526 566 774 8 0.0515 372 592 614 834 13 0.0513 310 525 571 771 5 0.0512 375 196 655 424 0 0.0507 247 715 506 944 11 0.0504 301 455 578 689 11 0.0503 244 796 502 1003 5 0.0502 447 448 698 693 11 0.0502 248 667 518 897
HbdxxhVpQPV9YTralhINhAkeeAyAraSb,7 0.0619 365 457 629 696 7 0.0601 370 331 624 563 11 0.0597 240 388 496 638 11 0.0574 298 328 558 558 7 0.0574 383 595 621 833 3 0.0571 369 335 619 568 8 0.0569 302 326 549 559 8 0.0563 364 458 619 689 7 0.0562 440 523 681 769 5 0.0562 361 327 616 559 8 0.0559 248 384 488 639 7 0.0559 247 385 501 638 7 0.0557 371 796 626 1023 11 0.0556 424 464 686 705 13 0.0552 366 335 627 563 0 0.0551 364 455 628 693 5 0.0547 359 448 626 690 11 0.0542 294 468 556 698 5 0.0542 241 316 503 558 13 0.0541 254 12 519 255 5 0.0541 490 456 744 706 0 0.0540 364 331 625 561 6 0.0532 365 460 632 690 8 0.0532 497 463 742 705 13 0.0531 434 465 695 707 11 0.0530 373 602 618 828 13 0.0528 247 386 504 641 3 0.0526 246 385 498 643 3 0.0523 365 462 625 700 5 0.0523 361 785 618 1021 8 0.0517 433 526 669 764 6 0.0516 249 389 506 636 11 0.0512 366 801 620 1023 7 0.0512 258 661 495 897 3 0.0510 435 527 677 775 5 0.0510 371 585 619 832 8 0.0509 366 795 610 1021 7 0.0507 306 532 548 759 6 0.0503 499 463 753 708 0 0.0502 250 318 505 565 13 0.0501 316 805 567 1023 3 0.0501 399 0 651 199
fQeszDehbh7lKZcS8jNfrBb9A0FCf4h6,0 0.0650 2 595 260 842 11 0.0626 2 599 264 835 0 0.0622 567 463 821 699 8 0.0610 760 535 1008 767 5 0.0610 559 588 814 838 10 0.0609 3 600 262 833 13 0.0608 572 463 826 697 11 0.0604 370 523 627 771 0 0.0601 275 666 644 849 6 0.0600 634 524 887 760 5 0.0599 0 593 255 836 5 0.0598 315 517 566 772 7 0.0596 6 593 263 838 3 0.0595 8 593 264 842 5 0.0593 271 665 635 847 7 0.0590 569 463 824 699 13 0.0590 5 594 266 838 8 0.0589 320 521 565 773 8 0.0588 8 593 255 838 0 0.0585 316 522 572 775 11 0.0583 566 465 820 693 0 0.0580 560 594 820 845 6 0.0580 573 463 824 696 0 0.0579 629 522 885 763 8 0.0579 568 462 815 695 11 0.0574 274 669 640 845 5 0.0573 565 460 820 696 8 0.0568 695 589 942 828 8 0.0568 281 667 628 848 6 0.0566 317 521 573 771 7 0.0565 321 522 575 773 11 0.0563 308 732 564 963 3 0.0559 319 523 570 779 6 0.0559 566 598 823 840 13 0.0557 562 596 827 842 11 0.0557 557 595 821 839 11 0.0557 431 796 685 1014 6 0.0555 764 537 1015 765 5 0.0554 692 524 941 762 2 0.0554 318 524 571 775 10 0.0551 315 524 574 771 11 0.0551 627 523 883 756 6 0.0550 7 596 264 835 13 0.0548 632 521 890 760 2 0.0547 627 523 884 759 8 0.0547 550 657 816 891 6 0.0545 713 456 958 684 10 0.0539 274 671 640 846 8 0.0538 99 435 282 818 0 0.0537 759 539 1012 767 3 0.0536 569 465 823 702 2 0.0536 569 465 821 693 0 0.0536 101 437 288 827 6 0.0535 280 668 645 845 11 0.0532 96 439 290 811 12 0.0532 9 595 260 838 3 0.0530 280 669 643 850 8 0.0529 630 521 880 760 0 0.0529 710 458 953 687 6 0.0529 170 367 352 759 0 0.0528 378 728 632 971 11 0.0527 755 540 1009 763 13 0.0527 321 522 576 776 13 0.0527 712 454 959 688 2 0.0526 560 598 821 837 11 0.0526 703 457 955 682 7 0.0525 761 536 1014 766 8 0.0524 376 726 619 966 10 0.0524 98 441 287 811 0 0.0522 168 370 351 763 13 0.0521 286 667 649 850 10 0.0520 756 541 1013 766 7 0.0519 100 432 291 820 5 0.0518 371 727 624 964 13 0.0518 691 595 957 830 8 0.0517 167 371 346 755 3 0.0517 764 536 1013 768 6 0.0516 102 434 288 817 7 0.0515 631 520 888 764 10 0.0515 562 598 822 842 7 0.0513 437 790 695 1018 10 0.0511 567 466 819 698 3 0.0510 565 594 818 845 1 0.0505 558 519 828 778 5 0.0505 166 362 348 754 13 0.0504 764 537 1020 767 5 0.0504 96 429 285 815 11 0.0504 686 595 944 827 10 0.0502 628 524 883 763 0 0.0502 688 593 949 830 2 0.0501 7 601 261 836
hKs0qQZkVRLqCCWU0mElYGXDcTylLR4k,7 0.0556 179 778 428 1013 11 0.0551 176 783 426 1011 5 0.0519 173 775 424 1009 8 0.0505 179 779 417 1012 0 0.0502 177 777 424 1015
9GZHx7fzpEimCKCD20AWku1gbKafbpHq,8 0.0615 502 465 765 703 5 0.0570 500 464 764 703 7 0.0567 508 467 772 707 11 0.0526 496 467 773 700 3 0.0525 445 466 708 710 0 0.0519 502 470 774 708 6 0.0513 643 273 878 512 6 0.0501 505 468 773 703
bVJy1vzTpV1UZh160Gs4N9sj12jIB8Fz,8 0.0606 492 272 742 517 0 0.0597 703 396 945 634 0 0.0577 489 279 749 520 0 0.0575 566 147 822 380 11 0.0572 491 279 748 516 11 0.0565 313 88 576 316 11 0.0561 370 150 633 388 7 0.0553 496 277 752 519 6 0.0553 324 88 577 317 6 0.0550 687 476 938 707 7 0.0549 376 147 636 390 11 0.0547 566 145 822 378 3 0.0545 496 280 751 524 13 0.0543 494 277 755 518 7 0.0537 325 83 581 316 6 0.0537 495 278 756 519 11 0.0536 683 476 932 712 8 0.0535 317 88 568 318 0 0.0533 371 151 634 391 8 0.0532 570 141 816 380 5 0.0529 488 274 746 521 3 0.0524 324 87 575 322 3 0.0524 376 153 636 395 8 0.0517 370 151 621 388 5 0.0515 567 142 816 380 13 0.0512 572 145 827 377 6 0.0508 573 147 824 382 2 0.0507 495 282 749 519 8 0.0506 688 473 925 705 11 0.0506 570 355 939 532 0 0.0506 580 357 936 533 5 0.0503 682 472 927 704 10 0.0502 317 94 579 314
tvBaO3R20KwJNxqMTwMmmN60jDexbSRY,8 0.0617 133 469 394 708 8 0.0569 757 7 1016 242 11 0.0567 753 11 1019 241 7 0.0558 439 781 695 1021 11 0.0553 583 597 824 832 0 0.0538 630 542 875 770 0 0.0537 186 462 457 714 8 0.0534 583 599 812 837 5 0.0534 578 592 821 834 11 0.0532 184 464 460 707 11 0.0531 432 789 684 1021 5 0.0528 516 534 752 766 7 0.0526 627 40 887 258 0 0.0525 754 10 1021 246 5 0.0525 124 467 399 707 6 0.0521 759 11 1023 242 6 0.0518 132 471 414 709 8 0.0514 332 587 565 824 11 0.0510 519 537 758 763 7 0.0506 586 598 823 837 5 0.0506 747 8 1020 244 5 0.0506 428 776 682 1016 8 0.0503 516 541 749 763 7 0.0501 382 720 639 948
z9JEwr1ewpgIHqtrWBJCAQ27tUCNfwvG,8 0.0570 507 454 764 696 11 0.0550 512 407 773 641 0 0.0547 509 455 768 696 6 0.0537 600 341 835 573 6 0.0523 448 406 694 656 7 0.0513 521 405 777 645 11 0.0511 306 205 574 438 13 0.0509 583 411 835 638 10 0.0505 506 455 772 697 8 0.0504 574 65 831 311 11 0.0504 573 68 841 307 5 0.0502 442 399 692 659 5 0.0501 572 407 824 635
VcYNqfxG0hvERXusfPYbolw90u7UhFTH,11 0.0624 516 728 760 959 8 0.0574 518 728 757 961 11 0.0543 580 478 837 694 0 0.0539 583 479 837 699 0 0.0538 516 724 761 961 7 0.0535 522 725 768 962 6 0.0528 520 728 762 960 8 0.0516 581 478 830 698 8 0.0516 699 158 933 385 2 0.0512 517 729 765 960 3 0.0511 521 727 763 964 13 0.0505 515 790 767 1017 10 0.0503 513 731 762 961
l0Vl04d72ArBbAbpSbiJPoPjKDJLf256,5 0.0622 303 652 558 884 11 0.0613 178 675 450 904 0 0.0609 241 666 498 895 8 0.0608 183 671 441 902 6 0.0591 239 668 503 893 8 0.0581 310 656 555 884 5 0.0579 178 668 442 903 0 0.0571 186 728 448 970 7 0.0571 198 784 454 1021 8 0.0569 202 785 442 1021 7 0.0568 309 656 567 886 11 0.0568 196 788 453 1022 2 0.0558 307 664 561 885 7 0.0548 179 672 451 902 3 0.0547 239 666 499 899 5 0.0545 194 780 445 1018 13 0.0544 183 674 455 906 6 0.0542 187 732 455 969 10 0.0536 179 676 447 903 3 0.0530 186 732 452 974 2 0.0527 179 679 448 903 13 0.0526 202 788 457 1023 11 0.0518 303 662 561 884 13 0.0508 310 659 571 889 9 0.0503 182 732 445 962
af28ftYzg6udnyBAxPo1M3IUs8jeeVna,5 0.0669 381 705 622 952 7 0.0666 445 718 694 961 11 0.0654 441 665 698 898 0 0.0643 443 717 691 963 7 0.0639 374 789 618 1023 8 0.0631 375 787 609 1022 8 0.0629 445 719 685 959 11 0.0622 371 791 611 1020 11 0.0616 372 585 621 824 0 0.0612 314 715 562 959 8 0.0608 314 713 558 956 8 0.0605 380 651 619 889 5 0.0603 502 711 757 958 11 0.0602 308 656 561 894 7 0.0598 316 715 565 961 0 0.0596 371 790 614 1023 0 0.0591 382 649 626 891 13 0.0589 377 791 619 1023 7 0.0588 382 649 628 890 7 0.0588 318 586 564 834 5 0.0583 308 648 557 894 6 0.0580 443 720 690 959 0 0.0579 313 589 560 834 11 0.0578 350 474 624 703 3 0.0578 448 720 691 965 11 0.0572 563 594 819 831 8 0.0569 312 589 552 836 13 0.0569 316 715 569 959 3 0.0566 314 656 560 901 7 0.0566 519 662 774 906 11 0.0565 234 462 507 698 6 0.0565 383 649 628 886 10 0.0562 443 664 696 898 2 0.0561 375 793 614 1023 3 0.0560 376 790 613 1023 11 0.0556 431 338 702 565 8 0.0552 513 666 762 906 9 0.0551 369 791 613 1019 6 0.0551 373 792 612 1023 10 0.0548 371 789 613 1023 6 0.0547 518 662 773 904 0 0.0546 512 662 771 909 13 0.0545 445 719 698 963 7 0.0545 267 263 525 497 7 0.0543 439 594 695 829 0 0.0542 311 266 573 498 6 0.0539 570 594 826 834 11 0.0538 772 338 1022 560 0 0.0537 432 341 700 566 0 0.0537 116 284 392 515 7 0.0534 369 340 633 571 6 0.0533 313 718 564 958 0 0.0532 492 412 767 645 13 0.0532 207 334 462 577 0 0.0532 254 340 518 575 13 0.0531 383 650 635 889 13 0.0530 8 3 386 161 11 0.0530 492 408 762 637 11 0.0529 251 339 519 570 5 0.0528 65 0 421 158 11 0.0527 0 3 375 157 6 0.0526 315 589 565 835 5 0.0525 440 254 706 473 6 0.0524 7 1 381 158 5 0.0524 493 402 757 640 8 0.0523 498 405 755 639 3 0.0521 520 664 771 908 6 0.0519 249 397 515 628 11 0.0518 184 266 459 502 5 0.0518 308 337 568 573 9 0.0514 308 653 559 892 5 0.0514 111 275 382 509 7 0.0513 496 408 761 647 12 0.0513 447 717 689 962 5 0.0513 116 416 389 646 0 0.0513 0 1 369 161 5 0.0512 304 457 564 698 0 0.0510 571 525 821 774 10 0.0509 308 657 560 896 10 0.0508 0 2 370 157 13 0.0508 499 408 769 643 3 0.0507 315 344 569 581 3 0.0507 439 345 698 574
MrE025aW4ScYTQgbhvDhhRfGxvs0MG1e,0 0.0604 374 544 638 784 0 0.0565 438 617 697 843 11 0.0549 376 546 641 781 11 0.0542 320 406 587 641 8 0.0532 256 598 510 842 0 0.0530 316 600 566 850 5 0.0529 375 533 636 781 11 0.0526 253 601 517 841 6 0.0524 378 545 641 784 6 0.0520 328 408 594 639 5 0.0519 321 397 586 636 0 0.0519 329 404 587 643 8 0.0512 379 543 633 781 5 0.0510 254 593 510 838 7 0.0507 325 398 595 643 8 0.0503 327 404 579 639 10 0.0501 326 412 591 638
CLletQRXGppdX66e0LGakehSToyguW1c,11 0.0651 576 283 821 519 8 0.0644 576 281 814 522 0 0.0602 508 282 756 511 5 0.0601 308 147 576 384 11 0.0599 449 451 700 694 5 0.0598 173 328 433 567 11 0.0597 308 150 578 381 11 0.0597 436 212 700 437 11 0.0596 245 267 500 514 3 0.0590 514 278 756 514 8 0.0590 435 207 693 440 0 0.0587 448 506 711 752 0 0.0578 448 345 704 575 3 0.0576 250 328 495 585 5 0.0575 238 264 501 515 7 0.0574 515 277 760 507 8 0.0572 315 152 567 387 0 0.0571 435 212 701 443 8 0.0569 249 330 486 575 0 0.0567 259 227 631 411 11 0.0567 177 334 431 572 11 0.0566 378 270 642 504 6 0.0566 516 278 761 508 10 0.0560 246 334 493 573 8 0.0560 200 138 433 387 8 0.0560 450 505 700 751 5 0.0559 305 381 556 634 8 0.0558 510 397 751 645 11 0.0558 450 344 699 574 0 0.0557 184 332 432 573 13 0.0553 316 150 584 389 6 0.0553 451 344 706 572 7 0.0553 446 575 698 819 7 0.0553 317 149 579 387 5 0.0552 573 275 816 522 8 0.0551 449 341 696 573 11 0.0550 181 200 442 442 6 0.0549 320 151 579 388 0 0.0548 391 447 644 689 7 0.0547 517 399 761 643 0 0.0546 248 268 503 520 3 0.0545 439 211 703 443 11 0.0545 385 393 634 635 10 0.0544 577 288 822 520 5 0.0543 126 142 376 376 6 0.0541 513 401 766 645 7 0.0540 185 330 436 571 5 0.0538 448 402 696 642 7 0.0537 251 266 506 521 8 0.0537 190 265 429 512 0 0.0537 510 400 758 644 3 0.0537 314 150 578 392 8 0.0536 127 208 368 445 13 0.0535 385 271 648 508 5 0.0535 433 206 696 437 7 0.0534 436 209 704 437 13 0.0533 183 335 438 574 3 0.0530 514 399 758 650 3 0.0530 455 505 708 757 3 0.0527 453 344 702 579 10 0.0527 186 209 437 446 3 0.0526 315 387 560 646 10 0.0526 261 233 628 410 11 0.0525 437 577 695 818 13 0.0525 440 212 707 440 8 0.0523 398 444 633 687 7 0.0522 192 201 446 445 6 0.0522 440 212 703 437 6 0.0521 188 335 432 572 8 0.0518 123 349 370 586 2 0.0517 511 284 756 506 5 0.0514 443 498 705 752 5 0.0513 177 202 440 441 5 0.0512 185 426 456 675 3 0.0512 190 265 439 519 13 0.0512 514 397 765 643 13 0.0511 250 269 505 521 3 0.0511 317 278 576 523 0 0.0510 309 392 563 636 13 0.0510 315 391 565 639 8 0.0509 313 390 548 631 6 0.0509 314 388 561 634 0 0.0509 187 203 440 446
RyO8beO5678CWWIFvkbVHmvgUshSZe9b,0 0.0632 185 266 432 505 11 0.0627 245 264 503 498 8 0.0617 1 526 240 765 0 0.0614 0 530 247 767 11 0.0607 435 394 704 643 7 0.0604 253 259 503 498 0 0.0598 561 413 828 654 6 0.0591 321 153 584 393 11 0.0591 382 149 636 384 0 0.0587 255 197 504 440 0 0.0586 319 397 584 643 8 0.0584 499 399 759 637 0 0.0582 176 393 436 640 8 0.0580 382 391 640 634 11 0.0578 0 530 247 758 6 0.0577 5 533 251 761 11 0.0575 565 412 826 649 11 0.0574 249 393 513 632 8 0.0573 312 212 561 447 7 0.0572 261 392 516 633 3 0.0572 312 209 569 450 0 0.0570 438 461 700 710 7 0.0567 439 394 708 641 5 0.0567 302 209 564 443 7 0.0567 58 525 307 758 5 0.0567 182 262 434 496 5 0.0565 499 469 763 708 5 0.0565 315 391 577 636 5 0.0564 433 386 698 640 10 0.0564 187 271 432 500 13 0.0562 257 258 505 503 5 0.0560 0 521 243 759 8 0.0560 560 468 811 708 6 0.0557 256 263 503 500 5 0.0551 370 525 632 757 10 0.0551 439 396 703 640 3 0.0550 444 389 703 649 5 0.0545 172 386 428 630 7 0.0544 438 531 704 771 5 0.0542 493 318 753 561 13 0.0542 388 395 651 636 10 0.0539 0 532 242 760 8 0.0539 439 460 692 708 11 0.0537 495 326 758 562 7 0.0537 326 537 576 771 8 0.0532 384 150 625 386 3 0.0532 388 144 633 393 8 0.0532 255 388 506 636 0 0.0530 381 147 630 391 5 0.0527 378 141 629 384 3 0.0527 261 393 514 638 8 0.0524 329 457 576 695 13 0.0522 446 463 706 709 0 0.0522 501 545 773 789 0 0.0521 372 535 637 764 11 0.0521 502 473 768 713 6 0.0520 500 323 761 562 10 0.0520 258 206 510 438 13 0.0517 262 391 520 635 10 0.0517 502 478 766 714 13 0.0517 505 402 770 637 6 0.0516 181 393 440 634 2 0.0515 567 414 830 648 2 0.0515 257 398 517 634 7 0.0514 565 414 832 650 11 0.0511 323 533 573 772 11 0.0509 436 531 699 770 11 0.0509 253 146 517 378 3 0.0508 198 201 444 442 13 0.0506 1 528 252 763 8 0.0504 374 532 627 759 13 0.0503 390 148 641 386 2 0.0502 386 400 648 636
EXjRimyEbVPfXWdOHdWuFjevmy3jgp6X,11 0.0587 371 463 644 703 7 0.0573 379 457 648 709 5 0.0562 187 789 431 1018 8 0.0557 445 455 695 705 8 0.0555 252 792 490 1022 11 0.0555 189 794 437 1017 0 0.0553 454 403 712 645 6 0.0553 193 791 439 1023 7 0.0545 453 395 714 643 8 0.0539 122 789 364 1019 7 0.0536 253 791 502 1019 5 0.0529 0 0 249 208 0 0.0528 249 795 500 1023 8 0.0523 62 0 315 202 11 0.0519 0 4 247 210 3 0.0517 450 455 701 712 7 0.0515 126 790 375 1022 10 0.0513 117 792 371 1018 11 0.0512 449 404 706 638 0 0.0510 120 790 373 1020 7 0.0507 61 0 329 203 13 0.0505 194 793 445 1023 6 0.0505 0 0 255 206 11 0.0505 304 797 554 1017 3 0.0501 196 791 437 1023
Tpp2O13pKyXI7PiqG6GNmk5xGxikN5JM,11 0.0580 298 467 576 700 8 0.0567 305 472 564 695 11 0.0563 645 525 915 759 8 0.0562 184 398 430 650 5 0.0558 238 461 512 695 11 0.0549 182 79 441 325 0 0.0548 185 76 436 330 5 0.0547 180 395 438 640 11 0.0545 509 472 768 697 5 0.0539 292 592 561 840 0 0.0538 250 200 507 454 0 0.0536 290 643 559 894 11 0.0530 238 534 515 768 13 0.0527 189 403 446 650 11 0.0527 250 140 508 393 8 0.0525 513 465 762 698 0 0.0522 180 272 441 516 7 0.0521 305 466 580 702 3 0.0521 303 471 576 705 6 0.0521 291 644 560 889 0 0.0517 509 472 769 701 5 0.0515 165 529 435 754 11 0.0513 567 404 820 625 5 0.0510 366 653 633 892 6 0.0509 514 473 770 702 5 0.0507 507 463 760 697 7 0.0505 241 533 518 769 8 0.0504 252 84 500 331 11 0.0502 315 71 569 307 7 0.0502 518 467 772 697 13 0.0501 304 468 586 704
TbEr43uVvHdFp9o4PZbi9RY1auK1H72x,6 0.0509 452 600 693 823 8 0.0504 453 602 682 824 11 0.0504 449 606 691 820
zyD6VqKYEQArknozKmmitQJEjhWqGxZI,8 0.0646 247 590 489 831 7 0.0644 250 592 500 832 0 0.0640 247 588 498 834 11 0.0633 175 599 436 827 5 0.0629 242 592 495 828 10 0.0611 244 593 498 830 7 0.0595 309 525 562 758 8 0.0591 307 526 550 756 0 0.0585 305 525 560 763 11 0.0580 302 527 559 760 13 0.0569 250 593 503 832 6 0.0568 182 600 436 832 3 0.0563 248 591 496 836 10 0.0549 303 528 558 759 5 0.0529 301 522 554 755 3 0.0515 307 527 560 766 2 0.0507 247 596 496 833 6 0.0506 307 528 562 759 13 0.0501 308 524 563 761
fJFQvPYYox45PLrSNA8NLUUWwpLbkj7f,8 0.0645 178 653 438 886 5 0.0644 178 654 438 888 11 0.0616 175 657 445 885 0 0.0616 177 650 443 889 10 0.0592 174 658 441 885 13 0.0584 178 653 448 887 6 0.0582 177 657 444 887 3 0.0564 178 654 443 893 11 0.0551 432 730 685 948 7 0.0551 368 718 632 950 12 0.0537 182 652 443 890 7 0.0522 179 656 442 887 1 0.0520 174 648 441 886 2 0.0518 178 658 445 888 10 0.0508 325 484 578 706 8 0.0508 367 716 622 945
dotkUqZRBLUFPI1qWxLLM593sxzfiAR5,13 0.0552 191 401 447 642 0 0.0551 252 279 501 511 8 0.0550 184 400 428 641 6 0.0542 263 335 501 562 11 0.0534 179 341 441 568 8 0.0534 486 463 739 708 0 0.0528 185 401 434 638 0 0.0528 624 400 887 642 8 0.0526 136 9 367 245 5 0.0526 182 394 430 638 5 0.0516 251 332 497 563 10 0.0504 183 406 438 637 5 0.0503 246 206 499 439 0 0.0503 200 75 448 323 5 0.0502 128 7 372 238 0 0.0501 132 12 378 245
8PofbbnRmhpNebiDd0qbl0ecF6HfciF0,11 0.0630 384 597 643 832 11 0.0627 439 526 693 763 7 0.0611 447 522 697 764 0 0.0607 385 596 641 837 0 0.0587 255 587 523 839 0 0.0587 439 523 692 767 5 0.0583 314 585 580 832 6 0.0569 389 592 645 835 7 0.0561 390 594 644 836 5 0.0558 439 519 689 765 3 0.0558 390 594 642 839 0 0.0557 315 664 573 903 11 0.0554 242 670 515 903 7 0.0552 254 513 516 767 13 0.0552 323 587 588 837 13 0.0548 279 545 659 728 3 0.0545 443 524 694 771 11 0.0545 386 457 639 699 8 0.0544 336 0 677 158 8 0.0542 321 586 577 834 8 0.0540 276 546 644 728 10 0.0535 387 595 642 833 11 0.0534 265 396 522 638 5 0.0531 241 666 509 904 3 0.0530 343 0 692 160 10 0.0529 442 525 692 764 11 0.0529 328 0 689 154 5 0.0526 244 513 512 763 13 0.0525 323 2 585 199 7 0.0520 250 668 517 905 10 0.0519 331 5 694 155 8 0.0518 253 665 509 905 5 0.0518 313 0 577 193 0 0.0517 334 1 688 156 0 0.0511 266 455 522 704 6 0.0509 320 664 575 901 9 0.0506 384 595 640 831 6 0.0505 283 544 657 728 7 0.0502 268 391 524 639 3 0.0501 256 590 525 844
JsqYuj4MXaT51Ik6blRLTplZKeLLdbhz,0 0.0558 568 277 829 518 5 0.0558 184 780 429 1015 5 0.0556 565 329 813 581 7 0.0549 571 333 825 584 2 0.0546 502 228 761 460 7 0.0544 190 781 437 1017 6 0.0543 575 276 832 514 11 0.0538 570 279 829 511 13 0.0529 576 403 841 649 11 0.0529 569 403 832 644 2 0.0527 572 283 831 515 11 0.0526 638 335 895 574 0 0.0521 639 334 896 585 13 0.0520 188 782 446 1020 6 0.0515 648 334 902 578 7 0.0512 505 279 764 509 5 0.0509 493 272 756 507 8 0.0505 572 277 819 511 6 0.0504 191 786 441 1015 0 0.0504 498 332 752 584 0 0.0503 503 223 757 463 0 0.0501 571 402 835 656
eo2ivm6EVuMFlmqWkVz5I7nLL7IsUvpF,0 0.0567 555 209 810 438 11 0.0558 467 348 715 569 7 0.0557 561 208 815 440 5 0.0551 554 206 811 440 8 0.0545 554 209 806 438 11 0.0541 499 212 758 442 7 0.0538 471 405 726 627 0 0.0535 465 410 720 631 11 0.0534 438 130 705 367 11 0.0524 387 406 637 620 2 0.0521 558 216 816 435 8 0.0520 462 347 711 572 3 0.0519 472 347 716 577 3 0.0518 559 210 814 447 6 0.0517 559 208 816 440 5 0.0511 499 140 759 376 10 0.0509 559 213 815 442 13 0.0509 561 210 818 441 8 0.0507 381 142 638 383 5 0.0504 371 134 643 376 8 0.0501 755 10 995 254 11 0.0501 376 211 642 454 11 0.0501 504 450 760 679
7UDihmu89PDm9qNbUXWjkiapdzxL9a1U,11 0.0643 605 425 949 599 8 0.0633 629 386 892 636 11 0.0632 492 290 768 516 3 0.0618 571 395 824 648 7 0.0614 498 285 771 517 8 0.0603 499 285 762 517 0 0.0602 626 389 894 637 5 0.0595 658 421 1003 609 0 0.0591 492 287 769 520 6 0.0581 571 394 829 642 8 0.0580 439 230 682 451 11 0.0577 762 454 1023 695 7 0.0571 570 396 828 643 11 0.0569 365 221 626 442 11 0.0564 604 300 966 468 0 0.0562 766 451 1021 703 13 0.0556 669 424 1011 609 7 0.0556 439 232 691 457 5 0.0555 424 281 687 512 5 0.0552 497 340 759 578 13 0.0552 568 393 831 644 3 0.0549 673 477 1014 668 3 0.0549 510 225 771 464 3 0.0548 435 285 694 525 0 0.0544 579 456 831 707 8 0.0542 770 445 1017 699 2 0.0541 629 392 895 634 8 0.0541 581 455 826 702 8 0.0540 638 520 894 759 8 0.0535 609 297 948 470 0 0.0531 372 147 625 379 6 0.0530 770 446 1023 701 5 0.0530 673 540 1015 729 11 0.0530 308 144 557 378 8 0.0526 125 731 364 963 3 0.0525 373 219 623 452 6 0.0525 613 480 959 666 13 0.0524 643 517 910 762 10 0.0523 629 389 894 637 7 0.0523 642 445 910 700 7 0.0522 771 448 1023 701 2 0.0522 667 483 1013 665 5 0.0520 502 220 768 456 5 0.0520 362 210 621 438 8 0.0519 376 145 618 373 6 0.0517 585 511 836 769 10 0.0514 494 288 765 519 6 0.0512 377 143 625 377 11 0.0510 579 515 833 766 0 0.0510 435 230 691 455 6 0.0509 435 285 700 515 11 0.0507 448 56 692 281 3 0.0506 645 522 899 770 0 0.0505 600 296 951 477 0 0.0505 639 522 900 764 3 0.0503 609 298 951 479 7 0.0500 377 142 627 378
HEXk49VGfQyPk5dJYDrXNmVuwrE5PSJA,11 0.0622 445 399 718 624 11 0.0569 304 460 581 691 8 0.0563 443 396 709 634 11 0.0553 569 432 830 637 11 0.0551 442 533 714 754 8 0.0546 373 138 623 364 3 0.0542 450 400 720 642 5 0.0540 308 85 577 311 8 0.0537 311 465 570 693 7 0.0530 451 401 726 633 0 0.0523 312 147 573 381 6 0.0521 506 416 770 646 11 0.0513 370 141 631 363 6 0.0512 320 141 576 384 5 0.0508 303 192 565 438 13 0.0505 237 814 502 1023 7 0.0503 232 811 495 1023 11 0.0502 170 355 436 587 6 0.0500 248 350 507 590
XaCR8QnKNkakLpG2viSnD1ZqSPj26VKA,11 0.0556 440 781 693 1010 11 0.0554 510 584 755 814 8 0.0518 509 583 749 817 8 0.0509 247 462 499 706 5 0.0508 434 771 690 1009 8 0.0506 568 268 827 498 0 0.0500 437 775 694 1014
WQ612PuCVvg2E2b9u9GjmJxHXvU3L1bw,0 0.0643 564 272 832 513 0 0.0613 569 404 835 652 0 0.0607 637 334 907 583 6 0.0600 571 335 840 587 0 0.0597 502 141 764 370 11 0.0589 517 210 773 444 11 0.0588 449 135 712 369 5 0.0585 515 206 768 445 0 0.0580 380 139 643 367 8 0.0580 447 391 693 636 11 0.0577 510 72 775 309 5 0.0575 270 409 621 586 3 0.0574 524 213 770 452 13 0.0571 575 405 842 654 3 0.0569 450 391 700 642 8 0.0568 577 400 828 650 8 0.0564 281 415 620 589 2 0.0563 520 218 771 444 11 0.0561 568 403 838 649 13 0.0560 570 270 842 517 0 0.0560 277 412 629 590 7 0.0559 451 393 705 639 11 0.0558 270 412 626 586 7 0.0558 287 410 629 588 11 0.0558 444 397 699 632 6 0.0557 648 398 910 649 6 0.0555 648 270 911 525 5 0.0553 565 397 833 650 11 0.0551 639 331 912 579 3 0.0549 568 341 839 592 2 0.0547 569 341 834 584 5 0.0545 562 130 831 372 6 0.0544 523 210 775 444 7 0.0543 568 333 839 589 8 0.0540 430 515 691 767 0 0.0539 447 396 700 638 13 0.0537 454 133 718 369 6 0.0536 281 412 634 590 5 0.0535 637 325 901 579 5 0.0534 443 384 697 635 5 0.0531 446 132 712 370 8 0.0530 519 210 768 447 13 0.0530 451 394 706 638 10 0.0529 451 140 711 371 6 0.0529 449 392 700 636 11 0.0526 391 74 658 300 8 0.0526 448 133 706 371 3 0.0526 572 138 832 380 10 0.0525 519 214 772 447 13 0.0519 430 517 710 771 0 0.0519 569 81 834 315 13 0.0519 569 139 838 376 8 0.0517 565 132 825 373 7 0.0515 435 517 709 775 3 0.0515 279 414 625 592 13 0.0514 287 350 647 523 7 0.0513 457 132 714 372 8 0.0512 644 328 899 583 11 0.0511 629 102 885 310 9 0.0510 517 210 773 440 13 0.0506 647 334 916 584 3 0.0506 459 137 711 376 11 0.0503 421 518 701 768 9 0.0502 568 269 833 512
Gj8iyD5gSZDVdAj3GEaiQqjG0zPns425,11 0.0608 490 539 760 776 5 0.0589 563 471 823 718 0 0.0586 553 549 816 789 5 0.0583 448 394 698 654 11 0.0579 375 467 630 709 11 0.0571 310 402 564 639 7 0.0570 502 470 759 721 0 0.0569 498 468 757 718 11 0.0569 448 399 697 649 11 0.0568 565 391 819 643 6 0.0557 492 538 761 780 13 0.0554 506 470 763 719 0 0.0554 565 389 822 647 0 0.0553 423 528 685 777 8 0.0550 333 484 688 671 0 0.0549 328 484 702 673 13 0.0547 379 468 636 712 0 0.0545 627 469 893 718 6 0.0545 442 466 698 716 6 0.0542 382 405 635 654 11 0.0536 376 335 629 576 7 0.0535 338 486 702 672 7 0.0535 431 530 686 775 3 0.0532 337 489 700 674 8 0.0532 499 467 750 719 10 0.0530 375 407 633 653 10 0.0529 308 338 564 569 7 0.0529 382 336 637 576 2 0.0528 502 471 759 719 6 0.0520 567 473 832 720 13 0.0519 315 403 572 645 5 0.0519 624 389 880 640 3 0.0517 502 469 758 722 10 0.0516 565 476 826 720 6 0.0513 632 393 890 640 5 0.0511 310 460 556 709 3 0.0510 315 406 565 649 11 0.0510 304 534 556 774 2 0.0509 551 555 817 790 2 0.0508 573 393 824 646 7 0.0507 554 550 819 790 11 0.0507 535 624 812 856 9 0.0501 500 468 755 719
NlHEqYVwTzypGGyaopv1LQ2CwTf9QXhF,0 0.0594 333 142 585 389 13 0.0592 250 79 509 331 11 0.0588 245 81 506 325 6 0.0581 253 78 508 324 0 0.0573 247 80 502 327 5 0.0572 319 193 576 431 8 0.0572 575 334 819 570 3 0.0570 336 143 588 392 5 0.0566 564 262 822 501 11 0.0564 329 142 588 383 5 0.0562 641 323 896 569 11 0.0559 377 25 641 260 8 0.0549 315 82 569 335 10 0.0549 571 271 826 500 10 0.0548 250 85 502 324 7 0.0546 253 76 505 325 7 0.0543 336 140 590 387 6 0.0542 336 137 591 389 5 0.0541 310 73 571 329 11 0.0539 567 397 827 629 11 0.0533 642 325 903 565 3 0.0531 251 79 505 334 13 0.0528 574 266 829 500 8 0.0527 324 196 574 437 13 0.0527 326 196 589 441 11 0.0527 567 160 841 389 13 0.0523 649 398 902 636 5 0.0521 391 130 646 376 8 0.0519 711 283 942 515 8 0.0518 383 25 632 263 0 0.0517 449 146 699 379 0 0.0517 571 216 826 446 11 0.0516 446 144 701 379 6 0.0516 398 79 654 323 2 0.0515 573 218 828 443 0 0.0514 642 396 903 635 0 0.0512 709 284 954 522 3 0.0512 401 84 652 329 2 0.0511 249 83 504 326 10 0.0511 508 156 759 388 5 0.0510 377 19 637 260 6 0.0509 576 267 832 501 11 0.0508 566 267 830 500 6 0.0507 653 326 905 568 8 0.0504 645 395 891 634 10 0.0503 333 144 587 385
Cc8OQ3vd8rOGv66RQmRE7SvmyfBg0lUl,11 0.0654 385 461 638 700 5 0.0620 108 141 376 387 8 0.0608 118 141 375 389 7 0.0598 451 418 720 648 3 0.0569 391 400 647 639 5 0.0565 0 80 249 308 6 0.0561 384 347 656 570 7 0.0558 382 344 655 572 11 0.0556 384 345 648 567 6 0.0556 455 425 720 648 0 0.0552 108 144 384 391 5 0.0551 441 414 709 642 11 0.0548 788 396 1023 624 7 0.0546 793 395 1023 625 8 0.0545 452 417 703 647 11 0.0544 108 144 383 386 0 0.0542 390 400 644 638 5 0.0532 783 391 1021 625 8 0.0531 379 340 644 570 8 0.0521 0 82 247 314 8 0.0520 790 391 1017 628 2 0.0519 113 149 384 390 3 0.0512 116 143 382 395 5 0.0506 373 341 642 563 0 0.0500 785 396 1023 627
dF7mP2mzYESZcNybmuUOlRUhED5rnvun,8 0.0657 9 868 369 1023 7 0.0625 14 871 375 1023 11 0.0604 6 871 381 1022 5 0.0604 8 869 372 1020 10 0.0594 113 732 368 964 5 0.0593 114 723 365 961 7 0.0583 121 722 370 965 10 0.0581 11 875 379 1023 0 0.0580 8 870 371 1023 2 0.0574 8 873 376 1023 6 0.0570 17 875 382 1023 13 0.0570 14 873 385 1023 8 0.0541 117 728 361 961 9 0.0532 7 871 378 1022 11 0.0530 115 729 370 960 0 0.0522 120 728 366 964
pxijbSMdCNfdQSrukvyysICoZ0SgwQlz,11 0.0588 178 778 441 1010 7 0.0568 389 264 636 495 7 0.0567 182 771 444 1012 0 0.0542 179 773 438 1014 13 0.0526 186 773 446 1016 5 0.0524 381 264 626 494 6 0.0518 182 775 442 1015 8 0.0506 378 271 618 493
mGhV9HVaJjHpgYdVZrd6oER8Ik7ksEC3,8 0.0666 369 144 638 383 8 0.0666 292 203 553 443 8 0.0651 177 465 421 710 7 0.0648 253 411 504 645 5 0.0647 181 266 440 495 0 0.0640 302 11 582 262 0 0.0639 189 339 437 570 8 0.0634 308 8 575 261 5 0.0633 300 7 578 259 6 0.0633 248 138 515 383 7 0.0632 243 135 510 383 5 0.0629 668 407 950 644 7 0.0628 323 0 589 202 0 0.0627 241 139 510 382 5 0.0626 371 82 641 316 8 0.0626 249 409 495 644 7 0.0625 311 81 573 318 7 0.0625 317 471 580 716 0 0.0625 239 259 504 500 11 0.0624 247 416 506 640 3 0.0622 456 88 714 316 0 0.0622 379 89 646 322 11 0.0621 320 1 586 200 10 0.0621 315 4 585 201 5 0.0621 244 411 501 642 8 0.0615 449 86 709 316 7 0.0614 239 257 508 496 11 0.0612 172 471 432 704 11 0.0612 231 262 509 496 11 0.0609 448 91 717 307 8 0.0609 192 342 428 572 3 0.0606 309 10 581 262 7 0.0603 183 466 428 710 13 0.0602 309 10 588 260 11 0.0601 293 152 565 386 6 0.0599 314 80 577 317 0 0.0599 177 468 425 709 8 0.0598 316 473 566 715 3 0.0597 245 473 496 723 3 0.0593 294 202 562 449 6 0.0593 686 412 957 648 13 0.0591 302 151 572 383 5 0.0590 428 263 696 506 5 0.0589 285 145 564 381 5 0.0588 491 335 757 578 5 0.0587 110 362 381 582 10 0.0586 309 85 572 320 7 0.0586 193 338 440 571 0 0.0583 491 392 752 641 0 0.0582 435 275 703 513 11 0.0582 684 469 954 705 11 0.0582 312 475 576 714 10 0.0581 246 479 498 714 2 0.0580 320 4 581 201 0 0.0580 520 223 781 439 13 0.0580 192 344 448 571 11 0.0579 184 344 444 567 2 0.0578 375 94 644 321 9 0.0578 319 0 587 197 6 0.0577 245 261 512 500 5 0.0577 172 467 425 706 0 0.0576 252 413 502 646 6 0.0575 377 144 649 382 6 0.0572 323 0 591 200 13 0.0571 385 87 649 317 13 0.0569 317 476 586 716 7 0.0566 369 148 649 384 6 0.0566 317 412 582 646 0 0.0565 48 429 306 658 5 0.0564 515 214 776 434 11 0.0564 616 410 889 639 5 0.0563 312 473 571 713 8 0.0563 632 461 882 700 2 0.0563 494 349 758 580 5 0.0562 691 519 948 758 8 0.0561 189 816 438 1023 6 0.0556 459 88 720 313 3 0.0555 314 412 578 650 5 0.0553 502 73 768 292 10 0.0553 172 420 429 635 3 0.0548 376 145 645 387 5 0.0547 182 812 443 1021
sXLm1Hm3sefzcAYRwR7AQyQ6PU1tSkLM,11 0.0646 645 605 897 838 0 0.0634 517 463 768 708 8 0.0630 567 146 818 382 0 0.0625 579 526 832 772 0 0.0622 517 594 766 840 8 0.0616 516 587 758 838 0 0.0614 643 603 896 841 7 0.0608 180 519 433 770 8 0.0607 580 521 830 774 11 0.0606 513 591 767 839 0 0.0603 576 667 823 905 11 0.0597 514 464 769 707 11 0.0593 579 524 835 770 11 0.0593 572 664 826 901 10 0.0593 512 592 765 836 8 0.0587 574 663 816 903 8 0.0586 502 86 751 322 11 0.0585 563 77 824 308 11 0.0585 186 460 439 707 11 0.0584 248 528 502 762 5 0.0584 338 613 695 797 5 0.0584 510 586 762 837 5 0.0584 570 662 819 899 5 0.0580 558 202 811 441 5 0.0579 173 520 425 764 10 0.0579 444 531 704 772 11 0.0576 344 617 705 796 8 0.0575 569 0 824 196 10 0.0575 498 210 748 436 8 0.0574 518 456 761 708 5 0.0573 638 599 895 836 7 0.0573 197 383 442 642 0 0.0572 572 275 812 514 11 0.0572 635 451 895 697 8 0.0567 345 616 696 794 5 0.0567 574 521 830 766 8 0.0566 498 207 736 433 8 0.0565 571 276 805 512 11 0.0564 564 3 833 191 11 0.0563 501 151 760 383 7 0.0563 251 455 504 703 0 0.0562 565 145 824 385 3 0.0562 508 151 760 390 6 0.0562 253 460 503 699 3 0.0561 648 602 896 845 6 0.0558 645 601 899 839 0 0.0556 343 616 703 798 8 0.0555 377 476 632 708 11 0.0555 302 471 574 702 5 0.0555 562 73 819 312 8 0.0554 647 600 889 841 8 0.0554 188 454 433 709 5 0.0554 513 456 763 706 0 0.0552 568 0 827 199 3 0.0552 578 664 820 907 10 0.0552 575 667 821 901 13 0.0551 583 521 842 773 10 0.0551 564 82 822 313 10 0.0550 514 465 769 708 7 0.0550 507 397 763 629 3 0.0548 520 589 767 844 10 0.0548 578 526 835 771 13 0.0548 577 662 831 902 3 0.0547 572 75 823 317 5 0.0547 499 260 738 492 0 0.0546 634 448 897 699 6 0.0544 577 665 824 900 0 0.0543 180 525 426 769 13 0.0541 250 459 508 703 11 0.0540 240 394 491 637 7 0.0540 506 267 746 492 13 0.0540 647 600 905 842 7 0.0538 446 531 705 771 3 0.0538 507 268 743 500 13 0.0538 567 145 831 384 5 0.0537 241 453 496 695 8 0.0537 640 444 887 698 2 0.0537 571 280 814 513 3 0.0537 583 520 836 779 6 0.0537 404 613 781 791 13 0.0536 347 620 716 799 3 0.0534 640 445 895 707 6 0.0534 506 267 742 495 10 0.0533 643 606 895 839 3 0.0533 350 616 702 801 11 0.0531 57 609 310 828
gZySMOOmvESbAglIwWrKRXh0HCW7l3j8,11 0.0540 493 734 750 952 11 0.0538 357 345 617 577 0 0.0530 362 341 618 583 11 0.0528 446 608 687 834 11 0.0525 160 414 425 638 0 0.0518 201 470 560 658 7 0.0515 373 279 623 518 8 0.0515 204 471 545 653 7 0.0514 500 729 758 953 13 0.0510 171 406 427 641 7 0.0501 442 671 691 893
88UJMRNsIYFlS4woTenByRs1staPyVvC,8 0.0680 382 132 645 379 11 0.0674 510 8 771 238 8 0.0673 444 195 702 446 5 0.0668 439 190 702 447 11 0.0648 637 469 881 704 3 0.0645 386 132 653 386 11 0.0642 382 136 653 378 8 0.0642 640 468 873 708 0 0.0640 567 135 823 386 8 0.0638 510 3 764 238 0 0.0637 445 73 700 308 7 0.0636 386 133 652 384 5 0.0634 634 466 879 704 8 0.0632 564 203 809 449 0 0.0626 509 210 764 453 5 0.0625 243 271 495 511 6 0.0625 571 138 828 383 6 0.0623 450 4 704 235 7 0.0620 449 69 701 312 5 0.0618 443 0 697 234 6 0.0616 384 136 653 379 11 0.0616 446 71 702 309 7 0.0614 570 134 825 386 0 0.0614 641 469 880 709 7 0.0613 512 4 771 243 13 0.0612 382 135 657 377 8 0.0611 447 69 695 310 13 0.0610 511 5 778 237 5 0.0608 560 199 812 447 11 0.0603 567 138 825 386 0 0.0603 379 134 651 383 0 0.0599 507 4 773 240 3 0.0597 512 144 761 389 11 0.0595 248 279 499 512 6 0.0592 255 277 496 514 13 0.0588 627 533 876 773 3 0.0586 452 72 701 313 3 0.0586 646 466 885 711 8 0.0584 254 277 489 515 13 0.0582 258 278 503 515 3 0.0581 514 4 771 245 2 0.0578 568 207 814 449 6 0.0578 455 254 711 503 7 0.0577 642 466 883 708 13 0.0576 450 72 705 305 6 0.0574 642 469 881 709 13 0.0573 506 145 763 382 2 0.0571 508 148 758 384 10 0.0570 378 135 653 383 2 0.0569 446 10 700 235 10 0.0569 562 204 816 445 13 0.0560 564 205 822 450 10 0.0558 445 71 700 312 7 0.0557 252 275 497 512 3 0.0557 255 277 495 522 9 0.0556 443 200 708 440 2 0.0556 384 143 646 382 9 0.0555 377 137 653 374 9 0.0545 569 137 826 382 1 0.0540 374 129 651 382 12 0.0531 566 200 816 445 9 0.0529 445 72 704 305 10 0.0527 636 473 882 706 10 0.0524 264 352 635 538 10 0.0524 510 9 767 239 4 0.0515 447 75 708 309 2 0.0506 267 356 625 539 12 0.0504 442 195 709 445 2 0.0504 626 539 870 770 4 0.0503 445 203 712 446 1 0.0503 441 65 702 312 4 0.0502 567 140 830 388
bJUSZznuZakzcpeAMg2BKvHidk1brODj,5 0.0548 369 591 610 837 7 0.0540 190 475 446 714 7 0.0538 284 676 663 858 11 0.0536 183 475 442 707 0 0.0532 328 609 570 841 8 0.0526 189 473 438 711 7 0.0525 262 547 505 779 0 0.0520 260 545 500 780 11 0.0516 270 682 659 855 5 0.0516 263 591 505 828 0 0.0514 252 674 515 915 5 0.0513 296 669 567 903 6 0.0511 372 600 622 835 6 0.0510 191 474 450 708 11 0.0507 258 549 501 777 5 0.0503 184 466 436 706 0 0.0503 188 472 445 713 8 0.0502 252 673 500 909 8 0.0501 260 545 495 777
MxfqcopgNz3L5GmGnNeusEaKOOuTm8xZ,0 0.0638 246 654 505 907 7 0.0637 317 590 565 821 8 0.0633 243 594 492 832 5 0.0621 115 712 357 958 11 0.0618 115 718 364 954 8 0.0617 181 654 428 904 5 0.0608 174 653 430 901 0 0.0608 127 671 379 913 5 0.0607 308 591 557 817 0 0.0606 316 592 564 824 7 0.0603 119 716 367 960 7 0.0597 182 656 441 902 8 0.0596 118 716 358 959 8 0.0592 312 529 561 762 5 0.0577 375 661 628 893 8 0.0576 382 593 610 811 10 0.0569 174 657 436 900 11 0.0569 383 669 633 891 11 0.0569 241 659 503 899 10 0.0557 114 720 362 957 0 0.0555 316 465 574 700 7 0.0554 318 463 577 697 3 0.0545 120 716 360 963 6 0.0544 120 720 365 961 8 0.0538 318 660 563 904 10 0.0531 310 595 563 819 13 0.0527 316 595 568 820 3 0.0526 249 656 506 906 8 0.0525 245 469 485 692 6 0.0523 383 668 639 897 0 0.0522 384 668 636 901 6 0.0522 318 598 563 821 3 0.0519 388 595 619 817 6 0.0519 246 657 507 904 13 0.0518 120 717 371 960 13 0.0514 184 657 445 904 2 0.0512 315 601 562 823 7 0.0510 391 388 639 616 11 0.0509 314 393 576 620 11 0.0508 312 534 571 764 5 0.0503 311 461 568 696
TLv5RXx2hvhIkrZfdOOISb9BLzmnDP1k,5 0.0591 158 468 426 699 5 0.0570 240 317 498 560 8 0.0559 166 468 416 707 0 0.0549 260 132 503 370 8 0.0548 192 260 433 508 5 0.0543 251 180 495 420 0 0.0542 245 250 506 485 11 0.0540 259 133 503 369 11 0.0539 186 258 443 503 6 0.0536 650 600 902 830 6 0.0534 255 185 504 422 0 0.0532 182 335 439 577 11 0.0528 636 603 901 822 3 0.0527 192 266 442 513 0 0.0521 267 24 500 250 13 0.0520 193 260 449 512 11 0.0520 168 790 423 1022 8 0.0520 256 188 490 418 7 0.0518 256 184 504 422 7 0.0518 169 467 429 701 11 0.0517 291 657 574 888 11 0.0517 246 391 513 632 6 0.0517 250 321 504 563 13 0.0513 182 402 446 644 7 0.0508 195 255 446 508 7 0.0501 255 386 518 637
TXVQYqabtvugQA0fVkygRRhY57R9H6D5,0 0.0634 180 256 437 502 11 0.0615 309 325 567 557 11 0.0594 258 390 518 631 8 0.0589 243 263 494 498 3 0.0583 311 255 564 493 11 0.0581 139 350 505 531 5 0.0580 256 387 515 627 5 0.0579 233 261 498 492 8 0.0572 176 328 421 572 0 0.0570 183 399 428 640 7 0.0567 310 255 568 491 0 0.0564 445 84 697 311 7 0.0559 242 332 507 568 11 0.0558 388 397 649 633 0 0.0556 233 472 597 654 8 0.0554 447 85 689 305 0 0.0551 265 543 530 773 8 0.0546 187 470 434 714 5 0.0544 376 532 631 764 0 0.0544 311 325 565 558 13 0.0543 266 390 522 634 6 0.0543 177 333 434 566 10 0.0540 170 339 424 569 5 0.0538 259 537 519 763 5 0.0536 169 329 426 568 11 0.0535 266 618 526 833 0 0.0535 383 545 636 770 3 0.0534 378 325 636 566 8 0.0534 499 212 742 441 11 0.0530 370 605 632 821 0 0.0528 188 143 445 393 10 0.0527 240 272 501 500 8 0.0527 183 199 428 446 5 0.0526 493 210 742 442 13 0.0525 244 263 505 504 8 0.0525 328 394 568 635 7 0.0524 184 252 438 501 0 0.0524 256 89 507 324 0 0.0524 331 611 584 836 6 0.0523 242 264 505 496 6 0.0523 386 539 640 764 3 0.0522 262 390 518 638 11 0.0521 313 734 566 946 5 0.0519 321 602 577 830 0 0.0519 496 213 751 446 0 0.0519 388 394 643 633 6 0.0517 265 386 526 630 13 0.0516 450 87 705 308 11 0.0515 236 214 506 442 6 0.0514 331 609 587 831 5 0.0511 441 82 691 307 5 0.0508 179 472 438 707 7 0.0507 328 395 581 635 3 0.0507 175 336 424 575 6 0.0502 331 460 583 699 12 0.0502 241 335 509 571 11 0.0500 451 88 700 308 7 0.0500 499 212 752 445
FOJ248uP3J8zmlmOAO2YEPNZBzYyEL6f,5 0.0586 325 519 580 757 11 0.0580 319 392 577 630 0 0.0570 294 597 667 770 0 0.0565 380 386 637 633 11 0.0565 512 403 759 644 0 0.0560 518 467 758 718 5 0.0558 318 387 572 628 2 0.0553 461 532 721 775 5 0.0548 511 459 752 712 5 0.0547 383 448 638 690 7 0.0546 380 388 640 632 6 0.0538 521 465 761 719 7 0.0535 265 515 518 766 11 0.0535 379 324 634 561 3 0.0535 469 529 720 783 6 0.0530 345 592 598 821 7 0.0529 522 461 763 715 11 0.0528 291 600 659 765 2 0.0527 341 482 734 663 8 0.0524 462 531 710 778 8 0.0524 346 478 722 664 13 0.0523 351 479 744 662 11 0.0519 582 272 830 494 0 0.0518 519 339 764 574 11 0.0517 252 462 510 697 8 0.0517 321 389 567 629 7 0.0516 402 524 656 775 13 0.0515 306 600 671 771 3 0.0514 349 480 736 668 3 0.0513 332 527 588 766 7 0.0509 320 456 583 696 8 0.0508 388 325 625 563 6 0.0508 256 456 513 695 5 0.0506 249 458 505 696 13 0.0503 469 529 723 777 7 0.0500 522 335 768 569
F5nXFhMP6E0KxRDpW5olicSF7Z78CtJK,8 0.0651 310 603 560 838 8 0.0648 254 470 503 700 11 0.0646 256 471 511 701 5 0.0581 306 592 568 836 5 0.0575 244 526 499 769 7 0.0571 248 530 503 770 3 0.0557 247 535 499 778 0 0.0556 253 400 502 638 3 0.0555 255 402 504 641 7 0.0552 313 597 576 840 11 0.0552 305 602 567 835 6 0.0551 312 600 573 837 3 0.0549 312 602 568 846 5 0.0544 251 394 503 638 7 0.0542 255 400 507 637 6 0.0531 251 535 501 768 13 0.0529 255 403 511 640 0 0.0526 307 599 569 839 13 0.0522 310 599 578 839 8 0.0522 238 662 492 901 8 0.0520 178 540 426 780 11 0.0520 182 542 433 778 2 0.0518 244 603 505 836 7 0.0518 238 657 506 902 7 0.0510 182 590 444 836 10 0.0510 308 603 569 838 0 0.0506 246 533 499 771 10 0.0506 243 537 500 772 6 0.0504 259 404 507 637 13 0.0503 246 536 505 770
CiQ1iaUjJYiRpq6L7Yxb95eSM0ybjDoj,11 0.0635 429 659 681 893 5 0.0631 428 648 681 894 11 0.0617 366 528 636 768 5 0.0612 499 581 754 828 8 0.0606 431 594 681 835 0 0.0605 314 381 564 636 7 0.0600 436 594 691 839 0 0.0598 430 652 683 896 0 0.0596 504 588 760 832 11 0.0596 406 488 775 674 5 0.0596 426 529 686 775 3 0.0595 433 657 687 902 0 0.0590 376 460 638 704 11 0.0590 500 588 754 830 10 0.0586 376 664 634 898 0 0.0586 430 536 689 775 6 0.0579 435 657 687 898 6 0.0576 503 591 760 831 8 0.0574 399 548 757 736 8 0.0571 511 399 759 642 5 0.0571 501 462 761 714 11 0.0569 308 446 563 697 11 0.0563 385 393 633 631 5 0.0563 308 444 560 698 7 0.0560 510 467 763 719 10 0.0559 501 590 757 829 10 0.0555 376 459 636 701 11 0.0553 369 800 621 1022 8 0.0553 110 0 446 148 13 0.0550 514 403 775 642 7 0.0549 500 652 758 897 10 0.0549 426 534 688 774 7 0.0546 371 792 623 1023 0 0.0545 100 1 455 152 8 0.0542 497 654 745 897 8 0.0541 377 459 631 699 13 0.0540 436 653 691 897 6 0.0540 433 540 691 773 7 0.0539 434 713 687 956 8 0.0539 381 662 629 902 3 0.0537 505 591 759 838 0 0.0535 617 480 879 701 11 0.0535 99 0 460 149 11 0.0533 494 722 748 960 3 0.0533 434 538 688 781 0 0.0532 509 401 765 641 3 0.0532 316 450 558 703 7 0.0531 314 450 563 703 5 0.0531 365 787 615 1020 10 0.0527 516 404 767 641 3 0.0523 511 470 762 720 13 0.0522 506 585 768 831 11 0.0522 618 477 878 698 7 0.0522 517 344 762 578 0 0.0520 498 714 754 959 3 0.0519 370 798 619 1023 6 0.0519 515 405 771 639 0 0.0518 232 320 493 565 2 0.0515 432 659 685 899 5 0.0515 382 386 629 636 5 0.0515 508 339 756 575 13 0.0514 323 377 570 638 13 0.0507 372 794 629 1023 2 0.0506 434 542 693 777 8 0.0504 374 796 611 1023 7 0.0504 246 388 500 641 2 0.0503 505 593 761 833 11 0.0503 253 727 518 950 13 0.0503 113 1 463 151 1 0.0501 433 589 685 835 11 0.0501 253 343 613 537
JhLNMywQqYbqP0YMzKfhZWhWiirq9SAu,0 0.0536 318 525 575 779 8 0.0522 389 452 632 696 11 0.0507 310 524 577 771 11 0.0507 384 457 642 698 0 0.0506 246 597 499 849
HWiLdBb2ZtEroGQLGppJ5b3IbMvwhHKg,8 0.0613 116 455 361 708 8 0.0589 190 391 441 647 3 0.0583 128 397 379 653 5 0.0583 118 389 370 642 5 0.0579 544 797 795 1018 5 0.0578 190 264 451 514 11 0.0578 239 321 503 565 6 0.0571 193 325 448 581 11 0.0564 185 395 445 646 6 0.0561 247 259 506 503 0 0.0557 239 320 497 570 13 0.0546 244 321 504 570 11 0.0546 566 351 839 572 0 0.0545 191 395 445 646 8 0.0545 552 802 796 1022 7 0.0539 124 394 378 650 10 0.0532 193 269 454 515 11 0.0523 235 196 503 429 7 0.0523 249 257 507 503 8 0.0523 243 322 492 569 3 0.0521 188 327 450 588 10 0.0519 23 424 400 599 6 0.0517 126 399 376 646 11 0.0516 368 787 614 1012 10 0.0515 190 397 445 646 8 0.0514 572 345 828 578 8 0.0512 586 485 832 712 13 0.0509 195 388 449 649 6 0.0507 249 128 505 371 0 0.0506 549 800 805 1023 0 0.0506 238 196 494 434 7 0.0503 192 323 450 580 2 0.0500 242 323 496 568 7 0.0500 548 799 809 1023
d5ZbNSd7r0510F8EtJLv0VHv1t5Bsh5m,11 0.0610 447 409 715 648 0 0.0570 393 466 650 717 11 0.0560 238 485 506 716 6 0.0534 454 405 720 652 0 0.0534 245 354 497 583 7 0.0532 453 404 717 652 0 0.0532 339 0 690 161 5 0.0526 323 0 688 157 8 0.0517 450 405 707 652 6 0.0514 333 486 593 724 3 0.0514 455 407 710 658 11 0.0512 242 357 501 574 6 0.0507 358 0 643 190 0 0.0506 742 465 1021 711 11 0.0506 313 542 582 780 0 0.0505 313 539 578 787 3 0.0503 362 0 636 196
htspftObRpD6LB5hl59d4Z3eU7spdLY4,11 0.0625 386 380 644 629 11 0.0580 502 397 770 635 8 0.0571 505 396 761 640 5 0.0564 495 266 760 502 0 0.0558 569 273 828 511 7 0.0557 328 390 570 636 13 0.0555 328 395 572 640 0 0.0554 46 800 296 1018 3 0.0553 514 397 772 647 5 0.0553 502 648 758 896 8 0.0549 570 469 814 714 0 0.0547 243 264 497 514 3 0.0545 389 439 646 698 8 0.0545 388 433 640 692 11 0.0544 387 505 652 747 5 0.0543 388 250 638 493 5 0.0542 500 392 767 637 11 0.0542 391 257 644 496 10 0.0539 504 399 768 635 0 0.0537 397 258 643 497 0 0.0534 326 198 576 423 11 0.0534 502 274 764 504 0 0.0534 386 439 643 695 5 0.0532 570 468 821 708 3 0.0531 575 276 830 516 0 0.0530 509 654 758 898 8 0.0530 453 326 706 573 8 0.0529 394 253 634 498 7 0.0528 507 394 771 639 2 0.0528 505 277 767 504 0 0.0528 502 335 768 573 13 0.0527 511 398 772 638 7 0.0524 572 271 831 514 6 0.0523 508 334 772 575 0 0.0520 574 472 822 715 5 0.0520 39 797 288 1013 11 0.0518 45 801 298 1010 8 0.0518 326 389 559 638 5 0.0517 317 392 567 633 3 0.0514 394 254 645 503 5 0.0510 317 194 568 419 11 0.0510 387 143 651 362 7 0.0508 462 588 719 828 8 0.0507 462 511 705 755 6 0.0506 51 803 301 1009 7 0.0505 398 253 648 498 11 0.0503 569 469 825 708
3oCtKchfKXCoI4pjGlcXBTtubhfxGZNV,5 0.0572 227 328 489 561 11 0.0572 226 339 497 558 8 0.0553 249 397 490 624 13 0.0553 238 339 501 563 0 0.0538 227 339 498 562 10 0.0510 185 402 451 629 6 0.0506 233 336 500 562
WGl6SCvEhccssBVwnh76rpw4XeuyLqsm,5 0.0601 760 7 1005 252 11 0.0567 259 788 499 1014 0 0.0564 760 18 1006 257 5 0.0559 253 789 493 1015 8 0.0533 260 788 492 1018 10 0.0531 754 20 1006 254 8 0.0523 759 13 997 252 7 0.0514 261 790 506 1019 11 0.0513 238 478 506 713
9iV1CqrgKjEbAQFDRg1BVCEbZs18AZpr,5 0.0682 305 260 567 508 8 0.0644 312 326 560 570 11 0.0636 310 332 566 574 11 0.0629 235 392 488 638 5 0.0623 240 324 499 574 5 0.0620 371 323 637 569 8 0.0614 318 428 665 603 0 0.0613 509 152 765 384 6 0.0610 314 265 568 511 0 0.0610 255 266 501 513 8 0.0610 387 269 637 502 11 0.0610 116 463 355 691 8 0.0607 254 265 495 510 8 0.0606 237 383 477 635 11 0.0603 256 269 504 512 10 0.0601 254 216 501 446 10 0.0599 308 269 569 511 7 0.0599 314 266 569 510 5 0.0598 442 254 701 494 0 0.0596 573 263 818 492 6 0.0595 303 388 553 641 8 0.0590 506 148 762 382 10 0.0590 243 330 499 574 2 0.0589 449 268 696 494 13 0.0587 315 327 570 575 11 0.0587 296 450 558 705 5 0.0584 116 455 351 696 5 0.0583 505 201 770 428 3 0.0583 311 266 570 517 0 0.0582 205 205 442 440 0 0.0581 264 143 513 372 3 0.0580 243 325 498 581 11 0.0578 262 145 516 370 8 0.0577 510 267 757 484 11 0.0576 203 207 448 442 10 0.0573 442 264 706 496 7 0.0572 261 211 503 443 8 0.0571 583 322 820 552 8 0.0567 119 459 344 693 6 0.0567 380 329 637 565 11 0.0566 381 274 644 505 0 0.0565 314 326 567 576 7 0.0565 245 326 498 572 7 0.0565 320 427 684 605 3 0.0561 118 458 352 699 13 0.0560 237 387 492 637 12 0.0560 314 325 569 577 0 0.0560 120 462 353 693 7 0.0557 452 263 708 497 0 0.0555 385 271 643 508 2 0.0555 235 392 490 636 6 0.0554 267 146 516 373 8 0.0551 266 144 501 368 0 0.0550 573 82 845 315 6 0.0550 190 457 430 697 3 0.0547 320 426 677 610 7 0.0545 513 206 775 435 2 0.0544 510 211 766 429 13 0.0542 389 267 648 506 8 0.0541 628 155 874 386 0 0.0540 326 71 576 300 10 0.0537 374 333 638 567 0 0.0536 237 384 485 635 2 0.0536 186 463 430 699 2 0.0535 257 273 500 512 7 0.0535 124 459 357 694 3 0.0535 235 456 477 707 11 0.0532 506 272 764 486 3 0.0532 454 261 702 501 11 0.0529 579 325 830 553 5 0.0529 629 632 886 895 6 0.0528 360 452 627 697 8 0.0527 634 256 870 480 2 0.0526 312 333 565 573
ghPNLO1DIJrsVa8TPvOKmsjXNLeCBjkr,11 0.0566 432 667 695 890 11 0.0555 489 722 765 954 5 0.0550 432 655 695 892 13 0.0537 381 779 636 1018 8 0.0535 375 668 635 900 7 0.0526 444 661 702 894 0 0.0523 177 287 447 522 0 0.0521 249 346 504 592 6 0.0519 438 665 698 891 8 0.0518 114 280 387 504 13 0.0511 233 403 508 647 11 0.0510 374 721 633 957 13 0.0507 4 81 251 312 0 0.0507 496 717 769 958 0 0.0505 375 781 627 1021
NZevAANiPRTBwVa6PM4oOPON2DSqYPza,11 0.0581 244 540 503 778 7 0.0536 250 539 503 779 0 0.0509 318 523 559 772
0kj8UXQxWICPYTELadsoEj9MBfwqyBd4,11 0.0606 188 796 434 1021 7 0.0597 191 795 436 1023 5 0.0595 756 0 1013 248 5 0.0595 186 791 426 1020 8 0.0586 759 4 1007 246 8 0.0583 189 794 428 1023 8 0.0568 555 0 812 197 0 0.0556 757 3 1015 254 6 0.0546 191 796 435 1023 11 0.0536 753 4 1014 248 5 0.0535 548 0 816 192 11 0.0534 554 1 818 194 0 0.0534 188 795 431 1023 10 0.0527 754 7 1016 249 3 0.0525 191 794 431 1023 13 0.0520 763 77 1023 321 0 0.0515 557 1 820 197 10 0.0514 187 798 435 1022 2 0.0505 756 5 1022 245 2 0.0505 553 5 823 195 2 0.0503 190 799 432 1023
6u1JAToQdjXxYmHJv9Fqbve3RkYmOPS8,11 0.0534 494 15 749 245 11 0.0532 366 714 626 944 8 0.0531 374 711 618 946 3 0.0530 505 11 756 256 0 0.0525 704 12 960 262 8 0.0521 706 8 949 263 5 0.0517 434 0 696 234 7 0.0506 377 713 628 946
KyUgPZebNwCH0Q7vc98cuJqgKkyCZGjp,8 0.0655 570 459 803 712 11 0.0636 554 405 811 639 5 0.0628 441 328 688 556 0 0.0623 315 268 574 511 11 0.0622 436 156 715 379 5 0.0616 443 442 685 684 5 0.0614 557 400 803 641 0 0.0607 573 461 812 714 6 0.0605 559 406 811 642 0 0.0599 239 205 509 445 8 0.0592 636 405 876 653 3 0.0591 636 405 878 660 11 0.0589 442 331 693 555 8 0.0589 555 339 808 572 0 0.0587 313 142 579 379 5 0.0586 309 327 567 565 0 0.0582 634 404 881 652 11 0.0581 630 457 887 712 8 0.0577 443 329 687 557 0 0.0576 373 207 642 442 11 0.0575 431 597 694 833 3 0.0571 449 331 692 562 13 0.0570 381 207 658 442 8 0.0569 447 445 683 685 11 0.0568 313 271 576 507 13 0.0568 572 463 819 713 6 0.0567 629 341 885 582 11 0.0565 621 345 885 577 2 0.0564 443 337 696 557 3 0.0563 558 341 812 577 0 0.0563 379 396 631 639 7 0.0562 449 333 696 559 0 0.0561 249 334 503 572 11 0.0560 551 287 828 510 6 0.0559 318 332 578 566 0 0.0557 554 345 814 571 11 0.0555 393 519 643 753 8 0.0555 435 153 705 384 11 0.0555 314 143 577 375 5 0.0552 369 145 639 366 11 0.0549 242 204 511 439 3 0.0548 445 154 715 388 8 0.0548 317 330 561 566 5 0.0547 551 282 818 508 13 0.0547 318 141 588 382 3 0.0545 320 203 583 445 11 0.0545 447 445 689 685 6 0.0543 442 156 717 384 7 0.0541 453 444 691 688 6 0.0540 324 207 590 444 2 0.0540 450 452 690 686 7 0.0539 380 206 649 444 3 0.0538 574 462 813 720 7 0.0538 563 403 811 644 8 0.0538 396 517 632 753 3 0.0538 382 395 629 644 5 0.0537 240 203 504 440 3 0.0537 314 332 570 573 0 0.0536 394 519 639 758 10 0.0534 378 153 645 367 6 0.0532 639 458 889 715 13 0.0531 321 269 580 514 5 0.0531 633 454 881 717 10 0.0530 446 448 689 690 5 0.0530 618 339 876 576 11 0.0529 244 333 505 572 8 0.0529 315 141 568 381 13 0.0529 384 397 632 639 0 0.0529 444 333 692 558 5 0.0527 393 512 636 754 7 0.0526 318 140 576 378 9 0.0524 376 210 647 434 2 0.0523 572 469 812 715 7 0.0522 318 432 570 688 13 0.0521 449 331 697 555 5 0.0520 314 429 564 682 10 0.0519 394 519 642 754 2 0.0518 555 347 815 568 7 0.0517 317 266 575 509 9 0.0515 439 332 691 551 6 0.0515 558 286 827 513 10 0.0513 568 463 809 713 0 0.0512 186 401 438 640 13 0.0512 636 406 889 655 8 0.0512 241 266 488 506 3 0.0511 238 271 502 512 6 0.0510 245 269 505 505
pQFNLlg98KDdcYv4r9UZs24KKRbQLW1i,8 0.0666 146 866 505 1023 5 0.0651 209 800 567 979 11 0.0649 143 868 510 1022 5 0.0644 141 866 503 1021 5 0.0640 766 3 1020 249 7 0.0627 218 799 576 980 7 0.0624 151 868 513 1023 11 0.0619 210 801 573 978 10 0.0612 143 871 508 1022 0 0.0612 211 867 571 1023 8 0.0609 212 800 566 981 8 0.0595 58 0 311 208 0 0.0592 49 0 317 214 6 0.0582 215 868 572 1023 5 0.0580 50 0 309 208 13 0.0577 149 870 517 1023 6 0.0576 57 0 321 209 10 0.0563 213 805 570 978 11 0.0558 54 1 319 203 13 0.0558 215 801 578 981 8 0.0557 772 4 1018 250 0 0.0555 770 7 1022 259 13 0.0554 56 1 326 210 2 0.0554 147 872 509 1023 11 0.0549 767 9 1021 250 3 0.0544 214 866 571 1023 9 0.0533 205 866 571 1020 3 0.0531 58 0 318 217 13 0.0520 772 7 1023 253 6 0.0518 774 9 1023 251 2 0.0515 217 805 575 981 7 0.0507 703 3 958 243 3 0.0506 772 10 1023 257 7 0.0505 54 0 317 208 1 0.0504 49 0 314 208
ZgdQwwNMv93OT8mGT7vHq4xemVkU4q2J,11 0.0590 439 602 691 834 8 0.0559 443 599 683 838 11 0.0556 502 737 755 968 5 0.0548 502 660 757 910 7 0.0547 447 595 699 837 8 0.0527 238 462 493 705 8 0.0514 497 734 749 972 5 0.0512 322 663 687 849 0 0.0512 441 599 694 840 13 0.0508 510 664 771 909 6 0.0506 443 659 695 893
jggaaN1eQZ0MUcoaFP6tQWWu4UZJg1oG,0 0.0606 191 679 440 912 11 0.0596 188 684 443 904 7 0.0582 130 672 382 901 5 0.0580 179 724 437 956 11 0.0577 512 341 761 578 5 0.0565 507 337 758 579 8 0.0562 511 336 754 577 7 0.0561 562 348 837 582 8 0.0555 193 682 435 908 8 0.0554 581 405 820 648 13 0.0552 564 352 840 585 6 0.0543 192 679 444 908 0 0.0532 507 342 764 580 8 0.0529 251 734 497 969 11 0.0529 579 408 827 645 13 0.0527 194 678 449 911 5 0.0526 575 404 824 644 10 0.0526 126 680 377 900 0 0.0517 577 405 829 652 3 0.0511 194 681 443 910
DAeZ1Y0kNDOx12VyDC4tFMI928hDSzlS,11 0.0530 423 663 687 902 11 0.0527 431 794 689 1016 11 0.0519 370 597 628 829 5 0.0511 185 453 449 720 8 0.0509 113 344 380 589 8 0.0503 130 217 381 451
va2jkcwIpRf7c7PsCFVKLcsNorp7DWKz,11 0.0634 447 593 688 828 11 0.0627 384 523 637 757 0 0.0622 382 593 627 832 0 0.0617 449 529 688 759 7 0.0612 316 661 572 907 11 0.0611 309 663 566 904 8 0.0609 313 661 562 907 7 0.0604 385 588 630 831 0 0.0604 312 663 570 910 8 0.0601 383 593 620 829 5 0.0589 443 588 683 829 3 0.0587 450 591 687 836 2 0.0582 314 668 569 908 6 0.0574 384 591 630 829 0 0.0574 316 522 572 767 5 0.0572 308 657 565 903 3 0.0568 311 667 567 914 8 0.0563 450 530 682 759 7 0.0559 319 517 576 766 2 0.0558 384 596 628 833 6 0.0553 450 529 693 759 8 0.0551 233 603 482 841 13 0.0549 319 663 576 908 3 0.0549 316 523 569 771 8 0.0548 318 520 564 765 6 0.0548 315 664 571 905 11 0.0540 579 477 848 691 13 0.0538 388 589 632 832 0 0.0538 585 475 845 697 5 0.0536 309 516 565 763 7 0.0532 452 526 692 757 13 0.0528 453 528 693 759 10 0.0525 380 592 627 831 0 0.0520 231 600 490 845 10 0.0517 307 663 567 910 11 0.0516 175 463 451 703 8 0.0513 168 533 429 776 11 0.0511 224 603 490 841 2 0.0510 314 526 572 768 9 0.0506 378 590 625 824 6 0.0505 320 521 575 766 13 0.0505 322 521 577 767 2 0.0504 447 536 689 757 6 0.0504 587 474 845 697 7 0.0503 235 599 492 842
UPpWHaxIjjcQ09XX7a12e6ho5ruAS557,8 0.0675 137 865 501 1023 5 0.0668 133 866 504 1020 8 0.0642 319 783 557 1022 11 0.0636 315 782 562 1020 7 0.0633 140 866 509 1023 11 0.0619 133 867 509 1022 10 0.0616 135 872 507 1023 7 0.0615 318 782 564 1023 0 0.0603 317 782 563 1023 6 0.0594 143 872 509 1023 0 0.0584 137 868 507 1023 6 0.0566 317 788 563 1022 3 0.0566 318 782 562 1023 9 0.0561 133 869 508 1022 13 0.0556 320 786 568 1023 5 0.0552 308 716 558 949 10 0.0547 314 725 565 950 13 0.0540 139 870 517 1023 3 0.0539 144 868 506 1023 2 0.0539 138 872 508 1023 2 0.0537 319 788 563 1023 1 0.0513 137 867 503 1023 4 0.0509 134 870 512 1023 11 0.0507 309 662 563 880
rzrTHMOctqXDVaEVFhSVITfAXL9crjy8,5 0.0679 244 786 481 1020 7 0.0676 250 787 489 1023 11 0.0650 245 790 485 1020 8 0.0647 247 785 481 1022 7 0.0625 316 718 566 960 11 0.0619 196 746 570 912 0 0.0608 247 790 486 1023 8 0.0596 277 737 635 907 6 0.0590 247 794 488 1023 7 0.0586 633 806 887 1023 0 0.0585 277 741 644 911 11 0.0563 628 808 875 1023 13 0.0560 251 790 491 1023 3 0.0558 247 788 486 1023 10 0.0557 272 744 642 909 0 0.0553 626 809 883 1023 5 0.0550 621 805 875 1019 2 0.0540 247 792 489 1023 10 0.0536 246 795 486 1022 5 0.0529 190 742 559 910 9 0.0521 245 790 487 1021 0 0.0520 0 737 234 975 13 0.0516 277 741 652 911 8 0.0511 630 806 875 1020 3 0.0509 315 720 561 965 11 0.0504 0 741 237 968
X0N45nTswtLeFssbHnRs4hzAhYS2BXEB,8 0.0578 427 342 681 583 8 0.0567 757 11 1006 257 3 0.0564 429 344 688 589 11 0.0563 423 345 690 577 5 0.0559 422 339 685 583 13 0.0549 433 345 697 584 10 0.0548 752 18 1016 251 7 0.0541 430 343 691 585 0 0.0539 758 9 1012 258 0 0.0537 425 343 688 585 8 0.0537 169 781 420 1022 11 0.0534 167 790 429 1020 6 0.0530 431 344 693 586 2 0.0527 752 18 1012 256 5 0.0516 749 6 1013 249 11 0.0515 751 16 1015 251 11 0.0512 551 467 821 706 10 0.0504 427 344 690 589 0 0.0501 166 782 427 1023
TIl6zOkVtYsVnZYPbJX6kBDtMt0oLGm0,6 0.0592 389 458 653 693 11 0.0591 389 458 647 694 7 0.0589 391 399 648 652 11 0.0583 315 603 575 827 8 0.0582 392 398 639 647 5 0.0580 387 395 640 647 11 0.0575 383 220 645 436 8 0.0573 389 215 637 433 3 0.0568 391 217 644 438 0 0.0567 392 400 644 653 11 0.0560 314 288 574 513 0 0.0558 320 283 573 514 10 0.0554 318 608 576 829 8 0.0550 315 601 568 829 6 0.0540 321 289 584 511 7 0.0537 322 604 578 829 10 0.0534 392 408 649 649 3 0.0534 393 461 643 699 5 0.0532 313 601 569 825 7 0.0526 382 216 648 434 0 0.0525 380 220 644 432 5 0.0524 313 282 569 510 5 0.0523 381 209 644 429 0 0.0522 317 602 575 828 13 0.0522 319 603 583 832 8 0.0519 320 282 570 514 2 0.0518 398 408 648 654 7 0.0504 318 286 575 519
rqc6yA8uAxUUEj6ZT0JnPhBx4p875Z1V,5 0.0678 138 868 505 1020 8 0.0676 147 869 501 1023 11 0.0651 382 718 635 956 7 0.0644 147 869 513 1023 11 0.0642 440 792 692 1020 8 0.0624 326 717 566 963 11 0.0621 262 717 506 960 7 0.0619 267 713 508 965 8 0.0617 189 717 427 952 11 0.0613 141 871 509 1022 10 0.0607 142 872 509 1023 5 0.0601 259 712 502 961 7 0.0595 442 790 697 1023 8 0.0595 441 790 686 1023 11 0.0595 515 717 763 947 0 0.0594 145 871 509 1023 8 0.0593 120 660 363 887 6 0.0592 148 873 511 1023 5 0.0590 438 788 689 1021 8 0.0586 255 667 497 902 3 0.0579 328 713 570 966 7 0.0578 444 661 699 893 7 0.0577 386 714 636 961 0 0.0575 262 714 505 968 2 0.0574 82 870 443 1023 0 0.0571 438 789 691 1023 13 0.0567 148 871 517 1023 11 0.0566 502 587 753 820 8 0.0561 438 664 685 894 6 0.0558 264 717 510 962 6 0.0555 386 717 638 959 7 0.0555 512 586 756 826 3 0.0553 147 870 509 1023 5 0.0553 381 714 631 958 10 0.0553 184 724 430 949 13 0.0552 442 796 699 1023 9 0.0551 140 870 512 1022 3 0.0549 444 790 694 1023 13 0.0548 268 716 514 966 11 0.0548 113 664 376 887 13 0.0547 386 717 643 962 8 0.0545 178 598 422 823 0 0.0545 382 712 634 962 3 0.0541 191 716 434 954 6 0.0539 444 795 694 1022 11 0.0538 173 604 440 822 10 0.0536 441 792 692 1022 2 0.0533 265 721 509 967 11 0.0533 577 650 836 885 0 0.0528 504 588 752 827 10 0.0528 325 719 569 959 12 0.0525 149 870 506 1023 7 0.0524 179 596 437 821 7 0.0524 123 661 376 883 2 0.0523 441 796 695 1023 12 0.0522 268 716 505 966 8 0.0518 505 591 743 826 0 0.0516 511 713 762 953 1 0.0516 143 867 507 1023 10 0.0513 251 673 501 899 3 0.0510 442 661 694 899 12 0.0505 388 716 635 963 8 0.0501 514 717 757 953 0 0.0500 119 659 372 889
v198yaZ6ADcFifhTVcQs5M92SDr7pGJ2,11 0.0657 391 530 639 747 11 0.0617 571 612 821 829 11 0.0613 515 536 769 765 0 0.0609 389 534 641 750 8 0.0609 391 530 632 750 5 0.0605 455 531 695 759 7 0.0589 396 530 648 750 0 0.0554 514 532 767 768 8 0.0553 520 535 760 768 6 0.0539 521 536 771 767 8 0.0537 574 609 812 837 7 0.0532 524 533 770 773 5 0.0527 311 396 555 630 6 0.0526 394 534 642 749 3 0.0524 465 536 694 765 0 0.0524 571 609 822 838 13 0.0521 466 532 706 762 13 0.0521 575 608 829 836 2 0.0516 462 538 699 762 6 0.0512 578 610 826 836 10 0.0506 460 536 697 765 5 0.0502 568 607 811 838
XCJCfk4CAhhCHtkUwB0YFIUyLxhLomUh,5 0.0676 196 804 562 983 5 0.0673 365 778 617 1019 8 0.0673 371 778 616 1023 5 0.0673 493 780 746 1021 0 0.0670 329 677 697 861 8 0.0669 400 676 757 857 0 0.0668 309 726 563 975 11 0.0658 369 785 620 1018 0 0.0649 444 719 698 963 8 0.0642 445 718 692 961 7 0.0640 500 787 754 1023 11 0.0639 116 728 374 955 7 0.0636 372 781 626 1022 11 0.0634 442 721 699 960 13 0.0631 311 783 560 1023 11 0.0628 563 723 817 966 3 0.0625 498 787 749 1023 8 0.0623 109 791 355 1023 11 0.0619 395 678 766 857 5 0.0614 389 674 757 856 7 0.0614 569 724 816 967 3 0.0606 399 677 763 860 10 0.0605 305 784 553 1021 5 0.0603 102 788 356 1021 8 0.0598 564 724 806 965 10 0.0596 374 727 630 966 5 0.0594 369 399 618 630 0 0.0592 565 723 815 972 13 0.0589 382 723 637 968 2 0.0588 567 728 813 967 10 0.0587 332 681 699 861 3 0.0586 566 724 810 973 7 0.0583 402 677 767 859 2 0.0583 436 784 689 1018 6 0.0582 308 786 557 1022 3 0.0582 370 783 623 1023 2 0.0579 309 786 556 1023 0 0.0576 317 458 561 698 6 0.0570 434 785 693 1016 11 0.0566 379 342 628 575 13 0.0564 337 680 705 860 11 0.0563 319 271 570 503 2 0.0562 332 682 697 863 6 0.0561 398 679 775 854 5 0.0559 563 716 806 966 9 0.0558 433 783 689 1014 11 0.0558 3 666 262 874 10 0.0554 508 732 754 965 5 0.0554 240 321 494 566 11 0.0547 169 274 443 505 11 0.0545 242 330 500 566 13 0.0545 111 796 364 1023 6 0.0542 510 731 762 963 7 0.0542 386 342 630 579 7 0.0541 249 326 501 571 8 0.0540 380 340 619 579 11 0.0540 565 473 830 711 9 0.0536 307 784 554 1021 7 0.0536 113 793 365 1023 11 0.0535 316 457 564 693 5 0.0534 493 471 754 696 13 0.0531 514 727 763 964 7 0.0529 323 396 563 634 1 0.0529 496 783 751 1023 0 0.0528 319 269 567 504 8 0.0527 322 271 561 504 7 0.0526 324 272 574 506 3 0.0526 251 727 501 970 3 0.0525 111 794 363 1023 11 0.0525 245 213 515 443 7 0.0525 568 467 828 715 4 0.0524 435 785 693 1017 0 0.0524 118 726 372 962 4 0.0519 308 787 558 1023 8 0.0516 320 456 550 695 1 0.0515 365 777 619 1022 2 0.0514 123 729 375 956
TOK3AtIHohHF68Pd3eSBLh1LgbZMVDjp,11 0.0563 219 808 490 1023 11 0.0562 323 254 574 494 0 0.0549 315 459 571 707 11 0.0543 378 132 638 362 5 0.0540 380 128 628 367 11 0.0540 254 462 510 705 11 0.0537 377 672 650 900 11 0.0534 487 2 770 185 0 0.0531 311 586 572 837 7 0.0531 255 390 503 637 5 0.0529 489 0 762 185 6 0.0528 322 135 575 373 8 0.0524 494 0 756 189 0 0.0522 381 672 645 907 0 0.0520 492 2 769 191 11 0.0519 363 801 621 1021 6 0.0518 332 255 576 501 11 0.0514 255 325 498 568 13 0.0512 322 460 581 703 5 0.0511 219 803 481 1018 0 0.0511 222 808 491 1023 8 0.0509 384 136 625 371 7 0.0508 227 807 494 1023 11 0.0508 234 595 503 836 13 0.0506 255 394 508 641 5 0.0506 183 464 435 707 5 0.0505 236 592 497 833 11 0.0504 381 465 645 694 5 0.0502 322 248 567 498 8 0.0502 468 266 707 509 11 0.0501 311 530 571 766 0 0.0501 466 273 710 511 0 0.0501 258 324 493 577 0 0.0501 305 723 577 962 7 0.0500 192 463 441 708
QNKlynJ3bRzT1kUMta0bDLaVJrnHyPLd,11 0.0606 180 403 441 642 0 0.0588 180 401 442 646 5 0.0581 437 797 681 1020 6 0.0573 186 402 444 647 11 0.0566 188 271 445 506 11 0.0564 308 408 569 646 6 0.0547 258 328 516 565 0 0.0538 630 2 901 213 0 0.0538 308 403 570 655 11 0.0537 253 330 511 562 11 0.0535 434 540 698 778 8 0.0531 185 399 437 646 7 0.0530 183 398 446 643 11 0.0530 624 0 905 207 0 0.0529 251 327 509 567 10 0.0524 181 408 441 643 6 0.0519 310 404 574 650 7 0.0517 313 404 569 654 13 0.0517 128 403 402 653 8 0.0513 313 408 564 653 5 0.0512 245 389 501 635 3 0.0509 182 402 443 653 7 0.0509 449 800 695 1023 11 0.0501 447 416 704 647 2 0.0501 184 408 440 645 6 0.0500 307 812 551 1021
hAKJ4Rm7EuHeUDisHxuaqCtwftejWHSr,0 0.0619 10 467 254 706 11 0.0583 10 471 257 697 11 0.0564 510 588 765 835 8 0.0560 4 709 233 969 7 0.0559 519 583 768 837 3 0.0556 18 468 257 707 11 0.0555 381 406 646 649 11 0.0550 366 597 639 836 5 0.0545 10 462 253 704 11 0.0544 3 716 237 964 8 0.0538 16 468 248 703 0 0.0537 3 714 236 972 0 0.0533 385 531 645 790 11 0.0530 568 468 826 713 5 0.0528 366 590 631 836 5 0.0525 376 9 644 250 5 0.0521 0 713 231 964 10 0.0518 16 668 242 911 8 0.0517 582 409 828 651 10 0.0514 13 470 257 703 7 0.0513 8 712 236 970 0 0.0505 385 406 644 654 6 0.0504 19 470 260 703 7 0.0503 15 467 257 705 5 0.0502 444 518 713 792 0 0.0502 60 603 317 838 6 0.0502 376 594 642 836 6 0.0500 389 405 648 648
mV9ls2QbD62bNqIrcCaXpsA0EuWvgqwy,11 0.0650 249 398 510 633 11 0.0630 247 530 508 771 8 0.0624 247 592 496 833 5 0.0623 246 526 504 774 8 0.0620 255 453 496 704 5 0.0614 247 393 507 629 0 0.0612 255 526 508 777 8 0.0605 182 522 432 781 7 0.0603 185 522 441 776 5 0.0602 376 395 629 632 11 0.0601 181 449 442 707 5 0.0599 175 448 439 706 5 0.0595 308 334 573 564 8 0.0588 173 395 431 649 0 0.0587 251 399 514 637 13 0.0586 259 455 506 703 6 0.0582 257 459 507 703 7 0.0579 259 454 504 704 5 0.0570 366 646 635 892 11 0.0568 379 399 635 634 11 0.0568 368 653 639 894 13 0.0566 126 458 379 718 11 0.0565 308 339 576 566 5 0.0560 614 589 864 821 5 0.0557 493 395 757 632 7 0.0556 247 592 503 832 8 0.0555 117 452 360 719 0 0.0552 382 403 635 635 8 0.0552 373 652 630 896 3 0.0552 317 336 572 574 8 0.0551 254 333 509 577 13 0.0550 318 336 575 570 8 0.0549 384 398 627 635 6 0.0549 385 399 640 634 5 0.0549 232 657 508 891 0 0.0548 184 451 441 712 10 0.0546 245 604 500 832 10 0.0544 255 403 513 633 7 0.0543 384 395 636 636 13 0.0539 183 397 447 648 7 0.0538 374 653 643 898 6 0.0537 318 336 577 567 5 0.0537 618 461 878 697 3 0.0537 384 400 634 641 7 0.0536 315 335 575 569 8 0.0536 620 593 860 821 0 0.0533 311 336 573 569 2 0.0533 255 401 508 634 10 0.0532 180 459 441 709 3 0.0532 255 399 511 640 0 0.0531 370 652 641 898 6 0.0531 188 526 447 778 3 0.0531 254 528 506 779 11 0.0530 619 466 882 697 5 0.0526 500 689 758 951 7 0.0526 181 394 442 645 9 0.0524 252 455 499 698 6 0.0523 182 397 444 651 9 0.0521 176 526 438 769 8 0.0519 314 265 568 489 2 0.0515 257 535 507 776 8 0.0513 625 469 872 697 13 0.0512 248 591 509 831 8 0.0510 503 404 756 635 10 0.0510 317 342 577 564 0 0.0510 249 267 508 499 2 0.0509 183 454 439 711 1 0.0509 253 452 501 701 11 0.0508 245 270 514 493 13 0.0508 512 702 773 958 13 0.0506 622 601 878 821 1 0.0505 311 331 573 569 6 0.0505 248 595 508 833 1 0.0504 177 518 436 775 8 0.0504 560 704 814 959 7 0.0503 620 592 870 820 0 0.0503 504 694 769 957 11 0.0502 235 665 510 895
Nbn45WsdDx4RCJNz8yU4dvWDLiZevxlI,8 0.0609 428 274 690 505 0 0.0607 577 148 835 398 8 0.0592 435 146 702 391 0 0.0584 646 220 896 458 11 0.0576 429 211 699 445 0 0.0562 435 151 707 398 13 0.0554 646 222 908 456 7 0.0548 440 147 713 393 11 0.0545 577 148 835 396 8 0.0540 703 287 942 523 11 0.0535 435 334 699 561 0 0.0533 703 290 948 527 0 0.0525 709 146 950 394 7 0.0525 433 270 705 510 6 0.0522 437 149 714 387 8 0.0518 380 339 629 568 6 0.0517 574 226 840 458 5 0.0516 566 219 829 457 11 0.0516 696 292 953 524 10 0.0515 438 154 711 392 13 0.0512 579 147 844 396 8 0.0512 572 219 829 457 11 0.0511 645 222 897 456 13 0.0509 705 290 961 521 3 0.0508 445 152 706 396 0 0.0507 429 274 699 510 6 0.0506 707 289 957 523 7 0.0504 574 216 843 458
yMZgPL66GJHfItehA0g3NM4lVO34xNmN,11 0.0595 422 734 706 951 0 0.0585 424 734 709 958 0 0.0583 196 452 457 709 0 0.0574 636 544 889 777 7 0.0573 442 663 722 892 5 0.0567 517 275 759 498 11 0.0566 629 598 872 832 0 0.0565 580 340 829 568 8 0.0565 450 8 702 238 0 0.0562 521 283 762 498 6 0.0559 638 604 879 835 11 0.0559 556 658 810 883 11 0.0559 445 6 711 235 3 0.0557 456 9 711 247 2 0.0550 638 553 895 773 0 0.0549 556 653 814 898 5 0.0548 446 5 708 238 5 0.0545 491 662 766 895 7 0.0544 453 8 714 240 5 0.0543 626 589 872 836 7 0.0541 198 397 456 648 6 0.0538 530 284 766 498 8 0.0534 581 288 831 502 13 0.0534 390 11 654 250 7 0.0533 528 279 766 501 5 0.0529 575 336 829 568 13 0.0524 637 600 880 836 0 0.0524 706 482 954 709 8 0.0523 202 446 441 703 8 0.0522 436 203 678 429 0 0.0521 115 406 376 641 10 0.0520 423 734 708 953 11 0.0518 251 343 511 580 13 0.0517 584 343 840 569 5 0.0517 699 473 958 709 2 0.0516 448 13 711 237 8 0.0516 498 674 762 896 11 0.0513 579 342 834 568 6 0.0512 588 341 834 569 11 0.0511 451 140 703 354 11 0.0510 199 452 453 696 10 0.0509 452 13 713 239 3 0.0507 495 673 768 902 8 0.0507 428 729 700 955 6 0.0505 261 337 511 588 5 0.0504 183 399 445 645 13 0.0503 200 444 464 705 5 0.0501 564 216 831 438 3 0.0501 639 545 886 781 10 0.0500 494 673 770 891
XSm4T0VjDH4GwhcsUIQIqeuCMD1hzCtT,11 0.0599 776 468 1021 701 0 0.0565 252 204 491 437 5 0.0564 461 0 826 152 0 0.0556 309 78 552 308 11 0.0547 632 454 881 700 8 0.0539 316 78 546 302 11 0.0536 244 138 497 373 5 0.0536 242 128 493 371 8 0.0529 253 208 484 435 8 0.0522 777 464 1014 705 13 0.0520 255 262 504 502 5 0.0519 242 258 490 493 3 0.0514 253 206 497 441 3 0.0512 779 464 1017 713 5 0.0510 772 462 1018 702 7 0.0502 473 0 836 152 0 0.0501 632 456 882 706 0 0.0500 777 467 1019 711
x77MTBz1f2CZ4eSKCkzrRjgwvRydfZ31,14 1.0 0 0 1 1
06u61ecP4nFLivkbx2jzdEzhhQNYm4cA,5 0.0622 448 454 706 695 5 0.0618 444 188 699 441 5 0.0613 372 124 644 365 11 0.0599 448 128 713 367 5 0.0596 567 184 828 433 11 0.0594 644 384 908 624 5 0.0594 378 16 645 245 5 0.0591 383 510 636 760 8 0.0590 380 128 637 368 5 0.0587 387 376 639 627 8 0.0587 397 447 632 697 5 0.0587 508 117 766 366 7 0.0582 450 193 703 440 5 0.0581 236 135 505 363 3 0.0579 450 194 702 445 11 0.0578 754 394 1020 638 8 0.0575 461 515 692 771 6 0.0573 457 122 713 366 8 0.0572 310 193 566 423 8 0.0572 387 17 640 247 8 0.0571 387 255 632 495 13 0.0567 308 140 579 367 0 0.0566 397 453 643 699 8 0.0564 758 390 1007 647 3 0.0563 380 132 645 373 8 0.0563 448 195 694 439 7 0.0562 378 130 647 368 11 0.0562 694 259 956 497 8 0.0561 510 129 760 364 3 0.0560 387 255 637 504 13 0.0559 397 385 648 630 11 0.0559 381 256 642 496 8 0.0559 639 193 884 433 11 0.0558 321 329 584 567 0 0.0558 375 192 639 429 3 0.0558 513 127 771 372 7 0.0555 516 123 771 365 11 0.0554 565 133 832 372 10 0.0554 445 267 697 508 13 0.0553 458 456 714 697 5 0.0553 326 436 578 692 13 0.0552 703 259 958 503 6 0.0551 575 191 831 434 13 0.0550 383 191 644 424 8 0.0549 328 329 573 566 8 0.0549 242 139 496 368 0 0.0549 756 394 1017 648 13 0.0548 335 447 588 698 0 0.0546 633 193 891 436 13 0.0545 651 387 909 627 13 0.0544 762 394 1023 646 0 0.0544 389 322 644 571 11 0.0543 329 444 584 690 0 0.0542 695 261 954 504 13 0.0540 656 530 906 776 6 0.0540 390 253 641 495 11 0.0540 647 522 903 777 11 0.0540 306 195 575 422 11 0.0540 253 385 500 627 0 0.0539 450 125 710 373 3 0.0539 575 193 835 440 11 0.0538 633 194 893 434 13 0.0537 248 200 515 436 13 0.0537 637 193 899 438 13 0.0535 329 331 585 571 10 0.0535 384 25 650 246 11 0.0535 386 24 646 246 6 0.0534 331 330 583 568 6 0.0532 262 385 501 630 5 0.0532 305 190 569 419 8 0.0532 646 382 893 628 3 0.0531 592 539 837 790 5 0.0531 640 380 899 622 13 0.0531 408 293 770 478 2 0.0529 450 128 712 366 0 0.0529 581 599 835 853 13 0.0528 456 123 717 368 6 0.0528 391 23 652 246 7 0.0527 392 320 645 571 5 0.0526 249 380 493 629 7 0.0526 387 17 649 249 10 0.0525 242 147 508 367 2 0.0525 635 191 892 433 3 0.0525 460 457 705 703 2 0.0525 570 132 830 374 5 0.0524 580 532 836 774 6 0.0524 659 522 903 777 9 0.0524 510 128 770 356 9 0.0524 570 194 835 430 2 0.0523 454 464 708 695 13 0.0522 390 19 654 248 0 0.0520 648 387 903 628 0 0.0519 304 140 573 369
qHlg6p3dMZhG1E7e8utKZ5Wyapsa7zQe,8 0.0641 120 404 385 668 5 0.0601 252 332 506 569 11 0.0595 441 406 699 642 5 0.0594 309 519 569 770 7 0.0592 123 407 398 664 3 0.0586 184 407 446 667 11 0.0585 308 524 569 773 0 0.0582 445 526 698 773 7 0.0576 449 402 699 646 11 0.0576 120 413 395 661 6 0.0574 509 335 760 576 7 0.0570 260 453 515 709 8 0.0566 262 397 513 644 5 0.0563 181 398 444 655 7 0.0563 508 330 759 574 0 0.0563 260 338 508 573 6 0.0562 446 406 703 644 11 0.0559 442 527 698 769 8 0.0556 503 398 747 635 5 0.0552 438 398 694 643 9 0.0552 443 525 695 764 0 0.0550 444 404 698 643 13 0.0548 185 452 445 716 5 0.0548 439 521 695 768 7 0.0547 448 524 703 771 11 0.0545 260 334 513 569 10 0.0542 311 530 572 775 8 0.0541 315 644 562 880 11 0.0541 251 454 512 705 11 0.0541 501 335 760 572 6 0.0539 315 583 570 829 8 0.0539 314 527 563 770 8 0.0538 448 525 694 769 0 0.0538 186 405 442 658 10 0.0537 252 457 513 706 13 0.0536 507 399 762 633 0 0.0536 503 335 755 575 7 0.0536 262 335 513 573 11 0.0535 308 642 569 878 10 0.0534 256 339 510 570 0 0.0534 315 584 569 828 7 0.0534 314 583 575 831 5 0.0533 499 326 751 570 3 0.0532 316 525 571 779 3 0.0529 507 335 757 581 5 0.0529 309 638 566 878 5 0.0528 111 454 377 720 6 0.0527 122 411 404 664 3 0.0520 443 407 703 649 8 0.0518 254 275 505 513 13 0.0516 262 397 529 649 6 0.0514 447 526 704 769 9 0.0509 438 406 696 640 10 0.0506 446 529 701 771 3 0.0505 261 339 512 577 6 0.0505 260 455 515 708 2 0.0503 188 407 446 657 9 0.0503 310 525 568 763 13 0.0503 513 526 757 772 5 0.0500 252 206 507 449
chCYvlVjr9wycmXdeowzdyjHPVt6JRtD,11 0.0605 560 1 818 195 0 0.0595 561 0 813 201 5 0.0565 559 0 813 197 8 0.0565 563 0 810 197 0 0.0562 435 389 691 640 2 0.0559 559 4 816 198 6 0.0545 562 0 818 199 11 0.0544 360 728 627 960 10 0.0539 560 4 818 197 11 0.0536 215 2 589 159 7 0.0531 562 0 819 198 5 0.0528 488 335 745 564 3 0.0521 560 0 816 202 11 0.0517 432 387 690 634 11 0.0515 102 388 362 609 0 0.0511 358 721 627 966 13 0.0509 236 3 592 160 6 0.0507 495 342 754 565 7 0.0506 367 722 634 962 13 0.0502 563 0 823 200
148y0i1x4u6dGkmZnRyzrEfhc1h4kqv8,7 0.0679 136 679 496 857 8 0.0674 131 778 369 1013 5 0.0673 127 679 489 857 0 0.0667 318 655 570 907 8 0.0663 134 680 486 855 8 0.0663 258 790 491 1023 5 0.0661 250 791 493 1021 11 0.0659 317 659 573 899 0 0.0655 134 679 494 859 5 0.0652 127 780 369 1014 7 0.0650 320 654 574 904 11 0.0649 132 682 494 856 0 0.0634 130 782 371 1013 0 0.0631 257 796 498 1023 7 0.0629 131 781 376 1015 10 0.0621 180 653 426 885 6 0.0617 182 651 431 886 5 0.0616 315 652 567 904 8 0.0615 322 657 566 901 10 0.0613 252 600 500 828 10 0.0607 317 659 570 899 11 0.0605 127 783 373 1009 11 0.0592 253 795 497 1019 6 0.0590 320 660 574 902 13 0.0582 258 795 501 1023 3 0.0580 321 654 572 907 3 0.0579 136 681 491 859 7 0.0575 256 794 500 1023 6 0.0572 253 597 502 826 6 0.0570 131 784 373 1016 2 0.0568 131 784 374 1015 6 0.0567 255 798 500 1023 11 0.0565 322 540 568 771 13 0.0565 133 783 376 1015 13 0.0564 185 651 432 887 1 0.0557 179 647 427 889 9 0.0557 117 653 365 890 10 0.0556 130 786 370 1010 7 0.0551 328 536 569 775 2 0.0549 183 656 427 888 3 0.0542 133 783 371 1019 1 0.0542 127 777 370 1015 12 0.0541 184 649 428 887 2 0.0541 255 799 499 1023 3 0.0540 258 795 498 1023 0 0.0539 324 537 569 777 1 0.0533 252 789 496 1023 10 0.0525 323 542 572 772 10 0.0523 255 796 497 1021 9 0.0516 127 784 374 1012 13 0.0515 321 656 579 903 8 0.0515 324 539 556 771 12 0.0508 132 781 371 1017 2 0.0507 320 661 570 903 4 0.0504 130 787 375 1012 4 0.0502 135 682 496 858
nDZTVgY1675U6Rouejc5vcTlRuyQLNGk,11 0.0609 315 268 576 503 0 0.0608 521 541 878 717 11 0.0608 249 336 509 574 0 0.0607 195 333 449 571 0 0.0606 457 352 715 583 5 0.0603 240 198 501 425 6 0.0597 253 257 508 495 5 0.0591 318 78 564 304 11 0.0591 324 82 574 307 8 0.0589 331 333 567 577 5 0.0589 453 341 711 583 8 0.0586 327 211 563 437 5 0.0579 108 793 375 1016 5 0.0577 310 258 572 500 8 0.0572 447 270 700 506 0 0.0572 322 264 575 503 3 0.0570 460 348 717 593 8 0.0567 559 522 825 757 8 0.0565 248 143 490 362 5 0.0565 555 518 830 759 2 0.0565 451 283 705 507 5 0.0563 246 326 501 573 10 0.0562 330 147 578 368 13 0.0562 331 86 579 306 0 0.0559 251 205 503 428 7 0.0553 335 137 581 368 7 0.0552 322 260 577 501 11 0.0551 516 346 778 581 10 0.0551 250 210 500 425 3 0.0549 332 211 573 447 6 0.0549 333 331 583 575 6 0.0549 330 213 576 440 5 0.0548 490 640 754 894 11 0.0546 493 648 756 892 0 0.0546 331 141 579 367 10 0.0545 316 272 574 502 6 0.0544 199 332 451 570 5 0.0543 513 270 771 508 11 0.0543 326 403 592 633 8 0.0542 326 86 563 307 7 0.0539 520 340 781 585 6 0.0539 419 412 774 594 11 0.0538 448 279 711 506 3 0.0538 330 335 580 588 8 0.0537 496 646 749 894 6 0.0536 256 138 502 365 3 0.0535 527 538 877 720 3 0.0534 521 272 779 516 8 0.0533 181 382 431 640 13 0.0530 504 647 765 892 10 0.0530 559 529 831 757 7 0.0528 252 328 505 574 6 0.0528 330 84 578 310 7 0.0527 504 644 765 899 7 0.0526 455 274 712 510 2 0.0525 523 545 879 716 7 0.0524 254 200 505 425 11 0.0524 248 207 503 426 7 0.0523 561 524 839 761 9 0.0517 452 349 714 580 5 0.0517 172 266 445 491 3 0.0514 332 81 571 316 13 0.0513 332 397 599 642 11 0.0511 556 524 834 756 11 0.0510 174 391 447 637 13 0.0510 249 261 512 495 6 0.0507 456 276 716 507 10 0.0507 191 341 444 567 13 0.0506 330 215 580 440 13 0.0505 195 336 454 575 13 0.0503 520 343 784 578 0 0.0502 506 649 759 898 3 0.0502 194 338 448 579 10 0.0500 411 415 774 596
LasHQmznlcJW9MX7TSUlLRxRbiUrap1D,11 0.0586 374 526 631 763 7 0.0583 379 522 633 763 0 0.0569 375 525 629 767 5 0.0544 370 520 627 765 8 0.0543 313 510 558 751 7 0.0543 189 579 430 828 11 0.0531 317 450 570 684 6 0.0521 380 528 631 768 8 0.0518 187 580 419 825 10 0.0516 371 530 630 764 5 0.0504 183 578 422 823 0 0.0502 190 578 427 830
A8MdU9CYfKUoElqyMZds716YjEZ2LDST,11 0.0527 226 664 488 892 8 0.0522 230 664 478 895 7 0.0508 303 598 561 827 0 0.0508 318 667 686 853 7 0.0507 234 660 491 893 11 0.0506 311 665 683 845 8 0.0502 311 667 669 847
YnNn0Fa17OTZAg9JA3ROEbryhY6Qqwym,5 0.0662 190 783 434 1021 7 0.0653 194 781 440 1023 8 0.0648 194 782 434 1023 7 0.0633 131 713 374 956 11 0.0624 151 802 510 978 5 0.0622 123 710 369 951 10 0.0603 187 720 437 954 0 0.0600 129 712 370 956 6 0.0600 194 786 437 1023 0 0.0595 194 782 437 1023 11 0.0593 126 717 373 949 7 0.0577 366 592 620 822 11 0.0577 361 595 617 819 3 0.0575 253 785 495 1023 3 0.0572 192 712 435 962 0 0.0566 304 600 552 830 13 0.0565 196 785 440 1023 11 0.0560 233 534 507 756 2 0.0553 154 804 509 982 8 0.0549 304 601 544 822 6 0.0548 129 714 376 952 11 0.0544 645 2 1022 149 5 0.0536 638 0 1017 150 7 0.0531 241 528 511 758 8 0.0531 129 712 369 954 9 0.0527 192 787 440 1022 8 0.0525 431 589 675 813 0 0.0520 430 592 686 821 0 0.0516 644 0 1023 154 8 0.0515 244 405 489 630 11 0.0510 497 588 748 814 13 0.0509 129 713 380 954 12 0.0507 196 782 439 1023 6 0.0506 651 2 1023 149 6 0.0504 304 604 560 826 9 0.0503 125 716 375 949 8 0.0503 651 0 1008 151
5pOb5QXhtBRaIlp9oMbf33ccee3rwSQo,0 0.0612 313 664 585 903 5 0.0573 422 733 674 974 11 0.0560 456 139 705 350 13 0.0558 319 665 589 899 7 0.0555 490 801 739 1022 7 0.0536 328 606 581 853 0 0.0533 485 741 743 978 11 0.0532 566 134 824 363 0 0.0530 255 314 502 557 5 0.0526 450 133 700 348 8 0.0524 456 136 694 348 11 0.0520 377 680 640 908 11 0.0518 394 195 646 414 8 0.0517 369 727 622 965 3 0.0516 384 676 645 916 7 0.0512 385 675 647 911 0 0.0508 396 533 656 774 6 0.0506 315 664 586 897
ZK5K9L8ZrDDZpAVpb4OrMBBa51cslMUQ,11 0.0570 383 343 639 561 0 0.0539 384 340 639 567 11 0.0539 310 386 556 627 11 0.0537 307 274 567 504 13 0.0535 260 396 506 635 7 0.0527 318 382 555 630 13 0.0521 389 341 644 568 0 0.0515 317 388 555 629 11 0.0515 59 596 327 823 0 0.0514 575 348 824 564 0 0.0513 119 590 375 825 8 0.0511 126 585 367 825 3 0.0509 388 345 636 570 10 0.0507 315 393 551 630 0 0.0506 312 276 566 507
abvJ6vZsZa4tTlZOsutOYf8GXWaxHPqc,0 0.0623 184 333 436 583 11 0.0579 250 346 500 578 11 0.0568 693 540 952 777 8 0.0567 188 332 432 579 3 0.0553 255 343 499 584 5 0.0552 249 336 496 574 6 0.0551 291 594 558 835 11 0.0548 244 463 502 699 6 0.0548 255 342 501 575 8 0.0530 694 536 938 777 11 0.0529 299 528 560 775 8 0.0529 262 268 493 502 0 0.0528 186 590 440 837 5 0.0527 231 593 490 837 0 0.0527 695 537 949 780 11 0.0525 181 265 430 505 6 0.0524 250 460 504 699 7 0.0524 253 339 503 579 7 0.0522 241 598 497 844 0 0.0521 257 265 502 507 5 0.0517 690 531 945 778 5 0.0511 177 259 427 502 7 0.0509 322 264 567 505 8 0.0506 253 458 494 697 3 0.0506 248 460 503 705 6 0.0502 322 269 568 502
s8qsQwJOjSUZluR2goilwzJ0zLpG84Zv,11 0.0556 385 589 627 820 11 0.0529 115 665 381 890 0 0.0524 382 294 640 505 7 0.0517 393 589 633 820 8 0.0503 120 664 368 892
gILxsOip7wiMZTfWw5MFUKcUmPhHvmwu,11 0.0696 373 2 641 247 8 0.0644 503 0 765 192 0 0.0632 439 0 701 195 7 0.0630 443 1 706 196 8 0.0613 306 5 566 193 11 0.0608 434 71 692 316 5 0.0605 435 0 700 193 7 0.0603 310 1 577 197 3 0.0595 508 0 768 198 6 0.0593 444 0 708 192 3 0.0587 383 0 638 255 5 0.0584 300 0 569 194 11 0.0580 368 136 629 376 7 0.0576 374 63 640 306 13 0.0571 380 0 646 247 8 0.0570 372 62 625 306 0 0.0563 304 0 571 196 0 0.0561 431 68 692 322 10 0.0559 377 6 639 249 13 0.0551 441 65 698 321 3 0.0541 444 65 690 329 6 0.0534 441 67 698 316 5 0.0532 428 63 689 318 2 0.0528 444 4 703 193 9 0.0524 439 0 701 191 5 0.0524 164 0 431 204 7 0.0521 136 597 382 841 12 0.0521 506 1 776 191 13 0.0519 378 135 636 381 6 0.0518 310 0 574 194 2 0.0517 306 3 571 195 1 0.0514 439 0 702 194 5 0.0507 359 125 625 376 13 0.0505 522 542 786 782 4 0.0504 444 2 707 193
dcN0PocTP6jLmr5dWEPeUF6IMJn9sayx,0 0.0577 182 0 444 204 13 0.0572 322 208 588 433 0 0.0568 185 515 445 760 11 0.0568 386 342 645 572 11 0.0565 313 209 582 433 5 0.0563 242 333 500 558 11 0.0560 180 0 444 202 8 0.0555 183 1 433 200 11 0.0553 250 68 518 313 0 0.0552 369 270 631 514 5 0.0547 308 202 576 430 6 0.0546 319 338 580 570 0 0.0545 246 272 505 506 11 0.0545 237 405 514 628 13 0.0544 322 336 585 573 0 0.0541 444 223 709 448 8 0.0538 322 209 567 433 10 0.0535 321 214 581 433 0 0.0534 236 401 509 636 8 0.0533 259 69 499 315 7 0.0532 382 276 634 512 0 0.0532 314 205 582 437 5 0.0530 176 511 438 751 8 0.0530 241 399 500 635 3 0.0530 389 340 639 588 0 0.0527 513 337 757 580 0 0.0525 253 63 510 317 8 0.0525 184 513 431 761 8 0.0523 250 272 498 503 8 0.0521 570 469 809 690 13 0.0521 253 271 514 506 13 0.0520 385 272 638 511 5 0.0520 442 220 703 440 11 0.0519 189 153 443 380 8 0.0518 439 333 691 583 5 0.0518 295 390 565 634 13 0.0517 184 0 454 206 6 0.0516 319 211 588 435 7 0.0516 245 455 507 699 0 0.0516 574 473 816 695 6 0.0512 258 69 519 318 11 0.0512 247 275 514 500 13 0.0510 386 132 655 361 3 0.0510 241 403 506 640 0 0.0510 380 132 650 372 7 0.0509 199 269 448 514 8 0.0509 196 150 430 383 3 0.0508 258 209 496 442 8 0.0507 381 271 623 510 8 0.0506 450 218 700 444 11 0.0506 182 518 444 757 8 0.0503 319 334 567 569 13 0.0503 244 401 515 636 6 0.0502 247 403 513 634 6 0.0501 306 464 571 715 0 0.0500 198 213 437 446
2Wn7QgS6CFq9LKW5Oj9uSbIVxirE5fqG,11 0.0679 575 456 824 700 8 0.0653 572 519 814 760 0 0.0639 572 521 824 760 11 0.0631 508 520 766 758 3 0.0626 578 455 827 709 5 0.0625 181 387 438 643 11 0.0625 638 408 893 637 7 0.0625 510 449 770 695 0 0.0610 506 450 765 700 0 0.0604 121 720 382 958 8 0.0596 505 451 755 698 6 0.0594 641 410 891 639 0 0.0593 258 408 506 650 13 0.0593 574 521 825 759 7 0.0589 573 518 825 760 11 0.0586 251 339 502 566 2 0.0583 572 522 822 759 6 0.0583 574 521 825 760 5 0.0581 636 406 888 638 8 0.0575 184 393 432 649 5 0.0574 573 452 820 701 10 0.0573 635 412 891 639 8 0.0572 635 406 883 642 3 0.0572 255 337 500 572 3 0.0569 187 396 435 652 9 0.0567 570 521 822 755 2 0.0565 639 416 892 640 0 0.0565 636 410 890 639 7 0.0563 256 407 504 651 8 0.0563 126 718 376 958 6 0.0559 511 451 766 696 5 0.0558 248 330 499 566 10 0.0558 573 459 824 705 11 0.0556 561 3 821 236 8 0.0554 256 340 493 568 0 0.0553 132 397 385 643 7 0.0550 133 395 387 649 7 0.0548 638 408 891 638 11 0.0547 472 278 726 490 0 0.0547 264 269 510 486 5 0.0545 504 517 763 761 11 0.0543 121 725 383 953 4 0.0541 575 526 825 759 11 0.0540 130 400 383 643 6 0.0539 186 332 436 565 8 0.0538 526 218 781 441 5 0.0533 333 249 574 479 6 0.0532 258 409 507 646 13 0.0531 191 395 445 648 6 0.0529 133 401 390 642 5 0.0526 524 212 787 441 10 0.0526 507 526 766 762 13 0.0525 509 450 772 697 9 0.0525 255 413 499 638 13 0.0524 640 410 901 640 7 0.0522 182 325 435 566 0 0.0522 251 15 506 263 10 0.0520 255 345 497 566 5 0.0518 300 5 547 265 9 0.0517 503 452 764 692 8 0.0516 470 276 714 498 13 0.0516 126 726 388 958 12 0.0514 579 454 828 705 11 0.0513 525 219 790 434 2 0.0513 510 456 765 694 5 0.0513 471 272 718 495 5 0.0512 313 135 552 371 1 0.0512 569 515 822 760 3 0.0512 328 200 570 435 0 0.0512 475 281 722 496 7 0.0509 481 277 725 495 13 0.0509 261 338 507 571 11 0.0508 716 339 961 576 8 0.0508 569 68 824 296 8 0.0507 258 87 505 322 3 0.0507 310 12 550 276 11 0.0507 182 277 430 504 11 0.0502 246 13 512 258 3 0.0501 569 0 819 244
dbWg5XGxwG6Q57xAjENj8AhHtDaq479p,11 0.0603 243 199 508 432 0 0.0602 310 74 563 311 8 0.0597 233 261 413 641 5 0.0594 241 197 503 435 5 0.0582 214 343 582 531 10 0.0582 304 148 572 379 11 0.0581 226 268 418 635 7 0.0579 250 198 510 436 8 0.0574 225 344 573 534 11 0.0574 372 142 639 374 8 0.0573 178 196 424 439 11 0.0569 437 77 703 303 0 0.0568 439 74 700 310 8 0.0568 372 141 629 377 0 0.0568 373 140 636 378 0 0.0568 250 135 505 384 13 0.0565 252 262 518 507 11 0.0564 214 347 587 531 8 0.0564 375 269 635 511 8 0.0563 310 78 555 307 13 0.0560 309 72 569 310 3 0.0560 217 348 586 536 3 0.0559 245 200 507 438 6 0.0559 436 143 695 371 8 0.0559 309 209 567 441 7 0.0558 245 519 495 769 8 0.0557 249 139 498 383 6 0.0554 225 346 591 533 6 0.0554 254 134 506 383 2 0.0553 246 205 506 437 0 0.0553 181 196 434 441 0 0.0552 310 206 574 443 5 0.0547 179 126 439 381 0 0.0546 437 288 694 519 7 0.0545 440 284 700 520 5 0.0545 427 139 688 373 11 0.0544 430 287 696 513 6 0.0544 185 194 436 439 11 0.0543 308 77 562 306 0 0.0543 233 265 419 638 5 0.0543 375 65 637 306 8 0.0542 441 74 692 311 11 0.0542 123 204 378 440 5 0.0541 226 262 416 629 7 0.0540 188 127 446 383 10 0.0540 180 134 444 383 7 0.0538 189 262 441 502 10 0.0534 186 272 435 500 3 0.0533 185 270 440 504 13 0.0533 129 200 383 450 9 0.0532 306 146 572 379 8 0.0530 508 339 754 567 6 0.0530 234 268 420 634 6 0.0529 315 74 565 308 13 0.0529 184 126 449 388 6 0.0529 160 416 525 595 8 0.0524 303 659 557 892 10 0.0524 246 74 503 319 7 0.0522 436 144 693 375 3 0.0520 306 519 562 768 2 0.0519 182 135 443 383 8 0.0519 241 518 486 765 0 0.0518 238 518 495 767 11 0.0518 303 521 565 758 13 0.0517 302 589 567 822 5 0.0517 499 330 756 563 8 0.0515 351 729 700 918 7 0.0514 308 587 566 820 7 0.0514 221 344 593 533 10 0.0514 126 207 373 445 10 0.0512 374 73 644 303 5 0.0512 137 412 514 593 13 0.0511 375 140 645 377 11 0.0510 139 418 522 598
bYdo7YahxVXfYosS7hWbtT6dC0OP40cI,8 0.0590 246 788 483 1023 7 0.0589 245 790 492 1023 0 0.0578 254 145 507 374 5 0.0570 240 792 484 1019 13 0.0565 246 793 494 1023 5 0.0557 379 11 633 257 11 0.0553 239 795 489 1020 0 0.0541 253 323 505 552 0 0.0536 245 791 489 1023 6 0.0529 243 795 492 1023 11 0.0528 297 527 554 766 8 0.0524 754 272 1009 514 8 0.0523 302 522 542 762 11 0.0523 249 147 508 371 7 0.0514 759 267 1022 515 3 0.0512 394 15 636 267 13 0.0511 766 268 1023 516 11 0.0510 248 326 503 545 0 0.0508 251 467 510 703 8 0.0507 385 786 616 1022 8 0.0506 181 152 429 381 5 0.0503 758 267 1015 511 11 0.0502 380 15 636 256 0 0.0501 385 16 637 259
cYU1U4w7L7FhTWcvqvTNGuokpsfG3hho,11 0.0529 241 795 490 1016
vBAdMjFkZu7bKkwoa4VC3P1E0az0ZcFg,11 0.0639 512 406 760 638 8 0.0629 514 407 756 645 13 0.0608 515 407 767 641 7 0.0599 515 405 763 643 5 0.0594 560 401 810 636 11 0.0592 571 599 823 832 6 0.0589 515 410 763 643 0 0.0583 513 408 760 644 8 0.0569 577 597 819 833 0 0.0566 571 595 824 833 6 0.0562 578 598 824 835 7 0.0561 575 595 826 837 11 0.0560 565 347 825 574 13 0.0557 572 344 828 577 3 0.0548 568 406 815 644 13 0.0538 578 598 827 836 7 0.0537 573 344 822 581 9 0.0532 507 406 759 639 5 0.0526 622 324 869 564 0 0.0525 568 349 822 578 5 0.0523 573 592 818 829 6 0.0523 574 347 830 576 7 0.0519 453 0 710 208 10 0.0516 575 598 823 834 3 0.0512 579 601 823 840 8 0.0512 572 346 815 579 10 0.0512 513 409 759 643
gtVWQbBmi1DH1hOkGvug2l2FEu3wtOSx,11 0.0605 374 657 635 894 11 0.0601 322 589 575 830 6 0.0563 379 655 637 898 0 0.0560 372 655 635 900 7 0.0560 381 656 640 897 0 0.0558 177 290 436 523 11 0.0548 240 470 490 701 7 0.0547 328 590 579 832 11 0.0541 305 795 562 1023 7 0.0538 230 796 496 1023 13 0.0536 309 791 575 1023 8 0.0534 374 654 630 898 5 0.0533 176 286 431 516 5 0.0530 298 786 560 1021 11 0.0529 251 660 515 897 3 0.0528 379 654 637 903 11 0.0525 188 727 458 954 5 0.0525 240 464 486 699 8 0.0525 226 798 485 1023 2 0.0522 377 658 637 897 0 0.0520 504 792 767 1018 5 0.0520 428 712 694 945 11 0.0520 178 338 439 574 7 0.0519 510 789 772 1017 2 0.0517 244 474 488 700 7 0.0517 378 783 636 1023 13 0.0516 371 706 630 946 10 0.0516 376 658 640 896 11 0.0514 501 795 762 1009 8 0.0514 325 594 565 832 8 0.0513 183 288 427 523 5 0.0511 171 395 424 624 0 0.0510 226 797 497 1023 0 0.0506 373 788 632 1023 6 0.0505 258 532 505 762 8 0.0504 243 469 478 702 2 0.0502 227 805 493 1023 13 0.0501 328 589 579 835 0 0.0501 244 472 490 704 6 0.0500 232 799 495 1023
6heBa56ejrWho1YdacElK4g8T5oqUjd9,11 0.0587 295 333 564 554 11 0.0585 370 403 621 623 0 0.0578 577 355 826 572 8 0.0567 362 7 619 236 13 0.0560 370 4 633 242 7 0.0556 582 350 827 570 0 0.0556 370 404 619 627 8 0.0554 298 334 549 561 8 0.0553 368 404 611 625 0 0.0549 298 272 560 501 11 0.0546 360 5 628 236 3 0.0545 434 0 683 237 0 0.0538 452 273 707 481 11 0.0534 368 129 636 358 5 0.0527 366 397 615 624 3 0.0524 444 126 697 363 5 0.0521 434 121 691 352 7 0.0519 459 272 713 484 11 0.0518 301 211 567 441 0 0.0518 357 4 627 242 5 0.0518 295 328 557 557 8 0.0516 379 256 624 474 5 0.0515 575 346 811 571 7 0.0512 305 332 562 558 11 0.0512 576 356 825 567 10 0.0511 368 410 622 623 8 0.0511 374 130 626 359 7 0.0510 372 402 623 628 11 0.0509 455 276 709 478 3 0.0503 369 404 618 630 0 0.0502 627 420 886 653 7 0.0501 432 2 687 237
Ma5FUYTrgdi0afVOq57LRyn9Egstbt2D,7 0.0633 213 669 565 845 0 0.0629 211 671 560 850 5 0.0620 338 669 698 848 8 0.0620 192 653 438 891 11 0.0619 305 656 568 900 11 0.0594 187 654 445 890 8 0.0582 346 672 699 850 8 0.0573 252 710 496 961 0 0.0563 255 708 496 964 5 0.0563 249 706 498 958 6 0.0561 345 675 709 851 10 0.0552 209 674 561 846 7 0.0548 316 710 570 972 6 0.0543 192 654 448 891 3 0.0543 212 671 563 851 13 0.0527 252 651 508 898 7 0.0523 182 720 435 961 13 0.0522 350 673 715 851 2 0.0514 210 676 559 847 0 0.0505 575 285 841 526 11 0.0502 574 287 844 516 9 0.0502 205 673 561 843
EDWLYCvZJTZGOtXLQ4Dt0DUGZnEG6u6Z,11 0.0623 634 260 884 500 0 0.0610 570 131 819 373 0 0.0603 638 254 880 503 5 0.0592 501 253 757 504 8 0.0589 504 258 754 502 6 0.0588 497 327 758 569 6 0.0587 571 251 833 499 3 0.0582 508 261 761 509 8 0.0576 573 195 823 437 0 0.0574 504 259 762 505 11 0.0573 644 138 886 365 5 0.0571 571 316 831 568 8 0.0570 652 132 879 364 6 0.0569 576 129 823 373 3 0.0568 578 319 835 573 7 0.0568 500 325 761 571 5 0.0568 633 250 884 500 5 0.0566 429 318 688 575 11 0.0560 570 325 831 565 0 0.0559 434 322 689 578 0 0.0556 575 320 831 570 3 0.0555 642 254 882 505 2 0.0554 573 133 819 372 7 0.0553 640 257 888 504 11 0.0551 431 328 692 576 11 0.0550 0 400 236 626 2 0.0549 506 203 762 444 11 0.0549 502 265 760 501 7 0.0548 510 197 767 448 8 0.0546 642 254 876 496 8 0.0544 576 320 825 564 0 0.0542 637 82 880 311 13 0.0542 643 257 889 503 6 0.0540 648 322 894 578 5 0.0540 365 383 617 626 12 0.0539 508 196 765 450 13 0.0535 508 199 772 450 13 0.0534 437 328 697 577 0 0.0533 1 330 246 563 7 0.0533 378 332 629 579 5 0.0532 644 127 883 363 10 0.0532 507 202 765 446 3 0.0530 507 140 761 387 0 0.0530 510 383 761 637 8 0.0529 433 325 684 574 7 0.0528 575 127 824 377 0 0.0527 309 393 563 628 3 0.0526 438 327 692 580 8 0.0520 506 384 756 632 8 0.0518 296 787 545 1020 6 0.0517 643 81 887 308 5 0.0516 503 133 757 379 10 0.0515 433 330 694 574 13 0.0515 575 324 838 568 11 0.0515 501 388 764 631 13 0.0514 575 130 829 379 8 0.0513 504 134 755 380 6 0.0510 3 398 237 630 11 0.0508 754 4 1016 207 11 0.0507 503 140 763 379 3 0.0505 653 136 884 369 5 0.0504 349 147 612 382 10 0.0503 0 406 233 630 11 0.0502 368 391 623 629 13 0.0502 1 395 245 630 9 0.0501 502 260 757 499 13 0.0500 373 393 628 632
WTxtAnTEhIm6RhD5e6tT1nVZ7axUkbCf,11 0.0592 440 467 699 688 11 0.0549 440 794 701 1018 5 0.0546 438 459 694 684 7 0.0542 444 466 703 687 11 0.0537 334 417 690 601 5 0.0534 432 786 697 1017 0 0.0526 701 0 962 208 8 0.0524 447 466 690 690 7 0.0523 444 790 704 1021 13 0.0519 703 0 971 208 5 0.0515 698 0 956 205 0 0.0510 443 468 697 692 8 0.0510 335 419 680 601 11 0.0509 298 463 563 682 13 0.0508 389 777 642 1012 6 0.0507 440 795 704 1016
aGnKGUkITevvXmgNjPpGBguVaY0LlV1x,11 0.0606 254 797 512 1020 6 0.0602 818 277 1023 523 11 0.0585 302 725 568 957 0 0.0582 576 353 831 575 7 0.0581 246 723 507 961 8 0.0579 122 790 362 1022 11 0.0575 123 790 375 1021 5 0.0567 810 270 1022 523 6 0.0565 120 332 387 571 11 0.0564 559 793 811 1022 8 0.0563 255 796 499 1023 11 0.0562 229 525 494 755 0 0.0557 248 143 507 380 7 0.0556 567 793 816 1023 5 0.0555 119 786 368 1021 0 0.0554 249 720 503 963 11 0.0553 189 732 438 958 7 0.0553 193 795 441 1023 8 0.0552 563 792 800 1020 0 0.0552 813 275 1019 530 7 0.0552 316 791 587 1013 11 0.0548 114 272 387 505 11 0.0544 659 358 1013 535 0 0.0541 193 798 442 1023 0 0.0536 183 260 445 498 10 0.0534 186 736 438 966 5 0.0534 175 381 443 629 11 0.0534 237 402 508 630 11 0.0532 244 146 516 383 8 0.0530 186 386 438 631 8 0.0529 251 271 507 501 8 0.0528 185 728 428 964 5 0.0528 246 136 509 380 0 0.0528 245 333 501 570 13 0.0527 375 211 652 437 13 0.0526 569 797 816 1023 8 0.0524 308 722 562 959 0 0.0523 560 796 814 1022 0 0.0522 112 332 378 572 5 0.0521 558 795 807 1018 5 0.0521 239 718 501 956 2 0.0521 124 795 375 1023 11 0.0521 434 594 681 815 5 0.0520 576 343 825 571 6 0.0518 195 802 443 1023 0 0.0517 235 519 494 760 7 0.0517 185 385 444 631 13 0.0515 253 275 521 503 3 0.0514 248 719 504 967 11 0.0514 243 280 518 499 6 0.0514 567 796 813 1023 5 0.0514 182 255 445 492 13 0.0513 259 797 517 1023 6 0.0512 582 351 835 573 7 0.0512 444 589 691 816 7 0.0511 816 276 1023 522 8 0.0511 367 660 618 895 8 0.0511 119 333 369 572 0 0.0508 363 657 627 899 8 0.0508 253 143 505 382 6 0.0507 249 147 520 380 7 0.0507 366 136 633 374 7 0.0504 581 348 835 571 11 0.0503 359 140 633 369 13 0.0503 185 332 443 576 6 0.0503 191 265 455 497 11 0.0503 376 524 632 751 3 0.0503 253 337 502 575 0 0.0502 310 790 582 1018 7 0.0502 511 444 758 673 7 0.0501 192 259 448 501
JUjOupTKueAgGzSIjoRzcyPCOgSrqK6H,8 0.0569 372 130 644 362 5 0.0565 437 195 693 432 11 0.0557 368 386 633 633 8 0.0555 442 198 691 432 11 0.0535 368 127 649 361 0 0.0533 440 200 698 432 11 0.0532 439 274 698 509 5 0.0521 488 271 751 506 0 0.0520 491 277 755 505 6 0.0520 374 385 639 635 2 0.0519 445 202 698 425 13 0.0517 444 201 699 430 0 0.0515 317 198 578 446 7 0.0515 445 199 705 431 3 0.0515 446 199 696 434 11 0.0513 763 406 1022 631 6 0.0507 441 268 701 509 7 0.0507 375 382 638 637 3 0.0503 767 402 1017 641 8 0.0503 324 198 568 445 5 0.0501 363 122 641 360 8 0.0501 376 384 626 636 5 0.0500 365 377 629 632
j7kwSf46NELoTgV8vhYyKzXKNUk2f0Qq,5 0.0644 428 525 675 758 8 0.0637 371 528 619 774 7 0.0636 195 407 450 656 0 0.0634 491 536 737 775 7 0.0629 305 277 586 522 11 0.0628 484 536 736 773 11 0.0623 311 335 582 589 7 0.0618 433 528 682 764 13 0.0615 317 338 585 590 0 0.0615 556 460 806 713 0 0.0613 314 227 585 452 11 0.0612 552 464 806 710 5 0.0611 244 465 490 708 3 0.0610 430 528 678 768 5 0.0606 247 333 508 583 11 0.0600 367 530 623 772 8 0.0599 252 338 501 586 0 0.0598 434 462 679 700 7 0.0595 381 344 645 590 11 0.0595 248 409 505 659 0 0.0594 370 527 627 773 0 0.0594 254 338 508 586 11 0.0593 192 652 449 874 11 0.0586 179 342 443 587 10 0.0585 369 534 625 775 6 0.0584 318 340 584 592 2 0.0583 436 469 671 700 8 0.0582 435 464 668 699 8 0.0581 489 537 730 775 5 0.0580 305 220 576 445 1 0.0580 432 461 673 700 5 0.0579 186 533 443 776 11 0.0579 432 467 673 700 3 0.0576 252 410 507 667 3 0.0574 318 337 580 597 11 0.0573 185 540 447 781 6 0.0572 435 467 676 702 13 0.0570 189 341 449 590 10 0.0569 487 475 729 708 6 0.0566 370 528 628 775 13 0.0565 253 409 512 659 13 0.0563 435 526 683 762 8 0.0561 203 651 438 873 0 0.0561 249 473 497 711 8 0.0560 249 474 488 710 7 0.0560 126 344 384 584 8 0.0558 309 225 568 450 11 0.0557 121 412 382 653 5 0.0555 111 464 366 708 9 0.0555 365 531 623 769 0 0.0554 436 802 684 1022 6 0.0552 247 278 514 524 1 0.0552 368 522 624 773 11 0.0552 178 223 456 469 8 0.0552 381 345 632 589 6 0.0548 252 412 509 660 2 0.0548 490 539 736 775 10 0.0547 252 344 512 585 3 0.0546 188 341 443 594 8 0.0545 371 808 605 1020 8 0.0543 122 344 371 590 3 0.0543 316 229 579 454 3 0.0541 193 542 446 785 2 0.0539 253 343 509 589 2 0.0538 371 533 622 775 11 0.0538 562 606 822 830 6 0.0538 191 539 450 777 13 0.0537 189 220 460 473 7 0.0535 190 276 453 528 6 0.0535 491 536 740 775 6 0.0534 313 227 582 448 10 0.0534 246 477 497 711 8 0.0531 194 542 440 776 5 0.0530 118 602 364 839 11 0.0529 433 803 679 1018 3 0.0527 204 650 446 881 11 0.0527 624 527 880 775 0 0.0527 122 344 380 586 0 0.0526 368 290 643 526 10 0.0526 382 353 646 588 9 0.0525 244 474 492 706 11 0.0525 305 227 587 447
ApJ6OGTF5XZPNW47duKPEDdpMp4lEr4e,8 0.0647 256 805 493 1023 5 0.0634 504 12 759 246 0 0.0614 252 805 497 1023 5 0.0609 249 800 494 1020 11 0.0607 499 71 760 300 11 0.0604 310 800 564 1020 5 0.0601 437 74 700 310 13 0.0599 259 806 503 1023 11 0.0598 65 871 444 1023 7 0.0592 515 15 764 247 7 0.0589 188 797 438 1023 8 0.0586 71 870 435 1023 8 0.0586 561 71 805 309 5 0.0580 64 868 434 1022 5 0.0578 577 139 822 374 5 0.0577 342 0 697 155 3 0.0576 513 12 763 253 11 0.0576 371 13 641 256 6 0.0575 514 17 768 246 0 0.0572 499 73 757 303 2 0.0569 512 18 763 243 10 0.0565 313 801 569 1021 8 0.0560 359 34 705 216 0 0.0559 69 870 434 1023 3 0.0556 317 799 564 1023 6 0.0555 380 14 649 254 13 0.0555 70 871 451 1023 13 0.0551 364 36 726 217 0 0.0550 350 0 702 157 8 0.0542 320 748 571 970 11 0.0537 302 260 570 490 7 0.0536 6 868 381 1023 0 0.0535 179 747 431 966 3 0.0533 192 799 437 1023 5 0.0533 308 179 572 429 10 0.0533 185 802 437 1023 10 0.0532 362 40 717 216 2 0.0532 255 807 500 1023 8 0.0532 178 747 424 962 11 0.0531 385 198 659 421 3 0.0528 374 74 642 314 6 0.0527 65 872 439 1023 11 0.0527 368 738 639 961 7 0.0525 315 798 567 1023 2 0.0525 513 153 772 370 7 0.0524 381 143 657 373 5 0.0524 305 67 580 317 11 0.0523 374 330 632 545 5 0.0522 175 741 429 960 6 0.0520 254 807 499 1022 13 0.0520 382 146 666 372 0 0.0519 319 750 582 975 6 0.0519 447 79 711 310 7 0.0519 255 192 498 430 2 0.0518 442 83 703 307 5 0.0518 314 743 575 970 13 0.0517 564 75 817 309 5 0.0514 578 338 832 575 1 0.0514 252 801 496 1023 11 0.0512 568 217 824 431 7 0.0512 526 345 772 570 8 0.0511 315 189 560 432 0 0.0510 566 217 825 434 8 0.0510 379 143 644 370 11 0.0510 459 271 715 487 11 0.0509 124 741 386 957 5 0.0508 295 328 563 560 7 0.0506 516 148 770 372 8 0.0506 575 284 823 508 0 0.0506 311 186 578 430 10 0.0506 562 72 816 308 0 0.0506 579 346 841 576 13 0.0506 330 746 586 972 0 0.0504 378 141 656 367
nDYlxSulkIhKa2hjVF1vNVywaKIyl3tm,5 0.0651 497 322 766 549 0 0.0649 507 276 768 494 5 0.0632 502 196 762 426 5 0.0625 237 3 510 256 5 0.0614 189 118 450 370 8 0.0612 313 272 575 511 8 0.0612 502 328 760 550 5 0.0612 282 343 627 532 11 0.0611 189 181 447 426 5 0.0604 170 263 438 498 11 0.0601 381 10 643 255 11 0.0598 379 132 653 369 11 0.0596 309 270 585 509 0 0.0589 507 145 767 372 2 0.0585 510 339 767 548 6 0.0582 315 273 586 509 8 0.0581 254 68 506 317 0 0.0581 309 268 586 512 13 0.0579 319 24 584 261 10 0.0579 319 29 578 263 8 0.0575 510 198 758 426 2 0.0574 248 10 512 260 0 0.0572 380 195 657 429 7 0.0572 382 194 658 427 3 0.0571 201 124 453 383 13 0.0569 289 349 642 538 6 0.0568 257 182 522 430 5 0.0567 372 191 651 425 11 0.0566 507 204 767 423 3 0.0564 515 201 766 432 11 0.0563 240 4 513 257 7 0.0562 513 332 770 550 11 0.0561 646 475 900 704 8 0.0561 196 181 442 432 3 0.0560 322 22 579 270 5 0.0559 200 412 568 591 13 0.0559 253 125 516 380 10 0.0556 188 4 449 249 3 0.0556 317 190 589 436 7 0.0556 251 261 522 508 7 0.0554 250 3 515 260 5 0.0551 642 465 898 705 10 0.0549 198 126 452 368 13 0.0548 508 331 774 548 6 0.0546 257 68 514 316 11 0.0545 767 393 1023 625 11 0.0543 501 332 769 546 0 0.0542 193 183 444 431 13 0.0542 318 193 597 432 7 0.0541 201 120 455 372 13 0.0541 514 148 769 369 7 0.0538 290 345 638 536 2 0.0537 188 75 445 318 8 0.0537 382 135 646 371 13 0.0535 275 406 532 654 2 0.0533 510 208 766 425 13 0.0533 191 4 462 253 10 0.0531 509 207 766 427 6 0.0530 128 267 388 496 10 0.0530 284 351 632 536 2 0.0528 381 199 655 427 3 0.0523 509 330 767 558 5 0.0522 765 385 1022 617 0 0.0522 383 16 645 256 7 0.0522 514 201 768 427 11 0.0520 275 475 640 653 8 0.0519 189 2 450 252 6 0.0519 512 332 774 551 10 0.0518 502 334 773 549 7 0.0517 284 473 647 654 0 0.0517 642 413 907 641 3 0.0516 183 268 444 507 6 0.0515 514 145 770 368
1UJc3yXPMrfELXzYOLJSLR0fArqnpax2,11 0.0584 560 726 820 959 5 0.0558 555 720 810 960 7 0.0526 568 722 824 962 0 0.0519 570 283 825 515 6 0.0511 566 726 819 963 0 0.0511 560 723 816 965 5 0.0507 567 275 818 508 3 0.0505 565 721 816 969 8 0.0503 560 717 809 958
wQwbTrfkuGOHosHPdwkrnWyRNOfaeOVK,5 0.0635 494 454 758 699 7 0.0622 500 457 763 703 0 0.0612 503 395 762 638 0 0.0611 632 532 890 765 11 0.0606 492 518 756 761 5 0.0605 626 530 883 761 8 0.0604 497 458 755 700 3 0.0596 499 459 760 706 11 0.0595 499 398 763 636 8 0.0588 633 532 882 762 11 0.0587 630 532 885 761 0 0.0585 494 518 759 766 6 0.0576 501 457 763 702 6 0.0574 634 531 889 763 10 0.0564 496 461 761 699 6 0.0563 434 527 696 774 8 0.0556 431 526 685 772 13 0.0554 498 462 765 702 0 0.0554 182 386 430 630 3 0.0551 634 532 886 767 2 0.0551 497 463 760 700 8 0.0546 183 451 423 692 13 0.0541 434 526 700 775 7 0.0541 433 524 695 774 5 0.0539 360 396 635 643 10 0.0537 429 529 692 774 11 0.0535 172 457 428 691 8 0.0532 375 464 627 706 5 0.0532 176 385 429 616 7 0.0529 633 532 890 763 9 0.0526 427 462 695 705 5 0.0526 424 518 690 772 13 0.0525 237 405 501 640 10 0.0524 627 538 886 762 3 0.0520 434 528 693 778 6 0.0513 183 391 441 624 9 0.0512 500 396 761 631 12 0.0509 634 532 887 765 12 0.0509 499 458 764 700 7 0.0509 370 401 643 647 11 0.0505 370 532 633 769
SvDtvQuL8ULjy82f0PoFw8SOiOVeNgnr,7 0.0580 577 595 818 834 11 0.0576 570 601 814 832 5 0.0567 565 593 810 834 11 0.0558 488 655 762 886 8 0.0558 498 653 757 890 11 0.0551 506 520 757 745 8 0.0545 572 599 806 831 7 0.0544 514 515 763 751 3 0.0541 574 600 815 838 0 0.0531 505 520 760 751 8 0.0527 508 519 753 748 0 0.0525 571 598 814 835 6 0.0522 505 586 761 809 8 0.0508 61 613 318 847 13 0.0504 575 603 818 836
v99SRNwER5zM6Np5Epow8OaufiDKCbPB,11 0.0586 305 661 570 897 5 0.0582 241 709 491 945 0 0.0577 244 651 507 894 7 0.0570 250 652 509 892 8 0.0555 246 652 496 892 11 0.0551 429 673 696 901 5 0.0550 303 654 567 895 10 0.0548 243 655 505 890 11 0.0543 244 716 494 944 7 0.0539 320 330 578 567 8 0.0537 312 714 564 958 0 0.0536 365 674 646 907 0 0.0535 278 360 630 543 7 0.0532 372 671 652 905 7 0.0532 457 459 710 685 5 0.0531 369 715 630 951 0 0.0531 452 464 707 692 6 0.0526 311 660 578 900 8 0.0524 451 460 698 688 11 0.0522 244 263 509 491 6 0.0519 435 671 699 908 8 0.0515 289 421 643 601 13 0.0506 249 652 513 892 11 0.0505 511 357 753 565 11 0.0503 453 463 707 686 13 0.0501 458 463 716 688 7 0.0501 519 353 758 570
VrtPI9n31hhTtEA1hAwR3829HRK5DVfF,0 0.0562 309 721 565 970 13 0.0561 309 787 566 1023 5 0.0548 544 797 811 1016 11 0.0542 542 796 817 1020 5 0.0540 298 782 558 1018 7 0.0536 308 783 564 1022 8 0.0529 308 778 553 1021 8 0.0529 499 790 746 1022 11 0.0526 303 787 559 1017 13 0.0507 498 795 759 1023 0 0.0507 237 791 502 1023 7 0.0502 496 787 762 1021
AXp4yCPPfBZvo7AxiGHmUmCMcg0rhszp,11 0.0589 260 612 611 789 8 0.0578 635 23 873 257 8 0.0566 274 677 610 858 5 0.0552 203 674 553 855 0 0.0534 629 30 881 260 11 0.0532 630 30 881 256 6 0.0526 281 676 619 860 7 0.0525 278 675 622 860 11 0.0524 161 719 440 955 5 0.0520 155 710 441 954 0 0.0517 213 676 558 857 13 0.0517 214 675 569 856 3 0.0515 276 677 620 861 13 0.0512 635 28 891 258 5 0.0504 628 24 877 258 13 0.0503 244 789 518 1020
iC2cidAykAMDJKxWrGylQZsWWpKWLvVM,14 1.0 0 0 1 1
5kcF8ctsCV6frk9M9enRyuKEWBXPpm17,11 0.0708 242 657 507 888 11 0.0659 190 725 432 969 11 0.0647 309 671 690 850 0 0.0634 187 672 552 850 11 0.0633 373 797 619 1018 0 0.0629 504 597 760 830 7 0.0616 248 655 506 888 5 0.0608 189 723 431 969 0 0.0607 190 725 433 972 7 0.0606 312 793 562 1022 11 0.0605 501 600 764 827 8 0.0602 309 660 566 891 0 0.0602 265 738 639 915 6 0.0598 245 655 509 889 5 0.0598 371 794 615 1019 5 0.0595 501 598 757 827 5 0.0594 366 662 632 889 7 0.0591 270 737 643 912 5 0.0591 305 717 559 955 8 0.0589 313 792 551 1022 8 0.0588 253 718 494 959 10 0.0586 313 672 686 850 7 0.0585 192 787 439 1022 5 0.0584 186 670 547 848 3 0.0581 310 662 571 898 5 0.0580 438 735 696 953 0 0.0579 437 736 703 958 13 0.0579 506 601 770 833 6 0.0578 271 737 645 914 8 0.0577 187 655 434 890 6 0.0572 445 742 705 954 6 0.0571 315 797 560 1023 8 0.0571 195 784 431 1023 11 0.0565 436 739 703 952 8 0.0564 432 671 690 894 10 0.0562 263 739 637 913 7 0.0559 510 600 764 831 3 0.0559 190 657 436 900 0 0.0557 311 794 558 1023 6 0.0557 195 788 439 1023 11 0.0554 722 555 1023 729 13 0.0553 256 719 503 962 13 0.0550 195 789 440 1023 13 0.0548 317 798 562 1023 8 0.0548 505 600 754 831 13 0.0543 323 673 692 853 10 0.0540 502 602 760 830 6 0.0539 506 604 764 828 8 0.0539 724 553 1020 731 3 0.0533 256 716 500 967 2 0.0533 376 799 623 1020 10 0.0529 191 792 433 1021 3 0.0528 507 600 760 836 3 0.0528 313 794 559 1023 3 0.0525 196 787 440 1023 0 0.0525 724 554 1020 735 2 0.0521 193 731 437 973 5 0.0519 719 549 1019 732 12 0.0518 195 723 434 972 6 0.0517 728 551 1023 733 10 0.0516 311 797 555 1020 13 0.0514 445 743 708 957 3 0.0514 434 672 695 896 2 0.0512 192 676 554 850 7 0.0508 443 740 700 958 1 0.0507 262 734 640 914
M1tkpucCsI4MivxqxyxiP8JnFjJqViO5,11 0.0676 365 412 621 636 8 0.0647 251 456 503 699 3 0.0645 297 403 563 640 5 0.0640 173 442 444 690 0 0.0620 363 410 620 639 7 0.0614 206 484 563 672 11 0.0611 240 528 509 769 8 0.0606 368 412 613 637 7 0.0594 369 413 622 637 5 0.0581 238 522 507 767 6 0.0578 370 413 625 638 5 0.0576 302 450 568 695 11 0.0576 176 451 444 691 13 0.0571 369 414 627 638 6 0.0570 182 443 447 691 0 0.0559 246 525 509 768 8 0.0557 183 515 439 758 13 0.0557 253 456 516 703 3 0.0553 182 394 447 641 10 0.0545 249 458 513 701 6 0.0544 248 527 511 766 7 0.0534 183 579 440 836 11 0.0533 182 333 442 564 0 0.0528 187 328 441 568 10 0.0520 121 417 495 593 5 0.0519 180 323 439 561 12 0.0518 369 413 622 638 9 0.0517 202 485 558 666 7 0.0516 187 323 445 567 0 0.0515 180 445 447 692 2 0.0515 246 532 508 768 3 0.0514 245 531 509 772 2 0.0511 305 460 568 696 11 0.0510 178 583 437 833 1 0.0507 363 408 620 636 10 0.0506 177 520 448 760 1 0.0506 249 451 507 700
ltZn0G0k41DmxlLEXI3i0U3uSiBaUARw,11 0.0593 242 718 516 944 5 0.0559 239 715 514 941 0 0.0557 247 713 518 948 8 0.0557 195 736 544 903 13 0.0534 252 712 524 949 11 0.0527 208 541 588 717 7 0.0522 248 718 522 946 8 0.0511 185 597 436 828 6 0.0502 252 718 519 947 10 0.0501 185 740 548 902
cliTvhBmJHjNni5fgQnkntdJq4aGub47,11 0.0643 303 322 579 565 7 0.0628 243 316 508 569 3 0.0624 244 320 508 572 11 0.0624 513 334 773 581 8 0.0622 447 334 707 589 7 0.0610 453 332 716 585 8 0.0608 306 322 572 570 0 0.0605 511 336 769 584 5 0.0599 235 312 508 568 0 0.0598 238 313 509 569 5 0.0598 438 264 698 504 3 0.0596 312 251 581 497 13 0.0591 306 318 585 569 6 0.0585 452 336 716 589 11 0.0584 380 254 650 498 3 0.0584 452 335 708 593 8 0.0583 375 251 645 500 8 0.0580 584 386 824 637 0 0.0578 368 322 639 573 0 0.0577 441 265 702 509 0 0.0575 307 247 577 490 10 0.0574 305 325 577 565 5 0.0571 302 245 576 486 6 0.0566 313 252 580 491 5 0.0565 367 318 638 571 8 0.0558 254 203 505 435 6 0.0558 246 318 512 571 2 0.0558 245 323 504 569 5 0.0556 512 330 768 582 7 0.0555 383 252 653 499 0 0.0553 509 207 769 443 2 0.0546 452 341 711 588 13 0.0544 586 389 838 635 0 0.0540 390 194 660 412 6 0.0538 587 389 833 633 10 0.0533 450 338 713 588 3 0.0531 587 335 843 590 7 0.0526 587 387 835 634 11 0.0525 249 206 517 432 2 0.0523 382 262 647 498 13 0.0517 256 201 521 437 2 0.0516 585 394 833 636 9 0.0516 366 325 638 570 1 0.0514 236 314 503 569 12 0.0511 309 317 578 571 9 0.0509 514 334 770 581 11 0.0508 512 204 767 439 3 0.0504 456 209 699 443 5 0.0502 389 70 640 295 6 0.0501 462 210 712 430
098RJayLq9JCxAGK5XSEJWZGO0bN9W6j,11 0.0614 645 2 1023 145 8 0.0591 641 0 893 197 13 0.0586 650 0 1023 147 13 0.0571 679 24 948 256 5 0.0564 448 391 698 630 3 0.0560 654 1 1022 149 11 0.0559 671 24 939 254 0 0.0559 638 0 899 198 0 0.0557 93 400 386 632 11 0.0544 306 397 581 613 0 0.0542 183 272 447 501 7 0.0536 458 399 704 632 8 0.0530 513 408 758 641 5 0.0530 642 0 1021 146 11 0.0525 242 463 498 680 6 0.0525 658 0 1023 145 11 0.0523 448 400 704 627 0 0.0519 46 469 321 705 3 0.0517 678 27 944 266 11 0.0515 240 335 502 540 0 0.0514 234 401 501 623 5 0.0511 668 22 938 258 6 0.0509 628 29 894 257 8 0.0508 624 86 877 327 5 0.0505 88 400 369 622 7 0.0501 235 403 505 618
JpmW2eFkz0gdss0s1TyMpFxudJuVQCgi,5 0.0627 572 400 824 645 7 0.0627 527 399 773 645 0 0.0623 574 335 831 572 3 0.0621 581 404 832 650 0 0.0619 521 399 769 647 11 0.0616 574 337 834 566 3 0.0612 456 337 708 585 7 0.0611 361 354 723 536 8 0.0609 325 133 576 378 6 0.0606 579 336 834 568 0 0.0606 517 154 762 382 5 0.0605 507 272 761 511 5 0.0603 443 333 706 581 0 0.0601 257 212 503 460 11 0.0597 569 463 821 699 7 0.0597 517 276 767 510 2 0.0595 525 404 771 643 11 0.0594 452 404 718 647 6 0.0589 587 222 856 455 0 0.0589 512 280 761 512 8 0.0589 510 334 757 574 0 0.0589 451 338 708 584 3 0.0588 517 277 763 517 0 0.0588 639 397 890 642 3 0.0588 389 269 643 511 3 0.0587 363 155 705 350 8 0.0584 384 272 634 504 0 0.0583 319 276 575 524 13 0.0582 576 463 831 699 11 0.0582 354 354 720 534 11 0.0582 320 136 587 375 11 0.0582 251 277 506 518 5 0.0581 348 153 698 344 8 0.0579 573 457 822 699 0 0.0579 183 285 433 525 10 0.0578 385 274 645 506 0 0.0576 569 95 840 324 0 0.0576 432 463 709 702 6 0.0576 260 271 508 518 5 0.0574 513 145 760 382 5 0.0574 579 215 849 451 10 0.0573 516 217 763 442 6 0.0571 326 131 588 377 9 0.0568 523 400 770 642 8 0.0567 514 213 756 442 2 0.0567 453 342 709 581 5 0.0567 310 270 572 518 8 0.0567 255 274 500 518 7 0.0566 443 461 714 702 0 0.0566 322 134 583 378 11 0.0566 642 399 888 641 0 0.0564 375 67 636 296 3 0.0563 257 274 504 527 0 0.0563 582 220 853 455 6 0.0562 439 529 711 765 6 0.0561 453 338 714 582 11 0.0560 562 600 830 819 10 0.0559 455 406 719 652 11 0.0557 514 218 765 439 13 0.0556 327 134 590 378 8 0.0555 567 597 823 821 7 0.0551 639 395 888 644 5 0.0549 637 337 888 580 11 0.0549 432 528 705 764 0 0.0549 248 62 502 311 8 0.0548 454 403 712 651 13 0.0548 586 224 861 456 10 0.0547 357 160 708 345 6 0.0546 646 397 892 642 13 0.0543 258 211 510 461 11 0.0543 302 415 573 648 6 0.0543 525 401 772 644 6 0.0541 516 278 767 510 13 0.0541 579 337 838 570 8 0.0540 582 155 834 392 5 0.0539 184 218 434 465 8 0.0539 583 280 839 515 11 0.0539 517 92 787 308 0 0.0539 567 601 834 827 6 0.0539 311 413 575 654 8 0.0539 641 391 880 646
16JioGV7fc2XTQAMxQosCaDHP6k5Z3md,8 0.0589 383 412 640 641 5 0.0587 314 462 575 705 11 0.0581 316 406 583 639 5 0.0565 250 537 524 777 11 0.0565 318 546 581 778 6 0.0558 387 415 653 643 5 0.0549 376 406 644 639 11 0.0548 257 476 521 714 7 0.0545 319 471 584 712 6 0.0545 324 474 586 708 7 0.0539 258 543 528 782 0 0.0536 315 471 581 713 0 0.0526 387 412 649 647 11 0.0526 443 466 697 698 10 0.0520 318 415 581 638 2 0.0519 320 480 579 712 13 0.0519 323 407 592 638 6 0.0515 261 541 532 777 8 0.0508 311 474 572 709 10 0.0506 746 7 1008 258 7 0.0505 385 411 654 645 0 0.0503 748 10 1015 259 5 0.0501 742 2 1006 253
z4OcRCUBCbCyF7Iv6T4etbUMXjN2i2qD,11 0.0640 12 662 260 898 8 0.0631 17 659 251 904 0 0.0615 12 660 258 907 7 0.0606 456 401 704 642 3 0.0593 21 656 256 905 5 0.0586 369 392 627 638 11 0.0579 450 408 701 642 3 0.0577 453 406 704 646 0 0.0574 378 399 626 642 11 0.0568 387 217 635 438 11 0.0568 446 273 704 493 5 0.0558 381 262 634 495 8 0.0556 379 403 622 639 0 0.0552 322 583 585 842 5 0.0552 451 324 701 562 7 0.0548 17 661 256 903 7 0.0546 389 267 642 499 2 0.0543 18 665 256 904 13 0.0543 18 663 261 905 1 0.0542 9 653 256 903 0 0.0535 390 216 634 441 6 0.0520 396 217 641 437 6 0.0520 451 408 704 642 5 0.0518 11 659 253 900 10 0.0515 374 410 632 636 10 0.0515 451 278 708 489 10 0.0511 16 663 254 906 3 0.0511 397 215 636 443 11 0.0500 314 657 591 888
iMrZKCW4LPQFf92wVg0SIzh3Q1SJB7Gu,11 0.0588 373 273 637 500 8 0.0581 376 271 628 503 7 0.0568 441 268 712 498 10 0.0559 183 621 440 839 3 0.0557 378 270 635 505 5 0.0543 170 517 425 761 7 0.0543 248 677 512 902 11 0.0535 240 680 504 900 3 0.0531 398 131 639 374 11 0.0527 307 351 583 579 5 0.0519 385 126 637 364 13 0.0518 323 279 587 511 13 0.0516 186 616 446 841 0 0.0515 372 270 634 503 8 0.0506 312 347 573 583 11 0.0505 390 134 643 368 0 0.0504 310 346 576 584 0 0.0503 391 133 638 371 7 0.0503 323 277 581 509
XODNX5vYIz6iJuzWBgFaA9Ck6HwVHy8U,11 0.0638 273 867 648 1022 8 0.0632 864 143 1019 516 7 0.0616 278 865 651 1023 5 0.0597 267 865 641 1022 0 0.0581 273 867 647 1023 8 0.0579 795 327 966 702 8 0.0579 273 867 638 1023 0 0.0545 857 146 1023 522 11 0.0541 793 330 971 695 7 0.0537 184 720 435 957 13 0.0536 279 870 656 1023 5 0.0529 857 139 1021 519 8 0.0527 181 729 421 956 11 0.0526 860 153 1023 513 10 0.0519 274 869 645 1023 11 0.0519 173 727 430 952 2 0.0519 275 871 649 1023 3 0.0515 276 868 646 1023 13 0.0514 795 328 975 706 11 0.0503 234 345 522 578
nN4EzAZJawjTW3j3gqREHMWCwaW3vuCO,5 0.0639 563 787 804 1014 0 0.0595 567 786 812 1023 7 0.0577 570 785 817 1018 11 0.0569 567 788 807 1015 8 0.0567 566 784 804 1019 13 0.0543 572 789 816 1020 2 0.0517 569 792 813 1017 3 0.0515 570 786 810 1021 10 0.0501 566 791 810 1019
kYo6i7coECN6m5OEMPhF84NqNF5pSh80,3 0.0575 508 269 771 515 5 0.0571 500 266 765 509 8 0.0571 506 266 765 503 0 0.0561 503 269 770 508 13 0.0548 441 220 704 453 3 0.0548 440 220 696 459 5 0.0547 430 210 691 449 11 0.0547 434 218 695 450 11 0.0542 501 270 770 504 0 0.0538 630 283 877 508 7 0.0535 439 221 699 455 6 0.0533 514 223 774 457 8 0.0531 439 216 692 449 13 0.0519 513 149 773 389 11 0.0515 365 136 634 377 2 0.0514 506 273 769 506 7 0.0511 508 271 776 510 8 0.0509 370 134 624 377 6 0.0507 374 130 634 378 0 0.0506 508 148 765 388 13 0.0503 375 132 641 379 7 0.0503 372 137 635 380
hhYaUcDP9bqOuoWUxkuatTsM5xvWHpzA,11 0.0563 247 333 499 556 0 0.0551 242 265 506 505 7 0.0546 579 469 824 710 11 0.0532 574 474 820 703 5 0.0529 240 263 502 500 5 0.0527 251 377 507 619 5 0.0527 572 467 821 703 7 0.0526 253 266 505 502 8 0.0524 579 474 819 706 13 0.0516 580 476 831 707 0 0.0516 576 472 825 708 0 0.0511 313 130 572 378 3 0.0507 256 383 510 630 6 0.0506 255 268 509 501 11 0.0503 299 805 556 1022 8 0.0503 374 141 629 381 6 0.0503 379 140 648 382 11 0.0501 316 375 569 615
gu3Vf0Aq5KCxTtkOxG1FCyFrq9BqMW9D,11 0.0554 314 75 574 323 8 0.0536 177 339 439 574 0 0.0525 313 155 575 393 13 0.0525 320 75 578 330 11 0.0516 186 270 447 499 0 0.0514 190 272 450 503 13 0.0513 200 271 455 508 8 0.0508 317 77 559 324 7 0.0506 320 147 577 393
qjz0nj3WmvCNOITJrBmYbOzpEVfb05g1,11 0.0686 250 655 509 897 0 0.0674 207 736 581 913 5 0.0674 313 709 558 956 7 0.0663 253 714 498 959 11 0.0645 337 674 693 850 7 0.0639 384 710 631 954 6 0.0633 381 713 632 954 5 0.0632 443 714 693 944 11 0.0629 512 689 771 900 5 0.0626 333 669 685 850 0 0.0623 380 709 629 957 8 0.0622 252 712 495 954 11 0.0621 187 587 440 818 6 0.0621 252 715 501 957 11 0.0617 380 713 630 951 13 0.0611 199 655 451 895 7 0.0610 348 671 697 853 5 0.0607 187 708 437 949 0 0.0602 191 588 442 822 0 0.0599 337 671 694 855 8 0.0599 381 710 627 953 2 0.0583 317 716 565 957 10 0.0578 379 710 629 952 3 0.0576 449 717 697 951 10 0.0571 204 738 581 910 3 0.0567 216 739 582 914 3 0.0565 342 672 690 856 7 0.0559 516 685 771 905 6 0.0555 449 675 713 896 5 0.0545 187 584 438 815 13 0.0544 320 657 577 901 1 0.0544 204 733 580 913 0 0.0541 510 687 765 911 2 0.0538 338 676 695 853 12 0.0535 382 707 629 957 9 0.0534 313 715 562 954 2 0.0524 191 715 442 952 1 0.0522 377 705 630 956 2 0.0519 448 721 700 945 10 0.0517 189 592 440 816 2 0.0513 192 594 444 823 12 0.0513 196 653 444 898 0 0.0513 245 210 518 444 4 0.0510 210 736 587 912 3 0.0500 196 590 443 826
8X5jOXpgEjQsSLXo3gdSzrWuzvz9uqs9,11 0.0644 442 613 707 834 7 0.0627 454 610 713 842 5 0.0569 432 649 689 897 8 0.0567 302 409 558 638 11 0.0560 371 339 651 564 8 0.0553 443 615 698 835 8 0.0551 377 336 640 569 0 0.0534 305 408 565 642 6 0.0528 436 658 700 893 8 0.0525 307 277 560 502 7 0.0525 388 260 654 491 0 0.0523 436 657 693 897 3 0.0514 440 657 691 902 0 0.0508 376 337 648 572 2 0.0508 450 618 707 836 6 0.0505 382 340 652 568 5 0.0502 373 257 642 488 8 0.0502 447 716 680 955 11 0.0502 303 282 567 502
ugaaaQ75KO1zx1GfHvIuqQAltHJYYlqg,11 0.0619 298 602 569 837 11 0.0599 303 476 567 708 13 0.0566 307 599 577 843 7 0.0565 306 472 571 711 8 0.0564 306 604 561 838 5 0.0561 300 591 567 841 7 0.0560 242 596 504 840 11 0.0553 237 538 506 772 8 0.0549 307 477 557 704 0 0.0544 376 467 630 705 3 0.0543 302 603 569 849 0 0.0542 301 602 566 841 5 0.0540 301 469 567 706 0 0.0536 244 536 502 773 3 0.0532 378 469 630 715 6 0.0527 306 600 567 840 13 0.0524 310 478 577 708 10 0.0519 238 605 499 837 5 0.0518 235 529 501 773 8 0.0515 238 537 492 771 8 0.0507 244 394 486 634
pW8Ga94uzl61VA6kDyLj8g7pDTCT1B3M,5 0.0673 182 711 427 959 7 0.0649 187 715 431 966 11 0.0646 181 716 430 963 0 0.0634 184 650 440 903 8 0.0627 186 714 426 964 6 0.0588 186 716 434 963 10 0.0573 180 653 437 898 3 0.0564 185 650 434 906 10 0.0556 125 714 369 961 11 0.0549 310 450 555 680 2 0.0549 185 718 432 964 13 0.0543 188 716 435 965 0 0.0535 312 452 562 688 8 0.0534 202 457 426 694 9 0.0533 181 718 431 959 11 0.0528 199 458 437 690 11 0.0516 256 384 497 614
wA3Brf1jAyFHMm5dzmOFdVgH5yljPbDm,5 0.0581 568 460 824 705 11 0.0568 511 467 747 707 0 0.0560 238 0 498 198 13 0.0558 510 349 761 593 5 0.0555 568 335 827 577 7 0.0553 519 462 751 706 11 0.0549 507 348 756 592 8 0.0544 506 345 749 597 11 0.0539 246 334 494 567 0 0.0534 508 347 757 594 5 0.0533 244 329 490 565 6 0.0528 577 466 831 705 0 0.0525 512 466 752 710 3 0.0522 513 350 756 600 10 0.0521 514 471 749 709 11 0.0520 560 280 828 519 7 0.0520 515 343 758 592 0 0.0519 248 335 493 569 8 0.0515 510 466 742 711 8 0.0513 566 279 816 528 11 0.0513 231 3 497 197 0 0.0510 648 87 899 323 6 0.0507 638 149 894 390 2 0.0505 510 351 760 594 8 0.0504 512 0 760 212 10 0.0504 511 351 756 594 8 0.0501 571 71 818 307
BQQUKPyT5ThaSzd23B3jOJzjWWf3d0XD,11 0.0623 561 392 828 628 8 0.0621 575 521 823 770 11 0.0602 572 520 827 761 11 0.0593 442 454 698 692 8 0.0587 562 393 817 631 11 0.0579 381 397 628 628 8 0.0573 242 323 489 565 11 0.0570 252 270 510 504 0 0.0569 562 393 825 630 5 0.0568 560 390 820 633 0 0.0568 572 522 824 770 7 0.0556 579 520 829 769 11 0.0554 501 331 756 561 7 0.0551 451 451 703 700 7 0.0550 568 392 827 635 11 0.0548 318 335 558 564 13 0.0545 567 393 832 633 8 0.0544 370 480 720 665 5 0.0538 242 319 497 563 0 0.0537 439 396 694 639 3 0.0534 582 521 826 776 10 0.0534 562 395 821 632 5 0.0533 571 515 821 769 6 0.0533 578 518 828 770 10 0.0531 574 522 827 772 3 0.0530 567 394 826 638 11 0.0528 255 799 499 1019 7 0.0527 320 394 560 636 5 0.0525 624 269 877 494 11 0.0524 243 398 502 636 8 0.0523 319 394 549 634 13 0.0523 578 521 832 768 5 0.0522 309 0 579 186 6 0.0514 570 332 816 564 6 0.0512 372 480 732 666 0 0.0510 504 721 764 955 5 0.0506 266 419 636 599 8 0.0505 171 398 415 648 8 0.0503 255 795 492 1020 0 0.0501 276 424 643 600
TbbbZF3sQCCkLQlHwIyMNYQHDp0NvF5M,5 0.0648 452 666 822 859 8 0.0598 705 650 958 892 0 0.0590 704 651 963 892 8 0.0586 448 671 810 859 11 0.0584 766 712 1023 934 11 0.0581 634 656 909 899 7 0.0580 603 678 970 860 3 0.0572 604 680 964 863 3 0.0566 579 715 836 947 5 0.0565 635 647 901 904 6 0.0560 641 656 909 903 0 0.0560 454 673 825 861 2 0.0559 638 662 905 906 5 0.0557 569 781 824 1003 2 0.0556 456 676 826 858 7 0.0555 576 790 836 1006 10 0.0547 764 585 1023 818 5 0.0546 305 594 569 826 0 0.0546 631 589 897 826 0 0.0543 367 671 628 916 3 0.0539 701 580 952 819 11 0.0536 452 673 827 858 6 0.0531 706 573 962 811 11 0.0528 697 580 960 810 5 0.0528 764 709 1017 935 8 0.0523 766 578 1017 820 11 0.0523 304 604 570 827 3 0.0522 774 708 1021 941 7 0.0520 313 604 575 834 6 0.0517 459 674 828 856 5 0.0516 502 713 762 951 13 0.0515 778 638 1023 878 7 0.0514 773 708 1023 938 5 0.0512 363 664 627 913 10 0.0511 627 591 895 822 8 0.0505 629 589 888 823 0 0.0505 766 586 1022 820 13 0.0503 308 656 580 898 13 0.0502 649 710 916 944 7 0.0501 506 724 770 953 0 0.0501 311 602 571 833
7oRppCw4KLxR4LCXLcW5ijv8DRKZ3EQ0,8 0.0562 440 142 694 373 13 0.0527 341 218 708 403 6 0.0521 348 215 599 450 0 0.0505 439 143 703 376 3 0.0500 444 141 704 379
wGNpUWymqzfJqtpt1qy6177G0Cqrr5Vn,5 0.0681 259 321 514 566 8 0.0659 336 418 687 603 8 0.0656 569 260 819 499 5 0.0644 260 448 522 706 5 0.0641 189 255 448 499 7 0.0639 495 326 754 575 6 0.0636 573 334 834 578 5 0.0636 248 191 514 435 0 0.0626 572 332 830 579 11 0.0625 564 263 829 494 8 0.0623 504 208 755 432 0 0.0623 497 262 757 503 5 0.0622 568 330 828 578 5 0.0617 326 291 705 481 8 0.0616 269 357 637 539 11 0.0614 271 228 640 401 6 0.0610 503 264 760 502 8 0.0609 492 324 747 574 11 0.0604 315 90 579 312 0 0.0604 247 14 507 243 8 0.0604 275 544 618 721 0 0.0603 572 199 830 429 11 0.0603 433 329 696 578 8 0.0601 333 294 703 480 6 0.0600 436 327 701 580 11 0.0598 264 391 518 638 3 0.0597 495 326 751 578 0 0.0594 498 139 756 363 0 0.0594 329 480 691 667 6 0.0593 578 202 830 425 0 0.0593 440 201 699 437 13 0.0591 573 337 833 580 0 0.0589 267 354 649 541 6 0.0588 444 204 704 434 11 0.0588 502 208 764 427 7 0.0587 448 201 704 437 7 0.0579 269 448 524 706 8 0.0577 379 203 629 438 11 0.0576 248 520 518 777 9 0.0575 490 325 750 571 5 0.0574 441 198 696 436 0 0.0573 273 543 632 723 2 0.0573 494 329 748 575 11 0.0573 328 483 689 664 8 0.0572 566 141 815 360 5 0.0572 572 196 828 428 3 0.0571 255 519 516 784 0 0.0569 266 225 638 402 7 0.0568 396 474 757 661 5 0.0566 382 472 750 660 10 0.0564 488 328 750 574 13 0.0564 447 204 706 434 5 0.0563 494 134 754 362 6 0.0561 394 476 755 661 6 0.0560 505 142 759 360 8 0.0560 255 197 508 434 13 0.0559 504 264 763 503 7 0.0558 571 261 829 504 6 0.0557 323 89 581 315 6 0.0557 269 450 526 706 13 0.0557 438 330 703 581 0 0.0554 315 83 574 315 10 0.0554 333 421 702 602 10 0.0554 270 358 649 540 13 0.0554 323 88 587 316 8 0.0552 318 85 568 311 11 0.0552 248 716 509 941 3 0.0551 434 396 692 651 6 0.0549 317 209 574 442 11 0.0547 248 20 508 238 13 0.0546 391 478 760 660 12 0.0545 576 332 829 579
3auKmTQUQNcKzR25AgYnmlkQ3BHCETrZ,5 0.0599 250 783 499 1013 8 0.0561 252 784 496 1013 11 0.0558 252 787 500 1011 7 0.0557 257 787 505 1017 10 0.0538 252 792 501 1014 2 0.0534 254 789 504 1017 5 0.0524 372 269 621 507 0 0.0524 253 785 502 1018 11 0.0520 379 396 633 629 7 0.0517 387 335 627 561 8 0.0513 377 275 614 506 13 0.0513 257 786 510 1015 6 0.0512 258 789 505 1015 9 0.0511 251 787 500 1014 8 0.0506 453 0 701 221
AHHCESaOcoTLjPeWQjCYnam5iKAIKHft,11 0.0571 315 794 569 1019 11 0.0517 314 128 573 380 0 0.0506 251 72 512 328 11 0.0505 483 468 747 703 3 0.0502 381 0 630 210 11 0.0501 495 667 760 894
NxGBKChvUoPMOtgCZcvGLvfsfYUGAZOQ,8 0.0659 282 1 611 152 0 0.0632 494 2 752 201 13 0.0609 306 343 572 588 0 0.0607 446 455 702 698 13 0.0604 386 401 643 649 0 0.0604 574 443 825 690 11 0.0601 312 409 576 651 5 0.0600 639 453 888 697 7 0.0596 384 399 642 649 7 0.0591 578 441 828 690 11 0.0584 388 458 646 702 8 0.0584 382 398 630 644 5 0.0582 295 335 559 584 5 0.0580 443 448 701 695 5 0.0578 367 276 623 516 11 0.0578 643 458 892 702 11 0.0577 274 2 629 153 3 0.0574 577 441 827 697 3 0.0574 281 0 625 156 3 0.0573 314 405 574 657 0 0.0573 375 662 649 899 11 0.0571 344 611 713 796 5 0.0568 434 574 690 824 5 0.0567 276 0 617 155 10 0.0565 381 403 641 645 10 0.0564 369 287 633 519 13 0.0563 579 443 831 690 3 0.0559 380 281 629 527 0 0.0555 578 331 830 568 7 0.0555 307 342 565 584 6 0.0554 383 398 641 644 11 0.0554 376 660 651 893 13 0.0548 389 519 647 759 6 0.0547 285 0 630 153 0 0.0547 501 575 770 818 6 0.0543 378 282 632 522 7 0.0541 379 283 635 520 8 0.0540 303 341 554 583 3 0.0540 511 573 773 823 8 0.0540 372 283 619 519 11 0.0539 583 395 838 636 6 0.0537 582 442 834 692 3 0.0536 390 515 643 765 6 0.0536 246 414 492 647 5 0.0535 367 144 625 373 5 0.0534 577 386 828 633 10 0.0534 300 347 566 587 8 0.0533 381 514 628 760 6 0.0533 356 667 697 855 2 0.0533 276 1 622 154 7 0.0532 507 574 780 815 0 0.0532 375 283 628 523 7 0.0531 282 2 628 154 0 0.0531 313 734 579 978 0 0.0531 278 0 624 156 5 0.0530 140 664 524 848 13 0.0527 285 3 632 155 5 0.0527 374 791 617 1023 3 0.0526 454 452 705 702 10 0.0525 438 588 694 823 0 0.0525 169 658 434 900 0 0.0524 302 341 562 590 11 0.0523 307 805 559 1021 5 0.0522 319 445 578 698 13 0.0522 379 282 635 522 8 0.0520 646 456 887 702 5 0.0519 308 579 576 829 0 0.0517 381 518 640 762 7 0.0517 578 329 837 570 8 0.0516 503 572 760 816 5 0.0516 248 735 506 967 6 0.0515 305 344 567 589 13 0.0514 509 575 780 815 11 0.0514 370 286 632 517 10 0.0509 573 447 829 690 5 0.0509 232 404 483 645 11 0.0508 490 1 761 197
tajzv5VNPEdgiD1vU5C58WR14o16BOrS,11 0.0598 423 649 688 890 7 0.0571 429 646 690 894 11 0.0532 364 725 629 949 7 0.0520 186 646 444 884 5 0.0520 504 777 745 1011 0 0.0517 373 668 756 844 11 0.0516 319 610 693 785 11 0.0515 507 779 751 1009 13 0.0509 511 783 758 1019 7 0.0509 511 779 755 1017 7 0.0506 368 720 635 952
uquNaIUo7qUQt7HG82coa9QHM2bsGNFl,8 0.0617 119 332 369 579 0 0.0584 124 337 377 579 11 0.0574 119 338 379 574 8 0.0554 189 389 438 638 10 0.0553 121 342 375 576 5 0.0551 107 395 382 633 3 0.0530 121 399 385 641 11 0.0530 181 397 446 632 13 0.0528 188 456 452 699 6 0.0524 124 337 381 579 13 0.0511 117 400 389 638 0 0.0510 187 395 452 640 7 0.0506 121 397 385 633 6 0.0505 191 396 449 638 8 0.0501 477 429 815 605
SVwUWmJv0JPnyN02rqxQX4UehFlMgOkK,11 0.0617 493 463 758 688 11 0.0613 442 336 692 555 11 0.0604 434 541 706 763 0 0.0597 493 461 761 692 8 0.0591 444 333 685 557 0 0.0577 429 538 707 765 13 0.0565 501 462 766 693 8 0.0565 498 461 752 694 5 0.0563 492 457 754 690 6 0.0559 499 462 762 690 8 0.0555 438 536 696 766 3 0.0554 445 336 692 562 0 0.0546 441 335 694 560 7 0.0545 446 333 699 554 5 0.0541 429 536 700 760 7 0.0540 499 460 764 691 11 0.0534 115 340 373 571 7 0.0529 439 537 708 765 6 0.0528 439 539 713 766 11 0.0524 398 272 638 479 13 0.0523 443 540 708 769 11 0.0510 672 363 938 567 3 0.0509 501 464 757 693 5 0.0504 687 279 932 503 3 0.0502 443 541 705 767
3hrqI7YLItEVJGseZwH3sbb2aevETBoe,0 0.0661 187 647 440 899 7 0.0644 190 647 441 895 5 0.0640 245 652 505 903 0 0.0638 251 711 501 966 11 0.0632 124 653 379 892 8 0.0631 324 584 561 838 7 0.0630 139 610 507 794 6 0.0628 190 651 443 896 11 0.0624 131 613 498 791 8 0.0622 252 654 502 902 0 0.0622 322 583 570 845 5 0.0613 124 650 375 896 7 0.0612 248 711 504 964 10 0.0604 186 655 439 893 6 0.0598 252 716 505 965 5 0.0597 319 580 565 838 8 0.0596 127 651 375 894 8 0.0588 139 612 490 794 5 0.0584 126 610 496 794 7 0.0581 327 584 572 839 11 0.0581 247 658 509 899 11 0.0580 185 713 438 958 11 0.0573 322 586 568 837 3 0.0572 251 653 510 905 10 0.0567 131 616 498 792 13 0.0562 191 714 444 960 3 0.0558 126 653 380 898 10 0.0553 320 586 568 839 10 0.0552 247 716 504 960 3 0.0546 191 713 438 962 3 0.0541 327 587 571 844 6 0.0541 136 614 509 793 1 0.0539 187 646 437 895 13 0.0536 129 651 386 896 12 0.0534 193 649 440 899 6 0.0533 323 587 571 839 2 0.0532 188 655 439 898 3 0.0531 137 614 504 795 2 0.0529 250 718 504 962 13 0.0524 329 585 576 840 13 0.0524 254 655 513 903 9 0.0521 121 653 380 894 0 0.0519 0 674 305 860 13 0.0503 137 610 511 795
06bE64CZAu3P6nVrDpIbjVV1VVwEyW8n,0 0.0639 376 334 623 570 5 0.0630 242 400 504 637 11 0.0621 311 339 572 564 5 0.0612 341 419 708 602 11 0.0606 438 268 688 502 7 0.0602 356 423 721 604 0 0.0602 440 265 685 506 0 0.0599 322 406 579 642 11 0.0594 244 405 509 635 0 0.0590 321 263 571 500 8 0.0586 353 418 702 601 8 0.0586 442 261 679 500 5 0.0583 309 332 568 561 8 0.0579 251 398 501 637 3 0.0576 252 402 509 644 10 0.0568 441 268 689 502 2 0.0568 373 340 624 565 7 0.0568 318 336 574 566 3 0.0567 352 422 715 604 6 0.0565 319 334 573 565 11 0.0563 345 425 718 602 5 0.0562 436 258 683 500 6 0.0558 384 205 634 440 8 0.0558 318 259 561 499 7 0.0554 277 483 639 660 6 0.0550 280 482 633 658 3 0.0550 445 262 686 507 10 0.0549 316 339 569 563 6 0.0548 355 423 717 603 0 0.0540 247 334 503 566 13 0.0540 377 334 631 569 6 0.0537 444 264 691 502 11 0.0536 377 208 631 438 11 0.0535 249 270 508 501 10 0.0534 270 486 631 660 7 0.0531 445 265 686 503 13 0.0529 254 402 510 642 2 0.0528 319 409 577 641 10 0.0524 349 427 715 603 5 0.0524 373 194 625 438 11 0.0523 513 211 767 454 3 0.0520 384 202 629 445 8 0.0520 380 204 619 438 13 0.0514 521 277 764 516 0 0.0513 176 400 441 631 11 0.0513 583 280 830 515 2 0.0512 440 270 685 499 9 0.0510 342 423 713 599 12 0.0507 319 405 578 642 2 0.0502 321 265 566 498
u8UqlhLWD3jOFE0EohXlwiQVB35232j8,8 0.0577 504 10 758 258 11 0.0559 500 15 760 254 8 0.0551 184 72 432 333 0 0.0545 503 13 763 255 7 0.0536 642 801 893 1023 0 0.0532 639 0 897 200 8 0.0527 638 0 889 203 3 0.0527 510 12 764 262 13 0.0521 249 68 506 320 5 0.0520 174 77 436 328 5 0.0518 247 320 499 547 13 0.0515 643 803 895 1023 5 0.0513 497 11 756 253 0 0.0508 637 801 886 1023 0 0.0508 121 67 378 319 11 0.0505 634 1 898 202 13 0.0503 507 12 768 257 8 0.0503 255 319 493 551 6 0.0502 508 14 764 252
2axaQ0QZ0Vd43YXYFVpFSsJpLONh06BF,6 0.0629 186 465 432 699 11 0.0620 183 536 427 760 8 0.0615 187 464 422 701 6 0.0611 249 523 494 757 5 0.0604 252 410 502 647 11 0.0602 243 353 503 578 0 0.0600 180 399 435 637 11 0.0592 179 403 436 639 6 0.0591 184 340 429 575 11 0.0586 236 586 503 823 6 0.0585 262 415 508 650 8 0.0585 248 293 494 518 11 0.0581 247 470 504 707 0 0.0579 252 466 501 707 5 0.0576 239 292 495 517 5 0.0568 175 335 419 570 3 0.0568 253 464 499 714 2 0.0568 182 470 427 704 8 0.0566 264 415 501 649 8 0.0563 182 588 418 821 6 0.0563 247 296 504 520 10 0.0563 250 468 503 706 7 0.0560 182 461 430 702 5 0.0560 240 515 491 759 3 0.0560 191 533 426 764 7 0.0560 181 339 431 573 5 0.0558 180 458 425 699 13 0.0558 251 349 506 578 0 0.0557 186 532 427 762 0 0.0556 314 295 564 525 13 0.0553 252 464 506 710 5 0.0552 164 648 426 885 11 0.0552 298 666 568 901 11 0.0551 245 220 506 453 5 0.0549 313 143 571 389 11 0.0547 362 596 638 824 3 0.0545 181 401 433 643 8 0.0545 247 522 486 760 11 0.0544 417 669 702 884 6 0.0543 325 474 583 702 13 0.0539 184 399 443 640 3 0.0539 248 351 501 584 8 0.0535 181 338 421 572 8 0.0534 329 476 569 704 5 0.0533 297 654 565 904 8 0.0533 311 587 559 826 8 0.0532 236 658 490 904 0 0.0532 319 149 573 395 13 0.0532 310 661 575 906 3 0.0530 246 581 502 830 10 0.0529 179 405 435 636 6 0.0527 309 586 571 827 11 0.0526 429 538 708 752 5 0.0524 316 468 578 704 7 0.0523 249 520 497 766 8 0.0523 256 138 497 388 13 0.0523 187 529 430 764 10 0.0521 245 354 503 578 0 0.0519 249 213 502 452 11 0.0519 316 152 578 393 3 0.0518 325 524 572 769 6 0.0518 320 152 581 393 2 0.0517 182 343 423 574 7 0.0516 261 414 510 651 3 0.0514 372 593 636 830 0 0.0511 325 522 572 763 2 0.0508 263 422 504 652 13 0.0508 242 577 507 824 7 0.0507 182 586 425 823 10 0.0506 185 535 425 759 7 0.0503 247 294 505 520 11 0.0500 194 146 441 399 7 0.0500 313 582 573 832
P6iLyiA3jVACwyoZP5chzTdZ4bZ1t9oh,11 0.0618 130 476 406 730 11 0.0593 248 2 516 196 6 0.0566 132 526 398 784 11 0.0544 143 671 523 843 6 0.0539 254 1 515 197 0 0.0537 251 0 510 198 8 0.0530 64 419 334 676 3 0.0528 256 2 509 203 7 0.0527 139 468 406 731 7 0.0527 257 0 510 197 13 0.0526 154 670 531 848 5 0.0526 127 469 401 726 5 0.0524 248 0 505 196 13 0.0518 256 0 515 200 10 0.0512 126 533 392 778 5 0.0509 0 479 236 714 8 0.0508 252 2 505 198 0 0.0507 315 652 579 873 13 0.0506 132 527 397 786 8 0.0505 262 658 506 881 5 0.0504 141 667 519 842
1Aa7fiSjcG5iTcrMvfrHNLplGtvwvSSJ,0 0.0533 179 659 448 896 13 0.0530 186 656 454 899 7 0.0528 461 331 717 565 5 0.0526 503 271 781 506 7 0.0526 373 144 638 377 8 0.0523 185 659 437 894 5 0.0515 176 659 439 893 0 0.0513 311 670 579 904 5 0.0510 241 386 512 635 7 0.0508 432 207 706 444 6 0.0507 180 661 448 895 0 0.0502 426 212 704 448 5 0.0501 364 139 637 374 11 0.0501 246 392 519 632 5 0.0500 426 201 703 443 11 0.0500 176 661 446 890
AFh2rSYNhh2BDecveUDhcEhYpNvURtzn,0 0.0600 620 602 885 844 0 0.0578 702 542 950 778 5 0.0577 616 596 880 843 6 0.0576 627 601 887 844 11 0.0563 625 527 891 766 8 0.0555 378 143 634 365 5 0.0554 699 533 947 776 5 0.0553 371 138 633 362 8 0.0546 574 530 825 773 6 0.0546 709 540 955 772 13 0.0541 574 529 839 772 7 0.0537 576 529 834 776 8 0.0530 620 602 878 843 6 0.0526 382 143 648 364 11 0.0522 369 215 642 440 5 0.0520 259 138 509 388 3 0.0520 381 141 643 374 11 0.0517 390 86 645 319 8 0.0515 704 540 940 772 13 0.0513 270 143 525 396 10 0.0512 620 603 885 846 2 0.0510 629 532 891 769 7 0.0509 497 790 755 1023 0 0.0505 264 145 515 394 0 0.0502 379 145 640 369
QVh9HH9Ntzo2WflR4eKBekGReupzVTjI,5 0.0648 638 459 889 691 5 0.0635 498 313 762 549 5 0.0635 561 257 832 490 11 0.0620 640 465 894 692 8 0.0618 498 255 765 488 6 0.0617 316 394 567 640 3 0.0614 571 263 832 499 11 0.0614 309 399 568 635 5 0.0609 199 420 568 599 0 0.0603 501 321 767 554 5 0.0602 640 324 897 554 7 0.0599 274 419 643 599 11 0.0596 644 331 902 553 7 0.0594 641 464 894 696 7 0.0589 503 320 768 552 6 0.0588 384 339 655 576 5 0.0586 374 387 634 636 2 0.0584 504 324 764 553 11 0.0584 502 139 778 364 8 0.0581 506 137 770 365 3 0.0581 505 319 765 555 11 0.0580 567 264 834 490 11 0.0576 380 346 652 572 0 0.0576 382 395 638 639 3 0.0575 647 333 899 565 10 0.0575 498 323 766 550 8 0.0574 383 341 644 570 5 0.0574 690 530 956 752 6 0.0572 652 465 899 692 13 0.0569 315 395 572 641 0 0.0569 567 259 833 493 11 0.0568 501 322 768 550 13 0.0562 387 343 657 575 11 0.0562 507 27 773 256 10 0.0561 640 468 892 691 7 0.0561 508 200 781 437 8 0.0560 317 394 560 636 6 0.0560 657 332 904 554 0 0.0558 640 467 892 696 10 0.0557 377 345 651 572 8 0.0556 644 462 889 697 6 0.0552 576 261 835 489 6 0.0550 506 321 770 549 0 0.0549 647 331 899 557 2 0.0545 380 398 634 640 13 0.0545 507 322 774 551 10 0.0545 312 398 566 637 8 0.0545 514 24 760 256 13 0.0544 646 467 901 695 3 0.0541 383 394 639 644 10 0.0541 567 264 830 491 8 0.0536 648 328 892 557 3 0.0536 644 465 893 700 5 0.0534 504 19 765 247 13 0.0532 574 264 840 493 6 0.0531 515 27 773 251 6 0.0524 507 134 777 359 9 0.0523 381 344 651 569 3 0.0521 517 28 768 262 9 0.0521 501 323 763 549 2 0.0520 509 204 779 434 12 0.0520 503 258 773 491 10 0.0516 505 139 775 363 0 0.0513 202 425 568 603 12 0.0513 379 392 637 641 2 0.0513 210 428 567 601 0 0.0510 510 27 769 257 7 0.0510 643 327 904 557 10 0.0507 647 333 897 551 2 0.0506 641 471 898 696 13 0.0505 652 333 908 559
yV1d3JZj94X9rZQBUv320gF38eksnqgf,11 0.0653 310 325 563 564 8 0.0631 315 324 557 567 5 0.0606 174 323 432 563 10 0.0602 310 329 563 564 0 0.0593 314 321 562 568 11 0.0591 182 271 442 506 7 0.0590 316 322 566 569 11 0.0588 249 383 500 624 7 0.0585 185 323 438 566 8 0.0583 182 320 425 567 8 0.0582 254 377 491 625 0 0.0573 184 325 434 569 5 0.0571 309 319 560 567 13 0.0565 315 322 570 569 13 0.0565 184 326 443 571 11 0.0559 379 395 629 623 0 0.0557 253 380 498 626 7 0.0557 119 390 381 639 3 0.0552 313 326 561 572 6 0.0548 186 273 444 511 7 0.0544 386 393 634 631 13 0.0539 386 392 636 627 8 0.0538 115 387 366 640 6 0.0538 122 335 382 571 1 0.0537 313 318 560 566 13 0.0537 257 383 505 629 10 0.0536 382 400 632 626 6 0.0535 316 327 565 567 10 0.0534 181 334 433 567 11 0.0521 115 335 378 568 7 0.0521 475 0 832 158 6 0.0521 474 1 834 156 10 0.0519 251 387 499 628 5 0.0519 106 388 375 637 3 0.0516 182 275 442 517 3 0.0512 253 382 496 632 6 0.0510 641 148 893 372 0 0.0506 184 445 441 696 5 0.0502 378 388 627 626 9 0.0500 180 329 435 560
XqpvrNuH5yopubE5Y7ZMMiJwHoT3OwWD,11 0.0625 351 732 618 967 0 0.0611 421 734 677 971 5 0.0602 416 732 670 963 11 0.0595 325 395 588 632 8 0.0594 864 68 1020 432 11 0.0590 390 536 652 768 0 0.0589 866 74 1023 438 5 0.0576 862 61 1021 438 11 0.0572 315 601 572 836 7 0.0570 357 728 620 971 8 0.0567 386 401 641 635 0 0.0564 509 661 756 890 10 0.0562 862 71 1022 436 11 0.0561 503 661 757 886 8 0.0560 423 735 669 966 0 0.0558 389 264 654 495 13 0.0551 427 737 677 968 5 0.0550 323 391 582 635 3 0.0548 360 729 616 974 10 0.0544 303 719 556 965 7 0.0543 325 331 592 571 2 0.0542 395 271 652 493 5 0.0534 380 327 647 553 8 0.0534 398 533 640 771 11 0.0534 384 331 657 553 13 0.0534 866 69 1023 438 8 0.0529 306 718 551 967 0 0.0529 390 404 652 636 8 0.0528 321 601 558 843 6 0.0528 360 731 619 971 13 0.0525 329 330 598 571 0 0.0524 323 334 589 569 11 0.0524 863 74 1022 431 6 0.0519 393 470 652 712 7 0.0519 392 402 651 638 0 0.0518 306 713 557 968 5 0.0518 298 711 552 964 11 0.0517 319 264 589 496 8 0.0517 318 260 576 500 13 0.0517 392 471 653 713 10 0.0513 419 741 675 970 8 0.0511 333 476 574 706 7 0.0511 868 64 1023 436 6 0.0509 507 662 758 889 13 0.0509 308 718 564 970 3 0.0506 866 76 1022 445 11 0.0504 244 339 522 572 6 0.0502 867 73 1023 431 3 0.0501 392 400 647 645 6 0.0501 331 395 592 636 5 0.0500 327 535 585 777
4TZfh180vX2vZwM8osDM8JaecJw7PmBv,8 0.0647 319 162 580 407 8 0.0643 316 338 577 577 11 0.0641 315 166 584 405 11 0.0627 183 350 438 581 5 0.0627 306 272 576 520 11 0.0624 367 282 641 517 5 0.0615 241 333 505 577 5 0.0606 309 160 581 406 5 0.0601 308 402 567 644 11 0.0599 247 410 503 647 6 0.0596 316 280 582 521 13 0.0595 318 343 589 578 13 0.0594 319 226 580 457 3 0.0591 373 275 645 523 6 0.0588 316 410 574 647 0 0.0585 321 162 583 408 0 0.0577 247 340 510 583 8 0.0572 249 406 497 646 10 0.0572 368 283 645 520 7 0.0568 250 404 504 649 3 0.0566 247 405 502 653 11 0.0565 197 810 447 1023 6 0.0558 321 167 585 407 0 0.0557 318 408 571 649 10 0.0557 182 350 438 584 13 0.0554 250 405 510 651 5 0.0553 633 389 883 645 6 0.0550 147 808 381 1020 0 0.0546 371 274 641 520 3 0.0545 187 349 437 588 7 0.0541 188 346 441 579 7 0.0539 324 163 587 406 5 0.0538 768 399 1008 634 6 0.0537 315 553 566 782 8 0.0534 186 345 432 586 6 0.0532 249 343 511 582 11 0.0531 635 400 883 640 7 0.0530 314 549 568 790 7 0.0527 375 273 647 519 11 0.0525 770 408 1007 638 12 0.0521 317 221 577 459 11 0.0519 622 274 871 515 2 0.0519 318 282 576 521 8 0.0518 147 812 373 1021 8 0.0514 314 555 551 784 0 0.0513 774 410 1008 639 11 0.0513 306 802 558 1021 10 0.0513 246 409 501 651 13 0.0512 190 350 447 584 6 0.0509 777 403 1014 636 0 0.0508 314 554 563 787 11 0.0508 232 550 499 788 6 0.0506 193 408 456 651 5 0.0504 186 401 448 649 3 0.0503 146 810 386 1023 9 0.0502 366 277 643 515 1 0.0501 246 335 506 585
Cq41kN1Nu6voDjWRXq2sxkIuCGthdmiE,7 0.0631 477 485 836 668 5 0.0616 359 659 622 886 6 0.0612 506 461 767 715 11 0.0610 574 463 825 707 0 0.0607 502 398 765 650 11 0.0603 423 582 683 809 5 0.0600 498 457 761 712 0 0.0599 421 579 682 812 8 0.0596 466 484 822 667 13 0.0596 506 461 768 713 0 0.0595 572 460 826 712 11 0.0591 290 673 563 901 5 0.0589 569 329 824 581 0 0.0580 571 334 827 585 11 0.0577 305 522 548 761 13 0.0577 506 337 765 580 5 0.0577 421 574 677 810 3 0.0574 436 516 691 759 8 0.0574 302 592 538 822 11 0.0573 432 461 695 701 0 0.0570 429 455 696 705 8 0.0569 573 336 819 581 0 0.0566 364 665 627 891 11 0.0564 355 735 631 952 7 0.0563 367 519 620 769 8 0.0562 500 274 755 511 0 0.0561 297 588 546 822 6 0.0559 448 396 700 645 8 0.0558 436 337 684 576 8 0.0557 369 665 622 887 0 0.0555 502 274 762 516 10 0.0555 575 464 825 711 6 0.0555 577 336 829 580 11 0.0553 471 162 825 340 8 0.0552 642 470 895 710 2 0.0552 504 467 762 713 13 0.0552 445 396 703 646 5 0.0552 495 267 758 512 13 0.0549 501 213 770 448 11 0.0544 503 399 765 646 7 0.0542 365 668 635 894 7 0.0541 298 593 554 825 8 0.0540 366 517 610 772 6 0.0539 367 585 620 817 0 0.0538 436 334 692 580 7 0.0537 576 331 831 585 5 0.0536 639 461 902 707 11 0.0535 497 273 763 508 5 0.0534 437 394 690 646 10 0.0532 505 400 766 653 7 0.0531 441 334 697 579 13 0.0530 246 731 506 963 11 0.0530 567 333 831 583 7 0.0530 647 465 909 710 3 0.0529 444 402 694 651 12 0.0529 504 460 766 716 11 0.0527 239 734 496 960 0 0.0525 473 160 822 342 8 0.0524 571 223 823 458 5 0.0523 555 726 819 955 3 0.0523 302 588 546 828 5 0.0523 292 588 546 820 2 0.0522 574 340 826 585 7 0.0522 506 272 764 514 10 0.0522 431 274 692 510 0 0.0521 246 730 498 968 11 0.0519 298 793 562 1015 6 0.0518 504 273 766 513 1 0.0518 569 457 828 711 11 0.0517 708 469 966 705 13 0.0515 438 272 701 510 10 0.0513 432 516 692 755 13 0.0513 368 584 622 822 13 0.0512 302 670 572 904 3 0.0512 652 470 903 715 3 0.0510 506 341 756 588 13 0.0509 647 471 914 710 9 0.0509 500 460 762 712 9 0.0509 426 582 685 807 2 0.0507 445 405 697 646 6 0.0503 648 466 908 711 11 0.0502 434 336 692 574 5 0.0501 411 721 686 957 2 0.0501 643 475 907 707 4 0.0501 575 465 832 711 2 0.0500 503 278 762 511
6ZclB17FWUXAnG1SRenW47Uvgtk1BtnW,11 0.0573 393 798 643 1019 8 0.0566 693 15 946 243 0 0.0552 686 93 945 320 7 0.0547 399 797 646 1021 11 0.0547 646 3 1023 140 5 0.0545 688 11 947 246 0 0.0528 249 332 523 562 11 0.0528 681 96 947 314 10 0.0526 686 19 947 246 0 0.0522 392 798 638 1023 8 0.0517 695 169 945 399 11 0.0513 243 476 507 710 6 0.0512 654 0 1023 143 7 0.0506 254 472 508 711 13 0.0505 396 801 646 1023 5 0.0504 232 397 501 626
5AXHMYnb42a8nbJm24o0q6zC4SsXB7z9,5 0.0629 173 778 428 1008 11 0.0598 177 789 431 1009 0 0.0582 129 383 374 624 0 0.0578 180 784 433 1014 0 0.0576 198 542 441 776 8 0.0569 196 537 435 773 7 0.0568 181 784 435 1013 10 0.0567 178 791 432 1008 11 0.0562 189 542 444 774 3 0.0559 127 381 376 629 3 0.0553 195 541 440 778 6 0.0549 269 465 515 701 11 0.0548 263 466 517 703 6 0.0542 183 787 431 1012 0 0.0539 187 669 451 913 8 0.0537 126 381 369 621 7 0.0537 196 537 442 774 10 0.0534 267 472 512 699 6 0.0533 195 541 444 771 5 0.0533 188 534 440 773 6 0.0530 129 378 379 623 8 0.0526 184 782 428 1010 6 0.0525 258 606 510 844 6 0.0525 188 672 454 909 5 0.0524 117 377 374 621 11 0.0522 120 386 377 621 5 0.0521 179 666 448 909 11 0.0519 183 678 451 909 3 0.0517 272 463 513 708 11 0.0516 301 792 575 1001 2 0.0516 193 544 441 775 0 0.0513 272 465 513 703 13 0.0507 185 785 435 1013 0 0.0504 758 340 1006 574 8 0.0504 191 670 447 910 9 0.0501 179 786 426 1008
DnBpZSrgKdPGBYknmPjwWi711bb6Rrrp,11 0.0613 240 334 503 568 11 0.0605 314 276 581 517 6 0.0585 355 1 722 154 8 0.0585 178 336 428 581 11 0.0581 347 1 709 153 5 0.0576 575 270 823 508 0 0.0576 344 0 716 156 13 0.0569 258 277 519 518 8 0.0566 347 0 702 155 0 0.0565 315 270 585 518 13 0.0565 350 0 719 154 11 0.0557 179 393 440 635 11 0.0551 576 279 832 505 5 0.0549 179 389 440 636 2 0.0547 346 2 711 152 3 0.0547 352 0 714 157 6 0.0544 320 272 589 518 5 0.0540 311 262 576 514 7 0.0537 257 275 516 516 7 0.0537 354 0 718 153 13 0.0536 132 404 391 650 0 0.0534 241 337 503 572 0 0.0533 581 337 827 580 0 0.0532 126 404 385 650 6 0.0532 184 289 441 522 5 0.0530 173 283 437 516 13 0.0528 245 396 498 639 3 0.0524 316 269 583 524 5 0.0522 341 0 709 152 13 0.0522 581 278 834 506 3 0.0520 579 280 826 515 1 0.0513 335 0 711 154 6 0.0510 585 280 833 505 10 0.0509 349 5 714 153 7 0.0508 189 388 442 640 8 0.0505 581 335 827 576 7 0.0502 181 522 446 760
Zz4ZAeJLR6WU3gwypDI6LsvWZVyCBA3V,0 0.0634 570 508 826 748 5 0.0629 562 570 828 822 0 0.0626 568 337 824 571 5 0.0615 246 782 506 1009 5 0.0596 501 441 768 691 5 0.0596 697 520 943 750 0 0.0592 503 275 757 502 5 0.0585 630 451 891 690 5 0.0582 501 266 759 499 10 0.0577 568 512 825 746 13 0.0575 573 582 839 821 8 0.0575 574 269 829 503 11 0.0570 702 523 945 750 11 0.0567 506 274 760 498 0 0.0564 702 527 946 752 6 0.0564 513 450 777 693 5 0.0558 110 780 358 999 8 0.0557 236 410 497 646 8 0.0555 563 390 817 634 3 0.0554 561 448 823 698 0 0.0553 635 455 895 693 0 0.0549 311 582 580 831 13 0.0548 453 594 715 825 2 0.0547 570 588 833 821 3 0.0547 515 272 761 506 8 0.0546 308 579 564 826 13 0.0546 562 451 830 691 10 0.0545 446 471 717 715 8 0.0544 570 509 818 745 11 0.0543 441 521 712 755 6 0.0542 316 341 574 575 6 0.0542 383 411 657 654 7 0.0541 570 505 830 746 13 0.0540 325 472 583 711 13 0.0540 573 337 833 574 5 0.0540 433 513 709 758 5 0.0538 381 782 643 1007 5 0.0537 369 407 647 651 11 0.0537 307 787 568 998 11 0.0537 378 584 648 818 11 0.0536 561 392 829 631 0 0.0536 237 414 503 650 11 0.0536 566 506 828 745 6 0.0535 515 273 764 499 8 0.0532 509 198 754 439 10 0.0530 378 594 652 821 5 0.0529 307 271 563 498 8 0.0529 702 525 937 750 6 0.0528 446 520 720 756 11 0.0528 296 644 575 877 13 0.0528 448 471 720 713 8 0.0527 117 782 354 1005 2 0.0527 558 455 823 690 8 0.0526 239 655 503 896 6 0.0526 705 526 949 750 11 0.0526 574 207 830 434 6 0.0523 241 414 509 644 7 0.0522 511 269 764 498 0 0.0521 314 196 574 432 8 0.0520 313 199 564 428 3 0.0518 575 577 831 831 6 0.0517 640 454 896 690 0 0.0516 376 411 652 659 13 0.0516 510 271 764 499 11 0.0515 233 420 505 642 2 0.0514 509 280 761 499 3 0.0514 572 337 824 580 7 0.0513 569 333 826 573 0 0.0512 441 521 715 760 8 0.0512 765 471 1001 698 3 0.0512 702 523 944 762 5 0.0512 570 199 832 432 2 0.0512 568 342 827 569 8 0.0511 634 454 884 689 10 0.0509 506 275 758 499 5 0.0509 374 578 643 821 7 0.0508 241 410 506 642 10 0.0508 563 398 826 630 11 0.0508 765 469 1012 698 11 0.0506 312 517 584 753 10 0.0506 767 540 1010 767 6 0.0505 254 788 507 1011 7 0.0503 315 783 580 1007 13 0.0503 16 407 271 647 6 0.0502 390 788 649 1015
sQiaFASDpppmezrlyPijoIcsoaOQh6ip,5 0.0620 243 447 502 686 11 0.0616 434 529 679 770 8 0.0614 367 525 613 764 11 0.0606 438 402 696 640 8 0.0599 345 484 699 662 5 0.0599 361 517 615 764 11 0.0598 291 475 643 654 11 0.0595 358 586 614 822 7 0.0591 444 469 694 715 11 0.0590 503 338 770 566 7 0.0586 367 523 622 767 5 0.0583 440 465 688 713 0 0.0578 505 340 767 568 6 0.0577 441 400 701 640 0 0.0574 373 463 635 704 0 0.0574 437 528 682 776 3 0.0572 441 333 702 574 6 0.0570 441 528 680 772 3 0.0568 371 524 621 767 7 0.0566 442 330 703 569 5 0.0566 500 266 767 495 11 0.0562 511 206 770 415 5 0.0561 373 387 634 632 7 0.0557 383 390 642 637 11 0.0557 296 722 555 955 3 0.0555 380 392 638 639 0 0.0554 360 586 616 824 10 0.0554 436 402 699 644 13 0.0553 239 508 503 751 8 0.0551 366 658 611 888 13 0.0551 307 720 561 962 2 0.0549 442 477 693 716 6 0.0549 509 339 772 565 6 0.0549 318 459 581 688 11 0.0547 314 333 580 562 2 0.0545 414 419 771 596 0 0.0545 312 388 578 628 1 0.0545 338 479 704 662 8 0.0544 305 417 647 593 10 0.0543 373 469 633 701 13 0.0543 365 588 621 826 8 0.0541 507 334 761 567 7 0.0539 254 449 510 688 5 0.0538 361 647 614 889 10 0.0537 436 532 678 773 13 0.0536 413 416 780 596 3 0.0536 368 653 621 897 10 0.0536 506 339 767 567 7 0.0534 368 656 624 894 0 0.0534 512 208 765 418 7 0.0533 322 330 583 566 3 0.0532 510 270 772 503 5 0.0531 434 327 695 567 13 0.0530 380 464 637 703 3 0.0529 239 509 494 753 9 0.0526 435 400 698 640 12 0.0525 442 469 695 716 10 0.0525 360 590 614 821 8 0.0522 515 205 759 419 6 0.0522 363 587 620 820 9 0.0517 366 526 619 760 13 0.0516 240 414 597 592 5 0.0513 247 263 504 490 6 0.0510 320 333 583 562 5 0.0510 295 711 548 951 1 0.0510 363 518 618 765 2 0.0507 367 528 619 766 13 0.0507 442 530 686 773 7 0.0507 305 722 559 960 4 0.0504 367 526 620 765 3 0.0503 316 335 577 569 8 0.0502 302 724 546 956 6 0.0502 307 714 558 957
TcVZBCljxzTsyxzjxQgbdcct2lLvRGPZ,5 0.0580 106 470 374 713 8 0.0566 117 473 371 715 11 0.0552 168 476 445 709 5 0.0550 180 402 447 637 6 0.0540 177 474 445 711 8 0.0527 192 402 437 642 6 0.0520 105 523 374 774 7 0.0514 188 403 451 641 0 0.0511 188 406 451 645 11 0.0504 249 337 513 574 8 0.0503 222 594 471 828 3 0.0503 177 474 437 715 7 0.0503 348 612 728 792 8 0.0502 447 333 673 570
BIW8b1TVKcMzdVHDaY9D8dcTKlu496DS,11 0.0641 369 794 623 1020 11 0.0640 496 788 759 1010 11 0.0637 376 339 644 570 7 0.0618 500 783 769 1016 5 0.0611 433 786 698 1017 8 0.0610 452 340 709 578 13 0.0608 503 784 770 1013 11 0.0592 458 397 705 632 8 0.0590 1 791 222 1016 11 0.0586 524 455 768 692 7 0.0585 383 337 643 574 11 0.0581 627 347 895 589 13 0.0578 376 341 650 572 0 0.0578 380 397 639 640 13 0.0573 376 797 629 1023 0 0.0572 642 456 889 693 8 0.0567 583 453 809 692 13 0.0566 527 403 770 644 11 0.0566 64 786 300 1010 13 0.0565 442 661 707 890 3 0.0565 382 337 642 576 5 0.0562 446 340 710 575 5 0.0560 0 787 224 1022 11 0.0559 614 789 872 1014 0 0.0558 576 584 826 814 11 0.0557 641 452 889 694 5 0.0557 544 768 818 1005 5 0.0557 521 394 760 642 10 0.0552 451 346 717 578 5 0.0551 360 724 628 959 0 0.0550 0 793 227 1022 7 0.0549 576 581 827 814 3 0.0548 503 779 767 1016 0 0.0547 523 456 768 692 0 0.0546 368 790 621 1022 6 0.0546 440 658 707 885 7 0.0546 371 795 627 1023 5 0.0542 573 575 818 811 6 0.0541 443 793 704 1019 7 0.0541 528 399 766 645 8 0.0538 445 788 697 1019 5 0.0537 428 653 699 882 7 0.0536 616 783 881 1023 8 0.0535 557 768 814 1012 5 0.0535 618 386 873 630 11 0.0535 0 741 406 901 10 0.0525 442 793 701 1020 6 0.0524 528 460 774 693 3 0.0523 374 793 625 1023 11 0.0523 0 24 246 266 7 0.0523 4 789 231 1020 13 0.0522 631 392 887 636 10 0.0521 571 393 810 629 0 0.0519 451 530 717 763 8 0.0518 14 736 400 907 13 0.0518 127 779 378 1010 0 0.0516 494 782 761 1016 5 0.0516 371 256 638 495 0 0.0516 448 340 715 578 11 0.0514 302 731 569 950 2 0.0513 527 407 761 647 9 0.0512 369 796 623 1017 13 0.0512 382 462 646 694 7 0.0511 460 464 708 696 0 0.0511 634 347 892 592 1 0.0508 438 786 703 1023 0 0.0508 1 740 407 906 8 0.0507 375 260 642 495 8 0.0507 569 326 807 575 11 0.0506 375 657 644 880 6 0.0506 502 717 772 950 0 0.0506 178 788 439 1015 8 0.0506 384 397 630 638 8 0.0506 578 579 816 812 6 0.0506 463 399 715 638 3 0.0505 462 398 704 645 3 0.0504 577 718 829 963 6 0.0503 68 785 301 1009
ys0H5K7RGsr3wZcSAG8OY7iLBR8A88k6,11 0.0623 569 458 820 693 8 0.0599 575 459 813 691 6 0.0591 650 528 898 769 11 0.0588 641 526 892 767 3 0.0580 578 456 821 701 0 0.0574 707 585 955 823 7 0.0574 573 458 821 698 6 0.0567 577 459 823 692 5 0.0565 568 393 818 629 5 0.0559 640 518 891 768 0 0.0558 574 459 821 694 8 0.0547 647 529 886 766 8 0.0533 290 347 631 525 10 0.0531 573 400 820 632 7 0.0529 646 523 899 772 7 0.0523 293 342 652 526 8 0.0520 654 420 893 648 11 0.0518 282 346 652 526 13 0.0512 578 403 825 633 10 0.0512 645 463 897 700 10 0.0508 698 588 959 820 2 0.0501 647 535 893 772
ajpNNLUjwdSLdWqX6Cl7Qw7aD1a8EYvM,8 0.0613 311 20 564 255 11 0.0591 347 2 716 147 11 0.0565 301 22 568 255 8 0.0564 358 0 704 146 3 0.0561 314 23 572 259 0 0.0553 308 19 573 258 5 0.0547 231 0 498 247 6 0.0545 241 2 506 248 3 0.0542 382 90 645 331 3 0.0541 356 0 711 149 5 0.0540 345 0 707 147 8 0.0536 373 87 636 326 8 0.0536 188 6 435 254 0 0.0536 355 0 716 147 11 0.0535 370 93 647 327 6 0.0531 440 604 778 794 6 0.0530 309 77 568 323 13 0.0528 354 2 726 149 7 0.0528 378 90 653 329 5 0.0523 298 74 561 317 8 0.0520 305 136 552 381 7 0.0516 312 19 579 258 13 0.0513 311 19 582 258 8 0.0510 359 716 625 949 7 0.0510 354 0 720 149 11 0.0510 297 140 561 381 11 0.0509 444 591 706 832 0 0.0504 448 587 704 836
jivgfeIDxGpeZEglDogs8w0TnGtBDTQj,5 0.0663 109 400 383 641 5 0.0623 123 259 391 508 13 0.0622 123 476 397 712 11 0.0616 120 336 396 571 7 0.0605 445 458 704 697 5 0.0604 566 399 807 641 11 0.0603 446 274 708 481 5 0.0595 637 454 882 689 7 0.0588 516 398 762 644 6 0.0588 119 404 395 644 8 0.0588 523 269 769 494 8 0.0584 509 456 758 697 13 0.0583 194 389 458 638 8 0.0582 126 335 385 578 5 0.0581 512 322 758 571 0 0.0579 121 333 393 574 8 0.0574 584 329 825 575 7 0.0573 128 333 398 576 6 0.0571 192 462 454 709 11 0.0569 566 409 813 641 13 0.0568 258 465 521 711 5 0.0566 312 199 556 425 0 0.0564 569 406 811 640 10 0.0564 114 412 383 640 11 0.0564 380 214 645 418 5 0.0562 431 384 688 630 8 0.0562 51 413 318 640 5 0.0562 429 546 770 727 8 0.0561 434 392 687 630 11 0.0561 511 224 774 430 0 0.0561 367 396 626 630 6 0.0561 65 478 330 718 3 0.0561 187 268 441 513 5 0.0559 513 216 763 435 5 0.0559 49 477 313 716 11 0.0559 354 483 690 664 7 0.0557 511 519 762 763 11 0.0554 635 461 887 691 3 0.0553 190 394 448 647 8 0.0552 126 474 378 719 7 0.0552 588 327 838 572 11 0.0551 444 522 699 764 0 0.0550 638 463 887 692 8 0.0549 444 522 692 762 7 0.0548 317 467 577 714 3 0.0548 587 329 836 581 5 0.0547 584 270 842 506 0 0.0546 436 460 698 699 5 0.0542 241 259 501 498 0 0.0541 183 267 439 504 3 0.0541 440 392 696 640 7 0.0540 255 395 514 647 11 0.0540 368 325 639 550 13 0.0537 573 406 817 639 5 0.0536 241 389 511 635 11 0.0536 245 269 506 498 11 0.0535 118 485 388 709 13 0.0533 55 412 338 639 3 0.0532 256 467 509 717 13 0.0532 187 533 459 787 7 0.0529 186 263 445 502 6 0.0528 643 387 881 624 11 0.0527 270 414 630 609 3 0.0522 522 270 777 507 2 0.0521 124 337 391 574 10 0.0521 567 408 816 640 3 0.0519 255 203 491 433 13 0.0518 643 464 894 690 8 0.0518 184 268 431 506 8 0.0517 373 270 626 482 5 0.0516 440 268 695 483 11 0.0516 178 206 436 437
MAw6HTa2RPj3N74bHZUS7uWLCxqE5Q0Y,0 0.0509 308 522 552 745 11 0.0508 701 808 952 1020 8 0.0503 309 519 541 739
kgjG4l2FLEsDy1ZIXabkrDPJVYMq5669,0 0.0589 246 204 496 446 5 0.0574 320 512 592 756 11 0.0569 436 156 688 383 11 0.0565 247 206 502 442 0 0.0549 443 157 686 383 5 0.0548 247 196 497 444 5 0.0548 372 585 640 829 0 0.0547 378 527 648 758 8 0.0546 191 386 422 626 8 0.0542 440 154 681 385 3 0.0540 444 155 689 390 13 0.0538 253 204 509 446 7 0.0537 383 592 645 831 11 0.0534 375 593 636 826 8 0.0532 252 206 492 446 6 0.0531 257 205 503 447 6 0.0531 446 156 692 381 5 0.0530 254 442 519 687 8 0.0530 326 519 582 753 0 0.0526 190 390 436 628 7 0.0526 448 517 706 754 8 0.0525 508 224 750 451 11 0.0522 181 271 436 498 8 0.0520 380 590 631 831 3 0.0518 261 447 522 695 11 0.0518 253 447 521 685 11 0.0517 182 390 438 623 7 0.0516 443 155 692 384 7 0.0511 190 386 438 623 0 0.0511 364 655 632 909 5 0.0509 436 151 685 379 7 0.0506 261 446 522 686 0 0.0505 262 449 523 690 11 0.0504 440 525 702 749 0 0.0504 183 268 427 502 13 0.0504 327 518 598 758 13 0.0503 383 592 648 835 13 0.0501 393 449 656 687
kFN8cwQHiFNXcCDp55HC4iCmn5NbJP6j,8 0.0582 369 519 625 751 8 0.0569 377 383 620 609 11 0.0557 373 391 631 607 3 0.0535 377 387 629 615 7 0.0535 367 516 637 750 8 0.0534 312 266 566 488 5 0.0529 370 382 627 610 7 0.0526 378 384 628 612 3 0.0526 367 523 632 754 11 0.0525 306 323 572 546 5 0.0519 361 516 628 751 11 0.0518 364 527 633 751 0 0.0514 372 385 626 616 5 0.0509 301 263 574 487 0 0.0506 307 319 568 553 13 0.0505 314 319 577 551
hwC6TgdTiB7BRuOTJSWIjumTmVS4XMyi,11 0.0564 234 729 500 956 11 0.0563 176 804 439 1023 11 0.0557 413 360 764 532 8 0.0552 414 358 758 533 5 0.0546 565 276 816 504 11 0.0543 564 281 820 504 13 0.0529 180 805 457 1023 13 0.0518 239 723 514 964 11 0.0518 352 666 627 891 13 0.0517 316 797 588 1023 11 0.0516 307 803 573 1021 13 0.0514 416 359 775 533 8 0.0512 571 277 812 507 7 0.0509 420 358 767 536 7 0.0506 241 797 511 1023 0 0.0505 311 11 562 252 13 0.0505 574 282 822 505 0 0.0504 412 359 765 535 7 0.0502 573 280 822 507 11 0.0501 233 398 503 637
ce5aKtBTKoW1MJnNf0tSMO1KlUZ6YWLG,0 0.0587 565 283 818 514 0 0.0558 623 340 893 584 8 0.0555 314 207 557 425 11 0.0551 311 208 566 427 7 0.0548 510 334 766 563 8 0.0546 428 406 684 652 6 0.0540 509 336 766 564 3 0.0539 320 206 565 434 0 0.0529 121 335 371 572 11 0.0529 394 414 752 597 11 0.0524 626 349 898 578 8 0.0524 241 259 488 483 8 0.0522 177 329 415 568 3 0.0521 398 414 754 600 5 0.0520 502 325 756 563 0 0.0515 248 204 491 426 11 0.0512 237 263 497 483 7 0.0509 318 204 566 428 0 0.0509 429 406 693 652 6 0.0508 635 342 897 582 8 0.0507 257 132 479 362 3 0.0507 242 260 495 491 5 0.0505 244 200 487 420 11 0.0502 252 134 489 356
hZ17T2FE0XgoWoFiSa5KSTSnKj7jMSCB,7 0.0556 239 782 500 1020 11 0.0555 299 737 563 960 0 0.0552 181 277 432 516 11 0.0548 618 337 887 576 11 0.0540 365 789 631 1014 5 0.0537 617 330 884 577 0 0.0534 365 790 631 1016 11 0.0531 179 412 447 645 8 0.0526 622 335 876 578 0 0.0525 236 782 499 1020 8 0.0522 238 784 489 1016 0 0.0519 624 336 883 581 6 0.0517 629 331 890 576 7 0.0510 625 333 891 578 11 0.0508 175 278 438 509 11 0.0507 642 558 896 786 0 0.0507 184 410 441 649 6 0.0506 186 410 445 649 7 0.0505 190 330 450 574 3 0.0504 636 398 897 651 8 0.0504 377 730 620 955 8 0.0503 185 330 438 576 0 0.0503 647 558 896 793 5 0.0502 176 406 442 646
jnXA72TxJSWy69F1tqRyQFYpfdsvRa4M,14 1.0 0 0 1 1
ifBJsoY38aM7zoiucT6zvhBexyHxHRND,8 0.0589 312 0 567 195 11 0.0578 303 200 563 429 8 0.0572 315 263 561 508 11 0.0562 246 2 510 194 6 0.0562 250 0 511 197 13 0.0557 251 0 515 198 0 0.0550 249 0 504 197 3 0.0550 387 10 641 268 5 0.0548 237 253 501 489 7 0.0546 317 0 573 196 5 0.0538 306 0 569 194 11 0.0536 447 13 703 249 5 0.0532 444 328 687 555 8 0.0527 244 190 496 431 13 0.0524 291 148 645 330 0 0.0520 448 11 704 254 7 0.0520 451 330 694 557 5 0.0519 369 64 633 313 8 0.0519 448 6 694 254 11 0.0517 242 68 508 319 0 0.0516 443 334 689 557 6 0.0515 321 74 574 315 13 0.0513 387 5 646 263 3 0.0513 450 336 689 561 10 0.0511 288 155 640 326 0 0.0511 376 72 636 315 0 0.0509 249 126 506 382 6 0.0509 357 153 699 338 13 0.0506 315 266 574 511 5 0.0504 239 62 498 320 5 0.0504 444 7 700 251 11 0.0504 446 333 690 555 10 0.0502 312 5 574 194 8 0.0502 248 68 497 323 8 0.0501 446 334 683 555
0flLH48vhlBrIkcnoxSzuCRMMhmrIiLo,5 0.0593 178 787 417 1018 8 0.0592 183 786 418 1023 11 0.0581 248 793 494 1020 5 0.0571 245 727 495 965 7 0.0568 185 790 427 1023 8 0.0562 325 792 560 1022 5 0.0555 316 790 562 1018 0 0.0551 183 723 434 961 7 0.0550 322 793 573 1021 0 0.0546 251 794 495 1023 7 0.0543 191 659 445 896 8 0.0542 452 783 676 1020 7 0.0542 308 662 571 899 0 0.0540 245 663 493 898 7 0.0536 251 732 502 969 0 0.0535 320 733 575 974 6 0.0535 185 723 432 961 11 0.0532 311 590 559 825 10 0.0530 177 727 433 959 13 0.0528 186 792 431 1023 0 0.0526 448 785 685 1023 8 0.0525 184 662 434 900 11 0.0524 180 726 433 955 11 0.0523 450 785 681 1018 11 0.0522 241 667 492 891 8 0.0522 247 731 492 969 5 0.0519 444 781 677 1018 6 0.0516 243 666 496 891 3 0.0510 253 734 499 976 7 0.0509 454 782 689 1021 6 0.0509 254 792 493 1023 3 0.0508 189 663 444 901 8 0.0505 308 666 557 898 5 0.0504 232 600 486 827 6 0.0501 320 732 577 967
xzW2BkwC2yVVymLaAGkAwg3xEEkTWTOy,11 0.0591 364 657 629 889 8 0.0583 380 524 623 763 8 0.0579 367 652 621 895 11 0.0570 377 529 627 759 7 0.0568 319 644 575 892 3 0.0548 371 654 629 897 7 0.0546 386 524 630 760 0 0.0536 365 651 629 895 11 0.0532 312 724 578 961 6 0.0531 320 649 575 892 0 0.0528 379 527 629 760 5 0.0521 364 647 621 889 5 0.0504 379 524 624 754
ltP6DN55RrvYjcwowklV9mRW2LCdqeI3,11 0.0650 575 796 817 1021 8 0.0649 35 797 360 974 11 0.0647 446 783 695 1016 0 0.0620 27 798 369 977 8 0.0612 574 792 813 1022 5 0.0609 26 794 364 974 7 0.0599 579 793 823 1021 7 0.0599 35 795 370 973 8 0.0597 447 779 689 1018 7 0.0593 450 779 701 1017 5 0.0592 444 780 689 1016 0 0.0592 573 796 820 1023 5 0.0589 573 794 814 1020 10 0.0582 24 802 367 975 11 0.0580 30 801 369 974 6 0.0579 35 799 369 975 0 0.0575 444 782 698 1019 2 0.0564 28 804 365 976 6 0.0562 575 800 818 1023 5 0.0559 762 4 1015 252 0 0.0558 763 9 1018 256 3 0.0553 448 782 697 1023 6 0.0545 448 785 696 1022 10 0.0540 574 799 816 1021 10 0.0540 445 784 695 1016 3 0.0534 32 799 366 979 13 0.0533 29 799 378 974 13 0.0531 576 794 823 1023 13 0.0527 448 782 700 1023 2 0.0525 575 801 818 1022 8 0.0525 765 8 1009 250 2 0.0524 447 785 695 1017 3 0.0524 577 794 816 1023 11 0.0519 646 738 920 970 11 0.0518 758 13 1020 247 9 0.0513 27 799 369 975 10 0.0508 761 15 1020 251
sxZJBiP4XvoMK6f6t1upr4bYCkSPFMm5,0 0.0616 581 0 948 157 11 0.0611 567 1 825 194 13 0.0609 575 0 833 197 5 0.0605 583 0 947 154 10 0.0584 577 2 951 154 3 0.0579 570 0 829 199 8 0.0577 569 0 820 196 7 0.0552 571 0 829 195 6 0.0541 587 1 957 154 2 0.0538 580 2 958 156 1 0.0508 565 0 826 196
xWUbCQegUIwIxHlHf1yUBdfBZZMlxKhq,11 0.0559 369 329 629 563 6 0.0547 317 261 573 497 5 0.0543 308 199 561 440 7 0.0535 19 646 262 876 11 0.0532 307 265 572 498 0 0.0528 314 202 569 445 8 0.0527 318 261 560 498 11 0.0524 400 548 769 721 0 0.0523 401 545 763 725 5 0.0509 395 539 761 722 8 0.0507 375 325 614 563 3 0.0504 317 261 566 505 0 0.0504 371 326 625 566 3 0.0503 379 325 620 569
IXEzKDBR09p3YvwMusYPNvInWeOJcK57,0 0.0622 34 16 294 262 0 0.0601 693 23 953 258 11 0.0595 703 3 964 202 8 0.0589 36 10 284 256 5 0.0568 700 0 961 205 8 0.0565 709 0 955 204 13 0.0564 707 0 971 207 3 0.0558 705 0 965 209 5 0.0556 31 13 290 258 6 0.0546 771 141 1017 377 6 0.0540 707 0 967 203 6 0.0539 37 17 295 257 11 0.0530 33 18 292 255 2 0.0519 705 4 965 203 0 0.0516 767 144 1013 386 11 0.0515 253 339 517 577 7 0.0514 705 0 966 205 13 0.0512 38 12 303 261 10 0.0509 695 24 950 255 5 0.0508 199 224 440 445 5 0.0503 772 219 1017 475 7 0.0502 260 334 520 581 10 0.0501 32 20 287 257
lSFIIu5kc9hlr5l84En4TyC6KACVsjbA,5 0.0635 565 268 822 503 6 0.0606 575 272 828 502 8 0.0597 575 338 819 573 0 0.0595 575 339 826 571 11 0.0585 572 340 829 569 3 0.0569 577 341 827 578 8 0.0567 503 273 752 517 0 0.0567 253 146 498 376 2 0.0560 501 282 759 513 7 0.0554 574 336 830 572 5 0.0548 314 128 581 375 6 0.0547 661 415 920 647 0 0.0543 504 277 758 517 0 0.0539 317 206 590 446 2 0.0533 575 346 827 570 11 0.0533 252 142 503 369 6 0.0530 327 139 590 382 7 0.0524 509 271 763 516 0 0.0519 650 411 917 644 11 0.0517 649 416 921 641 13 0.0515 576 340 832 572 3 0.0513 331 138 586 386 3 0.0506 508 279 762 519 5 0.0504 191 114 432 364 11 0.0500 503 276 765 511
nUeSRJskTWWLPxRuuwW1ixUyvob25zKh,5 0.0633 341 422 695 606 13 0.0623 282 421 644 612 3 0.0610 354 421 697 612 11 0.0602 344 424 703 606 5 0.0600 299 459 567 696 7 0.0594 439 402 692 639 0 0.0589 373 150 630 383 11 0.0588 374 150 631 376 11 0.0588 379 277 629 506 8 0.0585 308 466 564 696 7 0.0580 378 346 631 578 5 0.0576 505 339 750 565 7 0.0574 268 6 511 246 10 0.0572 374 349 633 574 8 0.0571 431 467 679 697 8 0.0569 384 215 624 449 5 0.0568 373 214 624 444 6 0.0561 274 8 517 244 6 0.0561 370 408 637 640 0 0.0560 274 417 635 612 6 0.0556 291 357 648 546 0 0.0555 270 8 508 250 5 0.0554 382 62 634 286 13 0.0553 305 523 588 762 3 0.0552 386 217 631 458 5 0.0552 233 387 499 620 8 0.0551 366 531 634 761 7 0.0551 364 531 649 767 0 0.0548 436 346 680 582 11 0.0548 261 9 512 240 8 0.0548 272 9 505 246 7 0.0547 392 63 646 291 7 0.0546 514 343 759 570 5 0.0546 354 526 639 759 0 0.0545 507 215 754 452 13 0.0544 448 152 701 375 0 0.0544 379 277 623 513 11 0.0542 449 211 691 438 11 0.0541 300 207 562 436 5 0.0538 504 213 747 445 8 0.0537 441 345 677 577 5 0.0533 264 1 506 243 13 0.0531 309 204 567 438 10 0.0531 355 490 694 667 11 0.0530 238 328 515 556 7 0.0529 307 464 573 704 5 0.0527 438 148 686 372 6 0.0525 311 148 569 377 7 0.0525 385 216 633 451 13 0.0525 228 353 587 543 3 0.0524 515 347 753 576 13 0.0521 516 217 760 449 0 0.0520 243 322 514 564 7 0.0520 240 394 504 625 8 0.0519 510 213 744 448 10 0.0519 510 346 760 568 1 0.0518 273 418 636 610 7 0.0517 512 214 756 450 10 0.0514 382 220 636 451 11 0.0512 299 469 576 697 7 0.0512 449 151 697 377 3 0.0509 513 219 749 453 12 0.0508 353 418 704 609 8 0.0508 445 151 685 376 2 0.0506 441 353 680 579 6 0.0505 363 535 651 765 8 0.0505 247 323 502 561 6 0.0501 240 394 507 624 3 0.0500 308 464 574 704
UMIIo08pW33vykwbf09ljcMlhxQYGlfx,11 0.0599 379 324 640 566 5 0.0596 300 325 567 579 8 0.0595 385 319 630 566 5 0.0586 377 247 638 501 8 0.0570 453 453 697 691 0 0.0570 386 318 638 569 7 0.0569 387 322 641 571 13 0.0569 387 320 643 569 6 0.0556 388 319 642 567 3 0.0546 382 320 639 574 11 0.0532 380 454 654 691 10 0.0511 381 325 640 566 2 0.0506 385 252 638 502 11 0.0505 418 721 700 939 13 0.0505 390 456 656 695
Yk2rckli6r9p5MezRUP1VhIdV772pNAt,0 0.0600 0 494 245 719 5 0.0568 572 273 824 506 11 0.0557 377 340 648 561 11 0.0554 122 420 395 656 8 0.0553 2 484 238 714 6 0.0551 2 493 253 714 7 0.0549 386 336 651 562 0 0.0546 121 420 387 657 8 0.0539 122 414 382 659 8 0.0536 382 273 646 496 11 0.0536 315 276 588 495 0 0.0530 574 276 827 507 0 0.0530 4 604 242 847 0 0.0530 376 273 652 498 11 0.0528 571 280 833 502 6 0.0528 130 416 399 657 7 0.0525 123 413 392 657 5 0.0521 0 489 243 712 0 0.0519 614 593 875 841 11 0.0510 0 495 249 708 3 0.0509 385 274 649 502 5 0.0506 0 594 242 841 5 0.0506 310 267 580 493 8 0.0506 575 272 822 507 0 0.0503 185 275 439 524 6 0.0502 582 275 832 507 6 0.0502 385 271 654 497 8 0.0501 243 269 499 502
Gqzv9IC6K1tzXIzShsPbI4wQsyMkm57M,11 0.0564 510 672 771 888 11 0.0545 440 403 696 635 11 0.0534 503 785 765 1011 0 0.0523 429 337 688 569 7 0.0521 445 400 700 633 8 0.0519 431 328 679 565 3 0.0517 503 0 766 204 0 0.0516 513 670 769 890 8 0.0510 510 783 756 1015 8 0.0507 496 4 759 194 13 0.0505 519 670 771 891 10 0.0504 427 340 693 562 6 0.0501 436 337 694 566
HMXRqljtLAKzavdGdBbSDx7Rni5KjJwV,14 1.0 0 0 1 1
MiSJ3FS03dYZcpwSoQ6kAy9McmYvxCYi,7 0.0642 196 712 438 960 11 0.0628 248 665 503 889 0 0.0611 194 714 437 963 5 0.0605 195 706 436 960 11 0.0604 195 716 438 959 8 0.0591 248 660 492 889 8 0.0583 194 713 431 962 7 0.0580 251 660 503 888 10 0.0579 179 656 442 889 8 0.0566 178 581 425 819 0 0.0563 252 659 503 894 0 0.0561 183 581 431 822 5 0.0556 177 576 429 819 3 0.0556 197 715 435 966 11 0.0552 178 583 434 818 6 0.0550 185 652 446 889 3 0.0545 249 662 500 896 7 0.0529 179 577 437 821 11 0.0524 300 597 561 811 2 0.0514 196 719 436 961 9 0.0509 181 650 444 886 5 0.0507 241 522 514 756 10 0.0504 245 599 502 818 13 0.0503 186 651 449 893 6 0.0500 270 668 629 850
Qvnz2Q5H8pw3rOD287OWoqM6ElCmAebJ,7 0.0625 192 788 445 1023 8 0.0623 193 786 435 1023 5 0.0619 189 785 437 1020 7 0.0613 130 717 370 956 5 0.0606 124 714 364 953 11 0.0601 189 789 440 1019 0 0.0597 192 788 441 1023 6 0.0584 194 791 443 1023 10 0.0574 125 721 369 954 8 0.0570 127 714 363 956 11 0.0565 123 718 372 952 13 0.0563 195 789 445 1023 0 0.0549 129 716 370 957 2 0.0538 191 791 442 1023 6 0.0534 130 718 374 954 10 0.0533 192 793 442 1021 9 0.0520 190 791 442 1021 3 0.0517 196 788 442 1023 2 0.0509 126 721 370 958
PPdDW6EEC7sbpPfyC3f2lFf31SoobG9J,7 0.0525 413 418 756 606 8 0.0513 379 518 625 765 11 0.0511 408 418 753 602 8 0.0511 407 418 743 607 11 0.0511 401 534 760 727 0 0.0507 313 671 687 861 11 0.0501 317 604 697 799 7 0.0500 328 668 695 859
zXwIIBTQEsjHkw0jNJzfaQa91WFsdABj,11 0.0613 510 404 764 641 8 0.0601 510 402 756 646 11 0.0597 500 602 753 841 6 0.0579 515 404 766 643 7 0.0575 516 400 763 644 0 0.0574 510 403 763 645 5 0.0559 59 677 425 858 8 0.0555 502 602 748 842 3 0.0554 517 403 764 651 13 0.0548 515 405 769 644 5 0.0547 508 403 757 644 5 0.0542 497 597 749 838 7 0.0542 128 673 473 852 0 0.0540 503 602 754 844 7 0.0536 506 600 756 841 13 0.0536 508 607 762 844 10 0.0535 119 674 469 851 11 0.0533 60 685 429 857 8 0.0513 381 0 639 204 3 0.0504 505 601 752 850 8 0.0504 125 733 476 915 2 0.0501 514 410 760 647
FDl5Hj9UysgHkCSKso8lVgpfPn5cy68d,8 0.0582 248 789 483 1023 11 0.0579 244 790 490 1018 7 0.0566 249 788 495 1023 5 0.0566 504 783 745 1013 11 0.0560 507 790 748 1014 7 0.0558 513 788 755 1017 10 0.0545 250 733 499 956 8 0.0540 314 727 557 952 11 0.0530 308 725 563 949 8 0.0529 447 793 676 1023 5 0.0524 243 789 484 1017 5 0.0523 116 381 365 630 7 0.0523 314 725 566 951 11 0.0521 247 660 500 888 0 0.0510 312 728 565 957 0 0.0506 240 397 498 632 6 0.0506 123 386 374 636 7 0.0500 761 140 1023 387
9YgSOQLit28jXw1VDwsVW7bfquEa6uv6,13 0.0586 272 531 652 731 11 0.0585 505 471 767 698 11 0.0579 299 601 568 832 8 0.0572 571 479 828 703 5 0.0566 297 590 568 835 8 0.0560 238 527 495 769 11 0.0559 443 545 707 774 11 0.0549 368 465 631 697 7 0.0548 380 529 642 769 6 0.0545 381 528 642 767 8 0.0545 307 601 558 834 7 0.0544 309 597 576 837 8 0.0543 379 527 627 767 5 0.0543 566 469 831 705 6 0.0542 313 603 577 832 13 0.0541 453 542 719 777 3 0.0538 375 462 631 705 3 0.0533 455 415 705 656 8 0.0532 311 464 560 697 0 0.0526 446 472 704 708 7 0.0524 241 525 511 770 3 0.0524 450 544 709 782 0 0.0522 305 599 569 836 10 0.0521 236 533 509 768 5 0.0520 365 522 635 765 6 0.0518 574 477 835 707 0 0.0516 252 216 488 438 0 0.0515 569 478 835 709 6 0.0515 450 470 709 705 6 0.0512 242 530 512 765 13 0.0512 575 481 839 707 10 0.0511 446 543 712 776 5 0.0509 228 522 506 769 6 0.0509 312 464 570 694 0 0.0508 376 531 634 769 5 0.0507 232 281 484 503 8 0.0506 180 457 431 703 8 0.0505 239 407 496 636 13 0.0505 313 594 578 830 6 0.0504 241 339 494 572 9 0.0504 235 526 507 760 13 0.0500 302 405 574 641
q7dcRfbUDNrLPrpcQOpz15s9ZvZ6KemG,11 0.0634 316 784 575 1016 7 0.0624 318 780 577 1018 8 0.0600 434 588 686 827 5 0.0592 166 417 428 654 8 0.0588 173 413 427 657 5 0.0587 372 775 628 1022 0 0.0579 373 712 630 959 11 0.0577 376 396 638 631 7 0.0572 444 776 692 1023 0 0.0571 433 587 694 829 5 0.0570 366 657 629 903 11 0.0565 439 784 690 1015 11 0.0564 301 654 560 891 0 0.0561 241 333 509 575 5 0.0561 431 583 688 826 5 0.0557 46 345 331 578 7 0.0556 373 663 638 903 5 0.0555 234 326 500 570 13 0.0548 174 420 444 654 3 0.0548 381 399 636 638 8 0.0548 378 398 631 635 11 0.0548 372 518 633 755 8 0.0546 52 351 332 576 0 0.0543 177 419 437 655 11 0.0541 431 590 691 827 8 0.0540 428 713 686 959 10 0.0534 371 667 631 902 8 0.0533 376 518 626 758 0 0.0533 373 515 634 759 3 0.0533 437 588 695 832 3 0.0532 374 664 634 908 8 0.0530 703 23 937 257 6 0.0528 438 590 698 827 8 0.0527 314 779 566 1016 11 0.0525 168 418 440 650 7 0.0525 436 588 698 829 0 0.0525 302 648 561 895 10 0.0524 437 591 694 826 2 0.0524 434 592 692 824 7 0.0522 386 394 641 634 0 0.0521 441 780 692 1021 5 0.0520 374 392 633 633 13 0.0520 438 587 697 827 2 0.0520 384 401 639 634 11 0.0519 237 332 508 570 0 0.0518 493 712 771 965 13 0.0517 308 651 570 894 13 0.0516 261 274 531 520 9 0.0515 432 589 691 822 13 0.0514 324 783 584 1019 3 0.0514 379 784 630 1023 13 0.0513 384 398 642 636 0 0.0513 378 394 636 634 8 0.0508 242 323 497 575 0 0.0506 316 215 580 446 7 0.0505 178 417 439 653 6 0.0505 103 433 390 667 10 0.0505 373 784 631 1022 9 0.0501 378 446 638 687 3 0.0501 379 517 636 765 0 0.0500 51 350 347 576
bX8jJY6Y97PajMCckbjnqD8Lu1JCvV7c,5 0.0612 240 184 496 425 5 0.0599 176 269 434 511 13 0.0572 398 145 650 372 7 0.0568 446 214 694 445 5 0.0566 399 15 650 248 8 0.0564 444 216 685 441 11 0.0556 184 734 425 959 11 0.0551 369 519 628 763 11 0.0547 442 216 692 440 7 0.0543 184 269 441 519 7 0.0543 400 144 647 377 11 0.0542 393 147 641 373 7 0.0541 338 543 701 724 8 0.0541 187 275 430 519 8 0.0541 395 146 636 374 13 0.0541 447 215 697 439 7 0.0535 247 185 504 427 0 0.0530 444 215 692 444 0 0.0529 394 146 642 378 11 0.0528 561 602 824 830 5 0.0527 240 374 500 645 5 0.0526 391 140 635 374 13 0.0525 408 28 663 250 0 0.0522 182 273 438 517 13 0.0521 262 136 518 366 11 0.0521 309 600 564 842 5 0.0519 441 211 685 440 11 0.0518 239 383 502 644 6 0.0517 448 215 693 440 7 0.0515 248 381 504 649 7 0.0515 410 25 656 252 6 0.0513 400 146 646 374 0 0.0513 374 451 634 697 8 0.0512 251 188 490 426 3 0.0512 448 219 688 448 11 0.0511 240 196 498 424 8 0.0511 248 390 494 643 11 0.0508 178 275 440 514 6 0.0508 408 26 660 250 8 0.0508 376 453 623 695 11 0.0506 329 31 581 255 0 0.0505 401 27 653 253 10 0.0504 442 221 693 444 7 0.0503 374 594 644 835 6 0.0501 189 277 446 515 10 0.0501 370 459 635 699 10 0.0500 245 199 499 423
2VuqHz99xtdtyusva9WpuP3Rm9nGsXxH,5 0.0589 376 784 628 1019 7 0.0583 440 792 699 1023 11 0.0578 315 793 576 1021 13 0.0563 319 788 584 1023 0 0.0561 174 712 459 946 7 0.0546 324 789 575 1023 0 0.0545 312 722 567 977 11 0.0543 19 678 384 857 3 0.0525 385 787 631 1023 6 0.0524 243 704 519 954 11 0.0518 435 796 689 1017 8 0.0517 323 789 564 1023 8 0.0514 117 780 376 1013 5 0.0514 7 672 376 860 8 0.0513 21 673 375 859 11 0.0512 308 653 565 888 7 0.0512 25 674 391 863 6 0.0511 383 788 636 1022 5 0.0510 238 785 519 1020 11 0.0508 373 581 625 818 0 0.0503 382 786 635 1023
NXj90tk0tK0zTjjejZxXbnFl2Q3uuryF,0 0.0538 303 722 572 963 5 0.0530 348 667 610 898 11 0.0528 303 729 573 955 8 0.0526 357 667 605 899 11 0.0522 241 600 509 824 5 0.0509 300 61 565 309
IyJ9qV0D37ksnjdNF6gXmXixOdNeLST2,11 0.0541 383 593 632 832 0 0.0513 386 594 631 840 7 0.0501 275 603 641 788
ylhbdvEO0GZPRkurVP1l78R2OsfvrGYF,11 0.0602 499 470 758 699 0 0.0565 570 342 824 566 0 0.0559 502 472 760 705 11 0.0549 311 273 576 498 8 0.0547 502 403 754 631 5 0.0541 566 335 818 562 13 0.0537 577 343 830 565 8 0.0536 574 336 815 561 7 0.0534 507 403 764 633 11 0.0531 501 352 753 568 8 0.0527 304 797 547 1023 0 0.0526 315 269 576 504 11 0.0526 186 267 444 503 11 0.0523 435 273 712 485 3 0.0521 444 270 713 495 13 0.0519 505 470 765 706 5 0.0519 491 783 743 1008 13 0.0516 500 787 758 1014 11 0.0514 352 733 629 959 8 0.0509 436 269 703 489 10 0.0508 570 346 823 563 13 0.0505 374 798 634 1023 11 0.0505 304 799 561 1019 6 0.0504 505 473 763 704 3 0.0502 578 340 819 570
YKuUPrIW0CUNflLqjbbqOTWJBlZg92GG,5 0.0588 118 0 383 191 11 0.0574 121 1 394 187 6 0.0573 127 1 393 194 3 0.0534 127 0 391 197 11 0.0528 422 597 682 823 7 0.0524 430 528 693 757 10 0.0516 121 3 389 190 11 0.0514 368 521 637 756 0 0.0510 123 4 390 197 8 0.0505 128 1 382 187 0 0.0501 422 598 687 824 8 0.0500 363 594 612 818
QZf4dvPr6cAj1fg5tWO5IA9IrfCZr4Zn,11 0.0558 436 334 690 559 0 0.0527 434 391 701 627 7 0.0519 443 387 707 617 11 0.0516 312 383 567 624 8 0.0506 439 389 688 623
OcSdhnyoH74jQHwVxbLiOFvlfAKoB1Vp,8 0.0581 245 275 496 514 11 0.0578 364 610 629 831 11 0.0569 245 273 501 510 0 0.0566 365 607 626 837 0 0.0558 248 276 504 514 7 0.0551 249 272 505 515 8 0.0538 364 607 620 831 6 0.0536 249 280 508 514 5 0.0532 243 271 503 508 7 0.0519 372 607 630 834 8 0.0516 130 787 357 1020 5 0.0514 123 786 361 1017 7 0.0513 128 785 371 1022 10 0.0511 363 608 623 834 13 0.0511 370 608 632 834 5 0.0508 363 608 620 832
FF5ci5hzWRKfsHeMqfq86YQxxBQP2aZO,11 0.0588 434 576 699 817 11 0.0574 511 400 756 636 0 0.0561 438 572 700 820 8 0.0561 440 573 691 818 11 0.0560 501 0 760 207 5 0.0557 436 567 695 818 7 0.0546 519 396 762 638 7 0.0546 373 0 635 198 11 0.0541 444 329 697 567 8 0.0539 362 20 624 256 10 0.0539 437 575 701 815 5 0.0533 374 69 638 320 6 0.0532 515 399 759 640 7 0.0531 442 571 705 821 5 0.0528 359 0 624 195 0 0.0526 504 1 760 207 6 0.0522 506 1 764 209 8 0.0522 511 398 750 640 10 0.0522 365 5 630 197 11 0.0520 568 341 832 576 0 0.0520 366 0 630 199 0 0.0519 439 693 695 949 7 0.0519 506 0 765 212 3 0.0519 442 571 698 826 0 0.0518 366 633 632 883 8 0.0518 503 0 755 208 0 0.0518 440 327 699 569 6 0.0517 367 2 633 199 5 0.0514 499 0 758 206 0 0.0514 509 398 755 639 11 0.0514 334 343 587 576 6 0.0513 445 572 699 817 11 0.0512 361 639 633 879 13 0.0508 368 0 641 196 11 0.0504 630 1 892 210 3 0.0503 369 2 626 204 7 0.0503 450 326 701 565
AlJ8JOuOUlFHnVMgohmK0goEH8ZE6nV0,11 0.0645 400 606 766 786 11 0.0625 435 473 691 706 0 0.0614 433 534 699 777 7 0.0609 437 467 696 710 5 0.0605 433 468 690 710 8 0.0599 404 604 754 786 11 0.0597 266 547 625 724 6 0.0590 438 472 697 709 11 0.0589 378 400 640 633 8 0.0587 435 471 686 708 6 0.0585 274 545 629 727 6 0.0583 382 397 645 636 2 0.0581 438 475 692 708 8 0.0579 271 546 619 726 5 0.0577 260 544 621 726 7 0.0575 406 603 767 788 3 0.0574 404 605 765 792 8 0.0574 378 397 633 637 7 0.0573 300 469 577 709 5 0.0572 378 394 638 635 3 0.0568 437 473 694 713 6 0.0567 407 604 769 789 5 0.0566 400 603 757 788 7 0.0565 383 395 646 637 7 0.0564 242 533 510 777 0 0.0563 378 398 639 638 13 0.0558 413 608 768 790 10 0.0555 265 549 625 725 10 0.0554 432 535 698 775 3 0.0552 383 398 640 643 2 0.0544 381 400 638 635 13 0.0542 382 397 648 635 2 0.0540 407 605 768 786 10 0.0539 382 403 640 634 11 0.0538 313 334 572 566 13 0.0535 440 473 699 711 13 0.0534 319 329 579 569 7 0.0533 183 464 455 705 1 0.0531 434 531 696 778 12 0.0530 438 472 695 713 3 0.0529 270 547 627 730 13 0.0529 276 548 633 729 8 0.0527 312 329 561 569 0 0.0523 314 331 571 572 8 0.0520 252 400 506 644 0 0.0516 242 465 512 712 12 0.0514 407 605 765 789 11 0.0508 253 403 512 643 3 0.0507 317 333 574 575 2 0.0505 297 476 572 712 7 0.0504 318 331 577 569 5 0.0502 251 327 511 579 5 0.0501 168 518 436 767
JP07E3CLdqQBk5lx5WgZHCrhu51Vf76B,8 0.0636 202 670 545 850 8 0.0610 112 643 375 883 7 0.0602 207 670 560 852 11 0.0595 109 647 383 885 11 0.0585 193 675 559 851 5 0.0577 112 645 377 886 13 0.0568 118 646 386 885 0 0.0568 111 647 387 885 5 0.0566 199 670 549 851 0 0.0558 198 673 557 852 7 0.0554 431 790 684 1022 6 0.0553 115 647 386 883 3 0.0551 118 646 378 891 7 0.0548 118 646 385 888 11 0.0531 428 791 677 1020 3 0.0531 324 679 679 865 6 0.0527 201 674 561 850 8 0.0521 427 789 669 1020 5 0.0517 424 790 673 1019 0 0.0517 422 790 680 1023 10 0.0509 316 678 675 860 10 0.0500 114 649 382 885
30RciF5PA9RVumNH3COd1ckwM7thH3aM,7 0.0677 261 724 508 969 5 0.0656 309 778 550 1019 8 0.0631 313 777 550 1022 11 0.0625 312 782 552 1023 7 0.0620 200 662 452 904 0 0.0614 316 712 569 964 6 0.0592 314 786 557 1023 2 0.0583 313 785 556 1023 13 0.0565 317 783 557 1023 9 0.0555 312 784 552 1020 10 0.0546 312 784 555 1021 3 0.0535 315 783 554 1023 8 0.0520 196 669 439 906 1 0.0517 311 777 555 1023 12 0.0509 261 721 506 969 5 0.0507 190 661 443 905
u62oehzCQRsSfYvw5v13Phvxuj26Je5c,5 0.0610 561 796 801 1019 7 0.0561 262 723 512 975 11 0.0553 564 798 807 1017 11 0.0545 321 720 574 973 0 0.0539 568 801 809 1023 11 0.0528 311 333 569 556 0 0.0520 265 723 505 978 5 0.0519 317 713 571 967 8 0.0517 572 795 800 1023 6 0.0516 327 720 577 975 8 0.0516 315 334 561 560 8 0.0510 263 722 499 975 13 0.0509 574 800 812 1023 7 0.0506 315 330 577 558 11 0.0501 376 392 639 616
UYFFNmNnfBxYv6PSMRGQdJtT1s3NY7ja,8 0.0619 121 666 372 890 8 0.0571 179 585 432 802 11 0.0565 124 598 386 815 8 0.0555 235 652 506 887 5 0.0550 120 592 384 821 5 0.0547 307 649 576 889 5 0.0546 303 135 556 375 0 0.0541 315 656 577 893 7 0.0538 127 599 383 817 6 0.0536 128 595 385 819 0 0.0529 179 652 448 880 3 0.0521 121 664 377 894 0 0.0516 312 134 562 379 0 0.0515 307 771 560 1002 7 0.0514 237 650 513 884 5 0.0514 235 771 506 1000 11 0.0513 362 738 638 948 2 0.0511 120 673 381 888
UmsXMhObLuTkayrbhTK7UBSXwgRQLuiJ,11 0.0612 236 2 500 201 8 0.0594 9 0 366 160 8 0.0579 183 0 432 201 7 0.0577 242 0 503 205 6 0.0577 9 2 381 161 10 0.0574 239 6 499 203 5 0.0570 235 0 492 203 0 0.0556 180 1 432 203 11 0.0554 6 1 382 159 11 0.0549 423 610 697 832 3 0.0548 183 0 436 205 0 0.0541 6 0 372 162 13 0.0538 182 0 441 202 5 0.0525 2 0 367 157 0 0.0513 358 605 628 839 10 0.0510 4 2 376 160 1 0.0507 178 0 434 198
sgezu0DCZkmfLQT0tbdP9jeZ5Y4BTvSw,0 0.0665 243 731 502 974 5 0.0660 236 731 498 968 0 0.0659 452 676 816 861 11 0.0651 238 738 502 964 5 0.0644 358 792 623 1020 5 0.0642 134 665 483 850 0 0.0637 138 666 490 852 0 0.0637 363 793 627 1023 7 0.0634 497 726 742 979 0 0.0631 375 664 633 918 7 0.0622 368 795 631 1023 8 0.0619 241 732 500 969 13 0.0614 182 727 443 964 5 0.0612 370 663 630 913 5 0.0604 122 523 365 764 8 0.0601 121 523 362 766 10 0.0601 312 737 574 972 8 0.0598 371 793 619 1023 7 0.0593 181 726 440 965 7 0.0591 435 663 690 911 13 0.0590 373 797 630 1023 10 0.0590 574 596 824 827 0 0.0588 628 476 868 707 11 0.0586 364 798 621 1018 5 0.0585 489 660 743 906 11 0.0584 489 667 746 908 8 0.0584 136 667 480 850 11 0.0584 373 673 635 910 8 0.0584 496 663 740 908 11 0.0583 136 668 491 849 6 0.0582 496 666 750 908 0 0.0582 127 525 365 769 13 0.0576 517 593 767 836 8 0.0574 577 596 814 827 10 0.0574 175 728 438 963 6 0.0574 181 723 441 960 7 0.0572 136 669 489 852 7 0.0570 581 594 827 831 6 0.0569 139 668 496 850 11 0.0566 122 528 369 762 13 0.0566 140 669 496 855 3 0.0564 183 724 436 967 2 0.0563 493 670 748 911 2 0.0562 435 736 685 979 7 0.0561 127 526 370 766 0 0.0561 556 711 810 972 6 0.0556 123 527 373 766 8 0.0555 105 716 361 954 3 0.0554 437 734 681 980 11 0.0552 632 540 887 759 13 0.0550 380 673 636 915 3 0.0548 123 528 370 773 3 0.0544 136 667 487 855 9 0.0543 239 735 503 966 10 0.0543 121 528 364 765 8 0.0541 635 537 875 761 12 0.0537 497 661 746 915 6 0.0536 380 668 640 911 3 0.0535 317 736 577 978 6 0.0534 316 736 579 970 10 0.0534 133 671 487 851 13 0.0529 127 526 373 768 9 0.0527 137 669 489 849 2 0.0525 182 726 438 962 10 0.0523 634 542 881 758 8 0.0522 380 669 629 913 6 0.0521 634 478 873 706 10 0.0519 431 734 680 973 12 0.0519 181 722 441 966 11 0.0517 634 681 885 897 0 0.0514 112 717 371 957 8 0.0513 639 672 878 901 2 0.0513 140 671 484 852
MFTevXhWXLERZkCQkSNNpLfKw9VysGiW,8 0.0616 497 276 747 518 7 0.0616 501 280 752 517 6 0.0611 501 282 756 515 0 0.0609 201 345 581 535 11 0.0608 399 197 658 444 11 0.0598 497 282 750 512 11 0.0596 501 601 770 840 0 0.0595 444 596 702 835 5 0.0584 303 0 576 244 8 0.0582 204 347 572 533 0 0.0580 496 281 748 517 11 0.0576 439 533 703 769 11 0.0576 199 348 586 532 5 0.0576 558 275 813 516 0 0.0563 506 525 770 776 6 0.0558 509 523 772 775 3 0.0558 502 280 750 521 13 0.0556 264 16 528 255 5 0.0556 445 214 701 455 6 0.0549 448 595 701 834 5 0.0547 195 345 579 530 7 0.0545 203 347 582 534 3 0.0542 209 349 585 539 13 0.0541 396 193 665 444 5 0.0541 504 596 766 838 11 0.0540 572 520 837 761 8 0.0538 446 597 693 836 0 0.0537 373 654 640 897 5 0.0536 368 652 639 893 13 0.0536 499 281 754 514 13 0.0534 447 532 708 776 5 0.0534 316 123 597 358 11 0.0533 255 16 522 254 13 0.0532 209 349 589 535 7 0.0531 510 597 774 842 7 0.0530 581 516 837 768 7 0.0529 448 532 706 773 8 0.0527 319 6 572 247 10 0.0527 494 282 750 514 8 0.0526 575 517 831 768 8 0.0526 328 124 598 359 11 0.0525 328 125 608 360 0 0.0524 568 597 831 839 10 0.0523 203 350 583 532 7 0.0521 378 659 645 894 0 0.0518 380 529 648 770 6 0.0517 377 655 642 894 13 0.0516 381 657 649 898 2 0.0516 499 284 750 515 8 0.0514 493 726 751 969 7 0.0514 562 820 811 1023 13 0.0512 511 600 777 845 5 0.0509 192 0 445 246 8 0.0506 202 3 445 246 11 0.0503 556 735 812 960 2 0.0502 203 350 584 532
soTVj0vLzvVWokUIfXYg6vrXFFIo7B89,5 0.0637 179 459 442 704 11 0.0616 203 475 587 654 8 0.0597 188 463 436 702 0 0.0590 208 474 583 658 3 0.0587 208 473 581 658 5 0.0579 245 397 499 642 0 0.0575 126 276 370 508 6 0.0572 492 544 849 728 8 0.0570 250 398 494 639 7 0.0567 251 398 505 641 10 0.0564 250 406 501 640 7 0.0563 187 461 446 703 6 0.0558 255 399 507 641 5 0.0556 119 270 367 506 10 0.0553 186 467 440 700 0 0.0549 312 340 572 573 6 0.0546 189 461 449 703 2 0.0540 190 470 438 703 11 0.0538 483 551 843 728 11 0.0533 383 345 637 570 13 0.0527 186 459 448 704 7 0.0520 479 489 836 668 13 0.0517 249 398 510 641 11 0.0514 122 280 376 505 7 0.0513 125 274 377 505 8 0.0512 314 341 562 570 3 0.0509 496 547 845 731 0 0.0509 386 493 743 667 2 0.0507 255 406 499 641 13 0.0505 318 342 578 572 8 0.0500 439 395 685 616
S7aGV3Hm3JqTb77ngqR5fTygPWrJuaZE,8 0.0588 446 193 692 443 8 0.0585 385 131 632 370 0 0.0576 375 136 640 375 7 0.0573 446 130 703 375 11 0.0573 370 343 628 578 11 0.0567 379 135 634 371 7 0.0563 376 203 635 447 7 0.0561 444 265 688 506 8 0.0557 383 266 625 503 0 0.0552 503 197 760 443 8 0.0549 320 206 565 450 6 0.0549 443 133 709 373 13 0.0549 378 199 638 447 5 0.0548 438 195 691 444 8 0.0544 374 474 622 705 0 0.0541 244 203 506 443 11 0.0540 310 211 569 448 10 0.0540 443 200 696 446 3 0.0539 506 203 759 447 11 0.0531 442 201 692 450 13 0.0531 446 264 695 505 7 0.0528 506 199 763 447 0 0.0527 442 262 688 505 6 0.0522 443 264 691 502 7 0.0520 374 339 633 581 0 0.0519 371 468 628 711 8 0.0518 598 200 781 594 8 0.0518 324 329 559 576 13 0.0517 505 201 767 447 5 0.0515 372 127 632 366 8 0.0512 445 392 686 632 11 0.0510 439 400 696 633 13 0.0508 256 203 512 445 6 0.0508 503 201 764 442 0 0.0507 376 337 626 579 3 0.0507 444 263 687 506 3 0.0502 379 204 631 446 7 0.0501 444 398 702 634
OQnhEArOPeA4XK5lgdiudumVtrSFH1Az,11 0.0699 274 611 641 787 11 0.0695 506 590 766 825 0 0.0669 277 608 644 787 5 0.0666 272 608 638 785 0 0.0665 562 599 824 831 8 0.0660 209 611 562 789 11 0.0648 444 527 692 766 0 0.0647 443 586 699 831 7 0.0644 209 612 570 790 7 0.0636 564 597 826 828 7 0.0635 446 590 700 828 5 0.0627 439 587 694 827 0 0.0623 510 531 756 769 8 0.0621 562 597 819 828 7 0.0620 516 530 759 766 6 0.0615 279 610 646 788 3 0.0615 211 612 568 793 8 0.0614 443 526 688 767 13 0.0614 280 611 648 786 10 0.0611 275 611 640 786 6 0.0608 445 590 701 830 3 0.0596 507 589 764 830 5 0.0585 559 598 819 828 10 0.0584 443 590 696 829 2 0.0583 278 612 641 787 13 0.0580 447 591 704 830 6 0.0568 567 601 828 828 5 0.0564 509 531 752 766 2 0.0564 509 595 765 827 10 0.0560 560 602 822 829 9 0.0552 204 610 563 787 12 0.0552 279 610 642 787 1 0.0546 204 610 568 789 4 0.0540 280 610 648 788 2 0.0539 447 535 692 765 13 0.0538 568 600 832 832 3 0.0535 445 526 694 773 6 0.0529 514 534 758 766 10 0.0529 511 536 754 768 9 0.0526 504 590 764 825 4 0.0523 445 591 703 831 12 0.0520 445 589 698 829 13 0.0518 514 532 763 768 1 0.0514 501 586 765 828 4 0.0514 563 603 829 830 12 0.0508 565 599 826 832 1 0.0507 439 520 692 768
KdXFDvT0rVa3iQ8HHwvsekvVRJw3RHxc,0 0.0586 313 573 586 820 11 0.0568 113 4 379 215 5 0.0564 305 575 579 814 8 0.0543 123 1 372 216 11 0.0534 310 504 590 746 0 0.0529 238 512 515 759 5 0.0527 234 655 508 891 11 0.0526 628 1 1023 144 8 0.0523 178 565 425 825 11 0.0521 304 655 584 884 13 0.0519 187 467 447 719 13 0.0515 317 579 591 820 11 0.0515 235 733 516 955 0 0.0514 179 571 437 828 3 0.0512 244 511 516 764 8 0.0510 315 574 573 818 5 0.0508 178 458 434 719 5 0.0508 111 0 372 212 6 0.0507 184 463 446 715 0 0.0505 315 449 582 697 7 0.0504 306 657 586 889 8 0.0503 628 0 1010 147 5 0.0502 236 394 498 635
ykwLxAMS0ESEzT14R7GPfJpgwyVhPs11,7 0.0605 454 788 691 1023 11 0.0582 315 260 590 504 11 0.0576 249 198 512 437 8 0.0571 513 329 762 566 11 0.0565 458 329 716 568 5 0.0560 447 781 683 1019 11 0.0555 452 792 686 1020 3 0.0550 320 253 585 515 0 0.0548 255 198 509 442 8 0.0545 185 316 435 582 0 0.0542 568 467 837 702 13 0.0542 261 258 515 515 3 0.0540 463 203 714 443 8 0.0540 260 259 500 510 5 0.0539 249 194 502 437 6 0.0539 322 256 595 503 5 0.0537 177 261 434 505 5 0.0535 511 327 769 560 0 0.0534 512 330 772 566 11 0.0533 328 132 589 355 11 0.0530 567 470 832 700 3 0.0528 258 193 507 448 5 0.0528 314 251 581 503 5 0.0526 453 194 710 433 11 0.0526 458 204 715 433 0 0.0524 333 74 586 312 3 0.0517 518 329 772 573 6 0.0512 334 74 587 308 0 0.0512 461 207 710 437 11 0.0512 528 278 781 512 6 0.0511 259 197 511 442 5 0.0511 308 781 560 1004 7 0.0510 321 254 592 513 7 0.0510 463 326 718 571 5 0.0508 564 462 828 700 6 0.0508 462 329 720 570 13 0.0507 521 330 776 564 0 0.0507 319 259 590 508 0 0.0505 184 269 436 507 7 0.0504 572 464 836 705 11 0.0504 180 266 443 504 11 0.0501 306 382 589 622 5 0.0500 310 10 566 253
fJkwpw1NRQoTEwdzRx6ZMJp0l551lGWE,11 0.0662 504 728 755 965 11 0.0661 446 660 697 902 5 0.0651 502 723 751 963 7 0.0626 511 724 759 964 11 0.0619 449 524 696 753 11 0.0617 507 594 761 826 7 0.0616 452 582 696 829 0 0.0607 502 664 761 907 5 0.0593 442 656 696 903 8 0.0591 445 657 693 904 7 0.0590 319 458 573 686 0 0.0587 578 733 837 979 11 0.0586 316 459 567 689 6 0.0566 453 588 696 832 0 0.0565 446 585 694 832 13 0.0558 450 585 701 833 8 0.0558 507 724 750 966 13 0.0554 513 728 760 968 7 0.0542 509 521 765 760 2 0.0540 507 731 757 969 6 0.0536 510 728 757 968 8 0.0535 450 522 687 756 10 0.0534 503 731 753 967 5 0.0533 508 590 755 830 7 0.0532 578 598 827 833 13 0.0529 503 522 767 762 8 0.0528 509 591 751 829 13 0.0527 572 603 830 835 0 0.0527 319 459 567 692 1 0.0525 445 578 691 830 3 0.0521 451 585 695 837 2 0.0520 447 667 700 907 5 0.0519 313 455 563 686 8 0.0519 316 458 558 691 0 0.0518 500 523 761 761 5 0.0518 760 0 1009 245 10 0.0517 443 665 698 903 5 0.0514 444 517 693 757 2 0.0514 510 598 760 833 6 0.0513 507 525 763 760 3 0.0508 510 726 754 972 0 0.0507 573 602 826 838 13 0.0505 320 460 572 689 8 0.0503 762 7 1006 245 3 0.0501 315 460 568 697
Kp68LxlDRpNTeOUnA3yI8lI7yN7QunRs,5 0.0630 421 776 695 1022 0 0.0591 0 793 235 1019 11 0.0590 0 795 234 1016 7 0.0590 433 780 702 1023 11 0.0564 370 782 622 1021 8 0.0559 0 790 228 1018 11 0.0558 368 273 646 499 8 0.0553 431 776 691 1023 13 0.0553 437 784 704 1023 11 0.0547 508 716 771 953 8 0.0546 372 270 633 505 11 0.0545 383 521 640 754 5 0.0543 429 655 698 893 5 0.0543 366 267 639 505 0 0.0540 428 781 699 1023 0 0.0537 376 339 648 580 11 0.0537 0 673 236 895 0 0.0534 385 459 645 701 10 0.0533 427 782 697 1023 5 0.0532 0 789 224 1017 5 0.0531 374 397 641 647 6 0.0530 432 782 703 1021 6 0.0529 1 796 236 1014 7 0.0526 374 267 650 503 11 0.0522 376 407 644 643 5 0.0520 505 710 765 952 8 0.0517 0 669 234 893 3 0.0516 435 778 697 1023 0 0.0515 106 816 359 1023 3 0.0513 3 792 231 1023 5 0.0513 381 515 634 758 0 0.0512 0 675 240 899 13 0.0512 378 341 652 581 0 0.0511 381 585 632 824 2 0.0510 500 772 766 1016 0 0.0507 512 719 771 959 7 0.0507 381 399 649 646 3 0.0507 443 655 702 901 7 0.0505 441 662 706 894 11 0.0505 435 662 704 893 8 0.0505 380 404 631 650 8 0.0503 439 658 691 896 10 0.0503 438 661 702 895 13 0.0503 391 522 642 762 2 0.0501 2 795 236 1019
lI3DhKLgbo25zd395t0rKJfMghBpX5KE,11 0.0581 558 660 827 877 6 0.0553 564 657 836 884 8 0.0550 565 656 825 879 11 0.0544 447 459 702 691 0 0.0541 387 519 644 771 0 0.0539 450 459 699 700 7 0.0532 521 396 759 647 5 0.0525 559 649 825 881 7 0.0525 568 657 832 883 11 0.0518 384 520 648 762 13 0.0517 375 0 654 199 0 0.0514 558 658 831 883 13 0.0514 566 662 832 881 5 0.0506 433 0 711 181 8 0.0506 450 458 693 698 3 0.0503 567 661 828 888 7 0.0503 395 522 649 770
Yp2Aq0jZHrAfBpAmEQ9AbiZJOeWyKWNW,6 0.0568 388 453 643 708 6 0.0566 450 216 702 450 7 0.0559 383 457 641 710 13 0.0555 450 278 709 514 11 0.0549 442 221 704 448 5 0.0548 435 590 695 835 7 0.0547 516 223 761 459 10 0.0544 447 280 703 511 5 0.0544 503 222 751 457 0 0.0540 575 233 810 470 3 0.0539 452 219 702 455 13 0.0536 388 458 647 710 11 0.0536 380 458 638 706 5 0.0532 375 452 635 703 11 0.0528 564 236 814 469 5 0.0527 377 215 628 446 6 0.0527 443 593 702 838 11 0.0525 433 598 694 838 0 0.0525 441 595 698 840 7 0.0523 446 158 705 394 8 0.0521 447 277 693 514 0 0.0521 448 277 699 513 5 0.0517 571 158 809 394 0 0.0516 380 456 639 708 7 0.0513 442 593 701 843 0 0.0510 0 2 259 211 8 0.0507 382 455 634 707 10 0.0506 382 460 640 705 8 0.0502 380 216 629 449 8 0.0502 442 593 689 836
VcV3kZzuInFwpaYVvXPrTg9DN1OsvNQ6,11 0.0643 0 794 242 1006 8 0.0641 0 789 236 1005 11 0.0630 375 737 643 967 0 0.0626 0 792 241 1012 11 0.0607 487 687 751 898 5 0.0601 0 789 234 1007 7 0.0598 381 735 646 969 0 0.0594 429 735 704 967 8 0.0583 495 781 725 1023 11 0.0581 424 596 702 819 6 0.0577 431 596 704 819 5 0.0576 428 520 702 757 5 0.0570 418 730 696 965 10 0.0570 2 796 240 1008 5 0.0569 362 588 643 821 0 0.0568 368 593 646 820 7 0.0565 3 790 243 1008 11 0.0558 491 788 732 1017 8 0.0556 436 527 698 759 11 0.0552 370 396 641 632 8 0.0548 488 683 741 897 13 0.0544 432 595 705 821 8 0.0543 369 597 636 818 3 0.0543 493 684 746 901 5 0.0543 364 448 634 701 10 0.0542 374 738 641 966 7 0.0541 437 525 707 766 0 0.0541 384 333 646 562 11 0.0540 305 330 581 566 6 0.0537 432 736 704 964 7 0.0535 497 784 742 1023 6 0.0534 0 793 249 1006 7 0.0534 371 594 650 824 0 0.0534 433 523 706 761 11 0.0531 306 462 576 700 3 0.0527 6 794 237 1014 13 0.0524 496 784 743 1022 0 0.0524 369 457 637 703 3 0.0523 495 786 737 1023 13 0.0516 493 685 755 899 13 0.0516 382 735 648 971 7 0.0515 494 684 753 901 7 0.0513 386 331 650 559 7 0.0508 370 453 642 704 3 0.0508 379 397 645 642 8 0.0506 373 458 625 699 6 0.0504 319 395 584 632 13 0.0504 4 785 245 1008 5 0.0501 441 323 703 551 12 0.0501 2 786 247 1011 6 0.0500 386 334 650 564 11 0.0500 560 616 823 845
NshSMoNLJTX8jAQHax4iJEN1AxzqeBZe,5 0.0617 175 453 435 702 11 0.0595 239 520 512 756 11 0.0592 243 393 509 630 8 0.0592 580 329 826 565 11 0.0585 314 648 571 876 8 0.0582 436 390 698 635 3 0.0581 176 398 438 648 11 0.0581 578 330 839 560 11 0.0578 120 347 386 595 8 0.0577 174 328 427 574 11 0.0572 638 395 913 638 5 0.0571 170 326 432 568 7 0.0570 181 456 441 705 5 0.0566 244 385 504 630 11 0.0565 450 7 704 239 11 0.0564 182 274 436 500 8 0.0563 245 519 504 756 7 0.0562 177 329 437 571 11 0.0562 437 394 709 631 8 0.0561 179 457 432 705 3 0.0558 444 328 703 571 0 0.0558 176 458 439 707 5 0.0557 384 0 634 237 7 0.0557 248 516 515 761 13 0.0556 183 457 444 708 8 0.0555 315 648 560 876 0 0.0555 439 326 701 566 0 0.0555 578 328 834 566 6 0.0554 179 329 442 571 0 0.0547 175 330 435 574 7 0.0546 248 389 511 637 8 0.0544 65 402 313 652 6 0.0543 248 452 513 695 8 0.0543 250 393 500 634 0 0.0543 244 392 508 635 8 0.0542 450 272 703 500 7 0.0542 439 391 707 634 7 0.0539 319 642 573 879 5 0.0539 575 325 828 561 5 0.0538 241 514 508 755 5 0.0536 514 5 768 236 10 0.0535 178 463 441 706 0 0.0533 314 645 571 880 7 0.0533 317 773 565 1013 3 0.0531 581 331 834 569 11 0.0530 170 589 433 829 5 0.0529 637 388 903 636 7 0.0529 176 584 435 833 13 0.0527 176 334 442 577 0 0.0527 245 520 514 757 11 0.0526 445 275 718 498 6 0.0526 183 518 441 765 5 0.0519 430 390 697 631 6 0.0516 586 329 839 563 2 0.0516 456 15 703 239 6 0.0516 323 9 590 241 6 0.0513 441 392 710 635 13 0.0513 586 332 840 566 3 0.0512 64 411 320 661 3 0.0512 178 521 434 769 5 0.0511 59 405 315 649 10 0.0510 243 526 514 756 11 0.0510 14 487 270 714 13 0.0504 225 538 563 732 3 0.0502 399 2 637 247 11 0.0502 454 132 716 357 11 0.0502 237 781 484 1016 7 0.0502 69 411 327 649 0 0.0502 447 8 706 246 2 0.0501 178 465 436 706
IMdwOEHh5kVRG8x0qU3X9rCjHyTQCe6g,11 0.0642 516 483 883 658 5 0.0630 449 461 699 706 0 0.0604 513 482 882 659 5 0.0600 570 408 825 648 11 0.0599 449 466 701 707 7 0.0598 516 458 767 708 0 0.0592 449 465 705 709 11 0.0590 707 460 967 699 5 0.0590 641 456 887 713 6 0.0589 451 466 706 709 3 0.0588 515 458 763 712 6 0.0588 516 483 885 661 8 0.0583 450 462 696 710 2 0.0580 451 465 704 707 10 0.0572 514 461 760 708 11 0.0571 512 559 869 728 8 0.0570 191 27 440 249 8 0.0564 647 456 888 717 13 0.0560 454 465 709 712 5 0.0555 512 557 862 727 13 0.0553 521 556 879 733 2 0.0540 519 484 885 659 8 0.0536 519 556 859 731 10 0.0536 646 463 891 714 4 0.0535 519 464 765 711 1 0.0531 513 478 883 658 5 0.0528 709 412 956 645 12 0.0528 516 484 879 660 9 0.0526 449 466 699 705 3 0.0520 645 457 892 722 9 0.0515 513 483 881 657 12 0.0514 453 463 702 711 7 0.0513 647 457 895 713 0 0.0513 185 26 445 251 5 0.0512 651 360 889 588 2 0.0504 711 470 967 706 1 0.0503 448 459 702 710
RmDND10ThKshLkTTDpQoi08CROuRue73,0 0.0669 191 656 436 896 7 0.0666 253 652 500 896 8 0.0652 254 653 496 897 7 0.0638 129 656 378 898 8 0.0631 128 656 373 897 5 0.0631 187 656 434 897 10 0.0628 188 663 438 896 11 0.0628 249 654 498 895 6 0.0628 130 656 378 899 7 0.0609 186 595 443 828 11 0.0606 125 659 376 894 3 0.0603 254 651 499 901 6 0.0596 251 655 502 894 8 0.0594 186 597 435 827 13 0.0579 129 655 384 899 3 0.0578 131 655 377 902 5 0.0569 126 591 377 826 0 0.0562 130 593 382 828 1 0.0559 186 654 436 897 11 0.0558 182 599 443 827 6 0.0556 186 599 445 829 9 0.0547 250 654 498 893 13 0.0546 255 653 505 898 2 0.0541 252 659 500 899 10 0.0540 125 599 383 827 12 0.0539 129 656 377 897 4 0.0534 191 662 439 897 9 0.0534 125 657 381 895 3 0.0521 187 598 442 833 12 0.0519 254 652 499 898 2 0.0503 127 661 376 898
UpbtMp4BqatnextyvaZzIaMTwPBfmfSk,13 0.0588 524 551 884 723 11 0.0587 315 353 591 568 8 0.0586 523 477 874 663 5 0.0569 546 786 809 1007 6 0.0566 528 549 877 722 11 0.0533 516 480 883 662 13 0.0530 264 408 524 631 6 0.0528 518 410 774 648 8 0.0528 352 410 682 585 0 0.0527 515 412 768 651 5 0.0524 335 406 686 586 0 0.0522 764 793 1015 1023 5 0.0519 639 647 895 883 5 0.0519 517 474 874 662 11 0.0518 643 653 901 880 0 0.0511 520 547 873 727 13 0.0511 349 411 706 589 11 0.0511 259 413 514 630 0 0.0510 319 345 587 574 0 0.0506 641 661 903 887 11 0.0504 564 719 823 952 7 0.0503 529 548 873 726 13 0.0502 516 414 776 651 7 0.0502 564 717 822 955
Xz682CQI2FC9Asea4a3Fp0aWtptm6caU,13 0.0612 636 0 902 205 8 0.0604 635 0 883 202 5 0.0586 630 0 886 203 0 0.0582 700 2 951 202 11 0.0552 634 1 894 201 6 0.0544 634 2 897 203 10 0.0539 633 4 891 199 3 0.0522 634 0 896 208 7 0.0512 375 790 643 1022 11 0.0505 372 794 638 1018
BrJY7l4Js1wdXhx9xj1y1qa6pj6TEnWM,11 0.0660 321 416 684 604 7 0.0614 432 275 695 521 0 0.0613 191 266 436 511 5 0.0605 195 399 566 587 3 0.0605 349 279 614 522 8 0.0604 429 277 681 515 8 0.0602 351 337 610 573 8 0.0600 210 403 564 590 13 0.0596 212 402 582 592 13 0.0593 432 277 697 518 11 0.0590 206 343 569 527 3 0.0588 424 332 690 581 0 0.0586 323 413 683 605 5 0.0585 343 271 614 513 11 0.0583 194 468 568 656 8 0.0581 254 206 492 459 6 0.0578 431 275 690 521 0 0.0575 488 379 754 621 5 0.0572 487 271 748 509 13 0.0570 491 378 760 621 8 0.0569 354 219 608 458 5 0.0568 229 463 493 707 13 0.0566 238 467 503 711 6 0.0562 236 469 504 707 7 0.0561 329 413 692 605 6 0.0561 492 373 756 621 0 0.0560 349 276 617 519 8 0.0556 237 468 491 709 6 0.0554 351 218 619 458 11 0.0553 252 214 496 457 5 0.0553 252 141 499 381 7 0.0552 93 466 454 656 3 0.0552 497 277 755 516 11 0.0552 429 281 692 519 5 0.0552 412 323 686 575 0 0.0551 563 517 819 750 10 0.0551 418 332 694 576 11 0.0548 484 381 758 621 11 0.0548 227 537 492 778 0 0.0546 494 275 757 510 6 0.0546 209 403 577 589 5 0.0545 417 210 686 450 7 0.0545 493 377 761 626 8 0.0545 488 376 747 618 13 0.0544 353 222 625 460 3 0.0543 205 404 569 595 8 0.0535 343 467 611 701 7 0.0534 194 265 440 509 0 0.0532 195 463 570 659 7 0.0532 352 217 624 457 3 0.0531 237 471 495 717 8 0.0529 246 1 502 202 5 0.0528 348 143 631 386 0 0.0528 424 214 690 456 11 0.0525 345 224 618 459 2 0.0524 328 418 682 603 6 0.0522 206 136 454 378 5 0.0521 186 266 430 502 10 0.0517 421 219 692 454 13 0.0515 199 267 445 512 10 0.0512 90 473 446 656 6 0.0512 567 513 816 750 8 0.0512 564 515 808 749 3 0.0511 193 271 435 515 5 0.0510 557 512 810 748 7 0.0510 273 532 628 729 3 0.0505 426 219 690 460
hm758dfvffNsddX3XUGsJwXa6XkBsuro,11 0.0512 561 594 826 828
shLS1RRpmd1J3oDxm3ASNxOttfiSOphT,5 0.0582 439 784 684 1019 11 0.0564 493 354 755 581 3 0.0549 502 349 751 587 11 0.0546 554 817 827 1020 7 0.0541 376 789 623 1023 7 0.0540 445 401 690 641 5 0.0540 486 345 749 576 0 0.0538 435 341 694 576 6 0.0535 444 401 696 636 5 0.0534 550 806 818 1021 13 0.0534 378 785 624 1023 8 0.0533 374 787 610 1021 0 0.0532 310 345 574 574 13 0.0531 375 401 634 644 8 0.0527 372 470 613 706 5 0.0521 426 279 690 502 5 0.0519 366 343 637 573 11 0.0512 429 286 693 504 6 0.0511 435 280 700 507 11 0.0510 443 695 712 922 11 0.0508 640 277 891 511 13 0.0508 443 338 701 578 0 0.0506 446 688 713 928 7 0.0506 437 283 696 507 0 0.0506 368 268 634 492 11 0.0505 441 794 687 1017 7 0.0503 559 808 833 1023 8 0.0502 559 811 813 1023 8 0.0502 495 348 746 583
EPUiPhrPqemibB43BvpGniiBVOFtl8e0,5 0.0629 202 210 561 389 13 0.0612 401 328 653 574 11 0.0611 443 461 691 704 0 0.0608 385 531 635 774 11 0.0601 386 535 635 771 0 0.0590 388 327 651 576 11 0.0586 504 406 765 644 8 0.0585 386 532 631 774 11 0.0584 387 398 638 634 11 0.0583 318 463 571 702 7 0.0581 446 401 693 642 6 0.0580 387 533 644 771 0 0.0580 205 213 559 393 10 0.0579 311 539 567 776 0 0.0576 441 455 689 706 3 0.0573 399 329 650 580 5 0.0567 381 529 634 769 7 0.0562 392 535 640 777 7 0.0560 208 209 563 391 8 0.0556 395 331 645 576 8 0.0554 442 457 683 703 13 0.0547 392 534 641 771 11 0.0546 203 216 567 390 5 0.0545 317 454 568 697 8 0.0543 204 212 547 393 3 0.0539 388 532 636 780 5 0.0537 440 451 687 701 10 0.0537 389 472 632 703 5 0.0533 389 323 648 573 10 0.0530 399 330 652 575 6 0.0524 216 215 566 390 3 0.0524 215 214 556 398 10 0.0524 321 398 579 629 8 0.0523 508 404 757 644 6 0.0522 448 459 695 703 2 0.0520 399 335 648 574 13 0.0518 325 392 585 626 0 0.0518 314 391 579 631 6 0.0517 323 465 576 700 8 0.0514 322 464 564 703 6 0.0513 510 403 768 642 10 0.0512 212 217 556 392 0 0.0509 508 402 765 644 6 0.0507 392 398 640 631 3 0.0505 325 396 575 634 7 0.0503 323 396 584 631 2 0.0502 388 539 638 775
0uPs2X9nxL45xEzUsq6VSsuBz7qq2Hmc,0 0.0661 400 669 759 857 11 0.0660 402 671 759 856 7 0.0642 406 669 765 857 8 0.0641 402 669 754 856 0 0.0627 628 740 877 964 5 0.0616 398 668 754 856 11 0.0616 383 539 635 772 8 0.0603 630 739 871 961 7 0.0602 635 739 878 964 10 0.0601 399 671 760 856 5 0.0596 626 738 871 960 3 0.0592 406 669 760 859 11 0.0591 630 740 875 961 7 0.0588 390 537 638 773 6 0.0582 403 669 763 857 13 0.0557 408 669 767 857 0 0.0554 386 537 635 774 3 0.0553 632 740 876 967 10 0.0553 628 744 874 964 12 0.0552 405 668 761 858 10 0.0552 382 542 634 769 0 0.0548 0 489 254 737 6 0.0547 631 743 877 962 13 0.0545 633 739 880 961 11 0.0542 433 410 686 631 1 0.0533 626 731 876 964 5 0.0529 381 535 630 770 2 0.0528 402 672 759 858 12 0.0528 634 738 878 964 2 0.0528 631 743 876 963 8 0.0527 386 540 627 773 6 0.0527 388 537 636 774 11 0.0524 1 488 258 729 1 0.0518 398 665 759 857 3 0.0512 387 539 632 778 11 0.0509 375 287 634 507 9 0.0506 401 668 759 855 7 0.0502 440 411 697 630 4 0.0500 404 670 764 858
Y8f0NGNWXCOyBmTJ1HFAtOplvzdpzChK,11 0.0611 307 323 572 549 8 0.0603 311 323 562 552 5 0.0584 301 317 566 548 7 0.0565 312 322 572 554 0 0.0559 311 320 569 553 10 0.0534 304 327 569 549 8 0.0529 307 210 565 414 13 0.0526 311 321 575 552 6 0.0523 311 320 573 553 3 0.0523 307 323 571 557 8 0.0519 390 152 649 368 7 0.0519 392 148 661 367 13 0.0517 432 330 694 562 8 0.0515 430 324 677 565 11 0.0515 514 164 765 383 0 0.0512 390 152 662 368 7 0.0512 433 324 689 569 7 0.0510 437 516 690 767 0 0.0508 308 207 577 418 13 0.0508 431 461 691 697 5 0.0506 503 157 761 387 11 0.0505 427 462 684 697 0 0.0503 434 327 686 567
xjJRqEGH2COBcpJwVVmvF4GnhQAG57rW,11 0.0624 178 678 435 906 11 0.0602 242 607 502 834 11 0.0597 299 665 565 904 11 0.0593 316 536 579 768 0 0.0593 108 668 366 898 8 0.0587 66 791 295 1023 0 0.0584 243 605 502 837 8 0.0583 303 660 556 904 8 0.0578 113 668 357 897 8 0.0572 247 604 494 833 7 0.0566 186 607 437 834 11 0.0561 384 779 626 1012 5 0.0559 296 659 556 901 5 0.0556 60 795 293 1015 11 0.0554 193 794 429 1023 7 0.0549 387 774 626 1015 8 0.0543 192 789 422 1023 6 0.0542 182 677 441 904 0 0.0540 299 660 563 909 7 0.0537 245 671 500 908 7 0.0534 115 669 366 891 13 0.0533 391 780 629 1016 11 0.0531 313 393 573 624 8 0.0529 377 548 624 769 13 0.0527 117 670 372 893 7 0.0523 320 602 577 844 11 0.0521 386 332 640 558 5 0.0515 241 602 492 831 5 0.0514 375 546 623 769 11 0.0513 250 456 511 682 6 0.0513 303 663 568 903 8 0.0511 380 401 628 622 8 0.0510 385 774 616 1014 10 0.0510 384 776 621 1010 0 0.0510 387 334 637 559 13 0.0508 71 803 307 1023 5 0.0508 176 672 429 903 0 0.0508 66 799 299 1023 11 0.0506 60 800 299 1021 0 0.0504 253 458 505 685 7 0.0503 131 793 367 1023 5 0.0502 187 789 423 1019 13 0.0501 195 797 434 1023
WirMKjoF1SMmaM1QvHlu8vnylnwxkcIk,11 0.0651 495 675 870 858 0 0.0648 307 662 566 908 5 0.0632 570 673 926 857 7 0.0627 306 659 568 904 7 0.0625 185 653 441 894 0 0.0625 498 675 871 861 0 0.0621 184 653 440 899 5 0.0610 253 709 496 950 11 0.0603 253 657 505 894 8 0.0602 573 675 927 860 10 0.0599 184 656 438 893 8 0.0599 310 661 560 903 6 0.0597 505 676 872 858 5 0.0594 183 649 434 893 3 0.0594 575 674 929 862 7 0.0592 504 672 874 858 6 0.0573 319 716 571 959 10 0.0567 498 677 866 856 6 0.0560 191 653 443 895 8 0.0559 189 654 434 895 2 0.0554 502 678 870 858 13 0.0552 261 713 506 955 13 0.0549 190 653 444 897 13 0.0547 507 677 881 859 2 0.0538 257 715 501 954 3 0.0532 188 653 438 900 3 0.0530 309 662 564 909 1 0.0527 256 705 498 953 0 0.0524 121 593 370 829 10 0.0523 307 667 565 902 7 0.0515 130 588 377 827 12 0.0513 502 675 873 860 2 0.0503 187 657 437 900
hXfG0W2LyzSRvxa0qpcsngZthfYjyEB0,0 0.0575 551 0 821 209 6 0.0572 444 277 694 521 11 0.0565 375 144 637 388 8 0.0560 379 143 624 389 8 0.0555 552 0 812 208 5 0.0553 434 271 688 520 8 0.0552 237 410 481 645 5 0.0551 374 135 631 392 8 0.0549 313 531 552 774 6 0.0549 383 141 636 393 11 0.0545 307 534 565 778 5 0.0543 296 276 565 516 8 0.0540 441 279 684 519 11 0.0534 304 404 570 648 0 0.0533 312 529 560 779 0 0.0530 377 139 631 395 11 0.0530 244 464 495 710 6 0.0529 310 284 569 520 11 0.0527 301 286 569 517 10 0.0527 378 146 638 394 11 0.0525 439 277 694 520 8 0.0517 308 287 561 513 5 0.0515 542 0 819 205 3 0.0515 447 278 692 528 0 0.0515 305 279 568 522 3 0.0514 383 142 632 400 7 0.0512 446 277 698 522 0 0.0512 441 278 690 524 13 0.0508 316 535 572 778 7 0.0507 307 283 572 520 7 0.0507 242 353 508 587 6 0.0505 306 404 575 648 11 0.0503 558 30 823 260 0 0.0503 235 407 495 647
YKBt1wmbuCrZENhKfa17LLEfpANjI4vA,7 0.0631 218 872 580 1022 10 0.0623 207 877 578 1023 11 0.0613 209 874 577 1022 0 0.0601 214 874 576 1023 5 0.0593 207 871 569 1021 8 0.0577 213 873 567 1023 8 0.0553 376 343 618 562 8 0.0545 247 396 495 618 11 0.0539 369 291 623 503 6 0.0526 215 877 581 1023 5 0.0524 369 278 621 502 7 0.0520 133 787 385 1023 5 0.0519 122 783 374 1018 10 0.0517 126 793 380 1021 11 0.0515 321 399 580 620 11 0.0511 0 346 260 588 7 0.0508 326 392 578 626
74TqDoyuiI36AnQ723fJaEbeUe5bkEuv,0 0.0654 12 783 246 1023 11 0.0635 13 785 250 1016 0 0.0628 115 798 370 1023 7 0.0623 13 780 249 1020 7 0.0620 308 464 573 705 8 0.0612 17 779 244 1020 5 0.0611 319 580 562 830 5 0.0608 371 394 634 651 8 0.0608 120 793 359 1023 0 0.0603 309 529 563 771 6 0.0600 326 588 575 831 11 0.0598 114 797 364 1019 7 0.0597 375 533 636 781 5 0.0589 301 460 563 700 11 0.0588 322 590 569 833 7 0.0584 118 793 366 1023 7 0.0583 383 397 642 654 11 0.0573 374 466 635 715 3 0.0572 19 780 245 1021 0 0.0572 375 463 636 718 8 0.0572 325 587 569 832 6 0.0571 313 463 576 699 5 0.0571 59 783 297 1018 2 0.0567 11 787 250 1019 0 0.0565 252 653 516 895 3 0.0554 120 795 363 1023 8 0.0550 439 664 694 902 6 0.0550 382 397 645 649 3 0.0550 316 536 561 775 6 0.0548 13 786 250 1019 5 0.0548 247 649 508 892 8 0.0547 377 399 631 651 10 0.0544 64 788 302 1020 13 0.0542 255 655 523 896 5 0.0542 442 270 697 511 6 0.0539 251 652 515 893 2 0.0536 314 536 567 773 3 0.0536 383 400 635 658 13 0.0534 15 779 250 1021 7 0.0534 253 654 519 895 2 0.0534 376 468 636 715 8 0.0532 306 467 563 703 11 0.0529 246 656 513 891 13 0.0528 183 791 442 1023 5 0.0525 175 790 432 1018 13 0.0522 330 594 579 834 8 0.0521 253 655 511 894 9 0.0516 372 464 634 704 7 0.0515 386 276 642 516 6 0.0514 115 797 368 1021 5 0.0514 371 196 626 430 3 0.0512 449 273 695 520 5 0.0507 379 642 636 889 11 0.0503 379 656 639 889 10 0.0500 246 660 516 892
WEeIXHjvxSSqTDAAiFng69iFAKWWOeER,0 0.0553 2 458 247 692 0 0.0531 590 465 838 704 5 0.0518 0 456 244 686 6 0.0512 460 718 710 963 0 0.0512 311 264 576 507 11 0.0508 0 462 250 682 0 0.0505 170 810 446 1023 6 0.0501 2 455 252 682 8 0.0500 2 452 237 683
WF9giHILt0VMNNVZCRrbuCF8RRFDjMBS,11 0.0589 381 654 640 887 0 0.0581 315 577 572 826 8 0.0578 384 650 631 890 11 0.0571 239 655 510 892 8 0.0561 246 583 498 832 0 0.0561 385 652 635 886 11 0.0560 240 529 504 770 13 0.0558 245 655 515 896 5 0.0556 173 530 438 774 7 0.0551 243 653 511 899 11 0.0550 312 581 577 824 6 0.0548 248 584 508 830 8 0.0548 446 590 693 829 0 0.0547 445 594 702 827 5 0.0545 311 575 572 821 5 0.0545 380 650 635 884 3 0.0539 246 589 507 839 7 0.0538 315 578 580 828 5 0.0537 441 590 699 824 7 0.0535 178 530 445 776 3 0.0533 314 651 577 903 6 0.0533 318 648 579 895 11 0.0533 444 594 702 824 5 0.0531 240 647 504 891 0 0.0518 243 649 505 899 8 0.0516 307 524 558 765 7 0.0514 443 472 697 710 11 0.0509 435 474 695 705 0 0.0505 245 521 499 775 13 0.0504 318 575 580 825 7 0.0503 387 649 643 889 6 0.0502 439 472 699 709 7 0.0502 451 590 706 827 5 0.0500 503 784 754 1013
KM0BnbNcsKmEsbeDgiMrMcgL1Phw8etc,8 0.0689 302 139 561 375 0 0.0676 244 24 505 258 13 0.0650 326 206 598 449 11 0.0649 296 75 564 318 13 0.0626 277 350 643 546 5 0.0622 316 202 584 445 3 0.0610 309 138 569 378 7 0.0608 260 202 514 457 5 0.0604 234 0 486 203 6 0.0603 241 75 508 322 11 0.0602 369 141 638 369 8 0.0601 306 359 563 579 13 0.0601 382 70 640 307 8 0.0601 240 76 495 318 13 0.0596 241 71 512 318 6 0.0595 241 3 498 205 8 0.0595 316 18 564 253 7 0.0590 306 137 572 373 5 0.0589 258 348 619 540 0 0.0588 255 204 510 461 0 0.0581 569 408 813 654 5 0.0576 371 67 626 306 3 0.0576 385 70 632 316 11 0.0575 386 13 641 244 11 0.0574 324 207 589 449 11 0.0572 566 408 816 648 5 0.0571 565 405 808 650 3 0.0567 251 21 505 266 7 0.0564 318 16 572 254 0 0.0563 380 199 656 435 11 0.0562 187 204 450 460 8 0.0560 566 405 810 649 5 0.0559 427 403 687 640 7 0.0558 379 202 660 434 13 0.0557 202 272 457 516 6 0.0557 265 207 514 461 3 0.0556 434 0 693 198 7 0.0556 573 412 815 653 5 0.0556 425 0 694 192 11 0.0550 689 404 939 645 10 0.0549 432 5 696 193 0 0.0548 266 346 633 546 6 0.0547 382 201 663 432 8 0.0546 430 0 683 195 2 0.0543 257 211 509 459 0 0.0543 198 270 445 519 10 0.0543 243 144 507 384 0 0.0541 387 15 642 245 11 0.0539 173 0 437 202 0 0.0538 181 141 439 393 10 0.0538 300 78 564 313 0 0.0536 1 405 303 608 3 0.0536 573 411 812 659 9 0.0536 259 206 511 453 6 0.0534 187 145 447 393 5 0.0534 193 262 444 511 8 0.0532 0 404 295 603 11 0.0531 548 542 809 775 2 0.0528 301 82 565 316 2 0.0528 241 4 495 204 0 0.0528 554 541 808 778 6 0.0526 487 542 765 776 8 0.0524 190 203 440 460 10 0.0522 187 207 447 458 10 0.0521 325 213 591 448 8 0.0521 550 537 802 772 13 0.0520 435 0 703 193 5 0.0520 300 664 566 901 10 0.0520 180 73 448 326 5 0.0519 549 536 800 776 11 0.0518 177 67 448 324 6 0.0518 577 410 818 651 2 0.0516 572 413 816 652 8 0.0515 433 409 686 643 10 0.0515 373 148 640 366 0 0.0514 427 663 695 897 7 0.0513 435 414 695 649 7 0.0513 435 0 700 194 11 0.0512 301 360 567 580 6 0.0511 701 324 931 573
UXBfWNxLYkwiMr5wPvuiqWzH9kgbe1ss,5 0.0562 485 784 751 1003 3 0.0540 445 780 696 1019 8 0.0539 441 782 692 1010 11 0.0534 763 342 1021 577 5 0.0533 753 396 1016 644 11 0.0531 438 787 694 1008 8 0.0529 766 337 1012 581 13 0.0524 773 341 1023 585 0 0.0522 303 271 576 507 13 0.0521 374 264 647 501 6 0.0514 771 338 1022 582 0 0.0510 310 645 573 889 0 0.0505 768 342 1018 581 13 0.0504 387 123 642 365 5 0.0504 380 766 629 1013 5 0.0503 379 641 639 880 7 0.0503 445 785 706 1014 7 0.0502 762 399 1022 642 5 0.0500 378 512 627 751
GiMImCVIRZWrQ3IkQHp15ji53RQib394,11 0.0595 570 336 834 591 8 0.0566 562 267 828 519 0 0.0544 572 340 835 596 11 0.0526 624 286 910 516 5 0.0524 558 270 835 517 8 0.0516 2 8 223 239 13 0.0514 576 340 840 598 7 0.0511 577 339 834 596 0 0.0511 374 396 618 619 3 0.0504 584 339 832 602
53gSNHYI23CcNns0vAmCS5TGUro3B8Os,11 0.0627 447 448 707 691 5 0.0617 306 586 565 829 11 0.0604 305 542 564 770 7 0.0599 314 594 568 838 7 0.0584 247 465 503 711 7 0.0583 449 447 706 693 0 0.0575 445 448 700 697 0 0.0564 306 474 565 715 5 0.0551 302 469 563 713 13 0.0546 190 22 461 265 13 0.0543 376 3 638 233 8 0.0543 306 533 557 777 11 0.0541 295 2 562 235 3 0.0538 447 444 702 702 0 0.0538 190 14 452 269 8 0.0537 446 446 694 693 11 0.0534 183 23 453 260 11 0.0532 243 471 503 710 5 0.0531 440 0 696 232 6 0.0530 312 538 575 776 8 0.0527 243 468 493 716 10 0.0524 190 30 453 266 5 0.0522 179 16 449 258 3 0.0520 305 474 565 719 8 0.0520 206 80 456 312 8 0.0518 447 4 688 236 0 0.0516 440 5 699 238 8 0.0516 583 227 844 456 6 0.0515 194 17 458 265 5 0.0515 570 221 847 450 8 0.0515 514 282 754 497 11 0.0514 442 5 698 232 13 0.0513 447 448 712 695 0 0.0511 310 589 561 837 7 0.0511 446 5 701 236 10 0.0511 306 542 564 769 10 0.0510 446 6 700 238 2 0.0506 447 12 696 236 3 0.0506 449 2 698 244 10 0.0504 443 452 704 694 3 0.0503 316 595 566 840 13 0.0502 310 536 574 775 13 0.0501 524 74 793 310 8 0.0501 311 0 557 239 6 0.0500 449 448 709 695
Gj11fSYtj4eHRwjmVVLzWgR001ZuDtaH,8 0.0636 334 334 583 575 11 0.0623 319 404 577 640 7 0.0608 374 390 635 629 8 0.0606 447 266 690 506 5 0.0603 563 316 829 569 0 0.0601 375 394 634 631 8 0.0600 497 146 756 381 5 0.0599 440 257 696 506 0 0.0599 569 323 832 570 6 0.0593 332 333 594 575 5 0.0592 321 330 588 570 0 0.0587 569 143 835 389 0 0.0583 445 265 699 510 8 0.0582 392 195 639 440 8 0.0581 566 200 820 448 3 0.0572 450 266 697 513 3 0.0570 331 334 591 577 8 0.0569 569 322 821 567 10 0.0569 374 398 633 627 13 0.0566 379 394 637 628 7 0.0560 450 264 701 508 6 0.0557 571 323 834 570 5 0.0555 565 138 833 386 11 0.0551 277 356 645 529 6 0.0545 453 267 701 506 13 0.0537 286 355 650 532 3 0.0535 571 260 827 515 11 0.0534 569 143 836 385 2 0.0532 450 272 693 507 2 0.0532 375 399 625 629 10 0.0532 445 269 701 506 6 0.0530 264 270 512 513 13 0.0527 569 323 839 568 11 0.0526 448 270 700 505 5 0.0518 438 141 704 387 0 0.0518 444 148 706 387 3 0.0516 575 144 837 392 9 0.0515 444 267 695 500 8 0.0513 263 271 497 510 7 0.0512 262 269 510 513 10 0.0511 500 149 767 384 11 0.0508 566 326 837 568 13 0.0505 502 147 771 384 11 0.0500 390 200 650 441
aYi1SsJDvXO7ehq8Ia07qRxjVRq1IMgX,11 0.0629 628 404 888 638 8 0.0604 585 271 824 525 0 0.0603 246 271 512 506 11 0.0602 183 272 439 505 5 0.0596 243 210 502 441 11 0.0593 584 272 833 521 8 0.0589 187 271 432 509 5 0.0586 182 389 436 628 5 0.0580 629 403 882 631 11 0.0580 244 327 506 565 5 0.0572 182 268 431 504 8 0.0571 247 326 496 567 0 0.0570 186 210 440 448 3 0.0569 638 402 884 643 6 0.0565 639 404 889 637 11 0.0565 245 217 506 439 11 0.0562 190 144 447 378 7 0.0558 186 271 441 508 11 0.0557 159 651 339 1008 5 0.0551 582 267 824 524 13 0.0551 638 410 893 639 8 0.0550 111 326 373 574 0 0.0547 247 160 502 377 8 0.0543 636 400 880 638 11 0.0541 244 794 505 1013 8 0.0541 191 395 432 634 8 0.0540 247 216 495 442 3 0.0539 249 328 503 572 8 0.0537 642 201 881 447 8 0.0535 193 138 437 384 13 0.0535 188 212 447 454 0 0.0534 581 273 828 526 13 0.0534 587 275 837 525 5 0.0532 120 202 380 440 10 0.0530 247 274 512 505 5 0.0530 188 138 440 378 6 0.0529 250 327 511 567 8 0.0526 125 207 379 444 3 0.0525 309 455 561 700 7 0.0524 194 784 444 1016 7 0.0524 197 137 448 382 11 0.0524 361 739 622 969 11 0.0523 302 455 565 690 13 0.0521 185 335 442 575 3 0.0520 186 213 441 453 7 0.0520 308 449 568 695 13 0.0516 253 269 519 510 11 0.0514 636 204 893 443 6 0.0513 588 272 834 525 10 0.0513 183 217 440 448 0 0.0512 635 407 886 637 7 0.0512 251 213 506 442 10 0.0512 183 338 435 570 2 0.0512 250 276 510 505 11 0.0511 183 398 438 632 9 0.0511 584 275 833 522 0 0.0511 186 399 441 633 5 0.0511 428 799 691 1020 3 0.0509 585 271 832 531 11 0.0509 436 811 692 1023 8 0.0508 312 453 556 689 3 0.0507 250 160 498 381 10 0.0507 245 164 502 377 7 0.0506 589 269 835 528 7 0.0503 446 804 702 1023 6 0.0503 191 397 442 634 5 0.0501 297 445 562 687 7 0.0501 637 403 890 639
1Gb5fUM44LNm0c3FVjGTwJcVvf9X3Ahp,7 0.0625 440 530 700 774 11 0.0623 431 594 702 836 11 0.0616 357 658 634 898 0 0.0613 371 587 636 835 5 0.0610 306 523 570 772 8 0.0608 374 585 633 831 11 0.0604 309 530 571 771 10 0.0599 371 591 640 829 5 0.0596 438 527 699 772 6 0.0590 377 530 639 767 8 0.0588 239 529 495 772 7 0.0588 311 527 575 772 2 0.0582 317 585 570 827 8 0.0580 429 665 689 912 2 0.0571 436 596 705 841 3 0.0570 376 529 639 770 7 0.0566 430 667 698 911 6 0.0564 436 592 706 840 5 0.0561 422 662 693 909 0 0.0556 423 666 695 913 6 0.0552 238 528 500 771 13 0.0551 317 581 576 827 13 0.0548 436 593 710 841 3 0.0544 437 591 704 845 1 0.0542 432 587 701 841 3 0.0539 240 531 503 776 3 0.0535 366 656 634 903 9 0.0529 307 530 570 770 13 0.0527 368 656 639 903 2 0.0521 363 660 633 903 4 0.0521 375 587 642 833 6 0.0520 366 656 636 900 12 0.0520 375 586 637 835 1 0.0511 360 650 630 905 1 0.0509 372 523 635 768 13 0.0501 239 531 507 773
J6wpcNMHgo7Es1chyS3l9TQNrbeXKRUp,5 0.0628 576 580 849 830 0 0.0587 583 586 851 833 7 0.0581 588 584 857 830 6 0.0578 591 590 853 829 11 0.0570 580 468 844 698 8 0.0565 582 465 831 699 2 0.0562 582 593 853 832 13 0.0558 589 589 860 832 8 0.0551 587 586 840 832 3 0.0543 591 585 845 840 11 0.0542 581 586 852 827 8 0.0538 572 331 805 567 5 0.0533 579 459 837 699 10 0.0533 586 593 855 834 11 0.0529 237 330 507 564 8 0.0521 288 586 541 837 5 0.0520 234 320 499 560 0 0.0518 580 471 838 699 11 0.0516 569 270 815 507 7 0.0514 511 504 789 755 13 0.0513 517 507 792 754 11 0.0503 247 226 508 452 0 0.0501 572 271 811 512 2 0.0500 578 472 837 695
ac0vAyKCcVhcmadzI5Qg9a71S0QHEFu7,6 0.0599 246 782 506 1013 0 0.0594 243 781 503 1016 0 0.0572 7 275 246 509 11 0.0562 242 784 501 1015 8 0.0561 245 780 495 1016 7 0.0557 248 779 505 1018 5 0.0550 239 777 498 1013 13 0.0544 249 781 510 1017 8 0.0538 135 665 503 849 10 0.0537 131 671 511 849 0 0.0533 749 22 1016 252 6 0.0525 639 331 886 579 11 0.0524 629 330 887 579 0 0.0523 137 666 518 852 5 0.0519 629 325 882 579 2 0.0518 243 785 502 1021 5 0.0516 10 263 237 500 13 0.0510 139 666 529 850 3 0.0508 14 273 243 510 0 0.0508 635 329 885 582 13 0.0505 16 266 252 505 6 0.0504 15 269 248 503 6 0.0503 763 88 1023 318 10 0.0503 749 24 1010 249 3 0.0501 247 782 499 1018
mm4VMgj3yHm7RPAOqdFCoLANlU9KCY7P,7 0.0611 319 585 576 835 0 0.0603 317 773 563 1014 0 0.0603 428 789 685 1021 5 0.0602 245 714 492 953 8 0.0598 385 591 627 827 7 0.0593 319 772 562 1012 8 0.0593 371 782 615 1022 11 0.0593 366 788 620 1017 11 0.0592 428 723 688 947 11 0.0585 310 651 563 886 8 0.0583 442 660 688 887 7 0.0582 250 716 497 959 11 0.0576 245 719 498 951 11 0.0575 450 596 698 823 0 0.0574 246 714 497 959 5 0.0573 310 582 568 833 11 0.0565 493 783 747 1014 7 0.0563 434 788 689 1020 13 0.0560 314 645 570 892 5 0.0559 364 713 616 942 5 0.0558 315 773 557 1008 0 0.0558 310 646 563 894 8 0.0557 313 647 559 890 0 0.0555 441 660 696 891 13 0.0551 372 786 625 1023 8 0.0546 248 713 493 959 3 0.0543 249 717 498 962 6 0.0540 252 717 501 956 10 0.0538 313 652 562 886 3 0.0537 454 592 693 832 10 0.0537 367 718 623 945 7 0.0533 457 592 699 826 3 0.0532 380 653 629 894 5 0.0530 426 787 681 1015 8 0.0528 499 779 741 1016 10 0.0528 319 778 560 1011 13 0.0526 251 715 504 960 5 0.0526 437 656 692 884 10 0.0525 249 722 497 956 6 0.0524 380 653 633 886 13 0.0523 501 783 752 1021 10 0.0520 431 790 685 1018 10 0.0515 385 595 635 827 13 0.0514 436 721 692 952 6 0.0513 432 721 685 949 13 0.0513 389 591 639 829 0 0.0511 383 593 636 830 6 0.0506 500 783 748 1019 12 0.0506 253 717 496 959 6 0.0505 370 787 621 1022 10 0.0504 441 663 695 887 3 0.0502 319 773 562 1016
KsnJwOziqcHwxcwxrTEX4jh1CdKtCwXc,0 0.0643 507 584 766 833 0 0.0627 567 514 819 757 11 0.0621 561 519 821 755 5 0.0607 435 515 705 769 6 0.0606 569 515 823 756 0 0.0602 623 589 875 840 8 0.0602 567 515 815 757 11 0.0601 427 464 700 702 8 0.0598 506 586 762 830 5 0.0594 616 449 870 690 6 0.0590 508 584 771 832 13 0.0585 508 585 775 830 8 0.0582 626 449 863 692 11 0.0581 498 589 769 827 8 0.0581 440 521 700 766 0 0.0580 440 521 703 770 5 0.0576 301 497 566 765 13 0.0574 569 518 827 756 11 0.0571 619 589 874 833 5 0.0568 354 583 624 841 6 0.0568 442 519 708 767 7 0.0560 570 517 826 758 3 0.0558 569 518 822 762 7 0.0552 509 586 773 831 10 0.0550 500 586 770 826 10 0.0548 436 520 709 765 11 0.0548 365 523 630 767 7 0.0546 443 521 711 769 3 0.0546 507 586 768 834 0 0.0545 363 589 627 842 6 0.0544 365 589 631 839 2 0.0540 404 605 757 784 12 0.0538 567 515 825 759 5 0.0537 620 583 870 833 6 0.0536 631 453 877 686 8 0.0534 425 6 676 254 3 0.0529 433 462 702 710 11 0.0527 683 532 937 771 6 0.0527 627 588 878 839 7 0.0526 439 406 698 646 8 0.0525 627 590 870 840 12 0.0525 504 584 771 832 13 0.0524 627 593 882 836 10 0.0523 564 519 821 754 7 0.0523 366 587 634 842 8 0.0523 361 591 621 839 13 0.0519 365 587 638 841 11 0.0519 299 585 558 837 8 0.0518 365 452 620 684 12 0.0517 440 519 709 769 9 0.0515 502 585 770 826 6 0.0514 369 448 633 685 11 0.0512 361 652 626 891
h3MHzJUGa2NdqmLgcnJRkQ9DB0u4cgJQ,8 0.0627 575 341 829 580 5 0.0621 572 334 831 577 11 0.0615 243 341 508 587 5 0.0589 172 329 435 581 3 0.0588 578 341 833 587 8 0.0582 180 331 425 583 5 0.0582 246 271 511 517 6 0.0580 581 339 838 581 11 0.0578 619 283 889 519 13 0.0578 580 342 842 581 0 0.0573 507 332 768 581 5 0.0570 502 259 760 506 0 0.0566 626 226 900 465 8 0.0565 318 340 560 586 7 0.0560 576 337 837 579 13 0.0559 245 394 501 653 11 0.0558 318 276 579 512 5 0.0557 235 391 495 649 6 0.0556 508 266 770 506 6 0.0556 185 282 442 515 11 0.0555 178 281 443 511 11 0.0554 500 265 766 506 13 0.0553 317 339 578 591 8 0.0552 504 460 764 694 11 0.0551 107 354 382 591 13 0.0551 255 277 516 523 3 0.0550 251 340 506 596 0 0.0547 315 340 569 587 8 0.0547 503 264 759 507 0 0.0545 179 277 438 513 7 0.0541 256 275 512 522 3 0.0540 175 399 421 658 7 0.0537 509 263 766 509 13 0.0536 509 267 770 507 3 0.0536 507 263 763 518 5 0.0533 378 261 638 511 11 0.0532 574 419 828 659 5 0.0530 309 335 570 584 11 0.0530 355 461 619 688 8 0.0530 174 585 416 818 8 0.0529 255 275 502 520 6 0.0529 249 340 510 592 0 0.0528 357 460 618 696 10 0.0526 248 342 506 590 7 0.0523 174 398 421 652 2 0.0522 579 343 837 581 10 0.0519 178 281 436 516 6 0.0519 258 199 515 442 11 0.0517 628 154 905 385 7 0.0517 318 337 576 589 10 0.0516 576 343 837 578 7 0.0513 387 267 646 515 11 0.0513 246 204 517 439 11 0.0513 169 584 424 819 6 0.0512 323 275 579 514 13 0.0511 124 291 388 522 13 0.0509 242 513 493 758 7 0.0507 446 449 709 699 8 0.0507 384 269 634 511 8 0.0507 244 392 489 649 6 0.0506 118 349 382 595 5 0.0503 166 578 423 815 0 0.0501 579 415 827 664 3 0.0500 321 276 576 521
zJB2WUkwduTXD8MSqxf5TpANOucs5uqL,5 0.0542 373 443 634 697 5 0.0539 235 402 512 640 5 0.0534 179 338 440 572 11 0.0530 506 460 781 695 5 0.0528 337 599 706 790 6 0.0514 454 454 711 703 11 0.0513 180 272 439 502 11 0.0511 263 336 517 575 0 0.0511 297 790 564 1023 11 0.0510 388 516 650 761 6 0.0506 693 0 952 198 7 0.0505 455 455 708 704 11 0.0505 292 794 562 1023 0 0.0505 183 206 429 447
52aQfFNwITwq9InwIDIcDd4leGlfydnc,11 0.0652 318 528 567 761 0 0.0626 457 465 706 704 0 0.0619 321 530 570 763 11 0.0617 180 581 442 817 11 0.0616 251 459 511 704 0 0.0609 254 458 514 704 8 0.0608 323 465 571 701 7 0.0601 256 459 514 705 11 0.0598 456 466 704 699 8 0.0598 258 530 497 765 3 0.0596 255 460 513 707 3 0.0592 324 528 568 768 5 0.0585 250 457 509 702 0 0.0585 250 584 507 826 7 0.0582 322 528 571 763 7 0.0580 186 578 445 818 7 0.0579 210 414 574 604 8 0.0578 251 395 504 642 11 0.0577 202 417 568 602 8 0.0569 187 579 434 816 6 0.0569 190 460 448 705 10 0.0568 182 462 443 702 8 0.0562 385 598 620 837 6 0.0560 321 529 569 761 10 0.0558 182 582 436 812 8 0.0553 185 458 438 702 10 0.0548 319 529 564 760 10 0.0546 248 398 508 641 5 0.0546 178 577 438 813 6 0.0544 254 394 515 641 0 0.0540 566 271 831 513 5 0.0539 203 412 562 602 13 0.0537 259 456 519 704 13 0.0532 313 609 577 842 2 0.0530 251 400 513 643 0 0.0523 299 189 470 572 12 0.0520 254 459 513 705 5 0.0519 306 605 566 839 6 0.0514 187 583 445 818 2 0.0514 324 471 579 703 3 0.0514 186 578 439 822 0 0.0513 387 597 634 839 13 0.0511 461 466 711 706 0 0.0507 131 465 376 702 4 0.0506 255 463 516 705 2 0.0505 186 464 445 706 5 0.0501 457 463 700 702
75FolLcDUEhflRgKYg04goSeZZ0hL6L3,8 0.0607 766 780 1017 1011 0 0.0597 754 653 1017 882 8 0.0593 758 648 1012 881 7 0.0584 761 649 1020 883 11 0.0582 753 654 1018 878 5 0.0577 752 646 1015 882 6 0.0566 775 584 1023 830 13 0.0560 768 780 1023 1017 13 0.0560 761 652 1023 884 6 0.0553 766 778 1023 1012 3 0.0550 765 779 1022 1016 5 0.0546 756 777 1022 1009 3 0.0525 760 648 1017 885 10 0.0525 769 588 1023 828 2 0.0522 766 784 1023 1011 0 0.0519 188 477 451 709 11 0.0516 762 784 1023 1009 6 0.0515 244 665 521 895 0 0.0515 238 661 523 903 0 0.0514 758 782 1022 1019 11 0.0514 564 536 819 766 5 0.0512 185 470 440 697 6 0.0511 192 472 452 699 5 0.0508 297 649 565 897 11 0.0507 236 667 517 892
cIaYoc7yTBT3pxiodeEr83AY2thImt2M,5 0.0570 358 578 626 828 0 0.0569 558 398 812 646 8 0.0568 367 583 622 825 0 0.0563 493 326 761 578 5 0.0553 490 323 756 574 10 0.0546 361 587 635 827 7 0.0540 55 588 302 844 11 0.0534 490 330 760 577 3 0.0526 371 582 633 832 8 0.0526 493 328 754 574 11 0.0525 363 586 633 825 13 0.0524 369 578 639 828 11 0.0522 413 475 688 710 7 0.0521 373 281 645 515 3 0.0520 494 329 758 581 13 0.0516 311 420 574 648 6 0.0513 369 581 635 826 5 0.0511 552 395 806 637 3 0.0506 370 475 631 714 7 0.0504 399 418 762 596 8 0.0503 377 285 631 512
5wTIUK7y6dsgzQXjmyvrWd9crnqTi6y9,5 0.0572 551 458 813 702 0 0.0566 553 462 820 704 8 0.0562 556 463 808 700 5 0.0555 246 794 501 1019 7 0.0548 463 260 707 505 11 0.0545 311 802 558 1022 8 0.0538 253 802 498 1022 11 0.0533 457 263 706 502 8 0.0511 455 256 699 505 0 0.0508 455 261 705 506 6 0.0503 559 461 819 698 7 0.0501 557 463 820 701
ebIj5nkDtF7etIz5t23R4SYxxdNUoHHg,5 0.0634 127 530 378 768 0 0.0602 307 338 562 569 5 0.0584 299 334 559 563 0 0.0584 256 394 498 641 8 0.0565 130 527 371 769 13 0.0556 124 596 381 820 6 0.0553 318 273 577 508 0 0.0548 130 529 378 769 11 0.0547 119 598 372 814 7 0.0538 138 536 380 768 11 0.0537 303 389 563 616 5 0.0535 250 389 498 638 13 0.0531 310 339 567 572 7 0.0529 255 392 502 641 10 0.0528 131 536 378 764 3 0.0528 138 533 375 773 3 0.0527 258 395 498 646 8 0.0527 308 335 554 569 3 0.0526 308 339 560 573 13 0.0524 258 398 506 645 11 0.0522 313 272 573 505 0 0.0517 315 204 572 447 13 0.0516 251 270 505 513 13 0.0515 322 205 579 450 8 0.0513 253 393 493 639 5 0.0511 310 196 567 441 0 0.0510 243 271 495 509 7 0.0508 245 265 501 508 11 0.0505 64 532 316 755 11 0.0504 231 80 478 289 6 0.0501 313 388 568 620 5 0.0501 237 263 492 502
KjQMt4HTtaN1G61TZGGfTT1qyJnuzGuR,11 0.0571 0 429 259 650 11 0.0564 370 458 631 693 11 0.0560 109 399 364 623 0 0.0556 112 397 356 631 0 0.0553 0 364 267 586 6 0.0529 118 398 366 627 5 0.0529 0 425 249 651 13 0.0515 119 397 368 631 13 0.0511 7 425 263 658 7 0.0511 116 393 363 629
FC5MrfRVEBE4hNaoo2IkDIvVfULjww4F,11 0.0599 242 403 506 631 8 0.0594 249 336 498 567 13 0.0592 188 266 453 504 0 0.0570 248 338 506 569 7 0.0570 183 327 440 566 11 0.0565 177 331 444 563 0 0.0561 175 445 437 693 5 0.0544 174 326 442 565 8 0.0543 177 389 425 639 3 0.0536 248 401 505 641 7 0.0536 252 269 515 493 0 0.0535 185 263 446 503 11 0.0534 109 387 371 631 13 0.0534 250 341 512 571 11 0.0534 247 274 515 493 8 0.0529 247 454 494 696 11 0.0529 376 408 645 620 7 0.0522 251 398 506 635 8 0.0522 185 265 437 501 6 0.0519 184 330 448 566 5 0.0514 239 399 503 634 0 0.0510 112 386 371 632 10 0.0510 180 336 441 565 11 0.0508 301 526 562 737 7 0.0507 118 383 372 631 5 0.0505 107 377 369 630 0 0.0503 380 406 649 628 13 0.0502 179 389 439 640 3 0.0501 183 330 442 571
2NqAgypcrrAnlP0TZg42JnPKRkPDgWcx,0 0.0631 512 335 760 589 0 0.0612 388 338 637 590 11 0.0605 380 407 638 651 11 0.0592 318 345 575 579 5 0.0586 231 449 508 695 3 0.0583 320 342 574 586 7 0.0575 330 284 583 514 0 0.0574 389 213 630 454 11 0.0570 516 336 764 578 8 0.0570 330 283 569 514 6 0.0561 282 413 642 596 13 0.0560 315 400 580 650 8 0.0555 382 400 626 651 3 0.0554 447 281 684 518 11 0.0552 635 268 902 495 0 0.0551 178 456 448 702 7 0.0546 318 399 572 650 11 0.0543 444 282 682 508 5 0.0541 434 280 681 509 6 0.0541 451 333 705 581 0 0.0540 312 399 573 648 7 0.0539 447 392 705 647 8 0.0538 511 389 760 640 6 0.0531 514 394 772 638 6 0.0531 245 456 517 700 0 0.0529 504 205 756 440 2 0.0526 513 343 766 582 6 0.0525 330 285 585 516 0 0.0525 508 458 776 703 6 0.0524 521 272 754 498 3 0.0522 514 205 756 445 11 0.0521 573 404 826 638 13 0.0520 446 396 708 647 11 0.0520 172 457 444 698 3 0.0519 383 400 639 660 11 0.0519 443 153 688 372 7 0.0519 517 268 746 501 8 0.0518 442 205 685 440 11 0.0518 509 211 759 433 2 0.0517 441 293 683 511 10 0.0516 319 348 570 579 3 0.0516 520 333 764 592 8 0.0516 181 453 432 702 5 0.0514 317 282 578 513 8 0.0514 306 458 565 704 13 0.0513 331 285 590 520 2 0.0512 322 347 568 580 5 0.0511 568 205 846 444 0 0.0509 53 477 310 703 10 0.0505 439 288 682 510 6 0.0505 579 210 851 444 3 0.0504 449 153 688 382 11 0.0504 632 530 885 766 7 0.0504 390 218 628 448 0 0.0503 642 477 906 703 5 0.0503 439 389 700 644 5 0.0501 568 339 823 582 8 0.0500 634 531 877 764
gitTDNvtYj92xpQanC5JtTCfuEYYwFo9,11 0.0607 435 485 661 716 8 0.0581 437 485 656 714 0 0.0562 307 273 560 504 13 0.0558 384 208 645 442 0 0.0546 379 204 637 439 8 0.0545 587 16 822 235 0 0.0542 437 482 661 720 11 0.0542 377 209 638 434 6 0.0537 316 271 563 502 11 0.0526 305 272 557 498 3 0.0525 442 486 661 720 13 0.0522 313 272 567 505 8 0.0522 312 271 553 501 3 0.0521 592 17 834 244 5 0.0519 388 786 638 1021 3 0.0518 385 205 635 442 5 0.0514 374 204 630 433 8 0.0509 383 206 627 434 8 0.0506 527 72 767 300 5 0.0505 302 269 555 499 6 0.0505 387 469 615 707 5 0.0505 436 477 662 714 5 0.0503 576 14 829 238
g9O11lqmRxK0JQRiDEeFyUxxirxo9PN0,11 0.0704 197 606 568 786 11 0.0674 242 663 500 899 11 0.0629 571 609 826 839 8 0.0627 564 667 822 905 8 0.0622 245 662 493 900 8 0.0621 501 596 753 833 0 0.0616 570 611 822 845 7 0.0614 202 604 570 788 8 0.0614 446 710 690 960 5 0.0611 498 594 755 833 7 0.0605 447 708 698 963 0 0.0602 244 662 501 902 0 0.0600 199 604 566 788 11 0.0600 447 710 696 960 5 0.0597 197 601 558 786 10 0.0594 195 607 564 787 8 0.0589 315 593 571 840 3 0.0588 506 595 759 839 6 0.0587 450 712 698 963 7 0.0577 508 595 763 835 11 0.0576 566 723 824 951 11 0.0573 319 714 572 954 5 0.0571 446 707 691 958 7 0.0570 317 659 571 904 13 0.0568 317 592 582 845 6 0.0567 505 597 760 834 5 0.0566 244 657 493 900 3 0.0565 204 606 567 792 5 0.0561 561 667 824 901 6 0.0561 566 672 832 903 3 0.0560 572 667 830 907 13 0.0558 250 663 507 901 0 0.0556 445 712 692 965 8 0.0555 322 713 566 958 10 0.0550 447 709 696 958 6 0.0545 316 594 577 845 2 0.0544 200 609 569 790 7 0.0543 570 666 837 903 3 0.0539 450 710 698 968 6 0.0539 247 662 504 899 13 0.0536 508 598 769 837 0 0.0534 566 722 826 960 2 0.0534 505 600 761 835 3 0.0528 249 666 501 905 10 0.0527 314 662 570 903 5 0.0516 318 707 567 956 10 0.0508 501 598 758 833 13 0.0503 450 713 702 965 2 0.0501 313 665 569 906 1 0.0500 312 588 575 844
PGQLdYxgR6VKBSRpMMOikmdYS3j1NkZx,8 0.0544 178 0 438 191 0 0.0538 154 0 516 147 5 0.0521 144 0 513 143 11 0.0512 164 2 448 189 5 0.0512 496 322 750 563 8 0.0507 434 274 680 502 7 0.0505 440 275 693 503 7 0.0503 504 329 757 566
U0PlLj0yMVCVADsHWFS47b9WXAr6Kc22,0 0.0591 502 387 751 638 5 0.0584 558 388 815 644 0 0.0577 440 530 706 778 0 0.0575 564 336 823 577 13 0.0572 379 461 635 711 11 0.0571 564 398 819 641 11 0.0570 523 358 883 536 13 0.0554 337 413 709 597 0 0.0550 368 596 641 836 7 0.0547 503 389 758 641 6 0.0545 504 390 758 639 2 0.0542 500 394 753 637 0 0.0540 129 345 384 587 8 0.0532 564 394 809 641 0 0.0527 186 268 444 505 11 0.0525 193 138 445 369 0 0.0524 438 664 705 890 11 0.0519 123 348 393 582 5 0.0518 489 531 757 768 8 0.0517 438 531 696 777 7 0.0514 498 533 761 769 13 0.0514 440 528 710 775 13 0.0512 536 421 898 604 11 0.0511 437 4 702 198 7 0.0510 371 590 644 837 3 0.0508 444 529 705 780 3 0.0507 566 398 821 650 11 0.0504 433 534 704 771 6 0.0504 441 528 707 775 8 0.0503 389 480 741 664 3 0.0501 398 478 759 667 6 0.0501 368 593 643 835
qtTNEy8DtmxyFESyzWqL3Fa8DMLwrUCP,0 0.0622 181 279 448 515 8 0.0617 246 267 501 500 11 0.0591 241 265 508 498 5 0.0587 237 261 501 497 8 0.0568 118 277 369 509 6 0.0565 246 265 510 501 0 0.0563 242 200 503 436 7 0.0557 189 274 452 512 11 0.0547 243 147 504 375 8 0.0546 184 209 438 440 11 0.0541 177 210 444 435 13 0.0540 247 266 515 504 13 0.0535 128 206 386 439 3 0.0535 245 266 508 505 0 0.0532 177 0 440 207 2 0.0521 246 271 506 501 5 0.0521 175 203 439 433 10 0.0520 180 284 443 511 11 0.0519 114 281 378 505 7 0.0519 246 199 508 432 6 0.0515 248 145 504 379 13 0.0512 197 143 462 383 0 0.0510 118 206 380 439 11 0.0505 177 1 436 202 11 0.0503 118 149 383 374 8 0.0501 247 148 494 379 8 0.0501 122 147 374 376
YEdch91Ej9nMJwShceIOilOcnAIONj4L,11 0.0603 405 675 760 852 11 0.0584 309 600 567 831 11 0.0578 367 455 630 691 0 0.0565 67 1 333 222 8 0.0560 306 516 555 757 11 0.0559 299 389 557 627 3 0.0558 368 524 631 772 0 0.0558 301 443 562 688 8 0.0558 404 678 753 854 8 0.0553 310 387 550 628 10 0.0551 303 522 565 760 10 0.0546 402 678 764 855 8 0.0543 374 455 622 689 0 0.0538 402 677 760 854 8 0.0535 247 449 486 696 0 0.0535 366 525 630 766 0 0.0534 314 597 570 831 8 0.0533 67 0 327 217 3 0.0530 307 388 557 636 5 0.0528 307 590 565 828 0 0.0525 246 517 503 765 5 0.0524 468 674 820 858 6 0.0523 409 677 762 855 6 0.0521 368 525 630 767 3 0.0519 410 677 767 858 5 0.0516 413 614 755 790 6 0.0514 247 517 504 768 10 0.0514 240 458 492 695 7 0.0513 408 675 768 855 11 0.0512 237 451 493 696 5 0.0510 300 386 552 626 6 0.0509 306 388 565 630 13 0.0508 403 674 770 854 5 0.0508 358 520 628 763 10 0.0507 370 460 633 691 7 0.0507 368 523 635 766 7 0.0503 320 594 577 832 10 0.0501 304 394 556 628 7 0.0501 248 447 497 693
faSQHofQPTBMqohnbIhjmnSCYj0EmwRz,11 0.0640 119 24 373 259 8 0.0613 249 75 503 323 11 0.0611 246 528 506 766 11 0.0597 171 84 437 326 3 0.0595 138 1 374 213 11 0.0593 304 599 575 830 5 0.0577 129 0 370 207 5 0.0575 184 576 450 824 8 0.0574 132 0 371 211 7 0.0573 189 387 426 616 11 0.0567 187 454 431 682 13 0.0567 312 596 579 833 3 0.0561 189 510 440 764 3 0.0559 126 451 372 701 13 0.0558 246 81 519 323 13 0.0558 132 402 381 632 5 0.0557 179 386 422 616 5 0.0557 301 592 572 829 7 0.0556 130 446 378 693 11 0.0555 235 669 507 905 8 0.0551 311 596 567 830 7 0.0551 190 582 454 827 5 0.0549 120 488 376 753 0 0.0545 119 397 371 633 0 0.0543 245 594 511 838 5 0.0540 237 661 503 903 0 0.0539 126 0 376 213 8 0.0539 192 387 419 618 8 0.0537 244 665 499 906 6 0.0537 128 451 381 693 0 0.0536 177 83 441 329 6 0.0535 250 594 515 837 13 0.0534 192 511 444 758 5 0.0533 174 78 434 325 11 0.0529 310 476 562 694 8 0.0528 128 444 367 694 13 0.0527 125 27 375 261 6 0.0527 132 0 383 207 6 0.0526 188 511 447 759 13 0.0524 248 663 511 911 10 0.0522 184 522 443 758 2 0.0521 132 2 382 206 0 0.0521 126 500 375 757 10 0.0520 306 599 577 830 5 0.0519 563 12 830 256 0 0.0518 306 534 572 766 7 0.0516 244 667 513 907 3 0.0516 246 666 506 913 3 0.0515 312 537 575 771 7 0.0514 133 1 380 208 3 0.0512 186 84 437 332 7 0.0512 249 75 513 324 3 0.0509 189 393 423 622 8 0.0509 191 582 441 827 13 0.0507 315 475 573 700 3 0.0507 255 462 500 694 7 0.0506 312 596 580 833
XnPoC9MNkeEcLQNKmRO3ofnN6CZqhX0u,11 0.0551 515 589 763 822 11 0.0544 318 282 588 505 6 0.0543 325 280 585 505 5 0.0537 693 0 947 200 11 0.0525 694 2 954 199 13 0.0524 526 590 772 823 0 0.0522 701 3 953 205 5 0.0516 315 277 586 502 7 0.0514 522 588 768 824 8 0.0505 521 584 757 823 7 0.0503 322 280 591 507
mjHixbutqEMGliNndZhDN97aoZ3uOAOH,11 0.0597 298 339 561 566 11 0.0576 553 456 818 702 13 0.0561 182 327 435 570 11 0.0555 248 269 498 504 11 0.0551 431 1 699 197 8 0.0546 182 321 422 571 7 0.0544 255 266 498 508 5 0.0544 172 321 431 562 11 0.0538 552 606 832 844 5 0.0538 250 266 493 505 7 0.0536 183 324 430 567 0 0.0531 554 462 818 704 8 0.0530 321 26 564 267 13 0.0527 245 394 509 641 0 0.0526 177 320 429 569 8 0.0526 304 336 553 571 11 0.0521 175 327 432 562 0 0.0518 302 332 558 573 8 0.0512 254 267 487 509 13 0.0512 255 270 503 512 3 0.0511 307 339 560 576 8 0.0511 562 460 809 704 7 0.0509 304 335 561 572 5 0.0508 551 602 833 847 8 0.0506 556 611 827 847 6 0.0504 187 323 437 567 6 0.0503 442 0 707 198 5 0.0502 314 15 566 264
g6ALzfpALH4qj2XrsIgjcgOuKtejSuR4,0 0.0589 404 543 759 728 8 0.0565 394 394 630 634 0 0.0554 381 465 637 696 8 0.0546 317 459 566 695 11 0.0543 389 344 640 583 5 0.0538 452 341 698 583 0 0.0536 395 340 639 588 8 0.0534 406 542 745 725 11 0.0534 393 544 755 724 3 0.0530 391 342 641 592 5 0.0524 491 749 743 976 13 0.0523 391 342 643 590 7 0.0521 500 754 755 981 11 0.0518 321 481 693 660 7 0.0517 402 541 763 724 5 0.0515 310 457 570 690 0 0.0513 494 753 746 984 6 0.0511 393 343 642 585 7 0.0507 253 516 515 752 10 0.0504 396 548 755 724 11 0.0501 492 757 745 976 7 0.0500 394 393 643 635
Y4eXFHlBUWskKBjcriPlaTPPQyQegQZw,10 0.0592 125 789 360 1015 6 0.0566 131 787 363 1018 5 0.0565 119 781 358 1014 7 0.0560 132 784 363 1019 8 0.0557 126 780 357 1020 0 0.0556 125 780 361 1020 13 0.0545 128 785 371 1022 11 0.0531 770 17 1023 257 11 0.0518 124 788 365 1012 8 0.0513 778 17 1016 254 11 0.0510 303 525 569 765 0 0.0506 776 21 1022 260
2Ql1CNzZpvUK8ZK21gHFapP7bCpQkYzo,13 0.0576 448 400 696 634 6 0.0574 513 458 768 697 8 0.0565 439 331 675 570 7 0.0564 514 458 769 700 5 0.0562 563 398 815 635 0 0.0560 572 463 817 700 0 0.0555 372 275 631 511 8 0.0552 373 275 620 508 13 0.0548 575 522 826 772 5 0.0545 302 335 558 564 6 0.0544 576 520 823 766 0 0.0544 308 340 562 571 11 0.0544 569 524 820 767 3 0.0543 441 333 682 579 11 0.0540 368 277 632 508 13 0.0539 381 469 648 707 8 0.0538 308 338 552 569 6 0.0537 368 349 634 575 8 0.0535 568 396 814 633 0 0.0535 444 397 690 635 10 0.0535 370 278 630 509 13 0.0534 570 404 828 638 8 0.0532 369 735 636 975 5 0.0532 628 470 878 705 11 0.0532 368 413 636 641 11 0.0531 381 163 626 395 6 0.0530 447 397 693 633 5 0.0529 297 726 572 978 8 0.0529 374 410 629 644 5 0.0528 365 270 624 506 11 0.0527 303 343 564 570 6 0.0524 384 530 648 769 11 0.0524 508 461 764 698 8 0.0522 573 523 813 770 11 0.0521 435 337 682 571 8 0.0520 383 529 634 770 13 0.0520 323 409 577 643 11 0.0520 567 402 823 634 7 0.0519 440 335 686 572 6 0.0518 571 399 828 632 3 0.0518 573 398 822 640 7 0.0517 384 528 649 773 0 0.0517 388 156 625 401 0 0.0514 198 533 437 767 5 0.0513 432 333 678 568 10 0.0508 436 337 683 573 7 0.0507 201 529 443 762 11 0.0505 379 533 644 770 10 0.0503 307 343 563 571 10 0.0501 374 411 638 643
V8HLKIAs7Ng7YJAyyaEngsofFDKC8aja,0 0.0634 8 868 373 1023 5 0.0612 374 581 627 805 8 0.0602 12 865 367 1022 11 0.0600 11 870 379 1021 5 0.0586 7 866 365 1021 7 0.0577 379 582 630 809 10 0.0574 8 869 371 1023 13 0.0574 8 872 382 1023 7 0.0573 247 612 491 825 6 0.0571 15 872 379 1023 7 0.0566 14 869 375 1023 11 0.0563 377 524 629 753 3 0.0550 15 868 371 1023 0 0.0545 380 524 633 755 5 0.0543 767 781 1010 1021 11 0.0539 700 805 946 1018 8 0.0534 771 10 1010 254 5 0.0532 766 6 1015 252 8 0.0528 372 588 617 806 11 0.0524 250 462 504 692 10 0.0521 374 588 626 809 2 0.0521 9 872 375 1023 6 0.0520 379 592 631 810 9 0.0518 9 871 368 1023 0 0.0517 700 807 949 1023 0 0.0514 254 460 503 695 7 0.0513 776 789 1018 1023 0 0.0510 770 11 1015 259 11 0.0509 765 13 1019 254 11 0.0505 244 615 488 830 13 0.0504 773 10 1020 256 3 0.0503 387 528 629 759
03VzPTx89ZfZ6CJO8W3lcIH96lycrvh0,5 0.0651 242 585 498 834 7 0.0636 315 537 583 778 8 0.0631 309 536 568 774 0 0.0622 212 668 562 854 0 0.0611 250 518 511 771 8 0.0611 144 673 477 855 7 0.0602 151 601 507 790 5 0.0584 307 532 577 773 0 0.0574 320 456 596 702 3 0.0574 146 607 500 793 8 0.0571 187 522 436 776 11 0.0566 204 673 558 850 6 0.0563 246 591 501 833 5 0.0562 240 453 515 704 11 0.0562 248 525 505 768 2 0.0561 244 593 499 836 3 0.0553 307 593 558 836 8 0.0552 247 459 505 708 6 0.0548 315 541 582 772 8 0.0546 322 401 581 640 11 0.0545 319 406 589 640 10 0.0545 207 674 559 852 5 0.0544 118 586 383 829 2 0.0540 316 544 576 777 0 0.0540 384 549 651 787 13 0.0538 212 669 565 854 0 0.0537 246 344 512 587 3 0.0530 387 554 648 792 6 0.0524 251 460 520 702 5 0.0524 315 397 589 638 11 0.0522 388 468 655 701 10 0.0519 120 595 388 830 5 0.0515 384 457 652 700 13 0.0513 124 590 394 833 8 0.0505 254 345 504 585 7 0.0502 247 397 516 652 2 0.0501 322 409 591 640
zwXOiAmxceDTVYJRqteDFwsB1RW2SBz9,0 0.0586 257 219 510 458 8 0.0573 262 467 499 697 5 0.0525 244 216 504 448 5 0.0522 164 726 433 954 5 0.0521 250 458 509 700 0 0.0517 251 398 510 641 11 0.0510 253 226 515 451 8 0.0505 170 730 428 956 7 0.0504 172 732 443 959 11 0.0503 182 135 450 357
kHYxWUnBWCQxtsQqMqXQLHbSvQBOmJHB,8 0.0658 249 788 492 1023 7 0.0647 250 788 497 1023 11 0.0637 247 790 495 1020 5 0.0632 245 788 490 1021 0 0.0607 248 790 494 1023 13 0.0590 316 789 565 1023 6 0.0577 250 795 496 1023 11 0.0573 246 278 509 512 2 0.0566 249 793 495 1023 10 0.0544 247 794 496 1020 11 0.0541 228 405 487 640 11 0.0539 503 595 747 823 8 0.0531 502 597 741 828 0 0.0528 250 274 506 516 8 0.0528 251 338 490 581 3 0.0527 251 789 496 1023 0 0.0527 319 333 571 577 11 0.0523 313 337 571 571 3 0.0521 255 271 506 522 9 0.0520 246 792 496 1022 13 0.0516 508 599 757 830 6 0.0511 256 275 511 514 7 0.0511 508 593 752 826 0 0.0510 503 597 750 830 7 0.0505 250 334 498 582 5 0.0505 245 271 503 511
1VF9dbANweZeLftStE3tIYFAf0lFIK8y,11 0.0520 692 404 948 619 5 0.0516 371 582 622 829 7 0.0514 380 588 629 832 11 0.0506 349 604 717 785
kguZZP3H5NIGVoAWaAOyymE4WxrW0zWY,8 0.0630 175 524 433 768 5 0.0615 169 524 442 765 5 0.0585 695 471 945 708 5 0.0580 243 455 514 700 7 0.0577 182 582 444 832 8 0.0565 302 516 560 753 11 0.0564 240 590 504 830 6 0.0563 304 515 571 755 11 0.0562 169 531 446 764 11 0.0561 763 403 1023 637 11 0.0555 629 465 895 702 0 0.0554 695 471 947 715 8 0.0551 571 334 818 562 8 0.0551 244 589 495 832 8 0.0550 633 460 885 701 11 0.0548 377 575 635 820 0 0.0547 381 573 635 822 7 0.0547 453 523 712 762 5 0.0545 245 582 501 833 5 0.0543 379 567 631 816 6 0.0542 250 589 504 834 0 0.0539 301 514 569 754 8 0.0539 127 593 375 833 7 0.0538 124 524 386 755 11 0.0538 298 519 567 750 8 0.0537 383 571 629 819 11 0.0532 757 524 1020 769 5 0.0530 560 473 816 708 0 0.0528 244 588 503 835 13 0.0528 180 458 451 705 6 0.0526 385 573 636 821 7 0.0526 384 573 638 821 6 0.0524 178 528 445 767 7 0.0524 633 463 896 706 3 0.0522 702 475 942 721 5 0.0521 190 649 441 899 3 0.0521 250 535 507 774 10 0.0520 247 537 505 768 8 0.0520 182 394 436 636 8 0.0518 772 458 1014 711 11 0.0518 637 347 902 554 13 0.0516 249 530 514 770 13 0.0515 183 585 450 837 3 0.0515 568 474 816 717 0 0.0513 637 346 899 560 5 0.0512 636 341 896 559 8 0.0511 505 462 751 700 8 0.0511 702 393 944 627 7 0.0510 770 462 1023 710 13 0.0510 771 522 1023 772 3 0.0510 770 407 1021 644 3 0.0509 178 461 447 710 8 0.0508 586 206 823 429 13 0.0507 572 476 825 708 0 0.0507 127 468 382 706 8 0.0506 379 456 638 691 7 0.0506 132 655 392 906 13 0.0505 387 575 645 821 7 0.0504 384 456 652 694 0 0.0504 122 1 375 208 8 0.0503 194 655 436 900 5 0.0503 170 389 446 629 7 0.0502 565 410 824 638 13 0.0501 312 456 594 694
ULtNqIeLU1ehRAfXQvMzzaUdCD8Z6MOO,8 0.0628 447 782 684 1021 5 0.0622 443 784 685 1017 11 0.0604 446 787 690 1021 7 0.0588 449 788 694 1022 13 0.0584 452 792 696 1023 0 0.0549 447 785 690 1023 5 0.0548 496 674 748 901 2 0.0545 448 790 692 1023 8 0.0543 502 675 743 903 7 0.0537 570 721 829 951 11 0.0532 500 677 755 903 6 0.0530 450 793 692 1023 9 0.0530 445 789 688 1017 6 0.0518 507 677 755 906 10 0.0516 445 790 689 1023 3 0.0502 450 788 690 1023
PpaIIgEtUffF2O49Uwo4DM5G8lbiNtS0,0 0.0508 498 728 750 968 11 0.0507 183 430 447 651
9LC0mgDJnkBobJPbDUotaRxHdgdm3vrU,11 0.0631 306 413 557 642 8 0.0630 372 290 619 516 8 0.0612 314 344 560 580 8 0.0612 431 352 674 584 11 0.0612 185 403 437 636 11 0.0611 254 344 498 577 0 0.0606 309 407 552 646 11 0.0603 371 345 624 573 3 0.0603 310 412 554 650 8 0.0603 192 399 428 636 3 0.0601 437 351 681 588 7 0.0599 309 409 556 647 7 0.0592 189 398 438 635 11 0.0589 434 279 687 516 6 0.0583 193 283 451 526 8 0.0581 429 217 681 448 13 0.0577 251 400 498 640 5 0.0569 244 395 493 636 7 0.0568 439 278 690 519 0 0.0565 191 398 436 637 7 0.0565 193 280 452 524 7 0.0564 374 342 627 576 3 0.0561 189 402 433 641 5 0.0558 304 339 564 580 3 0.0553 373 291 626 521 0 0.0552 376 340 626 577 6 0.0550 434 349 684 582 11 0.0547 370 220 629 442 6 0.0546 191 399 442 633 5 0.0543 426 210 680 446 10 0.0543 187 406 435 633 0 0.0542 372 216 630 447 5 0.0539 427 343 678 584 6 0.0537 308 411 558 644 5 0.0535 239 271 501 509 13 0.0532 439 281 696 520 3 0.0532 259 343 497 584 0 0.0531 193 282 445 526 6 0.0528 374 292 629 515 10 0.0528 310 350 568 576 13 0.0526 252 277 510 514 8 0.0526 250 277 497 510 10 0.0522 427 218 691 447 7 0.0520 374 217 634 444 3 0.0513 435 218 689 455 10 0.0511 432 351 682 582 13 0.0510 373 220 642 445 2 0.0508 190 404 432 637 10 0.0508 245 283 505 509 11 0.0508 267 787 493 1016 13 0.0506 270 794 502 1023 8 0.0505 314 221 560 446 11 0.0504 243 225 494 451 10 0.0504 308 228 572 444 10 0.0504 372 294 629 513 6 0.0500 434 221 689 446
lMKPGUPAfNhNVeQTEnUxo0rlqc7otijV,0 0.0637 253 197 507 442 8 0.0634 243 276 495 508 0 0.0611 169 331 426 576 8 0.0610 170 332 418 572 11 0.0608 378 291 626 515 11 0.0606 242 279 504 509 7 0.0587 382 288 630 519 5 0.0587 177 394 440 639 3 0.0579 386 339 620 583 13 0.0578 248 275 509 510 11 0.0572 191 200 439 441 13 0.0569 190 401 447 643 8 0.0569 377 287 619 520 6 0.0566 246 276 507 508 11 0.0558 169 336 426 572 6 0.0553 384 288 628 520 7 0.0544 461 332 699 573 6 0.0542 175 331 429 572 3 0.0539 245 276 505 515 5 0.0529 233 271 500 507 0 0.0528 377 290 622 522 7 0.0524 245 273 506 508 10 0.0518 379 290 629 519 3 0.0516 190 396 438 651 10 0.0515 245 283 506 509 11 0.0515 613 676 879 894 13 0.0514 382 288 632 515 6 0.0513 194 199 443 440 7 0.0512 198 195 443 442 0 0.0509 456 337 692 578 7 0.0507 172 332 430 573 3 0.0507 455 277 683 519 2 0.0506 247 280 500 507
efHaOMUHaDheXmgx7v5YvvQJLb4pN68y,7 0.0626 324 662 571 897 11 0.0616 316 662 569 896 11 0.0614 496 737 751 954 0 0.0571 319 660 569 898 0 0.0569 497 736 749 959 8 0.0568 320 657 560 895 7 0.0567 502 734 754 957 5 0.0565 493 730 744 952 6 0.0564 440 735 702 959 10 0.0552 501 738 750 957 13 0.0537 441 739 703 963 10 0.0533 320 664 567 895 5 0.0531 317 656 563 894 8 0.0531 495 735 742 955 6 0.0526 321 662 572 895 3 0.0522 321 659 570 901 3 0.0521 443 734 700 967 13 0.0520 324 662 573 897
hLX89DiJ957Eey6jw0Irsis8KH6VrJzJ,5 0.0651 375 460 632 710 5 0.0644 427 347 687 578 11 0.0633 431 355 693 579 8 0.0629 381 467 633 710 5 0.0625 305 343 570 578 0 0.0624 377 405 628 649 11 0.0614 378 470 636 710 6 0.0602 377 406 631 648 7 0.0600 381 470 640 711 7 0.0599 325 598 590 833 11 0.0599 316 597 587 827 5 0.0595 245 584 514 833 0 0.0591 323 596 584 834 6 0.0591 260 342 520 585 0 0.0581 313 349 575 582 3 0.0572 375 341 632 579 8 0.0572 433 347 684 580 13 0.0566 383 470 643 706 11 0.0565 371 279 648 503 8 0.0555 248 594 512 836 13 0.0554 377 342 641 573 11 0.0554 309 351 576 581 10 0.0548 321 602 588 831 10 0.0547 371 411 631 649 5 0.0546 368 272 637 501 2 0.0542 382 477 639 712 7 0.0541 377 347 635 576 0 0.0540 372 278 641 504 6 0.0538 250 589 522 829 7 0.0536 259 667 528 900 6 0.0535 435 355 695 581 8 0.0535 310 347 569 581 13 0.0530 253 592 523 839 3 0.0528 381 466 635 716 11 0.0527 585 342 832 577 5 0.0527 579 332 828 574 0 0.0523 256 663 524 898 2 0.0521 374 350 634 575 11 0.0521 250 668 528 895 5 0.0521 0 61 251 310 11 0.0516 446 221 714 443 2 0.0515 251 593 521 844 8 0.0511 376 275 634 504 8 0.0508 763 0 1014 199 9 0.0507 368 342 631 572 7 0.0506 257 341 518 588 8 0.0505 2 62 245 317 6 0.0504 377 278 647 504 10 0.0503 0 63 253 315 3 0.0502 589 337 829 585
CpG5oDmrYRGlSkXPpM8DU0NF0H40mN9r,11 0.0592 318 405 580 636 11 0.0591 330 530 586 783 0 0.0589 332 527 584 789 5 0.0578 254 602 505 846 6 0.0576 258 481 512 716 5 0.0571 329 524 577 784 11 0.0565 257 605 514 844 7 0.0563 258 534 513 780 6 0.0560 336 530 587 786 0 0.0553 320 405 576 638 6 0.0550 260 603 516 845 7 0.0550 340 600 590 862 0 0.0547 258 602 514 853 7 0.0545 257 416 511 649 5 0.0544 382 458 635 701 6 0.0543 325 404 581 637 7 0.0543 329 471 583 716 5 0.0542 315 337 574 574 3 0.0539 358 415 714 597 8 0.0535 260 600 505 850 5 0.0535 250 477 500 715 7 0.0535 319 341 579 577 11 0.0533 254 483 508 712 10 0.0532 258 539 507 779 8 0.0528 175 539 420 772 0 0.0523 384 462 639 707 2 0.0523 322 412 578 640 13 0.0523 262 605 516 853 11 0.0521 393 341 648 574 0 0.0521 334 659 582 923 7 0.0520 187 604 443 840 8 0.0518 321 404 570 640 8 0.0517 333 527 576 788 2 0.0514 260 540 513 784 3 0.0513 332 472 578 724 10 0.0511 339 606 583 856 7 0.0510 262 665 510 912 0 0.0509 255 480 508 720 6 0.0507 388 464 645 706 13 0.0506 337 531 589 791 3 0.0505 262 603 513 854 11 0.0505 439 525 709 767 5 0.0502 441 518 702 767 0 0.0502 391 285 640 527
p9O3vVHRlMmZGwgQGGnIY2F6GyFSDM59,0 0.0592 513 418 885 602 11 0.0582 688 398 944 645 0 0.0581 757 463 1015 713 8 0.0578 519 418 873 599 11 0.0562 759 469 1021 707 8 0.0562 762 461 1012 710 5 0.0557 624 384 873 631 5 0.0550 220 797 492 1020 6 0.0549 636 386 881 630 11 0.0541 224 806 493 1021 2 0.0541 522 421 883 600 11 0.0541 514 419 881 600 8 0.0540 225 802 486 1023 0 0.0540 689 397 941 646 6 0.0537 243 665 515 907 0 0.0537 309 740 574 970 5 0.0532 486 0 756 184 5 0.0530 764 388 1016 651 13 0.0527 765 466 1023 715 3 0.0526 527 417 884 605 5 0.0525 546 445 793 697 0 0.0524 240 663 506 911 10 0.0523 442 421 813 599 0 0.0520 553 455 797 702 6 0.0516 310 743 581 968 13 0.0515 636 386 884 633 0 0.0512 227 804 498 1023 11 0.0512 303 744 572 962 8 0.0506 692 395 937 640 13 0.0506 570 0 841 191 6 0.0500 454 420 813 599
Ao9VLRV0k0AyNqesnK1c20xZE6n7BEgB,11 0.0534 179 390 432 606 11 0.0506 243 737 516 957 8 0.0503 181 462 424 700
wpb5onZ87kYnzgeWhxq7MtBVzqsKQnGg,14 1.0 0 0 1 1
QTeEpt45asRzwCDODjS6FWoYuA01Fgff,8 0.0561 78 0 439 154 11 0.0543 19 154 410 328 13 0.0529 119 0 382 218 0 0.0527 78 0 451 157 11 0.0519 68 1 457 153 8 0.0508 36 155 393 332 6 0.0506 60 0 321 203 13 0.0501 41 154 422 332
h1V29e7IGZK3Rnw9QkaCAwqEzKkb5j3F,7 0.0696 188 707 439 957 7 0.0664 122 781 370 1023 5 0.0663 183 706 437 954 8 0.0650 124 781 364 1023 0 0.0649 188 707 439 960 11 0.0639 183 709 439 955 8 0.0625 189 708 437 956 6 0.0611 188 711 443 955 10 0.0603 185 714 440 955 3 0.0583 190 707 439 960 10 0.0565 120 790 368 1021 13 0.0565 184 792 430 1023 9 0.0548 120 786 370 1021 2 0.0547 121 788 369 1023 9 0.0530 184 711 439 952 2 0.0524 189 713 440 956 1 0.0520 184 704 439 957 12 0.0506 192 707 440 956 11 0.0505 248 458 493 677 1 0.0504 118 779 369 1023 12 0.0502 125 784 368 1023
l6tR6wEc8NfonOGseYN69K4qHRKyGJG6,3 0.0630 366 0 710 160 11 0.0620 351 2 710 156 8 0.0617 254 7 512 247 13 0.0598 361 0 722 157 0 0.0572 251 13 516 248 0 0.0568 358 0 714 158 7 0.0567 361 0 722 158 8 0.0565 363 0 703 158 11 0.0563 248 12 517 242 5 0.0562 244 9 513 243 8 0.0554 181 70 437 316 7 0.0553 253 6 522 245 0 0.0553 254 128 510 388 6 0.0548 255 12 521 244 0 0.0545 308 474 566 705 10 0.0544 178 22 442 245 10 0.0544 206 6 550 151 0 0.0541 426 534 699 780 3 0.0540 256 10 521 250 3 0.0539 524 70 768 315 6 0.0538 361 0 716 155 11 0.0534 300 517 564 749 7 0.0534 310 473 568 702 5 0.0531 245 120 507 384 13 0.0523 250 15 525 246 5 0.0522 348 0 707 157 10 0.0519 360 5 710 154 5 0.0518 172 68 436 307 11 0.0517 175 143 445 381 5 0.0506 300 513 558 749 6 0.0504 182 75 445 310 8 0.0503 259 123 501 387 0 0.0503 190 806 433 1023 2 0.0502 359 3 710 158
N9pVpvJcRNLoFeMtT821C9TzcaZiATAW,5 0.0627 367 191 626 430 5 0.0616 272 296 637 476 0 0.0599 370 196 629 434 8 0.0597 372 263 626 497 7 0.0567 372 266 635 499 2 0.0566 374 202 626 431 11 0.0565 307 264 578 495 11 0.0562 379 139 639 376 6 0.0558 281 298 650 479 5 0.0558 456 413 811 601 5 0.0555 198 216 564 395 6 0.0553 308 191 575 439 7 0.0550 387 134 641 380 0 0.0548 443 128 696 373 3 0.0548 447 400 704 641 3 0.0547 375 264 635 503 6 0.0545 426 479 771 660 5 0.0543 440 124 692 370 2 0.0538 281 303 636 477 8 0.0536 384 132 630 378 8 0.0530 445 399 693 633 8 0.0528 311 193 560 438 0 0.0527 239 199 502 441 13 0.0527 445 403 711 643 0 0.0521 442 402 703 636 7 0.0519 310 193 570 441 3 0.0516 388 133 637 384 13 0.0515 389 135 646 382 0 0.0512 377 601 641 840 11 0.0511 440 402 702 634 7 0.0511 440 464 709 699 10 0.0510 376 200 628 434 5 0.0510 434 460 699 693 13 0.0505 319 263 582 500 5 0.0503 372 597 636 835 2 0.0502 242 201 501 439 13 0.0500 245 197 510 443 8 0.0500 335 490 683 668
0XdkP9oiHz8wxu1gNUr3F3CGFsSEuiKj,0 0.0624 626 613 904 838 5 0.0610 37 520 302 763 11 0.0608 628 615 902 836 11 0.0606 569 518 831 760 6 0.0604 636 615 901 837 0 0.0601 568 456 828 708 8 0.0598 571 517 827 759 7 0.0597 565 390 831 638 8 0.0576 631 613 897 839 11 0.0575 562 396 831 633 13 0.0570 570 519 835 764 0 0.0567 437 389 694 643 7 0.0563 376 330 625 568 7 0.0561 345 226 689 411 8 0.0561 504 454 754 697 11 0.0560 500 456 760 699 3 0.0558 573 458 829 709 11 0.0558 621 223 909 435 7 0.0554 571 514 835 761 8 0.0553 569 391 823 632 7 0.0553 504 452 763 702 6 0.0551 570 390 834 632 7 0.0551 440 388 696 644 5 0.0550 568 515 829 757 5 0.0550 438 0 705 197 3 0.0547 447 0 714 208 13 0.0547 443 454 701 709 11 0.0545 443 1 710 200 6 0.0544 573 516 833 758 10 0.0543 626 619 899 837 6 0.0541 443 387 696 642 0 0.0540 441 0 712 201 8 0.0540 364 203 624 434 12 0.0539 631 614 903 839 13 0.0539 320 541 586 777 5 0.0537 562 391 829 633 7 0.0537 444 0 715 202 5 0.0536 497 61 760 310 10 0.0536 441 0 712 198 8 0.0536 502 69 756 314 8 0.0536 443 1 703 201 13 0.0534 570 396 836 638 13 0.0534 51 409 328 630 11 0.0534 362 142 637 374 6 0.0533 443 0 717 197 13 0.0533 634 614 910 840 8 0.0533 438 387 684 640 0 0.0533 364 139 636 378 8 0.0529 373 329 610 565 3 0.0527 444 389 694 649 3 0.0526 634 616 904 842 8 0.0525 40 526 301 765 11 0.0524 370 461 630 700 0 0.0521 373 461 627 705 13 0.0520 448 331 704 583 5 0.0519 501 452 756 696 10 0.0519 339 230 684 414 5 0.0519 102 388 369 615 6 0.0519 508 451 762 698 12 0.0518 571 392 832 635 13 0.0518 444 0 723 200 10 0.0518 439 393 691 643 9 0.0517 567 458 827 701 7 0.0516 376 459 631 703 7 0.0516 511 60 768 312 7 0.0515 629 612 908 839 6 0.0514 375 330 627 570 0 0.0514 559 3 829 206 0 0.0514 506 70 766 310 11 0.0513 502 68 764 309 8 0.0512 316 539 569 776 2 0.0512 570 518 834 757 0 0.0512 315 539 582 780 10 0.0511 506 456 758 699 5 0.0510 175 511 444 756 10 0.0509 501 68 763 310 1 0.0508 567 512 833 761 6 0.0508 511 69 769 309 11 0.0507 315 539 575 775 5 0.0506 309 535 574 772 13 0.0505 377 395 630 639 13 0.0505 372 262 630 499 8 0.0504 375 457 619 703 11 0.0504 434 391 695 640 10 0.0504 570 519 830 760 0 0.0504 103 449 378 678 11 0.0504 256 457 517 694 12 0.0503 571 516 832 761 5 0.0503 436 327 691 580 10 0.0503 568 397 829 635 8 0.0502 102 449 365 680 11 0.0502 238 332 503 560 4 0.0500 573 521 834 760
YI9d8nRDl8GdX0tj795U8iXo7VvzFqmc,8 0.0646 193 658 444 908 8 0.0632 17 676 352 855 11 0.0621 404 549 780 730 7 0.0599 12 676 364 858 0 0.0595 191 663 450 907 11 0.0592 9 681 355 854 0 0.0591 10 679 359 856 8 0.0587 113 790 369 1021 5 0.0587 429 575 687 825 6 0.0579 14 680 366 855 5 0.0575 368 642 630 899 5 0.0564 10 674 356 854 7 0.0558 192 657 451 904 0 0.0558 379 777 629 1017 11 0.0553 191 663 448 899 5 0.0552 186 658 443 902 11 0.0549 173 791 442 1023 5 0.0549 443 454 699 709 5 0.0547 309 781 566 1014 5 0.0546 320 526 570 771 10 0.0544 9 679 361 854 11 0.0544 318 650 581 897 13 0.0544 399 533 652 783 10 0.0540 187 667 448 901 6 0.0539 196 662 452 903 8 0.0539 321 780 566 1019 0 0.0539 375 650 635 908 8 0.0537 414 547 766 731 0 0.0536 249 794 510 1023 13 0.0534 322 714 583 954 0 0.0531 460 559 828 741 5 0.0530 170 786 437 1019 6 0.0529 503 528 749 765 11 0.0527 312 786 570 1016 7 0.0526 503 524 751 767 0 0.0524 118 797 374 1023 11 0.0523 322 535 574 773 6 0.0522 574 401 811 639 0 0.0521 393 531 645 784 6 0.0520 334 586 583 834 5 0.0520 568 517 814 757 6 0.0520 320 781 572 1015 10 0.0520 328 594 581 833 8 0.0519 256 577 503 832 7 0.0518 249 790 510 1023 6 0.0517 178 789 442 1022 3 0.0514 319 783 568 1023 6 0.0514 455 399 708 651 3 0.0508 16 679 361 860 13 0.0508 114 794 382 1023 3 0.0507 180 791 437 1023 3 0.0506 420 549 779 735 7 0.0505 262 576 513 834 8 0.0502 324 648 574 901 3 0.0502 380 649 636 909 10 0.0502 395 534 649 779 0 0.0501 258 578 511 832 11 0.0500 566 401 807 640
RWfd4tcFjhzP9iqZ6ItF7XA93Xj5PP3o,0 0.0623 129 1 532 146 5 0.0573 381 7 636 223 8 0.0536 256 73 490 304 5 0.0532 127 0 523 145 11 0.0528 132 0 528 145 5 0.0523 317 128 571 351 8 0.0519 326 136 565 354 11 0.0519 420 485 694 719 0 0.0518 326 78 581 299 5 0.0516 634 507 887 741 8 0.0515 329 5 559 214 0 0.0507 569 522 824 753 11 0.0507 629 455 888 692 0 0.0507 508 396 767 647 6 0.0506 580 459 832 704 8 0.0503 141 0 511 145
2DH5n9FKAWWdBtm6YZJWNhj6xEJEK5wd,11 0.0626 326 486 699 665 5 0.0599 565 400 807 639 11 0.0592 382 401 637 620 8 0.0580 433 460 676 702 13 0.0571 331 485 702 666 8 0.0567 568 404 804 639 6 0.0563 386 397 637 622 8 0.0561 237 535 486 784 11 0.0557 620 403 874 644 3 0.0548 436 461 685 707 0 0.0544 431 460 685 708 7 0.0542 331 484 699 671 11 0.0542 234 540 496 785 5 0.0534 379 394 629 620 0 0.0534 569 402 812 645 6 0.0531 331 485 696 666 8 0.0525 389 397 627 620 5 0.0523 322 480 686 666 11 0.0520 0 787 260 1017 5 0.0520 375 789 640 1017 13 0.0520 571 403 816 644 5 0.0515 232 538 487 785 3 0.0514 388 400 636 628 2 0.0511 328 487 697 667 6 0.0505 572 400 818 639 0 0.0503 387 397 635 627 10 0.0501 568 410 809 640
uTQzHZD8SfAfupZ3Gnr0BkG6tpGK8AO6,8 0.0652 411 418 762 598 8 0.0631 356 280 693 467 5 0.0628 310 207 561 442 6 0.0624 239 336 502 577 5 0.0621 350 347 701 535 0 0.0617 502 404 766 637 5 0.0615 402 414 766 599 11 0.0607 349 282 710 466 0 0.0606 648 522 905 774 11 0.0605 374 411 639 645 11 0.0604 410 353 766 526 5 0.0603 530 481 882 668 8 0.0595 532 480 877 668 0 0.0595 533 484 887 669 7 0.0594 506 400 770 637 3 0.0594 412 420 768 602 0 0.0593 238 336 498 579 11 0.0591 228 405 497 644 11 0.0590 533 485 887 669 5 0.0586 228 330 495 574 8 0.0586 236 399 488 645 0 0.0585 410 351 762 531 6 0.0584 320 213 563 442 6 0.0583 505 401 770 639 0 0.0583 378 407 637 648 7 0.0578 318 211 562 443 8 0.0576 300 341 627 522 6 0.0575 379 404 642 646 5 0.0567 643 514 900 769 0 0.0565 355 282 709 470 8 0.0565 649 518 898 769 3 0.0563 538 484 886 672 13 0.0563 300 341 648 528 7 0.0560 536 482 888 669 7 0.0560 234 398 497 645 13 0.0558 321 212 571 446 11 0.0556 646 521 907 768 13 0.0555 245 268 510 496 7 0.0555 360 349 706 539 10 0.0555 499 460 771 706 8 0.0554 254 201 492 430 6 0.0552 540 482 891 668 0 0.0551 392 131 646 373 10 0.0551 408 420 774 599 13 0.0549 653 521 912 773 3 0.0549 237 337 497 583 0 0.0549 177 268 435 506 6 0.0549 357 281 712 467 3 0.0548 319 213 564 450 7 0.0545 379 403 643 649 6 0.0544 415 349 768 528 10 0.0542 649 524 907 767 3 0.0540 653 520 904 776 2 0.0540 500 405 766 634 13 0.0538 536 483 893 670 8 0.0538 173 328 425 579 3 0.0537 357 281 709 473 7 0.0536 245 264 502 492 10 0.0536 231 408 495 645 2 0.0535 535 488 889 666 10 0.0529 314 271 570 493 11 0.0527 333 149 578 381 13 0.0527 414 419 776 599 2 0.0526 238 339 497 575 11 0.0525 171 334 433 570 10 0.0523 358 352 706 538 8 0.0522 341 148 566 381 6 0.0515 652 517 912 769 12 0.0511 503 399 770 637
WWEsqj02KMoX0zt08l4ZWXoiCh3sc8ju,11 0.0615 294 660 558 894 8 0.0593 242 718 499 963 11 0.0591 177 657 441 896 8 0.0585 180 198 428 433 5 0.0580 312 0 578 228 5 0.0580 172 651 440 898 8 0.0573 181 652 439 899 0 0.0572 180 651 443 903 8 0.0566 303 652 553 898 6 0.0558 182 654 446 900 7 0.0556 182 655 445 901 0 0.0553 244 714 507 965 8 0.0553 241 285 566 473 5 0.0552 290 649 556 896 8 0.0550 249 345 494 579 13 0.0546 249 718 515 965 0 0.0540 172 276 431 498 3 0.0540 250 345 498 583 11 0.0538 244 349 504 574 13 0.0536 181 654 452 900 5 0.0531 232 772 485 1010 7 0.0529 299 655 565 899 11 0.0529 294 796 552 1015 3 0.0529 181 655 447 904 13 0.0528 251 345 510 579 7 0.0526 240 204 512 428 13 0.0524 176 279 440 498 11 0.0521 231 288 578 469 3 0.0520 300 656 561 903 7 0.0519 170 275 433 493 11 0.0517 163 790 422 1011 3 0.0515 240 286 583 476 6 0.0513 303 654 560 901 10 0.0512 174 657 445 901 8 0.0511 315 2 575 229 13 0.0508 240 206 511 430 8 0.0507 126 0 364 209 13 0.0505 320 1 586 231 5 0.0503 121 0 366 206 13 0.0501 130 0 375 210 10 0.0500 126 6 371 207
cJ8sOqrHSPQsVFK6RyVBMHqMHd8AzMuc,7 0.0677 185 650 427 878 11 0.0612 179 654 428 877 5 0.0578 192 719 426 946 8 0.0576 178 649 422 878 0 0.0567 227 0 586 143 8 0.0564 378 790 615 1021 8 0.0563 229 0 576 141 7 0.0561 381 786 627 1020 0 0.0559 183 651 424 880 11 0.0549 110 542 377 764 11 0.0547 374 787 621 1020 10 0.0542 176 656 426 876 5 0.0536 224 0 579 142 5 0.0534 371 785 616 1019 0 0.0523 374 788 623 1023 11 0.0519 225 1 590 143 10 0.0515 376 793 622 1021 6 0.0515 203 722 434 947 3 0.0502 140 659 379 890
hDhP7s3YUAIrljlo8xvGHZvg694pAxVj,0 0.0566 511 411 761 646 8 0.0560 511 409 752 645 7 0.0559 375 337 638 576 11 0.0559 503 348 765 575 11 0.0557 429 401 695 629 0 0.0547 576 281 836 516 6 0.0546 286 415 631 598 0 0.0545 436 466 699 705 5 0.0544 572 274 829 516 5 0.0539 505 404 757 645 11 0.0536 367 343 631 569 7 0.0534 512 346 771 576 7 0.0528 380 453 646 705 11 0.0528 230 456 495 707 11 0.0521 572 281 835 514 2 0.0514 507 352 767 579 8 0.0510 239 455 488 710 5 0.0505 370 336 627 573 8 0.0505 371 338 622 572 5 0.0505 571 478 828 731 6 0.0504 515 412 762 645 5 0.0502 430 458 697 702
wlUDgqxiinuYcHGIaG08caRGs9l4Clcp,5 0.0602 97 0 371 200 8 0.0591 106 0 363 199 0 0.0579 104 2 373 202 3 0.0567 107 0 373 203 7 0.0566 487 795 746 1023 6 0.0558 108 1 376 200 5 0.0547 0 0 233 251 13 0.0544 485 796 748 1023 8 0.0540 0 2 224 254 11 0.0539 51 2 312 201 5 0.0538 186 780 431 1016 8 0.0536 189 780 431 1021 11 0.0535 478 803 733 1020 7 0.0527 196 784 439 1019 10 0.0520 0 10 234 254 13 0.0512 188 783 442 1020 11 0.0512 185 785 435 1016 7 0.0512 105 0 380 200 10 0.0508 183 786 434 1020 0 0.0506 0 4 232 259 9 0.0500 105 2 374 194
xAb49YWObUhXBDdCiz56IzNsceewKpPO,0 0.0630 195 870 563 1023 8 0.0623 201 870 553 1023 11 0.0609 193 868 567 1021 7 0.0567 201 869 566 1022 10 0.0537 195 869 562 1022 5 0.0521 192 870 555 1019 2 0.0517 196 873 565 1023 6 0.0503 200 872 564 1023
EoMPCARkVApCVEQilWoKeTzyaMKgjJMf,8 0.0626 272 406 626 585 7 0.0597 254 344 509 574 5 0.0597 270 403 632 586 11 0.0589 231 399 502 627 7 0.0589 199 476 560 658 0 0.0582 368 0 632 195 5 0.0582 187 475 550 656 3 0.0582 203 415 564 596 10 0.0578 233 403 497 627 11 0.0576 164 457 427 687 0 0.0569 233 396 501 631 8 0.0565 198 478 545 659 0 0.0552 118 402 378 649 13 0.0549 145 418 513 608 11 0.0541 366 0 633 191 6 0.0534 125 463 382 701 3 0.0531 122 405 377 653 6 0.0526 236 399 505 630 10 0.0524 169 460 424 682 2 0.0522 278 410 643 588 11 0.0518 193 536 571 720 7 0.0517 373 0 635 194 12 0.0516 254 347 508 577 0 0.0516 199 535 572 721 8 0.0516 367 1 623 194 8 0.0515 122 461 368 704 3 0.0515 374 2 631 198 5 0.0515 113 457 376 700 5 0.0515 367 0 626 191 1 0.0512 276 402 637 585
PKYwpBNovk7FfHkE2ZSczqc8d76Sydrr,0 0.0654 413 540 770 728 8 0.0648 377 532 630 759 11 0.0643 381 403 626 639 0 0.0639 313 324 571 567 11 0.0637 446 529 704 766 11 0.0630 313 326 575 562 0 0.0626 242 588 514 835 5 0.0625 361 783 625 1020 11 0.0624 370 602 638 826 8 0.0621 378 663 636 894 11 0.0619 306 662 579 894 0 0.0616 311 657 579 897 3 0.0613 369 785 631 1023 11 0.0613 437 670 717 898 0 0.0610 312 456 569 690 10 0.0609 367 788 631 1023 8 0.0608 314 396 561 626 13 0.0607 372 789 635 1023 3 0.0606 378 532 636 765 11 0.0604 367 790 628 1020 7 0.0602 313 457 570 691 8 0.0602 444 599 699 833 7 0.0601 378 532 637 764 5 0.0598 305 456 565 686 11 0.0595 447 342 703 588 5 0.0593 232 779 479 1021 8 0.0593 450 465 690 707 5 0.0592 371 531 631 760 7 0.0590 250 518 516 758 8 0.0589 370 783 623 1022 8 0.0587 241 777 475 1022 7 0.0586 445 600 709 835 3 0.0585 380 665 644 901 8 0.0580 391 333 633 586 11 0.0580 239 591 513 831 6 0.0579 482 535 837 720 5 0.0576 311 323 566 565 13 0.0573 317 326 575 566 0 0.0572 366 785 629 1023 11 0.0572 236 784 481 1020 3 0.0571 314 457 569 694 13 0.0571 244 784 489 1023 7 0.0570 370 785 634 1023 7 0.0567 322 325 570 565 7 0.0566 381 667 643 896 13 0.0566 316 660 583 898 7 0.0564 449 466 698 708 5 0.0563 441 463 692 707 6 0.0563 313 458 573 687 10 0.0562 439 729 702 971 5 0.0562 373 665 638 894 10 0.0560 309 661 579 894 7 0.0559 240 781 486 1023 6 0.0559 377 534 640 760 11 0.0558 176 193 441 439 3 0.0557 245 521 513 759 6 0.0557 187 195 447 434 3 0.0557 444 729 704 977 13 0.0556 377 598 640 828 6 0.0554 313 658 580 892 0 0.0553 402 666 768 851 10 0.0553 239 784 483 1023 3 0.0552 243 782 483 1023 2 0.0551 318 332 572 566 5 0.0551 240 516 507 752 10 0.0551 248 452 515 687 6 0.0549 370 788 632 1022 5 0.0549 443 337 702 589 3 0.0549 444 601 706 840 8 0.0547 244 587 507 832 7 0.0546 399 271 658 521 13 0.0546 314 458 573 687 6 0.0545 408 607 777 786 10 0.0545 474 594 836 781
ybcJLCYBFAPHta2IsjBEji7cIyisWMU9,11 0.0651 182 217 440 452 8 0.0637 178 211 436 457 0 0.0586 114 221 381 461 5 0.0564 165 269 433 512 11 0.0560 437 595 698 837 0 0.0559 373 329 632 571 7 0.0555 358 357 718 561 11 0.0551 364 658 636 889 7 0.0550 178 270 438 512 8 0.0545 112 268 371 518 8 0.0544 354 357 706 560 0 0.0538 372 595 633 837 8 0.0529 433 649 697 893 6 0.0528 175 267 445 513 5 0.0526 347 355 711 560 13 0.0523 353 358 724 562 3 0.0520 176 274 431 521 3 0.0515 374 334 637 575 11 0.0514 313 528 569 769 11 0.0513 347 360 711 558 0 0.0507 452 144 704 376 10 0.0504 169 276 441 512 6 0.0502 378 332 639 569 11 0.0502 105 274 381 513
ee25xxogBegs2VfAQnZbLpjft2QwGQBa,11 0.0598 5 789 250 1010 8 0.0591 11 783 237 1011 0 0.0576 2 787 247 1017 0 0.0568 0 671 233 901 3 0.0539 14 782 242 1022 11 0.0520 0 674 237 890 11 0.0519 383 265 622 483 5 0.0514 7 784 243 1013 0 0.0502 384 262 620 488
deyyeezl1ac6S9HM35d3fBXCJyjMLUxE,8 0.0652 516 518 761 760 7 0.0633 514 457 767 703 11 0.0632 513 516 763 756 7 0.0628 383 383 638 627 11 0.0616 433 387 699 634 5 0.0613 179 401 437 647 11 0.0611 119 410 379 651 8 0.0605 186 401 427 653 11 0.0601 248 325 498 563 0 0.0600 572 466 827 708 8 0.0592 131 472 375 718 5 0.0590 568 459 821 706 5 0.0580 123 473 378 710 5 0.0573 175 265 426 511 6 0.0573 188 404 438 650 0 0.0570 435 389 699 636 8 0.0569 253 321 490 563 5 0.0567 500 386 759 630 3 0.0566 382 384 633 632 6 0.0566 256 325 499 566 8 0.0566 182 267 418 515 0 0.0565 178 333 427 578 11 0.0558 177 270 428 510 6 0.0558 574 467 827 710 2 0.0558 438 394 697 636 3 0.0557 184 409 437 657 0 0.0554 124 410 377 655 7 0.0554 180 329 429 572 6 0.0551 437 392 700 635 11 0.0549 371 318 633 548 8 0.0548 435 389 691 631 13 0.0547 383 386 644 630 5 0.0546 375 379 631 627 10 0.0545 131 484 379 714 6 0.0543 184 267 428 514 3 0.0542 180 273 427 522 13 0.0542 514 461 771 705 8 0.0540 254 210 498 449 3 0.0537 517 458 763 705 5 0.0537 247 318 497 562 11 0.0534 247 210 507 448 3 0.0533 253 327 497 568 7 0.0531 128 407 381 655 7 0.0531 257 255 505 502 9 0.0531 376 385 636 624 0 0.0530 315 324 566 555 13 0.0528 136 476 385 713 11 0.0527 178 148 442 391 11 0.0527 624 407 887 637 7 0.0523 572 527 826 771 7 0.0521 316 319 571 556 10 0.0520 514 519 768 759 2 0.0519 179 272 426 510 8 0.0514 59 415 316 663 13 0.0506 256 321 504 569 2 0.0505 515 462 764 704 9 0.0504 509 458 763 701 8 0.0504 181 145 432 393 10 0.0501 184 409 436 651 5 0.0501 247 202 502 450 11 0.0501 359 730 622 957 10 0.0500 251 326 498 564
nCEJsx0U9bzd0Im3faYLI6QmlaCDeCQg,11 0.0594 377 330 631 557 5 0.0589 325 414 681 602 8 0.0586 380 327 622 558 11 0.0579 326 421 683 602 8 0.0576 338 419 675 603 11 0.0570 562 403 831 642 13 0.0565 558 460 827 704 11 0.0564 402 480 760 663 6 0.0562 571 401 831 645 5 0.0556 256 349 630 536 3 0.0555 380 327 630 562 0 0.0550 559 461 819 707 6 0.0546 408 476 760 665 0 0.0538 332 419 687 605 5 0.0535 551 460 817 703 0 0.0528 498 390 767 631 13 0.0525 496 390 775 634 13 0.0525 381 326 636 562 7 0.0524 337 417 690 602 8 0.0521 569 402 822 645 5 0.0521 492 387 764 629 6 0.0520 337 416 688 604 6 0.0513 381 324 629 557 10 0.0511 329 421 684 605 8 0.0507 409 480 749 666 3 0.0506 568 399 828 651 7 0.0505 411 480 764 667 5 0.0503 618 391 885 635
Tnc7otG52IyzUdQzmQUsVgDURweqpMuD,13 0.0550 569 280 827 521 0 0.0543 560 276 823 522 0 0.0536 566 137 827 378 13 0.0528 598 223 975 417 7 0.0523 566 205 826 448 0 0.0522 695 153 944 387 0 0.0521 435 210 678 432 11 0.0521 566 208 822 451 8 0.0518 587 226 948 413 0 0.0510 693 412 935 646 0 0.0505 251 200 495 436
ouLstrk5q7jCFr7pm3U7g3OFsMkH6rXC,0 0.0570 303 724 569 959 11 0.0553 301 729 573 952 8 0.0552 76 672 428 852 5 0.0548 71 672 431 848 11 0.0543 248 397 504 629 0 0.0541 115 661 384 898 11 0.0539 251 665 514 885 11 0.0530 512 595 752 818 7 0.0528 581 589 826 835 10 0.0521 76 677 434 849 6 0.0521 253 663 518 883 11 0.0516 319 537 570 774 6 0.0515 120 661 390 887 11 0.0515 243 784 506 1015 7 0.0514 80 674 440 850 7 0.0513 249 780 510 1018 0 0.0511 191 400 431 642 8 0.0510 190 398 426 639 5 0.0508 189 392 430 637 5 0.0507 250 599 506 829 6 0.0505 517 595 756 820 8 0.0505 258 604 502 831 13 0.0503 311 728 570 956 10 0.0501 305 725 568 953 5 0.0500 303 720 566 954
uH9qTISYT9rSLMLQMMXkd4CQRDdyntAO,5 0.0630 257 185 511 437 8 0.0629 265 129 506 365 6 0.0626 259 269 504 513 5 0.0621 561 386 823 636 8 0.0619 324 261 572 502 0 0.0618 323 262 576 506 0 0.0610 265 125 515 363 0 0.0608 563 263 827 506 11 0.0604 174 403 445 642 7 0.0603 267 125 517 365 8 0.0603 184 335 433 578 8 0.0598 317 397 564 635 3 0.0597 255 273 503 517 7 0.0597 325 260 583 504 0 0.0595 574 520 813 772 3 0.0595 266 125 517 371 6 0.0592 269 124 518 365 11 0.0592 251 273 500 511 8 0.0589 316 0 566 201 5 0.0588 559 262 827 501 0 0.0586 313 0 581 200 0 0.0586 185 274 437 514 11 0.0585 569 328 832 566 7 0.0582 318 0 574 201 7 0.0582 317 393 580 638 3 0.0577 182 341 443 587 5 0.0576 174 395 443 641 11 0.0574 315 399 573 635 0 0.0573 569 390 825 639 10 0.0573 316 265 580 503 11 0.0572 316 0 572 200 7 0.0568 179 393 444 644 13 0.0567 319 2 583 196 8 0.0564 241 454 497 701 6 0.0564 185 337 448 577 5 0.0561 184 129 450 371 10 0.0558 309 400 576 637 5 0.0557 572 514 807 771 6 0.0555 639 275 889 497 6 0.0554 576 522 818 769 3 0.0551 570 325 830 578 13 0.0551 326 267 581 506 7 0.0551 185 269 439 511 6 0.0550 198 200 448 443 11 0.0547 565 454 821 703 3 0.0547 319 0 576 206 8 0.0545 192 200 435 445 7 0.0544 571 326 833 572 3 0.0542 317 398 574 643 10 0.0538 180 344 442 577 13 0.0538 184 342 449 581 13 0.0537 317 399 579 637 11 0.0537 632 284 889 492 5 0.0536 308 0 573 195 11 0.0534 183 82 443 311 8 0.0533 569 452 815 707 13 0.0530 266 191 518 442 0 0.0528 181 399 443 645 8 0.0527 567 265 821 503 6 0.0527 577 324 835 574 5 0.0524 308 392 571 635 10 0.0522 260 194 514 438 13 0.0517 572 395 834 641 3 0.0515 571 455 823 714 12 0.0512 257 272 503 513 10 0.0509 318 5 574 199 9 0.0508 320 264 576 500 7 0.0507 570 455 828 709 10 0.0507 241 463 512 701 6 0.0507 322 1 582 198 5 0.0505 631 336 890 570 2 0.0505 266 133 513 368 2 0.0504 322 270 572 510 1 0.0502 320 258 577 508 8 0.0502 185 83 432 318 2 0.0501 180 340 441 579
fk7xqxcibdMkShpyO9KMJGRCYMklmiHO,8 0.0576 336 358 695 540 5 0.0568 326 355 699 538 7 0.0568 410 483 755 668 0 0.0565 443 344 816 533 0 0.0565 398 425 755 607 0 0.0563 474 482 812 668 6 0.0562 412 485 754 667 8 0.0555 400 425 739 606 13 0.0549 403 426 755 605 11 0.0542 333 358 710 535 7 0.0542 577 464 833 710 5 0.0540 255 674 623 863 5 0.0537 431 519 693 774 8 0.0537 262 675 611 867 6 0.0534 578 467 834 703 11 0.0534 377 190 634 419 10 0.0532 330 357 702 540 5 0.0529 393 419 747 607 0 0.0527 454 204 710 430 13 0.0525 338 358 714 538 11 0.0525 458 265 721 490 6 0.0524 454 343 820 533 11 0.0524 395 427 751 603 13 0.0523 276 680 638 867 10 0.0521 403 488 750 667 7 0.0521 439 785 718 1023 3 0.0520 408 425 751 611 5 0.0520 465 478 807 669 11 0.0520 33 682 298 908 8 0.0518 474 482 797 666 10 0.0517 457 265 716 495 11 0.0516 363 536 629 781 5 0.0515 448 200 703 427 7 0.0512 446 525 698 776 8 0.0512 455 202 704 429 13 0.0511 576 467 834 703 3 0.0509 441 525 695 779 11 0.0508 260 682 628 865 3 0.0503 452 346 816 537 8 0.0502 437 74 697 307 0 0.0502 38 682 300 916 7 0.0501 340 357 708 541 8 0.0501 518 527 755 764 3 0.0501 459 204 703 435
HkdjyqXJnXCuIHvMmQCXeRfer7yLY3OU,5 0.0683 180 786 427 1010 0 0.0598 187 786 431 1016 7 0.0597 185 787 432 1014 8 0.0590 187 786 423 1012 11 0.0578 183 791 429 1010 0 0.0564 372 338 630 573 8 0.0562 377 337 621 567 7 0.0554 379 336 631 570 10 0.0545 184 795 431 1014 5 0.0532 373 334 626 567 11 0.0531 372 340 630 566 6 0.0528 187 793 433 1015 13 0.0511 379 339 635 570 3 0.0503 185 791 431 1019 13 0.0501 188 789 435 1018
geWpYqLbNKmAgRbGxChHWtpr5Ga3g64a,7 0.0616 569 198 829 441 5 0.0605 566 197 823 443 11 0.0589 573 346 828 586 7 0.0582 577 343 833 588 8 0.0579 573 344 819 585 3 0.0573 577 349 827 593 8 0.0570 569 139 817 371 7 0.0569 369 387 653 622 0 0.0567 575 346 827 590 3 0.0567 448 336 715 569 11 0.0565 570 139 831 371 5 0.0558 574 340 824 587 3 0.0557 568 205 826 446 8 0.0557 374 328 636 562 7 0.0556 297 464 562 695 6 0.0554 576 139 831 370 10 0.0552 569 203 825 442 13 0.0549 576 344 833 586 13 0.0547 380 328 652 562 10 0.0547 574 346 829 583 11 0.0546 372 333 646 561 6 0.0546 579 271 832 510 0 0.0543 371 329 648 563 5 0.0543 438 329 714 564 2 0.0540 575 141 829 370 6 0.0540 369 390 654 621 0 0.0539 707 276 953 516 6 0.0534 295 469 562 696 2 0.0534 572 276 826 512 0 0.0532 572 139 827 370 3 0.0531 370 391 650 627 11 0.0530 699 280 967 506 6 0.0530 446 337 718 565 11 0.0529 289 472 559 693 10 0.0528 443 339 716 567 5 0.0516 288 459 559 690 13 0.0510 301 394 570 633 2 0.0510 443 343 709 567 11 0.0509 695 410 945 643 13 0.0508 571 200 833 442
Ywhy6py0k2fRvS06k1SUa455XNPY6MNR,7 0.0656 187 730 433 958 5 0.0636 179 729 425 956 0 0.0622 185 731 426 957 8 0.0617 182 733 421 956 5 0.0583 634 9 886 257 11 0.0569 180 733 431 955 10 0.0568 183 733 432 958 0 0.0559 644 19 888 265 3 0.0555 186 730 429 963 6 0.0544 186 734 430 955 13 0.0538 187 732 434 957 11 0.0520 636 20 894 252 9 0.0517 180 730 428 954 6 0.0510 641 14 896 258
yd0tWDKbcouE1wEADwbinzsJmg8pHPsf,13 0.0603 368 411 638 631 11 0.0599 435 404 697 617 8 0.0593 290 407 551 621 7 0.0593 367 408 633 633 7 0.0588 425 342 694 565 5 0.0587 292 440 556 685 3 0.0579 367 411 629 634 5 0.0572 218 397 483 621 5 0.0571 231 508 488 758 3 0.0564 447 284 698 513 13 0.0560 425 347 699 564 13 0.0560 301 348 559 573 8 0.0559 242 460 491 710 6 0.0556 364 410 633 629 5 0.0552 288 340 545 566 8 0.0551 374 463 623 696 3 0.0549 243 516 491 764 8 0.0545 444 397 694 619 0 0.0542 237 460 495 712 0 0.0541 287 403 558 623 11 0.0539 289 351 548 569 5 0.0538 414 335 686 563 11 0.0536 368 466 626 690 11 0.0535 219 405 490 625 6 0.0534 227 401 492 624 13 0.0530 228 404 495 630 0 0.0530 424 344 693 567 11 0.0530 236 518 494 753 5 0.0530 114 376 361 618 6 0.0528 425 344 697 565 3 0.0526 298 348 549 576 6 0.0525 299 348 556 570 7 0.0516 310 513 570 757 2 0.0516 240 520 497 756 6 0.0514 387 513 638 752 0 0.0513 236 336 487 566 10 0.0512 421 346 692 563 11 0.0512 439 287 702 502 7 0.0510 300 344 555 571 10 0.0507 363 414 635 629 2 0.0505 227 405 486 625 0 0.0505 302 282 553 512 0 0.0501 122 379 370 627
IBZoK0z4WlVbTZKiqLt6TxJflj6IYdAs,0 0.0644 237 211 477 432 11 0.0607 174 331 433 569 8 0.0603 181 325 420 568 0 0.0599 318 159 547 374 13 0.0597 181 327 438 571 6 0.0597 248 149 485 380 0 0.0596 178 327 433 568 5 0.0596 239 144 478 379 5 0.0594 187 260 437 507 8 0.0592 181 197 428 448 7 0.0587 240 211 481 435 11 0.0586 184 142 444 391 7 0.0584 178 322 435 570 6 0.0577 184 326 437 567 0 0.0575 241 459 502 700 5 0.0573 127 129 382 389 3 0.0569 181 389 439 644 13 0.0566 185 197 442 450 0 0.0565 254 76 497 304 3 0.0563 181 198 435 450 11 0.0559 245 393 506 635 3 0.0553 243 458 501 705 2 0.0552 189 145 443 396 8 0.0547 494 457 744 692 5 0.0546 176 381 438 639 0 0.0545 489 464 760 696 6 0.0543 132 131 393 391 7 0.0539 244 456 504 704 8 0.0533 254 79 488 304 7 0.0532 255 72 500 304 10 0.0532 178 394 439 635 3 0.0526 245 334 495 564 11 0.0526 370 467 634 698 10 0.0521 189 148 443 393 12 0.0520 190 138 444 398 3 0.0519 320 402 585 645 13 0.0518 252 388 512 637 13 0.0517 430 464 705 697 11 0.0516 433 794 690 1022 13 0.0515 309 471 586 713 3 0.0515 119 268 377 520 7 0.0510 376 463 640 701 10 0.0508 241 340 494 559 7 0.0507 495 456 763 692 11 0.0506 106 202 375 449 8 0.0505 248 390 493 635 11 0.0505 488 460 759 690 8 0.0504 378 466 625 699 0 0.0503 374 468 636 705
LVUyq0ooCOAbjcNSSFOL2mjJC87jwjJc,11 0.0559 270 670 654 854 8 0.0543 398 480 641 710 0 0.0539 395 619 634 853 7 0.0523 400 612 639 853 3 0.0521 405 551 634 785 0 0.0515 256 606 518 848 11 0.0512 391 482 659 712 10 0.0512 396 618 636 851 0 0.0510 392 480 656 718 8 0.0508 123 613 369 845 8 0.0506 400 615 626 846 5 0.0505 397 543 633 775
9ByZyfuHvX8K7U7mOYgfs5847FeP8IXQ,7 0.0577 578 594 822 852 5 0.0568 572 590 813 841 11 0.0560 247 206 518 442 5 0.0554 249 201 510 441 5 0.0548 374 0 638 188 13 0.0546 579 599 825 848 11 0.0541 372 2 645 192 11 0.0538 367 587 619 829 13 0.0537 183 212 454 460 7 0.0536 185 204 451 454 11 0.0536 572 597 817 845 0 0.0535 578 596 822 849 11 0.0535 303 734 567 962 13 0.0533 384 2 652 191 7 0.0531 459 326 715 567 5 0.0529 185 133 442 378 11 0.0528 377 463 642 704 0 0.0527 539 737 792 978 5 0.0525 449 321 706 563 8 0.0522 180 206 443 460 6 0.0520 519 396 779 632 8 0.0518 362 474 706 666 7 0.0517 369 471 721 666 7 0.0517 519 397 779 633 8 0.0515 369 588 610 834 8 0.0514 380 0 637 189 6 0.0513 578 601 825 853 8 0.0511 514 398 771 635 11 0.0511 510 399 776 631 13 0.0511 515 399 783 632 0 0.0509 513 398 776 638 5 0.0508 511 394 771 629 11 0.0507 543 738 787 972 0 0.0507 317 15 569 265 0 0.0507 326 263 589 506 5 0.0506 629 332 913 566 2 0.0506 366 478 716 665 0 0.0506 253 206 519 446 11 0.0505 452 329 713 564 6 0.0505 184 208 449 459 3 0.0504 179 212 449 464 11 0.0504 183 138 455 378 3 0.0503 373 590 619 845 3 0.0503 581 604 816 857 5 0.0503 558 791 795 1019 10 0.0502 577 605 823 851
RcDeAiYZ4IeJqLlMh1HIwv8M64lfzAvq,0 0.0618 205 157 451 401 5 0.0596 170 336 443 574 0 0.0572 131 286 399 536 5 0.0571 197 154 450 396 11 0.0562 204 159 457 393 8 0.0559 203 156 444 399 13 0.0555 140 222 407 466 7 0.0555 135 286 409 530 8 0.0553 173 338 434 580 11 0.0543 131 225 403 466 11 0.0539 167 341 449 577 8 0.0535 134 220 389 471 13 0.0535 205 160 463 399 5 0.0528 125 221 394 463 7 0.0528 210 156 458 396 13 0.0515 328 781 575 1010 8 0.0515 498 213 761 439 0 0.0513 373 782 616 1015 6 0.0506 136 288 416 531 0 0.0505 430 12 699 237 11 0.0502 318 783 565 1005 5 0.0501 496 210 765 439
VfjanJdz74hY0hjo9TBeDwBk27VVfGTi,0 0.0543 236 0 498 202 11 0.0531 234 3 500 198 8 0.0508 239 0 490 199
jGrbl2bOUhMnq0df2vNbIEc8ju7OUhIX,11 0.0542 683 2 960 189 5 0.0530 630 0 892 194 8 0.0529 688 0 945 190 0 0.0524 638 2 894 197 8 0.0520 385 475 626 699 6 0.0512 688 0 961 190
OiaFqpmACTyilqYeS7ukyiZ3OXPbwxnP,6 0.0560 441 398 709 633 7 0.0554 429 514 703 755 8 0.0553 341 478 671 664 0 0.0541 431 402 704 633 13 0.0533 427 517 705 750 3 0.0533 402 473 755 665 11 0.0530 393 474 752 657 7 0.0528 439 401 706 635 5 0.0525 408 532 780 728 8 0.0521 412 539 774 728 0 0.0520 413 539 787 730 5 0.0511 497 584 762 828 10 0.0509 388 474 754 660 6 0.0507 420 535 788 730 5 0.0507 754 589 1003 826 3 0.0503 358 545 707 740
9vOTHipjUteMgaAqBWamzNvJwmDHetFi,5 0.0551 243 472 500 709 8 0.0550 509 325 755 564 11 0.0547 507 328 764 562 11 0.0544 220 651 495 882 8 0.0537 253 477 488 709 0 0.0535 247 482 497 714 0 0.0530 233 594 488 840 7 0.0528 515 327 766 565 8 0.0526 230 594 482 833 3 0.0521 512 328 761 572 0 0.0519 508 331 761 566 5 0.0516 507 324 756 560 3 0.0507 250 481 495 720 5 0.0507 226 589 490 833 6 0.0505 248 479 506 709 2 0.0505 512 335 763 563 6 0.0503 229 593 496 836 8 0.0501 301 646 551 892
74CaK6v6wwAjqzD8ifYMwrq2QSlRmKMj,5 0.0644 257 325 514 568 11 0.0632 129 331 394 580 8 0.0627 128 324 390 586 11 0.0614 252 264 514 501 0 0.0604 259 386 509 628 11 0.0604 253 389 512 627 0 0.0599 253 263 512 507 5 0.0595 122 324 390 581 5 0.0591 248 448 506 698 8 0.0590 256 388 502 628 7 0.0588 134 326 396 584 7 0.0586 257 453 506 700 11 0.0585 504 330 753 570 3 0.0580 255 389 510 634 0 0.0575 132 329 396 586 11 0.0572 44 409 323 639 7 0.0566 512 324 754 570 13 0.0562 258 389 512 634 8 0.0560 46 405 319 650 11 0.0559 312 462 570 696 10 0.0556 251 456 509 701 6 0.0556 239 349 603 538 11 0.0550 573 404 833 635 8 0.0550 382 596 620 835 3 0.0547 133 333 395 590 8 0.0546 283 472 642 658 11 0.0544 374 525 627 762 7 0.0544 52 409 328 646 5 0.0544 318 510 572 757 0 0.0544 505 330 747 572 8 0.0542 505 326 746 571 6 0.0542 134 332 399 584 7 0.0538 276 534 658 725 6 0.0537 514 387 756 631 7 0.0535 258 262 515 505 11 0.0535 562 266 822 492 13 0.0534 132 331 401 586 10 0.0534 263 332 516 567 8 0.0532 255 265 505 504 5 0.0528 253 203 513 445 11 0.0526 569 545 837 778 7 0.0526 294 407 649 595 0 0.0526 281 468 652 658 2 0.0525 257 393 510 629 0 0.0524 575 404 831 639 5 0.0523 561 262 814 494 6 0.0521 49 405 328 646 8 0.0520 256 510 499 758 0 0.0519 327 211 590 444 13 0.0519 49 409 332 647 13 0.0515 320 458 576 703 3 0.0514 316 462 568 705 5 0.0513 37 403 318 648 6 0.0513 283 471 656 658 3 0.0512 52 411 325 653 3 0.0512 254 264 513 515 3 0.0509 385 596 630 846 0 0.0509 257 513 509 761 11 0.0507 329 210 594 440 10 0.0507 256 212 515 446 13 0.0506 258 263 520 509 10 0.0506 128 334 396 585 11 0.0506 341 668 711 851 8 0.0505 577 401 825 641 6 0.0505 504 273 758 502 7 0.0504 453 459 697 698 0 0.0504 564 267 820 496 12 0.0504 262 389 509 627 3 0.0503 565 266 822 503
OVqSC8lntDs3qWVv9WEBR31IqqhlL1Ic,11 0.0651 196 682 555 850 5 0.0636 238 717 498 963 8 0.0622 202 680 546 853 7 0.0621 249 722 507 969 0 0.0615 202 679 558 856 7 0.0614 205 679 560 852 11 0.0612 132 741 502 910 5 0.0612 254 671 625 845 0 0.0609 247 721 504 969 8 0.0609 246 721 497 966 10 0.0591 196 682 553 850 3 0.0584 263 672 633 851 8 0.0576 117 724 368 954 0 0.0561 120 726 376 958 6 0.0556 249 724 507 967 13 0.0548 205 680 565 851 13 0.0540 248 722 509 966 6 0.0540 268 675 635 847 10 0.0529 127 742 499 911 5 0.0523 111 720 372 953 3 0.0522 248 720 504 971 2 0.0522 247 725 503 966 2 0.0519 265 678 629 847 12 0.0518 267 672 634 847 9 0.0515 192 680 553 850 0 0.0511 386 132 630 355 7 0.0504 120 725 380 959 9 0.0502 240 724 503 963
EcxQYBp9iLldi5kT63JeOE2yOVN2qGpD,11 0.0630 310 140 565 375 11 0.0606 242 14 501 254 3 0.0605 320 135 562 381 0 0.0596 437 465 701 715 7 0.0582 561 456 833 693 0 0.0581 560 454 828 697 7 0.0576 444 342 714 568 7 0.0569 252 8 505 255 8 0.0566 287 1 627 155 5 0.0564 313 58 564 302 11 0.0564 280 1 640 157 3 0.0564 448 341 710 573 8 0.0561 564 455 820 692 11 0.0558 438 348 710 569 5 0.0557 280 0 632 156 11 0.0550 688 412 961 649 6 0.0548 248 10 507 255 0 0.0547 439 343 710 573 3 0.0546 378 219 629 445 0 0.0546 244 10 501 257 8 0.0546 254 195 497 433 5 0.0544 435 339 712 568 13 0.0543 319 137 566 378 13 0.0543 254 72 504 303 3 0.0542 256 11 498 260 0 0.0537 241 132 501 371 8 0.0537 318 138 556 379 5 0.0536 556 453 824 692 11 0.0536 248 198 503 435 7 0.0532 292 0 641 158 11 0.0531 172 126 428 376 3 0.0530 290 0 634 160 6 0.0528 289 0 643 156 8 0.0524 444 343 701 568 0 0.0523 282 1 639 157 6 0.0522 445 346 717 567 6 0.0521 563 456 832 694 8 0.0521 176 126 420 376 8 0.0520 249 12 498 255 13 0.0520 566 461 838 696 11 0.0520 560 460 829 693 5 0.0520 236 124 495 364 5 0.0519 242 3 495 251 13 0.0514 291 0 641 157 2 0.0513 248 14 500 255 0 0.0513 693 409 959 654 7 0.0511 324 66 573 310 6 0.0508 437 469 712 712 11 0.0507 369 227 631 438 2 0.0506 286 3 632 155 2 0.0503 322 71 569 309 0 0.0502 317 66 569 311 6 0.0502 321 65 577 310 11 0.0501 432 470 707 712 10 0.0501 442 347 715 567
FFvDq1nDdPeTxx4te1XQf0KQ5qKNOKfm,13 0.0604 317 402 588 640 5 0.0587 242 461 514 708 0 0.0577 593 350 850 586 13 0.0574 251 466 521 713 11 0.0560 248 400 525 633 7 0.0555 453 392 708 636 11 0.0553 595 348 848 582 13 0.0552 454 391 713 641 3 0.0551 250 469 514 714 11 0.0550 643 134 886 357 7 0.0541 185 474 448 717 0 0.0540 247 468 516 712 5 0.0538 115 346 387 576 5 0.0536 167 513 436 766 8 0.0535 314 399 573 640 11 0.0530 179 479 443 716 8 0.0528 594 344 841 584 7 0.0525 254 398 526 636 0 0.0524 376 473 629 718 5 0.0524 589 343 846 585 8 0.0520 185 476 431 720 5 0.0518 308 396 578 640 5 0.0518 371 465 626 716 11 0.0516 121 358 396 573 6 0.0511 603 349 855 584 11 0.0510 379 406 634 640 11 0.0510 310 465 576 701 0 0.0509 442 392 707 644 13 0.0508 132 357 398 582 0 0.0508 310 403 583 644 3 0.0507 601 349 850 592 13 0.0506 598 347 854 584 10 0.0503 247 474 518 710 13 0.0502 380 468 638 714 6 0.0501 186 475 448 720
mk120Pog649s2ADt30slgmxMaOz2TD0m,8 0.0596 577 388 808 633 11 0.0596 641 386 883 635 7 0.0595 398 493 752 671 11 0.0583 517 459 762 695 0 0.0579 517 461 763 702 8 0.0579 517 458 754 698 11 0.0577 650 530 892 768 0 0.0577 692 674 947 901 3 0.0576 289 414 646 603 5 0.0567 644 453 891 699 7 0.0566 413 620 764 799 0 0.0566 649 533 890 769 8 0.0554 451 623 822 804 5 0.0553 575 390 814 634 8 0.0548 651 528 882 769 8 0.0547 511 337 746 572 0 0.0547 446 627 836 805 6 0.0546 456 623 839 804 7 0.0545 293 409 650 600 6 0.0543 707 414 945 639 11 0.0543 396 555 758 726 3 0.0540 523 458 760 709 5 0.0529 513 457 759 702 6 0.0527 657 535 894 768 0 0.0524 578 389 817 635 5 0.0521 444 621 826 803 7 0.0515 654 528 891 770 5 0.0514 280 408 640 597 7 0.0513 583 390 817 638 6 0.0513 585 391 819 632 13 0.0509 402 550 763 730 10 0.0507 705 416 939 638 3 0.0506 650 461 887 710 2 0.0504 655 538 893 766 11 0.0504 284 412 647 598 3 0.0501 460 624 830 808 2 0.0500 582 396 816 637
woGv9Cw9SRYQrrQAaxz9cPrAn2HvjqyM,11 0.0592 324 593 592 839 11 0.0587 393 681 752 851 11 0.0551 441 471 690 691 7 0.0550 328 535 581 770 7 0.0530 452 408 698 640 6 0.0521 323 539 579 768 7 0.0520 398 679 759 849 6 0.0518 382 595 647 834 5 0.0517 442 335 689 565 11 0.0513 180 218 449 433 8 0.0512 326 592 584 840 8 0.0510 440 660 693 894 11 0.0510 181 463 435 683 11 0.0509 439 340 695 562 0 0.0508 179 160 440 377 6 0.0507 449 473 694 696 0 0.0505 324 595 592 848 5 0.0502 387 679 747 850 8 0.0502 447 341 682 567 0 0.0500 447 342 693 571
e0qnCasIYwJpehvZsA9KUXgU1xx5Y0Ox,3 0.0647 440 291 705 534 8 0.0628 436 286 700 534 7 0.0627 511 351 771 596 0 0.0626 508 353 768 594 11 0.0626 436 294 702 529 5 0.0623 436 285 697 528 11 0.0622 506 354 767 591 6 0.0621 441 295 709 533 8 0.0620 302 341 561 579 3 0.0620 512 351 769 598 0 0.0616 507 228 772 457 6 0.0611 509 231 778 455 7 0.0604 442 290 706 532 0 0.0599 440 290 703 531 8 0.0594 506 222 763 459 6 0.0592 509 352 771 597 5 0.0590 505 344 760 594 8 0.0586 507 351 764 593 13 0.0580 511 351 771 593 3 0.0578 507 228 770 464 11 0.0569 505 231 768 453 7 0.0567 305 652 577 877 13 0.0566 439 291 709 531 11 0.0564 346 405 619 642 7 0.0562 244 790 508 1023 6 0.0556 460 145 708 368 5 0.0553 499 221 763 454 5 0.0551 295 335 563 576 5 0.0550 299 773 561 1019 11 0.0548 297 656 573 878 12 0.0545 438 291 706 533 10 0.0543 438 294 704 529 6 0.0542 303 341 574 576 13 0.0538 511 227 776 456 5 0.0537 361 661 633 891 8 0.0537 301 714 559 949 10 0.0536 298 346 573 580 5 0.0535 450 138 700 367 8 0.0533 258 399 494 652 7 0.0532 510 223 775 458 11 0.0530 453 143 702 368 10 0.0529 506 355 771 593 0 0.0524 300 335 570 583 8 0.0523 453 137 696 371 3 0.0523 301 342 570 583 2 0.0521 440 296 704 529 0 0.0518 456 143 704 370 9 0.0518 433 289 703 527 13 0.0517 302 342 575 583 0 0.0516 242 792 502 1023 7 0.0512 352 403 627 645 0 0.0512 365 672 637 897 6 0.0510 368 667 638 891 11 0.0510 179 795 434 1021 12 0.0510 508 352 768 596 8 0.0507 243 791 490 1019 2 0.0505 510 357 767 595 3 0.0505 455 143 705 379 11 0.0505 417 675 690 900 6 0.0504 307 789 566 1023 4 0.0503 507 353 770 595 9 0.0503 505 349 767 589 5 0.0501 371 0 631 228
mmn0r0WnlzckYl4c08SWSHY8JrGtXTrD,11 0.0646 377 146 655 384 5 0.0639 442 131 709 378 11 0.0609 314 89 582 325 11 0.0609 572 403 836 630 5 0.0605 449 405 698 634 11 0.0605 387 339 646 573 8 0.0602 451 331 695 577 11 0.0601 248 459 514 707 0 0.0601 574 402 836 638 8 0.0593 453 463 696 690 11 0.0591 506 463 759 690 10 0.0590 380 94 654 319 0 0.0590 508 464 759 695 5 0.0587 316 130 577 382 11 0.0587 312 202 567 442 8 0.0584 389 395 630 637 11 0.0584 383 458 634 698 5 0.0580 513 334 758 566 11 0.0576 512 341 762 568 11 0.0576 581 275 836 513 5 0.0574 384 336 642 571 8 0.0573 449 198 702 440 5 0.0572 444 254 706 501 5 0.0572 574 397 834 629 11 0.0568 317 392 575 636 5 0.0564 208 479 583 667 3 0.0563 451 197 708 448 5 0.0559 579 269 834 512 0 0.0557 451 340 699 576 7 0.0557 184 456 446 702 0 0.0556 318 140 579 386 8 0.0555 322 93 578 330 3 0.0553 320 334 572 573 0 0.0553 582 275 836 519 11 0.0552 516 149 774 386 8 0.0551 574 399 830 634 7 0.0551 321 199 573 444 6 0.0550 579 400 839 634 13 0.0550 452 261 717 504 3 0.0547 319 201 570 450 0 0.0546 66 526 337 760 3 0.0543 221 482 588 677 7 0.0543 456 408 702 638 2 0.0543 455 344 702 577 0 0.0543 443 522 697 753 7 0.0540 452 194 711 440 8 0.0539 455 85 709 319 10 0.0539 455 465 702 692 5 0.0538 256 523 508 768 8 0.0537 180 458 436 707 7 0.0535 321 333 576 571 13 0.0535 325 135 589 384 8 0.0533 517 266 769 512 3 0.0531 521 336 761 574 0 0.0530 318 336 569 570 6 0.0528 385 93 654 321 7 0.0528 446 520 702 749 6 0.0528 589 275 843 513 6 0.0527 456 462 703 689 11 0.0527 258 590 521 831 6 0.0527 218 481 595 672 7 0.0527 579 399 841 634 0 0.0525 444 136 713 381 6 0.0525 321 333 577 571 3 0.0524 582 401 837 640 3 0.0523 323 87 587 334 8 0.0523 321 334 561 571 9 0.0522 446 260 708 496 13 0.0522 391 341 652 573 11 0.0521 250 335 506 567 8 0.0520 317 203 558 445 11 0.0519 179 396 449 634 5 0.0519 312 264 566 505 6 0.0518 199 594 448 847 10 0.0518 327 454 578 702 8 0.0517 265 527 503 774 7 0.0517 133 526 385 775
NDSJuwPRKnpTn4OJQIORFp1YOZeLW4nF,11 0.0528 393 398 656 624 5 0.0523 330 397 580 627 0 0.0514 126 738 489 918
qgSLZDbrAKmjlslCmUIqdZ9YY0qgahbB,11 0.0554 387 730 635 952 8 0.0544 385 725 620 952 7 0.0541 332 720 569 947 6 0.0513 388 732 634 953 0 0.0506 330 723 568 947
MofB8yY0YGNuFhbNV19j588VtIeCxofQ,8 0.0624 244 0 496 191 11 0.0607 180 2 451 194 0 0.0582 240 0 502 196 13 0.0567 186 0 451 199 8 0.0562 129 1 373 204 5 0.0551 237 0 501 193 3 0.0532 243 0 507 197 10 0.0529 239 3 506 192 7 0.0528 245 0 509 195 6 0.0525 244 0 506 194
w88VQnzexZisG0aouSK7SAxIrEu115Va,5 0.0690 309 789 550 1019 5 0.0661 258 713 501 955 7 0.0645 265 716 506 957 11 0.0642 256 718 504 956 7 0.0633 313 790 559 1022 11 0.0625 309 792 552 1021 0 0.0622 262 714 503 962 8 0.0618 311 787 549 1022 10 0.0594 260 721 505 957 7 0.0590 375 710 629 955 13 0.0583 316 795 559 1023 10 0.0574 312 796 555 1023 8 0.0573 261 714 501 957 0 0.0572 311 791 557 1023 2 0.0567 262 721 506 958 6 0.0565 314 796 557 1023 6 0.0563 262 719 509 956 5 0.0560 366 709 621 953 2 0.0558 312 795 558 1023 0 0.0555 371 713 627 957 8 0.0552 371 714 620 955 13 0.0549 266 717 509 959 3 0.0546 314 792 556 1023 11 0.0542 365 715 624 952 3 0.0541 262 714 501 965 8 0.0516 46 144 294 357 6 0.0514 375 716 629 955 9 0.0512 310 794 554 1019 0 0.0504 382 133 634 374 11 0.0501 329 666 705 838 8 0.0500 335 665 690 842
K6hTX1YNyjPnj5e1ndTzCg47RGzbgV36,11 0.0635 638 461 897 690 0 0.0613 636 460 896 694 11 0.0597 386 605 643 845 8 0.0589 642 457 890 690 8 0.0581 336 682 683 867 10 0.0573 691 544 952 773 5 0.0573 386 603 637 848 7 0.0570 638 459 900 690 10 0.0569 628 613 893 853 0 0.0566 378 471 633 706 0 0.0565 550 146 811 388 0 0.0564 630 610 894 854 0 0.0564 386 606 643 848 8 0.0559 628 608 888 853 11 0.0559 375 472 635 705 5 0.0557 626 605 890 851 11 0.0556 624 609 895 848 6 0.0556 641 462 900 693 3 0.0555 630 609 893 856 5 0.0555 582 537 948 727 10 0.0551 636 462 896 690 11 0.0550 436 399 698 628 3 0.0545 641 458 900 695 5 0.0544 375 465 631 704 3 0.0543 340 684 696 871 7 0.0539 632 609 895 849 3 0.0539 379 474 637 712 10 0.0538 336 687 690 864 13 0.0534 339 683 701 867 8 0.0533 378 470 626 706 5 0.0532 547 138 807 383 7 0.0524 440 397 700 626 8 0.0521 111 33 381 250 13 0.0519 633 608 900 852 11 0.0519 576 789 820 1017 11 0.0518 548 143 815 384 2 0.0516 628 611 894 852 0 0.0511 620 206 889 457 7 0.0510 556 141 818 386 2 0.0509 387 607 642 849 6 0.0508 442 397 699 626 7 0.0508 389 603 646 849 7 0.0507 379 468 639 706 13 0.0505 591 542 968 728 8 0.0505 548 141 807 387 6 0.0504 382 467 636 705 3 0.0504 440 400 697 633 13 0.0503 382 468 641 709 5 0.0503 106 22 386 248 5 0.0502 436 393 694 627 13 0.0502 441 398 704 629 10 0.0501 438 399 697 628
eFuCq3ggeTayZZfAwClrP0M0jl8B9kBb,0 0.0627 573 331 834 569 5 0.0603 571 324 833 568 8 0.0593 574 331 829 564 7 0.0589 573 329 835 569 5 0.0589 516 261 774 499 7 0.0589 452 402 716 645 3 0.0588 580 332 837 573 5 0.0577 362 144 624 376 8 0.0575 447 138 688 375 10 0.0574 576 335 833 566 11 0.0574 625 385 901 626 8 0.0572 518 268 771 498 13 0.0564 574 333 841 568 6 0.0564 391 25 645 252 11 0.0563 515 270 780 497 6 0.0559 633 386 907 628 3 0.0558 522 268 778 508 11 0.0556 445 140 693 373 0 0.0555 448 142 692 381 6 0.0553 521 270 783 498 5 0.0548 513 129 765 369 7 0.0544 370 146 629 379 0 0.0540 389 28 639 256 0 0.0538 448 404 712 648 13 0.0538 371 148 634 377 8 0.0537 193 407 426 646 3 0.0536 522 133 770 380 13 0.0536 519 269 782 502 11 0.0532 385 32 644 251 0 0.0531 572 215 843 441 0 0.0531 644 264 918 495 5 0.0528 384 21 634 252 2 0.0526 519 275 777 501 5 0.0525 642 256 915 492 5 0.0522 442 398 705 641 10 0.0522 518 272 778 500 5 0.0521 185 405 443 642 2 0.0520 576 340 832 568 13 0.0520 518 131 775 371 8 0.0520 570 138 834 372 6 0.0517 451 139 694 374 10 0.0516 363 152 626 376 13 0.0515 195 409 452 646 0 0.0514 305 148 574 385 10 0.0513 517 133 767 370 3 0.0508 374 148 627 384 11 0.0507 569 137 845 367 5 0.0506 235 136 505 366 8 0.0503 388 30 633 255
0zeFNWSbydIhRpAbwCfxgFQccqWA9CS1,5 0.0631 129 786 370 1019 8 0.0631 141 864 497 1023 7 0.0619 131 787 380 1023 5 0.0583 194 711 437 956 0 0.0583 144 869 503 1023 7 0.0583 198 714 442 959 10 0.0577 130 726 372 951 11 0.0576 138 866 504 1022 13 0.0552 133 794 383 1023 6 0.0550 143 870 508 1023 10 0.0549 137 869 505 1023 11 0.0546 194 661 438 898 8 0.0541 198 716 433 955 11 0.0537 253 720 501 959 2 0.0533 137 870 509 1023 0 0.0526 202 659 437 905 0 0.0525 261 720 501 966 10 0.0523 256 724 500 959 0 0.0523 240 441 500 688 3 0.0522 201 714 441 964 11 0.0520 238 442 499 680 3 0.0513 143 865 507 1023 7 0.0505 171 456 430 695 6 0.0505 197 717 445 956 13 0.0504 198 717 449 960 3 0.0502 240 442 498 687
vgASj2iZe8utaJd74gVhI3ACJxA0lEkz,8 0.0598 571 411 811 647 5 0.0574 448 411 815 591 6 0.0566 466 414 826 591 3 0.0565 465 416 821 595 11 0.0551 517 421 873 598 7 0.0543 463 416 825 594 11 0.0537 570 464 820 705 13 0.0532 463 417 834 594 5 0.0531 564 459 820 702 6 0.0523 643 400 885 640 11 0.0521 421 361 691 592 0 0.0517 457 415 816 592 8 0.0514 440 416 687 661 7 0.0512 640 402 883 644 10 0.0512 567 415 820 648 13 0.0512 578 465 831 708 13 0.0510 238 0 502 204 2 0.0508 573 468 822 704 8 0.0507 0 0 332 159 11 0.0503 700 453 943 691 5 0.0502 631 397 876 643
AipPfdPPMNz1QT51WOEWP6exM9GePDRA,8 0.0639 24 875 375 1020 0 0.0626 23 877 382 1022 5 0.0608 19 877 378 1020 7 0.0594 25 876 386 1023 10 0.0575 23 880 383 1023 6 0.0569 31 881 384 1023 0 0.0554 0 795 324 978 13 0.0554 22 880 392 1023 3 0.0532 321 334 582 570 11 0.0531 22 878 387 1020 3 0.0530 30 882 383 1023 8 0.0527 1 791 309 976 2 0.0525 23 882 381 1023 11 0.0521 240 278 516 512 5 0.0520 0 793 316 974 11 0.0519 318 334 590 561 7 0.0518 300 282 584 508 8 0.0511 256 325 499 564 10 0.0503 0 797 316 974 6 0.0502 4 796 322 976
niviweobHVkVrd94o9iqjXwmsXticm2c,11 0.0588 316 782 565 1019 7 0.0582 248 782 500 1023 8 0.0578 249 782 490 1020 7 0.0570 319 724 575 961 0 0.0551 248 784 494 1023 5 0.0550 242 781 493 1018 10 0.0550 247 789 497 1020 11 0.0522 189 726 442 957 13 0.0519 250 786 502 1023 7 0.0511 246 665 512 904 10 0.0509 316 727 575 957 5 0.0507 228 397 494 630 7 0.0504 234 402 494 632 8 0.0501 319 722 563 959
PclDEvOQ3J145fh3Cu8miGcnvE0fCdDD,7 0.0608 383 277 644 505 3 0.0606 443 344 687 588 5 0.0598 299 269 562 509 3 0.0596 282 346 631 531 0 0.0594 198 352 551 526 7 0.0593 314 339 562 576 8 0.0584 387 276 636 499 11 0.0581 306 342 562 572 11 0.0580 375 277 644 502 5 0.0580 431 262 688 497 6 0.0569 276 347 634 526 7 0.0566 440 345 689 584 0 0.0564 380 274 643 503 8 0.0555 437 205 682 435 11 0.0548 232 413 496 644 6 0.0546 298 406 560 640 8 0.0542 247 340 492 576 11 0.0541 430 206 695 438 13 0.0536 282 346 642 529 11 0.0530 176 337 432 569 0 0.0528 441 347 688 580 5 0.0527 368 337 629 584 7 0.0526 249 276 504 512 10 0.0524 378 278 641 503 7 0.0520 434 205 694 440 11 0.0517 241 277 507 508 7 0.0508 367 415 626 650 7 0.0505 185 331 431 569 8 0.0504 242 740 493 972 11 0.0502 437 349 688 580
GHyb04wLvI7jPqYnOKrckeHa92DBvZsY,8 0.0565 378 398 635 631 5 0.0553 290 397 571 635 7 0.0539 383 393 648 636 8 0.0537 127 0 379 191 6 0.0536 380 397 646 630 0 0.0535 122 1 397 196 0 0.0531 376 393 643 636 11 0.0527 376 396 641 627 3 0.0517 382 399 647 639 8 0.0510 306 470 558 709
W4uE7qFhirk57O3L6amP9xpuvHDtX1Rb,14 1.0 0 0 1 1
5dPrJKrvzL0RFdnmTu4bWi14ncuvHWLP,0 0.0587 191 393 439 620 11 0.0578 317 531 570 762 8 0.0561 80 870 441 1021 11 0.0554 297 807 572 1021 5 0.0544 181 454 435 682 8 0.0541 192 452 430 686 13 0.0536 326 530 575 767 3 0.0526 263 517 509 764 11 0.0521 256 596 507 825 7 0.0513 80 868 459 1023 8 0.0510 323 528 559 764 11 0.0508 303 69 569 302 5 0.0504 73 866 447 1021 8 0.0503 302 806 565 1022 0 0.0503 321 531 564 767 6 0.0501 188 460 446 686
X7FYUzfqvw0YWXUjTxUZeERP5y0wyZTY,11 0.0600 433 605 685 842 0 0.0594 0 609 305 802 0 0.0591 116 0 384 193 8 0.0591 0 605 300 798 8 0.0582 43 9 308 242 5 0.0577 109 0 378 190 11 0.0577 176 2 454 193 5 0.0575 0 5 246 243 7 0.0574 42 12 318 243 11 0.0573 0 83 237 299 7 0.0570 2 81 240 297 0 0.0570 257 732 518 968 3 0.0563 119 2 383 195 5 0.0563 632 519 879 768 8 0.0559 5 77 231 298 0 0.0557 648 396 897 628 5 0.0556 702 463 950 695 11 0.0554 635 522 885 769 11 0.0552 38 15 318 245 6 0.0552 3 11 249 245 8 0.0550 165 665 517 852 13 0.0549 118 1 387 194 0 0.0548 707 468 952 697 8 0.0546 245 0 511 190 11 0.0544 0 614 317 795 3 0.0543 4 82 236 300 0 0.0540 0 79 238 297 11 0.0540 501 535 742 774 6 0.0540 119 0 382 189 8 0.0540 647 456 891 695 11 0.0536 564 467 822 705 7 0.0535 570 466 825 706 10 0.0534 40 14 316 239 13 0.0533 6 13 257 246 0 0.0533 162 669 529 856 3 0.0531 711 464 954 701 11 0.0529 256 737 518 961 7 0.0526 509 536 747 770 5 0.0524 641 389 896 628 7 0.0523 641 520 888 773 10 0.0522 0 80 238 295 13 0.0522 171 667 537 852 3 0.0520 643 518 885 775 13 0.0519 4 609 318 798 11 0.0519 708 470 957 689 11 0.0518 164 667 528 848 13 0.0516 440 603 694 846 0 0.0516 244 0 515 195 5 0.0515 251 730 514 962 7 0.0512 710 466 958 694 13 0.0511 715 403 965 627 2 0.0511 0 85 238 296 13 0.0510 247 2 523 195 13 0.0508 260 734 523 968 8 0.0507 505 537 738 770 6 0.0506 446 538 691 767 13 0.0506 509 537 756 772 7 0.0505 5 610 312 795 5 0.0505 0 604 302 797 0 0.0504 566 465 823 704 0 0.0504 639 524 883 770 6 0.0503 0 612 313 798 3 0.0503 448 536 687 775
1q36WoS12MQP7FpNnpC6QWQ5Ti3SMqZ2,8 0.0666 0 600 245 830 5 0.0643 0 544 253 773 8 0.0638 0 479 248 704 3 0.0628 4 652 248 893 0 0.0622 0 602 247 832 0 0.0620 0 481 255 703 3 0.0618 5 543 257 779 5 0.0616 0 655 245 891 11 0.0608 0 482 257 702 7 0.0604 0 480 257 704 11 0.0604 0 603 248 827 7 0.0600 1 656 252 890 8 0.0589 59 785 302 1013 5 0.0584 57 784 299 1011 10 0.0583 0 604 249 830 6 0.0579 2 544 264 774 6 0.0575 62 793 314 1009 6 0.0574 3 656 254 889 8 0.0574 66 672 317 902 11 0.0565 56 790 309 1011 11 0.0564 66 545 326 763 0 0.0560 54 789 307 1015 11 0.0555 58 673 323 898 0 0.0551 61 675 320 902 10 0.0550 0 485 253 702 0 0.0547 68 548 324 769 11 0.0540 440 734 715 946 2 0.0538 3 606 250 831 1 0.0537 0 652 250 892 2 0.0537 2 483 258 706 11 0.0535 389 270 658 517 11 0.0535 383 798 639 1022 10 0.0533 63 795 310 1010 3 0.0533 61 788 306 1016 0 0.0527 445 735 708 954 0 0.0521 443 605 705 828 5 0.0520 438 725 704 953 0 0.0511 385 197 642 439 9 0.0509 0 602 249 828 0 0.0509 371 674 641 900 3 0.0507 75 609 324 842 13 0.0503 62 790 317 1011 8 0.0502 73 543 317 771 11 0.0502 371 674 644 892 13 0.0501 399 268 664 529 1 0.0500 0 542 257 776
3FHRF2pWc0CVOK2Fq6SIhvrsdkdp2P41,11 0.0654 118 717 368 952 7 0.0649 121 715 369 956 8 0.0636 119 716 364 955 8 0.0630 81 866 423 1023 5 0.0627 118 714 364 955 0 0.0620 121 716 364 958 7 0.0613 640 790 886 1019 11 0.0610 636 797 880 1017 5 0.0589 71 863 424 1019 10 0.0587 117 720 368 953 11 0.0586 76 867 434 1021 0 0.0578 79 866 431 1023 6 0.0578 637 798 884 1020 7 0.0578 80 865 437 1022 11 0.0576 249 721 499 962 10 0.0576 71 870 433 1023 0 0.0572 252 717 497 972 5 0.0571 248 718 492 964 5 0.0563 631 791 875 1014 6 0.0563 121 718 369 955 0 0.0560 638 795 881 1019 3 0.0556 124 717 368 959 8 0.0554 253 719 491 967 7 0.0552 256 720 498 967 8 0.0542 636 790 873 1016 10 0.0537 250 723 497 964 12 0.0522 123 715 368 957 10 0.0518 634 797 879 1018 13 0.0517 122 716 374 956 0 0.0514 749 12 1011 248 6 0.0512 86 871 431 1023 3 0.0507 638 795 883 1023 5 0.0504 750 5 1012 237 11 0.0502 582 737 827 956
Uhbaj7NtmdsSg70enNN1n1046uOXyYvQ,11 0.0642 448 391 696 629 11 0.0642 510 276 763 511 8 0.0637 354 547 698 729 11 0.0632 350 546 704 729 7 0.0615 450 389 698 630 0 0.0614 508 272 760 515 11 0.0613 635 269 885 502 5 0.0609 456 543 821 724 5 0.0606 509 394 758 633 3 0.0603 464 545 823 726 11 0.0602 443 216 695 450 11 0.0601 564 653 831 884 0 0.0601 352 548 703 728 0 0.0601 447 391 696 632 8 0.0600 442 211 690 449 5 0.0598 441 208 692 452 7 0.0597 444 264 693 512 3 0.0596 570 650 831 892 0 0.0594 441 211 696 451 8 0.0594 439 330 680 576 8 0.0594 566 650 823 888 7 0.0593 566 796 822 1023 11 0.0592 646 472 897 697 7 0.0590 467 544 825 723 11 0.0589 562 799 814 1018 6 0.0589 444 268 690 512 11 0.0585 583 401 832 638 8 0.0585 585 401 823 642 11 0.0583 503 719 767 952 13 0.0582 569 651 836 888 5 0.0581 437 330 685 575 7 0.0578 582 272 826 519 0 0.0577 579 335 824 583 5 0.0576 562 647 827 887 3 0.0575 510 225 760 460 5 0.0573 579 332 823 581 8 0.0572 649 469 889 701 2 0.0571 513 398 761 633 11 0.0570 373 334 635 573 7 0.0569 509 715 772 953 6 0.0568 514 335 754 575 0 0.0568 644 410 892 642 0 0.0567 375 333 636 576 13 0.0566 567 800 825 1023 13 0.0566 513 336 758 577 0 0.0565 564 651 831 888 10 0.0565 448 394 695 629 5 0.0564 556 793 814 1021 6 0.0563 511 224 763 456 6 0.0562 464 543 823 723 3 0.0561 586 401 831 643 10 0.0560 351 549 704 729 11 0.0560 376 786 633 1017 8 0.0560 559 793 811 1023 8 0.0559 510 275 753 513 11 0.0559 245 331 502 558 8 0.0559 500 714 758 954 5 0.0558 509 270 757 514 3 0.0558 449 391 695 634 7 0.0557 588 400 834 641 6 0.0556 585 399 832 640 0 0.0556 499 715 763 955 8 0.0554 375 271 619 506 13 0.0551 444 266 695 513 2 0.0551 461 548 821 724 5 0.0549 500 712 761 955 10 0.0548 564 652 828 888 10 0.0548 440 215 699 451 2 0.0547 567 655 830 891 13 0.0547 505 718 772 957 6 0.0546 582 277 822 517 0 0.0546 559 797 816 1023 3 0.0546 565 798 819 1023 7 0.0545 571 649 835 889 3 0.0545 507 719 767 961 10 0.0545 577 277 823 517 0 0.0545 637 266 881 510 2 0.0544 442 272 688 513 3 0.0542 581 278 821 522 3 0.0540 440 270 686 514 3 0.0539 649 471 897 704 10 0.0538 375 340 635 574 7 0.0537 651 469 899 700 13 0.0537 360 547 710 730 13 0.0536 647 340 898 579 6 0.0534 568 651 830 888 10 0.0534 497 718 765 956 13 0.0533 587 403 834 644
9uVdBCR87J7UV1VBIHtuKIBPQD6npp14,8 0.0613 75 219 302 452 11 0.0602 0 614 324 786 5 0.0577 0 93 244 328 7 0.0573 7 610 323 789 8 0.0568 2 98 244 330 0 0.0566 0 101 252 331 0 0.0564 74 221 310 454 0 0.0561 0 611 326 792 8 0.0560 77 605 310 828 7 0.0560 2 103 250 332 0 0.0558 136 625 398 854 5 0.0556 67 217 303 453 3 0.0541 6 102 251 338 6 0.0537 1 101 254 332 6 0.0536 78 217 313 454 13 0.0531 4 100 261 334 7 0.0527 74 217 313 453 3 0.0524 81 220 312 457 6 0.0520 77 613 324 825 4 0.0517 3 108 256 334 13 0.0514 75 219 314 456 5 0.0510 0 610 315 787 7 0.0510 142 619 402 850 3 0.0509 2 609 324 792 11 0.0506 72 221 309 449 2 0.0501 0 105 252 332
uCvlFECXSxTH0RexjHcBp6GCO8Xoo2Pt,11 0.0604 436 320 706 561 0 0.0581 0 727 243 957 11 0.0578 372 402 646 651 0 0.0577 449 538 708 777 0 0.0571 440 788 696 1021 8 0.0564 0 719 237 952 5 0.0560 430 320 699 559 7 0.0558 370 263 640 498 8 0.0549 378 465 631 710 11 0.0549 447 471 712 698 0 0.0548 370 332 642 579 7 0.0548 380 405 647 651 5 0.0547 433 782 694 1016 0 0.0543 385 593 641 840 5 0.0541 371 400 640 647 11 0.0541 296 339 579 578 0 0.0539 376 463 645 713 8 0.0539 436 320 697 565 5 0.0536 384 590 637 831 11 0.0536 380 526 645 766 8 0.0535 448 785 688 1019 11 0.0535 0 729 245 954 11 0.0533 378 660 651 893 11 0.0532 441 787 695 1013 7 0.0530 446 785 704 1021 13 0.0529 380 466 646 710 3 0.0528 372 332 638 588 7 0.0526 386 523 646 773 0 0.0523 511 341 765 568 13 0.0523 372 267 643 500 11 0.0521 508 267 772 484 8 0.0521 448 541 699 773 6 0.0519 374 337 651 583 11 0.0518 366 265 635 495 7 0.0518 443 325 709 566 8 0.0516 757 0 1001 195 5 0.0513 747 0 1006 194 3 0.0512 2 722 239 960 11 0.0511 750 1 1010 189 7 0.0510 0 724 244 956 10 0.0509 389 597 637 833 5 0.0509 357 260 628 492 0 0.0508 296 260 568 504 6 0.0504 0 723 245 954 10 0.0502 369 340 636 575 7 0.0502 453 472 714 707 6 0.0501 386 525 650 766 13 0.0500 393 597 647 833
TJuj3sr3TLgavRje1cJpzv4NpWCP4B2Y,5 0.0618 226 209 487 436 11 0.0610 242 138 501 367 5 0.0599 316 127 571 374 5 0.0599 431 196 678 442 11 0.0583 308 219 564 448 8 0.0582 429 200 678 440 11 0.0580 308 814 554 1021 11 0.0579 239 299 498 513 0 0.0569 379 143 627 377 11 0.0555 379 144 631 371 0 0.0553 304 6 563 231 5 0.0552 181 807 443 1018 8 0.0548 313 216 558 446 7 0.0547 438 201 683 443 6 0.0546 241 298 500 517 7 0.0546 190 808 452 1023 11 0.0544 303 4 564 225 0 0.0538 183 287 433 506 0 0.0537 245 134 501 372 0 0.0535 310 216 562 452 6 0.0535 321 136 577 376 8 0.0533 386 66 636 290 11 0.0527 185 808 447 1021 0 0.0527 433 204 684 447 11 0.0522 243 669 498 896 5 0.0522 368 274 615 511 6 0.0522 379 281 620 514 3 0.0522 326 136 569 379 3 0.0520 190 808 449 1023 8 0.0518 130 811 381 1023 5 0.0518 375 60 637 292 6 0.0518 193 806 451 1021 8 0.0517 188 284 429 505 7 0.0516 312 0 569 230 8 0.0515 314 0 558 224 11 0.0513 370 283 621 508 8 0.0511 250 138 495 363 6 0.0509 307 359 554 590 8 0.0507 311 816 545 1023 13 0.0507 240 213 500 438 13 0.0505 377 282 626 515 3 0.0505 238 216 487 441 7 0.0504 315 215 567 451 3 0.0504 436 205 682 451 3 0.0504 392 65 638 300 0 0.0503 190 810 446 1023 6 0.0502 255 42 508 292 13 0.0500 386 138 640 371
ubs43lu2bu6Ni5m9HZoFaAJw75GufhGZ,5 0.0568 576 282 820 521 8 0.0558 584 285 814 519 0 0.0536 124 272 372 500 6 0.0535 512 405 760 651 11 0.0529 75 0 438 148 8 0.0526 511 338 748 584 11 0.0523 502 407 759 649 8 0.0522 80 0 420 149 0 0.0522 581 287 822 527 5 0.0520 501 397 748 647 0 0.0515 512 340 754 590 5 0.0513 450 576 696 821 11 0.0508 579 288 825 519 3 0.0505 514 343 755 593 7 0.0504 510 406 759 653 7 0.0504 459 582 705 824
zq1HshawbPip3hdsgMalMza2faGm4Rqe,11 0.0540 307 156 566 381 0 0.0535 510 282 764 516 8 0.0533 515 280 757 511 13 0.0531 141 795 392 1023 6 0.0525 136 800 390 1023 0 0.0524 139 798 389 1023 0 0.0510 311 213 568 445
el4xcFj7RPrlhx9qENf3za7GojCAFW6w,7 0.0613 180 660 441 887 11 0.0593 308 601 567 830 8 0.0593 258 718 505 957 11 0.0593 175 661 439 885 11 0.0593 300 463 563 684 7 0.0591 313 596 567 831 8 0.0591 312 600 556 831 0 0.0589 174 598 430 840 11 0.0587 255 723 510 954 8 0.0585 179 659 429 886 7 0.0584 258 719 514 958 5 0.0577 174 658 433 883 5 0.0571 251 720 503 952 3 0.0568 310 602 567 838 11 0.0564 371 793 633 1018 7 0.0562 378 725 639 959 0 0.0558 255 721 511 962 0 0.0553 312 600 565 836 0 0.0552 369 794 635 1023 0 0.0551 312 405 563 623 10 0.0542 177 662 439 888 13 0.0536 182 661 445 890 6 0.0533 176 661 440 887 13 0.0533 261 719 519 958 3 0.0531 306 464 564 689 5 0.0530 307 596 559 829 6 0.0528 313 599 568 832 13 0.0527 378 795 642 1023 8 0.0525 375 726 625 960 13 0.0518 313 598 572 833 3 0.0508 179 663 436 891 7 0.0503 311 400 566 618 3 0.0501 253 721 508 965
47gZFXazQufFpfBhp753evSxGPFZ69eH,8 0.0650 384 1 639 195 11 0.0633 380 0 644 195 7 0.0617 343 0 713 150 6 0.0611 510 284 775 522 5 0.0611 444 0 707 192 0 0.0607 447 0 710 194 0 0.0605 501 346 765 593 3 0.0599 448 0 709 196 11 0.0595 569 362 838 587 6 0.0593 571 360 846 594 7 0.0591 506 347 770 586 3 0.0588 580 357 836 598 8 0.0587 506 284 760 521 5 0.0582 496 342 763 589 13 0.0580 383 1 650 197 11 0.0580 505 287 768 518 13 0.0577 577 357 844 592 8 0.0576 573 361 833 590 10 0.0566 333 2 703 150 10 0.0564 374 26 642 270 6 0.0563 446 1 713 192 0 0.0559 509 210 761 452 11 0.0558 61 614 320 834 2 0.0551 385 3 643 194 7 0.0547 514 210 767 448 3 0.0546 512 284 765 526 5 0.0543 510 208 760 448 1 0.0535 444 0 706 193 9 0.0532 383 0 643 193 13 0.0531 509 287 771 523 10 0.0525 515 213 763 444 6 0.0522 67 614 326 836 10 0.0521 502 352 765 586 0 0.0519 311 0 577 199 12 0.0513 386 0 647 199 8 0.0512 64 611 316 836 1 0.0507 494 344 761 591 2 0.0505 509 287 764 518 8 0.0501 303 345 570 573
p4UOCQzhsO79VXn2hTKuYXT0qKn5Yoo4,11 0.0530 253 683 513 897 11 0.0523 262 396 516 640 5 0.0519 390 607 647 833 0 0.0517 259 265 510 507 11 0.0517 393 615 653 832 8 0.0515 390 331 629 561 5 0.0514 319 681 575 902 8 0.0512 254 266 497 504 0 0.0507 243 149 512 389 0 0.0505 395 618 653 841 11 0.0502 321 337 584 577
meaykEsh6zylYQLrAAm2p5CkLXMyVs3V,8 0.0647 535 343 867 536 8 0.0610 300 541 553 784 5 0.0603 525 344 870 536 5 0.0598 294 534 561 780 8 0.0596 326 223 672 418 11 0.0595 527 347 881 533 8 0.0585 260 650 512 902 11 0.0584 297 544 562 786 6 0.0579 506 339 755 580 3 0.0576 538 349 881 541 11 0.0575 453 417 819 608 5 0.0575 253 642 516 896 8 0.0574 467 412 807 610 0 0.0573 634 327 893 571 7 0.0570 264 649 517 905 0 0.0569 499 339 752 581 6 0.0566 302 541 568 780 11 0.0564 256 653 516 897 7 0.0564 638 322 896 570 13 0.0556 639 323 895 571 3 0.0552 304 586 566 842 5 0.0549 455 410 808 608 8 0.0548 364 481 618 725 7 0.0547 501 336 756 578 6 0.0547 263 646 517 900 13 0.0544 262 649 519 900 5 0.0543 549 93 812 319 10 0.0542 498 342 757 577 3 0.0541 468 417 821 613 13 0.0536 328 226 687 418 0 0.0528 306 577 565 839 11 0.0528 413 482 696 722 2 0.0524 536 351 881 534 8 0.0521 306 401 552 642 9 0.0520 295 541 560 775 11 0.0518 324 228 680 417 3 0.0518 303 477 564 719 8 0.0517 551 99 810 322 0 0.0516 552 97 816 324 13 0.0516 500 336 759 577 10 0.0515 636 332 890 567 8 0.0514 193 788 435 1022 6 0.0513 307 407 569 641 10 0.0512 298 546 564 781 3 0.0508 425 477 695 729 6 0.0506 560 103 823 319 6 0.0506 337 224 685 419 10 0.0505 552 103 821 322
HFuo49oSsBVXvVnR7tFcuckfhOsEgOyA,11 0.0672 3 785 237 1016 8 0.0665 0 718 229 956 0 0.0613 1 782 241 1018 6 0.0607 4 784 241 1013 5 0.0585 0 781 230 1015 5 0.0576 365 385 627 618 1 0.0571 0 779 235 1016 7 0.0566 6 781 239 1017 0 0.0564 366 389 632 622 13 0.0561 751 156 1017 389 13 0.0553 4 785 240 1018 3 0.0551 6 782 235 1019 10 0.0546 6 784 234 1017 8 0.0540 370 387 620 620 11 0.0538 367 391 631 618 8 0.0538 753 155 1002 388 2 0.0534 6 785 240 1013 10 0.0524 366 391 630 618 3 0.0519 368 389 633 623 6 0.0518 368 389 637 619 7 0.0516 370 385 634 619 0 0.0514 131 0 400 239 0 0.0513 751 157 1009 388 13 0.0512 371 390 638 625 11 0.0501 746 158 1014 382
Ro3GYjPClmzkCPW0bEpygvDaMVGiE3AN,8 0.0653 310 595 558 825 8 0.0645 371 533 629 765 5 0.0639 240 599 507 835 6 0.0618 377 535 641 762 7 0.0618 308 592 568 831 8 0.0604 241 660 499 891 0 0.0602 308 595 565 829 11 0.0600 237 664 506 889 13 0.0594 248 605 516 834 8 0.0589 643 33 867 263 5 0.0582 368 586 628 826 7 0.0581 241 523 520 763 11 0.0579 370 595 627 828 0 0.0578 183 650 443 883 11 0.0573 295 471 582 704 5 0.0570 573 0 832 217 7 0.0569 377 531 645 768 13 0.0567 307 664 574 899 13 0.0567 373 594 641 829 6 0.0567 308 596 567 824 10 0.0566 656 10 896 230 3 0.0566 310 596 565 832 7 0.0562 240 660 512 894 6 0.0561 242 525 516 758 5 0.0558 293 518 569 755 7 0.0555 574 0 840 219 8 0.0554 239 525 503 759 3 0.0551 240 661 508 897 6 0.0551 185 652 451 881 0 0.0551 573 2 833 217 5 0.0542 131 594 373 829 0 0.0540 370 531 640 770 11 0.0531 567 0 829 217 11 0.0528 302 725 567 946 13 0.0527 307 522 586 758 0 0.0519 421 720 688 961 8 0.0513 305 717 560 948 9 0.0512 304 598 563 819 11 0.0506 432 485 688 717 13 0.0506 138 601 386 831 3 0.0505 582 0 828 223 3 0.0503 307 473 583 713 1 0.0503 305 589 566 831 5 0.0503 427 472 684 713 10 0.0502 302 530 574 758
IPWtMk9UQm8WrDnexcxKPjb7pjbJH2fU,5 0.0606 557 269 820 507 11 0.0600 347 414 710 605 0 0.0582 504 292 760 520 0 0.0579 348 415 709 608 11 0.0568 516 298 870 472 11 0.0554 507 337 769 571 8 0.0548 562 270 813 510 0 0.0542 0 5 248 241 8 0.0542 350 411 704 609 11 0.0541 317 507 575 748 6 0.0539 510 292 766 517 11 0.0531 0 11 252 236 10 0.0530 504 296 763 518 3 0.0529 528 297 871 482 2 0.0525 511 342 770 574 13 0.0523 353 415 719 610 6 0.0522 352 415 717 606 5 0.0521 339 414 701 604 13 0.0518 511 335 775 573 5 0.0518 0 2 246 240 7 0.0512 568 271 825 513 7 0.0512 505 388 770 631 11 0.0510 631 210 897 445 8 0.0508 3 2 242 238 3 0.0502 356 415 710 611
0mRtNlaYXqDATgihiDVQdRseZgo8rCba,5 0.0646 378 782 620 1019 5 0.0634 552 796 801 1021 8 0.0621 383 781 619 1022 11 0.0605 558 797 804 1021 7 0.0601 384 784 629 1021 8 0.0597 560 793 798 1023 11 0.0593 380 786 623 1018 11 0.0592 240 462 497 696 6 0.0577 382 788 626 1023 0 0.0570 258 728 504 973 7 0.0562 117 728 355 970 6 0.0559 560 802 809 1022 0 0.0559 381 785 624 1023 3 0.0555 384 782 624 1023 0 0.0550 559 796 804 1023 7 0.0550 371 593 632 820 11 0.0548 362 529 630 761 8 0.0546 245 458 492 696 10 0.0537 186 729 429 958 10 0.0536 380 786 623 1021 13 0.0536 565 800 810 1023 7 0.0534 564 796 813 1021 11 0.0530 186 727 427 961 5 0.0530 184 717 423 957 8 0.0530 191 720 422 960 13 0.0528 325 791 572 1023 3 0.0518 563 796 808 1023 2 0.0516 383 788 625 1022 11 0.0513 435 587 697 824 9 0.0511 376 786 623 1023 10 0.0509 560 800 806 1023 0 0.0504 117 730 359 975 7 0.0501 182 660 435 890
q1N4iphiqmL6YOwy4BMKn2KRv0zWLeRj,0 0.0655 436 600 697 839 11 0.0635 384 390 649 637 8 0.0618 436 601 690 836 5 0.0611 434 601 694 834 5 0.0609 366 725 622 960 0 0.0605 337 485 673 668 11 0.0603 438 667 706 902 11 0.0594 369 732 627 959 7 0.0594 375 728 627 963 3 0.0590 391 388 651 643 7 0.0588 445 665 706 904 7 0.0587 340 488 677 667 0 0.0583 372 725 626 967 11 0.0581 275 669 636 845 8 0.0572 375 727 618 961 5 0.0570 209 668 561 843 6 0.0568 438 605 700 836 7 0.0568 281 669 638 847 3 0.0565 375 728 627 966 7 0.0562 342 355 709 537 10 0.0559 275 671 632 845 10 0.0557 368 730 623 959 13 0.0557 378 729 631 965 0 0.0556 276 666 634 849 5 0.0554 330 425 685 609 3 0.0550 446 664 705 906 13 0.0549 340 486 682 664 13 0.0544 284 668 644 848 8 0.0542 337 486 662 664 13 0.0539 337 358 710 538 10 0.0538 439 667 704 902 13 0.0533 442 604 700 837 0 0.0532 333 355 702 536 2 0.0522 320 393 586 636 8 0.0522 280 667 625 847 6 0.0522 374 728 628 961 3 0.0520 281 670 641 849 8 0.0518 332 358 687 536 6 0.0518 324 390 588 635 6 0.0510 341 357 707 536 2 0.0506 441 669 705 903 9 0.0506 309 732 558 955
MnQKHNCojQeW8d54m3LvDpr48CHnbERJ,11 0.0650 497 2 758 240 8 0.0641 440 6 699 250 11 0.0633 276 1 623 154 7 0.0630 374 8 646 254 0 0.0624 497 1 761 245 8 0.0619 504 72 749 317 11 0.0616 448 71 709 313 7 0.0611 450 69 716 319 5 0.0610 367 4 640 250 5 0.0608 439 125 697 379 3 0.0608 502 2 762 246 3 0.0606 566 87 810 318 6 0.0605 504 1 761 240 8 0.0604 588 529 831 770 7 0.0604 502 0 763 243 5 0.0603 494 0 759 242 0 0.0602 314 15 582 261 5 0.0601 580 526 834 770 13 0.0598 445 1 712 251 6 0.0595 343 1 697 152 8 0.0591 374 69 636 316 6 0.0590 449 70 715 318 3 0.0590 448 71 712 321 0 0.0588 511 136 757 386 2 0.0586 500 3 760 242 0 0.0584 337 0 694 153 8 0.0582 209 3 547 157 8 0.0582 572 138 814 374 10 0.0581 505 74 754 315 9 0.0579 440 2 705 247 0 0.0577 587 533 839 770 5 0.0574 557 79 809 309 3 0.0573 280 1 626 159 10 0.0573 439 8 707 250 13 0.0571 215 0 567 159 11 0.0570 560 85 810 308 11 0.0568 576 445 826 694 13 0.0567 315 71 591 327 12 0.0566 502 0 762 243 7 0.0564 218 0 562 158 11 0.0560 587 327 834 575 3 0.0557 582 444 825 704 2 0.0556 448 73 711 314 9 0.0553 274 0 628 154 8 0.0553 592 324 822 579 3 0.0552 592 324 832 585 1 0.0552 497 0 759 241 10 0.0552 312 21 582 259 7 0.0551 582 440 827 697 6 0.0551 584 439 827 696 5 0.0551 566 192 828 435 5 0.0550 492 593 753 832 3 0.0550 574 198 830 443 13 0.0550 445 132 709 377 7 0.0549 316 74 587 326 11 0.0548 568 199 831 433 7 0.0548 566 82 815 311 0 0.0546 637 445 890 685 6 0.0546 567 86 813 310 6 0.0545 575 194 834 435 11 0.0544 386 605 758 780 13 0.0543 582 444 831 698 5 0.0539 201 0 556 156 9 0.0538 375 65 644 313 8 0.0537 494 596 750 834 7 0.0537 574 194 831 437 2 0.0536 279 2 624 154 6 0.0536 594 322 834 576 2 0.0533 562 88 811 309 6 0.0532 498 597 759 833
QCsNW5ulKzFCHAqe6vfaSIc69JM8FMlb,8 0.0640 383 347 635 579 11 0.0628 383 351 638 577 5 0.0627 196 414 566 595 3 0.0625 382 351 643 581 5 0.0620 177 460 440 701 0 0.0609 379 348 642 578 8 0.0604 332 481 680 659 7 0.0601 382 347 643 578 8 0.0601 322 286 594 506 11 0.0599 240 344 520 571 6 0.0586 319 405 585 648 11 0.0584 321 288 602 504 6 0.0582 383 348 645 576 0 0.0582 330 480 689 661 13 0.0578 276 416 640 597 8 0.0578 246 342 510 570 11 0.0574 376 464 638 710 3 0.0574 242 345 520 576 5 0.0572 376 344 636 575 13 0.0571 243 461 504 708 10 0.0569 378 350 640 574 3 0.0568 332 481 690 663 11 0.0567 239 467 501 703 6 0.0562 245 525 503 768 11 0.0556 171 403 445 640 7 0.0556 319 403 583 651 13 0.0554 320 287 614 507 5 0.0554 321 478 683 659 2 0.0552 384 354 641 574 0 0.0551 243 340 520 573 8 0.0548 174 400 432 640 8 0.0546 243 465 491 704 13 0.0545 337 479 697 662 6 0.0542 246 340 522 569 13 0.0542 252 569 506 831 11 0.0540 307 532 566 772 0 0.0540 241 462 499 706 5 0.0539 117 395 373 639 7 0.0537 243 338 520 572 2 0.0537 329 484 687 659 12 0.0536 321 346 585 584 8 0.0535 381 518 624 769 0 0.0535 377 520 631 774 10 0.0533 179 469 439 703 10 0.0532 328 482 692 659 13 0.0532 176 399 446 644 6 0.0530 328 286 605 502 7 0.0529 177 395 442 638 8 0.0528 421 653 680 897 3 0.0526 175 406 437 646 10 0.0525 242 411 510 639 6 0.0523 308 647 576 887 6 0.0522 185 466 444 703 0 0.0521 177 398 441 639 1 0.0520 269 412 631 596 11 0.0520 373 590 629 835 7 0.0511 243 463 502 705 3 0.0509 241 467 499 708 10 0.0507 203 354 564 529 2 0.0505 239 466 499 703 3 0.0502 381 521 633 776 9 0.0502 237 465 500 698
1DjmNkSNTqBEJIb6xGU6iTLtLt6louhZ,8 0.0606 373 269 610 505 11 0.0590 363 345 628 573 11 0.0589 299 278 563 505 7 0.0578 376 272 623 511 6 0.0574 369 344 633 575 5 0.0567 301 205 562 432 2 0.0564 371 279 612 506 6 0.0550 305 280 564 506 0 0.0540 301 277 559 508 5 0.0537 365 265 614 502 11 0.0534 308 155 576 373 3 0.0532 306 279 562 510 3 0.0530 373 345 631 577 11 0.0528 242 220 504 432 3 0.0527 456 278 691 515 7 0.0525 316 153 577 371 6 0.0520 319 156 573 373 5 0.0518 233 145 499 368 6 0.0517 383 207 631 435 11 0.0515 301 413 562 653 7 0.0514 459 354 717 591 8 0.0512 315 152 562 371 8 0.0510 360 408 619 653 13 0.0508 242 276 505 503 8 0.0505 458 353 701 584 6 0.0505 304 410 565 649 5 0.0501 230 268 493 496
SvdEciqFNDPosS3ovzIZjbh0PRkvhsqi,6 0.0633 529 610 882 796 5 0.0609 494 395 744 638 11 0.0604 392 611 762 799 0 0.0604 646 525 895 773 0 0.0592 499 402 749 637 0 0.0592 221 673 552 852 11 0.0591 214 677 554 847 5 0.0590 560 578 817 828 6 0.0584 408 541 780 738 5 0.0584 217 672 550 848 0 0.0583 324 466 575 705 0 0.0580 498 517 747 760 8 0.0572 394 611 749 799 7 0.0570 414 541 774 736 7 0.0567 219 674 555 849 0 0.0565 328 335 582 577 10 0.0562 219 680 551 847 8 0.0561 499 521 742 756 5 0.0555 555 464 805 704 5 0.0554 318 521 567 766 5 0.0551 320 391 572 638 6 0.0550 326 468 581 702 11 0.0549 507 463 753 693 5 0.0546 391 603 754 799 11 0.0545 644 527 899 765 8 0.0544 561 591 813 830 8 0.0536 645 523 887 772 13 0.0534 402 607 762 799 3 0.0533 220 676 550 856 13 0.0532 225 672 558 850 3 0.0530 400 611 760 802 13 0.0528 327 465 582 702 3 0.0528 326 469 576 708 3 0.0527 565 532 822 772 8 0.0526 221 675 542 848 8 0.0526 323 532 563 766 13 0.0525 567 650 839 894 0 0.0525 565 651 830 890 0 0.0525 259 529 505 770 7 0.0525 325 463 580 705 5 0.0524 242 463 498 698 6 0.0524 223 676 556 847 11 0.0523 323 402 580 638 10 0.0521 398 611 758 800 6 0.0521 643 467 894 710 6 0.0520 259 530 509 767 8 0.0520 502 399 740 638 5 0.0520 640 520 891 769 7 0.0519 258 526 508 771 9 0.0518 501 521 754 752 7 0.0518 526 609 883 795 13 0.0516 646 523 904 779 10 0.0514 562 533 820 765 0 0.0512 192 456 454 704 11 0.0509 256 529 506 766 6 0.0507 333 336 589 574 2 0.0506 559 592 819 827
o02Z1351TUDMIi9TgcHjyURdQjqqldYD,8 0.0561 241 103 481 336 5 0.0547 240 596 504 836 0 0.0544 164 162 409 382 11 0.0539 234 107 496 335 0 0.0538 242 656 502 902 7 0.0537 192 600 454 854 10 0.0535 243 113 493 335 11 0.0526 242 605 509 835 8 0.0525 244 607 495 839 7 0.0521 254 542 521 781 6 0.0518 247 604 510 838 5 0.0517 229 100 484 332 11 0.0513 235 215 512 437 7 0.0513 179 100 425 330 11 0.0513 323 471 595 707 8 0.0507 249 483 514 724 0 0.0504 239 109 487 335 8 0.0502 2 268 261 492 11 0.0501 159 161 412 382
XXYmjxuV4XaeQZk0cML6TcxrPsdmUrFI,5 0.0595 697 150 951 383 5 0.0583 615 340 893 572 11 0.0580 454 447 703 685 13 0.0580 589 457 846 698 0 0.0578 451 447 706 691 0 0.0577 700 153 949 384 10 0.0566 452 450 705 690 0 0.0559 584 458 841 700 6 0.0559 634 158 900 385 0 0.0558 553 277 815 503 8 0.0558 454 445 697 691 13 0.0555 462 449 714 689 11 0.0552 583 457 839 694 8 0.0552 704 152 943 383 7 0.0549 459 443 711 686 8 0.0544 586 453 831 700 11 0.0542 700 154 954 381 10 0.0541 583 462 836 696 6 0.0537 578 407 828 638 0 0.0536 630 96 898 320 10 0.0535 697 154 952 383 11 0.0529 627 101 901 315 7 0.0527 588 457 842 699 5 0.0526 624 91 900 315 10 0.0522 626 101 896 314 13 0.0521 704 153 959 388 7 0.0521 702 151 955 385 5 0.0520 451 441 705 685 3 0.0519 627 281 887 519 5 0.0514 548 264 812 496 6 0.0512 635 347 893 578 6 0.0511 575 86 861 307 3 0.0511 706 152 954 390 6 0.0505 459 450 705 690 8 0.0502 623 279 873 513
qSU15UgNXHFvsOjeWBCcAL603FJoRT7e,0 0.0598 443 657 693 891 11 0.0580 437 660 699 889 5 0.0568 313 667 567 905 11 0.0562 315 732 569 960 5 0.0561 439 653 688 886 7 0.0554 321 727 572 966 13 0.0552 328 732 575 965 7 0.0551 447 657 699 889 6 0.0549 446 661 697 889 8 0.0548 321 672 566 910 0 0.0545 319 670 571 910 11 0.0540 449 402 694 638 11 0.0537 389 277 646 501 7 0.0536 477 548 840 739 11 0.0533 388 463 640 703 8 0.0528 445 658 688 891 8 0.0527 386 227 640 441 3 0.0526 445 658 694 895 0 0.0526 463 341 708 571 13 0.0524 334 393 580 637 13 0.0523 257 668 519 893 0 0.0523 249 319 505 567 0 0.0522 504 735 751 960 8 0.0522 451 400 685 641 6 0.0521 323 671 577 906 13 0.0520 397 462 646 703 7 0.0520 383 534 627 773 7 0.0519 511 400 759 636 10 0.0518 445 665 695 891 3 0.0516 322 725 566 968 8 0.0513 253 321 491 569 13 0.0508 255 318 510 568 11 0.0507 499 737 756 954 11 0.0506 316 597 566 832 13 0.0502 445 660 702 894 8 0.0502 396 337 632 571 10 0.0500 316 730 567 959 11 0.0500 465 550 839 738
bMkRJeF6l9TVT60SDEWnMl3GEVhLnTL5,11 0.0624 344 481 726 670 0 0.0600 346 481 732 674 11 0.0584 322 401 575 639 0 0.0574 324 400 575 646 8 0.0567 349 481 720 673 13 0.0566 329 399 584 644 11 0.0556 387 531 642 762 13 0.0555 352 481 740 672 7 0.0550 349 481 733 673 11 0.0546 245 340 506 574 5 0.0545 342 479 722 671 6 0.0542 330 404 580 644 8 0.0540 2 0 333 146 11 0.0540 387 343 638 570 7 0.0538 330 400 576 645 11 0.0536 418 809 686 1021 3 0.0532 394 533 643 771 0 0.0532 390 531 641 767 6 0.0531 259 343 512 579 6 0.0531 353 483 737 670 8 0.0531 769 0 1014 204 3 0.0531 350 485 728 675 8 0.0529 391 532 635 767 0 0.0527 766 3 1023 209 10 0.0526 395 405 633 637 5 0.0525 321 397 573 640 0 0.0522 455 398 695 628 2 0.0520 351 486 734 672 13 0.0518 392 531 647 767 10 0.0513 166 784 432 1016 13 0.0512 165 786 438 1018 13 0.0512 770 0 1023 211 0 0.0511 420 807 689 1023 7 0.0510 391 530 646 765 3 0.0509 766 1 1023 211 5 0.0509 760 0 1016 206 0 0.0509 250 341 503 582 13 0.0508 255 341 516 583 11 0.0507 762 3 1023 203 2 0.0507 328 405 576 642 0 0.0503 1 0 354 150 8 0.0501 324 336 566 580 3 0.0500 425 807 688 1023
qLkwlQVE33kmW8HEhiP0RY9ciEhu4KtV,0 0.0617 0 363 242 591 8 0.0607 265 74 503 306 8 0.0599 0 472 245 719 11 0.0588 0 476 247 718 8 0.0587 0 365 235 594 6 0.0585 3 365 240 586 6 0.0582 1 473 249 716 11 0.0581 261 73 511 306 0 0.0580 201 143 441 383 7 0.0574 58 598 323 838 0 0.0574 267 73 510 308 5 0.0571 191 141 438 378 0 0.0570 0 474 248 721 7 0.0561 206 140 449 379 5 0.0558 0 361 238 591 8 0.0558 329 0 572 199 3 0.0558 2 421 242 657 8 0.0555 200 143 437 380 8 0.0554 377 150 628 378 11 0.0553 0 366 241 591 5 0.0550 0 470 246 716 7 0.0543 2 363 244 594 11 0.0543 326 0 583 198 7 0.0540 3 470 254 718 5 0.0538 259 67 510 307 13 0.0536 205 143 448 383 0 0.0532 54 600 314 845 11 0.0531 199 146 445 377 5 0.0529 257 199 492 434 0 0.0529 262 204 496 437 2 0.0524 0 425 242 649 6 0.0523 206 146 448 381 13 0.0518 335 2 590 199 8 0.0517 263 203 489 433 5 0.0514 341 151 699 352 2 0.0513 263 76 512 308 13 0.0513 2 470 253 716 11 0.0512 322 153 574 389 6 0.0511 328 154 577 386 10 0.0510 199 90 442 309 11 0.0510 260 209 502 435 5 0.0508 324 0 577 198 13 0.0507 263 208 501 441 6 0.0506 268 72 516 310 13 0.0505 268 75 517 308 7 0.0505 269 67 519 310 0 0.0505 376 147 640 381 13 0.0504 63 411 322 637 2 0.0502 199 145 443 377
juogYOE1hq2KhvWAGPNS1ENMZ4Zexqbp,8 0.0605 4 0 356 152 5 0.0589 383 543 737 732 11 0.0566 0 3 366 153 0 0.0549 0 0 367 155 3 0.0538 2 2 366 156 11 0.0532 389 549 736 733 6 0.0530 3 1 371 150 8 0.0530 392 547 729 736 5 0.0529 0 0 358 154 13 0.0528 376 35 660 253 8 0.0514 373 38 647 262 7 0.0513 4 0 366 154 13 0.0507 5 1 382 156 7 0.0506 390 545 748 735
uFxhJurTcnbFCg1rspEN373jcbMvcWLb,8 0.0620 404 418 740 598 5 0.0605 396 416 745 596 11 0.0599 379 336 638 584 8 0.0594 332 481 692 659 3 0.0573 344 413 689 603 10 0.0566 338 419 695 598 11 0.0564 472 360 825 534 7 0.0562 407 354 753 532 6 0.0558 404 420 749 597 13 0.0553 477 360 828 535 5 0.0552 400 278 749 464 11 0.0545 329 484 704 659 0 0.0543 341 418 691 602 6 0.0538 325 392 573 639 13 0.0534 388 400 639 650 5 0.0532 318 392 566 639 5 0.0529 241 449 498 690 11 0.0528 245 458 502 692 2 0.0525 475 363 825 534 0 0.0525 246 457 502 693 3 0.0524 407 353 753 534 0 0.0522 191 214 433 445 3 0.0522 320 459 577 702 8 0.0521 249 449 496 690 7 0.0521 410 484 771 662 0 0.0520 401 357 752 531 7 0.0518 250 454 505 693 8 0.0516 402 280 746 467 6 0.0515 250 458 505 692 11 0.0514 403 283 753 466 9 0.0508 398 421 745 591 12 0.0503 341 419 693 601 7 0.0502 325 395 572 643
y4F3AIxqq8pzICVy4jASwc07D50PCvVW,5 0.0637 309 268 565 517 5 0.0626 375 66 633 318 11 0.0608 310 272 566 517 6 0.0608 248 263 505 519 11 0.0596 243 334 499 581 5 0.0591 240 330 496 580 0 0.0585 244 265 503 519 6 0.0584 313 1 569 197 0 0.0580 382 71 637 318 8 0.0579 317 135 562 372 11 0.0579 247 197 508 440 11 0.0578 320 24 574 257 11 0.0576 314 135 568 371 3 0.0574 245 264 504 521 11 0.0570 177 272 445 511 5 0.0569 244 191 505 443 8 0.0568 248 263 495 517 0 0.0567 319 133 571 376 5 0.0566 502 457 759 699 8 0.0565 379 73 628 313 7 0.0564 326 19 579 263 8 0.0562 509 465 758 704 6 0.0560 509 465 770 700 7 0.0559 247 328 500 583 6 0.0557 326 82 581 327 7 0.0557 320 131 574 376 6 0.0553 253 135 503 379 11 0.0551 566 212 816 439 10 0.0551 379 76 640 314 7 0.0551 250 193 510 444 13 0.0551 317 268 571 524 5 0.0547 568 204 812 444 3 0.0546 383 71 638 322 11 0.0544 506 465 766 694 13 0.0542 249 332 504 589 2 0.0542 511 472 770 706 9 0.0540 376 72 639 311 10 0.0538 245 200 509 442 7 0.0537 514 462 771 704 6 0.0536 571 139 822 379 0 0.0535 571 211 811 443 5 0.0533 180 402 443 640 13 0.0532 514 465 776 699 10 0.0530 259 90 507 327 13 0.0528 249 194 514 446 0 0.0527 510 464 766 703 6 0.0526 192 402 449 646 3 0.0526 320 132 571 379 2 0.0525 316 138 568 373 7 0.0525 318 269 572 521 8 0.0524 118 404 383 645 3 0.0520 514 462 765 707 13 0.0520 383 71 644 315 10 0.0517 314 273 569 518 12 0.0514 380 69 640 318 2 0.0512 245 270 503 515 9 0.0512 314 133 569 367 0 0.0512 190 405 445 644 12 0.0512 248 265 506 517 11 0.0512 699 337 944 573 5 0.0506 257 80 506 324 4 0.0504 382 74 640 314 7 0.0504 636 135 885 394 11 0.0504 114 488 395 707 3 0.0503 576 214 812 452 5 0.0503 174 267 441 513
YASF80koTJCeSoWKo6fkkPVK9DnPxV2H,5 0.0683 243 591 502 831 8 0.0680 308 588 560 830 11 0.0654 251 529 503 771 11 0.0653 449 594 704 839 5 0.0648 380 586 646 832 8 0.0646 376 653 635 900 8 0.0645 452 593 698 840 7 0.0637 247 593 504 835 7 0.0628 384 588 651 835 0 0.0626 309 585 564 833 6 0.0622 451 594 708 840 13 0.0621 380 654 644 902 3 0.0620 455 594 702 845 11 0.0619 370 657 638 898 13 0.0618 313 586 572 829 11 0.0607 564 667 817 906 0 0.0605 182 605 441 846 6 0.0603 376 655 643 900 13 0.0601 187 607 450 843 7 0.0600 448 657 701 899 11 0.0596 432 726 691 960 6 0.0595 310 589 569 829 6 0.0594 184 612 445 844 13 0.0593 453 594 710 841 8 0.0587 183 607 439 843 10 0.0586 308 589 565 830 3 0.0583 377 655 638 903 10 0.0580 444 661 697 900 11 0.0580 180 609 440 840 0 0.0580 375 651 638 901 3 0.0578 310 589 565 835 2 0.0577 382 593 646 833 8 0.0575 569 665 810 908 2 0.0574 568 666 815 909 0 0.0573 451 591 703 843 5 0.0568 365 716 623 960 12 0.0562 446 656 698 900 10 0.0562 183 612 441 841 0 0.0561 567 665 815 908 5 0.0560 564 661 813 905 5 0.0559 124 596 389 825 5 0.0556 498 719 750 963 7 0.0554 569 664 817 908 9 0.0551 308 585 563 828 4 0.0549 376 658 644 899 10 0.0548 568 670 815 906 4 0.0548 309 592 571 829 2 0.0547 444 658 695 901 9 0.0545 449 593 704 838 3 0.0544 183 610 440 848 7 0.0543 370 726 634 967 2 0.0541 254 530 503 775 9 0.0539 374 653 635 897 12 0.0536 382 589 648 836 0 0.0535 310 782 566 1013 1 0.0534 241 591 501 832 0 0.0532 570 795 810 1023 13 0.0532 571 668 819 911 6 0.0532 571 667 816 907 7 0.0531 132 599 393 830 11 0.0529 569 794 809 1021 3 0.0527 567 665 815 914 1 0.0524 442 653 698 903 11 0.0522 307 789 564 1009 10 0.0519 367 729 631 964 2 0.0519 187 613 439 843 12 0.0515 248 595 501 832 1 0.0513 563 660 814 910 13 0.0510 377 784 634 1011 9 0.0509 566 666 811 907 8 0.0508 307 784 555 1012 10 0.0505 502 728 755 964
yrMoTDmkALMEEeOdqzGOzaGbbByubrpi,0 0.0664 454 540 824 734 11 0.0647 371 782 630 1022 0 0.0644 380 528 633 768 11 0.0643 401 676 760 853 5 0.0638 377 524 633 764 0 0.0635 407 613 764 799 8 0.0631 447 654 698 896 8 0.0630 372 777 629 1022 5 0.0629 441 653 702 895 7 0.0625 390 463 640 704 7 0.0622 373 777 638 1023 5 0.0614 366 777 631 1019 7 0.0612 450 528 698 773 3 0.0610 407 674 758 858 0 0.0607 372 779 637 1023 5 0.0605 511 584 762 826 7 0.0601 445 713 715 955 11 0.0600 308 662 580 898 10 0.0597 442 721 709 951 11 0.0596 456 543 827 732 0 0.0595 320 591 576 829 8 0.0595 385 594 636 833 7 0.0594 386 594 644 835 13 0.0581 323 595 579 831 8 0.0580 447 530 691 768 13 0.0579 452 589 703 830 6 0.0571 448 532 700 769 3 0.0570 375 781 637 1023 10 0.0570 372 783 635 1021 5 0.0570 260 674 610 854 11 0.0568 386 463 639 699 6 0.0567 375 779 640 1019 13 0.0566 384 533 640 768 8 0.0565 308 658 572 900 6 0.0562 410 676 762 854 13 0.0560 374 781 640 1022 7 0.0556 514 588 769 830 13 0.0551 516 534 769 768 5 0.0548 454 538 822 731 2 0.0548 386 598 643 834 2 0.0548 373 782 635 1022 9 0.0547 371 781 635 1016 10 0.0546 510 589 764 830 3 0.0545 313 661 581 907 3 0.0543 448 529 698 775 7 0.0540 311 660 583 902 10 0.0539 385 596 642 832 2 0.0536 444 659 706 895 9 0.0535 405 677 756 853 8 0.0534 388 464 629 700 10 0.0533 444 529 697 769 2 0.0532 458 545 826 733 10 0.0532 308 664 580 896 3 0.0526 390 467 639 710 6 0.0525 389 468 644 699 8 0.0523 242 731 492 976 13 0.0523 449 717 718 956 0 0.0522 383 327 643 565 7 0.0517 249 732 510 974 2 0.0516 511 592 764 829 11 0.0514 241 737 502 974 13 0.0509 394 332 650 562 9 0.0507 444 530 698 766 10 0.0506 387 464 634 697 12 0.0506 446 654 704 897 10 0.0502 243 741 505 971
P5GB8X75XCVPR2KnQStb8Nx6cuRU5cbc,11 0.0552 225 794 478 1013 8 0.0542 195 736 435 957 7 0.0540 308 451 549 686 11 0.0536 300 453 549 683 13 0.0530 234 794 491 1018 0 0.0515 305 453 549 688 8 0.0507 307 455 538 686
F4lilu52AhuGNyzblUbnoymNDnCBZYgg,0 0.0611 191 20 452 270 8 0.0611 254 137 500 366 5 0.0601 243 131 510 363 13 0.0596 250 0 522 201 11 0.0594 180 77 443 309 5 0.0589 179 72 439 311 5 0.0582 128 321 380 562 8 0.0580 257 0 508 198 7 0.0576 137 254 391 500 11 0.0573 246 0 518 199 11 0.0572 253 674 516 907 8 0.0563 195 522 423 775 5 0.0556 188 521 426 770 6 0.0553 186 1 449 201 11 0.0550 237 190 509 431 10 0.0550 191 29 451 266 8 0.0542 189 74 434 311 8 0.0541 128 390 358 632 7 0.0539 189 71 445 314 11 0.0537 192 524 432 772 2 0.0536 253 4 516 198 5 0.0536 183 0 442 198 6 0.0533 140 325 390 566 0 0.0533 130 392 365 634 0 0.0532 135 257 387 501 3 0.0529 194 21 449 275 6 0.0528 186 78 444 314 11 0.0526 242 807 504 1023 13 0.0526 139 258 396 495 11 0.0522 288 85 571 323 11 0.0518 131 328 390 563 7 0.0511 253 1 521 199 7 0.0510 134 392 374 631 6 0.0508 254 136 518 366 13 0.0504 249 192 519 435 8 0.0502 257 598 502 836 12 0.0501 196 24 453 272
sIDoxqnx5G5BCt8Uwxp3gacK7xWYQTNK,11 0.0677 563 530 826 765 11 0.0667 556 321 804 560 8 0.0658 566 529 820 766 0 0.0649 566 531 825 770 11 0.0622 379 391 636 630 3 0.0619 390 339 634 581 8 0.0617 380 389 630 632 8 0.0617 561 318 798 558 0 0.0617 559 323 805 558 5 0.0616 563 528 821 767 7 0.0612 566 530 828 772 0 0.0609 379 389 633 633 7 0.0596 382 387 639 631 13 0.0583 567 530 829 769 7 0.0581 565 322 805 560 5 0.0573 376 385 633 633 3 0.0571 566 322 800 565 2 0.0570 567 533 827 769 8 0.0569 4 599 236 835 6 0.0567 562 324 809 557 6 0.0567 565 531 827 768 3 0.0562 567 530 823 773 13 0.0562 564 320 813 560 5 0.0560 558 319 800 556 6 0.0556 381 391 638 633 11 0.0552 561 727 827 954 10 0.0549 562 533 824 769 10 0.0549 379 392 637 632 6 0.0547 431 727 700 963 7 0.0544 496 738 768 973 13 0.0540 384 389 639 636 8 0.0537 494 734 750 972 11 0.0537 0 606 244 835 0 0.0535 559 723 827 962 0 0.0530 383 271 633 518 11 0.0528 383 278 635 517 5 0.0525 0 602 242 837 8 0.0522 384 276 623 521 0 0.0515 0 604 244 838 5 0.0515 488 727 757 969 13 0.0515 504 736 767 978 2 0.0515 565 326 803 556 1 0.0513 562 525 820 770 11 0.0510 422 733 699 958 9 0.0507 376 388 631 628 13 0.0507 389 274 638 522 1 0.0504 375 382 633 632 3 0.0503 9 607 246 846 9 0.0503 564 529 823 765 7 0.0503 4 607 246 839
7mQiODHQ6Z0wXzgiuZIt27RMYPUnSDw2,5 0.0586 291 393 555 634 6 0.0585 240 470 502 713 11 0.0582 373 339 637 573 6 0.0572 301 400 561 635 13 0.0566 306 398 568 640 7 0.0565 383 335 638 577 3 0.0564 382 335 631 576 5 0.0558 304 197 559 433 6 0.0556 382 331 636 572 11 0.0555 235 474 500 714 5 0.0553 370 326 631 572 13 0.0553 385 334 642 576 8 0.0550 301 400 549 636 0 0.0548 317 332 569 575 0 0.0543 247 605 512 850 8 0.0540 236 471 487 714 0 0.0537 240 463 496 719 3 0.0533 514 273 754 513 13 0.0532 240 468 510 718 11 0.0529 296 402 563 637 5 0.0529 231 463 495 713 6 0.0526 310 538 572 783 13 0.0526 249 610 521 851 0 0.0526 513 340 756 568 8 0.0524 382 335 627 573 5 0.0522 506 330 752 565 11 0.0521 307 666 569 895 5 0.0519 240 603 506 844 13 0.0518 317 202 574 438 8 0.0515 514 337 748 564 0 0.0514 311 537 570 788 7 0.0509 512 273 761 510 6 0.0509 246 608 514 849 3 0.0508 301 399 557 644 0 0.0508 309 203 566 440 11 0.0507 303 539 572 784 13 0.0504 309 536 581 788 7 0.0504 303 398 560 641
j3UIeBf6gVdfZ3U96aVdSQraQAT9qOa6,11 0.0625 374 795 634 1012 5 0.0623 375 790 629 1012 11 0.0619 307 728 558 956 8 0.0616 238 726 482 962 8 0.0596 378 797 626 1015 7 0.0584 382 794 638 1017 3 0.0582 380 795 634 1022 13 0.0576 238 785 510 1016 11 0.0572 229 785 491 1013 5 0.0567 230 781 489 1009 8 0.0562 172 793 421 1014 6 0.0542 238 786 494 1011 8 0.0540 521 474 752 718 0 0.0540 377 798 635 1013 6 0.0535 315 733 557 954 5 0.0535 311 723 555 954 3 0.0535 321 729 560 968 7 0.0532 237 783 498 1018 6 0.0532 375 798 636 1012 5 0.0530 182 259 437 495 11 0.0523 184 262 442 495 0 0.0521 186 263 442 500 7 0.0516 319 729 561 960 11 0.0513 509 480 757 716 13 0.0511 315 732 573 958 3 0.0507 237 783 492 1023 8 0.0503 341 0 676 154 7 0.0501 498 353 748 592
RcCZCn7cbvCJDrAA42kyhoUBRaONMd2K,0 0.0632 630 505 881 760 11 0.0621 496 518 755 753 8 0.0620 403 541 765 724 11 0.0616 306 331 565 564 5 0.0613 374 332 632 572 8 0.0613 577 512 816 758 11 0.0610 628 460 884 700 11 0.0608 304 663 568 895 5 0.0608 299 392 561 638 11 0.0606 367 594 632 822 7 0.0601 384 333 638 573 0 0.0600 442 280 699 510 5 0.0591 304 659 561 896 8 0.0588 381 334 630 572 6 0.0588 406 537 778 722 11 0.0588 368 272 633 510 6 0.0584 580 512 828 758 8 0.0583 308 462 565 707 0 0.0582 434 583 687 823 6 0.0579 438 588 692 820 7 0.0579 406 539 776 725 6 0.0577 311 663 569 896 5 0.0577 367 589 625 825 0 0.0576 380 335 635 573 7 0.0575 445 277 702 510 13 0.0574 357 602 718 793 3 0.0572 442 524 702 769 0 0.0570 315 717 565 964 11 0.0569 306 460 571 703 7 0.0566 315 459 573 708 0 0.0565 307 456 570 705 5 0.0565 433 520 698 763 3 0.0564 305 400 561 643 0 0.0564 499 515 751 759 0 0.0562 370 664 629 894 7 0.0562 310 663 566 901 5 0.0560 624 455 881 703 10 0.0559 307 461 568 709 13 0.0559 311 328 572 569 10 0.0558 310 335 563 568 6 0.0557 382 333 637 572 13 0.0557 313 457 573 708 3 0.0556 383 336 634 578 5 0.0555 362 779 619 1019 8 0.0554 441 277 692 508 3 0.0554 371 668 633 900 5 0.0553 298 523 567 770 11 0.0552 307 795 563 1020 8 0.0552 352 606 702 792 8 0.0550 368 668 624 894 6 0.0546 313 458 571 708 7 0.0546 357 606 718 796 10 0.0545 306 591 567 834 9 0.0545 370 525 632 761 3 0.0544 445 280 699 513 13 0.0543 501 519 758 757 6 0.0543 311 794 563 1023 13 0.0541 241 791 505 1023 7 0.0538 576 513 824 762 0 0.0538 311 582 566 834 3 0.0535 304 528 567 775 8 0.0535 314 721 560 962 13 0.0535 374 665 635 893 7 0.0532 378 718 636 952 8 0.0531 243 340 494 579 5 0.0530 301 267 558 505 2 0.0530 437 526 701 765 9 0.0527 364 667 632 888 0 0.0527 307 269 565 509 5 0.0525 432 276 695 506 10 0.0525 497 521 753 755 6 0.0524 445 279 701 507 10 0.0522 366 274 633 511 10 0.0521 370 527 631 770 2 0.0520 372 597 631 824 9 0.0518 309 458 569 699 2 0.0516 313 462 570 707 3 0.0512 313 725 570 969 6 0.0511 313 269 563 507 13 0.0509 318 717 572 963
e1HNAaK7O3a9r7xxK3EtR6DgYFzOqWeP,7 0.0644 374 784 624 1023 11 0.0630 308 743 565 975 5 0.0629 367 783 618 1021 6 0.0610 302 786 557 1016 13 0.0588 302 787 559 1020 0 0.0588 373 786 619 1023 8 0.0586 375 784 616 1023 10 0.0578 298 788 551 1016 0 0.0573 510 723 756 951 11 0.0562 512 147 779 371 5 0.0560 501 717 750 943 11 0.0559 385 455 628 696 3 0.0558 375 786 621 1023 8 0.0554 387 386 626 637 8 0.0554 508 723 752 945 11 0.0551 507 726 759 941 7 0.0550 510 723 762 947 6 0.0550 382 734 638 971 3 0.0543 511 722 755 949 5 0.0542 753 0 1011 194 13 0.0542 759 2 1023 192 7 0.0538 392 384 640 638 10 0.0537 377 741 635 967 0 0.0536 388 389 636 640 11 0.0532 750 1 1013 196 0 0.0529 386 210 654 432 0 0.0527 515 282 764 514 3 0.0523 761 1 1015 200 9 0.0523 369 787 622 1017 7 0.0520 218 664 559 847 8 0.0520 754 0 1009 195 0 0.0519 756 2 1014 197 2 0.0519 756 8 1017 198 11 0.0517 204 664 560 847 0 0.0516 513 148 775 384 11 0.0513 383 210 660 428 7 0.0512 759 1 1018 195 13 0.0511 385 739 637 977 8 0.0511 389 208 650 432 0 0.0510 519 37 775 258 0 0.0510 329 452 561 709 5 0.0509 378 208 649 427 5 0.0506 389 449 628 697 7 0.0505 332 450 562 706 13 0.0504 330 453 568 711 10 0.0501 205 668 548 846 3 0.0500 388 386 637 642
t5sFkjF7irJqygJ8RQgMUGcXTdOGPLUD,11 0.0693 186 652 443 894 11 0.0657 309 658 565 903 5 0.0641 185 709 432 951 11 0.0640 439 581 696 813 0 0.0628 252 651 500 908 8 0.0616 186 710 428 953 8 0.0612 253 651 496 905 7 0.0610 252 651 503 906 7 0.0603 447 578 700 813 10 0.0600 186 656 442 895 6 0.0586 189 712 437 953 7 0.0576 186 713 435 956 6 0.0570 442 582 700 818 3 0.0569 317 654 566 912 5 0.0562 438 577 690 815 11 0.0557 499 450 756 681 6 0.0557 314 655 569 905 10 0.0555 311 657 564 903 8 0.0553 440 581 691 814 3 0.0553 195 651 440 900 11 0.0541 373 385 626 621 13 0.0529 253 652 507 905 0 0.0529 370 385 626 624 0 0.0519 439 581 695 818 10 0.0516 441 584 696 816 13 0.0514 445 583 703 816 3 0.0513 446 582 694 823 9 0.0510 183 712 437 950 2 0.0508 186 717 433 955 7 0.0508 505 446 764 681 11 0.0504 244 324 512 560
n8Fd9B0gz9nkpVyzjffHROeld0oAZRHk,11 0.0637 305 785 558 1016 5 0.0628 304 782 557 1016 8 0.0621 305 780 553 1018 7 0.0611 308 781 563 1018 7 0.0598 576 782 822 1010 11 0.0589 363 721 621 958 11 0.0588 255 662 522 900 11 0.0584 570 786 812 1007 0 0.0581 306 716 567 960 10 0.0579 305 788 560 1018 0 0.0572 568 782 819 1015 7 0.0569 371 718 622 957 8 0.0567 367 716 617 958 5 0.0560 364 717 618 954 5 0.0557 566 785 809 1008 8 0.0557 263 667 623 846 11 0.0553 247 377 503 605 6 0.0553 309 788 562 1020 10 0.0548 256 665 521 901 10 0.0548 367 723 621 956 13 0.0546 313 786 567 1020 8 0.0545 572 782 807 1012 5 0.0538 253 657 516 903 7 0.0537 268 666 641 844 5 0.0534 127 704 376 964 8 0.0532 137 713 374 966 2 0.0526 307 787 565 1019 3 0.0517 310 784 561 1023 13 0.0516 264 659 524 908 9 0.0515 304 786 561 1016 0 0.0514 252 381 500 611 6 0.0512 371 723 625 960 13 0.0509 374 721 628 963 3 0.0508 257 657 516 909 5 0.0501 250 371 497 609
mYc8eCtTj8BAmAh5uzAaBLSCgs3iR4tM,11 0.0653 306 588 555 826 0 0.0647 243 592 488 833 5 0.0646 182 591 428 831 7 0.0645 188 592 433 831 11 0.0635 115 653 365 898 0 0.0630 116 652 364 900 8 0.0627 184 591 428 834 7 0.0627 120 654 368 900 6 0.0621 120 656 367 898 7 0.0620 314 586 559 828 8 0.0612 311 588 552 828 10 0.0609 180 597 432 832 11 0.0606 183 593 432 831 11 0.0601 55 493 328 722 5 0.0600 114 650 361 898 3 0.0600 312 587 557 835 5 0.0599 306 584 552 828 8 0.0595 117 652 360 900 6 0.0589 116 540 379 782 0 0.0582 114 538 374 784 10 0.0582 310 591 554 828 10 0.0574 113 657 364 898 7 0.0571 128 429 390 656 3 0.0566 186 594 432 837 3 0.0558 119 655 364 905 12 0.0557 186 594 435 833 11 0.0556 123 434 383 657 2 0.0549 244 596 488 832 1 0.0549 184 589 434 832 13 0.0545 188 593 440 833 6 0.0544 310 590 561 828 13 0.0544 312 586 562 830 9 0.0540 183 593 430 830 13 0.0538 120 650 373 900 9 0.0537 115 652 364 896 0 0.0536 124 431 380 661 7 0.0535 62 488 332 722 12 0.0525 120 653 366 899 4 0.0525 244 593 489 831 8 0.0525 56 489 318 720 12 0.0516 310 586 557 830 6 0.0514 125 434 386 659 2 0.0514 117 658 365 899 10 0.0507 55 496 327 728 8 0.0505 123 430 373 656 2 0.0503 116 543 378 780
ukYudpIMH7ikx0zqAtoRzn92WDturtXf,8 0.0640 310 397 561 632 5 0.0626 562 269 828 499 6 0.0602 316 269 574 515 5 0.0602 248 203 509 444 5 0.0602 645 323 886 555 11 0.0601 240 408 497 644 8 0.0598 375 330 632 569 8 0.0596 257 205 504 449 6 0.0594 260 207 514 449 11 0.0592 298 341 580 572 0 0.0590 258 204 512 452 8 0.0586 314 265 564 516 5 0.0585 232 339 504 580 0 0.0579 246 450 498 693 13 0.0578 308 401 573 637 6 0.0576 308 399 569 635 0 0.0571 304 336 578 578 11 0.0570 254 209 514 448 8 0.0569 252 455 489 692 11 0.0569 178 520 447 755 7 0.0568 243 341 508 584 8 0.0567 384 213 629 445 10 0.0562 240 410 497 645 13 0.0560 315 270 578 518 11 0.0558 649 332 885 555 3 0.0557 258 206 513 454 6 0.0556 376 334 647 571 3 0.0554 243 344 503 590 5 0.0553 499 154 751 398 11 0.0552 384 280 647 514 5 0.0550 365 329 641 564 5 0.0546 134 136 371 374 8 0.0544 650 327 875 561 5 0.0542 440 269 694 498 8 0.0538 566 274 819 498 0 0.0537 504 101 746 327 5 0.0536 239 446 499 690 8 0.0533 446 273 687 500 7 0.0532 317 266 577 514 13 0.0529 377 338 648 570 6 0.0529 390 213 641 445 7 0.0526 250 450 501 690 6 0.0523 657 329 888 555 0 0.0522 391 276 647 515 7 0.0522 262 205 517 446 9 0.0522 237 345 503 576 7 0.0519 628 166 890 402 8 0.0518 141 143 369 380 10 0.0515 370 338 646 570 11 0.0515 135 145 374 377 0 0.0515 647 331 884 557 7 0.0513 647 324 887 559 5 0.0513 376 208 634 439 13 0.0513 387 218 644 447 11 0.0511 636 223 894 449 3 0.0511 381 332 639 572 0 0.0510 565 278 826 497 10 0.0509 255 213 514 448 3 0.0508 251 450 499 696 2 0.0508 256 210 510 448 7 0.0507 377 334 647 566 3 0.0507 455 276 694 507 11 0.0507 576 787 817 1018 12 0.0505 262 206 514 452 6 0.0505 574 276 832 496 0 0.0503 561 152 822 388
eN6iykaSuZCVRV90Hub2VJqzQvqp9kQi,8 0.0607 47 272 323 513 11 0.0562 112 278 393 507 5 0.0558 122 336 388 573 8 0.0552 126 336 387 582 0 0.0549 52 277 339 513 5 0.0546 40 273 327 507 8 0.0543 2 409 254 630 0 0.0535 389 395 644 622 8 0.0534 356 722 611 961 11 0.0534 385 391 646 615 11 0.0527 354 727 616 957 7 0.0518 134 336 397 577 6 0.0511 3 279 267 508 5 0.0509 349 717 613 955
Zuuzf5c2Uw7y1oO9DTwQvMxzXmYGQpuf,8 0.0650 452 404 702 646 0 0.0640 442 466 701 705 7 0.0635 445 459 705 705 11 0.0625 375 593 634 837 11 0.0618 439 519 698 759 0 0.0616 327 408 579 650 8 0.0614 258 143 496 377 11 0.0610 329 193 572 425 8 0.0607 441 513 696 762 8 0.0606 329 408 569 649 5 0.0604 433 511 696 759 5 0.0601 447 403 701 642 0 0.0597 372 522 635 771 11 0.0594 312 668 568 901 11 0.0592 451 411 705 643 13 0.0590 256 1 521 200 0 0.0590 630 207 894 438 3 0.0586 446 518 701 765 0 0.0585 515 160 767 384 3 0.0584 458 405 706 648 5 0.0583 188 340 442 581 11 0.0581 246 2 516 204 11 0.0579 621 139 884 373 8 0.0579 327 194 563 425 8 0.0579 268 270 497 509 10 0.0576 450 410 707 643 11 0.0575 261 272 508 509 6 0.0574 638 206 897 437 2 0.0573 456 414 703 647 8 0.0573 254 1 504 202 5 0.0571 626 199 889 434 7 0.0570 196 338 448 586 0 0.0568 252 0 511 201 13 0.0567 455 405 713 640 11 0.0567 183 733 454 958 13 0.0566 443 514 708 759 6 0.0566 445 462 706 704 11 0.0566 383 88 634 298 11 0.0564 317 535 567 773 5 0.0560 514 152 763 386 8 0.0559 634 207 883 437 3 0.0558 256 0 512 206 11 0.0558 325 412 576 647 8 0.0557 335 79 565 291 6 0.0555 375 520 636 768 10 0.0555 328 415 581 650 0 0.0555 313 589 571 839 7 0.0555 326 475 584 710 2 0.0554 440 522 699 763 11 0.0553 520 159 767 382 0 0.0553 259 142 507 376 7 0.0553 269 268 510 511 0 0.0552 435 588 693 848 7 0.0549 256 0 514 206 5 0.0549 245 0 508 198 5 0.0549 307 583 565 831 8 0.0548 188 408 438 659 8 0.0546 517 157 756 383 13 0.0546 330 410 584 649 13 0.0544 383 587 640 838 6 0.0543 437 587 697 847 7 0.0542 440 585 703 845 10 0.0541 437 518 698 759 6 0.0540 329 412 582 648 3 0.0539 521 156 764 394 8 0.0538 187 728 445 962 5 0.0538 320 406 576 644 3 0.0536 329 410 577 652 7 0.0534 563 789 813 1023 7 0.0534 585 137 841 390 11 0.0533 495 0 769 198 0 0.0532 187 728 451 968 11 0.0532 189 411 446 654 6 0.0530 257 0 522 198 12 0.0528 448 463 704 703 13 0.0528 321 660 574 903 3 0.0527 325 530 565 779 13 0.0527 264 144 520 374 2 0.0527 328 416 574 649 6 0.0526 268 272 512 509 8 0.0526 321 531 561 777 5 0.0524 323 71 571 292 5 0.0523 578 66 839 318 6 0.0523 193 412 451 659 8 0.0522 383 585 629 840 5 0.0522 263 201 492 437 0 0.0520 329 197 571 426
KrK4dYlOtWgDOy2FWUKLV5vWy27J7kpG,11 0.0601 243 783 485 1022 7 0.0601 248 779 491 1023 7 0.0594 310 723 557 956 8 0.0576 247 781 482 1023 0 0.0560 245 780 486 1023 5 0.0540 243 778 486 1019 11 0.0536 187 469 447 690 10 0.0522 247 786 490 1023 5 0.0521 371 661 629 888 11 0.0521 300 725 553 952 13 0.0519 241 726 497 960 8 0.0515 305 723 547 956 6 0.0514 248 785 491 1023 0 0.0511 445 525 696 753 0 0.0510 246 528 509 768 8 0.0509 373 664 625 890 3 0.0504 192 466 448 701 5 0.0501 300 720 553 954
Z1qIYdOEjPYrs7Xb8Ljwr3jCCbl9vBVk,5 0.0626 427 781 683 1013 5 0.0611 191 526 435 764 0 0.0607 432 783 689 1020 8 0.0606 434 780 681 1019 7 0.0604 436 782 692 1021 0 0.0604 137 530 377 767 11 0.0596 458 530 822 726 0 0.0593 197 459 449 702 0 0.0587 455 529 831 727 11 0.0585 427 670 704 892 11 0.0585 431 786 687 1014 3 0.0580 498 789 743 1023 11 0.0566 462 415 830 597 11 0.0565 141 529 378 764 0 0.0559 460 413 835 605 0 0.0558 261 519 503 765 6 0.0554 140 529 380 767 10 0.0553 333 799 709 975 8 0.0553 464 661 801 859 11 0.0553 258 521 507 758 7 0.0552 201 456 460 702 10 0.0551 251 660 506 883 10 0.0550 134 531 378 767 0 0.0549 318 604 572 844 8 0.0546 137 524 369 765 0 0.0544 428 671 703 900 10 0.0543 195 463 450 699 0 0.0542 199 594 447 832 8 0.0541 459 409 813 601 11 0.0541 193 459 452 698 5 0.0540 308 662 571 890 11 0.0539 196 595 449 830 13 0.0539 439 784 694 1021 5 0.0537 371 268 634 495 0 0.0537 503 609 759 845 13 0.0536 577 528 838 775 7 0.0535 513 536 763 781 13 0.0532 316 667 582 897 11 0.0532 311 668 580 888 11 0.0532 499 606 757 839 5 0.0531 305 329 560 558 8 0.0531 460 528 809 726 7 0.0530 384 485 782 667 11 0.0529 318 460 579 694 5 0.0529 257 445 522 690 13 0.0528 202 459 460 704 8 0.0521 572 791 801 1020 7 0.0519 139 526 384 764 3 0.0518 460 529 827 731 7 0.0516 390 673 746 856 10 0.0513 458 534 821 727 13 0.0513 330 538 712 722 5 0.0511 317 529 567 766 7 0.0511 257 656 512 885 5 0.0511 449 526 823 726 6 0.0509 198 460 456 703 2 0.0508 462 532 828 726 10 0.0508 259 523 504 763 5 0.0506 381 402 631 644 5 0.0504 380 671 736 850 6 0.0504 436 786 690 1019 0 0.0501 320 462 577 702 2 0.0501 438 784 691 1019 8 0.0501 315 664 570 894 11 0.0500 569 798 812 1023 3 0.0500 440 718 695 959
aN7GMwzALDVv7ssGpKcjRAxQda4AX4rb,11 0.0620 244 330 515 581 8 0.0596 300 456 560 703 11 0.0584 306 534 571 765 8 0.0577 580 195 825 441 11 0.0577 246 455 499 698 5 0.0577 179 316 440 568 8 0.0569 311 610 557 836 11 0.0566 192 595 447 823 8 0.0565 516 395 761 632 11 0.0559 511 395 769 626 5 0.0558 578 188 828 443 7 0.0554 253 324 518 585 7 0.0553 495 516 757 760 11 0.0553 567 469 843 696 13 0.0553 192 316 452 572 0 0.0552 418 512 692 752 11 0.0548 421 514 694 750 0 0.0543 192 666 457 905 8 0.0541 418 510 685 752 3 0.0539 249 329 511 591 11 0.0538 577 194 834 438 8 0.0537 195 664 447 901 5 0.0536 244 384 512 643 6 0.0535 253 329 518 584 0 0.0534 308 612 563 838 3 0.0533 521 399 767 637 8 0.0531 759 0 1004 200 13 0.0526 430 513 700 754 6 0.0524 511 459 776 696 7 0.0520 248 448 504 701 0 0.0516 503 462 773 700 8 0.0516 572 520 821 756 8 0.0511 512 142 761 384 3 0.0510 588 198 830 453 6 0.0510 307 460 571 702 8 0.0509 190 321 430 570 13 0.0508 306 456 576 702 7 0.0508 433 797 686 1023 2 0.0506 493 524 757 755 5 0.0503 752 0 1008 200
pSMAnMlp97Jc2sGxIeQJU81jysvRUDn8,0 0.0680 442 395 698 631 0 0.0637 13 800 270 1023 0 0.0634 445 518 707 761 5 0.0629 445 458 700 694 8 0.0625 15 798 264 1021 11 0.0625 446 392 693 627 5 0.0605 503 273 754 510 8 0.0598 448 461 701 696 11 0.0596 501 276 755 511 7 0.0580 441 517 710 757 8 0.0577 505 276 752 514 7 0.0577 394 409 658 641 11 0.0575 445 516 700 752 0 0.0572 501 277 758 517 8 0.0568 382 531 632 767 3 0.0560 511 276 755 517 7 0.0558 509 275 762 513 13 0.0547 451 399 702 629 2 0.0547 395 416 655 641 3 0.0544 452 398 692 631 10 0.0540 449 462 705 698 7 0.0537 15 797 274 1023 13 0.0537 451 522 713 756 6 0.0535 449 397 700 629 10 0.0534 505 282 756 515 8 0.0531 378 1 619 200 5 0.0530 5 799 268 1021 2 0.0522 508 279 760 514 7 0.0515 379 0 633 201 6 0.0511 506 277 763 515 2 0.0510 372 3 629 203 5 0.0509 366 0 626 202 11 0.0505 11 807 270 1022 11 0.0503 71 348 314 583 13 0.0503 577 279 829 519 1 0.0500 448 391 691 631
wh5Pl26yhTosYhRdP5Cq9IUUNTndHCS9,11 0.0583 567 671 828 901 7 0.0542 579 665 834 911 8 0.0537 575 669 822 904 8 0.0528 186 392 442 644 0 0.0510 182 396 451 644 6 0.0502 192 463 456 705
AacvVDETd106gMLJa21pJ5XDqqvfQLMC,0 0.0669 379 138 638 379 8 0.0663 445 265 703 501 0 0.0652 517 484 875 671 11 0.0648 453 139 703 369 8 0.0639 382 139 631 376 0 0.0638 514 146 762 377 0 0.0629 449 201 705 440 5 0.0628 184 265 435 509 10 0.0627 372 207 635 448 0 0.0625 513 264 766 507 0 0.0625 187 200 435 446 5 0.0624 509 259 761 506 0 0.0621 119 274 363 513 11 0.0612 630 526 881 774 3 0.0610 452 268 706 509 5 0.0610 446 195 703 438 8 0.0607 521 207 765 444 5 0.0607 242 198 498 448 8 0.0607 184 269 427 511 3 0.0607 511 329 761 578 11 0.0605 376 209 634 445 11 0.0603 511 487 875 668 8 0.0602 511 329 758 568 11 0.0598 517 210 771 441 3 0.0597 525 208 770 451 2 0.0594 447 271 702 502 11 0.0593 443 270 707 501 7 0.0592 192 268 437 510 7 0.0592 449 337 708 576 3 0.0591 526 484 876 674 8 0.0590 247 205 490 446 11 0.0588 246 207 504 447 11 0.0587 645 338 907 585 6 0.0585 518 484 884 667 0 0.0584 188 408 434 652 11 0.0583 503 333 764 569 11 0.0583 186 273 437 510 5 0.0579 642 329 892 587 8 0.0579 186 411 426 652 0 0.0578 582 207 824 447 5 0.0578 121 201 368 441 6 0.0577 511 328 764 570 6 0.0575 521 210 770 444 3 0.0574 379 206 634 452 8 0.0573 523 485 864 666 9 0.0572 451 196 707 435 8 0.0572 449 393 694 632 0 0.0571 442 335 701 575 6 0.0571 458 136 706 370 7 0.0570 185 406 438 651 13 0.0570 384 141 642 378 3 0.0570 456 137 701 374 0 0.0569 632 521 882 780 7 0.0568 455 201 709 440 10 0.0568 452 137 703 372 7 0.0567 250 201 502 445 5 0.0566 440 328 698 577 3 0.0566 189 270 437 515 11 0.0566 182 413 438 650 6 0.0565 451 514 711 768 6 0.0565 191 271 437 512 6 0.0565 449 267 705 503 6 0.0564 378 206 635 447 12 0.0563 375 202 635 451 6 0.0562 451 392 704 632 10 0.0562 246 210 497 447 2 0.0561 509 335 759 570 5 0.0561 577 201 820 445 6 0.0560 249 206 501 449 7 0.0559 517 485 881 671 8 0.0558 121 207 363 442 2 0.0557 516 489 875 670 13 0.0555 449 269 708 502 0 0.0554 648 329 901 588 13 0.0553 191 267 441 512 11 0.0552 445 518 712 768 3 0.0551 248 203 499 453 7 0.0550 383 140 641 379 13 0.0549 511 328 767 571 11 0.0548 577 143 831 375 13 0.0547 519 484 883 669 7 0.0546 515 264 769 509 13 0.0545 587 206 831 447 2 0.0544 376 211 630 446 5 0.0543 179 407 436 651 13 0.0543 635 525 890 775 5 0.0543 514 142 760 375 13 0.0542 518 146 770 376 10 0.0541 442 267 705 506 13 0.0540 652 335 911 591 3 0.0539 638 524 882 781
Yk9D6YUBDEHd0vV5TiULJToK2G6hCX8z,11 0.0625 434 400 696 640 8 0.0620 376 398 632 637 7 0.0600 374 395 642 642 11 0.0598 430 660 700 892 0 0.0594 441 396 695 641 5 0.0584 163 461 451 711 6 0.0583 374 393 642 638 3 0.0577 378 394 639 647 5 0.0570 368 334 638 576 5 0.0565 417 729 683 959 0 0.0560 434 662 700 898 8 0.0555 422 735 683 962 5 0.0553 127 332 502 524 13 0.0548 375 398 646 642 0 0.0548 508 330 761 580 11 0.0546 501 575 757 817 11 0.0540 134 339 507 525 5 0.0540 562 517 812 771 0 0.0534 143 336 509 533 5 0.0530 500 324 755 576 8 0.0529 506 571 747 819 0 0.0528 506 576 756 823 8 0.0526 503 272 743 513 6 0.0525 570 521 820 770 7 0.0525 509 571 759 823 6 0.0524 436 660 699 894 5 0.0524 510 646 772 906 13 0.0519 427 737 697 960 0 0.0517 130 403 380 646 13 0.0517 568 527 822 772 10 0.0509 371 398 642 637 7 0.0507 438 660 700 896 8 0.0503 376 267 626 503 2 0.0502 436 665 702 892
0IcnJsUp8SGPKqHQRkOrlkuV3wiWXKox,8 0.0638 517 336 770 572 8 0.0602 114 402 354 653 11 0.0594 555 530 829 756 0 0.0581 441 424 697 650 11 0.0580 444 421 702 645 0 0.0579 561 533 830 762 7 0.0579 447 418 701 649 8 0.0574 71 268 314 520 6 0.0568 572 425 819 650 11 0.0566 121 337 390 572 5 0.0565 164 387 424 628 5 0.0562 509 338 769 569 11 0.0561 363 661 638 889 13 0.0561 570 424 824 650 8 0.0553 369 657 627 892 0 0.0552 371 658 637 893 6 0.0551 447 422 705 650 11 0.0544 370 789 630 1009 5 0.0544 132 347 521 531 13 0.0543 182 329 448 569 8 0.0536 373 781 618 1011 0 0.0536 567 425 818 652 11 0.0535 308 725 568 948 7 0.0534 131 333 392 578 0 0.0532 181 325 441 568 5 0.0530 559 420 811 649 11 0.0529 389 330 642 555 11 0.0529 563 423 817 650 6 0.0529 568 532 827 762 0 0.0525 315 717 568 952 8 0.0524 313 719 561 950 5 0.0523 306 718 559 948 11 0.0520 242 383 496 617 8 0.0519 177 269 433 512 13 0.0519 117 406 373 655 3 0.0517 114 402 370 656 5 0.0516 437 415 692 647 7 0.0512 567 418 822 653 3 0.0512 445 419 704 655 5 0.0510 61 337 325 572 5 0.0510 363 655 631 891 13 0.0509 382 781 637 1012 6 0.0509 314 722 572 951 13 0.0508 457 343 724 577 2 0.0506 569 427 817 652 9 0.0506 434 423 697 646 8 0.0505 116 148 365 389 7 0.0504 315 663 580 898 7 0.0503 561 530 832 766 13 0.0503 319 661 586 898 6 0.0502 374 658 641 892 8 0.0501 248 382 483 620 0 0.0501 376 783 628 1014
aVTjO1PTawtBoNFz4FkPUBPOb9GAeqQp,8 0.0588 500 325 754 559 0 0.0576 501 328 764 562 5 0.0572 504 144 771 388 13 0.0563 503 328 771 561 3 0.0560 503 329 761 566 7 0.0557 500 325 768 560 5 0.0557 491 320 757 557 11 0.0556 493 329 760 561 5 0.0556 181 380 434 618 13 0.0553 442 527 713 766 5 0.0548 436 519 704 767 13 0.0548 577 17 840 267 11 0.0547 248 403 497 622 8 0.0547 185 389 428 622 11 0.0547 505 150 773 385 10 0.0546 571 4 831 201 11 0.0542 301 321 554 549 0 0.0539 571 2 830 203 8 0.0537 506 151 769 388 6 0.0534 503 328 766 563 8 0.0532 569 1 817 200 5 0.0527 247 467 494 710 3 0.0523 512 153 776 397 5 0.0523 565 0 824 203 13 0.0522 684 24 932 231 0 0.0521 506 152 773 387 0 0.0521 240 62 482 313 7 0.0520 574 0 833 202 6 0.0517 445 466 706 710 3 0.0516 572 2 828 207 11 0.0509 437 467 703 707 13 0.0508 388 463 649 700 6 0.0504 580 1 831 201 11 0.0504 237 70 485 308 10 0.0503 495 333 765 562 5 0.0503 301 313 552 545 13 0.0502 337 535 597 783 11 0.0502 569 0 830 200 6 0.0501 251 472 501 718 8 0.0501 436 462 694 709 7 0.0500 510 147 779 391
tILx6OigAHccd2fcxj9m19if2GI4GjZr,0 0.0511 230 458 495 704
E5hyTdPFJ49RQvyccBiz15g3GvSK1C6j,8 0.0674 144 675 500 849 11 0.0657 136 676 509 848 0 0.0653 143 675 505 854 7 0.0650 129 654 379 895 3 0.0639 251 654 501 896 5 0.0637 137 673 503 850 10 0.0607 140 677 507 850 6 0.0602 140 676 510 851 7 0.0596 310 656 561 895 13 0.0595 144 675 512 851 3 0.0589 129 651 378 899 2 0.0562 141 677 507 852 1 0.0548 176 701 436 949 9 0.0544 137 676 506 849 4 0.0528 144 677 511 852 12 0.0525 249 653 499 893 12 0.0509 130 654 379 896
NYR4N5QULm4t0K5I5b6FbQiiCPekz4Db,11 0.0587 313 268 575 504 13 0.0559 381 330 641 575 0 0.0557 382 280 638 518 7 0.0554 381 275 642 522 13 0.0547 477 472 834 665 11 0.0545 443 379 706 626 8 0.0543 310 318 554 559 8 0.0542 501 26 757 271 0 0.0542 502 27 767 272 3 0.0540 380 280 640 524 0 0.0539 241 263 502 508 7 0.0538 450 336 706 580 13 0.0537 317 268 580 512 5 0.0536 312 261 570 504 5 0.0534 444 370 704 627 0 0.0533 449 381 707 626 8 0.0529 451 379 697 626 0 0.0526 416 154 763 343 6 0.0525 383 276 639 519 3 0.0521 453 340 703 587 6 0.0520 449 379 710 626 7 0.0520 374 381 635 644 5 0.0519 408 149 759 340 11 0.0518 486 349 852 532 11 0.0517 410 154 766 340 0 0.0516 468 471 823 667 11 0.0515 229 331 493 571 6 0.0514 418 154 768 341 5 0.0513 227 320 492 571 11 0.0511 562 726 839 954 8 0.0510 413 155 759 340 13 0.0510 297 396 572 657 0 0.0504 490 350 851 531 3 0.0504 587 362 837 599 13 0.0504 416 154 773 341
6hWlYQRzRcEf4eM6ZtOOXHm7vfzDKBUX,11 0.0685 369 516 631 759 0 0.0658 320 340 578 577 10 0.0648 311 462 567 704 7 0.0647 319 457 568 706 7 0.0646 441 529 704 774 6 0.0642 315 462 570 706 11 0.0624 380 651 632 897 5 0.0624 298 575 560 833 3 0.0621 377 516 630 764 8 0.0620 317 456 563 708 0 0.0612 318 456 569 708 5 0.0606 248 510 495 755 11 0.0597 438 585 695 833 5 0.0597 428 523 699 767 8 0.0596 443 586 693 835 5 0.0595 574 458 839 706 11 0.0595 249 515 499 754 11 0.0594 304 581 561 829 8 0.0594 247 508 494 758 8 0.0594 306 582 559 835 8 0.0591 384 654 627 899 8 0.0589 507 533 766 780 7 0.0588 510 599 775 852 13 0.0585 507 531 777 776 3 0.0580 445 586 700 843 7 0.0578 323 339 583 575 0 0.0577 310 577 563 839 11 0.0576 319 345 580 568 0 0.0569 580 464 847 711 6 0.0567 324 343 581 570 5 0.0564 499 597 765 845 11 0.0563 307 146 570 360 3 0.0563 255 513 495 762 6 0.0561 306 582 563 835 5 0.0561 450 782 688 1020 10 0.0559 440 585 703 834 0 0.0559 582 346 829 579 11 0.0558 584 401 834 637 5 0.0557 502 712 759 956 8 0.0557 508 717 754 954 8 0.0556 320 338 574 576 2 0.0555 316 463 568 707 8 0.0554 589 401 829 640 10 0.0552 303 585 562 832 0 0.0551 448 263 705 498 8 0.0549 453 791 684 1023 5 0.0548 444 260 699 494 13 0.0547 320 645 577 894 6 0.0547 525 288 770 511 10 0.0546 318 350 575 572 0 0.0545 509 719 765 960 13 0.0544 377 514 635 760 3 0.0544 318 650 574 897 7 0.0543 587 396 840 644 6 0.0542 507 530 775 780 11 0.0541 451 266 710 490 12 0.0541 317 454 567 707 0 0.0541 250 514 498 758 13 0.0541 582 468 851 709 11 0.0539 455 723 695 960 6 0.0537 589 402 836 642 5 0.0537 315 336 574 571 13 0.0534 576 598 837 837 8 0.0534 318 722 556 966 13 0.0533 388 783 629 1022 7 0.0533 571 536 840 785 2 0.0532 368 588 632 832 5 0.0532 583 337 821 579 5 0.0532 237 648 499 892 0 0.0531 377 136 634 364 8 0.0530 453 260 698 498 3 0.0530 588 346 826 587 5 0.0527 374 717 620 966 3 0.0526 458 267 704 503 2 0.0525 438 533 699 771 7 0.0523 512 716 768 956 13 0.0520 580 719 851 961 2 0.0520 323 346 575 574 11 0.0518 381 789 619 1020 5 0.0518 370 132 636 364
Cnn8n0drebnBPqupEslRmYkEhNkQYabC,11 0.0546 265 128 523 371 11 0.0526 0 97 255 324 0 0.0525 0 416 261 657 0 0.0504 0 543 251 797 10 0.0503 0 97 246 325
onICqRwyItyLEIcmxRV5zBCotHOdvcZO,11 0.0605 349 363 715 544 5 0.0602 100 745 376 964 0 0.0587 101 749 384 971 5 0.0565 349 356 704 542 6 0.0557 356 361 719 546 6 0.0553 110 750 388 965 0 0.0553 351 364 714 548 8 0.0541 357 362 699 543 8 0.0540 106 750 376 971 11 0.0536 439 209 699 426 7 0.0534 360 364 717 550 11 0.0530 96 751 388 965 8 0.0530 444 204 683 429 0 0.0516 437 208 690 433 6 0.0503 448 205 694 431 3 0.0500 448 206 688 438
IXPdcEsbSetzOnrp0gMrJm8WSQuVmbFQ,11 0.0589 116 470 386 706 11 0.0581 451 8 695 234 8 0.0580 511 599 765 833 11 0.0579 307 603 547 831 8 0.0576 307 599 543 831 7 0.0572 311 600 551 830 5 0.0569 187 457 454 702 0 0.0567 307 599 548 829 5 0.0566 249 191 507 427 0 0.0565 180 593 432 827 7 0.0560 193 462 458 706 0 0.0552 495 673 757 902 11 0.0550 179 532 439 773 5 0.0550 322 131 581 365 3 0.0540 194 465 455 712 8 0.0539 178 532 429 773 5 0.0538 451 3 699 235 8 0.0538 124 409 377 651 0 0.0538 246 142 497 364 0 0.0533 113 529 372 772 13 0.0533 128 467 388 709 7 0.0532 182 595 433 826 11 0.0532 556 20 816 241 13 0.0532 460 10 704 233 6 0.0530 128 468 387 706 7 0.0530 116 523 375 771 11 0.0529 645 482 912 712 6 0.0528 183 597 437 826 13 0.0527 499 672 766 904 11 0.0524 297 803 550 1020 5 0.0524 115 407 383 642 0 0.0521 237 664 489 887 11 0.0519 234 738 493 949 13 0.0519 181 595 438 828 7 0.0518 129 410 388 645 0 0.0515 452 11 700 236 10 0.0512 240 610 491 827 13 0.0512 329 140 600 359 8 0.0511 303 736 551 959 11 0.0511 111 597 376 829 5 0.0511 502 596 762 833 6 0.0510 72 400 332 640 8 0.0510 456 10 691 234 11 0.0509 505 603 771 834 2 0.0509 311 606 551 829 5 0.0508 178 589 432 822 8 0.0507 566 19 806 248 7 0.0507 516 600 775 835 6 0.0507 459 10 707 235 7 0.0504 243 667 494 885 11 0.0502 176 665 438 887 10 0.0502 124 419 386 647 8 0.0501 235 665 484 887 6 0.0501 513 601 771 834
ct9DUkY4upwuKXd1BwUE76ngwR2UJDBf,0 0.0615 3 350 268 587 11 0.0595 193 788 432 1017 11 0.0594 496 798 757 1016 0 0.0585 489 791 754 1023 11 0.0552 244 726 482 951 0 0.0540 61 283 330 515 5 0.0533 0 419 258 660 6 0.0518 10 352 278 580 8 0.0517 497 790 747 1023 5 0.0515 191 779 427 1017 11 0.0514 52 791 322 1019 0 0.0509 192 785 433 1023 5 0.0509 493 789 749 1018 11 0.0501 44 349 317 583 6 0.0501 132 402 397 655 7 0.0501 443 786 690 1022
k89jkpL4JGEdkC4aDvytlsxWZX6Al4aS,8 0.0636 365 453 615 696 5 0.0636 369 570 636 836 5 0.0626 573 452 818 705 8 0.0612 373 580 632 839 5 0.0608 494 564 756 819 0 0.0599 498 443 747 694 11 0.0599 360 456 623 694 8 0.0598 497 443 742 690 6 0.0588 500 441 751 691 6 0.0585 374 578 643 835 11 0.0584 497 511 753 752 6 0.0583 440 513 695 763 0 0.0583 437 514 692 762 13 0.0581 368 510 633 755 8 0.0571 495 573 751 821 10 0.0571 435 574 697 828 7 0.0566 577 456 823 709 3 0.0566 502 444 747 700 0 0.0566 371 575 638 838 7 0.0565 378 574 645 840 11 0.0564 372 577 636 833 0 0.0564 360 455 623 700 6 0.0564 366 453 624 698 10 0.0560 573 458 821 705 7 0.0555 441 511 699 765 13 0.0551 576 455 827 704 3 0.0550 444 574 694 832 10 0.0547 500 511 752 753 9 0.0545 358 452 624 690 2 0.0543 366 509 625 755 11 0.0538 621 457 876 704 5 0.0533 626 525 881 771 3 0.0531 367 455 625 702 11 0.0528 567 578 829 821 10 0.0528 361 457 623 698 7 0.0526 366 454 628 700 5 0.0525 358 445 620 697 9 0.0521 371 575 640 832 0 0.0520 434 266 696 512 2 0.0520 503 515 752 755 9 0.0517 432 507 698 757 11 0.0516 431 264 699 508 12 0.0514 501 442 749 695 2 0.0514 339 613 685 802 13 0.0505 634 531 894 777 1 0.0504 369 569 639 837
HPlTSwdD1ONNybveAJYZfgQqUmp16s3y,11 0.0606 301 2 575 196 8 0.0594 120 0 365 193 11 0.0585 371 679 635 903 11 0.0581 308 519 572 756 8 0.0577 310 1 563 197 0 0.0571 429 788 691 1021 8 0.0569 2 87 227 333 6 0.0563 245 0 520 193 13 0.0563 249 0 522 198 0 0.0562 0 91 239 338 11 0.0558 781 403 1023 623 8 0.0550 430 786 683 1018 7 0.0548 314 512 577 758 7 0.0547 378 677 640 905 3 0.0545 248 0 515 199 0 0.0545 245 0 514 197 7 0.0542 1 88 242 337 11 0.0541 176 4 445 197 5 0.0540 425 785 685 1014 13 0.0538 121 1 387 195 6 0.0536 118 0 382 192 11 0.0536 275 465 648 652 7 0.0531 286 461 660 653 13 0.0527 7 24 258 273 11 0.0526 0 30 250 274 5 0.0526 109 0 376 195 6 0.0525 444 663 699 905 7 0.0524 57 11 314 260 7 0.0519 244 0 517 195 7 0.0518 786 403 1023 629 6 0.0517 353 479 718 663 0 0.0517 343 422 712 605 6 0.0517 316 517 575 755 5 0.0516 0 84 236 332 11 0.0516 431 788 689 1013 7 0.0515 433 788 697 1018 3 0.0515 117 0 378 199 5 0.0514 778 391 1016 629 8 0.0513 783 398 1013 631 0 0.0510 114 0 379 197 3 0.0510 433 788 691 1022 0 0.0508 781 402 1022 634 8 0.0506 372 676 623 905 2 0.0505 0 29 250 272 2 0.0503 434 789 695 1019 13 0.0503 374 2 640 209 2 0.0503 784 403 1023 627 8 0.0502 277 462 646 653 13 0.0501 312 515 578 760 0 0.0501 311 515 571 759 10 0.0500 374 682 631 902
YExQkqBHYl9OYyJRnSvHAfKczCXVzyYW,11 0.0648 250 475 503 713 8 0.0647 121 519 377 768 11 0.0636 236 343 490 578 11 0.0631 374 465 632 703 5 0.0630 311 393 565 646 0 0.0624 253 472 503 716 8 0.0621 245 405 484 647 8 0.0617 313 582 573 824 8 0.0614 381 465 629 703 5 0.0614 298 524 565 765 0 0.0614 179 398 425 641 11 0.0610 313 402 568 646 11 0.0607 118 469 387 706 11 0.0607 508 336 762 566 0 0.0604 182 274 429 501 5 0.0602 434 381 686 623 0 0.0598 377 462 634 705 5 0.0596 233 337 489 574 13 0.0595 246 410 493 649 11 0.0593 437 391 688 622 8 0.0593 441 389 684 625 5 0.0593 301 271 555 511 3 0.0589 240 344 489 583 8 0.0589 179 341 424 578 6 0.0589 380 395 632 637 3 0.0587 379 399 632 642 5 0.0585 174 397 425 636 6 0.0584 374 593 647 835 5 0.0581 368 586 643 835 11 0.0578 369 595 647 834 6 0.0577 250 525 514 764 5 0.0575 183 522 450 765 6 0.0573 240 341 492 578 13 0.0572 314 466 574 713 7 0.0571 453 326 705 568 0 0.0570 317 396 568 647 0 0.0569 238 341 490 577 6 0.0568 306 275 562 516 8 0.0567 191 580 449 831 8 0.0565 243 278 481 503 7 0.0565 380 462 636 707 13 0.0563 380 342 644 577 3 0.0562 452 329 698 573 5 0.0561 506 329 755 562 7 0.0561 318 398 569 647 8 0.0560 510 332 756 564 0 0.0558 374 592 645 838 0 0.0554 378 337 637 577 11 0.0552 240 582 519 818 0 0.0552 511 336 759 566 3 0.0549 192 471 440 716 3 0.0549 380 592 643 844 7 0.0547 188 520 457 767 7 0.0547 304 526 575 766 7 0.0547 171 639 457 887 11 0.0543 126 589 392 832 10 0.0540 314 404 569 647 0 0.0540 174 640 451 887 10 0.0540 439 391 693 626 2 0.0539 239 348 487 577 10 0.0538 254 480 503 716 7 0.0538 241 339 493 577 6 0.0538 190 276 433 502 3 0.0536 311 464 569 715 0 0.0536 108 337 375 574 13 0.0536 313 584 588 823 13 0.0535 514 335 761 565 2 0.0534 194 477 440 708 2 0.0532 512 341 758 562 11 0.0532 301 280 562 513 7 0.0532 378 592 649 840 6 0.0532 127 523 389 764 9 0.0531 248 476 502 709 0 0.0530 245 579 516 820 11 0.0530 181 276 430 499
mhlrAX9kf8BnRFmyAWbthhhrAnBIwU1V,5 0.0648 376 723 638 963 5 0.0641 293 789 551 1022 5 0.0629 377 595 636 835 8 0.0617 384 727 633 965 8 0.0614 297 788 547 1023 11 0.0612 295 790 549 1022 0 0.0609 318 662 576 899 7 0.0608 300 791 557 1023 11 0.0604 317 668 581 894 5 0.0603 315 528 580 761 11 0.0601 12 479 256 703 5 0.0601 248 590 506 827 5 0.0600 313 662 574 893 0 0.0599 8 472 246 711 11 0.0595 379 730 641 964 6 0.0593 300 793 556 1021 7 0.0590 386 730 643 968 0 0.0584 438 736 698 976 7 0.0582 388 606 643 837 11 0.0579 495 619 769 852 11 0.0577 380 334 646 572 5 0.0574 308 400 576 638 0 0.0573 298 786 552 1023 13 0.0572 303 792 558 1023 13 0.0570 319 405 591 644 7 0.0568 323 669 580 897 0 0.0568 392 455 645 703 0 0.0567 321 529 585 767 0 0.0567 380 598 638 839 13 0.0566 325 533 594 765 10 0.0565 381 671 643 899 5 0.0565 384 453 639 698 7 0.0565 324 537 588 766 7 0.0560 398 457 648 702 11 0.0557 378 604 644 834 6 0.0556 248 719 516 951 10 0.0556 247 668 503 889 11 0.0553 242 721 508 949 13 0.0552 389 728 643 967 10 0.0551 311 728 567 958 0 0.0550 313 406 582 642 11 0.0549 393 458 648 699 13 0.0547 324 667 583 898 13 0.0546 397 457 652 702 6 0.0544 382 726 643 964 11 0.0544 320 534 590 761 6 0.0544 318 406 588 641 3 0.0543 443 738 695 976 8 0.0542 321 666 574 895 0 0.0541 254 595 513 832 5 0.0540 236 713 500 950 0 0.0540 382 332 643 575 7 0.0540 8 536 247 773 13 0.0539 9 534 254 779 11 0.0537 310 406 585 638 7 0.0537 260 596 516 828 3 0.0536 300 792 552 1023 5 0.0536 492 613 764 853 7 0.0536 503 686 769 926 2 0.0536 301 791 557 1023 8 0.0534 7 532 241 772 0 0.0534 497 549 757 792 7 0.0533 389 330 647 574 10 0.0530 312 605 578 824 8 0.0530 321 532 582 764 6 0.0530 323 536 591 762 13 0.0528 258 592 521 828 7 0.0524 315 405 584 643 13 0.0524 389 602 646 836 8 0.0522 379 331 635 577 2 0.0521 323 538 592 764 5 0.0521 376 330 639 574 9 0.0521 298 791 554 1018 8 0.0520 498 617 763 855 6 0.0519 393 456 652 700 8 0.0519 381 603 635 835 6 0.0518 384 602 644 833 10 0.0517 436 742 696 969 8 0.0517 243 715 498 954 13 0.0515 198 721 469 972 2 0.0514 313 409 585 640 6 0.0512 322 668 584 892 3 0.0509 389 670 644 907 2 0.0509 440 741 699 972 8 0.0508 391 455 640 701 11 0.0508 253 597 515 827 7 0.0507 247 720 510 952 3 0.0506 311 405 582 646 3 0.0506 316 604 579 832 10 0.0505 312 409 582 640 6 0.0505 388 331 649 574 6 0.0504 15 475 256 707 2 0.0502 257 664 514 897
JIgLSZwvCbElIuRLrc7jP8xiiQ5IPPkJ,14 1.0 0 0 1 1
cDRIR3UfOl72LFwjFljZzUww6v5nKzhI,5 0.0663 305 452 581 700 5 0.0650 307 326 576 561 0 0.0640 309 391 575 631 11 0.0634 370 335 635 567 8 0.0627 307 456 573 699 3 0.0610 372 335 634 572 11 0.0600 307 458 578 700 11 0.0600 452 465 702 705 11 0.0598 509 401 767 637 0 0.0595 324 345 684 532 7 0.0594 246 460 511 706 13 0.0593 316 327 587 565 5 0.0592 190 280 554 459 8 0.0592 312 327 574 562 8 0.0592 441 402 692 640 0 0.0592 440 401 699 641 7 0.0589 340 406 702 593 6 0.0584 375 401 639 639 2 0.0582 313 460 580 699 0 0.0580 245 458 513 710 5 0.0573 448 457 700 708 8 0.0572 511 466 764 711 10 0.0571 310 399 573 627 3 0.0568 457 464 705 712 13 0.0567 376 404 640 641 0 0.0566 509 466 769 712 6 0.0565 516 400 771 640 6 0.0563 456 461 703 710 7 0.0563 511 466 771 711 2 0.0554 316 331 582 559 10 0.0550 247 473 510 706 9 0.0546 308 457 576 695 5 0.0545 507 390 764 639 11 0.0545 256 280 631 458 7 0.0543 263 279 635 464 6 0.0541 316 330 584 560 3 0.0541 246 461 507 710 10 0.0540 373 339 635 567 13 0.0536 455 463 708 712 3 0.0528 260 280 624 466 13 0.0527 511 398 776 642 2 0.0523 452 469 701 710 3 0.0521 514 401 771 648 12 0.0520 373 401 636 641 10 0.0520 451 464 704 708 8 0.0513 197 281 549 459 1 0.0507 367 330 634 566 0 0.0507 257 280 631 462
4lqWYlgh7EqlvXgAE4AOUhvfqBTNP2Pu,5 0.0688 364 791 628 1018 7 0.0631 373 794 636 1023 8 0.0623 373 792 622 1023 11 0.0603 381 522 639 755 0 0.0603 370 791 630 1023 13 0.0602 378 797 636 1023 11 0.0593 368 797 630 1020 8 0.0573 386 0 636 244 5 0.0564 288 733 559 955 3 0.0560 391 0 650 251 5 0.0558 314 466 571 708 5 0.0557 435 730 699 966 0 0.0554 383 1 648 246 10 0.0554 367 796 633 1023 6 0.0553 374 795 633 1023 0 0.0549 318 472 572 712 7 0.0545 447 736 708 976 3 0.0540 371 794 630 1023 11 0.0538 440 735 703 970 13 0.0537 326 470 580 714 5 0.0536 376 0 641 242 9 0.0535 369 794 631 1020 0 0.0534 443 733 705 973 13 0.0527 302 740 566 961 11 0.0526 312 13 584 254 7 0.0526 296 742 566 962 13 0.0521 388 0 655 244 11 0.0518 436 340 698 560 2 0.0516 386 5 643 243 8 0.0515 442 734 695 972 0 0.0515 394 406 644 639 11 0.0510 442 459 691 692 7 0.0510 322 468 574 709 3 0.0506 447 732 702 980 8 0.0505 383 518 629 762 11 0.0504 370 266 649 492 11 0.0502 289 738 562 958 8 0.0500 377 264 638 492
uqecs6yNfFW5WIQtf7w54el2hb7RdLPf,13 0.0555 510 786 779 1017 5 0.0552 428 782 703 1014 5 0.0536 431 650 702 894 8 0.0529 510 779 758 1013 11 0.0521 238 280 501 509 11 0.0520 370 599 639 825 0 0.0519 433 655 706 899 0 0.0517 560 0 829 190 7 0.0515 309 725 576 975 0 0.0514 433 788 704 1018 6 0.0513 441 787 709 1020 5 0.0512 371 590 629 825 11 0.0509 432 792 702 1014 8 0.0506 373 657 625 906 11 0.0504 433 663 706 891 7 0.0504 380 595 639 831
gDxTz62WJD3bTo2nxpJnHsTXisOmRFTi,8 0.0584 265 267 507 504 11 0.0579 632 389 897 615 11 0.0571 377 130 643 367 8 0.0569 176 126 432 373 6 0.0568 272 336 523 574 0 0.0565 628 323 892 552 0 0.0562 184 218 446 448 5 0.0561 297 134 576 373 13 0.0561 263 272 521 514 11 0.0561 170 132 444 368 5 0.0557 377 189 637 433 13 0.0554 190 220 453 448 11 0.0553 266 343 519 572 7 0.0551 264 199 518 436 2 0.0551 573 403 830 630 5 0.0549 373 2 645 241 5 0.0549 172 213 444 442 5 0.0549 497 0 759 192 7 0.0547 338 0 601 199 13 0.0544 577 469 831 704 11 0.0542 501 4 769 191 0 0.0541 497 202 749 421 5 0.0541 256 265 514 502 8 0.0540 269 392 503 636 7 0.0540 506 0 766 196 7 0.0538 273 336 519 571 5 0.0537 264 391 507 632 0 0.0537 501 0 763 196 11 0.0533 381 13 652 244 8 0.0532 325 198 578 433 10 0.0531 271 400 511 635 8 0.0528 632 391 891 618 13 0.0527 505 0 771 195 5 0.0527 615 452 883 678 5 0.0527 623 319 890 550 3 0.0526 505 0 764 196 11 0.0525 511 468 775 693 6 0.0523 266 201 522 439 6 0.0523 182 133 450 370 8 0.0523 395 266 641 501 3 0.0521 263 202 518 441 5 0.0521 489 192 749 417 8 0.0519 503 0 754 194 7 0.0519 185 510 434 768 11 0.0519 320 201 590 432 13 0.0517 631 393 908 619 0 0.0517 379 128 635 367 11 0.0516 361 806 620 1020 0 0.0515 269 394 508 640 0 0.0515 418 397 661 645 13 0.0514 638 552 893 777 11 0.0514 564 220 828 421 10 0.0513 620 460 885 678 2 0.0513 630 329 891 552 6 0.0513 507 0 768 193 11 0.0512 695 460 953 678 11 0.0512 628 549 882 775 2 0.0512 183 222 443 445 0 0.0510 550 272 829 488 8 0.0510 176 507 423 768 0 0.0510 382 14 646 247 3 0.0509 383 123 643 374 2 0.0506 378 18 644 249 2 0.0506 554 278 833 486 3 0.0504 270 339 517 580 11 0.0502 340 399 591 641 0 0.0502 263 268 516 510 9 0.0502 499 4 765 188 13 0.0502 326 201 592 440 13 0.0502 422 396 667 637 10 0.0502 329 343 593 573 11 0.0501 626 274 894 493 13 0.0501 521 391 784 623 6 0.0500 641 392 902 616 10 0.0500 563 222 826 420 13 0.0500 565 218 834 427
6RUTqIj9CSZnYC7NGLWqFW9VxR2o6Kgk,5 0.0560 385 328 626 544 3 0.0559 391 334 633 556 7 0.0537 394 332 635 549 11 0.0533 389 333 637 543 0 0.0526 388 329 632 551 8 0.0520 388 332 625 548 6 0.0512 390 336 637 548
2QPJ65nvPtVZOkczOCND6BVDHQfXS7RT,11 0.0609 564 329 825 564 11 0.0589 512 209 770 442 5 0.0586 440 194 694 440 8 0.0585 380 772 621 1019 0 0.0585 706 404 949 637 3 0.0573 447 200 702 450 11 0.0570 700 401 953 632 11 0.0570 441 141 696 376 5 0.0561 369 769 624 1013 3 0.0559 574 328 823 576 11 0.0559 371 779 627 1013 8 0.0556 444 198 693 444 0 0.0553 514 275 766 512 0 0.0545 439 204 701 444 11 0.0543 380 204 640 440 7 0.0542 381 772 631 1016 6 0.0541 381 775 631 1019 8 0.0534 703 397 943 635 0 0.0532 374 263 635 507 5 0.0525 565 321 817 565 5 0.0522 697 392 946 635 11 0.0521 574 152 820 375 5 0.0520 373 258 630 500 0 0.0519 647 287 884 524 2 0.0514 443 205 697 442 10 0.0513 444 203 700 443 7 0.0512 444 201 702 444 5 0.0511 304 318 562 557 8 0.0511 516 268 762 511 11 0.0511 436 38 707 261 7 0.0510 572 330 826 568 6 0.0507 317 321 572 563 0 0.0506 309 322 565 564 11 0.0506 362 402 629 641 13 0.0505 450 202 705 442 6 0.0505 401 139 645 378 3 0.0504 376 772 622 1023 11 0.0504 311 269 567 502 0 0.0501 368 398 629 644 7 0.0501 710 463 964 695 10 0.0500 380 782 623 1017
FdbkP9zJuu0UqG7H0uCtovV013fyaSo3,8 0.0641 240 342 491 564 7 0.0631 122 412 376 655 8 0.0626 265 207 490 437 5 0.0623 238 280 491 501 8 0.0621 629 591 882 834 5 0.0612 186 337 440 576 11 0.0608 569 581 825 831 8 0.0607 574 453 826 704 13 0.0604 239 343 502 569 11 0.0600 307 419 569 640 0 0.0596 634 589 887 837 8 0.0595 189 460 435 696 11 0.0594 242 288 495 500 8 0.0592 273 479 619 660 11 0.0591 192 346 443 577 6 0.0588 196 341 446 576 0 0.0588 577 459 831 708 6 0.0586 577 583 829 829 0 0.0585 304 413 571 643 5 0.0584 628 588 881 833 8 0.0583 447 330 692 569 11 0.0582 448 336 697 568 0 0.0582 120 356 377 596 6 0.0580 125 414 379 659 0 0.0576 233 342 498 569 0 0.0576 378 216 633 458 6 0.0574 251 286 500 501 5 0.0571 112 412 372 654 11 0.0569 119 419 376 658 0 0.0569 440 396 695 637 0 0.0569 315 138 571 393 11 0.0568 575 454 834 700 6 0.0568 453 330 698 568 13 0.0567 310 415 574 646 5 0.0567 569 450 827 706 6 0.0565 581 456 835 704 5 0.0565 240 408 499 636 5 0.0564 442 328 695 568 2 0.0564 450 340 698 565 5 0.0564 180 193 419 439 8 0.0563 492 226 757 451 3 0.0562 250 283 493 506 3 0.0561 193 413 439 652 11 0.0559 496 518 767 771 7 0.0556 194 335 444 579 8 0.0556 579 286 831 506 13 0.0554 441 393 697 640 3 0.0551 451 331 697 575 7 0.0550 635 589 886 834 11 0.0549 376 215 633 447 3 0.0547 630 593 885 839 2 0.0545 576 461 835 707 5 0.0542 312 202 559 442 7 0.0542 501 579 768 841 13 0.0541 194 408 446 647 12 0.0539 575 581 830 836 10 0.0538 630 595 883 833 0 0.0537 258 204 501 442 6 0.0536 309 140 579 385 7 0.0535 249 281 497 503 0 0.0534 360 479 626 710 10 0.0534 238 351 497 566 0 0.0532 580 288 836 507 10 0.0531 194 416 442 644 13 0.0530 632 592 891 833 0 0.0530 495 224 761 454 5 0.0530 398 478 762 661 8 0.0529 190 274 429 508 2 0.0529 633 596 887 838 8 0.0526 496 586 756 836 6 0.0524 247 415 507 638 2 0.0523 408 487 768 661 8 0.0523 382 216 624 448 11 0.0521 493 225 767 447 5 0.0521 490 220 759 452 13 0.0520 240 152 505 389 7 0.0519 455 334 698 568 5 0.0518 560 56 814 298
RXupN1U9rqSx10VChHk1XssrN2EGgiRz,11 0.0646 309 600 568 830 7 0.0619 317 599 573 829 8 0.0606 314 600 563 832 0 0.0566 312 603 570 835 10 0.0554 312 601 568 832 5 0.0543 309 597 564 829 3 0.0534 317 600 568 839 6 0.0525 316 600 572 833 13 0.0507 319 599 576 834 8 0.0507 239 325 483 559
aTeiuhmm8jlB5mFyE6cpTMYmzteA5gnh,8 0.0567 387 791 622 1023 0 0.0541 384 796 633 1023 11 0.0530 384 796 632 1018 6 0.0510 387 800 636 1023 5 0.0508 379 793 626 1017 7 0.0505 387 792 637 1022
pBGrXOJR8NM0KqrMNiGJdRXu6RCwPOPm,5 0.0649 570 324 816 560 0 0.0628 634 337 894 570 5 0.0617 317 193 581 441 0 0.0613 518 148 760 376 8 0.0606 452 142 692 362 8 0.0602 635 338 887 568 11 0.0598 638 265 901 496 5 0.0598 435 201 694 434 8 0.0592 505 397 748 639 3 0.0590 329 196 584 449 0 0.0586 627 148 895 368 11 0.0581 632 415 896 639 11 0.0577 194 258 453 504 0 0.0577 400 152 640 380 5 0.0577 634 263 900 500 7 0.0576 271 185 517 438 3 0.0575 512 338 760 570 5 0.0574 629 408 895 640 11 0.0573 505 402 759 632 11 0.0570 630 152 895 365 11 0.0568 260 141 504 372 0 0.0567 504 340 755 564 3 0.0567 640 339 898 575 7 0.0566 513 400 762 636 3 0.0565 447 205 697 444 8 0.0565 566 155 817 372 7 0.0564 392 210 654 440 8 0.0564 389 212 644 436 5 0.0564 503 396 753 638 11 0.0562 449 143 700 363 13 0.0561 267 138 506 372 7 0.0561 201 255 458 504 0 0.0560 264 137 500 373 6 0.0557 638 411 898 643 11 0.0554 389 211 657 437 0 0.0553 268 244 520 489 0 0.0552 105 402 372 639 8 0.0552 263 135 494 372 2 0.0552 569 335 818 562 10 0.0552 627 416 895 638 7 0.0550 641 262 905 501 7 0.0550 573 327 822 559 6 0.0548 511 342 758 563 3 0.0547 265 138 502 379 8 0.0546 710 269 950 495 0 0.0545 709 266 962 499 6 0.0544 575 155 828 374 11 0.0544 172 402 433 638 13 0.0544 445 460 715 701 13 0.0543 274 244 525 489 13 0.0542 713 269 971 498 10 0.0540 635 268 900 500 6 0.0540 442 210 697 436 0 0.0537 335 69 572 297 5 0.0537 189 252 448 499 8 0.0536 199 255 446 502 7 0.0535 635 411 899 641 6 0.0535 715 267 966 496 7 0.0534 450 140 702 365 5 0.0532 567 149 824 373 11 0.0529 571 332 819 557 2 0.0528 440 217 691 436 13 0.0527 640 415 901 640 8 0.0525 185 467 410 702 8 0.0524 100 402 356 636 3 0.0524 527 150 763 381 12 0.0524 574 329 817 560 6 0.0523 198 257 459 503 5 0.0523 189 56 442 302 8 0.0523 264 320 498 556 3 0.0522 261 321 505 570 13 0.0522 391 211 656 437 10 0.0521 262 144 503 374 5 0.0519 255 135 499 371 3 0.0519 712 270 962 502 2 0.0518 631 420 892 643 11 0.0517 332 74 573 299 13 0.0517 339 74 579 301 6 0.0516 334 145 581 377 0 0.0516 197 64 443 308 7 0.0513 204 58 448 304 11 0.0513 435 466 713 698 6 0.0513 102 403 369 639 8 0.0512 339 69 564 295 10 0.0512 566 330 818 558 5 0.0512 100 393 362 635
jomaFlg2IaTtLj1JWw9RNaZZWFQYsOCY,5 0.0701 250 653 502 896 7 0.0671 254 655 505 898 0 0.0666 254 653 502 900 8 0.0657 248 701 498 955 11 0.0647 250 657 502 896 6 0.0614 252 657 506 898 3 0.0613 253 655 504 901 10 0.0605 250 658 503 897 13 0.0573 256 656 508 899 1 0.0563 244 700 500 957 2 0.0558 247 709 501 958 12 0.0555 254 654 504 900 9 0.0550 249 657 503 896 11 0.0543 640 544 900 770 0 0.0527 643 541 896 771 8 0.0524 642 542 889 770 4 0.0519 253 658 504 899 5 0.0515 637 538 894 770 3 0.0502 644 543 898 778
QemisA4GXRlEsd6ugb2mL0JqeIFzNOth,5 0.0638 242 710 494 958 11 0.0618 429 673 692 900 7 0.0618 504 673 759 905 7 0.0599 252 715 501 962 0 0.0598 250 714 497 966 8 0.0597 185 602 431 839 11 0.0596 242 667 502 906 11 0.0596 183 606 444 837 8 0.0590 246 664 495 909 11 0.0590 175 722 433 958 11 0.0579 572 671 818 892 10 0.0575 243 669 501 908 8 0.0573 433 670 685 902 7 0.0572 443 593 691 826 11 0.0566 305 542 559 766 7 0.0565 189 602 444 841 0 0.0553 185 601 439 843 5 0.0549 179 601 436 839 5 0.0544 430 669 686 900 0 0.0532 113 664 375 909 10 0.0532 431 674 691 902 13 0.0530 251 718 504 967 10 0.0529 107 670 377 906 0 0.0527 433 671 692 906 6 0.0526 183 721 435 964 8 0.0524 111 666 367 908 3 0.0521 247 664 503 915 6 0.0518 434 674 694 905 7 0.0515 381 531 627 761 8 0.0513 307 542 548 767 3 0.0510 437 671 694 910 9 0.0509 176 721 435 957 2 0.0506 247 719 500 962 5 0.0503 108 663 373 907 0 0.0502 306 538 558 770
u9IPpyjni6HvOU1weskyARrUeSYqhpZB,11 0.0614 337 420 698 598 7 0.0577 343 416 705 598 8 0.0570 342 419 690 600 3 0.0562 343 421 704 604 11 0.0539 175 794 432 1012 5 0.0536 67 340 315 569 6 0.0532 345 420 704 600 13 0.0530 344 420 704 602 11 0.0530 410 536 794 722 5 0.0529 336 412 692 597 13 0.0526 183 789 448 1016 0 0.0525 338 416 692 600 5 0.0525 7 139 240 379 13 0.0518 449 17 716 251 13 0.0516 374 464 638 700 10 0.0512 342 422 704 599 11 0.0508 437 17 711 251 6 0.0508 423 536 799 721 0 0.0508 416 535 801 727 8 0.0501 118 784 366 1006
Uf2SZi5m5MohE2kuV7P8ZHvBbf0r0g7d,8 0.0600 248 786 484 1023 8 0.0597 136 812 375 1023 5 0.0568 303 794 552 1021 11 0.0567 311 798 555 1020 11 0.0560 632 532 883 763 13 0.0560 249 791 497 1023 5 0.0552 183 795 433 1019 0 0.0549 634 594 884 823 11 0.0548 129 817 380 1021 7 0.0545 456 468 696 713 0 0.0542 245 662 507 902 11 0.0536 444 395 704 638 5 0.0534 441 331 708 567 11 0.0533 173 661 440 892 6 0.0530 246 786 496 1020 5 0.0529 630 595 878 816 8 0.0528 0 0 343 154 0 0.0522 388 390 637 635 11 0.0521 382 326 653 558 8 0.0520 449 386 688 641 13 0.0519 127 814 393 1023 0 0.0518 313 793 559 1023 8 0.0515 389 470 627 708 10 0.0515 310 800 558 1022 11 0.0512 585 477 821 700 13 0.0511 391 323 659 560 11 0.0511 370 729 617 951 6 0.0510 635 593 892 818 7 0.0510 451 333 714 573 8 0.0507 388 320 642 559 13 0.0507 456 470 701 712 8 0.0505 450 524 691 764 0 0.0503 451 532 698 765 13 0.0502 636 592 894 821
nZUM9D1fMlwK45oRKaezLGrYJmAeh1eC,7 0.0638 369 725 624 972 11 0.0633 371 787 621 1021 8 0.0619 0 731 237 961 8 0.0618 375 783 612 1023 11 0.0612 429 674 700 902 5 0.0607 367 663 626 909 0 0.0606 368 721 619 976 6 0.0606 372 668 636 913 13 0.0598 303 792 571 1023 5 0.0598 369 782 613 1019 5 0.0597 431 731 695 967 11 0.0594 0 739 240 960 0 0.0592 389 603 641 846 0 0.0590 0 736 239 964 8 0.0580 372 670 626 914 7 0.0578 1 736 241 965 5 0.0575 0 728 233 957 6 0.0569 441 738 703 970 8 0.0568 69 1 319 228 3 0.0566 446 736 701 978 0 0.0565 49 33 305 262 3 0.0564 374 668 629 916 8 0.0564 439 739 692 974 8 0.0563 56 785 299 1023 6 0.0563 375 785 623 1021 6 0.0554 1 734 245 960 7 0.0553 393 600 645 841 11 0.0550 242 786 504 1021 0 0.0548 54 793 306 1023 11 0.0548 385 603 637 839 3 0.0546 5 734 239 963 2 0.0532 304 682 563 916 11 0.0530 110 792 373 1021 5 0.0524 301 594 557 837 2 0.0521 391 611 643 845 3 0.0521 376 784 617 1023 2 0.0519 377 788 620 1023 10 0.0517 374 788 619 1021 11 0.0515 448 197 710 418 10 0.0514 0 738 243 963 13 0.0511 437 675 707 906 6 0.0511 57 792 308 1023 2 0.0508 0 740 243 960 6 0.0506 310 600 564 836 8 0.0505 245 781 495 1023 13 0.0502 2 735 247 962
ufTroLDaBK3C3BRYKEqmcQ7qnhs9oOk8,8 0.0612 568 415 823 663 11 0.0603 424 345 677 586 5 0.0593 463 480 816 669 11 0.0567 429 476 692 721 8 0.0566 482 475 734 715 0 0.0564 403 423 772 607 7 0.0554 436 476 697 721 6 0.0554 474 487 823 668 3 0.0551 552 481 818 726 0 0.0546 472 483 818 671 8 0.0544 406 423 762 605 11 0.0543 568 421 829 662 5 0.0543 400 420 766 604 8 0.0539 375 469 620 710 7 0.0537 574 422 829 669 13 0.0532 412 423 784 606 13 0.0527 375 468 635 711 6 0.0524 415 427 778 604 13 0.0516 476 484 831 669 3 0.0515 410 425 772 609 7 0.0514 372 388 628 631 10 0.0510 485 474 745 716 3 0.0510 638 355 900 595 11 0.0506 310 486 569 724 3 0.0501 437 477 691 728
iIJRRQlMTEVNMOebANGlXEej6EkTBZnf,11 0.0671 441 408 710 635 8 0.0662 512 404 759 637 8 0.0639 337 412 694 595 3 0.0631 446 404 708 643 5 0.0622 325 410 692 594 7 0.0620 339 414 696 597 8 0.0606 392 269 626 499 8 0.0605 436 470 700 699 5 0.0593 380 265 632 499 11 0.0587 385 270 635 498 0 0.0584 242 270 488 504 7 0.0583 513 405 766 639 11 0.0581 307 403 569 639 3 0.0580 391 267 630 503 5 0.0578 237 396 491 635 6 0.0574 389 267 635 499 5 0.0571 294 453 571 706 5 0.0570 424 464 704 698 0 0.0570 387 265 634 505 13 0.0568 314 399 573 643 8 0.0565 301 457 566 706 2 0.0564 336 417 695 597 13 0.0561 391 269 635 505 0 0.0561 512 407 765 640 6 0.0560 312 401 572 639 3 0.0558 312 401 567 646 10 0.0558 388 274 632 502 0 0.0556 2 776 236 1004 2 0.0555 512 414 760 638 11 0.0552 370 467 644 707 10 0.0552 512 410 765 638 5 0.0550 240 263 485 498 13 0.0547 510 409 769 642 13 0.0546 249 333 503 580 6 0.0545 295 532 566 772 2 0.0544 389 272 633 502 5 0.0544 505 402 759 634 7 0.0544 437 468 708 702 3 0.0542 375 464 641 715 7 0.0542 389 269 634 501 11 0.0537 244 336 503 574 6 0.0535 249 334 502 577 0 0.0533 333 414 696 599 7 0.0529 298 530 561 773 0 0.0525 430 472 707 703 3 0.0524 246 336 495 580 7 0.0523 248 331 498 575 8 0.0523 244 328 494 576 0 0.0513 242 400 493 641 6 0.0512 375 463 647 706 1 0.0509 329 411 689 598 13 0.0508 436 471 716 703 11 0.0505 0 778 240 993 0 0.0505 301 459 573 710 10 0.0504 337 418 701 596
ZvKyh2dOHGNQs1Q4X8mz9VUs2JFs7Y5M,5 0.0606 181 329 436 569 11 0.0599 582 537 831 765 5 0.0587 187 451 421 686 8 0.0585 117 378 373 630 11 0.0584 636 263 891 481 5 0.0579 630 320 880 550 11 0.0573 318 331 572 560 11 0.0568 580 334 822 566 5 0.0568 580 529 829 769 0 0.0563 584 535 831 773 8 0.0562 586 531 823 772 0 0.0558 185 334 437 574 8 0.0556 248 261 493 504 11 0.0555 245 261 505 500 11 0.0551 451 402 692 639 5 0.0551 53 335 327 568 11 0.0550 179 332 439 569 7 0.0548 327 325 574 566 8 0.0539 583 268 819 499 5 0.0537 575 393 820 638 8 0.0536 576 398 818 639 5 0.0535 247 254 503 500 7 0.0532 184 329 438 568 7 0.0531 515 388 756 631 7 0.0531 586 271 825 502 7 0.0530 253 384 496 626 6 0.0529 644 207 906 430 11 0.0526 508 464 756 709 3 0.0525 590 534 832 778 3 0.0524 277 349 642 530 0 0.0524 578 273 822 504 8 0.0522 115 787 361 1002 6 0.0521 184 335 444 572 0 0.0518 574 401 824 640 13 0.0517 256 329 511 571 8 0.0517 253 385 484 626 11 0.0517 688 575 949 787 7 0.0516 251 257 507 503 0 0.0514 246 261 504 505 13 0.0514 123 332 399 573 13 0.0513 589 272 832 501 5 0.0512 313 400 561 644 13 0.0510 588 536 837 773 5 0.0507 632 198 894 430 8 0.0506 48 460 308 702 7 0.0505 121 786 376 1009 8 0.0505 194 446 415 690 0 0.0504 113 784 372 1009 6 0.0504 637 399 896 622 3 0.0502 247 201 505 447
LzPu4NIjdUYJYR5ATiCZsEO63c8kRdnw,3 0.0536 319 273 576 510 8 0.0529 315 274 570 505 11 0.0522 313 275 579 502 7 0.0507 450 0 703 231 0 0.0504 252 266 510 496
IWkZR1H0wB4JsfZwuZgi1a4VDv53YwDb,11 0.0654 276 471 635 658 8 0.0629 455 539 688 771 11 0.0624 458 399 705 627 3 0.0611 280 417 639 604 5 0.0605 379 484 741 665 7 0.0603 281 473 637 663 3 0.0603 520 90 778 330 11 0.0596 452 541 695 770 6 0.0591 313 265 569 512 3 0.0589 445 1 702 196 0 0.0588 247 197 502 432 3 0.0588 395 486 745 669 0 0.0588 453 455 699 693 0 0.0585 284 472 636 658 5 0.0585 434 0 702 193 11 0.0584 305 267 571 507 10 0.0584 248 410 507 642 7 0.0582 251 320 510 565 0 0.0580 311 259 565 511 6 0.0576 252 199 506 433 13 0.0575 250 404 510 648 5 0.0571 310 263 562 507 5 0.0570 243 400 506 643 3 0.0569 249 325 504 569 5 0.0566 448 538 689 772 11 0.0564 244 200 503 429 6 0.0563 288 473 643 660 8 0.0560 443 0 693 195 7 0.0560 502 19 773 259 6 0.0560 443 2 708 193 13 0.0559 463 399 712 627 13 0.0556 313 265 572 515 11 0.0551 513 91 778 321 13 0.0550 446 0 713 194 7 0.0549 458 455 705 692 8 0.0549 315 264 561 512 8 0.0547 249 323 498 567 2 0.0546 285 476 632 661 8 0.0545 249 196 494 433 3 0.0542 140 477 496 671 10 0.0540 313 268 568 510 11 0.0537 323 750 575 965 10 0.0535 246 204 501 431 13 0.0535 250 200 509 436 8 0.0532 285 474 629 658 10 0.0531 452 457 702 692 5 0.0531 511 86 776 323 10 0.0530 441 3 707 194 7 0.0529 252 196 506 431 13 0.0528 515 90 782 326 5 0.0527 245 195 498 428 0 0.0516 519 402 773 628 6 0.0516 454 453 705 694 9 0.0514 280 473 631 656 11 0.0512 442 4 703 193 1 0.0509 277 466 630 661 2 0.0507 314 269 563 512 0 0.0504 500 26 771 258 2 0.0503 455 461 700 695
gYH1CpK5X3VMLMlYaapzCkNXawgfB3SI,8 0.0641 314 451 556 702 11 0.0641 450 521 699 763 8 0.0637 506 459 726 703 5 0.0631 448 201 716 459 0 0.0626 448 88 698 322 11 0.0625 451 208 724 456 8 0.0620 566 412 811 643 8 0.0619 455 269 710 520 5 0.0619 239 447 486 691 11 0.0607 382 372 636 612 3 0.0607 510 461 731 710 3 0.0605 464 152 721 396 5 0.0600 380 511 637 765 0 0.0599 452 269 712 520 0 0.0596 381 375 636 614 7 0.0596 456 205 725 462 8 0.0592 462 151 709 387 3 0.0592 460 267 714 523 7 0.0590 312 445 567 702 11 0.0589 570 342 823 570 0 0.0588 310 450 572 701 8 0.0585 187 469 410 709 8 0.0581 378 212 637 440 11 0.0580 310 450 567 699 8 0.0580 252 510 484 768 5 0.0579 445 82 696 319 5 0.0577 372 137 635 374 13 0.0575 504 463 734 698 0 0.0573 509 198 774 452 5 0.0572 307 388 565 625 5 0.0569 568 332 814 572 11 0.0567 184 601 445 831 3 0.0563 389 436 633 692 7 0.0562 452 86 701 318 6 0.0562 379 266 648 496 13 0.0561 387 441 639 687 8 0.0561 575 264 816 508 7 0.0558 454 523 709 762 6 0.0558 386 522 649 766 13 0.0555 462 150 723 387 7 0.0555 239 386 495 633 11 0.0554 401 603 657 840 5 0.0554 257 578 513 834 11 0.0554 447 90 701 316 7 0.0553 255 508 500 768 11 0.0553 375 148 641 376 0 0.0553 376 210 646 441 6 0.0552 465 151 721 390 7 0.0552 311 326 573 564 10 0.0551 453 212 725 456 8 0.0545 312 333 564 559 5 0.0544 237 321 497 554 8 0.0541 236 389 481 629 5 0.0541 499 457 723 701 11 0.0540 371 266 646 497 0 0.0536 504 469 733 706 8 0.0535 183 601 426 837 6 0.0534 316 333 577 557 11 0.0533 576 201 834 436 8 0.0532 580 146 815 389 13 0.0530 326 522 583 764 13 0.0526 457 269 718 518 13 0.0525 264 585 527 838 9 0.0525 460 152 718 382 0 0.0522 384 526 647 770 11 0.0522 249 511 502 765 7 0.0521 379 141 645 377 9 0.0518 451 272 712 514 13 0.0518 246 452 498 696 8 0.0516 332 603 577 838 3 0.0516 574 263 825 517 3 0.0515 330 523 571 768
U7ok373fJ28S5lNMQ64XemWIt7hKbMuG,7 0.0558 383 524 652 760 11 0.0557 379 524 652 756 0 0.0545 384 522 648 759 5 0.0538 375 518 645 753 6 0.0523 387 523 653 756 8 0.0523 383 526 640 757 13 0.0523 386 524 655 759 3 0.0516 382 528 650 764 11 0.0502 5 792 246 1016 0 0.0501 9 786 247 1023
mzEzr60LlJyQlKI0TLvrFr1Ims0u3tyr,11 0.0635 261 800 503 1019 11 0.0621 184 673 439 897 7 0.0609 261 798 507 1021 8 0.0601 265 800 492 1023 7 0.0588 380 396 641 617 0 0.0587 245 291 514 517 7 0.0580 193 669 441 895 11 0.0572 118 2 394 200 8 0.0564 123 672 369 899 0 0.0553 259 800 500 1023 5 0.0550 256 795 496 1021 11 0.0548 248 296 519 507 0 0.0545 186 673 435 905 0 0.0533 382 401 639 619 8 0.0528 256 290 504 514 11 0.0526 569 605 819 824 0 0.0525 116 3 387 205 8 0.0515 124 0 379 202 11 0.0511 379 400 635 616 3 0.0507 265 799 505 1023 13 0.0502 124 0 398 204 13 0.0501 263 800 507 1023
Zg9cW1UhcvyhZKEmL7YMCYGFYKgYEKQl,5 0.0547 304 65 557 305 5 0.0538 368 9 633 231 7 0.0536 247 22 502 248 0 0.0532 316 16 578 249 11 0.0530 316 672 569 895 0 0.0527 179 0 435 191 11 0.0526 309 15 581 242 13 0.0526 178 0 450 192 0 0.0525 320 670 568 895 10 0.0524 238 34 496 244 11 0.0520 172 3 439 192 8 0.0515 317 670 556 897 3 0.0508 321 16 580 255 11 0.0505 446 614 699 827 11 0.0503 512 545 769 772 8 0.0502 173 0 433 193
4YJr6nU0W17WQ5p9kzDPtI55fpPEfhkq,5 0.0622 509 75 764 316 8 0.0610 380 130 628 375 7 0.0595 508 320 757 558 0 0.0594 513 158 765 384 8 0.0593 504 320 745 558 5 0.0587 498 318 752 557 6 0.0582 510 323 757 559 8 0.0577 514 155 756 382 11 0.0576 379 129 633 378 7 0.0571 390 466 655 700 10 0.0569 381 139 638 375 5 0.0565 702 418 1023 612 5 0.0564 375 127 632 373 8 0.0564 373 323 626 563 3 0.0562 520 83 766 323 3 0.0558 510 324 751 566 5 0.0555 633 327 881 564 13 0.0551 383 133 642 371 0 0.0547 504 324 752 559 11 0.0545 705 419 1023 617 7 0.0543 382 126 641 374 7 0.0539 384 321 638 564 0 0.0539 380 132 639 371 7 0.0532 515 152 765 385 11 0.0531 500 327 756 556 5 0.0530 369 317 631 560 13 0.0530 509 324 758 559 5 0.0530 378 456 645 701 13 0.0529 510 5 768 238 0 0.0527 568 86 832 308 8 0.0527 315 196 562 434 2 0.0526 384 475 652 704 11 0.0526 242 814 496 1022 3 0.0524 388 128 632 379 2 0.0521 507 330 750 558 8 0.0519 383 462 635 704 13 0.0516 376 321 642 566 2 0.0514 515 164 764 384 5 0.0513 310 190 571 435 3 0.0512 385 467 648 711 7 0.0511 509 3 762 242 0 0.0510 502 8 759 241 10 0.0509 709 426 1019 613 2 0.0507 377 329 631 564 2 0.0504 506 13 757 238 0 0.0501 712 425 1023 614 3 0.0500 564 167 824 379
FlVRZhrJcEQBPG0nkZF72NB0FbS1Gtf3,11 0.0618 272 612 630 783 8 0.0610 252 526 498 750 11 0.0608 570 678 838 896 7 0.0603 316 573 576 818 0 0.0593 313 575 575 819 8 0.0583 315 572 566 818 11 0.0572 446 530 704 759 5 0.0568 308 570 568 816 8 0.0558 388 515 624 756 11 0.0556 239 662 499 879 7 0.0555 241 657 500 883 0 0.0548 386 512 633 758 8 0.0546 243 656 492 882 10 0.0544 308 577 573 820 11 0.0536 453 4 716 245 6 0.0532 276 610 637 785 0 0.0524 570 674 836 904 3 0.0521 276 610 632 790 8 0.0520 573 675 832 901 7 0.0517 392 511 638 756 7 0.0516 256 523 511 750 8 0.0515 309 465 560 695 5 0.0514 249 525 504 744 5 0.0514 442 524 701 761 6 0.0514 258 528 512 746 0 0.0512 453 8 712 248 7 0.0511 461 7 718 243 0 0.0508 242 658 504 883 5 0.0502 236 655 495 878 8 0.0502 248 400 500 635
MjlngcuhXJhQx74UHTl4xxMD9MLVKEWa,5 0.0620 194 480 576 664 5 0.0618 384 331 638 571 5 0.0617 250 517 510 766 6 0.0606 266 389 516 629 7 0.0601 329 323 583 566 11 0.0599 322 324 582 564 8 0.0594 328 321 577 563 0 0.0583 252 519 515 767 8 0.0581 197 482 573 665 5 0.0581 261 315 511 565 7 0.0579 274 450 522 697 8 0.0578 268 389 509 630 8 0.0575 752 19 1011 254 8 0.0568 256 517 508 766 11 0.0566 261 394 515 629 0 0.0566 265 390 513 633 11 0.0565 122 582 393 815 5 0.0561 748 16 1012 254 11 0.0561 251 522 514 763 0 0.0557 321 255 576 503 6 0.0557 200 484 582 664 0 0.0556 750 22 1020 259 3 0.0554 331 324 581 570 13 0.0553 331 322 584 567 6 0.0551 219 350 582 533 3 0.0550 260 520 514 772 10 0.0547 264 393 515 628 10 0.0546 323 325 582 565 6 0.0545 258 520 519 765 0 0.0544 123 581 394 816 0 0.0539 389 334 644 574 0 0.0539 194 483 580 665 8 0.0538 264 252 498 498 2 0.0537 327 324 581 566 8 0.0535 123 578 384 817 13 0.0532 271 451 525 702 3 0.0530 271 392 512 636 5 0.0529 120 575 390 813 10 0.0527 195 484 583 663 5 0.0526 499 598 754 826 11 0.0525 760 84 1018 319 6 0.0525 395 331 645 574 7 0.0523 125 579 396 816 7 0.0513 505 601 761 832 12 0.0510 326 320 582 566 2 0.0509 267 456 520 699 11 0.0509 448 273 697 510 0 0.0508 502 602 755 831 10 0.0507 253 524 516 765 10 0.0506 753 26 1018 257 12 0.0505 268 453 519 700 11 0.0505 499 603 759 832 0 0.0503 258 187 517 425 11 0.0501 254 259 509 500 10 0.0501 124 584 394 815 5 0.0500 251 181 511 417
jEm2srfozZSckGxwWrMd9VRo2UWYcdFf,0 0.0625 0 104 251 335 8 0.0580 510 278 756 511 8 0.0580 568 342 816 574 8 0.0573 639 281 882 520 11 0.0568 312 225 560 448 11 0.0566 446 156 697 385 7 0.0562 414 358 766 540 10 0.0561 311 229 559 451 8 0.0561 374 270 627 512 10 0.0559 0 104 252 334 0 0.0557 374 269 636 516 11 0.0548 501 400 752 630 5 0.0547 436 266 690 510 7 0.0546 571 452 817 692 11 0.0545 371 274 632 513 10 0.0544 436 214 694 447 11 0.0543 0 102 255 331 0 0.0543 446 155 695 385 11 0.0542 507 212 757 449 11 0.0540 625 95 888 313 0 0.0540 408 360 764 541 8 0.0539 0 102 244 333 0 0.0539 512 214 757 454 8 0.0536 504 403 746 631 10 0.0534 580 217 828 452 0 0.0534 314 219 559 450 8 0.0533 139 218 378 446 5 0.0532 505 205 753 451 5 0.0532 0 97 247 332 7 0.0532 448 152 699 386 13 0.0531 514 273 772 511 6 0.0530 568 458 813 692 6 0.0530 570 341 826 580 11 0.0528 564 340 826 574 8 0.0526 623 412 872 645 10 0.0525 564 342 828 577 8 0.0525 446 154 687 384 3 0.0524 448 155 697 389 5 0.0524 362 207 623 450 11 0.0524 370 394 621 627 11 0.0523 180 214 435 447 8 0.0523 583 213 817 452 5 0.0523 368 332 622 575 0 0.0522 623 411 880 652 7 0.0521 515 211 763 451 0 0.0521 570 340 825 579 5 0.0519 242 219 493 447 13 0.0519 377 270 641 517 13 0.0519 0 102 260 334 5 0.0518 439 145 690 384 7 0.0518 371 209 633 451 10 0.0517 563 458 810 694 10 0.0516 509 278 767 512 5 0.0516 629 339 885 581 6 0.0516 2 102 261 331 3 0.0513 370 213 627 455 7 0.0513 574 337 827 578 5 0.0512 297 274 557 513 11 0.0511 646 211 900 455 7 0.0509 310 276 565 513 0 0.0507 639 279 892 526 10 0.0506 372 343 629 579 13 0.0506 571 337 832 577 6 0.0505 514 278 764 514 7 0.0504 631 91 894 319 11 0.0503 495 534 734 751 3 0.0502 410 364 761 545 6 0.0501 584 213 824 454 2 0.0500 409 365 757 541
GRZeTeaEfmarUnranrD9RJ3C8oBKDfgR,0 0.0620 455 480 699 715 11 0.0589 454 476 695 708 8 0.0576 459 473 688 712 11 0.0565 383 407 643 640 8 0.0546 384 404 638 644 0 0.0545 387 407 645 646 11 0.0539 319 462 574 708 5 0.0533 451 406 703 638 8 0.0521 322 344 565 569 7 0.0518 391 472 648 711 3 0.0518 390 404 646 650 8 0.0515 516 533 742 773 11 0.0512 318 347 572 569 10 0.0508 453 413 707 638 0 0.0504 323 464 571 716 7 0.0503 459 404 716 638 6 0.0501 458 408 711 641
cqFnN6yk5TFDSUk1PpbXfRI16x3bojrC,0 0.0569 771 5 1019 253 5 0.0561 772 0 1016 245 8 0.0553 183 789 428 1021 5 0.0549 176 789 427 1020 7 0.0543 182 790 437 1023 11 0.0541 770 7 1019 242 8 0.0539 858 72 1018 462 8 0.0536 777 4 1013 247 7 0.0534 244 716 497 954 7 0.0531 864 146 1023 525 5 0.0521 857 62 1023 463 0 0.0521 859 82 1023 467 11 0.0520 860 153 1023 516 13 0.0507 863 152 1023 530 13 0.0506 780 1 1023 247 2 0.0505 774 10 1023 247 3 0.0502 863 151 1023 535
WRZqEC6nv7nrTpt5gwDUkzfkup3m5wb7,5 0.0652 497 722 743 958 5 0.0644 298 716 555 951 7 0.0637 487 778 745 1023 6 0.0623 501 725 751 959 11 0.0619 435 733 694 958 0 0.0619 387 466 637 698 0 0.0613 436 730 693 962 11 0.0610 303 723 558 951 8 0.0610 490 776 733 1021 13 0.0597 309 723 564 957 7 0.0594 250 580 511 811 10 0.0586 303 720 557 952 8 0.0585 244 578 503 809 3 0.0578 440 730 692 964 11 0.0576 245 579 513 809 0 0.0575 223 723 488 951 7 0.0570 307 719 561 956 8 0.0568 389 466 632 692 13 0.0567 440 733 695 963 5 0.0564 242 574 502 809 7 0.0556 392 466 640 700 10 0.0556 434 731 693 957 6 0.0555 307 718 562 953 8 0.0553 305 719 556 952 2 0.0550 436 733 693 962 5 0.0549 384 462 633 693 11 0.0544 113 671 391 884 6 0.0542 249 578 515 808 3 0.0540 307 720 560 958 0 0.0540 160 786 410 1018 12 0.0535 436 727 697 962 10 0.0535 247 581 507 811 11 0.0534 383 467 638 694 3 0.0530 247 582 508 817 11 0.0528 160 783 407 1013 13 0.0528 250 580 514 813 13 0.0528 390 465 642 695 0 0.0526 112 674 388 895 6 0.0524 389 466 641 694 0 0.0524 247 579 509 816 2 0.0519 388 471 639 692 8 0.0515 165 779 404 1018 6 0.0513 577 457 827 700 12 0.0509 307 721 559 958 8 0.0508 518 327 761 561 1 0.0508 432 728 692 960 8 0.0505 571 455 814 703 9 0.0501 498 727 748 958
aiNF9pd0FzAW0SjoKNXw3tYHQhCrBBCG,5 0.0687 132 616 498 798 8 0.0650 310 533 564 765 0 0.0650 309 533 568 767 8 0.0641 246 469 493 702 7 0.0640 142 620 507 801 0 0.0634 181 578 442 827 0 0.0632 249 468 499 704 11 0.0625 308 535 567 766 11 0.0625 663 548 1023 728 7 0.0621 313 530 571 767 11 0.0621 247 471 498 700 11 0.0615 135 620 505 797 7 0.0607 251 467 501 702 5 0.0605 657 545 1019 730 3 0.0597 311 533 569 772 10 0.0593 308 533 566 765 5 0.0585 115 519 368 755 13 0.0580 312 534 574 768 2 0.0579 666 550 1023 730 6 0.0578 140 619 510 799 8 0.0578 184 532 440 773 8 0.0577 661 545 1014 733 10 0.0576 246 471 497 699 6 0.0575 310 534 568 766 10 0.0574 136 623 501 799 7 0.0564 669 546 1023 729 0 0.0564 663 549 1023 730 2 0.0561 312 539 567 768 3 0.0561 250 472 499 706 8 0.0551 186 649 436 889 13 0.0550 141 618 514 802 6 0.0547 250 473 500 700 12 0.0542 252 469 498 704 12 0.0542 313 532 568 769 0 0.0541 122 520 373 760 1 0.0534 308 530 565 768 2 0.0530 252 476 499 705 3 0.0525 664 548 1023 733 3 0.0525 140 620 509 802 6 0.0519 666 546 1023 729 4 0.0519 250 538 509 772 13 0.0514 251 471 505 702 12 0.0514 145 619 504 801 9 0.0509 309 533 566 766 13 0.0504 667 548 1023 733
ymc7mhiTLfLzM9U78B0UaE73dwGsmsYy,11 0.0659 433 339 696 572 11 0.0597 572 348 831 580 7 0.0584 515 276 772 509 11 0.0582 495 399 760 641 6 0.0568 574 343 832 583 8 0.0567 439 338 691 572 0 0.0566 428 336 700 577 0 0.0563 509 277 769 512 8 0.0561 513 276 758 511 7 0.0561 574 342 834 584 7 0.0559 436 338 700 571 11 0.0556 513 277 767 510 13 0.0553 503 334 767 570 0 0.0551 570 346 831 586 8 0.0551 573 342 823 581 5 0.0546 510 267 758 511 3 0.0541 576 343 832 587 10 0.0537 434 345 699 574 3 0.0536 514 280 765 516 8 0.0530 498 392 751 642 6 0.0527 518 276 770 510 2 0.0527 516 279 764 509 3 0.0526 439 338 695 575 5 0.0526 562 340 823 581 0 0.0526 449 145 705 379 8 0.0522 451 141 693 372 7 0.0522 500 397 763 639 0 0.0518 494 400 762 647 11 0.0517 449 144 709 376 11 0.0514 634 492 899 728 10 0.0511 511 282 767 512 6 0.0503 438 338 703 572
Wd4wjGOTaHmh6Z9Mmi7PtRSWNj5y5sf4,0 0.0609 185 269 431 502 6 0.0609 251 398 495 633 3 0.0601 354 290 614 528 11 0.0599 242 401 492 632 6 0.0587 191 332 438 574 3 0.0580 363 151 616 387 11 0.0573 183 335 437 570 5 0.0570 178 329 433 568 11 0.0569 357 148 615 383 5 0.0561 240 270 496 505 7 0.0560 249 272 500 512 11 0.0557 244 281 501 510 0 0.0557 121 332 375 572 3 0.0556 250 278 498 516 7 0.0556 435 281 684 519 11 0.0556 348 293 615 521 7 0.0555 252 396 494 636 5 0.0553 240 393 489 630 8 0.0551 189 327 430 575 3 0.0548 250 401 491 640 13 0.0546 252 397 499 639 7 0.0544 362 147 617 388 8 0.0543 252 398 486 633 6 0.0541 251 275 503 509 0 0.0541 246 340 500 580 0 0.0540 439 77 694 309 8 0.0540 359 153 605 383 3 0.0531 428 341 692 584 0 0.0530 355 150 616 385 6 0.0528 360 149 621 384 13 0.0528 239 214 500 454 5 0.0527 349 141 611 382 7 0.0525 188 328 437 573 11 0.0521 415 412 771 595 0 0.0516 425 281 678 517 13 0.0515 362 149 619 382 6 0.0513 356 287 619 522 3 0.0511 187 336 432 581 11 0.0510 439 74 694 304 6 0.0509 434 340 695 577 8 0.0509 428 283 672 517 13 0.0508 241 523 505 765 8 0.0508 253 276 492 508 11 0.0506 232 525 494 760 13 0.0504 367 348 638 587 5 0.0503 230 515 495 756 5 0.0502 346 282 610 519 13 0.0502 191 329 442 579 7 0.0502 239 523 500 763
4PsjjuwOcK1ccka9wKsaSEaoRNlTI0vN,7 0.0608 249 723 514 963 0 0.0604 202 667 580 852 0 0.0599 246 721 509 964 11 0.0597 238 793 501 1023 7 0.0596 212 671 585 850 11 0.0588 200 671 581 849 8 0.0586 207 668 572 849 8 0.0566 243 791 492 1022 11 0.0556 123 337 375 568 5 0.0553 196 668 576 847 5 0.0548 50 341 316 580 13 0.0541 212 668 593 851 5 0.0539 244 721 504 959 3 0.0533 242 794 500 1023 8 0.0530 55 344 310 583 10 0.0530 203 669 583 850 6 0.0527 247 724 513 963 7 0.0524 59 341 319 579 10 0.0523 243 724 511 962 11 0.0523 115 456 380 698 6 0.0514 114 388 381 632 6 0.0513 210 671 589 848 7 0.0510 124 449 383 700 13 0.0508 250 722 518 964 7 0.0506 386 664 634 905 3 0.0505 212 669 578 854
efNBxBYzodJZjBT3xMhKSdY7M4sdoyOv,11 0.0609 169 657 440 894 11 0.0605 368 212 631 444 0 0.0585 176 651 440 897 8 0.0579 177 654 436 897 11 0.0572 516 208 765 443 11 0.0568 240 534 503 773 8 0.0567 303 342 559 568 11 0.0563 298 270 559 501 8 0.0559 242 538 499 771 8 0.0556 181 356 429 584 11 0.0554 275 477 633 656 7 0.0552 178 654 446 897 8 0.0549 364 272 613 503 5 0.0547 168 649 438 896 0 0.0543 369 211 627 448 0 0.0541 243 534 506 774 11 0.0538 368 344 634 570 0 0.0536 302 414 569 644 7 0.0534 377 211 633 447 3 0.0533 368 274 619 509 8 0.0530 375 151 626 388 8 0.0529 441 340 689 573 8 0.0529 242 421 490 645 7 0.0525 525 203 769 447 0 0.0521 372 343 636 573 0 0.0517 238 347 501 580 13 0.0516 178 651 450 900 0 0.0516 302 271 558 504 5 0.0515 511 150 750 387 7 0.0514 188 534 448 773 13 0.0512 374 211 637 448 7 0.0511 378 342 643 570 8 0.0510 306 209 551 445 10 0.0509 365 276 622 504 11 0.0507 304 142 562 376 0 0.0507 174 412 442 653 13 0.0507 304 270 566 503 3 0.0506 174 655 440 904 6 0.0506 177 652 445 895 5 0.0505 235 531 504 772
efsR8lEnEv7r0TRPMuK8kE06sfxgVELA,5 0.0685 174 334 437 590 0 0.0663 182 336 440 593 11 0.0661 177 334 445 587 5 0.0631 105 408 378 665 11 0.0628 190 226 453 470 8 0.0627 179 272 440 533 7 0.0604 186 334 444 589 6 0.0604 182 334 447 594 5 0.0598 187 224 441 472 11 0.0595 107 413 385 661 8 0.0587 109 409 373 669 0 0.0579 193 228 447 479 3 0.0578 182 337 441 598 13 0.0577 117 413 388 667 8 0.0571 64 296 334 544 7 0.0568 116 412 380 664 6 0.0566 115 414 387 668 3 0.0563 193 229 451 484 0 0.0560 66 301 343 546 0 0.0559 113 415 381 668 6 0.0556 197 230 452 476 2 0.0548 113 420 380 668 13 0.0545 185 331 446 594 8 0.0544 209 155 451 412 11 0.0535 265 144 521 387 2 0.0534 180 341 443 591 10 0.0529 181 343 440 590 3 0.0527 116 417 379 675 7 0.0522 198 224 452 477 0 0.0520 387 591 646 816 13 0.0514 200 226 457 479 12 0.0509 181 334 441 592 0 0.0503 445 781 695 1008 5 0.0503 313 589 568 825 7 0.0501 454 776 701 1010
tRgYTCfL2Ure8HZOeCKmRoknC5NRHSKu,5 0.0672 571 519 817 767 0 0.0661 577 524 822 773 0 0.0635 503 451 764 700 5 0.0616 636 455 878 699 8 0.0607 580 525 816 766 0 0.0592 633 392 873 639 5 0.0590 406 346 772 531 11 0.0589 644 463 881 700 11 0.0586 373 346 634 582 13 0.0579 580 526 826 769 5 0.0578 499 446 758 696 7 0.0575 503 400 758 633 8 0.0571 645 456 877 699 0 0.0568 426 399 687 637 6 0.0567 507 449 767 698 3 0.0564 580 523 816 774 3 0.0563 648 456 881 706 6 0.0562 422 350 782 533 8 0.0562 409 346 765 534 13 0.0559 510 451 769 696 7 0.0557 419 350 781 533 8 0.0556 499 396 750 633 3 0.0555 502 399 756 639 6 0.0555 636 392 878 639 2 0.0553 576 532 822 765 11 0.0552 497 402 760 633 13 0.0548 647 462 889 702 0 0.0548 412 349 772 533 11 0.0547 693 388 935 626 6 0.0545 580 524 824 765 8 0.0542 380 280 619 506 3 0.0538 435 336 691 584 6 0.0537 431 400 692 639 11 0.0534 575 525 821 765 7 0.0534 579 523 825 769 5 0.0534 422 395 680 635 10 0.0533 501 403 756 634 13 0.0532 430 402 692 637 5 0.0531 310 273 571 497 11 0.0529 312 282 572 500 10 0.0524 380 283 628 504 7 0.0522 635 393 875 641 10 0.0519 415 352 781 532 0 0.0513 766 384 995 619 5 0.0513 689 378 930 629 3 0.0512 380 278 626 511 6 0.0504 384 280 629 505 10 0.0502 643 464 882 697 8 0.0500 366 401 614 634
ITksZ7gU7TWqQcNtlDIt18izHvXTsAvQ,0 0.0674 247 593 504 833 11 0.0670 184 618 565 787 0 0.0660 267 683 637 857 11 0.0629 307 653 573 894 8 0.0628 272 681 627 854 8 0.0620 192 615 557 786 0 0.0607 264 400 507 641 7 0.0605 192 616 568 787 6 0.0595 194 617 570 787 11 0.0595 507 339 755 568 5 0.0583 315 589 572 830 11 0.0579 383 328 627 563 7 0.0578 445 328 694 562 8 0.0575 263 400 494 637 7 0.0569 271 681 639 856 8 0.0564 382 329 620 566 5 0.0560 264 400 503 633 2 0.0559 188 620 566 787 7 0.0559 266 398 508 639 13 0.0554 194 616 571 787 7 0.0553 573 330 817 569 3 0.0551 322 593 576 837 11 0.0546 265 403 505 636 8 0.0545 508 336 752 569 13 0.0543 514 338 763 571 10 0.0543 190 620 564 785 0 0.0542 566 333 813 570 3 0.0542 266 405 503 644 6 0.0540 313 650 579 894 13 0.0540 274 682 642 857 0 0.0539 384 328 628 565 2 0.0537 268 686 633 856 10 0.0536 265 406 505 637 10 0.0536 267 684 636 855 13 0.0532 271 405 512 639 3 0.0527 512 341 753 576 5 0.0522 507 335 752 567 7 0.0520 318 323 567 561 13 0.0518 390 329 636 565 1 0.0513 318 585 572 833 9 0.0512 188 617 559 783 6 0.0512 265 406 506 634 5 0.0512 236 644 494 889 6 0.0510 569 334 817 570 6 0.0504 386 333 630 565 5 0.0503 316 322 559 554 10 0.0502 568 333 814 570 2 0.0501 265 410 504 642
5MBVSKbnj6zlKk4umfBhSYntfeFrQPwz,8 0.0636 374 474 636 708 8 0.0617 311 415 564 645 11 0.0615 375 473 638 705 7 0.0613 380 337 641 573 11 0.0601 291 412 634 596 5 0.0597 370 467 639 707 5 0.0596 293 342 642 537 0 0.0596 375 473 644 709 0 0.0593 378 341 638 571 7 0.0586 379 468 645 707 5 0.0585 234 413 493 647 8 0.0580 300 346 641 538 3 0.0575 378 472 636 707 3 0.0572 432 348 680 577 11 0.0567 506 401 762 639 6 0.0561 434 348 685 574 7 0.0561 505 344 749 582 0 0.0561 498 349 744 584 5 0.0559 503 394 760 642 6 0.0553 380 473 646 705 6 0.0551 509 403 767 644 8 0.0550 509 400 759 642 10 0.0544 295 418 638 597 11 0.0540 305 798 552 1016 3 0.0532 294 411 631 599 13 0.0530 501 346 750 580 11 0.0528 371 270 632 498 2 0.0527 377 478 640 705 7 0.0524 249 412 499 647 9 0.0519 290 412 629 593 13 0.0518 383 339 645 571 10 0.0516 376 482 643 708 9 0.0516 369 470 637 702 3 0.0515 513 401 766 649 7 0.0507 314 271 582 513 13 0.0505 381 470 648 706 13 0.0504 245 415 505 649 0 0.0501 244 415 496 649
EzDJ9U5ObvohpmEkZgDk5K7whouGGZOV,7 0.0612 194 591 444 831 11 0.0605 190 594 439 833 11 0.0586 239 514 496 761 8 0.0564 572 607 814 849 0 0.0560 570 611 824 852 13 0.0559 505 538 772 774 11 0.0552 375 523 633 756 11 0.0550 572 542 822 780 5 0.0543 237 507 495 759 8 0.0536 244 513 491 760 0 0.0534 497 539 764 774 5 0.0531 187 586 436 833 8 0.0531 499 538 754 773 11 0.0527 637 636 893 854 0 0.0526 192 592 439 840 7 0.0523 577 537 829 785 0 0.0523 373 522 633 762 8 0.0521 195 592 432 834 8 0.0521 378 523 625 758 5 0.0521 568 602 815 849 13 0.0519 576 610 830 852 13 0.0516 381 457 637 698 8 0.0510 260 220 509 434 6 0.0508 506 539 767 774 7 0.0508 380 520 640 759 13 0.0506 381 673 759 858 3 0.0505 194 594 435 841 8 0.0505 374 670 729 856 7 0.0505 246 512 504 760 7 0.0505 381 670 756 860 13 0.0501 243 450 499 698
Wu2VsydTRvnUtN3dEkIApeNoC4Ih33ll,11 0.0642 179 591 432 825 8 0.0621 182 584 427 829 0 0.0614 179 590 429 831 7 0.0608 184 587 430 828 7 0.0604 238 654 505 881 0 0.0599 238 656 504 884 8 0.0587 239 654 501 883 11 0.0580 235 656 508 877 3 0.0576 308 659 577 899 6 0.0576 307 653 577 890 0 0.0573 375 522 633 759 5 0.0570 240 585 495 829 3 0.0566 187 588 430 834 8 0.0557 300 728 550 968 13 0.0548 241 653 511 882 10 0.0545 181 590 431 831 11 0.0545 310 596 571 830 10 0.0539 240 656 506 879 6 0.0535 246 591 501 831 6 0.0535 379 592 630 827 7 0.0533 300 729 560 970 11 0.0533 505 346 774 573 0 0.0532 449 390 703 637 8 0.0532 378 593 623 828 0 0.0531 312 593 570 838 5 0.0530 297 652 574 891 13 0.0530 317 593 577 836 11 0.0528 437 591 695 815 0 0.0524 707 215 931 440 3 0.0522 511 340 773 582 13 0.0518 386 458 644 696 5 0.0518 306 511 561 754 6 0.0517 452 391 712 635 7 0.0515 513 343 777 576 2 0.0514 248 598 497 830 13 0.0514 366 666 640 900 0 0.0513 439 586 689 823 0 0.0513 576 338 825 569 5 0.0510 369 586 624 825 6 0.0509 315 516 569 755 13 0.0508 448 591 697 821 13 0.0507 455 395 707 638 7 0.0507 317 593 574 837 11 0.0506 570 274 821 495 0 0.0505 458 269 709 507 11 0.0503 377 461 642 689 11 0.0502 357 667 637 890 6 0.0501 384 455 643 693
5000c9EOMgVpJNkJziJ7dR6KL1sBspTy,0 0.0631 186 658 437 896 7 0.0628 250 655 506 895 8 0.0628 249 657 495 895 5 0.0622 180 658 430 890 11 0.0613 177 663 436 890 5 0.0601 254 706 495 956 0 0.0594 257 710 497 962 11 0.0579 253 713 500 956 6 0.0572 259 710 501 961 10 0.0572 180 664 437 891 6 0.0553 182 662 438 893 10 0.0548 251 714 502 957 7 0.0536 137 703 373 944 8 0.0529 133 701 366 946 3 0.0523 250 661 504 900 0 0.0514 0 414 245 657 2 0.0514 248 664 502 899 13 0.0512 259 712 505 963 13 0.0505 187 661 440 897
aF9Q4Cl3pDGTXOtgZ4R5fECIUFgl5NJw,0 0.0601 309 0 568 201 6 0.0599 292 796 556 1023 5 0.0589 281 796 548 1020 8 0.0588 292 798 550 1023 5 0.0585 315 463 563 710 0 0.0584 396 18 645 269 11 0.0579 401 397 650 647 11 0.0566 315 470 567 713 0 0.0563 316 469 569 715 13 0.0562 293 799 558 1023 8 0.0562 314 540 562 789 5 0.0561 303 0 559 198 0 0.0561 289 798 551 1023 6 0.0553 312 0 575 198 8 0.0551 316 0 556 196 11 0.0550 307 0 564 196 0 0.0547 776 571 1020 821 8 0.0547 401 389 636 652 11 0.0546 288 800 551 1018 6 0.0546 320 471 570 710 11 0.0546 768 520 1023 761 13 0.0544 312 1 576 199 10 0.0541 286 798 552 1020 7 0.0540 292 798 560 1023 3 0.0537 318 0 568 201 7 0.0536 320 467 567 717 5 0.0535 704 414 941 651 13 0.0535 321 540 576 792 8 0.0534 191 0 441 200 8 0.0533 768 515 1017 766 10 0.0528 316 472 565 711 3 0.0528 318 471 565 719 5 0.0527 395 390 642 646 7 0.0526 404 396 651 652 5 0.0524 387 17 642 261 7 0.0524 368 737 632 968 2 0.0523 312 2 567 198 0 0.0523 402 394 646 649 2 0.0519 317 545 573 787 8 0.0519 402 17 639 263 0 0.0517 704 421 943 655 7 0.0516 322 4 578 261 11 0.0516 709 422 948 642 11 0.0513 398 27 648 267 5 0.0507 764 510 1021 765 0 0.0506 188 1 453 201 8 0.0503 705 418 941 651 11 0.0502 296 675 576 901 13 0.0501 396 461 639 712
oPLzerPImcTnkzOojqbyqziolbCOQYBN,0 0.0552 189 593 447 834 8 0.0545 190 594 440 830 5 0.0544 64 0 328 204 0 0.0543 236 666 511 902 11 0.0531 186 599 448 828 6 0.0527 189 594 451 832 7 0.0526 192 595 448 832 11 0.0518 233 670 509 895 8 0.0515 68 0 319 209 8 0.0515 241 666 498 896 5 0.0512 187 589 443 828 10 0.0511 68 6 325 204 11 0.0505 294 602 562 823 10 0.0501 188 603 447 830
WTEFZ5WB0T4jpnEZx83jM9iCIIWX3Oht,11 0.0634 441 155 696 385 0 0.0630 508 335 762 584 8 0.0614 439 274 692 522 8 0.0606 518 162 765 404 8 0.0606 373 201 622 449 11 0.0605 368 203 628 446 11 0.0604 439 276 693 518 11 0.0603 511 211 775 451 0 0.0602 372 153 626 382 0 0.0601 437 206 691 451 8 0.0595 506 334 760 580 7 0.0594 312 205 573 443 5 0.0586 505 273 765 526 5 0.0582 511 158 768 399 8 0.0582 451 411 705 655 3 0.0579 442 201 693 456 5 0.0577 555 85 814 315 11 0.0577 505 336 761 577 11 0.0573 452 413 710 652 11 0.0570 446 2 710 191 6 0.0569 443 275 702 521 3 0.0564 518 278 772 534 7 0.0563 443 275 699 525 6 0.0560 447 155 695 393 11 0.0560 564 3 820 201 7 0.0559 571 1 823 208 13 0.0558 439 206 695 446 13 0.0557 512 283 774 528 0 0.0555 515 161 772 404 3 0.0554 311 207 568 450 5 0.0554 429 199 690 445 6 0.0551 373 202 629 449 3 0.0547 579 208 832 455 6 0.0547 518 209 778 457 6 0.0546 572 2 822 204 6 0.0545 566 90 820 319 7 0.0544 515 209 777 460 5 0.0542 494 28 752 256 11 0.0542 297 154 571 375 7 0.0541 510 337 766 584 6 0.0538 509 340 766 580 10 0.0538 510 212 775 458 5 0.0532 299 204 567 441 0 0.0531 450 411 712 660 9 0.0527 507 280 769 518 13 0.0527 572 1 828 203 13 0.0526 521 162 776 403 10 0.0525 506 341 764 582 7 0.0524 456 412 717 657 11 0.0523 245 213 510 448 10 0.0523 437 278 699 520 7 0.0522 565 89 822 321 3 0.0519 576 1 822 210 2 0.0518 513 215 770 453 0 0.0515 572 1 818 203 8 0.0515 251 211 501 449 6 0.0514 456 414 714 657 8 0.0514 561 89 808 319 2 0.0513 569 157 823 383 13 0.0512 566 90 823 320 11 0.0512 624 802 866 1021 7 0.0511 458 0 712 194 0 0.0511 190 205 446 452 13 0.0511 455 0 718 192 5 0.0509 427 81 690 317 10 0.0508 368 206 629 449 9 0.0508 432 207 691 442 3 0.0503 457 414 714 665 6 0.0503 457 32 713 264 3 0.0502 568 89 817 325 12 0.0501 508 333 767 582
loN7yt0qAcISxWKrnicSKjfp2sp9jwSI,0 0.0550 516 268 767 500 7 0.0545 318 666 577 896 11 0.0545 394 32 651 255 11 0.0545 518 267 770 497 11 0.0545 454 328 710 560 11 0.0543 312 668 569 889 10 0.0543 246 532 502 747 5 0.0542 240 447 488 676 8 0.0541 508 331 753 572 0 0.0533 246 665 518 901 5 0.0530 387 27 645 250 11 0.0527 468 102 719 314 7 0.0525 245 596 516 829 5 0.0525 315 663 569 889 0 0.0523 373 674 627 894 0 0.0521 459 206 707 437 11 0.0521 241 454 492 675 0 0.0521 393 95 646 313 0 0.0517 248 457 486 676 3 0.0516 516 331 761 578 8 0.0512 247 664 507 898 11 0.0511 238 598 513 822 11 0.0509 374 723 631 957 0 0.0509 310 525 553 751 13 0.0505 511 329 764 569 11 0.0505 574 344 830 572 7 0.0505 245 451 492 679 5 0.0505 239 593 508 823
6yAFGkiF5qaYgR4a8zFEnMBt6RBhfrmy,7 0.0663 130 654 382 893 11 0.0654 183 658 446 887 8 0.0647 128 654 375 893 5 0.0643 182 654 445 891 0 0.0635 188 656 447 894 5 0.0613 119 711 369 949 3 0.0613 189 655 444 895 11 0.0605 123 713 372 947 11 0.0600 373 523 619 757 10 0.0598 0 685 320 855 11 0.0596 257 616 629 789 10 0.0595 184 658 445 891 8 0.0593 265 615 621 788 7 0.0590 267 614 634 789 3 0.0587 125 713 370 956 5 0.0586 256 612 626 788 10 0.0586 261 615 632 789 0 0.0586 262 613 632 793 0 0.0583 123 714 369 952 0 0.0583 0 681 325 857 8 0.0582 60 708 308 946 5 0.0575 0 678 320 853 6 0.0567 186 656 448 890 10 0.0567 122 716 370 951 11 0.0564 0 682 325 853 6 0.0543 125 715 376 949 3 0.0538 264 616 630 794 13 0.0532 267 616 643 791 6 0.0531 265 615 637 790 13 0.0528 123 714 376 952 2 0.0527 260 618 630 791 6 0.0525 63 654 315 892 7 0.0523 66 713 315 949 1 0.0522 126 653 378 896 13 0.0520 86 676 452 850 3 0.0518 2 683 315 859 2 0.0518 186 661 445 891 12 0.0512 266 614 633 791 9 0.0508 0 683 323 851 9 0.0507 183 658 446 889 9 0.0502 118 714 371 947
t48THLRfNyQxsqOl4TQTliqtBS0FoE5W,11 0.0606 567 0 837 199 5 0.0602 567 0 835 200 0 0.0597 571 0 836 199 3 0.0593 572 2 838 208 7 0.0577 570 0 837 202 8 0.0576 568 1 833 200 6 0.0569 574 3 841 201 0 0.0564 758 0 1003 216 8 0.0549 511 401 768 646 11 0.0546 564 88 826 327 8 0.0544 114 0 351 224 11 0.0533 508 408 778 642 5 0.0521 503 132 755 378 7 0.0520 127 609 387 852 8 0.0519 506 137 753 382 6 0.0515 514 88 757 324 2 0.0513 509 147 760 380 13 0.0509 571 1 847 201 3 0.0507 515 88 753 331 5 0.0505 116 611 380 843 2 0.0505 495 3 766 202 9 0.0500 568 1 840 197
6vOEHrpWRAupDwAePXAHKhxEC1AqJM29,7 0.0647 261 709 505 956 7 0.0630 322 781 567 1022 11 0.0618 254 712 502 951 0 0.0603 258 712 503 960 8 0.0602 324 780 558 1023 5 0.0590 251 708 500 954 6 0.0585 258 715 506 955 11 0.0585 320 784 564 1019 8 0.0584 257 712 499 956 0 0.0573 321 784 565 1023 10 0.0572 255 714 504 951 0 0.0569 0 0 256 207 5 0.0561 318 781 560 1019 6 0.0551 325 788 567 1023 5 0.0543 768 2 1020 240 8 0.0543 455 791 678 1023 13 0.0536 324 786 569 1023 7 0.0535 455 788 692 1023 0 0.0533 770 6 1021 247 8 0.0529 8 0 253 199 5 0.0528 764 454 1010 694 13 0.0524 259 713 511 955 7 0.0524 390 591 633 824 10 0.0524 321 788 563 1020 13 0.0515 7 0 267 203 8 0.0512 766 453 1006 691 11 0.0508 0 3 261 196 3 0.0507 261 710 504 960 5 0.0506 0 0 250 197 6 0.0505 2 4 261 200 10 0.0505 766 13 1021 241 3 0.0504 325 783 566 1023 8 0.0502 385 600 617 823 11 0.0501 764 13 1023 240
bEQPTPAAFjLTK88Qq7spu7i5l38Rd9UG,8 0.0568 185 0 435 221 0 0.0541 118 2 374 216 11 0.0536 4 667 236 891 8 0.0532 66 0 307 216 0 0.0528 700 90 954 334 11 0.0523 190 4 449 220 11 0.0517 213 870 578 1021 11 0.0516 0 781 248 1005 0 0.0507 0 783 250 1011 8 0.0506 702 88 936 331 13 0.0502 702 91 964 330 5 0.0501 573 512 833 767
2KqGtR3P6sVNrCxTzeFMW4GHRp0VSyeg,11 0.0564 696 536 946 773 8 0.0551 465 537 825 723 11 0.0550 707 399 950 629 7 0.0529 468 537 843 725 0 0.0526 700 541 939 778 5 0.0520 693 461 939 705 0 0.0510 574 265 820 509 0 0.0508 710 398 941 636 3 0.0508 554 542 904 738 7 0.0507 698 593 949 847 6 0.0503 717 394 948 636 0 0.0502 772 589 1011 834 8 0.0501 700 592 934 847 5 0.0500 449 533 831 723
99Gb5KCN2VuNGLHrpdEvWUa6zdO1oMBW,5 0.0643 446 584 701 838 8 0.0620 461 522 711 768 11 0.0611 391 418 648 655 0 0.0605 388 465 641 710 5 0.0605 378 516 639 763 7 0.0597 466 468 723 715 6 0.0591 380 589 640 828 0 0.0591 446 589 703 842 11 0.0585 380 525 640 762 7 0.0583 454 590 704 847 5 0.0579 370 654 630 901 7 0.0579 396 415 652 661 5 0.0578 306 583 577 833 5 0.0577 386 411 646 653 8 0.0576 318 649 572 898 11 0.0575 451 592 701 838 8 0.0574 462 412 718 654 7 0.0569 389 525 642 771 11 0.0563 461 469 718 709 13 0.0560 311 651 588 899 8 0.0555 313 520 578 768 8 0.0553 385 465 635 705 13 0.0553 321 466 582 711 11 0.0552 370 664 633 900 5 0.0551 310 457 572 705 5 0.0548 455 464 717 707 7 0.0547 380 664 635 904 6 0.0542 315 524 591 761 8 0.0541 381 590 630 833 3 0.0539 457 586 701 849 2 0.0538 453 598 703 839 11 0.0538 306 587 582 829 7 0.0538 318 591 582 839 2 0.0534 383 530 642 767 12 0.0532 390 462 640 706 8 0.0530 247 468 506 708 0 0.0529 377 659 637 904 0 0.0527 521 517 775 762 3 0.0526 396 418 646 664 5 0.0525 508 665 758 903 5 0.0524 172 0 444 252 0 0.0524 249 0 515 195 3 0.0524 378 661 634 907 7 0.0524 318 463 577 714 13 0.0522 464 526 724 764 0 0.0520 514 670 757 907 8 0.0519 517 598 757 837 11 0.0516 312 463 573 707 5 0.0513 240 403 498 632 13 0.0513 523 596 769 837 10 0.0512 386 471 644 706 6 0.0510 464 526 722 764 0 0.0509 464 416 724 658 10 0.0509 459 524 720 765 6 0.0507 328 417 594 648 8 0.0507 250 0 500 190 0 0.0505 248 576 524 835 0 0.0505 247 465 514 709 7 0.0505 245 0 513 195 7 0.0504 519 671 766 909 13 0.0502 457 674 706 914 3 0.0500 386 523 640 770
2v4UTMPRv6VnPSju9XPnzSjJdWWpik6v,11 0.0553 364 275 627 500 5 0.0549 566 510 815 764 0 0.0545 501 591 749 825 5 0.0542 615 647 877 890 5 0.0537 685 451 937 696 11 0.0533 570 338 823 563 8 0.0532 577 517 811 766 13 0.0531 637 531 884 776 11 0.0523 755 591 1012 846 8 0.0520 574 331 811 567 2 0.0518 575 526 819 764 5 0.0517 571 331 812 568 11 0.0515 571 518 816 762 5 0.0515 398 343 758 534 0 0.0515 573 524 820 767 0 0.0513 574 331 819 568 7 0.0511 437 277 689 508 3 0.0508 437 219 687 454 8 0.0507 368 273 614 501 8 0.0507 496 660 752 886 6 0.0507 436 278 689 508 8 0.0505 380 648 617 887 7 0.0500 377 577 630 825
nfrmF6rsBDg58BMAcJc1QLlIuuwdXxZY,0 0.0588 324 139 581 382 5 0.0578 267 278 514 506 13 0.0563 372 208 655 446 11 0.0563 320 71 579 305 11 0.0561 249 139 510 369 11 0.0554 384 151 639 381 5 0.0548 323 200 580 451 0 0.0543 396 76 637 299 3 0.0539 375 207 641 456 0 0.0534 267 209 520 445 8 0.0527 272 211 506 440 8 0.0519 370 209 628 447 6 0.0517 387 151 645 380 6 0.0503 328 70 585 307 8 0.0500 330 73 565 309
nCDGq8xTW9gzzud5cDucbSCtsmdF6Jbs,8 0.0648 454 341 711 585 11 0.0643 457 344 714 580 3 0.0640 459 339 716 589 8 0.0633 495 74 745 298 8 0.0619 518 208 767 440 11 0.0618 308 328 579 569 11 0.0611 299 76 590 302 5 0.0603 250 388 516 639 5 0.0598 576 190 831 428 5 0.0597 447 337 711 578 11 0.0597 455 197 725 438 5 0.0596 172 261 436 498 7 0.0595 458 341 718 580 5 0.0593 304 324 575 565 11 0.0591 449 75 712 300 5 0.0588 485 3 751 247 8 0.0585 314 328 569 571 5 0.0582 449 193 713 442 0 0.0579 308 324 581 570 11 0.0578 249 395 519 643 10 0.0576 455 347 720 581 0 0.0576 457 342 715 587 7 0.0574 321 398 578 650 6 0.0573 461 342 722 582 0 0.0572 487 12 756 247 11 0.0570 235 5 514 250 0 0.0567 444 136 710 372 6 0.0560 319 397 583 646 8 0.0560 259 393 512 645 7 0.0558 512 136 770 361 11 0.0556 371 459 639 707 13 0.0556 322 399 580 650 13 0.0556 253 326 516 575 7 0.0555 309 19 590 253 11 0.0553 509 140 775 358 5 0.0553 302 13 581 250 7 0.0552 451 15 708 247 0 0.0549 521 206 779 438 7 0.0549 459 195 722 441 3 0.0549 309 327 579 577 13 0.0549 460 340 721 580 13 0.0544 448 17 709 243 5 0.0543 371 451 636 705 3 0.0542 458 196 719 450 3 0.0540 494 10 753 249 6 0.0536 492 11 758 247 7 0.0536 250 322 514 571 8 0.0534 310 17 582 250 8 0.0533 378 458 636 710 11 0.0533 252 253 513 497 3 0.0532 588 197 836 441 13 0.0530 246 3 522 256 3 0.0527 312 72 585 307 8 0.0526 577 137 822 369 6 0.0525 252 326 514 573 3 0.0524 380 458 640 717 7 0.0522 584 195 839 427 6 0.0520 458 198 728 442 5 0.0519 553 71 816 296 7 0.0518 184 262 440 503 0 0.0515 248 251 519 503 0 0.0512 302 19 593 253 0 0.0511 255 388 520 646 10 0.0509 449 19 704 250 10 0.0508 246 332 509 569 1 0.0507 484 9 750 245 2 0.0507 490 19 752 245 10 0.0504 318 403 576 646 6 0.0504 187 271 447 503 6 0.0504 590 197 842 430 3 0.0503 511 141 770 368 6 0.0503 310 77 594 305 9 0.0501 305 330 572 565 13 0.0500 310 76 596 305
mLmKPK83kEytkM0ZQexwhqrJsuQUWfpr,0 0.0637 333 146 589 379 5 0.0629 379 2 637 237 0 0.0618 251 206 498 437 5 0.0594 175 265 434 511 5 0.0582 246 202 497 433 8 0.0577 451 207 706 429 5 0.0569 430 77 704 305 11 0.0568 176 268 438 511 0 0.0567 237 382 518 625 0 0.0566 180 270 435 516 13 0.0564 390 70 656 293 5 0.0563 322 139 585 375 5 0.0561 491 10 766 231 8 0.0548 252 206 492 433 11 0.0546 236 392 520 625 0 0.0544 449 216 713 429 6 0.0543 244 387 523 626 7 0.0542 182 265 437 513 0 0.0540 493 786 751 1019 11 0.0540 451 209 714 423 5 0.0537 106 396 383 660 3 0.0533 395 8 645 250 13 0.0533 245 385 522 628 7 0.0532 182 389 450 645 5 0.0529 232 380 515 623 10 0.0528 244 274 499 501 13 0.0525 183 270 444 518 6 0.0524 188 269 442 516 8 0.0524 365 593 620 837 3 0.0523 245 271 498 510 11 0.0523 250 204 505 429 11 0.0522 381 11 639 239 8 0.0521 180 266 431 516 8 0.0520 243 439 506 681 11 0.0520 491 789 748 1017 0 0.0519 390 10 639 240 10 0.0518 385 13 640 237 5 0.0517 446 205 714 427 5 0.0516 562 150 836 379 11 0.0515 328 82 597 310 10 0.0514 240 392 518 624 11 0.0513 508 590 756 838 7 0.0509 254 198 502 435 6 0.0508 255 205 503 432 13 0.0508 497 784 759 1020 8 0.0508 570 153 826 381 8 0.0506 492 783 737 1015 11 0.0505 301 792 549 1016 10 0.0502 251 149 505 370 3 0.0502 240 390 520 632 0 0.0502 425 716 681 954 8 0.0501 390 10 636 241
R9FnxSDWkChgAbeVH6lklE0ABFWeK809,11 0.0665 438 526 696 776 11 0.0660 311 464 568 710 8 0.0659 313 463 562 711 11 0.0653 510 408 766 649 11 0.0645 557 532 813 766 8 0.0641 252 400 495 643 11 0.0636 366 585 632 831 11 0.0627 248 399 504 643 5 0.0615 307 457 564 710 6 0.0614 448 469 710 718 7 0.0614 439 583 694 843 7 0.0612 314 458 570 712 5 0.0609 243 392 503 645 0 0.0606 313 462 570 712 7 0.0603 503 520 761 769 8 0.0602 456 412 707 656 5 0.0600 249 0 508 255 0 0.0599 511 411 766 649 8 0.0596 562 595 814 841 3 0.0594 367 527 626 773 0 0.0594 259 333 512 573 8 0.0588 492 659 749 902 8 0.0588 259 279 504 500 5 0.0587 252 275 510 496 8 0.0587 502 525 755 767 5 0.0587 485 656 752 899 0 0.0587 499 524 759 767 10 0.0587 309 525 559 772 7 0.0584 492 662 757 904 5 0.0582 448 407 706 655 10 0.0581 439 528 695 779 13 0.0579 264 5 524 257 6 0.0578 369 526 632 769 6 0.0577 563 594 819 840 3 0.0575 454 412 712 660 8 0.0575 434 584 685 841 6 0.0573 434 584 693 841 6 0.0572 255 397 509 644 13 0.0572 443 525 703 781 7 0.0571 561 593 819 843 5 0.0571 325 70 580 307 7 0.0569 252 394 506 645 3 0.0568 433 588 691 847 8 0.0566 320 0 566 196 5 0.0566 557 589 814 837 3 0.0564 504 526 758 771 0 0.0563 558 594 818 841 11 0.0563 328 14 582 254 5 0.0560 432 579 684 841 6 0.0558 264 281 514 502 5 0.0557 253 142 517 371 2 0.0554 316 467 569 712 13 0.0553 495 664 761 904 7 0.0550 262 274 517 497 3 0.0549 493 660 756 907 13 0.0548 455 409 718 656 9 0.0547 428 584 688 839 5 0.0547 304 583 556 836 10 0.0546 506 473 762 714 13 0.0546 311 519 564 777 2 0.0545 436 588 689 840 3 0.0545 249 400 501 650 0 0.0544 487 658 754 903 13 0.0542 563 597 826 840 0 0.0541 432 584 689 844 10 0.0541 256 284 513 498 9 0.0540 309 463 568 705 2 0.0540 257 404 506 645 13 0.0539 339 76 594 306 8 0.0538 311 585 556 842 7 0.0538 516 405 771 652 0 0.0536 262 150 522 375 2 0.0535 491 665 755 901 6 0.0535 572 473 824 706 0 0.0531 318 1 575 199 8 0.0530 333 73 579 309
NXmEFu9iqMlygh0YS53rr57ElEt7m2rf,11 0.0624 516 337 763 566 8 0.0619 451 331 691 571 11 0.0611 568 456 812 693 5 0.0605 627 446 873 694 0 0.0600 515 335 754 571 3 0.0599 452 271 701 506 3 0.0597 520 333 758 574 8 0.0593 569 452 808 693 0 0.0592 632 448 875 693 7 0.0591 572 453 814 700 6 0.0587 572 452 817 696 5 0.0582 445 330 691 573 0 0.0580 768 512 1010 765 11 0.0579 448 273 704 500 7 0.0577 517 332 761 571 3 0.0575 636 450 876 698 8 0.0569 690 440 930 679 11 0.0565 689 444 937 682 13 0.0565 571 455 818 696 8 0.0561 499 517 745 764 5 0.0558 690 506 932 755 6 0.0557 453 273 706 502 7 0.0557 454 270 704 505 7 0.0554 405 480 757 673 2 0.0553 571 459 815 694 13 0.0550 703 583 943 828 8 0.0549 622 518 864 762 6 0.0549 627 517 874 761 0 0.0547 628 593 868 833 8 0.0547 450 200 690 429 0 0.0546 449 274 700 504 10 0.0545 568 458 812 694 13 0.0544 453 333 704 574 11 0.0537 399 482 750 669 10 0.0536 451 340 697 573 0 0.0536 398 482 749 674 11 0.0535 692 580 933 827 13 0.0534 628 519 875 765 8 0.0534 771 508 1004 760 13 0.0534 405 479 760 671 5 0.0534 318 395 566 648 0 0.0533 626 735 874 965 5 0.0533 496 514 749 764 2 0.0532 453 337 698 572 5 0.0531 621 590 866 831 8 0.0531 565 590 808 839 11 0.0530 318 403 568 652 12 0.0522 451 337 699 574 5 0.0522 760 449 1017 701 6 0.0521 408 479 757 671 5 0.0520 763 583 1005 829 0 0.0519 319 401 573 657 13 0.0518 773 511 1022 767 0 0.0517 319 192 578 440 3 0.0516 408 480 750 674 8 0.0514 634 735 870 967 13 0.0510 571 597 817 840 6 0.0510 694 441 936 682 11 0.0509 563 594 814 836 9 0.0509 449 275 704 498 5 0.0506 443 195 694 428 11 0.0506 625 737 869 955 6 0.0506 322 402 574 653 2 0.0505 625 524 870 762 2 0.0501 405 482 755 670 2 0.0500 323 401 572 652
14WnMrY4qRuXllxswYW1X9kMdR8rHeIk,0 0.0640 251 257 495 500 5 0.0593 310 260 561 501 5 0.0590 234 324 491 562 11 0.0588 315 269 565 501 5 0.0582 376 203 622 442 11 0.0579 369 340 625 578 6 0.0579 252 258 500 497 8 0.0578 321 267 556 500 11 0.0575 239 334 496 565 8 0.0571 243 326 489 568 7 0.0568 322 266 565 504 3 0.0564 387 206 624 450 6 0.0564 188 317 446 567 0 0.0562 179 322 439 565 11 0.0562 382 211 626 442 5 0.0560 505 326 757 572 7 0.0558 505 387 763 636 8 0.0557 488 456 752 705 8 0.0557 507 328 756 567 6 0.0554 495 455 760 705 8 0.0554 191 251 436 499 5 0.0552 485 452 755 705 10 0.0552 383 214 629 448 3 0.0551 321 266 562 508 8 0.0546 372 336 614 576 8 0.0546 436 390 678 634 0 0.0545 396 142 627 378 0 0.0544 384 281 633 514 8 0.0544 386 207 617 441 6 0.0543 387 282 637 513 13 0.0542 491 458 766 707 7 0.0542 193 248 446 498 3 0.0541 492 456 755 711 0 0.0540 487 459 759 707 11 0.0536 421 458 686 700 11 0.0532 246 195 497 431 6 0.0532 309 331 567 573 0 0.0531 434 396 687 637 0 0.0529 232 388 502 640 3 0.0529 513 331 760 578 5 0.0528 174 383 437 640 6 0.0528 510 329 766 572 6 0.0527 241 388 505 638 0 0.0526 509 333 762 573 0 0.0524 305 328 564 577 3 0.0523 373 338 623 587 7 0.0523 244 323 496 568 5 0.0522 240 184 488 428 11 0.0522 386 608 759 783 13 0.0521 255 255 501 500 13 0.0520 398 606 760 787 11 0.0520 505 331 762 570 5 0.0520 586 653 847 887 7 0.0519 390 208 628 447 8 0.0517 180 387 434 644 13 0.0516 324 205 568 446 5 0.0516 364 334 620 574 10 0.0515 318 271 567 503 5 0.0515 119 316 377 562 7 0.0514 184 387 442 645 8 0.0513 124 317 372 568 8 0.0510 398 607 741 787 8 0.0509 252 193 485 429 0 0.0508 764 515 1008 751 6 0.0507 439 392 689 637 7 0.0505 257 188 497 430 11 0.0504 177 396 443 640 13 0.0504 131 317 391 568 5 0.0503 431 389 682 633 13 0.0500 584 797 845 1021 7 0.0500 375 340 625 580
hofTCceyxIfLkfJZzzw3mtjg3LXBmZaR,8 0.0652 567 199 809 441 11 0.0610 501 210 746 445 0 0.0607 571 200 813 443 8 0.0595 504 277 742 513 5 0.0590 348 0 722 146 8 0.0589 387 15 631 245 0 0.0562 387 16 643 249 7 0.0561 507 210 749 445 5 0.0555 566 193 811 440 7 0.0547 360 0 725 150 3 0.0540 364 0 721 153 13 0.0539 358 2 727 151 3 0.0536 573 201 816 448 11 0.0534 381 14 642 247 10 0.0529 571 203 818 441 0 0.0526 507 276 749 515 6 0.0525 506 214 750 447 2 0.0525 503 217 751 446 13 0.0521 505 212 752 447 6 0.0521 357 0 733 150 11 0.0518 573 3 838 193 3 0.0513 509 281 750 519 2 0.0507 353 4 719 150 11 0.0507 489 418 755 644 11 0.0501 314 209 559 450 7 0.0501 497 422 839 602
HusdKHlYIojlq7PcnGxBaUOkap77093v,7 0.0621 33 736 383 909 0 0.0607 26 733 380 910 11 0.0589 23 735 386 905 8 0.0576 447 781 677 1016 8 0.0574 13 801 362 972 5 0.0571 26 732 370 908 7 0.0571 451 782 691 1018 6 0.0558 21 803 376 971 11 0.0550 446 783 682 1015 0 0.0545 445 784 684 1019 5 0.0539 443 782 679 1012 10 0.0523 19 739 379 909 13 0.0521 21 803 383 973 13 0.0502 449 786 689 1018
hARxc1G11qBZ7MLQmkMiqxOy8wDs8R65,11 0.0604 620 609 883 859 0 0.0566 624 609 882 859 11 0.0555 243 788 501 1009 0 0.0545 363 711 622 950 11 0.0540 357 718 618 948 8 0.0538 621 609 877 859 6 0.0537 629 610 884 854 5 0.0536 511 205 747 426 8 0.0535 434 715 685 951 13 0.0534 252 786 508 1013 8 0.0531 247 785 494 1009 5 0.0527 242 779 497 1007 7 0.0526 246 784 502 1011 0 0.0522 247 783 500 1012 11 0.0521 503 724 758 954 6 0.0520 248 784 501 1010 5 0.0520 355 707 616 949 3 0.0513 624 611 882 866 5 0.0509 619 606 880 855 0 0.0505 505 717 761 958 7 0.0505 364 712 625 951
t11BmfLhCqS7l3vG7ET0QNnCuk1x93Zl,11 0.0596 375 346 645 570 3 0.0587 383 341 644 575 0 0.0583 508 402 775 640 3 0.0573 452 281 701 516 11 0.0571 446 404 713 633 5 0.0568 473 471 836 664 5 0.0565 371 338 641 569 7 0.0565 383 339 649 573 6 0.0558 451 337 718 579 8 0.0557 323 201 570 442 3 0.0555 452 400 712 641 11 0.0554 482 480 847 661 11 0.0553 478 360 852 537 13 0.0551 379 280 642 507 5 0.0551 364 203 634 436 8 0.0549 374 278 629 503 8 0.0548 440 220 688 451 5 0.0548 439 275 699 509 11 0.0543 443 283 706 510 0 0.0542 373 277 637 507 6 0.0539 345 472 703 658 11 0.0538 366 808 633 1023 11 0.0537 309 274 567 501 13 0.0535 493 478 854 665 7 0.0535 451 278 709 511 0 0.0534 371 413 649 635 7 0.0534 452 397 715 637 6 0.0533 376 275 638 507 3 0.0531 379 209 635 445 5 0.0531 307 261 561 498 8 0.0531 488 478 831 666 3 0.0531 377 469 656 711 0 0.0529 505 273 757 499 5 0.0526 337 528 699 714 13 0.0522 324 203 586 443 13 0.0521 413 352 784 537 3 0.0520 492 476 846 670 10 0.0519 445 344 716 577 11 0.0517 370 212 638 439 10 0.0514 374 281 636 506 7 0.0514 378 208 639 440 13 0.0512 349 421 709 603 8 0.0510 448 343 709 575 7 0.0508 487 475 849 669 0 0.0507 417 535 776 719 2 0.0503 484 482 839 666 6 0.0502 558 418 907 604
xIMO8HrNX4YzsK2WjaQRXLxMnGwUO6kg,11 0.0638 438 668 702 907 8 0.0615 439 665 696 907 7 0.0595 444 665 706 906 0 0.0588 439 665 700 912 6 0.0578 443 668 706 907 5 0.0567 435 665 695 908 10 0.0535 438 671 700 908 3 0.0534 445 666 702 911 13 0.0524 444 669 709 909 2 0.0500 442 674 704 909
HvJsmJVo7JgWmGnYpqmTVYwvqQU9TjS0,13 0.0599 206 202 466 441 11 0.0592 560 459 820 682 5 0.0586 130 188 394 439 5 0.0578 744 486 1017 684 0 0.0562 325 408 576 638 3 0.0559 751 489 1022 687 0 0.0557 310 197 580 430 5 0.0553 252 204 517 439 7 0.0553 752 491 1023 682 7 0.0547 326 408 577 636 8 0.0546 751 494 1016 678 5 0.0546 0 83 234 317 11 0.0540 254 210 518 438 3 0.0538 209 204 461 445 0 0.0538 752 490 1023 684 8 0.0538 205 203 455 441 6 0.0537 757 489 1023 679 8 0.0532 329 408 570 637 2 0.0531 755 496 1023 679 0 0.0531 198 204 460 440 11 0.0530 444 590 706 824 11 0.0528 751 492 1023 678 6 0.0526 261 206 522 441 13 0.0524 752 490 1023 683 13 0.0522 319 201 591 428 13 0.0521 330 406 580 639 5 0.0519 496 533 844 718 3 0.0517 329 408 577 638 7 0.0515 141 195 400 437 11 0.0515 130 197 403 433 5 0.0514 319 403 572 628 11 0.0508 554 602 831 828 10 0.0508 131 195 397 435 8 0.0508 560 528 811 765 3 0.0506 321 196 587 432 5 0.0506 236 468 505 699 11 0.0506 320 410 575 634 8 0.0505 318 199 579 427 8 0.0502 448 594 698 827 0 0.0501 555 529 817 769
c6tBg7xSYBTTOu82UifMhU4TsFy6hwzE,8 0.0625 371 656 618 897 11 0.0622 372 593 631 832 5 0.0616 369 523 623 767 8 0.0616 373 529 620 766 0 0.0597 374 590 631 838 7 0.0594 377 592 635 833 5 0.0591 365 651 622 894 3 0.0580 373 592 630 840 5 0.0564 487 464 760 685 11 0.0562 491 470 761 689 8 0.0558 304 589 561 835 2 0.0556 376 596 632 834 0 0.0554 308 649 562 896 7 0.0544 254 787 507 1021 7 0.0544 307 652 566 891 11 0.0543 304 651 562 888 9 0.0542 371 525 625 763 6 0.0537 307 651 565 890 0 0.0537 253 790 498 1021 7 0.0536 495 465 767 689 8 0.0534 496 467 752 687 0 0.0533 494 467 762 692 10 0.0530 373 659 626 896 6 0.0530 377 594 635 834 13 0.0523 375 591 634 833 3 0.0523 499 468 760 694 0 0.0522 643 611 885 839 9 0.0517 369 654 622 890 10 0.0510 376 532 627 766 5 0.0509 302 584 562 834 13 0.0508 256 792 507 1021 11 0.0505 249 796 502 1018
MCSFg4xnKESiAXgC85A5079G4uQrLOcH,8 0.0520 246 209 495 443 11 0.0512 304 344 579 565 11 0.0509 318 206 578 436 7 0.0508 325 203 579 439 6 0.0502 313 277 564 508 0 0.0502 323 126 567 374
XndIalUf33tEbj1BWsu45qCZVmUL2Qqx,8 0.0624 316 665 565 889 5 0.0616 308 739 555 964 7 0.0616 377 739 628 974 8 0.0616 220 871 574 1022 5 0.0607 210 871 574 1021 0 0.0602 324 594 575 829 10 0.0592 309 743 561 967 11 0.0591 367 743 622 970 3 0.0589 374 739 623 981 11 0.0583 312 666 572 891 7 0.0581 318 664 576 892 13 0.0578 224 875 587 1023 11 0.0570 373 599 633 830 11 0.0560 214 873 579 1022 7 0.0559 223 872 587 1022 7 0.0552 247 734 500 957 5 0.0550 361 673 627 900 0 0.0549 379 525 640 763 0 0.0548 369 673 635 904 0 0.0547 218 873 573 1023 13 0.0543 248 735 500 958 11 0.0540 235 736 497 956 5 0.0539 212 670 554 845 7 0.0538 378 598 639 830 0 0.0537 313 740 560 968 10 0.0535 214 875 584 1023 11 0.0535 427 674 695 896 5 0.0532 435 724 681 963 8 0.0531 375 595 626 829 10 0.0531 371 600 631 831 6 0.0524 315 667 576 892 0 0.0523 176 188 439 434 6 0.0523 242 735 498 959 13 0.0520 378 742 627 975 2 0.0520 313 743 559 966 7 0.0519 434 671 700 899 11 0.0516 428 532 700 758 3 0.0516 316 665 571 896 12 0.0513 372 670 637 903 0 0.0513 456 555 807 738 5 0.0512 165 738 427 959 0 0.0509 442 727 684 970 3 0.0508 245 734 495 964 11 0.0508 461 477 818 664 11 0.0505 175 187 442 431 6 0.0504 180 188 446 431 8 0.0504 442 726 673 963 7 0.0503 178 186 443 431 11 0.0501 205 610 562 786
LnWhpG6Zga9g5GfAK2KltuiK4ubDkUIB,0 0.0641 507 278 759 507 5 0.0640 504 327 760 562 7 0.0630 411 419 775 606 7 0.0624 324 342 584 589 11 0.0621 394 269 642 510 0 0.0619 336 280 586 519 7 0.0616 399 267 642 511 11 0.0613 569 348 832 578 8 0.0609 404 416 762 605 13 0.0608 410 419 779 606 10 0.0604 510 281 760 502 11 0.0603 181 275 435 508 11 0.0602 404 420 773 603 10 0.0602 390 272 641 508 0 0.0601 443 332 698 568 5 0.0599 380 330 633 577 0 0.0596 569 347 830 582 8 0.0595 564 398 820 647 5 0.0595 249 328 504 576 0 0.0594 176 335 427 574 8 0.0592 513 519 765 771 5 0.0592 561 403 824 644 0 0.0588 499 157 748 382 8 0.0587 181 272 431 510 7 0.0586 515 276 759 502 7 0.0585 260 270 514 511 6 0.0584 445 452 708 700 11 0.0583 508 279 762 502 11 0.0579 386 146 649 362 5 0.0579 510 517 769 771 6 0.0578 384 333 640 578 11 0.0578 320 343 581 584 8 0.0577 392 267 634 515 2 0.0576 458 281 704 504 5 0.0575 438 448 702 698 8 0.0572 571 277 815 510 3 0.0572 386 333 634 584 6 0.0571 501 386 767 631 11 0.0569 569 460 838 704 3 0.0569 253 333 509 584 0 0.0568 516 521 771 771 11 0.0567 501 160 753 377 13 0.0567 572 461 843 709 6 0.0562 335 210 590 446 13 0.0562 259 269 516 514 6 0.0561 318 397 582 642 3 0.0561 319 398 576 646 11 0.0560 511 522 772 767 13 0.0558 576 349 832 585 6 0.0557 518 521 775 769 2 0.0557 573 289 824 507 8 0.0556 328 207 580 442 7 0.0556 572 348 826 581 8 0.0556 251 330 502 580 7 0.0555 518 523 776 767 7 0.0555 176 333 431 577 6 0.0555 260 269 514 513 13 0.0555 511 277 765 507 0 0.0555 585 595 844 842 11 0.0554 328 208 589 441 8 0.0553 500 155 743 380 3 0.0552 511 329 763 571 0 0.0550 385 394 634 637 13 0.0549 178 336 433 578 5 0.0548 498 154 751 379 5 0.0547 176 271 431 503 5 0.0547 309 395 572 640 13 0.0546 324 340 586 592 10 0.0546 253 273 511 512 0 0.0544 334 140 587 369 2 0.0542 447 388 702 624 5 0.0541 634 350 900 587 13 0.0540 396 270 646 513 7 0.0537 504 155 753 376 0 0.0536 444 452 701 702 2 0.0535 251 334 506 578
nWKW8b0OdCKZSZ1ZzxuW1irgoxsj4eLT,6 0.0560 756 518 1009 760 8 0.0537 669 605 1015 783 7 0.0522 275 657 524 885 3 0.0515 756 520 1005 768 11 0.0512 264 657 517 880 13 0.0510 754 519 1018 758 5 0.0501 748 512 997 761
ZvNGKyagY0EgA6mLrmg5l671dkpFQtSU,0 0.0598 767 84 1013 314 11 0.0597 229 524 491 754 7 0.0594 196 787 440 1023 5 0.0582 189 781 433 1018 8 0.0579 238 523 484 756 8 0.0575 765 79 1006 305 11 0.0574 188 790 439 1020 6 0.0558 193 788 440 1023 7 0.0552 321 396 578 633 11 0.0552 276 417 630 603 5 0.0547 765 76 1016 308 0 0.0539 236 523 493 760 8 0.0537 196 786 432 1020 11 0.0528 764 84 1016 308 7 0.0528 240 459 493 697 8 0.0516 320 465 566 697 7 0.0512 387 330 651 557 0 0.0512 319 341 574 569 8 0.0510 306 579 541 815 0 0.0508 193 783 438 1023 2 0.0507 766 86 1020 311 7 0.0507 162 406 445 632 11 0.0506 297 580 549 813 13 0.0504 196 786 444 1023 5 0.0502 166 466 425 699 10 0.0502 167 481 428 704
F2qo6OQUv9DkTOhwRawFwjWkDOqEHtb6,5 0.0611 571 133 825 361 11 0.0601 640 340 905 572 5 0.0595 513 189 761 434 5 0.0588 638 336 894 574 11 0.0580 511 143 771 370 11 0.0575 516 342 765 573 6 0.0574 631 100 906 320 5 0.0569 578 263 825 495 5 0.0566 513 334 758 572 8 0.0558 575 136 821 364 3 0.0555 521 194 764 444 3 0.0554 578 138 828 372 7 0.0549 522 336 769 577 6 0.0548 650 338 908 580 8 0.0544 517 339 759 579 11 0.0541 622 105 904 318 11 0.0540 394 258 654 507 0 0.0538 583 346 827 578 8 0.0538 505 18 739 249 5 0.0533 503 81 753 300 6 0.0531 593 191 836 420 6 0.0526 522 340 767 577 3 0.0524 588 343 830 581 8 0.0523 647 341 897 578 0 0.0522 509 145 765 373 7 0.0521 521 193 768 433 0 0.0520 622 100 903 325 11 0.0519 580 266 832 491 0 0.0518 511 268 760 506 10 0.0511 514 148 771 374 7 0.0506 578 135 830 363 8 0.0504 583 265 825 500 11 0.0501 561 33 820 258 2 0.0501 512 153 767 372 13 0.0500 626 104 911 326 7 0.0500 587 267 831 501
jz4uGf2ZaKsquxfkUqENM36nHxse2I1b,11 0.0610 488 603 763 826 0 0.0581 384 199 650 431 5 0.0577 442 188 705 425 8 0.0577 493 600 750 827 8 0.0571 195 0 451 193 11 0.0571 189 4 459 191 6 0.0560 134 0 390 196 11 0.0553 310 361 588 568 11 0.0545 755 19 1011 243 0 0.0545 426 661 683 894 5 0.0543 430 793 683 1018 11 0.0542 425 671 687 888 5 0.0542 484 593 759 828 7 0.0540 436 605 683 832 7 0.0539 391 199 655 430 0 0.0538 492 596 756 831 8 0.0538 388 199 642 431 11 0.0537 384 198 655 426 13 0.0537 760 17 1023 246 3 0.0535 453 194 710 435 11 0.0535 369 544 621 769 0 0.0532 128 0 379 198 8 0.0528 757 16 1002 247 6 0.0517 434 604 687 833 0 0.0517 321 279 588 496 7 0.0516 436 737 690 966 0 0.0516 756 21 1014 250 6 0.0515 374 542 626 772 8 0.0515 364 607 604 829 0 0.0515 311 662 562 896 3 0.0513 129 0 387 203 11 0.0512 757 275 1003 528 11 0.0511 500 805 753 1022 13 0.0511 431 670 691 894 13 0.0510 323 361 594 572 11 0.0510 310 669 561 886 13 0.0509 493 606 767 832 6 0.0508 507 800 758 1021 8 0.0508 249 646 491 879 5 0.0507 748 10 1008 247 6 0.0505 764 273 1007 524 7 0.0504 369 671 616 896 5 0.0503 417 659 681 888 8 0.0501 320 278 582 498 5 0.0500 558 268 821 499
XVcLFPrt7lGUtBEMtXwbvHmS6egxwM26,7 0.0558 571 787 823 1023 11 0.0528 562 791 814 1022 5 0.0521 293 450 547 686 3 0.0516 303 455 549 691 8 0.0514 301 457 542 684 0 0.0508 504 0 767 219 5 0.0505 561 781 812 1019 5 0.0504 703 543 955 770 5 0.0501 197 409 525 594
nnyvrLuqN3XCBFJHqh8RMUGa4JRW7Rys,11 0.0632 367 788 618 1020 6 0.0610 233 791 498 1020 5 0.0610 363 782 615 1016 7 0.0600 371 786 625 1019 7 0.0599 238 790 505 1019 11 0.0589 425 401 697 625 0 0.0587 365 785 620 1022 8 0.0578 370 784 614 1019 10 0.0576 293 792 554 1019 3 0.0570 369 783 620 1023 0 0.0570 335 411 697 597 7 0.0567 369 398 634 622 6 0.0554 370 788 623 1019 11 0.0552 234 792 501 1019 13 0.0548 373 787 624 1023 5 0.0548 556 320 804 556 0 0.0544 232 791 498 1023 5 0.0543 227 783 495 1020 8 0.0539 434 399 686 628 10 0.0535 375 742 633 963 11 0.0532 359 468 637 677 11 0.0529 366 674 638 893 11 0.0528 485 467 755 684 3 0.0519 434 402 689 633 7 0.0513 424 463 692 689 10 0.0512 232 734 498 955 5 0.0507 328 410 686 593 10 0.0506 427 406 696 625 0 0.0504 565 324 807 558 9 0.0503 364 786 618 1016 6 0.0501 367 402 634 626
4mL8zk4eJso9zGBv8fi6oe0bnSDpaZOJ,5 0.0690 183 781 424 1021 7 0.0682 128 778 373 1022 8 0.0681 128 776 366 1019 8 0.0666 257 782 493 1021 0 0.0659 143 870 502 1023 8 0.0630 190 719 425 958 11 0.0626 186 721 431 955 11 0.0621 253 786 498 1020 7 0.0620 190 720 430 960 10 0.0608 126 782 369 1019 11 0.0607 126 779 372 1017 6 0.0604 187 787 430 1023 0 0.0604 132 720 368 958 5 0.0595 126 717 366 956 3 0.0587 189 717 428 963 10 0.0578 187 724 430 960 13 0.0578 188 785 434 1023 6 0.0563 132 721 376 954 3 0.0561 130 778 368 1023 2 0.0558 138 873 503 1023 9 0.0553 184 784 429 1022 1 0.0530 138 867 500 1023 2 0.0525 188 725 430 962 9 0.0521 127 720 370 951 13 0.0519 132 721 377 956 11 0.0515 267 669 647 847 8 0.0508 280 667 632 850 12 0.0507 190 721 429 959 11 0.0502 424 399 690 630 7 0.0501 305 386 566 620
jr7oi8Huj6leD2nzABJIC4EyHQsIWJuz,11 0.0643 178 379 451 625 11 0.0624 191 262 436 493 8 0.0618 213 405 549 603 5 0.0614 183 252 435 489 7 0.0606 186 373 451 625 0 0.0597 142 407 506 605 8 0.0582 442 328 689 562 11 0.0581 223 467 509 706 7 0.0580 198 255 438 492 11 0.0578 290 413 647 605 8 0.0576 320 257 572 486 8 0.0573 306 470 565 709 7 0.0570 293 414 655 606 10 0.0564 252 331 516 570 8 0.0563 194 255 429 495 0 0.0561 182 202 419 425 13 0.0554 186 376 450 627 6 0.0553 198 259 437 494 11 0.0550 498 348 738 573 13 0.0549 197 258 443 495 3 0.0548 196 258 435 499 10 0.0548 196 268 438 493 10 0.0546 321 267 583 490 3 0.0545 298 412 646 611 5 0.0545 507 152 776 384 5 0.0544 243 318 512 568 6 0.0543 186 375 449 629 7 0.0542 251 200 500 428 0 0.0540 252 266 506 504 11 0.0539 183 149 435 369 13 0.0538 298 412 657 606 11 0.0537 318 260 583 487 3 0.0529 184 376 448 633 8 0.0528 430 0 699 197 8 0.0528 177 454 428 696 3 0.0526 502 344 735 581 5 0.0526 439 325 691 560 11 0.0524 239 204 501 424 7 0.0523 450 268 700 500 5 0.0522 117 520 362 767 11 0.0521 447 267 695 500 8 0.0519 250 199 486 426 3 0.0516 379 0 640 203 5 0.0516 362 0 634 193 0 0.0515 485 424 815 590 10 0.0515 500 351 744 569 0 0.0515 311 394 576 636 5 0.0514 181 140 427 367 8 0.0513 371 146 629 374 5 0.0513 284 408 644 603 10 0.0512 385 336 649 563 7 0.0511 232 466 512 709 0 0.0511 372 0 639 197 7 0.0509 193 144 433 372 0 0.0508 377 333 643 564 8 0.0505 489 421 797 588 11 0.0503 367 2 639 197 6 0.0503 196 143 433 372 0 0.0501 302 193 573 425
eQuyLhFD1YLw9i2Sl48U6JXjLpp7OS27,5 0.0592 192 404 450 651 0 0.0590 202 277 451 530 5 0.0576 193 276 444 525 0 0.0576 199 404 452 652 8 0.0571 199 403 446 653 7 0.0563 513 447 774 688 11 0.0562 365 147 630 401 5 0.0560 557 148 821 395 11 0.0558 193 413 453 653 7 0.0557 373 146 631 402 3 0.0555 447 81 713 332 13 0.0555 200 411 462 652 3 0.0553 198 408 454 656 6 0.0553 300 217 560 466 5 0.0551 358 138 626 398 13 0.0550 372 145 637 402 8 0.0549 369 145 622 398 6 0.0545 370 143 630 401 11 0.0545 443 85 709 323 6 0.0543 447 81 712 325 8 0.0542 298 215 553 459 8 0.0540 199 277 444 530 3 0.0537 514 447 765 698 5 0.0537 285 212 555 459 6 0.0537 203 407 453 652 7 0.0534 300 216 561 459 6 0.0533 568 154 829 395 0 0.0532 302 138 558 393 13 0.0532 568 156 832 399 13 0.0529 448 82 718 329 8 0.0526 511 448 759 687 0 0.0523 506 453 768 689 0 0.0522 132 212 388 456 11 0.0520 194 282 449 527 13 0.0520 244 217 508 455 5 0.0520 435 76 703 326 7 0.0519 444 81 713 329 0 0.0518 643 417 918 658 0 0.0518 439 83 707 329 11 0.0515 295 221 557 465 7 0.0514 203 277 453 526 10 0.0511 366 146 629 398 7 0.0510 200 405 457 651 3 0.0510 370 142 629 409 0 0.0509 564 153 824 400 10 0.0506 442 85 712 324 8 0.0505 444 83 703 325 3 0.0505 566 156 828 406 6 0.0503 516 449 769 686 10 0.0502 560 159 828 394 5 0.0501 639 411 906 652 11 0.0500 506 450 764 686
qlZDnlPIvoDrVNW3nq53dLpjuIm1ttjR,5 0.0676 445 459 699 698 0 0.0661 382 456 638 697 7 0.0636 394 588 653 834 0 0.0630 325 586 591 839 5 0.0628 313 469 577 702 7 0.0627 446 658 720 901 5 0.0627 368 376 620 615 5 0.0620 446 594 712 830 11 0.0611 369 659 643 888 11 0.0611 446 605 717 827 13 0.0604 398 588 655 828 2 0.0596 387 461 641 695 11 0.0591 387 521 638 758 0 0.0586 450 603 714 835 8 0.0584 328 590 585 835 7 0.0579 320 537 582 772 8 0.0577 445 654 712 898 13 0.0575 330 534 586 768 5 0.0574 319 583 584 833 6 0.0573 456 542 717 769 7 0.0572 313 656 584 895 2 0.0572 301 404 562 622 8 0.0571 456 536 703 770 5 0.0570 294 324 552 550 3 0.0565 300 396 558 626 3 0.0559 331 593 590 841 13 0.0558 392 459 644 691 3 0.0557 453 602 717 838 7 0.0556 301 396 563 620 13 0.0555 319 655 589 895 6 0.0553 324 534 589 767 8 0.0553 317 263 558 499 2 0.0552 457 540 714 772 11 0.0550 310 268 570 497 11 0.0550 296 397 561 619 10 0.0549 325 593 591 835 3 0.0549 394 520 640 765 8 0.0549 386 452 629 692 5 0.0548 513 323 759 575 10 0.0547 388 522 640 759 7 0.0544 317 261 569 500 13 0.0543 303 330 562 555 11 0.0541 447 467 701 698 0 0.0540 431 713 706 963 13 0.0539 453 658 724 896 0 0.0538 297 328 554 553 7 0.0538 383 456 641 692 11 0.0536 451 260 712 498 0 0.0535 245 471 499 694 8 0.0535 451 255 701 502 3 0.0534 364 327 621 562 7 0.0526 248 465 499 694 5 0.0525 450 252 704 499 2 0.0522 324 541 585 773 8 0.0522 242 466 489 696 6 0.0516 448 659 722 898 7 0.0514 516 335 766 577 10 0.0509 451 603 719 831 13 0.0508 373 723 653 964 11 0.0507 431 718 702 952 6 0.0506 386 458 644 686 11 0.0506 509 335 763 575 11 0.0506 299 721 578 955 11 0.0500 242 467 495 689 0 0.0500 448 261 713 505
TvIo7deEXY9qM63OdIlJD9sUnGkzokud,11 0.0641 501 466 760 699 7 0.0638 569 528 809 768 8 0.0622 566 527 800 768 11 0.0621 564 582 819 819 5 0.0615 556 634 819 894 8 0.0592 504 467 752 702 7 0.0591 516 389 773 635 6 0.0590 501 529 748 769 0 0.0588 566 530 808 770 5 0.0587 491 581 748 831 7 0.0586 496 583 756 829 11 0.0584 435 538 693 769 8 0.0583 497 586 746 828 0 0.0583 501 467 760 703 10 0.0574 562 585 816 822 3 0.0573 568 530 808 773 5 0.0571 566 525 804 770 6 0.0568 563 469 810 705 0 0.0567 493 586 751 830 7 0.0566 561 640 827 892 13 0.0561 562 642 830 896 5 0.0557 576 386 819 643 0 0.0557 555 639 824 896 8 0.0553 579 390 818 644 5 0.0552 499 458 757 705 13 0.0548 567 530 813 770 6 0.0542 570 580 824 824 13 0.0540 493 588 760 830 3 0.0539 496 587 755 836 0 0.0534 581 396 827 646 10 0.0533 497 528 745 768 8 0.0533 560 637 816 895 6 0.0533 435 591 691 835 2 0.0531 568 534 806 770 10 0.0530 557 470 808 704 1 0.0529 490 580 752 830 1 0.0517 565 525 807 769 2 0.0513 498 590 749 828 11 0.0511 579 396 823 642 9 0.0508 494 584 752 824 2 0.0508 504 470 758 706 2 0.0502 562 644 820 891 11 0.0502 366 600 629 841
r23xdR5ydqDWt7spFbqTCojpvkga8uVi,11 0.0576 241 2 508 191 8 0.0562 249 2 505 191 11 0.0557 306 798 560 1005 0 0.0556 369 796 620 1013 11 0.0549 254 327 503 573 5 0.0543 360 786 611 1006 0 0.0534 247 0 511 194 6 0.0521 247 0 513 195 3 0.0516 248 1 511 196 5 0.0515 239 0 509 192 13 0.0512 250 0 519 194 0 0.0510 170 338 416 572 7 0.0509 307 796 570 1008 6 0.0502 314 796 567 1007 0 0.0502 247 737 514 956 5 0.0501 165 332 417 568
q1ou0VnaQhtVkiF2jHIxvIRz65XYak0E,0 0.0611 340 722 705 915 5 0.0611 331 719 690 910 8 0.0606 242 787 487 1020 7 0.0603 243 787 499 1013 11 0.0582 328 724 701 909 5 0.0581 240 785 489 1016 0 0.0561 238 791 495 1022 11 0.0559 270 667 634 850 7 0.0559 337 723 702 912 7 0.0556 218 672 573 855 11 0.0546 242 789 493 1016 8 0.0540 275 666 622 853 8 0.0537 339 722 685 911 0 0.0535 282 597 638 782 6 0.0531 337 722 700 911 3 0.0523 338 722 701 914 10 0.0517 236 794 492 1020 10 0.0509 271 669 633 851 13 0.0508 281 667 642 855
02j4dwKHm8evenI8kZpGEHIxrfUtIMCz,7 0.0621 311 212 577 462 11 0.0620 302 148 575 381 3 0.0611 315 211 574 464 5 0.0608 363 193 635 445 0 0.0594 304 260 581 516 8 0.0593 178 223 434 463 13 0.0592 238 279 522 528 7 0.0588 369 143 640 383 8 0.0587 312 217 563 458 13 0.0574 311 216 580 462 11 0.0574 236 223 509 460 3 0.0574 372 140 638 387 11 0.0570 532 471 786 707 11 0.0568 177 145 442 380 0 0.0565 304 146 569 385 8 0.0563 368 144 630 380 6 0.0561 369 145 642 380 8 0.0555 242 277 504 522 7 0.0551 239 275 514 529 13 0.0550 370 143 642 384 5 0.0549 231 271 509 519 0 0.0547 534 469 787 721 8 0.0539 536 466 777 714 6 0.0534 312 263 589 512 10 0.0534 308 218 575 457 6 0.0529 539 401 790 648 0 0.0528 164 279 443 538 3 0.0528 540 397 789 657 3 0.0527 248 147 507 392 3 0.0526 246 275 512 529 1 0.0522 364 194 637 449 7 0.0517 247 148 510 387 0 0.0516 182 143 439 385 13 0.0514 242 149 515 390 10 0.0511 365 147 640 380 5 0.0510 531 391 787 646 7 0.0508 538 392 788 649 10 0.0505 178 229 442 462 11 0.0502 162 287 447 534
3cLFBpHRoxSGPPJxXy3FDEhzKNqPjZUq,7 0.0632 558 731 806 961 0 0.0620 550 695 817 913 8 0.0613 388 294 635 514 11 0.0609 381 298 640 515 5 0.0593 559 616 817 846 3 0.0584 387 294 638 519 11 0.0584 552 735 796 962 6 0.0576 568 620 820 845 11 0.0573 625 800 882 1023 8 0.0571 313 462 574 707 11 0.0570 309 465 581 706 11 0.0568 384 528 651 771 7 0.0564 629 796 894 1023 0 0.0563 560 542 807 765 6 0.0563 386 295 642 517 0 0.0560 622 798 894 1023 0 0.0559 487 800 750 1023 8 0.0558 381 597 637 839 11 0.0557 318 595 579 835 7 0.0555 382 462 654 703 8 0.0552 565 622 811 846 0 0.0552 311 462 581 711 5 0.0551 376 290 634 512 10 0.0549 382 298 641 515 0 0.0549 384 291 639 518 3 0.0549 557 734 798 973 13 0.0544 563 543 818 765 5 0.0543 484 794 741 1018 7 0.0542 320 594 583 841 13 0.0541 221 287 578 475 8 0.0541 555 731 793 962 5 0.0541 550 726 795 962 13 0.0537 390 296 646 515 7 0.0537 388 292 644 517 5 0.0531 200 280 554 469 5 0.0531 501 525 760 762 11 0.0531 106 340 376 577 13 0.0529 632 800 897 1021 5 0.0529 379 589 640 839 5 0.0528 300 525 573 772 11 0.0527 507 532 771 761 7 0.0526 572 620 825 847 3 0.0526 314 466 578 715 11 0.0525 565 622 820 845 13 0.0524 559 733 805 961 3 0.0523 491 801 745 1023 13 0.0519 386 534 659 770 10 0.0518 562 625 823 846 7 0.0517 495 796 752 1023 5 0.0517 618 790 882 1022 2 0.0517 305 538 580 780 13 0.0517 315 466 586 709 10 0.0516 508 534 768 760 3 0.0513 388 529 653 776 7 0.0512 383 672 640 900 11 0.0512 205 285 568 470 0 0.0512 379 674 634 906 10 0.0509 382 470 650 707 7 0.0505 122 337 378 585 3 0.0504 380 675 639 910 8 0.0501 625 797 877 1023
YpDsSKiR6uI47MmPmFEw1DgxvfR7KbRy,8 0.0610 563 472 811 704 11 0.0601 462 407 723 632 8 0.0591 626 413 872 651 11 0.0588 369 5 636 246 6 0.0585 632 410 882 645 5 0.0583 563 466 812 704 11 0.0583 327 401 597 631 13 0.0577 317 15 584 257 0 0.0575 629 412 879 650 0 0.0572 568 472 816 706 6 0.0571 568 471 817 703 8 0.0566 376 4 628 247 5 0.0566 367 0 630 246 13 0.0564 443 81 718 309 7 0.0562 573 470 818 704 6 0.0561 377 3 640 245 11 0.0557 563 472 819 702 11 0.0557 624 413 879 644 0 0.0553 371 3 636 249 5 0.0551 625 407 876 648 11 0.0547 130 15 376 251 7 0.0547 467 402 729 633 5 0.0544 36 0 306 204 3 0.0538 318 16 576 265 5 0.0537 230 413 589 592 5 0.0537 298 66 558 310 5 0.0532 456 401 717 632 2 0.0529 314 19 574 258 11 0.0524 499 81 773 301 7 0.0521 318 14 579 262 0 0.0521 459 407 721 634 6 0.0520 463 408 728 632 6 0.0520 330 399 603 631 8 0.0516 60 15 301 267 10 0.0516 461 410 726 633 10 0.0516 374 13 637 249 8 0.0514 458 406 717 633 2 0.0510 462 412 723 634 8 0.0510 244 418 589 593 7 0.0510 242 422 595 596 3 0.0509 459 337 721 562 0 0.0508 135 14 372 253 11 0.0504 369 134 643 354 0 0.0501 172 329 443 557 13 0.0501 138 16 382 261 3 0.0501 240 416 596 601 11 0.0501 398 310 661 527 6 0.0500 139 15 377 260
LyBH6oNTCx5hJdkyATXaUOrMhoHSAsIh,11 0.0606 391 1 768 142 7 0.0599 561 411 806 633 8 0.0578 312 1 567 195 11 0.0574 556 411 801 630 5 0.0572 562 337 814 564 0 0.0558 396 1 764 145 5 0.0558 389 0 763 141 11 0.0549 191 0 579 159 6 0.0549 562 410 807 629 3 0.0542 576 341 817 572 0 0.0542 309 0 573 195 13 0.0539 574 343 827 566 5 0.0538 305 0 572 191 6 0.0537 207 0 581 159 13 0.0536 317 1 580 195 3 0.0535 407 0 767 146 11 0.0534 472 40 820 214 0 0.0532 559 408 803 632 8 0.0531 563 406 795 629 11 0.0531 621 454 878 688 5 0.0529 487 384 740 616 8 0.0529 402 0 749 145 5 0.0527 618 404 868 626 0 0.0520 623 449 882 688 3 0.0514 320 0 576 202 13 0.0512 408 0 774 145 7 0.0511 402 0 774 144 7 0.0504 205 1 588 160
swBUIkfjlaAwWfQT8qDFF79wr5FkInSi,7 0.0654 128 783 369 1015 5 0.0647 125 780 364 1012 8 0.0646 130 776 362 1013 0 0.0602 184 726 438 969 11 0.0563 125 784 368 1013 6 0.0558 132 783 372 1014 13 0.0527 129 786 374 1016 10 0.0527 181 736 439 964
79tq5BUbfAMecmbKGbg5apeVD7c0DcxP,0 0.0549 345 345 709 535 5 0.0521 347 807 631 1021 0 0.0513 515 267 763 497 7 0.0512 514 269 771 499 6 0.0505 351 345 718 532 11 0.0503 341 346 717 530 11 0.0501 504 272 768 496 0 0.0501 444 208 709 438
8C6SVzNNlloFzt2BlpnBoBUcpY2gEK3C,14 1.0 0 0 1 1
ixaTEf3iHmBMt0wP8aSaBwv37cbsZIas,7 0.0589 504 275 773 512 11 0.0586 178 474 434 714 8 0.0580 181 468 424 718 5 0.0575 304 329 569 577 7 0.0560 244 336 513 583 11 0.0551 307 332 569 577 11 0.0548 612 275 893 509 5 0.0546 173 398 444 642 8 0.0545 496 397 742 635 8 0.0542 572 276 835 518 0 0.0537 308 329 568 579 3 0.0536 503 399 753 641 8 0.0536 372 400 620 644 7 0.0535 189 467 435 717 0 0.0533 180 471 435 713 5 0.0532 572 273 839 515 2 0.0532 502 343 760 567 11 0.0531 376 268 650 507 11 0.0529 496 402 752 632 0 0.0525 497 335 752 571 7 0.0524 440 333 699 576 3 0.0522 311 333 566 587 3 0.0521 580 281 844 524 0 0.0521 369 396 628 643 6 0.0521 316 333 569 580 0 0.0519 617 273 890 508 8 0.0518 310 331 560 579 5 0.0517 625 141 881 366 5 0.0516 496 329 749 566 10 0.0513 176 476 431 712 6 0.0512 582 277 847 517 13 0.0511 317 401 571 648 11 0.0511 624 146 886 369 11 0.0511 175 335 443 577 8 0.0510 633 145 872 369 8 0.0510 67 473 319 711 11 0.0508 501 198 766 434 7 0.0508 619 271 895 514 3 0.0504 637 147 878 374 7 0.0503 316 402 567 647 0 0.0500 377 266 644 507
aO5blwfbZjtyFWrF4t3vxDtQ9wnoa7kI,5 0.0595 300 207 551 428 11 0.0592 305 215 562 434 8 0.0592 358 230 697 413 8 0.0589 312 143 562 366 5 0.0582 264 290 646 467 11 0.0561 364 149 633 368 11 0.0561 437 330 705 569 3 0.0559 365 297 710 485 3 0.0558 373 143 628 376 5 0.0555 243 130 495 365 6 0.0554 364 231 706 415 6 0.0547 312 145 572 368 8 0.0546 253 201 496 438 0 0.0545 359 235 710 415 11 0.0542 310 720 574 952 11 0.0541 377 777 634 1013 5 0.0531 343 352 709 537 0 0.0531 443 329 704 571 3 0.0529 312 210 557 441 11 0.0526 245 137 504 370 8 0.0526 383 83 627 306 0 0.0525 254 205 502 436 11 0.0525 299 335 569 566 8 0.0524 244 786 500 1023 8 0.0524 316 273 552 503 0 0.0523 0 351 251 591 13 0.0522 447 331 712 573 8 0.0521 442 328 697 570 5 0.0521 359 140 624 364 6 0.0519 386 280 633 501 3 0.0519 385 770 636 1017 5 0.0511 372 770 633 1007 6 0.0507 258 204 506 435 7 0.0503 280 291 659 473 7 0.0503 317 139 569 366 7 0.0501 381 771 640 1013 13 0.0501 286 294 667 477
GBq1LXPQWO0xNKjXsPQLjZfpHLm4a9lW,11 0.0578 510 532 753 767 8 0.0575 511 528 746 765 5 0.0566 427 534 684 774 7 0.0553 376 258 646 492 8 0.0548 325 785 551 1017 7 0.0545 320 783 560 1015 8 0.0542 375 262 629 492 0 0.0536 509 533 756 767 13 0.0533 326 789 563 1018 0 0.0531 320 788 558 1019 11 0.0531 316 788 558 1012 5 0.0525 0 0 238 205 13 0.0523 513 536 763 767 10 0.0515 371 271 643 492 5 0.0514 317 782 549 1013 0 0.0513 0 0 248 208 0 0.0512 370 263 641 492 13 0.0510 376 266 651 494 11 0.0502 371 265 642 492
PM347ysEKjhycimMTOjyz5ouLTPkKroV,11 0.0634 366 405 624 639 8 0.0617 368 404 614 638 11 0.0606 471 489 820 664 6 0.0605 368 401 625 643 7 0.0602 479 487 828 666 8 0.0601 472 489 814 665 5 0.0599 447 418 798 599 6 0.0591 501 388 755 623 8 0.0590 501 390 744 622 3 0.0589 369 402 624 647 8 0.0586 314 273 558 512 0 0.0586 314 270 568 517 11 0.0585 310 277 574 512 3 0.0582 314 275 570 520 0 0.0582 550 481 895 666 3 0.0582 461 420 802 602 7 0.0581 325 0 593 245 13 0.0578 270 0 538 248 2 0.0576 475 493 820 666 13 0.0576 458 419 810 598 11 0.0574 431 601 687 834 7 0.0574 367 403 627 642 13 0.0572 316 142 571 381 0 0.0569 323 0 591 247 5 0.0569 583 511 826 759 0 0.0565 433 601 686 838 13 0.0564 239 466 512 706 0 0.0564 459 421 807 600 8 0.0562 238 468 492 708 13 0.0558 365 404 631 644 11 0.0556 256 2 526 246 11 0.0556 390 3 656 248 6 0.0550 316 276 575 515 10 0.0548 453 422 804 600 5 0.0547 307 270 568 509 5 0.0547 256 0 524 245 5 0.0545 362 397 620 641 6 0.0544 472 487 828 666 7 0.0543 316 272 573 513 13 0.0542 318 273 577 513 10 0.0538 364 405 628 640 0 0.0538 179 331 424 569 13 0.0536 438 602 693 833 8 0.0536 326 0 581 246 8 0.0534 435 602 679 836 0 0.0534 366 399 621 642 3 0.0532 590 515 828 764 6 0.0529 438 604 687 836 5 0.0529 431 592 685 834 3 0.0528 398 0 653 252 0 0.0528 314 141 566 379 7 0.0525 436 599 692 836 6 0.0518 319 148 569 382 11 0.0518 297 540 560 776 11 0.0518 232 466 504 709 3 0.0516 441 599 686 841 5 0.0516 384 0 653 247 10 0.0514 431 605 688 834 13 0.0512 592 569 833 813 10 0.0510 312 279 572 513 9 0.0509 471 485 821 664 11 0.0508 297 665 564 882 9 0.0507 495 390 751 620 5 0.0506 302 142 563 375 11 0.0505 172 337 434 562 8 0.0504 264 68 509 320 0 0.0503 251 218 503 453 0 0.0502 248 654 496 891 10 0.0502 392 8 657 247 8 0.0502 360 680 631 902 2 0.0501 367 407 618 641
I4qe85HjC0GRUhnutYF4kOJaH0MQRtBV,5 0.0671 570 784 814 1017 7 0.0666 314 712 566 958 7 0.0660 150 671 511 848 5 0.0656 247 706 497 951 11 0.0653 240 654 498 889 7 0.0651 579 784 826 1018 8 0.0635 261 781 494 1023 8 0.0622 149 672 500 850 7 0.0615 262 786 503 1022 8 0.0615 510 779 748 1022 0 0.0613 572 783 820 1023 0 0.0611 149 673 509 852 0 0.0606 253 708 499 955 8 0.0605 316 709 558 957 5 0.0602 184 784 429 1014 11 0.0602 311 714 562 957 5 0.0601 143 669 502 848 11 0.0595 511 785 753 1020 6 0.0594 252 714 503 955 6 0.0593 183 648 443 890 11 0.0590 185 789 432 1019 10 0.0578 144 675 510 848 6 0.0577 192 791 434 1023 3 0.0572 149 672 507 853 2 0.0567 576 790 821 1019 13 0.0564 265 788 507 1023 13 0.0561 514 787 760 1023 6 0.0560 511 789 756 1023 13 0.0557 183 651 445 893 3 0.0554 316 712 563 964 10 0.0548 248 714 502 952 3 0.0542 511 787 755 1023 0 0.0542 187 786 431 1020 9 0.0539 507 786 751 1021 3 0.0537 263 789 502 1023 2 0.0535 183 654 440 893 10 0.0534 186 789 433 1019 10 0.0526 508 785 755 1022 6 0.0524 187 289 454 511 9 0.0521 256 788 499 1019 7 0.0520 384 595 628 829 11 0.0517 372 599 623 828 13 0.0517 317 713 571 962 9 0.0517 140 674 508 847 7 0.0514 187 284 451 511 2 0.0512 317 717 564 958 11 0.0511 177 293 452 505 2 0.0507 262 789 503 1023
3bEV3rl8f0HZBka41JT9VtI2IWdxbt9W,11 0.0650 302 338 570 569 0 0.0642 657 484 1013 675 5 0.0631 359 334 627 574 8 0.0618 656 483 1003 672 8 0.0613 438 337 693 566 0 0.0611 303 403 574 642 0 0.0610 700 526 944 789 11 0.0608 658 486 1019 670 0 0.0608 338 366 703 551 6 0.0605 316 526 578 778 11 0.0603 697 526 944 783 0 0.0602 529 540 881 727 6 0.0593 358 406 631 640 8 0.0592 359 408 622 638 3 0.0590 340 365 701 552 11 0.0590 353 410 624 636 7 0.0587 370 477 635 717 5 0.0587 295 399 569 638 11 0.0585 572 516 825 758 5 0.0585 649 482 1011 675 11 0.0583 237 402 502 637 6 0.0583 308 335 571 573 5 0.0580 237 333 493 582 3 0.0576 315 472 577 713 13 0.0575 576 516 835 759 8 0.0575 308 337 560 574 11 0.0570 180 342 432 582 11 0.0570 365 277 632 510 0 0.0568 366 476 630 717 8 0.0568 369 276 625 513 10 0.0566 243 344 496 582 10 0.0565 302 406 573 637 0 0.0565 184 336 429 586 13 0.0564 309 339 570 577 11 0.0563 360 589 635 832 7 0.0563 435 393 702 636 8 0.0559 532 539 878 725 6 0.0559 243 396 504 641 5 0.0556 692 522 939 785 11 0.0556 431 340 696 570 6 0.0555 405 360 764 545 8 0.0554 241 399 496 640 3 0.0552 526 477 885 672 11 0.0551 431 471 699 709 13 0.0551 312 471 586 713 5 0.0550 298 270 556 505 10 0.0549 367 279 631 510 13 0.0548 242 397 506 643 8 0.0548 700 524 935 785 7 0.0544 309 404 579 639 8 0.0543 437 468 692 707 6 0.0542 445 518 709 771 7 0.0541 526 476 888 668 6 0.0541 578 512 834 758 3 0.0539 441 469 701 716 8 0.0538 311 475 568 708 13 0.0538 593 477 961 672 13 0.0534 438 471 706 712 5 0.0534 566 511 822 758 10 0.0533 657 488 1013 672 3 0.0532 243 401 501 645 8 0.0530 182 337 423 585 10 0.0530 570 521 826 758 8 0.0529 448 207 689 445 6 0.0529 665 485 1021 672 6 0.0528 372 277 635 512 10 0.0528 429 399 699 634 0 0.0527 446 212 698 448 13 0.0526 635 598 894 856 12 0.0525 357 406 633 643 11 0.0524 441 215 699 444 13 0.0521 703 524 954 791
Sn7p5QuTv5XBcI0jxqJeVXsT0FOqPlEf,5 0.0621 0 339 256 581 0 0.0596 113 276 384 505 5 0.0570 43 277 327 503 8 0.0560 159 734 500 903 11 0.0554 257 725 512 950 11 0.0549 113 345 388 581 6 0.0548 61 288 342 507 8 0.0541 769 0 1014 202 5 0.0540 105 335 381 580 0 0.0532 772 2 1023 205 7 0.0530 115 274 390 500 5 0.0528 132 803 475 981 6 0.0526 119 345 394 584 6 0.0524 7 349 272 583 5 0.0524 152 730 506 902 11 0.0522 133 807 487 983 8 0.0521 138 809 473 982 7 0.0520 315 722 582 948 3 0.0520 163 733 514 908 10 0.0518 768 4 1023 201 0 0.0517 159 734 508 904 0 0.0514 199 397 452 649 5 0.0511 172 264 425 490 8 0.0508 311 722 567 948 7 0.0503 6 347 275 585 0 0.0501 0 289 273 518
yAc8cVMubFmWTdiNUuftI7WKaTGeRsMT,5 0.0632 378 0 639 224 7 0.0624 130 590 388 836 11 0.0603 124 594 384 831 11 0.0602 320 458 579 697 0 0.0602 322 344 562 587 6 0.0602 445 526 708 767 8 0.0600 321 457 570 695 11 0.0599 381 6 642 225 11 0.0598 444 465 701 705 11 0.0593 449 581 708 826 7 0.0591 450 461 706 701 7 0.0591 204 515 456 770 0 0.0591 126 592 383 836 0 0.0583 316 656 579 907 5 0.0583 385 455 644 696 6 0.0582 392 459 649 697 7 0.0582 453 579 710 828 7 0.0582 328 455 579 695 5 0.0578 446 572 702 828 0 0.0577 446 579 706 831 6 0.0572 327 520 585 762 3 0.0571 451 466 700 709 5 0.0565 197 513 454 767 13 0.0565 131 592 390 836 8 0.0564 318 346 556 585 11 0.0564 193 519 457 770 7 0.0564 325 344 563 583 11 0.0563 329 135 585 363 5 0.0563 314 339 557 583 0 0.0562 446 465 699 705 3 0.0560 454 578 706 834 0 0.0559 334 217 567 456 5 0.0558 262 0 501 244 6 0.0558 128 592 386 834 6 0.0557 265 583 517 834 3 0.0555 128 594 384 839 6 0.0553 200 518 458 770 3 0.0553 327 457 575 699 7 0.0553 335 214 573 454 0 0.0552 321 453 576 698 8 0.0550 446 464 695 703 7 0.0549 329 582 586 835 2 0.0549 512 591 774 839 5 0.0547 320 583 578 835 11 0.0547 508 85 772 317 11 0.0546 320 347 563 585 8 0.0546 333 215 564 454 2 0.0541 324 461 577 697 2 0.0541 322 351 563 586 0 0.0540 259 582 517 837 5 0.0540 122 588 379 831 3 0.0538 200 517 454 777 10 0.0535 391 459 647 697 8 0.0534 323 585 576 836 3 0.0534 320 350 558 588 11 0.0532 319 588 586 833 5 0.0532 250 658 503 902 2 0.0532 126 596 386 835 8 0.0531 197 515 449 770 10 0.0531 125 594 385 832 8 0.0531 386 526 636 766 0 0.0531 331 8 576 242 5 0.0530 327 127 577 360 0 0.0530 190 446 440 701 2 0.0530 199 521 459 774 2 0.0529 447 529 706 767 8 0.0528 256 657 500 903 13 0.0527 268 580 520 839 13 0.0527 203 514 463 775 8 0.0527 127 591 380 835 3 0.0526 335 218 570 460 0 0.0524 575 583 839 832 7 0.0523 387 6 651 227 11 0.0523 252 662 510 903 8 0.0523 508 584 766 840 3 0.0521 323 657 579 911 7 0.0521 383 657 640 907 8 0.0520 382 655 629 905 3 0.0520 388 3 644 235 13 0.0519 331 517 589 769 11 0.0518 578 583 843 825 13 0.0518 333 214 575 457 9 0.0518 123 593 383 834 11 0.0517 559 153 829 398
vp08BifE5MEqh3gWUmBsQ87zmGudWfmi,0 0.0597 502 612 759 847 7 0.0592 447 531 695 767 8 0.0590 442 604 689 842 0 0.0586 407 462 645 704 8 0.0581 409 463 639 698 5 0.0576 440 596 693 841 5 0.0567 557 531 808 776 6 0.0567 442 601 698 842 11 0.0565 403 400 644 641 0 0.0560 181 142 438 381 11 0.0559 502 616 759 844 0 0.0558 398 345 642 589 8 0.0557 502 536 744 772 11 0.0554 647 608 897 854 8 0.0552 182 211 423 457 5 0.0552 115 126 375 376 2 0.0546 503 613 757 841 7 0.0546 509 609 760 847 6 0.0545 574 622 827 854 7 0.0544 397 341 647 586 13 0.0543 648 605 905 864 13 0.0537 182 213 442 458 8 0.0536 398 341 635 586 11 0.0536 711 692 1023 865 8 0.0534 127 131 370 378 8 0.0530 653 606 891 860 11 0.0529 170 216 436 454 0 0.0527 710 691 1023 870 3 0.0526 444 601 697 845 0 0.0524 645 607 899 862 13 0.0524 444 601 701 843 8 0.0523 712 691 1016 868 0 0.0522 505 457 757 704 10 0.0519 502 539 752 776 0 0.0518 563 537 812 779 6 0.0512 504 536 755 770 10 0.0509 405 465 645 700 5 0.0506 398 395 642 634 5 0.0504 168 211 434 451 6 0.0504 408 463 648 700 3 0.0503 181 217 438 462 11 0.0502 121 135 379 376 3 0.0501 504 535 750 777 2 0.0501 565 541 812 775
nKhCJ6uNiiz4SdsqL14ASsc9bOJCEByV,8 0.0644 0 782 313 981 0 0.0595 0 786 322 985 11 0.0593 0 790 325 978 8 0.0581 215 290 565 477 11 0.0574 237 331 501 563 11 0.0560 316 678 575 906 5 0.0548 0 783 314 981 5 0.0547 205 285 568 479 0 0.0539 322 216 583 431 11 0.0539 323 215 587 428 8 0.0538 320 674 563 910 7 0.0533 322 672 577 908 8 0.0528 62 676 313 912 6 0.0525 245 268 518 500 7 0.0524 516 721 768 955 11 0.0522 511 723 766 952 13 0.0508 0 786 331 983 0 0.0504 316 676 572 915 10 0.0502 247 273 507 502
kZOJtDAhfamKUkDGu1WZyiESKN112Xbu,8 0.0628 510 464 760 701 5 0.0617 505 456 764 698 8 0.0615 387 288 629 516 0 0.0615 382 218 630 444 7 0.0607 389 285 640 517 11 0.0602 508 466 766 698 6 0.0601 511 464 768 701 0 0.0597 509 459 768 703 10 0.0591 403 488 757 664 7 0.0583 506 533 783 773 5 0.0573 382 139 640 363 0 0.0567 649 429 915 648 3 0.0560 392 288 637 522 5 0.0558 380 283 638 514 13 0.0554 409 484 767 661 13 0.0553 315 222 588 454 7 0.0552 326 348 589 584 11 0.0547 386 291 637 517 7 0.0547 405 481 763 666 10 0.0543 389 290 639 517 6 0.0543 393 290 638 516 3 0.0541 412 484 755 669 8 0.0540 323 349 575 585 8 0.0539 390 145 634 366 13 0.0537 508 533 782 767 11 0.0535 632 139 876 372 3 0.0533 398 142 641 372 10 0.0531 320 356 584 583 9 0.0531 396 483 751 659 3 0.0527 505 537 778 778 0 0.0525 262 149 522 389 0 0.0522 637 139 880 372 11 0.0522 635 626 898 833 5 0.0521 644 363 890 568 5 0.0519 314 344 584 584 3 0.0519 318 223 583 458 13 0.0519 392 289 644 519 7 0.0509 315 221 584 452 7 0.0509 639 196 887 430 2 0.0508 512 467 763 700 5 0.0507 635 198 879 424 10 0.0507 508 538 782 773 11 0.0506 313 226 580 451 8 0.0504 645 201 876 428 13 0.0503 327 352 596 588 7 0.0503 662 493 919 716 3 0.0502 643 202 881 434 13 0.0502 639 142 886 374
cwcAquoJtu4Nj6aFNyVxtmFoCenEKtuB,11 0.0626 297 530 558 754 7 0.0624 443 538 697 770 11 0.0615 233 592 499 826 8 0.0597 294 590 541 823 7 0.0594 299 589 554 827 5 0.0571 293 586 551 822 6 0.0559 238 596 499 825 0 0.0543 238 586 497 830 8 0.0537 374 542 619 757 11 0.0537 437 543 693 767 2 0.0536 298 597 554 825 8 0.0527 225 524 480 754 0 0.0526 302 527 554 754 3 0.0524 299 593 551 830 7 0.0524 233 519 497 755 3 0.0514 380 541 631 764 2 0.0507 230 530 494 754 0 0.0505 450 467 698 697 5 0.0505 225 521 490 752 8 0.0505 82 496 432 665 8 0.0502 448 471 688 690
lwoqdYFYPGeOvshTqnZJklrWR9UOJKTg,8 0.0704 74 776 300 1018 8 0.0679 11 713 238 957 11 0.0651 69 782 304 1017 11 0.0635 372 816 622 1021 11 0.0594 6 719 247 959 0 0.0583 69 782 306 1021 0 0.0577 3 717 244 961 3 0.0571 9 712 244 963 10 0.0563 73 780 300 1020 3 0.0563 72 780 304 1023 7 0.0563 70 778 307 1017 7 0.0562 8 716 248 958 11 0.0561 500 470 758 708 1 0.0554 64 772 302 1020 1 0.0552 0 707 243 960 10 0.0552 7 714 243 959 5 0.0547 63 777 298 1014 6 0.0535 7 716 249 957 6 0.0534 70 782 309 1015 13 0.0532 71 781 310 1021 5 0.0530 0 713 240 957 7 0.0530 376 814 627 1023 8 0.0529 376 816 611 1023 8 0.0517 504 469 750 710 13 0.0516 6 717 252 960 13 0.0515 384 812 628 1023 0 0.0512 375 818 623 1023 0 0.0508 501 469 762 712 3 0.0504 513 468 758 716 2 0.0501 8 720 247 960
pAm7neeUwq8qLaQEa7d5dwlOKvagScKG,7 0.0589 381 411 625 652 11 0.0575 429 348 693 585 0 0.0571 489 343 747 586 11 0.0568 371 283 630 520 0 0.0563 372 282 631 521 0 0.0563 375 411 624 652 11 0.0553 434 217 689 454 3 0.0552 380 352 630 594 7 0.0552 376 282 633 519 11 0.0550 376 414 626 649 8 0.0548 492 342 739 581 7 0.0547 431 346 694 590 11 0.0546 493 284 751 512 6 0.0544 498 280 755 514 0 0.0538 432 217 686 455 5 0.0536 492 276 745 514 0 0.0531 633 342 883 585 3 0.0528 438 287 690 528 11 0.0512 571 341 824 586 13 0.0512 431 348 697 590 5 0.0509 369 341 625 587
ZUtHL76vfWQCDwrMiHVJG5uTxSj2UPXK,11 0.0557 372 147 639 369 11 0.0551 238 723 502 959 3 0.0543 376 141 636 376 11 0.0543 354 736 629 955 13 0.0540 375 143 642 372 0 0.0539 371 146 635 371 0 0.0539 423 731 695 959 0 0.0536 2 428 255 677 5 0.0532 421 726 688 955 5 0.0528 569 264 816 500 11 0.0528 295 663 564 889 8 0.0522 574 267 810 501 5 0.0521 0 426 254 669 8 0.0519 374 142 625 370 6 0.0515 378 144 642 370 0 0.0514 572 268 816 497 0 0.0503 298 724 569 956 8 0.0502 503 207 728 433
at9SFYyMKEDyi1yalpyZsVrbtgqIQ9mj,0 0.0618 0 1 253 206 5 0.0604 0 0 249 202 11 0.0580 442 403 698 612 8 0.0578 2 0 244 198 11 0.0572 503 603 742 839 0 0.0570 444 402 700 615 11 0.0565 312 727 566 956 11 0.0552 0 3 252 199 7 0.0551 448 401 704 616 5 0.0543 503 594 735 841 0 0.0536 322 474 581 703 6 0.0534 0 0 257 199 7 0.0527 514 600 747 840 10 0.0526 0 3 249 202 11 0.0526 449 535 698 765 5 0.0526 441 394 698 614 5 0.0524 452 530 693 761 8 0.0522 504 600 735 841 11 0.0521 426 680 688 903 0 0.0517 754 3 1016 198 11 0.0514 569 539 817 770 0 0.0513 507 598 744 841 8 0.0512 450 401 692 613 8 0.0511 323 475 573 701 5 0.0510 427 665 684 907 7 0.0509 459 534 703 767 7 0.0507 311 535 578 767 11 0.0506 246 19 496 271 6 0.0506 509 601 746 842 11 0.0506 751 4 1015 193 8 0.0501 254 18 492 273 8 0.0500 574 537 806 776
VYag3uPgmtoSTsu6oQIRqgtKKbP2jpQw,11 0.0614 509 411 764 644 8 0.0610 370 460 624 703 0 0.0602 374 393 629 635 5 0.0602 369 392 628 630 11 0.0596 366 460 633 702 5 0.0595 488 278 761 511 5 0.0594 292 455 565 699 11 0.0592 494 285 767 508 8 0.0592 443 396 696 634 0 0.0586 370 260 628 492 11 0.0583 305 336 572 576 0 0.0580 508 409 761 652 7 0.0577 444 398 702 638 11 0.0576 520 527 782 771 5 0.0572 506 403 756 646 2 0.0567 442 406 704 635 3 0.0565 446 396 701 640 0 0.0564 580 648 816 882 5 0.0561 561 338 820 577 0 0.0558 375 526 653 776 13 0.0556 305 462 574 703 13 0.0553 444 401 708 633 0 0.0552 490 285 765 514 8 0.0551 493 282 763 511 5 0.0549 437 207 708 438 0 0.0549 524 527 784 776 6 0.0547 498 286 773 510 8 0.0546 510 466 762 707 6 0.0546 445 401 708 634 0 0.0543 296 456 568 703 11 0.0542 562 347 828 573 7 0.0539 516 468 773 708 0 0.0538 244 530 504 768 0 0.0537 561 346 827 579 8 0.0532 311 396 548 628 5 0.0531 519 519 780 767 5 0.0531 554 222 839 453 8 0.0530 452 535 705 772 3 0.0528 371 461 634 710 3 0.0525 497 284 766 520 11 0.0524 309 534 570 767 8 0.0524 445 210 708 441 8 0.0523 314 530 559 764 8 0.0522 565 341 820 577 5 0.0521 373 525 643 768 6 0.0518 572 405 833 644 2 0.0518 514 473 772 711 0 0.0517 443 215 712 444 7 0.0517 510 788 751 1016 11 0.0516 576 651 821 878 7 0.0516 309 399 560 633 9 0.0515 436 403 700 634 12 0.0513 376 395 627 635 5 0.0513 240 523 496 762 7 0.0511 372 461 635 705 10 0.0510 367 463 632 702 7 0.0509 455 534 717 774 3 0.0509 571 403 826 647 2 0.0508 317 536 574 768 13 0.0508 515 463 777 707 3 0.0508 517 466 766 713 7 0.0508 495 283 769 515 3 0.0506 315 532 571 771 10 0.0504 304 403 555 626 13 0.0504 385 531 658 776 11 0.0503 554 230 840 447 13 0.0503 314 339 577 582 8 0.0503 374 259 618 485 2 0.0502 371 468 630 705 10 0.0501 236 535 496 761
wgzBoVY3JqoRGz7JlOdWFVpfi5QQDJDo,5 0.0578 189 710 436 943 11 0.0576 334 674 705 852 0 0.0550 432 596 707 838 7 0.0548 437 593 712 832 7 0.0547 199 716 439 951 5 0.0540 431 594 702 834 0 0.0539 508 669 770 910 0 0.0532 196 712 440 954 11 0.0532 376 725 632 959 8 0.0522 339 675 692 852 11 0.0521 509 668 767 904 10 0.0521 404 673 770 856 0 0.0519 504 526 762 762 11 0.0518 195 718 442 944 13 0.0514 443 527 711 764 7 0.0514 452 724 716 968 11 0.0510 437 530 702 763 6 0.0510 446 663 706 907 13 0.0509 365 597 641 837 0 0.0505 372 665 633 907
EQAFwpEEhLm4Rvn73YgIOQ59lXIzHZPQ,11 0.0622 334 330 578 567 7 0.0590 388 394 641 632 8 0.0586 333 378 565 626 5 0.0582 325 322 568 564 0 0.0577 265 270 511 496 11 0.0571 389 273 638 499 10 0.0568 334 330 576 569 11 0.0565 388 395 638 631 8 0.0555 388 271 630 498 3 0.0552 388 391 635 636 0 0.0550 328 383 569 630 0 0.0546 384 274 633 501 6 0.0542 338 327 581 569 7 0.0538 337 329 578 573 10 0.0538 390 276 639 500 7 0.0537 271 264 510 496 5 0.0536 383 266 630 494 6 0.0532 389 395 644 632 5 0.0524 381 391 630 628 6 0.0522 652 460 871 698 6 0.0519 392 275 640 499 3 0.0519 339 323 574 574 2 0.0518 386 397 639 631 10 0.0515 386 397 640 631 7 0.0513 390 273 636 503 2 0.0512 336 335 573 570 0 0.0510 511 731 763 970 5 0.0510 261 260 500 489 2 0.0509 391 283 634 500 11 0.0503 518 676 779 903 8 0.0503 517 671 767 906 10 0.0501 271 275 507 493
Er3qq5MEyQ6nVfqoPFbSErHHoLG1bXsQ,7 0.0535 182 457 439 711 0 0.0530 179 460 430 714 0 0.0526 236 222 519 452 6 0.0512 180 460 437 708 8 0.0511 181 458 423 708
Snb0TudloDvRWYPgYCqXSFlWcRYaE8eA,11 0.0643 59 730 306 962 5 0.0641 507 645 768 890 0 0.0588 511 652 771 898 3 0.0574 517 649 769 900 0 0.0573 55 728 304 969 5 0.0568 505 519 763 756 7 0.0557 513 652 771 894 11 0.0556 574 531 832 766 6 0.0555 65 729 311 963 0 0.0555 0 361 253 579 11 0.0548 504 652 767 891 5 0.0544 561 796 807 1023 0 0.0538 506 519 765 765 11 0.0537 506 463 772 689 11 0.0537 0 357 260 571 8 0.0536 512 650 763 897 0 0.0531 449 583 705 840 5 0.0529 59 721 297 964 8 0.0525 59 725 298 966 0 0.0525 443 462 710 693 3 0.0521 513 521 766 768 7 0.0520 454 513 715 752 10 0.0520 511 653 767 887 7 0.0519 582 525 835 770 7 0.0519 571 801 818 1023 8 0.0516 6 354 249 575 13 0.0515 64 728 312 967 13 0.0515 456 585 709 838 8 0.0510 509 460 763 693 6 0.0510 513 525 770 759 0 0.0506 569 808 815 1023 7 0.0504 368 651 622 875 6 0.0500 516 652 772 891
6viuP8GNbNq0RgnkKE5D0lEIRrei4POS,11 0.0564 377 271 643 507 5 0.0559 221 342 573 536 8 0.0558 390 331 641 573 8 0.0537 589 294 827 539 8 0.0528 234 344 567 536 8 0.0524 294 282 630 472 0 0.0521 180 342 441 578 6 0.0517 250 394 501 642 0 0.0508 586 293 832 544 13 0.0506 389 330 651 578 10 0.0505 229 351 573 537 5 0.0505 241 389 494 637 7 0.0504 252 390 497 641 3 0.0502 594 294 834 546 11 0.0501 354 407 726 588
vdBfs1Xvkt0WwHKIBWvLLBrsu8MnEHFj,14 1.0 0 0 1 1
DkyukIQ8T4SUEICdkM0QI5t6NoVoATJz,11 0.0628 254 336 498 564 5 0.0607 250 328 495 565 0 0.0605 253 269 500 498 8 0.0604 260 336 493 566 6 0.0601 323 342 574 562 6 0.0598 244 395 494 635 8 0.0598 315 398 555 638 11 0.0587 510 578 756 809 11 0.0581 314 399 560 634 3 0.0580 325 341 571 568 0 0.0579 182 340 427 578 0 0.0572 322 340 570 567 0 0.0570 314 206 569 430 13 0.0569 318 402 567 641 6 0.0566 261 270 500 491 10 0.0565 319 342 573 562 3 0.0562 381 397 633 632 5 0.0560 373 394 628 625 11 0.0559 326 273 572 490 13 0.0556 261 335 505 568 7 0.0552 313 397 564 639 0 0.0551 513 580 758 814 8 0.0551 330 270 561 491 5 0.0548 319 264 567 489 6 0.0546 381 398 637 624 11 0.0546 254 202 498 417 10 0.0540 238 402 489 636 8 0.0534 185 271 416 511 0 0.0531 518 467 772 699 3 0.0531 516 576 759 820 5 0.0530 409 730 673 963 13 0.0528 516 576 765 811 11 0.0527 517 470 770 693 3 0.0527 242 399 491 646 6 0.0527 513 576 761 811 0 0.0526 381 666 628 903 0 0.0525 380 396 633 630 6 0.0522 301 795 565 1021 6 0.0522 322 205 572 425 13 0.0521 382 668 641 896 11 0.0521 182 277 423 508 6 0.0520 416 738 676 967 0 0.0519 196 197 428 434 5 0.0518 245 192 493 419 3 0.0517 523 469 774 700 0 0.0512 261 121 503 366 6 0.0511 522 466 774 694 5 0.0511 506 570 757 807 6 0.0511 202 196 433 431 3 0.0510 256 271 496 497 0 0.0509 107 417 376 660 7 0.0508 370 525 645 771 13 0.0508 328 270 578 492 8 0.0508 301 520 555 778 13 0.0508 299 533 575 777 5 0.0505 514 463 768 693 10 0.0505 374 672 628 897 8 0.0504 513 576 750 810 7 0.0500 521 463 775 696
dMSf7GHMl3H3SKZknLtvkkcpEK9qkY2Y,5 0.0591 395 64 648 312 8 0.0578 409 73 642 312 8 0.0574 556 586 832 813 8 0.0573 456 153 700 390 5 0.0562 337 281 686 471 11 0.0556 395 142 653 374 0 0.0554 406 70 652 315 5 0.0549 555 576 827 816 13 0.0548 516 461 776 709 3 0.0548 459 207 719 458 8 0.0547 512 461 762 708 5 0.0543 445 143 706 389 11 0.0538 561 525 830 761 5 0.0534 320 130 569 371 11 0.0532 320 6 561 246 11 0.0525 450 212 723 448 8 0.0523 347 285 684 472 8 0.0523 334 144 564 373 7 0.0522 458 207 723 456 5 0.0517 503 455 765 709 0 0.0516 511 460 770 712 11 0.0514 281 290 638 483 13 0.0514 557 585 844 814 6 0.0513 457 207 724 448 0 0.0511 330 140 570 377 6 0.0509 398 137 653 378 3 0.0508 407 137 649 388 0 0.0508 387 199 651 438 0 0.0507 555 583 838 821 6 0.0504 515 463 774 711 10 0.0503 400 143 651 383 8 0.0503 512 264 768 504 8 0.0503 322 3 550 246 0 0.0502 321 0 555 251
jRVFv93fBX4iSx334FuMJjWDBuY1jnck,8 0.0650 168 0 516 148 11 0.0615 154 0 531 145 11 0.0609 375 464 646 700 8 0.0608 309 527 559 760 8 0.0588 246 599 495 827 11 0.0581 301 528 566 758 7 0.0570 310 523 571 760 0 0.0562 301 588 569 830 7 0.0559 162 0 529 147 11 0.0558 239 600 508 825 0 0.0556 162 0 526 149 8 0.0554 382 463 636 705 5 0.0554 297 590 564 825 0 0.0552 384 526 636 772 7 0.0552 244 596 510 830 8 0.0550 184 510 435 740 11 0.0542 180 512 440 738 3 0.0540 173 0 525 151 11 0.0539 258 729 629 901 7 0.0539 309 669 566 906 7 0.0538 385 460 651 704 0 0.0534 242 522 501 749 13 0.0533 304 593 574 831 13 0.0530 316 458 578 692 6 0.0526 313 525 567 763 5 0.0524 307 452 574 689 0 0.0524 312 456 575 692 5 0.0519 161 0 522 145 2 0.0518 166 3 529 147 0 0.0517 183 588 450 830 13 0.0513 169 2 535 150 5 0.0512 379 527 632 766 10 0.0511 168 4 520 146 11 0.0510 755 423 1023 607 13 0.0508 758 422 1023 609 5 0.0505 752 416 1020 611 3 0.0504 317 458 572 695 0 0.0503 237 736 504 977
Kfx0PSoNv50tQ1XyxNssQSdrqWbnYf07,11 0.0615 255 149 507 380 8 0.0572 263 146 496 381 13 0.0570 265 145 513 383 7 0.0570 264 144 508 384 5 0.0560 186 150 434 382 6 0.0555 264 143 510 382 13 0.0551 254 287 515 526 0 0.0534 189 154 435 387 8 0.0532 250 284 495 527 8 0.0529 221 0 585 155 7 0.0525 250 282 510 522 11 0.0521 503 651 771 896 5 0.0517 244 280 506 521 6 0.0517 224 2 605 154 11 0.0516 367 596 634 825 7 0.0516 510 648 776 902 3 0.0508 265 144 505 389
WKURO0Ru5FAdxR4GBPnijGT7Fo1oTSWj,11 0.0631 381 797 630 1021 8 0.0599 386 794 623 1023 5 0.0592 249 669 505 903 5 0.0583 315 730 573 976 3 0.0581 387 797 632 1023 11 0.0564 383 677 645 912 5 0.0561 321 593 574 832 13 0.0559 387 796 632 1023 0 0.0554 382 796 631 1023 0 0.0554 252 672 509 911 11 0.0552 321 601 579 833 7 0.0547 384 795 636 1023 0 0.0543 383 674 640 918 13 0.0542 385 599 641 838 0 0.0542 328 263 585 506 8 0.0539 387 675 637 915 8 0.0538 255 670 506 905 0 0.0538 326 592 576 841 7 0.0535 329 598 581 838 5 0.0535 380 673 639 910 0 0.0533 312 128 576 372 11 0.0531 454 524 723 760 8 0.0530 258 791 499 1023 3 0.0528 439 675 710 916 6 0.0519 331 669 591 913 11 0.0513 304 131 582 367 6 0.0513 441 673 715 907 6 0.0511 385 795 633 1023 7 0.0508 258 674 513 905 7 0.0507 256 793 510 1023 5 0.0506 377 520 633 761 7 0.0505 316 131 581 367 0 0.0504 457 522 722 764
6Fw2axQM7nHt4L7JS3wGlvEKpuGJvrfo,8 0.0651 308 599 554 831 11 0.0647 310 664 568 902 11 0.0645 367 604 628 836 5 0.0632 244 664 503 901 8 0.0632 255 664 501 902 0 0.0619 312 662 565 907 7 0.0614 255 664 507 902 7 0.0605 374 601 635 837 10 0.0594 250 667 505 901 3 0.0587 254 662 506 904 5 0.0572 298 599 556 828 6 0.0559 254 665 509 901 3 0.0556 308 599 561 835 13 0.0553 371 604 635 838 7 0.0551 583 786 828 1018 13 0.0545 255 665 511 905 10 0.0534 371 605 628 838 11 0.0532 580 790 821 1014 6 0.0530 308 601 564 831 0 0.0520 576 791 825 1021 5 0.0515 572 790 814 1016 1 0.0507 249 659 504 903 12 0.0506 254 665 505 904 9 0.0504 248 665 505 900 2 0.0501 304 605 562 834
XuDeoPRXw17t7aNze9vV64XNbUhhygmV,6 0.0641 190 473 441 712 5 0.0634 184 468 438 712 8 0.0619 187 475 435 715 0 0.0607 522 469 770 724 11 0.0607 113 592 378 829 7 0.0606 451 589 694 827 5 0.0606 113 586 373 836 11 0.0600 185 476 438 712 10 0.0588 114 596 380 835 3 0.0587 191 475 440 720 6 0.0585 272 417 520 649 8 0.0585 115 594 369 839 11 0.0581 310 259 564 500 5 0.0575 264 407 515 646 7 0.0565 186 598 447 849 13 0.0564 274 415 521 652 0 0.0561 316 256 556 510 6 0.0560 118 594 379 838 0 0.0557 322 525 564 781 7 0.0556 327 586 575 835 0 0.0554 183 601 444 845 13 0.0553 192 471 444 714 10 0.0553 253 595 512 840 8 0.0553 574 449 822 697 13 0.0552 318 328 569 574 11 0.0550 245 656 503 898 0 0.0549 193 471 438 717 3 0.0545 120 594 380 839 10 0.0544 264 420 520 647 0 0.0543 393 469 638 726 7 0.0542 575 449 835 699 13 0.0541 530 469 783 718 7 0.0539 261 343 509 578 11 0.0538 263 417 513 651 7 0.0536 319 257 563 503 0 0.0536 445 589 690 830 7 0.0536 193 421 456 656 13 0.0530 185 598 453 845 10 0.0530 186 477 444 711 3 0.0530 269 418 514 657 0 0.0530 271 414 514 657 11 0.0528 522 471 775 718 12 0.0526 185 598 447 847 11 0.0525 325 591 571 832 9 0.0522 114 590 385 831 6 0.0522 529 472 782 721 8 0.0520 313 327 552 575 10 0.0518 316 530 573 775 7 0.0517 256 521 509 772 11 0.0515 439 590 691 825 12 0.0513 192 470 440 715 0 0.0512 385 328 627 575 5 0.0510 309 317 561 569 11 0.0510 307 731 562 959 8 0.0510 331 463 566 711 13 0.0509 456 592 698 827 7 0.0504 333 463 578 711 11 0.0501 200 2 587 144 5 0.0501 444 581 686 821
LMfgcPacBDI4aSOp2Slr6G7bos6uW67p,8 0.0673 566 275 822 524 0 0.0659 561 337 824 594 5 0.0657 564 335 821 593 8 0.0653 567 407 824 654 5 0.0643 437 140 694 390 8 0.0635 442 92 694 326 8 0.0634 559 147 820 383 5 0.0633 558 207 825 463 3 0.0633 570 340 825 594 8 0.0630 498 333 751 578 7 0.0629 544 198 721 574 11 0.0626 441 144 697 388 11 0.0625 567 340 825 591 7 0.0619 507 151 764 397 11 0.0614 181 149 436 397 11 0.0610 563 212 826 463 7 0.0609 569 338 825 592 5 0.0608 306 193 567 443 0 0.0606 557 144 821 386 6 0.0605 544 195 721 571 0 0.0605 392 293 749 473 0 0.0604 442 93 699 330 3 0.0603 445 92 701 332 11 0.0602 440 270 699 517 2 0.0601 567 344 823 592 0 0.0600 175 268 429 509 2 0.0599 543 202 717 570 6 0.0598 570 404 833 654 0 0.0597 183 142 433 398 5 0.0595 424 27 699 248 2 0.0595 504 155 761 394 3 0.0595 567 211 826 465 7 0.0593 413 355 762 540 11 0.0587 172 269 427 509 9 0.0587 541 195 720 561 3 0.0585 506 150 759 400 10 0.0584 503 94 756 317 6 0.0584 505 150 762 395 13 0.0584 390 82 648 321 5 0.0583 241 264 501 512 11 0.0583 387 85 642 317 8 0.0582 398 292 745 472 5 0.0582 496 91 753 313 11 0.0580 313 138 568 384 5 0.0579 269 350 641 544 13 0.0577 544 197 721 573 6 0.0576 445 94 699 328 13 0.0575 571 406 834 657 0 0.0575 314 135 568 390 8 0.0575 182 143 425 401 2 0.0574 405 359 767 537 7 0.0572 446 94 707 329 13 0.0571 314 133 575 393 3 0.0570 410 355 766 542 6 0.0569 410 356 769 539 8 0.0565 175 266 419 510 10 0.0564 439 147 697 392 2 0.0562 313 141 565 388 6 0.0562 316 134 571 388 10 0.0561 541 200 718 570 11 0.0560 272 293 636 478 0 0.0560 277 356 645 545 10 0.0560 311 140 569 389 10 0.0558 557 149 823 381 9 0.0556 394 294 750 468 13 0.0554 504 91 764 317 3 0.0552 248 144 502 404
SfDAWqSgjoyE0ymzIs2wROQ41UFmuNHJ,11 0.0612 308 391 574 625 8 0.0585 246 383 502 629 7 0.0579 242 385 511 629 13 0.0577 243 389 522 634 0 0.0574 619 410 873 638 5 0.0572 321 330 575 569 5 0.0567 232 383 512 626 0 0.0559 165 340 441 580 13 0.0545 327 333 588 577 6 0.0536 333 333 583 573 0 0.0530 244 261 519 503 7 0.0529 328 332 577 572 3 0.0527 312 392 570 634 11 0.0525 221 30 584 218 6 0.0515 248 386 518 627 13 0.0508 326 450 587 694 11 0.0506 225 345 585 524 11 0.0505 619 411 882 633 5 0.0501 244 259 516 494
eal8udTYImuvkL4kaN9kkwp3qN6u5SLZ,11 0.0565 145 672 506 852 11 0.0563 300 681 570 902 11 0.0557 364 617 638 838 0 0.0547 147 671 508 853 0 0.0537 371 615 636 843 7 0.0536 154 669 511 854 8 0.0533 150 670 504 852 8 0.0533 311 677 564 908 5 0.0529 142 666 496 848 11 0.0525 300 535 563 763 0 0.0521 309 679 572 909 8 0.0521 371 614 627 841 3 0.0508 153 673 503 857 13 0.0504 314 680 576 910 6 0.0501 147 669 511 852
5XNDgJAnasJYfH9DNlOIoMFQLfOZzzcV,5 0.0707 510 71 770 312 0 0.0660 583 139 830 374 5 0.0653 502 197 757 446 3 0.0649 520 14 770 258 8 0.0646 516 15 765 251 5 0.0646 579 137 830 373 3 0.0643 511 145 766 393 6 0.0642 510 145 765 385 8 0.0640 354 415 714 601 11 0.0630 577 71 837 303 3 0.0627 510 265 764 515 8 0.0627 587 139 827 374 0 0.0624 514 76 770 313 13 0.0622 510 147 766 386 5 0.0620 566 269 827 506 0 0.0618 507 268 762 508 8 0.0617 437 70 692 313 3 0.0616 446 71 697 317 11 0.0616 504 269 763 508 5 0.0613 564 0 828 235 11 0.0612 574 208 838 433 7 0.0610 508 201 764 451 8 0.0608 505 199 759 449 11 0.0606 504 147 763 382 6 0.0602 582 206 837 438 7 0.0601 443 70 697 314 11 0.0601 271 353 649 534 2 0.0599 517 78 771 311 5 0.0599 269 348 640 537 7 0.0598 519 12 773 251 6 0.0597 508 266 766 509 8 0.0597 280 352 640 537 10 0.0597 508 147 763 388 13 0.0596 508 267 767 512 3 0.0595 578 207 837 446 11 0.0588 515 13 769 249 7 0.0588 456 327 704 571 5 0.0588 445 322 696 568 0 0.0587 447 327 700 570 3 0.0585 581 71 840 315 6 0.0583 583 71 844 303 0 0.0582 369 0 635 197 8 0.0579 344 1 692 161 10 0.0578 372 3 628 198 13 0.0578 445 72 703 311 10 0.0578 441 76 695 314 13 0.0573 584 207 841 442 8 0.0573 572 271 826 509 11 0.0571 440 72 696 311 13 0.0569 378 2 635 197 0 0.0568 185 262 442 510 10 0.0564 379 334 634 576 0 0.0563 271 352 644 539 6 0.0562 444 72 699 312 2 0.0562 508 271 759 510 3 0.0561 281 353 650 542 10 0.0557 516 17 770 250 13 0.0554 283 353 655 539 6 0.0554 520 13 774 249 9 0.0554 507 146 765 384 9 0.0553 503 267 761 505 13 0.0552 518 13 776 254 13 0.0550 382 405 640 652 10 0.0550 507 269 762 509 12 0.0548 510 144 765 385 0 0.0548 570 4 831 235 13 0.0545 583 72 846 308 3 0.0544 348 0 699 165 11 0.0544 369 4 630 196 5 0.0543 120 268 386 511 3 0.0542 382 404 640 655 11 0.0542 186 266 448 505 12 0.0541 452 326 704 569 7 0.0539 374 0 631 197 4 0.0539 506 207 765 448 9 0.0538 515 15 773 246 9 0.0534 441 71 700 307 6 0.0530 279 412 653 597 1 0.0530 442 322 702 569 5 0.0528 333 0 697 160 13 0.0527 269 77 516 316 6 0.0526 378 1 639 196
LHfsr1kc63AiiuYVFurRuIgqOdGe3zUE,0 0.0534 494 539 754 785 11 0.0521 503 148 763 388 8 0.0514 496 542 744 781 11 0.0513 492 543 757 779
RTafeXtM8Ihc6Xhrq4NsyLfcdj3W5Im5,13 0.0615 774 393 1023 642 0 0.0596 769 333 1023 574 0 0.0587 648 316 892 562 11 0.0585 561 325 823 565 0 0.0581 703 393 957 642 5 0.0577 560 321 816 564 8 0.0573 562 326 819 565 6 0.0572 776 388 1023 635 11 0.0570 241 658 506 890 5 0.0569 631 392 883 630 5 0.0567 168 658 427 883 2 0.0561 773 394 1023 636 11 0.0556 503 268 752 509 8 0.0556 633 392 879 630 11 0.0555 770 394 1023 634 3 0.0553 773 389 1021 642 7 0.0553 775 329 1023 571 7 0.0551 706 395 961 639 8 0.0546 365 345 616 572 5 0.0546 765 391 1021 638 10 0.0545 431 282 692 522 6 0.0539 652 313 892 555 10 0.0535 559 328 827 564 8 0.0535 503 262 745 504 8 0.0534 772 390 1017 634 5 0.0532 706 315 954 565 13 0.0531 509 267 762 511 13 0.0528 701 459 951 715 8 0.0527 244 656 493 890 3 0.0527 654 319 893 562 12 0.0524 775 392 1023 639 0 0.0523 502 266 753 509 7 0.0522 565 328 825 567 7 0.0521 508 266 758 509 11 0.0519 633 395 889 629 11 0.0519 365 534 645 772 8 0.0514 557 466 808 702 7 0.0513 299 797 571 1023 7 0.0511 376 531 651 771 8 0.0511 713 315 948 559 7 0.0511 371 348 630 573 13 0.0507 635 397 894 632 5 0.0506 552 466 815 700 10 0.0506 770 399 1022 635 8 0.0505 370 536 633 771 13 0.0505 432 533 708 769 0 0.0505 558 399 828 638 11 0.0503 363 286 625 517
zXDTQyp2UZezxjvtpYW7GhaIX1vMOrg5,0 0.0564 759 334 1016 577 11 0.0534 760 337 1013 574 6 0.0514 763 335 1020 574
xD6vXs6qXA74Pw7jiwp9qTwerwn3GVCO,8 0.0623 506 332 754 574 8 0.0611 562 397 810 641 6 0.0609 625 388 873 629 0 0.0596 503 404 762 651 11 0.0583 505 335 756 574 6 0.0583 508 335 761 573 3 0.0576 564 402 815 648 11 0.0572 559 401 818 643 8 0.0564 631 325 866 571 8 0.0563 572 535 815 778 13 0.0561 504 333 765 577 5 0.0561 499 333 754 573 5 0.0557 280 278 657 473 0 0.0556 571 471 823 725 5 0.0551 555 397 813 643 0 0.0547 618 390 870 634 2 0.0546 508 340 760 574 3 0.0546 509 333 756 579 11 0.0540 446 276 694 505 8 0.0536 450 273 686 505 7 0.0535 508 333 758 577 10 0.0531 505 413 757 650 3 0.0528 632 325 872 577 5 0.0526 622 322 872 572 11 0.0522 625 328 876 569 0 0.0521 444 276 695 509 13 0.0519 631 323 885 575 11 0.0519 436 409 703 649 5 0.0516 564 533 824 785 3 0.0514 2 14 235 268 6 0.0512 570 470 828 718 0 0.0511 384 206 653 441 10 0.0510 437 342 697 572 2 0.0508 562 407 819 643 12 0.0507 509 337 760 577 7 0.0506 448 276 696 508 7 0.0505 562 398 818 645 7 0.0502 503 541 755 781
aNS7X4trMfQaEjj8kLcu6ALy5kjmVAyY,11 0.0668 316 466 573 698 0 0.0652 245 274 503 495 7 0.0634 320 466 574 702 0 0.0620 0 415 378 601 3 0.0615 321 467 573 704 11 0.0610 249 279 508 490 8 0.0607 249 273 500 493 13 0.0606 8 418 394 601 8 0.0602 320 467 568 701 7 0.0597 8 417 385 601 5 0.0594 317 460 570 699 6 0.0590 320 468 580 698 11 0.0589 0 420 393 599 8 0.0586 1 415 372 601 0 0.0581 319 465 575 702 2 0.0580 0 420 376 600 5 0.0577 0 482 328 660 6 0.0561 4 482 336 663 7 0.0556 254 273 508 491 2 0.0548 250 281 506 491 5 0.0544 243 269 503 488 3 0.0544 251 277 508 494 1 0.0544 316 460 570 700 10 0.0541 249 283 510 491 6 0.0538 254 275 512 489 0 0.0530 184 195 435 446 10 0.0526 0 422 377 599 13 0.0526 312 534 563 762 10 0.0525 319 473 574 698 3 0.0524 2 418 376 605 13 0.0520 255 277 514 494 12 0.0504 322 467 575 702 2 0.0501 323 474 573 704
P4JJlkomXHu64ftDefJGpCNihxgjB1s1,8 0.0644 0 458 231 697 11 0.0632 0 463 238 698 0 0.0623 0 459 237 702 13 0.0600 2 457 243 696 8 0.0590 4 27 238 249 7 0.0589 3 459 239 697 6 0.0559 1 461 242 695 5 0.0557 0 31 241 249 0 0.0555 8 1 255 207 5 0.0552 0 278 258 515 0 0.0549 0 340 256 582 3 0.0546 2 287 260 524 6 0.0545 3 344 262 572 2 0.0545 3 466 241 699 5 0.0545 0 454 232 698 11 0.0539 0 342 257 575 3 0.0537 5 461 241 703 8 0.0535 0 335 248 579 2 0.0521 1 346 261 580 5 0.0520 74 351 312 587 10 0.0508 2 343 259 576 13 0.0507 1 340 268 577 7 0.0507 0 31 250 255 10 0.0502 0 34 249 250 6 0.0502 58 223 317 453 0 0.0500 115 3 377 205
fpLOmTNJK4TV80dofRDq41A5ribkjn9K,11 0.0617 239 287 507 514 8 0.0587 117 278 374 504 0 0.0573 443 349 690 575 6 0.0561 116 277 390 507 11 0.0561 210 411 562 595 0 0.0560 193 81 446 311 11 0.0551 444 348 690 568 0 0.0550 184 203 438 436 8 0.0550 246 281 498 515 11 0.0547 113 280 378 502 8 0.0543 314 342 562 567 8 0.0541 445 346 683 571 8 0.0540 189 351 424 579 7 0.0538 192 271 439 508 5 0.0537 183 270 431 507 0 0.0536 509 400 751 635 0 0.0535 110 278 379 508 10 0.0533 189 284 433 511 7 0.0531 125 202 393 422 7 0.0531 372 797 636 1023 8 0.0530 114 398 365 634 11 0.0528 182 208 434 431 13 0.0527 248 213 517 446 0 0.0523 289 412 627 604 10 0.0523 245 220 506 444 5 0.0521 375 276 643 522 0 0.0521 247 343 500 578 0 0.0517 320 278 577 522 0 0.0515 265 19 524 257 6 0.0514 189 353 436 582 5 0.0514 360 794 631 1018 5 0.0513 237 206 505 441 13 0.0513 248 347 506 582 13 0.0512 323 280 583 521 11 0.0512 368 801 635 1016 13 0.0511 125 153 398 383 6 0.0511 372 732 633 961 8 0.0509 369 796 625 1022 7 0.0508 250 345 504 575 10 0.0503 121 213 381 428 11 0.0502 112 403 374 627 5 0.0501 114 147 383 379
wYAcZBTsugKKQtPuLmpTpPbI5KOCXM22,7 0.0657 255 654 502 888 8 0.0646 385 648 625 888 0 0.0635 447 658 694 895 11 0.0634 385 650 631 886 7 0.0633 320 588 564 829 7 0.0625 391 647 634 888 5 0.0617 306 645 558 880 0 0.0613 311 646 563 886 8 0.0603 251 657 492 888 0 0.0596 381 589 630 826 10 0.0583 308 651 562 881 5 0.0576 446 652 691 889 3 0.0568 451 656 696 895 6 0.0558 451 657 698 888 5 0.0551 377 586 624 820 11 0.0547 314 591 559 825 2 0.0545 452 662 695 890 13 0.0543 389 650 637 886 11 0.0542 249 658 502 887 2 0.0539 313 652 562 886 7 0.0534 383 527 634 755 10 0.0533 450 660 695 889 3 0.0531 312 648 564 889 10 0.0531 380 595 630 821 8 0.0526 315 590 552 824 6 0.0525 310 648 565 884 5 0.0522 770 11 1019 258 6 0.0520 383 593 631 821 11 0.0513 380 527 631 753 0 0.0507 316 531 561 769 0 0.0505 767 18 1018 261 8 0.0503 769 17 1012 257 2 0.0502 386 598 630 825 1 0.0500 381 640 629 891
POVtxRtwc1xZC4yraqoJbN5SsNmrsI4a,5 0.0630 300 263 556 501 3 0.0622 307 335 564 565 7 0.0619 309 329 566 562 11 0.0613 369 338 628 564 5 0.0610 192 408 565 598 0 0.0610 304 330 565 563 0 0.0607 311 192 565 438 8 0.0605 305 335 557 562 0 0.0602 371 398 635 645 11 0.0596 435 406 697 640 8 0.0595 371 399 629 641 5 0.0588 368 329 625 566 3 0.0584 314 197 567 440 11 0.0583 363 467 648 707 3 0.0579 375 400 636 646 8 0.0579 441 335 687 572 11 0.0578 311 196 569 433 8 0.0566 312 198 558 433 10 0.0563 307 336 567 560 10 0.0563 372 403 638 643 5 0.0561 434 394 691 644 7 0.0558 313 191 569 439 13 0.0558 313 195 574 434 7 0.0558 377 400 637 641 11 0.0558 247 335 500 568 6 0.0554 253 332 503 572 7 0.0553 445 336 697 573 0 0.0550 441 339 695 574 7 0.0549 193 335 437 579 0 0.0546 185 334 442 581 6 0.0544 313 197 572 434 13 0.0536 204 411 579 600 10 0.0533 313 198 567 431 2 0.0531 308 337 560 561 6 0.0529 374 399 639 644 13 0.0526 369 465 652 712 8 0.0522 189 338 429 580 2 0.0520 315 200 561 435 3 0.0516 445 340 691 576 9 0.0509 369 336 628 560 10 0.0507 441 342 697 573 10 0.0506 181 403 438 642 2 0.0502 374 405 632 639
EJ5tvfJkF1aq3e0kZNidjaiCARTtPVnJ,7 0.0585 383 130 643 389 8 0.0583 433 151 684 394 5 0.0572 372 123 633 382 11 0.0572 252 400 505 651 3 0.0571 441 147 691 401 13 0.0569 381 133 643 385 3 0.0565 328 133 580 398 13 0.0558 316 200 588 450 8 0.0555 255 397 492 652 5 0.0551 487 223 753 445 11 0.0551 373 132 638 385 0 0.0541 553 227 823 440 5 0.0538 377 274 652 507 8 0.0536 317 344 573 584 11 0.0535 309 349 584 582 11 0.0530 235 132 502 376 6 0.0530 439 150 698 389 13 0.0529 445 228 693 458 7 0.0529 257 398 505 649 3 0.0529 255 401 501 661 0 0.0528 442 223 690 459 7 0.0527 240 193 506 442 13 0.0527 259 343 516 588 7 0.0526 394 276 664 514 8 0.0523 235 197 496 439 6 0.0521 242 197 511 439 8 0.0520 318 137 570 390 3 0.0519 323 348 584 587 5 0.0516 229 122 498 374 11 0.0516 309 205 581 450 5 0.0516 249 391 500 650 8 0.0513 496 226 744 440 11 0.0513 431 805 702 1020 6 0.0511 502 228 759 440 7 0.0510 191 285 443 522 11 0.0510 439 227 693 457 11 0.0510 317 51 580 289 6 0.0510 259 400 507 652 8 0.0509 329 462 576 706 6 0.0507 318 348 588 585 10 0.0507 436 155 698 396 13 0.0507 506 164 770 392 13 0.0507 239 129 509 379 5 0.0507 306 342 578 579 5 0.0501 167 205 429 451
yuFpLuQeSUGJsdyUWs0FLOu6j6WoJ1ES,11 0.0557 392 478 631 694 0 0.0540 510 351 759 578 8 0.0528 393 476 626 696 5 0.0522 466 465 708 704 7 0.0521 479 470 714 704 11 0.0520 457 614 708 837 0 0.0520 471 473 708 710 5 0.0514 365 197 627 415 5 0.0511 511 347 751 576 11 0.0505 752 539 1013 758
dEzdg8QBDizKx77fGtI5qjqXWkbyrbf3,8 0.0607 67 794 307 1022 7 0.0583 69 795 318 1023 11 0.0569 765 12 1017 255 0 0.0568 66 803 313 1023 11 0.0562 61 799 313 1022 5 0.0555 765 6 1018 252 0 0.0549 764 14 1017 258 8 0.0545 767 12 1011 253 0 0.0541 0 3 274 205 5 0.0534 59 798 306 1017 13 0.0533 122 792 376 1022 0 0.0520 0 663 254 889 5 0.0519 0 659 247 886 10 0.0517 764 15 1018 255 11 0.0512 0 3 276 194 7 0.0509 9 660 257 889 8 0.0506 4 99 263 299 13 0.0506 772 13 1023 257 8 0.0505 3 661 244 883 6 0.0504 771 14 1021 254 11 0.0503 309 666 570 890 2 0.0501 767 16 1023 255 11 0.0500 0 664 255 885
yki4qgKK7WZoFQB6kAUB9RXXtmHHKBUB,11 0.0570 627 399 880 640 11 0.0568 560 322 826 565 0 0.0564 633 398 879 646 6 0.0562 569 323 833 564 0 0.0560 431 802 683 1023 5 0.0551 555 317 826 560 8 0.0550 470 400 820 602 11 0.0547 184 518 453 750 10 0.0544 630 403 876 642 11 0.0542 569 472 829 710 11 0.0537 330 353 692 540 7 0.0536 435 797 687 1023 7 0.0530 448 319 696 566 13 0.0527 473 404 835 602 5 0.0520 421 793 674 1020 0 0.0519 561 324 828 565 5 0.0518 626 391 879 643 11 0.0517 370 532 719 724 0 0.0516 442 267 691 498 7 0.0515 563 319 834 566 0 0.0515 573 466 827 710 6 0.0513 447 326 698 566 8 0.0508 443 321 688 567 8 0.0507 1 615 370 802 0 0.0506 258 595 530 832
wnPqn6DXRjNiEcjx5C7M6PeaV2P0ZXYr,5 0.0656 369 797 626 1016 7 0.0600 379 798 633 1022 11 0.0553 374 801 631 1018 8 0.0545 377 799 619 1021 0 0.0542 378 738 644 979 0 0.0540 558 521 830 761 5 0.0536 447 715 694 951 5 0.0533 549 510 823 756 3 0.0531 378 803 632 1023 8 0.0526 440 404 695 644 13 0.0526 381 801 633 1022 11 0.0526 436 406 703 644 13 0.0522 441 405 708 645 6 0.0519 380 803 634 1019 0 0.0513 241 733 509 974 8 0.0510 456 714 689 956 5 0.0508 225 808 502 1018 13 0.0507 232 816 508 1023 0 0.0505 437 402 704 647 5 0.0504 390 0 749 140 8 0.0504 557 519 819 758 8 0.0503 230 808 491 1023
ImWtLhLQkrpugET4DkyPpbQq4vqJOi84,0 0.0646 315 574 568 812 0 0.0623 387 660 634 906 5 0.0611 308 575 569 805 5 0.0598 200 406 568 598 0 0.0597 311 462 575 709 11 0.0582 382 662 638 896 11 0.0580 316 407 587 640 11 0.0568 502 790 735 1021 7 0.0557 436 405 702 630 7 0.0554 318 574 570 810 8 0.0551 244 461 495 706 5 0.0550 236 457 504 708 8 0.0549 317 638 563 880 13 0.0549 322 407 587 645 5 0.0547 497 780 732 1020 7 0.0547 317 462 577 705 8 0.0546 243 785 487 1006 0 0.0546 241 779 497 1013 7 0.0546 504 785 741 1023 0 0.0542 501 785 738 1021 10 0.0539 308 467 569 705 0 0.0538 221 515 495 759 0 0.0537 383 400 653 641 7 0.0537 247 786 497 1011 11 0.0534 374 529 630 769 11 0.0533 238 464 506 705 5 0.0530 425 400 694 629 3 0.0527 433 402 694 639 11 0.0526 240 789 497 1006 10 0.0525 371 534 625 775 8 0.0525 217 409 553 597 6 0.0525 505 790 740 1022 8 0.0524 386 402 642 639 8 0.0522 180 195 424 435 5 0.0520 170 196 430 432 5 0.0519 237 777 492 1006 8 0.0519 502 785 729 1023 13 0.0519 305 509 567 753 11 0.0513 431 405 701 626 2 0.0513 389 672 638 908 13 0.0513 322 641 576 878 7 0.0512 391 662 638 910 6 0.0511 389 664 644 900 5 0.0509 123 117 383 355 0 0.0507 179 199 431 437 3 0.0504 506 788 739 1023 6 0.0503 243 786 498 1007 8 0.0502 233 576 483 818 11 0.0502 185 146 451 368
asIbuFesl1OifnseLbVacqDgAuIeZnCc,11 0.0583 179 784 425 1018 11 0.0568 565 797 816 1017 11 0.0567 351 682 618 900 7 0.0562 306 684 570 914 13 0.0551 761 0 1023 199 7 0.0548 185 781 429 1021 5 0.0547 348 673 612 902 8 0.0540 185 782 416 1019 7 0.0536 576 740 839 974 11 0.0534 758 1 1023 191 5 0.0530 753 0 1014 195 0 0.0528 567 745 837 978 3 0.0526 360 679 616 907 0 0.0525 183 780 426 1019 5 0.0524 181 777 422 1015 8 0.0518 352 679 607 901 10 0.0512 756 3 1021 197 5 0.0510 427 735 684 956 8 0.0509 763 0 1011 195 8 0.0506 566 795 809 1023 8 0.0505 2 92 240 318 13 0.0505 643 1 911 207 0 0.0503 300 682 565 916
lfIaPWTMwpj4KmvZIn1KqHVKJDGnAojM,11 0.0536 634 24 883 250 5 0.0532 689 16 942 247 11 0.0530 368 523 623 751 0 0.0527 699 22 944 251 3 0.0524 638 24 884 258 13 0.0523 639 18 890 255 11 0.0523 453 11 700 241 8 0.0522 635 18 870 253 5 0.0521 125 0 381 200 8 0.0521 287 448 547 690 7 0.0516 638 19 885 255 8 0.0514 376 588 604 815 7 0.0511 451 449 694 704 11 0.0507 61 25 311 251 11 0.0506 286 396 558 628 8 0.0504 518 5 749 246 11 0.0501 503 394 756 637
drSs0hxajhWSBp1OvlMwyjGKveMmadSJ,5 0.0597 244 331 509 566 8 0.0582 184 337 442 585 8 0.0578 121 401 371 644 8 0.0577 500 393 745 639 8 0.0573 515 524 761 768 7 0.0557 132 456 385 697 7 0.0556 189 333 455 588 5 0.0554 504 394 748 639 6 0.0547 255 337 513 569 7 0.0546 523 521 774 771 3 0.0546 250 333 510 575 11 0.0543 516 526 773 763 5 0.0543 118 394 380 646 6 0.0542 513 587 770 836 0 0.0540 452 458 695 704 11 0.0540 448 590 695 830 11 0.0533 575 581 833 834 11 0.0531 269 586 510 822 5 0.0530 386 393 627 632 13 0.0528 256 333 517 571 6 0.0528 452 521 702 769 11 0.0526 394 514 638 756 11 0.0525 244 337 511 567 0 0.0524 252 337 512 570 5 0.0522 515 519 766 767 13 0.0520 129 460 388 697 8 0.0517 448 587 688 836 0 0.0515 514 525 772 767 7 0.0512 450 587 700 834 0 0.0512 125 335 399 583 5 0.0512 262 581 507 821 11 0.0510 499 280 759 505 8 0.0510 390 397 624 631 11 0.0507 312 726 560 952 0 0.0505 571 583 834 839 8 0.0505 576 587 825 838 7 0.0505 459 454 701 702 3 0.0505 451 523 699 777 8 0.0503 333 586 571 830 0 0.0503 386 398 633 633 5 0.0501 386 511 634 762 6 0.0500 274 585 519 827
4STTlOrhXxFJE9kpKLX1w3IYnwC7Oph4,11 0.0613 630 616 891 853 8 0.0590 0 540 378 726 11 0.0587 0 541 397 725 5 0.0582 628 612 886 858 8 0.0567 635 618 878 856 0 0.0562 636 617 887 857 3 0.0544 637 618 886 861 5 0.0534 1 536 383 725 5 0.0534 299 343 569 579 7 0.0528 637 613 896 857 2 0.0520 637 621 890 858 13 0.0519 7 539 402 728 10 0.0518 630 619 888 858 6 0.0518 637 616 890 858 9 0.0514 632 620 892 853 10 0.0509 3 545 393 724
bV3kwK7fFTUmcg1Ft35WrbehM9qLraGj,5 0.0654 328 460 574 711 11 0.0576 329 402 583 644 6 0.0574 334 407 590 646 7 0.0574 333 402 589 649 0 0.0567 333 403 581 649 5 0.0563 389 395 632 629 8 0.0561 326 401 576 649 0 0.0545 188 295 469 520 13 0.0545 335 464 585 718 3 0.0534 332 403 584 655 0 0.0527 762 14 1005 264 0 0.0525 395 470 630 709 2 0.0523 330 411 589 646 5 0.0522 325 333 584 566 8 0.0513 393 469 625 706 8 0.0512 381 598 618 828 5 0.0510 180 290 456 514 0 0.0503 381 597 622 834
dPjGPHKh9zkIW1fpAZXEakAlS5irEyuc,10 0.0574 372 729 633 952 7 0.0547 378 723 642 961 11 0.0539 369 728 636 958 5 0.0520 364 722 628 958 11 0.0503 271 346 643 524
QepZv7OjXRlpbQ3Bnn4hJ10DbHCrzXRj,11 0.0644 270 871 635 1021 0 0.0623 269 871 637 1023 8 0.0622 271 871 627 1023 11 0.0618 379 741 627 967 0 0.0617 378 739 625 976 13 0.0603 273 873 646 1023 11 0.0592 318 678 576 903 7 0.0592 253 716 506 952 8 0.0584 249 774 494 1015 10 0.0583 271 872 634 1023 5 0.0577 206 800 561 980 10 0.0574 245 780 501 1013 0 0.0574 4 0 257 217 5 0.0574 263 869 628 1021 6 0.0572 277 875 640 1023 7 0.0568 382 736 629 974 5 0.0562 375 738 616 971 7 0.0560 273 870 638 1023 11 0.0556 11 3 260 209 5 0.0547 315 674 569 906 8 0.0542 380 740 619 973 6 0.0537 322 673 578 909 6 0.0535 251 778 503 1018 6 0.0534 382 741 628 972 10 0.0534 379 743 624 968 3 0.0533 382 742 620 978 8 0.0529 322 676 569 911 3 0.0529 324 676 572 915 3 0.0528 276 872 632 1023 9 0.0528 245 776 499 1013 8 0.0524 132 679 474 864 11 0.0523 208 804 573 978 11 0.0520 572 279 827 497 2 0.0520 275 874 630 1022 6 0.0519 11 4 263 213 1 0.0514 265 868 633 1023 5 0.0514 127 675 475 863 13 0.0513 321 675 581 912 10 0.0512 250 666 503 891 8 0.0508 8 0 251 214
VIdKSl9OwPyN7g7QHJjYjCHB6l6DQTJ8,0 0.0635 236 0 497 190 8 0.0604 237 0 490 189 7 0.0590 206 329 459 572 8 0.0582 208 334 444 574 8 0.0578 373 398 635 636 6 0.0571 580 390 830 630 5 0.0570 185 381 444 638 5 0.0566 254 67 510 317 6 0.0565 240 1 502 190 8 0.0565 308 457 560 699 11 0.0551 172 0 437 201 0 0.0550 261 65 514 319 11 0.0549 189 387 445 639 0 0.0543 571 388 823 627 5 0.0541 0 354 257 595 11 0.0541 112 278 395 511 5 0.0537 190 259 456 499 0 0.0535 274 323 518 571 7 0.0533 115 270 402 510 11 0.0531 308 463 571 700 11 0.0531 622 336 884 575 11 0.0530 269 326 512 570 6 0.0529 123 276 400 512 5 0.0529 259 318 514 566 8 0.0529 390 145 636 368 10 0.0529 178 6 434 197 5 0.0528 562 379 821 625 0 0.0528 0 360 267 597 5 0.0528 117 203 389 436 13 0.0526 136 135 408 385 8 0.0525 117 270 386 516 13 0.0524 180 0 444 205 6 0.0522 276 326 522 568 8 0.0519 202 125 447 370 5 0.0519 128 19 392 265 7 0.0519 238 0 500 192 3 0.0518 272 326 515 578 0 0.0517 118 275 398 514 5 0.0517 231 0 496 190 0 0.0517 323 390 575 644 0 0.0516 135 22 391 269 13 0.0516 266 17 529 259 13 0.0514 580 395 836 631 6 0.0513 200 66 459 320 11 0.0511 306 577 566 816 0 0.0510 428 393 701 631 8 0.0509 4 357 254 599 3 0.0508 131 208 397 449 12 0.0507 265 387 509 651 3 0.0507 195 389 440 650 8 0.0505 268 258 505 503 5 0.0505 313 385 572 638 11 0.0505 375 401 642 637 3 0.0503 241 0 501 193 6 0.0503 327 395 581 638 8 0.0503 123 0 374 201 11 0.0501 257 202 520 432
6WOfYbc0sUrryQwanuwAWcOAGbT3B04S,0 0.0538 487 778 756 1014 13 0.0529 492 784 761 1013 11 0.0523 487 784 750 1012 7 0.0522 493 778 756 1016 13 0.0515 363 796 631 1018 0 0.0512 314 316 567 550 11 0.0510 445 334 709 559 8 0.0506 489 781 740 1013 10 0.0502 249 401 514 622 8 0.0501 314 317 557 543
4PKv5IQ31992wESAknKYHkgGmSmMv8XS,5 0.0568 119 320 375 562 11 0.0538 447 411 710 635 8 0.0531 122 378 362 629 5 0.0530 179 396 440 631 13 0.0525 127 383 382 629 0 0.0525 127 324 380 565 7 0.0525 453 406 716 638 11 0.0523 276 406 639 592 11 0.0518 548 813 807 1018 11 0.0517 223 3 508 183 7 0.0507 124 380 371 626 3 0.0506 282 407 644 597
yyQ9GfUEwvc3yHLnEkKhsfkVViZ7wtdB,0 0.0562 338 608 591 839 11 0.0557 171 111 436 325 8 0.0553 336 527 580 757 11 0.0545 334 609 592 834 0 0.0534 412 536 673 767 5 0.0533 240 716 522 957 5 0.0530 390 602 666 829 0 0.0529 757 15 1010 258 8 0.0529 618 148 855 384 6 0.0522 399 611 680 833 7 0.0520 252 722 533 965 7 0.0517 338 605 598 839 8 0.0515 762 66 1000 308 11 0.0515 552 163 806 380 0 0.0513 751 131 1004 373 0 0.0512 250 722 525 959 6 0.0505 248 721 529 961 13 0.0505 340 608 599 835 3 0.0505 403 608 672 835 5 0.0505 753 9 1009 255 11 0.0504 755 15 1012 251 5 0.0503 613 146 862 383
pCYJYq6SCxdbDOvKUo1c58yonMdYmNKv,8 0.0639 241 17 501 269 11 0.0630 169 2 442 199 0 0.0603 174 0 443 200 8 0.0592 316 136 564 374 10 0.0586 171 6 441 199 13 0.0584 175 0 451 201 11 0.0579 562 593 818 824 5 0.0572 559 587 814 825 7 0.0570 242 15 512 272 8 0.0567 249 190 492 438 13 0.0565 569 590 823 828 5 0.0559 239 336 490 570 7 0.0559 568 588 821 827 0 0.0559 577 523 817 765 6 0.0554 172 2 447 198 6 0.0552 565 589 819 824 8 0.0551 565 586 812 826 5 0.0550 167 0 439 197 11 0.0540 240 342 494 574 7 0.0539 322 129 585 374 11 0.0535 550 719 829 956 13 0.0530 557 713 836 963 11 0.0528 631 528 879 760 3 0.0528 177 0 441 204 7 0.0525 245 338 495 574 6 0.0521 638 527 882 759 7 0.0519 257 184 510 429 5 0.0518 309 76 573 320 10 0.0509 565 592 818 826 8 0.0509 247 341 485 577 11 0.0509 312 86 574 322 3 0.0509 565 591 817 831 5 0.0508 631 523 871 758 3 0.0507 247 345 491 582 11 0.0505 317 198 570 424 9 0.0504 171 0 441 193 13 0.0504 640 526 887 760 2 0.0503 565 592 819 827 5 0.0503 309 191 561 423
CseunrmY9r6CdZxKDkNtIzSwd4UmsVMf,11 0.0598 440 205 698 445 11 0.0592 309 396 568 634 5 0.0592 582 200 838 459 8 0.0583 587 205 836 460 11 0.0580 582 207 840 457 0 0.0580 584 207 843 461 11 0.0573 184 268 441 516 11 0.0571 376 669 640 886 8 0.0567 440 203 688 445 13 0.0564 591 208 849 463 7 0.0557 579 142 851 403 3 0.0553 445 202 697 455 7 0.0552 448 203 701 447 5 0.0552 180 264 436 511 2 0.0548 447 211 696 446 8 0.0548 187 266 430 520 6 0.0543 448 205 697 446 5 0.0541 374 662 634 887 3 0.0539 592 205 841 463 13 0.0538 318 396 572 639 0 0.0534 187 271 439 516 5 0.0534 442 199 691 445 11 0.0533 252 202 514 437 13 0.0531 386 665 644 892 6 0.0531 381 666 642 887 5 0.0530 250 197 511 438 6 0.0530 592 204 845 459 0 0.0529 380 664 639 892 8 0.0528 382 666 631 890 0 0.0528 641 140 917 385 5 0.0525 247 77 494 294 7 0.0525 194 267 442 516 0 0.0524 443 204 694 446 7 0.0521 382 665 644 891 3 0.0520 379 667 638 895 0 0.0519 312 395 566 635 13 0.0518 195 267 445 521 2 0.0514 589 212 842 461 11 0.0513 642 141 915 378 6 0.0512 198 206 450 446 10 0.0510 189 211 437 443 7 0.0509 258 202 514 442 8 0.0504 581 80 832 334 8 0.0502 257 203 504 441 3 0.0501 314 396 568 640
6csGdo7Km7cIH0mYO5YBKXqjZG3J36HZ,8 0.0565 678 0 936 193 11 0.0557 397 333 644 568 5 0.0545 446 326 701 570 8 0.0537 386 675 630 889 8 0.0525 453 331 696 572 11 0.0517 379 676 637 888 11 0.0517 679 2 943 193 0 0.0515 394 270 636 494 7 0.0514 401 331 648 572 5 0.0512 384 262 634 490 0 0.0510 454 333 702 574 0 0.0507 381 675 641 895 8 0.0504 191 31 428 269 3 0.0502 683 3 941 199 8 0.0500 399 398 635 632
TARFBLG2qCSd7NkLTKrr5uijbanlsFhr,0 0.0606 499 390 744 633 0 0.0595 391 268 637 519 8 0.0592 379 326 622 573 5 0.0591 272 345 635 534 6 0.0590 282 346 643 535 8 0.0586 305 384 553 628 8 0.0579 498 389 742 630 5 0.0575 494 385 741 631 7 0.0573 500 389 751 631 7 0.0567 441 323 692 570 11 0.0566 501 333 757 570 11 0.0563 325 271 573 512 3 0.0562 505 329 759 578 7 0.0558 377 395 628 630 3 0.0552 375 328 630 578 3 0.0551 448 391 688 630 8 0.0549 371 457 615 699 5 0.0546 305 0 581 198 8 0.0546 312 0 576 199 0 0.0545 516 280 764 510 6 0.0542 452 265 700 503 11 0.0541 448 267 695 499 11 0.0539 446 392 686 622 13 0.0535 499 389 754 632 2 0.0535 445 395 687 621 10 0.0534 205 355 567 537 13 0.0534 306 386 564 631 3 0.0534 248 273 503 525 10 0.0533 285 417 636 599 11 0.0531 240 341 495 576 0 0.0529 377 396 625 633 8 0.0529 513 277 761 505 11 0.0528 299 784 560 1021 0 0.0523 329 197 574 445 11 0.0520 512 216 770 441 7 0.0516 246 334 498 579 2 0.0515 447 272 696 500 0 0.0515 444 463 684 704 3 0.0515 319 0 581 207 2 0.0515 376 333 629 574 7 0.0515 519 276 772 505 3 0.0513 450 263 697 509 0 0.0512 386 2 653 203 8 0.0509 182 278 431 529 7 0.0509 445 459 684 698 6 0.0507 503 329 760 570 11 0.0507 318 124 578 375 2 0.0506 501 335 758 568 6 0.0505 186 278 439 531 0 0.0505 302 782 566 1023 5 0.0505 510 270 763 506 13 0.0505 380 326 636 576 13 0.0504 316 1 592 201 0 0.0504 244 338 501 582 12 0.0501 280 347 643 536
Ty7WGUPLgfNtH7fpCscro6VN93LKoX9e,0 0.0555 452 357 687 587 11 0.0539 307 12 574 254 11 0.0533 448 353 693 581 13 0.0523 318 7 575 256 3 0.0520 317 7 570 259 7 0.0517 447 406 693 642 6 0.0515 318 7 571 254 5 0.0513 306 3 563 253 0 0.0509 312 7 566 256 7 0.0504 318 8 573 258
e2YcRXSiTuPtWhA9ScGh7aBYkoDjrwek,5 0.0569 191 273 450 511 11 0.0567 188 2 583 143 8 0.0561 238 602 486 844 5 0.0554 250 190 509 432 0 0.0550 318 149 574 381 8 0.0549 257 15 499 257 8 0.0549 203 3 573 143 11 0.0532 248 12 506 255 11 0.0530 305 597 568 839 11 0.0528 243 528 503 771 0 0.0525 438 273 700 505 7 0.0521 257 135 507 372 11 0.0518 446 340 695 578 11 0.0517 317 144 579 378 11 0.0515 247 254 510 491 5 0.0514 232 597 493 846 6 0.0514 263 75 507 311 13 0.0512 257 133 516 374 11 0.0512 243 396 510 627 0 0.0509 253 455 511 691 0 0.0508 198 2 581 144 7 0.0508 259 13 511 258 0 0.0508 309 532 557 761 6 0.0507 322 145 578 379 11 0.0507 186 328 455 558 13 0.0507 256 11 515 261 11 0.0503 244 726 504 971 7 0.0503 239 598 498 850
srvJwhnnjLWA3b0x8gC8U7SSML05KGDg,8 0.0674 0 647 234 874 11 0.0612 0 654 246 874 0 0.0594 0 648 240 879 7 0.0581 1 651 238 876 0 0.0578 635 680 892 918 5 0.0573 635 678 884 914 11 0.0561 639 687 892 909 7 0.0548 645 722 894 964 0 0.0547 507 595 765 838 13 0.0545 644 724 897 965 3 0.0542 643 682 889 917 5 0.0541 507 595 758 833 8 0.0539 450 732 684 965 8 0.0537 647 680 888 912 8 0.0523 514 594 753 832 11 0.0519 508 600 764 833 6 0.0518 2 650 242 874 0 0.0518 312 456 554 697 7 0.0515 516 596 767 834 5 0.0513 0 648 236 878 11 0.0502 308 460 554 688
0ng7zbNdD7ztJQTjJhoooJlhZLZhrn0T,7 0.0595 128 787 376 1021 8 0.0593 197 782 436 1023 7 0.0581 194 714 442 965 5 0.0570 123 787 370 1018 0 0.0569 194 788 442 1023 13 0.0561 195 788 446 1023 11 0.0560 189 789 442 1020 11 0.0544 199 668 570 850 10 0.0538 194 794 441 1022 6 0.0538 195 792 447 1023 5 0.0535 187 711 440 960 0 0.0534 313 512 564 757 7 0.0521 254 788 510 1023 11 0.0520 187 470 448 706 7 0.0516 266 399 533 634 5 0.0515 251 792 502 1017 8 0.0514 381 793 626 1018 0 0.0504 250 717 505 970 8 0.0504 252 715 501 965 11 0.0504 243 718 507 957
02kAZa2prVWknnNS94mjwf9YORoLbuMJ,5 0.0660 183 710 430 960 11 0.0648 184 717 433 960 8 0.0636 193 789 428 1023 11 0.0619 361 664 627 906 7 0.0615 191 789 434 1023 11 0.0603 248 787 492 1020 0 0.0603 189 714 434 965 5 0.0603 512 773 749 1011 8 0.0597 311 597 562 844 5 0.0595 574 714 826 947 5 0.0593 248 782 490 1019 8 0.0585 512 773 745 1013 7 0.0584 368 659 631 906 6 0.0583 189 717 436 964 7 0.0581 518 774 759 1017 0 0.0579 366 594 631 835 6 0.0577 367 661 630 907 11 0.0576 571 719 834 946 10 0.0575 184 721 435 961 0 0.0571 319 461 578 703 10 0.0571 364 663 630 905 13 0.0565 257 787 497 1023 0 0.0562 405 675 764 856 11 0.0561 512 775 752 1013 0 0.0560 253 785 493 1023 6 0.0559 575 721 832 947 13 0.0555 520 778 760 1016 0 0.0555 510 773 754 1019 7 0.0551 580 719 835 949 6 0.0550 516 780 755 1017 6 0.0550 254 787 495 1023 8 0.0547 404 676 753 851 5 0.0546 361 657 624 906 8 0.0545 316 319 557 551 11 0.0543 313 463 581 697 13 0.0542 189 716 438 964 11 0.0539 376 530 635 758 0 0.0539 571 715 830 953 8 0.0539 380 531 627 760 2 0.0535 186 719 437 960 3 0.0533 409 675 763 856 3 0.0530 516 777 754 1021 8 0.0530 575 718 823 947 3 0.0525 312 598 574 853 11 0.0521 429 596 702 812 13 0.0521 581 720 838 951 10 0.0519 253 789 493 1021 3 0.0519 190 715 433 967 7 0.0517 315 313 571 551 7 0.0514 434 592 704 813 3 0.0510 257 784 492 1023 13 0.0509 312 598 578 848 8 0.0509 321 461 565 705 7 0.0507 394 445 658 685 11 0.0507 306 319 573 550 6 0.0505 380 532 641 761 2 0.0502 515 778 753 1016 12 0.0502 191 716 433 961 1 0.0502 433 657 702 904
LDFGlBTEEx2brAah2imPozdTaNhwMQmb,8 0.0571 379 6 633 254 8 0.0568 291 482 631 670 11 0.0567 501 470 780 700 11 0.0563 379 8 641 256 3 0.0562 510 463 773 712 8 0.0559 236 622 488 856 11 0.0555 350 661 699 842 5 0.0553 341 652 688 843 13 0.0552 433 467 712 704 0 0.0543 438 467 708 706 7 0.0542 293 480 658 670 3 0.0539 383 6 638 263 11 0.0531 288 484 651 667 7 0.0531 357 656 701 845 6 0.0526 441 469 708 705 5 0.0522 228 612 494 852 13 0.0521 359 658 706 843 5 0.0521 374 3 639 253 5 0.0520 241 314 487 547 6 0.0518 361 658 703 845 3 0.0515 294 482 645 672 8 0.0513 350 658 684 844 0 0.0509 381 8 640 258 3 0.0505 356 658 691 848 5 0.0505 429 463 701 704
j8hRe5ptYEt9D00hH9JyQSRjOKLTD7gC,11 0.0678 310 656 561 896 5 0.0670 247 713 486 956 8 0.0661 186 782 429 1020 0 0.0656 128 660 381 896 7 0.0653 188 661 435 894 5 0.0650 183 783 431 1016 8 0.0648 185 660 431 897 11 0.0646 179 661 435 894 0 0.0636 249 655 490 899 7 0.0631 318 654 563 894 0 0.0631 319 716 559 959 7 0.0627 252 717 490 958 8 0.0623 316 655 557 898 11 0.0622 246 716 491 956 10 0.0621 126 663 379 894 7 0.0619 190 785 436 1019 5 0.0618 312 652 558 896 3 0.0608 319 653 562 903 10 0.0605 245 660 489 895 11 0.0602 183 783 435 1016 6 0.0600 185 663 436 898 6 0.0579 251 717 494 959 6 0.0578 315 656 565 897 3 0.0573 186 661 431 900 3 0.0566 254 714 487 964 13 0.0552 252 714 493 958 6 0.0552 190 787 435 1021 2 0.0550 188 788 435 1019 10 0.0549 185 788 432 1018 2 0.0548 251 721 492 959 13 0.0547 135 658 389 897 10 0.0546 316 717 560 954 9 0.0545 186 783 435 1017 13 0.0543 189 785 438 1021 12 0.0537 185 660 434 898 0 0.0534 186 785 432 1018 9 0.0528 182 660 432 893 2 0.0528 316 658 562 896 1 0.0526 183 657 431 895 13 0.0525 318 653 566 899 2 0.0516 134 665 379 897 12 0.0510 252 714 490 960 1 0.0503 248 710 489 958 3 0.0502 190 784 432 1023
keLwgV0h4BhYuBYR7N7XxK8iHKiTfR9s,0 0.0553 312 726 566 971 11 0.0543 433 732 687 962 11 0.0540 310 734 566 968 0 0.0540 505 718 748 957 8 0.0533 316 726 558 969 7 0.0523 313 731 571 970 11 0.0521 301 382 578 617 7 0.0521 259 582 498 813 13 0.0517 313 682 574 914 7 0.0512 312 521 575 762 5 0.0510 311 725 559 965 7 0.0507 508 719 756 956 8 0.0503 303 443 560 686 7 0.0502 378 428 645 679 5 0.0501 500 712 744 950 0 0.0500 253 586 497 816
hGaIuWKXLqooT7p4xzHPdAjjDwVMK3mh,11 0.0587 576 138 833 364 2 0.0578 571 278 830 504 11 0.0576 385 411 642 645 5 0.0574 566 270 823 502 0 0.0570 514 191 765 431 7 0.0559 457 406 713 639 11 0.0558 234 411 510 644 2 0.0553 519 198 768 431 0 0.0544 573 336 826 568 3 0.0538 456 411 711 647 8 0.0533 453 406 700 639 7 0.0529 576 204 833 428 5 0.0524 449 258 708 487 6 0.0523 451 409 712 640 8 0.0522 573 275 821 505 0 0.0517 577 137 830 361 13 0.0515 455 410 715 641 5 0.0515 511 186 762 428 6 0.0513 116 363 406 581 0 0.0509 314 134 564 365 11 0.0508 314 345 582 565 11 0.0508 572 278 830 503 7 0.0507 320 406 577 652 0 0.0505 383 465 633 704 5 0.0501 445 403 705 637 6 0.0501 580 207 834 430 11 0.0501 516 195 767 432
Xzd7ai7qepRiI1IpvBBrQVUg1gjUeoPP,8 0.0629 335 292 670 479 0 0.0614 487 388 748 641 3 0.0599 496 327 760 583 5 0.0598 323 290 671 475 11 0.0595 328 295 681 477 3 0.0593 360 331 619 579 5 0.0588 564 446 819 706 5 0.0586 313 195 562 427 0 0.0583 566 452 826 707 13 0.0580 569 451 830 706 8 0.0580 571 449 820 704 8 0.0573 492 387 740 638 7 0.0572 305 273 557 515 0 0.0572 507 273 770 523 8 0.0569 508 275 763 518 6 0.0569 617 517 878 762 3 0.0566 562 390 824 646 11 0.0564 564 454 823 702 11 0.0561 340 418 690 605 13 0.0561 306 274 564 519 5 0.0560 505 269 766 521 0 0.0559 330 290 677 482 8 0.0555 322 200 561 430 7 0.0547 565 383 826 642 13 0.0542 492 390 753 641 7 0.0536 509 271 774 523 6 0.0536 420 330 688 576 5 0.0528 483 385 744 640 3 0.0526 563 512 823 778 0 0.0526 706 466 952 711 11 0.0525 506 276 773 517 0 0.0522 317 196 569 434 6 0.0522 510 271 769 520 13 0.0521 494 526 767 778 8 0.0520 350 417 677 606 3 0.0520 500 453 755 712 6 0.0520 494 386 750 640 8 0.0519 493 523 750 771 10 0.0518 306 339 562 570 10 0.0518 333 297 682 477 10 0.0517 321 205 569 429 0 0.0517 162 332 425 565 7 0.0516 565 514 826 772 11 0.0516 225 272 495 499 10 0.0515 564 455 824 706 0 0.0514 487 526 759 777 6 0.0513 326 201 570 432 11 0.0512 315 201 570 428 0 0.0511 422 460 682 699 11 0.0508 158 334 431 560 7 0.0507 503 454 760 706 3 0.0506 323 201 565 441 0 0.0506 304 330 562 577 12 0.0504 569 450 827 707 11 0.0503 486 527 761 772 6 0.0503 289 481 621 667 0 0.0503 227 264 492 504 1 0.0501 563 444 822 706
LdIuXk0X2rt6NtoxNIjwCX7df7zTypEs,8 0.0589 379 0 617 245 8 0.0577 256 15 482 255 13 0.0572 206 0 587 158 0 0.0569 454 286 695 523 5 0.0567 421 0 696 185 0 0.0558 179 0 433 204 11 0.0556 176 3 437 201 5 0.0550 302 268 569 504 10 0.0548 272 4 638 168 8 0.0544 382 204 621 446 6 0.0542 314 335 570 568 8 0.0536 2 20 221 249 8 0.0531 309 335 559 568 0 0.0530 43 608 287 840 11 0.0527 303 342 570 566 6 0.0525 182 2 439 200 13 0.0518 315 270 581 510 13 0.0515 381 202 638 448 11 0.0513 377 208 631 446 7 0.0512 389 335 636 575 0 0.0511 0 21 233 249 0 0.0510 320 0 559 241 10 0.0506 255 22 491 253 3 0.0504 382 0 624 252 5 0.0503 176 0 429 200 0 0.0500 311 332 567 565
Uo4r9sSowCBQBfriWYhDcUpm21AMAH5d,0 0.0636 269 421 634 607 11 0.0632 310 401 576 629 8 0.0612 322 331 569 569 5 0.0612 308 400 574 629 5 0.0601 386 329 651 563 11 0.0594 239 332 502 574 7 0.0589 316 401 576 630 8 0.0583 245 408 488 639 3 0.0579 314 399 575 634 13 0.0576 323 334 583 573 7 0.0574 396 329 655 565 6 0.0573 322 332 581 570 6 0.0566 244 405 503 638 5 0.0561 238 328 496 574 10 0.0558 318 336 577 571 13 0.0558 248 407 504 644 3 0.0557 394 329 652 570 2 0.0544 246 409 495 645 11 0.0543 389 332 655 562 3 0.0530 244 330 501 580 5 0.0529 85 0 333 216 10 0.0525 244 407 492 643 11 0.0524 86 3 346 215 2 0.0523 320 339 574 569 0 0.0516 372 191 642 428 7 0.0515 246 329 503 576 0 0.0508 242 214 504 448 0 0.0507 84 2 343 225 8 0.0506 374 183 638 427 6 0.0503 90 3 349 216
3KVhVRXIaAHApDWryhTvZzxJcUCGda6i,14 1.0 0 0 1 1
JBMoM9Rm144yKg5TVZXeRXoTgCvRYuyH,8 0.0603 634 415 881 667 11 0.0577 631 416 883 665 5 0.0551 628 412 884 666 13 0.0546 635 418 892 668 8 0.0540 512 410 757 656 0 0.0536 634 419 884 672 7 0.0528 638 414 888 669 3 0.0522 576 407 829 663 11 0.0520 699 336 948 579 11 0.0515 169 401 436 632 5 0.0508 169 450 436 708 0 0.0508 514 412 765 662 10 0.0506 631 421 886 670 8 0.0504 576 334 814 584
6cydgpdvyYsb30HuaZINXPGwcfwOZuOr,8 0.0550 293 519 539 743 0 0.0537 291 516 553 751 11 0.0530 289 518 550 747 7 0.0524 293 516 557 748
5fihHmScxSp1qVkusE0E8op9IxlByOj6,11 0.0614 171 0 429 201 8 0.0590 108 0 354 203 3 0.0586 182 1 432 206 7 0.0561 241 787 496 1023 6 0.0559 111 0 373 198 0 0.0537 106 2 364 203 8 0.0535 241 786 483 1023 11 0.0531 233 790 493 1017 0 0.0530 57 407 310 634 0 0.0518 236 785 490 1023 7 0.0517 507 789 750 1023 5 0.0516 110 341 371 562 11 0.0514 502 659 762 893 11 0.0513 166 81 429 297 6 0.0512 240 790 496 1022 5 0.0511 102 0 359 203 5 0.0508 49 402 301 625 5 0.0507 231 785 486 1016 13 0.0503 113 3 371 201 5 0.0502 497 783 741 1017
FH39W0HhWGFpPHBHQ3dcZNUeeRUeJtCc,5 0.0595 320 334 578 582 8 0.0569 329 340 571 584 0 0.0563 325 334 577 586 6 0.0562 327 338 582 586 11 0.0559 441 13 702 237 7 0.0557 328 337 581 586 5 0.0554 237 391 501 637 13 0.0550 328 338 581 588 5 0.0548 438 3 703 238 3 0.0544 327 337 579 590 11 0.0544 249 333 515 577 10 0.0541 253 338 512 579 0 0.0537 445 12 702 243 11 0.0533 300 532 565 765 13 0.0527 445 13 714 236 3 0.0524 448 10 707 247 9 0.0518 441 14 709 234 11 0.0518 288 665 562 884 6 0.0517 391 4 653 238 8 0.0514 443 9 696 238 6 0.0509 309 465 571 705 13 0.0508 247 400 511 646 7 0.0507 392 1 654 239 6 0.0506 245 398 510 641 11 0.0503 362 592 626 829
cEUpmGbYqFCsrRmK2jVt7WB8zp32GteX,0 0.0616 6 663 248 882 11 0.0604 7 661 252 876 5 0.0585 389 457 637 686 5 0.0566 318 405 571 631 6 0.0548 394 412 645 629 3 0.0545 396 411 642 633 8 0.0543 12 656 246 882 5 0.0543 372 336 628 558 0 0.0533 328 413 572 636 10 0.0531 13 665 251 882 7 0.0531 311 521 570 756 11 0.0526 395 466 639 689 13 0.0522 13 661 259 884 5 0.0520 5 657 249 878 3 0.0519 19 657 251 885 11 0.0517 323 412 572 634 7 0.0514 325 409 576 638 8 0.0512 397 457 633 689 0 0.0507 311 520 566 759 7 0.0506 398 462 645 692 13 0.0505 328 414 580 639
OVnjzQOXYZVwphSs9aRzkyoPMDNEwJS7,11 0.0637 486 405 756 637 11 0.0624 477 525 752 762 8 0.0620 484 522 743 765 0 0.0616 490 402 754 638 11 0.0614 572 474 821 704 3 0.0611 495 401 753 641 8 0.0607 490 400 751 636 11 0.0606 311 339 578 579 13 0.0600 486 525 756 763 5 0.0600 355 583 630 837 0 0.0600 484 524 749 769 0 0.0594 579 473 823 708 8 0.0593 306 407 553 639 5 0.0593 492 465 755 710 3 0.0589 320 336 578 589 0 0.0585 323 148 580 393 5 0.0585 312 330 575 576 6 0.0578 320 334 579 580 0 0.0575 369 521 639 765 8 0.0574 576 473 815 706 8 0.0574 309 573 560 829 6 0.0571 580 472 824 705 3 0.0569 580 474 821 710 11 0.0568 359 595 626 841 2 0.0564 480 528 753 767 8 0.0564 318 280 569 522 3 0.0564 371 526 646 765 7 0.0564 482 523 756 766 6 0.0562 485 523 757 765 8 0.0562 236 346 495 588 0 0.0557 314 275 578 527 6 0.0557 493 402 755 638 5 0.0555 324 197 581 444 10 0.0555 571 478 822 703 13 0.0555 491 403 760 637 7 0.0553 364 593 635 844 11 0.0550 324 206 584 445 7 0.0550 493 399 756 637 5 0.0548 226 392 486 627 6 0.0544 331 202 585 450 7 0.0540 317 275 580 525 13 0.0539 320 279 584 527 3 0.0534 332 204 580 456 5 0.0534 629 468 880 700 10 0.0533 490 403 756 634 10 0.0530 367 527 646 763 7 0.0528 578 468 825 706 5 0.0527 236 277 493 515 9 0.0523 366 523 642 757 12 0.0522 497 472 761 711 13 0.0519 578 474 827 706 0 0.0519 304 570 565 833 13 0.0518 310 405 563 644 8 0.0516 370 655 628 899 2 0.0515 488 409 753 635 10 0.0513 316 337 579 583 0 0.0512 250 214 506 451 10 0.0512 302 581 567 829 11 0.0508 225 402 495 635 5 0.0508 303 504 563 761 11 0.0503 376 138 647 368
hbwPzuprqfUmwwsjz498gruGBUilPwcP,8 0.0571 7 294 356 478 8 0.0551 302 593 553 819 7 0.0546 318 509 574 755 0 0.0542 303 597 567 822 11 0.0532 0 295 370 476 7 0.0530 241 574 507 818 5 0.0529 238 573 500 815 13 0.0525 309 594 573 820 0 0.0523 228 272 498 514 5 0.0507 312 505 574 749 0 0.0503 0 295 373 484 11 0.0503 293 595 561 814
34bpY0qv7hc58RmkLqtl2sgmEpjZoaO9,0 0.0609 318 0 573 203 11 0.0605 217 289 566 476 11 0.0590 302 340 560 570 11 0.0587 365 78 626 300 8 0.0575 368 79 611 300 7 0.0575 260 269 514 504 11 0.0569 319 0 577 201 0 0.0567 504 65 760 293 6 0.0562 379 276 635 508 8 0.0558 373 276 622 510 5 0.0556 422 275 687 515 5 0.0553 177 399 426 640 6 0.0553 436 341 694 573 8 0.0552 507 64 755 294 10 0.0551 253 280 509 503 6 0.0551 328 3 588 199 5 0.0550 213 281 563 472 8 0.0550 325 1 564 203 3 0.0549 438 148 688 371 11 0.0547 383 412 634 646 5 0.0547 297 332 558 566 7 0.0546 185 399 432 642 6 0.0545 503 272 761 504 6 0.0544 271 201 511 432 3 0.0540 515 64 755 299 7 0.0538 438 341 700 578 0 0.0538 364 72 623 302 0 0.0537 267 196 507 436 11 0.0537 503 66 761 294 3 0.0536 433 282 696 522 7 0.0535 378 277 639 512 3 0.0534 257 269 505 512 8 0.0531 507 404 749 642 8 0.0531 436 340 682 573 8 0.0530 427 147 682 365 6 0.0529 369 82 629 296 0 0.0528 500 338 758 576 0 0.0525 186 456 434 701 10 0.0524 568 71 840 299 8 0.0523 250 392 488 636 5 0.0521 504 61 756 292 3 0.0518 252 390 497 645 6 0.0518 181 343 440 575 11 0.0516 177 413 430 639 6 0.0515 432 153 696 360 10 0.0515 501 410 763 645 13 0.0515 427 285 704 516 13 0.0515 323 0 581 201 3 0.0514 372 77 621 306 6 0.0514 120 404 363 630 5 0.0513 318 0 569 200 5 0.0512 490 331 756 576 7 0.0512 325 1 578 201 6 0.0509 308 338 563 568 10 0.0509 432 348 696 577 5 0.0508 253 447 504 699 8 0.0507 386 408 623 645 8 0.0506 188 454 426 696 13 0.0506 366 78 628 301 11 0.0506 427 152 690 361 13 0.0506 270 197 517 436 11 0.0505 430 347 694 576 8 0.0505 112 402 349 628 6 0.0504 384 407 634 643 13 0.0503 119 407 368 629 8 0.0502 305 337 550 567 8 0.0501 265 195 498 430 5 0.0501 557 131 832 366
FWFpwDHFCnAMx9JGhNZJDSxAY1rqld6S,5 0.0583 260 456 510 706 11 0.0570 260 459 515 708 8 0.0546 319 464 566 705 5 0.0534 180 388 440 633 7 0.0533 250 519 504 773 8 0.0532 250 521 495 775 13 0.0524 264 461 519 712 11 0.0524 559 281 809 497 11 0.0518 627 347 881 564 7 0.0517 190 390 440 637 11 0.0516 186 394 445 634 6 0.0513 268 462 514 711 0 0.0510 189 396 440 637 10 0.0510 263 464 511 707 0 0.0508 578 394 832 624 13 0.0505 190 395 450 644 10 0.0501 308 400 563 631
0ig1kgl4DGwQy3BZrF9obcD96Jcvm0sn,5 0.0660 176 322 440 570 11 0.0647 315 405 563 636 11 0.0624 241 474 503 701 0 0.0617 185 323 447 573 5 0.0586 58 358 321 595 3 0.0581 186 327 445 579 8 0.0578 129 339 388 591 3 0.0573 254 404 503 638 7 0.0571 131 340 396 589 8 0.0565 316 408 553 636 7 0.0562 267 261 513 497 0 0.0560 260 263 509 499 13 0.0555 188 328 453 574 5 0.0549 244 396 500 633 0 0.0549 378 148 633 369 5 0.0549 251 259 507 494 11 0.0548 240 323 515 555 0 0.0547 314 407 562 639 8 0.0541 259 267 499 496 6 0.0536 262 265 515 497 7 0.0536 252 472 507 705 8 0.0534 251 472 492 704 8 0.0534 559 100 796 313 13 0.0530 266 265 516 498 11 0.0527 623 472 876 692 11 0.0527 317 270 577 491 11 0.0526 251 147 507 382 13 0.0525 319 409 567 636 3 0.0524 263 266 512 506 8 0.0522 433 154 684 370 0 0.0521 561 102 804 309 13 0.0520 251 475 507 703 7 0.0520 384 143 637 372 11 0.0519 432 153 694 365 7 0.0518 263 143 506 383 11 0.0514 124 349 403 582 5 0.0514 550 157 803 382 10 0.0512 252 409 504 634 6 0.0512 63 368 337 596 0 0.0509 255 145 502 388 11 0.0508 496 24 760 237 5 0.0508 427 151 690 367 6 0.0506 322 408 571 634 6 0.0506 254 472 510 701 11 0.0502 557 99 810 307 6 0.0501 186 327 450 572
B0OqRAeLJIXXSaHRYB4TYLtvKaGURKET,11 0.0597 555 594 823 833 11 0.0591 502 668 757 893 11 0.0574 431 604 689 838 7 0.0563 257 210 514 448 6 0.0557 466 402 704 631 11 0.0557 324 216 582 447 6 0.0553 571 515 822 765 5 0.0552 502 656 756 891 0 0.0551 506 664 759 896 13 0.0550 320 343 586 586 8 0.0542 508 664 751 893 11 0.0542 571 456 824 694 5 0.0541 323 210 574 444 7 0.0540 511 661 761 894 8 0.0540 329 216 570 451 8 0.0538 577 455 819 699 7 0.0538 323 338 580 584 11 0.0536 466 396 696 630 3 0.0534 319 343 575 590 8 0.0534 558 588 817 834 8 0.0534 467 394 690 629 5 0.0534 458 389 695 628 11 0.0533 316 340 577 583 7 0.0533 470 394 706 630 0 0.0530 315 339 581 583 8 0.0525 435 599 682 841 0 0.0525 557 587 826 838 6 0.0524 507 666 759 895 0 0.0523 325 215 581 450 13 0.0522 578 453 830 698 5 0.0522 574 393 822 631 13 0.0521 642 514 898 746 8 0.0520 630 393 866 623 5 0.0520 313 336 571 580 6 0.0518 322 340 585 579 7 0.0518 499 779 747 1005 11 0.0517 307 458 574 701 13 0.0516 312 457 582 708 10 0.0516 508 669 758 891 0 0.0515 495 783 745 1008 3 0.0513 467 396 698 637 0 0.0513 630 454 885 685 7 0.0512 566 587 829 834 11 0.0511 634 517 891 743 3 0.0511 333 220 575 453 11 0.0510 493 787 743 1004 3 0.0510 509 666 756 896 11 0.0507 447 198 712 440 0 0.0504 467 402 700 630 11 0.0501 625 395 875 624 7 0.0500 581 395 832 633
eWFNth0X0mzAliqke3nAhXacsPIQKSLd,7 0.0582 119 649 377 890 8 0.0576 212 477 578 656 5 0.0574 208 535 592 717 8 0.0562 116 651 367 887 0 0.0557 117 650 377 891 11 0.0553 205 477 591 658 8 0.0542 315 794 556 1022 11 0.0541 113 652 375 885 5 0.0540 113 650 374 887 6 0.0539 120 652 379 890 11 0.0528 298 671 553 899 11 0.0515 391 350 636 556 3 0.0513 226 536 593 721 3 0.0513 261 394 509 629 0 0.0510 220 535 598 721 6 0.0507 220 539 602 719 11 0.0504 316 798 567 1020 10 0.0501 203 480 589 657
EDO0skpZiwc9dmfQEBNsC94zHo7KIIoT,8 0.0621 314 784 555 1023 5 0.0616 309 785 553 1020 13 0.0604 320 792 570 1023 11 0.0603 378 725 623 965 5 0.0585 375 719 620 963 7 0.0583 314 788 564 1023 7 0.0580 382 720 629 968 5 0.0580 303 659 562 901 11 0.0571 312 791 558 1022 6 0.0568 319 720 570 969 11 0.0565 238 659 506 896 13 0.0562 387 724 630 970 10 0.0550 311 791 563 1023 8 0.0542 379 719 618 969 3 0.0542 370 668 629 906 6 0.0539 243 656 506 900 11 0.0538 570 523 822 764 7 0.0532 310 662 570 903 5 0.0531 764 511 1017 759 0 0.0527 380 720 622 971 8 0.0526 310 666 562 904 6 0.0519 248 792 498 1023 9 0.0515 309 792 559 1020 10 0.0510 380 725 626 966 2 0.0507 316 793 559 1023 0 0.0504 312 789 560 1023 8 0.0501 771 512 1011 756 11 0.0500 716 581 969 829
1hDH9sc90v7CgxJ2lNuF8XpUWhrHH02C,11 0.0690 506 592 761 829 8 0.0675 509 586 755 830 0 0.0661 507 588 759 833 5 0.0656 507 589 754 830 7 0.0653 509 589 760 830 11 0.0652 0 619 297 793 0 0.0634 0 616 290 798 8 0.0623 0 617 284 794 3 0.0608 509 588 759 835 7 0.0607 4 616 297 794 6 0.0604 509 593 759 831 10 0.0597 507 592 756 831 2 0.0585 508 595 759 829 13 0.0584 2 619 299 793 13 0.0570 512 591 762 832 6 0.0542 0 618 297 792 12 0.0538 510 589 760 833 9 0.0538 507 590 758 829 5 0.0533 0 614 284 793 3 0.0520 4 619 293 798 1 0.0519 503 586 758 831 4 0.0518 508 592 761 833 10 0.0508 0 622 291 794 2 0.0504 4 623 293 795
o20Pxc0WUmwUukSBHulaIpJSrqUHnFcE,11 0.0581 305 335 576 570 0 0.0576 457 274 712 499 11 0.0571 695 411 956 645 11 0.0564 451 346 708 570 5 0.0562 237 321 514 568 11 0.0558 236 3 504 245 11 0.0557 383 527 641 765 7 0.0551 262 522 522 772 8 0.0547 388 263 632 487 8 0.0544 311 335 564 572 3 0.0541 462 343 708 579 11 0.0535 311 201 576 433 3 0.0534 315 201 575 442 8 0.0533 318 203 569 436 5 0.0531 247 474 633 655 0 0.0531 379 331 641 568 11 0.0528 636 471 899 713 11 0.0528 254 478 642 657 7 0.0525 513 280 765 508 11 0.0522 253 526 526 769 0 0.0516 639 467 897 719 13 0.0515 320 457 591 703 8 0.0510 458 345 702 572 8 0.0510 321 70 562 305 7 0.0510 306 130 571 367 11 0.0508 315 69 571 305 7 0.0508 319 459 584 698 6 0.0508 314 333 574 571 8 0.0507 644 470 890 719 13 0.0507 311 335 578 578 11 0.0505 316 604 574 828 5 0.0505 370 328 637 563 13 0.0503 261 522 530 776 11 0.0502 246 125 505 369 0 0.0502 773 339 1023 589 6 0.0500 261 452 526 699
ZzciHfJHBEpcjSvxNpDJwjmFHVdV9eIR,11 0.0587 634 430 896 652 8 0.0573 635 428 887 657 11 0.0557 634 285 889 530 8 0.0555 515 405 759 643 8 0.0549 581 349 834 591 5 0.0548 568 283 831 513 6 0.0548 642 432 900 653 0 0.0534 640 430 894 657 3 0.0528 526 410 767 651 7 0.0528 522 406 771 641 11 0.0527 437 662 698 890 11 0.0522 381 519 641 744 5 0.0521 640 349 897 595 11 0.0519 518 410 768 640 8 0.0518 383 516 628 745 0 0.0514 511 281 765 514 0 0.0513 637 292 889 542 5 0.0513 240 394 495 634 8 0.0510 446 657 689 893 0 0.0508 518 412 767 645 6 0.0508 446 659 698 890
dEnM6jegbWaTljP7rbOqtVxj9gvDYQIU,5 0.0578 557 325 789 554 11 0.0574 565 138 806 367 8 0.0556 572 267 800 488 5 0.0553 562 136 799 371 11 0.0551 560 327 803 548 13 0.0548 310 3 579 256 0 0.0546 567 137 806 376 8 0.0539 566 139 801 374 11 0.0525 638 206 873 431 0 0.0517 570 268 808 490 11 0.0516 445 147 704 376 5 0.0513 632 267 871 495 0 0.0511 373 4 636 256 11 0.0510 367 7 635 253 8 0.0509 443 146 696 383 0 0.0505 449 145 704 377 6 0.0500 566 331 801 557
ZGtAAKRUBsiY9NbCzC5XDNnH85m0OGF7,0 0.0622 315 652 568 912 7 0.0615 385 715 632 968 5 0.0611 380 714 624 962 10 0.0603 309 661 570 905 11 0.0602 309 659 569 905 7 0.0598 314 655 571 908 11 0.0585 381 720 629 963 8 0.0583 317 656 562 907 0 0.0582 385 716 628 970 8 0.0577 385 715 624 967 5 0.0575 308 653 565 904 6 0.0565 384 719 631 967 10 0.0554 380 721 632 963 3 0.0547 313 655 569 911 13 0.0533 385 719 635 968 6 0.0528 313 654 571 905 3 0.0506 385 717 628 971 2 0.0504 314 659 568 911
quT33oCn9TJEeP4dQXG1UaQdjqXD6gkd,5 0.0674 186 650 439 895 7 0.0668 137 681 500 861 0 0.0666 126 652 379 898 8 0.0663 140 680 490 858 11 0.0642 197 719 442 961 11 0.0640 134 682 497 859 0 0.0637 200 718 442 964 0 0.0637 115 535 376 774 10 0.0634 187 655 443 896 8 0.0631 199 716 438 960 7 0.0631 199 719 444 964 8 0.0619 381 540 623 774 7 0.0618 244 478 504 717 6 0.0615 187 654 445 898 3 0.0612 192 653 443 899 13 0.0610 141 681 501 860 0 0.0604 380 539 632 779 11 0.0600 373 477 636 711 5 0.0594 112 535 372 770 7 0.0591 382 538 634 776 13 0.0585 201 718 447 964 11 0.0585 241 482 500 716 5 0.0584 372 473 630 709 8 0.0584 116 536 370 770 2 0.0574 137 685 495 860 6 0.0573 114 540 380 772 5 0.0572 241 477 496 713 8 0.0569 243 481 490 716 7 0.0567 114 537 380 771 1 0.0564 187 649 442 900 0 0.0564 244 479 500 720 4 0.0550 135 683 502 861 9 0.0549 135 682 497 858 6 0.0547 243 485 501 716 9 0.0544 195 719 442 958 2 0.0542 380 546 631 778 2 0.0533 200 721 441 963 10 0.0532 385 543 632 777 13 0.0531 384 543 639 775 6 0.0531 383 544 637 774 4 0.0527 200 721 446 961 11 0.0526 113 541 381 768 13 0.0524 115 542 384 773 2 0.0521 248 490 500 721 12 0.0520 191 650 443 898 3 0.0520 385 542 634 783 10 0.0514 112 542 378 773 13 0.0512 245 484 506 717 3 0.0509 119 541 379 776 2 0.0508 114 545 375 771
bsJZc7vIJgkC3LtZlyzlhDYqlklCPX7R,0 0.0538 299 0 579 187 8 0.0524 243 0 504 186
qeJqeBh2RApKqx8VBxflZU7zQw6WbdNH,7 0.0655 142 873 511 1023 0 0.0651 209 870 571 1023 5 0.0641 130 871 498 1020 10 0.0639 131 878 506 1023 8 0.0631 208 868 563 1023 11 0.0618 205 870 568 1021 8 0.0603 149 0 505 148 6 0.0579 143 1 529 145 6 0.0573 143 877 508 1023 11 0.0563 139 0 515 143 5 0.0560 133 0 509 145 0 0.0559 142 1 516 150 13 0.0558 147 0 524 148 10 0.0540 143 7 512 146 9 0.0537 206 870 572 1021 13 0.0532 209 872 578 1023 2 0.0532 210 873 569 1023 11 0.0532 312 657 574 891 1 0.0523 205 867 570 1023 7 0.0518 320 656 571 894 6 0.0506 321 659 572 894 10 0.0505 317 662 570 895 8 0.0503 149 799 501 983 3 0.0501 213 870 568 1023
HApZ4xGPQNXMfjheev0qsCmD4nxEgspr,11 0.0582 197 404 585 589 11 0.0564 504 3 766 202 5 0.0564 195 397 586 589 0 0.0558 251 386 507 642 5 0.0552 497 0 764 203 3 0.0550 257 394 506 647 8 0.0548 183 200 427 440 6 0.0544 261 337 513 583 8 0.0543 258 334 501 583 13 0.0543 214 400 594 594 5 0.0542 173 263 432 501 11 0.0542 185 462 441 702 11 0.0541 375 396 643 637 3 0.0540 192 328 446 586 0 0.0537 189 455 442 703 11 0.0536 432 456 713 703 0 0.0534 504 0 767 206 5 0.0531 306 455 569 709 13 0.0531 317 459 578 716 8 0.0531 431 346 691 572 13 0.0530 512 2 772 206 7 0.0523 258 390 511 644 11 0.0523 239 278 492 502 13 0.0522 399 4 649 234 7 0.0521 193 324 450 580 11 0.0520 310 461 572 709 11 0.0520 713 466 961 692 8 0.0518 319 399 571 646 0 0.0518 311 456 573 711 5 0.0516 705 462 956 691 11 0.0516 389 3 647 236 2 0.0515 507 8 768 205 5 0.0514 182 456 441 699 6 0.0512 320 395 582 648 8 0.0508 451 18 700 252 13 0.0503 194 457 450 708 0 0.0500 432 455 714 710
aLcdJp3ervQ8KLPFSSLzHZm955M5qDBk,11 0.0585 321 334 569 570 8 0.0566 276 485 630 667 11 0.0548 398 269 651 504 11 0.0547 244 414 512 643 13 0.0542 280 486 647 666 11 0.0541 529 286 796 513 5 0.0529 243 405 510 649 5 0.0526 175 325 439 574 0 0.0526 9 432 271 670 7 0.0523 284 482 649 667 0 0.0508 248 408 509 652 8 0.0505 247 337 494 579 7 0.0505 328 330 572 576 0 0.0502 396 268 647 508
9oTUyRFeMGzJql1QuJvkKDt3G4fs3jFP,13 0.0562 508 143 777 382 0 0.0561 503 143 768 382 5 0.0555 500 134 766 381 5 0.0540 550 0 807 202 8 0.0532 554 0 802 205 8 0.0526 502 139 763 379 0 0.0526 571 204 823 443 7 0.0523 554 0 814 207 11 0.0514 565 206 830 434 3 0.0513 507 7 773 252 5 0.0512 622 126 880 357 7 0.0511 503 140 771 384 0 0.0509 415 732 691 969 3 0.0509 506 144 768 388 0 0.0507 554 0 814 207 13 0.0506 560 0 823 204
50clXpVru1Mzs90gabSV0GtAQSR49ty6,5 0.0614 304 463 572 696 8 0.0597 312 468 563 696 8 0.0583 381 527 627 758 7 0.0581 380 526 639 761 5 0.0568 251 382 500 628 11 0.0567 440 528 701 757 7 0.0566 311 466 574 699 13 0.0566 315 469 578 701 0 0.0559 376 592 637 832 11 0.0559 374 599 633 824 8 0.0556 447 468 699 697 11 0.0553 193 400 451 642 0 0.0550 550 742 822 980 11 0.0546 374 462 636 693 7 0.0544 256 386 504 630 13 0.0544 382 527 639 761 10 0.0543 440 531 704 759 10 0.0541 377 464 636 694 5 0.0540 374 521 632 756 8 0.0538 254 389 493 627 0 0.0534 441 528 705 763 11 0.0534 316 393 575 626 6 0.0531 312 472 570 700 6 0.0530 446 529 707 761 2 0.0529 442 534 701 763 11 0.0527 424 674 690 895 10 0.0526 375 602 634 826 0 0.0525 380 462 638 696 5 0.0525 443 462 702 697 0 0.0524 251 385 499 630 7 0.0523 379 661 641 904 13 0.0518 253 335 515 581 13 0.0518 450 469 712 700 7 0.0514 449 463 711 701 11 0.0512 551 744 821 975 7 0.0512 514 340 766 574 5 0.0511 516 269 766 495 3 0.0511 376 599 633 834 3 0.0507 310 468 570 702 8 0.0506 554 743 814 974 6 0.0504 253 338 507 576 13 0.0503 318 0 567 205 3 0.0501 445 530 702 768 0 0.0501 428 670 693 900
Z8xyU37cWnKIucVAO4n2K7utVAaA93eg,8 0.0692 121 412 376 666 0 0.0619 318 143 570 381 5 0.0619 118 413 377 662 0 0.0617 380 393 639 628 11 0.0610 2 420 266 649 11 0.0595 118 420 387 661 11 0.0591 380 395 638 627 0 0.0589 128 474 383 717 5 0.0588 311 332 567 563 0 0.0587 324 270 572 495 8 0.0586 244 397 480 643 7 0.0585 249 398 492 640 0 0.0584 245 404 486 640 11 0.0582 318 338 574 563 0 0.0581 127 351 391 604 11 0.0580 241 403 490 640 5 0.0580 371 464 627 707 11 0.0577 322 215 584 447 0 0.0576 454 14 713 223 5 0.0568 239 399 484 640 5 0.0566 317 211 579 449 8 0.0564 385 394 628 627 7 0.0563 317 445 568 698 6 0.0561 126 419 384 665 3 0.0560 318 336 573 573 8 0.0558 6 416 250 654 11 0.0558 382 784 637 1014 7 0.0556 322 335 576 568 13 0.0548 249 401 492 643 7 0.0545 130 349 393 602 6 0.0545 392 334 649 560 5 0.0545 452 8 710 221 8 0.0544 325 268 567 494 8 0.0540 462 11 701 224 3 0.0538 244 403 488 649 3 0.0535 325 212 583 457 7 0.0535 66 423 333 668 3 0.0531 135 469 379 725 10 0.0530 126 474 382 714 7 0.0523 385 393 639 630 13 0.0523 385 395 641 631 2 0.0522 315 389 556 621 6 0.0521 331 270 576 497 3 0.0519 313 447 565 702 5 0.0515 3 411 256 651 2 0.0513 9 427 262 652 13 0.0513 323 336 575 568 13 0.0512 329 216 592 453 10 0.0508 321 221 584 447 11 0.0508 456 16 716 224 3 0.0507 10 418 259 661 10 0.0507 319 340 572 563 2 0.0507 330 272 571 496 10 0.0507 310 448 564 696 13 0.0504 317 443 571 699 6 0.0504 249 401 489 643 3 0.0501 381 394 638 635
gbadgqItE236rI33QaGyEqPmasitTYxH,11 0.0563 440 276 695 506 11 0.0545 324 421 691 599 5 0.0542 244 327 505 575 3 0.0537 448 276 688 520 7 0.0536 337 418 695 603 0 0.0534 326 419 689 601 13 0.0530 183 219 444 462 8 0.0528 442 277 685 512 5 0.0523 245 206 504 442 7 0.0520 450 275 693 511 6 0.0520 257 210 509 447 11 0.0517 248 336 506 576 8 0.0517 253 332 498 577 6 0.0517 254 331 510 577 8 0.0510 326 420 679 601 7 0.0508 255 329 510 579 0 0.0506 443 279 690 514 5 0.0500 319 415 682 600
GLCAlXpFo4EfkqGY8ffLCzp0ocWnkWUx,11 0.0601 375 403 633 631 7 0.0598 380 465 637 700 8 0.0596 378 464 628 702 0 0.0567 303 395 560 638 5 0.0567 299 390 554 633 3 0.0567 381 400 635 634 6 0.0566 379 399 640 634 8 0.0563 309 396 552 632 5 0.0563 369 459 624 697 0 0.0562 376 462 633 703 13 0.0552 311 398 563 638 0 0.0551 436 335 686 558 5 0.0548 436 389 689 621 3 0.0547 311 459 566 701 11 0.0547 304 457 565 698 13 0.0547 379 467 637 702 11 0.0543 436 339 689 555 7 0.0537 445 395 699 625 2 0.0533 375 469 632 702 2 0.0528 443 399 695 622 8 0.0527 443 395 688 624 7 0.0520 258 457 510 699 0 0.0519 217 344 593 536 10 0.0519 306 463 568 701 13 0.0517 446 399 698 626 6 0.0515 310 459 573 700 6 0.0514 445 335 690 557 3 0.0513 446 333 683 560 11 0.0510 216 348 595 529 0 0.0507 674 494 1011 682 2 0.0505 307 400 559 634 13 0.0504 233 344 604 540 8 0.0502 673 491 1000 679 6 0.0500 233 347 601 534
m9hivkK8LPyrtlfcyNyxNetewzNIY00G,5 0.0588 308 399 566 642 5 0.0573 388 325 649 572 5 0.0566 246 331 496 574 13 0.0556 316 402 578 650 11 0.0554 391 332 652 572 8 0.0549 391 329 647 574 5 0.0544 298 263 581 496 11 0.0544 574 483 818 694 3 0.0541 396 330 656 580 13 0.0537 507 540 760 768 5 0.0536 577 478 815 697 7 0.0534 396 333 656 576 0 0.0534 314 405 572 648 0 0.0532 395 330 652 577 5 0.0525 433 589 689 837 2 0.0525 393 338 657 572 8 0.0522 250 336 492 577 11 0.0522 245 331 504 575 8 0.0522 313 400 565 646 0 0.0516 251 335 502 576 13 0.0515 310 267 591 506 13 0.0511 252 334 511 584 11 0.0510 308 403 572 643 8 0.0508 435 596 682 839 7 0.0508 440 600 693 842 0 0.0505 308 266 582 503 5 0.0504 499 527 749 765 13 0.0504 645 528 904 768 6 0.0501 395 335 657 577
MgAz0PhHNH4g2lVPvb90pKtjPAXma4dS,11 0.0606 244 329 498 565 11 0.0588 179 273 431 508 5 0.0585 177 264 426 506 0 0.0584 185 330 431 579 8 0.0574 174 377 407 632 8 0.0563 246 324 488 565 3 0.0560 249 322 495 574 6 0.0555 185 329 442 579 7 0.0552 815 21 1023 270 5 0.0549 495 129 744 364 8 0.0549 556 154 806 384 7 0.0546 250 320 498 571 5 0.0544 244 318 494 564 8 0.0541 179 266 422 507 0 0.0538 184 223 429 455 9 0.0535 812 24 1023 266 11 0.0534 114 388 362 640 5 0.0533 358 719 624 962 10 0.0532 247 331 493 564 5 0.0530 807 15 1021 270 10 0.0529 179 273 428 507 7 0.0527 185 265 431 508 11 0.0527 498 195 750 429 13 0.0526 184 268 436 507 13 0.0524 175 376 424 631 11 0.0518 805 30 1023 269 5 0.0516 428 796 678 1023 3 0.0513 183 268 427 515 6 0.0511 814 22 1023 270 7 0.0509 178 374 423 634 6 0.0508 184 224 434 458 8 0.0508 250 431 483 682 11 0.0504 309 406 564 631 7 0.0504 438 800 689 1023 0 0.0503 354 668 625 899 3 0.0502 437 799 685 1023 11 0.0501 335 478 713 661 0 0.0501 812 23 1019 272
Gs4x5Rg8YJSzjRWmIUZLq5nbK12dZsOK,11 0.0556 366 442 630 682 7 0.0549 404 478 755 666 11 0.0545 248 447 499 698 0 0.0535 240 0 499 206 0 0.0532 313 380 570 638 8 0.0529 436 449 692 684 3 0.0528 512 399 767 635 3 0.0525 440 451 700 696 5 0.0520 389 472 748 660 6 0.0518 321 381 577 634 5 0.0516 240 379 498 635 8 0.0513 509 396 760 627 10 0.0505 250 451 494 698 11 0.0501 505 402 774 623 0 0.0501 237 325 502 569
ZsODKXE4hTfXmAnCKJPh7j2NfnOTu0th,8 0.0590 446 398 674 627 11 0.0588 386 338 639 565 0 0.0566 445 268 696 508 8 0.0565 443 266 691 504 7 0.0561 446 266 701 506 11 0.0556 443 271 699 503 5 0.0552 442 263 692 502 3 0.0552 398 339 640 571 7 0.0550 315 199 570 437 0 0.0545 308 204 567 438 5 0.0545 444 390 680 625 6 0.0544 445 269 697 505 3 0.0533 313 204 563 439 8 0.0528 307 206 558 435 7 0.0528 452 394 683 629 11 0.0527 245 718 494 945 9 0.0523 438 270 693 498 3 0.0522 450 269 695 509 2 0.0519 310 207 564 436 0 0.0518 390 338 644 569 6 0.0517 392 339 642 568 5 0.0515 304 198 563 436 13 0.0513 397 336 646 566 13 0.0512 313 203 574 433 2 0.0511 444 273 696 506 9 0.0507 388 337 639 558 11 0.0506 307 204 566 432 10 0.0506 446 273 698 504 10 0.0500 393 339 645 567
kpHnCzd3XGN0lSR6bXqSUEbgl3zHPeOn,0 0.0632 395 488 759 661 11 0.0622 446 9 701 247 11 0.0609 392 488 754 659 5 0.0605 273 481 634 658 8 0.0602 393 488 742 657 3 0.0598 453 5 699 256 8 0.0594 452 7 691 251 7 0.0588 275 541 647 718 11 0.0586 266 542 645 718 8 0.0583 376 340 617 569 5 0.0582 447 3 693 249 7 0.0578 397 487 764 660 11 0.0570 328 359 691 538 13 0.0568 452 6 700 252 6 0.0568 449 5 697 253 7 0.0568 381 399 630 635 0 0.0565 375 399 628 638 0 0.0563 450 5 697 252 11 0.0563 703 411 954 636 5 0.0560 325 357 681 537 0 0.0558 271 540 646 722 13 0.0557 380 401 631 638 3 0.0555 378 401 625 641 8 0.0555 272 543 635 719 8 0.0555 702 403 944 640 6 0.0554 394 489 762 660 0 0.0542 702 410 952 643 10 0.0542 240 530 506 756 0 0.0540 440 215 700 447 10 0.0539 376 5 632 240 13 0.0538 400 488 761 660 11 0.0538 436 211 703 443 13 0.0536 442 209 709 442 6 0.0535 275 543 649 720 7 0.0534 455 6 699 251 8 0.0533 437 206 692 443 3 0.0532 400 488 755 663 10 0.0530 393 492 756 660 3 0.0530 273 544 642 723 13 0.0528 334 358 697 540 6 0.0527 377 401 627 638 10 0.0524 375 404 627 637 7 0.0516 444 209 706 446 5 0.0514 695 406 950 640 13 0.0514 280 544 651 720 5 0.0509 435 208 697 443 2 0.0508 381 346 624 572 3 0.0507 444 211 700 452 2 0.0507 440 217 699 443 0 0.0507 329 358 689 540 7 0.0505 341 357 695 539 2 0.0505 395 491 755 660 6 0.0505 337 359 693 539 6 0.0503 442 210 706 445 1 0.0501 446 2 696 247
W9bcZ3Zr2AmnuWD5N66SiCDpF5TxqMrT,8 0.0636 98 0 422 160 11 0.0601 93 3 438 158 5 0.0583 93 0 428 160 8 0.0545 326 350 701 531 0 0.0527 98 2 434 162 6 0.0526 22 3 351 155 8 0.0523 0 57 273 238 7 0.0508 339 349 716 530 11 0.0508 323 350 713 527 11 0.0507 316 209 573 430 5 0.0505 315 348 705 527 3 0.0504 16 1 341 161 3 0.0503 334 352 708 535
qqcwk7lwDH8S1x7ypJ5KtHOEj7hbWd01,7 0.0584 186 207 442 433 0 0.0581 182 203 435 434 13 0.0558 185 205 444 434 8 0.0553 183 207 429 434 5 0.0547 171 203 434 433 11 0.0542 565 413 829 629 11 0.0539 177 212 443 433 0 0.0535 570 413 829 635 8 0.0531 374 655 622 888 0 0.0529 507 335 764 568 11 0.0527 201 93 455 311 3 0.0527 184 207 436 442 8 0.0523 568 414 821 632 11 0.0519 180 0 446 199 5 0.0513 501 778 751 1010 11 0.0511 370 655 631 886 11 0.0510 439 792 696 1014 5 0.0507 565 407 826 633 7 0.0504 576 410 832 638 11 0.0502 503 339 763 562 6 0.0502 186 143 444 370 0 0.0500 373 654 628 894
8rgg65zZR2myjFtQZexCaqO9wpxbgFb2,11 0.0546 262 804 511 1020 8 0.0542 264 14 500 262 11 0.0535 321 405 578 632 0 0.0526 192 69 455 317 8 0.0524 265 803 499 1021 11 0.0521 247 338 514 561 8 0.0516 127 296 362 535 11 0.0507 312 286 578 488 0 0.0501 252 410 503 635
ZGy8GTZPx20dN7WIPimet5zWPJBFMoYW,8 0.0605 84 870 433 1023 5 0.0567 83 869 438 1020 10 0.0564 83 874 441 1022 7 0.0559 90 871 449 1023 7 0.0553 308 520 566 751 11 0.0544 83 870 448 1021 0 0.0534 81 873 444 1023 5 0.0529 773 2 1020 255 0 0.0518 323 584 571 822 11 0.0515 334 643 577 873 7 0.0509 340 639 580 874 2 0.0506 89 874 446 1023
8VSGylwuUlIWfDuaL6FajgySDm0m5pqP,8 0.0678 283 0 633 154 11 0.0648 274 2 644 150 5 0.0645 267 0 640 151 3 0.0640 280 0 641 156 5 0.0612 632 578 878 817 6 0.0607 563 520 817 763 8 0.0595 457 1 718 251 7 0.0590 559 522 815 767 13 0.0586 280 1 649 154 11 0.0583 558 524 812 765 7 0.0576 280 0 647 154 10 0.0575 273 1 645 151 0 0.0573 276 0 643 154 8 0.0570 562 518 807 765 5 0.0570 554 515 809 762 8 0.0565 387 60 645 297 0 0.0564 560 522 813 766 0 0.0557 457 5 726 256 3 0.0549 565 521 814 769 13 0.0548 461 5 733 247 5 0.0546 496 0 762 189 11 0.0539 175 798 432 1016 11 0.0536 497 2 769 190 8 0.0536 175 586 413 827 2 0.0533 278 3 639 151 0 0.0529 174 581 422 831 13 0.0528 566 524 818 764 6 0.0526 460 4 731 250 6 0.0524 279 0 650 152 3 0.0521 505 0 762 196 12 0.0519 280 2 639 154 0 0.0518 568 4 833 206 8 0.0517 381 468 621 707 7 0.0515 504 0 766 192 11 0.0511 307 76 584 299 5 0.0511 242 401 495 625 8 0.0510 574 0 824 201 13 0.0509 575 1 840 202 2 0.0509 456 11 723 248 11 0.0508 168 592 421 828 0 0.0505 698 594 945 834 10 0.0505 558 527 816 763 2 0.0505 570 4 834 199 5 0.0502 168 581 419 826 7 0.0501 173 586 421 831 11 0.0501 364 532 632 764
Kihy6Ph4DYPPjgBusEKYvcK1MWN5SijC,5 0.0630 628 473 869 713 0 0.0591 633 480 877 715 5 0.0585 432 649 697 898 11 0.0578 619 413 875 654 0 0.0574 457 454 711 703 13 0.0565 638 539 881 772 7 0.0561 441 657 705 901 8 0.0559 632 476 869 714 11 0.0559 346 413 716 595 6 0.0555 463 456 714 702 11 0.0554 321 681 703 850 11 0.0551 379 593 633 813 6 0.0544 634 482 880 716 7 0.0544 309 779 564 1023 11 0.0540 460 459 710 698 8 0.0537 328 678 689 857 3 0.0532 629 412 873 661 5 0.0532 377 584 628 820 0 0.0527 378 592 632 824 13 0.0523 625 413 884 657 11 0.0521 367 727 631 962 7 0.0521 386 589 635 822 5 0.0514 438 525 694 761 8 0.0511 380 592 624 818 13 0.0511 439 656 706 895 0 0.0506 340 411 712 599 6 0.0506 346 413 720 598 11 0.0504 321 329 580 565 3 0.0503 438 656 699 904 8 0.0502 445 531 693 758 7 0.0501 449 530 704 764 7 0.0500 358 474 727 664
SqRdWTWEC0vbnSiGKdHXXmfrs4FFLrch,11 0.0579 248 265 507 499 5 0.0554 243 266 505 501 8 0.0541 179 397 418 636 11 0.0527 571 212 839 446 8 0.0522 251 269 499 503 8 0.0521 0 37 239 271 7 0.0516 253 267 510 507 5 0.0516 568 208 838 449 8 0.0515 571 213 833 450 5 0.0511 0 37 241 274 11 0.0510 106 279 377 505 11 0.0503 244 803 501 1023 11 0.0501 644 334 914 573
xoj2VQcOAQY2PsfoMyA9uSrazWJSRhsI,11 0.0642 186 655 452 893 7 0.0624 315 779 574 1019 11 0.0614 311 783 568 1019 7 0.0614 193 656 453 893 8 0.0609 122 589 379 821 0 0.0608 190 656 451 896 8 0.0607 191 653 447 894 0 0.0605 122 591 386 824 0 0.0602 311 720 571 963 5 0.0601 306 722 567 960 10 0.0597 120 595 384 821 11 0.0593 239 723 509 962 5 0.0578 186 655 447 892 8 0.0577 313 720 565 961 13 0.0576 317 782 578 1021 5 0.0574 115 588 378 817 13 0.0565 246 721 518 965 6 0.0564 314 725 572 961 10 0.0554 306 724 568 962 13 0.0553 188 586 447 817 3 0.0553 186 586 445 819 10 0.0552 189 659 450 895 7 0.0549 128 522 390 759 3 0.0538 313 725 571 966 6 0.0536 194 657 457 897 11 0.0535 126 529 391 755 2 0.0526 315 786 571 1021 0 0.0507 698 2 1023 162 8 0.0506 702 0 1013 158 5 0.0502 698 0 1018 158
a0AG1Hh9NcbrQPYhzEFOLDp8BcITo01e,8 0.0578 567 799 806 1023 7 0.0575 133 783 379 1017 7 0.0565 255 794 507 1021 5 0.0564 121 782 372 1013 5 0.0561 562 799 810 1021 0 0.0555 128 789 375 1018 11 0.0554 569 802 812 1021 11 0.0553 251 797 503 1018 5 0.0553 250 792 501 1017 0 0.0540 255 796 505 1023 7 0.0536 573 798 819 1023 13 0.0533 570 802 825 1023 8 0.0530 130 784 370 1015 0 0.0527 634 793 885 1020 0 0.0527 0 355 332 548 10 0.0524 254 800 504 1020 0 0.0519 507 406 768 651 8 0.0515 256 795 496 1021 11 0.0512 126 788 378 1012 10 0.0509 126 788 374 1014 6 0.0503 569 806 816 1023 13 0.0502 135 460 400 705
q7XyZSRuZRzE14ByukO8L4SVZxUmgPCy,5 0.0646 187 392 444 630 5 0.0634 263 344 639 533 11 0.0627 411 417 770 596 0 0.0627 508 340 757 579 5 0.0613 338 405 701 590 7 0.0609 419 418 775 599 6 0.0604 479 419 849 600 5 0.0603 416 472 771 659 5 0.0600 503 335 753 577 0 0.0594 372 340 639 569 11 0.0592 308 344 569 563 3 0.0591 418 415 767 601 0 0.0587 312 400 568 635 6 0.0586 376 455 636 702 13 0.0586 210 351 585 537 11 0.0585 190 460 449 695 10 0.0582 346 412 706 590 13 0.0581 321 464 577 705 13 0.0578 291 406 655 598 11 0.0573 373 455 631 701 8 0.0573 253 404 507 642 8 0.0572 507 339 753 578 5 0.0572 186 517 437 766 0 0.0571 427 478 772 666 2 0.0569 509 345 759 578 7 0.0569 194 394 448 632 0 0.0566 241 340 504 566 13 0.0565 436 477 785 661 13 0.0559 196 461 453 699 0 0.0559 543 420 897 606 8 0.0558 265 527 507 775 8 0.0556 277 346 635 535 7 0.0553 338 348 713 534 6 0.0552 318 524 583 772 13 0.0548 268 529 519 773 8 0.0548 428 477 770 662 11 0.0544 183 332 439 560 6 0.0543 312 401 577 634 2 0.0543 374 348 638 568 8 0.0542 320 461 563 706 6 0.0540 340 349 714 532 6 0.0538 452 535 711 777 10 0.0537 251 409 512 639 8 0.0537 193 330 434 564 5 0.0535 445 519 702 770 7 0.0534 454 527 708 775 10 0.0534 505 341 758 576 6 0.0534 196 460 454 699 11 0.0530 446 531 701 774 13 0.0530 455 528 709 773 1 0.0528 281 405 645 596 11 0.0527 182 585 442 827 12 0.0525 349 409 709 592 3 0.0525 205 355 578 539 8 0.0524 548 416 886 604 8 0.0522 312 600 577 848 10 0.0521 441 458 709 704 13 0.0520 442 338 707 574 7 0.0517 321 462 572 705 3 0.0516 379 451 632 708 0 0.0516 268 525 516 777 11 0.0514 264 527 516 769 2 0.0513 246 345 499 561
StN6rt7OoWqLN4fgp2LgaqbCcyARAe8G,8 0.0619 444 278 699 524 8 0.0592 515 349 756 587 8 0.0582 577 271 814 507 5 0.0575 509 345 759 586 7 0.0575 575 400 827 645 11 0.0561 414 297 773 475 0 0.0560 441 281 706 527 3 0.0560 423 301 771 481 7 0.0553 445 344 697 591 6 0.0553 519 346 764 587 11 0.0550 561 139 823 376 5 0.0545 573 268 818 511 11 0.0542 438 345 691 582 0 0.0540 574 205 814 454 5 0.0536 411 295 767 478 3 0.0534 447 350 693 592 11 0.0534 568 406 827 639 3 0.0533 582 340 826 580 5 0.0532 316 194 566 433 7 0.0530 419 294 777 480 6 0.0528 581 271 828 510 0 0.0528 574 402 825 644 3 0.0525 511 414 756 660 3 0.0524 576 210 809 461 11 0.0516 320 206 568 433 13 0.0511 573 404 830 645 3 0.0509 328 201 570 443 8 0.0509 371 355 623 584 0 0.0503 497 132 755 373
NpLtJSy1KW6f5nha9pjuCQhPS4VtTue7,8 0.0626 409 480 743 669 7 0.0619 409 482 759 671 0 0.0615 407 484 751 672 0 0.0594 302 275 568 509 5 0.0582 401 477 750 670 3 0.0580 411 485 755 672 6 0.0560 410 483 755 669 11 0.0557 299 281 571 506 11 0.0557 406 485 751 668 5 0.0543 297 270 561 504 13 0.0537 412 481 759 671 10 0.0535 402 486 755 670 0 0.0527 504 223 744 440 3 0.0522 511 221 746 448 5 0.0517 494 214 743 438 6 0.0516 510 217 749 441 5 0.0514 403 587 766 781 8 0.0511 376 519 623 763 13 0.0509 309 277 576 511 8 0.0504 504 220 739 440 8 0.0504 306 274 559 508
EP5rK9PvzZ6Kl75lrl5KN4qFPaU5HpI7,11 0.0589 364 602 632 836 11 0.0583 237 593 513 820 11 0.0581 363 464 628 688 0 0.0556 438 591 698 835 11 0.0542 257 554 648 724 8 0.0542 366 463 621 688 5 0.0539 360 456 625 689 6 0.0536 369 462 630 690 6 0.0533 443 591 701 834 7 0.0531 443 589 703 835 5 0.0530 434 583 693 833 8 0.0528 439 591 691 832 3 0.0527 439 593 695 839 11 0.0517 182 503 444 745 3 0.0512 366 463 626 697 0 0.0510 363 460 626 692 7 0.0507 189 585 448 829 10 0.0507 438 591 699 835 5 0.0506 180 578 440 826 8 0.0501 288 529 550 753 10 0.0501 292 606 569 827 2 0.0500 442 593 697 832
3eCbREkX5HFE0Tksy7cDf0s8fcWEe6q8,8 0.0684 201 867 566 1023 5 0.0662 195 868 563 1021 11 0.0638 199 869 571 1021 7 0.0623 205 867 573 1023 0 0.0617 202 869 570 1023 11 0.0587 76 801 450 976 10 0.0586 60 875 443 1023 7 0.0584 85 800 456 980 13 0.0581 203 872 577 1023 6 0.0576 204 873 573 1023 0 0.0574 81 801 448 980 8 0.0572 81 801 440 980 2 0.0572 199 872 570 1023 5 0.0563 77 798 440 979 6 0.0557 85 803 449 978 1 0.0541 196 865 567 1023 9 0.0538 195 869 570 1021 3 0.0534 204 870 571 1023 3 0.0507 86 799 447 985 13 0.0505 83 802 464 982 12 0.0504 208 868 565 1023
YTcCemx17736cb5uoR8mPCKh0blsQPj6,7 0.0619 315 319 564 576 7 0.0613 445 386 697 633 0 0.0608 436 521 701 772 0 0.0605 378 587 633 836 5 0.0603 237 328 493 586 8 0.0602 242 333 487 583 11 0.0599 304 323 561 572 0 0.0598 308 318 561 576 11 0.0588 377 527 637 770 11 0.0587 245 396 499 649 0 0.0585 437 388 692 637 11 0.0581 311 668 565 906 11 0.0581 368 399 630 640 6 0.0579 443 388 697 634 6 0.0574 243 335 498 585 11 0.0571 442 593 702 829 0 0.0567 232 0 492 199 7 0.0567 443 521 706 771 8 0.0565 380 590 628 830 8 0.0565 263 195 509 440 7 0.0564 184 265 439 518 13 0.0562 444 387 698 636 8 0.0560 179 268 429 521 0 0.0557 187 205 443 460 5 0.0556 436 381 689 635 0 0.0554 313 663 565 911 0 0.0553 428 659 699 899 0 0.0549 375 456 631 708 5 0.0548 301 391 562 646 3 0.0547 377 460 632 714 11 0.0546 254 531 510 768 3 0.0546 308 325 562 581 6 0.0544 238 3 499 196 8 0.0543 434 658 694 895 5 0.0543 246 656 499 894 11 0.0540 185 207 446 454 11 0.0539 246 726 506 969 8 0.0538 308 395 555 647 13 0.0536 310 319 564 576 7 0.0535 379 457 636 708 10 0.0535 241 337 492 585 5 0.0535 228 0 488 194 7 0.0535 436 658 706 898 8 0.0534 235 1 487 196 5 0.0532 441 582 699 831 11 0.0532 185 667 454 892 13 0.0531 313 452 577 712 3 0.0530 442 389 695 641 5 0.0530 243 461 495 716 7 0.0528 248 396 501 652 8 0.0527 440 389 685 634 5 0.0526 303 725 558 975 7 0.0525 382 590 638 832 13 0.0524 187 207 451 462 6 0.0522 309 395 568 647 7 0.0522 201 607 459 834 2 0.0521 443 394 692 633 8 0.0521 378 459 625 704 11 0.0521 305 804 557 1020 6 0.0520 447 590 705 830 8 0.0520 351 0 714 152 5 0.0519 365 655 632 899 3 0.0518 379 592 634 838 11 0.0518 231 6 497 196 7 0.0517 435 797 692 1017 9 0.0517 438 387 695 631 6 0.0517 378 459 637 706 3 0.0517 359 0 725 158 5 0.0516 259 191 514 439 0 0.0516 194 77 447 323 8 0.0516 248 463 490 715 11 0.0515 341 1 730 153 13 0.0515 385 587 639 832 0 0.0514 248 396 498 653 8 0.0514 318 667 564 906 3 0.0512 248 403 497 659 6 0.0512 321 591 583 831 10 0.0511 441 523 703 768 0 0.0510 505 594 771 832 3 0.0510 441 523 703 774 6 0.0510 270 198 523 442 6 0.0510 257 533 516 773 5 0.0509 370 453 630 705 7 0.0509 314 799 565 1023 7 0.0509 258 530 514 773 10 0.0507 440 388 691 633 11 0.0507 189 79 451 317 8 0.0506 196 81 440 319
ZHr0UnDORxhozgj1HJymUY2IBE020ILh,8 0.0616 499 284 742 517 11 0.0604 570 793 818 1022 11 0.0586 310 154 572 394 13 0.0575 444 341 696 575 3 0.0572 316 153 569 402 7 0.0569 123 484 372 715 5 0.0569 432 148 693 377 0 0.0568 501 343 754 577 11 0.0567 437 341 689 570 0 0.0566 567 790 823 1023 5 0.0565 435 337 685 571 8 0.0562 568 790 814 1023 6 0.0554 442 153 703 376 11 0.0550 569 591 818 818 3 0.0543 445 152 697 382 7 0.0540 572 789 825 1023 11 0.0540 439 155 698 374 5 0.0537 311 144 564 396 6 0.0536 440 342 693 574 7 0.0534 319 150 572 397 13 0.0533 573 792 829 1023 11 0.0531 110 489 380 710 0 0.0527 493 726 759 959 5 0.0527 59 483 330 703 11 0.0526 432 582 690 822 13 0.0522 508 167 770 394 11 0.0520 509 527 752 758 6 0.0520 321 153 572 396 0 0.0519 563 524 815 775 8 0.0519 498 400 748 635 5 0.0518 495 723 755 953 7 0.0518 441 340 694 576 10 0.0517 263 151 515 388 13 0.0517 269 147 522 395 0 0.0517 503 160 766 392 8 0.0517 445 155 686 374 11 0.0517 495 732 756 953 0 0.0515 430 400 682 643 11 0.0511 493 401 751 636 6 0.0511 438 581 696 826 5 0.0510 565 785 816 1020 8 0.0508 111 790 355 1008 6 0.0507 573 793 822 1023 3 0.0506 570 792 822 1023 8 0.0505 496 729 751 954 10 0.0504 493 732 757 956 3 0.0504 441 342 691 580 7 0.0504 501 730 763 957 7 0.0501 114 786 366 1014
5oOq2n1yypjkREkFKVNfjVGuU58ArTip,7 0.0627 388 533 641 771 0 0.0627 451 539 700 770 7 0.0623 403 796 750 988 5 0.0616 372 385 639 630 0 0.0609 0 785 235 1023 11 0.0608 384 456 638 689 5 0.0607 502 457 768 694 8 0.0606 445 611 685 840 0 0.0599 380 388 647 637 8 0.0599 0 781 230 1022 11 0.0597 0 789 233 1022 11 0.0587 440 610 692 838 0 0.0586 423 792 694 1019 11 0.0586 390 804 741 985 5 0.0584 381 797 738 987 7 0.0582 383 388 649 637 5 0.0581 446 534 699 765 8 0.0580 388 327 637 568 6 0.0576 458 461 718 690 6 0.0576 0 787 238 1020 11 0.0574 387 332 647 563 7 0.0571 551 804 898 993 8 0.0571 429 785 689 1017 0 0.0571 385 267 646 489 7 0.0569 459 461 714 692 8 0.0568 385 530 634 765 7 0.0567 448 608 693 841 11 0.0566 509 536 764 762 3 0.0559 3 782 232 1023 7 0.0558 1 782 238 1023 6 0.0558 499 608 755 837 3 0.0555 388 454 637 698 11 0.0555 451 388 715 623 6 0.0555 429 788 697 1017 8 0.0553 456 457 707 693 3 0.0549 432 787 691 1023 5 0.0549 313 458 588 694 3 0.0549 448 606 689 845 13 0.0548 391 533 644 763 7 0.0547 109 779 363 1018 8 0.0544 513 533 759 766 5 0.0544 0 784 231 1020 13 0.0542 385 388 650 634 10 0.0533 427 795 697 1019 6 0.0533 383 390 656 635 0 0.0530 310 324 579 561 13 0.0530 460 461 718 690 6 0.0529 465 338 723 567 13 0.0529 1 785 240 1023 5 0.0527 103 782 356 1014 11 0.0525 304 387 585 633 5 0.0525 453 329 710 564 7 0.0524 517 533 766 765 8 0.0523 517 386 763 628 11 0.0523 540 808 894 986 11 0.0522 453 488 825 663 0 0.0521 518 393 770 630 13 0.0520 317 328 587 574 7 0.0520 518 389 775 628 10 0.0515 452 539 701 767 3 0.0514 514 536 764 773 2 0.0513 515 540 767 766 2 0.0512 55 794 304 1022 5 0.0507 301 322 573 561 1 0.0504 0 777 237 1022 13 0.0502 514 534 770 768 5 0.0501 371 264 643 484
xbGA6m9h2PQ5h7CMTDp1VNw3EdT2LehL,8 0.0616 393 334 637 585 11 0.0600 309 409 565 653 11 0.0592 393 343 642 583 11 0.0589 237 349 502 582 5 0.0588 307 351 565 591 7 0.0586 311 405 570 652 7 0.0583 394 344 645 588 11 0.0570 309 292 581 527 0 0.0570 392 341 638 587 5 0.0563 306 455 567 705 3 0.0561 395 341 642 587 0 0.0554 312 403 565 653 6 0.0550 640 100 901 329 0 0.0550 318 292 577 526 7 0.0549 312 290 584 531 2 0.0542 311 460 575 710 8 0.0533 323 209 583 448 11 0.0529 385 466 640 699 13 0.0526 394 343 654 585 5 0.0525 241 286 491 516 7 0.0525 394 462 644 702 11 0.0524 633 104 899 329 10 0.0519 388 349 645 586 2 0.0518 316 358 570 597 2 0.0518 379 290 634 523 8 0.0518 636 103 887 330 0 0.0518 706 94 956 327 2 0.0518 321 215 591 452 3 0.0516 380 210 650 445 6 0.0513 382 287 639 520 8 0.0512 245 284 489 522 3 0.0509 248 289 496 529 8 0.0508 386 459 632 702 13 0.0508 636 102 909 329 5 0.0506 443 395 696 636 0 0.0506 387 462 639 706 11 0.0506 324 532 580 781 6 0.0504 248 293 503 518 7 0.0501 328 530 582 785 5 0.0500 627 93 889 325
yQf1uaBO3voH6DkFNXzJp5Kp6s3VKRND,11 0.0661 508 1 772 197 3 0.0644 569 76 824 319 8 0.0643 570 138 818 377 8 0.0630 556 2 817 193 0 0.0626 569 137 823 377 8 0.0624 122 657 373 888 7 0.0623 512 0 777 200 13 0.0617 573 138 828 376 5 0.0605 505 0 769 198 3 0.0604 559 0 820 201 0 0.0599 121 663 376 887 11 0.0599 114 665 375 882 11 0.0599 561 75 824 312 0 0.0598 508 2 772 198 6 0.0597 559 1 823 193 5 0.0597 567 130 821 373 10 0.0596 556 2 819 194 5 0.0592 113 659 374 882 8 0.0591 185 726 440 959 7 0.0590 567 72 828 315 10 0.0585 565 78 823 313 11 0.0584 243 794 504 1009 13 0.0582 511 0 783 195 6 0.0581 575 137 825 374 3 0.0580 643 144 878 366 2 0.0578 564 80 824 312 0 0.0577 638 200 887 420 5 0.0576 179 724 442 954 11 0.0567 181 734 441 956 6 0.0566 122 662 377 885 7 0.0563 122 660 379 888 6 0.0554 644 201 896 419 8 0.0552 639 201 879 421 3 0.0550 189 669 444 900 7 0.0549 640 141 883 363 9 0.0549 507 0 775 196 2 0.0542 639 149 882 360 13 0.0542 643 200 896 421 12 0.0541 566 77 824 313 0 0.0539 183 728 444 959 11 0.0538 636 140 880 358 4 0.0537 563 79 829 313 2 0.0535 557 5 819 195 7 0.0534 183 786 451 1016 1 0.0532 550 0 820 194 5 0.0529 108 833 382 1019 11 0.0528 236 668 503 886 8 0.0528 249 789 501 1007 9 0.0526 563 76 826 307 1 0.0522 558 72 824 313 6 0.0521 187 730 443 959 3 0.0516 121 728 375 960 5 0.0514 238 657 503 886 5 0.0512 241 786 504 1006 12 0.0511 559 2 823 195 8 0.0508 116 837 381 1021 10 0.0505 122 668 378 886 3 0.0505 183 786 442 1020 4 0.0504 558 3 826 195 8 0.0500 247 661 499 893
Zv3IsLnze2gecZJA9024QX45q2g2Xb3c,6 0.0614 694 329 941 576 11 0.0600 644 147 894 389 11 0.0594 478 469 848 654 8 0.0593 759 317 1007 578 11 0.0590 757 325 1017 578 5 0.0587 629 324 882 574 0 0.0580 691 330 936 577 5 0.0577 640 140 890 386 7 0.0575 574 203 826 458 0 0.0567 573 204 821 454 11 0.0565 573 204 825 454 7 0.0564 648 143 892 389 0 0.0562 473 414 834 601 11 0.0561 630 331 886 576 6 0.0559 479 418 838 600 6 0.0558 647 144 894 387 13 0.0557 693 333 942 577 8 0.0554 568 203 814 454 13 0.0554 472 416 844 601 5 0.0552 567 200 820 457 3 0.0546 435 472 784 661 8 0.0545 473 417 822 599 11 0.0545 502 349 759 582 8 0.0544 639 141 883 387 7 0.0543 484 466 852 653 3 0.0543 637 330 884 581 8 0.0541 630 327 878 575 13 0.0541 574 204 828 457 3 0.0540 576 202 822 463 7 0.0539 634 328 888 578 6 0.0538 577 204 825 457 5 0.0537 419 467 780 655 6 0.0536 491 533 845 722 0 0.0535 643 143 889 388 10 0.0534 484 472 843 651 12 0.0533 634 327 885 578 13 0.0530 648 143 899 389 11 0.0529 386 478 640 700 11 0.0525 389 363 640 586 3 0.0524 649 141 891 392 7 0.0523 323 536 576 776 3 0.0522 507 346 760 591 7 0.0522 507 347 767 583 2 0.0522 634 331 882 578 10 0.0520 631 332 886 571 10 0.0513 501 349 760 584 8 0.0512 683 401 930 642 9 0.0511 685 332 936 569 7 0.0510 392 472 648 701 2 0.0509 644 148 891 388 11 0.0507 315 544 571 774 9 0.0507 566 203 821 450 5 0.0506 754 317 1014 577 11 0.0504 445 288 701 511 10 0.0504 646 147 893 387 11 0.0503 679 404 941 642 10 0.0503 319 546 569 775 8 0.0502 317 542 563 777 0 0.0502 482 529 836 727 8 0.0501 383 421 620 646 10 0.0500 573 205 821 456
j0JqNaXD02cw74a4M6JccQSeiQVtyDJn,8 0.0601 381 587 633 816 11 0.0584 394 529 654 758 8 0.0582 317 525 565 757 5 0.0548 385 526 649 753 0 0.0546 249 262 519 502 0 0.0546 243 129 500 369 6 0.0541 258 194 513 432 11 0.0540 247 198 513 431 5 0.0538 248 324 519 559 6 0.0537 400 533 660 756 8 0.0530 566 102 818 324 5 0.0530 244 194 504 430 7 0.0529 398 529 658 759 7 0.0522 254 196 513 435 13 0.0519 401 533 663 759 5 0.0518 366 651 634 886 11 0.0515 253 327 528 560 5 0.0515 576 138 830 375 11 0.0514 368 661 641 889 7 0.0513 584 142 838 380 6 0.0512 587 143 839 376 10 0.0512 381 593 641 819 6 0.0511 264 326 529 566 8 0.0507 373 726 630 953 0 0.0504 581 141 834 379 7 0.0503 375 660 643 895 0 0.0503 378 592 644 819 11 0.0501 579 144 835 378
wCo8fwCjgnGwY03VtRK5STMay4nojggA,7 0.0619 322 724 575 968 8 0.0603 179 658 426 894 5 0.0595 572 791 809 1017 7 0.0594 185 714 436 948 11 0.0586 573 794 810 1014 0 0.0584 179 659 430 895 7 0.0582 580 792 816 1019 8 0.0581 173 475 425 722 11 0.0577 118 776 374 1017 11 0.0577 178 663 434 892 8 0.0577 125 771 365 1020 0 0.0575 320 727 570 973 0 0.0570 171 532 432 780 11 0.0566 173 481 436 719 5 0.0565 313 724 568 964 11 0.0558 315 728 571 965 0 0.0557 121 779 368 1020 7 0.0554 127 775 373 1021 8 0.0552 316 725 565 969 10 0.0550 315 731 571 966 0 0.0549 574 793 811 1022 10 0.0549 177 665 430 893 6 0.0536 320 730 574 968 5 0.0535 176 714 430 950 5 0.0535 173 474 431 716 13 0.0533 321 728 579 969 6 0.0532 574 798 812 1019 3 0.0530 575 795 809 1023 13 0.0522 578 797 816 1023 8 0.0522 575 793 805 1017 10 0.0515 574 796 808 1017 7 0.0512 173 528 436 780 5 0.0510 118 774 366 1017 9 0.0509 568 799 811 1017 13 0.0505 124 777 380 1023 10 0.0505 112 725 366 948 6 0.0501 171 483 438 718
Uu1m5HqZXmr6e3XnignitWnn2HHXPNT5,0 0.0630 180 0 439 202 8 0.0619 523 271 770 490 8 0.0606 99 402 366 651 5 0.0602 170 325 426 562 11 0.0600 521 270 780 490 5 0.0600 303 149 563 389 11 0.0599 587 407 854 633 11 0.0589 443 217 712 438 0 0.0588 517 473 778 715 7 0.0586 447 590 686 829 11 0.0585 439 590 681 823 8 0.0585 514 470 770 717 5 0.0584 258 17 519 267 0 0.0584 659 330 891 551 0 0.0580 120 336 380 581 6 0.0580 180 329 439 563 7 0.0579 379 662 626 890 5 0.0579 434 148 702 384 7 0.0576 450 469 711 706 8 0.0575 186 2 429 200 8 0.0572 510 140 766 374 11 0.0572 182 258 444 491 11 0.0570 445 474 707 701 5 0.0568 587 401 847 634 11 0.0567 180 0 438 198 6 0.0566 507 605 746 835 0 0.0560 503 604 741 836 11 0.0560 375 785 632 1015 6 0.0559 594 406 855 639 6 0.0559 183 0 441 198 5 0.0558 434 581 678 828 8 0.0558 388 154 644 388 5 0.0557 190 192 443 435 0 0.0557 369 661 617 896 8 0.0557 175 323 424 569 2 0.0556 519 410 789 632 13 0.0556 256 90 522 338 11 0.0555 509 138 775 372 0 0.0555 178 76 439 324 11 0.0555 365 662 619 891 0 0.0554 520 274 780 493 5 0.0551 181 0 432 200 0 0.0551 248 148 502 390 8 0.0548 448 406 721 633 3 0.0548 449 217 704 452 0 0.0547 186 259 441 499 7 0.0547 519 270 780 491 5 0.0546 102 406 363 644 11 0.0546 713 404 966 622 5 0.0545 173 74 429 319 8 0.0545 445 587 672 827 8 0.0543 257 90 503 336 11 0.0542 187 129 451 373 8 0.0542 377 284 634 496 13 0.0541 442 592 689 829 7 0.0539 438 152 706 389 7 0.0539 178 325 433 569 13 0.0539 189 259 450 498 8 0.0538 584 333 838 557 13 0.0538 443 474 720 703 11 0.0538 250 198 505 433 10 0.0537 438 79 711 311 11 0.0534 554 546 822 779 2 0.0534 252 153 502 392 0 0.0532 439 155 701 388 0 0.0530 318 82 580 331 6 0.0529 524 341 795 556 13 0.0529 259 199 511 435 10 0.0528 188 133 451 375 8 0.0527 258 201 494 434 7 0.0527 384 781 643 1017 7 0.0526 323 82 585 333 13 0.0525 121 336 389 575 11 0.0524 96 412 379 640 5 0.0524 511 201 768 436 2 0.0522 586 340 847 562 7 0.0522 184 1 440 201 3 0.0520 185 0 437 205 5 0.0520 442 467 700 703
mDPw6hbjpOmsfIButjqTTm359o0FFxEU,8 0.0643 174 780 417 1023 5 0.0614 171 779 416 1018 11 0.0610 178 718 431 957 0 0.0610 176 781 423 1023 7 0.0608 182 714 433 962 8 0.0583 252 660 494 895 0 0.0581 209 670 569 852 0 0.0570 430 525 678 752 7 0.0570 208 668 572 847 11 0.0570 239 791 487 1021 10 0.0567 117 720 372 957 6 0.0565 176 786 423 1023 10 0.0563 180 661 437 896 11 0.0559 245 661 501 894 7 0.0557 243 785 493 1023 0 0.0556 252 718 495 968 13 0.0542 178 783 427 1023 5 0.0540 245 714 490 959 10 0.0538 173 787 424 1022 5 0.0534 179 654 432 894 6 0.0531 249 721 499 965 11 0.0530 184 603 440 828 11 0.0527 240 529 492 766 2 0.0527 173 784 425 1023 0 0.0525 367 590 627 831 7 0.0523 317 714 572 973 9 0.0523 171 782 423 1019 3 0.0522 253 662 502 903 8 0.0521 314 786 545 1023 10 0.0521 245 723 500 960 5 0.0521 310 780 546 1018 0 0.0514 315 790 553 1023 11 0.0509 364 592 628 823 0 0.0509 244 526 497 766 3 0.0509 176 782 422 1023 13 0.0504 435 524 685 751 11 0.0504 431 527 675 745 1 0.0503 172 775 421 1023 8 0.0501 188 599 430 828
IZGVJBmpmv8E7zu2ccTgXhBtmAZ0C4C3,5 0.0587 291 791 547 1017 0 0.0538 639 472 890 703 7 0.0536 366 796 624 1010 5 0.0533 235 730 491 948 5 0.0526 591 600 880 827 11 0.0526 363 799 620 1006 8 0.0525 296 795 538 1013 8 0.0523 356 735 600 952 8 0.0519 549 522 817 758 0 0.0514 364 794 620 1013 11 0.0506 295 737 564 945 11 0.0505 638 470 895 697 7 0.0501 551 526 829 763
ItheKzkIHrG950VEhZoIvA16PxhNanna,5 0.0644 434 278 692 507 11 0.0617 452 153 706 389 5 0.0611 413 502 689 754 11 0.0610 364 285 633 504 8 0.0609 440 281 693 510 8 0.0599 368 579 622 823 11 0.0590 417 513 689 757 7 0.0588 372 284 632 505 11 0.0587 497 403 753 639 3 0.0587 504 401 753 650 7 0.0585 429 511 693 760 5 0.0585 347 397 622 631 11 0.0579 363 579 627 824 8 0.0579 500 397 745 643 3 0.0578 375 283 632 510 5 0.0574 496 393 747 641 3 0.0572 428 458 687 711 5 0.0571 364 203 622 439 11 0.0570 305 154 558 376 3 0.0570 527 286 770 530 10 0.0569 455 154 702 394 11 0.0569 429 340 689 573 11 0.0564 351 408 627 633 7 0.0564 436 339 690 577 8 0.0560 423 509 682 759 3 0.0560 436 340 688 582 5 0.0559 510 214 769 454 8 0.0559 371 209 618 447 5 0.0559 448 146 699 388 8 0.0558 355 343 619 566 3 0.0555 500 516 756 770 3 0.0554 354 403 626 642 11 0.0554 517 283 775 519 0 0.0553 369 285 632 505 10 0.0552 368 287 635 507 8 0.0552 517 218 767 459 6 0.0552 425 513 696 754 6 0.0550 373 283 633 503 0 0.0547 509 337 759 576 0 0.0540 298 398 558 634 8 0.0536 310 149 547 376 3 0.0535 466 150 699 398 2 0.0535 446 290 696 510 6 0.0533 429 405 689 643 0 0.0531 301 582 570 837 11 0.0527 295 343 564 567 7 0.0527 303 338 566 570 11 0.0527 303 669 567 905 5 0.0527 357 658 625 901 7 0.0526 493 584 757 840 8 0.0526 459 151 697 391 7 0.0526 357 405 628 638 0 0.0526 527 482 879 661 0 0.0525 515 226 774 457 10 0.0524 430 341 689 577 5 0.0524 385 0 623 237 5 0.0523 290 332 556 564 0 0.0523 299 3 550 205 13 0.0523 444 288 701 509 0 0.0523 425 404 685 642 5 0.0521 478 576 749 836 0 0.0521 458 154 704 390 10 0.0521 352 410 632 637 7 0.0519 371 581 632 830 13 0.0519 428 464 693 704 0 0.0517 367 515 641 766 13 0.0517 304 583 576 831 6 0.0515 514 336 761 574 8 0.0514 552 462 810 709 7 0.0513 523 283 776 523 7 0.0512 575 404 818 651 10 0.0512 525 289 776 519 13 0.0512 511 334 763 573 11 0.0511 424 666 693 905 10 0.0509 295 348 567 567 6 0.0508 371 580 637 823 11 0.0508 228 590 497 833 5 0.0506 554 513 823 764 7 0.0504 387 151 619 398 5 0.0501 300 142 556 375 5 0.0501 232 663 503 904
vU1BAZguK7RKD1XgnAXrW8mY6qYyWuF7,8 0.0671 505 206 754 447 8 0.0643 318 267 561 516 8 0.0642 217 220 563 404 5 0.0640 309 207 568 456 13 0.0636 316 210 574 457 8 0.0635 377 339 625 580 11 0.0634 298 409 557 652 11 0.0633 234 142 511 378 11 0.0630 310 213 571 455 0 0.0625 215 219 572 404 8 0.0624 306 406 552 656 3 0.0620 311 147 574 391 0 0.0620 183 266 436 517 5 0.0620 234 136 509 379 6 0.0619 442 444 699 690 7 0.0618 377 398 642 640 5 0.0617 305 334 557 580 0 0.0615 509 268 767 512 6 0.0614 314 339 559 581 3 0.0613 511 211 760 450 5 0.0613 561 208 822 449 11 0.0611 562 210 823 449 0 0.0610 247 336 488 577 11 0.0610 375 343 633 578 11 0.0609 247 270 502 511 10 0.0609 312 212 570 454 0 0.0605 319 266 566 519 8 0.0603 247 335 484 573 3 0.0599 382 342 632 584 0 0.0599 443 388 698 639 8 0.0596 579 335 834 582 11 0.0596 172 451 440 696 3 0.0596 318 271 568 522 6 0.0596 221 222 573 406 10 0.0595 505 212 760 448 6 0.0593 187 447 440 699 8 0.0593 183 445 430 703 13 0.0588 242 136 516 382 0 0.0587 574 335 842 584 7 0.0587 314 145 573 386 3 0.0586 245 337 489 580 7 0.0586 248 208 507 449 13 0.0585 252 264 503 514 3 0.0585 246 208 506 455 3 0.0584 302 408 558 661 6 0.0582 583 335 846 578 7 0.0582 180 448 440 702 7 0.0579 321 268 570 516 6 0.0578 252 266 500 511 8 0.0578 307 95 550 317 2 0.0577 250 268 498 510 8 0.0577 566 140 810 378 6 0.0577 514 268 769 508 7 0.0576 180 265 440 517 8 0.0575 182 263 430 516 3 0.0574 442 450 696 696 10 0.0574 245 342 490 571 7 0.0574 246 335 492 574 0 0.0569 302 91 559 318 13 0.0568 510 267 771 509 7 0.0566 507 208 763 445 7 0.0565 309 456 568 708 6 0.0565 308 96 563 317 10 0.0563 241 143 509 378 2 0.0562 314 213 567 455 11 0.0561 298 523 565 761 12 0.0561 315 209 571 458 10 0.0559 375 342 634 583 5 0.0556 569 332 836 578 10 0.0555 563 141 814 376 13 0.0555 440 447 703 691 0 0.0554 372 453 632 703 5 0.0554 366 390 633 641 3 0.0553 193 515 441 783 13 0.0553 314 339 564 582 5 0.0551 115 193 380 445 12 0.0550 312 339 559 584 11 0.0550 573 333 844 576 10 0.0545 180 275 435 513 13 0.0544 577 335 849 580 3 0.0544 182 145 446 389
3yFPkMd9RucZxoO5uU00tA2kk2Nb1Ahp,11 0.0639 311 404 578 645 11 0.0630 311 529 564 768 6 0.0624 315 529 568 768 6 0.0624 315 402 581 643 0 0.0619 312 335 574 583 5 0.0619 381 399 639 644 7 0.0616 316 402 581 644 7 0.0613 314 525 569 770 3 0.0611 316 404 576 648 11 0.0609 244 473 497 710 8 0.0605 186 534 437 777 8 0.0604 305 594 555 841 0 0.0603 375 462 635 703 10 0.0602 312 528 566 769 7 0.0602 246 472 501 711 8 0.0601 245 469 491 711 5 0.0597 303 593 555 836 5 0.0595 242 399 502 643 5 0.0595 309 331 570 582 10 0.0592 183 542 443 776 0 0.0590 246 403 505 646 8 0.0587 312 405 572 644 11 0.0585 187 540 444 778 13 0.0584 381 462 641 703 5 0.0582 304 459 566 707 0 0.0580 308 595 559 840 13 0.0579 315 526 569 770 6 0.0576 249 473 501 709 10 0.0574 378 464 638 702 3 0.0574 313 530 565 773 7 0.0570 187 537 447 779 6 0.0563 188 542 447 779 10 0.0561 244 474 496 711 12 0.0559 315 401 576 647 5 0.0559 183 533 438 774 2 0.0555 313 340 573 582 3 0.0554 248 473 497 713 2 0.0547 377 465 633 702 0 0.0545 181 467 437 716 6 0.0542 116 463 376 708 9 0.0536 374 459 635 699 2 0.0535 248 406 508 648 5 0.0533 112 458 365 705 13 0.0532 248 470 504 712 11 0.0528 114 463 370 705 1 0.0525 309 329 571 583 2 0.0522 307 600 557 838 9 0.0520 310 525 563 766 8 0.0514 115 456 362 708 7 0.0509 115 459 373 707 10 0.0506 52 532 299 758 13 0.0505 117 465 375 710 9 0.0503 244 471 497 707 13 0.0502 191 539 451 781 4 0.0500 317 408 579 647
BUpSDdbS8riyY9jSHQKwQCaBxlodyYsy,11 0.0615 378 453 629 691 0 0.0602 503 593 754 842 11 0.0589 441 526 704 763 5 0.0582 557 657 827 899 8 0.0574 442 663 695 907 0 0.0573 564 661 827 904 0 0.0569 445 521 703 768 0 0.0563 437 662 704 910 13 0.0559 509 598 759 842 8 0.0558 507 596 748 840 0 0.0557 374 599 634 840 8 0.0557 382 448 620 691 7 0.0556 507 596 758 841 0 0.0555 381 449 626 692 5 0.0554 309 450 563 703 11 0.0553 500 600 755 838 2 0.0552 562 667 826 903 0 0.0552 241 667 511 897 6 0.0550 568 664 828 900 8 0.0550 565 664 821 900 3 0.0550 510 596 755 842 5 0.0549 501 591 752 838 3 0.0549 566 661 828 907 8 0.0549 448 521 698 765 8 0.0547 376 598 625 838 6 0.0544 508 595 754 838 11 0.0543 436 669 700 907 5 0.0543 555 781 804 1014 7 0.0542 444 664 709 908 5 0.0540 369 666 631 904 2 0.0535 503 598 756 840 10 0.0535 310 458 566 705 6 0.0535 448 524 709 764 10 0.0533 446 526 704 764 7 0.0533 566 786 813 1022 7 0.0532 565 662 831 904 5 0.0531 239 661 504 891 5 0.0531 441 518 703 763 13 0.0530 318 457 574 707 2 0.0526 383 456 625 693 3 0.0526 450 523 705 770 11 0.0524 239 669 511 893 0 0.0520 565 786 811 1023 8 0.0520 317 510 569 754 7 0.0519 448 525 708 767 11 0.0518 559 668 828 902 6 0.0518 320 456 571 703 13 0.0516 446 664 708 911 11 0.0515 562 790 807 1021 10 0.0515 561 668 831 902 7 0.0515 385 452 630 696 8 0.0515 562 783 802 1022 5 0.0513 307 583 571 828 7 0.0513 376 601 637 838 8 0.0513 371 727 628 961 0 0.0513 432 784 704 1023 2 0.0512 317 515 573 758 13 0.0512 568 789 816 1023 5 0.0510 248 192 494 438 13 0.0509 380 598 639 840 13 0.0507 569 664 832 903 3 0.0504 442 666 702 909 8 0.0504 252 199 487 438 2 0.0502 445 527 703 764 13 0.0502 248 663 517 897 11 0.0502 370 603 634 834 10 0.0502 505 599 754 839 8 0.0501 246 663 502 897 6 0.0501 377 600 635 836 13 0.0501 440 785 707 1023 11 0.0501 251 197 499 436
Sk0kwOf8g0RKsRGM3sOgAFUkjDPJlRV7,11 0.0616 307 282 560 512 11 0.0600 441 339 706 584 0 0.0593 440 341 705 592 8 0.0579 442 338 698 590 6 0.0578 308 216 565 447 11 0.0578 184 146 441 380 8 0.0565 312 283 554 517 8 0.0563 184 213 434 452 7 0.0561 314 277 564 515 5 0.0560 306 281 557 514 7 0.0559 247 470 503 719 5 0.0555 180 277 433 519 5 0.0552 476 129 657 495 5 0.0552 435 337 700 591 7 0.0548 446 338 710 589 0 0.0547 474 138 660 498 3 0.0547 313 284 561 519 5 0.0541 239 466 500 717 3 0.0541 317 150 564 386 11 0.0540 182 281 440 521 0 0.0538 183 216 437 450 0 0.0537 309 282 562 517 8 0.0537 185 332 440 597 5 0.0536 235 208 495 443 11 0.0536 311 147 563 377 11 0.0535 476 139 664 488 7 0.0533 243 205 504 446 3 0.0531 243 472 499 725 13 0.0530 445 342 710 592 13 0.0529 187 212 449 452 2 0.0528 443 346 707 590 8 0.0527 252 147 493 383 11 0.0526 237 475 504 716 6 0.0526 445 341 708 591 6 0.0523 252 146 506 382 11 0.0521 631 274 900 507 6 0.0519 190 281 446 523 3 0.0518 241 211 500 453 5 0.0517 292 595 559 837 13 0.0517 191 337 454 599 0 0.0515 313 148 565 381 13 0.0511 313 283 569 520 7 0.0509 190 333 447 592 8 0.0508 241 472 492 721 10 0.0507 439 344 710 592 7 0.0502 481 135 662 496
eJHyVkJYbKqn4er3FPgxo90sBlRw0av5,14 1.0 0 0 1 1
kDF4DPD7EYfQYzhltgyIIa63ay1jFqec,8 0.0665 323 343 571 587 11 0.0646 347 488 702 671 5 0.0636 318 339 571 586 11 0.0635 253 330 504 574 0 0.0630 321 343 575 596 8 0.0627 347 486 696 673 7 0.0622 314 595 585 844 5 0.0621 232 537 492 780 5 0.0616 373 509 633 766 10 0.0606 255 336 505 578 7 0.0604 378 514 644 765 6 0.0599 326 343 579 586 13 0.0591 326 342 579 589 7 0.0585 324 344 577 587 13 0.0584 351 489 715 672 11 0.0582 242 476 494 716 0 0.0580 347 488 703 674 8 0.0578 309 600 567 842 2 0.0575 352 491 706 673 11 0.0575 312 599 573 845 7 0.0571 240 538 502 782 3 0.0570 325 344 575 592 6 0.0569 352 489 709 672 3 0.0561 354 488 699 677 6 0.0553 312 601 584 845 11 0.0551 233 667 503 891 0 0.0548 248 472 497 720 3 0.0545 245 478 494 723 13 0.0545 250 474 504 718 1 0.0545 321 337 574 589 8 0.0542 241 475 490 719 0 0.0541 565 0 833 199 7 0.0533 232 662 515 893 10 0.0529 376 519 640 769 1 0.0529 342 483 699 672 5 0.0528 306 592 567 844 11 0.0526 563 0 831 195 2 0.0520 259 334 504 579 10 0.0519 238 551 496 779 4 0.0516 347 492 705 677 9 0.0514 321 342 572 585 6 0.0514 246 477 500 716 7 0.0510 313 726 583 955 2 0.0509 248 483 499 720 6 0.0508 230 669 511 890 8 0.0508 234 662 497 887 12 0.0505 325 344 577 588 12 0.0503 352 486 701 673 12 0.0503 243 541 496 785 2 0.0502 323 283 568 518 8 0.0502 567 0 822 193
aDtUM07NNPPkwfSfhSuNXFfaUl151FI3,8 0.0666 387 75 641 314 0 0.0656 385 75 649 314 8 0.0624 256 137 506 385 11 0.0623 383 76 648 314 7 0.0617 318 134 583 372 10 0.0616 380 80 648 313 11 0.0615 314 137 580 373 6 0.0613 321 138 584 372 3 0.0611 382 139 640 369 5 0.0608 246 135 509 379 7 0.0600 385 75 653 314 13 0.0599 378 141 644 368 11 0.0595 370 591 637 823 5 0.0593 370 134 635 367 0 0.0593 327 8 577 260 9 0.0587 315 136 579 367 5 0.0577 368 584 632 823 13 0.0577 263 77 521 317 11 0.0577 487 596 763 830 13 0.0577 497 594 767 836 13 0.0576 329 12 586 260 0 0.0576 620 525 896 763 10 0.0575 315 141 583 370 0 0.0573 320 135 581 373 11 0.0567 623 608 895 828 8 0.0564 375 467 620 694 8 0.0564 375 590 629 826 5 0.0561 485 589 757 829 1 0.0561 374 136 640 365 2 0.0559 377 142 637 372 9 0.0557 383 77 646 307 6 0.0555 387 76 650 314 3 0.0553 255 138 510 389 11 0.0548 511 458 769 701 12 0.0546 378 138 640 367 10 0.0544 329 15 576 257 2 0.0542 323 76 574 313 6 0.0539 380 589 638 826 0 0.0539 491 592 763 834 13 0.0535 525 457 775 705 5 0.0534 512 453 768 700 8 0.0530 491 594 755 834 6 0.0530 520 455 771 704 0 0.0529 378 589 632 825 13 0.0528 380 589 643 825 8 0.0527 330 9 572 258 7 0.0526 494 594 768 835 3 0.0525 495 594 764 838 7 0.0524 524 454 776 703 8 0.0522 519 459 761 702 7 0.0521 620 521 902 759 7 0.0521 380 527 635 762 8 0.0520 617 525 886 759 13 0.0520 625 524 901 760 4 0.0518 389 78 652 311 5 0.0518 616 519 888 756 11 0.0518 368 470 629 692 10 0.0516 372 594 636 824 5 0.0515 557 721 820 961 4 0.0514 317 140 582 372 10 0.0513 491 597 765 832 0 0.0511 517 458 769 705 8 0.0509 561 726 813 965 6 0.0508 381 468 627 695 6 0.0507 494 594 767 832 3 0.0507 325 0 573 205 2 0.0505 255 142 511 384 2 0.0505 376 593 636 824 6 0.0505 623 525 897 762 5 0.0503 371 459 624 695
fuxiiG9zlClYqMqruYBeGIwznNMZ2dBp,5 0.0658 256 782 493 1021 11 0.0640 256 787 494 1020 7 0.0630 259 784 499 1023 0 0.0625 259 787 496 1023 8 0.0601 259 783 490 1023 10 0.0590 256 792 495 1020 5 0.0583 504 779 748 1011 11 0.0565 510 783 753 1011 3 0.0561 258 785 496 1023 6 0.0552 260 792 498 1021 7 0.0550 513 781 760 1012 0 0.0547 508 782 755 1018 8 0.0538 508 782 747 1015 13 0.0535 263 787 504 1022 6 0.0522 514 788 756 1018 9 0.0516 254 785 496 1020 11 0.0504 575 729 817 952
HCaDskOGAIhr7oUfbTtDL0bgjTqYibqZ,5 0.0699 312 780 562 1021 8 0.0669 314 778 561 1022 7 0.0659 315 781 567 1023 5 0.0652 256 710 498 960 0 0.0638 314 783 563 1023 0 0.0631 256 713 498 964 7 0.0622 259 718 503 961 11 0.0613 312 783 562 1021 11 0.0609 255 719 504 958 8 0.0599 258 714 496 958 6 0.0592 314 787 566 1023 13 0.0582 317 784 568 1023 10 0.0577 257 719 501 959 6 0.0570 259 717 505 961 5 0.0566 234 266 510 508 10 0.0565 312 785 564 1022 3 0.0565 316 782 565 1023 9 0.0562 312 784 563 1022 2 0.0561 316 786 565 1023 13 0.0549 260 713 507 959 11 0.0540 233 276 511 508 2 0.0537 258 720 502 963 8 0.0537 244 268 494 511 0 0.0536 242 271 508 509 3 0.0533 258 717 501 965 8 0.0532 174 202 445 437 1 0.0529 312 778 563 1023 7 0.0525 242 270 512 511 3 0.0521 310 266 579 509 6 0.0511 241 274 517 511 12 0.0506 318 781 564 1023 1 0.0501 253 713 501 959 12 0.0501 259 715 501 963
dn4EzeqIG9nmcDREuS2lVguqwPWkbVtA,8 0.0586 569 229 822 457 11 0.0571 618 175 882 398 0 0.0568 694 164 941 402 7 0.0560 518 278 767 514 8 0.0558 316 283 558 510 6 0.0556 628 175 887 395 0 0.0554 569 232 826 460 11 0.0550 566 734 813 958 5 0.0548 614 170 883 395 6 0.0548 572 235 832 457 5 0.0544 304 277 569 512 13 0.0541 628 175 889 398 10 0.0541 620 177 881 398 8 0.0538 699 217 933 437 2 0.0530 624 178 883 400 6 0.0528 692 290 946 504 0 0.0521 314 278 576 516 0 0.0519 565 729 819 968 0 0.0516 692 42 956 273 7 0.0516 623 232 895 447 8 0.0512 357 405 707 599 8 0.0512 566 731 809 962 11 0.0507 680 289 942 504 11 0.0506 513 285 764 512 7 0.0506 695 163 951 402 5 0.0505 768 193 1010 434 5 0.0504 507 274 756 517 3 0.0502 624 174 881 404
uAh8eDryDw3O3Js4pQIofERCQgxCuMft,0 0.0682 126 400 373 645 5 0.0625 247 329 515 573 0 0.0622 170 272 443 517 11 0.0589 323 336 583 571 11 0.0576 240 266 512 500 11 0.0572 177 334 455 577 5 0.0568 355 469 722 663 11 0.0568 122 402 376 640 0 0.0567 255 333 517 578 5 0.0564 122 393 372 644 0 0.0564 389 402 649 658 6 0.0563 299 344 663 529 13 0.0558 186 334 456 586 5 0.0557 124 595 370 841 6 0.0555 187 330 458 581 11 0.0546 389 402 651 653 5 0.0546 373 518 632 776 7 0.0545 334 334 582 574 8 0.0544 256 327 512 578 0 0.0544 316 268 571 509 8 0.0543 385 672 632 913 11 0.0541 431 673 698 901 3 0.0541 254 334 519 581 7 0.0540 381 522 641 776 13 0.0539 247 266 516 509 0 0.0537 242 210 513 443 7 0.0536 184 329 453 585 8 0.0536 119 327 381 582 11 0.0535 377 523 636 773 5 0.0534 308 266 566 503 2 0.0533 252 335 518 576 5 0.0530 166 266 439 510 0 0.0530 378 521 636 781 7 0.0528 390 400 654 656 8 0.0525 386 400 641 655 13 0.0523 130 399 380 649 0 0.0522 120 205 382 442 5 0.0520 438 351 694 585 6 0.0520 247 264 517 506 8 0.0519 107 454 364 707 7 0.0517 137 599 370 848 3 0.0517 390 405 655 660 13 0.0515 391 403 656 657 6 0.0514 387 403 657 655 10 0.0512 124 407 374 640 6 0.0511 129 396 377 643 0 0.0511 120 518 368 772 7 0.0510 112 454 374 708 0 0.0510 433 667 700 904 2 0.0508 389 466 647 714 3 0.0508 389 677 642 917 13 0.0503 379 521 642 779 6 0.0502 379 526 642 774 11 0.0502 117 519 372 766 10 0.0500 297 350 656 525
r0tbPR4e1CWScRdwbpw8oLvDUDpAOJG5,0 0.0585 251 255 507 509 11 0.0576 0 729 252 963 5 0.0574 433 265 687 493 0 0.0572 0 728 252 970 5 0.0566 311 254 567 494 6 0.0564 320 259 581 496 0 0.0556 307 193 577 434 11 0.0552 497 791 744 1020 0 0.0549 238 128 506 378 8 0.0546 3 723 243 968 0 0.0545 379 255 633 489 13 0.0540 382 336 642 575 11 0.0537 246 258 507 504 5 0.0533 372 331 633 570 7 0.0529 251 252 506 506 5 0.0526 757 0 1022 195 13 0.0519 252 258 511 511 11 0.0518 378 337 642 569 8 0.0517 381 334 630 572 3 0.0516 381 334 639 579 6 0.0510 7 727 256 960 8 0.0510 317 258 563 497 7 0.0509 383 333 641 575 5 0.0504 0 724 240 965 3 0.0503 9 729 248 972 13 0.0502 313 192 584 435 6 0.0500 382 335 645 573
h8M2aWsjRazGmP3tuL7WyvxQGdNhJEKg,8 0.0608 420 341 687 583 8 0.0607 235 271 492 509 11 0.0602 554 278 819 521 11 0.0598 419 344 695 580 0 0.0596 418 278 685 527 5 0.0596 366 333 640 580 8 0.0594 558 274 815 521 8 0.0589 365 272 623 519 5 0.0588 294 272 566 515 6 0.0587 509 407 771 633 11 0.0585 298 278 565 514 6 0.0585 422 344 695 583 0 0.0584 236 273 504 513 3 0.0578 424 343 692 586 6 0.0578 561 275 823 519 11 0.0576 307 522 562 764 11 0.0575 499 409 766 629 8 0.0575 507 405 761 635 11 0.0575 501 151 766 388 0 0.0574 374 516 629 765 5 0.0573 556 202 821 453 0 0.0573 560 204 822 455 5 0.0572 230 342 502 580 7 0.0571 425 342 695 582 0 0.0569 507 406 764 632 10 0.0568 372 341 646 581 13 0.0566 562 279 824 520 3 0.0563 514 406 767 636 13 0.0561 570 146 833 390 2 0.0554 421 348 692 580 3 0.0551 363 274 630 522 13 0.0549 418 279 692 527 6 0.0549 365 272 633 520 11 0.0549 444 77 701 317 11 0.0547 435 537 706 762 11 0.0547 632 148 886 381 13 0.0546 239 344 511 587 8 0.0545 637 200 879 451 9 0.0544 414 282 689 524 7 0.0544 498 277 764 529 13 0.0542 263 473 518 719 10 0.0542 297 280 565 515 3 0.0539 497 277 761 530 11 0.0537 309 9 559 245 8 0.0536 301 199 553 436 6 0.0536 380 514 637 758 10 0.0535 234 348 501 577 8 0.0534 310 518 554 769 11 0.0534 567 76 836 313 5 0.0533 567 28 829 266 5 0.0531 630 144 880 387 11 0.0531 238 346 505 577 13 0.0531 507 405 768 628 6 0.0530 508 144 768 391 0 0.0530 298 199 562 441 7 0.0530 367 272 635 520 0 0.0529 634 149 884 389 5 0.0528 248 472 512 710 13 0.0528 301 275 572 522 11 0.0525 681 271 933 517 0 0.0525 444 78 700 326 0 0.0522 250 471 516 721 8 0.0520 632 340 879 592 8 0.0517 566 148 820 388 6 0.0516 261 476 521 713 10 0.0516 505 411 773 630 0 0.0513 315 4 557 253 7 0.0512 506 406 770 633 10 0.0512 252 477 510 716 3 0.0512 256 477 515 719 12 0.0512 423 343 695 583 6 0.0510 236 273 507 508 8 0.0510 573 34 824 270 6 0.0510 636 341 894 589 3 0.0509 564 208 823 461 5 0.0507 497 400 763 627 6 0.0502 300 200 564 439 5 0.0502 227 204 492 437 3 0.0502 299 202 563 442 4 0.0501 418 347 697 581 6 0.0500 638 203 891 449
1kkRVPrCDt0VSmJWLb7eZAfnOwRUuoIt,11 0.0651 2 658 242 889 0 0.0635 2 657 240 895 8 0.0625 6 654 235 891 0 0.0590 65 0 313 205 8 0.0582 64 0 304 202 10 0.0581 6 659 237 889 5 0.0567 62 0 309 202 11 0.0566 395 723 637 950 0 0.0558 264 582 516 825 8 0.0558 266 582 511 820 8 0.0557 0 542 233 773 11 0.0555 626 2 894 195 0 0.0553 630 0 891 201 6 0.0543 634 1 893 200 7 0.0539 267 584 516 818 11 0.0537 0 543 243 768 11 0.0536 264 584 516 819 0 0.0535 396 720 634 958 5 0.0530 257 581 512 817 13 0.0530 8 727 248 961 0 0.0528 0 546 240 779 7 0.0528 399 723 643 955 7 0.0527 6 651 239 890 8 0.0525 396 717 629 958 5 0.0524 625 0 884 197 7 0.0523 522 587 778 819 10 0.0522 264 590 515 818 6 0.0520 68 4 319 202 13 0.0520 268 584 522 821 8 0.0520 634 0 886 200 11 0.0518 65 2 317 200 11 0.0518 519 589 775 818 13 0.0517 70 1 326 210 0 0.0515 517 525 767 760 3 0.0514 8 654 238 894 0 0.0514 709 559 1023 739 6 0.0514 6 656 241 888 13 0.0507 636 0 899 202 10 0.0504 517 531 775 759 5 0.0500 513 520 763 753
8CUX2CqCA6eA9sFOujASp7QRdP2tMl3R,11 0.0659 210 681 566 847 8 0.0658 376 725 621 960 8 0.0657 213 680 556 850 8 0.0638 428 658 681 887 7 0.0627 439 599 695 826 11 0.0625 248 724 504 955 11 0.0624 398 606 763 784 0 0.0620 211 682 565 851 0 0.0619 429 662 690 889 11 0.0614 368 662 632 883 7 0.0614 212 681 569 848 8 0.0613 375 587 631 821 8 0.0609 442 524 682 755 5 0.0608 430 596 688 825 7 0.0606 374 662 637 883 8 0.0603 251 721 497 958 7 0.0601 311 723 565 964 5 0.0600 304 720 559 960 5 0.0586 364 659 629 883 0 0.0584 394 605 762 788 0 0.0578 307 726 562 967 13 0.0569 313 662 575 895 6 0.0565 311 728 564 964 13 0.0563 433 661 699 887 7 0.0562 181 729 433 963 10 0.0557 425 662 689 886 5 0.0556 298 593 569 825 3 0.0555 432 660 692 891 10 0.0554 373 588 640 819 5 0.0552 187 596 438 825 6 0.0546 432 664 692 889 5 0.0543 179 722 427 962 10 0.0541 207 683 563 849 13 0.0540 256 723 509 961 3 0.0540 215 681 566 853 5 0.0539 399 547 755 719 13 0.0536 382 730 635 962 8 0.0535 1 40 251 260 3 0.0534 313 722 560 969 10 0.0533 441 529 687 754 13 0.0531 404 606 779 787 2 0.0530 310 728 563 965 6 0.0526 404 606 772 788 10 0.0520 377 729 627 960 2 0.0515 443 533 688 755 0 0.0515 0 42 260 265 10 0.0514 246 723 501 957 6 0.0514 189 666 451 901
wxVdY1KPgUfz5QtcawRVUdekphhQK1hi,5 0.0522 302 453 561 699 13 0.0517 590 22 840 245 13 0.0512 172 135 452 391
0ah6kYTnaWKA7qw5bN4qMHIzZquvutIe,0 0.0550 385 471 627 718 7 0.0510 388 470 638 712 5 0.0504 241 598 490 839 0 0.0500 335 13 594 235
Lt17SCoGqEQtRJUj0dzfz41dvK1FvKi4,11 0.0615 435 605 696 835 11 0.0593 575 611 817 829 7 0.0589 107 648 377 888 5 0.0577 511 603 754 831 5 0.0568 252 534 502 766 5 0.0567 97 644 366 884 3 0.0564 441 605 695 843 5 0.0563 563 669 817 897 0 0.0559 103 646 371 886 8 0.0554 514 604 754 835 11 0.0553 97 651 370 884 10 0.0550 439 607 694 835 7 0.0550 258 535 511 769 8 0.0545 102 648 364 887 7 0.0541 518 605 763 832 8 0.0540 379 600 628 838 0 0.0538 377 599 636 841 7 0.0536 313 468 579 702 8 0.0535 565 669 818 899 0 0.0533 515 606 760 834 11 0.0532 501 724 769 964 5 0.0532 342 481 705 661 11 0.0531 437 474 717 705 3 0.0530 583 609 814 836 7 0.0529 382 599 642 835 13 0.0529 384 601 642 838 7 0.0528 570 670 826 897 10 0.0525 97 652 371 886 11 0.0522 307 470 572 701 10 0.0520 316 535 574 758 0 0.0518 322 406 577 649 8 0.0518 347 485 701 660 0 0.0516 565 672 824 898 13 0.0515 322 536 584 760 13 0.0514 582 614 821 836 6 0.0511 105 647 373 885 11 0.0510 264 283 514 510 13 0.0510 353 486 724 663 2 0.0506 312 477 579 703 11 0.0506 632 678 889 893 8 0.0505 253 536 500 773 10 0.0505 580 616 813 829 2 0.0504 256 546 510 775 3 0.0503 107 649 372 890
H7JANZcT6FgivWqXSss15CxlrxEqsXjD,13 0.0583 173 415 451 634 0 0.0562 497 340 736 558 5 0.0554 169 336 440 563 7 0.0553 110 422 391 647 13 0.0549 181 266 439 495 8 0.0541 499 331 731 556 11 0.0541 167 268 438 485 7 0.0539 316 266 571 496 0 0.0539 109 354 392 594 11 0.0539 497 336 741 553 7 0.0536 505 332 739 556 8 0.0533 243 260 487 488 11 0.0532 161 409 448 623 3 0.0524 505 336 735 564 5 0.0520 498 327 731 557 11 0.0519 304 272 572 494 8 0.0519 111 353 383 591 5 0.0517 238 259 493 483 5 0.0516 96 420 374 645 6 0.0514 506 339 742 556 3 0.0514 168 410 432 639 7 0.0514 179 337 446 567 11 0.0514 626 348 905 563 5 0.0513 379 583 656 828 11 0.0511 225 0 495 191 11 0.0503 389 593 653 829 13 0.0502 317 267 577 501 0 0.0501 170 269 435 497
Nt1lf4EHIntdTApeHBciQgF3uR6gf98K,11 0.0561 304 780 564 1007 0 0.0554 304 773 569 1016 5 0.0552 377 772 627 1011 11 0.0538 445 781 689 1010 0 0.0538 255 611 526 848 8 0.0530 382 779 627 1015 5 0.0522 237 452 505 705 7 0.0519 310 776 572 1013 0 0.0516 448 776 694 1014 0 0.0505 336 676 589 907
qcpBqnVrk4y53SeP5umHfXnkNPoGaLdy,8 0.0632 448 397 695 641 5 0.0630 514 189 769 431 0 0.0607 582 461 833 709 5 0.0607 573 326 823 568 11 0.0600 515 400 766 637 5 0.0596 437 137 708 375 0 0.0594 518 402 764 639 8 0.0593 509 259 767 500 11 0.0593 631 185 884 427 11 0.0591 560 524 820 767 11 0.0588 510 260 773 496 3 0.0587 578 332 827 574 7 0.0583 521 399 766 640 8 0.0576 573 330 822 568 11 0.0576 441 139 711 374 5 0.0573 629 179 880 429 11 0.0571 624 462 884 693 8 0.0570 585 460 829 706 8 0.0569 575 196 823 436 7 0.0565 513 259 773 501 11 0.0564 573 332 829 567 3 0.0561 516 259 771 508 8 0.0561 441 143 703 376 8 0.0559 495 527 759 769 3 0.0559 523 401 762 643 0 0.0557 628 393 880 629 7 0.0557 636 334 887 575 13 0.0557 519 333 765 572 8 0.0555 375 192 629 429 11 0.0553 436 530 701 765 10 0.0553 513 337 762 572 13 0.0551 446 148 718 377 5 0.0550 706 330 941 579 3 0.0548 580 197 832 441 2 0.0547 520 201 774 430 10 0.0541 442 146 711 376 7 0.0540 380 187 641 426 6 0.0539 521 402 768 639 10 0.0537 569 398 824 634 10 0.0537 517 198 776 431 13 0.0537 575 393 826 633 0 0.0535 633 133 879 380 5 0.0535 514 397 759 637 6 0.0535 637 393 883 629 13 0.0534 579 260 839 503 6 0.0533 638 183 883 430 8 0.0532 637 262 882 503 7 0.0532 585 462 836 706 2 0.0532 631 137 882 379 11 0.0531 696 403 936 634 0 0.0531 634 263 887 505 0 0.0531 709 338 943 582 3 0.0528 448 144 709 383 13 0.0528 637 182 886 438 2 0.0527 577 263 834 500 3 0.0524 639 263 888 509 0 0.0522 494 527 763 774 7 0.0520 458 461 707 714 0 0.0519 509 261 771 499 7 0.0519 577 197 835 437 6 0.0516 585 463 836 707 13 0.0516 639 334 889 573 3 0.0515 587 463 829 710 5 0.0514 370 63 626 301 13 0.0514 452 397 709 639 0 0.0514 375 67 629 304 7 0.0513 383 66 631 303 13 0.0512 632 461 892 696 13 0.0512 382 65 639 302 10 0.0511 515 466 775 714 1 0.0509 510 329 758 574 10 0.0505 634 339 885 570 6 0.0504 459 466 709 712 6 0.0503 446 143 714 376 2 0.0502 445 150 709 376 2 0.0502 516 337 758 572
YZK9nDCXTIE3EMWTFbGzSbK6UrhlXvaq,0 0.0607 511 334 760 568 0 0.0598 441 215 694 440 5 0.0570 505 328 761 565 10 0.0568 512 338 766 568 7 0.0566 507 600 764 834 8 0.0562 442 142 691 378 8 0.0559 508 331 757 567 5 0.0558 431 208 691 440 8 0.0558 380 201 629 439 11 0.0556 237 405 477 627 3 0.0555 441 273 692 510 11 0.0553 364 807 634 1022 5 0.0553 497 146 760 385 5 0.0550 498 595 763 839 0 0.0549 503 609 757 840 7 0.0549 505 782 757 1017 8 0.0548 437 272 684 504 11 0.0546 318 198 587 436 11 0.0544 509 334 765 564 0 0.0544 502 152 765 388 13 0.0543 513 334 769 566 11 0.0537 499 607 759 834 3 0.0537 519 333 760 572 5 0.0537 495 777 748 1010 8 0.0534 506 217 747 445 3 0.0532 361 400 634 634 0 0.0531 384 280 638 518 10 0.0531 437 220 697 439 3 0.0530 509 150 761 392 5 0.0529 352 395 630 630 8 0.0527 366 348 619 569 11 0.0527 355 406 633 625 11 0.0526 444 148 698 378 5 0.0525 374 271 637 513 13 0.0523 512 219 757 442 6 0.0523 371 350 629 572 6 0.0521 370 805 639 1023 11 0.0520 439 278 689 502 7 0.0519 443 272 695 504 13 0.0519 372 808 648 1023 8 0.0518 370 805 628 1023 0 0.0517 499 783 751 1015 11 0.0514 695 399 950 628 11 0.0510 506 223 753 442 6 0.0509 519 338 766 568 6 0.0509 325 198 589 430 3 0.0509 383 200 639 446 7 0.0508 514 330 766 567 7 0.0508 362 401 637 632 8 0.0507 620 403 874 632 7 0.0506 448 144 702 379 2 0.0504 437 221 693 440 8 0.0503 318 274 571 506 8 0.0502 0 411 248 649 8 0.0501 503 601 750 835 13 0.0501 440 274 694 503 6 0.0501 505 786 755 1013 5 0.0500 360 798 632 1020
z3zDtltoDVa5y4ArIQKec6DSlbnAbN7s,11 0.0540 317 392 577 632 0 0.0530 392 400 644 630 11 0.0526 241 336 505 566 0 0.0510 270 472 522 712
cdTgTjTzRUM7j2uO2FQBufvRYVmMv30T,8 0.0615 168 396 419 635 11 0.0615 629 395 897 639 13 0.0577 523 460 778 707 8 0.0577 177 276 428 513 5 0.0577 566 459 820 704 11 0.0575 171 400 431 628 5 0.0571 164 398 426 626 11 0.0570 446 453 711 699 5 0.0568 298 267 569 502 5 0.0567 504 787 740 1017 0 0.0560 169 334 428 568 0 0.0557 639 343 900 581 11 0.0548 306 782 553 1010 11 0.0548 173 280 437 509 6 0.0547 636 397 906 639 7 0.0545 563 800 805 1023 8 0.0545 573 454 816 706 7 0.0542 177 403 430 631 8 0.0542 634 389 891 645 8 0.0542 313 455 561 689 7 0.0541 523 459 776 705 11 0.0541 566 460 822 702 8 0.0540 506 517 756 768 5 0.0539 620 392 894 638 6 0.0539 576 459 827 705 11 0.0538 456 788 694 1017 0 0.0536 306 272 575 507 5 0.0535 304 452 568 688 0 0.0534 442 509 701 758 0 0.0534 319 584 577 837 8 0.0531 311 270 562 504 10 0.0531 172 284 433 510 5 0.0530 245 195 498 435 6 0.0530 457 395 729 644 7 0.0528 446 508 702 756 0 0.0527 390 69 650 319 11 0.0527 314 587 575 833 6 0.0526 309 272 575 503 13 0.0526 178 276 442 514 3 0.0525 646 341 899 582 8 0.0525 460 785 687 1020 0 0.0524 569 460 823 707 11 0.0523 304 270 577 499 3 0.0523 522 457 769 708 13 0.0522 312 453 583 690 7 0.0520 465 783 697 1021 7 0.0520 177 274 439 514 6 0.0519 444 511 705 757 13 0.0517 252 203 509 442 7 0.0516 557 0 821 206 2 0.0516 519 461 777 707 11 0.0515 376 192 641 432 13 0.0514 306 271 585 506 13 0.0514 175 397 435 633 0 0.0514 316 135 578 363 11 0.0514 246 201 502 434 5 0.0513 170 275 431 508 0 0.0511 452 390 723 646 11 0.0510 559 805 805 1022 11 0.0510 768 409 1023 626 7 0.0509 252 197 502 437 11 0.0509 310 457 573 685 11 0.0507 449 331 729 578 3 0.0506 170 405 428 635 0 0.0506 311 456 578 695 6 0.0506 312 457 577 690 3 0.0506 510 788 740 1023 8 0.0506 314 780 549 1013 8 0.0504 254 202 491 437 7 0.0503 583 397 837 644 5 0.0502 444 444 706 700 11 0.0502 549 2 819 203 6 0.0502 315 782 557 1012 0 0.0502 698 419 962 650
HbqCNcPGvBx5p2t0OpCWZqYytAB5ROAE,8 0.0553 180 787 420 1023 11 0.0544 242 218 517 458 5 0.0541 120 263 375 512 7 0.0537 183 784 431 1021 11 0.0537 175 787 426 1017 8 0.0535 249 215 504 461 11 0.0523 563 1 844 202 5 0.0522 178 781 426 1020 5 0.0520 241 206 511 457 8 0.0508 567 0 828 204 3 0.0506 571 0 838 209
zqS7e1Octuwr4pMSPhNLfHr5DFvfTwDE,8 0.0548 247 151 507 393 8 0.0532 182 93 431 329 7 0.0531 454 447 693 696 11 0.0525 311 131 582 367 8 0.0524 182 258 424 504 0 0.0523 316 131 582 368 13 0.0518 444 447 696 695 11 0.0517 242 665 516 892 13 0.0515 185 263 440 506 13 0.0511 246 152 524 398 11 0.0508 443 451 689 692 0 0.0508 432 396 686 633 7 0.0502 317 129 589 370 0 0.0502 179 94 436 332
igOrIcLhIgDXcewZL2nuJvHRKajmNxSu,7 0.0587 380 787 638 1022 5 0.0582 377 782 627 1017 8 0.0575 381 786 623 1020 11 0.0564 380 789 630 1023 7 0.0558 312 722 576 966 5 0.0547 306 720 567 962 0 0.0544 315 724 570 971 11 0.0539 306 726 572 965 8 0.0531 315 719 564 965 0 0.0524 379 791 632 1023 3 0.0521 383 789 633 1023 2 0.0520 381 796 633 1022 10 0.0520 380 790 634 1022 10 0.0516 311 729 571 964 6 0.0509 315 724 576 967 6 0.0505 383 793 635 1022 13 0.0501 383 791 638 1023
Mx38bzs2ud5xDbP0E46473Ix15z5Yq4A,8 0.0585 566 82 812 318 11 0.0555 362 797 623 1020 7 0.0548 419 793 687 1021 13 0.0541 380 0 639 196 0 0.0541 768 212 1022 453 11 0.0531 565 88 823 318 0 0.0525 415 795 678 1019 11 0.0521 764 212 1023 445 0 0.0513 566 82 823 318 11 0.0512 300 735 562 967 8 0.0511 431 0 688 191 6 0.0510 571 85 826 315 10 0.0507 767 213 1023 447 11 0.0507 371 2 632 196 8 0.0505 291 793 545 1022 5 0.0504 370 0 628 193 5 0.0504 411 729 680 958 5 0.0504 493 76 757 303
qX8BEhGasyb5IwQ3F525htyzYUHLXt63,0 0.0683 198 613 564 786 8 0.0656 210 675 557 849 11 0.0651 119 615 491 787 7 0.0651 198 610 567 785 5 0.0649 177 589 435 835 11 0.0635 204 677 565 851 5 0.0633 322 673 683 856 8 0.0632 127 613 481 786 0 0.0625 328 674 686 860 10 0.0600 121 617 492 786 3 0.0597 128 616 492 791 7 0.0594 333 672 692 856 10 0.0587 204 677 564 851 8 0.0580 0 548 254 781 5 0.0579 241 523 489 762 6 0.0578 267 675 627 856 6 0.0577 0 551 262 782 0 0.0569 372 520 622 758 3 0.0562 213 677 568 855 6 0.0558 196 615 568 785 0 0.0556 0 553 259 786 5 0.0552 0 547 256 782 11 0.0550 0 555 261 783 13 0.0542 208 678 571 852 11 0.0540 311 462 560 701 10 0.0538 0 554 260 784 7 0.0537 379 518 626 753 7 0.0534 4 549 266 782 2 0.0533 258 617 617 789 8 0.0531 377 519 614 757 7 0.0524 319 389 577 627 11 0.0520 375 522 620 753 2 0.0516 326 678 686 857 1 0.0514 203 674 564 852 13 0.0513 370 591 626 823 3 0.0512 4 549 262 789 3 0.0509 329 609 685 796 11 0.0506 185 347 433 572 7 0.0504 323 264 573 516 13 0.0503 247 532 498 760
rbepp2QRDOyX9k0fKS0JzkqEAWMl5KDT,0 0.0536 452 400 692 643 11 0.0534 449 400 699 635 11 0.0534 319 262 579 488 11 0.0533 493 19 765 242 11 0.0529 681 0 934 202 0 0.0519 200 0 575 146 11 0.0510 5 757 285 968 13 0.0509 686 6 942 209 7 0.0509 188 730 436 954 8 0.0507 205 0 563 143 7 0.0507 325 264 577 489 5 0.0504 188 0 571 141 5 0.0504 428 68 700 302 7 0.0503 76 760 346 984 2 0.0501 683 4 937 209
v526XOVqDiptfuQkAejqaAjwmfHKMt9P,14 1.0 0 0 1 1
mk4o9G6gNZoSbCp0hLujkbhH1o3Z587G,7 0.0641 256 718 503 953 5 0.0639 251 715 498 949 0 0.0623 313 717 567 960 11 0.0611 307 720 568 953 8 0.0607 249 665 491 896 11 0.0603 248 664 501 894 10 0.0589 310 725 566 953 0 0.0587 252 661 499 899 6 0.0581 256 722 507 951 8 0.0577 311 719 562 956 3 0.0559 257 717 500 958 10 0.0544 246 670 500 892 11 0.0534 123 267 387 494 13 0.0533 314 719 573 959 9 0.0532 250 717 501 949 2 0.0521 255 722 503 955 1 0.0513 251 714 501 953 6 0.0511 243 330 499 553 0 0.0507 311 522 562 761 12 0.0502 257 719 502 953
elSSiygvfpy0fZFcMLEqE0tnrt0QNCHw,0 0.0575 571 409 823 646 11 0.0556 65 543 322 764 11 0.0540 456 352 717 581 0 0.0536 567 537 825 775 5 0.0536 453 343 713 578 7 0.0534 452 406 707 646 11 0.0532 569 408 825 641 0 0.0523 691 0 940 203 8 0.0521 566 466 813 707 8 0.0520 453 347 712 582 8 0.0519 586 344 827 567 5 0.0518 445 463 700 703 5 0.0514 566 529 819 769 7 0.0514 576 407 829 638 0 0.0512 447 411 708 650 6 0.0507 573 408 828 640 0 0.0507 61 541 318 774 5 0.0506 683 0 938 199 8 0.0502 2 522 234 759 11 0.0502 375 463 641 704 11 0.0500 566 539 822 774
8KqFeKEL5mQjpFi1SCEchlDyz7ZD8q48,8 0.0653 260 289 495 522 11 0.0642 210 611 557 790 8 0.0631 238 606 489 832 10 0.0614 237 609 496 833 5 0.0609 234 601 495 832 8 0.0604 185 350 435 592 0 0.0603 357 344 624 583 7 0.0585 357 343 628 579 5 0.0584 256 285 502 521 8 0.0582 361 397 608 629 0 0.0579 213 609 557 793 7 0.0577 242 344 499 584 11 0.0568 297 343 549 573 7 0.0564 216 609 563 793 7 0.0563 385 216 629 461 0 0.0563 260 290 506 523 13 0.0562 217 610 562 791 11 0.0560 377 221 626 454 5 0.0560 446 510 688 752 3 0.0560 243 603 498 840 11 0.0560 446 520 699 752 11 0.0559 417 345 681 573 8 0.0558 445 659 689 897 10 0.0555 297 404 543 631 11 0.0551 188 355 447 591 10 0.0550 257 295 503 516 0 0.0550 299 398 545 637 8 0.0550 237 0 487 199 8 0.0547 428 343 673 573 5 0.0546 350 391 615 626 3 0.0546 300 345 551 578 3 0.0545 238 407 482 643 13 0.0545 359 349 631 580 9 0.0544 210 610 561 787 2 0.0542 216 611 556 792 11 0.0542 437 663 699 896 6 0.0541 298 346 553 573 3 0.0541 385 218 625 462 10 0.0536 544 348 819 562 0 0.0535 481 338 745 576 3 0.0535 479 341 748 578 8 0.0530 384 217 617 455 5 0.0528 376 212 623 453 2 0.0528 297 405 542 639 10 0.0527 440 662 698 899 13 0.0526 302 403 547 635 8 0.0524 453 517 685 750 6 0.0524 144 613 490 786 0 0.0524 382 221 623 460 5 0.0523 474 331 743 566 13 0.0522 239 1 511 207 9 0.0522 295 346 552 567 5 0.0520 234 401 481 636 7 0.0519 449 514 699 758 6 0.0515 240 409 488 637 0 0.0514 186 350 447 594 1 0.0513 294 338 547 574 7 0.0512 479 336 749 575 11 0.0509 371 91 621 313 12 0.0508 304 400 539 636 6 0.0506 385 218 626 458 10 0.0506 186 357 444 586 11 0.0506 231 2 499 205 13 0.0506 447 660 702 901 10 0.0505 442 521 695 754 7 0.0504 443 657 701 903 5 0.0501 436 653 691 896
gPtkdPjEYV7ef7ILzOJI6Bx30Rl79aVV,11 0.0638 393 666 749 853 7 0.0618 400 666 757 852 0 0.0617 394 668 750 855 11 0.0605 189 591 437 821 7 0.0601 197 583 438 824 8 0.0600 392 667 741 854 5 0.0580 390 664 745 854 8 0.0572 190 585 430 824 10 0.0568 393 670 752 854 6 0.0565 399 669 756 857 5 0.0549 188 585 432 821 0 0.0548 576 672 952 857 0 0.0548 191 587 435 825 6 0.0545 190 588 439 826 3 0.0544 404 668 752 858 8 0.0536 115 356 372 584 10 0.0533 188 591 434 825 3 0.0526 191 588 435 829 13 0.0525 504 597 751 829 5 0.0517 567 669 941 853 0 0.0515 118 360 377 588 9 0.0512 392 667 749 853 1 0.0502 388 663 749 855
Km7PFeZd7PDPmxOsXoP5ogZ56idq1t9m,0 0.0560 249 655 510 895 11 0.0545 246 659 509 887 11 0.0538 307 393 575 630 7 0.0538 254 654 514 889 8 0.0535 253 653 501 893 7 0.0534 312 389 577 627 11 0.0524 300 71 564 304 11 0.0522 222 793 486 1005 3 0.0514 251 655 509 899 11 0.0513 174 712 436 940 5 0.0511 244 652 508 890 0 0.0508 304 394 576 634 8 0.0506 304 395 565 629 13 0.0505 256 652 519 894
KzfBxY1lvg4BQ4h0KbHb4IOau1G9lWyf,11 0.0602 633 1 1008 154 13 0.0594 643 0 1011 155 8 0.0576 576 0 922 160 5 0.0573 631 0 1001 156 3 0.0550 642 2 1004 159 6 0.0542 640 1 1014 154 0 0.0538 637 1 1003 160 7 0.0536 640 0 1007 157 5 0.0514 126 341 392 578 9 0.0506 571 0 929 156 10 0.0506 637 3 1006 155 2 0.0502 631 3 1011 155
fK0zTPNvO8VuG6oXb3j5ge45Huj43P6e,11 0.0651 372 461 620 687 8 0.0647 254 332 500 579 5 0.0642 257 264 517 509 0 0.0640 373 462 622 692 5 0.0639 184 340 442 586 8 0.0630 191 269 444 511 11 0.0622 263 269 522 507 11 0.0621 380 616 632 824 6 0.0619 267 270 524 509 0 0.0615 260 267 520 512 7 0.0608 377 458 623 690 11 0.0597 620 339 885 588 11 0.0597 303 537 547 758 3 0.0594 308 466 553 704 11 0.0592 187 346 447 586 0 0.0592 299 533 545 761 5 0.0589 183 207 443 440 6 0.0585 192 212 448 441 10 0.0578 190 277 450 510 0 0.0575 187 208 446 444 3 0.0574 254 334 507 581 0 0.0574 189 343 448 586 6 0.0573 255 134 512 363 5 0.0573 369 453 616 691 6 0.0570 195 344 453 588 11 0.0570 185 208 450 440 8 0.0570 308 467 549 700 5 0.0568 245 668 499 903 8 0.0566 258 207 500 435 7 0.0566 257 325 510 575 5 0.0565 245 130 505 362 7 0.0564 304 533 548 760 13 0.0562 263 268 527 515 0 0.0559 576 162 832 392 8 0.0558 443 278 706 518 7 0.0558 194 266 455 506 11 0.0558 256 601 498 836 7 0.0557 558 29 827 257 1 0.0557 304 459 550 700 13 0.0556 310 463 558 702 11 0.0556 448 282 712 513 5 0.0556 573 287 923 478 5 0.0555 567 156 831 388 10 0.0555 370 466 623 687 0 0.0555 449 281 708 519 0 0.0555 384 616 630 829 3 0.0554 375 540 619 758 6 0.0553 452 280 719 515 11 0.0552 445 728 704 940 2 0.0551 257 336 505 577 13 0.0551 186 210 457 447 6 0.0550 375 463 625 690 3 0.0549 186 210 448 448 0 0.0549 516 87 772 313 2 0.0548 378 464 621 691 11 0.0548 512 89 776 312 11 0.0548 573 162 834 389 5 0.0548 113 403 375 658 8 0.0547 586 290 921 482 10 0.0544 254 337 506 576 6 0.0543 581 160 838 388 6 0.0541 516 87 781 309 11 0.0540 578 290 931 475 13 0.0540 194 342 452 591 10 0.0539 191 151 450 378 5 0.0539 300 529 546 759 0 0.0538 631 402 889 640 8 0.0536 121 404 374 659 8 0.0535 572 91 817 322 12 0.0535 259 331 507 577 5 0.0534 437 276 706 515 8 0.0534 374 541 615 754 7 0.0534 389 611 631 828 12 0.0533 312 463 555 703 3 0.0531 258 542 494 779 8 0.0530 251 540 493 769 7 0.0530 578 161 837 393 10 0.0529 256 210 512 435 2 0.0529 190 216 445 444 2 0.0528 304 541 547 761 0 0.0528 125 414 380 654 0 0.0525 326 138 578 368 7 0.0524 264 203 513 436 5 0.0524 507 83 775 310 0 0.0523 581 268 823 534 0 0.0522 257 599 496 842 5 0.0522 382 672 638 896 1 0.0520 252 327 503 576 0 0.0518 246 75 502 302 13 0.0514 379 538 626 755
EuWtBAViJYYtMKRcLuBnzcj2mRds3jZF,8 0.0654 366 460 616 702 11 0.0625 426 468 697 710 3 0.0612 451 404 696 644 0 0.0610 445 404 698 640 11 0.0607 309 465 561 703 8 0.0604 448 402 694 639 8 0.0601 320 526 559 776 8 0.0599 385 215 629 445 5 0.0599 357 462 615 697 3 0.0597 376 145 616 379 0 0.0594 252 324 505 562 7 0.0592 366 463 623 699 5 0.0590 430 147 679 372 8 0.0588 426 518 677 777 11 0.0588 251 325 506 557 5 0.0587 375 213 629 438 7 0.0579 449 403 702 636 3 0.0578 317 461 556 707 0 0.0578 312 461 561 703 8 0.0573 251 325 499 560 8 0.0572 321 272 565 511 10 0.0569 446 408 702 637 6 0.0569 448 404 704 638 11 0.0568 369 147 621 374 11 0.0565 306 600 558 824 5 0.0564 440 400 695 634 6 0.0560 313 463 563 703 5 0.0556 416 516 684 776 13 0.0556 321 140 578 373 0 0.0554 372 147 619 376 3 0.0554 369 519 629 776 6 0.0554 426 519 693 777 10 0.0549 364 467 623 700 6 0.0546 256 321 508 558 7 0.0546 323 529 566 777 3 0.0543 316 596 553 835 10 0.0543 374 153 621 372 0 0.0540 363 520 631 773 13 0.0534 423 519 695 783 6 0.0533 377 146 619 370 7 0.0533 430 520 689 780 2 0.0532 319 214 569 449 10 0.0531 250 329 506 559 5 0.0530 311 528 559 771 2 0.0528 317 467 558 704 6 0.0527 571 479 837 714 3 0.0526 490 531 749 788 5 0.0521 556 471 827 716 13 0.0521 254 324 511 560 13 0.0520 389 215 643 444 8 0.0519 500 161 735 387 3 0.0516 324 272 568 515 3 0.0515 566 477 833 724 3 0.0514 255 326 501 565 0 0.0511 310 597 555 830 7 0.0510 384 217 640 449 5 0.0509 312 265 563 501 9 0.0509 439 405 696 631 11 0.0509 496 166 739 383 2 0.0508 366 524 628 771 3 0.0506 502 166 738 392 6 0.0502 258 204 505 434 8 0.0501 560 478 822 714 8 0.0500 437 76 676 291
m8h2QDcovPn87X9xtDUCus3IjYjyWabS,11 0.0601 166 343 437 579 8 0.0585 177 266 422 511 0 0.0577 171 341 438 580 0 0.0571 238 258 507 497 8 0.0560 583 336 831 566 7 0.0559 250 333 520 579 11 0.0558 236 260 507 489 3 0.0557 173 346 434 584 8 0.0557 633 207 867 430 11 0.0555 583 336 840 557 5 0.0530 167 269 428 505 0 0.0530 583 337 840 563 5 0.0528 642 268 878 484 6 0.0528 250 337 521 579 8 0.0528 117 348 376 588 11 0.0527 640 269 884 481 10 0.0524 246 344 513 578 11 0.0522 424 803 688 1020 6 0.0519 182 271 438 511 11 0.0516 261 401 628 587 13 0.0514 589 338 845 560 6 0.0514 590 337 844 562 13 0.0511 174 347 444 584 3 0.0508 425 800 683 1023 0 0.0507 256 401 635 587 11 0.0505 327 740 702 920 8 0.0505 356 674 698 861 5 0.0503 240 184 505 422 6 0.0503 122 353 394 588 5 0.0501 422 792 680 1021 7 0.0501 123 350 391 585 8 0.0500 251 336 505 577
awliWuMl69n8UnTkihMvfarAJeLjAQUg,8 0.0652 260 781 497 1022 5 0.0646 256 781 497 1020 7 0.0645 259 782 504 1023 0 0.0632 258 783 501 1023 7 0.0619 199 713 440 956 11 0.0600 259 784 500 1021 8 0.0595 196 713 432 955 5 0.0594 190 713 434 954 0 0.0588 194 715 439 959 10 0.0583 258 786 501 1021 6 0.0581 261 788 503 1023 2 0.0567 260 786 501 1023 13 0.0554 262 785 508 1023 10 0.0550 191 722 436 953 11 0.0539 192 717 437 955 3 0.0539 261 783 502 1023 9 0.0530 256 785 500 1020 1 0.0526 257 777 501 1023 12 0.0522 263 781 502 1023 6 0.0515 198 717 440 954
waa5KJzG7FHxhAaQV8rycQp28VTIp4fh,3 0.0626 442 404 697 653 13 0.0610 437 410 704 647 11 0.0603 432 410 701 644 5 0.0600 506 390 757 626 11 0.0600 311 269 582 511 0 0.0599 434 406 700 644 8 0.0598 440 404 694 645 0 0.0596 311 272 581 515 0 0.0583 504 466 754 705 11 0.0583 503 466 757 704 5 0.0578 311 263 572 510 7 0.0576 504 523 761 769 3 0.0574 511 462 753 716 5 0.0566 306 793 565 1021 11 0.0565 304 512 557 747 7 0.0564 436 409 700 647 7 0.0562 314 509 557 748 11 0.0562 395 213 650 439 8 0.0559 312 506 548 747 2 0.0558 320 277 575 516 8 0.0554 509 462 746 703 5 0.0554 428 505 696 745 13 0.0549 441 515 704 750 6 0.0548 397 215 655 439 6 0.0545 315 273 583 514 0 0.0545 307 504 553 749 6 0.0544 309 506 562 748 5 0.0542 566 529 824 777 13 0.0540 319 271 590 517 11 0.0539 235 330 503 565 6 0.0537 511 465 761 703 7 0.0536 317 270 582 516 0 0.0535 241 328 504 568 5 0.0535 390 208 644 437 13 0.0534 243 331 511 571 0 0.0529 573 531 829 777 5 0.0528 304 502 551 742 8 0.0527 400 211 648 439 6 0.0527 576 537 836 777 10 0.0526 438 410 697 644 11 0.0526 392 583 646 825 13 0.0523 314 509 560 749 8 0.0522 317 270 577 513 2 0.0515 399 219 649 443 13 0.0514 577 532 835 775 3 0.0514 314 504 553 751 6 0.0513 440 408 702 644 8 0.0512 577 529 820 773 0 0.0510 309 62 560 289 0 0.0510 394 215 647 442 2 0.0509 439 412 697 642 10 0.0509 318 275 582 517 6 0.0509 247 333 504 568 5 0.0505 236 321 495 562 3 0.0504 403 212 647 445 13 0.0504 405 214 662 439 3 0.0502 319 270 577 519
LZrUGOgoUOXbMWE7r51tlcFYfJsS7wQr,11 0.0642 494 663 770 893 0 0.0633 561 660 835 900 11 0.0633 430 592 694 830 0 0.0606 673 619 945 831 8 0.0603 565 660 829 896 7 0.0602 502 661 774 899 5 0.0596 559 657 828 898 3 0.0589 499 663 769 901 6 0.0580 435 588 696 835 0 0.0580 431 589 695 836 8 0.0576 435 654 699 891 5 0.0571 427 650 698 890 3 0.0567 435 592 695 836 7 0.0561 438 587 699 833 10 0.0560 432 592 693 834 8 0.0560 369 584 630 829 13 0.0556 436 652 713 895 10 0.0554 493 663 769 898 6 0.0550 564 658 834 897 2 0.0543 562 662 836 898 11 0.0537 668 620 940 826 13 0.0536 568 657 839 902 2 0.0534 434 656 704 892 0 0.0533 491 720 768 963 5 0.0530 361 583 629 828 5 0.0525 489 720 761 957 13 0.0525 371 583 645 831 8 0.0515 494 721 760 959 12 0.0508 565 659 835 902 8 0.0503 673 549 939 757 11 0.0501 234 669 501 887
xfZr6dgaHzmvzsFNN1KhzHtRosERwYIL,11 0.0601 381 399 645 634 5 0.0586 377 344 641 567 0 0.0563 691 21 924 237 3 0.0558 385 352 643 573 7 0.0558 384 348 647 572 5 0.0539 248 585 504 842 0 0.0530 178 517 447 771 5 0.0528 180 515 439 762 8 0.0521 377 345 634 571 0 0.0519 380 350 642 574 5 0.0513 687 10 921 231 5 0.0512 386 457 640 688 0 0.0507 502 589 749 830 0 0.0506 392 467 642 694 3 0.0505 395 465 645 694 7 0.0505 184 513 448 764 7 0.0503 397 462 648 690 8 0.0502 178 517 438 766 6 0.0501 389 465 649 692
uZEfDB0sqXirs0j83aMlmDghm2ELfaSZ,0 0.0627 248 407 519 643 0 0.0622 448 597 700 845 5 0.0620 382 389 639 643 5 0.0619 250 460 524 698 13 0.0605 313 342 577 582 11 0.0602 385 324 637 582 5 0.0598 441 594 695 840 5 0.0594 456 316 708 560 0 0.0588 390 530 643 779 7 0.0585 391 534 648 779 5 0.0581 303 333 564 575 5 0.0579 380 528 639 773 8 0.0577 445 597 694 843 5 0.0575 509 450 764 692 0 0.0572 334 464 589 709 13 0.0571 398 398 653 649 11 0.0570 507 610 762 850 7 0.0569 449 598 704 846 13 0.0567 267 466 535 703 11 0.0565 247 411 518 641 8 0.0565 388 530 637 778 11 0.0565 389 533 645 774 2 0.0562 390 536 646 779 7 0.0561 261 467 530 704 8 0.0560 386 322 636 580 5 0.0559 379 262 640 498 8 0.0557 325 403 574 648 10 0.0556 321 410 583 641 7 0.0555 470 388 723 650 8 0.0552 517 451 762 697 2 0.0551 452 601 703 845 13 0.0550 461 526 715 775 0 0.0549 519 455 769 702 11 0.0546 466 391 714 646 6 0.0545 509 608 762 849 3 0.0542 264 465 527 705 0 0.0539 463 319 710 571 0 0.0537 381 270 644 504 3 0.0537 392 534 644 780 7 0.0535 386 267 648 505 6 0.0531 329 405 591 644 3 0.0531 510 608 758 855 11 0.0530 331 468 586 705 3 0.0528 477 389 717 656 11 0.0527 302 277 568 503 2 0.0526 252 415 517 641 2 0.0526 309 344 570 579 6 0.0522 195 455 460 698 6 0.0520 389 533 653 777 3 0.0520 387 268 645 508 13 0.0518 520 454 774 699 10 0.0517 398 462 650 702 2 0.0517 336 470 589 712 6 0.0513 388 325 650 579 10 0.0513 238 353 505 580 5 0.0509 231 281 488 512 13 0.0507 513 607 766 853 6 0.0505 248 344 513 581 5 0.0504 378 130 636 351 10 0.0502 519 455 772 697 11 0.0500 388 220 650 432
GoSEzpdSS9NPoPA8D51uzldRZlGBdxbH,3 0.0621 373 276 630 516 5 0.0613 386 284 750 471 8 0.0595 371 277 620 510 0 0.0595 328 232 693 414 3 0.0590 332 232 691 417 6 0.0590 368 339 633 576 5 0.0586 306 121 555 361 0 0.0580 394 290 760 472 11 0.0576 366 279 627 511 5 0.0574 234 251 483 493 11 0.0573 322 235 696 412 13 0.0572 372 344 638 576 11 0.0571 371 140 629 368 8 0.0570 310 334 558 573 8 0.0567 429 346 686 579 5 0.0565 302 325 565 572 0 0.0563 238 257 486 500 7 0.0561 372 274 632 515 7 0.0556 333 230 700 414 7 0.0552 431 342 700 582 0 0.0551 311 130 558 366 8 0.0551 330 231 683 413 3 0.0550 435 343 697 588 6 0.0546 330 232 701 415 11 0.0546 234 258 488 490 8 0.0544 374 403 622 649 11 0.0543 305 338 567 573 13 0.0543 336 231 702 413 11 0.0543 424 345 695 580 8 0.0537 504 407 750 650 8 0.0534 237 257 478 498 13 0.0530 434 280 700 517 8 0.0529 506 276 750 510 10 0.0527 330 234 699 411 3 0.0526 311 335 567 579 8 0.0522 377 138 620 366 0 0.0521 636 323 884 576 7 0.0520 511 403 768 652 6 0.0520 251 318 494 562 11 0.0518 503 406 760 652 0 0.0518 310 330 569 577 11 0.0517 637 328 887 571 3 0.0517 377 138 624 376 6 0.0515 373 139 632 370 6 0.0514 382 465 631 717 10 0.0511 389 291 764 470 10 0.0510 375 139 629 368 5 0.0510 423 334 689 578 2 0.0509 333 235 693 412 2 0.0505 429 285 694 516 8 0.0503 639 323 875 571 5 0.0501 633 319 882 571
AYOKHfgIfBizdRkL1XwkioObHE2ZCpZH,11 0.0633 502 404 757 640 0 0.0613 572 457 827 707 8 0.0602 504 400 750 640 8 0.0601 438 590 685 844 7 0.0601 583 584 824 838 11 0.0598 566 458 826 701 7 0.0596 505 519 765 771 5 0.0596 562 399 828 638 6 0.0594 508 400 759 641 11 0.0589 498 522 760 765 6 0.0588 505 518 767 767 0 0.0587 506 400 759 643 7 0.0587 509 403 763 642 0 0.0586 504 518 762 771 11 0.0583 579 589 821 830 11 0.0581 572 333 838 568 8 0.0579 583 584 817 834 5 0.0578 358 517 610 757 0 0.0577 582 584 823 840 8 0.0577 502 519 757 768 6 0.0577 585 591 824 833 5 0.0572 574 582 819 834 3 0.0572 510 403 757 645 11 0.0570 436 461 693 707 9 0.0569 500 519 763 763 6 0.0569 441 594 694 842 7 0.0565 443 459 696 712 8 0.0564 568 455 817 705 13 0.0562 586 581 829 834 13 0.0562 186 789 446 1023 8 0.0560 184 713 431 957 5 0.0559 495 514 758 769 6 0.0556 190 713 439 957 11 0.0554 184 791 436 1021 8 0.0553 437 459 686 710 13 0.0553 570 458 833 702 5 0.0552 175 781 430 1020 6 0.0552 571 460 826 704 13 0.0548 503 518 771 771 5 0.0546 434 587 686 841 0 0.0546 244 22 520 275 11 0.0545 436 593 693 839 5 0.0545 364 58 642 295 0 0.0544 186 711 437 958 6 0.0541 585 329 838 571 13 0.0541 442 591 700 845 11 0.0541 311 724 564 950 7 0.0538 446 591 696 845 0 0.0537 439 459 692 713 3 0.0533 437 461 696 718 0 0.0532 441 590 690 844 5 0.0531 241 717 495 956 2 0.0530 180 792 440 1023 3 0.0527 581 329 836 579 8 0.0526 359 518 603 758 5 0.0522 575 267 824 508 11 0.0522 303 585 562 816 2 0.0518 440 595 692 843 3 0.0518 582 588 822 841 5 0.0517 232 74 505 328 11 0.0517 391 23 656 258 3 0.0517 439 591 692 851 10 0.0516 439 595 691 843 10 0.0516 505 458 765 707 9 0.0516 358 460 622 687 13 0.0515 582 334 844 568 11 0.0515 242 23 521 269 11 0.0515 362 794 610 1022 0 0.0515 315 715 562 954 8 0.0514 579 327 827 571 3 0.0513 570 462 825 710 6 0.0513 328 84 597 330 13 0.0512 506 403 764 641 5 0.0512 304 0 578 195 0 0.0511 577 332 839 572 10 0.0511 178 714 432 956 7 0.0509 566 730 824 962 0 0.0506 325 83 589 331 8 0.0506 425 714 668 952 8 0.0504 314 721 555 951 11 0.0500 425 721 676 949
yTWeOAp3mCkVOVoqQmGPdoCkaeasS3yu,7 0.0635 350 423 704 602 3 0.0634 455 322 705 570 11 0.0632 456 323 702 561 7 0.0631 456 321 706 563 5 0.0622 342 419 695 601 11 0.0611 342 424 696 600 3 0.0610 349 424 695 606 7 0.0609 283 483 639 668 7 0.0606 182 400 450 638 11 0.0601 277 482 632 663 5 0.0599 451 315 696 562 5 0.0594 174 396 445 636 11 0.0586 128 463 384 702 8 0.0586 343 424 690 601 0 0.0582 449 323 704 567 8 0.0582 453 317 696 565 8 0.0577 552 327 810 566 5 0.0577 277 478 639 664 7 0.0569 560 329 818 564 0 0.0566 277 483 638 667 11 0.0566 557 332 811 562 13 0.0564 183 402 455 638 7 0.0563 247 334 526 572 8 0.0561 130 457 373 708 11 0.0558 238 338 521 569 6 0.0557 457 327 710 564 3 0.0554 563 328 817 571 5 0.0553 437 803 706 1022 7 0.0552 525 208 768 445 8 0.0552 184 399 438 638 5 0.0550 206 346 557 536 11 0.0550 374 666 627 878 11 0.0547 176 663 431 889 13 0.0547 455 321 713 562 6 0.0546 181 347 457 580 2 0.0545 280 424 624 604 8 0.0544 378 665 621 877 11 0.0544 116 352 389 583 6 0.0544 349 425 707 601 8 0.0542 281 483 629 664 0 0.0540 132 457 382 710 1 0.0538 448 316 701 565 7 0.0537 386 662 629 878 6 0.0535 286 485 642 663 0 0.0532 554 330 816 568 11 0.0532 569 815 826 1021 3 0.0531 252 337 521 576 2 0.0531 456 330 704 564 13 0.0530 287 482 649 666 5 0.0529 554 323 811 560 3 0.0529 286 485 631 668 8 0.0528 245 660 489 885 3 0.0525 183 404 444 639 0 0.0523 446 811 711 1023 7 0.0521 449 807 717 1023 10 0.0519 559 332 817 566 10 0.0517 178 410 447 636 8 0.0517 214 351 547 537 10 0.0516 277 424 633 604 10 0.0516 452 325 704 566 11 0.0515 443 814 711 1021 5 0.0515 372 658 623 875 5 0.0514 519 207 760 442 3 0.0512 444 662 685 902 0 0.0512 311 664 567 883 8 0.0512 567 219 806 451 7 0.0512 251 659 503 882 3 0.0512 130 461 380 708 8 0.0511 504 810 758 1022 11 0.0509 518 215 764 442 0 0.0509 566 220 818 455 11 0.0506 169 270 449 506 9 0.0503 277 483 633 660 8 0.0502 438 741 689 969 6 0.0501 184 664 433 889
U7XBYhC7G2YXYYmXak1Vwinu99YGd4cS,5 0.0604 433 777 701 1018 11 0.0588 623 354 879 583 11 0.0572 441 279 706 504 8 0.0571 567 337 801 577 8 0.0564 445 273 697 502 7 0.0563 578 284 821 522 7 0.0562 446 275 705 509 11 0.0554 502 151 766 382 11 0.0552 359 75 633 302 5 0.0549 552 97 808 319 0 0.0547 565 338 811 583 7 0.0545 567 397 819 642 11 0.0544 374 788 632 1022 7 0.0544 445 786 711 1023 5 0.0540 560 335 807 578 13 0.0539 568 400 824 644 5 0.0537 574 214 810 453 0 0.0536 561 104 810 324 6 0.0534 448 275 704 509 0 0.0534 493 403 755 636 5 0.0534 439 270 700 505 3 0.0532 507 151 764 394 6 0.0528 511 150 766 384 7 0.0526 356 159 698 340 8 0.0525 357 160 691 337 8 0.0525 502 149 754 389 8 0.0524 496 405 749 630 13 0.0523 509 153 768 388 8 0.0523 574 223 805 455 3 0.0522 446 278 703 512 10 0.0522 374 789 636 1023 8 0.0521 509 783 751 1021 7 0.0520 506 78 764 316 3 0.0519 444 785 703 1023 10 0.0519 502 82 766 311 3 0.0519 358 161 699 345 13 0.0518 447 277 709 507 6 0.0518 567 399 814 642 5 0.0518 626 398 867 648 5 0.0514 342 156 695 336 13 0.0514 356 162 705 340 10 0.0512 351 164 702 336 3 0.0512 634 352 875 593 8 0.0512 634 400 866 646 3 0.0511 580 288 817 532 0 0.0509 631 402 877 653 11 0.0508 339 229 702 404 5 0.0505 266 797 619 989 6 0.0504 443 787 712 1023 11 0.0503 298 133 566 376 6 0.0502 355 160 704 337 0 0.0502 440 784 708 1023
dC4pIBEv66PtkmgvcnL2stVFUvCPQiBv,8 0.0586 554 223 803 458 5 0.0581 625 391 888 648 11 0.0576 548 227 816 456 0 0.0570 199 337 441 576 5 0.0564 621 511 890 762 13 0.0563 636 397 901 655 8 0.0559 255 2 511 195 0 0.0558 552 224 811 459 6 0.0557 558 222 813 459 8 0.0556 633 392 891 651 7 0.0552 554 222 814 464 5 0.0552 548 215 804 462 0 0.0551 628 395 892 652 13 0.0551 631 518 907 763 3 0.0547 556 225 814 465 11 0.0546 623 516 899 762 6 0.0546 638 393 899 652 0 0.0542 189 0 438 245 3 0.0541 635 396 894 659 7 0.0540 634 393 893 657 13 0.0536 252 2 522 197 8 0.0535 626 512 891 766 11 0.0535 246 0 521 198 11 0.0534 630 398 895 650 5 0.0533 186 0 438 241 0 0.0531 626 517 897 769 7 0.0524 257 0 523 194 6 0.0522 633 520 904 763 13 0.0515 203 341 452 575 10 0.0513 252 5 518 196 8 0.0513 633 156 870 396 2 0.0512 253 3 517 195 11 0.0511 195 341 446 575 8 0.0510 635 268 888 521 3 0.0509 196 0 442 254 5 0.0507 626 265 890 521 3 0.0504 633 517 895 771 10 0.0503 624 520 896 762 11 0.0503 624 159 885 394 5 0.0503 547 86 821 306 6 0.0502 642 268 901 524 0 0.0502 245 132 498 372 11 0.0501 633 273 903 523 5 0.0500 238 132 497 368
S9LFPVguyYtmczGVX0xne0i2gnIwVvuI,0 0.0639 0 534 242 778 11 0.0616 0 536 249 775 8 0.0605 0 531 241 776 7 0.0565 3 530 248 781 11 0.0559 443 798 694 1007 13 0.0553 4 472 258 713 5 0.0538 0 532 241 777 6 0.0536 8 475 254 715 0 0.0531 60 595 302 834 8 0.0522 568 459 823 701 10 0.0521 0 538 247 778 3 0.0519 3 531 242 783 0 0.0517 568 464 829 702 13 0.0516 376 799 640 1020 5 0.0512 637 460 888 708 3 0.0506 452 793 690 1018 2 0.0503 0 540 247 782 8 0.0502 436 465 706 711 6 0.0500 573 462 833 701
XlS4OqnTR3Qv1vB4UpulvrmZeWnhOeHt,5 0.0668 190 649 445 894 0 0.0640 196 654 450 902 11 0.0634 191 655 447 894 7 0.0603 197 653 449 896 10 0.0587 190 660 446 893 8 0.0569 256 659 509 900 3 0.0556 196 652 446 903 6 0.0543 255 660 516 900 13 0.0535 200 651 455 898
ExlGxEYjsLHNzDEPC5ikld8rmUoP1saN,3 0.0628 311 6 562 257 8 0.0625 310 9 555 256 13 0.0620 236 2 501 195 7 0.0616 311 7 562 255 11 0.0605 302 9 560 253 11 0.0604 323 129 576 359 8 0.0599 247 70 496 317 8 0.0598 253 399 489 649 0 0.0598 325 327 567 573 8 0.0591 267 263 498 501 0 0.0591 308 9 562 255 3 0.0589 377 334 623 573 11 0.0586 322 267 575 503 5 0.0583 239 68 499 313 11 0.0578 173 21 445 250 6 0.0576 241 16 506 252 11 0.0573 378 341 622 569 8 0.0573 325 128 566 362 11 0.0571 251 445 508 698 8 0.0567 324 326 556 572 0 0.0566 262 266 507 502 13 0.0561 243 74 512 316 0 0.0559 175 22 443 252 0 0.0554 324 130 572 361 7 0.0551 246 69 503 315 7 0.0550 382 336 629 568 7 0.0547 329 129 575 361 10 0.0546 308 17 566 253 5 0.0544 321 123 570 356 2 0.0544 307 12 561 254 5 0.0542 230 0 490 193 3 0.0540 180 20 447 253 13 0.0539 381 335 629 567 7 0.0539 326 266 576 502 1 0.0538 228 0 493 191 3 0.0537 323 264 574 507 11 0.0535 178 139 447 369 2 0.0529 177 22 446 252 2 0.0528 323 136 571 362 6 0.0525 2 779 250 1007 5 0.0525 317 262 568 496 5 0.0523 245 393 494 650 3 0.0523 330 127 573 367 12 0.0522 308 6 565 253 0 0.0521 251 393 498 652 6 0.0520 250 140 514 373 6 0.0515 325 330 573 569 3 0.0515 331 407 575 651 10 0.0513 246 147 513 375 7 0.0513 255 397 501 654 6 0.0512 259 443 509 702 7 0.0507 7 778 256 1011 9 0.0506 229 0 496 191 2 0.0502 378 345 623 570 13 0.0501 327 131 582 360
PnK3TPzOftBEg4nLnvwE9Nw2wxOe8YzT,8 0.0567 125 393 371 641 0 0.0561 125 398 382 640 5 0.0541 177 270 447 507 11 0.0540 118 207 388 439 5 0.0530 120 392 374 639 8 0.0525 188 274 445 507 8 0.0522 131 205 381 438 0 0.0520 187 277 454 507 5 0.0518 320 261 586 507 0 0.0517 125 209 388 437 11 0.0513 121 399 385 637 6 0.0510 126 399 387 640 10 0.0508 186 281 455 505 8 0.0507 184 533 446 780 8 0.0506 245 129 509 353 0 0.0504 321 263 591 501
KWKanizcpxljcUEVq88OL0q4ixxZOReW,11 0.0625 187 352 442 582 11 0.0582 128 222 379 451 8 0.0576 193 347 435 588 0 0.0563 189 346 441 590 0 0.0562 120 0 374 208 6 0.0552 193 346 447 585 11 0.0547 231 724 509 947 11 0.0545 117 1 376 204 8 0.0544 121 0 365 202 0 0.0544 689 170 953 394 3 0.0542 193 351 440 590 6 0.0538 135 219 387 452 8 0.0537 130 219 373 454 10 0.0537 120 4 373 202 0 0.0533 130 219 379 456 11 0.0531 354 676 635 893 5 0.0522 256 382 496 624 11 0.0519 193 668 564 846 5 0.0516 118 0 371 201 7 0.0513 263 384 500 628 8 0.0508 692 163 948 388 13 0.0507 248 788 504 1023 5 0.0504 123 215 374 451 0 0.0504 258 0 506 205 13 0.0501 132 220 387 454 8 0.0500 179 657 436 892
pP6yg2OZ60r5RhOO6ObqrUJ6brsbYNxI,0 0.0619 396 216 643 455 11 0.0604 316 334 574 568 5 0.0596 394 212 640 447 11 0.0595 378 471 631 708 11 0.0593 397 216 642 447 3 0.0582 401 216 646 452 8 0.0580 397 216 636 453 7 0.0578 401 214 646 447 7 0.0570 331 268 583 502 6 0.0566 400 217 649 448 10 0.0566 395 141 646 375 13 0.0561 329 130 597 377 11 0.0558 461 283 717 520 6 0.0558 322 337 577 569 11 0.0555 326 136 587 375 11 0.0554 451 524 711 764 0 0.0548 462 285 713 529 13 0.0547 380 469 637 711 3 0.0545 319 336 573 579 11 0.0543 456 141 713 375 5 0.0543 450 134 710 373 11 0.0538 439 404 691 644 0 0.0536 282 193 529 442 5 0.0533 277 189 529 436 3 0.0533 469 285 714 532 0 0.0531 316 333 571 573 7 0.0530 454 520 714 766 6 0.0527 456 344 708 585 8 0.0526 450 523 700 764 13 0.0525 455 526 714 766 8 0.0525 324 270 570 510 7 0.0521 467 278 719 524 5 0.0521 126 200 392 460 5 0.0520 449 331 699 583 13 0.0520 212 134 478 383 6 0.0519 453 527 713 768 10 0.0517 328 273 580 505 0 0.0517 453 524 706 769 13 0.0515 466 215 723 450 13 0.0514 142 210 407 464 7 0.0513 382 467 633 711 3 0.0512 382 472 634 721 0 0.0511 382 471 632 715 7 0.0510 320 535 577 772 3 0.0510 461 139 712 381 0 0.0510 577 531 847 777 6 0.0509 291 194 538 438 5 0.0509 315 527 569 774 0 0.0509 400 62 644 305 2 0.0508 462 217 717 448 13 0.0508 447 405 699 649 3 0.0506 330 133 588 380 8 0.0506 379 471 621 708 11 0.0505 400 68 647 304 0 0.0505 207 136 466 387 8 0.0504 313 533 564 772 0 0.0503 455 136 712 383 11 0.0501 317 535 574 771
KZYlQHO1Jrk0qGrPnpQuEyZDA4KM3D0H,8 0.0650 391 337 642 570 5 0.0628 382 335 642 568 7 0.0617 452 334 709 568 8 0.0609 64 782 296 1019 8 0.0609 441 264 685 495 0 0.0603 451 331 704 571 5 0.0603 438 262 691 495 7 0.0600 497 536 763 768 3 0.0590 453 336 709 574 11 0.0579 450 335 707 570 0 0.0578 379 271 638 505 8 0.0573 369 531 630 767 6 0.0572 454 333 708 571 11 0.0563 65 787 311 1016 11 0.0562 487 537 764 764 5 0.0562 363 526 635 766 0 0.0561 493 538 758 769 10 0.0552 383 280 642 502 11 0.0551 379 275 640 504 0 0.0550 372 529 642 772 8 0.0548 488 539 749 765 5 0.0548 241 409 517 637 13 0.0546 495 536 766 767 9 0.0544 439 271 690 492 5 0.0541 243 292 519 523 6 0.0538 565 548 842 761 3 0.0532 567 540 835 764 7 0.0532 371 533 642 768 5 0.0529 609 128 870 376 5 0.0527 549 534 833 755 10 0.0527 451 339 710 566 7 0.0527 382 271 642 500 13 0.0526 453 336 710 571 6 0.0520 384 275 644 506 5 0.0514 60 783 302 1017 8 0.0512 243 413 510 639 0 0.0512 617 136 871 375 0 0.0509 58 784 305 1019 8 0.0509 612 133 865 373 11 0.0506 69 679 325 925 11 0.0505 364 533 643 767 1 0.0505 445 332 706 570 2 0.0503 373 536 640 771 10 0.0503 615 137 872 375 3 0.0501 383 274 642 512 13 0.0501 383 274 645 508 13 0.0501 374 533 648 771
PzueIaHA5W8kC19pBlX4FO3QN5okG2ZS,11 0.0618 459 23 706 246 11 0.0584 308 455 576 689 11 0.0578 391 141 645 366 8 0.0571 322 204 570 436 11 0.0570 243 587 508 818 7 0.0565 508 518 764 768 11 0.0565 317 199 580 431 5 0.0565 241 582 499 822 5 0.0565 391 14 628 255 5 0.0556 459 81 707 305 0 0.0556 330 22 571 262 11 0.0555 367 394 637 621 6 0.0550 509 524 764 767 0 0.0542 371 393 635 629 7 0.0541 243 652 503 887 6 0.0540 331 146 575 386 5 0.0540 308 241 572 472 0 0.0538 301 781 561 1022 5 0.0537 499 517 759 763 11 0.0537 328 82 576 320 8 0.0533 303 782 550 1022 11 0.0533 306 318 579 549 11 0.0530 369 589 639 827 8 0.0530 504 523 756 767 6 0.0529 467 86 718 303 0 0.0529 500 42 752 265 0 0.0528 323 148 572 385 5 0.0526 321 138 565 381 5 0.0526 235 446 497 681 0 0.0523 503 524 760 767 8 0.0523 624 524 876 765 7 0.0523 318 241 581 480 6 0.0522 320 449 575 695 8 0.0520 438 332 692 576 8 0.0520 397 140 636 366 0 0.0519 239 650 504 894 11 0.0518 303 656 570 891 7 0.0517 306 524 564 769 11 0.0516 304 788 563 1017 10 0.0516 461 30 706 249 11 0.0513 438 338 702 571 13 0.0513 338 23 580 257 13 0.0511 245 450 509 693 8 0.0510 374 389 625 630 8 0.0510 333 85 569 322 7 0.0508 378 388 639 627 8 0.0508 502 33 745 260 13 0.0507 465 87 720 303 3 0.0506 326 147 572 391 0 0.0506 311 248 580 477 0 0.0506 262 73 503 318 6 0.0504 241 653 506 890 6 0.0503 248 512 504 753 8 0.0503 259 140 497 384 7 0.0503 237 791 500 1023 13 0.0503 397 139 651 364 5 0.0502 619 520 878 763 3 0.0502 467 84 713 313 5 0.0501 436 333 696 573
doWu15j9TnIwQTrc2FyUnvnquQtHxQZt,0 0.0554 758 449 1023 708 11 0.0540 122 357 390 568 13 0.0529 772 448 1023 712 11 0.0520 693 467 954 710 5 0.0517 686 461 951 703 8 0.0513 75 0 313 208 8 0.0512 119 349 375 574 8 0.0509 205 406 441 644 0 0.0502 198 406 444 646
svfZPBzgm7OWcU6Swu6RoPWU95P2lvyT,8 0.0624 132 790 369 1022 11 0.0615 305 670 550 910 11 0.0608 129 789 379 1022 0 0.0605 126 792 384 1023 7 0.0592 311 668 556 912 8 0.0587 311 669 545 913 11 0.0573 240 542 504 779 0 0.0570 307 668 551 914 8 0.0559 241 542 495 781 7 0.0552 248 539 508 780 7 0.0551 316 340 576 569 5 0.0549 302 666 550 908 0 0.0546 243 543 506 782 7 0.0543 133 790 382 1023 6 0.0542 309 669 554 913 5 0.0538 238 537 504 778 13 0.0537 133 790 385 1023 11 0.0535 316 348 573 570 3 0.0534 312 668 553 918 10 0.0529 306 671 551 911 0 0.0529 319 344 571 575 3 0.0525 246 545 505 788 5 0.0516 125 788 372 1023 8 0.0509 241 407 499 636 13 0.0508 310 669 560 915 2 0.0508 128 793 381 1023 11 0.0502 176 486 445 712 10 0.0502 127 796 375 1019
Pw1piRzGbTIMYmuZrz8NohswK4h86XCX,8 0.0623 196 662 444 888 7 0.0590 203 657 459 884 5 0.0571 195 658 452 884 10 0.0557 194 665 452 883 11 0.0555 194 662 456 880 0 0.0536 257 662 504 896 11 0.0507 179 545 449 763
1AbtDxF3PzoFuWeZkAgK4UvlBdqcIDwX,0 0.0623 434 607 693 843 8 0.0601 181 601 422 819 7 0.0585 502 545 762 763 5 0.0584 427 603 689 838 3 0.0578 499 552 755 764 8 0.0576 436 601 686 839 8 0.0575 491 551 750 760 11 0.0569 434 608 694 840 5 0.0562 239 403 495 660 5 0.0558 242 609 489 834 8 0.0554 436 345 697 578 5 0.0553 486 546 755 759 11 0.0552 241 613 498 837 11 0.0548 496 554 758 758 7 0.0543 435 603 696 842 11 0.0537 433 350 709 580 0 0.0536 496 551 754 763 0 0.0536 247 408 500 671 13 0.0533 385 0 642 238 13 0.0530 439 348 716 579 6 0.0530 387 1 637 237 0 0.0529 488 351 764 575 11 0.0529 241 414 497 665 3 0.0526 438 605 693 846 8 0.0526 242 410 486 669 6 0.0519 498 551 761 759 7 0.0518 250 405 499 663 8 0.0517 385 0 624 240 6 0.0517 246 410 501 662 3 0.0516 246 614 497 842 6 0.0516 440 348 716 579 10 0.0515 434 611 700 839 6 0.0514 432 605 700 837 5 0.0509 485 0 749 198 10 0.0508 244 619 499 838 13 0.0507 438 604 700 841 6 0.0507 245 612 499 837 13 0.0507 250 613 504 842 0 0.0506 181 601 431 823 3 0.0503 245 413 493 675 8 0.0503 250 670 493 903 10 0.0502 436 353 713 580 9 0.0502 428 607 694 834
5elnRPYAE1yzRlERdDjcau6yIVRR7fvN,11 0.0594 566 342 825 568 0 0.0587 560 405 816 635 5 0.0587 551 399 811 632 8 0.0572 559 401 809 633 10 0.0566 497 457 749 713 5 0.0563 492 449 745 710 11 0.0560 491 453 751 705 6 0.0560 562 405 819 633 8 0.0556 498 455 743 709 13 0.0554 496 456 753 711 0 0.0550 494 456 750 714 11 0.0540 429 388 679 633 6 0.0532 497 458 754 710 7 0.0531 573 339 828 572 3 0.0527 573 338 822 580 0 0.0523 484 356 846 543 11 0.0521 630 401 896 634 11 0.0520 256 409 618 590 7 0.0518 504 397 758 633 3 0.0516 499 457 752 717 5 0.0513 627 468 886 725 11 0.0508 414 289 765 473 10 0.0508 569 344 825 574 6 0.0505 434 391 681 638 0 0.0504 433 388 676 642 0 0.0501 631 478 894 728
MWnP5PouUzdSlBO2q7no6fInUPefZe3t,7 0.0632 311 724 567 965 11 0.0610 307 728 561 962 8 0.0607 313 723 555 964 5 0.0596 241 722 490 955 11 0.0595 314 604 561 834 0 0.0584 384 528 635 770 11 0.0564 385 528 634 764 0 0.0560 311 723 562 968 10 0.0553 306 731 562 961 0 0.0549 315 597 564 840 11 0.0548 316 467 570 702 0 0.0547 329 491 706 663 13 0.0546 312 728 570 966 3 0.0544 320 601 560 843 8 0.0539 319 603 556 836 3 0.0534 311 727 561 969 7 0.0529 316 604 562 837 11 0.0527 256 529 502 769 5 0.0527 309 599 555 831 7 0.0524 337 489 713 663 8 0.0521 259 528 490 771 9 0.0521 306 725 559 955 8 0.0519 334 489 686 663 3 0.0519 390 528 633 777 6 0.0512 247 728 500 957 0 0.0510 260 520 498 774 3 0.0510 327 396 572 642 5 0.0509 313 465 564 700 7 0.0506 388 528 637 767 13 0.0505 261 597 512 831
lEb33tBXcSRYZDwrRRNrDzQVmksDfbhA,8 0.0647 342 423 712 604 0 0.0578 344 425 729 605 11 0.0567 338 423 725 606 6 0.0565 348 425 736 603 5 0.0564 335 416 720 604 2 0.0558 353 426 724 606 7 0.0556 350 423 736 606 5 0.0548 48 509 313 728 13 0.0547 348 425 733 602 0 0.0531 332 463 567 706 3 0.0527 346 425 726 611 11 0.0517 323 463 567 709 8 0.0513 330 466 561 703 6 0.0505 60 516 316 730 10 0.0505 343 426 728 607 9 0.0501 341 424 720 601 7 0.0500 57 510 322 731
GGSIrbArbfWmujBSXbZllUoaD7jdWfAe,5 0.0572 242 194 504 441 7 0.0572 473 673 820 858 0 0.0560 495 730 770 964 7 0.0556 406 730 751 915 11 0.0553 491 733 767 962 0 0.0552 333 212 576 448 5 0.0551 480 651 756 890 13 0.0549 473 678 823 858 5 0.0548 321 135 567 380 11 0.0542 331 217 577 444 11 0.0539 320 85 576 321 11 0.0538 244 17 504 255 8 0.0538 328 146 562 383 8 0.0537 420 717 691 953 6 0.0529 255 18 507 254 5 0.0528 482 798 758 1018 6 0.0528 330 145 576 384 0 0.0527 253 17 504 255 7 0.0527 496 803 768 1023 5 0.0525 320 263 566 506 13 0.0525 497 803 771 1023 6 0.0521 489 652 760 894 8 0.0520 163 0 508 153 0 0.0519 326 82 571 321 5 0.0517 150 0 518 152 11 0.0516 254 141 518 389 7 0.0516 267 71 520 319 3 0.0512 494 803 758 1023 8 0.0511 249 203 499 442 5 0.0510 236 323 483 561 8 0.0508 481 653 750 890 11 0.0506 349 724 631 950 3 0.0505 339 214 574 452 7 0.0503 250 200 516 443 11 0.0502 243 274 509 503
8gkYNIg703rgsyvoiqpaGghfUZlrEMsz,5 0.0677 187 640 435 897 0 0.0667 190 641 438 898 8 0.0661 127 653 370 897 5 0.0651 529 666 874 858 11 0.0648 187 645 437 893 11 0.0642 59 614 436 785 6 0.0626 190 644 439 896 0 0.0625 526 669 885 862 7 0.0618 128 652 377 900 0 0.0613 59 612 435 789 8 0.0607 59 613 424 788 5 0.0605 58 610 424 789 10 0.0604 126 657 375 897 10 0.0603 58 615 435 788 11 0.0597 530 670 879 859 10 0.0591 529 672 881 860 13 0.0588 192 644 441 896 3 0.0588 128 653 376 900 7 0.0587 63 611 439 788 1 0.0583 125 648 374 898 6 0.0580 62 612 438 788 7 0.0576 538 667 889 861 6 0.0568 533 669 887 860 13 0.0566 65 612 447 788 8 0.0565 532 667 872 859 12 0.0556 192 643 436 899 9 0.0553 125 653 375 895 3 0.0548 64 614 436 789 13 0.0543 540 671 887 863 2 0.0543 535 672 881 859 8 0.0540 385 463 630 688 2 0.0539 128 657 376 900 7 0.0539 389 465 645 690 1 0.0527 526 666 883 859 13 0.0526 386 470 647 690 3 0.0526 537 669 882 861 9 0.0524 54 614 432 787 1 0.0524 53 610 430 788 11 0.0523 387 469 641 689 4 0.0522 528 671 883 861 2 0.0518 64 616 434 791 4 0.0517 191 646 440 898 0 0.0512 383 467 642 694 12 0.0505 537 669 881 861 12 0.0504 64 614 434 790 4 0.0503 61 616 438 789 7 0.0501 516 470 767 705 5 0.0501 382 464 633 685
Io9X4XJdrWIB1FGfCoHl2lvHHyD0q8OH,11 0.0644 704 454 944 685 11 0.0585 392 335 661 563 5 0.0585 640 379 885 629 7 0.0579 459 518 729 765 0 0.0579 249 333 503 579 6 0.0578 652 386 892 632 11 0.0570 785 327 1023 558 5 0.0570 781 319 1020 564 0 0.0568 393 331 654 568 0 0.0560 0 172 235 403 11 0.0560 573 318 829 545 8 0.0558 3 164 232 395 6 0.0555 439 137 709 361 5 0.0555 316 323 570 556 0 0.0554 314 266 572 496 0 0.0553 258 193 510 438 11 0.0553 454 524 723 759 0 0.0551 573 321 825 554 7 0.0547 379 792 625 1023 3 0.0546 322 331 574 564 0 0.0545 639 442 880 684 3 0.0545 650 387 891 639 5 0.0545 0 162 234 397 11 0.0544 244 335 504 574 5 0.0544 702 447 938 688 8 0.0540 639 443 876 682 8 0.0536 247 331 493 582 8 0.0532 386 268 645 498 5 0.0532 380 264 648 493 6 0.0530 790 325 1023 562 5 0.0528 568 312 823 548 13 0.0528 642 444 887 687 5 0.0528 431 133 694 363 7 0.0527 649 388 892 632 5 0.0527 252 263 504 503 7 0.0526 396 331 659 566 5 0.0524 1 545 374 726 0 0.0524 7 546 383 729 0 0.0523 785 326 1023 572 5 0.0523 452 512 721 762 13 0.0522 363 138 638 378 8 0.0522 7 545 375 725 11 0.0522 358 201 647 434 8 0.0519 457 522 714 763 6 0.0519 459 521 727 766 13 0.0519 394 333 666 568 6 0.0519 580 320 833 550 11 0.0519 429 138 702 363 8 0.0517 434 140 692 368 11 0.0516 442 781 687 1018 6 0.0516 330 328 579 559 3 0.0516 5 173 239 410 3 0.0515 438 141 703 378 5 0.0514 316 189 580 428 8 0.0513 786 327 1016 564 6 0.0512 1 169 244 400 13 0.0511 254 336 511 581 0 0.0511 368 202 643 437 0 0.0510 492 214 758 432 3 0.0509 461 521 724 771 13 0.0508 649 324 885 569 5 0.0506 314 785 564 1018 0 0.0506 454 524 722 765 13 0.0506 460 522 728 765 3 0.0501 324 199 585 439 10 0.0500 648 391 889 628
MAohu49ko1qmpWbGdiVzgqEv09QUN9GO,5 0.0635 220 211 566 406 0 0.0621 250 138 502 395 8 0.0609 312 337 557 574 8 0.0609 191 331 440 588 7 0.0606 189 332 449 583 0 0.0596 186 203 443 459 13 0.0594 251 263 507 503 3 0.0594 307 338 568 579 8 0.0591 249 259 495 502 5 0.0583 444 25 693 234 5 0.0579 245 72 496 317 11 0.0577 183 206 444 452 11 0.0570 248 140 504 387 13 0.0567 86 298 455 474 13 0.0566 251 136 509 392 5 0.0566 302 335 565 573 5 0.0564 181 333 444 579 0 0.0562 313 263 566 510 13 0.0560 187 395 440 651 11 0.0560 309 270 566 504 5 0.0559 302 279 678 472 5 0.0555 426 135 694 357 7 0.0554 187 199 445 457 7 0.0554 315 264 565 509 8 0.0553 431 142 691 360 7 0.0553 257 393 518 656 5 0.0551 493 203 761 437 8 0.0548 454 33 693 236 0 0.0548 188 335 449 587 8 0.0547 307 282 675 473 3 0.0542 256 200 508 453 6 0.0541 192 204 450 454 7 0.0540 431 270 690 504 8 0.0539 79 295 431 474 6 0.0537 453 38 709 236 11 0.0537 239 334 506 571 8 0.0536 117 392 374 647 7 0.0535 374 335 633 571 11 0.0534 556 279 828 496 11 0.0533 427 142 705 354 10 0.0531 244 339 505 572 6 0.0530 254 138 505 391 6 0.0529 128 328 403 574 13 0.0528 450 33 706 233 1 0.0527 239 326 502 574 7 0.0526 122 392 383 646 0 0.0525 498 159 766 374 11 0.0525 315 520 575 766 3 0.0524 456 34 700 245 8 0.0524 77 158 414 343 10 0.0523 314 276 567 505 13 0.0522 309 283 696 474 8 0.0520 492 212 762 434 11 0.0519 315 403 574 645 5 0.0519 562 137 812 367 7 0.0519 438 140 709 362 0 0.0518 116 395 380 646 0 0.0517 508 2 779 198 11 0.0517 570 747 832 976 2 0.0516 431 214 703 431 13 0.0515 309 338 571 578 5 0.0513 71 153 415 343 3 0.0513 312 280 685 477 3 0.0513 187 339 449 591 11 0.0512 179 398 432 649 7 0.0512 503 210 773 436 10 0.0510 252 205 507 445 11 0.0510 382 462 641 703 7 0.0509 254 73 504 323 11 0.0508 74 162 431 342 8 0.0507 382 401 628 644 8 0.0507 563 139 807 363 8 0.0505 305 590 567 842 6 0.0503 435 147 707 358 2 0.0502 489 274 757 496 0 0.0501 257 392 517 658 6 0.0500 488 269 762 495
1oO2FHrNonZqP9i854X6sio2hZj4R4h0,5 0.0658 487 793 752 1023 5 0.0644 349 537 702 725 7 0.0627 560 797 820 1023 8 0.0621 498 797 746 1022 11 0.0608 340 603 700 793 3 0.0604 560 798 814 1023 11 0.0595 383 451 646 695 11 0.0593 417 678 773 859 0 0.0592 363 473 714 668 5 0.0584 412 673 766 859 0 0.0584 345 606 707 798 8 0.0582 381 797 621 1021 11 0.0582 557 802 817 1020 7 0.0581 455 528 709 763 3 0.0581 430 792 691 1023 8 0.0580 347 605 698 796 5 0.0580 616 813 877 1023 10 0.0576 448 531 706 761 5 0.0576 434 324 693 573 0 0.0573 559 804 818 1023 3 0.0572 497 676 765 913 11 0.0571 439 332 700 576 7 0.0570 430 792 699 1023 11 0.0568 428 796 695 1021 7 0.0568 369 470 723 666 13 0.0562 433 793 704 1023 5 0.0561 370 790 622 1022 0 0.0557 495 679 770 915 13 0.0551 325 332 593 594 3 0.0550 393 522 644 763 0 0.0547 427 793 695 1023 13 0.0547 392 454 651 699 7 0.0547 427 676 779 864 6 0.0545 390 455 651 695 13 0.0545 351 605 715 798 8 0.0544 363 469 701 669 7 0.0542 446 327 701 579 3 0.0542 389 392 646 645 8 0.0541 626 815 870 1021 8 0.0540 499 674 757 911 6 0.0538 499 678 773 910 13 0.0537 448 327 704 575 6 0.0534 454 532 710 761 0 0.0534 442 329 696 577 0 0.0533 501 269 751 504 10 0.0531 364 476 713 670 0 0.0523 318 522 587 763 6 0.0520 308 588 584 821 2 0.0517 454 533 705 763 10 0.0517 616 822 883 1021 6 0.0516 497 802 759 1019 8 0.0516 442 327 691 576 8 0.0516 318 521 576 762 6 0.0514 444 329 704 576 2 0.0509 391 460 645 699 5 0.0508 326 391 593 650 7 0.0508 507 267 754 507 2 0.0505 443 335 699 574 13 0.0503 322 520 594 763 13 0.0501 499 677 770 912
GaaPHDX2n7AeANBXXQw0pVUf7YCOkpbV,8 0.0551 253 501 485 765 8 0.0527 511 275 745 512 7 0.0525 247 568 493 830 11 0.0514 185 342 440 567 11 0.0508 246 506 498 764 8 0.0505 347 411 706 592 5 0.0502 282 347 642 539
DmTHGC0WVWQOEZ9wlbIhsZuWli79Lxcs,5 0.0579 357 576 615 824 5 0.0566 172 405 422 646 7 0.0559 287 587 574 823 0 0.0557 303 525 569 756 8 0.0552 176 408 416 652 7 0.0549 446 270 695 499 11 0.0541 240 456 498 701 11 0.0538 299 526 567 753 8 0.0537 244 452 491 703 0 0.0531 427 402 696 631 11 0.0528 378 148 630 374 3 0.0526 366 586 617 832 8 0.0525 112 468 346 721 8 0.0524 301 524 558 753 5 0.0520 503 338 758 574 3 0.0518 445 270 687 504 10 0.0513 239 461 501 705 13 0.0513 247 455 507 709 8 0.0510 374 151 619 373 5 0.0508 111 468 350 713 3 0.0506 178 413 427 659 0 0.0506 506 343 763 579 5 0.0503 423 398 691 624 3 0.0503 245 523 515 772 11 0.0503 426 399 696 627 6 0.0502 366 584 623 828
lhc2NgotxipZue23RXq4xVu88aeip1gt,8 0.0659 383 273 632 515 5 0.0652 437 192 694 439 5 0.0642 512 127 761 374 0 0.0640 520 137 765 375 8 0.0638 442 198 693 441 5 0.0638 561 201 816 436 0 0.0638 444 273 697 522 0 0.0633 388 199 652 441 11 0.0632 693 329 956 570 5 0.0617 313 269 577 515 5 0.0617 691 324 952 566 3 0.0617 447 270 698 524 11 0.0612 379 274 641 514 6 0.0607 700 323 956 570 5 0.0605 433 326 689 573 7 0.0596 697 326 957 570 7 0.0595 445 196 704 445 13 0.0595 385 275 646 515 5 0.0593 509 13 760 259 8 0.0592 322 193 571 430 11 0.0591 445 8 704 245 0 0.0591 375 332 636 582 0 0.0589 513 22 762 260 7 0.0587 441 330 694 576 0 0.0587 568 211 819 434 13 0.0584 450 7 707 243 3 0.0583 452 132 702 374 3 0.0582 378 336 637 583 11 0.0580 374 399 638 644 8 0.0579 568 207 810 436 3 0.0578 453 7 705 253 13 0.0577 391 133 649 362 6 0.0577 517 75 764 314 10 0.0576 441 202 698 441 3 0.0573 270 288 642 474 3 0.0572 698 327 952 577 11 0.0572 442 131 702 368 10 0.0569 519 141 763 372 8 0.0566 387 127 638 365 6 0.0566 324 272 581 518 8 0.0565 696 326 948 571 7 0.0564 516 16 764 262 7 0.0564 271 283 642 468 10 0.0564 695 327 953 570 3 0.0562 574 20 831 258 6 0.0559 441 333 697 576 6 0.0557 446 202 704 440 8 0.0556 319 343 567 585 6 0.0554 253 401 504 643 5 0.0552 376 119 642 365 6 0.0552 575 23 831 249 11 0.0552 560 209 822 435 6 0.0551 452 8 710 247 13 0.0551 318 344 579 587 11 0.0551 253 279 513 517 0 0.0551 314 136 580 370 8 0.0550 260 276 502 519 8 0.0549 518 135 758 376 8 0.0549 447 5 695 247 7 0.0548 315 340 577 584 5 0.0547 374 393 634 643 2 0.0547 449 141 700 370 9 0.0546 518 137 767 367 9 0.0546 445 8 705 241 9 0.0545 564 213 823 428 13 0.0544 521 137 769 371 3 0.0544 575 153 831 382 7 0.0540 387 126 647 371 9 0.0537 438 274 697 513 6 0.0537 574 210 825 436 5 0.0537 357 0 628 235 2 0.0536 516 28 763 259 3 0.0536 320 404 577 653 13 0.0535 447 200 702 435 11 0.0534 568 20 825 247 0 0.0534 757 328 1016 577 13 0.0533 761 329 1023 582 7 0.0532 382 399 641 647 13 0.0531 325 196 590 433 1 0.0530 509 16 766 260
eoSjZ0QDzTETWxQWvXHzcQ4XBKmLGhmW,5 0.0587 179 783 427 1019 8 0.0581 183 780 428 1020 11 0.0565 430 715 691 946 7 0.0562 434 712 699 946 0 0.0562 178 784 436 1023 7 0.0554 184 786 438 1021 13 0.0527 182 786 440 1020 3 0.0521 437 711 690 952 8 0.0514 390 0 639 231 0 0.0509 432 713 693 954 5 0.0508 427 706 687 943 8 0.0508 435 710 683 946 11 0.0501 141 770 379 999 10 0.0501 180 792 433 1019
5nDtM5tCRNRkRdM5auLwlkotmZdN1I9o,11 0.0644 332 537 573 754 0 0.0638 333 536 572 760 0 0.0637 445 467 691 702 5 0.0632 310 725 568 965 0 0.0631 329 402 581 641 7 0.0621 319 734 572 968 0 0.0618 317 731 566 970 11 0.0616 313 732 567 964 7 0.0613 337 538 574 755 2 0.0594 329 408 582 640 11 0.0594 329 402 581 638 7 0.0588 332 402 584 638 5 0.0587 331 530 568 754 11 0.0582 446 466 694 698 2 0.0574 333 543 578 756 5 0.0569 327 401 576 639 13 0.0568 323 733 570 964 5 0.0560 443 464 689 699 8 0.0560 332 535 568 757 13 0.0558 336 403 585 642 8 0.0557 316 732 561 962 10 0.0553 311 735 568 963 3 0.0552 338 536 573 759 5 0.0552 245 333 503 570 3 0.0552 321 730 568 970 13 0.0549 341 537 576 756 8 0.0547 330 400 572 641 3 0.0545 332 402 581 645 3 0.0544 451 467 695 707 8 0.0542 447 466 687 699 7 0.0541 448 467 694 700 10 0.0535 332 537 570 754 2 0.0534 451 473 697 700 7 0.0531 253 334 507 567 10 0.0526 247 407 503 627 6 0.0524 451 467 699 698 6 0.0522 336 538 578 755 12 0.0522 331 402 579 642 6 0.0520 316 732 570 962 12 0.0516 317 729 568 966 11 0.0511 251 338 506 566 0 0.0510 248 335 505 569 12 0.0503 336 533 573 758 6 0.0503 333 403 585 640
z6r8lJiyrXlJGTo3dFGDRSJTPtpUYGzf,0 0.0581 365 16 620 256 3 0.0580 369 17 624 258 7 0.0580 368 20 626 255 13 0.0556 368 17 624 257 8 0.0554 366 20 616 255 11 0.0552 362 18 623 253 5 0.0552 363 12 619 253 11 0.0547 448 348 696 578 10 0.0521 368 27 620 254 9 0.0520 365 18 623 249 1 0.0505 360 15 621 252
3RoC2g0jpwimfjqNo1REWPHJJ7tslPZW,0 0.0626 175 269 441 514 0 0.0606 245 197 509 442 5 0.0602 370 0 638 202 8 0.0597 168 370 421 615 0 0.0596 163 379 432 620 5 0.0591 161 371 425 611 5 0.0587 174 263 433 505 8 0.0578 441 18 693 256 11 0.0576 564 460 822 699 5 0.0570 240 195 503 433 0 0.0568 379 0 638 207 13 0.0562 327 79 589 323 6 0.0560 378 0 647 204 11 0.0559 441 13 697 257 7 0.0557 383 0 643 207 11 0.0553 244 198 509 436 13 0.0552 379 0 643 205 11 0.0551 191 84 447 317 3 0.0546 382 0 639 211 8 0.0546 181 263 433 510 7 0.0545 164 375 436 617 8 0.0542 580 278 820 522 8 0.0542 567 459 810 701 5 0.0541 501 0 749 205 0 0.0539 566 462 822 703 13 0.0539 181 268 449 513 2 0.0531 377 6 639 205 7 0.0529 252 197 513 439 11 0.0526 522 68 767 298 13 0.0526 396 461 645 694 13 0.0526 170 376 439 616 0 0.0525 390 74 652 314 13 0.0524 198 82 451 323 3 0.0524 252 201 507 443 13 0.0522 255 198 514 443 6 0.0519 328 78 587 321 0 0.0518 575 207 830 448 11 0.0517 174 269 440 509 11 0.0512 386 464 636 689 8 0.0510 253 195 501 442 5 0.0510 577 279 822 522 10 0.0510 248 207 507 438 7 0.0510 178 267 444 510 6 0.0509 254 198 514 440 6 0.0507 180 268 447 510 13 0.0506 569 460 826 699 8 0.0506 195 81 438 322 0 0.0506 389 458 641 697 11 0.0505 160 380 429 612 5 0.0504 564 453 813 699 7 0.0502 512 0 756 208
mtNHWeOYNXqYDF0rqgTqmFhmVKodj3VB,11 0.0629 372 463 641 704 8 0.0600 378 395 634 634 11 0.0597 376 330 637 555 11 0.0596 308 595 589 828 7 0.0592 268 477 628 661 8 0.0587 315 590 577 825 0 0.0587 376 460 642 706 7 0.0585 382 326 640 553 3 0.0585 271 479 624 664 8 0.0582 111 534 365 774 3 0.0582 382 332 639 564 11 0.0579 304 399 577 638 11 0.0576 112 535 371 772 5 0.0573 309 461 576 709 11 0.0572 236 662 517 900 11 0.0571 250 523 516 766 8 0.0569 47 589 287 833 13 0.0567 257 520 523 770 5 0.0565 193 589 448 844 7 0.0563 308 527 580 767 5 0.0561 375 390 638 630 10 0.0559 376 465 641 701 0 0.0558 307 399 577 641 11 0.0558 162 398 431 630 10 0.0556 380 334 640 557 5 0.0556 176 462 443 711 7 0.0556 183 468 452 714 0 0.0554 360 597 645 830 13 0.0551 315 591 591 829 5 0.0549 112 528 368 775 0 0.0548 124 603 378 849 7 0.0548 116 533 378 777 13 0.0548 127 607 389 848 8 0.0546 254 517 508 767 0 0.0544 378 331 639 559 0 0.0544 306 528 574 768 6 0.0544 50 524 311 767 8 0.0544 198 591 447 841 6 0.0543 125 604 387 844 2 0.0543 315 468 581 708 7 0.0541 200 595 452 846 5 0.0541 309 321 577 562 0 0.0540 242 656 513 905 3 0.0533 309 527 576 770 10 0.0529 121 607 378 843 8 0.0528 436 592 703 834 5 0.0528 307 586 580 827 0 0.0528 188 521 449 775 6 0.0526 383 395 642 635 6 0.0526 190 522 457 772 11 0.0525 45 598 291 828 10 0.0523 308 401 578 636 6 0.0522 309 525 581 766 7 0.0519 364 598 650 826 11 0.0519 425 599 715 829 10 0.0517 306 530 577 765 13 0.0517 384 395 648 635 5 0.0513 42 591 288 831 7 0.0511 52 590 293 831 2 0.0509 381 399 640 630 0 0.0509 111 469 373 713 0 0.0509 0 478 247 715 3 0.0509 199 596 453 848 7 0.0506 314 252 575 484 13 0.0506 319 331 587 565 2 0.0505 197 599 453 845 11 0.0505 303 260 571 483 2 0.0504 185 471 446 710 10 0.0503 107 472 377 710 8 0.0501 312 328 570 566 5 0.0500 424 591 711 828
7UvFcxoQMWCktXRtTwfitEmtKwRytffL,11 0.0605 251 407 505 638 11 0.0593 306 8 578 243 3 0.0593 320 3 576 250 5 0.0592 307 0 572 243 8 0.0581 255 406 498 638 11 0.0578 324 471 572 706 10 0.0576 316 13 578 242 5 0.0566 249 401 499 639 6 0.0563 259 406 504 640 0 0.0563 153 0 526 150 3 0.0559 258 404 502 647 8 0.0555 333 471 566 709 8 0.0553 160 2 519 147 3 0.0551 441 4 701 253 11 0.0551 429 10 701 242 0 0.0551 253 403 504 639 7 0.0551 333 468 573 713 0 0.0550 331 469 570 709 5 0.0549 312 129 581 364 2 0.0547 158 2 527 146 5 0.0546 323 462 570 709 8 0.0546 444 541 683 763 5 0.0545 427 3 695 246 6 0.0538 379 68 638 305 0 0.0533 321 72 570 301 6 0.0532 333 468 571 707 7 0.0532 320 9 576 247 8 0.0531 436 6 692 250 5 0.0529 148 0 523 146 10 0.0529 255 408 500 640 7 0.0529 258 404 506 642 13 0.0527 258 406 510 640 0 0.0527 434 7 697 250 13 0.0527 445 541 696 764 9 0.0526 309 4 574 238 11 0.0525 314 136 587 364 13 0.0525 318 5 581 244 11 0.0524 188 7 444 249 7 0.0523 163 0 534 147 3 0.0522 334 468 569 716 13 0.0522 380 70 637 303 13 0.0521 163 0 539 151 10 0.0519 327 474 569 707 8 0.0518 318 6 569 246 13 0.0518 331 471 576 710 10 0.0516 152 4 529 148 0 0.0515 266 145 517 375 5 0.0512 176 192 440 438 2 0.0511 313 13 571 246 7 0.0510 440 8 700 251 10 0.0504 377 76 635 301
IBpeSnXAHcCYVUOum43TFtC1iEni0Jcc,6 0.0565 241 458 508 700 5 0.0564 301 401 568 645 8 0.0553 419 470 690 700 11 0.0547 117 605 378 828 8 0.0535 312 408 560 644 11 0.0529 299 407 567 645 13 0.0515 250 392 508 639 11 0.0509 228 531 509 757 11 0.0508 267 75 527 298 7 0.0508 248 389 504 635 3 0.0501 309 405 566 655
fQI4jdkeWMkurC5PScfODAHtb81lw4N3,5 0.0657 186 344 570 528 8 0.0629 503 330 749 573 11 0.0627 496 407 749 642 11 0.0622 439 335 700 577 3 0.0614 445 335 697 587 0 0.0611 440 335 696 582 11 0.0600 373 400 640 642 5 0.0596 343 220 708 410 7 0.0596 445 333 701 580 5 0.0594 511 278 765 511 11 0.0588 347 227 717 408 11 0.0587 514 282 773 509 3 0.0578 506 403 746 654 10 0.0573 353 228 714 413 5 0.0569 435 331 694 577 3 0.0567 362 227 708 417 0 0.0566 515 282 767 513 8 0.0564 356 228 704 413 8 0.0562 435 397 686 649 0 0.0558 502 406 745 648 7 0.0556 358 228 715 413 5 0.0556 499 400 742 643 5 0.0556 500 62 756 299 6 0.0555 445 336 706 581 3 0.0555 518 280 768 520 0 0.0553 352 228 712 413 11 0.0551 244 264 507 495 10 0.0546 456 280 722 514 8 0.0543 198 349 560 530 3 0.0543 378 396 636 651 6 0.0543 249 265 509 499 6 0.0542 504 406 752 648 7 0.0541 505 404 749 647 13 0.0539 505 402 751 646 13 0.0532 458 278 725 512 8 0.0528 583 281 829 507 10 0.0527 248 268 507 498 7 0.0524 249 257 511 498 6 0.0520 521 284 774 512 6 0.0520 358 228 719 412 7 0.0520 520 281 769 514 0 0.0518 192 346 577 531 9 0.0516 499 337 756 567 5 0.0513 629 480 882 707 3 0.0512 246 267 505 503 13 0.0511 381 395 645 647 2 0.0508 501 410 747 645 12 0.0505 440 398 696 647 11 0.0504 580 15 832 249 5 0.0503 580 10 827 249 13 0.0502 357 229 721 412 1 0.0502 436 328 699 580 11 0.0501 304 149 571 379 13 0.0501 198 349 583 533 9 0.0501 431 399 696 639
OYKxAANtqUgGwHTmTtBmmzZL1UtlWXXU,11 0.0615 248 414 619 603 0 0.0585 314 391 576 630 13 0.0584 446 269 710 473 11 0.0583 448 402 720 636 5 0.0579 435 261 692 471 7 0.0573 256 413 619 610 11 0.0571 438 190 690 404 7 0.0570 454 403 721 641 11 0.0566 231 732 491 945 5 0.0562 568 342 824 573 0 0.0558 438 6 698 241 8 0.0557 449 402 715 637 0 0.0557 505 76 759 312 3 0.0557 453 401 715 646 11 0.0551 236 321 507 554 11 0.0551 504 141 757 355 0 0.0550 238 326 507 561 11 0.0547 300 794 553 1007 5 0.0546 432 0 692 235 8 0.0542 257 415 606 607 3 0.0542 253 415 621 612 5 0.0542 312 160 569 401 5 0.0541 442 398 710 633 0 0.0540 573 355 830 576 11 0.0540 512 286 772 498 11 0.0536 437 7 699 237 11 0.0534 569 349 833 570 13 0.0533 255 415 629 611 13 0.0531 580 354 836 573 8 0.0531 320 164 560 405 13 0.0529 454 404 727 636 0 0.0528 446 406 720 636 5 0.0526 503 136 748 360 13 0.0526 372 7 638 237 0 0.0520 315 9 583 255 0 0.0517 430 133 689 357 5 0.0513 234 319 502 552 8 0.0513 431 131 676 357 3 0.0512 443 4 696 245 5 0.0512 247 410 617 602 8 0.0510 247 471 487 708 0 0.0509 442 267 703 475 8 0.0505 442 263 691 478 3 0.0503 577 351 828 581 6 0.0502 260 415 625 606 11 0.0502 238 470 501 703
sjcQPxP9xf3xkXcE7vD9DwUGKinUXa6P,8 0.0572 378 340 617 567 7 0.0560 381 336 629 565 11 0.0543 375 341 623 564 11 0.0541 240 685 496 898 0 0.0534 518 29 853 212 0 0.0519 379 338 621 569 11 0.0516 305 396 563 627 7 0.0509 311 394 565 632 3 0.0506 386 341 627 570 8 0.0505 309 397 555 629
Y9TvpKzlixlnjg4efCDmuaBxXkpop9Ns,5 0.0625 375 657 637 902 8 0.0601 573 510 821 766 5 0.0599 241 660 512 887 5 0.0586 570 511 824 765 5 0.0579 575 326 820 567 5 0.0575 492 776 754 1008 0 0.0574 574 516 828 768 7 0.0574 321 772 582 1023 7 0.0573 244 724 518 949 3 0.0571 391 379 632 629 7 0.0571 387 375 634 623 5 0.0566 373 763 638 1004 8 0.0560 186 664 450 883 5 0.0558 571 652 823 885 7 0.0556 325 670 574 899 11 0.0555 443 791 694 1012 6 0.0554 247 667 518 884 11 0.0554 571 516 827 764 6 0.0552 576 519 833 764 13 0.0549 329 717 589 956 0 0.0549 246 668 517 890 0 0.0548 0 2 250 229 0 0.0548 321 715 580 956 11 0.0547 319 721 581 949 11 0.0545 385 380 630 622 6 0.0542 584 329 828 569 7 0.0542 571 515 829 768 10 0.0536 183 670 452 881 8 0.0536 582 328 817 568 7 0.0535 448 787 705 1020 7 0.0534 389 510 642 754 0 0.0532 569 661 829 891 11 0.0531 440 515 695 763 8 0.0531 388 377 622 621 3 0.0528 574 516 831 774 13 0.0527 575 516 833 766 8 0.0525 324 671 569 898 11 0.0523 240 665 515 880 3 0.0519 391 511 636 762 5 0.0518 437 509 695 760 8 0.0515 387 512 629 756 11 0.0515 110 669 384 883 13 0.0513 581 331 833 572 10 0.0511 571 517 825 766 5 0.0510 443 117 689 353 3 0.0508 324 672 574 904 8 0.0506 245 584 498 819 0 0.0505 579 328 824 568 10 0.0505 322 672 576 893 0 0.0504 440 518 696 770 7 0.0503 189 661 456 880 11 0.0503 701 416 954 653 9 0.0502 572 516 832 759 5 0.0500 381 373 629 620 10 0.0500 243 591 507 818
f5Hko4YPq0rmKUKeB35Va2tA3GPoGkTw,5 0.0587 572 584 830 832 5 0.0574 254 262 513 510 0 0.0573 645 421 890 646 11 0.0568 647 477 905 703 3 0.0568 567 195 818 442 0 0.0567 580 590 836 835 13 0.0564 581 590 842 833 11 0.0563 258 342 506 581 8 0.0556 581 589 826 831 0 0.0556 262 268 514 513 3 0.0555 657 421 890 649 8 0.0553 648 478 899 703 3 0.0551 582 588 837 839 11 0.0548 562 197 821 435 8 0.0544 561 199 810 436 5 0.0540 643 470 906 702 7 0.0539 265 262 518 509 8 0.0536 262 129 505 371 0 0.0535 186 356 435 597 6 0.0534 263 265 516 510 8 0.0533 256 452 487 693 8 0.0532 186 353 428 595 11 0.0531 576 593 832 830 7 0.0530 567 193 821 436 0 0.0528 560 198 817 435 11 0.0524 185 271 444 515 11 0.0523 263 197 519 446 10 0.0521 563 203 821 435 6 0.0521 258 393 502 629 7 0.0520 210 187 459 448 7 0.0520 580 589 836 833 13 0.0520 257 396 502 631 11 0.0518 252 454 501 694 6 0.0514 653 420 891 644 0 0.0514 263 127 520 371 3 0.0513 262 343 503 592 6 0.0513 581 590 837 831 13 0.0512 270 194 525 449 6 0.0511 661 539 914 768 8 0.0510 262 267 504 509 0 0.0509 210 192 456 452 0 0.0508 658 543 911 769 10 0.0508 252 400 500 626 5 0.0507 559 192 813 434 6 0.0506 262 126 519 369 7 0.0503 188 352 439 593 8 0.0500 207 195 446 452
ZvOsKHalGo4xSd3oXeTsxJBc2VsEWa6S,7 0.0645 327 196 589 453 8 0.0639 324 199 576 451 5 0.0628 263 264 514 508 3 0.0627 329 196 586 454 7 0.0623 261 345 504 573 5 0.0606 376 69 641 311 5 0.0604 318 193 583 450 11 0.0603 323 204 587 452 7 0.0601 250 515 512 757 5 0.0599 191 206 455 443 3 0.0598 506 6 755 249 13 0.0597 373 136 649 383 0 0.0597 266 193 517 447 8 0.0595 504 6 749 245 0 0.0591 501 11 754 244 5 0.0590 494 1 752 242 6 0.0590 329 200 586 451 11 0.0586 380 78 642 308 7 0.0585 204 211 467 441 5 0.0583 223 414 572 602 6 0.0582 507 8 759 244 7 0.0581 507 6 756 245 11 0.0581 498 10 754 242 2 0.0579 503 12 755 244 5 0.0576 61 455 318 699 13 0.0576 268 201 526 441 11 0.0573 251 143 516 380 7 0.0572 390 507 652 761 8 0.0567 272 269 509 511 11 0.0567 321 406 579 635 11 0.0564 388 509 643 763 11 0.0556 247 523 504 758 6 0.0553 277 268 521 509 6 0.0552 385 75 648 313 7 0.0550 386 75 644 315 13 0.0546 322 404 587 640 8 0.0545 61 460 317 700 8 0.0543 238 418 559 605 11 0.0541 271 275 522 508 5 0.0539 245 513 505 757 5 0.0538 441 496 711 749 2 0.0538 383 84 642 313 13 0.0537 503 5 761 243 0 0.0534 373 135 644 390 5 0.0532 245 132 517 377 10 0.0530 502 11 756 245 13 0.0530 393 510 653 766 8 0.0529 317 72 578 318 8 0.0529 387 508 638 763 0 0.0528 194 266 441 509 13 0.0526 251 521 516 761 10 0.0525 383 80 638 311 3 0.0525 259 349 500 582 13 0.0523 261 348 512 577 13 0.0520 516 506 775 751 0 0.0520 257 343 501 575 8 0.0519 249 518 498 757 0 0.0518 323 398 576 637 10 0.0518 325 206 588 451 6 0.0517 325 405 580 638 0 0.0516 388 507 646 770 0 0.0512 65 463 324 701 10 0.0512 253 424 516 644 8 0.0512 200 211 454 447 9 0.0509 322 205 585 445 8 0.0509 255 138 506 385 10 0.0509 270 275 518 510 3 0.0505 202 212 467 455 12 0.0505 503 6 759 244 9 0.0504 273 273 517 503 6 0.0504 202 215 465 445 11 0.0504 62 463 329 697 2 0.0503 269 201 515 446
0THZGYEZaQsgYggDAmkKvQetS9N1n2U8,0 0.0602 177 337 442 584 0 0.0589 509 410 769 627 8 0.0566 576 533 815 760 11 0.0553 573 536 823 757 5 0.0551 506 402 763 626 6 0.0549 183 339 447 580 5 0.0535 569 526 821 759 0 0.0533 244 266 495 489 7 0.0533 453 403 719 629 11 0.0532 359 477 736 655 0 0.0531 578 464 827 699 11 0.0528 507 407 770 623 11 0.0527 168 339 448 572 6 0.0525 513 408 771 624 8 0.0518 450 400 704 630 6 0.0516 584 465 831 696 0 0.0503 360 477 736 657
vu2Qcz86woWgrcFF4uJ5d6ubH6gibjho,6 0.0591 575 480 832 728 0 0.0590 569 399 825 654 13 0.0569 578 484 838 733 6 0.0568 629 397 883 645 5 0.0567 567 397 817 648 0 0.0550 696 462 946 693 11 0.0541 568 404 826 651 11 0.0533 700 466 947 687 2 0.0527 572 404 824 655 8 0.0516 572 400 815 650 6 0.0516 705 457 951 688 3 0.0513 576 481 830 730 5 0.0501 694 460 941 684
2nwqApOUwPUAXQWwW9iNT0shFoMWLgxM,0 0.0558 704 76 951 319 11 0.0552 705 213 957 451 6 0.0546 712 23 964 262 8 0.0532 713 21 956 259 5 0.0532 707 18 957 257 5 0.0531 696 127 947 373 11 0.0524 703 23 965 258 7 0.0519 429 417 770 596 6 0.0519 705 136 953 379 8 0.0514 637 194 884 451 8 0.0514 700 131 944 382 0 0.0512 645 4 899 199 11 0.0511 630 140 897 389 8 0.0508 422 418 751 595
JGwHSNAkAugQUyLZYsB5lMCIcW63EdC0,13 0.0579 4 360 266 571 11 0.0547 3 362 257 573 0 0.0542 303 203 580 438 7 0.0525 379 327 629 568 11 0.0520 448 467 697 691 6 0.0517 7 360 266 569 8 0.0513 309 201 567 436 7 0.0510 307 195 583 439 8 0.0508 188 214 446 457 8 0.0505 5 358 244 576 0 0.0504 215 149 499 389 7 0.0503 6 357 263 575 11 0.0502 306 205 576 437
0jTZlm5fxGoYCfK6scSjUhr309nUKy5w,0 0.0615 0 523 235 758 8 0.0596 1 520 233 753 7 0.0584 0 521 241 756 0 0.0569 513 268 759 510 5 0.0567 512 260 756 509 7 0.0564 521 265 763 512 6 0.0551 519 263 763 506 8 0.0551 516 266 753 507 3 0.0545 3 521 235 759 3 0.0545 522 269 759 516 11 0.0544 513 272 762 508 0 0.0543 434 212 683 452 5 0.0542 0 523 234 755 6 0.0542 1 524 243 752 11 0.0542 0 528 242 754 6 0.0529 344 340 703 531 7 0.0526 338 337 703 532 10 0.0524 0 527 238 754 11 0.0522 436 221 687 442 7 0.0508 443 215 686 447 13 0.0508 442 213 692 449 13 0.0503 521 266 766 510 6 0.0502 443 213 689 445 8 0.0501 440 214 679 446
MNYfMcqHhZ3JDDNbgSTpjIz1js3XcyJ2,7 0.0616 506 785 766 1020 5 0.0599 387 209 635 437 0 0.0586 318 211 574 440 5 0.0573 235 192 487 429 11 0.0561 499 789 758 1019 11 0.0556 384 216 640 438 5 0.0550 440 781 698 1014 7 0.0546 451 603 700 839 7 0.0546 392 213 644 438 11 0.0546 311 97 576 326 6 0.0543 317 96 578 327 6 0.0541 390 218 643 440 7 0.0539 442 719 705 953 5 0.0531 299 793 553 1021 0 0.0529 447 790 705 1021 11 0.0528 435 724 697 951 0 0.0526 446 600 696 841 0 0.0525 572 793 826 1023 8 0.0525 444 606 686 838 5 0.0524 441 597 692 836 5 0.0523 309 89 568 327 7 0.0523 374 789 631 1021 2 0.0522 446 607 700 838 11 0.0522 368 795 624 1017 13 0.0520 318 94 586 329 0 0.0518 306 795 562 1023 11 0.0518 442 606 699 840 8 0.0517 305 797 549 1023 3 0.0514 390 216 636 447 6 0.0513 446 603 698 835 5 0.0512 368 714 617 949 11 0.0511 239 798 487 1023 8 0.0511 321 211 568 439 8 0.0508 502 786 750 1020 6 0.0504 309 0 584 201 13 0.0503 246 798 498 1023 8 0.0501 438 718 686 957 11 0.0501 490 355 768 567 0 0.0501 505 720 764 962 3 0.0501 449 789 701 1023 5 0.0501 569 787 820 1017
Uzvgy6UFJL13AN7tTpGwDO0XtzGUSRfz,5 0.0575 435 807 682 1019 8 0.0568 501 277 742 523 11 0.0549 694 360 1023 538 7 0.0546 503 278 752 527 7 0.0543 564 202 811 452 3 0.0539 565 206 805 455 0 0.0538 431 285 693 523 5 0.0533 569 0 848 208 8 0.0531 631 130 876 377 11 0.0529 862 268 1023 617 8 0.0528 558 202 802 448 6 0.0527 573 147 827 380 5 0.0525 556 197 804 449 11 0.0524 498 280 753 523 13 0.0524 504 278 754 525 13 0.0522 565 203 815 450 8 0.0520 513 17 775 262 6 0.0519 506 278 752 527 10 0.0519 505 210 750 450 11 0.0513 561 206 811 447 5 0.0513 496 272 742 525 0 0.0513 561 204 807 450 8 0.0513 428 345 673 581 0 0.0512 632 133 884 381 3 0.0510 503 279 747 532 13 0.0509 636 132 897 381 8 0.0505 693 0 930 201 3 0.0503 428 345 682 589 8 0.0502 447 806 675 1020 8 0.0501 703 79 929 311
0Pulo9nviPe5DzSb9Ms9JYXKn0JMv4D0,11 0.0595 248 477 517 712 11 0.0574 306 597 572 824 6 0.0556 261 477 514 712 5 0.0551 249 470 512 714 8 0.0548 254 479 505 713 8 0.0547 279 598 635 791 11 0.0543 181 538 446 771 7 0.0540 190 533 451 772 6 0.0539 192 535 448 773 3 0.0539 256 474 516 720 7 0.0535 259 473 519 717 5 0.0530 165 583 432 829 8 0.0529 188 539 439 772 10 0.0528 254 478 515 714 6 0.0526 287 597 651 790 13 0.0526 256 475 523 716 3 0.0524 313 596 574 831 5 0.0523 305 588 570 824 5 0.0523 501 0 882 145 13 0.0514 316 595 580 826 11 0.0514 245 723 515 959 0 0.0512 282 597 650 789 7 0.0509 514 0 890 144
cmrFNFTqE8JjfTykAm6jTFK5NGOKOm0L,5 0.0593 171 397 441 638 7 0.0586 196 533 457 787 5 0.0578 190 532 452 789 5 0.0574 426 642 684 893 0 0.0563 235 0 494 215 8 0.0560 431 644 682 890 0 0.0560 310 589 568 842 5 0.0557 629 384 907 620 11 0.0557 231 4 492 208 8 0.0556 193 533 442 790 0 0.0554 426 648 687 895 11 0.0554 171 400 448 637 11 0.0551 638 266 901 489 6 0.0543 434 647 692 891 11 0.0542 191 536 455 788 10 0.0541 374 91 648 304 6 0.0539 198 535 459 789 11 0.0538 579 153 837 381 7 0.0538 448 582 686 830 11 0.0537 567 401 838 633 6 0.0536 183 397 447 642 8 0.0534 410 540 739 725 0 0.0534 192 538 454 792 11 0.0532 310 592 567 835 0 0.0530 295 707 562 968 5 0.0530 639 260 896 490 11 0.0530 235 77 509 324 8 0.0529 515 160 769 387 8 0.0527 115 399 372 653 0 0.0526 98 645 369 902 6 0.0524 587 152 843 382 13 0.0521 315 9 581 253 0 0.0520 573 403 834 636 8 0.0520 314 11 564 255 6 0.0517 658 217 908 446 11 0.0517 93 648 369 902 11 0.0516 438 584 681 826 10 0.0516 309 18 573 255 11 0.0514 402 546 748 725 7 0.0513 181 397 449 642 8 0.0513 524 385 766 627 8 0.0512 312 586 559 837 7 0.0511 314 10 579 251 5 0.0510 576 146 834 382 8 0.0510 641 328 899 571 7 0.0510 316 586 571 841 0 0.0509 115 408 379 649 11 0.0507 570 806 832 1023 13 0.0507 117 405 388 653 7 0.0507 171 782 440 1012 11 0.0507 106 342 384 565 2 0.0507 193 540 455 791 3 0.0506 196 538 454 794 13 0.0503 508 798 763 1023 6 0.0502 648 333 910 567 11 0.0502 369 86 647 301 3 0.0502 655 217 902 456 6 0.0501 579 403 839 636 13 0.0500 576 402 839 639
XGtsO3rUV5eCX4EX79BMcLmsTWybiTTV,7 0.0644 316 720 560 966 5 0.0635 307 717 556 962 0 0.0621 313 717 557 965 11 0.0618 310 721 559 961 6 0.0588 316 721 561 964 8 0.0588 311 720 553 961 11 0.0572 388 601 630 826 10 0.0568 309 661 564 895 7 0.0558 394 603 633 828 3 0.0552 314 720 560 967 0 0.0549 392 602 635 831 0 0.0543 701 298 965 506 2 0.0535 313 723 561 964 8 0.0533 641 274 890 489 6 0.0529 394 608 639 828 9 0.0528 309 721 560 961 13 0.0520 317 720 563 965 12 0.0516 315 717 558 965 11 0.0515 697 299 969 501 8 0.0512 391 602 620 828 5 0.0509 384 599 626 824 1 0.0509 308 716 558 965 0 0.0506 636 216 897 438 7 0.0505 639 275 902 485 10 0.0503 388 606 630 827 0 0.0502 576 271 830 494
p3AriIcq3efotrVFTFuJce5rW3fiwk6Y,11 0.0568 433 726 690 956 7 0.0545 440 718 696 958 6 0.0523 439 723 692 959
rwFBBvhkLt4h4MyC3HAyBWgtfHFwNY0L,11 0.0648 247 411 503 629 5 0.0633 249 406 499 628 8 0.0631 393 606 635 834 0 0.0629 257 477 506 710 8 0.0620 517 588 755 810 11 0.0612 310 335 567 568 11 0.0610 303 206 580 444 11 0.0607 115 470 382 706 5 0.0601 173 456 434 697 8 0.0589 120 600 382 832 8 0.0588 586 520 821 752 8 0.0586 175 457 430 700 13 0.0583 262 478 514 710 13 0.0580 256 333 506 578 3 0.0580 315 331 561 573 7 0.0578 254 410 506 631 6 0.0577 255 335 504 572 0 0.0574 387 470 645 722 0 0.0573 121 471 380 713 6 0.0573 181 408 438 635 5 0.0572 387 535 637 774 0 0.0570 121 602 385 835 5 0.0570 509 589 758 808 0 0.0567 242 608 508 837 5 0.0565 171 600 441 823 13 0.0562 246 610 508 835 8 0.0561 241 608 501 834 3 0.0561 254 411 501 635 7 0.0557 315 331 567 567 8 0.0555 255 410 496 627 11 0.0553 581 520 827 747 10 0.0553 177 604 447 829 3 0.0551 178 465 436 703 7 0.0550 8 599 377 776 11 0.0548 117 606 390 828 11 0.0548 377 147 644 379 5 0.0547 310 328 559 560 6 0.0547 260 481 510 709 10 0.0546 256 483 510 709 6 0.0545 252 197 519 447 11 0.0544 236 607 507 833 11 0.0543 312 90 575 321 8 0.0539 310 206 570 446 13 0.0539 121 602 391 833 13 0.0538 313 414 578 640 7 0.0537 393 542 647 780 7 0.0535 517 587 766 813 13 0.0534 316 204 585 450 11 0.0532 389 541 647 773 3 0.0531 313 204 578 452 6 0.0530 126 473 382 708 0 0.0529 582 591 824 813 5 0.0528 305 144 575 378 7 0.0528 180 598 443 831 7 0.0527 180 460 440 700 5 0.0524 577 514 822 749 0 0.0524 310 331 563 565 11 0.0522 446 459 700 704 6 0.0522 178 602 446 829 7 0.0519 452 809 696 1022 2 0.0519 253 336 498 571 7 0.0518 345 419 722 604 11 0.0516 124 344 392 576 0 0.0512 394 610 644 836 3 0.0512 347 418 715 609 2 0.0512 393 548 643 781 3 0.0511 245 607 499 842 2 0.0510 243 614 506 838 11 0.0509 516 592 760 811 0 0.0508 378 147 642 386 10 0.0507 315 338 566 566 3 0.0506 401 541 643 784 3 0.0505 524 590 760 818 13 0.0505 393 543 651 776 10 0.0505 1 606 372 774 9 0.0504 251 334 499 567 11 0.0503 506 815 762 1019 13 0.0501 585 522 833 755 8 0.0500 388 470 636 720
VsJ2ltg9aFhysDKInRYl2c8AgEEBg22F,0 0.0579 376 345 638 570 5 0.0573 302 405 560 640 7 0.0563 382 343 640 572 5 0.0555 247 334 508 568 13 0.0547 312 412 570 643 13 0.0545 385 14 644 248 11 0.0541 301 0 578 187 8 0.0540 305 0 565 187 11 0.0535 368 417 629 642 11 0.0534 193 343 438 576 3 0.0532 376 415 628 646 5 0.0532 371 341 632 568 8 0.0531 300 460 555 703 5 0.0529 437 254 692 494 11 0.0529 372 782 639 1015 11 0.0523 323 211 587 446 8 0.0520 376 344 628 571 0 0.0520 346 661 725 856 5 0.0520 587 326 834 572 8 0.0519 191 340 432 578 0 0.0518 305 408 563 643 3 0.0517 386 16 639 255 5 0.0516 373 9 636 243 10 0.0513 311 421 561 641 0 0.0510 443 262 695 495 6 0.0510 451 260 703 494 7 0.0508 448 260 699 496 7 0.0507 258 337 509 572 0 0.0507 373 782 638 1019 11 0.0506 345 658 729 852 0 0.0506 304 1 575 190 7 0.0505 312 411 565 644 13 0.0504 198 347 450 580 6 0.0504 198 348 444 577 8 0.0503 314 145 566 395 11 0.0502 379 138 643 372 6 0.0502 383 348 642 569 10 0.0500 377 352 640 571
6vKRVQegBf75oqXJUqEWk6Cugm3kHv2B,8 0.0637 444 150 703 386 11 0.0629 441 151 707 385 8 0.0605 370 225 625 451 11 0.0599 350 282 630 508 0 0.0597 444 150 708 388 3 0.0594 449 209 710 457 0 0.0591 355 275 628 512 13 0.0588 372 222 640 454 6 0.0583 446 151 713 385 5 0.0582 426 264 701 504 7 0.0579 435 267 706 508 3 0.0569 361 276 627 516 13 0.0555 446 150 710 386 7 0.0547 445 148 707 386 5 0.0545 435 147 700 381 6 0.0542 374 614 640 843 7 0.0542 365 675 637 912 11 0.0538 515 564 777 785 6 0.0537 360 279 634 511 6 0.0531 519 563 786 786 11 0.0526 370 613 639 842 0 0.0522 372 608 641 847 11 0.0521 427 747 700 974 5 0.0520 366 608 637 837 8 0.0517 369 676 626 913 8 0.0511 78 648 307 884 0 0.0507 76 653 316 886 2 0.0505 443 156 701 386
G78QMt1IOxQAD8ip2qDIsPY0uVMN0WsP,7 0.0585 439 778 704 1023 11 0.0582 174 395 445 631 5 0.0580 172 395 435 632 0 0.0558 507 91 745 313 11 0.0558 284 470 669 655 5 0.0553 424 778 694 1017 3 0.0537 440 781 697 1023 11 0.0532 434 782 694 1021 8 0.0527 177 397 435 638 8 0.0518 436 779 689 1021 7 0.0517 183 398 441 635 11 0.0515 507 94 753 305 5 0.0514 288 464 663 655 0 0.0508 435 782 698 1023 0 0.0503 180 400 439 633 13 0.0502 374 592 722 790
R9BhqvrtRnRVotnO3Y7PqMR6jIJiQVh1,5 0.0602 555 463 818 709 11 0.0600 323 271 576 506 11 0.0595 307 401 570 639 6 0.0571 311 399 579 640 6 0.0570 309 659 577 891 0 0.0569 456 138 697 369 8 0.0565 560 461 813 710 0 0.0564 182 334 429 574 8 0.0563 379 391 636 632 3 0.0562 319 342 573 583 11 0.0561 250 338 500 566 0 0.0561 318 527 576 764 8 0.0560 317 460 566 704 0 0.0559 383 268 638 504 7 0.0557 384 335 639 571 0 0.0554 436 394 707 634 11 0.0553 376 337 637 569 11 0.0553 549 530 816 767 11 0.0551 625 453 893 692 0 0.0549 553 530 816 769 8 0.0547 386 262 628 499 10 0.0543 558 468 821 710 5 0.0542 429 387 705 633 11 0.0541 320 144 581 379 0 0.0541 320 143 581 386 0 0.0541 309 398 572 640 3 0.0539 388 267 639 505 0 0.0536 624 455 889 697 0 0.0534 239 269 495 507 8 0.0533 182 328 419 572 11 0.0533 431 396 709 629 5 0.0531 300 393 567 638 3 0.0530 317 461 578 707 8 0.0530 242 266 486 505 6 0.0530 437 388 712 632 11 0.0529 455 140 701 365 7 0.0529 182 329 430 572 5 0.0528 361 520 633 762 6 0.0526 327 271 580 510 7 0.0520 313 396 572 639 5 0.0520 244 333 494 564 6 0.0519 554 527 820 765 6 0.0519 254 336 505 570 13 0.0519 330 141 590 388 3 0.0519 560 526 816 771 11 0.0515 378 464 641 693 8 0.0514 562 604 807 842 10 0.0513 632 607 877 832 13 0.0513 328 270 584 512 5 0.0511 296 658 561 893 13 0.0511 554 528 823 769 3 0.0511 328 143 585 389 6 0.0511 462 139 702 369 5 0.0507 373 328 632 570 10 0.0507 430 395 710 631 0 0.0507 432 523 691 766 6 0.0507 295 792 571 1023 6 0.0506 324 529 589 766 7 0.0504 309 658 573 893 11 0.0502 316 530 580 767 7 0.0501 330 269 580 509 3 0.0501 632 455 887 700 8 0.0500 624 526 874 763
u8S1kDwNG9zDxaHsFOfT1Iw9klW3oK0L,8 0.0623 3 739 243 962 0 0.0615 0 539 250 781 3 0.0598 508 274 763 519 8 0.0589 3 537 242 781 11 0.0582 0 746 251 957 0 0.0581 0 782 246 1015 11 0.0578 0 544 252 776 7 0.0577 3 738 248 963 0 0.0574 501 205 750 450 11 0.0574 626 408 888 644 13 0.0568 441 271 703 519 11 0.0563 555 471 814 723 6 0.0563 2 740 257 959 8 0.0558 505 344 751 587 5 0.0558 494 201 746 448 6 0.0557 510 342 768 585 5 0.0549 496 341 758 584 13 0.0548 0 543 258 781 8 0.0547 434 406 689 654 3 0.0545 7 783 242 1015 8 0.0545 501 204 744 448 8 0.0540 558 416 810 665 7 0.0540 0 537 252 782 0 0.0540 241 452 491 704 11 0.0536 498 208 752 449 6 0.0535 440 268 700 514 6 0.0534 507 203 753 447 3 0.0533 5 541 251 783 7 0.0532 507 273 766 517 0 0.0531 431 272 697 513 13 0.0529 507 202 756 451 11 0.0528 502 347 761 586 1 0.0523 0 734 244 962 13 0.0521 1 737 254 961 13 0.0520 436 410 706 657 13 0.0518 374 206 632 440 6 0.0517 3 538 253 776 11 0.0515 428 277 701 510 5 0.0512 44 547 305 783 3 0.0512 441 343 704 592 13 0.0510 567 476 820 728 3 0.0510 567 415 818 670 5 0.0508 0 739 246 958 5 0.0508 428 269 692 514 13 0.0507 510 347 769 590 5 0.0506 544 415 812 659 10 0.0505 503 210 752 450 6 0.0504 435 401 710 652 5 0.0501 421 402 700 652
QIker8gMUz5MB57wwIkQURuCIQXMSaxL,11 0.0604 231 796 486 1023 5 0.0593 304 647 567 901 11 0.0592 302 459 570 709 0 0.0572 574 278 820 509 5 0.0572 237 725 502 966 0 0.0568 378 588 629 840 8 0.0566 379 591 624 838 8 0.0561 307 452 560 711 6 0.0560 235 797 490 1023 0 0.0560 242 724 509 967 5 0.0560 372 586 628 839 0 0.0558 304 521 562 768 11 0.0552 308 585 570 829 13 0.0548 238 796 497 1023 0 0.0547 575 411 833 652 13 0.0543 56 224 412 403 8 0.0539 379 390 627 633 11 0.0539 382 334 637 566 5 0.0534 302 519 562 769 6 0.0533 380 525 638 768 11 0.0530 369 661 638 901 11 0.0529 309 720 568 966 10 0.0529 231 798 487 1023 0 0.0527 376 463 633 707 0 0.0526 441 272 694 500 3 0.0525 245 659 510 905 13 0.0524 26 361 371 538 8 0.0522 312 653 565 900 8 0.0521 237 794 482 1023 7 0.0520 305 790 556 1023 8 0.0520 377 272 621 504 6 0.0519 309 457 572 711 11 0.0518 243 657 509 896 8 0.0516 506 259 744 499 11 0.0515 176 273 437 511 0 0.0515 178 278 432 516 5 0.0514 629 263 880 497 5 0.0513 561 338 818 571 0 0.0513 378 715 630 965 6 0.0513 248 655 513 896 11 0.0509 444 274 699 497 5 0.0509 369 714 622 966 6 0.0508 316 581 571 832 8 0.0507 443 325 688 563 10 0.0507 243 659 508 896 0 0.0506 50 227 399 405 8 0.0505 176 269 425 516 5 0.0505 246 186 495 417 6 0.0500 511 266 754 498 5 0.0500 371 267 624 503
oozw3neUWtTDIRH7jLtTyGMaU1dLDz0k,8 0.0571 111 341 360 591 5 0.0553 480 356 768 575 5 0.0534 623 481 891 693 8 0.0533 555 363 834 583 7 0.0526 574 423 840 646 5 0.0525 450 472 704 706 11 0.0519 447 481 717 704 5 0.0514 307 453 566 690 11 0.0513 311 457 572 690 11 0.0509 574 424 834 645 0 0.0505 313 457 572 692 0 0.0505 453 484 715 713 11 0.0504 101 404 364 631
y5iuYMgnaMvodD5x6stlEvZxxxJTNOzV,0 0.0597 40 799 293 1023 6 0.0588 633 346 891 584 11 0.0573 542 396 827 642 6 0.0559 44 804 295 1023 7 0.0550 502 327 783 569 13 0.0547 100 800 356 1023 8 0.0547 632 343 876 580 0 0.0541 569 461 830 695 0 0.0541 633 343 886 584 11 0.0537 628 349 889 580 11 0.0534 44 802 290 1021 8 0.0528 543 395 817 640 0 0.0527 649 155 896 372 5 0.0527 622 343 883 583 8 0.0527 44 801 281 1023 0 0.0526 498 331 774 572 3 0.0524 564 331 838 575 8 0.0520 561 216 825 445 8 0.0520 648 152 883 366 6 0.0515 548 393 827 641 2 0.0508 102 806 352 1022
jDqjySN0IUdyBtyb9T6QlgSGFAx7hkjZ,8 0.0562 501 28 749 264 11 0.0549 621 400 873 635 11 0.0547 500 3 758 200 6 0.0543 504 0 758 199 5 0.0531 617 393 872 633 7 0.0525 506 0 757 202 11 0.0524 568 96 822 307 7 0.0520 625 397 880 638 10 0.0519 500 33 754 261 6 0.0516 622 400 881 638 8 0.0513 622 396 870 636 5 0.0510 495 0 747 196 13 0.0509 626 401 888 635 13 0.0508 504 0 762 202 0 0.0504 621 398 875 639 3 0.0503 506 1 754 206 7 0.0502 252 189 520 432
4wcsz7xtIqbR0CjgLQ6BChkACZeWFlRl,0 0.0598 388 319 641 573 11 0.0589 318 264 574 509 5 0.0589 314 259 571 503 11 0.0587 437 403 694 640 11 0.0586 0 806 241 1010 11 0.0582 308 403 569 640 0 0.0581 319 261 576 509 11 0.0580 385 322 643 571 6 0.0576 325 260 581 510 5 0.0569 0 800 241 1013 5 0.0567 382 316 638 571 8 0.0565 388 319 634 572 0 0.0562 255 201 508 449 8 0.0562 321 200 569 443 8 0.0560 0 799 235 1014 3 0.0558 391 320 639 579 6 0.0555 247 332 509 582 2 0.0554 322 266 574 507 0 0.0549 245 333 504 582 5 0.0544 320 134 582 374 13 0.0541 322 266 581 512 11 0.0538 255 202 506 442 0 0.0537 309 401 565 642 10 0.0536 322 268 575 506 0 0.0536 1 801 246 1015 7 0.0536 314 327 574 579 0 0.0534 439 403 685 643 8 0.0530 244 334 497 581 10 0.0528 388 327 643 572 11 0.0528 241 338 505 581 6 0.0527 263 196 517 446 6 0.0527 389 320 646 574 3 0.0527 444 402 685 650 11 0.0526 381 130 656 369 3 0.0525 322 201 576 449 13 0.0525 390 321 645 573 2 0.0522 387 326 639 571 7 0.0522 448 270 704 510 8 0.0519 437 400 679 640 6 0.0517 314 402 571 639 6 0.0515 234 148 604 344 7 0.0513 321 201 581 445 8 0.0513 312 404 560 640 13 0.0510 330 143 594 381 7 0.0510 3 793 252 1016 5 0.0509 433 398 684 640 11 0.0509 0 2 246 217 10 0.0509 313 411 569 640 0 0.0508 325 140 586 382 5 0.0507 239 333 499 575 0 0.0506 0 2 243 221 8 0.0504 0 0 237 219 3 0.0502 0 803 242 1021 5 0.0501 304 397 562 637
3lOIqCs1a6CQnHyT0UrFu0EB94zNMSGd,5 0.0686 370 701 615 953 5 0.0678 244 700 495 950 0 0.0663 372 706 617 961 7 0.0661 186 707 439 957 11 0.0656 370 654 624 895 11 0.0652 332 612 698 793 0 0.0646 327 670 689 858 0 0.0643 248 701 497 956 8 0.0643 326 670 686 856 7 0.0643 308 651 563 899 6 0.0642 187 709 440 957 10 0.0639 185 657 436 892 11 0.0638 181 707 436 955 8 0.0635 186 705 435 956 8 0.0632 310 704 554 953 11 0.0630 506 584 757 813 6 0.0618 309 707 560 957 3 0.0613 326 670 691 861 5 0.0608 369 588 624 833 8 0.0604 510 582 754 811 7 0.0603 338 611 700 793 2 0.0597 324 673 691 858 13 0.0593 329 670 697 858 3 0.0592 189 707 438 959 0 0.0591 509 582 758 816 13 0.0584 187 707 441 956 10 0.0583 306 656 560 897 6 0.0578 439 590 694 832 12 0.0574 249 701 498 953 1 0.0571 307 700 556 954 2 0.0568 309 708 558 956 10 0.0568 336 614 696 792 5 0.0567 572 576 815 812 7 0.0565 513 579 762 813 3 0.0560 311 704 557 958 9 0.0557 185 654 438 891 11 0.0555 105 551 381 761 13 0.0555 313 705 561 956 3 0.0554 512 581 757 819 9 0.0552 305 655 560 896 1 0.0539 320 666 689 857 1 0.0539 183 701 436 956 10 0.0538 510 583 756 813 9 0.0537 370 592 625 831 12 0.0535 373 705 619 960 2 0.0535 185 710 438 956 4 0.0534 246 706 499 953 11 0.0533 574 525 820 753 8 0.0528 107 545 366 762 12 0.0526 373 589 628 835 4 0.0523 327 671 694 858 13 0.0506 577 582 825 815
GwVUymES3RavnblqCeGu7Ii6qP80865o,11 0.0622 487 450 754 692 3 0.0594 424 392 688 640 11 0.0588 419 394 688 630 8 0.0587 425 392 684 635 11 0.0587 301 405 570 640 11 0.0580 208 1 581 153 8 0.0574 307 402 563 641 8 0.0574 220 0 572 151 13 0.0565 426 446 693 691 5 0.0559 416 388 685 630 0 0.0557 424 393 691 637 3 0.0553 495 450 753 701 6 0.0552 374 398 637 638 13 0.0548 308 401 573 646 5 0.0545 206 0 576 149 0 0.0542 304 399 571 644 7 0.0539 425 391 695 636 11 0.0539 691 477 949 720 8 0.0537 491 452 748 691 5 0.0534 299 398 564 639 0 0.0533 495 449 753 697 3 0.0525 304 404 570 647 7 0.0523 305 400 571 643 11 0.0523 426 532 695 762 10 0.0519 422 394 691 632 8 0.0516 242 446 490 702 10 0.0514 304 407 569 642 5 0.0513 331 286 688 468 3 0.0510 225 0 585 156 0 0.0507 334 289 704 475 7 0.0507 698 474 954 720 0 0.0505 699 476 951 720 5 0.0504 692 468 950 718 0 0.0504 213 0 579 152
rXgyMIWa2vWyoXUJCU3PkqICNDcwsjOf,11 0.0605 382 343 635 577 0 0.0564 318 399 587 631 13 0.0554 325 401 592 636 5 0.0547 376 337 627 574 0 0.0533 325 276 588 505 6 0.0532 386 340 636 576 7 0.0532 323 399 588 632 8 0.0531 380 339 623 578 0 0.0529 246 337 511 569 11 0.0521 324 280 591 503 3 0.0521 322 400 589 636 0 0.0517 49 798 297 1023 13 0.0506 329 281 595 507 5 0.0500 240 334 506 569
zl4mxNvvOMbx3hTEzCQI7ic4sO0xmHDI,10 0.0616 117 3 376 198 11 0.0614 43 2 313 203 11 0.0597 177 657 453 891 8 0.0596 0 21 242 266 5 0.0586 42 0 305 206 10 0.0578 0 30 247 264 0 0.0574 125 596 369 832 0 0.0573 120 2 377 204 11 0.0571 120 593 370 826 5 0.0561 42 593 315 820 0 0.0554 1 25 248 270 11 0.0553 53 85 311 321 0 0.0552 180 657 448 898 7 0.0549 50 0 311 204 6 0.0545 55 1 314 204 8 0.0542 53 589 308 832 3 0.0536 49 0 309 208 0 0.0532 0 729 241 947 10 0.0530 122 601 371 831 11 0.0520 177 2 445 195 8 0.0519 119 27 370 271 0 0.0517 235 719 516 964 0 0.0514 324 680 690 864 6 0.0513 187 656 452 896 7 0.0511 184 655 448 895 12 0.0510 50 0 310 202 0 0.0508 238 1 521 212 11 0.0503 3 534 254 766 13 0.0502 187 196 449 437 11 0.0502 637 3 1013 148 7 0.0502 0 76 249 321 13 0.0500 184 658 457 900 0 0.0500 241 97 521 311
s3xMdftFGuYQEi2wCSxrxMPLjObGqkOz,5 0.0627 238 523 492 770 5 0.0603 370 388 621 628 11 0.0594 510 393 758 633 3 0.0585 379 396 630 634 6 0.0583 432 450 698 695 0 0.0581 511 393 756 634 8 0.0573 511 392 747 634 7 0.0568 375 455 630 705 7 0.0565 441 400 696 641 11 0.0564 377 334 623 557 11 0.0561 427 456 695 693 7 0.0557 383 330 627 559 11 0.0557 242 531 492 770 3 0.0552 434 452 698 705 8 0.0552 380 328 614 560 5 0.0548 424 443 691 696 8 0.0548 370 454 616 703 5 0.0544 508 386 756 637 0 0.0543 376 399 626 629 6 0.0541 379 397 628 627 11 0.0535 306 603 581 837 13 0.0534 431 453 706 700 7 0.0531 249 524 495 772 3 0.0531 517 394 757 643 13 0.0530 382 331 632 560 6 0.0523 513 394 759 633 8 0.0519 386 590 630 839 11 0.0517 294 399 559 626 0 0.0514 428 453 695 699 13 0.0514 512 392 765 638 8 0.0513 248 524 486 770 6 0.0512 247 527 494 771 2 0.0510 371 459 628 706 5 0.0509 379 583 636 843 7 0.0509 307 392 558 630 10 0.0506 380 332 627 559 0 0.0502 578 340 826 576 2 0.0501 439 406 694 644
PmNd7IrpRXfA3LQpxgJ6ZqiPKqS4M6pm,0 0.0614 510 340 754 568 3 0.0613 455 330 702 565 11 0.0596 449 332 701 557 0 0.0577 384 321 641 558 0 0.0576 569 399 821 639 7 0.0570 389 321 645 559 8 0.0570 450 328 695 564 5 0.0569 508 331 753 564 11 0.0565 507 394 750 625 11 0.0554 311 397 574 639 3 0.0551 371 379 629 627 8 0.0551 443 664 705 902 11 0.0548 509 284 769 489 13 0.0546 440 382 696 624 5 0.0546 434 375 687 619 11 0.0543 572 352 834 572 6 0.0543 320 394 578 639 7 0.0542 446 454 698 703 5 0.0541 444 790 688 1015 6 0.0541 453 332 705 562 7 0.0539 320 393 576 640 3 0.0536 513 391 751 636 11 0.0535 435 667 712 900 8 0.0535 374 377 618 626 0 0.0533 313 392 575 641 6 0.0530 510 394 757 631 3 0.0530 447 458 697 711 0 0.0529 441 457 694 710 5 0.0529 308 388 571 638 11 0.0527 441 457 696 702 5 0.0526 564 394 816 635 10 0.0525 513 341 760 563 6 0.0524 519 282 768 493 0 0.0523 253 206 512 447 7 0.0521 454 796 700 1023 0 0.0519 307 520 561 774 7 0.0519 444 662 718 904 8 0.0518 388 728 632 973 10 0.0517 439 384 695 624 7 0.0515 380 520 631 767 8 0.0514 382 603 629 852 13 0.0513 317 394 578 645 8 0.0513 513 278 757 495 8 0.0511 443 453 688 704 0 0.0511 389 677 644 932 5 0.0510 434 656 707 900 11 0.0510 307 151 584 378 6 0.0509 447 457 702 706 11 0.0508 372 524 630 763 2 0.0502 451 338 698 561 7 0.0501 515 337 759 565
hUHZ3GQtLdQlI5clfCWfcx46kcZ1YP42,5 0.0665 188 784 422 1018 7 0.0655 191 786 428 1020 8 0.0644 191 786 421 1017 11 0.0643 188 789 425 1016 0 0.0628 186 726 428 965 6 0.0607 191 790 427 1020 8 0.0581 184 659 430 896 7 0.0576 184 657 439 894 11 0.0574 175 660 437 892 10 0.0573 189 792 429 1018 13 0.0571 194 789 432 1018 9 0.0570 187 789 428 1015 3 0.0562 192 787 426 1023 5 0.0557 174 656 433 891 2 0.0542 191 791 426 1020 3 0.0506 183 661 432 903 10 0.0504 178 667 436 894 12 0.0502 193 788 427 1019 6 0.0501 181 660 441 894
5sjUoLkCZSad5Xwadp1Va0yYlPVEMJ1f,8 0.0629 348 0 700 153 5 0.0598 239 459 520 713 3 0.0596 348 0 712 159 5 0.0595 384 55 635 309 5 0.0592 341 0 714 154 0 0.0589 306 524 579 770 11 0.0582 307 404 581 630 7 0.0582 349 0 712 155 0 0.0577 345 0 710 156 11 0.0573 341 1 713 152 7 0.0570 158 536 496 729 8 0.0570 177 526 430 771 11 0.0570 241 522 504 771 6 0.0568 389 61 643 307 0 0.0554 177 529 440 775 6 0.0552 249 466 524 710 0 0.0549 398 548 740 726 3 0.0547 390 58 640 317 8 0.0546 302 542 622 728 11 0.0540 383 61 640 308 8 0.0538 385 64 634 307 8 0.0533 251 466 513 707 6 0.0532 347 0 715 152 7 0.0531 310 523 579 772 13 0.0524 352 0 718 154 10 0.0523 237 527 504 775 11 0.0523 173 586 434 833 13 0.0519 390 60 646 309 7 0.0518 304 654 554 894 0 0.0509 387 64 642 310 5 0.0509 233 582 483 838 5 0.0508 394 542 734 723 6 0.0505 373 461 638 703 2 0.0505 347 3 707 153 2 0.0503 396 549 740 724 7 0.0500 407 544 746 725
gnPC43F1Bgsn1P4W69BfBFSuepBUtWb2,8 0.0601 304 410 565 650 5 0.0578 300 461 577 707 0 0.0577 308 406 571 652 11 0.0574 306 411 573 649 7 0.0571 306 464 580 707 0 0.0556 320 527 584 776 3 0.0554 306 467 576 711 5 0.0553 378 397 635 640 7 0.0550 388 527 645 775 13 0.0537 385 405 646 645 7 0.0536 385 402 641 644 11 0.0534 318 534 584 767 11 0.0533 386 339 646 573 8 0.0531 377 468 632 707 5 0.0528 382 522 639 773 5 0.0525 253 536 515 786 3 0.0525 384 402 642 646 6 0.0522 381 472 645 708 0 0.0522 173 406 440 647 11 0.0521 377 471 642 705 7 0.0521 262 540 520 787 8 0.0518 172 401 429 645 8 0.0517 452 528 697 769 13 0.0516 178 403 448 649 10 0.0515 374 474 643 706 0 0.0515 453 527 710 773 11 0.0507 169 409 439 642 6 0.0504 455 530 712 769 6 0.0503 259 541 521 785 13 0.0502 465 477 723 709
soetlO64U36w0BXfxaiz72InbCmOZt9W,0 0.0617 318 336 573 580 5 0.0612 183 3 431 251 11 0.0599 383 401 638 637 11 0.0598 319 340 575 574 5 0.0596 181 133 435 383 5 0.0592 301 397 566 638 11 0.0589 186 139 441 383 0 0.0589 246 0 511 199 5 0.0587 248 258 501 494 11 0.0587 252 262 506 497 5 0.0586 247 70 501 326 8 0.0582 188 138 433 388 11 0.0579 446 341 700 571 8 0.0577 245 0 504 198 0 0.0574 649 76 891 301 3 0.0573 258 74 509 333 8 0.0572 379 0 631 204 8 0.0570 311 451 564 699 0 0.0569 250 263 506 498 5 0.0566 520 383 768 634 3 0.0565 191 138 444 392 6 0.0564 248 1 517 198 11 0.0560 524 391 767 634 5 0.0559 645 71 894 300 3 0.0559 256 203 505 452 13 0.0559 312 400 575 643 5 0.0559 374 0 634 202 11 0.0557 187 10 441 249 0 0.0555 492 356 846 537 10 0.0554 191 12 437 253 0 0.0554 388 402 636 642 11 0.0552 450 459 709 703 8 0.0550 452 458 702 706 6 0.0547 190 137 446 385 3 0.0546 307 401 571 643 7 0.0545 248 0 515 197 7 0.0545 259 201 506 444 0 0.0545 250 138 502 378 8 0.0543 258 74 499 328 7 0.0543 529 387 775 636 3 0.0543 249 0 512 201 3 0.0541 321 270 571 510 13 0.0540 247 13 506 260 6 0.0540 263 339 518 577 6 0.0540 259 202 509 443 13 0.0539 655 73 903 301 8 0.0537 387 399 632 639 8 0.0537 290 355 627 538 3 0.0537 384 1 638 211 11 0.0536 254 77 508 323 7 0.0535 654 75 899 299 8 0.0535 257 204 495 445 6 0.0535 657 76 901 298 5 0.0535 376 451 638 699 7 0.0534 512 0 770 196 8 0.0534 526 390 762 637 6 0.0534 257 74 512 326 13 0.0533 258 201 507 448 11 0.0532 695 75 962 294 11 0.0532 327 205 580 434 13 0.0532 386 457 645 705 7 0.0530 262 335 515 579 0 0.0530 451 460 709 710 3 0.0530 530 390 768 644 13 0.0529 190 138 445 389 2 0.0529 189 12 440 253 0 0.0526 310 451 572 701 7 0.0525 386 459 647 706 5 0.0525 441 334 695 570 11 0.0522 310 453 573 696 3 0.0521 639 151 897 390 0 0.0520 245 390 506 636 10 0.0520 385 405 638 638 10 0.0520 189 141 442 387 0 0.0519 381 1 643 205 11 0.0516 503 2 764 196 2 0.0514 529 395 770 636 7 0.0513 191 138 441 385 6 0.0512 511 0 767 197 8 0.0512 651 73 885 297 3 0.0511 458 458 710 714 10 0.0511 309 457 575 701
8lUZ2CKVtFJx2YaVKQm0jjtm9tOVKh7u,0 0.0537 442 716 696 963 11 0.0535 440 715 695 959 7 0.0533 449 712 704 959 8 0.0521 440 712 687 962 5 0.0512 439 713 693 958 8 0.0500 176 793 419 1023
LbNSRnvVy214kSfBMQpwlLqVlh46g8qz,7 0.0622 305 717 565 959 5 0.0582 299 713 559 954 11 0.0582 298 722 562 956 8 0.0565 304 713 553 957 0 0.0563 303 715 562 963 6 0.0553 304 717 563 959 13 0.0519 307 716 569 960
Vwbno1IPaxYraZNk5Fp9RAt876rzATCl,5 0.0639 321 865 684 1022 0 0.0629 326 870 693 1023 11 0.0621 327 869 694 1022 8 0.0611 10 767 243 1001 8 0.0610 330 868 685 1023 8 0.0609 0 662 230 910 0 0.0607 0 611 236 857 7 0.0592 328 868 699 1023 10 0.0592 322 869 693 1023 0 0.0589 9 774 250 1004 0 0.0586 375 394 636 629 11 0.0585 447 334 702 573 11 0.0574 370 393 636 624 5 0.0574 443 328 698 570 0 0.0571 447 332 703 575 11 0.0570 375 271 644 510 13 0.0568 455 332 709 575 6 0.0568 330 873 695 1023 3 0.0568 455 331 702 575 11 0.0564 0 613 241 854 5 0.0564 369 388 631 625 7 0.0563 454 332 705 575 11 0.0556 8 776 251 1002 6 0.0546 452 331 707 575 5 0.0546 0 606 234 852 7 0.0546 0 607 240 859 10 0.0546 441 275 709 510 13 0.0543 382 269 654 517 3 0.0542 17 768 250 1006 13 0.0540 332 870 709 1023 8 0.0538 449 332 697 573 0 0.0538 375 269 645 512 3 0.0536 4 603 238 861 0 0.0533 588 532 828 781 6 0.0532 447 206 712 442 11 0.0532 439 211 712 444 8 0.0532 375 391 630 627 1 0.0531 324 867 690 1023 6 0.0530 380 393 640 630 13 0.0529 378 391 643 630 7 0.0523 380 392 642 625 0 0.0522 440 208 708 445 3 0.0522 378 394 637 631 10 0.0522 372 397 636 628 5 0.0522 435 203 704 438 3 0.0517 446 209 707 447 11 0.0517 578 467 832 715 6 0.0517 383 271 649 513 2 0.0517 450 336 701 575 2 0.0517 329 873 693 1023 9 0.0517 446 335 699 567 10 0.0516 513 333 757 577 13 0.0514 451 138 712 377 13 0.0513 584 467 836 718 3 0.0511 333 870 691 1023 5 0.0511 62 0 315 213 11 0.0506 563 147 832 391 7 0.0506 386 269 647 509 6 0.0505 568 150 834 393 8 0.0505 378 268 634 514 7 0.0504 2 716 247 958 13 0.0502 1 605 246 857
ckVVXt8U6xezZebDwQCjOQFx49Ic4xA4,5 0.0533 574 336 830 556 11 0.0532 239 379 510 608 8 0.0528 456 324 710 548 7 0.0527 460 318 722 550 0 0.0526 452 327 714 549 5 0.0523 449 315 713 547 11 0.0511 576 276 840 487 0 0.0509 514 267 769 490 5 0.0502 513 385 769 628
64IqhTzWt9ifNTqHQJ3ddoiYUoO5vHzG,5 0.0625 312 782 556 1020 0 0.0623 317 782 560 1023 7 0.0623 319 784 562 1022 8 0.0601 318 779 555 1022 11 0.0600 314 785 558 1017 10 0.0593 314 789 560 1022 7 0.0583 261 713 502 960 0 0.0580 259 715 501 968 7 0.0579 459 790 702 1019 13 0.0576 319 786 566 1023 10 0.0566 259 723 499 961 8 0.0560 452 787 690 1022 6 0.0558 318 791 561 1022 13 0.0554 264 720 508 961 5 0.0551 255 713 498 961 11 0.0550 256 718 504 956 0 0.0539 453 788 696 1023 5 0.0537 444 790 690 1016 8 0.0523 260 719 495 961 11 0.0520 454 792 695 1018 3 0.0518 320 782 562 1023 2 0.0515 317 788 562 1023 9 0.0512 314 786 559 1019
EGx4KmZ3O9ozL4D5TdxcFEyhUw4yoLc0,5 0.0636 200 131 455 373 7 0.0611 505 275 755 505 11 0.0606 503 340 755 572 5 0.0606 110 274 380 523 7 0.0602 208 138 460 375 5 0.0595 559 272 806 496 8 0.0593 374 72 622 303 8 0.0589 54 345 302 595 0 0.0587 252 204 505 453 8 0.0582 207 139 453 378 11 0.0582 561 282 814 495 8 0.0582 257 209 499 453 8 0.0579 120 278 375 522 0 0.0577 562 280 811 501 11 0.0576 369 67 629 304 3 0.0574 261 134 507 385 0 0.0572 116 282 384 525 11 0.0570 308 139 569 368 5 0.0564 308 131 566 368 13 0.0563 255 206 512 453 0 0.0561 312 131 568 371 8 0.0561 495 269 746 506 7 0.0558 318 132 571 371 7 0.0556 326 0 588 248 6 0.0555 572 283 815 496 6 0.0552 317 135 571 369 8 0.0552 315 140 559 371 2 0.0548 261 137 506 379 6 0.0547 373 67 636 304 6 0.0546 122 281 391 522 7 0.0545 125 280 390 524 11 0.0542 249 208 509 450 0 0.0542 503 342 753 581 5 0.0542 362 0 622 231 6 0.0541 509 342 756 578 13 0.0541 12 228 286 460 5 0.0541 52 339 309 593 13 0.0540 511 342 761 578 6 0.0538 258 205 507 452 5 0.0536 567 144 835 380 13 0.0536 374 2 638 233 13 0.0536 209 136 464 376 13 0.0535 125 282 392 521 11 0.0533 114 287 388 520 3 0.0533 307 212 573 448 2 0.0526 502 279 754 505 3 0.0525 513 341 752 582 3 0.0523 567 277 807 507 6 0.0521 60 346 321 589 0 0.0521 6 227 279 463 10 0.0515 207 144 460 376 2 0.0515 321 5 579 252 5 0.0513 498 337 749 572 11 0.0512 573 159 841 374 7 0.0510 572 217 828 450 0 0.0510 370 65 631 306 8 0.0509 564 212 817 444 13 0.0507 60 344 316 590 13 0.0507 389 347 653 585 2 0.0506 119 286 379 521 3 0.0505 120 282 379 533 3 0.0504 374 0 623 242 10 0.0504 320 8 583 246 10 0.0503 309 220 575 441 0 0.0502 52 349 316 596
9Fu2lTzCgH2xx2fI5Tj2GdCeHbDzngRq,13 0.0627 329 0 577 251 5 0.0618 305 384 552 638 5 0.0618 321 0 569 248 5 0.0617 568 393 811 640 8 0.0616 245 457 495 706 8 0.0614 329 0 568 250 5 0.0612 240 452 499 703 6 0.0611 312 392 557 641 11 0.0609 571 396 812 642 3 0.0608 328 0 571 252 0 0.0601 571 396 814 643 7 0.0600 575 394 813 645 11 0.0600 253 4 506 246 0 0.0598 322 0 573 254 8 0.0596 572 392 807 642 6 0.0591 575 396 818 642 11 0.0584 316 459 567 703 5 0.0579 368 327 618 574 6 0.0579 373 333 622 574 7 0.0577 261 0 506 248 0 0.0573 371 334 623 577 6 0.0572 327 0 576 248 8 0.0571 373 333 615 575 8 0.0571 180 393 425 639 3 0.0569 314 390 558 644 0 0.0568 310 388 556 641 11 0.0566 235 393 486 634 5 0.0566 438 569 704 813 8 0.0565 313 387 550 639 13 0.0562 245 458 504 711 0 0.0561 169 328 428 554 2 0.0559 325 3 572 251 6 0.0559 248 459 503 705 2 0.0558 574 400 815 642 5 0.0554 316 248 560 494 10 0.0552 569 397 811 643 0 0.0550 700 405 951 649 5 0.0549 308 131 567 370 5 0.0548 238 319 481 553 7 0.0547 326 69 577 312 3 0.0547 376 332 622 577 3 0.0547 574 397 812 648 7 0.0547 314 390 557 642 13 0.0546 573 396 817 646 0 0.0545 319 254 565 500 10 0.0544 232 392 486 634 8 0.0544 245 319 477 555 5 0.0544 172 394 433 637 11 0.0542 318 73 575 312 6 0.0541 247 324 483 556 5 0.0535 251 55 505 306 3 0.0535 246 457 502 710 0 0.0534 255 63 509 316 10 0.0534 317 460 569 701 0 0.0534 243 457 501 708 6 0.0533 260 59 513 314 11 0.0533 314 322 566 565 7 0.0531 248 458 504 708 11 0.0530 442 577 706 817 12 0.0529 327 0 573 252 13 0.0529 376 332 628 578 13 0.0528 311 392 561 643 8 0.0527 313 134 563 374 6 0.0527 323 250 566 497 7 0.0526 376 330 621 572 10 0.0526 323 6 574 251 7 0.0524 449 576 706 817 11 0.0524 696 406 954 644 13 0.0522 259 58 517 315 12 0.0521 574 396 814 643 6 0.0518 317 134 574 375 5 0.0515 695 405 948 641 2 0.0512 236 393 485 638 8 0.0511 328 588 575 829 8 0.0510 259 59 502 310 6 0.0510 319 803 578 1023 1 0.0510 569 392 812 641 6 0.0509 706 405 956 644 8 0.0508 444 568 698 816 0 0.0508 311 135 571 379 5 0.0505 184 0 431 242 6 0.0505 183 397 433 638 6 0.0504 449 578 712 820 10 0.0504 372 335 624 573 6 0.0503 330 591 592 831 3 0.0502 317 134 571 381 9 0.0501 308 395 559 637 8 0.0501 321 252 556 497 13 0.0501 318 135 577 377
XQ5GxemHoNQRzs3jShFJlyXTWSnH8jxe,0 0.0597 243 0 511 204 11 0.0587 440 464 701 698 11 0.0584 432 604 691 835 5 0.0580 234 0 500 200 6 0.0580 248 0 512 199 8 0.0566 438 542 697 772 13 0.0565 247 0 514 205 11 0.0560 374 534 640 762 11 0.0556 238 1 509 201 5 0.0554 432 593 688 829 7 0.0553 245 0 511 202 0 0.0553 441 466 698 701 8 0.0547 247 0 499 203 5 0.0545 437 458 697 694 6 0.0542 445 468 708 700 7 0.0538 321 259 576 500 7 0.0530 263 318 522 577 0 0.0526 320 265 575 500 5 0.0523 373 527 636 756 0 0.0523 257 321 522 578 13 0.0517 445 466 712 700 0 0.0516 266 74 526 315 8 0.0516 270 74 517 310 0 0.0515 432 601 690 835 2 0.0515 246 1 508 202 10 0.0515 242 8 505 201 3 0.0513 446 470 700 706 11 0.0513 316 269 571 499 7 0.0506 445 464 703 697 7 0.0506 440 599 694 835
Rp8j0yvF2sy192Er8Jtfxm3s5x5XBqgY,8 0.0607 425 790 672 1021 8 0.0599 316 726 566 969 7 0.0599 256 723 508 968 5 0.0596 313 723 571 966 8 0.0585 260 662 502 901 11 0.0583 376 727 634 965 5 0.0579 421 790 672 1019 6 0.0577 263 662 514 901 7 0.0576 374 785 624 1022 11 0.0573 377 464 627 687 11 0.0569 249 725 504 965 5 0.0559 257 659 507 903 6 0.0557 319 727 575 969 8 0.0544 368 658 618 898 13 0.0543 376 789 625 1023 8 0.0537 380 459 619 690 0 0.0537 261 661 512 904 3 0.0529 374 787 622 1023 5 0.0528 369 652 624 896 3 0.0528 261 661 512 909 13 0.0525 260 728 512 969 7 0.0523 385 460 635 688 10 0.0521 251 727 504 965 10 0.0518 370 787 620 1021 6 0.0516 376 658 630 898 0 0.0516 423 795 678 1023 0 0.0515 318 726 573 969 0 0.0513 380 462 629 689 0 0.0512 373 657 627 899 7 0.0508 376 656 633 897 11 0.0503 424 661 693 892 7 0.0502 118 332 391 572 6 0.0500 438 733 690 977
FM0UOgxwTNDg2toSfqywlDymECrZ3ogF,5 0.0605 295 788 557 1023 7 0.0598 377 783 631 1022 0 0.0588 303 791 562 1023 11 0.0584 372 788 622 1019 10 0.0568 372 787 624 1023 3 0.0552 378 782 628 1023 8 0.0548 308 791 555 1023 13 0.0547 380 788 631 1023 11 0.0542 231 797 483 1018 6 0.0538 310 797 564 1020 6 0.0533 169 1 442 200 10 0.0522 230 803 477 1022 13 0.0522 239 798 490 1023 7 0.0520 236 794 489 1021 0 0.0517 170 0 439 205 8 0.0505 167 1 430 202
w6YZLZu5bZFikSn6UV7G0I6Iby0eYcQ4,7 0.0563 396 261 661 509 11 0.0559 391 262 660 507 0 0.0555 390 260 658 510 5 0.0555 445 395 706 636 5 0.0545 388 260 652 502 7 0.0540 453 403 709 637 8 0.0538 452 400 702 634 11 0.0533 443 402 713 634 8 0.0532 395 253 648 508 7 0.0529 322 777 578 1022 0 0.0520 449 398 708 639 6 0.0519 384 399 653 637 8 0.0518 57 655 289 890 6 0.0512 322 781 578 1019 8 0.0510 340 806 691 979 11 0.0507 318 785 573 1020 11 0.0504 49 665 295 892
lxf9eHjlW24ul8f7mimjTg03XWVXgpYZ,11 0.0630 572 594 825 838 0 0.0613 577 592 825 840 11 0.0600 712 522 949 757 5 0.0596 707 520 941 763 0 0.0593 194 513 452 772 7 0.0585 194 509 450 771 11 0.0585 191 513 450 767 7 0.0584 577 589 827 840 6 0.0575 481 611 829 798 11 0.0574 389 455 656 698 11 0.0574 424 549 784 739 11 0.0573 248 394 514 639 5 0.0564 386 449 651 695 0 0.0564 708 522 945 766 7 0.0560 714 521 948 760 5 0.0558 188 509 448 767 8 0.0555 190 509 443 772 5 0.0555 250 390 509 637 0 0.0547 393 457 655 700 11 0.0547 583 458 830 701 13 0.0542 580 592 832 840 8 0.0541 708 524 941 761 3 0.0539 577 591 824 848 10 0.0539 188 515 449 769 3 0.0536 393 458 658 705 8 0.0535 393 455 644 700 0 0.0534 252 392 513 641 6 0.0534 451 519 706 767 2 0.0534 710 530 947 759 7 0.0534 455 516 706 766 3 0.0533 712 522 940 768 5 0.0530 572 587 822 836 6 0.0521 195 510 453 772 10 0.0521 710 526 945 761 13 0.0518 262 512 531 781 0 0.0516 502 512 764 756 8 0.0516 576 593 817 840 10 0.0514 570 593 822 839 13 0.0514 710 521 954 765 5 0.0514 501 334 752 561 5 0.0512 578 389 824 636 5 0.0509 498 504 762 751 7 0.0507 255 387 512 645 8 0.0505 447 336 690 566 8 0.0504 252 390 506 643 11 0.0504 566 326 817 565 13 0.0503 398 453 660 699 3 0.0502 195 514 449 779 6 0.0501 256 392 517 641 10 0.0501 392 459 654 697 9 0.0500 571 592 826 836
BVR7aGgFfkXUxo3ypgr8mgP9DbMUDbNx,11 0.0620 305 799 555 1023 8 0.0599 306 724 557 965 11 0.0591 364 729 623 959 5 0.0584 304 792 552 1018 0 0.0572 321 139 578 370 7 0.0571 308 797 562 1023 0 0.0557 254 205 510 458 0 0.0551 306 796 559 1023 13 0.0548 206 738 461 970 5 0.0545 310 200 580 441 13 0.0543 307 727 571 964 8 0.0542 246 7 491 255 8 0.0539 203 735 446 969 11 0.0538 320 144 581 362 0 0.0532 243 5 501 256 11 0.0529 366 275 627 492 6 0.0526 330 142 587 367 11 0.0526 309 594 571 837 7 0.0521 317 589 578 846 0 0.0521 202 733 451 971 8 0.0517 372 796 617 1017 8 0.0516 383 130 625 359 3 0.0514 307 728 563 971 13 0.0514 246 6 505 256 7 0.0511 372 270 632 498 5 0.0507 360 722 615 957 5 0.0502 306 587 564 838
n4pPe55TKZODhfWwJ8XatRQjAq3gZFac,5 0.0665 446 460 692 712 7 0.0653 454 466 697 714 5 0.0630 440 584 698 830 7 0.0626 326 526 571 764 11 0.0626 449 467 693 712 0 0.0625 445 523 687 771 11 0.0617 321 526 570 762 11 0.0614 284 667 655 849 7 0.0611 388 588 643 832 8 0.0609 450 466 689 711 3 0.0608 445 587 701 835 6 0.0603 447 528 690 768 7 0.0598 443 657 709 895 2 0.0596 446 531 689 768 8 0.0588 383 587 634 834 7 0.0587 435 789 702 1023 5 0.0586 382 658 643 898 9 0.0585 450 466 693 708 3 0.0584 389 663 648 907 11 0.0580 241 387 482 626 7 0.0577 308 390 550 638 0 0.0577 443 658 707 898 0 0.0576 435 794 699 1023 0 0.0576 175 209 433 453 8 0.0576 315 454 553 693 6 0.0575 323 527 573 762 3 0.0575 452 468 697 719 9 0.0573 441 585 698 827 11 0.0571 171 328 426 565 6 0.0570 441 660 706 893 5 0.0567 318 591 571 832 0 0.0566 305 393 548 636 8 0.0562 440 659 700 896 3 0.0562 306 397 548 641 6 0.0562 308 394 549 632 8 0.0558 241 326 475 569 3 0.0558 237 328 483 574 13 0.0554 394 662 654 903 11 0.0553 430 797 692 1022 0 0.0552 322 525 569 767 5 0.0550 312 444 557 689 5 0.0549 495 785 755 1013 13 0.0547 452 469 699 713 2 0.0546 441 664 705 895 10 0.0544 387 666 647 899 8 0.0543 502 791 749 1014 11 0.0543 244 270 499 509 3 0.0539 325 596 580 842 8 0.0538 257 595 502 833 5 0.0537 305 786 570 1021 13 0.0536 447 588 707 832 7 0.0535 314 789 581 1023 7 0.0535 242 325 487 573 0 0.0535 173 327 427 570 7 0.0535 259 596 512 833 5 0.0532 233 321 482 568 13 0.0529 259 663 523 906 6 0.0528 241 325 488 569 6 0.0526 433 794 697 1023 2 0.0525 500 794 760 1018 11 0.0525 568 610 831 863 13 0.0525 327 597 582 838 10 0.0524 305 396 550 636 3 0.0524 431 795 694 1023 11 0.0524 174 213 431 450 10 0.0524 443 592 699 830 9 0.0520 383 660 646 897 10 0.0518 497 795 760 1016 13 0.0515 239 325 487 574 9 0.0514 320 594 576 828 10 0.0514 451 469 695 712 5 0.0514 247 201 501 437 12 0.0513 446 587 701 831 0 0.0513 257 595 511 835 6 0.0512 260 595 514 830 2 0.0511 325 532 570 762 8 0.0509 179 208 421 454 10 0.0507 323 599 577 834 13 0.0507 508 789 769 1019 6 0.0506 315 793 575 1022 13 0.0505 309 393 552 635
VIL1ctCmQW6mdfp7RFnOrl0qiwPN3WKX,0 0.0629 168 210 430 454 0 0.0621 130 332 372 577 11 0.0603 124 333 375 573 11 0.0587 169 212 429 446 8 0.0586 639 733 882 973 13 0.0583 175 208 435 450 0 0.0578 70 398 313 642 0 0.0571 636 734 889 971 0 0.0568 189 92 453 323 11 0.0564 635 735 890 969 7 0.0563 174 207 434 448 13 0.0561 638 734 897 970 5 0.0559 633 663 883 910 5 0.0559 120 328 366 572 0 0.0554 311 196 563 433 5 0.0553 242 249 494 494 8 0.0547 172 206 420 451 13 0.0545 135 331 377 577 7 0.0545 132 329 375 574 6 0.0536 640 671 888 911 5 0.0528 638 536 891 772 11 0.0527 62 397 320 640 10 0.0526 124 340 369 574 6 0.0526 248 197 503 436 7 0.0525 315 196 567 434 11 0.0519 435 722 693 953 3 0.0519 249 256 505 501 11 0.0518 249 143 503 382 8 0.0517 249 254 493 497 0 0.0515 436 716 697 960 3 0.0514 637 670 882 920 6 0.0514 130 332 375 578 5 0.0511 174 147 439 388 7 0.0509 439 719 698 956 11 0.0508 564 100 832 320 8 0.0508 128 328 364 578 8 0.0506 55 470 295 715 13 0.0506 255 137 511 385 5 0.0505 303 193 558 428 7 0.0504 194 90 454 325 10 0.0503 165 215 429 451
PX8h11KHE38FpUr1W4MHR6fCQ8A9Idvp,8 0.0722 585 525 830 758 11 0.0681 511 531 773 760 11 0.0635 644 473 905 691 8 0.0628 562 656 819 879 6 0.0622 514 534 774 760 0 0.0619 585 525 837 759 7 0.0607 566 582 834 819 5 0.0601 565 578 828 816 0 0.0592 561 653 829 885 3 0.0582 571 582 832 823 13 0.0579 514 536 779 762 11 0.0574 365 1 629 236 8 0.0566 298 8 561 269 8 0.0565 644 471 900 692 0 0.0564 642 476 908 693 10 0.0563 512 536 770 762 2 0.0556 516 538 774 767 7 0.0554 375 1 636 241 6 0.0550 644 473 913 691 11 0.0550 648 22 897 257 11 0.0544 696 559 946 766 13 0.0538 236 0 509 193 3 0.0535 375 0 631 248 7 0.0520 238 0 505 190 0 0.0520 699 614 940 831 5 0.0519 291 0 561 269 11 0.0515 435 735 697 963 6 0.0513 700 619 944 829 1 0.0511 580 522 836 761 11 0.0511 226 19 507 259 5 0.0509 633 472 897 686 7 0.0508 171 460 440 725 6 0.0505 241 0 504 193 6 0.0503 375 0 634 241 0 0.0503 371 2 629 240 13 0.0500 647 478 916 691
PW2ejDheMnD9LqzNNFzhrsM3FLYzUjiB,8 0.0580 377 0 615 205 0 0.0570 368 0 628 215 7 0.0566 368 0 629 208 11 0.0564 458 148 716 376 6 0.0545 370 0 633 207 11 0.0539 361 2 624 207 8 0.0525 505 283 754 518 5 0.0522 363 0 620 202 10 0.0517 370 9 622 204 8 0.0511 368 93 623 312 11 0.0510 411 784 678 1003 13 0.0509 554 787 823 1022 3 0.0506 373 0 622 215 11 0.0505 556 719 827 957 0 0.0503 563 716 830 965 8 0.0502 443 210 696 440
PJx8ZZ8VK9znEu52NwKFpzZa6vGUrMCq,6 0.0627 625 475 881 706 7 0.0623 507 530 765 778 13 0.0608 569 470 826 701 8 0.0606 436 273 677 509 8 0.0606 499 328 750 576 7 0.0604 435 460 693 704 6 0.0602 512 530 765 775 0 0.0600 505 529 760 780 8 0.0597 314 519 558 765 0 0.0595 498 328 755 577 7 0.0591 571 467 823 703 3 0.0590 501 387 755 639 11 0.0590 432 279 686 509 5 0.0588 311 325 559 562 11 0.0588 494 331 755 576 7 0.0588 316 517 576 768 6 0.0587 438 395 692 638 11 0.0586 503 533 761 772 5 0.0585 500 521 758 776 0 0.0585 567 466 821 706 7 0.0582 500 386 761 638 11 0.0580 308 459 569 691 6 0.0577 372 463 628 703 5 0.0572 562 462 817 700 5 0.0572 625 401 888 642 11 0.0571 627 407 892 639 11 0.0571 357 608 631 846 8 0.0571 506 530 758 775 5 0.0568 439 214 681 456 13 0.0568 509 527 767 773 3 0.0567 438 333 688 578 5 0.0566 492 323 750 575 11 0.0566 433 402 690 639 11 0.0564 313 331 563 562 6 0.0564 499 327 757 575 13 0.0564 435 462 698 705 11 0.0562 563 472 818 699 0 0.0561 235 585 484 823 2 0.0561 509 537 761 776 3 0.0560 504 274 752 520 3 0.0560 437 459 692 707 13 0.0559 633 543 884 765 3 0.0557 244 516 491 762 8 0.0557 361 604 622 845 13 0.0557 498 386 763 638 8 0.0555 568 468 814 700 8 0.0555 630 405 886 640 7 0.0554 240 587 492 820 8 0.0554 319 330 553 560 10 0.0553 431 466 692 704 8 0.0552 438 397 682 638 7 0.0550 383 234 629 454 0 0.0550 363 532 628 775 3 0.0549 367 532 635 776 2 0.0548 358 608 628 846 11 0.0548 568 601 829 829 2 0.0546 568 473 821 701 0 0.0546 627 402 894 645 2 0.0545 497 392 756 636 6 0.0545 437 276 689 508 0 0.0543 439 220 684 460 8 0.0542 374 465 617 701 3 0.0541 572 470 817 705 0 0.0541 435 395 687 640 10 0.0541 375 237 628 454 3 0.0541 306 587 561 839 11 0.0541 235 521 493 752 3 0.0540 316 453 570 699 7 0.0540 363 605 637 849 0 0.0539 69 413 342 651 7 0.0539 633 404 894 643 5 0.0538 227 580 486 818 7 0.0537 578 595 837 832 10 0.0534 495 387 759 636 3 0.0534 444 220 684 463 13 0.0533 363 602 639 845 3 0.0533 510 535 762 781 12 0.0533 499 384 758 635 8 0.0532 249 459 490 686 3 0.0532 311 281 554 510 5 0.0531 355 524 632 773 10 0.0530 358 611 634 845 13 0.0529 322 330 570 570 5 0.0527 429 390 686 638 5 0.0527 239 454 496 684 0 0.0527 246 461 498 687 6 0.0526 242 516 494 751 9 0.0524 425 521 695 765 0 0.0523 578 598 826 839 0 0.0522 633 536 876 770 6 0.0520 364 605 637 846 10 0.0519 565 473 821 698 0 0.0518 700 339 958 562 10 0.0516 236 591 491 822 10 0.0516 500 273 754 516
8vQ08vOhdYS3zh3PX6yovmXopK2Y8QQU,11 0.0640 311 349 569 594 8 0.0624 321 347 563 592 0 0.0609 324 290 567 521 11 0.0608 434 344 701 584 8 0.0596 430 283 687 509 0 0.0590 322 417 568 660 5 0.0590 429 276 695 513 5 0.0583 316 415 564 656 10 0.0583 6 527 230 765 8 0.0578 377 411 626 656 7 0.0576 318 346 574 597 0 0.0575 0 521 235 770 11 0.0570 370 274 639 516 7 0.0568 380 407 640 659 11 0.0566 373 410 634 655 0 0.0553 376 344 641 594 11 0.0553 374 603 631 829 11 0.0552 0 524 233 761 0 0.0551 378 602 630 834 8 0.0549 376 667 624 908 11 0.0544 246 280 516 522 5 0.0543 370 337 635 590 5 0.0543 0 520 229 763 7 0.0542 377 538 629 770 8 0.0541 375 545 616 769 13 0.0540 317 350 576 597 8 0.0539 3 520 225 767 3 0.0537 382 604 628 839 13 0.0535 5 524 237 769 13 0.0535 372 477 635 714 7 0.0533 438 340 705 583 10 0.0528 313 356 574 591 2 0.0526 324 420 570 660 0 0.0525 446 407 711 654 3 0.0524 378 341 640 600 6 0.0522 316 352 576 592 11 0.0521 430 669 705 907 8 0.0519 255 275 503 524 6 0.0518 382 604 632 832 3 0.0517 323 419 565 665 10 0.0516 374 669 635 904 5 0.0511 318 283 566 520 10 0.0510 375 282 640 512 7 0.0510 373 273 642 516 2 0.0509 373 346 641 594 3 0.0506 325 288 566 530 5 0.0505 437 399 706 651 7 0.0505 5 525 231 770 0 0.0504 432 670 706 913
Y209uAC4LJZYUyt8XG6Eed3EqpNRlsz9,11 0.0633 447 167 696 371 5 0.0615 700 410 966 651 3 0.0602 708 412 971 661 11 0.0600 703 416 964 652 5 0.0599 443 159 690 372 8 0.0586 705 416 962 653 11 0.0548 169 802 430 1019 0 0.0545 706 417 966 650 2 0.0539 713 422 971 651 8 0.0538 448 166 689 373 0 0.0537 447 166 694 377 11 0.0533 352 481 637 712 8 0.0524 358 479 622 711 8 0.0522 170 800 421 1023 7 0.0519 707 410 969 654 6 0.0518 712 412 969 651 3 0.0516 359 478 636 718 5 0.0512 122 777 376 1011 10 0.0510 446 165 693 375 7 0.0510 452 165 696 373 7 0.0509 130 775 391 1022 6 0.0504 451 166 697 373
hfhfN6hhkco20q6eiv3FQmyDzcrEtMN2,5 0.0619 181 786 426 1019 11 0.0611 84 870 443 1022 7 0.0609 185 790 433 1023 8 0.0598 86 867 433 1023 0 0.0597 85 869 439 1023 0 0.0591 244 795 498 1023 8 0.0584 244 793 490 1022 11 0.0571 238 796 493 1019 10 0.0568 79 872 440 1023 10 0.0562 241 801 498 1022 7 0.0558 314 789 569 1022 13 0.0549 124 798 374 1023 6 0.0547 123 796 368 1021 5 0.0541 305 783 557 1016 13 0.0531 243 798 502 1023 2 0.0520 86 871 435 1023 6 0.0514 243 799 498 1022 3 0.0508 88 870 434 1023 0 0.0503 185 733 428 975
RXldhNqCuYVxpJyaU8kvZ20vdUK1iV1F,11 0.0564 496 536 769 769 11 0.0550 575 481 833 708 5 0.0549 390 0 745 159 11 0.0537 450 418 700 640 13 0.0535 580 483 838 711 7 0.0521 383 0 645 198 13 0.0515 502 533 777 772 6 0.0513 503 532 772 774 5 0.0509 303 35 580 264 7 0.0506 456 414 704 639 0 0.0504 449 416 702 646 8 0.0503 505 535 764 770 3 0.0501 325 47 586 277
BqndHTtP1miTKRvowQLDAlaWZxP5HIfu,5 0.0596 245 264 502 489 0 0.0589 490 3 745 198 11 0.0575 247 268 503 489 11 0.0571 182 142 440 377 7 0.0567 229 802 482 1023 7 0.0567 191 267 433 498 11 0.0565 224 805 477 1022 5 0.0563 255 141 515 373 8 0.0562 229 802 472 1021 11 0.0560 303 73 574 296 0 0.0557 187 273 432 501 10 0.0556 250 274 502 490 5 0.0554 189 204 432 438 13 0.0551 259 73 522 321 8 0.0549 252 269 493 491 3 0.0549 249 270 502 496 0 0.0549 244 0 505 204 3 0.0544 313 67 578 306 0 0.0544 261 73 513 321 6 0.0543 193 274 436 499 8 0.0540 322 145 569 361 5 0.0536 300 62 576 299 5 0.0535 122 399 367 629 8 0.0530 259 77 502 317 3 0.0529 188 144 436 386 13 0.0527 254 0 510 204 5 0.0525 221 798 476 1017 6 0.0525 232 805 480 1021 0 0.0520 229 807 480 1023 10 0.0516 257 151 515 371 6 0.0515 325 143 581 359 11 0.0513 488 1 749 194 7 0.0513 256 1 506 201 3 0.0512 232 803 479 1023 11 0.0511 126 405 372 628 11 0.0510 114 265 378 493 0 0.0507 190 139 438 383 13 0.0504 236 800 489 1023 8 0.0504 193 210 424 441 6 0.0501 193 146 442 382
mtIJyAODy2spRGbze9gW0ExOEMH4bI1W,7 0.0603 362 549 720 728 11 0.0594 391 678 753 854 11 0.0589 348 549 711 726 0 0.0580 395 676 749 858 8 0.0574 353 552 698 727 5 0.0562 392 672 740 858 5 0.0561 347 546 705 727 0 0.0560 351 546 713 728 7 0.0556 401 678 752 858 6 0.0549 401 679 751 857 8 0.0537 336 671 671 855 10 0.0519 392 679 748 855 3 0.0512 401 678 746 861 13 0.0510 402 678 760 860
XySp1Yqr4nbfRMA4qvJULAghQqAWzpnZ,8 0.0565 108 797 357 1016 13 0.0564 193 286 453 522 5 0.0564 431 268 686 509 8 0.0550 309 276 556 506 7 0.0546 193 284 450 518 0 0.0546 188 283 446 525 11 0.0538 185 287 450 517 8 0.0536 433 270 678 509 3 0.0533 440 273 686 516 11 0.0527 303 283 565 510 5 0.0517 302 275 565 506 7 0.0515 439 269 690 508 8 0.0512 190 282 443 519 6 0.0510 442 271 691 506 3 0.0509 194 284 444 525 3 0.0508 309 278 563 515 7 0.0506 305 211 572 440 5 0.0503 183 283 445 516 6 0.0501 190 284 453 518
sKKXWsbDDKjVZDSkdOqk7LByCYmSuLoY,0 0.0626 489 729 753 977 7 0.0613 438 729 702 963 11 0.0610 484 732 755 968 11 0.0608 379 729 636 962 5 0.0604 482 727 752 970 8 0.0599 488 728 748 971 5 0.0593 386 329 640 573 10 0.0580 389 332 640 576 11 0.0573 388 328 643 572 7 0.0567 395 329 644 576 8 0.0563 392 328 635 575 6 0.0561 392 331 646 575 3 0.0555 490 729 753 973 0 0.0554 391 329 643 579 6 0.0553 489 731 760 971 0 0.0551 627 599 897 852 0 0.0544 377 721 634 968 13 0.0542 441 729 703 962 10 0.0542 564 340 841 569 13 0.0542 390 329 648 580 3 0.0542 394 331 643 581 8 0.0535 570 330 831 572 10 0.0532 436 728 698 961 5 0.0526 549 271 834 499 6 0.0522 386 723 641 960 2 0.0518 392 335 643 576 12 0.0514 393 327 641 577 8 0.0513 379 723 629 961 13 0.0508 567 339 851 573 11 0.0504 563 334 843 571 2 0.0502 488 732 757 971
GKnMxjk2W8fdJCjRhn2OaeSCE24bhAu8,0 0.0622 271 676 635 856 11 0.0610 369 666 636 905 8 0.0605 267 676 621 852 11 0.0597 313 598 582 825 7 0.0588 207 680 564 852 5 0.0587 192 678 552 851 10 0.0564 193 682 564 851 11 0.0539 512 627 761 847 0 0.0536 313 541 578 777 7 0.0534 374 663 640 908 13 0.0530 339 670 701 846 6 0.0529 311 662 572 899 11 0.0526 246 535 516 758 13 0.0522 317 709 567 956 3 0.0517 338 669 692 851 8 0.0515 246 532 500 762 7 0.0502 384 537 633 768 6 0.0501 312 544 581 769 0 0.0501 509 627 761 854 10 0.0501 246 214 505 439
xXoIK8QGydVt61PvWxIN5ooEyFAEXrx0,11 0.0606 572 527 827 756 5 0.0598 640 464 891 706 0 0.0596 578 528 827 761 11 0.0593 639 408 897 643 8 0.0587 638 410 883 646 0 0.0584 640 411 895 642 8 0.0583 578 531 819 760 5 0.0561 574 522 823 757 13 0.0556 580 590 826 821 6 0.0554 650 415 899 642 10 0.0551 577 532 824 756 5 0.0547 39 466 318 717 3 0.0547 645 416 897 653 7 0.0541 578 464 822 693 7 0.0536 184 443 449 707 7 0.0536 577 590 825 823 13 0.0525 645 473 898 703 0 0.0522 707 465 957 704 2 0.0520 643 418 898 641 0 0.0517 619 612 903 835 5 0.0514 628 326 899 571 11 0.0511 699 467 965 699 5 0.0511 616 605 896 831 3 0.0509 600 531 940 720 0 0.0506 436 465 710 702 6 0.0506 579 467 821 690 2 0.0506 575 471 822 692 11 0.0505 244 445 503 691 8 0.0502 49 471 315 715
QSaXzkWOKDOpzH9Dne2aaSt2XSQSlZdv,7 0.0634 386 462 638 703 11 0.0599 381 467 637 703 11 0.0577 337 613 710 784 7 0.0567 247 474 500 698 5 0.0566 390 340 639 559 5 0.0564 382 458 633 701 11 0.0551 694 0 956 198 8 0.0547 245 475 488 696 8 0.0547 385 465 629 702 0 0.0542 382 468 638 706 11 0.0539 242 479 498 697 3 0.0532 246 476 498 701 0 0.0530 239 477 500 699 11 0.0527 356 661 628 881 8 0.0519 349 595 613 819 0 0.0517 334 614 712 789 0 0.0515 697 0 951 205 5 0.0514 695 0 948 200 3 0.0511 353 597 623 830 6 0.0511 383 468 642 706 3 0.0510 387 467 634 711 5 0.0508 240 471 494 696 7 0.0507 396 339 645 560 8 0.0505 389 344 631 559 13 0.0505 389 466 642 707
ChQsd09KqjEEFWt88KH0AQDNNEkxb1iw,11 0.0616 377 791 632 1010 5 0.0616 378 254 640 503 7 0.0599 387 258 649 507 7 0.0597 498 794 746 1023 11 0.0593 498 796 743 1020 11 0.0590 381 264 646 503 8 0.0587 578 723 816 962 8 0.0587 500 792 737 1022 0 0.0585 582 667 828 902 0 0.0584 383 260 648 508 6 0.0581 389 262 652 504 11 0.0578 577 726 819 955 0 0.0571 508 265 767 508 0 0.0569 495 789 745 1023 6 0.0564 498 796 745 1023 8 0.0563 386 260 640 506 8 0.0561 380 792 624 1010 7 0.0545 382 790 633 1014 11 0.0545 510 313 773 553 5 0.0540 492 785 736 1020 13 0.0538 500 794 752 1023 6 0.0536 579 728 825 959 5 0.0535 573 720 816 960 8 0.0532 513 312 762 557 5 0.0532 501 306 766 552 6 0.0531 384 791 632 1009 3 0.0530 501 790 743 1023 5 0.0528 252 264 508 506 13 0.0521 324 257 591 511 3 0.0521 384 262 643 511 10 0.0519 497 792 743 1023 11 0.0517 571 386 820 622 7 0.0515 578 723 828 964 0 0.0513 572 386 820 623 5 0.0513 374 782 627 1011 7 0.0512 511 309 776 558 7 0.0510 260 265 517 514 3 0.0508 386 784 631 1019 11 0.0507 564 590 808 808 6 0.0506 265 270 519 511 6 0.0506 514 313 779 556 11 0.0503 646 667 887 900 13 0.0501 385 200 655 428
dz09xzv9qp9l1Ch3bd4eIWjS0OzKBQx8,7 0.0634 311 785 550 1023 0 0.0620 316 707 558 961 8 0.0601 309 781 539 1023 5 0.0585 758 347 1021 587 8 0.0584 570 581 800 818 7 0.0584 508 652 755 895 5 0.0577 312 704 550 951 11 0.0575 308 788 543 1019 11 0.0573 499 656 748 892 5 0.0554 498 651 746 892 7 0.0552 386 709 630 956 0 0.0551 501 655 749 898 8 0.0546 316 601 670 778 0 0.0544 380 791 616 1023 11 0.0542 565 584 805 816 8 0.0537 504 653 742 894 8 0.0532 500 522 738 743 5 0.0532 695 289 957 523 0 0.0531 444 591 701 822 6 0.0530 521 717 754 964 11 0.0530 311 598 685 778 0 0.0528 568 584 809 819 8 0.0526 456 802 674 1023 10 0.0525 314 716 557 955 13 0.0525 314 787 556 1023 7 0.0524 432 518 694 744 7 0.0524 456 801 687 1022 5 0.0520 375 785 610 1016 7 0.0518 575 580 811 820 6 0.0518 312 792 548 1023 11 0.0511 425 382 686 606 6 0.0509 775 352 1023 591 11 0.0506 761 352 1023 581 9 0.0502 306 789 546 1018 10 0.0501 317 603 684 776 10 0.0500 502 658 749 894
NBH5DeceRKMyW2sU9d3c99jCnaNIMeix,5 0.0654 152 80 487 267 8 0.0634 153 83 483 268 0 0.0624 153 84 495 269 13 0.0599 153 85 496 270 11 0.0587 440 154 706 388 11 0.0579 505 91 759 320 10 0.0574 151 89 487 266 0 0.0569 121 662 367 892 7 0.0566 155 83 494 268 8 0.0560 508 87 746 322 11 0.0557 149 87 493 266 11 0.0552 117 663 369 884 3 0.0552 445 147 702 395 0 0.0550 59 0 319 205 5 0.0548 233 581 501 817 5 0.0547 118 652 369 892 8 0.0543 235 588 495 817 8 0.0543 65 0 309 197 3 0.0538 159 86 491 271 6 0.0535 151 85 500 269 0 0.0535 237 526 494 758 0 0.0530 559 80 810 322 7 0.0529 253 650 505 892 11 0.0527 64 0 320 197 1 0.0526 144 80 490 269 0 0.0524 252 650 505 892 11 0.0523 228 531 497 753 11 0.0523 245 655 502 889 8 0.0520 446 151 695 388 3 0.0517 511 88 756 329 5 0.0516 504 86 750 321 7 0.0514 179 581 438 815 10 0.0513 115 663 370 890 8 0.0508 194 653 434 893 8 0.0507 167 531 412 759 13 0.0502 448 153 707 390 10 0.0501 161 541 419 761
rcLBVaYGjCNtQaFuQPPSFt1yxWLIlvwa,8 0.0546 262 0 508 231 5 0.0545 299 49 561 295 13 0.0541 306 58 578 295 5 0.0536 402 660 779 851 11 0.0535 402 668 789 850 5 0.0535 304 192 548 436 11 0.0527 375 525 643 750 11 0.0525 250 1 514 231 13 0.0522 415 667 799 850 8 0.0516 311 197 546 438 7 0.0508 415 667 793 856 0 0.0507 310 198 554 441 0 0.0502 258 3 515 236 8 0.0501 410 663 774 851 5 0.0501 371 517 636 751
p57Ffr3DcI8Mx5xOybHOLIHPgjs12Yn3,11 0.0596 354 37 706 224 11 0.0589 374 782 622 1021 5 0.0582 435 643 694 891 5 0.0564 439 1 695 250 7 0.0563 507 649 762 897 11 0.0553 433 714 687 963 8 0.0552 301 788 554 1023 5 0.0551 304 22 571 260 5 0.0548 565 327 813 564 7 0.0547 451 773 688 1019 0 0.0544 446 776 683 1021 8 0.0544 567 329 811 568 5 0.0544 442 769 680 1012 8 0.0542 448 772 676 1018 11 0.0541 563 331 818 561 8 0.0539 448 5 691 252 11 0.0533 498 649 758 891 10 0.0528 445 777 684 1018 3 0.0526 366 38 709 230 8 0.0524 440 648 687 890 13 0.0524 365 37 715 226 7 0.0521 365 36 712 225 0 0.0518 440 648 696 894 5 0.0516 498 261 742 498 10 0.0511 438 654 698 890 6 0.0508 576 335 823 566 11 0.0506 290 721 558 958 10 0.0502 361 715 627 960 8 0.0502 316 26 570 265 8 0.0500 363 714 619 962
QZ6xDPidxBNdf3AYe1Gtz438drsqEnLJ,11 0.0664 253 336 518 574 5 0.0616 432 275 708 497 0 0.0603 440 281 711 498 11 0.0602 391 276 668 503 7 0.0593 329 340 590 583 7 0.0589 205 457 460 713 13 0.0586 327 342 590 581 3 0.0585 261 334 518 584 5 0.0582 253 331 515 571 8 0.0578 181 218 447 464 11 0.0571 321 220 593 440 3 0.0568 441 278 711 506 8 0.0568 331 341 578 580 7 0.0568 256 270 515 514 5 0.0563 322 277 587 514 0 0.0556 183 225 453 464 8 0.0555 243 800 496 1023 6 0.0552 330 341 595 574 5 0.0551 375 208 650 434 11 0.0551 177 225 456 462 5 0.0546 240 211 502 443 3 0.0543 329 277 593 524 11 0.0543 369 810 629 1023 11 0.0540 244 800 503 1023 7 0.0535 399 271 670 508 11 0.0535 308 672 585 897 11 0.0532 197 463 454 712 7 0.0530 376 805 633 1023 0 0.0528 325 337 586 581 7 0.0528 247 798 508 1023 3 0.0527 378 808 626 1023 0 0.0527 325 217 591 443 6 0.0525 255 273 518 513 13 0.0520 186 227 463 464 6 0.0518 332 218 596 443 5 0.0518 447 802 706 1019 13 0.0518 207 456 465 715 8 0.0516 203 453 451 713 10 0.0515 262 341 518 574 3 0.0514 207 463 458 720 8 0.0513 436 277 705 501 6 0.0512 248 800 507 1023 2 0.0509 443 288 711 498 6 0.0509 445 283 721 499 3 0.0509 246 215 512 453 3 0.0508 384 208 653 444 10 0.0504 329 286 594 515 5 0.0501 238 795 496 1019 7 0.0500 328 216 594 444 5 0.0500 198 454 452 709
GKVWpPhP23Iqtyb9CoM7tMHVTFlPX7tp,8 0.0579 392 736 741 910 11 0.0569 368 798 631 1021 11 0.0569 431 720 697 947 7 0.0557 372 794 636 1023 11 0.0556 428 587 686 819 13 0.0556 379 795 637 1023 5 0.0552 366 791 628 1017 11 0.0552 493 660 756 885 7 0.0551 440 716 700 950 5 0.0551 178 776 420 1018 11 0.0549 365 653 632 884 5 0.0545 431 713 692 947 10 0.0544 434 717 697 951 0 0.0543 392 803 752 976 8 0.0541 313 724 560 959 10 0.0527 498 660 757 886 5 0.0526 364 647 631 884 11 0.0523 311 731 567 958 8 0.0523 444 343 692 574 11 0.0521 426 467 697 699 11 0.0516 245 130 514 365 13 0.0514 502 659 763 888 3 0.0513 395 804 754 980 11 0.0512 437 342 701 575 11 0.0511 180 787 427 1022 7 0.0508 317 727 571 962 5 0.0506 493 655 750 885 13 0.0504 372 650 640 890 7 0.0503 184 777 432 1023
XUet1ILMwFKUJyvBPBlIiAF2RRx2STKQ,0 0.0604 434 789 701 1023 8 0.0602 432 786 695 1022 0 0.0597 508 394 755 629 5 0.0596 355 783 622 1022 11 0.0589 373 669 643 904 0 0.0576 368 721 630 978 11 0.0561 363 791 624 1020 0 0.0558 441 276 693 520 7 0.0554 436 791 707 1023 6 0.0553 366 790 632 1023 5 0.0553 498 786 763 1021 13 0.0543 309 0 577 192 8 0.0543 386 265 639 511 0 0.0542 320 676 690 864 11 0.0541 574 334 827 571 0 0.0538 298 793 558 1023 13 0.0535 373 724 641 977 3 0.0535 435 791 704 1023 8 0.0531 296 791 550 1022 7 0.0530 451 330 711 581 7 0.0529 303 794 563 1023 11 0.0529 507 790 769 1020 2 0.0528 432 792 706 1023 11 0.0528 439 276 699 511 6 0.0527 381 669 645 910 11 0.0527 508 661 783 891 0 0.0525 450 467 705 704 0 0.0524 576 329 824 580 5 0.0523 504 326 757 569 7 0.0521 391 269 653 509 13 0.0521 306 795 570 1023 13 0.0521 333 677 705 863 11 0.0517 389 537 636 780 0 0.0517 331 261 590 493 11 0.0516 329 263 593 490 8 0.0514 446 391 692 641 7 0.0512 328 679 699 865 5 0.0512 377 204 649 426 5 0.0509 371 664 635 913 5 0.0509 436 271 689 511 10 0.0505 363 727 628 979 8 0.0505 510 323 756 572 11 0.0504 505 393 759 624 3 0.0504 379 665 641 917 9 0.0504 294 795 558 1016 10 0.0502 441 279 696 515
oqzO9adGKBBtrT5iO7s7cBn6C64adnJR,11 0.0622 248 798 497 1021 0 0.0580 367 797 626 1023 11 0.0579 368 795 624 1019 8 0.0564 191 804 439 1022 7 0.0564 433 657 699 884 0 0.0533 251 799 496 1023 11 0.0533 497 658 753 891 7 0.0530 373 795 629 1021 8 0.0528 373 796 615 1023 5 0.0528 244 798 493 1018 0 0.0518 495 654 761 896 7 0.0516 253 799 502 1023
vSNtdb27D0s9FOBHdFQ7Zag346L0LMew,5 0.0596 384 394 643 630 11 0.0590 422 798 692 1020 8 0.0589 515 549 746 778 11 0.0589 512 551 755 776 11 0.0573 330 736 699 913 0 0.0569 370 675 633 904 8 0.0558 371 734 620 962 0 0.0557 515 553 754 780 11 0.0556 445 139 730 369 13 0.0554 396 458 655 695 11 0.0554 380 595 644 829 8 0.0554 622 30 864 275 5 0.0554 313 446 579 693 0 0.0549 315 513 579 763 7 0.0549 447 393 701 637 8 0.0549 440 392 689 637 13 0.0549 317 511 585 762 11 0.0547 441 398 700 632 2 0.0546 444 351 706 573 0 0.0545 391 457 645 696 8 0.0543 387 594 632 832 11 0.0543 571 107 828 335 0 0.0541 365 790 634 1023 11 0.0540 439 282 707 505 7 0.0540 369 789 637 1023 11 0.0540 309 516 578 754 11 0.0535 0 480 271 701 3 0.0534 320 453 584 699 7 0.0531 453 520 697 758 11 0.0531 302 789 566 1013 8 0.0529 316 511 568 762 0 0.0526 383 331 652 567 5 0.0525 423 790 685 1022 13 0.0524 428 797 701 1023 10 0.0524 315 455 583 691 5 0.0524 239 783 499 1014 8 0.0522 507 88 752 316 6 0.0522 520 551 757 778 8 0.0522 426 796 684 1021 6 0.0521 391 458 650 696 6 0.0519 383 262 664 492 8 0.0519 440 276 696 514 7 0.0518 246 787 509 1016 5 0.0517 442 514 690 753 13 0.0517 522 551 758 780 13 0.0514 385 333 667 564 7 0.0513 317 511 581 762 5 0.0511 305 587 571 831 0 0.0510 485 802 749 1023 7 0.0509 374 672 638 903 13 0.0509 624 36 886 276 0 0.0508 575 105 824 335 10 0.0508 368 673 634 901 6 0.0508 247 785 506 1012 5 0.0503 510 400 738 635 6 0.0502 426 796 692 1023 3 0.0501 392 398 649 639 0 0.0501 628 621 877 855 0 0.0501 243 783 509 1019
wnYEV1VBQl02unJEijgnilh8gcqSU87Z,8 0.0627 311 17 553 264 11 0.0620 638 461 900 697 11 0.0613 437 11 704 247 5 0.0604 309 80 566 331 11 0.0601 501 518 761 754 5 0.0594 501 511 761 756 7 0.0594 508 516 767 761 8 0.0591 183 333 430 569 6 0.0591 509 518 767 754 0 0.0587 411 548 769 728 7 0.0586 254 258 507 495 3 0.0586 324 85 570 339 5 0.0583 175 334 438 564 3 0.0579 447 9 702 257 5 0.0579 375 5 624 254 6 0.0576 312 15 567 265 11 0.0576 176 343 441 565 8 0.0575 504 519 760 756 11 0.0573 317 143 579 390 0 0.0572 495 593 754 831 5 0.0570 360 522 628 765 11 0.0570 314 335 567 559 5 0.0568 639 460 895 698 5 0.0566 246 193 504 438 0 0.0561 262 1 623 151 10 0.0561 324 149 583 390 13 0.0559 510 517 769 756 6 0.0559 412 475 774 658 8 0.0558 326 143 574 393 0 0.0557 316 85 573 333 11 0.0557 256 1 626 151 8 0.0554 444 11 698 250 11 0.0553 250 85 516 325 7 0.0552 317 331 569 565 13 0.0552 492 0 760 194 6 0.0552 648 464 903 698 7 0.0549 264 134 519 382 10 0.0548 256 202 509 439 13 0.0547 384 7 640 252 6 0.0547 312 394 565 630 0 0.0547 305 727 555 969 6 0.0546 370 532 634 764 7 0.0546 385 9 634 255 13 0.0546 257 325 507 561 8 0.0545 308 394 552 629 7 0.0544 184 336 441 570 10 0.0544 253 91 516 326 8 0.0542 257 261 493 498 6 0.0540 449 10 711 251 13 0.0539 259 194 519 446 5 0.0538 482 0 751 193 0 0.0535 488 2 754 197 6 0.0534 387 87 640 326 6 0.0533 261 455 503 709 3 0.0532 507 520 764 764 2 0.0530 268 3 622 154 2 0.0530 416 553 770 726 3 0.0528 650 466 899 708 8 0.0528 646 462 892 701 11 0.0528 306 602 566 829 3 0.0527 408 478 771 664 0 0.0526 250 263 502 495 5 0.0526 305 665 557 902 0 0.0526 317 332 565 562 5 0.0525 115 263 382 493 0 0.0525 642 463 897 700 7 0.0525 250 12 511 253 10 0.0524 364 534 634 767 10 0.0523 255 329 496 556 11 0.0523 244 397 492 629 5 0.0523 189 125 443 372 3 0.0523 253 261 505 500 13 0.0523 309 396 570 634
dPlCCE88tJCUNzyBb9sqGhymH3Dlnzw3,0 0.0615 377 521 629 756 0 0.0571 497 530 751 772 5 0.0561 377 592 624 831 11 0.0549 377 522 630 748 5 0.0546 10 484 372 676 5 0.0543 386 449 638 689 11 0.0542 316 587 571 820 11 0.0541 11 488 377 672 10 0.0536 15 489 376 673 7 0.0536 386 596 633 835 8 0.0534 383 654 631 890 11 0.0533 379 656 638 888 11 0.0533 455 791 692 1022 5 0.0532 437 524 687 773 7 0.0531 459 784 697 1023 6 0.0530 324 527 575 762 0 0.0530 553 459 814 713 7 0.0529 334 485 698 673 13 0.0529 385 653 646 894 13 0.0529 339 487 698 672 11 0.0528 385 331 647 564 6 0.0527 625 469 882 700 6 0.0521 327 417 703 606 5 0.0521 382 326 642 567 8 0.0519 324 585 565 823 8 0.0518 331 486 682 671 5 0.0517 314 523 563 758 3 0.0516 515 782 753 1023 0 0.0516 315 650 573 890 0 0.0510 458 787 696 1023 0 0.0510 315 417 699 607 6 0.0508 440 533 695 772 8 0.0507 17 487 363 674 3 0.0506 390 332 646 573 13 0.0506 326 528 577 769 3 0.0504 334 485 696 674 8 0.0503 386 331 635 567 5 0.0503 449 781 690 1021 3 0.0503 386 598 633 839 11 0.0502 675 459 932 698 7 0.0502 390 331 648 567 0 0.0502 14 489 376 677 11 0.0500 496 535 753 762
frZeqFQ9bOWcvp8Qgkw50IvG07zY3ZlG,0 0.0623 113 399 375 652 5 0.0612 109 463 381 709 5 0.0576 574 334 834 584 11 0.0575 443 398 708 630 0 0.0575 441 402 706 632 11 0.0570 111 467 383 711 8 0.0569 120 463 374 717 8 0.0567 444 400 697 632 7 0.0562 446 333 708 577 8 0.0562 515 328 757 571 11 0.0552 221 337 580 514 3 0.0544 450 337 703 587 11 0.0544 512 327 767 566 13 0.0544 121 465 389 717 0 0.0542 574 345 841 585 11 0.0539 392 18 655 229 7 0.0538 120 464 387 714 3 0.0535 586 342 839 589 6 0.0535 120 464 385 716 13 0.0518 515 328 765 569 3 0.0511 121 466 378 720 7 0.0508 582 340 845 585 10 0.0502 116 471 380 711 6 0.0502 581 340 845 582 13 0.0500 579 280 832 506
xVT9NexfWJlxgexmJ4RvncZ2vQ6AeaFX,0 0.0640 624 735 885 976 8 0.0639 571 535 826 776 11 0.0633 565 739 825 964 0 0.0608 569 538 832 778 11 0.0596 698 672 939 894 5 0.0595 567 533 827 771 5 0.0595 621 735 881 972 0 0.0589 699 666 938 898 13 0.0583 574 536 832 774 7 0.0579 574 536 834 776 0 0.0578 431 577 692 824 6 0.0576 572 538 831 777 2 0.0572 572 542 833 776 11 0.0568 387 323 647 548 8 0.0565 568 733 819 965 11 0.0562 568 539 831 774 8 0.0559 386 324 636 547 3 0.0559 570 735 827 973 7 0.0558 437 577 697 824 11 0.0557 432 580 694 822 5 0.0555 695 664 935 895 8 0.0554 436 577 686 821 0 0.0550 383 323 643 547 10 0.0548 700 677 939 893 0 0.0547 306 576 575 825 10 0.0544 569 539 831 775 8 0.0541 307 644 562 878 5 0.0540 314 327 574 559 6 0.0539 436 575 699 821 11 0.0539 369 653 644 891 11 0.0534 116 778 382 1008 3 0.0534 576 539 832 782 7 0.0533 391 320 647 550 5 0.0532 117 770 367 1010 8 0.0530 702 671 930 893 7 0.0529 572 734 831 968 3 0.0524 440 577 695 826 0 0.0523 370 648 642 895 6 0.0523 569 736 826 967 6 0.0519 705 674 940 896 8 0.0517 120 780 365 1011 9 0.0514 568 537 832 772 10 0.0513 567 738 826 967 6 0.0508 390 326 650 548 7 0.0508 373 651 649 894 13 0.0505 435 577 701 823 13 0.0504 571 735 830 968
T0LULwT0fBVo7FTS5vGleZXL1zpJc5HN,0 0.0593 507 356 748 583 11 0.0557 507 356 752 575 0 0.0534 570 400 823 647 11 0.0533 567 401 827 640 7 0.0528 511 355 750 581 5 0.0521 504 354 741 581 6 0.0516 504 414 761 649 8 0.0515 508 352 739 582 0 0.0508 583 289 820 515 0 0.0508 442 286 693 508
NnAc3UNiQceH75ujnmrC9rfdfdBhMgn2,0 0.0517 184 351 434 570
v59cqelja8NY0VMzizP8y3lZ4j6UZ2Ia,0 0.0506 438 727 704 976
yhXOzfiWaKe3d5nkV0sEAOPUixICp5R3,14 1.0 0 0 1 1
6HjozeZiFEBffooMCsXc7zrXyLg61US3,7 0.0610 379 216 643 435 5 0.0609 249 462 501 709 11 0.0603 371 559 643 782 8 0.0603 183 399 430 641 7 0.0594 322 277 580 512 11 0.0587 253 334 510 575 8 0.0586 742 0 1006 192 6 0.0585 379 559 650 779 11 0.0585 438 412 706 637 7 0.0585 250 395 504 641 8 0.0584 258 331 503 575 5 0.0580 312 332 570 573 11 0.0576 387 692 653 914 3 0.0573 375 221 641 438 5 0.0571 435 401 704 636 5 0.0571 180 398 435 635 11 0.0569 252 465 502 712 0 0.0568 440 410 707 641 6 0.0567 442 468 711 704 11 0.0566 314 405 570 643 11 0.0566 181 405 438 637 11 0.0564 315 278 581 509 10 0.0562 246 403 503 639 8 0.0560 257 464 498 713 8 0.0558 373 216 634 435 7 0.0556 444 410 710 642 8 0.0555 491 212 743 432 5 0.0554 371 213 636 428 0 0.0553 258 464 503 716 6 0.0553 316 407 580 645 7 0.0553 380 481 647 715 13 0.0550 258 467 509 714 8 0.0543 317 404 565 645 5 0.0543 369 472 639 709 5 0.0541 500 282 762 508 11 0.0541 262 719 513 951 8 0.0539 318 275 574 516 10 0.0538 438 414 711 639 3 0.0537 317 337 576 582 3 0.0537 445 415 707 642 3 0.0530 252 467 503 715 0 0.0528 184 404 434 641 0 0.0528 502 287 767 512 2 0.0527 255 467 504 715 11 0.0527 372 218 645 430 5 0.0527 251 276 501 507 6 0.0527 378 219 645 433 13 0.0526 503 290 770 510 13 0.0525 444 411 712 638 7 0.0524 190 345 436 578 2 0.0523 183 410 435 643 6 0.0522 254 468 509 713 1 0.0521 251 462 499 713 8 0.0520 192 279 427 514 7 0.0519 507 284 772 510 3 0.0518 380 562 645 790 0 0.0517 257 333 509 580 6 0.0517 257 337 515 574 0 0.0516 746 0 1016 190 6 0.0515 321 280 585 509 7 0.0515 316 139 582 369 5 0.0513 0 25 302 218 11 0.0510 325 795 579 1017 11 0.0510 500 287 766 508 3 0.0508 317 144 581 380 8 0.0507 443 411 701 637 10 0.0507 375 220 647 435 6 0.0506 185 404 440 638 11 0.0505 492 170 753 382 8 0.0502 0 26 301 216 0 0.0501 317 404 574 648
kYOnJ1bC8kiiwejdmxSwX8QQ8Nca7uQk,5 0.0611 304 591 584 828 5 0.0593 171 520 439 765 5 0.0591 233 651 507 896 0 0.0585 257 84 528 334 0 0.0567 251 593 515 828 0 0.0563 375 590 642 822 11 0.0562 330 91 604 332 5 0.0561 174 383 446 639 6 0.0558 247 595 517 828 0 0.0558 642 85 871 310 8 0.0556 492 1 746 199 0 0.0549 304 657 584 898 11 0.0548 176 592 438 837 11 0.0545 392 333 654 555 6 0.0541 210 540 579 723 8 0.0541 300 658 577 895 7 0.0540 179 451 450 702 13 0.0539 184 387 453 647 6 0.0538 265 85 538 332 3 0.0537 288 609 635 801 2 0.0535 396 345 654 561 5 0.0533 319 333 579 570 5 0.0532 448 156 712 379 6 0.0531 398 339 660 558 0 0.0531 506 226 770 452 5 0.0530 518 352 758 574 11 0.0529 171 720 446 963 11 0.0528 172 455 445 698 13 0.0527 250 592 522 828 11 0.0527 659 152 894 371 8 0.0526 392 330 644 560 0 0.0525 392 335 656 563 11 0.0523 304 597 590 823 11 0.0522 109 793 362 1017 5 0.0522 104 781 356 1011 6 0.0522 304 657 585 895 7 0.0521 263 81 531 329 10 0.0521 176 460 444 699 7 0.0520 110 786 368 1021 0 0.0520 176 708 446 963 7 0.0519 177 715 452 964 11 0.0518 232 655 512 897 8 0.0518 177 591 430 840 11 0.0518 318 403 587 642 5 0.0516 311 155 579 380 3 0.0515 175 456 446 709 0 0.0515 325 401 585 649 11 0.0514 495 0 760 196 5 0.0512 492 0 751 196 10 0.0511 245 599 514 823 6 0.0509 377 590 651 818 0 0.0509 178 522 441 772 8 0.0509 179 452 435 700 11 0.0508 568 217 841 444 6 0.0508 325 404 594 642 13 0.0508 264 81 537 332 5 0.0507 643 85 872 307 11 0.0507 449 84 717 311 0 0.0506 449 157 709 383 8 0.0506 238 523 504 765 6 0.0506 114 792 362 1017 6 0.0506 176 716 448 965 8 0.0505 173 715 439 964 5 0.0505 374 266 639 482 8 0.0505 646 86 869 305 10 0.0504 334 95 606 331 7 0.0504 646 84 880 308 13 0.0503 211 540 579 726 7 0.0503 391 394 650 633 6 0.0501 526 359 768 579 3 0.0501 343 88 603 343 3 0.0501 238 523 516 772 7 0.0501 522 357 767 580 8 0.0500 519 355 755 577 11 0.0500 514 356 764 571
tSeCvTqAW4SUBwLn0i3c2DmSQXqPSKDa,5 0.0666 304 447 569 688 0 0.0655 583 459 834 708 7 0.0634 461 465 709 713 5 0.0632 454 462 703 710 11 0.0630 512 733 760 968 0 0.0627 458 466 704 714 11 0.0626 303 328 562 566 6 0.0615 380 337 637 581 11 0.0615 584 463 835 702 3 0.0612 313 389 573 631 11 0.0611 456 467 704 709 0 0.0610 312 389 575 627 6 0.0609 380 469 636 705 5 0.0603 298 322 560 562 7 0.0601 383 405 640 641 11 0.0601 375 407 634 641 3 0.0601 380 470 634 710 8 0.0599 378 467 626 703 5 0.0598 579 456 832 704 13 0.0596 250 381 510 623 6 0.0596 588 461 843 702 6 0.0592 313 270 564 514 7 0.0589 308 270 565 515 0 0.0586 308 271 563 515 8 0.0585 586 458 828 701 3 0.0584 309 270 563 521 11 0.0580 303 218 572 462 13 0.0580 380 406 641 642 8 0.0575 574 737 817 978 7 0.0575 514 730 765 972 10 0.0574 454 472 705 712 13 0.0573 461 465 713 711 2 0.0560 460 472 703 711 0 0.0554 575 736 827 977 2 0.0554 314 457 567 691 11 0.0553 242 153 504 380 2 0.0550 378 342 633 580 8 0.0548 380 337 631 579 9 0.0548 377 468 634 699 10 0.0546 374 408 636 640 7 0.0541 586 461 839 707 10 0.0539 307 331 564 564 5 0.0538 512 797 761 1020 5 0.0537 300 211 566 461 11 0.0537 581 810 822 1021 3 0.0536 245 453 499 694 1 0.0536 376 462 634 705 7 0.0535 250 381 507 619 13 0.0535 578 740 829 980 3 0.0535 586 464 837 710 8 0.0534 320 150 574 390 6 0.0534 578 741 826 978 13 0.0532 309 216 575 468 13 0.0530 588 463 844 704 12 0.0528 379 465 636 706 2 0.0527 588 462 837 703 8 0.0523 309 270 553 514 5 0.0516 244 150 504 383 9 0.0514 374 339 634 570 10 0.0514 509 734 762 968 0 0.0514 250 148 506 383 3 0.0513 517 730 761 974 6 0.0511 255 452 499 685 7 0.0509 584 810 827 1023 2 0.0509 308 275 557 516 8 0.0500 246 450 492 684
yZEKvTGAN3y1r96qHfXYXWDTLDW53VY3,5 0.0685 180 708 424 960 7 0.0679 188 712 429 961 5 0.0657 243 774 489 1018 7 0.0638 121 777 374 1018 8 0.0629 251 774 488 1022 11 0.0628 118 779 370 1013 7 0.0625 252 777 497 1022 8 0.0621 119 774 366 1017 11 0.0615 310 779 557 1018 10 0.0611 114 719 364 961 11 0.0608 181 713 430 956 0 0.0605 250 778 495 1023 0 0.0594 185 708 427 964 11 0.0590 0 746 364 910 6 0.0573 122 782 370 1017 8 0.0568 185 709 425 960 13 0.0568 253 779 499 1023 10 0.0566 186 783 432 1017 5 0.0559 0 743 359 911 8 0.0558 0 745 354 909 6 0.0557 184 713 431 958 3 0.0556 251 777 496 1023 0 0.0546 591 0 956 157 7 0.0544 2 746 366 913 2 0.0541 189 782 434 1020 3 0.0537 123 774 373 1021 3 0.0537 187 707 429 964 6 0.0535 250 782 493 1023 13 0.0533 187 712 436 963 10 0.0527 308 780 558 1021 9 0.0526 185 782 433 1017 9 0.0525 308 780 559 1018 5 0.0523 761 9 1023 247 13 0.0523 124 781 377 1017 11 0.0507 0 608 239 832 0 0.0506 0 747 363 913 11 0.0505 582 2 958 151 5 0.0504 581 0 954 153 8 0.0504 597 0 946 152 9 0.0504 112 715 364 959 6 0.0502 4 747 369 911 12 0.0501 193 777 433 1020
PMgCUOtC8CXtZm0amLIcdZZ7SSywQb45,0 0.0607 312 1 576 198 8 0.0595 316 0 571 196 5 0.0574 310 0 574 192 5 0.0574 128 0 499 150 13 0.0572 321 0 583 196 11 0.0570 311 1 581 193 6 0.0567 214 1 577 149 3 0.0560 320 2 576 200 11 0.0552 124 1 504 151 0 0.0550 133 0 502 154 8 0.0539 387 79 638 314 7 0.0537 319 0 581 195 8 0.0535 250 347 496 585 13 0.0535 141 0 514 154 8 0.0534 360 426 612 646 7 0.0533 140 1 509 152 11 0.0531 304 368 567 589 8 0.0529 136 0 493 151 11 0.0526 308 85 575 325 5 0.0521 166 397 431 642 11 0.0520 363 529 619 762 10 0.0520 135 3 505 152 11 0.0519 298 465 562 699 2 0.0515 208 3 567 147 7 0.0513 247 403 503 646 0 0.0512 389 83 642 319 10 0.0505 319 3 580 196 3 0.0501 248 349 504 591
mc21lt166G4Wn6McpLmuSOhyioWIydM8,11 0.0596 450 90 708 302 5 0.0594 353 789 614 1021 7 0.0592 365 795 631 1023 11 0.0590 383 199 658 437 0 0.0588 383 201 655 439 11 0.0581 514 278 772 509 11 0.0579 358 799 618 1019 0 0.0577 448 271 710 518 0 0.0567 303 790 551 1023 7 0.0567 447 330 710 573 8 0.0563 308 786 543 1021 5 0.0554 379 135 644 368 13 0.0548 365 798 630 1022 11 0.0546 315 338 576 574 8 0.0544 449 88 701 302 10 0.0544 453 154 708 364 10 0.0543 388 209 656 439 10 0.0542 303 791 550 1023 0 0.0542 464 799 756 1023 3 0.0539 371 0 631 198 11 0.0538 442 334 709 574 3 0.0537 452 269 706 519 6 0.0537 308 793 555 1023 5 0.0536 509 322 754 551 13 0.0535 373 0 639 196 11 0.0534 570 211 826 446 0 0.0533 312 264 577 515 13 0.0532 383 258 652 508 7 0.0531 383 260 648 509 8 0.0530 515 320 755 558 0 0.0529 387 74 639 305 11 0.0529 569 382 813 618 0 0.0529 450 148 703 368 3 0.0527 382 328 637 575 13 0.0527 323 333 580 580 8 0.0526 378 259 637 509 13 0.0526 392 140 658 372 2 0.0526 389 208 652 439 11 0.0525 359 675 631 903 2 0.0524 451 279 711 513 2 0.0524 454 156 705 366 2 0.0520 306 790 551 1023 11 0.0519 512 147 766 366 6 0.0519 386 263 653 508 0 0.0517 363 735 632 968 3 0.0515 364 797 622 1023 6 0.0515 450 331 714 572 8 0.0514 388 136 642 374 5 0.0514 451 213 713 439 8 0.0513 365 734 620 961 8 0.0513 375 2 620 191 5 0.0511 444 87 705 299 3 0.0511 495 0 754 201 10 0.0507 444 341 706 573 6 0.0506 583 271 833 517 8 0.0505 456 211 714 447 5 0.0505 373 258 642 502 0 0.0505 520 213 771 444 0 0.0504 577 381 809 622 13 0.0502 450 332 712 576 7 0.0500 323 332 578 577
8MnmZZ5l6Y24tDb4QDBiHe5kktbnmNws,0 0.0647 391 157 749 342 7 0.0625 410 35 755 224 5 0.0612 387 154 744 338 0 0.0603 465 37 813 223 3 0.0601 398 159 746 342 8 0.0599 441 72 694 309 5 0.0596 510 8 766 256 11 0.0596 323 491 569 698 11 0.0596 463 37 814 221 10 0.0595 512 16 768 253 5 0.0590 312 194 572 423 8 0.0589 315 198 564 430 3 0.0589 415 37 752 228 0 0.0588 319 134 573 376 10 0.0580 439 74 702 310 11 0.0572 388 161 745 339 7 0.0571 393 158 749 341 7 0.0562 320 132 577 374 0 0.0561 252 279 509 518 11 0.0560 316 138 573 378 7 0.0556 444 477 697 701 8 0.0555 379 340 628 569 0 0.0554 565 207 824 455 5 0.0554 560 199 818 454 5 0.0554 435 471 688 700 5 0.0553 549 402 805 642 8 0.0551 375 474 619 691 5 0.0551 308 60 570 306 7 0.0551 316 262 580 498 6 0.0551 385 402 639 623 3 0.0549 319 201 569 433 11 0.0545 437 480 693 698 6 0.0544 414 37 760 225 0 0.0541 385 342 637 569 8 0.0541 314 64 565 308 13 0.0541 254 344 516 578 13 0.0540 516 12 774 257 6 0.0540 255 345 513 576 0 0.0538 374 470 624 692 8 0.0537 323 407 564 636 13 0.0535 443 71 706 310 11 0.0535 248 350 506 573 6 0.0532 322 136 575 375 11 0.0531 378 342 637 564 2 0.0530 411 41 751 225 6 0.0529 396 159 751 339 11 0.0529 554 415 813 639 7 0.0529 254 339 512 575 5 0.0528 627 459 882 687 3 0.0528 329 488 564 707 8 0.0528 436 409 684 630 8 0.0527 254 343 496 577 0 0.0526 552 416 811 644 10 0.0526 317 142 576 375 3 0.0526 316 70 569 317 3 0.0522 251 349 503 583 1 0.0522 387 158 740 340 3 0.0521 383 340 635 574 2 0.0521 555 423 812 643 13 0.0518 439 413 699 630 13 0.0518 323 137 578 376 1 0.0517 508 10 767 255 12 0.0516 395 157 748 339 7 0.0516 556 410 816 642 2 0.0516 389 161 743 342 7 0.0515 328 487 570 698 7 0.0515 385 400 636 624 5 0.0513 316 402 568 632 5 0.0511 242 275 505 510 2 0.0510 565 207 827 449 9 0.0510 391 160 746 336 11 0.0508 313 271 577 497 5 0.0506 564 535 819 765 11 0.0505 628 468 886 690 7 0.0505 266 60 516 314 13 0.0505 381 342 646 572 0 0.0505 439 411 690 632 12 0.0502 414 36 757 226 9 0.0501 511 12 771 252
fLJX5SkoMJvSkSFgKjRlZULNAgIHfnXB,6 0.0585 317 75 579 302 8 0.0585 111 446 352 696 11 0.0585 313 78 577 303 11 0.0583 125 339 378 567 11 0.0576 319 219 579 445 11 0.0568 568 269 829 501 5 0.0565 122 330 370 566 5 0.0564 564 261 824 505 11 0.0563 252 155 517 375 7 0.0563 248 0 500 199 6 0.0561 259 152 524 374 7 0.0560 320 73 577 302 5 0.0556 188 452 432 704 0 0.0554 314 76 573 303 8 0.0552 315 76 566 302 11 0.0551 180 405 436 642 8 0.0551 317 467 570 708 11 0.0551 239 3 501 198 11 0.0550 384 784 637 1004 6 0.0549 266 280 518 517 3 0.0548 247 0 499 202 0 0.0546 569 268 824 508 13 0.0545 185 402 440 649 11 0.0545 636 199 891 435 5 0.0542 633 193 890 437 11 0.0542 309 417 576 652 5 0.0538 307 69 569 301 5 0.0537 182 266 433 506 11 0.0536 245 348 505 588 5 0.0534 312 208 572 445 8 0.0534 246 0 491 196 11 0.0534 244 466 502 713 3 0.0531 577 267 828 515 0 0.0530 182 395 431 647 8 0.0529 644 196 880 436 6 0.0527 137 340 378 568 5 0.0527 243 338 499 590 0 0.0527 371 343 632 589 5 0.0524 366 336 628 585 0 0.0523 640 202 891 438 8 0.0523 252 153 509 378 11 0.0521 175 80 444 311 0 0.0521 136 273 370 512 3 0.0521 316 73 574 308 11 0.0521 369 344 635 584 7 0.0521 376 342 638 584 6 0.0521 159 206 387 424 3 0.0520 184 401 432 650 6 0.0518 321 217 584 446 5 0.0518 570 127 831 374 8 0.0517 287 220 639 410 7 0.0516 261 148 516 379 8 0.0516 249 343 494 592 13 0.0516 249 463 508 720 13 0.0515 131 339 378 569 3 0.0515 324 217 579 452 11 0.0514 111 459 363 695 13 0.0514 375 413 635 654 10 0.0514 570 272 827 506 6 0.0512 245 0 502 196 13 0.0511 255 150 524 379 5 0.0510 238 0 492 195 0 0.0510 110 454 358 698 13 0.0510 315 76 579 302 0 0.0509 250 146 517 378 3 0.0508 259 153 517 380 5 0.0507 310 462 576 709 13 0.0506 177 17 452 266 5 0.0506 245 143 512 379 7 0.0505 139 272 376 515 7 0.0505 187 394 437 644 0 0.0504 577 137 835 379 6 0.0504 579 266 833 506 11 0.0504 574 137 835 373 0 0.0504 180 76 441 318 3 0.0501 644 201 892 445 3 0.0501 374 343 638 590 7 0.0501 326 214 580 447
333Q29o8dUjVgRFWbmmFnjOGTrUetXh5,5 0.0633 300 276 550 516 7 0.0600 306 280 559 517 5 0.0577 232 334 489 585 8 0.0563 308 278 548 518 0 0.0562 298 277 557 522 8 0.0558 239 339 488 590 0 0.0554 245 401 497 651 11 0.0554 299 283 559 512 11 0.0553 239 403 498 648 10 0.0551 305 290 555 516 13 0.0527 313 206 575 437 11 0.0519 366 460 633 696 8 0.0517 255 456 491 707 13 0.0513 248 3 506 254 6 0.0511 370 457 645 694 3 0.0511 300 283 553 520 7 0.0510 256 449 504 705 6 0.0505 304 285 560 519
ZzhN5yQ6pXCbWVUgRnL9amSjzbQphZUo,8 0.0665 444 402 693 641 0 0.0641 384 393 633 632 11 0.0641 395 364 751 542 5 0.0639 387 362 749 543 11 0.0614 260 595 528 827 7 0.0613 446 397 700 644 0 0.0606 323 458 564 692 11 0.0605 311 666 579 889 8 0.0602 382 472 620 701 11 0.0601 190 662 450 894 11 0.0601 382 606 640 829 8 0.0601 316 392 562 625 0 0.0591 465 355 814 541 0 0.0587 448 471 692 704 8 0.0585 195 659 439 897 8 0.0582 510 473 752 708 6 0.0581 384 394 639 629 11 0.0579 310 337 576 579 10 0.0576 445 404 700 642 2 0.0575 326 532 572 753 11 0.0574 568 672 837 898 3 0.0573 316 335 574 589 5 0.0571 378 464 624 698 11 0.0571 320 462 569 686 7 0.0570 262 658 519 888 6 0.0569 325 459 569 687 11 0.0569 515 594 768 822 5 0.0568 312 386 566 623 7 0.0566 455 599 699 824 8 0.0565 519 594 756 826 8 0.0564 318 663 570 895 7 0.0561 387 466 626 700 5 0.0561 445 592 695 823 8 0.0559 266 592 517 834 5 0.0558 502 466 758 707 3 0.0556 403 364 753 549 7 0.0554 509 523 753 752 13 0.0554 324 462 571 692 6 0.0553 446 471 698 699 8 0.0553 383 605 630 832 3 0.0551 391 601 637 837 0 0.0549 258 657 515 895 13 0.0548 506 528 757 757 5 0.0546 317 598 579 830 6 0.0543 270 593 529 831 0 0.0541 322 604 582 833 6 0.0541 386 527 630 750 2 0.0540 256 663 519 892 0 0.0539 384 525 622 749 7 0.0537 318 389 569 626 2 0.0536 448 476 694 701 5 0.0535 252 454 504 689 8 0.0534 258 459 499 691 3 0.0533 450 472 694 707 7 0.0533 326 605 584 827 0 0.0531 536 478 886 662 13 0.0531 383 396 642 631 3 0.0530 526 591 764 831 5 0.0529 566 529 824 772 7 0.0529 262 459 509 693 10 0.0529 315 392 571 623 6 0.0526 578 608 823 840 6 0.0525 462 356 822 537 1 0.0525 443 394 699 643 8 0.0524 575 671 823 902 3 0.0524 325 462 565 695 7 0.0523 519 659 770 887 5 0.0523 253 653 512 889 10 0.0523 509 527 751 752 13 0.0522 269 594 533 833 7 0.0522 577 788 825 1023 13 0.0521 395 364 763 543 7 0.0520 201 586 450 826 0 0.0519 519 592 763 825 2 0.0518 260 464 507 691 11 0.0517 543 0 815 194
xP8bypm6JuBRgkkOzW5IlUXeygOaLJjd,11 0.0560 372 799 622 1019 0 0.0548 370 801 620 1023 5 0.0544 234 334 492 576 7 0.0541 243 335 503 582 7 0.0532 377 798 627 1021 11 0.0532 237 340 503 579 13 0.0522 243 339 511 583 11 0.0517 692 1 939 208 5 0.0508 304 392 562 637 0 0.0507 241 336 503 581 7 0.0504 314 392 570 641 6 0.0503 246 339 507 581 3 0.0502 241 343 502 586 8 0.0502 377 798 613 1021
1os3P7cOrsyafKWtyIPrdO92Tuu9nrJ6,5 0.0603 431 786 685 1019 11 0.0602 438 798 688 1020 0 0.0549 191 0 564 151 7 0.0546 241 789 499 1021 11 0.0544 299 743 566 959 8 0.0539 374 795 619 1018 0 0.0537 631 411 896 649 6 0.0536 636 414 894 647 0 0.0531 375 794 628 1021 13 0.0530 379 792 636 1021 11 0.0529 427 680 692 904 0 0.0526 237 728 504 962 5 0.0520 177 0 554 147 8 0.0514 433 674 681 905 11 0.0513 629 412 890 641 13 0.0512 309 737 575 968 8 0.0512 634 410 881 643 5 0.0510 632 408 887 641 0 0.0510 432 674 688 909 8 0.0505 295 677 551 903 10 0.0504 433 681 696 904 11 0.0503 235 793 495 1017 3 0.0502 445 795 689 1023
PkFPmt6VrPWsn1YKCa2Bh1h2uMiZWMEK,8 0.0648 248 332 498 568 11 0.0632 297 277 565 497 11 0.0632 239 335 505 564 3 0.0628 248 329 508 572 5 0.0622 369 0 646 187 11 0.0620 172 385 441 629 8 0.0617 179 272 428 504 7 0.0616 245 329 508 566 8 0.0613 308 1 567 197 8 0.0601 174 377 434 630 8 0.0597 306 275 555 500 11 0.0596 584 780 827 1015 11 0.0595 303 0 570 192 0 0.0594 311 0 570 197 6 0.0590 309 0 573 194 11 0.0585 229 200 502 429 11 0.0580 529 718 760 955 5 0.0579 313 140 583 370 11 0.0577 167 276 440 501 3 0.0575 380 0 646 193 8 0.0574 239 198 486 432 5 0.0573 627 731 888 959 7 0.0572 177 272 441 503 7 0.0568 587 779 830 1016 0 0.0566 303 272 565 498 5 0.0565 376 588 636 830 10 0.0564 243 336 508 566 0 0.0563 244 329 510 567 8 0.0563 528 773 748 1007 5 0.0562 294 270 563 498 7 0.0561 238 192 503 430 11 0.0561 313 148 584 368 6 0.0560 249 334 510 564 13 0.0560 60 445 326 692 13 0.0559 587 720 835 964 7 0.0554 531 718 763 957 5 0.0554 167 273 436 500 13 0.0553 176 441 446 695 5 0.0553 245 55 502 297 8 0.0551 378 597 630 830 7 0.0550 321 146 589 367 0 0.0549 585 720 830 961 5 0.0548 229 189 496 431 7 0.0548 378 0 649 191 0 0.0545 631 804 894 1023 7 0.0545 175 380 444 632 8 0.0543 320 84 585 312 13 0.0541 124 526 387 772 6 0.0538 304 278 569 497 10 0.0537 300 279 567 498 8 0.0536 53 441 309 691 8 0.0536 311 686 557 912 0 0.0535 175 379 440 631 5 0.0533 167 376 445 626 10 0.0532 174 278 433 504 8 0.0530 589 718 820 959 13 0.0527 305 277 572 500 3 0.0526 528 771 755 1015 3 0.0525 180 379 443 639 0 0.0525 320 152 590 370 10 0.0523 236 207 501 430 0 0.0521 381 594 640 834 9 0.0520 307 0 566 189 3 0.0519 240 198 499 438 0 0.0519 174 275 437 502 13 0.0519 180 329 447 569 10 0.0518 373 5 648 188 2 0.0518 309 4 569 195 5 0.0515 524 713 751 955 11 0.0515 108 453 374 693 5 0.0514 382 77 648 307 11 0.0514 377 597 637 830 10 0.0513 174 388 442 630 7 0.0512 385 593 643 832 6 0.0511 179 382 443 629 13 0.0511 637 807 899 1023 11 0.0511 177 532 449 763 0 0.0509 237 196 497 434 6 0.0509 177 276 439 501 6 0.0508 589 782 830 1016 6 0.0506 532 718 758 958 6 0.0505 328 84 598 312
mugm5IHhtHvcNu84gU4HZgg2VjFMMuto,11 0.0589 373 465 631 694 8 0.0565 382 470 624 694 7 0.0542 386 465 641 697 0 0.0538 52 804 297 1023 0 0.0537 379 470 634 697 13 0.0528 392 399 646 629 3 0.0510 385 471 633 702 5 0.0507 378 462 631 693 10 0.0506 378 470 634 698 8 0.0506 49 794 284 1019
CIG3uLELUhfbl8bQbC4UfUTlqTXmHhxS,7 0.0577 102 656 371 878 8 0.0546 98 659 358 882 10 0.0510 95 667 366 879 11 0.0506 94 662 368 880
v1X9bQJe6u0DlwbDdoSMzWqKgratTvhi,6 0.0654 567 410 818 643 8 0.0648 497 337 751 575 0 0.0630 568 333 824 575 7 0.0624 567 408 814 645 11 0.0615 764 331 1023 571 5 0.0614 560 405 807 643 11 0.0610 565 414 811 642 7 0.0605 635 329 887 573 3 0.0604 631 408 889 643 0 0.0603 632 404 887 641 6 0.0602 641 331 891 570 8 0.0600 567 410 807 643 8 0.0599 349 355 667 539 6 0.0586 502 341 760 570 8 0.0585 636 329 878 572 5 0.0585 698 324 953 569 7 0.0573 623 477 898 715 8 0.0567 293 286 612 469 5 0.0561 625 183 879 426 7 0.0559 504 339 757 575 0 0.0559 767 327 1019 573 2 0.0552 498 348 753 572 7 0.0552 374 589 636 829 3 0.0551 572 334 828 581 5 0.0550 615 473 890 711 0 0.0550 199 203 450 448 5 0.0550 494 338 748 571 11 0.0550 352 357 679 540 11 0.0550 372 664 641 887 5 0.0548 182 271 438 515 10 0.0548 569 336 826 573 0 0.0546 296 286 632 469 6 0.0545 644 187 885 430 8 0.0543 194 274 429 517 13 0.0534 637 333 893 573 11 0.0532 193 206 449 446 11 0.0532 291 287 632 469 3 0.0531 707 326 952 583 11 0.0530 629 191 881 429 2 0.0527 629 410 888 639 8 0.0523 567 143 817 379 8 0.0522 631 481 887 711 5 0.0520 367 653 637 888 2 0.0520 347 361 676 538 3 0.0520 353 354 676 545 5 0.0518 342 353 673 539 0 0.0517 353 355 678 541 11 0.0517 435 577 695 812 12 0.0514 630 406 889 641 9 0.0514 494 340 755 566 0 0.0513 635 190 876 431 13 0.0513 566 413 817 644 8 0.0510 374 660 632 891 3 0.0510 192 276 440 528 9 0.0510 562 409 812 641 11 0.0509 372 812 626 1018 10 0.0509 708 327 952 569 5 0.0509 631 79 892 305 6 0.0509 217 282 566 464 6 0.0507 287 345 615 528 5 0.0506 283 284 622 467 8 0.0504 766 325 1014 574 1 0.0501 559 407 812 642
jNQKZek2fvJWveLIbzAnB22Pf3UDjGNa,0 0.0547 576 722 817 962 7 0.0543 190 647 451 888 11 0.0538 189 600 444 838 11 0.0538 231 479 490 714 7 0.0530 192 538 457 784 11 0.0529 262 654 508 885 8 0.0528 313 407 559 646 0 0.0527 233 475 491 723 0 0.0515 310 405 573 656 7 0.0510 392 396 642 641 5 0.0507 185 533 447 783 13 0.0504 528 387 786 638 11 0.0503 381 398 638 642 8 0.0500 190 542 441 785
fCP2j0EK8v80Bzj21GGTGGuDITq61c5Y,11 0.0595 444 589 697 834 5 0.0585 259 218 497 453 11 0.0580 568 603 818 827 5 0.0570 374 217 628 439 11 0.0569 425 453 702 685 7 0.0568 430 448 702 691 8 0.0531 381 222 625 438 5 0.0530 485 344 760 578 0 0.0528 491 351 768 580 0 0.0527 180 0 441 198 7 0.0526 492 348 769 582 0 0.0524 177 328 422 579 10 0.0524 335 230 571 449 8 0.0523 491 348 759 578 0 0.0522 238 274 487 499 8 0.0521 268 224 489 452 5 0.0521 172 325 420 575 0 0.0519 568 604 811 830 7 0.0518 388 222 637 438 0 0.0517 443 590 696 839 11 0.0515 171 336 424 575 8 0.0515 170 6 422 252 0 0.0514 332 227 570 452 11 0.0513 232 275 490 493 6 0.0510 449 591 700 837 6 0.0507 446 226 701 437 7 0.0506 441 787 692 1023 6 0.0504 498 349 772 580 3 0.0503 498 352 761 585 13 0.0502 178 333 427 581 0 0.0501 429 727 697 971
naftWxgqh7i1A3Ru2YhK9AXxTA9h4PQs,11 0.0565 271 340 644 523 3 0.0554 311 269 568 505 5 0.0545 273 339 638 525 13 0.0540 256 267 518 508 8 0.0539 306 270 563 501 7 0.0533 307 264 573 500 0 0.0531 306 272 572 502 11 0.0518 373 1 635 196 6 0.0517 281 344 649 526 11 0.0514 265 481 644 653 8 0.0512 378 0 630 197 5 0.0510 196 212 547 395 10 0.0507 308 278 572 500 5 0.0501 502 20 758 254
1H7J8siRAMktczZ3wNjJ5j9U1F5NhzaM,8 0.0552 372 594 609 817 11 0.0549 377 340 642 558 0 0.0548 370 595 619 824 11 0.0533 371 599 619 815 11 0.0526 434 667 694 897 11 0.0525 307 458 560 687 11 0.0523 561 668 817 904 7 0.0522 384 338 644 559 5 0.0512 557 665 810 906 7 0.0510 377 593 623 816 0 0.0509 379 343 638 565 8 0.0505 434 660 684 898
519V5zF2IrayyCTO2Beh8DFqWFny35bg,11 0.0664 320 782 569 1011 0 0.0630 203 740 575 913 7 0.0627 256 779 498 1013 5 0.0624 199 740 568 910 5 0.0621 317 777 565 1011 11 0.0614 327 740 701 905 6 0.0602 208 741 579 910 7 0.0598 259 668 512 897 8 0.0595 205 741 565 910 11 0.0594 199 678 562 847 8 0.0588 256 774 492 1011 10 0.0586 200 744 573 909 0 0.0579 321 779 570 1015 7 0.0573 381 722 635 951 10 0.0571 320 783 567 1011 13 0.0564 325 781 574 1016 11 0.0560 638 776 883 1019 3 0.0557 210 740 574 914 6 0.0557 323 783 571 1014 2 0.0543 258 781 497 1015 0 0.0536 631 777 885 1023 0 0.0535 319 665 672 844 11 0.0535 500 721 763 943 5 0.0533 629 776 874 1017 3 0.0531 325 779 571 1018 7 0.0527 506 719 764 945 13 0.0525 213 740 576 912 8 0.0520 637 777 875 1022 5 0.0511 308 663 664 839 9 0.0511 254 781 494 1010 12 0.0510 209 739 573 913 8 0.0508 504 720 752 947 1 0.0504 249 699 495 936 0 0.0503 501 718 760 951 5 0.0502 499 713 754 941 8 0.0502 318 666 658 842
eUI0P0MaaraRmEVRTcUf73HGC7FxIfwH,5 0.0699 179 792 426 1022 8 0.0695 29 871 379 1022 8 0.0688 242 792 482 1023 7 0.0661 182 793 429 1023 5 0.0644 17 871 377 1020 5 0.0635 242 712 483 954 0 0.0632 26 875 382 1023 7 0.0631 251 715 487 955 11 0.0629 240 795 487 1020 8 0.0626 25 741 370 918 5 0.0624 18 741 375 919 7 0.0624 31 872 384 1023 0 0.0622 242 794 488 1023 8 0.0610 382 782 611 1023 6 0.0601 185 797 431 1023 7 0.0601 382 712 628 965 11 0.0599 379 786 618 1018 3 0.0593 39 802 388 987 10 0.0591 244 721 486 955 11 0.0588 66 789 304 1021 10 0.0587 180 795 428 1022 11 0.0586 20 745 376 914 11 0.0583 375 663 622 894 2 0.0578 31 876 382 1023 8 0.0577 379 661 614 897 0 0.0576 21 744 377 919 6 0.0570 31 876 387 1023 10 0.0568 23 744 372 920 2 0.0568 181 797 430 1023 13 0.0566 244 795 491 1023 0 0.0565 376 662 621 908 6 0.0564 25 746 383 918 5 0.0562 376 711 618 962 7 0.0561 408 672 769 847 3 0.0553 248 714 484 963 0 0.0553 381 787 620 1023 13 0.0552 382 786 625 1023 9 0.0550 66 790 298 1023 6 0.0549 251 720 490 953 1 0.0548 180 789 424 1023 13 0.0546 34 800 395 981 5 0.0545 394 670 754 844 9 0.0540 181 794 429 1023 6 0.0539 382 717 628 964 7 0.0538 33 743 379 918 6 0.0537 401 676 766 850 1 0.0533 21 867 375 1023 3 0.0530 384 712 624 970 10 0.0529 397 676 762 846 10 0.0527 25 873 384 1023 12 0.0516 184 791 427 1023 9 0.0511 22 744 375 918 2 0.0510 399 680 761 846 13 0.0510 400 675 778 846 3 0.0509 402 675 763 852 4 0.0509 183 796 432 1023 10 0.0505 380 785 617 1020 2 0.0503 247 721 486 955
AZBBrbFXXv8BQdsqtqyaPrgOJ3r6o5Hj,11 0.0594 182 361 434 595 11 0.0593 255 221 524 443 5 0.0590 186 649 435 896 8 0.0584 111 480 357 706 0 0.0581 183 292 437 533 8 0.0576 191 652 428 897 5 0.0573 232 270 500 516 6 0.0572 184 295 442 532 11 0.0571 250 662 500 892 5 0.0569 173 218 433 440 11 0.0563 178 549 428 776 5 0.0561 173 541 428 777 8 0.0561 180 544 420 775 11 0.0560 110 484 371 708 8 0.0558 185 221 434 443 7 0.0542 182 291 439 531 3 0.0541 240 278 501 522 5 0.0539 178 351 431 590 8 0.0536 242 343 494 575 10 0.0532 181 229 441 444 3 0.0531 185 222 441 450 10 0.0531 111 487 367 704 7 0.0528 301 267 577 503 0 0.0528 193 650 435 898 0 0.0526 182 541 428 782 7 0.0524 193 651 441 901 5 0.0521 110 475 364 707 6 0.0515 252 592 498 827 13 0.0513 244 277 510 520 7 0.0512 182 544 432 778 11 0.0512 235 422 504 651 13 0.0510 185 221 450 447 8 0.0509 251 592 484 824 3 0.0505 248 590 494 832 8 0.0504 261 722 491 957 10 0.0501 179 553 426 778
85ftLG741dIfizX75rZn5reTyDQhN8Qe,7 0.0654 184 788 432 1023 5 0.0654 180 788 427 1021 5 0.0653 505 789 755 1019 8 0.0650 185 787 427 1023 7 0.0634 318 720 574 963 0 0.0630 184 788 429 1023 5 0.0625 312 718 565 957 11 0.0613 179 788 429 1020 7 0.0608 512 789 764 1019 8 0.0603 511 787 748 1017 0 0.0592 508 789 759 1023 13 0.0588 186 792 434 1023 0 0.0584 314 723 572 962 11 0.0582 312 722 568 956 10 0.0574 192 719 440 962 6 0.0573 185 791 430 1023 6 0.0572 318 723 572 960 11 0.0565 508 789 757 1017 8 0.0559 318 719 565 959 10 0.0554 314 724 571 958 3 0.0551 196 714 440 969 13 0.0548 317 723 577 962 9 0.0538 182 791 430 1022 6 0.0537 510 793 760 1021 2 0.0533 185 792 432 1023 13 0.0526 515 792 764 1022 2 0.0513 510 793 758 1017 1 0.0509 182 785 429 1023 2 0.0506 317 726 570 959 10 0.0505 510 794 756 1019 12 0.0502 198 715 440 966
s6vGAqAtmmMrtO9ItddQOVHwPIkP0WcH,8 0.0605 277 867 635 1023 5 0.0603 263 864 644 1022 7 0.0573 502 789 754 1008 11 0.0562 367 788 632 1018 5 0.0561 491 788 747 1011 3 0.0557 281 867 645 1023 7 0.0555 277 864 659 1023 3 0.0549 329 450 582 693 10 0.0548 275 867 648 1023 8 0.0544 424 780 680 1009 0 0.0543 276 867 646 1023 11 0.0542 400 380 656 628 3 0.0542 428 781 689 1018 0 0.0534 58 803 302 1023 9 0.0530 365 790 638 1018 13 0.0529 329 450 589 690 11 0.0525 494 793 751 1005 0 0.0523 497 789 747 1009 13 0.0512 282 867 660 1023 11 0.0511 320 323 585 563 0 0.0508 326 445 584 689 5 0.0504 321 443 579 685 8 0.0501 395 461 634 703
04ZlzYumAc41Dqte6vo17HWA19Ra6Amp,5 0.0651 574 345 830 578 5 0.0635 224 390 488 636 11 0.0621 570 408 839 633 0 0.0612 579 348 832 582 5 0.0611 496 274 757 502 8 0.0609 579 279 818 521 5 0.0607 300 143 558 375 11 0.0602 360 30 628 262 5 0.0593 250 267 510 508 7 0.0591 453 329 708 576 11 0.0589 255 195 515 435 11 0.0587 239 332 501 575 11 0.0586 427 96 703 311 8 0.0584 506 335 751 571 11 0.0584 440 266 714 498 5 0.0584 425 86 693 315 8 0.0583 365 29 623 259 0 0.0580 436 268 714 500 8 0.0578 575 407 830 636 0 0.0576 313 326 566 569 11 0.0576 504 338 761 566 5 0.0576 358 20 625 261 8 0.0575 308 155 557 375 0 0.0574 575 218 845 457 5 0.0573 496 402 752 640 8 0.0567 431 92 692 313 3 0.0567 261 197 510 442 5 0.0566 624 415 908 642 6 0.0566 437 90 705 313 13 0.0565 584 354 837 579 8 0.0562 173 330 424 582 8 0.0559 181 459 427 703 2 0.0558 452 338 707 578 6 0.0556 648 303 887 521 11 0.0555 175 267 447 506 7 0.0555 322 325 568 572 11 0.0553 607 478 900 705 5 0.0553 570 216 837 452 13 0.0552 505 280 771 501 7 0.0551 507 406 763 641 8 0.0551 437 262 708 502 11 0.0550 573 286 833 511 3 0.0549 454 331 703 580 13 0.0548 245 329 505 583 7 0.0548 233 393 489 641 6 0.0547 366 31 635 261 10 0.0545 363 34 635 256 13 0.0545 510 158 774 381 8 0.0544 315 328 557 572 0 0.0543 504 405 763 642 6 0.0542 640 417 913 645 0 0.0540 367 29 630 258 7 0.0539 372 85 638 318 0 0.0539 174 331 432 578 0 0.0538 626 416 907 644 3 0.0537 580 285 831 523 0 0.0536 305 151 563 374 8 0.0536 438 398 691 640 5 0.0535 250 80 497 304 10 0.0534 230 401 486 639 7 0.0533 312 148 568 381 3 0.0533 579 407 835 641 10 0.0533 572 413 838 635 6 0.0532 581 84 828 307 5 0.0532 428 203 707 429 13 0.0530 586 219 849 455 6 0.0530 245 334 502 580 7 0.0527 630 413 914 644 10 0.0526 508 342 761 570 8 0.0525 502 150 757 379 10 0.0525 314 334 565 570 8 0.0525 645 220 880 467 11 0.0524 504 157 769 373 7 0.0523 580 350 835 582 8 0.0519 577 86 813 311 10 0.0518 249 149 505 383 2 0.0518 242 333 497 576 2 0.0517 504 282 768 502
Yfz4QYRJo8Pynysa0EFKIVQLm0LdE3t6,8 0.0608 284 289 621 472 5 0.0601 239 272 509 509 11 0.0600 278 289 632 469 0 0.0581 454 331 708 571 5 0.0565 303 388 577 636 13 0.0560 291 287 643 472 11 0.0560 625 282 899 504 5 0.0555 318 514 573 754 11 0.0553 381 328 636 568 11 0.0552 453 275 708 504 8 0.0551 455 268 705 505 13 0.0545 323 455 584 685 5 0.0541 452 265 708 505 0 0.0540 372 264 634 505 7 0.0539 310 394 583 637 7 0.0539 292 285 640 472 7 0.0534 463 269 715 505 3 0.0531 287 288 635 477 10 0.0530 285 290 635 471 5 0.0529 166 325 441 576 7 0.0527 383 530 643 765 6 0.0527 461 271 715 502 6 0.0524 310 269 576 502 11 0.0519 304 396 575 635 8 0.0519 171 336 435 586 3 0.0514 462 272 708 512 13 0.0513 359 351 727 533 7 0.0512 175 333 446 578 0 0.0510 625 283 896 506 0 0.0509 566 406 830 637 2 0.0509 352 357 716 533 5 0.0508 378 319 633 568 8 0.0508 246 459 491 699 5 0.0508 625 275 893 503 6 0.0507 185 272 441 499 5 0.0507 241 458 498 693 11 0.0506 444 392 704 632 11 0.0506 376 530 635 761 8 0.0505 383 528 630 765 8 0.0504 375 391 630 643 11 0.0504 176 274 439 495 13 0.0503 612 339 896 577 0 0.0502 373 391 643 642
SblRoUGNppNEafAxzgUeZXrzzUj63Rw0,5 0.0573 179 341 435 571 11 0.0562 181 347 442 572 0 0.0529 184 345 438 575 8 0.0528 183 269 437 498 8 0.0516 641 0 1004 151 7 0.0514 187 342 444 573 0 0.0512 637 2 1021 155 8 0.0505 571 26 824 256
MuwZ5ugKAnVZPLWLMIrK5SfNoBEmYQH4,5 0.0628 234 193 500 437 5 0.0620 315 258 565 504 11 0.0620 317 264 566 507 3 0.0613 317 327 568 572 7 0.0608 321 322 572 567 3 0.0603 240 197 501 445 11 0.0601 236 141 503 378 8 0.0598 239 194 495 440 5 0.0595 497 0 755 199 3 0.0589 385 271 626 511 7 0.0584 245 190 502 441 11 0.0580 377 332 627 562 8 0.0579 317 266 560 507 11 0.0578 305 404 576 641 8 0.0572 254 390 499 644 11 0.0570 493 0 757 199 0 0.0569 382 272 631 505 8 0.0568 382 333 620 564 6 0.0565 319 199 572 443 3 0.0563 375 394 630 636 0 0.0562 317 198 571 443 0 0.0562 238 142 504 380 10 0.0560 315 204 570 441 6 0.0560 318 326 574 569 5 0.0559 179 259 442 506 8 0.0558 178 259 439 509 8 0.0557 561 130 810 366 0 0.0557 350 414 713 593 6 0.0556 247 261 507 507 7 0.0555 388 269 630 505 10 0.0551 236 147 504 378 6 0.0550 510 89 768 329 7 0.0548 198 323 450 569 6 0.0547 241 140 506 380 7 0.0547 257 386 512 645 5 0.0545 374 326 626 560 3 0.0544 256 394 510 651 8 0.0544 500 0 750 204 8 0.0544 312 464 567 697 5 0.0542 303 394 572 640 13 0.0541 246 262 509 511 6 0.0537 506 5 762 202 0 0.0535 505 88 764 331 0 0.0534 317 325 570 566 3 0.0533 408 361 759 539 13 0.0533 323 328 575 570 13 0.0533 257 392 515 650 0 0.0531 244 262 506 508 10 0.0530 383 277 631 504 5 0.0530 501 77 758 330 13 0.0527 322 196 573 445 1 0.0524 314 258 565 507 2 0.0519 319 204 566 443 10 0.0519 243 264 502 505 13 0.0517 241 137 513 384 0 0.0517 406 481 756 662 7 0.0516 504 0 758 204 6 0.0513 385 273 632 504 2 0.0511 238 146 502 378 7 0.0511 567 129 822 366 6 0.0510 355 415 716 593 7 0.0509 378 391 635 628 6 0.0509 258 389 511 644 10 0.0509 318 329 572 565 10 0.0504 504 92 768 329 11 0.0503 501 89 764 326 13 0.0502 386 272 635 504
rOaBNAjD20kRzkEBRYKxN22whHea5NDc,11 0.0641 451 527 704 774 7 0.0635 460 466 710 716 11 0.0633 587 470 832 704 8 0.0614 453 528 701 777 5 0.0604 588 466 829 707 6 0.0602 454 528 709 777 5 0.0597 384 2 636 242 5 0.0595 449 524 702 774 0 0.0587 453 530 703 778 9 0.0582 448 531 706 775 0 0.0580 590 470 831 707 8 0.0579 86 0 428 155 6 0.0575 597 470 834 704 5 0.0567 254 12 509 253 2 0.0558 456 474 709 717 11 0.0555 246 72 513 311 3 0.0555 456 528 707 783 0 0.0552 500 403 757 640 6 0.0552 317 724 576 963 13 0.0548 455 529 710 776 0 0.0546 318 9 573 263 6 0.0543 89 0 443 154 2 0.0541 504 409 764 642 11 0.0540 637 281 893 518 7 0.0539 297 793 546 1023 13 0.0539 594 473 839 712 8 0.0538 394 62 631 306 10 0.0537 449 530 706 776 13 0.0537 262 13 521 260 0 0.0536 690 485 935 708 7 0.0534 596 467 831 710 11 0.0532 640 405 905 644 8 0.0532 321 8 564 259 8 0.0531 309 721 566 966 5 0.0530 76 0 430 156 11 0.0526 184 15 447 250 0 0.0525 79 0 440 160 11 0.0523 308 721 574 958 8 0.0520 592 468 824 705 5 0.0518 307 714 570 960 0 0.0516 252 72 508 319 8 0.0515 255 73 497 316 13 0.0515 506 402 768 642 6 0.0514 650 344 909 583 11 0.0514 510 72 767 296 13 0.0513 90 0 454 158 8 0.0513 503 402 754 639 4 0.0512 454 531 710 777 10 0.0512 258 18 508 254 6 0.0511 258 70 513 316
g4HocNAQeFFvznog0MfhNxZn5NB6jciY,8 0.0563 217 0 564 146 0 0.0556 185 328 444 558 5 0.0538 180 325 436 554 6 0.0529 187 327 448 559 11 0.0529 204 2 583 146 11 0.0517 183 333 446 555 7 0.0511 189 322 446 558 8 0.0508 186 325 434 555 0 0.0507 204 0 574 148
FL7vF4p9GNxlvIi1AGYAKEumkrPQNNop,11 0.0560 431 479 713 704 8 0.0552 629 98 887 322 0 0.0539 627 154 902 382 11 0.0526 186 718 454 952 7 0.0524 437 473 724 709 7 0.0522 241 574 493 818 11 0.0522 301 409 567 638 8 0.0521 426 342 682 570 11 0.0515 232 581 488 814 7 0.0514 424 340 701 573 8 0.0513 439 478 706 706 0 0.0508 188 711 454 956 11 0.0507 426 614 690 843 11 0.0502 682 155 950 383
7YuUCWvObWz9cN4DwqTUXbB5YKcpJPcV,3 0.0659 375 390 630 648 5 0.0651 307 398 562 639 7 0.0643 386 321 642 570 5 0.0635 435 380 693 637 11 0.0628 309 336 575 572 11 0.0624 776 464 1020 704 11 0.0623 572 396 821 645 11 0.0622 378 277 633 514 11 0.0622 442 338 703 579 8 0.0620 444 275 695 520 5 0.0620 569 387 815 647 8 0.0616 571 394 813 645 0 0.0614 446 277 701 524 11 0.0612 438 456 696 705 8 0.0612 316 331 570 572 11 0.0607 698 544 949 764 5 0.0606 306 668 555 903 7 0.0606 311 405 568 645 3 0.0605 448 336 701 584 0 0.0602 575 392 818 648 7 0.0602 443 387 697 642 11 0.0598 290 463 568 708 0 0.0598 314 330 576 574 6 0.0598 576 393 821 645 10 0.0596 640 410 879 644 13 0.0595 300 465 575 709 8 0.0594 438 386 693 643 5 0.0594 439 273 697 518 3 0.0591 383 270 631 519 13 0.0591 630 553 893 769 3 0.0589 578 393 819 652 5 0.0588 245 594 509 827 3 0.0586 444 454 700 712 6 0.0584 385 324 641 572 13 0.0583 387 273 640 513 8 0.0583 299 217 555 442 8 0.0581 291 464 559 712 13 0.0581 449 455 703 707 0 0.0580 776 460 1017 709 8 0.0580 240 276 480 499 8 0.0579 780 456 1008 702 8 0.0579 631 457 876 704 7 0.0577 643 406 881 648 10 0.0577 438 390 698 643 8 0.0576 506 459 760 710 6 0.0576 305 274 574 510 5 0.0576 364 596 635 830 10 0.0575 561 458 816 705 13 0.0574 320 333 579 572 11 0.0573 707 396 945 638 11 0.0572 298 217 569 443 6 0.0572 312 404 566 644 5 0.0567 433 514 696 767 5 0.0566 769 458 1015 704 6 0.0566 636 459 888 704 5 0.0563 302 268 567 505 7 0.0562 311 270 576 509 5 0.0561 702 392 938 636 2 0.0561 385 329 635 569 11 0.0561 363 520 636 767 0 0.0559 706 395 945 643 11 0.0553 239 280 494 500 0 0.0552 502 457 762 709 10 0.0551 310 408 571 645 10 0.0550 384 326 641 568 7 0.0550 780 457 1018 704 11 0.0547 567 543 811 781 6 0.0545 510 457 765 709 7 0.0543 566 457 818 707 13 0.0542 245 275 501 501 0 0.0542 291 463 569 707 13 0.0539 446 334 710 579 3 0.0539 574 546 808 793 3 0.0538 778 456 1015 712 0 0.0533 313 673 564 913 11 0.0533 250 602 512 834 0 0.0533 298 210 566 451 8 0.0532 252 599 506 843 9 0.0532 506 455 765 703
X4xE36XTFSNJtCvauAsbUwbrSsc8RWAW,14 1.0 0 0 1 1
AQfa28gns58xllDx9Kn5b2QwFmSGcWsR,5 0.0654 548 590 818 828 0 0.0624 638 562 904 786 8 0.0591 549 596 816 830 7 0.0591 560 538 829 782 11 0.0590 548 597 825 827 0 0.0590 551 596 823 832 6 0.0585 553 600 825 830 11 0.0582 189 723 437 953 10 0.0568 551 542 821 781 13 0.0565 555 596 833 829 8 0.0565 520 146 761 376 8 0.0565 641 562 900 784 11 0.0559 554 731 822 960 8 0.0553 192 721 430 956 3 0.0552 554 598 820 832 11 0.0549 181 609 430 833 7 0.0547 557 727 830 964 0 0.0540 551 721 824 966 11 0.0539 304 804 557 1021 5 0.0537 551 717 816 959 7 0.0533 307 799 564 1023 0 0.0533 180 602 435 839 0 0.0532 253 672 502 911 8 0.0526 183 605 427 834 7 0.0524 196 795 447 1023 8 0.0520 553 723 818 962 0 0.0514 193 797 444 1023 11 0.0514 175 266 441 502 6 0.0513 182 606 436 834 2 0.0512 554 601 822 830 7 0.0510 184 603 435 839 3 0.0508 199 798 443 1023 7 0.0507 253 673 506 908 9 0.0505 550 595 821 826 8 0.0504 249 806 492 1023 6 0.0503 187 256 448 510 1 0.0503 555 538 826 781 5 0.0503 250 668 494 906 8 0.0503 138 800 374 1022
SJaSY1er1hdQGn1ciH06hAx2BNOK5Bs3,11 0.0555 249 603 511 836 11 0.0538 305 272 570 503 11 0.0528 128 669 397 916 3 0.0528 183 592 447 834 10 0.0521 251 606 509 835 8 0.0516 177 647 440 908 6 0.0504 131 598 391 836
WzOE6UlFEeAD4NU2BqM4dvUkkPp23tzW,5 0.0602 357 783 616 1022 11 0.0602 431 780 683 1013 7 0.0596 438 776 689 1019 5 0.0582 358 138 635 387 8 0.0580 436 776 678 1016 5 0.0576 497 721 753 966 13 0.0567 368 144 642 390 11 0.0565 366 148 640 390 11 0.0564 595 531 964 721 7 0.0564 605 529 971 720 13 0.0564 371 790 625 1023 11 0.0553 664 727 938 953 10 0.0551 433 778 687 1016 8 0.0549 503 670 754 902 8 0.0542 362 145 633 392 11 0.0541 307 67 577 311 3 0.0541 368 146 639 396 0 0.0540 433 777 684 1018 0 0.0539 366 147 638 395 7 0.0529 369 145 644 392 5 0.0526 666 722 934 960 7 0.0526 507 724 762 967 3 0.0525 438 778 685 1021 6 0.0523 437 777 686 1017 0 0.0521 437 671 699 906 5 0.0514 594 522 959 718 11 0.0508 430 674 702 900 13 0.0508 445 726 702 966 8 0.0507 608 526 948 719 10 0.0506 366 152 644 392 6 0.0505 372 146 642 390 2 0.0502 437 782 685 1017 2 0.0502 503 732 759 967 0 0.0501 673 724 933 964
Z0XquxuPhfQMUTwL3L16hj4kCxP0bLuG,11 0.0593 247 455 505 693 3 0.0570 257 456 509 700 8 0.0566 195 505 433 749 2 0.0556 253 458 501 696 0 0.0549 251 459 509 693 8 0.0548 260 454 499 689 7 0.0533 255 453 511 695 6 0.0528 257 457 512 693 5 0.0527 171 636 439 871 5 0.0526 247 445 503 687 10 0.0521 255 456 507 695 13 0.0513 261 452 511 694 13 0.0500 194 510 447 753
BfdOz1GkmHe8m3CR9LBhgtaF2JcXHc93,11 0.0619 312 395 577 639 5 0.0616 188 396 435 636 8 0.0609 10 484 383 674 11 0.0598 11 552 389 728 13 0.0592 254 389 511 638 0 0.0591 254 326 507 574 5 0.0587 247 322 502 569 11 0.0587 244 327 508 567 0 0.0586 6 486 388 672 5 0.0585 313 388 574 635 11 0.0584 466 343 720 566 5 0.0582 430 458 696 706 5 0.0580 8 546 383 732 0 0.0574 324 206 597 450 0 0.0574 194 398 436 641 11 0.0572 245 452 500 690 6 0.0572 194 399 439 641 0 0.0567 464 342 717 568 8 0.0566 318 392 567 639 7 0.0566 194 397 439 638 8 0.0566 467 335 713 569 7 0.0562 460 393 722 628 11 0.0559 444 786 689 1004 11 0.0557 399 274 659 501 0 0.0556 317 395 578 639 3 0.0555 444 464 696 715 3 0.0554 21 549 385 738 0 0.0551 402 271 658 503 7 0.0551 20 547 390 733 11 0.0550 427 468 695 705 8 0.0548 255 325 497 574 8 0.0548 436 463 685 709 6 0.0543 319 394 579 637 5 0.0540 307 525 564 768 2 0.0538 252 394 501 634 8 0.0537 193 397 431 641 10 0.0536 189 402 435 639 8 0.0532 402 267 649 503 13 0.0528 16 549 394 735 6 0.0527 11 487 393 672 10 0.0527 464 344 718 566 13 0.0525 317 457 574 700 10 0.0522 5 489 389 669 2 0.0520 16 553 389 732 0 0.0517 437 469 696 710 8 0.0516 312 529 559 769 6 0.0515 457 395 720 629 3 0.0515 321 393 577 645 13 0.0513 261 266 517 508 10 0.0510 401 277 659 498 11 0.0510 255 194 529 446 13 0.0509 389 408 661 645 6 0.0509 255 325 510 571 3 0.0508 196 401 437 645 8 0.0507 326 205 586 451 11 0.0506 306 531 567 767 8 0.0505 386 0 628 228 11 0.0504 295 668 556 893 7 0.0504 253 326 506 572 3 0.0503 255 328 505 578 5 0.0503 392 272 657 494 6 0.0503 312 529 569 770 3 0.0501 453 785 687 1015 7 0.0500 315 527 567 772
4h4Ij7LzYqe1A0BisbSrQmK5nucgc3qF,5 0.0650 177 334 421 571 8 0.0637 308 470 569 694 11 0.0631 294 662 564 904 11 0.0613 236 521 500 752 6 0.0612 301 655 573 909 11 0.0611 482 530 753 767 5 0.0602 291 572 562 830 13 0.0600 250 344 505 576 5 0.0600 239 460 511 689 7 0.0599 358 678 650 920 7 0.0593 241 514 504 757 11 0.0590 243 349 501 574 3 0.0590 246 345 496 579 11 0.0586 296 473 575 691 8 0.0585 193 571 442 829 8 0.0582 297 580 560 828 8 0.0581 248 345 494 576 13 0.0580 236 517 508 756 0 0.0580 252 568 514 824 0 0.0579 175 274 423 508 6 0.0579 255 571 517 820 13 0.0574 306 471 581 696 0 0.0565 306 468 573 696 7 0.0564 182 338 428 575 0 0.0564 491 529 749 773 13 0.0563 178 275 431 510 5 0.0562 483 518 748 770 8 0.0561 490 526 743 767 3 0.0560 254 574 513 826 0 0.0558 247 343 500 578 13 0.0557 297 581 573 829 5 0.0557 348 669 640 914 11 0.0554 170 277 424 505 3 0.0553 244 463 511 697 6 0.0551 304 475 574 693 6 0.0551 490 528 752 771 10 0.0546 238 520 507 753 7 0.0545 298 574 567 832 6 0.0539 177 276 427 508 0 0.0539 300 657 572 910 6 0.0536 248 347 502 574 8 0.0535 173 273 416 507 3 0.0529 493 528 750 776 7 0.0526 492 527 758 771 13 0.0525 489 529 758 771 9 0.0524 236 517 503 749 6 0.0524 183 511 444 766 3 0.0523 300 660 567 911 10 0.0523 295 584 568 828 5 0.0522 167 200 423 431 10 0.0521 248 350 503 574 10 0.0520 489 528 751 770 2 0.0519 241 521 503 751 9 0.0518 292 579 564 824 0 0.0515 181 512 439 768 3 0.0514 172 278 419 513 2 0.0514 549 539 805 771 2 0.0513 182 343 422 574 1 0.0511 294 572 565 828 12 0.0509 296 577 569 831 11 0.0509 554 606 812 817 8 0.0505 356 681 632 916 11 0.0504 625 478 887 697 3 0.0503 184 512 434 772 1 0.0502 301 465 572 692 5 0.0502 553 596 807 819
AySNoqacB3QtEHyZqP2U020XTkHHgiRZ,7 0.0619 191 793 428 1022 0 0.0603 253 716 492 964 5 0.0601 185 789 420 1019 11 0.0599 186 794 424 1019 8 0.0597 191 789 419 1021 7 0.0596 254 716 496 962 8 0.0576 248 656 492 898 11 0.0568 249 721 495 958 13 0.0561 193 794 429 1023 11 0.0559 554 740 809 966 5 0.0558 248 715 487 959 0 0.0552 614 758 883 974 10 0.0552 185 799 424 1021 0 0.0550 188 794 423 1023 6 0.0526 249 662 503 897 10 0.0523 242 668 498 894 0 0.0518 563 683 813 908 7 0.0518 558 736 809 967 13 0.0516 254 720 503 964 6 0.0510 556 743 809 970 8 0.0501 550 735 796 967 3 0.0500 252 658 498 899
jdtp5xRmwyyhO7pd8Fdh8JjaQr3jpHsC,0 0.0665 627 473 888 707 8 0.0646 449 462 702 701 5 0.0642 631 403 888 644 0 0.0640 446 465 707 704 8 0.0634 630 471 883 706 5 0.0631 558 458 818 696 5 0.0626 573 330 821 565 0 0.0622 577 332 824 567 11 0.0620 565 464 819 697 11 0.0610 634 407 890 642 8 0.0610 377 535 627 759 8 0.0600 320 406 566 648 2 0.0594 567 467 822 699 3 0.0593 579 335 824 572 8 0.0591 578 330 820 568 7 0.0591 458 402 711 644 7 0.0590 443 522 707 759 6 0.0589 631 469 892 705 13 0.0587 567 462 826 695 3 0.0587 444 207 692 444 7 0.0585 634 404 891 646 11 0.0585 331 554 676 740 11 0.0584 574 333 829 565 3 0.0582 630 472 889 712 8 0.0579 190 455 418 704 6 0.0579 642 336 898 573 11 0.0579 443 465 707 703 5 0.0578 443 397 703 642 7 0.0577 568 460 822 700 10 0.0577 623 477 888 705 2 0.0574 578 336 826 568 5 0.0574 434 516 696 760 5 0.0573 504 269 755 507 13 0.0573 636 409 898 644 11 0.0572 66 423 324 647 0 0.0571 318 407 575 652 11 0.0571 305 148 586 380 0 0.0571 376 534 631 766 2 0.0571 448 467 707 702 6 0.0571 388 474 645 701 8 0.0567 372 147 631 381 0 0.0567 506 276 761 507 7 0.0566 578 329 825 569 3 0.0566 448 522 702 762 13 0.0565 578 333 829 570 10 0.0565 447 403 707 642 13 0.0565 325 550 687 742 3 0.0565 458 401 710 645 7 0.0560 314 143 584 378 13 0.0560 454 401 711 643 10 0.0553 435 526 702 761 6 0.0551 319 211 577 455 11 0.0550 312 408 578 649 10 0.0548 436 275 700 502 5 0.0548 301 270 573 514 11 0.0548 186 459 427 704 12 0.0548 567 464 824 700 6 0.0547 319 405 576 649 13 0.0546 379 214 643 449 6 0.0546 441 207 696 437 6 0.0546 245 337 507 583 5 0.0544 365 137 641 378 5 0.0544 310 403 572 650 11 0.0541 363 60 636 292 11 0.0540 236 342 506 581 6 0.0540 453 398 711 643 8 0.0540 436 208 686 438 13 0.0539 236 466 499 704 11 0.0538 428 149 698 387 11 0.0538 299 278 575 513 11 0.0537 504 275 767 506 13 0.0537 313 274 580 519 9 0.0534 624 470 886 702 11 0.0534 365 217 640 446 10 0.0534 634 343 891 572 8 0.0531 244 338 495 584 3 0.0530 513 275 761 515 5 0.0530 237 336 501 580 0 0.0530 251 272 509 513 13 0.0529 507 202 763 439 8 0.0529 507 272 757 507 6 0.0528 243 468 494 703 13 0.0528 319 407 581 653 0 0.0526 190 456 425 704 8 0.0525 427 67 666 302
rhcEMzlASHpfN3Wc2JaVMpfjDgwhYBu1,8 0.0607 325 2 569 205 11 0.0593 317 1 578 204 3 0.0567 332 0 574 211 5 0.0557 180 5 434 248 11 0.0555 309 333 571 569 5 0.0553 317 0 573 200 0 0.0546 450 472 706 700 7 0.0544 320 450 575 683 0 0.0536 320 449 567 687 5 0.0535 308 329 566 569 11 0.0534 446 476 710 694 10 0.0531 313 333 568 573 11 0.0523 313 452 568 683 8 0.0519 317 334 560 571 0 0.0519 311 331 569 573 7 0.0516 457 467 712 694 10 0.0514 255 445 506 683 7 0.0512 318 332 573 573 3 0.0510 314 336 567 577 0 0.0509 320 1 577 204 13 0.0506 327 0 585 205 6 0.0506 332 0 583 206 8 0.0502 455 476 699 697 2 0.0501 326 4 576 204
9VKFutik6ztUVOvCJOWyKmsk3OonFFTn,11 0.0618 309 741 564 966 8 0.0587 381 798 615 1023 8 0.0580 575 330 826 567 11 0.0575 377 797 626 1022 8 0.0568 315 742 552 968 11 0.0568 463 346 828 526 0 0.0562 573 330 827 573 7 0.0551 248 388 511 620 7 0.0545 316 742 569 969 0 0.0544 311 742 565 974 5 0.0544 566 329 829 569 8 0.0542 392 334 636 564 7 0.0541 395 336 649 565 8 0.0534 473 283 836 466 13 0.0531 471 419 839 594 0 0.0523 390 336 650 566 7 0.0522 469 347 843 528 7 0.0519 258 529 520 750 7 0.0517 381 795 632 1023 13 0.0514 386 800 632 1023 10 0.0512 457 419 830 594 6 0.0509 572 332 835 572 11 0.0509 391 337 644 562 0 0.0501 241 328 504 564 5 0.0500 313 797 566 1018
us2LqNJTbINc636F75vK8sECOwaMuUre,11 0.0536 300 460 568 692 8 0.0513 307 458 560 692 8 0.0513 12 85 256 313 11 0.0508 355 789 625 1012 0 0.0503 305 711 572 955 0 0.0500 6 87 264 313
tOV2ni5RlKf3x6GbvQ14HNm87Qr8KZOO,11 0.0629 436 528 691 767 0 0.0629 381 528 631 767 0 0.0628 435 599 689 834 11 0.0621 495 603 760 841 0 0.0620 454 398 698 648 11 0.0619 450 398 697 643 8 0.0611 426 670 689 902 11 0.0610 243 594 502 831 7 0.0606 503 400 748 642 3 0.0604 430 670 693 905 5 0.0604 320 525 576 766 11 0.0603 50 684 409 858 11 0.0601 424 674 695 901 11 0.0595 321 530 582 767 8 0.0594 324 529 576 771 5 0.0593 243 588 498 832 3 0.0593 383 528 631 768 8 0.0593 246 591 500 836 6 0.0587 325 527 583 768 8 0.0586 452 398 692 646 5 0.0586 383 397 640 643 8 0.0580 440 526 686 770 5 0.0580 495 601 754 840 7 0.0578 393 465 641 711 11 0.0577 314 213 588 427 7 0.0576 437 598 693 834 8 0.0575 502 602 752 841 6 0.0573 434 599 691 833 13 0.0573 393 334 654 584 7 0.0572 324 528 582 771 6 0.0572 250 590 502 835 0 0.0570 244 593 504 835 5 0.0570 420 670 691 900 6 0.0570 455 400 704 645 10 0.0568 449 402 699 643 0 0.0567 60 679 409 862 13 0.0567 251 593 509 837 11 0.0566 558 540 820 773 6 0.0563 391 463 642 710 7 0.0561 394 332 654 585 5 0.0561 435 524 686 767 7 0.0558 252 593 508 833 10 0.0557 432 602 687 831 10 0.0554 387 464 637 706 13 0.0553 392 465 644 710 3 0.0553 493 468 736 716 3 0.0552 251 591 503 836 3 0.0551 502 602 758 844 12 0.0550 427 670 699 905 10 0.0549 243 592 502 832 6 0.0545 61 686 416 859 10 0.0543 321 529 577 769 3 0.0542 394 399 646 652 13 0.0541 327 530 585 773 2 0.0537 324 533 580 774 7 0.0536 61 683 424 857 8 0.0534 461 264 713 517 0 0.0534 80 413 310 640 0 0.0532 463 269 717 518 2 0.0531 427 674 697 902 8 0.0531 574 687 820 908 10 0.0528 562 545 822 774 11 0.0527 462 268 720 510 2 0.0524 439 530 693 766 5 0.0522 452 334 713 584 12 0.0521 381 527 631 767 12 0.0521 500 602 763 844 7 0.0519 559 472 807 717 11 0.0517 567 689 834 903 2 0.0517 389 404 645 646 0 0.0512 564 544 819 775 8 0.0510 562 543 810 775 5 0.0510 566 686 829 901 12 0.0509 492 469 741 717 0 0.0508 316 210 584 430 13 0.0508 326 266 598 517 2 0.0505 248 597 501 835 5 0.0503 118 678 470 856
RuBM4M0b6J1nllcaXhDur84vs9vE4uBv,11 0.0663 434 277 692 508 5 0.0640 371 268 631 506 5 0.0640 309 329 567 571 8 0.0623 328 295 694 476 11 0.0621 377 195 629 437 3 0.0618 447 328 700 578 5 0.0617 233 513 499 762 11 0.0613 307 403 574 640 6 0.0612 382 193 628 439 5 0.0608 233 388 498 634 5 0.0608 393 354 769 532 8 0.0607 380 192 624 436 6 0.0606 439 277 690 508 0 0.0606 438 276 690 509 11 0.0604 470 360 854 533 3 0.0601 378 269 632 512 11 0.0597 438 400 699 645 5 0.0594 338 527 627 763 10 0.0593 377 273 633 508 5 0.0590 367 396 627 646 8 0.0589 376 399 624 647 13 0.0588 449 398 705 650 3 0.0588 377 398 633 652 3 0.0586 446 209 692 450 11 0.0585 570 405 827 639 3 0.0585 579 463 826 707 6 0.0584 312 399 575 643 7 0.0583 447 328 704 575 13 0.0583 380 273 638 510 0 0.0581 375 399 633 649 0 0.0581 377 190 628 437 11 0.0580 251 657 512 904 5 0.0578 248 649 510 906 5 0.0578 568 399 823 641 3 0.0577 240 518 499 769 5 0.0575 313 186 568 430 10 0.0573 440 211 694 446 7 0.0573 313 398 573 646 10 0.0572 445 331 700 573 10 0.0572 255 589 515 831 0 0.0570 572 402 826 643 6 0.0570 261 583 518 832 8 0.0569 318 332 562 572 5 0.0566 438 205 691 443 13 0.0565 406 356 782 536 0 0.0564 238 440 502 695 0 0.0563 257 578 514 835 0 0.0563 315 332 572 576 7 0.0562 447 209 697 446 13 0.0562 578 466 833 704 6 0.0560 576 403 828 640 13 0.0560 244 396 505 641 6 0.0559 445 394 700 644 13 0.0557 304 460 569 705 3 0.0556 315 333 569 580 13 0.0555 444 208 698 444 10 0.0555 376 404 635 646 8 0.0548 571 404 819 641 10 0.0547 236 445 503 691 3 0.0547 353 531 630 768 2 0.0537 440 279 689 507 13 0.0537 258 582 519 834 13 0.0537 351 536 635 767 3 0.0536 240 395 500 645 7 0.0534 261 583 515 835 8 0.0533 302 459 554 700 13 0.0532 321 333 574 579 9 0.0532 372 271 632 504 12 0.0532 442 275 694 509 10 0.0531 316 198 570 432 10 0.0531 569 407 824 640 2 0.0530 381 194 623 435 2 0.0528 579 469 829 699 3 0.0528 261 655 513 914 7 0.0528 574 404 829 645 8 0.0527 241 519 491 762 8 0.0527 238 394 492 635 8 0.0525 350 532 618 764
Uk8qChO0XAsBiJOme8v4TmvFH4TLcAtx,0 0.0579 314 727 570 974 7 0.0576 313 728 573 969 5 0.0569 307 724 564 965 11 0.0553 309 732 571 964 10 0.0545 307 731 569 964 13 0.0529 316 730 572 974 6 0.0529 314 727 570 968 8 0.0526 316 728 562 967 3 0.0517 311 668 573 906 0 0.0513 379 597 646 830 11 0.0509 315 600 585 828
9QzUc03ZovKSRGaYLw29ye2kmUGflBYU,7 0.0647 195 800 444 1023 5 0.0620 187 799 437 1021 7 0.0608 135 727 384 971 11 0.0604 197 731 440 968 8 0.0602 196 800 435 1023 11 0.0575 251 807 499 1021 11 0.0566 127 661 384 896 6 0.0565 196 804 444 1023 7 0.0560 262 726 504 968 11 0.0555 312 723 562 953 7 0.0553 201 665 449 900 13 0.0544 199 803 447 1023 0 0.0539 194 803 439 1023 0 0.0536 699 788 947 1023 0 0.0536 259 726 505 970 5 0.0533 124 722 375 968 8 0.0531 128 729 376 972 10 0.0530 194 805 442 1022 11 0.0523 410 670 671 891 0 0.0520 129 729 382 971 8 0.0517 706 784 944 1023 3 0.0515 198 802 441 1023 11 0.0515 704 785 950 1016 8 0.0514 259 731 499 966 7 0.0513 422 666 677 886 7 0.0513 704 785 948 1017 8 0.0508 415 671 661 890 0 0.0506 194 670 446 906 6 0.0502 134 730 386 971 5 0.0502 697 782 942 1022 1 0.0501 190 795 441 1023
FiRXKUU3LHHizMSlTE2DSOa7mfohndYF,5 0.0707 503 203 760 447 5 0.0685 627 521 893 756 11 0.0669 635 459 888 699 5 0.0665 493 514 748 767 7 0.0659 638 461 886 701 5 0.0659 384 325 639 575 5 0.0657 436 128 683 377 8 0.0655 281 229 626 413 11 0.0652 496 455 751 704 6 0.0650 320 262 575 508 8 0.0647 443 210 687 447 7 0.0647 446 207 694 449 11 0.0646 313 384 567 635 6 0.0644 446 211 694 445 5 0.0643 315 255 569 504 7 0.0642 387 386 646 639 5 0.0641 311 378 565 636 11 0.0639 384 271 635 511 7 0.0639 576 197 837 443 7 0.0633 503 450 751 708 8 0.0632 444 324 693 576 5 0.0632 155 437 422 686 3 0.0631 643 461 883 706 7 0.0630 500 133 753 378 0 0.0628 443 325 698 576 11 0.0627 498 134 749 375 5 0.0626 373 445 628 695 0 0.0624 506 387 759 645 8 0.0623 246 379 496 635 5 0.0623 565 125 819 373 3 0.0621 511 389 756 651 6 0.0621 577 202 839 442 3 0.0620 446 325 697 581 13 0.0620 448 509 702 767 6 0.0620 321 145 576 383 13 0.0618 380 449 639 696 11 0.0617 569 200 838 439 8 0.0616 500 448 742 705 7 0.0616 327 323 585 572 8 0.0615 499 139 745 376 0 0.0614 444 209 692 448 3 0.0613 499 139 750 383 11 0.0612 442 210 689 445 7 0.0608 318 439 576 697 8 0.0608 570 74 804 312 11 0.0607 375 452 631 694 3 0.0606 325 327 580 576 9 0.0605 443 211 691 441 8 0.0604 640 461 878 699 10 0.0604 447 391 698 645 7 0.0602 195 197 453 440 7 0.0602 242 375 507 635 0 0.0602 500 136 748 376 13 0.0601 450 386 704 642 6 0.0600 503 139 752 376 7 0.0598 384 143 639 385 3 0.0598 445 214 691 452 7 0.0597 448 63 699 309 10 0.0597 440 69 696 309 11 0.0597 378 143 631 385 13 0.0596 247 446 499 696 6 0.0594 444 326 698 576 3 0.0591 574 202 836 448 8 0.0591 575 204 830 442 2 0.0587 500 140 749 376 9 0.0585 384 270 636 507 0 0.0584 323 325 581 572 1 0.0584 446 384 697 644 11 0.0582 443 67 694 307 10 0.0581 313 387 569 642 0 0.0580 575 201 835 445 5 0.0579 314 137 573 381 6 0.0578 247 379 506 635 13 0.0578 643 533 902 761
5Vce52Bfv9JsIIBwhVdK9mIsjbnTib2V,8 0.0567 20 792 246 1023 0 0.0564 16 803 252 1023 8 0.0541 114 803 352 1022 11 0.0533 18 801 255 1022 0 0.0530 299 514 556 761 11 0.0507 367 586 627 816 8 0.0505 301 515 543 751
Lau7pCHByk7xoz8rM626iVfEAIkQOp9W,11 0.0637 507 539 745 768 0 0.0595 505 541 746 772 11 0.0589 446 342 702 579 5 0.0582 302 254 579 495 8 0.0581 445 338 695 585 11 0.0581 299 793 553 1020 11 0.0579 243 149 510 377 8 0.0571 249 219 501 449 8 0.0568 499 271 757 520 7 0.0565 241 789 502 1014 0 0.0561 241 275 511 514 8 0.0558 509 536 741 772 5 0.0553 307 133 573 361 11 0.0550 311 202 591 421 5 0.0549 437 336 693 581 11 0.0548 511 143 778 373 6 0.0547 512 544 750 774 8 0.0547 578 217 844 455 11 0.0546 241 274 516 506 7 0.0545 450 336 703 584 7 0.0542 512 536 749 774 11 0.0539 580 216 857 452 7 0.0539 248 271 510 514 13 0.0538 510 542 754 775 0 0.0532 244 154 500 381 0 0.0530 445 342 701 584 5 0.0529 504 537 739 773 3 0.0522 448 342 702 591 3 0.0520 250 148 503 390 7 0.0520 379 248 645 498 13 0.0519 70 404 344 642 0 0.0518 373 254 645 495 11 0.0518 229 732 497 957 13 0.0518 449 338 711 580 6 0.0516 443 346 709 584 0 0.0516 236 790 499 1020 7 0.0514 507 270 765 520 13 0.0512 245 273 518 514 13 0.0510 583 219 862 455 3 0.0510 245 275 510 519 8 0.0507 191 140 440 389 10 0.0506 504 544 743 774 2 0.0505 448 352 702 582 8 0.0501 512 145 767 378 2 0.0500 511 545 748 777 6 0.0500 320 144 583 361
sIdJfq17xhzK9UC6XCgPSuQFJfTUaFmm,11 0.0660 303 387 569 615 7 0.0638 177 675 430 902 7 0.0628 311 380 568 616 8 0.0616 177 674 420 899 3 0.0598 311 448 567 687 0 0.0596 706 556 963 782 0 0.0594 178 669 428 907 0 0.0593 308 443 564 686 7 0.0591 245 731 501 970 8 0.0589 186 793 425 1022 11 0.0589 238 733 496 964 0 0.0581 185 791 435 1023 11 0.0575 181 795 432 1021 5 0.0571 181 793 429 1018 8 0.0570 309 382 564 617 8 0.0568 171 540 418 773 13 0.0566 190 796 439 1023 5 0.0565 240 727 494 964 11 0.0564 172 676 428 898 11 0.0563 299 518 566 746 13 0.0560 310 385 571 618 11 0.0559 170 544 424 772 7 0.0556 303 514 567 746 5 0.0555 295 583 563 816 5 0.0555 172 672 424 896 0 0.0554 173 538 427 778 8 0.0551 318 225 573 450 5 0.0546 302 380 565 615 13 0.0546 180 676 434 901 0 0.0542 244 725 498 970 7 0.0541 175 536 431 777 3 0.0538 323 224 581 456 8 0.0533 243 728 490 965 8 0.0531 302 517 556 745 5 0.0530 167 537 426 769 3 0.0528 180 677 429 906 13 0.0528 247 729 504 972 6 0.0526 186 794 434 1023 6 0.0526 307 385 573 619 6 0.0523 174 678 432 898 0 0.0521 300 586 567 817 11 0.0516 314 226 579 450 0 0.0516 318 222 580 454 10 0.0515 310 386 569 615 3 0.0512 244 730 498 973 7 0.0512 321 222 584 450 10 0.0511 183 800 429 1023 3 0.0510 299 591 568 822 1 0.0510 304 377 566 616 6 0.0510 171 548 430 773 6 0.0506 318 225 582 449 3 0.0505 176 541 428 780 5 0.0505 314 220 579 447
qEacW6LcsbjGDVpluiYRPzjZOahDyYaa,0 0.0508 326 578 582 823
RUrJOI9Aiaq6M2y66rqGEfKMTSnk1Gyr,7 0.0518 454 598 708 825
yvK9WFGRwBnASgCcLjIb3h6dWqyCjCKz,11 0.0619 502 786 753 1018 13 0.0616 507 786 759 1022 7 0.0608 505 785 758 1023 5 0.0596 564 732 818 970 11 0.0586 9 533 260 759 0 0.0585 561 790 816 1023 8 0.0576 565 788 810 1023 11 0.0571 398 662 757 849 5 0.0562 497 664 767 902 6 0.0560 502 739 763 969 2 0.0553 504 787 758 1021 0 0.0545 401 662 757 852 0 0.0544 11 533 254 763 0 0.0538 424 796 685 1023 0 0.0538 377 333 626 576 8 0.0537 12 525 250 761 8 0.0534 426 791 678 1023 7 0.0533 508 672 775 903 6 0.0533 407 664 766 848 11 0.0531 376 336 631 572 5 0.0529 631 796 880 1019 11 0.0529 636 802 886 1017 6 0.0525 430 794 688 1022 13 0.0524 405 660 768 850 3 0.0524 430 796 687 1023 8 0.0524 386 394 620 642 10 0.0519 561 794 819 1023 5 0.0519 422 731 694 966 0 0.0518 386 453 632 707 8 0.0517 403 662 753 850 0 0.0517 642 733 890 959 10 0.0515 422 799 685 1023 7 0.0515 15 529 260 764 3 0.0514 564 791 815 1023 6 0.0514 15 526 261 760 3 0.0509 403 663 760 853 8 0.0506 170 800 412 1023 13 0.0501 391 456 641 706 11 0.0500 384 451 636 703
Y8wrkqwvAUKVEDMjjrpGfq8RAKywkPQo,11 0.0649 378 333 634 564 11 0.0618 445 278 692 497 3 0.0607 384 329 631 569 0 0.0601 504 293 749 521 11 0.0600 308 401 574 627 0 0.0599 377 257 630 495 3 0.0589 317 269 569 512 5 0.0585 442 343 696 578 5 0.0584 312 329 574 565 11 0.0584 315 270 574 503 0 0.0581 316 328 580 568 7 0.0579 385 330 632 569 10 0.0573 380 334 630 565 8 0.0573 377 259 626 496 8 0.0570 317 331 570 567 3 0.0563 450 274 690 508 13 0.0560 316 462 585 700 5 0.0558 315 210 563 450 11 0.0557 430 466 703 699 8 0.0555 446 347 693 581 11 0.0555 243 334 507 571 7 0.0552 259 260 505 506 6 0.0552 450 349 706 577 6 0.0548 380 259 633 494 10 0.0547 317 215 566 447 13 0.0546 321 330 582 569 0 0.0543 252 263 502 507 7 0.0543 328 210 569 449 6 0.0542 320 332 578 566 7 0.0538 452 275 690 505 11 0.0535 377 205 630 434 3 0.0533 380 207 628 444 0 0.0529 379 151 627 373 2 0.0529 447 283 689 501 8 0.0529 254 265 494 507 0 0.0526 338 415 706 601 10 0.0524 312 401 567 629 3 0.0521 311 461 575 701 13 0.0520 320 150 577 389 13 0.0520 377 257 635 494 0 0.0519 642 0 903 202 2 0.0516 320 337 573 565 3 0.0515 247 332 502 577 13 0.0512 438 19 695 244 10 0.0509 250 268 500 509 0 0.0506 567 241 824 464 6 0.0506 386 152 634 373 11 0.0504 565 244 827 459 11 0.0504 434 25 687 239 3 0.0501 249 199 501 445 8 0.0501 290 485 617 655
5X9W3WY7qeiuPu0UNn1rxPbOcLAPVlgk,11 0.0584 223 606 593 786 8 0.0559 580 392 807 645 8 0.0534 440 466 690 714 11 0.0531 261 122 518 364 8 0.0531 345 407 701 593 11 0.0530 580 342 824 577 8 0.0527 520 340 749 582 11 0.0520 336 405 713 595 3 0.0516 584 394 813 652 0 0.0514 0 155 250 381 11 0.0510 295 3 572 190 0 0.0508 582 344 826 582 11 0.0504 437 470 701 717 13 0.0502 6 153 257 378
1jh7Y434jihEtHO4Pf4blDnWu77NsGv5,11 0.0570 570 456 816 697 8 0.0558 571 456 814 700 0 0.0557 429 671 707 911 0 0.0552 572 457 817 700 7 0.0548 437 671 705 906 5 0.0544 431 670 699 906 10 0.0537 568 458 819 698 7 0.0532 575 452 823 701 0 0.0525 629 588 898 828 5 0.0525 567 452 814 698 3 0.0520 439 675 700 912 13 0.0519 572 456 825 702 11 0.0515 432 676 702 902 8 0.0511 632 585 893 830 11 0.0509 634 587 902 827 3 0.0502 576 455 817 707
TEk9hgZbGxWj2sXOg3uHPpQ8ARepd6g4,7 0.0591 134 787 375 1013 8 0.0586 136 789 366 1013 5 0.0568 127 784 367 1011 11 0.0567 130 792 372 1010 6 0.0563 135 790 376 1010 0 0.0555 260 263 502 510 11 0.0548 251 460 493 707 5 0.0545 250 448 492 704 11 0.0543 307 394 573 633 5 0.0540 308 262 576 510 0 0.0539 250 0 500 201 11 0.0538 244 799 487 1010 13 0.0536 312 396 576 642 0 0.0534 253 455 495 709 11 0.0533 305 1 577 203 0 0.0533 317 324 567 569 13 0.0532 320 272 588 519 8 0.0528 318 324 561 565 10 0.0526 130 793 367 1009 13 0.0524 385 350 654 588 3 0.0524 429 0 703 203 3 0.0524 255 457 491 712 11 0.0523 311 274 584 510 6 0.0522 318 273 586 515 3 0.0522 318 323 571 570 11 0.0521 323 142 582 401 13 0.0521 307 0 578 204 10 0.0521 253 396 496 628 8 0.0520 310 0 562 202 8 0.0518 379 397 635 637 5 0.0518 243 323 490 552 13 0.0518 258 460 501 712 8 0.0517 255 457 488 706 6 0.0517 255 460 498 710 10 0.0517 314 333 570 563 7 0.0516 255 453 500 708 3 0.0514 309 0 575 209 7 0.0514 312 391 576 637 7 0.0513 247 793 493 1012 5 0.0506 303 386 569 635 7 0.0506 320 264 586 515 6 0.0503 270 199 514 451 11 0.0502 415 0 708 196 8 0.0501 11 783 242 1010
kdlnkSTJC6VQAxi8MBsGRHS1nRGI1HzU,5 0.0612 304 269 547 500 11 0.0591 385 204 631 433 0 0.0578 377 274 615 510 8 0.0577 312 277 543 503 0 0.0567 317 141 564 374 3 0.0560 389 196 633 443 6 0.0558 241 589 503 832 0 0.0554 246 402 500 632 6 0.0536 313 276 552 504 13 0.0533 318 277 558 508 11 0.0530 819 536 1023 780 6 0.0529 251 405 505 630 3 0.0528 315 275 548 510 5 0.0525 382 192 622 434 0 0.0524 248 264 492 494 11 0.0523 316 141 568 369 8 0.0518 319 137 559 372 5 0.0518 816 527 1022 779 5 0.0517 233 583 500 828 0 0.0514 825 529 1021 786 11 0.0514 247 406 504 631 8 0.0513 247 405 491 624 8 0.0512 241 588 493 834 0 0.0510 427 348 681 580 11 0.0510 242 268 495 491 13 0.0509 244 588 506 837 11 0.0508 235 593 500 834 10 0.0504 389 142 636 372 13 0.0503 827 531 1023 785 6 0.0502 389 199 629 439 5 0.0501 356 330 614 573
4ogjdxD6fBXgp6ZshSAYn4K7erPtpKlr,8 0.0566 306 332 555 566 11 0.0563 245 460 497 706 0 0.0562 506 335 750 566 0 0.0561 181 468 432 712 8 0.0556 192 527 427 779 8 0.0553 247 460 490 703 0 0.0551 638 334 891 566 6 0.0550 325 0 587 198 0 0.0546 240 387 496 640 11 0.0544 190 530 436 776 8 0.0542 385 268 619 499 7 0.0540 244 387 498 637 11 0.0537 114 600 376 832 5 0.0536 240 453 495 704 8 0.0535 321 524 560 772 7 0.0531 183 461 438 709 3 0.0531 326 0 583 203 11 0.0528 297 396 566 640 0 0.0524 244 261 503 509 0 0.0519 386 269 628 505 13 0.0518 244 320 506 578 11 0.0514 379 331 637 569 5 0.0513 631 326 888 562 0 0.0510 188 594 446 849 11 0.0509 633 335 896 560 11 0.0509 317 4 577 196 7 0.0509 512 330 758 564 11 0.0508 167 736 443 963 3 0.0505 240 393 492 647 10 0.0504 176 479 432 706 11 0.0502 235 324 501 570 6 0.0502 240 388 497 637 5 0.0502 314 0 579 195 8 0.0502 246 261 491 504
qaVE8YgSHbKZPtnowU7drDggwl96DbTz,11 0.0538 281 541 648 719 0 0.0519 295 543 652 726 8 0.0510 292 541 639 720 8 0.0509 758 82 990 309
ntNRByg7JxJD6qz3m5LlDKcW08kImBQu,11 0.0587 309 204 572 438 0 0.0584 373 194 636 439 6 0.0553 321 146 576 379 0 0.0550 314 321 557 557 7 0.0549 458 651 716 880 11 0.0544 507 148 760 374 5 0.0540 450 643 705 877 5 0.0539 571 205 824 445 11 0.0532 376 130 644 371 5 0.0531 314 193 563 441 8 0.0526 318 202 561 443 11 0.0523 369 326 633 566 8 0.0520 506 141 755 373 10 0.0519 377 198 635 436 3 0.0515 380 197 637 442 13 0.0510 377 192 644 442 0 0.0509 456 651 708 882 11 0.0508 442 525 693 763 6 0.0508 512 149 767 372 5 0.0504 502 136 760 373 11 0.0504 573 217 825 444 13 0.0500 256 220 512 451
QAptb6FN7vRvCLAADeecIiKNSCg3Hdtk,5 0.0573 23 402 274 644 0 0.0570 258 269 513 502 7 0.0558 333 600 612 823 0 0.0557 326 341 594 577 0 0.0547 134 271 384 509 5 0.0546 766 393 1014 627 11 0.0543 325 275 589 501 7 0.0531 328 270 589 503 5 0.0530 124 266 377 505 5 0.0529 261 386 522 634 6 0.0528 68 282 331 503 6 0.0528 34 359 287 589 0 0.0527 347 464 612 701 11 0.0526 326 602 602 820 3 0.0525 270 390 528 643 8 0.0517 25 407 269 645 0 0.0514 31 405 275 650 13 0.0511 272 392 533 640 7 0.0509 35 408 281 647 7 0.0509 260 330 514 567 7 0.0508 337 405 609 649 11 0.0507 331 407 607 648 11 0.0505 687 469 947 700 11 0.0503 255 334 513 563 13 0.0502 330 276 596 507 8 0.0501 262 271 500 500
e5Mgz7WbipG4iHrU9iUJ1xcNq71pyoCb,6 0.0522 641 607 892 832 5 0.0506 631 516 871 748 13 0.0501 640 610 893 827
aKh7M8PxZdUSMIj2GNpVh5ia9BymgsDV,13 0.0594 517 523 762 763 11 0.0586 513 459 766 695 10 0.0580 274 359 639 548 0 0.0579 510 457 769 696 5 0.0577 506 450 765 694 7 0.0567 509 582 754 822 8 0.0566 514 455 761 693 7 0.0565 513 454 771 695 0 0.0560 515 281 765 504 5 0.0557 634 516 886 759 5 0.0549 352 412 713 600 5 0.0546 500 581 747 821 3 0.0545 516 456 769 704 13 0.0539 430 480 793 666 6 0.0537 364 414 715 601 0 0.0534 445 529 704 758 11 0.0532 448 391 711 637 0 0.0531 0 482 262 712 0 0.0529 321 469 570 709 6 0.0527 514 525 765 763 8 0.0526 565 530 810 771 0 0.0526 646 459 894 702 10 0.0526 644 465 890 697 6 0.0524 318 333 569 581 2 0.0524 515 463 767 693 13 0.0523 391 335 645 576 5 0.0522 0 478 257 710 0 0.0521 443 214 695 446 7 0.0520 287 354 647 547 5 0.0519 255 289 613 484 0 0.0517 502 153 760 379 13 0.0517 455 592 705 816 6 0.0516 425 482 792 666 10 0.0515 450 394 711 637 8 0.0515 453 388 705 635 11 0.0514 244 408 498 652 13 0.0513 652 464 906 700 11 0.0512 444 592 699 817 11 0.0512 371 465 640 698 10 0.0510 377 468 635 701 10 0.0509 509 529 757 765 0 0.0508 565 528 818 772 3 0.0508 566 530 819 780 11 0.0503 320 590 588 825 6 0.0503 251 400 498 654 8 0.0502 379 459 627 700 8 0.0502 449 520 696 757 6 0.0502 651 465 897 695
WPO59MgVHrylgptKWbW0xyMmqVsUYtoK,5 0.0573 230 385 497 629 11 0.0563 265 348 635 530 7 0.0559 242 390 499 634 7 0.0557 272 346 639 533 5 0.0532 388 352 743 540 8 0.0532 394 358 730 539 6 0.0525 244 342 497 565 13 0.0518 240 394 506 635 3 0.0514 401 358 744 544 6 0.0513 398 357 749 539 7 0.0512 425 649 693 902 7 0.0508 571 529 821 779 0 0.0507 239 335 494 567 8 0.0506 572 580 804 832 11 0.0505 230 394 498 629 6 0.0502 572 530 821 776 13 0.0501 573 530 825 776 13 0.0500 275 349 647 535
J8zY3Rov97kZfmR6DN1u7ai5nqle4J7q,6 0.0623 566 460 821 693 0 0.0598 564 461 816 697 8 0.0597 564 457 809 693 11 0.0585 563 458 813 692 5 0.0584 563 454 809 691 5 0.0582 129 127 383 373 13 0.0572 568 460 822 692 7 0.0560 566 457 818 695 13 0.0554 199 128 450 383 7 0.0547 321 278 577 519 11 0.0541 385 209 641 436 13 0.0539 320 209 576 448 0 0.0522 250 469 505 703 11 0.0521 385 77 648 319 11 0.0519 311 139 570 382 6 0.0518 266 405 516 634 11 0.0518 319 278 571 515 11 0.0518 386 335 644 575 10 0.0516 565 461 814 693 2 0.0507 567 463 815 694 7 0.0504 392 332 647 575 0 0.0504 305 140 565 383 0 0.0503 314 280 573 523
ogL0tOcu0JZG03wJiBCovVUUyRV5IgbX,11 0.0668 305 652 565 886 11 0.0644 247 717 509 959 0 0.0634 249 711 509 963 8 0.0631 249 712 504 961 5 0.0629 248 646 506 891 0 0.0621 306 648 566 891 8 0.0616 308 649 561 887 3 0.0614 309 651 566 893 7 0.0606 254 647 510 891 6 0.0605 308 650 566 888 5 0.0597 187 712 445 959 11 0.0594 366 731 633 952 7 0.0593 191 714 457 963 8 0.0585 371 724 625 953 0 0.0584 368 722 632 956 7 0.0569 371 726 638 952 13 0.0561 119 784 377 1023 3 0.0561 191 718 450 966 10 0.0560 305 651 565 888 13 0.0559 253 712 513 965 12 0.0551 309 649 565 889 7 0.0549 117 782 375 1023 13 0.0547 311 648 572 891 6 0.0545 250 713 509 961 5 0.0544 365 721 629 952 2 0.0543 308 652 566 891 3 0.0533 372 726 632 958 10 0.0524 186 718 449 961 1 0.0523 304 645 565 889 8 0.0521 115 781 361 1023 11 0.0517 112 783 372 1022 4 0.0513 307 652 568 888 2 0.0511 248 717 509 962 8 0.0510 554 559 791 790 9 0.0508 305 648 564 886 5 0.0504 113 780 366 1017
vlvopx0XOZXUb6LE8gwqJvxRRvvOHaFD,11 0.0647 305 679 683 849 0 0.0626 434 589 699 825 0 0.0616 574 598 821 840 5 0.0610 375 674 745 853 7 0.0606 313 678 685 850 8 0.0598 309 678 672 849 13 0.0592 579 599 826 838 11 0.0592 181 792 428 1020 8 0.0584 579 598 815 836 11 0.0582 573 600 819 833 6 0.0573 379 677 757 856 5 0.0573 574 595 817 836 0 0.0569 299 664 581 902 5 0.0568 297 659 574 900 11 0.0568 693 584 944 838 3 0.0562 379 676 750 859 8 0.0562 437 591 693 821 13 0.0561 190 795 436 1023 7 0.0559 579 599 824 838 10 0.0557 434 593 701 822 0 0.0557 696 588 944 844 2 0.0550 380 679 751 853 8 0.0547 189 790 423 1022 11 0.0546 697 482 959 720 0 0.0545 185 792 433 1022 13 0.0543 384 677 760 858 7 0.0542 642 533 885 782 10 0.0539 307 681 682 850 6 0.0535 713 534 961 781 6 0.0535 581 602 823 837 5 0.0532 698 476 954 724 13 0.0528 304 662 590 903 6 0.0527 302 661 582 901 2 0.0523 575 604 819 838 10 0.0521 574 600 819 839 13 0.0521 703 585 954 845 3 0.0518 318 594 584 831 7 0.0517 187 789 434 1022 0 0.0516 246 272 514 507 1 0.0514 376 674 750 857 11 0.0512 329 462 579 694 10 0.0511 697 587 947 844 5 0.0510 695 581 942 841 3 0.0509 581 597 821 843 0 0.0505 698 481 956 725 8 0.0505 700 480 944 725 12 0.0502 380 675 753 856
JCcCa7FUIjsNkn3MccyYN6kiebLjkden,5 0.0675 275 358 641 538 6 0.0637 372 394 633 648 7 0.0630 375 391 629 649 7 0.0628 410 357 761 542 0 0.0627 508 528 760 772 6 0.0625 406 360 763 542 11 0.0620 401 360 758 539 8 0.0619 268 426 628 600 0 0.0618 372 269 630 508 8 0.0615 506 592 760 834 11 0.0615 505 528 759 769 0 0.0609 437 591 703 835 0 0.0607 270 425 637 602 11 0.0606 724 498 1023 675 5 0.0606 309 458 562 712 11 0.0605 566 458 829 698 0 0.0600 403 359 757 544 7 0.0600 314 463 566 710 7 0.0599 316 334 568 576 11 0.0599 373 274 629 505 3 0.0598 408 361 757 546 11 0.0598 369 393 627 644 7 0.0596 440 589 704 837 6 0.0595 572 458 829 699 7 0.0593 279 601 629 791 7 0.0593 511 525 759 774 6 0.0591 315 461 568 711 11 0.0591 213 599 573 778 6 0.0591 510 529 761 772 8 0.0590 725 494 1014 677 8 0.0589 331 672 678 859 6 0.0589 315 337 570 578 5 0.0589 432 586 699 834 3 0.0587 377 272 629 510 13 0.0586 375 393 634 648 8 0.0583 376 269 623 505 8 0.0583 569 457 818 701 11 0.0583 311 462 562 706 5 0.0581 698 396 941 630 8 0.0581 401 359 748 541 0 0.0580 569 459 825 701 6 0.0580 377 271 634 507 3 0.0577 276 426 640 602 5 0.0575 268 599 621 790 13 0.0573 376 272 635 509 3 0.0572 435 658 699 902 13 0.0570 510 529 763 775 5 0.0570 763 455 1013 696 7 0.0567 377 269 632 508 2 0.0565 406 364 757 541 5 0.0564 566 454 823 702 6 0.0563 278 601 636 791 2 0.0563 374 275 626 507 12 0.0561 374 393 630 649 3 0.0561 772 454 1015 703 13 0.0560 407 359 767 540 11 0.0560 433 591 701 831 13 0.0560 318 335 572 578 10 0.0559 370 393 630 647 5 0.0557 506 525 755 774 11 0.0557 236 333 496 579 3 0.0557 507 591 768 841 8 0.0556 270 602 616 790 3 0.0553 226 354 592 536 3 0.0552 573 456 826 708 10 0.0552 400 360 757 542 0 0.0552 313 461 563 712 2 0.0552 314 339 565 577 3 0.0548 314 463 566 713 13 0.0548 316 461 570 713 12 0.0548 376 270 628 508 5 0.0547 428 0 694 199 0 0.0547 364 715 626 943 10 0.0545 313 337 567 576 0 0.0544 332 64 584 302 13 0.0543 572 456 832 701 6 0.0542 439 589 704 834 0 0.0541 728 497 1022 677 13 0.0539 439 591 707 838 7 0.0538 704 398 950 632 12 0.0538 405 355 760 543
HHgcZmeN3X9wprMGIX4HUH9kRoxwM3s0,11 0.0559 313 718 571 948 7 0.0559 506 772 751 1006 7 0.0556 317 713 579 957 8 0.0555 109 791 369 1023 6 0.0552 208 676 573 836 5 0.0549 328 669 692 844 0 0.0548 254 711 512 958 11 0.0547 326 672 700 844 11 0.0544 434 718 692 943 0 0.0542 327 672 698 847 8 0.0534 333 671 684 846 0 0.0531 371 768 623 1006 7 0.0531 333 671 700 848 8 0.0529 315 774 550 1015 0 0.0526 500 772 746 1011 11 0.0525 501 776 746 1003 0 0.0525 242 254 498 493 11 0.0524 188 717 446 963 13 0.0522 319 781 569 1018 0 0.0519 112 721 388 972 5 0.0518 307 774 554 1011 6 0.0517 320 718 579 957 11 0.0516 499 661 767 893 6 0.0515 441 719 694 951 5 0.0515 502 769 736 1002 7 0.0514 439 714 695 947 8 0.0510 256 657 512 885 11 0.0503 102 792 375 1019 3 0.0502 335 673 695 850 10 0.0501 205 675 563 838 7 0.0500 198 714 456 966
JDuVRI7Srku1JlCgFdROL3nuJsy6aWbM,5 0.0540 239 389 502 632 8 0.0524 246 392 496 635 5 0.0514 298 200 556 428 13 0.0511 318 149 582 391 11 0.0505 240 396 506 633 7 0.0501 249 393 502 633 0 0.0501 385 140 639 381 13 0.0501 250 392 508 640
3ZQ5l17QI9iQn0pfEUyqOfXMmkDaaj4I,11 0.0625 428 465 690 693 0 0.0617 186 654 437 887 0 0.0598 248 590 500 825 6 0.0593 433 466 694 695 7 0.0587 184 654 440 884 8 0.0571 247 588 492 822 8 0.0570 186 656 427 884 5 0.0564 178 653 434 877 11 0.0560 244 285 503 507 0 0.0553 247 276 501 516 5 0.0552 241 587 498 819 7 0.0550 247 591 503 825 0 0.0544 445 519 700 756 8 0.0539 429 463 681 699 5 0.0536 245 274 496 509 0 0.0533 311 659 565 884 11 0.0529 361 211 627 447 0 0.0528 365 205 625 450 5 0.0527 426 459 689 692 11 0.0527 182 658 436 876 3 0.0527 435 466 694 700 5 0.0526 361 203 624 444 6 0.0524 368 208 627 445 3 0.0521 370 207 626 456 13 0.0520 697 2 1023 167 7 0.0514 253 281 506 511 3 0.0514 255 281 501 517 13 0.0514 432 467 702 697 7 0.0513 369 209 627 449 8 0.0509 759 18 997 263 7 0.0504 431 464 697 698
eaIa7xTJWzYxGdmpcvDjJ1m6XRcTIdIp,0 0.0620 5 799 248 1022 8 0.0619 6 793 242 1023 5 0.0603 2 796 243 1021 13 0.0598 6 798 256 1022 11 0.0595 2 799 247 1020 7 0.0585 193 792 446 1023 8 0.0576 191 789 437 1023 5 0.0572 186 791 440 1017 7 0.0557 9 798 249 1023 0 0.0547 133 788 383 1022 6 0.0545 7 799 252 1023 11 0.0538 128 787 383 1022 13 0.0533 134 788 392 1023 3 0.0524 11 799 247 1023 2 0.0524 4 804 250 1023 10 0.0518 4 797 245 1022 6 0.0502 192 793 446 1023
73xXFOanNFEUiTDpH8YyKUs03aNs6GQ2,14 1.0 0 0 1 1
efz4YLed1kpinlbWUG4IK9AcCWZfoj2h,8 0.0667 241 662 506 905 5 0.0633 234 662 505 902 11 0.0623 297 666 572 905 0 0.0623 183 675 555 851 11 0.0622 441 460 689 705 11 0.0617 495 532 756 775 7 0.0615 189 677 556 852 0 0.0614 440 458 690 708 10 0.0609 182 678 548 851 11 0.0603 173 667 446 903 6 0.0600 186 677 553 851 11 0.0600 379 406 627 634 13 0.0599 307 663 576 907 8 0.0599 382 404 623 636 0 0.0598 496 531 759 778 8 0.0593 305 726 561 969 0 0.0591 380 403 629 638 8 0.0588 442 458 686 708 8 0.0586 177 718 433 969 7 0.0583 444 455 696 708 3 0.0583 306 661 581 909 5 0.0582 174 596 438 831 10 0.0582 495 535 757 775 8 0.0579 180 597 434 832 13 0.0579 185 599 445 836 11 0.0577 230 740 499 975 0 0.0574 239 729 500 977 10 0.0574 609 465 786 826 13 0.0573 311 787 569 1023 5 0.0572 298 726 561 970 7 0.0572 499 530 762 777 7 0.0565 306 785 566 1022 7 0.0560 612 454 789 832 13 0.0555 499 531 764 779 5 0.0554 607 458 784 822 5 0.0553 438 458 688 701 5 0.0551 170 720 433 964 7 0.0551 384 398 634 637 5 0.0549 492 530 753 773 11 0.0548 610 466 786 825 3 0.0548 181 597 442 837 8 0.0547 497 530 751 777 11 0.0547 315 335 565 567 11 0.0544 654 541 904 763 12 0.0542 185 676 552 853 2 0.0541 302 665 574 906 8 0.0541 612 458 782 825 8 0.0539 111 658 367 897 9 0.0537 176 599 442 829 3 0.0537 238 734 502 980 0 0.0537 612 460 789 828 5 0.0537 379 400 625 632 3 0.0533 445 461 692 711 6 0.0532 382 407 632 638 6 0.0531 441 462 693 707 0 0.0526 319 338 568 573 13 0.0525 610 460 792 833 6 0.0524 498 534 760 777 10 0.0523 440 464 691 705 2 0.0521 439 465 691 708 3 0.0520 499 531 759 781 6 0.0519 177 723 439 971 6 0.0516 613 466 790 824 9 0.0516 300 662 572 901 13 0.0511 443 460 698 707 5 0.0511 103 658 364 895 1 0.0510 179 673 553 852 3 0.0509 384 407 627 642 10 0.0508 172 724 440 972 2 0.0508 496 537 759 778 9 0.0505 439 458 690 701 8 0.0502 317 337 557 570 2 0.0501 180 603 441 835 13 0.0501 384 403 637 636
odkQQ1ue0PhdythLmwWRwWHHM3KtTtGq,7 0.0683 251 585 504 819 0 0.0680 250 586 503 823 5 0.0679 245 585 500 820 11 0.0659 247 589 501 819 11 0.0653 116 583 368 816 8 0.0653 133 676 500 855 0 0.0652 184 522 440 767 8 0.0641 182 521 434 767 8 0.0640 117 582 364 818 3 0.0632 250 587 501 826 7 0.0629 187 520 444 764 7 0.0628 122 582 371 818 5 0.0626 113 579 364 819 10 0.0623 178 586 433 818 5 0.0617 179 522 435 765 0 0.0617 115 582 370 818 3 0.0616 130 524 379 764 6 0.0609 135 676 508 856 8 0.0593 312 536 558 767 11 0.0592 182 524 440 764 10 0.0575 245 533 504 766 2 0.0572 182 588 432 821 12 0.0571 182 582 436 821 13 0.0566 183 582 439 820 1 0.0559 177 580 434 820 9 0.0551 179 585 435 819 6 0.0546 247 529 508 768 6 0.0544 126 524 384 761 4 0.0540 181 586 436 822 2 0.0532 248 533 504 768 13 0.0529 313 536 570 769 12 0.0518 250 528 506 769 8 0.0517 247 398 493 632 11 0.0511 244 401 503 634 9 0.0510 244 530 503 765
Q6GDpvMgKmfZsuMK4gs65l1Wid32pmbG,11 0.0587 382 216 625 436 11 0.0565 512 206 746 438 5 0.0558 558 202 805 444 0 0.0555 246 214 494 445 10 0.0551 515 211 746 438 8 0.0551 570 276 802 506 3 0.0549 392 216 619 446 3 0.0547 519 205 741 445 0 0.0546 570 281 805 507 3 0.0543 576 276 806 512 0 0.0538 385 213 620 438 6 0.0538 568 209 818 439 8 0.0536 510 200 738 441 7 0.0532 516 203 744 439 5 0.0531 380 212 617 434 8 0.0530 248 214 486 444 11 0.0529 570 282 805 503 7 0.0523 387 217 623 438 0 0.0523 510 207 741 439 10 0.0522 386 222 622 435 8 0.0519 386 215 615 437 6 0.0515 311 280 558 502 5 0.0512 219 789 474 1004 11 0.0511 307 286 556 500 6 0.0511 515 131 747 366 7 0.0510 227 793 482 1009 11 0.0507 363 799 614 1011 5 0.0507 508 123 742 367 7 0.0506 577 277 809 504 6 0.0503 390 214 622 437 2 0.0500 571 287 807 504
veajzkqjdJNruYqZF8mTF3xmkzJDhumo,0 0.0553 310 716 562 960 7 0.0547 310 716 564 956 5 0.0545 306 711 558 951 11 0.0541 304 720 562 951 8 0.0527 308 715 552 959 10 0.0526 303 722 560 952
EDGOeoFwkAVsqslZMLME9qP5M1iWXSLq,8 0.0630 318 527 571 766 11 0.0598 381 590 640 824 7 0.0592 306 380 572 636 11 0.0591 313 527 582 763 8 0.0589 387 592 632 828 8 0.0589 309 381 559 630 5 0.0580 304 378 562 630 11 0.0569 303 381 567 632 0 0.0566 316 524 579 767 3 0.0561 323 527 578 770 7 0.0556 441 708 698 950 3 0.0556 310 382 565 637 0 0.0554 303 308 561 549 13 0.0549 310 381 574 632 10 0.0545 308 388 569 631 11 0.0544 432 716 688 947 7 0.0540 374 651 634 887 5 0.0538 312 521 574 761 3 0.0533 388 589 635 832 0 0.0533 382 587 637 827 8 0.0528 387 0 734 148 7 0.0528 318 524 584 768 0 0.0525 341 424 705 599 10 0.0523 318 530 580 764 5 0.0522 364 650 627 882 11 0.0518 242 318 500 565 7 0.0518 244 316 503 567 13 0.0517 318 525 585 768 6 0.0515 248 323 504 566 13 0.0515 386 590 643 831 5 0.0513 680 394 938 632 6 0.0512 321 524 582 765 8 0.0512 437 708 683 955 6 0.0509 275 420 634 600 0 0.0508 434 709 696 951 2 0.0508 309 390 560 634 10 0.0504 388 593 637 824 2 0.0500 320 532 577 765
ArW0SMuCnHZFneiAFNL0IuuRkYrmeI7v,11 0.0577 435 788 688 1013 11 0.0567 311 791 558 1002 7 0.0558 436 787 694 1017 5 0.0553 428 778 683 1014 8 0.0530 436 787 675 1014 0 0.0528 438 788 686 1016 3 0.0525 435 787 685 1020 6 0.0515 514 784 764 1016
dCqmIi0oLGOhnEYKS77bCY6Xq1oBG7fx,11 0.0583 551 724 820 952 8 0.0576 549 722 814 954 11 0.0560 161 401 424 635 0 0.0559 550 720 822 956 5 0.0543 549 719 812 951 7 0.0542 556 722 824 955 0 0.0540 173 336 426 581 8 0.0534 179 339 418 579 11 0.0518 578 474 833 701 5 0.0517 574 467 825 708 10 0.0512 549 725 820 953 8 0.0511 578 474 825 708 0 0.0508 575 477 834 712 6 0.0508 553 724 822 952 7 0.0506 249 201 498 445 8 0.0505 111 409 366 642 11 0.0501 305 281 572 505
Wos1k14ZKQo4l77TkmYlVnPogCsEQPBn,7 0.0647 126 595 383 833 11 0.0644 398 550 755 725 7 0.0643 260 681 626 855 0 0.0631 253 682 619 858 8 0.0629 258 680 613 856 7 0.0625 368 454 627 685 11 0.0625 121 601 381 828 11 0.0621 251 682 623 855 11 0.0620 425 649 685 885 11 0.0619 432 452 695 681 5 0.0615 185 593 443 833 0 0.0614 423 644 683 893 5 0.0613 250 681 618 856 8 0.0613 429 644 676 890 0 0.0605 126 597 382 833 0 0.0605 392 547 754 729 7 0.0603 431 647 687 888 0 0.0597 432 387 693 615 7 0.0596 437 382 695 614 8 0.0594 399 546 748 727 5 0.0588 421 647 680 887 3 0.0588 256 682 623 860 10 0.0586 119 601 381 831 10 0.0585 253 683 619 855 0 0.0582 361 453 626 689 11 0.0581 760 134 1019 377 7 0.0581 405 547 757 727 8 0.0578 122 598 374 831 13 0.0576 403 549 763 727 8 0.0573 436 446 691 686 6 0.0572 404 549 758 729 11 0.0564 552 483 830 707 6 0.0559 256 683 625 858 13 0.0559 258 681 631 858 3 0.0559 190 596 447 840 10 0.0558 397 549 753 727 5 0.0557 393 548 747 727 8 0.0554 559 479 821 714 2 0.0551 256 684 620 858 13 0.0549 440 451 703 685 8 0.0544 762 138 1010 383 6 0.0543 124 599 382 830 3 0.0538 425 647 685 894 13 0.0538 429 648 692 892 7 0.0534 376 787 629 1023 5 0.0533 431 449 692 685 8 0.0531 379 789 612 1022 10 0.0530 425 651 685 888 2 0.0530 399 552 753 727 6 0.0529 427 648 688 889 0 0.0527 558 477 829 716 9 0.0525 118 597 381 828 13 0.0524 561 480 832 711 5 0.0523 571 415 828 639 9 0.0523 250 683 620 855 3 0.0522 403 547 754 731 12 0.0522 255 681 622 858 2 0.0519 428 651 684 889 11 0.0519 618 365 880 601 13 0.0515 128 599 389 833 2 0.0514 437 455 697 686 6 0.0512 765 136 1023 381 1 0.0512 251 678 623 857 6 0.0504 560 482 829 712 12 0.0503 404 547 754 731 0 0.0501 629 367 878 608
5O1jfgHVzFV54JKnDWoGqr41MgHuC2qM,0 0.0590 261 590 518 837 5 0.0583 261 589 514 830 8 0.0582 263 591 513 835 6 0.0571 266 589 523 832 5 0.0539 304 399 571 633 13 0.0539 268 592 525 836 6 0.0534 261 466 509 707 11 0.0533 258 592 520 829 7 0.0530 265 591 519 835 13 0.0529 388 469 646 707 10 0.0525 261 595 519 830 11 0.0521 252 473 510 703 2 0.0513 264 595 520 834 0 0.0508 388 398 646 638 0 0.0500 259 466 505 709 11 0.0500 378 468 639 704
a8FhA3hFpGh3AxajPRlTl8eCLmysNddh,8 0.0597 505 345 755 579 5 0.0568 503 345 756 576 8 0.0559 320 263 565 490 8 0.0558 499 815 750 1020 11 0.0551 503 347 764 577 7 0.0548 437 804 697 1023 0 0.0547 497 816 760 1023 5 0.0543 311 258 563 486 5 0.0539 491 807 758 1022 11 0.0537 313 264 567 485 13 0.0527 509 350 768 581 0 0.0527 507 347 761 580 2 0.0527 510 354 763 578 6 0.0525 510 347 766 582 0 0.0524 314 263 572 489 0 0.0519 508 215 776 451 3 0.0517 436 813 686 1023 11 0.0511 430 809 684 1022 11 0.0505 523 457 780 696 8 0.0504 420 746 684 961 7 0.0503 511 348 764 579 8 0.0500 529 457 768 701
4GUpKDUYdjwIwh9u0Zl2DEsnLbnPStVb,8 0.0639 319 763 550 1010 8 0.0628 440 770 676 1013 5 0.0607 436 769 677 1008 11 0.0605 441 775 681 1008 11 0.0601 317 768 555 1007 13 0.0596 442 778 692 1017 5 0.0591 316 766 553 1008 13 0.0582 320 394 596 642 8 0.0578 394 459 628 708 8 0.0577 391 705 622 943 13 0.0576 320 768 564 1016 7 0.0576 389 530 629 768 11 0.0575 393 461 635 706 11 0.0574 388 708 630 934 11 0.0574 187 770 434 1006 5 0.0573 389 455 636 711 8 0.0571 186 766 427 1011 6 0.0557 384 773 623 1004 0 0.0550 324 706 573 946 5 0.0537 310 385 590 636 7 0.0536 443 774 688 1014 13 0.0535 338 527 587 755 11 0.0531 508 717 756 950 11 0.0527 261 457 523 694 0 0.0524 390 460 640 713 0 0.0524 445 713 686 948 5 0.0523 180 767 431 1007 7 0.0516 320 765 561 1015 6 0.0515 190 773 436 1009 5 0.0512 386 703 625 940 8 0.0511 448 219 693 460 13 0.0509 393 707 638 946 7 0.0507 393 703 633 946 3 0.0507 392 532 628 773 0 0.0504 314 392 593 638 0 0.0503 506 792 758 1023 10 0.0501 318 768 555 1013 5 0.0500 442 212 697 461
mo1wM8rE24HveLGbripqEGZIkcALPevt,11 0.0664 425 789 679 1020 5 0.0635 205 869 577 1020 8 0.0627 217 867 576 1023 0 0.0618 212 869 580 1023 11 0.0603 213 870 581 1020 7 0.0601 427 788 685 1023 0 0.0601 424 790 684 1023 8 0.0598 427 789 674 1023 3 0.0595 429 789 681 1023 11 0.0593 257 460 517 702 13 0.0591 220 871 594 1023 11 0.0591 385 469 643 703 5 0.0588 173 396 436 629 5 0.0583 420 785 676 1023 0 0.0574 45 1 301 198 11 0.0572 695 1 1023 159 10 0.0570 209 872 582 1023 11 0.0566 41 0 303 194 8 0.0562 176 399 438 630 6 0.0561 223 873 586 1023 7 0.0560 182 399 448 629 7 0.0557 262 457 517 705 7 0.0556 221 869 587 1022 10 0.0555 427 792 680 1023 5 0.0551 694 0 1022 157 3 0.0548 220 871 587 1023 8 0.0546 46 0 289 194 0 0.0545 179 403 447 635 11 0.0544 465 681 830 865 13 0.0544 428 792 684 1023 11 0.0544 129 36 385 254 6 0.0538 46 1 301 197 7 0.0534 45 0 302 198 8 0.0533 700 0 1016 159 7 0.0532 393 467 645 709 2 0.0530 221 871 585 1023 3 0.0529 257 457 512 713 8 0.0527 469 679 807 868 13 0.0526 49 1 316 199 5 0.0522 40 0 298 195 11 0.0521 177 403 447 630 6 0.0517 428 791 685 1019 2 0.0517 428 792 684 1023 3 0.0516 476 675 827 872 10 0.0516 179 411 440 629 3 0.0516 47 1 303 200 5 0.0515 250 453 509 701 8 0.0513 256 456 508 705 0 0.0513 478 679 824 873 13 0.0512 186 403 449 630 6 0.0510 180 401 449 631 6 0.0505 452 414 714 650 6 0.0502 263 456 516 704 1 0.0500 38 0 301 195
Cpadlfea3H7X1HnfGq2makr2h1nATy7Q,11 0.0697 311 330 562 572 11 0.0673 445 279 689 523 0 0.0649 318 263 571 509 3 0.0632 385 273 630 517 0 0.0622 304 392 554 642 0 0.0619 375 335 622 581 8 0.0617 376 335 619 581 11 0.0610 498 227 758 455 5 0.0610 379 268 630 511 0 0.0609 241 329 498 577 11 0.0609 308 200 562 431 6 0.0608 379 334 627 581 13 0.0604 387 273 639 515 7 0.0604 389 274 636 514 11 0.0601 362 399 618 642 5 0.0597 309 323 561 572 5 0.0596 498 288 740 522 7 0.0595 317 327 565 573 8 0.0593 320 267 564 510 3 0.0593 370 399 619 646 3 0.0592 454 333 688 583 10 0.0590 375 337 625 576 13 0.0589 314 330 566 576 3 0.0587 314 331 562 578 11 0.0587 255 266 501 500 13 0.0586 453 333 692 581 7 0.0585 368 397 623 648 8 0.0584 308 396 550 641 11 0.0580 502 357 745 592 11 0.0579 561 281 821 521 11 0.0577 230 396 488 646 8 0.0575 243 332 494 578 0 0.0574 445 281 686 527 6 0.0574 247 334 503 579 13 0.0571 367 398 625 647 10 0.0570 242 337 496 579 8 0.0568 503 223 747 458 8 0.0567 445 276 685 528 0 0.0565 505 358 742 592 13 0.0563 506 228 763 461 8 0.0561 572 285 814 528 2 0.0558 388 276 633 511 8 0.0556 504 353 737 593 5 0.0556 497 150 751 378 13 0.0555 236 468 492 711 3 0.0554 310 458 553 705 5 0.0554 362 394 618 645 7 0.0552 455 334 692 583 13 0.0548 258 268 507 508 6 0.0547 325 268 574 510 10 0.0547 301 402 554 639 5 0.0543 253 261 500 498 8 0.0543 237 466 480 711 7 0.0542 259 264 503 502 10 0.0541 319 270 569 506 12 0.0540 307 394 555 643 0 0.0540 363 454 621 706 6 0.0539 449 280 694 525 5 0.0538 316 0 578 245 2 0.0537 507 295 749 523 11 0.0537 633 224 886 453 2 0.0536 365 402 618 646 1 0.0533 373 332 622 579 6 0.0532 507 227 760 453 5 0.0530 230 391 484 648 11 0.0529 314 778 565 1010 12 0.0529 380 338 624 581 2 0.0528 313 332 561 573 3 0.0527 309 206 563 440 9 0.0527 372 336 624 575 10 0.0525 445 282 688 523 0 0.0523 237 467 486 712 2 0.0523 234 397 487 649 7 0.0521 235 392 486 648 0 0.0516 307 138 560 370 9 0.0515 301 395 555 634 3 0.0515 234 397 484 655 0 0.0514 500 226 754 459 3 0.0513 508 156 758 387 11 0.0513 565 159 816 391 3 0.0511 255 270 502 508 6 0.0510 572 285 827 524 8 0.0510 325 5 571 244 7 0.0508 310 201 566 431 6 0.0508 366 455 622 700 4 0.0507 375 335 627 577
ciTYWArRMQBp8ejCPWroN57VxnJ7xCOW,11 0.0605 305 775 552 1012 11 0.0587 443 772 686 1009 11 0.0578 507 459 760 693 8 0.0578 507 454 752 698 8 0.0562 565 537 813 773 13 0.0555 572 466 824 695 0 0.0552 495 784 741 1022 5 0.0545 441 768 680 1009 7 0.0544 570 462 818 700 8 0.0538 307 769 545 1014 3 0.0536 573 464 814 705 0 0.0534 509 401 768 641 8 0.0534 496 781 726 1023 7 0.0525 307 775 553 1013 13 0.0523 312 771 559 1015 5 0.0515 563 536 818 766 0 0.0514 503 534 766 774 0 0.0510 303 767 551 1015 11 0.0510 489 575 756 810 7 0.0509 498 782 743 1023 7 0.0508 511 528 768 774 6 0.0504 381 781 627 1017 0 0.0503 440 455 704 704 13 0.0501 502 784 740 1023
WxIJUrJ9rVN4ScGcVt9ey1cZdtT9naWp,11 0.0595 436 413 695 634 8 0.0579 482 354 817 541 5 0.0570 352 355 699 536 11 0.0565 483 361 823 539 8 0.0559 440 412 687 640 3 0.0552 488 356 827 545 11 0.0550 585 77 828 320 7 0.0548 491 356 829 541 11 0.0543 314 384 579 628 3 0.0540 442 409 694 643 6 0.0538 440 408 699 637 5 0.0538 630 334 890 576 6 0.0536 490 357 831 539 6 0.0536 323 382 583 632 8 0.0535 638 334 883 579 11 0.0532 423 525 691 749 11 0.0529 644 284 892 518 3 0.0528 645 282 891 530 7 0.0523 321 382 580 634 0 0.0522 358 414 723 600 8 0.0520 320 385 568 634 11 0.0519 244 7 496 255 5 0.0518 256 439 517 694 6 0.0518 315 516 580 762 13 0.0516 323 383 585 641 0 0.0515 483 359 824 541 7 0.0515 444 408 697 640 10 0.0513 354 416 728 599 0 0.0510 638 220 898 462 8 0.0510 643 217 884 460 0 0.0509 378 461 636 694 6 0.0508 429 522 692 753 13 0.0501 381 461 645 695 6 0.0500 643 337 896 580 2 0.0500 484 361 831 540 13 0.0500 311 514 588 766
OKeLwoecel4kkIhxDq0NkgireL4h8MDi,8 0.0596 181 401 418 651 11 0.0575 175 407 426 650 7 0.0569 180 404 426 650 0 0.0568 187 341 429 587 5 0.0564 172 398 420 648 8 0.0541 253 351 489 598 6 0.0541 191 343 436 587 5 0.0536 242 349 492 593 11 0.0534 252 355 498 597 13 0.0532 181 404 429 655 8 0.0526 200 276 432 510 8 0.0506 313 297 563 531
oEy2VJcKdjrstFnSAh6xQ2emYi1fEHbJ,0 0.0586 434 724 687 971 8 0.0586 436 725 683 964 0 0.0578 309 717 555 962 11 0.0576 361 726 621 964 5 0.0563 570 342 823 565 7 0.0558 489 717 744 958 5 0.0553 299 714 553 957 6 0.0543 309 718 563 959 5 0.0536 427 719 686 965 8 0.0534 308 721 552 958 13 0.0534 371 724 628 967 11 0.0532 483 722 738 950 0 0.0526 391 601 637 840 10 0.0521 426 724 688 966 7 0.0518 367 722 627 970 0 0.0517 572 345 829 568 6 0.0513 435 726 693 967 5 0.0510 515 272 761 490 0 0.0509 514 276 766 494 5 0.0508 626 410 890 624 13 0.0507 492 721 743 953 8 0.0507 560 479 821 719 0 0.0504 35 801 300 1023 0 0.0501 633 414 891 629
ge4Ho8XcEetZSciPAg5b2lcQF7enYkcf,8 0.0629 177 274 439 517 13 0.0599 246 272 519 508 13 0.0591 319 208 588 439 0 0.0591 244 270 512 502 13 0.0587 173 214 453 448 0 0.0584 310 209 580 439 5 0.0583 243 266 509 505 11 0.0564 169 277 450 514 0 0.0564 187 398 448 637 5 0.0556 172 333 437 575 13 0.0554 183 336 451 579 0 0.0550 169 215 443 447 11 0.0549 308 208 577 435 8 0.0548 121 206 376 440 5 0.0548 307 201 576 436 8 0.0545 189 394 439 642 8 0.0541 255 327 507 571 7 0.0540 254 327 517 574 10 0.0533 244 275 512 504 5 0.0532 163 213 443 445 8 0.0526 246 214 505 447 6 0.0526 194 397 452 638 11 0.0520 181 403 449 638 11 0.0518 248 331 518 571 7 0.0517 189 395 449 640 11 0.0514 651 0 1023 149 3 0.0514 245 269 510 509 10 0.0513 166 151 438 368 11 0.0507 115 213 385 437 6 0.0504 249 272 514 504 7 0.0501 317 206 583 440
UzjQRR81dL0L9dz7aGoDvO5xWj5n0Udc,11 0.0615 186 395 448 633 11 0.0590 59 471 320 699 11 0.0585 242 323 510 567 5 0.0574 6 0 363 147 8 0.0572 70 461 313 709 0 0.0572 192 397 443 638 0 0.0564 375 137 646 368 5 0.0555 635 273 878 524 8 0.0552 643 281 873 524 0 0.0549 179 267 428 514 10 0.0549 121 410 377 642 8 0.0549 70 0 430 145 11 0.0548 557 214 817 456 11 0.0546 68 0 449 142 10 0.0546 185 334 435 580 11 0.0543 175 266 431 506 5 0.0541 186 390 441 630 11 0.0541 633 280 885 523 0 0.0533 559 210 817 455 8 0.0532 188 330 430 585 0 0.0527 642 278 883 527 13 0.0525 129 405 387 651 7 0.0524 390 319 651 557 3 0.0522 130 408 382 653 3 0.0521 179 264 432 518 8 0.0520 562 213 806 455 3 0.0520 548 165 805 396 0 0.0520 251 324 504 573 13 0.0519 260 393 523 637 6 0.0519 642 278 885 522 13 0.0517 191 331 447 587 11 0.0516 383 322 652 555 5 0.0515 552 207 811 456 11 0.0515 376 135 647 361 3 0.0515 640 281 879 529 6 0.0509 261 394 518 631 6 0.0507 192 330 441 581 7 0.0505 260 389 517 631 11 0.0505 244 143 521 379 10 0.0503 256 401 517 628 10 0.0503 638 282 877 520 5 0.0501 61 463 310 703 11 0.0500 497 98 742 310
Tbk6qKAMITXfztoNndifwHQnsONdMiTt,11 0.0667 245 593 499 834 8 0.0663 188 645 436 894 7 0.0649 187 645 443 892 0 0.0648 136 611 510 791 8 0.0642 330 670 680 855 5 0.0639 382 676 743 860 7 0.0638 137 610 512 790 11 0.0633 385 680 745 859 0 0.0625 187 646 440 897 5 0.0623 264 610 632 788 11 0.0620 117 590 373 831 5 0.0618 182 643 437 892 7 0.0613 390 677 747 862 8 0.0613 273 610 627 789 6 0.0611 327 673 685 855 0 0.0604 384 676 745 863 8 0.0599 120 588 365 834 10 0.0592 131 614 507 789 6 0.0589 245 652 505 896 10 0.0583 183 651 442 892 6 0.0578 136 611 513 789 10 0.0576 327 673 684 852 5 0.0574 115 586 370 832 3 0.0573 250 591 501 839 6 0.0569 125 644 372 895 3 0.0566 391 678 748 864 13 0.0556 389 679 749 862 7 0.0544 328 468 574 700 11 0.0538 321 472 568 701 13 0.0536 251 593 509 837 1 0.0531 183 642 439 894 9 0.0528 126 612 509 788 2 0.0527 270 615 634 791 0 0.0524 325 469 570 704 2 0.0521 328 676 682 856 8 0.0518 327 469 559 701 3 0.0517 121 590 371 838 0 0.0514 65 646 329 903 2 0.0513 186 652 440 896
bzguExkcCD8VTsQN2VQmtxQl1tN5l7kS,0 0.0618 581 587 835 818 8 0.0618 335 677 699 860 5 0.0614 302 791 552 1022 11 0.0612 576 584 836 811 7 0.0602 439 786 691 1022 11 0.0601 400 616 767 797 10 0.0596 442 578 701 823 0 0.0592 411 676 771 860 8 0.0589 376 787 612 1022 7 0.0588 416 545 765 730 5 0.0587 442 574 695 822 0 0.0587 438 789 685 1023 11 0.0586 331 679 715 859 3 0.0577 341 677 711 861 7 0.0575 449 651 705 893 11 0.0573 371 788 620 1018 7 0.0572 308 796 556 1022 0 0.0571 443 522 698 767 10 0.0569 514 662 768 895 8 0.0565 402 615 752 797 13 0.0565 384 586 643 829 6 0.0563 404 615 768 798 10 0.0559 332 681 713 858 11 0.0558 512 661 771 893 10 0.0558 306 797 554 1023 3 0.0552 377 786 621 1023 10 0.0551 578 588 832 813 5 0.0551 435 782 683 1021 11 0.0551 443 724 695 962 13 0.0549 514 578 778 831 9 0.0545 441 578 702 817 8 0.0543 447 722 683 961 11 0.0540 438 453 705 690 10 0.0538 445 723 691 960 7 0.0534 383 590 639 832 0 0.0531 304 794 554 1023 6 0.0526 310 799 556 1019 5 0.0522 510 655 763 895 9 0.0522 380 660 638 892 3 0.0522 410 614 766 800 2 0.0519 438 789 692 1023 5 0.0519 575 582 829 814 13 0.0519 582 674 841 897 8 0.0518 512 657 761 896 13 0.0518 309 798 560 1023 2 0.0518 380 663 637 899 6 0.0517 442 791 688 1022 11 0.0514 324 461 590 697 3 0.0514 451 720 689 966 8 0.0513 580 580 825 817 8 0.0511 326 456 578 698 2 0.0510 445 581 702 824 6 0.0510 330 463 589 699 12 0.0510 386 657 637 897 0 0.0509 331 402 590 654 11 0.0509 0 603 255 823 13 0.0509 449 516 705 767 7 0.0509 333 459 590 700 11 0.0507 567 748 819 965 7 0.0504 580 583 838 816 0 0.0502 572 741 812 968
P2l4nulAQ6EzIlmVBIz4oCVJvZqo7ER6,11 0.0536 747 1 1015 190 11 0.0529 639 0 893 201
5Ab7NGzcHoCYsAJQ6lVbwf5V56K1nlXZ,11 0.0627 432 530 674 757 5 0.0624 260 349 619 538 8 0.0616 500 401 759 637 8 0.0615 443 459 685 681 11 0.0601 495 407 760 637 5 0.0596 434 454 684 682 11 0.0585 301 449 553 691 11 0.0583 317 2 586 212 7 0.0583 555 670 816 902 0 0.0578 440 458 684 685 11 0.0578 550 673 816 900 5 0.0576 493 0 761 195 8 0.0573 264 353 615 540 6 0.0572 442 458 692 681 7 0.0569 444 459 689 689 6 0.0560 269 353 630 539 11 0.0559 262 351 621 538 3 0.0556 448 460 685 691 7 0.0555 271 350 629 538 3 0.0554 384 0 646 203 6 0.0553 325 0 589 214 13 0.0551 498 408 768 639 0 0.0549 373 1 647 200 10 0.0547 263 358 626 537 0 0.0547 554 669 816 908 8 0.0546 375 0 637 196 5 0.0545 317 0 578 210 2 0.0544 268 355 620 537 13 0.0544 327 0 591 214 8 0.0544 308 449 548 692 7 0.0544 312 448 558 694 11 0.0543 312 592 551 821 11 0.0536 494 2 768 195 8 0.0535 568 602 807 842 7 0.0535 375 0 649 200 11 0.0531 386 657 617 890 5 0.0530 562 600 812 844 3 0.0529 557 669 813 909 6 0.0528 558 672 823 901 0 0.0525 267 350 624 540 3 0.0524 309 451 551 695 0 0.0523 385 654 615 892 0 0.0521 495 1 767 197 3 0.0519 262 357 619 543 3 0.0516 509 531 742 782 13 0.0516 558 673 820 908 0 0.0515 303 445 554 694 2 0.0515 446 464 682 684 13 0.0514 271 354 638 541 10 0.0512 439 532 678 758 8 0.0509 390 651 610 889 7 0.0508 504 530 748 778 13 0.0508 438 533 680 761 6 0.0508 308 447 561 694 13 0.0507 433 7 711 256 3 0.0504 501 3 766 206 8 0.0502 254 0 503 198 0 0.0502 448 716 696 953 3 0.0501 258 1 510 206
3qqv6AKDHVrzJIZDSnYqHWaVUiATSoSV,8 0.0649 378 480 624 712 8 0.0640 449 538 696 771 11 0.0629 619 474 895 706 0 0.0616 619 474 898 710 8 0.0616 624 471 890 706 11 0.0615 380 484 633 716 6 0.0611 446 545 710 771 0 0.0609 702 406 955 645 0 0.0605 448 539 701 771 0 0.0604 380 480 636 715 5 0.0601 618 468 890 707 8 0.0600 586 340 833 579 3 0.0597 626 472 894 713 11 0.0595 511 545 768 771 11 0.0590 700 412 957 643 11 0.0587 637 345 902 582 0 0.0578 637 346 905 579 6 0.0577 703 411 957 640 8 0.0572 90 474 440 650 11 0.0571 378 608 627 826 8 0.0571 704 412 950 641 8 0.0559 377 608 613 822 5 0.0553 376 477 632 714 5 0.0550 510 540 766 772 7 0.0549 621 469 898 708 6 0.0546 378 484 642 709 5 0.0544 694 408 951 642 6 0.0544 94 475 453 649 7 0.0544 512 541 772 773 5 0.0544 632 341 899 577 10 0.0543 620 475 892 708 6 0.0542 624 471 902 705 2 0.0541 630 412 895 637 3 0.0540 642 349 903 589 0 0.0537 187 281 437 504 8 0.0535 530 282 773 517 10 0.0533 446 544 702 772 5 0.0532 81 474 444 648 8 0.0530 565 588 810 834 7 0.0530 377 406 650 647 10 0.0529 382 486 634 713 11 0.0529 439 774 699 994 5 0.0528 378 602 622 826 11 0.0523 84 477 454 648 8 0.0521 437 661 684 875 13 0.0520 513 544 776 773 3 0.0518 386 488 637 719 3 0.0518 519 546 771 779 7 0.0516 703 407 956 643 8 0.0514 642 267 895 511 13 0.0514 643 269 910 509 0 0.0513 376 608 624 824 13 0.0513 377 411 654 649 7 0.0507 589 338 842 577 1 0.0507 374 477 634 717 13 0.0506 633 517 885 766 6 0.0506 384 611 626 823 2 0.0506 446 547 701 779 11 0.0505 240 282 504 506 13 0.0505 704 413 963 644 10 0.0503 640 270 903 505 3 0.0503 453 773 694 1009 10 0.0502 698 417 953 639 7 0.0502 446 769 698 998 13 0.0502 588 342 844 575 6 0.0501 594 283 844 520
WiUVzaVUpV79mjpto1nIL2gGaUptwkgg,6 0.0677 327 72 585 309 5 0.0658 387 137 635 389 8 0.0654 389 144 634 387 5 0.0648 316 199 569 445 8 0.0647 321 206 565 447 0 0.0645 324 73 583 309 6 0.0625 323 206 573 451 6 0.0622 392 17 648 246 8 0.0621 322 71 574 306 13 0.0618 320 143 580 385 7 0.0618 384 200 636 455 0 0.0614 392 144 641 390 11 0.0613 319 143 572 384 0 0.0605 390 18 646 249 11 0.0599 381 203 634 450 3 0.0597 393 145 642 391 10 0.0596 388 148 640 388 11 0.0594 326 4 579 196 13 0.0594 384 203 638 450 6 0.0594 393 145 642 390 8 0.0590 389 16 636 244 7 0.0587 395 67 647 302 3 0.0586 327 0 581 203 0 0.0583 322 203 573 450 13 0.0577 329 0 586 198 3 0.0576 324 207 571 452 11 0.0576 631 470 886 699 9 0.0575 388 146 642 385 7 0.0573 322 141 577 387 5 0.0571 320 0 574 197 8 0.0570 245 405 497 646 5 0.0566 248 72 508 320 8 0.0563 246 138 491 389 5 0.0561 137 0 485 150 11 0.0561 143 0 491 152 6 0.0560 148 0 491 154 0 0.0555 635 408 875 629 11 0.0549 246 208 509 450 3 0.0545 148 0 495 157 8 0.0545 636 397 870 626 6 0.0544 254 141 503 391 0 0.0543 144 0 491 155 2 0.0540 385 207 629 451 5 0.0535 629 398 871 625 5 0.0531 240 394 502 641 7 0.0524 328 0 579 200 13 0.0524 146 1 503 154 7 0.0521 248 398 514 647 10 0.0521 636 479 883 701 12 0.0518 324 71 586 310 11 0.0517 241 405 505 644 1 0.0516 379 198 633 452 13 0.0516 636 476 895 704 7 0.0515 253 204 513 453 4 0.0515 320 150 576 387 2 0.0513 326 75 580 308 8 0.0512 244 534 490 772 8 0.0511 630 526 881 770 6 0.0510 637 403 878 624 2 0.0509 327 5 579 197 7 0.0509 146 0 499 155 10 0.0509 252 80 508 322 10 0.0507 318 209 572 448 13 0.0505 253 210 518 455 11 0.0505 623 591 899 830 10 0.0505 144 4 494 154 4 0.0503 383 207 637 454 5 0.0502 240 531 497 767 8 0.0502 508 513 762 760
YDkgVHDmUqO0EWbFmhEgHcGbhnsm3Wmg,8 0.0638 510 335 751 568 13 0.0610 198 4 445 239 5 0.0591 517 209 770 447 0 0.0585 437 278 694 515 3 0.0582 438 280 687 523 5 0.0582 190 0 435 239 0 0.0579 523 218 772 445 7 0.0578 514 331 759 574 11 0.0576 512 333 752 564 11 0.0571 433 277 695 512 3 0.0569 526 219 773 456 5 0.0567 498 60 749 307 8 0.0567 434 278 689 515 8 0.0567 522 216 767 446 0 0.0566 514 338 755 569 5 0.0563 372 16 629 252 8 0.0562 259 272 508 513 8 0.0558 375 218 630 449 8 0.0557 197 0 433 239 6 0.0556 516 334 758 566 5 0.0553 428 270 688 513 11 0.0552 505 145 764 373 7 0.0552 198 0 441 241 8 0.0550 424 32 757 222 7 0.0550 379 214 639 448 5 0.0544 476 0 823 150 3 0.0543 200 1 441 244 0 0.0542 373 217 635 447 7 0.0542 262 273 522 514 7 0.0541 442 276 698 519 11 0.0535 257 277 519 512 11 0.0535 192 1 438 236 0 0.0530 257 273 518 512 6 0.0530 441 278 697 516 11 0.0530 374 217 637 445 3 0.0524 516 338 752 577 11 0.0524 493 2 750 245 10 0.0524 197 6 438 237 7 0.0524 531 216 778 450 13 0.0523 320 16 577 251 5 0.0522 367 212 628 443 5 0.0521 248 269 513 508 13 0.0519 442 276 701 516 3 0.0519 262 271 516 517 5 0.0519 506 327 748 567 6 0.0518 503 9 751 249 3 0.0517 376 219 633 456 6 0.0516 513 144 766 379 0 0.0516 193 0 439 237 13 0.0515 319 219 589 460 13 0.0514 378 143 636 372 13 0.0512 262 87 517 322 6 0.0511 198 0 444 239 7 0.0510 440 77 698 304 13 0.0506 487 0 839 153 8 0.0504 325 89 562 316 2 0.0502 517 342 755 568 0 0.0502 480 2 828 153
EA7E3JYtANLzXqE4ldBP3mJEW3nuO6Yy,7 0.0596 394 383 645 632 5 0.0581 305 783 537 1018 11 0.0568 390 386 642 628 11 0.0557 309 790 541 1019 5 0.0554 385 382 637 629 0 0.0552 391 382 640 631 7 0.0549 313 784 547 1023 8 0.0546 313 783 536 1023 8 0.0539 389 387 634 632 6 0.0536 390 387 642 633 13 0.0534 314 787 547 1023 0 0.0531 643 526 892 762 10 0.0529 313 788 541 1023 3 0.0527 389 389 641 637 11 0.0524 643 525 891 756 10 0.0523 386 389 642 628 13 0.0522 434 392 691 633 0 0.0519 0 490 246 716 11 0.0515 396 534 766 730 0 0.0511 310 786 540 1023 7 0.0509 399 532 777 734 6 0.0509 313 786 541 1021 3 0.0508 407 535 776 737 2 0.0503 432 393 685 635 8 0.0501 400 533 758 732 5 0.0501 639 520 888 757
B79NZKoudOrmpAEHbgKOZx4rmIqCfV8V,0 0.0621 604 418 945 603 8 0.0611 673 419 1014 604 11 0.0593 673 426 1023 600 5 0.0580 664 421 1021 603 7 0.0572 679 421 1023 602 0 0.0568 572 323 816 566 11 0.0542 573 323 818 558 0 0.0538 701 310 950 558 3 0.0536 679 421 1023 605 11 0.0536 320 332 577 581 13 0.0534 574 322 825 566 6 0.0531 682 421 1023 603 11 0.0525 696 314 954 547 11 0.0521 244 388 501 627 5 0.0521 565 320 812 560 6 0.0516 250 384 506 625 8 0.0515 575 320 810 561 6 0.0508 580 321 822 561 6 0.0508 327 330 581 583 3 0.0505 576 322 816 566
WbZmrhZscgWbVjWdXCCzpnaR6m6rJpDK,0 0.0670 252 611 635 790 0 0.0657 183 649 440 904 8 0.0653 263 671 625 854 11 0.0650 183 651 439 900 7 0.0645 186 650 441 899 5 0.0640 255 674 626 852 11 0.0638 255 677 629 854 8 0.0638 186 646 434 901 7 0.0629 260 675 633 853 5 0.0626 181 647 435 899 10 0.0603 254 613 631 789 10 0.0599 183 653 437 900 2 0.0592 255 614 635 791 6 0.0588 262 676 637 854 13 0.0586 262 674 638 854 11 0.0582 306 397 566 619 3 0.0571 262 674 630 856 13 0.0571 187 650 443 904 6 0.0569 186 653 443 899 3 0.0569 187 649 439 907 12 0.0554 263 674 630 856 0 0.0533 307 396 565 625 2 0.0531 185 655 439 903 1 0.0525 250 672 626 856 1 0.0521 180 645 438 904 9 0.0514 182 651 437 895 8 0.0513 310 395 554 618 12 0.0509 187 648 439 902 4 0.0506 260 677 637 854
PlEP70nmovdmTyp28V7VGLFVq3OSGDN0,8 0.0619 433 522 683 763 0 0.0594 431 521 691 769 8 0.0594 373 447 617 694 8 0.0588 251 88 502 333 13 0.0586 258 273 507 514 5 0.0583 244 80 509 332 13 0.0577 250 145 505 390 5 0.0574 423 515 689 764 11 0.0568 246 89 509 332 0 0.0563 372 446 624 699 11 0.0561 252 210 509 454 11 0.0559 366 447 622 692 6 0.0559 432 521 695 762 8 0.0557 309 390 558 627 13 0.0552 325 87 583 328 11 0.0547 428 524 689 763 8 0.0545 505 453 752 693 8 0.0543 257 272 491 512 0 0.0542 506 454 759 698 6 0.0540 265 335 512 580 11 0.0538 255 337 505 578 8 0.0537 181 201 426 437 6 0.0533 192 268 437 495 6 0.0533 250 86 512 334 3 0.0531 254 86 510 341 7 0.0531 443 594 693 829 11 0.0530 501 460 757 692 13 0.0520 445 598 699 829 3 0.0520 433 521 691 769 6 0.0519 373 444 630 693 6 0.0517 509 455 769 692 0 0.0517 305 388 567 628 5 0.0511 250 269 500 509 0 0.0511 178 76 446 324 7 0.0510 263 332 509 580 6 0.0509 261 210 511 457 2 0.0507 248 148 498 390 7 0.0505 510 452 767 694 3 0.0505 393 75 642 314 11 0.0502 381 76 646 305 5 0.0500 172 197 431 433
HAk144gcwX5lUm6HgnzGeRcx3YnFT4V5,7 0.0590 238 395 498 635 0 0.0590 381 335 630 576 5 0.0585 370 333 627 574 6 0.0584 248 336 511 576 0 0.0559 236 394 491 637 0 0.0558 319 271 575 514 5 0.0556 230 395 493 631 0 0.0555 396 193 653 442 11 0.0554 230 400 497 632 0 0.0553 462 272 716 514 11 0.0551 313 277 576 511 8 0.0551 378 334 625 575 11 0.0549 375 335 636 577 8 0.0548 233 395 485 636 3 0.0537 381 339 630 585 11 0.0535 452 202 717 435 8 0.0534 461 262 706 510 5 0.0533 312 270 569 510 13 0.0529 248 333 514 584 6 0.0528 321 273 579 511 8 0.0528 399 189 643 440 3 0.0527 236 401 494 640 2 0.0523 440 144 700 375 10 0.0522 231 401 493 633 13 0.0521 320 273 580 517 13 0.0520 399 194 659 439 8 0.0518 324 270 564 514 5 0.0517 447 195 711 435 3 0.0516 316 276 573 519 3 0.0515 397 192 652 442 2 0.0515 320 221 580 443 7 0.0512 393 272 652 514 5 0.0512 306 135 559 374 6 0.0511 379 340 637 576 7 0.0507 250 275 516 517 11 0.0505 323 665 574 891 0 0.0504 307 140 565 379
9MU5vUclhrKC1lOESqZF6QGEOz6Xgall,7 0.0646 195 539 450 759 11 0.0603 440 462 707 705 8 0.0589 258 540 499 772 8 0.0589 440 464 706 705 5 0.0585 575 465 836 707 0 0.0582 192 536 446 763 11 0.0580 399 19 637 244 11 0.0580 346 425 704 596 5 0.0580 189 532 443 753 13 0.0574 200 535 455 762 7 0.0570 183 400 442 641 0 0.0569 580 473 842 705 11 0.0569 370 531 632 771 10 0.0569 191 544 445 762 0 0.0568 374 531 633 776 11 0.0566 187 544 443 755 7 0.0561 445 463 717 710 0 0.0560 327 194 578 432 0 0.0559 419 421 766 603 7 0.0557 379 529 639 776 6 0.0556 198 537 452 756 5 0.0555 393 12 628 245 11 0.0554 577 473 836 703 8 0.0553 183 401 429 644 3 0.0553 351 423 704 604 11 0.0551 176 406 442 639 8 0.0550 373 533 627 770 5 0.0548 412 472 757 660 8 0.0544 462 17 690 242 5 0.0544 366 519 628 767 8 0.0534 390 195 637 420 8 0.0533 353 426 696 597 8 0.0529 583 469 829 703 3 0.0529 423 480 767 667 0 0.0529 336 78 571 326 3 0.0529 181 404 436 648 13 0.0527 180 399 451 646 6 0.0525 184 397 441 642 0 0.0522 320 0 582 200 5 0.0521 176 395 436 641 11 0.0518 392 139 630 355 3 0.0518 410 14 636 254 5 0.0515 555 88 823 308 13 0.0514 380 529 639 772 5 0.0512 636 404 901 640 3 0.0512 260 544 504 777 6 0.0511 374 533 635 770 11 0.0511 328 204 578 426 5 0.0510 341 418 698 597 6 0.0510 443 462 713 709 5 0.0507 380 136 619 355 0 0.0502 180 398 439 646 10 0.0502 404 29 634 243 6 0.0502 326 0 594 196 13 0.0501 447 461 715 706 6 0.0501 354 424 706 597 13 0.0500 585 472 844 706
luMslxAo5KhLruY46oaeIVE3VI8rkYsx,8 0.0619 438 391 704 640 5 0.0619 390 474 751 653 5 0.0613 439 268 700 508 0 0.0603 327 327 590 569 8 0.0602 437 526 705 770 10 0.0595 392 335 649 587 11 0.0592 375 455 643 710 13 0.0591 440 389 714 640 7 0.0591 376 400 645 658 7 0.0588 503 466 771 711 13 0.0587 503 465 776 711 11 0.0580 403 412 753 591 0 0.0578 376 402 643 659 7 0.0577 452 335 711 588 10 0.0577 448 276 703 509 5 0.0576 430 140 700 375 6 0.0573 406 411 757 594 11 0.0572 307 395 580 631 11 0.0571 438 525 712 765 8 0.0571 377 454 637 712 5 0.0566 565 456 836 707 8 0.0563 443 273 697 509 5 0.0560 319 321 584 566 13 0.0555 379 454 647 714 2 0.0553 448 343 711 583 8 0.0551 311 391 575 634 11 0.0549 505 780 759 1019 6 0.0549 573 460 841 706 6 0.0548 447 274 706 510 3 0.0547 454 338 712 593 13 0.0547 310 396 582 640 5 0.0544 308 446 572 695 10 0.0543 511 347 766 582 8 0.0542 559 522 823 761 0 0.0542 438 590 709 839 10 0.0539 311 456 575 694 2 0.0539 399 481 750 651 8 0.0536 432 17 680 240 0 0.0533 511 275 759 512 11 0.0532 385 267 642 508 6 0.0531 312 395 585 637 3 0.0529 400 479 746 658 10 0.0529 382 208 644 441 10 0.0528 395 480 751 653 9 0.0527 442 274 705 505 8 0.0527 381 204 635 443 7 0.0523 513 274 761 513 10 0.0520 387 536 647 775 10 0.0520 562 773 825 1013 8 0.0519 511 777 750 1022 13 0.0519 448 273 708 507 0 0.0515 503 777 763 1023 11 0.0515 566 463 839 699 3 0.0514 311 397 577 640 7 0.0513 451 201 703 442 8 0.0513 504 197 752 439 7 0.0512 499 650 770 895 10 0.0512 495 531 768 773 6 0.0512 381 456 646 715 5 0.0512 501 771 754 1019 4 0.0510 405 416 764 593 7 0.0508 390 266 643 510
jfeZnzPCa9CHtJ488FELvWqWOAkpoPsC,0 0.0625 377 141 620 393 0 0.0605 180 338 434 582 5 0.0601 235 329 490 573 0 0.0599 242 271 499 509 8 0.0589 378 142 616 387 8 0.0585 242 333 489 575 11 0.0583 307 415 570 650 0 0.0583 448 201 695 450 11 0.0571 448 202 697 447 7 0.0570 380 142 624 388 13 0.0570 244 333 503 578 7 0.0567 312 410 572 652 8 0.0563 446 203 688 447 8 0.0560 383 409 627 643 5 0.0560 244 209 505 460 8 0.0553 255 214 502 459 13 0.0553 323 144 578 396 10 0.0552 238 280 496 504 11 0.0551 317 147 573 390 6 0.0551 381 142 624 389 11 0.0547 242 338 498 573 0 0.0546 257 141 511 389 6 0.0541 302 478 565 718 11 0.0540 248 218 513 457 6 0.0540 242 338 500 577 13 0.0540 314 412 577 656 5 0.0539 366 205 620 452 3 0.0539 376 208 621 460 10 0.0538 306 419 569 652 8 0.0536 301 477 550 714 2 0.0532 449 208 695 448 7 0.0530 243 334 497 576 10 0.0530 445 206 700 449 13 0.0527 254 210 521 465 8 0.0526 512 282 756 522 7 0.0521 251 784 480 1018 7 0.0519 259 141 515 384 3 0.0518 238 335 494 581 3 0.0516 308 413 568 659 3 0.0514 446 143 689 388 2 0.0513 240 340 493 576 2 0.0512 321 148 570 395 9 0.0507 241 337 493 572 5 0.0507 304 405 566 650 5 0.0506 436 141 689 379 5 0.0505 181 767 423 1004 0 0.0503 513 283 764 523 0 0.0503 310 412 567 655 10 0.0501 318 151 574 393
70536M4xoQwSpHPAVYcZX4iI2T0Gvf9Z,14 1.0 0 0 1 1
AlWBzsLunbsY8AsnRNYDoPgS6NoyLxeD,11 0.0547 324 340 580 576 11 0.0537 442 601 695 824 8 0.0536 325 394 567 635 0 0.0527 324 395 577 644 7 0.0522 322 396 577 640 5 0.0510 317 393 573 636 8 0.0501 252 600 504 838
zsbkfz6MNqDZugx9pk0gIaNR3zNOgq71,8 0.0645 453 400 704 627 7 0.0628 456 343 707 569 5 0.0625 567 331 819 562 11 0.0622 452 401 709 623 11 0.0609 570 451 828 692 8 0.0609 570 398 812 628 8 0.0594 633 327 880 555 8 0.0589 508 336 758 566 11 0.0587 630 328 886 558 0 0.0584 573 341 819 566 7 0.0579 572 338 823 564 8 0.0579 396 334 640 568 3 0.0578 457 343 703 576 0 0.0577 450 399 709 628 5 0.0576 632 398 891 636 11 0.0567 395 332 648 567 5 0.0563 447 396 707 624 5 0.0561 632 253 884 482 0 0.0556 449 2 709 206 10 0.0556 509 340 763 569 7 0.0555 388 274 643 500 13 0.0552 454 403 716 626 0 0.0547 394 331 645 572 6 0.0543 457 401 713 628 5 0.0542 381 271 639 498 2 0.0541 571 345 824 565 11 0.0540 448 3 709 202 6 0.0540 389 1 654 202 8 0.0539 315 270 565 496 3 0.0533 577 336 820 572 0 0.0532 575 452 830 699 13 0.0532 390 1 651 199 5 0.0529 377 0 640 198 6 0.0528 574 402 822 630 0 0.0526 635 261 882 487 10 0.0524 568 406 821 631 13 0.0521 576 451 836 695 10 0.0516 397 336 650 571 5 0.0514 317 329 571 571 3 0.0513 385 274 641 508 2 0.0512 454 406 709 625 8 0.0510 643 204 893 431 13 0.0506 258 10 518 269 7 0.0504 391 3 648 202 7 0.0504 637 260 885 487 3 0.0503 645 265 884 495 11 0.0503 691 265 957 487 8 0.0502 453 0 703 202
vWXKMGOTDjitqkUlyR35ribiqIUppkBG,8 0.0602 257 12 499 251 11 0.0585 314 102 564 336 5 0.0584 180 0 434 245 13 0.0578 188 0 445 252 5 0.0568 250 84 492 329 5 0.0562 312 10 563 252 6 0.0555 258 88 503 334 11 0.0554 251 15 506 253 5 0.0551 177 146 428 392 0 0.0550 559 93 826 321 8 0.0546 181 149 425 402 6 0.0545 187 0 443 248 3 0.0538 321 98 560 347 7 0.0535 259 9 515 252 11 0.0534 625 284 882 515 8 0.0531 383 94 614 326 3 0.0530 260 15 505 259 10 0.0529 433 100 695 335 5 0.0524 556 89 825 323 0 0.0522 186 1 439 252 8 0.0520 497 95 746 328 3 0.0518 504 100 752 337 0 0.0516 256 88 497 335 11 0.0510 431 98 690 333 0 0.0507 184 148 431 399 0 0.0505 692 349 932 585 11 0.0502 181 80 440 328 7 0.0501 385 92 627 324 6 0.0500 504 101 754 325
RZAmDvKrm9dbNsVYQZ4gVG2ZHqGONAbx,11 0.0610 323 471 582 709 8 0.0594 257 468 499 710 11 0.0593 179 359 447 586 0 0.0577 182 396 436 647 13 0.0575 186 360 453 591 7 0.0572 187 396 438 647 6 0.0569 184 401 443 647 3 0.0564 260 468 505 715 11 0.0556 240 218 495 455 8 0.0546 182 398 431 649 6 0.0546 256 468 515 708 7 0.0542 242 214 493 452 3 0.0542 184 400 435 653 0 0.0530 238 213 484 458 5 0.0521 176 396 439 644 13 0.0520 260 469 513 711 7 0.0514 334 468 582 711 8 0.0513 235 213 484 456 13 0.0513 241 218 498 463 3 0.0502 243 215 490 465
qCr8JwNnxeZKykXw8quHkLTu7ocr4XCF,7 0.0666 387 348 641 573 3 0.0620 387 349 642 578 6 0.0601 387 350 646 574 11 0.0583 381 350 640 569 8 0.0558 378 279 629 507 13 0.0556 389 353 645 572 7 0.0544 381 790 621 1008 5 0.0544 379 343 638 568 8 0.0538 554 534 814 772 3 0.0535 382 216 631 446 0 0.0531 384 350 640 575 13 0.0523 379 215 637 440 11 0.0522 311 220 571 448 11 0.0521 181 804 431 1018 8 0.0519 376 793 609 1007 7 0.0518 383 213 637 440 5 0.0517 306 209 566 446 11 0.0517 552 537 821 768 11 0.0516 236 733 489 952 2 0.0513 385 359 637 573 0 0.0512 376 795 616 1010 10 0.0512 383 354 643 572 11 0.0510 373 794 616 1008 0 0.0505 552 533 821 778 7 0.0502 247 726 493 955
pXS1Euu7ubkbPkwTnaHbWXOPGU9RJGk4,5 0.0609 374 72 631 297 8 0.0573 383 73 623 296 0 0.0568 439 328 701 568 3 0.0562 443 328 697 574 3 0.0562 402 17 634 247 11 0.0557 371 335 639 579 13 0.0555 441 331 709 569 0 0.0555 327 14 576 253 0 0.0554 432 205 689 435 8 0.0553 373 271 624 509 8 0.0552 441 327 693 565 7 0.0549 446 331 705 567 5 0.0540 435 324 696 565 8 0.0537 438 198 682 430 8 0.0534 374 455 621 711 3 0.0533 444 202 687 441 5 0.0533 363 267 624 511 8 0.0532 238 470 477 710 0 0.0530 370 270 632 513 5 0.0526 302 523 549 777 11 0.0524 370 458 633 712 6 0.0522 443 331 704 567 11 0.0521 304 600 561 837 11 0.0520 433 204 692 430 0 0.0519 450 598 711 848 5 0.0519 430 199 682 431 3 0.0514 375 272 629 520 11 0.0514 435 403 705 638 13 0.0512 374 403 638 651 8 0.0509 308 530 546 774 13 0.0508 332 12 581 247 0 0.0507 370 526 622 779 0 0.0507 302 329 562 572 11 0.0506 300 270 557 501 11 0.0504 394 21 637 242 6 0.0503 375 272 634 513 8 0.0503 373 595 616 835 7 0.0502 376 399 635 652 7 0.0501 377 272 635 512 6 0.0500 373 598 630 838
hKliVHEtUbJQPGBCuEz6ZEiFSVDP04wp,11 0.0629 434 343 702 586 11 0.0620 263 288 623 479 3 0.0609 272 287 623 483 7 0.0607 435 343 703 587 8 0.0601 272 287 602 477 8 0.0600 434 341 697 587 0 0.0594 320 335 579 583 11 0.0589 317 337 579 580 0 0.0579 433 345 703 593 3 0.0577 444 341 701 596 11 0.0574 241 397 516 639 7 0.0568 266 283 621 479 7 0.0564 320 332 582 583 10 0.0562 380 336 648 575 3 0.0560 327 334 580 584 5 0.0555 432 337 698 584 13 0.0554 439 344 708 587 0 0.0548 261 285 620 480 5 0.0541 263 283 614 476 8 0.0539 326 333 568 580 13 0.0531 271 286 626 483 13 0.0525 327 335 581 584 8 0.0524 174 402 433 651 10 0.0522 315 403 589 638 6 0.0522 325 333 581 581 11 0.0521 240 536 515 761 11 0.0520 504 792 756 1009 3 0.0513 179 400 444 657 0 0.0511 304 472 575 712 6 0.0509 440 344 707 586 13 0.0506 764 16 1017 275 11 0.0505 311 0 585 194 10 0.0504 264 289 621 478 6 0.0504 269 282 622 478 2 0.0503 322 339 574 582 0 0.0501 762 0 1018 205 11 0.0501 361 485 634 715
gD8rukBCQru7A6IuYQru2Y6vfzxz68Su,6 0.0648 569 466 830 704 5 0.0639 559 461 822 707 13 0.0614 565 466 833 705 8 0.0614 502 394 750 629 6 0.0613 507 397 759 630 8 0.0611 338 606 685 794 11 0.0606 304 592 567 833 8 0.0600 566 466 822 702 7 0.0600 508 397 758 634 11 0.0600 306 330 574 566 7 0.0598 354 354 713 535 0 0.0596 342 545 688 730 8 0.0589 503 273 751 513 7 0.0588 338 604 696 795 5 0.0584 312 393 570 637 10 0.0584 338 546 692 728 8 0.0583 350 354 698 532 5 0.0582 339 538 683 728 8 0.0582 321 460 567 709 11 0.0582 314 462 574 709 5 0.0582 498 393 749 632 0 0.0581 501 397 755 632 0 0.0577 306 590 568 837 13 0.0576 342 608 700 794 3 0.0573 353 353 705 537 0 0.0569 564 466 824 708 0 0.0569 343 355 707 535 6 0.0569 340 605 698 793 6 0.0568 412 539 772 731 2 0.0566 312 596 573 836 11 0.0566 569 404 828 628 11 0.0565 396 474 766 664 0 0.0565 504 275 756 517 10 0.0563 346 418 701 591 10 0.0560 397 474 765 662 8 0.0559 446 204 696 433 6 0.0559 352 354 713 532 13 0.0559 408 539 775 730 10 0.0558 306 596 571 834 0 0.0552 569 337 826 567 13 0.0552 503 397 760 629 5 0.0552 219 350 575 531 0 0.0551 59 542 310 782 6 0.0550 576 340 834 564 3 0.0550 506 398 756 636 8 0.0550 571 337 817 563 13 0.0547 321 460 579 712 9 0.0546 396 472 767 660 3 0.0546 413 539 766 736 6 0.0545 320 461 576 709 2 0.0545 350 418 700 592 2 0.0543 567 472 828 704 3 0.0542 323 462 573 714 3 0.0541 340 608 694 798 7 0.0539 566 464 828 711 0 0.0538 441 204 702 437 5 0.0538 567 335 819 567 2 0.0537 319 465 572 710 13 0.0535 286 414 647 596 5 0.0532 501 271 753 517 3 0.0531 568 467 826 711 11 0.0530 398 604 773 801 7 0.0530 508 275 758 518 7 0.0528 319 399 577 643 12 0.0525 312 590 570 838 6 0.0524 508 276 766 514 9 0.0523 348 355 706 531
o980yiTGXqhn4jd6e13JXmLCBHoZ8Ru3,0 0.0613 458 413 814 599 6 0.0600 432 386 694 634 11 0.0586 428 390 692 631 8 0.0583 320 388 564 634 5 0.0582 455 410 811 598 5 0.0582 310 387 568 630 0 0.0572 317 388 572 636 3 0.0572 467 416 816 602 7 0.0568 466 414 818 598 8 0.0561 432 385 685 635 11 0.0561 313 393 569 633 13 0.0560 467 416 823 599 6 0.0539 319 390 572 635 3 0.0533 321 393 570 639 7 0.0532 321 386 569 634 13 0.0523 322 390 574 638 7 0.0503 188 798 453 1023 9 0.0500 457 415 816 595
rqVcxwfRAei4gT9mZWoDridOXf1wVZco,5 0.0632 235 396 507 631 0 0.0602 479 786 746 1020 8 0.0597 247 401 499 633 7 0.0581 255 455 507 708 0 0.0579 152 409 505 603 11 0.0568 482 793 741 1009 11 0.0561 242 803 487 1017 0 0.0560 552 726 826 966 8 0.0556 514 408 749 626 6 0.0549 157 409 514 595 11 0.0547 553 731 825 957 5 0.0543 166 509 425 771 13 0.0543 159 412 513 602 0 0.0542 513 410 756 629 13 0.0540 251 515 501 769 11 0.0536 148 414 504 599 0 0.0534 237 268 504 499 8 0.0534 236 271 494 493 11 0.0533 514 408 756 624 5 0.0528 476 786 741 1012 3 0.0525 253 460 502 714 5 0.0524 222 340 607 538 7 0.0516 552 794 820 1020 0 0.0513 619 806 893 1023 0 0.0512 250 459 509 707 8 0.0512 248 519 484 765 7 0.0512 515 408 760 623 11 0.0511 232 273 506 492 13 0.0508 486 791 751 1017 5 0.0508 548 720 823 959 11 0.0507 128 816 380 1021 8 0.0506 484 788 735 1017 0 0.0504 246 802 485 1023 8 0.0504 131 820 369 1023 10 0.0503 248 524 497 767 7 0.0501 429 784 681 1014
4HI64T666ssowtNKsU6BUBEMpRrprsMI,5 0.0665 434 776 698 1011 0 0.0653 379 530 633 769 5 0.0645 372 527 630 765 5 0.0630 287 783 554 1019 11 0.0629 454 528 712 764 13 0.0614 445 782 704 1016 8 0.0612 454 527 704 765 11 0.0608 438 780 695 1014 7 0.0607 459 529 709 766 0 0.0607 439 777 700 1019 8 0.0604 441 775 694 1015 5 0.0600 370 320 635 581 3 0.0600 381 530 635 770 10 0.0597 453 528 709 763 2 0.0588 455 530 709 765 6 0.0587 459 528 712 764 7 0.0586 441 779 702 1017 7 0.0584 380 460 646 712 13 0.0581 381 461 647 713 3 0.0579 442 778 696 1019 11 0.0578 377 460 645 708 5 0.0569 305 263 569 510 8 0.0568 377 459 637 710 13 0.0567 457 529 714 767 11 0.0564 377 255 637 511 0 0.0564 293 663 565 912 0 0.0562 382 391 643 650 6 0.0561 386 392 647 644 10 0.0559 437 780 698 1013 13 0.0556 381 326 644 587 7 0.0555 297 790 565 1018 6 0.0553 385 256 643 516 8 0.0553 293 789 554 1022 11 0.0550 296 670 566 905 7 0.0547 301 664 566 904 13 0.0544 296 790 569 1023 6 0.0543 441 780 703 1012 5 0.0541 369 68 636 304 5 0.0538 290 660 556 901 0 0.0538 384 251 634 518 0 0.0536 289 792 564 1023 9 0.0535 450 527 710 760 2 0.0532 380 461 644 711 2 0.0531 444 781 700 1017 7 0.0530 381 324 641 585 10 0.0530 289 731 563 965 11 0.0529 294 793 562 1020 3 0.0526 382 394 647 654 12 0.0524 379 527 635 766 2 0.0518 378 328 642 582 8 0.0514 296 664 556 906 10 0.0514 374 460 641 709 13 0.0512 304 666 572 909 8 0.0506 380 253 629 516 12 0.0501 442 776 700 1019 4 0.0501 442 780 701 1016
SL9hjnEqZln2L76AMo8hLzc4qbh8BzCU,7 0.0584 377 787 647 1017 11 0.0578 371 790 639 1011 5 0.0570 362 780 638 1012 0 0.0551 624 366 889 590 0 0.0545 372 785 644 1017 11 0.0524 619 364 889 587 13 0.0506 379 786 650 1016 6 0.0501 373 787 645 1012
qp6S0yADNhf0RqY0iHMRR2fUnBR85OqB,5 0.0547 132 216 388 455 0 0.0521 426 546 690 784 6 0.0516 132 153 388 380 8 0.0509 134 214 380 452 11 0.0501 125 154 388 375
o69iugwuYTu4qr4wowAIVGDbaNUwAaRf,11 0.0602 182 12 434 254 3 0.0570 185 11 436 261 8 0.0562 318 22 563 250 0 0.0548 317 15 567 252 11 0.0547 315 20 572 250 0 0.0544 186 12 429 253 8 0.0540 189 11 426 252 5 0.0536 182 3 429 251 10 0.0530 315 25 570 248 7 0.0526 186 8 438 252 3 0.0521 317 17 571 257 11 0.0520 438 25 707 254 13 0.0517 188 9 436 254 10 0.0510 185 19 432 249 6 0.0510 321 22 574 251 5 0.0508 311 16 564 252
DVKw3PLQgKsQdObswUb9GHdOVlitJyqt,5 0.0608 553 782 787 1009 7 0.0603 377 726 631 968 0 0.0572 554 783 791 1017 11 0.0570 371 730 631 966 0 0.0565 319 399 575 641 5 0.0560 368 725 626 967 7 0.0555 317 458 573 704 5 0.0555 367 0 640 188 8 0.0553 560 781 785 1014 0 0.0549 371 725 629 972 8 0.0549 378 0 632 188 10 0.0548 232 732 494 959 11 0.0541 229 731 497 958 11 0.0540 321 277 587 511 7 0.0538 563 781 795 1017 8 0.0537 168 792 411 1023 13 0.0536 166 798 425 1023 8 0.0535 377 727 621 967 13 0.0534 382 729 632 971 8 0.0526 323 279 574 513 11 0.0525 315 397 575 637 0 0.0525 324 278 585 511 5 0.0525 246 458 501 691 3 0.0523 319 398 578 645 13 0.0521 239 732 506 964 3 0.0520 380 0 645 193 6 0.0519 380 407 632 641 3 0.0519 377 727 626 974 8 0.0519 319 395 564 638 10 0.0517 373 729 629 966 11 0.0517 556 784 789 1009 7 0.0515 237 727 501 960 11 0.0515 369 3 646 189 10 0.0512 161 796 415 1021 0 0.0510 161 790 416 1023 6 0.0508 379 726 632 965 11 0.0507 162 794 417 1017 0 0.0503 373 0 641 193 6 0.0501 399 297 649 523
KnctpLDCYtt0SwJdouRVijvZxOqZw2AW,8 0.0653 183 71 424 314 8 0.0606 248 23 494 248 11 0.0590 300 10 568 241 7 0.0587 251 18 502 254 8 0.0587 254 139 503 374 0 0.0586 179 8 427 250 3 0.0581 309 5 565 252 5 0.0581 187 119 437 378 11 0.0576 253 140 507 372 11 0.0572 562 476 823 712 0 0.0564 561 474 823 714 0 0.0559 413 546 780 730 0 0.0556 190 124 439 382 10 0.0556 240 24 499 250 13 0.0555 308 3 575 241 11 0.0554 193 198 440 436 8 0.0554 572 337 821 581 5 0.0553 369 0 626 244 11 0.0552 172 12 432 245 5 0.0551 177 0 426 246 8 0.0550 563 471 815 714 10 0.0549 186 134 442 379 5 0.0547 570 337 825 581 7 0.0545 423 546 790 727 11 0.0543 410 548 780 726 6 0.0542 579 343 831 582 8 0.0538 411 544 769 727 3 0.0537 248 74 499 324 13 0.0535 175 4 440 243 5 0.0531 411 540 773 726 5 0.0530 633 399 883 642 6 0.0528 414 546 783 726 7 0.0524 258 136 514 379 11 0.0524 571 341 831 580 6 0.0523 311 5 567 243 10 0.0523 378 9 632 242 3 0.0520 179 11 429 253 9 0.0519 176 7 430 237 7 0.0518 635 403 893 646 8 0.0517 200 197 433 440 10 0.0516 559 478 824 716 8 0.0516 570 214 832 450 0 0.0516 573 343 827 579 6 0.0514 567 476 825 714 7 0.0514 575 343 830 583 5 0.0512 559 468 818 715 13 0.0512 191 121 450 383 0 0.0511 306 3 565 249 6 0.0511 642 403 889 646 11 0.0510 635 403 888 642 11 0.0509 542 595 814 836 8 0.0509 305 79 567 303 2 0.0508 192 131 438 381 10 0.0506 413 550 780 731 0 0.0505 189 327 435 572 2 0.0505 415 550 777 730 5 0.0504 169 436 443 683 13 0.0502 577 340 835 583 6 0.0502 646 278 905 506 6 0.0501 194 127 441 380 5 0.0500 304 129 570 361 3 0.0500 207 414 582 606 13 0.0500 418 545 790 727
cJofrzdFDTuuJ1fSOcp3Iqdeh2oWDtsB,8 0.0606 260 0 504 206 0 0.0592 318 0 576 200 5 0.0563 312 0 571 195 11 0.0544 371 597 627 831 3 0.0543 319 0 577 202 6 0.0541 257 2 521 207 8 0.0541 372 596 623 833 5 0.0540 368 590 627 830 11 0.0526 314 1 574 198 10 0.0525 256 7 514 203 7 0.0525 318 0 580 197 7 0.0524 380 596 635 832 0 0.0518 572 718 834 962 2 0.0514 374 600 628 832 8 0.0514 310 533 549 767 0 0.0510 372 596 628 835 11 0.0509 568 725 830 954 13 0.0507 322 0 586 198 11 0.0506 305 666 575 897 8 0.0506 314 663 567 899
qfrFtL2lsLyVB3NAw6T8iGvzgju5n9Y0,5 0.0635 550 797 800 1017 5 0.0626 430 739 696 979 7 0.0623 440 744 704 983 7 0.0619 566 799 809 1021 11 0.0615 445 534 698 752 11 0.0603 432 746 703 979 11 0.0599 558 802 802 1019 3 0.0597 563 797 803 1023 8 0.0594 451 332 689 563 5 0.0592 443 333 695 562 3 0.0589 441 743 699 986 13 0.0584 382 329 645 570 3 0.0580 386 536 627 761 0 0.0575 444 532 701 759 7 0.0575 385 533 629 758 7 0.0573 456 463 706 693 0 0.0573 516 469 762 704 0 0.0573 626 784 870 1023 0 0.0569 439 742 703 985 11 0.0566 511 470 764 696 8 0.0565 383 535 618 757 11 0.0564 382 467 629 693 8 0.0563 451 465 693 694 13 0.0560 454 464 708 694 7 0.0554 385 329 640 569 5 0.0544 378 459 623 697 8 0.0544 564 798 799 1023 8 0.0542 438 744 693 981 6 0.0542 517 471 769 702 8 0.0538 375 402 617 630 0 0.0536 382 328 633 569 6 0.0535 448 533 704 757 13 0.0533 633 788 875 1023 0 0.0532 573 159 824 395 10 0.0531 450 467 705 694 3 0.0530 454 464 703 699 6 0.0530 455 406 712 634 10 0.0529 384 536 628 756 5 0.0529 440 530 694 753 10 0.0528 375 332 639 567 0 0.0528 386 464 629 699 6 0.0528 562 802 811 1020 8 0.0525 518 403 749 634 5 0.0524 513 401 754 629 11 0.0523 374 330 639 565 6 0.0523 441 743 704 979 5 0.0520 302 399 562 630 6 0.0519 388 466 634 699 0 0.0519 457 405 707 635 11 0.0519 450 403 705 630 10 0.0518 437 748 701 979 13 0.0516 384 533 632 758 13 0.0505 446 747 706 985 3 0.0505 374 403 630 636 7 0.0501 522 404 761 633
tPHrFZghgP68xq53aHHAmkfH4o7gpsNL,5 0.0637 193 249 435 493 11 0.0611 238 199 501 428 6 0.0609 251 201 500 431 5 0.0596 253 318 506 554 11 0.0590 254 326 510 555 0 0.0582 246 202 493 431 6 0.0574 260 321 509 559 0 0.0570 196 321 428 561 11 0.0568 174 807 435 1012 7 0.0567 262 320 509 554 3 0.0556 252 375 506 631 0 0.0556 504 151 754 386 8 0.0555 245 199 490 434 11 0.0550 134 263 385 490 5 0.0550 500 144 752 385 6 0.0547 508 147 760 385 5 0.0545 168 576 434 808 11 0.0536 353 815 613 1022 7 0.0535 202 247 437 492 8 0.0535 503 151 752 383 0 0.0534 250 379 508 626 11 0.0532 548 531 807 764 10 0.0531 244 205 497 431 8 0.0529 182 442 429 683 6 0.0527 150 209 386 435 11 0.0525 177 448 447 678 5 0.0525 271 412 608 596 11 0.0524 271 418 619 595 0 0.0524 498 269 742 504 8 0.0522 258 321 501 557 8 0.0521 281 412 599 598 8 0.0520 498 265 737 503 3 0.0519 507 150 759 392 6 0.0519 355 814 618 1023 3 0.0519 259 254 508 492 0 0.0518 402 474 760 661 13 0.0517 507 149 762 386 3 0.0514 144 264 380 502 8 0.0512 226 801 470 1023 11 0.0508 501 156 762 384 13 0.0506 262 323 516 561 5 0.0503 170 795 423 1013 0 0.0501 177 446 443 680 11 0.0500 402 476 766 660
yxyjok035MQbtHqC0o5R1yi5THedwLPx,8 0.0607 323 592 565 825 11 0.0605 244 669 510 891 8 0.0600 251 664 502 892 7 0.0596 323 592 577 824 11 0.0593 316 594 573 823 7 0.0587 250 669 511 890 5 0.0575 252 586 505 819 0 0.0572 248 665 510 894 10 0.0570 258 591 505 822 8 0.0562 376 667 632 903 11 0.0559 367 669 641 901 7 0.0558 196 603 449 830 13 0.0556 307 659 580 891 11 0.0554 299 734 575 961 8 0.0553 193 602 441 832 0 0.0551 321 592 573 829 8 0.0547 251 521 497 759 11 0.0544 248 524 508 757 7 0.0539 257 521 507 760 7 0.0538 372 668 646 900 8 0.0535 303 729 566 961 11 0.0529 187 607 450 829 3 0.0518 325 590 573 829 0 0.0517 255 522 507 762 0 0.0515 191 603 446 834 0 0.0514 371 667 641 906 11 0.0513 376 143 644 376 5 0.0511 421 204 679 447 7 0.0507 302 732 578 963 6 0.0501 249 666 513 892
93oTzHU5Tt5e6AAup9usx2B3PgAxjy0r,11 0.0667 373 345 636 570 3 0.0664 449 339 704 575 5 0.0648 371 337 629 572 8 0.0645 451 339 702 573 7 0.0618 450 335 707 574 5 0.0613 300 458 567 691 0 0.0612 376 340 633 577 3 0.0597 314 328 554 553 10 0.0591 375 346 632 573 6 0.0588 450 339 707 574 8 0.0587 315 326 549 547 5 0.0587 232 385 484 613 8 0.0586 379 271 615 503 7 0.0577 316 322 558 546 6 0.0576 317 326 559 548 11 0.0564 231 468 491 687 0 0.0561 286 487 639 670 2 0.0557 318 327 553 548 8 0.0557 235 394 479 618 5 0.0556 225 602 498 843 8 0.0553 307 467 562 692 6 0.0550 304 466 573 693 6 0.0550 239 394 492 615 13 0.0546 320 326 563 550 3 0.0545 240 395 480 624 3 0.0543 312 469 566 700 0 0.0540 240 395 486 618 12 0.0534 377 341 635 574 13 0.0534 449 340 712 577 5 0.0533 241 261 485 500 2 0.0531 240 397 482 618 2 0.0530 303 467 567 696 7 0.0517 239 389 490 615 1 0.0517 443 334 705 574 5 0.0514 375 202 620 435 9 0.0511 374 344 632 570 13 0.0503 251 268 498 506
ueHk6hevAuD1rGTbsYVHBVYEZyVRk9aO,11 0.0654 269 419 628 594 11 0.0641 330 353 704 534 8 0.0635 274 418 622 597 5 0.0626 240 397 505 636 0 0.0625 370 392 630 647 11 0.0624 404 483 758 660 6 0.0607 306 337 569 576 7 0.0603 305 399 569 640 8 0.0603 406 481 753 662 5 0.0603 301 457 562 706 0 0.0602 434 457 695 709 0 0.0598 303 458 569 710 11 0.0589 309 521 564 766 7 0.0586 443 335 696 588 3 0.0586 303 403 565 644 0 0.0583 335 352 702 538 10 0.0582 407 484 760 660 6 0.0582 212 480 579 662 5 0.0577 368 390 626 647 6 0.0576 373 391 630 646 5 0.0575 246 269 501 501 13 0.0575 411 479 765 660 13 0.0575 273 417 638 597 7 0.0574 411 480 765 663 10 0.0573 303 407 567 641 8 0.0561 333 354 691 538 0 0.0559 246 397 508 641 7 0.0554 283 351 631 531 6 0.0553 484 413 832 594 8 0.0550 310 520 560 766 0 0.0547 256 0 631 146 6 0.0546 408 480 763 662 3 0.0545 274 356 629 536 10 0.0545 245 335 504 571 7 0.0543 243 459 503 709 0 0.0540 249 268 507 507 8 0.0540 252 266 496 504 11 0.0536 254 0 638 143 3 0.0536 415 480 758 666 11 0.0531 246 271 508 500 2 0.0528 368 460 623 707 13 0.0527 244 460 509 712 2 0.0525 337 419 698 599 8 0.0525 266 1 620 145 3 0.0522 314 521 564 773 6 0.0517 253 270 510 503 3 0.0516 248 464 499 715 3 0.0516 270 1 631 146 1 0.0515 268 413 625 597 9 0.0513 367 392 627 643 7 0.0510 312 516 571 768 1 0.0510 404 478 757 663 10 0.0509 179 408 444 640 6 0.0508 246 535 508 779 10 0.0505 310 526 569 766 12 0.0505 305 402 568 642 5 0.0504 330 349 697 535 5 0.0504 253 0 632 144 6 0.0503 380 275 636 509 9 0.0501 402 480 756 658
xGPEAlxf6Rd6poneAYvgELQLV4HresTI,14 1.0 0 0 1 1
09r5v4jBLQwWqRR9cU40dbJAKsDMsXbJ,5 0.0681 445 0 708 199 5 0.0649 571 72 827 300 7 0.0647 450 0 711 199 5 0.0639 435 75 689 328 11 0.0634 450 1 709 199 8 0.0622 498 12 755 261 8 0.0619 438 84 688 328 0 0.0616 439 84 694 326 6 0.0614 452 0 715 198 0 0.0609 498 15 761 258 10 0.0601 574 77 829 306 9 0.0600 448 1 711 197 3 0.0598 510 0 764 202 11 0.0598 365 143 647 376 11 0.0598 248 344 509 579 5 0.0593 180 332 437 580 13 0.0592 571 10 827 258 5 0.0591 692 357 950 573 3 0.0590 515 88 759 329 8 0.0589 306 199 560 436 10 0.0589 500 17 760 261 7 0.0587 442 83 694 328 0 0.0585 181 334 439 586 2 0.0585 507 7 763 199 11 0.0585 574 74 828 301 10 0.0583 437 88 697 331 11 0.0583 303 202 575 435 6 0.0583 580 74 834 302 0 0.0582 504 155 755 390 3 0.0582 375 137 642 382 8 0.0578 576 71 824 303 0 0.0571 576 74 832 305 3 0.0569 309 198 567 444 0 0.0565 251 279 508 519 5 0.0565 302 193 567 433 6 0.0565 443 83 699 325 8 0.0565 253 343 499 584 0 0.0564 308 197 569 438 7 0.0563 184 281 436 517 11 0.0558 431 602 704 834 9 0.0556 439 82 696 324 11 0.0556 176 211 453 447 7 0.0555 577 72 831 302 13 0.0554 581 159 838 389 2 0.0552 510 96 761 322 13 0.0551 517 94 761 326 13 0.0550 254 284 517 519 6 0.0548 253 347 511 587 6 0.0546 309 148 569 380 0 0.0546 438 531 708 773 13 0.0546 394 3 652 206 5 0.0544 424 199 697 442 5 0.0542 426 321 704 564 7 0.0539 433 598 711 835 1 0.0538 435 78 693 330 12 0.0537 449 0 710 197 13 0.0535 189 342 448 586 7 0.0532 253 340 509 580 13 0.0531 318 398 586 650 5 0.0530 247 272 509 512 13 0.0529 308 146 574 379 10 0.0529 306 208 571 438 11 0.0528 373 263 647 509 8 0.0527 298 81 556 320 8 0.0527 427 602 693 834 5 0.0527 566 342 840 566 2 0.0527 436 213 700 442 8 0.0526 378 261 641 507 10 0.0525 249 350 511 585 2 0.0523 367 85 632 325 4 0.0523 503 3 768 200 0 0.0522 186 205 446 457 7 0.0522 508 152 758 389 10 0.0521 635 306 916 514
pwtPsaThJfvGRRAUTJtiXn9gamql8KtB,0 0.0666 0 655 239 894 8 0.0665 4 653 231 886 11 0.0623 0 718 241 951 7 0.0600 4 652 240 890 5 0.0586 0 709 232 956 11 0.0556 504 404 774 629 13 0.0556 1 713 244 958 6 0.0550 3 717 241 951 3 0.0548 4 654 235 891 2 0.0545 4 663 241 891 0 0.0544 59 0 317 215 7 0.0544 380 456 636 693 10 0.0533 0 661 235 890 1 0.0531 0 649 237 893 7 0.0519 572 466 822 711 11 0.0519 563 473 820 704 11 0.0516 434 532 687 757 8 0.0512 64 0 307 212 7 0.0511 443 530 688 759 8 0.0507 273 353 630 537 11 0.0503 370 458 629 692
JeFycKAs21bDxxOOSFLDEMFtoEx310Xm,5 0.0609 167 448 435 701 0 0.0599 249 278 497 515 5 0.0598 310 0 574 198 11 0.0598 388 217 638 452 11 0.0595 382 0 645 199 11 0.0590 164 392 431 634 11 0.0586 249 282 500 507 13 0.0586 251 402 507 656 8 0.0581 172 326 435 575 5 0.0581 310 95 571 326 3 0.0581 394 0 639 205 0 0.0580 169 330 440 572 8 0.0576 319 24 572 263 3 0.0574 248 346 499 591 7 0.0566 319 0 579 202 6 0.0561 318 101 574 328 0 0.0560 114 450 390 697 0 0.0559 246 397 501 653 5 0.0554 161 328 437 568 11 0.0553 321 387 581 636 6 0.0553 390 0 649 201 6 0.0551 176 335 446 571 8 0.0547 251 403 493 652 11 0.0546 236 458 501 703 5 0.0544 372 159 635 397 2 0.0544 321 29 577 264 0 0.0542 190 217 448 447 11 0.0541 317 160 580 389 0 0.0538 317 0 577 203 6 0.0537 252 403 506 650 10 0.0536 247 406 497 649 13 0.0535 174 332 449 576 7 0.0532 166 388 437 635 11 0.0531 405 343 653 577 6 0.0531 257 283 504 513 0 0.0528 322 219 566 454 5 0.0526 451 0 709 192 0 0.0523 325 340 572 588 8 0.0522 242 0 502 198 11 0.0522 241 0 512 198 10 0.0521 315 5 580 200 7 0.0520 321 97 576 331 7 0.0520 256 279 501 515 8 0.0517 254 278 493 514 5 0.0508 230 519 488 773 5 0.0508 244 277 494 509 13 0.0508 119 450 394 698 6 0.0507 324 220 572 453 7 0.0507 458 0 717 197 3 0.0507 261 89 520 324 11 0.0507 186 219 456 442 13 0.0506 391 0 648 201 3 0.0503 116 451 388 703 11 0.0502 461 276 720 509 3 0.0502 255 233 505 463 6 0.0502 250 2 514 196
tKAKefpS0IR8hsghFuGqwd2qeVLY9wpg,0 0.0549 453 323 706 575 11 0.0540 458 393 718 646 5 0.0514 134 0 399 197 7 0.0507 463 390 721 649
3njY2j9GR1YkXj0tD1JEaJyNIT1L2lMK,11 0.0603 363 797 618 1016 11 0.0580 176 792 431 1009 8 0.0553 179 792 425 1017 5 0.0551 176 785 428 1009 7 0.0550 183 788 435 1013 6 0.0543 183 792 434 1012 0 0.0536 361 791 619 1020 0 0.0528 249 72 490 301 8 0.0515 365 794 611 1017 0 0.0515 181 789 433 1016 3 0.0514 181 793 431 1019 13 0.0511 183 791 440 1016 13 0.0510 370 795 624 1021 13 0.0506 324 405 586 633 5 0.0504 360 790 614 1015 7 0.0504 366 793 623 1021 9 0.0502 175 793 430 1010 10 0.0502 177 795 431 1012
OZWWURNP6X1iGYvmDi64Oeoo6Hi8CdDA,14 1.0 0 0 1 1
X5TvfbYfov4fWNsykDUqMTIMaKCMkgT6,10 0.0604 322 150 582 384 5 0.0595 266 281 653 465 5 0.0592 384 134 641 373 6 0.0592 449 207 708 439 0 0.0590 389 140 645 375 8 0.0587 456 406 698 650 0 0.0586 447 205 702 441 11 0.0583 445 206 701 438 11 0.0581 387 138 646 372 8 0.0579 388 137 641 373 13 0.0576 321 16 588 267 5 0.0576 441 202 694 437 7 0.0576 464 404 709 649 13 0.0573 385 392 649 636 6 0.0572 463 76 714 308 8 0.0571 438 604 675 829 10 0.0570 387 70 648 314 11 0.0566 375 391 639 631 8 0.0565 444 203 697 443 5 0.0563 452 405 701 646 13 0.0562 454 144 709 369 6 0.0561 392 141 652 376 0 0.0561 273 285 661 468 8 0.0561 513 471 757 722 11 0.0560 458 73 704 309 13 0.0560 258 331 529 572 2 0.0559 318 210 573 451 11 0.0559 316 666 567 902 0 0.0555 379 389 641 636 6 0.0554 246 527 505 773 5 0.0551 455 69 705 312 11 0.0550 511 285 766 523 0 0.0549 319 19 582 269 13 0.0549 453 276 717 514 7 0.0549 452 273 710 516 0 0.0549 460 75 709 312 7 0.0549 395 136 649 376 6 0.0547 457 409 710 647 11 0.0547 432 606 682 827 11 0.0547 315 21 579 270 0 0.0547 237 594 489 834 6 0.0546 516 286 768 524 11 0.0543 526 412 773 652 8 0.0543 375 686 622 911 11 0.0541 363 763 632 972 0 0.0541 249 390 525 635 13 0.0541 435 610 686 827 2 0.0541 392 144 643 377 2 0.0541 449 278 711 513 11 0.0540 269 285 661 464 8 0.0539 522 346 758 595 11 0.0539 244 333 524 563 5 0.0539 232 587 485 827 0 0.0537 513 472 763 725 8 0.0537 461 73 700 311 7 0.0535 257 459 522 706 0 0.0532 319 661 566 909 10 0.0531 240 531 498 770 10 0.0529 450 146 702 370 5 0.0528 244 455 519 701 10 0.0526 271 289 658 468 8 0.0526 239 595 482 828 11 0.0526 251 465 522 702 5 0.0525 378 3 639 251 3 0.0523 452 145 698 375 8 0.0521 281 283 646 469 0 0.0520 435 604 680 832 8 0.0518 254 71 508 325 11 0.0518 502 525 760 772 5 0.0518 187 348 569 530 5 0.0517 509 281 757 521 7 0.0515 238 594 487 831 7 0.0515 324 204 578 446 3 0.0513 509 217 753 462 10 0.0513 245 77 521 329 13 0.0513 375 686 640 914 6 0.0512 319 209 580 450 0 0.0511 516 284 764 526 13 0.0511 320 206 585 451 13 0.0511 455 17 707 256 2 0.0509 378 394 644 635 7 0.0509 254 327 527 568
YkDLryCSFe61u6Gol1DJywQVeW4n8Tlp,11 0.0539 504 460 768 693 7 0.0522 371 389 637 635 11 0.0522 564 533 827 767 0 0.0519 565 531 824 772 8 0.0518 499 526 756 758 0 0.0509 509 458 767 698 3 0.0507 498 525 764 771 6 0.0504 518 398 767 637 11 0.0504 363 461 642 702
jLaRZosVyHhOe7XJskEE5h4TXzEOjPNu,11 0.0586 504 727 754 956 11 0.0568 507 606 755 831 11 0.0564 246 343 503 570 11 0.0549 623 694 894 916 8 0.0548 445 344 698 556 0 0.0546 504 605 750 837 0 0.0532 253 339 501 572 7 0.0532 443 339 711 558 6 0.0531 567 608 821 836 8 0.0523 563 608 805 836 5 0.0520 437 340 705 554 0 0.0516 639 619 885 851 0 0.0509 441 346 712 561 7 0.0509 510 723 756 964 7 0.0507 253 337 503 572 5 0.0506 563 604 812 838 0 0.0505 504 723 754 966 8 0.0503 261 414 500 646
1bFwih0j8Krc3WVmw3qEeUEqtCFzjwiJ,5 0.0594 240 457 505 702 8 0.0582 567 483 808 716 8 0.0571 106 424 364 660 5 0.0570 374 460 636 702 7 0.0566 389 463 642 707 7 0.0566 247 458 510 702 11 0.0556 251 390 507 630 3 0.0555 383 464 642 707 0 0.0554 565 488 819 718 0 0.0553 379 465 637 705 0 0.0548 241 460 508 703 11 0.0548 315 466 577 700 8 0.0546 247 462 496 700 11 0.0543 560 493 814 717 3 0.0542 245 462 505 706 8 0.0538 381 464 631 703 13 0.0538 582 284 833 516 7 0.0534 185 516 444 769 5 0.0531 610 479 883 716 7 0.0522 569 483 819 721 8 0.0521 189 518 432 770 6 0.0519 619 488 893 714 13 0.0518 303 573 559 827 8 0.0517 624 410 875 647 0 0.0517 106 430 368 658 2 0.0515 377 531 627 759 13 0.0512 379 521 639 764 6 0.0512 384 464 648 701 8 0.0511 510 288 757 524 10 0.0509 317 468 575 703 0 0.0509 239 582 506 835 5 0.0505 569 278 821 515 11 0.0504 511 296 770 522 5 0.0502 231 580 502 827 9 0.0501 308 514 574 748 6 0.0500 190 414 435 649
7rTAPyF7maV3VaE5jxXx0TNO9Tx6BZoQ,11 0.0572 764 210 1003 430 8 0.0567 766 204 991 434 0 0.0564 312 147 566 373 6 0.0546 321 147 569 370 5 0.0542 765 202 1000 436 6 0.0530 769 208 1007 432 11 0.0527 312 148 567 368 0 0.0521 768 208 1000 436 13 0.0508 770 208 1010 439
yOPW5y3aSZCu2NpJEcBgQUpZZ7SV45yI,7 0.0619 233 660 497 899 0 0.0576 228 657 495 904 7 0.0570 173 590 438 828 7 0.0565 296 520 564 764 11 0.0564 298 728 571 959 5 0.0560 292 653 560 898 11 0.0551 228 589 493 822 8 0.0544 301 463 549 701 7 0.0543 306 785 570 1023 13 0.0543 309 789 571 1023 0 0.0540 291 591 558 827 8 0.0539 233 659 485 901 0 0.0535 299 722 574 965 5 0.0533 237 719 494 961 0 0.0526 377 396 622 622 0 0.0523 171 588 434 833 8 0.0520 292 590 549 822 8 0.0519 304 724 563 961 11 0.0517 290 525 560 760 13 0.0516 301 658 571 904 5 0.0513 301 781 557 1017 8 0.0511 170 590 427 829 10 0.0509 228 663 494 898 10 0.0507 301 789 564 1022 5 0.0503 224 585 489 821 0 0.0502 304 458 559 708 11 0.0501 372 398 622 620
thZfr3l7UwsCOd4cHn526qtg4F8TRtnx,14 1.0 0 0 1 1
S12rNyM4MEjszx5FLkIhiWvHQ92bF4kB,11 0.0562 375 138 640 379 7 0.0556 444 795 696 1023 8 0.0552 434 77 682 303 3 0.0551 444 796 693 1023 8 0.0542 440 795 684 1022 0 0.0541 314 284 582 524 11 0.0537 437 800 694 1021 5 0.0536 435 793 687 1022 7 0.0534 705 766 966 1011 0 0.0529 47 485 297 734 5 0.0528 432 70 685 301 11 0.0523 701 771 963 1010 11 0.0516 305 793 569 1020 3 0.0514 387 137 634 386 11 0.0514 436 77 694 304 5 0.0511 565 80 818 318 10 0.0511 439 800 693 1023 5 0.0507 697 760 958 1007 8 0.0506 385 729 630 958 0 0.0505 697 767 961 1013 7 0.0504 383 199 641 443 11 0.0502 312 289 583 519
DQDruA9bfcKEK8TmgGrFRAiVV4uao5hY,7 0.0638 323 714 573 957 11 0.0616 167 327 438 566 7 0.0611 457 784 705 1021 7 0.0603 393 666 642 902 8 0.0600 454 786 694 1021 0 0.0599 320 713 570 961 5 0.0599 244 708 492 956 11 0.0597 245 716 497 956 5 0.0594 383 663 631 897 5 0.0590 449 785 695 1017 8 0.0590 390 604 634 831 0 0.0588 172 325 431 569 11 0.0588 450 786 698 1017 13 0.0581 660 2 1023 143 11 0.0580 113 223 400 447 11 0.0577 384 718 638 944 0 0.0577 247 662 499 907 11 0.0569 455 604 696 818 5 0.0568 167 265 431 502 6 0.0566 323 719 575 956 7 0.0565 246 662 503 903 8 0.0562 383 714 634 949 11 0.0562 114 406 384 643 6 0.0559 172 266 439 506 8 0.0559 660 0 1013 142 11 0.0558 509 733 760 949 0 0.0556 454 788 700 1023 6 0.0556 452 725 710 957 7 0.0552 461 599 701 821 10 0.0550 244 667 500 899 6 0.0548 115 326 383 586 0 0.0548 323 593 562 828 8 0.0547 507 729 754 951 0 0.0547 508 732 758 957 11 0.0547 652 2 1023 142 8 0.0546 244 667 490 902 0 0.0544 388 550 638 776 3 0.0538 456 787 699 1023 13 0.0536 455 789 706 1022 8 0.0535 174 268 424 500 13 0.0534 181 326 442 571 8 0.0532 114 325 371 580 2 0.0529 118 331 379 581 0 0.0529 458 603 699 822 7 0.0525 176 321 439 568 10 0.0524 454 792 697 1018 7 0.0523 515 728 767 951 5 0.0523 188 388 439 631 5 0.0521 113 324 373 580 0 0.0519 649 0 1022 145 3 0.0519 388 712 641 955 5 0.0518 502 730 754 951 5 0.0517 385 542 627 769 7 0.0512 393 548 635 774 3 0.0510 177 324 435 575 13 0.0508 387 718 647 947 10 0.0507 507 737 760 949 0 0.0507 116 405 378 649 10 0.0507 440 677 699 890 6 0.0504 246 668 502 901 1 0.0502 449 778 699 1023 0 0.0502 117 220 390 454 5 0.0500 651 0 1015 142 8 0.0500 193 392 433 631 10 0.0500 171 273 432 501
i4wqZdkNDLmY7YW5fC5T8MlfXCWSsHoN,11 0.0687 71 596 318 829 11 0.0672 0 486 326 665 8 0.0668 1 483 316 667 0 0.0668 0 487 321 669 8 0.0665 72 592 313 834 0 0.0630 65 594 318 835 5 0.0627 69 593 312 835 7 0.0622 1 484 321 667 5 0.0615 0 484 316 668 7 0.0603 72 593 317 833 6 0.0602 0 486 328 666 3 0.0599 6 483 323 670 10 0.0592 0 487 321 668 6 0.0587 73 596 319 832 13 0.0575 0 418 320 599 3 0.0566 73 592 317 837 2 0.0562 115 474 374 716 13 0.0556 70 593 321 836 1 0.0553 0 481 320 668 2 0.0553 73 600 320 833 13 0.0549 116 472 376 719 0 0.0547 705 536 960 786 11 0.0535 706 537 964 782 1 0.0529 66 589 315 834 10 0.0529 71 597 317 832 5 0.0526 700 460 954 695 2 0.0524 0 424 316 601 6 0.0520 707 534 963 779 4 0.0519 1 488 325 668 12 0.0514 116 469 374 720 0 0.0513 534 406 773 632 9 0.0506 0 485 323 666 6 0.0506 649 478 898 699 7 0.0500 537 406 776 627
uJ0r1FFr1UKB0lxWNtEZAqpOW7puD4rn,8 0.0645 578 612 819 858 11 0.0617 569 480 815 722 8 0.0571 570 734 824 972 11 0.0566 521 601 770 838 13 0.0564 579 618 828 856 7 0.0563 569 668 818 908 8 0.0562 570 477 808 725 0 0.0560 184 269 433 500 11 0.0559 576 216 841 438 0 0.0556 578 349 820 577 8 0.0555 581 342 814 574 11 0.0554 646 544 874 779 5 0.0554 631 346 873 573 0 0.0547 569 482 816 727 7 0.0546 456 720 710 963 11 0.0543 577 346 821 567 6 0.0542 586 290 835 510 0 0.0541 575 219 842 450 2 0.0539 582 350 821 574 7 0.0539 187 198 440 429 11 0.0537 622 411 873 636 0 0.0536 644 289 891 513 5 0.0535 574 212 836 441 8 0.0534 182 265 421 501 0 0.0532 377 780 633 1012 8 0.0531 513 276 752 505 5 0.0530 573 611 817 857 8 0.0530 111 389 377 641 7 0.0529 380 781 635 1015 11 0.0529 178 200 439 424 7 0.0528 578 213 842 444 6 0.0527 578 413 826 647 13 0.0525 517 535 764 777 13 0.0525 580 347 830 574 11 0.0524 640 286 892 504 6 0.0522 566 670 820 908 5 0.0520 105 388 383 633 8 0.0518 517 398 754 641 0 0.0516 448 720 705 963 0 0.0516 578 615 822 860 11 0.0516 98 469 382 706 8 0.0516 647 282 883 511 13 0.0514 572 741 838 973 11 0.0514 196 80 453 315 5 0.0514 320 19 561 248 11 0.0514 447 726 706 958 2 0.0514 570 488 818 728 8 0.0513 582 213 832 447 8 0.0513 330 26 555 248 6 0.0512 651 200 897 432 11 0.0511 375 784 630 1008 0 0.0508 511 279 755 505 11 0.0508 114 277 389 506 0 0.0507 517 399 763 643 7 0.0507 583 346 822 574 13 0.0506 506 222 861 407 5 0.0505 454 586 706 831 11 0.0505 642 142 897 361 6 0.0505 376 784 635 1013 3 0.0505 571 669 813 913 10 0.0502 519 608 771 846 8 0.0502 372 778 623 1009 11 0.0502 511 280 762 494 5 0.0502 567 408 813 646 7 0.0501 646 285 894 511 8 0.0500 195 84 436 316
NG3jDHO68XsFUViQIW8qirsueBObBYJH,11 0.0552 231 792 491 1011 7 0.0511 240 789 498 1013
FycB7DZ3FsIMVMm3O4Jd1wApjF5urHlS,5 0.0627 136 862 500 1019 7 0.0620 73 871 441 1023 8 0.0605 143 865 498 1023 11 0.0601 114 460 389 697 11 0.0589 138 866 504 1021 0 0.0584 179 401 435 636 10 0.0582 138 869 508 1023 0 0.0576 143 866 506 1023 6 0.0557 146 868 509 1023 7 0.0552 182 460 436 704 6 0.0544 181 402 439 636 0 0.0527 203 0 577 143 8 0.0525 210 0 564 142 13 0.0524 186 403 442 640 5 0.0521 176 397 426 634 10 0.0520 208 3 577 139 3 0.0515 182 401 432 641 13 0.0514 142 868 514 1023 2 0.0510 76 875 437 1023 8 0.0503 181 397 425 637 9 0.0502 136 866 510 1020
kQyL8FSilfYNxlDs1lDNz6ITjltpg2sJ,11 0.0601 185 392 436 640 7 0.0596 193 385 434 640 5 0.0596 625 463 884 705 6 0.0593 192 392 437 641 11 0.0589 630 463 890 705 11 0.0589 568 414 815 636 5 0.0580 182 387 433 637 11 0.0578 500 278 767 499 0 0.0576 189 390 435 640 8 0.0574 570 14 825 254 6 0.0560 572 19 836 256 5 0.0560 564 12 830 253 13 0.0558 192 391 438 643 8 0.0558 191 391 429 643 5 0.0556 564 408 809 640 5 0.0555 698 404 955 646 13 0.0552 636 470 896 707 0 0.0551 569 416 810 644 8 0.0549 569 413 806 642 10 0.0547 186 398 431 639 8 0.0545 502 276 756 508 3 0.0538 573 409 812 646 3 0.0534 569 20 835 261 3 0.0534 189 395 432 646 0 0.0533 630 468 889 709 11 0.0531 567 18 835 254 6 0.0530 634 469 893 707 7 0.0529 255 265 509 507 11 0.0528 631 273 896 502 0 0.0527 571 17 832 256 8 0.0527 639 269 886 508 2 0.0526 569 420 813 641 0 0.0526 627 272 895 513 13 0.0524 574 413 819 638 8 0.0523 405 0 748 153 11 0.0521 247 269 509 505 6 0.0518 576 413 815 639 5 0.0518 246 266 503 503 5 0.0516 497 271 759 505 3 0.0516 637 464 890 715 2 0.0514 631 473 893 706 6 0.0513 196 276 437 517 2 0.0511 189 396 430 639 8 0.0510 630 468 881 708 7 0.0509 501 3 773 241 10 0.0507 566 24 835 253 0 0.0505 700 410 958 651 7 0.0504 575 412 816 642 0 0.0501 192 273 435 516
dLISxA0Qo61MuglU0O9kf9ZUDOKWsge8,5 0.0576 194 332 438 574 5 0.0549 254 263 518 502 7 0.0540 251 458 502 707 11 0.0534 248 469 497 707 6 0.0534 255 463 503 702 11 0.0531 376 528 646 773 11 0.0529 192 345 446 573 0 0.0527 259 325 512 577 3 0.0515 253 328 508 580 7 0.0515 255 323 515 576 8 0.0515 61 0 311 207 5 0.0512 242 457 498 703 11 0.0512 249 274 530 503 8 0.0509 257 323 500 574 6 0.0508 262 327 517 574 13 0.0506 262 329 521 579 3 0.0505 252 465 495 712 11 0.0502 59 3 319 210
iZ5hUImFKdooUFAz96RbycuyxGHlwAfV,6 0.0615 124 390 385 622 8 0.0605 117 390 366 619 0 0.0574 388 450 632 701 11 0.0570 448 394 701 638 13 0.0559 383 321 646 569 13 0.0557 322 389 582 633 11 0.0557 249 734 502 952 0 0.0552 316 384 576 635 0 0.0551 180 382 440 614 6 0.0547 188 325 441 556 7 0.0545 182 380 443 616 11 0.0544 168 786 439 1009 11 0.0544 382 454 637 695 5 0.0543 167 381 434 613 13 0.0542 180 385 446 616 11 0.0534 253 525 510 746 3 0.0529 321 384 575 638 10 0.0527 172 395 436 611 7 0.0526 248 447 523 688 3 0.0525 119 391 383 629 11 0.0525 107 722 379 934 0 0.0523 449 391 700 636 8 0.0522 517 398 745 637 11 0.0521 112 399 381 615 8 0.0520 311 319 560 564 3 0.0519 380 315 640 574 7 0.0519 387 451 638 695 3 0.0514 241 326 497 571 11 0.0512 371 320 640 570 13 0.0510 394 448 635 698 7 0.0509 312 315 576 569 11 0.0509 187 670 438 886 0 0.0509 376 317 642 568 5 0.0507 299 315 567 561 8 0.0506 101 775 363 1010 11 0.0506 310 392 574 631 8 0.0505 183 320 428 555 3 0.0505 453 392 700 641 10 0.0503 250 459 517 684 8 0.0503 252 397 502 635 3 0.0502 254 452 513 695
ut8UZlTFUfyVgBFnfSyYaswWZl9PQkGc,11 0.0591 57 791 310 1022 7 0.0590 63 793 311 1023 6 0.0587 65 791 312 1019 13 0.0580 63 793 314 1022 0 0.0570 56 790 306 1023 5 0.0558 55 788 302 1016 8 0.0557 58 789 303 1020 5 0.0550 655 0 1018 147 11 0.0541 689 18 938 246 0 0.0540 689 18 937 253 6 0.0527 659 1 1023 149 13 0.0524 665 0 1023 152 8 0.0524 662 0 1015 149 13 0.0520 629 26 885 261 3 0.0504 68 791 307 1023 10 0.0504 60 796 305 1021
G6VSLLNCAUTRe58X8AZ0AbDX17ctUz8Z,7 0.0659 249 647 501 887 8 0.0648 249 649 497 889 11 0.0631 244 650 501 889 5 0.0624 181 781 431 1019 8 0.0619 313 780 555 1023 8 0.0603 189 706 431 946 5 0.0599 246 714 497 956 7 0.0591 246 784 504 1022 5 0.0590 188 642 438 882 7 0.0586 316 717 568 966 11 0.0583 313 783 562 1019 0 0.0576 250 718 499 960 7 0.0574 192 708 437 944 3 0.0565 193 646 439 893 5 0.0563 311 782 555 1020 6 0.0559 193 710 441 943 0 0.0557 188 647 440 886 6 0.0556 319 720 570 966 5 0.0553 303 648 557 892 0 0.0553 307 654 557 895 10 0.0551 246 652 500 886 11 0.0546 492 611 753 826 13 0.0540 248 790 507 1023 10 0.0538 315 720 566 963 0 0.0533 310 784 561 1023 5 0.0529 496 605 748 823 3 0.0526 311 650 560 902 13 0.0525 502 609 757 828 13 0.0525 316 719 574 968 6 0.0523 249 792 504 1023 7 0.0520 504 606 753 828 1 0.0519 308 774 560 1023 10 0.0518 186 710 432 943 10 0.0518 246 790 500 1021 13 0.0516 251 650 507 889 0 0.0513 0 682 348 859 2 0.0511 315 788 565 1022 9 0.0509 241 651 501 886 8 0.0508 501 611 743 823 0 0.0503 183 785 434 1023
sslAD8wihYLiXQwrICRATKlbIR0C1RQv,8 0.0644 250 202 480 441 8 0.0644 114 267 356 503 0 0.0624 318 198 560 439 11 0.0624 434 199 700 443 0 0.0619 437 198 699 446 8 0.0619 444 398 691 648 11 0.0618 447 468 696 698 5 0.0614 500 272 766 523 0 0.0611 260 514 502 762 11 0.0609 447 334 699 577 8 0.0609 315 263 556 508 5 0.0608 375 196 627 441 13 0.0606 449 466 702 698 5 0.0606 494 134 755 381 8 0.0606 438 196 692 446 5 0.0604 378 328 629 573 5 0.0603 564 414 826 645 7 0.0602 379 199 632 447 11 0.0602 311 197 556 437 11 0.0598 255 448 514 688 3 0.0598 441 198 699 451 0 0.0598 260 387 513 642 5 0.0596 254 388 511 636 7 0.0596 502 140 762 384 8 0.0594 383 328 627 573 11 0.0592 314 328 569 568 6 0.0590 446 266 702 511 11 0.0590 378 399 635 642 8 0.0589 508 342 771 597 7 0.0586 251 201 493 445 0 0.0585 381 332 634 576 8 0.0584 519 466 764 721 5 0.0584 311 260 559 508 8 0.0582 324 393 570 637 6 0.0582 385 334 636 574 11 0.0579 376 269 636 511 0 0.0579 256 270 500 515 6 0.0577 443 130 693 375 6 0.0577 378 202 631 441 6 0.0577 263 392 519 634 5 0.0576 440 396 694 643 3 0.0575 454 333 696 585 8 0.0575 252 328 496 571 13 0.0575 252 203 494 445 7 0.0573 447 265 700 514 11 0.0570 516 532 768 770 10 0.0569 449 337 702 577 0 0.0568 186 206 422 446 7 0.0567 565 786 823 1023 13 0.0567 441 198 703 443 7 0.0567 314 263 565 514 13 0.0566 380 400 641 645 6 0.0566 315 265 566 507 11 0.0565 250 271 500 508 11 0.0565 570 217 831 454 5 0.0564 188 450 436 700 6 0.0562 252 201 490 443 6 0.0561 195 456 445 702 6 0.0560 447 403 699 644 0 0.0558 506 279 772 526 6 0.0555 261 517 512 758 13 0.0554 384 272 640 513 10 0.0554 383 458 633 692 10 0.0552 316 332 565 568 13 0.0552 566 479 820 709 10 0.0551 436 200 700 443 13 0.0551 452 336 704 578 2 0.0551 444 269 697 514 3 0.0551 564 477 815 713 7 0.0550 259 81 510 330 3 0.0550 454 464 697 708 3 0.0550 315 263 559 514 6 0.0549 511 346 779 592 8 0.0548 321 508 563 748 0 0.0548 445 404 693 649 0 0.0548 559 479 817 709 7 0.0547 515 343 778 594 7 0.0546 262 521 509 757 5 0.0546 253 511 500 758 10 0.0545 377 270 636 510 0 0.0545 193 455 440 708
K18ZQ4R2TmJ1zwsVvbgFAluzzN0PGRHu,11 0.0686 444 659 699 905 5 0.0683 505 711 757 958 5 0.0680 373 776 620 1019 11 0.0679 502 600 766 837 8 0.0676 513 770 753 1018 5 0.0672 447 596 702 845 8 0.0666 376 773 618 1021 8 0.0663 383 658 634 911 0 0.0654 502 658 764 904 8 0.0652 504 658 761 903 11 0.0652 561 673 830 903 3 0.0642 383 659 638 911 11 0.0642 443 777 689 1016 7 0.0642 383 658 640 909 0 0.0639 380 656 638 913 7 0.0637 513 773 759 1019 5 0.0631 378 657 633 908 3 0.0629 510 658 765 903 6 0.0628 445 654 702 906 0 0.0623 509 773 758 1019 7 0.0622 377 776 627 1023 2 0.0620 505 601 768 841 7 0.0618 453 596 706 848 10 0.0612 450 599 705 844 6 0.0596 565 671 833 907 6 0.0596 514 777 759 1018 13 0.0596 379 777 629 1023 2 0.0592 445 659 700 908 10 0.0590 562 674 829 904 2 0.0584 445 779 693 1019 13 0.0583 506 598 770 842 6 0.0580 504 597 768 840 3 0.0578 515 774 757 1021 3 0.0574 378 777 624 1023 13 0.0572 517 776 761 1020 10 0.0572 381 663 638 909 13 0.0571 448 657 705 908 10 0.0566 445 780 694 1018 0 0.0565 373 775 623 1023 6 0.0565 378 780 625 1021 2 0.0561 564 673 830 906 9 0.0561 512 776 755 1016 12 0.0555 506 659 762 904 11 0.0552 623 471 873 700 1 0.0550 506 708 759 959 0 0.0550 617 558 873 777 13 0.0549 566 670 833 909 12 0.0543 383 659 638 910 9 0.0535 501 659 762 901 1 0.0529 439 772 690 1019 5 0.0523 613 559 871 777 9 0.0522 376 659 634 908 1 0.0522 499 594 764 841 9 0.0521 372 779 623 1019 4 0.0513 511 774 757 1016 4 0.0512 452 598 707 845 4 0.0510 383 660 640 908
ug6IEUJq6vK1VHmSOQE7O9FzHWihgWCo,5 0.0616 307 318 569 571 11 0.0598 378 212 651 456 5 0.0590 364 399 631 635 8 0.0578 370 399 623 637 0 0.0572 512 346 772 586 5 0.0568 504 340 769 582 11 0.0568 377 333 644 570 13 0.0562 1 341 242 577 11 0.0560 0 344 239 569 0 0.0559 510 224 767 463 3 0.0557 383 213 655 463 7 0.0548 385 331 649 573 0 0.0546 378 210 653 459 5 0.0543 507 219 760 458 5 0.0542 375 206 650 452 8 0.0539 315 325 563 571 7 0.0533 386 210 656 455 3 0.0532 514 350 770 594 0 0.0532 380 333 645 572 11 0.0531 509 349 768 580 13 0.0530 318 328 576 575 10 0.0529 380 213 654 455 0 0.0527 661 342 895 581 13 0.0523 386 213 659 459 6 0.0522 316 325 576 573 6 0.0521 515 346 773 583 11 0.0519 509 228 766 458 6 0.0518 515 226 768 457 8 0.0514 379 211 644 458 3 0.0513 383 335 649 578 0 0.0511 371 463 619 703 11 0.0511 367 528 613 771 8 0.0509 372 673 618 912 0 0.0504 322 143 579 382 3 0.0504 512 228 763 467 11 0.0504 321 144 580 379 6 0.0503 368 399 640 635 6 0.0501 3 339 238 575
HhjXIxyhnLCJsSXHdpLcxtVjkVin2XGf,11 0.0537 419 28 691 240 11 0.0519 430 465 716 701 0 0.0516 428 464 718 702 8 0.0507 424 26 674 248
mPdyOQ06sheqlezSb2KS7EufETq3FkND,7 0.0561 450 519 698 766 7 0.0553 529 334 777 562 0 0.0549 583 408 819 627 13 0.0548 451 526 704 762 11 0.0540 585 466 818 697 0 0.0539 447 523 696 761 8 0.0539 524 337 769 564 11 0.0538 445 526 694 757 7 0.0538 465 389 714 636 8 0.0538 458 266 699 503 8 0.0536 578 408 813 625 3 0.0533 529 339 774 573 11 0.0532 364 8 622 237 0 0.0531 530 335 776 567 6 0.0530 448 526 702 761 6 0.0524 458 0 703 236 5 0.0519 579 404 814 622 5 0.0518 367 66 635 298 11 0.0518 312 524 566 773 11 0.0517 382 146 649 362 0 0.0516 463 390 709 639 8 0.0516 449 520 687 759 6 0.0514 589 469 823 697 6 0.0513 463 397 716 637 5 0.0512 438 517 693 758 11 0.0511 527 339 774 562 7 0.0507 461 268 707 504 5 0.0505 312 515 562 766 11 0.0503 643 409 883 630 6 0.0503 530 338 779 562 13 0.0501 584 411 830 625 8 0.0500 459 391 700 636
EtAD78T83sGC3rNCJfcXRFrSkgQAk4On,11 0.0556 301 794 549 1018 11 0.0549 363 660 639 892 6 0.0543 372 654 641 893 5 0.0540 363 653 635 894 8 0.0530 368 659 631 897 7 0.0526 372 657 641 895 11 0.0524 187 799 447 1023 11 0.0522 627 239 905 467 13 0.0520 373 656 645 897 11 0.0510 424 722 701 957 7 0.0509 333 270 590 511 13 0.0508 195 801 460 1023 6 0.0508 637 240 910 470 0 0.0506 368 654 639 894 3 0.0504 331 280 588 514 7 0.0504 6 664 253 900 11 0.0502 326 281 588 507 5 0.0502 51 214 313 436 0 0.0501 327 281 587 509
FWP4HkVnAI4m0hMqB9Veuj7DLAB6GTp0,8 0.0602 385 342 629 573 11 0.0595 384 342 639 571 0 0.0587 385 341 634 576 7 0.0583 386 338 639 577 5 0.0566 446 343 690 564 3 0.0557 389 340 634 578 8 0.0556 2 28 230 261 6 0.0551 389 342 640 576 10 0.0543 384 347 637 575 2 0.0537 456 355 697 567 5 0.0533 0 423 235 661 13 0.0532 386 342 644 575 11 0.0531 374 467 636 697 0 0.0516 512 346 760 572
BxHarhobE6EaGa5HycfxkUQouiNR9q81,11 0.0609 175 460 448 690 5 0.0591 173 455 436 691 8 0.0588 626 0 876 214 6 0.0587 630 1 884 211 0 0.0574 621 2 884 212 7 0.0561 177 524 449 762 13 0.0548 630 0 890 213 5 0.0546 621 0 880 209 0 0.0545 175 520 444 762 5 0.0542 245 316 504 563 3 0.0540 181 460 440 699 11 0.0539 621 1 885 212 5 0.0539 374 266 628 502 11 0.0536 379 401 634 631 13 0.0533 181 458 449 698 11 0.0533 335 19 583 256 8 0.0528 181 456 434 695 11 0.0528 321 333 578 573 10 0.0526 187 542 556 721 6 0.0520 182 458 443 693 3 0.0515 625 3 885 218 11 0.0509 376 271 634 503 8 0.0509 383 342 629 578 7 0.0508 383 269 634 508 3 0.0505 251 321 507 575 3 0.0505 326 270 573 507 2 0.0505 175 526 442 760 8 0.0504 254 321 496 564 8 0.0503 338 20 574 259 6 0.0501 383 346 645 578 10 0.0501 626 2 883 211
UbvztGjWC27FO4EVwkzSEgNUUj3D4sv1,5 0.0654 136 868 498 1021 8 0.0648 316 786 555 1022 8 0.0645 140 868 494 1023 5 0.0642 309 786 557 1020 7 0.0630 143 868 508 1023 0 0.0629 211 868 570 1023 5 0.0618 247 717 496 964 7 0.0615 315 788 564 1023 11 0.0614 311 788 559 1019 0 0.0613 311 584 564 815 11 0.0608 139 870 503 1022 7 0.0607 249 388 491 631 7 0.0606 385 720 630 963 10 0.0605 134 874 502 1023 8 0.0603 315 655 554 885 6 0.0601 145 874 505 1023 10 0.0598 313 791 559 1023 0 0.0591 316 716 568 971 5 0.0591 439 787 674 1018 7 0.0591 253 720 502 967 0 0.0587 443 789 680 1023 10 0.0584 249 726 499 963 13 0.0583 316 791 566 1023 8 0.0578 253 719 493 964 11 0.0578 368 531 624 754 7 0.0574 316 654 564 887 11 0.0571 248 723 503 961 11 0.0568 310 657 559 888 7 0.0567 373 529 629 753 6 0.0567 317 720 570 963 5 0.0563 375 718 623 957 7 0.0560 448 787 686 1021 0 0.0560 381 657 625 891 11 0.0560 445 790 678 1019 5 0.0555 367 526 622 752 10 0.0554 313 658 561 889 5 0.0553 307 651 557 886 2 0.0553 207 871 570 1023 8 0.0552 446 787 671 1022 11 0.0551 244 392 489 636 5 0.0551 246 442 499 689 8 0.0548 370 587 619 810 8 0.0546 382 722 620 958 3 0.0542 319 713 569 969 13 0.0537 142 873 512 1023 11 0.0534 378 724 627 958 9 0.0532 134 870 507 1022 0 0.0528 247 448 499 695 3 0.0525 382 657 627 896 3 0.0525 313 587 565 818 2 0.0518 313 589 563 813 13 0.0517 450 791 688 1023 8 0.0517 247 448 486 691 9 0.0516 310 789 561 1021 13 0.0515 316 655 568 888 6 0.0513 444 728 694 950 6 0.0511 311 587 568 813 8 0.0511 68 802 314 1023 3 0.0511 210 866 570 1023 10 0.0511 444 792 679 1021 2 0.0509 316 723 569 968 6 0.0508 382 661 627 886 3 0.0507 250 450 499 698 3 0.0506 377 532 626 762 11 0.0505 434 596 684 803 10 0.0503 381 724 628 956 13 0.0502 253 721 507 967
45psej7axdItYtuEJ8oJeAlD8vfVce34,7 0.0557 445 810 696 1018 0 0.0533 441 812 692 1022 0 0.0518 0 481 263 714 11 0.0514 408 478 778 662
Y3SZs0cJXWwGIvtlt7wbK1xrSCJZLHa2,5 0.0695 198 871 566 1021 8 0.0685 271 867 628 1023 7 0.0653 255 778 504 1019 11 0.0646 254 778 501 1018 0 0.0627 324 775 567 1023 5 0.0617 313 717 564 955 0 0.0616 250 718 505 960 10 0.0613 198 874 569 1023 10 0.0608 189 717 433 951 13 0.0595 326 776 572 1023 6 0.0593 208 876 574 1023 2 0.0592 205 876 572 1023 7 0.0592 321 717 568 960 10 0.0590 318 724 564 958 11 0.0588 191 716 437 950 11 0.0584 315 719 565 957 7 0.0575 197 714 437 950 9 0.0570 254 781 503 1018 8 0.0570 322 716 563 959 3 0.0565 272 869 634 1023 5 0.0550 186 708 433 950 3 0.0541 252 719 503 960 13 0.0541 253 718 512 959 6 0.0534 194 718 442 949 8 0.0532 192 714 431 953 12 0.0527 276 868 633 1023 4 0.0526 203 873 577 1023 9 0.0519 312 721 567 956 1 0.0519 321 770 567 1023 6 0.0517 318 723 571 960 2 0.0513 319 723 568 961 2 0.0500 191 719 439 958
mh4NQK7DlZUnBcY8CLHcfcHnE00zU8cx,11 0.0550 363 456 629 667 7 0.0546 256 588 509 821 11 0.0543 252 653 516 878 11 0.0531 434 395 692 620 0 0.0521 295 730 572 963 11 0.0521 293 733 573 957 8 0.0503 300 731 566 958
Nc4KbjeHvvmfTdhlh1mkOV2L5dXGquLM,11 0.0591 315 403 572 629 13 0.0568 768 0 1023 198 8 0.0560 1 0 357 145 8 0.0557 763 0 1012 197 5 0.0543 0 0 362 146 13 0.0543 3 0 384 148 0 0.0541 2 0 371 148 11 0.0541 120 2 386 192 5 0.0531 756 0 1015 196 5 0.0523 32 0 219 391 8 0.0521 324 404 565 635 0 0.0520 760 2 1021 198 8 0.0514 37 0 216 388 6 0.0510 76 1 332 198 3 0.0509 324 404 570 639 3 0.0504 4 1 370 147 7 0.0501 322 399 573 635
plRhmm7SLj80pY7Y9koTJRddsg0nqOwC,11 0.0688 129 679 502 858 0 0.0670 309 648 569 905 8 0.0670 132 675 494 858 5 0.0666 173 585 430 829 0 0.0664 132 616 494 799 7 0.0662 134 677 507 858 5 0.0652 240 641 502 891 7 0.0646 310 646 574 900 10 0.0639 175 593 432 829 11 0.0625 304 652 568 899 8 0.0625 310 648 564 898 11 0.0621 127 714 375 960 10 0.0615 241 648 506 892 0 0.0615 193 704 442 957 5 0.0608 313 701 558 956 6 0.0605 307 648 571 900 7 0.0602 182 529 437 767 3 0.0602 309 648 570 907 11 0.0591 115 535 378 768 3 0.0586 184 645 443 897 8 0.0583 180 532 432 766 13 0.0579 135 677 508 859 6 0.0578 193 709 447 958 6 0.0571 133 619 498 797 2 0.0563 245 649 503 893 13 0.0563 318 703 568 960 10 0.0562 315 706 565 954 9 0.0543 177 590 433 827 2 0.0533 317 708 561 958 2 0.0533 178 594 431 830 3 0.0529 183 533 435 776 4 0.0527 180 592 438 831 1 0.0521 180 641 442 896 9 0.0516 190 707 440 951 13 0.0510 183 530 440 772 12 0.0507 137 677 506 859 1 0.0501 305 644 569 902
l2LSqeNfaBBfRtS9HRFCQRYnYBa6qDO8,7 0.0603 249 591 500 824 5 0.0595 243 587 495 826 11 0.0588 244 594 498 824 0 0.0563 248 593 499 830 8 0.0553 249 592 490 826 3 0.0546 250 591 500 833 8 0.0543 133 647 376 914 10 0.0529 245 597 498 824 11 0.0519 127 652 387 911 7 0.0516 136 649 388 913 0 0.0515 127 652 391 915 6 0.0510 250 591 503 826 10 0.0501 126 657 379 914
QuRzYX1CqaelPEJxwnUIP2hi6PyzCW8g,0 0.0624 306 0 564 194 13 0.0619 309 0 574 194 6 0.0581 309 3 571 198 5 0.0578 372 10 631 255 8 0.0571 307 0 559 193 7 0.0568 308 0 569 197 11 0.0564 614 766 885 988 6 0.0556 616 762 889 988 5 0.0553 376 146 635 384 11 0.0553 303 2 568 192 8 0.0549 376 150 631 380 6 0.0545 382 151 645 381 0 0.0542 380 152 642 381 0 0.0537 613 759 886 999 11 0.0529 377 152 642 379 8 0.0527 304 87 563 319 5 0.0525 302 77 564 320 6 0.0522 310 84 575 322 3 0.0518 381 15 633 260 9 0.0510 301 0 565 192 13 0.0506 380 151 650 382 10 0.0502 305 4 564 194 13 0.0500 307 81 582 319
pMuZrzg1W6JUf1Fv7rmJqG7i5l0RmVca,7 0.0612 297 407 659 579 11 0.0585 319 391 580 612 5 0.0576 248 19 491 248 5 0.0570 383 6 615 237 13 0.0566 183 22 439 258 7 0.0564 320 26 561 250 8 0.0561 258 28 486 248 11 0.0559 242 528 501 764 11 0.0556 244 27 492 249 3 0.0553 325 394 580 621 7 0.0552 258 262 508 497 5 0.0551 177 463 426 698 0 0.0551 328 456 579 679 0 0.0549 256 24 492 251 11 0.0548 185 669 443 896 11 0.0548 176 463 434 699 5 0.0547 317 386 572 613 11 0.0545 243 161 502 386 7 0.0540 187 389 424 623 11 0.0539 252 266 507 498 8 0.0537 250 163 488 388 11 0.0535 449 412 704 629 13 0.0534 252 161 509 389 13 0.0533 257 267 512 501 3 0.0533 254 267 507 504 8 0.0531 325 390 570 616 7 0.0529 253 155 504 388 0 0.0529 251 262 504 497 8 0.0529 187 391 417 630 8 0.0526 252 266 492 500 6 0.0525 334 457 586 679 5 0.0524 504 202 749 423 10 0.0524 250 27 492 245 5 0.0524 308 76 562 301 8 0.0523 319 89 557 305 11 0.0522 382 19 617 237 13 0.0522 185 464 434 706 11 0.0522 370 586 631 815 7 0.0520 331 455 584 680 5 0.0520 243 149 497 385 3 0.0520 253 159 499 395 8 0.0519 180 77 416 312 5 0.0519 247 257 501 494 0 0.0517 644 616 895 841 11 0.0515 293 658 566 888 2 0.0514 183 472 428 702 7 0.0512 183 20 438 256 5 0.0512 555 99 816 320 5 0.0510 627 399 886 635 0 0.0510 290 411 644 579 11 0.0510 375 802 628 1014 6 0.0507 314 157 579 375 5 0.0506 428 654 703 878 5 0.0506 243 529 495 763 0 0.0505 251 532 502 770 11 0.0505 483 800 750 1021 0 0.0504 313 155 569 375 6 0.0504 255 28 496 250 5 0.0503 641 605 887 842 0 0.0502 392 19 616 241 0 0.0501 489 801 754 1023
q63f8tVNVyrMKC97p6HmUn3MgHdwSWIs,11 0.0577 428 334 690 565 0 0.0545 754 3 1009 199 0 0.0543 370 392 646 634 8 0.0542 754 0 1003 196 5 0.0535 120 352 379 572 6 0.0532 247 332 521 560 11 0.0521 239 333 519 559 6 0.0520 132 355 393 573 5 0.0517 745 0 1008 198 11 0.0517 749 2 1011 194 7 0.0516 249 330 520 563 8 0.0515 437 396 682 632 0 0.0512 242 331 517 559 7 0.0509 435 333 692 568 13 0.0509 133 359 400 577 11 0.0509 370 729 631 954 5 0.0507 311 389 580 628 5 0.0505 241 326 510 558 7 0.0502 130 359 394 576 6 0.0501 320 395 586 629 3 0.0500 757 1 1012 200
5ikiT3X0ko0i7IxjlqE97goRwj9CTOPi,11 0.0568 376 282 649 508 3 0.0542 386 280 648 514 7 0.0538 387 277 649 509 6 0.0535 375 220 636 447 6 0.0530 250 326 513 566 5 0.0530 302 581 565 822 6 0.0524 311 148 576 382 11 0.0517 301 150 572 382 5 0.0517 424 337 689 564 11 0.0516 242 330 510 566 6 0.0516 251 461 502 697 0 0.0513 246 328 509 568 13 0.0506 249 461 505 705 11 0.0504 312 471 581 698
WtHbuRs0iMRp4eiyU7UamE1IIEBNRCZC,8 0.0566 189 267 440 513 5 0.0556 183 331 433 571 8 0.0547 265 328 506 563 0 0.0539 256 249 515 496 6 0.0536 181 417 442 641 5 0.0534 508 216 769 444 11 0.0530 234 732 497 957 5 0.0521 251 249 507 492 8 0.0503 177 413 426 640 11 0.0503 254 324 519 559 0 0.0501 471 0 832 148 7 0.0501 209 195 447 436
haTTISS2uhCdxLxPfPLAMjmEbaGjUbKG,5 0.0659 246 458 505 708 5 0.0640 319 394 575 637 11 0.0630 372 601 631 832 0 0.0630 324 399 580 639 8 0.0627 375 601 618 829 5 0.0627 256 329 513 568 0 0.0617 260 335 517 573 0 0.0598 322 255 586 494 8 0.0597 446 529 696 765 6 0.0596 264 336 523 570 0 0.0595 179 275 444 511 11 0.0592 313 666 579 909 11 0.0591 448 404 704 639 6 0.0591 456 341 720 586 6 0.0591 325 402 585 637 11 0.0590 440 527 704 761 8 0.0585 450 402 700 645 11 0.0581 257 335 515 567 13 0.0577 326 401 587 640 11 0.0576 322 403 581 635 11 0.0573 456 282 719 505 7 0.0569 263 334 516 572 7 0.0567 328 397 580 641 8 0.0565 266 401 507 644 3 0.0564 313 591 569 839 8 0.0564 177 342 440 575 0 0.0563 251 463 512 709 5 0.0563 446 400 698 641 7 0.0561 184 271 448 507 6 0.0559 321 665 579 908 5 0.0558 448 272 714 504 11 0.0558 510 469 768 705 5 0.0557 372 597 624 831 5 0.0555 178 270 436 505 13 0.0553 262 335 524 575 6 0.0552 376 601 630 829 5 0.0552 320 252 582 487 0 0.0551 450 466 702 711 11 0.0551 323 259 589 488 11 0.0547 235 199 509 426 2 0.0547 268 407 511 644 7 0.0546 252 461 507 708 0 0.0544 240 197 503 430 8 0.0544 319 668 571 909 2 0.0543 451 412 704 643 11 0.0542 178 273 447 505 8 0.0540 179 212 434 455 5 0.0538 247 588 511 829 13 0.0536 331 254 599 493 6 0.0535 255 462 515 704 11 0.0534 510 344 776 579 8 0.0532 512 469 760 712 3 0.0532 264 401 516 648 13 0.0532 319 666 584 914 0 0.0530 317 590 569 833 7 0.0530 329 255 590 494 6 0.0529 181 208 444 453 5 0.0529 507 335 770 577 5 0.0529 438 524 698 763 9 0.0528 321 402 574 632 6 0.0528 329 258 596 491 6 0.0528 256 593 519 827 2 0.0527 326 264 583 492 3 0.0526 455 464 702 712 11 0.0525 176 406 448 639 6 0.0523 449 464 707 707 7 0.0522 378 600 629 831 8 0.0521 511 341 773 583 11 0.0521 248 593 516 830 5 0.0516 312 660 573 907 13 0.0515 453 404 709 641 7 0.0515 246 198 506 430 7 0.0515 454 460 705 704 6 0.0515 594 286 849 521 13 0.0513 251 464 515 712 13 0.0513 376 602 631 833 8 0.0512 248 593 503 829 0 0.0512 455 341 711 588 11 0.0511 247 462 508 705 2 0.0510 317 596 571 830 0 0.0509 175 408 451 644 2 0.0507 456 283 726 507 10 0.0507 517 419 768 653 6 0.0505 184 403 452 644 0 0.0504 521 280 780 516 13 0.0504 444 532 707 765 10 0.0503 263 341 515 567 13 0.0503 183 275 453 511 10 0.0503 251 466 504 708 10 0.0501 375 605 626 831 10 0.0501 326 403 581 638
tPxW4Z0y1jdpcrmBeuLrsA5xk1X1tx1z,8 0.0563 458 280 691 499 11 0.0536 370 212 628 429 5 0.0536 499 206 748 435 11 0.0530 374 338 642 563 8 0.0527 113 348 372 593 6 0.0521 451 216 699 442 7 0.0512 383 331 645 568 11 0.0511 621 2 884 198 8 0.0509 508 210 743 435 5 0.0508 684 0 945 201 5 0.0504 106 355 381 589 5 0.0500 452 274 695 494
eALyJI6HQIHC0Pu5HSpWVX1gFvDYF0IL,11 0.0639 202 803 568 975 0 0.0607 206 802 567 977 7 0.0602 208 802 571 977 7 0.0597 513 145 764 382 11 0.0585 396 141 638 369 8 0.0579 37 800 374 981 11 0.0577 569 78 835 316 0 0.0574 31 803 382 981 5 0.0568 204 798 560 974 0 0.0567 509 147 757 382 11 0.0567 32 806 387 978 8 0.0563 569 194 814 440 10 0.0562 34 803 377 980 11 0.0555 571 196 825 437 8 0.0550 207 802 554 975 11 0.0548 509 23 765 251 6 0.0548 512 151 763 380 10 0.0546 202 804 561 975 0 0.0544 391 141 636 372 8 0.0539 325 135 567 377 3 0.0539 208 803 565 981 0 0.0537 572 81 831 321 7 0.0534 574 77 836 319 2 0.0534 572 202 828 440 5 0.0532 506 138 757 381 13 0.0531 212 802 573 977 7 0.0531 42 801 385 981 5 0.0528 565 73 832 317 3 0.0528 573 78 836 327 8 0.0527 569 79 826 315 5 0.0525 321 132 569 372 5 0.0524 28 802 376 979 3 0.0523 41 803 381 986 8 0.0521 506 22 758 252 8 0.0517 463 145 709 389 5 0.0514 385 48 629 285 3 0.0511 325 138 576 384 2 0.0508 573 84 837 316 11 0.0507 240 144 507 395 6 0.0507 571 79 839 317
O5U0PZ0HNccUw9r4Fhxs1cTHj2CmyodY,0 0.0625 347 360 710 546 5 0.0591 253 255 504 506 11 0.0584 346 360 712 541 8 0.0584 351 359 699 541 0 0.0582 327 475 695 667 5 0.0582 396 412 755 599 5 0.0574 433 462 694 700 7 0.0567 402 537 757 722 11 0.0567 618 534 896 775 5 0.0565 615 453 881 696 0 0.0560 388 538 753 724 13 0.0550 353 359 716 542 11 0.0546 392 537 753 719 11 0.0546 255 263 506 504 3 0.0542 413 417 762 602 11 0.0540 622 402 899 641 0 0.0539 624 538 895 778 11 0.0539 333 475 692 661 2 0.0537 393 542 753 721 13 0.0535 342 474 699 663 8 0.0533 258 260 497 508 3 0.0532 399 537 748 726 7 0.0531 263 258 508 509 2 0.0530 405 422 763 599 8 0.0529 626 536 885 776 7 0.0528 619 460 890 701 6 0.0528 261 262 505 506 6 0.0528 408 417 768 597 2 0.0527 335 480 692 661 7 0.0522 407 417 770 601 8 0.0521 394 537 742 722 6 0.0520 400 537 758 721 7 0.0516 339 476 701 661 0 0.0515 257 257 504 511 3 0.0512 340 477 690 666 8 0.0512 332 475 684 663 6 0.0512 627 459 888 699 11 0.0508 499 271 749 496 10 0.0503 369 395 632 627 3 0.0503 261 263 503 514 3 0.0502 625 461 884 705 7 0.0502 450 597 710 830
tExqbJ3yhjYQdPdKOwIMYF5mlpVRJmHQ,11 0.0567 760 396 1017 644 0 0.0523 761 393 1012 646 5 0.0502 757 387 1012 642 8 0.0501 764 388 1006 645
i4Nm2tUiJZnopljvsHGD3RflccCxw1PU,7 0.0586 114 785 355 1015 7 0.0566 298 411 590 628 11 0.0565 367 783 621 1012 7 0.0560 372 782 627 1015 5 0.0548 363 780 622 1013 0 0.0548 299 413 586 633 7 0.0543 445 382 707 621 8 0.0541 369 780 613 1015 8 0.0540 440 387 700 620 7 0.0533 178 602 435 828 11 0.0523 239 283 519 508 0 0.0521 365 786 622 1018 11 0.0517 240 787 491 1015 11 0.0516 172 666 426 895 11 0.0514 298 344 592 566 7 0.0514 249 474 521 699 0 0.0512 243 283 520 519 11 0.0512 368 448 636 677 8 0.0511 107 676 345 895 0 0.0507 103 676 353 901 8 0.0505 302 412 579 624 8 0.0505 250 278 506 516 5 0.0503 178 787 423 1018 11 0.0503 232 409 509 631 8 0.0501 184 787 416 1020
RFOHh3AAakwREW6RvbP1mk0ziOvGbeC9,0 0.0605 119 406 366 656 6 0.0578 119 408 372 654 11 0.0574 112 412 372 651 5 0.0567 112 401 366 650 7 0.0549 129 460 373 726 6 0.0547 195 340 440 575 0 0.0544 191 341 437 579 8 0.0531 116 405 359 657 13 0.0524 121 348 385 584 5 0.0519 189 335 432 572 11 0.0518 187 345 440 571 0 0.0509 1 428 270 663 7 0.0503 245 793 500 1020 7 0.0500 123 343 379 581
3QCRGabCipZtM6jnVVyr784KJYvMG8MU,11 0.0545 389 272 636 505 0 0.0524 317 455 576 704 0 0.0516 391 267 633 507 3 0.0504 393 267 637 513 7 0.0502 393 265 637 509 0 0.0500 317 128 586 375
W8SYNG5Ctef0iLcUB7ysUuQzPpKY3fst,11 0.0668 0 671 331 855 8 0.0644 1 669 322 853 11 0.0629 379 468 636 710 11 0.0625 305 666 565 894 5 0.0610 249 590 503 817 11 0.0610 392 672 770 851 0 0.0604 395 668 774 853 7 0.0604 382 659 640 897 10 0.0601 253 598 505 821 0 0.0595 254 594 508 825 5 0.0594 0 667 316 854 5 0.0593 371 595 625 833 7 0.0593 384 467 640 709 7 0.0593 456 726 705 966 0 0.0592 451 606 840 792 0 0.0591 383 466 635 711 7 0.0591 309 731 556 960 11 0.0589 252 595 507 821 11 0.0588 452 610 839 788 8 0.0588 255 592 503 823 7 0.0586 0 670 329 853 7 0.0578 258 596 510 822 8 0.0578 312 662 561 896 0 0.0577 0 609 311 792 11 0.0575 447 730 699 964 8 0.0573 461 605 829 789 5 0.0570 449 604 833 787 13 0.0570 4 672 333 853 3 0.0567 466 607 845 794 10 0.0567 0 673 327 852 3 0.0566 380 602 627 837 0 0.0565 309 660 568 900 8 0.0561 508 659 759 902 8 0.0559 378 601 619 834 5 0.0559 302 724 552 953 6 0.0555 465 606 844 788 13 0.0554 318 594 564 821 8 0.0554 382 468 629 708 3 0.0553 310 663 565 900 11 0.0553 629 462 883 691 3 0.0552 445 657 704 900 13 0.0551 312 730 557 958 3 0.0550 256 596 506 827 7 0.0549 463 608 845 787 6 0.0549 400 668 774 849 7 0.0546 510 662 771 903 13 0.0543 387 469 641 709 10 0.0543 304 666 564 894 3 0.0542 385 470 636 714 10 0.0540 373 602 626 832 11 0.0537 560 673 830 912 13 0.0537 446 661 708 899 6 0.0537 314 596 562 817 6 0.0529 4 612 319 790 3 0.0527 5 607 312 795 0 0.0522 452 727 700 969 5 0.0522 377 464 633 704 10 0.0521 439 658 704 896 2 0.0520 1 613 315 793 1 0.0520 0 664 325 856 0 0.0519 562 665 832 917 6 0.0517 707 460 948 700 5 0.0516 444 721 695 964 2 0.0515 255 598 509 825 0 0.0513 700 455 944 701 6 0.0511 454 724 701 966 8 0.0511 455 729 691 965 6 0.0511 384 469 637 708 0 0.0509 4 240 245 462 0 0.0509 635 524 888 764
yoi5OdB282q79PyApKJTdv9GkuY9OgCQ,7 0.0589 182 786 434 1023 0 0.0585 178 793 433 1023 8 0.0584 183 788 425 1022 11 0.0579 180 792 429 1020 5 0.0578 441 275 704 504 5 0.0578 179 785 424 1019 11 0.0564 309 137 562 377 11 0.0560 382 408 636 638 6 0.0559 180 791 435 1023 5 0.0555 344 865 705 1022 8 0.0555 290 874 633 1021 11 0.0547 374 280 637 506 0 0.0545 519 213 778 451 0 0.0541 183 663 443 891 11 0.0541 182 665 439 884 7 0.0539 187 658 442 887 10 0.0535 180 674 438 885 8 0.0535 184 666 435 889 2 0.0532 181 796 432 1023 8 0.0531 383 138 621 374 0 0.0530 288 878 641 1023 8 0.0530 449 279 702 509 8 0.0529 76 341 329 598 7 0.0529 389 406 638 642 3 0.0527 182 793 431 1023 6 0.0523 320 139 564 380 3 0.0520 375 279 638 514 13 0.0519 390 405 638 638 11 0.0519 528 353 776 582 0 0.0518 388 532 636 776 7 0.0517 293 873 648 1023 6 0.0517 389 404 635 638 13 0.0513 382 279 644 510 0 0.0512 256 94 518 334 7 0.0512 131 293 388 525 5 0.0510 375 132 623 372 11 0.0510 286 877 641 1021 0 0.0510 380 274 636 510 6 0.0510 383 278 640 505 0 0.0509 382 140 631 378 10 0.0506 178 798 432 1022 13 0.0506 177 787 436 1023 3 0.0504 294 877 641 1023 0 0.0502 527 350 770 586 6 0.0502 183 662 445 886 7 0.0502 384 136 635 374
lWJmkKHKYrnBTX3SSnmcNLpxWJ25hrUq,14 1.0 0 0 1 1
rLF6YhpAghnFW38jic5ID9kOsoQDnBcw,11 0.0619 439 678 707 888 8 0.0605 371 707 624 952 11 0.0598 365 713 630 951 7 0.0585 372 709 638 951 5 0.0579 362 706 627 949 13 0.0550 371 713 637 955 0 0.0537 371 707 630 955 7 0.0536 451 676 711 887 6 0.0529 444 680 707 890 10 0.0527 292 671 566 896 10 0.0521 442 680 707 885 13 0.0509 446 680 712 891
pWjn9o5CZNPRBIWUNAzMINDjTo5UkHaA,8 0.0542 437 148 682 379 6 0.0534 384 209 635 443 8 0.0515 382 203 623 444 0 0.0513 124 795 372 1023 11 0.0513 377 208 632 443 13 0.0508 438 151 692 377 8 0.0507 128 798 363 1021
LOBmpOQJwQua9VLEDYIeag6LiGVXvLXV,0 0.0602 291 525 560 766 0 0.0593 569 151 811 391 11 0.0589 176 342 426 569 8 0.0585 181 457 420 698 0 0.0576 181 460 428 698 8 0.0573 305 590 555 816 11 0.0572 173 464 433 695 0 0.0571 701 207 942 461 11 0.0568 315 400 561 623 0 0.0565 369 717 629 953 7 0.0563 304 588 568 819 7 0.0562 184 393 433 634 13 0.0560 385 659 638 879 5 0.0557 373 645 630 877 8 0.0556 374 654 623 878 5 0.0554 301 589 561 816 8 0.0546 567 149 804 382 8 0.0544 182 335 415 573 0 0.0543 559 274 831 505 11 0.0542 374 654 629 879 11 0.0539 288 526 560 762 0 0.0532 416 612 770 793 3 0.0531 187 396 431 637 5 0.0529 175 393 432 631 7 0.0529 368 721 634 946 0 0.0528 180 338 423 572 7 0.0526 319 321 564 548 8 0.0523 311 453 542 689 2 0.0522 306 599 560 820 11 0.0520 568 145 816 392 6 0.0520 379 659 635 876 11 0.0518 415 615 774 790 3 0.0518 308 451 549 695 10 0.0517 183 342 421 569 0 0.0514 315 396 563 627 7 0.0511 308 451 556 691 3 0.0507 392 265 646 494 3 0.0503 309 596 562 824 11 0.0503 445 208 707 438 8 0.0502 447 206 693 434
rduhhj3Wkba20a0c98Zc6xXc4xJg1DCv,11 0.0616 438 406 683 642 8 0.0614 312 3 554 202 6 0.0605 322 26 574 261 5 0.0604 315 18 563 259 13 0.0589 312 0 566 205 13 0.0580 572 354 828 586 11 0.0566 315 25 564 257 3 0.0566 440 404 682 648 8 0.0565 371 135 613 384 7 0.0559 312 0 561 207 11 0.0557 176 792 432 1015 0 0.0552 308 0 562 205 10 0.0548 321 29 565 260 3 0.0542 323 25 567 265 7 0.0541 245 796 498 1023 13 0.0540 373 136 624 383 13 0.0538 501 413 761 645 5 0.0538 241 210 486 439 11 0.0537 381 736 629 974 0 0.0536 375 73 623 317 5 0.0534 436 400 678 643 5 0.0532 121 428 376 654 7 0.0529 443 403 686 643 1 0.0529 306 0 559 206 0 0.0529 436 402 680 642 11 0.0528 500 279 757 512 13 0.0524 508 279 764 513 8 0.0522 244 213 481 445 10 0.0522 372 139 621 383 6 0.0521 439 405 682 643 7 0.0517 133 430 384 653 5 0.0517 500 347 748 578 7 0.0515 375 134 622 383 8 0.0514 125 427 368 660 5 0.0513 254 79 498 327 11 0.0510 240 215 493 442 3 0.0509 505 352 752 585 8 0.0506 439 404 673 643 7 0.0505 512 274 760 513 6 0.0505 258 84 507 330 8 0.0504 383 734 621 976
IptxNbkSUbjMnG4axeUKAezYVNSeUh01,11 0.0583 0 524 197 774 0 0.0582 308 218 561 467 11 0.0574 302 221 562 464 0 0.0572 0 518 196 778 6 0.0565 1 517 200 775 8 0.0564 301 219 553 463 8 0.0561 0 513 191 774 6 0.0560 307 226 568 461 7 0.0551 382 388 664 636 3 0.0545 5 516 198 779 5 0.0544 0 513 195 778 5 0.0543 297 214 560 463 7 0.0535 303 220 568 467 10 0.0532 303 230 566 462 11 0.0532 375 397 655 632 8 0.0530 299 471 564 700 3 0.0528 306 221 564 469 5 0.0518 375 384 651 632 10 0.0518 381 401 657 632 0 0.0517 381 396 654 637 13 0.0513 1 518 202 780 7 0.0510 1 515 196 779
Mu1C5hxdCDjj4nXWTtDGNXeYF2YKkhbp,5 0.0616 297 461 566 706 8 0.0609 304 466 561 707 11 0.0588 181 383 445 636 5 0.0581 176 378 443 633 7 0.0580 307 464 572 708 6 0.0576 257 455 510 710 11 0.0566 249 454 510 709 6 0.0564 323 154 602 381 5 0.0559 189 568 441 827 0 0.0557 307 464 565 707 10 0.0544 184 385 439 634 6 0.0544 365 461 631 699 6 0.0542 191 386 445 637 8 0.0539 195 571 440 832 5 0.0538 314 140 590 380 8 0.0538 187 377 436 639 10 0.0538 253 462 509 710 13 0.0534 305 464 574 706 11 0.0531 360 462 631 698 7 0.0525 188 377 445 634 13 0.0521 190 380 448 641 0 0.0516 184 380 442 636 8 0.0515 175 204 426 447 0 0.0506 194 574 443 831 9 0.0506 252 454 509 706 2 0.0506 302 467 569 705 7 0.0505 194 572 445 832 0 0.0505 467 277 718 502 6 0.0503 196 576 447 829 5 0.0501 171 203 432 437
9gt3piTLOlJGo6MDfv31D0Sc3dTMeGiM,11 0.0646 242 2 507 195 0 0.0627 505 85 767 313 5 0.0622 245 324 506 566 11 0.0618 113 539 375 764 0 0.0617 441 10 698 248 5 0.0610 184 527 428 767 5 0.0607 165 404 430 622 8 0.0600 114 533 365 766 0 0.0599 311 9 569 246 11 0.0594 440 15 698 245 8 0.0592 248 0 500 195 3 0.0591 445 10 704 253 3 0.0591 318 6 572 249 5 0.0583 299 73 569 308 5 0.0581 240 187 509 430 8 0.0581 174 403 421 628 13 0.0580 316 9 574 245 7 0.0580 119 534 376 763 11 0.0578 172 407 436 624 6 0.0578 248 0 508 194 5 0.0574 630 202 897 435 0 0.0571 176 404 432 628 8 0.0567 373 149 633 362 0 0.0563 713 20 950 244 5 0.0562 367 143 639 362 11 0.0561 636 209 900 436 11 0.0560 564 87 821 311 5 0.0560 436 3 698 246 8 0.0559 253 331 501 567 0 0.0558 115 540 371 763 0 0.0557 310 135 578 363 6 0.0556 525 104 886 274 3 0.0554 523 103 883 280 5 0.0553 561 80 819 312 5 0.0551 303 251 577 488 8 0.0550 445 10 694 248 6 0.0546 636 141 885 368 2 0.0546 314 13 567 246 8 0.0545 568 85 815 311 7 0.0545 508 14 761 258 5 0.0544 163 254 432 486 5 0.0542 46 545 304 784 6 0.0540 55 552 315 781 3 0.0539 514 158 776 384 7 0.0538 251 1 508 196 9 0.0537 436 85 702 299 13 0.0537 443 10 705 244 11 0.0534 368 152 641 362 7 0.0533 512 150 780 378 10 0.0532 46 554 312 781 11 0.0532 709 18 948 244 7 0.0530 441 79 702 310 0 0.0530 633 207 898 436 2 0.0530 439 88 698 304 11 0.0529 305 254 585 487 13 0.0529 377 150 645 360 2 0.0529 564 88 822 308 1 0.0528 550 141 828 370 11 0.0528 248 327 514 566 10 0.0528 185 533 432 767 0 0.0527 251 329 513 568 8 0.0527 512 155 768 377 13 0.0527 632 138 891 370 2 0.0526 511 159 775 374 10 0.0523 244 2 505 193 13 0.0522 567 84 827 313 1 0.0521 499 11 759 260 6 0.0521 444 12 703 247 13 0.0520 177 406 439 629 7 0.0520 632 137 889 366 2 0.0519 374 157 642 364 7 0.0519 252 331 514 569 3 0.0519 189 534 426 776 3 0.0519 172 409 430 636 2 0.0517 184 535 429 768 6 0.0516 190 330 440 552 11 0.0514 510 157 774 376 0 0.0514 183 147 444 378 5 0.0512 506 150 772 377 13 0.0512 312 200 588 432 7 0.0511 568 81 825 310 8 0.0511 711 17 942 241 13 0.0511 188 531 436 772 8 0.0510 307 258 569 489 10 0.0510 439 90 697 308 2 0.0508 506 21 757 256
csfvwk42ViU5TrZM2ZhmvgcERqYjYa6V,8 0.0646 444 203 699 445 0 0.0616 441 205 707 443 0 0.0601 387 130 647 374 5 0.0597 437 199 704 441 11 0.0593 367 20 635 260 8 0.0591 386 73 629 309 11 0.0586 441 204 707 442 7 0.0584 447 202 714 445 3 0.0582 522 144 769 405 11 0.0580 386 133 647 370 5 0.0575 382 126 641 371 3 0.0575 394 131 645 379 13 0.0573 433 276 702 512 13 0.0568 455 134 719 375 6 0.0564 392 131 648 373 6 0.0564 521 218 774 465 13 0.0562 523 217 778 465 11 0.0561 447 76 709 299 10 0.0552 382 77 640 308 0 0.0550 444 73 706 299 13 0.0547 376 19 638 259 9 0.0547 443 205 705 437 7 0.0544 377 16 636 259 6 0.0542 378 16 635 260 10 0.0542 441 209 708 445 0 0.0540 368 16 631 259 3 0.0530 377 17 632 264 8 0.0528 306 13 555 255 3 0.0524 456 73 708 307 5 0.0523 446 24 707 247 0 0.0523 583 222 840 452 1 0.0523 427 269 696 513 7 0.0523 392 127 650 375 9 0.0521 387 132 642 364 6 0.0520 431 277 703 511 1 0.0519 449 129 711 379 2 0.0516 448 206 705 446 2 0.0511 302 19 559 256 5 0.0508 574 213 834 448 8 0.0506 457 35 707 249 11 0.0504 573 225 843 449
IveTTtVgs5n9I2AfiCBMZEYtwUSVoIE3,11 0.0594 324 342 582 578 0 0.0580 331 416 578 654 11 0.0570 201 329 447 576 5 0.0567 377 289 647 521 5 0.0563 324 410 578 647 0 0.0557 271 336 521 579 7 0.0553 333 416 586 653 11 0.0552 426 610 682 827 11 0.0549 6 610 254 832 7 0.0534 206 325 457 582 8 0.0532 325 342 576 584 6 0.0530 397 359 655 585 7 0.0528 252 477 521 705 8 0.0523 250 412 506 651 0 0.0518 384 292 655 524 10 0.0517 322 289 592 509 0 0.0509 198 276 448 521 11 0.0508 250 416 513 646 5 0.0506 261 278 507 523 3 0.0504 385 562 638 786 3 0.0504 385 293 650 531 6 0.0503 332 417 586 646 6 0.0502 329 286 599 513 13 0.0501 395 360 654 588 7 0.0501 431 611 685 827 0 0.0500 10 606 249 838
Z9fTzHXgswIiKxpLRCVO2RKhpWCuiW9K,11 0.0631 564 589 820 824 11 0.0610 422 598 699 839 0 0.0602 419 596 702 842 5 0.0592 310 198 560 441 0 0.0590 569 587 823 829 7 0.0587 257 474 510 704 8 0.0586 320 673 686 854 6 0.0586 571 590 827 828 7 0.0583 425 596 706 842 6 0.0583 424 599 707 840 5 0.0579 310 596 570 847 11 0.0579 250 480 511 703 5 0.0578 246 475 503 699 0 0.0577 185 326 435 548 7 0.0575 315 600 578 852 8 0.0573 573 585 815 827 0 0.0571 254 473 508 706 0 0.0571 310 598 573 852 6 0.0570 257 480 510 701 5 0.0563 177 385 431 609 6 0.0560 314 603 577 850 0 0.0560 315 201 566 445 8 0.0556 438 264 667 499 0 0.0552 439 269 673 500 11 0.0549 312 205 568 442 11 0.0549 182 324 438 545 13 0.0547 427 600 708 841 7 0.0547 633 531 881 773 8 0.0547 181 593 424 840 8 0.0542 318 206 556 440 11 0.0540 433 404 686 637 3 0.0539 427 600 702 844 5 0.0536 419 591 700 837 11 0.0536 434 266 675 496 10 0.0535 314 604 576 846 11 0.0535 179 601 432 841 6 0.0532 315 203 567 442 10 0.0530 423 600 703 838 11 0.0527 134 471 381 695 7 0.0527 185 392 437 613 3 0.0523 316 604 577 854 13 0.0522 573 593 829 825 2 0.0522 423 601 701 838 6 0.0522 184 598 435 842 6 0.0520 442 270 675 497 13 0.0520 317 600 582 854 8 0.0519 255 477 500 703 3 0.0519 255 477 504 710 3 0.0517 574 589 821 834 10 0.0517 196 533 435 766 3 0.0517 439 403 687 646 5 0.0514 131 459 377 693 0 0.0514 135 467 376 699 5 0.0511 177 253 433 494 7 0.0510 197 525 439 765 10 0.0509 253 483 509 700 2 0.0509 441 274 672 494 6 0.0508 442 406 695 635 3 0.0508 445 272 670 506 7 0.0507 445 335 678 564 5 0.0506 563 580 820 823 5 0.0503 433 398 684 635
FoiqBSGI69WyTN5u4SmOr3MfPt3ReKWp,11 0.0648 240 209 501 452 8 0.0648 241 205 498 453 5 0.0628 302 196 562 451 0 0.0620 240 207 503 455 11 0.0612 213 165 576 345 6 0.0612 243 206 505 455 11 0.0599 618 232 900 467 5 0.0596 621 229 897 470 7 0.0593 245 208 501 454 8 0.0592 624 230 892 469 11 0.0591 574 142 827 377 13 0.0591 247 208 506 453 10 0.0589 306 203 563 455 0 0.0589 626 294 898 524 3 0.0588 246 207 500 455 6 0.0585 219 162 581 347 0 0.0584 215 163 578 349 0 0.0583 573 140 825 383 7 0.0579 628 232 900 469 13 0.0567 224 164 584 349 2 0.0567 220 166 575 347 2 0.0563 242 212 501 453 3 0.0561 223 163 572 350 9 0.0559 307 201 563 452 8 0.0559 577 139 818 379 10 0.0556 621 235 899 473 5 0.0555 572 137 824 380 3 0.0554 629 292 897 528 10 0.0554 574 143 824 380 11 0.0552 538 359 902 538 12 0.0545 246 208 501 454 5 0.0543 537 355 897 540 0 0.0541 568 384 827 641 6 0.0541 626 232 905 471 13 0.0539 574 383 835 640 7 0.0537 219 163 576 348 7 0.0536 551 357 906 542 8 0.0535 544 356 887 540 1 0.0532 304 198 565 455 10 0.0527 565 392 824 639 7 0.0524 582 141 827 377 13 0.0518 579 141 834 383 2 0.0518 576 147 825 381 6 0.0511 543 357 908 542 6 0.0510 576 142 833 380 13 0.0506 627 234 906 472 3 0.0502 579 140 827 383 4 0.0501 241 211 504 453
mkSgFtx9CBA61kMFUlAY094UamhRxrez,11 0.0685 0 514 154 865 8 0.0650 0 510 150 875 0 0.0637 0 507 156 878 7 0.0604 0 509 153 871 5 0.0587 0 504 151 877 10 0.0575 0 514 153 873 3 0.0573 1 506 153 878 0 0.0566 316 581 580 829 2 0.0565 1 517 156 871 13 0.0556 0 513 157 876 5 0.0547 373 595 641 838 1 0.0547 0 500 152 874 11 0.0546 311 460 581 695 5 0.0544 443 461 712 704 0 0.0542 453 539 714 785 11 0.0540 313 585 576 820 11 0.0532 454 467 720 709 0 0.0528 380 663 631 901 8 0.0525 450 467 709 714 6 0.0524 1 511 155 866 2 0.0523 453 476 720 707 5 0.0519 321 512 574 758 0 0.0518 317 454 584 702 7 0.0518 318 585 582 826 4 0.0517 2 519 156 876 13 0.0512 321 460 583 702 7 0.0507 457 468 723 712 12 0.0507 3 510 152 876 3 0.0502 456 465 720 719 6 0.0501 316 586 584 821
DAyslcDS7oTxIlc5qMBSeYYuFEYmKAQo,11 0.0655 305 344 565 574 0 0.0651 189 394 456 633 8 0.0649 272 422 617 596 8 0.0647 301 465 568 700 5 0.0643 569 516 817 764 5 0.0641 231 329 496 568 11 0.0639 182 333 441 567 0 0.0637 573 521 820 764 5 0.0636 261 422 622 596 11 0.0631 296 472 577 703 5 0.0628 293 464 571 704 8 0.0627 192 395 446 633 5 0.0624 710 517 960 760 6 0.0619 222 363 563 538 7 0.0617 186 330 445 571 13 0.0617 271 425 632 596 7 0.0612 304 341 564 578 11 0.0612 241 267 501 507 6 0.0609 273 424 627 595 11 0.0604 306 594 578 838 2 0.0603 215 433 557 600 13 0.0603 301 466 581 703 8 0.0602 244 266 492 505 3 0.0601 302 466 575 708 13 0.0600 194 393 458 631 3 0.0599 304 340 566 579 0 0.0599 712 523 961 760 11 0.0598 227 524 512 771 5 0.0597 244 196 509 439 7 0.0597 301 470 576 707 8 0.0597 571 518 814 765 5 0.0596 443 445 709 696 0 0.0593 178 513 446 764 7 0.0593 244 263 500 508 8 0.0591 230 521 501 768 0 0.0590 265 424 622 596 11 0.0590 319 195 582 441 0 0.0590 446 454 710 695 0 0.0587 185 270 445 509 7 0.0585 230 523 512 773 10 0.0584 265 426 624 595 2 0.0584 185 336 440 570 2 0.0578 183 461 446 699 6 0.0577 304 469 576 700 8 0.0576 303 589 568 835 11 0.0573 711 522 964 758 3 0.0571 456 451 713 703 5 0.0571 317 136 585 385 6 0.0571 233 522 514 767 8 0.0570 447 452 706 695 11 0.0568 441 455 712 694 5 0.0568 300 581 576 835 0 0.0568 298 468 572 703 7 0.0567 574 516 821 769 3 0.0565 242 266 500 512 2 0.0559 220 293 556 477 10 0.0559 296 472 577 703 0 0.0559 252 200 512 441 8 0.0558 322 198 568 438 13 0.0557 650 519 909 762 11 0.0557 569 519 818 762 2 0.0556 295 535 579 771 9 0.0555 216 293 559 474 7 0.0552 448 448 715 699 3 0.0551 650 518 904 766 3 0.0551 164 428 497 607 3 0.0550 322 195 579 446 13 0.0550 451 454 716 697 6 0.0545 327 195 578 440 10 0.0542 213 293 553 474 8 0.0541 715 516 956 756 0 0.0540 326 140 585 389 6 0.0540 574 519 824 762 13 0.0540 245 265 504 510 13 0.0539 232 524 513 771 10 0.0539 434 512 708 764 6 0.0539 451 449 714 694
HSCDLGygsNXBVst2qhLYmeJ4UYQwkdLb,11 0.0555 234 658 497 888 0 0.0544 235 652 496 887 7 0.0542 238 653 495 887 5 0.0528 228 652 493 883 3 0.0518 232 656 492 894 8 0.0514 233 785 475 1020 11 0.0514 229 792 483 1020 8 0.0514 238 652 487 886 13 0.0511 238 655 501 891 6 0.0509 238 656 500 885
lcdDHBNfs7xGWfuryczDlbay8CDNqOYX,5 0.0615 570 391 814 637 0 0.0606 575 396 818 640 11 0.0586 570 391 821 636 7 0.0584 516 402 759 646 8 0.0577 573 392 809 641 7 0.0574 570 459 827 712 6 0.0571 575 458 829 712 11 0.0557 639 338 872 562 11 0.0552 508 332 762 564 13 0.0549 575 459 830 710 8 0.0546 84 0 424 153 0 0.0542 2 30 238 266 5 0.0540 505 330 752 568 5 0.0536 502 458 755 710 0 0.0536 505 464 758 715 0 0.0534 646 335 868 565 5 0.0531 639 331 870 560 11 0.0526 84 3 446 151 6 0.0525 515 404 764 646 8 0.0524 504 458 752 714 11 0.0521 503 461 762 710 3 0.0521 577 397 818 647 0 0.0519 507 333 757 566 6 0.0515 651 338 872 566 11 0.0512 752 1 1016 203 3 0.0511 646 337 874 571 5 0.0511 746 0 1011 199 8 0.0506 506 331 751 567 11 0.0505 0 32 241 258 2 0.0502 512 410 759 643
8mcCjgpDjjbudxc6ejtUX7hSO6iYanRZ,8 0.0571 311 671 564 912 11 0.0568 372 400 627 626 5 0.0544 308 668 566 910 11 0.0542 377 674 629 909 0 0.0539 438 386 690 625 0 0.0522 312 672 575 915 7 0.0521 444 328 694 567 7 0.0520 318 356 568 579 10 0.0515 308 676 576 911 11 0.0512 242 676 511 900 8 0.0511 632 409 878 631 7 0.0509 322 590 579 838 11 0.0507 316 592 574 834 7 0.0504 386 459 636 693 8 0.0503 192 593 430 832 11 0.0502 437 332 690 565
e7lLaPAWocAk1rrZaCjvTesB7mJDfRRZ,11 0.0599 322 588 585 833 7 0.0587 331 583 591 836 8 0.0571 321 587 579 837 11 0.0554 241 660 517 900 0 0.0552 322 585 585 836 5 0.0540 320 583 585 833 11 0.0539 388 74 655 301 3 0.0538 327 585 584 844 10 0.0526 320 589 588 836 5 0.0525 379 137 638 376 8 0.0525 248 655 509 908 6 0.0518 327 589 587 836 8 0.0517 394 72 649 304 8 0.0515 123 643 384 894 2 0.0513 325 594 585 837 13 0.0509 327 586 594 839 5 0.0509 185 644 454 901 7 0.0506 193 647 456 902 0 0.0504 390 74 657 306 13 0.0502 396 71 664 304 0 0.0502 186 646 457 905
6aFnofD5N8M0pM4OGlQd6Z7kFwdhXYMj,0 0.0607 388 610 653 851 13 0.0574 393 616 663 848 11 0.0568 392 468 646 704 13 0.0556 398 467 651 704 0 0.0556 392 467 642 707 11 0.0550 385 618 659 844 5 0.0547 383 609 651 843 7 0.0546 390 615 658 847 3 0.0544 393 615 658 851 11 0.0541 709 265 952 505 8 0.0540 395 467 639 704 5 0.0537 391 462 640 699 3 0.0527 401 468 645 710 10 0.0526 388 616 658 846 2 0.0524 396 475 648 707 6 0.0523 389 615 664 845 11 0.0523 0 518 259 751 8 0.0521 0 509 248 755 7 0.0516 397 464 645 704 6 0.0513 395 466 650 704 8 0.0512 388 614 649 847 11 0.0506 433 802 692 1023
5tCen5kMkCYGiBvp0ma5mnVwKBICqRTL,8 0.0637 248 787 493 1023 7 0.0614 249 787 501 1021 5 0.0609 244 788 493 1017 0 0.0602 247 791 497 1023 11 0.0583 242 791 495 1020 7 0.0564 375 520 639 746 0 0.0559 304 530 567 756 7 0.0555 249 462 505 697 8 0.0550 366 524 628 743 11 0.0549 311 586 569 824 13 0.0542 249 791 503 1023 11 0.0536 365 522 632 745 8 0.0536 635 135 886 373 5 0.0533 248 526 500 763 5 0.0532 353 585 622 809 0 0.0523 365 595 629 816 8 0.0523 246 468 492 700 7 0.0521 319 584 575 823 3 0.0518 249 469 498 703 6 0.0516 247 794 500 1023 11 0.0514 246 531 499 761 2 0.0513 248 795 500 1023 10 0.0513 247 798 498 1021 13 0.0511 370 520 640 746 5 0.0510 438 518 692 745 7 0.0508 502 523 758 743 3 0.0504 250 790 497 1023 8 0.0502 311 589 565 823 3 0.0501 306 529 564 760
xWsQj86IkAEiKwmYW2TiU4IrYaDRAjkY,5 0.0611 119 789 381 1004 0 0.0606 503 401 764 641 8 0.0596 134 791 375 1008 11 0.0592 111 536 362 781 11 0.0585 131 795 386 1005 8 0.0580 177 408 433 648 11 0.0575 613 351 916 573 6 0.0572 692 410 960 638 8 0.0563 687 406 945 642 0 0.0562 562 349 837 578 5 0.0562 460 0 831 149 7 0.0559 189 472 461 718 7 0.0556 512 394 768 643 0 0.0555 180 408 443 653 11 0.0554 180 414 445 646 0 0.0552 131 791 386 1012 13 0.0550 571 352 846 580 11 0.0549 504 401 766 641 0 0.0547 193 290 445 528 13 0.0546 749 403 1022 641 8 0.0545 504 396 756 643 11 0.0543 189 595 435 840 5 0.0541 320 393 583 627 8 0.0541 182 535 433 789 13 0.0540 478 0 847 150 0 0.0539 461 2 841 151 8 0.0539 328 328 570 568 11 0.0537 323 331 579 564 0 0.0536 684 409 955 639 2 0.0534 508 403 765 643 8 0.0533 466 0 827 150 5 0.0533 437 401 694 641 5 0.0532 172 406 439 647 8 0.0530 259 265 507 505 3 0.0527 689 413 956 646 10 0.0527 504 403 765 641 7 0.0526 61 784 315 1005 0 0.0526 252 139 527 390 3 0.0526 138 791 388 1017 0 0.0525 386 403 642 637 8 0.0525 327 206 568 439 3 0.0524 509 396 767 650 8 0.0523 387 402 632 637 5 0.0522 0 774 250 993 10 0.0522 676 352 958 574 5 0.0522 557 344 831 577 10 0.0520 178 484 461 717 13 0.0520 510 400 771 646 6 0.0519 389 401 646 634 3 0.0519 192 594 435 855 6 0.0518 473 4 851 151 11 0.0518 470 3 842 148 7 0.0516 120 534 361 783 8 0.0514 17 774 243 998 13 0.0514 330 402 595 634 6 0.0514 269 195 528 434 6 0.0512 510 399 767 641 5 0.0510 249 264 516 497 3 0.0509 477 1 843 154 13 0.0507 185 480 466 724 3 0.0507 253 268 515 510 3 0.0505 322 330 578 572 11 0.0504 252 267 520 495 7 0.0503 682 406 960 640 7 0.0503 194 592 440 845 5 0.0503 739 398 1010 636 7 0.0501 198 289 452 523 3 0.0501 178 414 440 659 0 0.0500 324 328 585 568
uzvjIurTB2JzkpfQtQC4AkIn6dj5YVeV,6 0.0559 339 476 702 655 11 0.0555 335 480 699 653 11 0.0544 271 415 639 596 8 0.0540 343 475 691 655 5 0.0539 332 475 696 653 0 0.0529 496 338 744 568 6 0.0528 433 345 692 572 0 0.0518 338 475 701 657 5 0.0514 428 339 684 567 7 0.0513 344 475 706 655 11 0.0509 432 347 689 569 0 0.0501 269 411 639 602 6 0.0501 277 411 643 597
5cGlOxXd8adlnSODdeSeqgrib0JUSTQy,5 0.0578 167 401 442 634 11 0.0567 302 519 565 763 13 0.0561 239 407 516 645 11 0.0560 169 408 444 637 8 0.0557 239 407 500 642 7 0.0556 384 459 641 704 11 0.0556 378 464 638 701 5 0.0555 573 139 825 375 11 0.0553 365 587 629 830 11 0.0547 247 593 510 829 6 0.0547 177 408 448 643 7 0.0537 374 585 635 835 0 0.0534 361 658 635 904 11 0.0533 649 546 894 779 3 0.0532 385 463 635 712 0 0.0530 373 529 635 775 11 0.0530 578 147 830 376 8 0.0527 316 333 564 558 11 0.0527 305 660 568 898 3 0.0527 213 413 563 595 0 0.0524 441 9 692 245 7 0.0523 255 592 517 833 3 0.0519 311 520 566 775 0 0.0518 180 339 440 571 8 0.0516 182 339 432 572 8 0.0512 580 146 817 379 0 0.0512 578 144 828 379 3 0.0512 581 145 827 388 13 0.0508 251 522 508 772 7 0.0508 323 332 580 560 8 0.0506 374 530 626 772 5 0.0505 364 582 627 834 8 0.0505 248 524 497 770
wKfLxdlj3xNWtQ59Kc8wJo7t5GPtPKR3,5 0.0648 493 586 760 831 11 0.0617 404 156 752 334 6 0.0614 490 519 758 760 7 0.0612 504 595 769 837 0 0.0608 487 519 756 759 13 0.0604 490 523 762 757 8 0.0600 489 523 752 757 11 0.0593 498 395 764 634 8 0.0584 503 396 758 633 3 0.0584 509 458 760 703 6 0.0581 506 394 766 637 5 0.0580 501 451 759 697 0 0.0580 502 392 764 638 11 0.0575 357 202 626 449 8 0.0567 408 155 743 336 8 0.0565 508 224 763 461 11 0.0562 432 524 701 763 10 0.0562 484 520 758 760 5 0.0559 357 194 621 448 7 0.0558 506 392 769 637 8 0.0556 363 201 615 452 8 0.0554 240 191 483 433 0 0.0548 410 160 752 340 5 0.0542 499 334 757 578 5 0.0537 232 187 489 428 0 0.0534 364 203 624 453 6 0.0533 413 157 756 335 0 0.0532 509 231 771 465 3 0.0531 509 341 761 587 2 0.0524 501 604 766 837 8 0.0524 441 276 685 517 8 0.0521 493 658 758 898 13 0.0520 502 394 770 637 6 0.0518 368 200 625 453 7 0.0518 445 277 693 521 11 0.0517 232 193 494 430 3 0.0515 417 159 750 340 5 0.0515 503 222 761 462 0 0.0514 241 193 492 435 5 0.0514 434 516 701 759 3 0.0514 505 595 763 842 0 0.0513 441 281 694 520 5 0.0513 405 152 747 336 6 0.0512 511 230 771 462 3 0.0511 368 201 620 459 5 0.0509 437 270 686 514 11 0.0508 493 596 764 830 6 0.0508 444 278 692 518 6 0.0505 243 192 497 433 9 0.0505 495 594 762 827 7 0.0502 409 153 756 337 3 0.0501 440 524 702 766 7 0.0501 366 201 627 455
xzshrtiVCvUap8gFRZtIjRL2959BNxYX,5 0.0655 180 590 435 828 7 0.0648 186 588 442 830 8 0.0647 185 588 434 830 11 0.0646 179 591 440 830 7 0.0634 442 723 700 970 0 0.0632 432 660 697 900 11 0.0629 367 661 632 899 0 0.0625 247 651 507 898 11 0.0615 244 655 506 895 8 0.0609 249 650 500 897 0 0.0605 186 589 440 833 5 0.0602 429 657 696 896 7 0.0600 248 650 508 899 3 0.0598 435 657 698 901 6 0.0595 372 658 633 902 7 0.0593 370 654 635 900 8 0.0592 373 657 628 900 5 0.0591 243 649 500 896 10 0.0588 183 594 438 829 11 0.0588 441 728 697 970 6 0.0581 183 592 443 831 5 0.0578 372 715 623 960 6 0.0574 442 726 697 974 3 0.0573 309 656 570 901 0 0.0572 376 717 624 966 8 0.0567 441 722 692 970 11 0.0566 370 386 631 625 10 0.0566 430 661 698 894 0 0.0564 371 385 636 628 13 0.0562 377 719 632 965 13 0.0558 187 590 444 830 3 0.0557 184 591 437 835 6 0.0555 249 651 508 897 7 0.0554 433 381 696 614 13 0.0554 310 657 574 900 8 0.0551 119 477 368 710 10 0.0550 306 657 570 896 10 0.0539 372 720 628 961 1 0.0535 182 647 441 895 11 0.0534 117 481 379 709 6 0.0534 120 482 381 712 3 0.0530 377 717 628 969 8 0.0526 373 385 626 625 13 0.0524 434 659 705 900 2 0.0524 441 727 697 971 7 0.0523 120 472 382 710 9 0.0520 180 591 439 827 2 0.0517 368 661 631 901 13 0.0514 375 383 640 623 12 0.0514 187 589 442 833 12 0.0514 371 656 634 902 0 0.0512 116 478 374 715 1 0.0510 308 651 568 898 9 0.0503 425 660 695 895 2 0.0503 185 594 440 833
jZTbJQ0Nz7m5YpGeBumW1A7HwZMaDoZ7,8 0.0624 388 327 628 571 5 0.0621 373 268 630 503 8 0.0596 269 0 616 149 5 0.0592 321 411 701 606 3 0.0585 390 328 637 578 7 0.0585 391 333 642 576 13 0.0577 449 0 720 241 11 0.0574 377 275 636 503 5 0.0573 325 0 690 143 3 0.0573 337 0 694 148 0 0.0570 257 0 633 152 8 0.0570 318 450 563 691 0 0.0569 462 333 713 578 8 0.0566 312 255 560 498 5 0.0564 307 67 570 291 0 0.0561 316 458 575 693 11 0.0561 332 2 696 141 11 0.0560 321 382 580 627 6 0.0554 467 332 720 577 11 0.0551 459 335 720 574 0 0.0550 383 387 638 635 6 0.0546 385 271 636 503 3 0.0545 309 255 574 504 3 0.0540 323 451 575 698 0 0.0538 382 275 630 505 10 0.0537 324 320 581 571 8 0.0533 258 370 496 623 5 0.0532 236 512 501 755 7 0.0529 337 0 694 145 10 0.0528 338 417 709 605 0 0.0528 243 522 506 762 11 0.0528 243 315 505 559 5 0.0525 244 363 499 619 13 0.0525 324 457 578 691 6 0.0523 189 450 440 691 11 0.0516 376 592 637 828 6 0.0515 256 369 512 623 6 0.0515 244 252 508 489 6 0.0513 318 520 582 754 7 0.0512 313 256 574 501 11 0.0512 310 522 575 752 13 0.0511 391 387 646 634 13 0.0510 258 373 509 625 5 0.0507 310 578 571 826 10 0.0507 318 456 578 691 13 0.0506 384 271 639 505 3 0.0504 382 589 633 838 0 0.0504 173 323 432 575 5 0.0503 229 243 499 486 6 0.0502 270 0 643 151 0 0.0502 249 372 508 628 10 0.0502 251 374 506 627 6 0.0501 178 324 430 573 13 0.0500 590 467 848 708
KJ8Hy5ohttv3pPgrxGANOXy7ZTHZeXvF,11 0.0603 273 415 635 600 0 0.0599 278 414 642 602 11 0.0591 241 338 505 567 8 0.0588 179 328 423 564 5 0.0559 173 323 427 565 7 0.0558 314 403 580 637 8 0.0557 280 416 626 601 10 0.0551 242 343 504 568 7 0.0551 177 325 436 567 13 0.0548 182 328 440 567 3 0.0547 284 413 636 602 8 0.0539 111 394 356 623 0 0.0538 106 394 371 627 0 0.0537 174 328 431 567 5 0.0533 269 410 635 598 7 0.0529 113 391 372 627 6 0.0521 122 323 371 555 10 0.0512 313 410 575 635 5 0.0508 108 389 361 625
TVp59kfFQupOn1AQFqlUwDhItj4uTRd6,11 0.0641 386 335 641 570 7 0.0640 464 342 710 579 0 0.0618 445 461 702 707 0 0.0613 457 341 706 584 11 0.0593 376 464 645 699 0 0.0589 386 404 633 640 5 0.0571 455 337 702 577 5 0.0569 439 455 698 699 7 0.0567 449 460 699 707 8 0.0564 460 340 701 580 0 0.0563 318 341 565 579 0 0.0563 309 467 573 712 8 0.0558 444 456 697 711 11 0.0556 312 526 586 772 0 0.0554 317 582 582 830 11 0.0553 236 468 511 697 5 0.0547 317 334 560 572 13 0.0545 392 335 647 570 7 0.0544 389 403 633 637 3 0.0541 393 332 642 580 11 0.0540 313 410 568 642 13 0.0539 324 580 587 826 2 0.0536 447 468 697 707 6 0.0533 385 521 647 757 2 0.0532 386 411 631 639 6 0.0530 462 342 711 579 0 0.0529 243 399 501 649 6 0.0529 390 408 638 635 7 0.0523 323 340 565 574 5 0.0522 307 465 571 705 10 0.0519 379 469 639 699 10 0.0518 459 344 707 583 8 0.0517 387 404 625 639 8 0.0516 314 470 568 711 10 0.0515 314 415 564 647 6 0.0512 266 578 527 817 13 0.0510 387 467 647 704 7 0.0510 315 474 579 711 10 0.0508 318 587 577 824 5 0.0508 314 582 576 822 8 0.0507 323 342 556 576 9 0.0506 458 342 705 571 13 0.0502 322 411 574 649 8 0.0502 322 578 573 830
uPZWjecnmQuUR8vle8wxsAJHEWSyFyXa,5 0.0665 134 612 511 790 7 0.0655 142 614 521 790 11 0.0648 136 617 513 789 0 0.0643 139 615 515 791 8 0.0623 141 615 504 788 10 0.0609 137 617 514 788 3 0.0598 138 617 515 794 2 0.0570 142 618 511 791 6 0.0566 139 616 522 790 13 0.0566 143 615 524 790 1 0.0516 136 614 514 790 9 0.0515 137 616 515 788 4 0.0512 139 616 516 791 12 0.0509 143 613 516 791
ArK8KmgvC30sRmz4zvPMv2dOoDRO8Ctr,0 0.0541 454 543 808 723 11 0.0523 247 409 519 645 8 0.0518 567 537 808 770 0 0.0512 266 273 518 506
q845afO8zEgMz1H1ZQL68cZjOwq6F4SX,11 0.0643 319 390 571 636 11 0.0626 308 519 569 771 11 0.0625 385 330 640 567 8 0.0624 320 0 576 199 3 0.0623 439 0 705 192 7 0.0618 335 332 578 580 0 0.0605 308 518 572 775 3 0.0605 324 388 571 641 5 0.0596 247 451 511 708 5 0.0591 384 6 644 258 3 0.0589 392 329 638 574 3 0.0581 258 454 514 710 5 0.0580 316 384 567 638 8 0.0579 431 0 696 188 0 0.0577 434 1 701 186 0 0.0575 318 390 573 643 6 0.0572 323 392 575 638 11 0.0570 433 0 705 186 7 0.0570 268 268 503 516 6 0.0566 311 523 573 771 13 0.0562 316 518 576 776 8 0.0561 239 520 494 778 6 0.0560 436 0 707 186 0 0.0560 325 0 584 200 7 0.0553 325 0 589 202 8 0.0553 326 390 566 640 7 0.0553 257 451 519 709 5 0.0547 298 139 567 396 10 0.0545 324 392 574 638 3 0.0544 325 1 584 208 8 0.0544 266 275 493 519 13 0.0543 329 385 581 642 5 0.0543 254 210 498 462 7 0.0540 436 0 708 186 8 0.0539 187 156 421 404 9 0.0538 306 520 568 765 6 0.0537 325 2 589 201 8 0.0535 247 82 494 328 8 0.0535 194 336 438 589 5 0.0533 572 0 826 198 11 0.0532 117 534 373 778 10 0.0532 254 456 514 709 11 0.0531 322 0 583 202 7 0.0528 198 335 448 583 0 0.0525 263 275 504 521 10 0.0524 433 3 707 184 2 0.0524 312 523 569 772 6 0.0520 392 331 641 569 8 0.0520 575 0 824 195 0 0.0519 388 332 635 574 9 0.0518 317 0 585 194 11 0.0518 254 216 504 464 7 0.0516 122 530 373 785 0 0.0515 575 0 831 199 11 0.0510 301 147 572 396 0 0.0508 188 806 429 1022 5 0.0508 379 323 633 568 13 0.0506 437 0 711 187 13 0.0505 119 601 385 848 8 0.0504 387 330 628 571 2 0.0504 434 4 704 184 9 0.0503 426 0 705 181 8 0.0501 115 522 362 782 11 0.0501 574 3 832 199
oBVrIk8GC4v5lCFVBegSElelvayRyIvi,11 0.0665 0 473 258 708 8 0.0621 324 276 568 522 0 0.0617 310 200 572 446 11 0.0603 308 202 570 441 8 0.0592 363 142 627 369 5 0.0589 0 466 248 711 0 0.0579 247 291 518 523 6 0.0565 366 146 638 368 0 0.0563 0 470 252 712 13 0.0559 254 291 521 524 8 0.0559 0 467 240 707 5 0.0552 1 341 259 581 5 0.0551 313 274 576 518 11 0.0551 360 146 635 366 6 0.0551 317 205 577 446 3 0.0547 369 210 640 448 3 0.0539 323 280 577 525 5 0.0539 359 205 634 441 11 0.0537 4 348 265 579 13 0.0536 315 201 579 447 7 0.0536 322 277 581 519 8 0.0535 2 342 251 578 6 0.0533 257 294 520 523 5 0.0530 299 138 565 371 6 0.0527 309 0 577 204 6 0.0525 3 472 259 705 10 0.0520 0 478 251 708 11 0.0516 430 215 688 437 8 0.0514 249 211 503 451 7 0.0514 2 471 258 706 11 0.0512 299 0 574 200 0 0.0510 5 347 265 582 8 0.0501 308 0 564 203 7 0.0501 313 141 575 374
42kMmZJEG3vpxlcCghF86yQIp7FfOyRp,0 0.0616 300 734 570 974 5 0.0609 295 735 565 968 7 0.0595 489 795 753 1023 0 0.0591 419 752 681 985 11 0.0579 295 741 570 969 8 0.0576 164 792 425 1020 11 0.0574 449 398 702 642 11 0.0573 200 675 563 848 7 0.0557 304 740 574 972 8 0.0554 305 736 564 971 5 0.0551 411 748 676 975 13 0.0543 306 739 576 973 11 0.0541 413 757 682 977 11 0.0539 162 796 429 1018 10 0.0534 233 739 505 958 3 0.0532 305 740 570 974 6 0.0525 302 740 572 970 0 0.0524 449 397 705 642 0 0.0523 165 795 433 1021 3 0.0523 491 803 747 1023 6 0.0522 422 757 685 978 13 0.0517 166 794 443 1020 10 0.0517 155 797 429 1019 6 0.0502 457 398 708 644
8eSDhgvtfYjqykKifc6c3zB3hhmug7JX,0 0.0592 327 801 568 1023 8 0.0580 331 796 559 1021 8 0.0567 240 318 483 561 7 0.0564 386 268 636 493 11 0.0555 323 803 567 1021 11 0.0552 232 321 497 562 7 0.0546 326 799 574 1023 5 0.0546 453 674 818 852 5 0.0545 236 316 494 560 8 0.0539 457 285 705 505 5 0.0538 384 796 621 1020 11 0.0537 458 675 823 853 7 0.0537 469 674 836 855 11 0.0533 457 348 712 579 8 0.0533 518 352 764 587 13 0.0532 247 207 513 441 6 0.0530 462 676 830 857 8 0.0529 460 673 814 853 7 0.0528 522 352 776 589 0 0.0524 191 719 432 958 5 0.0523 179 392 439 627 7 0.0522 252 389 508 630 5 0.0521 238 206 494 434 13 0.0521 384 271 644 494 8 0.0520 182 391 427 629 5 0.0519 190 718 429 951 5 0.0518 515 348 768 585 0 0.0518 379 269 638 491 3 0.0514 241 318 496 567 7 0.0514 196 720 438 955 0 0.0512 461 675 826 859 13 0.0509 393 805 631 1023 6 0.0509 199 722 437 956 8 0.0507 249 206 496 434 11 0.0506 240 212 508 434 0 0.0505 237 316 499 562 13 0.0504 468 675 836 856 5 0.0504 457 282 711 507 11 0.0501 190 720 434 952 8 0.0501 194 719 428 951
g7zqJzgFp9H2iHrbHn3LRurtC6cA892l,0 0.0672 558 679 817 923 0 0.0672 390 674 756 854 5 0.0644 557 676 814 917 7 0.0639 198 585 451 824 0 0.0639 258 654 512 897 11 0.0637 201 650 450 895 11 0.0637 130 478 381 696 11 0.0633 327 676 689 853 6 0.0625 193 517 441 755 5 0.0618 195 647 449 894 10 0.0617 255 674 618 846 11 0.0615 567 600 825 835 11 0.0613 128 590 383 820 8 0.0610 328 674 684 854 5 0.0609 190 515 438 753 5 0.0607 324 675 681 852 7 0.0601 123 650 389 894 0 0.0599 250 599 622 784 11 0.0595 182 605 550 780 7 0.0595 332 677 694 855 10 0.0594 199 652 450 894 7 0.0593 197 454 437 699 7 0.0593 133 526 380 757 8 0.0593 132 585 379 825 0 0.0590 118 652 386 898 8 0.0590 191 518 438 755 0 0.0588 195 586 450 827 0 0.0587 192 718 439 973 8 0.0587 200 651 448 895 6 0.0585 133 587 385 825 10 0.0584 258 718 507 957 7 0.0579 261 718 506 962 11 0.0578 64 532 310 756 11 0.0576 256 718 504 958 6 0.0575 205 652 453 896 0 0.0575 194 459 433 697 5 0.0574 254 716 501 958 10 0.0574 129 589 382 823 11 0.0568 59 344 320 577 7 0.0568 256 600 620 782 7 0.0566 574 599 830 838 13 0.0566 261 590 521 822 8 0.0566 566 677 811 919 0 0.0566 61 343 322 584 8 0.0565 259 589 508 820 10 0.0565 565 600 822 839 0 0.0565 127 529 375 761 6 0.0563 263 720 509 964 0 0.0562 518 525 748 762 3 0.0560 135 589 385 830 10 0.0560 441 595 693 824 13 0.0559 568 679 826 923 10 0.0556 182 606 544 780 6 0.0556 329 678 696 855 11 0.0555 1 223 242 452 11 0.0552 518 525 749 758 5 0.0551 128 585 382 821 13 0.0549 337 546 703 723 9 0.0548 189 584 448 818 3 0.0547 265 523 507 764 2 0.0547 572 606 827 840 3 0.0547 204 651 454 901 13 0.0545 193 718 443 972 7 0.0544 68 345 327 579 6 0.0543 570 602 827 839 0 0.0543 325 545 698 726 8 0.0539 312 714 558 958 5 0.0539 59 341 315 580 11 0.0537 574 428 835 650 0 0.0536 7 224 244 458 11 0.0533 330 545 699 722 5 0.0532 308 583 563 821 13 0.0531 317 651 579 894 7 0.0531 522 523 753 760
gyCpEEQuY86gRKqKm4F0hRllWmipj4Fx,8 0.0612 509 278 746 504 5 0.0610 573 328 812 575 5 0.0596 566 451 813 704 7 0.0592 511 334 757 580 8 0.0588 574 331 810 573 5 0.0581 507 272 749 505 6 0.0578 582 338 820 576 0 0.0575 576 334 817 573 11 0.0566 506 342 753 577 0 0.0564 510 280 755 503 0 0.0544 575 456 817 708 11 0.0542 570 461 817 706 11 0.0541 626 338 881 568 10 0.0540 573 464 818 704 5 0.0534 693 287 954 516 7 0.0530 450 271 707 498 3 0.0528 512 337 754 586 9 0.0527 504 340 754 573 5 0.0526 250 281 510 514 5 0.0523 698 409 929 632 7 0.0523 575 453 822 704 6 0.0522 515 281 756 502 8 0.0521 572 458 808 705 6 0.0521 700 348 939 574 13 0.0521 573 459 819 706 13 0.0521 638 336 887 573 2 0.0519 510 287 756 504 11 0.0519 700 417 933 640 3 0.0519 575 459 814 716 11 0.0516 449 272 706 497 7 0.0515 632 338 890 572 6 0.0512 575 457 820 706 13 0.0508 509 336 761 578 10 0.0507 508 345 756 578 3 0.0506 517 223 776 446 11 0.0506 309 137 598 373 11 0.0500 764 294 1023 527
Va49fShNTxJ3CrmdPT7YdIedprNM7vvf,11 0.0645 575 526 812 765 8 0.0620 439 465 698 708 5 0.0616 355 592 631 839 5 0.0605 432 514 703 766 8 0.0603 304 550 567 793 0 0.0602 333 601 688 792 11 0.0602 303 553 574 792 10 0.0600 439 526 706 768 0 0.0596 579 526 811 768 11 0.0591 437 466 705 705 6 0.0590 584 528 813 767 11 0.0587 241 406 506 632 8 0.0583 579 523 806 771 5 0.0578 244 587 504 841 8 0.0577 255 476 506 712 6 0.0574 365 472 638 709 5 0.0571 249 474 509 712 6 0.0571 362 600 636 842 10 0.0571 582 529 812 769 7 0.0569 259 473 519 712 7 0.0569 335 600 698 792 5 0.0565 575 520 810 766 8 0.0563 179 392 423 627 13 0.0559 444 471 710 708 13 0.0558 637 530 890 761 3 0.0558 586 528 806 775 6 0.0556 256 475 517 712 7 0.0551 583 525 813 769 0 0.0549 252 535 515 791 3 0.0548 443 522 704 777 6 0.0547 440 524 709 768 2 0.0546 334 604 689 790 6 0.0545 247 593 511 844 13 0.0543 309 485 587 720 3 0.0541 254 477 513 718 13 0.0541 337 604 699 789 5 0.0534 310 149 565 383 6 0.0533 187 396 430 622 5 0.0531 720 604 1016 797 8 0.0530 307 416 567 648 7 0.0527 368 472 640 716 10 0.0522 246 600 505 844 11 0.0522 172 345 425 563 7 0.0522 252 591 511 844 10 0.0521 305 486 578 716 2 0.0517 365 479 635 714 7 0.0516 180 393 427 623 6 0.0515 444 399 709 636 5 0.0515 438 395 699 636 11 0.0512 725 611 1023 794 9 0.0510 304 485 578 712 0 0.0508 649 604 893 842 3 0.0506 446 398 703 642 3 0.0506 318 222 560 461 13 0.0505 116 1 395 198 11 0.0505 646 599 899 844 0 0.0502 245 406 509 636 3 0.0501 366 474 637 717 10 0.0500 442 403 705 636
arOuHrSi3pCHjHd9kWyQUWuu2YiJ4eol,11 0.0652 316 589 578 828 8 0.0624 319 586 572 829 0 0.0624 319 589 579 830 7 0.0607 322 588 581 829 10 0.0592 315 592 576 829 13 0.0589 319 589 583 831 5 0.0577 314 588 573 827 2 0.0548 318 594 577 831 3 0.0546 319 590 578 834 6 0.0541 320 590 578 830 1 0.0505 313 583 578 830
3Ctkvlaw1PGowQ1FIw8VsEoilqSpBY39,11 0.0600 370 735 624 966 11 0.0598 333 539 700 723 11 0.0597 268 477 646 651 0 0.0570 377 733 624 968 5 0.0559 372 730 620 962 13 0.0544 380 738 629 970 0 0.0540 339 476 704 656 7 0.0539 282 475 649 655 7 0.0536 343 542 704 726 7 0.0534 379 733 631 969 10 0.0525 375 737 624 962 8 0.0524 344 477 694 655 6 0.0520 381 734 630 966 8 0.0517 378 733 616 966 3 0.0513 381 735 624 974 5 0.0510 305 526 566 766 0 0.0508 270 412 642 596 7 0.0504 192 723 451 957
gxM1PHGysgZ1RrBYEnew34TijfHeWBDK,0 0.0569 237 0 501 204 3 0.0563 242 0 506 204 8 0.0557 318 715 569 954 11 0.0551 244 726 508 959 13 0.0551 242 0 509 205 7 0.0549 318 723 580 956 0 0.0544 251 724 509 964 11 0.0542 81 2 453 160 5 0.0533 312 717 571 954 11 0.0531 370 722 642 950 8 0.0517 82 0 433 163 8 0.0514 186 730 431 963
vMkh1dUDBmO7cY9zs7KnXurPGVjvFLnf,5 0.0671 625 533 883 757 11 0.0609 387 138 650 368 8 0.0608 574 507 809 761 8 0.0602 386 136 637 368 13 0.0601 531 150 770 380 7 0.0601 573 511 817 763 0 0.0595 626 538 885 762 7 0.0595 329 189 590 441 3 0.0581 397 133 644 373 7 0.0574 271 264 523 505 8 0.0574 330 265 580 512 11 0.0572 634 460 890 683 7 0.0568 393 133 646 368 11 0.0564 572 511 810 760 2 0.0563 526 155 770 379 6 0.0562 633 544 893 760 11 0.0558 305 615 571 837 8 0.0558 639 460 885 683 11 0.0556 514 78 761 304 10 0.0555 528 156 766 381 11 0.0551 325 193 592 445 7 0.0543 633 461 893 686 3 0.0543 531 147 764 384 0 0.0543 387 132 644 367 13 0.0543 581 209 843 445 6 0.0542 395 140 649 366 5 0.0541 320 186 583 446 8 0.0540 512 79 752 306 0 0.0540 265 347 526 595 10 0.0539 392 145 647 368 13 0.0539 633 540 896 763 10 0.0536 326 274 589 512 0 0.0533 525 150 766 379 7 0.0528 257 463 524 713 10 0.0527 574 514 811 765 5 0.0527 379 129 641 365 1 0.0525 572 507 811 762 5 0.0525 521 142 764 377 3 0.0523 578 512 814 766 11 0.0519 248 466 515 708 0 0.0518 326 261 594 513 10 0.0516 637 467 889 685 2 0.0516 391 143 643 368 3 0.0513 641 465 891 689 2 0.0513 633 543 890 763 3 0.0511 334 188 587 452 7 0.0511 316 542 579 771 6 0.0510 336 199 595 442 13 0.0508 331 272 598 516 0 0.0507 568 261 823 496 13 0.0506 394 133 652 365 5 0.0506 262 259 517 506 5 0.0504 574 199 834 444 6 0.0504 519 79 760 302 13 0.0501 268 350 532 595
6bhN7auEOVnkXcBh56qDYIbndIGoZ4sp,0 0.0603 576 595 833 830 0 0.0550 0 368 316 543 11 0.0549 576 599 831 824 8 0.0534 578 597 821 830 5 0.0530 240 202 502 438 0 0.0519 614 204 789 585 11 0.0515 640 215 887 447 0 0.0513 642 213 886 450 13 0.0513 581 595 838 832 6 0.0513 583 596 833 829 2 0.0512 580 601 832 828 11 0.0511 611 204 791 584 0 0.0510 244 208 505 441 8 0.0510 1 366 300 542 7 0.0507 583 596 837 830 11 0.0505 440 531 707 756 3 0.0502 331 201 588 437
bSONGIr0AkWlQEodwgC9BwUQGfJyUgpc,5 0.0578 314 787 560 1023 7 0.0569 504 514 758 753 13 0.0567 374 461 637 703 8 0.0559 516 403 758 635 7 0.0558 445 331 698 576 8 0.0556 440 332 684 574 0 0.0554 375 214 618 468 0 0.0553 439 333 688 579 0 0.0553 127 465 366 702 0 0.0552 195 389 431 636 11 0.0552 327 216 569 452 11 0.0547 315 526 568 761 0 0.0546 445 456 687 701 11 0.0546 574 471 826 701 11 0.0543 515 402 767 636 8 0.0541 578 468 816 698 11 0.0541 124 469 370 698 0 0.0540 500 518 753 759 0 0.0537 318 792 566 1023 7 0.0537 131 463 371 700 0 0.0536 577 470 822 705 11 0.0535 182 522 439 765 3 0.0535 197 520 430 776 13 0.0535 451 394 700 633 6 0.0532 448 459 692 700 8 0.0531 187 337 415 568 13 0.0531 321 532 571 763 5 0.0530 436 326 689 571 6 0.0529 445 335 693 575 7 0.0529 260 521 512 773 11 0.0529 443 459 689 701 8 0.0528 324 525 559 764 13 0.0528 510 458 760 696 8 0.0527 377 215 609 465 11 0.0525 439 335 690 573 0 0.0524 187 519 438 768 8 0.0524 504 515 746 753 5 0.0524 178 326 420 567 5 0.0523 502 453 750 692 8 0.0522 127 462 360 700 8 0.0521 262 276 497 514 10 0.0521 501 521 753 756 0 0.0519 513 402 766 642 11 0.0519 501 521 755 752 7 0.0518 373 803 636 1023 8 0.0515 323 791 555 1019 5 0.0514 372 211 615 461 9 0.0514 437 333 690 568 3 0.0513 378 806 629 1023 7 0.0512 383 216 620 468 13 0.0511 448 523 700 766 3 0.0510 447 335 691 581 3 0.0506 451 457 688 705 10 0.0506 257 529 511 771 6 0.0504 310 461 572 704 13 0.0504 263 269 514 521 11 0.0502 369 806 630 1023 5 0.0501 185 515 435 763 13 0.0501 376 806 635 1023 5 0.0501 559 533 813 767 11 0.0500 258 278 508 516
tubcBUEyZ5BNNXzZZdwABcHcYNJ9JUDm,0 0.0678 142 668 495 854 8 0.0636 145 668 487 849 11 0.0633 171 593 442 836 8 0.0624 193 708 433 958 5 0.0622 186 708 435 955 8 0.0614 258 782 489 1023 0 0.0603 193 712 437 962 7 0.0598 140 667 501 850 10 0.0594 168 594 441 834 5 0.0589 166 590 439 834 5 0.0587 252 782 492 1017 7 0.0585 253 711 509 959 0 0.0578 303 664 563 912 8 0.0576 320 716 567 960 11 0.0575 299 664 566 904 7 0.0570 197 783 439 1021 11 0.0569 189 714 439 958 6 0.0559 173 660 444 904 8 0.0559 387 783 624 1021 7 0.0557 130 716 383 962 0 0.0553 257 790 498 1023 5 0.0552 314 717 568 956 7 0.0552 387 722 638 961 11 0.0551 254 787 498 1020 3 0.0549 142 671 501 855 0 0.0546 385 725 630 968 2 0.0546 141 672 499 852 10 0.0544 233 663 504 903 6 0.0539 319 722 575 962 11 0.0532 509 803 773 1019 11 0.0529 386 787 630 1019 13 0.0528 116 592 390 839 6 0.0527 116 594 381 834 6 0.0525 197 790 436 1023 3 0.0525 259 786 497 1023 7 0.0523 518 799 776 1023 3 0.0521 303 664 567 914 3 0.0521 193 711 439 961 5 0.0519 383 784 625 1018 11 0.0518 443 719 718 946 2 0.0512 191 716 441 959 9 0.0505 169 660 442 900 5 0.0504 499 799 765 1019 3 0.0504 390 788 631 1023 0 0.0500 515 728 774 959
o9FGuRDtWZiVAgHqWs9nKt9H0Q96ijw0,8 0.0630 392 332 631 584 5 0.0627 709 464 950 707 5 0.0614 582 592 815 835 0 0.0613 648 466 885 716 5 0.0608 454 131 698 378 11 0.0607 648 532 891 769 5 0.0606 521 207 768 450 8 0.0605 504 585 749 822 8 0.0602 391 197 631 447 7 0.0597 393 335 637 587 8 0.0596 650 527 884 769 7 0.0594 652 464 889 714 0 0.0591 712 537 952 782 0 0.0589 256 332 505 579 13 0.0589 589 598 827 836 11 0.0588 526 213 774 446 5 0.0587 383 191 632 442 5 0.0585 642 522 886 772 8 0.0585 715 465 944 702 10 0.0581 460 140 706 378 3 0.0578 396 196 635 454 11 0.0574 502 589 757 823 0 0.0574 393 335 637 587 11 0.0573 392 337 639 583 3 0.0572 394 334 635 587 0 0.0572 389 197 636 449 13 0.0570 652 464 893 712 11 0.0569 253 333 508 576 6 0.0567 651 528 894 771 7 0.0561 391 195 640 450 6 0.0560 507 586 759 827 3 0.0560 511 586 758 830 5 0.0559 444 338 699 577 10 0.0556 390 198 638 445 5 0.0555 173 333 433 570 11 0.0554 711 473 953 700 0 0.0554 582 594 822 839 6 0.0552 455 340 705 581 6 0.0551 326 330 575 578 0 0.0550 322 259 572 500 7 0.0549 463 130 706 380 10 0.0548 391 341 637 584 3 0.0547 652 469 887 716 11 0.0547 389 198 639 444 7 0.0545 508 587 764 825 8 0.0543 519 281 762 528 0 0.0543 527 211 770 452 13 0.0541 325 332 580 577 8 0.0541 531 143 753 383 7 0.0540 715 534 959 778 13 0.0540 715 533 965 778 9 0.0540 447 342 703 575 13 0.0540 319 191 575 435 6 0.0539 526 282 776 529 5 0.0539 312 325 567 569 8 0.0539 258 331 499 580 10 0.0538 646 467 886 711 3 0.0538 461 136 702 383 11 0.0536 456 141 707 377 8 0.0533 328 262 567 497 10 0.0531 255 336 504 575 6 0.0528 399 268 639 513 13 0.0526 396 270 643 512 13 0.0526 530 211 777 451 7 0.0526 530 207 775 450 0 0.0525 459 137 705 383 9 0.0523 391 271 640 508 6 0.0520 461 136 706 381 3 0.0518 328 260 574 503 10 0.0517 323 265 576 496 6 0.0516 714 468 955 706 2 0.0515 507 592 758 825 0 0.0512 56 464 306 709 3 0.0512 260 329 505 582 10 0.0512 508 586 760 827 13 0.0511 186 342 448 579 2 0.0510 650 472 884 711 9 0.0509 646 464 887 708 8 0.0508 54 461 296 704 11 0.0507 322 265 578 495 13 0.0506 453 340 710 578 0 0.0505 313 124 564 365 5 0.0503 49 458 300 701 13 0.0503 63 463 317 707 7 0.0502 326 260 576 501 9 0.0502 449 199 703 440
oSHXj35dl1bZLcCmpWubDCfS2PaUCkJ3,5 0.0623 143 287 501 474 5 0.0606 129 408 508 594 5 0.0589 206 349 573 534 8 0.0584 148 343 495 543 11 0.0564 360 534 710 723 5 0.0563 301 136 567 366 8 0.0562 254 214 492 436 8 0.0550 307 141 564 367 11 0.0549 249 278 510 497 6 0.0547 322 276 573 497 11 0.0547 305 140 574 365 8 0.0541 399 267 636 492 11 0.0539 359 408 710 590 3 0.0539 315 274 573 502 7 0.0538 256 9 517 246 5 0.0536 247 7 510 246 10 0.0534 253 18 512 246 8 0.0530 252 18 505 245 7 0.0528 243 387 507 632 0 0.0525 365 408 706 593 7 0.0525 256 273 510 504 7 0.0524 257 142 511 378 8 0.0523 363 409 694 593 10 0.0521 189 86 450 325 11 0.0521 390 199 652 425 13 0.0519 176 268 442 512 0 0.0517 402 263 646 496 11 0.0515 246 16 516 246 6 0.0514 155 227 508 410 0 0.0513 311 139 570 368 3 0.0511 253 336 504 571 5 0.0511 356 405 702 594 13 0.0510 254 11 517 252 6 0.0510 246 391 510 629 7 0.0509 371 466 722 662 0 0.0507 250 10 513 248 5 0.0507 184 75 449 322 6 0.0506 254 10 519 247 11 0.0503 175 334 436 572 6 0.0503 372 468 715 660 0 0.0502 252 276 510 505 7 0.0501 182 330 432 575 13 0.0501 363 405 717 595 3 0.0501 253 13 517 254 13 0.0500 221 349 584 543
kkCKuIAgMrJiCfiPtdnTgTqZSMPzOQ5c,6 0.0614 15 784 272 1020 7 0.0582 0 721 257 957 11 0.0578 12 788 266 1019 8 0.0576 79 793 315 1023 5 0.0565 174 791 422 1010 5 0.0544 74 787 317 1022 11 0.0531 382 142 631 368 0 0.0530 10 790 270 1023 3 0.0530 19 788 267 1023 13 0.0524 80 796 331 1023 8 0.0523 182 798 417 1011 3 0.0522 450 142 701 392 5 0.0518 436 197 697 454 0 0.0511 583 345 836 588 5 0.0508 0 716 245 951 7 0.0508 77 791 326 1023 0 0.0505 378 136 624 373 7 0.0501 301 738 553 963 7 0.0501 444 205 700 453 0 0.0501 505 27 779 272
pPjap58IBEdOY9vCeaBBVVL7UTdPuuDe,11 0.0621 440 404 685 638 7 0.0610 518 400 755 642 11 0.0608 516 344 758 575 7 0.0608 439 464 683 713 11 0.0602 499 464 748 702 8 0.0596 512 342 749 575 5 0.0594 558 465 801 705 3 0.0593 375 466 632 713 0 0.0590 448 343 694 573 6 0.0579 371 404 627 624 5 0.0578 429 456 672 711 7 0.0575 455 339 696 570 11 0.0575 173 389 441 638 5 0.0574 507 397 744 640 5 0.0574 364 392 618 623 5 0.0571 444 335 684 569 11 0.0568 457 285 705 508 3 0.0565 307 394 567 633 6 0.0555 437 467 684 711 7 0.0553 373 397 627 627 11 0.0553 369 531 639 768 2 0.0552 448 350 692 573 5 0.0552 243 378 505 629 7 0.0549 256 459 503 704 3 0.0549 444 401 687 647 8 0.0545 441 400 677 641 8 0.0545 562 472 800 703 6 0.0545 512 408 758 639 7 0.0544 185 386 439 642 6 0.0544 451 348 696 571 0 0.0543 524 282 767 504 8 0.0541 454 284 695 511 8 0.0537 178 386 426 644 0 0.0536 432 464 675 715 3 0.0535 568 470 804 714 5 0.0532 305 460 553 705 7 0.0530 565 470 811 710 0 0.0530 321 327 580 565 11 0.0530 624 485 882 716 11 0.0529 304 395 564 624 0 0.0527 560 472 808 706 0 0.0525 509 404 751 644 7 0.0523 262 317 522 565 5 0.0523 0 364 258 599 3 0.0522 515 342 756 580 5 0.0522 522 272 757 504 8 0.0517 320 326 566 561 11 0.0516 297 595 577 839 11 0.0516 180 266 451 502 13 0.0516 436 468 687 715 5 0.0515 617 413 885 645 0 0.0515 185 322 447 573 9 0.0509 441 342 687 566 3 0.0507 383 328 640 554 6 0.0507 253 388 513 628 8 0.0506 375 463 618 706 9 0.0503 300 396 562 621 13 0.0501 317 325 588 565 13 0.0500 249 385 515 632 8 0.0500 623 415 884 646
T2ukUvwaEoa5m9fHJBosDYOQSsY3Tnlv,11 0.0632 618 551 887 774 0 0.0630 622 549 887 778 6 0.0623 621 550 890 779 7 0.0613 621 548 893 776 5 0.0602 613 547 885 775 11 0.0599 676 619 933 834 11 0.0589 327 744 574 966 8 0.0587 524 610 875 788 10 0.0578 614 553 888 777 11 0.0573 246 344 503 579 3 0.0572 624 551 891 780 13 0.0563 622 549 899 777 13 0.0563 505 525 766 761 0 0.0562 677 619 930 841 6 0.0558 686 619 935 842 8 0.0555 630 470 884 708 0 0.0554 501 525 759 761 7 0.0550 313 785 580 1015 9 0.0547 617 550 891 773 8 0.0545 435 449 688 693 7 0.0545 256 345 504 579 11 0.0545 304 413 568 656 5 0.0544 496 519 759 757 8 0.0542 363 534 623 768 3 0.0542 506 525 760 763 5 0.0541 241 258 504 515 0 0.0540 358 532 634 776 0 0.0537 251 341 501 583 3 0.0537 259 342 499 587 8 0.0537 310 412 563 658 8 0.0535 200 78 437 315 0 0.0531 433 450 697 705 8 0.0531 259 342 493 582 0 0.0530 757 528 1016 775 11 0.0530 498 529 756 756 13 0.0529 310 413 577 661 6 0.0527 332 744 583 968 11 0.0525 377 347 644 586 8 0.0522 323 674 566 910 6 0.0522 504 524 762 760 7 0.0521 504 525 763 758 7 0.0520 438 448 701 695 0 0.0516 265 737 512 973 9 0.0516 672 620 937 834 8 0.0515 382 343 632 586 2 0.0514 562 598 818 833 3 0.0514 679 622 938 842 13 0.0513 257 345 504 584 7 0.0513 360 531 637 771 7 0.0511 310 411 576 655 8 0.0511 688 548 947 778 3 0.0510 441 451 698 702 13 0.0509 437 452 705 698 6 0.0507 301 532 574 771 11 0.0505 292 532 568 775 5 0.0505 354 523 631 770 8 0.0504 267 734 508 972 3 0.0501 314 412 570 662 6 0.0500 433 451 704 697
9ZgmRl3yWCJiuMudnfu5tYSwj2wMOcct,11 0.0631 570 413 834 646 11 0.0600 444 350 707 579 11 0.0581 457 146 717 365 11 0.0578 492 469 771 704 3 0.0569 447 345 707 590 0 0.0564 446 347 702 586 7 0.0563 449 343 710 587 8 0.0562 445 347 698 584 5 0.0559 440 338 698 584 8 0.0554 567 467 823 702 0 0.0550 571 411 833 648 5 0.0549 571 403 826 647 8 0.0539 455 145 708 365 0 0.0529 492 465 768 709 7 0.0525 500 463 773 708 6 0.0521 448 350 711 586 6 0.0519 460 145 721 363 13 0.0517 446 345 714 584 7 0.0501 576 410 836 649 0 0.0501 453 149 712 366
FXrkyN6HIedvUzAIR9GeQY9nJkXPritN,11 0.0638 439 338 689 579 0 0.0636 377 463 640 711 11 0.0619 443 463 697 709 0 0.0616 334 418 702 607 7 0.0596 340 420 707 606 3 0.0595 388 327 639 575 11 0.0594 314 333 578 566 6 0.0592 382 390 645 643 8 0.0590 382 392 634 642 5 0.0589 372 459 637 708 13 0.0588 389 330 642 574 5 0.0588 311 396 571 636 5 0.0583 372 580 637 830 3 0.0577 380 463 639 713 8 0.0576 445 460 688 713 8 0.0575 379 525 625 775 13 0.0574 319 404 576 643 7 0.0571 448 461 699 713 6 0.0571 311 456 573 702 3 0.0569 382 584 640 838 11 0.0567 376 524 637 775 8 0.0566 308 459 558 701 5 0.0564 380 323 638 566 11 0.0563 307 457 568 701 6 0.0561 446 461 699 712 10 0.0559 379 531 636 775 7 0.0556 310 456 568 707 0 0.0551 381 585 639 835 1 0.0550 380 322 637 572 7 0.0549 572 597 820 828 10 0.0548 441 337 689 579 0 0.0547 304 521 568 775 2 0.0546 334 422 704 605 13 0.0540 383 528 635 778 7 0.0538 381 524 639 780 12 0.0537 338 419 707 606 13 0.0536 445 398 703 653 7 0.0536 448 641 712 882 2 0.0535 379 467 641 711 9 0.0533 373 463 637 705 8 0.0532 566 463 815 704 6 0.0532 323 333 582 568 5 0.0531 298 516 560 770 11 0.0527 566 470 824 704 6 0.0525 381 524 638 772 0 0.0524 242 254 499 498 10 0.0522 308 463 565 703 0 0.0521 513 210 767 449 7 0.0520 512 209 769 453 11 0.0519 239 402 500 633 13 0.0517 307 0 572 243 10 0.0515 444 468 699 711 8 0.0514 623 0 878 215 13 0.0512 631 0 898 217 2 0.0512 305 527 569 776 6 0.0512 572 463 828 703 10 0.0509 320 335 577 568 13 0.0507 449 646 717 883 11 0.0506 442 644 712 880 9 0.0506 330 420 699 602 7 0.0504 568 464 827 703 11 0.0502 240 256 501 494
rkqEBt7SFM4UKhz7CzXJY4E37CAnuWop,5 0.0567 445 394 707 640 11 0.0559 232 346 508 567 3 0.0544 236 345 506 576 5 0.0541 232 340 500 568 7 0.0540 243 342 507 570 0 0.0538 235 344 503 572 5 0.0537 323 510 586 761 8 0.0529 239 344 491 570 2 0.0524 450 414 718 641 11 0.0523 454 454 717 694 11 0.0523 326 515 593 755 5 0.0522 246 577 510 832 6 0.0520 330 516 592 757 8 0.0517 120 0 380 199 5 0.0517 491 773 743 1016 6 0.0515 457 454 720 698 7 0.0513 463 451 715 702 0 0.0512 454 449 713 701 8 0.0507 451 403 704 638 5 0.0505 580 589 827 821
qJvcGogGrmuLJouVBleQkjVxl5RpckqD,5 0.0570 363 0 630 242 7 0.0563 497 790 753 1022 11 0.0561 558 666 842 883 0 0.0558 489 790 748 1023 0 0.0553 575 0 947 149 11 0.0544 371 728 630 952 0 0.0542 488 17 751 251 8 0.0540 499 786 736 1020 6 0.0538 373 0 639 242 0 0.0538 562 664 839 888 5 0.0537 486 787 741 1017 13 0.0534 373 0 642 244 5 0.0529 485 12 749 245 5 0.0528 309 128 569 358 0 0.0524 365 0 637 247 7 0.0522 558 738 840 956 3 0.0522 374 0 633 249 3 0.0518 578 0 949 153 5 0.0517 306 249 587 482 11 0.0516 491 793 742 1017 8 0.0515 324 313 573 549 11 0.0515 324 382 575 620 11 0.0514 361 0 634 242 8 0.0513 495 18 741 249 5 0.0512 566 0 947 147 8 0.0512 373 0 628 241 13 0.0507 500 790 756 1023 13 0.0506 327 316 594 554 6 0.0505 499 18 757 246 8 0.0504 377 725 624 956 10 0.0501 494 793 748 1023 13 0.0501 567 671 843 888 5 0.0500 242 312 509 557
2e9cDkHrKStzN52tIxPsOOLJ56racjV5,8 0.0648 83 868 429 1023 5 0.0637 123 783 368 1018 11 0.0635 124 785 370 1020 0 0.0623 189 784 431 1019 7 0.0615 190 783 434 1019 10 0.0607 187 790 429 1014 6 0.0589 130 787 370 1023 7 0.0552 320 732 578 973 3 0.0549 131 786 369 1023 13 0.0549 127 786 378 1023 2 0.0545 79 874 435 1023 8 0.0541 436 714 689 952 11 0.0541 437 722 696 949 7 0.0537 443 714 701 953 9 0.0533 124 784 372 1019 0 0.0523 320 729 575 977 0 0.0520 66 792 320 1020 7 0.0517 75 788 323 1023 0 0.0515 438 716 695 957 6 0.0514 442 722 698 955 11 0.0510 315 733 575 966
pq8iyaEZYh6urDUERvmb0k1L7ZSRE91m,5 0.0670 306 0 574 190 7 0.0663 381 1 650 189 11 0.0662 501 19 762 252 5 0.0658 428 8 691 259 11 0.0658 376 1 650 187 3 0.0653 507 14 763 261 0 0.0650 366 65 637 311 11 0.0643 423 69 692 319 3 0.0631 381 0 649 191 10 0.0628 377 3 647 188 6 0.0626 313 0 582 189 8 0.0620 425 66 686 326 13 0.0618 312 61 587 308 11 0.0608 306 57 579 307 0 0.0607 376 0 648 190 0 0.0603 427 148 712 400 8 0.0602 379 0 642 190 8 0.0600 260 412 505 646 5 0.0599 421 144 702 392 11 0.0599 212 1 575 151 3 0.0597 430 68 693 326 8 0.0597 254 10 514 255 10 0.0592 360 69 637 307 7 0.0590 258 410 516 647 8 0.0587 501 12 760 253 13 0.0586 383 1 653 187 13 0.0582 430 73 698 319 13 0.0582 223 2 579 153 5 0.0580 329 389 576 632 5 0.0579 237 120 505 378 11 0.0575 329 463 587 693 7 0.0574 368 65 644 312 13 0.0568 251 130 516 378 0 0.0564 254 7 518 259 5 0.0564 589 144 831 381 6 0.0563 437 17 695 260 7 0.0562 217 2 580 151 0 0.0560 263 413 519 648 8 0.0559 444 203 701 456 7 0.0559 407 454 651 691 3 0.0559 309 58 582 313 2 0.0554 379 4 644 189 9 0.0554 311 0 576 189 6 0.0553 336 393 584 626 8 0.0552 248 126 503 380 9 0.0552 429 13 694 262 6 0.0552 431 153 711 394 13 0.0550 507 17 770 253 11 0.0549 256 413 514 641 8 0.0541 322 536 575 767 8 0.0540 185 461 437 707 12 0.0540 433 13 698 266 2 0.0539 429 151 707 396 13 0.0539 332 463 593 699 11 0.0538 624 670 871 896 8 0.0537 504 141 763 389 3 0.0537 222 3 578 155 11 0.0535 243 127 506 374 0 0.0534 408 459 648 692 1 0.0533 374 0 647 187 11 0.0533 398 531 650 758 13 0.0532 399 529 660 763 2 0.0530 218 1 574 151 2 0.0528 368 65 635 308 3 0.0526 335 393 574 635 10 0.0524 216 3 574 150 0 0.0523 586 146 838 383 5 0.0522 394 520 644 761 13 0.0521 262 414 519 646 10 0.0519 397 538 655 759 8 0.0519 405 450 639 687 1 0.0518 363 62 641 308 6 0.0517 312 129 581 376 7 0.0516 446 209 712 457 9 0.0514 303 127 584 370 13 0.0513 630 668 879 899
HyMGiK5tk01i68NYtIiSkNEeps0chNsC,7 0.0675 149 681 516 853 5 0.0668 139 677 501 850 11 0.0664 256 658 507 893 5 0.0639 503 782 737 1006 11 0.0626 191 593 445 825 8 0.0624 133 661 370 899 7 0.0618 324 658 576 894 0 0.0610 257 660 511 901 5 0.0604 313 656 566 890 5 0.0602 551 719 813 952 8 0.0602 193 592 438 830 11 0.0596 130 664 382 895 0 0.0584 505 784 744 1013 6 0.0582 256 661 512 895 11 0.0579 505 784 741 1004 0 0.0578 192 590 446 833 3 0.0576 196 657 443 901 10 0.0575 191 596 444 829 13 0.0570 262 658 511 898 8 0.0560 509 783 741 1011 7 0.0553 252 534 509 761 8 0.0553 318 658 566 892 10 0.0552 127 668 379 896 0 0.0549 130 661 378 899 3 0.0544 323 660 570 899 6 0.0542 133 664 385 893 13 0.0540 133 662 384 898 0 0.0539 554 726 823 959 10 0.0539 320 661 572 891 13 0.0535 512 786 747 1011 6 0.0524 193 594 448 827 3 0.0524 260 592 506 837 5 0.0523 242 533 500 761 0 0.0514 242 466 495 692 11 0.0508 248 537 508 760 2 0.0508 260 663 508 899 13 0.0507 195 592 450 832 0 0.0504 244 341 498 571 8 0.0502 244 468 483 690 7 0.0501 509 786 747 1010 9 0.0500 130 664 376 894
AtO3U0apYAZWxYKOELUJH8hTGKcbbv0b,11 0.0688 245 662 501 903 8 0.0648 249 662 497 904 7 0.0631 250 659 504 903 0 0.0630 251 661 502 907 6 0.0616 249 664 505 901 5 0.0606 245 659 497 901 10 0.0601 246 666 502 900 7 0.0581 318 604 558 829 11 0.0578 313 608 556 832 13 0.0573 253 661 507 904 0 0.0568 317 606 556 836 3 0.0567 252 661 499 907 10 0.0545 315 612 555 830 8 0.0543 317 605 547 832 5 0.0534 309 601 552 831 2 0.0515 248 665 499 904 6 0.0507 315 608 560 829 12 0.0502 250 663 502 904
bbgkVryOO8RRkxuvxUgD9jxUIDDE5qVY,11 0.0601 0 26 256 266 8 0.0593 2 20 243 272 0 0.0578 0 17 252 268 5 0.0578 0 13 248 265 11 0.0575 374 220 640 451 6 0.0560 2 22 259 261 11 0.0550 448 153 717 382 8 0.0528 446 150 703 388 3 0.0528 1 26 250 272 3 0.0523 384 218 635 456 11 0.0520 305 151 569 375 7 0.0520 382 216 641 451 8 0.0519 379 216 631 449 13 0.0508 384 212 645 452 3 0.0508 451 150 716 392 5 0.0506 370 211 634 449 13 0.0505 2 25 261 272 7 0.0503 451 147 715 390 7 0.0502 314 139 567 374
p0JdC6by9XGVu3Q80p3l1ECOK2t0eB8t,0 0.0677 867 266 1023 634 11 0.0664 870 337 1023 689 0 0.0621 710 450 966 705 11 0.0592 712 451 972 696 8 0.0588 710 446 965 703 11 0.0586 135 678 499 853 8 0.0582 872 333 1021 697 0 0.0558 136 676 503 859 10 0.0556 132 678 497 853 5 0.0553 869 324 1023 695 11 0.0551 325 400 564 625 11 0.0547 262 461 502 680 13 0.0545 140 676 510 856 7 0.0545 141 678 507 855 5 0.0542 125 674 493 852 8 0.0536 139 677 491 854 7 0.0532 717 447 972 701 3 0.0532 875 327 1021 704 0 0.0530 327 403 562 632 3 0.0529 720 449 965 707 6 0.0527 135 678 507 853 2 0.0525 711 455 970 699 10 0.0524 869 279 1022 630 6 0.0517 873 334 1023 692 0 0.0516 265 457 499 688 13 0.0516 716 448 975 703 5 0.0514 712 448 964 700 3 0.0509 139 678 506 860 2 0.0508 872 342 1023 694 13 0.0504 871 329 1023 697 8 0.0501 328 401 555 630 7 0.0501 334 398 569 632
rMZeCxp6WYAtmBfaEmxqJ029UqrWQUcY,11 0.0625 376 405 642 640 3 0.0622 383 399 644 644 3 0.0605 444 330 697 575 0 0.0604 442 333 697 571 11 0.0595 441 335 697 570 8 0.0591 385 403 635 642 7 0.0584 446 330 701 571 5 0.0581 438 326 694 568 3 0.0580 470 482 821 671 8 0.0577 258 392 496 626 11 0.0577 250 398 503 624 6 0.0576 380 399 642 642 11 0.0575 378 280 630 509 5 0.0575 247 388 498 623 13 0.0569 385 402 648 646 6 0.0566 447 331 700 570 7 0.0564 382 402 645 642 11 0.0564 460 485 818 665 5 0.0561 372 396 637 639 7 0.0560 466 482 823 671 5 0.0560 458 476 809 669 8 0.0559 452 266 693 512 3 0.0556 383 276 628 515 0 0.0554 253 392 501 629 7 0.0547 256 394 501 627 0 0.0544 379 276 628 514 6 0.0542 536 482 892 661 0 0.0540 378 401 643 643 0 0.0539 461 483 820 668 10 0.0539 442 332 700 569 13 0.0538 258 393 506 632 11 0.0536 450 207 695 442 8 0.0535 467 484 805 667 13 0.0533 448 333 704 574 2 0.0531 446 335 694 569 3 0.0527 258 394 499 630 11 0.0526 646 384 903 624 10 0.0523 380 405 642 639 10 0.0521 252 398 499 626 13 0.0519 469 483 826 669 7 0.0519 384 275 631 511 6 0.0518 385 278 630 510 5 0.0518 574 531 819 774 9 0.0517 439 333 695 567 0 0.0513 451 206 696 446 6 0.0512 258 394 499 626 5 0.0511 448 199 689 441 5 0.0508 374 271 622 505 2 0.0508 380 407 639 641 9 0.0507 375 409 640 638 13 0.0504 385 278 635 515 7 0.0504 457 204 698 443
OwTzgMHdUsBZDQlMNqGweSPXKvisOzDw,11 0.0575 194 724 437 964 5 0.0568 171 352 450 569 7 0.0550 132 464 394 720 0 0.0544 566 427 813 638 0 0.0543 187 297 458 512 0 0.0536 119 360 386 587 3 0.0536 573 424 809 640 8 0.0529 187 351 445 577 7 0.0527 568 420 817 635 11 0.0524 291 585 563 803 8 0.0523 196 723 427 972 11 0.0521 258 342 521 568 7 0.0521 243 463 501 698 11 0.0520 566 424 817 634 5 0.0520 117 290 392 501 0 0.0517 48 291 329 487 8 0.0517 246 464 487 697 10 0.0516 2 217 263 434 13 0.0514 136 294 404 508 5 0.0513 192 716 430 963 6 0.0512 192 357 454 579 11 0.0510 361 418 718 604 8 0.0509 133 464 383 719 8 0.0506 130 287 387 506 7 0.0505 122 355 392 583 5 0.0504 247 284 520 500 5 0.0502 0 209 258 430 6 0.0501 574 425 816 632
KQYaL07y2NVf5eu9qX27qRWoMqZx7v24,5 0.0655 314 778 550 1015 8 0.0649 238 788 486 1018 11 0.0610 380 731 632 955 0 0.0606 309 658 563 901 0 0.0596 380 724 634 962 11 0.0594 314 786 552 1014 5 0.0591 372 662 624 905 7 0.0588 383 725 635 961 0 0.0587 389 603 650 847 8 0.0585 507 398 747 625 6 0.0578 387 602 652 839 7 0.0578 317 781 555 1020 5 0.0577 450 594 697 840 8 0.0575 322 713 559 950 5 0.0572 503 394 749 622 11 0.0570 305 662 564 892 6 0.0568 309 658 566 894 3 0.0566 384 727 633 962 11 0.0565 372 531 632 774 6 0.0564 382 725 638 958 8 0.0563 386 603 644 841 7 0.0562 404 478 758 664 0 0.0561 333 208 586 438 11 0.0561 449 607 701 840 7 0.0559 390 602 654 843 5 0.0555 242 661 518 894 0 0.0555 315 780 554 1020 5 0.0555 372 525 629 774 6 0.0554 242 727 516 956 13 0.0554 238 790 500 1022 11 0.0542 244 728 507 949 11 0.0542 448 349 711 568 6 0.0538 456 347 715 571 0 0.0536 448 346 706 577 11 0.0534 396 480 750 662 5 0.0533 310 592 568 834 0 0.0532 322 343 585 576 3 0.0531 451 347 708 576 5 0.0530 387 208 654 436 13 0.0529 324 713 567 954 5 0.0527 165 729 435 959 13 0.0526 379 528 641 779 6 0.0525 400 478 754 662 7 0.0524 311 404 577 648 11 0.0521 574 338 817 560 7 0.0520 312 659 564 899 7 0.0518 455 342 712 572 3 0.0517 318 785 552 1022 0 0.0517 177 462 429 691 11 0.0517 320 347 584 570 2 0.0517 376 534 631 776 5 0.0517 312 343 581 568 11 0.0517 500 263 779 497 6 0.0516 253 342 510 574 3 0.0515 405 478 751 669 13 0.0514 324 346 590 573 3 0.0514 377 530 629 783 0 0.0514 317 527 571 780 8 0.0511 326 342 573 570 8 0.0511 576 337 805 563 13 0.0510 405 476 763 664 2 0.0510 374 673 628 907 3 0.0510 458 601 702 849 8 0.0505 168 422 419 646 0 0.0504 444 219 703 454 3 0.0502 310 661 565 904 10 0.0502 380 726 636 955
06wjkwBWH2MXkB2Ua2MzLWSuuYm7mA1H,5 0.0693 398 668 740 855 0 0.0682 202 613 565 797 5 0.0679 327 614 680 791 11 0.0665 309 588 571 832 8 0.0662 400 669 739 855 0 0.0662 270 675 629 857 0 0.0654 131 528 388 770 8 0.0653 204 613 559 793 11 0.0649 128 618 493 793 7 0.0645 313 585 573 832 6 0.0641 189 644 440 892 0 0.0640 188 641 438 895 7 0.0640 133 616 499 794 5 0.0636 183 640 436 891 6 0.0635 203 616 564 794 0 0.0635 375 537 632 775 8 0.0617 135 592 381 835 6 0.0616 265 678 632 854 10 0.0610 126 620 492 792 2 0.0609 206 617 564 794 5 0.0606 189 526 444 764 8 0.0605 377 535 626 771 3 0.0599 266 614 627 793 10 0.0595 251 526 505 760 7 0.0593 401 669 750 855 2 0.0591 266 679 631 856 11 0.0587 313 462 565 700 13 0.0587 193 589 449 831 10 0.0585 311 589 571 831 13 0.0584 406 671 754 856 0 0.0582 314 461 566 704 7 0.0578 318 460 567 701 13 0.0576 315 585 577 833 3 0.0570 187 642 438 895 6 0.0566 151 554 513 728 9 0.0566 199 615 559 793 3 0.0563 402 671 749 857 12 0.0561 190 642 439 893 1 0.0561 201 612 562 795 13 0.0561 257 523 514 763 12 0.0558 269 675 630 856 12 0.0558 203 613 563 796 8 0.0557 316 460 560 699 2 0.0555 190 648 438 894 4 0.0553 312 588 576 833 11 0.0545 567 591 816 814 2 0.0543 374 542 631 773 0 0.0542 370 394 637 636 1 0.0536 262 674 630 856 9 0.0536 183 643 437 889 7 0.0532 376 393 637 630 5 0.0531 253 466 507 702 9 0.0528 260 677 626 853 1 0.0527 187 641 437 892 5 0.0526 565 586 805 816
kMKHez5lZi1pd0k7umAwZGp1ueVeSRPu,5 0.0630 193 319 442 558 8 0.0580 203 328 432 564 11 0.0579 209 0 577 155 0 0.0578 198 405 438 631 5 0.0578 513 386 761 635 11 0.0573 251 337 506 573 11 0.0571 196 407 440 625 3 0.0570 357 0 717 153 5 0.0567 561 280 823 520 3 0.0566 201 332 440 568 7 0.0562 525 388 771 631 8 0.0559 261 267 507 512 0 0.0559 629 811 886 1023 11 0.0556 627 814 884 1023 8 0.0550 568 283 821 517 0 0.0550 569 282 826 521 7 0.0550 202 324 440 561 2 0.0547 522 399 764 635 0 0.0546 256 332 503 580 5 0.0544 340 0 710 147 11 0.0543 566 737 823 956 8 0.0540 515 389 759 632 7 0.0539 570 733 827 955 0 0.0537 259 62 512 305 0 0.0535 198 255 447 495 3 0.0535 527 20 773 255 11 0.0532 520 396 765 631 11 0.0531 519 26 774 251 8 0.0528 333 191 576 441 6 0.0527 259 333 504 579 6 0.0524 200 407 441 632 8 0.0523 264 2 511 259 0 0.0521 325 131 592 366 0 0.0521 261 189 519 437 7 0.0519 631 809 891 1023 13 0.0519 520 394 777 635 0 0.0517 344 2 716 148 13 0.0516 202 257 454 497 0 0.0515 568 734 824 961 5 0.0514 185 474 432 707 0 0.0513 520 22 771 252 8 0.0512 630 814 872 1023 7 0.0511 265 265 518 512 6 0.0510 523 391 769 635 11 0.0509 195 262 449 490 5 0.0509 311 64 575 301 13 0.0508 265 10 528 263 5 0.0508 560 731 818 952 8 0.0505 274 124 508 367 0 0.0505 521 156 774 385 13 0.0505 570 287 834 521 13 0.0505 358 1 724 149 6 0.0505 202 260 449 493 8 0.0504 348 0 698 149 11 0.0503 318 272 590 517 10 0.0502 563 742 822 956 8 0.0501 520 155 767 384 9 0.0501 570 289 830 521
fAujYNGi5zNKByct2sIm13iqTSAFmG9K,5 0.0647 498 577 749 830 8 0.0624 508 531 754 778 7 0.0623 511 530 763 782 0 0.0619 505 463 758 716 8 0.0612 439 461 690 711 0 0.0604 374 522 637 777 5 0.0601 370 582 637 838 8 0.0598 374 524 632 774 5 0.0596 501 451 754 715 8 0.0595 310 595 561 843 7 0.0595 377 521 642 777 11 0.0593 384 712 634 945 11 0.0592 394 260 645 493 6 0.0588 251 598 510 833 11 0.0586 439 462 694 709 5 0.0585 622 593 869 819 0 0.0583 503 582 753 836 11 0.0580 243 601 510 832 13 0.0579 506 584 755 833 5 0.0576 243 592 509 833 3 0.0575 506 584 750 836 8 0.0572 388 706 626 949 5 0.0572 384 704 631 943 6 0.0571 512 533 766 778 0 0.0570 310 594 567 847 11 0.0568 506 531 758 775 5 0.0566 368 450 633 704 13 0.0565 379 588 644 838 13 0.0564 509 461 761 715 2 0.0563 504 587 752 830 0 0.0561 266 75 517 314 6 0.0561 443 463 696 713 13 0.0560 394 711 640 950 7 0.0559 309 596 572 847 11 0.0558 373 590 636 835 3 0.0557 400 258 651 502 8 0.0555 263 82 509 313 7 0.0551 389 711 637 950 7 0.0551 401 257 649 500 0 0.0551 622 600 874 824 10 0.0549 436 465 694 712 9 0.0549 502 529 760 776 2 0.0549 375 528 641 777 5 0.0548 239 381 503 636 13 0.0544 250 600 518 839 11 0.0544 265 77 523 310 9 0.0543 436 460 695 707 6 0.0543 624 603 876 821 3 0.0543 377 592 636 844 7 0.0542 248 671 521 912 0 0.0541 397 262 646 499 11 0.0540 248 325 508 570 11 0.0539 618 600 872 819 8 0.0539 628 598 865 820 8 0.0538 398 256 642 497 6 0.0538 270 77 522 315 7 0.0537 622 596 880 824 8 0.0536 250 669 508 914 10 0.0536 372 591 637 840 0 0.0535 250 319 506 576 13 0.0530 255 324 512 579 0 0.0529 388 705 633 950 6 0.0529 400 261 654 499 7 0.0528 255 323 508 576 6 0.0527 378 590 640 837 3 0.0527 507 466 756 720 3 0.0525 254 325 508 575 3 0.0524 247 674 514 918 13 0.0524 399 259 653 496 8 0.0523 579 276 809 514 13 0.0523 377 458 645 704 10 0.0523 251 333 508 570 5 0.0522 262 72 513 310 1 0.0519 501 579 750 832 2 0.0519 308 600 569 849 10 0.0516 503 585 751 832 3 0.0512 624 604 872 829 7 0.0510 317 793 565 1022 5 0.0509 574 270 817 515 10 0.0509 395 263 650 496 5 0.0508 392 254 643 495 10 0.0508 243 601 511 834 6 0.0507 260 326 510 573 8 0.0505 244 384 498 638 6 0.0504 583 276 826 514 2 0.0504 624 604 875 822 6 0.0504 192 141 448 378 11 0.0502 572 277 825 513 1 0.0501 502 457 756 717 3 0.0501 392 712 634 953
7lhSDPYwcZdNlmd0F7QECiusnZ5JbiFc,0 0.0664 13 784 238 1021 8 0.0610 16 782 230 1015 5 0.0609 10 780 229 1014 6 0.0596 16 785 242 1015 7 0.0590 16 780 239 1018 0 0.0570 125 796 365 1023 0 0.0557 62 681 337 914 8 0.0549 70 669 327 907 11 0.0544 564 587 812 825 3 0.0540 17 785 231 1021 11 0.0538 122 798 357 1013 11 0.0534 64 527 307 747 11 0.0534 14 788 235 1015 11 0.0533 703 528 951 765 7 0.0523 572 581 815 833 10 0.0521 124 804 354 1017 10 0.0520 16 787 235 1015 2 0.0513 18 786 238 1022 11 0.0510 64 681 333 903 8 0.0506 141 732 373 965
AYmeQf7rfeQkw5onDWINLzf4ot5pNzRo,5 0.0652 489 788 750 1020 5 0.0628 239 459 500 701 8 0.0607 498 787 746 1023 0 0.0593 496 791 759 1023 8 0.0589 381 588 634 825 7 0.0589 501 788 760 1023 8 0.0584 444 647 697 896 6 0.0583 254 400 516 644 11 0.0580 444 652 704 897 0 0.0572 502 670 775 913 5 0.0567 502 664 767 912 8 0.0566 243 459 494 701 11 0.0564 360 728 636 971 11 0.0564 246 402 514 641 5 0.0563 324 539 696 736 0 0.0557 385 473 640 716 3 0.0557 248 462 503 708 13 0.0553 502 792 763 1023 11 0.0551 385 473 642 716 13 0.0551 449 649 709 898 3 0.0551 498 789 755 1023 11 0.0551 493 793 755 1019 5 0.0550 315 404 574 645 11 0.0550 317 533 576 772 6 0.0549 499 793 757 1021 6 0.0548 446 650 710 895 0 0.0547 186 318 441 561 7 0.0545 251 400 511 645 0 0.0544 415 608 781 799 5 0.0544 174 391 435 632 6 0.0543 390 528 640 764 0 0.0542 321 404 579 647 5 0.0541 315 11 579 247 13 0.0540 188 398 449 639 8 0.0538 386 472 633 714 11 0.0538 565 2 827 210 2 0.0536 499 795 757 1020 6 0.0536 316 470 576 708 6 0.0534 455 464 711 705 8 0.0530 362 724 626 971 13 0.0530 248 461 512 708 7 0.0529 426 543 789 732 5 0.0527 492 0 759 239 8 0.0527 327 406 570 646 3 0.0527 507 8 761 245 8 0.0527 185 391 431 638 7 0.0526 390 590 643 831 10 0.0525 250 401 510 641 0 0.0524 240 461 501 705 5 0.0524 243 328 506 570 8 0.0523 253 329 498 572 6 0.0522 387 403 643 649 1 0.0516 492 783 755 1022 3 0.0514 510 666 772 920 13 0.0512 388 589 647 826 3 0.0511 330 15 581 257 3 0.0509 391 589 640 832 8 0.0508 570 0 821 210 7 0.0504 322 531 573 773 13 0.0504 370 727 642 973 0 0.0503 316 528 572 771 2 0.0503 243 466 504 706 0 0.0501 250 256 511 502 13 0.0500 501 5 763 240
tnhvhj8PP3B0r1AZJtn3LsPYYVPAAaha,0 0.0578 565 360 816 587 11 0.0572 616 416 888 635 3 0.0567 179 332 442 584 0 0.0566 772 0 1022 201 11 0.0566 616 303 913 521 5 0.0566 561 304 826 529 11 0.0562 510 399 756 625 5 0.0560 770 0 1022 201 8 0.0556 563 354 812 586 8 0.0555 774 0 1017 200 11 0.0541 768 2 1023 197 11 0.0541 175 335 439 574 7 0.0538 780 0 1023 199 11 0.0536 0 99 244 334 5 0.0536 617 410 882 634 5 0.0530 0 88 238 333 5 0.0529 510 398 750 624 13 0.0529 566 359 824 584 6 0.0528 576 312 837 527 0 0.0528 178 334 441 578 8 0.0527 0 92 234 335 0 0.0526 771 85 1015 345 5 0.0519 768 73 1017 336 8 0.0518 624 299 896 529 0 0.0516 0 96 241 337 13 0.0515 776 0 1023 202 11 0.0514 259 204 533 436 0 0.0514 617 302 910 528 6 0.0513 627 413 892 636 8 0.0513 179 330 434 577 5 0.0510 165 326 437 571 0 0.0509 263 200 529 441 3 0.0509 776 1 1023 203 10 0.0507 564 365 814 583 6 0.0507 702 310 970 520 6 0.0506 179 329 448 574 13 0.0505 3 98 252 337 5 0.0505 114 141 370 384 13 0.0504 441 0 710 245 7 0.0503 516 398 755 628 2 0.0501 513 409 755 627 10 0.0501 772 5 1023 199
aEzm32qglOX4hN5jjINaWIDO9PZx2erM,0 0.0651 188 718 435 968 5 0.0641 185 721 428 959 11 0.0625 184 720 431 960 11 0.0612 226 524 501 754 13 0.0582 196 721 438 965 8 0.0577 87 877 432 1023 0 0.0576 54 665 311 908 8 0.0576 189 716 425 963 7 0.0575 193 719 435 967 11 0.0550 377 460 629 690 6 0.0549 189 724 437 960 11 0.0542 50 669 314 903 7 0.0535 118 539 393 771 7 0.0534 58 669 321 908 10 0.0528 252 726 490 963 11 0.0527 107 543 390 767 0 0.0526 228 522 499 756 8 0.0523 58 666 310 907 3 0.0521 189 720 429 963 0 0.0518 109 537 385 777 11 0.0511 443 399 690 623 8 0.0511 229 521 490 752 7 0.0510 448 399 692 627 13 0.0510 65 666 322 908 0 0.0510 86 877 451 1023 5 0.0505 53 666 308 901 7 0.0503 88 878 458 1023 7 0.0501 235 519 504 754
IWQyeoQT1p5xqLFulOGaMC4rsn5BGztc,0 0.0559 173 345 432 587 8 0.0555 382 0 633 231 11 0.0544 246 738 506 963 8 0.0538 253 409 486 645 8 0.0528 125 785 371 1017 11 0.0524 250 417 496 644 13 0.0517 385 0 649 233 8 0.0516 245 730 496 966 0 0.0516 379 0 643 233 5 0.0515 377 0 641 233 0 0.0515 124 785 377 1018 11 0.0514 120 787 382 1014 3 0.0511 251 413 496 651 0 0.0510 249 407 494 646 5 0.0503 242 405 493 643 7 0.0500 126 785 383 1017
AHTlrW0UNxPa1rjacHfGBtgFKckd6gHF,5 0.0636 356 785 614 1018 0 0.0624 499 727 755 971 8 0.0603 502 722 748 967 13 0.0601 370 790 625 1023 5 0.0595 490 723 751 964 0 0.0586 367 725 636 968 7 0.0586 367 790 623 1021 7 0.0579 442 722 700 961 7 0.0577 380 658 648 895 13 0.0572 501 725 758 970 8 0.0567 365 785 612 1021 11 0.0566 492 729 752 967 6 0.0560 439 722 699 960 11 0.0554 323 404 583 639 10 0.0546 360 791 616 1023 3 0.0541 499 728 751 974 0 0.0538 300 793 557 1023 2 0.0527 497 730 756 968 10 0.0527 432 725 694 960 3 0.0524 364 791 618 1023 6 0.0520 368 792 622 1021 11 0.0516 360 791 613 1021 11 0.0503 261 329 519 566 7 0.0503 350 331 596 562
rFQXOXKPw6hx9tpeAX0iC0s7eYhSCiIy,8 0.0671 562 207 815 445 0 0.0642 561 268 823 506 8 0.0635 568 328 818 573 8 0.0618 496 263 751 505 8 0.0618 253 337 489 568 8 0.0596 635 471 882 709 5 0.0593 563 452 816 701 3 0.0591 202 336 440 581 8 0.0588 300 410 554 635 5 0.0588 555 209 821 446 10 0.0586 560 218 820 450 5 0.0586 567 325 822 574 5 0.0577 193 327 442 572 3 0.0574 572 333 827 579 0 0.0573 566 459 822 703 10 0.0567 247 399 494 631 11 0.0566 562 214 822 446 11 0.0564 240 400 493 633 3 0.0559 510 0 764 208 3 0.0559 500 268 760 510 10 0.0558 567 335 825 573 11 0.0558 563 458 820 700 7 0.0557 246 394 498 632 11 0.0556 620 285 895 510 3 0.0552 565 209 825 451 7 0.0544 634 469 898 713 0 0.0543 199 333 441 576 7 0.0541 500 264 765 500 6 0.0540 502 266 762 505 6 0.0538 463 0 729 196 2 0.0538 562 216 820 446 6 0.0534 201 334 445 573 0 0.0534 300 409 563 636 6 0.0530 302 412 565 635 6 0.0527 567 213 825 445 9 0.0527 561 269 822 497 11 0.0525 455 3 719 192 10 0.0525 564 460 823 701 7 0.0525 575 328 830 570 6 0.0525 577 330 827 575 11 0.0524 496 269 759 505 13 0.0524 300 414 567 637 2 0.0522 570 334 824 575 13 0.0522 564 213 828 446 0 0.0521 448 0 719 200 8 0.0521 502 0 758 201 3 0.0515 572 455 820 708 7 0.0513 510 1 770 205 12 0.0513 577 330 826 577 2 0.0511 497 273 758 503 11 0.0510 504 793 764 1016 11 0.0509 373 525 652 764 9 0.0509 195 333 439 565 12 0.0508 504 266 763 506 13 0.0506 457 0 730 196 7 0.0503 513 787 771 1021 5 0.0502 497 0 764 198
7tunOoGASlqYG1MqU5Xla9y8NB7rO1de,0 0.0577 572 721 818 966 0 0.0576 633 609 884 846 5 0.0573 115 392 376 640 11 0.0572 562 788 807 1017 13 0.0568 632 612 892 844 7 0.0554 568 784 812 1020 11 0.0550 631 613 886 838 5 0.0542 627 608 881 842 6 0.0540 126 395 382 644 0 0.0539 440 462 696 699 8 0.0537 441 453 688 695 11 0.0537 645 402 901 630 8 0.0536 560 785 798 1021 5 0.0536 0 398 256 636 6 0.0533 0 408 264 639 8 0.0528 634 611 878 840 5 0.0526 566 714 811 964 5 0.0522 243 385 491 642 7 0.0516 635 611 887 843 5 0.0514 642 396 896 632 11 0.0513 115 347 390 577 0 0.0511 120 395 377 647 0 0.0510 0 406 261 643 5 0.0509 437 452 688 693 7 0.0508 188 386 434 634 6 0.0505 636 615 892 841 11 0.0504 0 408 260 637 11 0.0504 440 460 691 693 3 0.0503 573 722 816 971 9 0.0502 629 614 886 837 0 0.0501 697 464 950 712 0 0.0501 362 532 619 774
JNzKjb2WH03frvzI7hQZZWg7Rjxo1uuc,11 0.0542 511 270 763 506 0 0.0502 512 268 762 511
15saWGMC364tMB3ny0BI9N85eGipQ2nZ,0 0.0593 165 199 435 450 0 0.0586 313 199 574 443 5 0.0580 385 194 644 437 11 0.0572 392 203 652 439 8 0.0562 170 316 408 572 5 0.0558 387 553 640 770 8 0.0553 171 196 425 444 11 0.0549 246 199 513 437 0 0.0547 240 266 512 506 13 0.0547 318 0 580 196 7 0.0544 311 275 579 514 0 0.0544 165 326 417 575 5 0.0541 377 8 627 248 5 0.0540 743 0 1010 194 5 0.0537 302 269 571 513 8 0.0536 315 0 566 193 7 0.0536 397 203 652 441 8 0.0536 314 196 564 440 0 0.0533 444 139 690 372 11 0.0533 308 276 577 510 13 0.0529 165 326 421 580 0 0.0528 252 137 505 374 0 0.0524 321 63 580 305 6 0.0524 749 0 1016 199 0 0.0523 393 551 648 776 3 0.0522 325 0 690 142 3 0.0521 395 200 652 444 13 0.0518 314 276 582 515 6 0.0517 169 204 441 441 5 0.0516 315 136 581 369 13 0.0516 336 544 601 774 11 0.0515 309 1 581 192 11 0.0514 161 323 416 577 10 0.0510 390 203 653 439 7 0.0510 449 139 692 366 13 0.0510 397 201 657 438 6 0.0509 394 553 654 772 10 0.0509 248 203 506 436 7 0.0509 321 0 695 139 6 0.0507 314 275 584 515 0 0.0507 326 470 581 702 0 0.0507 751 0 1013 200 6 0.0507 329 140 593 372 5 0.0506 551 465 823 685 7 0.0506 395 555 651 780 5 0.0504 324 470 578 693 8 0.0504 395 138 634 363 11 0.0503 393 555 650 769 11 0.0503 319 140 588 370 6 0.0503 317 0 583 195 11 0.0502 99 210 382 444 8 0.0501 755 0 1006 195
5tvqowMu5y0czrh9cxh3MFeECKc07ZRQ,5 0.0567 753 3 1017 249 11 0.0547 753 11 1019 244 11 0.0547 169 315 450 544 8 0.0540 178 383 436 620 8 0.0536 754 10 1010 246 5 0.0535 168 309 441 546 13 0.0534 761 10 1023 251 0 0.0528 754 6 1019 253 13 0.0524 180 387 453 623 0 0.0516 172 388 449 620 11 0.0501 243 387 515 614
wa6Do8UmXhm5nXOXaBTyCLxTUyR0Or7v,0 0.0591 253 711 502 959 11 0.0588 246 713 499 951 7 0.0585 312 646 582 884 7 0.0577 252 711 503 955 11 0.0573 375 588 637 819 5 0.0570 246 708 498 952 8 0.0556 251 712 492 954 10 0.0553 251 716 499 956 13 0.0547 255 717 508 956 11 0.0546 308 648 576 878 8 0.0539 377 657 632 898 3 0.0533 254 709 499 960 0 0.0532 310 652 580 888 6 0.0530 252 717 505 954 7 0.0528 439 658 705 893 11 0.0527 247 588 514 817 11 0.0527 509 785 748 1015 7 0.0527 383 511 648 749 8 0.0525 512 782 738 1022 10 0.0525 379 661 641 898 11 0.0513 378 459 638 676 7 0.0510 517 781 754 1023 11 0.0506 434 665 700 892 0 0.0505 375 590 638 825 7 0.0505 254 582 522 820 8 0.0504 252 345 488 555 11 0.0501 313 520 585 751
yll9HcD8lQ0HZYjqpjhp1sdR4URG9Pfq,5 0.0662 300 502 556 765 11 0.0654 316 351 559 570 11 0.0649 372 452 633 707 11 0.0644 437 513 700 769 5 0.0642 177 508 430 763 0 0.0638 306 505 558 766 11 0.0636 570 518 828 762 5 0.0634 376 557 630 827 11 0.0630 244 514 494 762 8 0.0630 308 507 553 763 8 0.0626 507 565 763 821 0 0.0626 379 564 635 828 8 0.0623 384 564 631 825 5 0.0623 370 447 635 707 8 0.0618 376 451 630 708 8 0.0617 243 0 506 185 0 0.0609 182 454 437 701 8 0.0606 325 349 557 573 6 0.0604 248 513 498 763 7 0.0603 182 512 435 766 7 0.0601 514 563 769 822 5 0.0601 506 560 763 818 8 0.0599 180 457 429 700 3 0.0597 306 510 559 765 7 0.0592 239 0 519 185 13 0.0592 385 567 638 828 3 0.0591 320 284 552 510 6 0.0591 578 516 832 761 0 0.0590 375 451 636 711 11 0.0587 235 1 516 184 8 0.0586 326 34 678 211 13 0.0584 311 511 562 765 12 0.0584 307 507 560 766 5 0.0583 236 0 509 183 0 0.0576 320 349 559 578 6 0.0574 375 452 637 708 5 0.0573 176 402 438 633 6 0.0572 443 510 704 771 5 0.0570 314 347 556 568 0 0.0569 508 571 767 823 10 0.0569 242 516 494 761 5 0.0569 319 33 684 210 3 0.0568 379 451 637 711 11 0.0568 179 457 433 699 7 0.0564 316 282 554 505 13 0.0563 245 0 520 185 2 0.0562 182 517 432 765 5 0.0560 302 120 565 363 5 0.0559 494 453 769 711 3 0.0557 180 518 433 772 10 0.0555 508 570 767 821 6 0.0554 324 350 562 573 13 0.0553 580 579 836 819 11 0.0551 249 284 489 508 8 0.0551 254 280 480 508 6 0.0550 242 0 518 185 2 0.0550 307 511 560 764 13 0.0547 451 64 717 298 3 0.0547 385 566 636 831 10 0.0546 239 5 515 181 9 0.0545 245 510 496 760 7 0.0544 309 122 574 365 6 0.0544 328 35 695 210 7 0.0544 309 508 561 767 7 0.0543 386 564 638 833 13 0.0543 331 36 697 210 11 0.0541 319 36 689 210 12 0.0539 378 453 635 711 3 0.0539 326 1 587 247 7 0.0538 376 449 639 712 6 0.0538 433 398 710 636 6 0.0538 450 67 712 302 0 0.0537 242 1 515 186 9 0.0537 376 511 631 765 0 0.0536 301 193 560 424 10 0.0533 374 454 636 705 2 0.0532 374 457 636 710
gXA6ecw2zVVVUYoIeCAmHrEtaVmev4mx,11 0.0645 338 476 712 652 0 0.0636 338 473 709 654 5 0.0627 359 383 625 633 8 0.0625 347 475 702 654 3 0.0605 344 474 712 655 3 0.0592 393 258 643 500 0 0.0586 3 739 245 970 7 0.0583 365 386 632 636 13 0.0582 349 475 713 653 11 0.0579 384 264 645 495 6 0.0575 366 387 632 636 10 0.0574 340 477 712 652 6 0.0566 392 260 647 497 8 0.0561 7 733 242 966 7 0.0559 392 260 648 496 8 0.0559 390 258 637 496 5 0.0558 385 256 640 493 7 0.0548 6 739 248 973 1 0.0543 332 469 705 656 3 0.0534 12 738 248 975 0 0.0533 386 199 645 436 2 0.0527 341 478 706 652 11 0.0523 5 741 248 969 10 0.0518 389 266 644 496 13 0.0512 392 262 650 500 12 0.0508 366 388 631 637 11 0.0507 392 134 650 376 5 0.0506 386 125 645 376 3 0.0506 400 132 647 386 0 0.0506 78 480 323 713 6 0.0506 399 133 650 381 0 0.0503 565 209 807 442 6 0.0501 9 740 253 968
FLRgiriX6Jf6AlIAMQbBabgBWXstrFE8,5 0.0610 239 786 490 1018 11 0.0579 242 795 494 1017 7 0.0521 249 793 495 1022 0 0.0517 245 789 495 1023 10 0.0512 242 799 493 1020 8 0.0506 244 792 488 1022 7 0.0505 456 398 701 635
y43D3RAuLinXQqa9S0qWapO4fSkh2Ae2,7 0.0648 439 784 699 1023 5 0.0645 428 781 689 1020 0 0.0621 437 786 694 1023 0 0.0602 499 669 753 902 8 0.0600 439 783 686 1023 5 0.0598 427 662 693 896 3 0.0591 439 782 691 1023 13 0.0587 441 786 699 1023 11 0.0586 434 786 691 1020 13 0.0578 271 802 638 987 0 0.0574 373 728 624 972 7 0.0566 440 668 697 899 11 0.0560 430 672 695 897 5 0.0557 250 799 622 980 5 0.0555 570 269 805 492 11 0.0554 258 804 628 982 7 0.0553 270 801 633 986 7 0.0553 509 275 753 504 10 0.0550 435 789 692 1023 2 0.0549 440 788 694 1023 6 0.0549 436 789 698 1021 8 0.0542 502 668 743 899 11 0.0537 503 278 751 499 11 0.0536 583 206 823 436 6 0.0535 502 668 757 898 8 0.0534 373 728 618 968 10 0.0533 370 733 624 966 8 0.0528 575 271 801 498 3 0.0528 505 665 752 906 9 0.0525 434 784 695 1020 11 0.0523 317 393 584 637 0 0.0517 581 272 807 495 5 0.0515 509 201 761 421 10 0.0511 431 673 694 897 6 0.0511 511 280 757 503 6 0.0508 263 801 631 983 3 0.0506 268 800 625 990 0 0.0503 317 389 581 639 3 0.0502 509 279 749 509
TUKvZGGKB5mxN5Yx0Xw0ctkqd5XToajn,0 0.0634 431 592 703 839 11 0.0629 568 528 830 763 0 0.0614 499 530 762 775 11 0.0614 435 595 700 835 0 0.0610 298 655 566 910 5 0.0608 428 652 697 902 11 0.0602 376 2 646 188 6 0.0600 498 597 770 844 11 0.0593 576 402 831 641 8 0.0590 571 526 825 766 6 0.0590 574 528 833 766 8 0.0588 581 399 822 645 11 0.0587 298 664 560 904 8 0.0578 496 598 763 846 8 0.0574 293 712 550 958 5 0.0572 379 0 643 192 8 0.0568 382 1 637 190 7 0.0567 506 527 766 773 5 0.0564 294 651 564 906 6 0.0562 432 659 704 904 3 0.0561 499 600 769 850 6 0.0561 586 404 834 642 11 0.0560 174 669 447 904 6 0.0560 388 1 648 192 0 0.0556 179 661 450 912 5 0.0553 567 522 825 767 13 0.0552 439 657 709 906 13 0.0552 390 0 651 190 13 0.0552 585 402 837 644 0 0.0551 392 14 642 250 3 0.0551 388 0 646 196 0 0.0550 580 401 830 642 13 0.0547 300 713 566 964 6 0.0545 371 593 632 838 11 0.0543 376 76 646 311 5 0.0543 377 68 640 310 13 0.0543 576 526 834 766 2 0.0539 499 602 771 843 5 0.0539 633 407 892 635 7 0.0538 441 590 704 840 5 0.0533 560 87 816 309 7 0.0532 303 655 572 908 7 0.0529 388 0 650 194 5 0.0527 172 660 448 905 3 0.0526 585 401 830 649 7 0.0525 585 400 834 644 6 0.0522 437 528 697 767 5 0.0521 185 8 442 255 9 0.0521 387 15 640 244 3 0.0520 575 527 831 775 13 0.0514 387 76 649 312 8 0.0513 180 664 444 908 6 0.0513 385 75 647 313 6 0.0512 302 660 570 908 5 0.0510 562 260 819 514 5 0.0509 358 588 626 838 2 0.0509 382 7 644 191 13 0.0508 181 662 459 912 10 0.0508 383 3 644 192 3 0.0508 573 263 818 521 8 0.0507 380 79 636 310 8 0.0507 568 258 814 516 7 0.0506 253 71 509 307 9 0.0503 495 598 766 842 10 0.0503 365 594 631 837 12 0.0502 498 596 767 844 10 0.0500 298 660 569 907
a9Pj1EyzlPQNrg4yuYQKPdxfKgE5HGdE,5 0.0638 360 788 619 1021 13 0.0621 302 789 563 1023 7 0.0613 439 797 692 1023 5 0.0603 236 780 493 1014 11 0.0597 293 796 551 1022 0 0.0592 501 806 760 1023 7 0.0592 298 792 559 1023 8 0.0589 370 791 615 1023 3 0.0573 436 802 683 1023 11 0.0569 583 352 834 578 8 0.0560 240 779 487 1021 8 0.0559 501 805 748 1022 11 0.0559 435 803 679 1020 6 0.0558 298 794 561 1021 10 0.0558 294 796 553 1021 0 0.0555 367 791 622 1023 5 0.0554 487 799 751 1019 5 0.0547 739 487 1019 679 6 0.0544 751 487 1023 683 13 0.0536 439 800 691 1022 0 0.0535 295 727 560 964 5 0.0534 581 346 831 580 0 0.0531 751 491 1023 686 11 0.0529 298 669 567 894 11 0.0528 236 731 491 950 10 0.0523 363 743 623 970 6 0.0521 434 804 692 1021 6 0.0519 371 738 631 972 2 0.0519 372 797 622 1023 11 0.0517 749 492 1023 676 3 0.0513 297 792 551 1023 9 0.0508 368 795 622 1018 13 0.0505 242 727 500 956 8 0.0502 108 802 340 1022 10 0.0501 585 354 832 581 7 0.0500 239 725 492 954
16cDqCSHOS8B6rAWZGlUCZvU3nIycUFn,0 0.0565 408 532 648 766 11 0.0545 403 475 654 700 7 0.0540 412 532 654 761 11 0.0532 200 665 448 887 11 0.0530 308 340 565 566 8 0.0526 449 219 676 462 5 0.0524 190 583 448 813 5 0.0523 245 453 506 694 8 0.0521 205 663 442 889 0 0.0515 264 586 509 820 5 0.0514 333 587 565 815 8 0.0508 511 158 740 387 3 0.0506 315 338 564 576 5 0.0504 566 27 814 259 7 0.0504 335 596 577 814 13 0.0504 573 31 828 259 0 0.0503 249 465 509 697 5 0.0502 333 0 680 158
sDXi7lCDANApyWFohgHLgoyXm2iAfBmf,0 0.0609 184 658 436 904 8 0.0606 193 654 430 899 0 0.0605 317 657 577 893 11 0.0590 181 660 432 896 0 0.0588 303 782 560 1023 11 0.0587 247 726 504 957 0 0.0584 501 609 760 850 11 0.0582 381 600 629 831 8 0.0577 504 605 749 847 7 0.0576 324 653 579 892 7 0.0575 306 780 567 1018 11 0.0572 502 609 759 839 8 0.0572 309 780 554 1017 8 0.0566 322 652 569 892 7 0.0565 189 658 436 900 0 0.0559 258 592 511 836 5 0.0556 313 649 571 890 10 0.0554 318 656 575 890 5 0.0544 301 776 559 1015 5 0.0540 182 653 427 893 10 0.0536 183 660 431 895 13 0.0535 383 600 636 836 8 0.0529 265 588 503 833 10 0.0527 303 781 562 1019 8 0.0525 189 523 429 764 13 0.0524 309 782 568 1022 11 0.0519 250 391 502 623 7 0.0519 263 586 513 831 5 0.0516 500 604 753 844 6 0.0514 258 394 505 624 13 0.0512 504 608 762 847 7 0.0511 189 519 441 763 0 0.0506 187 522 436 767 7 0.0506 257 387 506 628 8 0.0504 254 391 496 626 7 0.0504 508 607 762 847
dTFMFFJmLVGfVnZjry2MKm2t7WWKcwDr,11 0.0660 247 322 511 560 13 0.0659 245 383 505 634 5 0.0659 214 344 554 537 8 0.0647 273 344 610 531 5 0.0644 497 386 760 629 0 0.0634 249 321 510 561 5 0.0626 185 389 437 641 8 0.0623 244 379 495 628 0 0.0622 503 274 756 502 3 0.0621 449 339 703 576 7 0.0617 446 337 706 572 3 0.0615 269 346 620 534 6 0.0611 504 392 763 628 7 0.0609 271 344 625 531 11 0.0605 183 398 443 641 0 0.0604 444 339 701 570 0 0.0604 193 257 439 500 11 0.0602 308 391 577 629 0 0.0601 503 398 763 631 3 0.0599 456 447 712 702 8 0.0595 444 338 696 568 7 0.0594 450 446 715 699 0 0.0594 572 338 830 561 0 0.0590 187 391 440 643 8 0.0589 449 448 703 694 2 0.0588 503 399 761 631 6 0.0586 314 386 577 632 11 0.0583 499 396 760 628 2 0.0583 440 280 693 503 5 0.0582 495 264 756 498 7 0.0580 313 390 576 634 11 0.0579 500 276 762 497 8 0.0578 194 259 427 497 6 0.0578 252 322 512 560 7 0.0575 188 391 441 645 13 0.0574 196 462 450 714 6 0.0573 187 390 444 642 13 0.0570 250 265 507 504 5 0.0568 566 332 828 561 8 0.0568 499 274 753 500 13 0.0567 454 448 720 698 13 0.0567 505 336 765 560 3 0.0566 577 337 830 565 10 0.0565 438 340 703 569 2 0.0561 273 348 618 530 6 0.0559 580 336 833 558 10 0.0556 310 391 574 632 6 0.0553 194 261 440 492 0 0.0553 509 148 755 371 6 0.0550 506 274 760 501 10 0.0549 187 396 441 639 13 0.0547 312 458 580 704 9 0.0546 269 348 617 527 3 0.0545 506 273 760 508 10 0.0545 248 327 510 559 3 0.0544 190 393 442 649 0 0.0543 312 386 573 634 11 0.0541 462 75 710 301 8 0.0541 196 459 436 711 8 0.0540 573 337 822 558 13 0.0539 442 276 703 501 11 0.0539 190 259 439 494 12 0.0538 272 343 621 532 5 0.0535 560 204 824 431 0 0.0534 462 74 708 305 7 0.0534 572 337 834 564 11 0.0529 567 344 833 557 9 0.0529 441 338 704 566 2 0.0526 252 267 497 500 2 0.0519 244 385 499 629 12 0.0518 246 380 503 634 0 0.0518 568 212 828 434 11 0.0516 506 148 760 371 10 0.0516 444 450 713 698 7 0.0516 504 270 761 505 5 0.0516 499 140 753 367
EuJ1SCWvdtypPMzh1WWiS9lbbhH0SeJI,5 0.0691 187 710 431 954 7 0.0671 207 679 571 853 11 0.0665 198 679 571 853 7 0.0654 192 712 433 954 0 0.0652 200 679 572 856 0 0.0649 191 711 433 956 8 0.0647 185 669 430 899 10 0.0627 183 673 434 899 11 0.0625 190 713 434 951 3 0.0610 192 710 433 958 5 0.0607 181 602 440 834 5 0.0605 648 0 1023 157 13 0.0597 660 0 1023 158 0 0.0592 649 0 1023 160 8 0.0592 653 0 1012 156 3 0.0588 208 678 570 857 11 0.0577 649 3 1023 155 11 0.0573 444 535 701 767 13 0.0572 186 670 440 901 1 0.0570 180 667 434 900 6 0.0567 190 714 437 953 6 0.0564 204 681 572 853 10 0.0558 645 3 1023 157 12 0.0550 191 712 433 956 9 0.0547 187 714 434 953 7 0.0543 457 531 703 763 6 0.0539 655 1 1023 155 2 0.0537 204 683 570 856 2 0.0529 190 717 434 955 8 0.0522 380 387 630 618 0 0.0519 559 532 816 766 8 0.0515 446 470 692 698 8 0.0512 503 528 747 764 0 0.0508 448 528 699 770 11 0.0504 554 537 817 757 4 0.0503 203 681 574 854 4 0.0501 191 714 436 955 2 0.0501 650 4 1023 156
YhpY05FLCHeGOsKP8fPr0GjynvUheWVw,5 0.0683 179 783 424 1021 0 0.0670 253 710 503 956 0 0.0664 212 669 573 851 8 0.0661 249 782 486 1022 7 0.0657 183 783 428 1023 5 0.0643 248 708 498 951 11 0.0638 181 788 427 1021 5 0.0638 203 667 566 848 7 0.0637 212 670 574 848 7 0.0633 252 712 503 953 7 0.0630 318 783 558 1023 6 0.0629 183 790 428 1023 8 0.0627 184 654 435 897 0 0.0623 374 650 633 897 10 0.0623 179 718 434 954 0 0.0612 181 785 427 1023 11 0.0607 316 787 554 1022 8 0.0605 385 786 618 1018 5 0.0604 313 779 549 1021 7 0.0604 378 717 635 959 11 0.0603 183 657 441 894 11 0.0601 373 721 627 955 5 0.0601 369 645 628 891 8 0.0601 241 594 492 820 0 0.0597 317 785 556 1023 10 0.0593 241 658 503 890 8 0.0590 314 715 560 954 11 0.0589 339 665 698 848 3 0.0587 243 655 506 895 3 0.0581 183 711 432 959 6 0.0580 252 714 505 950 6 0.0578 378 721 636 958 3 0.0573 314 714 564 961 13 0.0572 254 786 497 1023 8 0.0572 376 653 627 889 2 0.0569 214 673 575 850 11 0.0565 375 334 630 554 3 0.0563 250 786 491 1023 11 0.0563 236 596 495 822 0 0.0562 343 602 706 788 9 0.0556 180 711 435 951 8 0.0556 376 335 625 553 6 0.0556 283 667 640 848 11 0.0554 492 298 778 524 2 0.0553 252 716 502 952 5 0.0548 495 352 769 581 6 0.0548 318 790 558 1023 10 0.0547 308 721 566 956 13 0.0545 313 715 570 957 10 0.0545 250 791 493 1022 2 0.0544 182 790 428 1023 3 0.0541 302 590 565 826 13 0.0540 185 711 441 956 0 0.0540 546 355 835 588 10 0.0535 177 604 431 828 13 0.0534 286 666 643 850 1 0.0533 248 780 491 1023 10 0.0533 299 593 563 822 7 0.0532 380 335 636 554 9 0.0531 247 787 491 1021 10 0.0531 13 800 386 970 1 0.0528 201 666 573 849 7 0.0527 503 361 786 582 8 0.0524 351 605 691 783 13 0.0523 388 788 631 1019 0 0.0522 376 338 637 556 8 0.0522 447 276 706 501 3 0.0518 181 601 431 831 7 0.0518 446 279 718 502 7 0.0517 350 602 712 785 1 0.0516 179 708 433 956 3 0.0516 388 787 627 1023 12 0.0512 252 710 503 953 1 0.0512 309 711 563 957 12 0.0511 186 786 427 1023 5 0.0507 438 275 704 500 8 0.0501 502 362 773 581
YLQxqzdH9uIAc8eC04fOdYtoVxtPojzI,0 0.0581 252 1 501 208 13 0.0579 256 0 509 210 11 0.0544 244 0 505 206 6 0.0510 255 0 509 209 3 0.0505 259 0 505 214 3 0.0504 387 109 636 350 5 0.0502 240 0 496 205
NXqKMq3K72nY3FvDI9Yu6ufdMLaMNAjc,11 0.0643 441 599 698 835 13 0.0626 364 786 625 1023 8 0.0623 441 597 693 839 11 0.0621 377 399 632 634 0 0.0616 237 712 504 964 11 0.0612 300 727 573 965 11 0.0608 453 544 816 732 5 0.0607 234 710 496 962 0 0.0600 441 599 698 840 8 0.0598 240 709 496 963 8 0.0598 491 784 748 1022 7 0.0596 407 670 763 856 11 0.0592 423 789 681 1020 8 0.0587 382 398 625 636 5 0.0587 372 394 630 634 13 0.0582 496 789 764 1023 0 0.0581 454 545 815 737 3 0.0581 444 598 698 844 7 0.0581 383 396 636 638 5 0.0581 420 720 689 965 6 0.0578 384 399 635 634 0 0.0574 364 728 634 970 5 0.0569 438 592 693 837 7 0.0567 433 725 700 968 0 0.0564 384 396 633 638 8 0.0563 175 767 420 1013 3 0.0562 432 729 693 976 6 0.0556 444 599 701 838 8 0.0554 452 544 809 735 3 0.0549 362 788 620 1023 7 0.0548 461 542 820 736 13 0.0547 444 599 703 838 5 0.0547 353 783 613 1022 5 0.0546 455 539 813 734 7 0.0545 361 784 623 1023 8 0.0542 359 784 610 1023 10 0.0542 439 600 698 839 6 0.0539 238 713 505 964 6 0.0539 458 544 821 736 3 0.0537 380 396 633 643 6 0.0536 368 729 638 972 10 0.0531 491 787 757 1023 2 0.0530 456 547 817 735 3 0.0528 459 543 814 741 10 0.0527 455 546 814 734 10 0.0527 358 791 620 1023 2 0.0527 401 674 758 857 2 0.0523 382 404 631 635 13 0.0521 382 399 638 638 2 0.0519 425 786 685 1023 11 0.0514 171 772 427 1007 13 0.0513 172 769 436 1010 13 0.0509 459 546 828 737 9 0.0507 356 787 620 1017 10 0.0506 377 403 630 635 2 0.0501 239 715 502 963
SMIQHzR3PC6VKVo917m9iRyj2j81y7au,7 0.0646 253 719 502 954 0 0.0619 253 721 500 957 8 0.0618 255 673 497 899 5 0.0616 249 720 497 950 7 0.0595 246 609 502 838 11 0.0592 252 673 505 898 8 0.0570 320 730 564 957 5 0.0559 240 609 495 833 6 0.0559 252 723 504 952 11 0.0549 316 733 572 956 10 0.0548 246 727 502 952 3 0.0544 254 720 501 958 0 0.0532 246 609 497 842 13 0.0515 256 723 507 957 10 0.0508 245 617 497 836 6 0.0500 245 614 502 838
cWIw7nXiM4QBTHJQlLvElzrTJPPXAHjG,8 0.0625 440 787 682 1023 11 0.0617 440 788 690 1021 7 0.0612 445 786 693 1022 5 0.0605 502 781 749 1018 11 0.0598 573 782 825 1020 8 0.0587 575 779 819 1022 13 0.0568 444 790 695 1023 6 0.0561 442 792 691 1023 0 0.0560 440 789 691 1023 7 0.0559 580 780 833 1022 0 0.0557 620 681 879 917 3 0.0552 443 788 691 1023 11 0.0549 621 680 880 908 13 0.0548 580 784 834 1023 10 0.0547 441 790 690 1022 2 0.0540 441 792 692 1023 0 0.0538 576 784 828 1023 10 0.0535 579 783 827 1022 6 0.0533 578 788 829 1023 8 0.0522 621 679 874 910 1 0.0521 437 782 691 1023 9 0.0512 437 788 688 1020 2 0.0507 580 786 826 1021 3 0.0507 580 782 827 1023
9FZuh273ab59aKbzwTPFf6TlYZkehzyL,14 1.0 0 0 1 1
MwwN0dkQThg1xJUTzt5mbT4btZD7cdRc,0 0.0574 297 149 566 385 11 0.0559 289 151 569 384 8 0.0558 301 148 559 384 7 0.0551 439 798 688 1023 0 0.0546 432 800 687 1023 3 0.0530 300 149 568 390 11 0.0529 431 801 685 1020 11 0.0521 392 611 752 785 10 0.0520 430 801 683 1020 8 0.0516 434 800 675 1023 5 0.0515 429 793 682 1020 5 0.0514 293 140 568 384 7 0.0512 251 277 512 512 13 0.0510 307 2 570 197 6 0.0506 298 150 571 384 5 0.0504 175 206 440 443 2 0.0503 297 154 567 386 11 0.0503 248 359 520 580
cK4b7gKCoBIX4HaJYeFrutJiboAl3n5t,3 0.0625 521 135 761 386 8 0.0623 515 137 754 380 11 0.0610 514 139 761 379 7 0.0604 377 134 620 378 8 0.0598 373 133 612 374 11 0.0595 372 135 617 375 8 0.0593 315 199 555 438 5 0.0589 512 131 758 382 11 0.0589 450 201 690 445 8 0.0583 245 261 489 500 0 0.0580 374 135 618 375 5 0.0580 447 194 685 447 3 0.0580 376 136 615 380 3 0.0579 455 200 686 456 11 0.0578 575 208 833 446 5 0.0577 370 128 615 372 0 0.0577 515 134 760 384 11 0.0574 309 199 564 437 2 0.0571 453 204 687 448 0 0.0569 314 198 561 437 2 0.0564 376 139 617 375 3 0.0563 315 199 561 443 6 0.0556 518 136 763 380 6 0.0554 376 134 622 375 8 0.0553 575 276 826 525 13 0.0551 515 205 761 455 7 0.0549 522 134 766 382 8 0.0546 449 199 684 449 0 0.0543 576 203 834 450 10 0.0543 516 138 759 381 7 0.0543 456 200 690 450 13 0.0539 376 136 625 378 7 0.0538 314 198 565 438 6 0.0535 455 200 691 448 10 0.0534 452 202 687 450 11 0.0534 178 720 452 950 2 0.0532 519 142 761 382 6 0.0532 316 199 569 436 0 0.0531 449 201 687 449 10 0.0530 376 137 618 377 0 0.0524 246 260 498 503 7 0.0524 247 260 503 502 11 0.0523 579 354 841 592 5 0.0522 574 200 829 452 6 0.0521 582 204 836 450 5 0.0521 308 191 556 435 10 0.0519 312 201 561 438 11 0.0516 390 262 627 497 8 0.0515 183 716 441 950 13 0.0514 314 199 569 441 11 0.0512 239 264 500 502 5 0.0512 573 345 835 597 3 0.0510 582 203 834 458 0 0.0509 496 721 763 960 13 0.0509 578 138 829 385 10 0.0508 243 266 497 502 10 0.0501 393 263 624 499
8preNBesD5Pw9M0zsg0zuxrB1nvDGq5d,11 0.0673 437 673 701 904 0 0.0668 410 670 770 858 11 0.0642 373 531 638 764 11 0.0634 107 785 376 1017 8 0.0624 238 782 490 1023 11 0.0619 235 789 493 1020 7 0.0617 428 781 686 1023 0 0.0612 436 729 698 974 8 0.0611 439 672 695 908 0 0.0606 379 530 637 769 5 0.0598 356 787 617 1020 7 0.0597 380 531 640 769 11 0.0597 425 785 682 1020 0 0.0592 362 787 624 1023 11 0.0590 495 609 760 826 13 0.0588 367 794 628 1023 8 0.0587 366 787 617 1023 3 0.0584 441 671 699 911 6 0.0578 327 461 581 707 5 0.0577 346 667 707 850 6 0.0577 441 606 701 837 8 0.0577 112 778 373 1023 5 0.0576 432 725 692 969 5 0.0575 372 531 636 767 13 0.0574 379 531 643 767 7 0.0574 354 669 715 854 13 0.0574 238 789 506 1023 6 0.0570 379 530 641 768 10 0.0569 374 532 636 768 5 0.0569 228 784 494 1018 13 0.0564 354 667 717 851 2 0.0559 439 610 698 837 0 0.0558 237 783 497 1023 8 0.0555 500 607 751 829 8 0.0554 377 530 632 767 7 0.0554 237 785 502 1023 10 0.0554 230 790 501 1023 3 0.0554 431 786 685 1023 10 0.0552 348 671 710 851 7 0.0550 117 782 385 1016 8 0.0548 496 784 739 1016 13 0.0547 496 785 751 1017 7 0.0544 504 727 753 972 10 0.0542 362 793 621 1023 6 0.0541 431 786 690 1019 11 0.0535 337 477 707 655 13 0.0534 409 734 788 921 5 0.0531 317 464 574 704 7 0.0526 326 461 580 706 8 0.0525 325 462 568 707 13 0.0524 347 477 716 663 3 0.0523 380 531 640 775 6 0.0522 408 732 789 918 13 0.0519 504 607 767 829 2 0.0519 234 790 500 1023 10 0.0516 399 734 782 917 9 0.0515 346 668 712 848 12 0.0512 440 605 700 840 7 0.0511 502 608 765 831 2 0.0510 439 735 700 974 2 0.0508 365 794 623 1023 9 0.0505 425 786 686 1018 0 0.0503 342 478 700 661 12 0.0502 378 530 640 770 3 0.0502 322 465 579 711 0 0.0502 104 782 374 1021
sgsJ9j0F5kli6703WD3mwnd15xfm2tEr,11 0.0573 629 467 870 701 11 0.0564 556 407 808 628 0 0.0557 552 341 799 566 5 0.0554 555 397 800 630 5 0.0553 535 539 892 726 5 0.0550 486 333 742 553 0 0.0550 544 540 900 729 0 0.0549 390 403 648 635 11 0.0546 436 396 702 615 11 0.0542 324 407 578 641 0 0.0542 498 269 752 486 6 0.0536 636 460 868 705 3 0.0535 441 392 701 621 8 0.0532 551 339 789 562 8 0.0526 390 398 641 633 7 0.0522 542 538 909 727 0 0.0519 381 257 645 470 5 0.0519 246 320 493 559 0 0.0512 315 139 568 373 7 0.0512 492 340 751 553 2 0.0511 445 342 708 547 5 0.0511 504 191 760 425 6 0.0511 497 344 751 556 7 0.0510 254 324 506 561 5 0.0509 317 394 571 645 7 0.0507 392 402 654 632 5 0.0505 715 202 954 442 13 0.0504 390 400 659 629 7 0.0500 561 403 808 632
9BrSR8dltV4GPX2sjjzmU7e2OMuNIuJX,0 0.0591 696 666 939 891 5 0.0572 771 137 1020 383 11 0.0565 765 143 1023 381 8 0.0541 698 664 933 890 8 0.0539 770 147 1015 385 7 0.0527 772 141 1023 388 6 0.0527 776 144 1023 385 11 0.0524 684 666 942 886 6 0.0513 696 668 940 893 13 0.0507 701 663 948 892 5 0.0504 689 663 933 891 0 0.0502 769 151 1023 389
Y4s5J1bHEVB4qfm1COAymJuaAlQTEns1,0 0.0595 239 666 635 848 11 0.0560 314 665 700 845 8 0.0558 242 666 623 844 7 0.0537 329 664 704 846 0 0.0534 175 709 431 950 11 0.0520 256 607 635 787 8 0.0514 172 706 417 948 5 0.0501 235 667 629 840
bXjqdk32k6pneuqwY6ZoZsRE9VGu59zF,11 0.0598 439 141 696 369 5 0.0593 262 339 617 523 0 0.0592 376 524 638 762 11 0.0584 373 392 638 628 11 0.0579 502 330 758 572 6 0.0572 378 389 642 632 0 0.0572 373 389 636 628 3 0.0565 375 390 637 634 13 0.0565 446 454 697 697 11 0.0565 512 210 754 436 7 0.0563 379 388 638 628 11 0.0562 437 453 694 696 8 0.0559 376 388 631 630 5 0.0549 439 447 687 693 0 0.0549 443 453 690 693 13 0.0546 378 389 641 631 0 0.0544 276 339 624 525 8 0.0543 378 523 631 758 0 0.0541 512 533 750 778 7 0.0536 448 452 694 696 0 0.0533 511 274 750 505 6 0.0533 445 451 694 696 8 0.0533 442 450 687 695 3 0.0533 447 141 692 380 7 0.0531 278 339 625 525 3 0.0528 514 272 749 510 11 0.0526 373 521 641 759 3 0.0525 273 340 625 529 11 0.0524 322 156 588 387 11 0.0522 300 732 555 952 10 0.0521 440 456 693 695 8 0.0520 279 337 614 524 6 0.0520 388 140 649 370 8 0.0519 443 141 687 372 0 0.0518 440 143 690 374 5 0.0517 506 202 752 435 3 0.0516 447 453 690 702 5 0.0516 436 133 686 370 11 0.0515 276 283 638 463 6 0.0515 286 341 632 527 5 0.0514 319 442 579 693 7 0.0514 445 141 694 372 0 0.0514 507 389 759 630 11 0.0514 586 276 819 500 12 0.0512 378 390 641 628 2 0.0511 372 393 638 627 10 0.0511 444 146 692 372 2 0.0510 374 525 643 757 12 0.0509 445 454 696 696 6 0.0508 380 524 647 760 8 0.0508 510 273 747 505 13 0.0506 379 522 642 761 6 0.0505 515 271 755 501 9 0.0504 374 391 637 621 13 0.0503 280 340 636 528 11 0.0502 566 143 808 366 5 0.0502 300 722 551 953 10 0.0501 509 277 750 499
CB6lXcJoHeYUkDHKebwZtaYbB6EZdfFI,8 0.0593 383 394 636 626 11 0.0566 380 339 646 573 0 0.0564 381 340 643 578 11 0.0537 357 476 701 664 3 0.0524 385 339 638 583 7 0.0513 385 341 649 576 5 0.0513 375 336 640 574 2 0.0506 386 404 643 623 10 0.0503 379 345 646 576
mL07KVK1UmrPcAj6eDJ596zqCmGN4nkE,0 0.0559 683 546 951 768 11 0.0540 623 608 884 833 0 0.0537 623 604 884 833 5 0.0525 618 599 878 831 6 0.0515 627 605 889 835 5 0.0512 738 527 1017 763
DWGtEt7CorwgJFxyTlSz6dVcadYYAu6b,6 0.0590 242 345 510 583 11 0.0584 230 412 506 641 8 0.0560 444 529 700 748 5 0.0559 232 340 508 578 11 0.0554 525 474 771 703 11 0.0552 163 340 440 578 8 0.0541 452 398 708 637 0 0.0538 241 346 509 587 11 0.0533 443 527 705 744 13 0.0531 240 409 514 650 3 0.0531 521 404 762 643 5 0.0530 511 395 757 634 11 0.0529 238 1 511 190 7 0.0528 521 396 774 636 0 0.0527 514 403 768 640 5 0.0525 155 401 440 645 7 0.0521 241 407 507 648 8 0.0520 244 2 502 192 7 0.0516 307 332 575 567 0 0.0516 166 278 438 522 6 0.0514 531 478 772 710 5 0.0507 163 273 433 512 3 0.0505 307 335 572 568 5 0.0505 233 0 504 193 11 0.0502 240 272 512 508 10 0.0501 235 351 506 579 5 0.0500 440 521 697 748 13 0.0500 458 399 722 634
2seUj6LkAqkLJ55J6DKsAcuUkY6ZP38n,0 0.0511 436 715 704 971 5 0.0509 430 708 696 964 5 0.0506 627 463 875 703 8 0.0505 435 714 694 968 0 0.0501 391 597 649 839
KBX6s08GaNMWRmH7CXV0vqUv8GySbIso,11 0.0555 316 655 578 889 8 0.0547 323 652 571 892 11 0.0531 312 464 567 705 0 0.0526 318 460 569 709 7 0.0521 311 212 586 441 5 0.0520 315 649 576 891 0 0.0511 320 653 583 896 13 0.0505 327 655 587 897
W79JMfj6eTfFWKcQpy4ywi8Eh9cobH0b,5 0.0601 320 529 579 762 0 0.0582 390 462 649 705 5 0.0567 389 458 647 700 11 0.0560 390 468 650 698 5 0.0558 313 396 579 641 5 0.0557 455 534 711 770 11 0.0557 459 541 716 767 0 0.0556 314 401 584 648 11 0.0547 316 405 584 641 8 0.0546 322 463 575 696 8 0.0543 123 62 372 308 0 0.0542 321 533 580 768 5 0.0540 253 656 509 886 8 0.0538 394 327 635 564 3 0.0537 321 403 585 651 13 0.0537 322 405 589 648 7 0.0534 397 467 655 702 8 0.0533 328 587 586 828 11 0.0531 324 588 598 821 7 0.0530 322 403 586 644 11 0.0530 390 333 647 565 0 0.0529 462 539 719 777 0 0.0528 258 146 529 373 6 0.0528 263 584 534 812 6 0.0524 393 464 658 700 8 0.0523 463 539 705 772 0 0.0519 259 656 512 891 13 0.0516 398 466 655 704 7 0.0512 323 537 585 764 5 0.0510 385 329 638 561 6 0.0509 460 541 722 771 11 0.0509 254 663 513 881 3 0.0505 465 541 713 779 2 0.0504 316 411 582 647 13 0.0504 327 536 587 768 0 0.0502 389 331 646 567
xDksE2UTbxfFncEm4arhpYWtfupN794P,7 0.0592 560 588 828 836 7 0.0564 445 464 692 693 11 0.0558 437 472 689 692 5 0.0553 552 585 821 835 3 0.0551 446 468 688 699 5 0.0549 187 262 442 508 0 0.0547 439 468 683 697 11 0.0547 550 590 829 830 6 0.0542 561 587 831 832 5 0.0541 390 469 636 696 0 0.0536 190 267 443 513 11 0.0531 186 265 450 505 13 0.0531 73 495 341 729 11 0.0531 248 23 511 249 8 0.0529 189 263 438 512 3 0.0528 333 466 577 698 0 0.0526 332 469 572 695 11 0.0522 329 470 575 693 8 0.0520 559 584 815 830 11 0.0520 181 99 449 316 7 0.0519 254 23 511 245 0 0.0518 248 24 505 251 0 0.0518 557 589 827 837 5 0.0517 243 16 500 246 11 0.0512 388 542 637 755 11 0.0511 68 498 338 725 8 0.0508 72 490 320 729 6 0.0506 444 467 690 697 0 0.0504 392 539 632 760 0 0.0504 72 494 329 731 8 0.0503 253 24 495 246 6 0.0501 72 496 337 728
y10ua9UZHy78qmgHhSLPqBmp06bQ1TY5,11 0.0604 177 7 438 250 0 0.0604 249 2 511 210 13 0.0566 185 10 444 255 0 0.0564 509 80 752 320 11 0.0560 330 57 566 305 8 0.0548 255 2 504 208 7 0.0548 253 0 517 209 6 0.0544 184 8 444 255 7 0.0544 506 396 776 622 5 0.0534 236 66 484 315 0 0.0531 244 74 491 318 10 0.0531 180 13 435 251 13 0.0531 341 3 590 199 3 0.0521 257 0 511 216 11 0.0519 509 399 769 621 0 0.0519 505 398 769 629 6 0.0514 248 72 496 319 6 0.0508 506 398 776 624 5 0.0505 124 60 375 295 11 0.0502 510 80 745 313
7qkVaKF5geCIX23gzyUixffPvCKT966t,7 0.0596 392 601 645 827 11 0.0580 0 805 239 1019 11 0.0574 380 403 641 630 7 0.0568 569 790 818 1023 5 0.0557 0 799 233 1022 3 0.0551 387 399 636 640 0 0.0551 567 792 814 1023 0 0.0550 4 800 239 1023 13 0.0539 383 403 646 635 6 0.0539 4 804 242 1020 8 0.0537 5 799 235 1019 8 0.0536 568 788 804 1023 0 0.0536 382 402 633 635 7 0.0533 7 798 245 1023 11 0.0530 566 793 808 1021 8 0.0519 386 404 626 634 8 0.0516 448 330 688 554 5 0.0516 559 787 808 1019 7 0.0515 386 404 642 634 8 0.0508 381 247 644 470 3 0.0507 453 329 696 564 5 0.0505 384 596 636 822 11 0.0500 444 337 703 555
wGerQNVh2AmbWkiKdQgU56SGNmbHxeZf,8 0.0508 232 337 504 563
gUq07bQh00oVbnrrk87Vc9kp1y3YURrW,11 0.0647 315 605 566 823 11 0.0601 371 681 624 903 7 0.0582 325 605 570 822 8 0.0572 321 605 558 821 0 0.0565 317 603 564 828 7 0.0563 379 277 640 507 8 0.0556 315 149 574 397 5 0.0551 369 670 615 901 11 0.0550 375 279 635 507 11 0.0549 254 130 514 386 5 0.0543 243 69 502 314 7 0.0541 251 271 504 510 11 0.0541 630 794 871 1023 13 0.0537 326 604 573 826 11 0.0535 242 274 506 506 8 0.0531 251 73 498 315 0 0.0531 378 282 639 508 8 0.0528 120 665 366 910 11 0.0526 373 12 633 245 8 0.0526 123 69 370 309 7 0.0525 378 677 627 905 8 0.0524 374 681 618 901 11 0.0524 254 673 505 897 5 0.0523 375 276 632 503 3 0.0523 381 283 633 515 5 0.0521 243 272 500 507 7 0.0519 567 788 817 1023 0 0.0519 564 788 813 1023 5 0.0517 116 64 371 307 11 0.0514 375 146 653 383 8 0.0514 255 672 498 898 11 0.0514 179 404 449 636 0 0.0513 373 679 622 905 5 0.0512 252 588 501 824 8 0.0511 188 399 433 638 11 0.0508 115 70 378 304 0 0.0508 248 277 504 510 8 0.0508 378 282 627 506 8 0.0508 250 273 494 509 11 0.0507 188 532 456 764 0 0.0504 374 15 638 243 11 0.0504 121 673 377 906 8 0.0501 373 11 630 243
baLFCDgr5eZhZ6XAA6K4n9VDolHFwzH7,3 0.0618 251 408 518 646 5 0.0592 241 401 513 638 11 0.0577 381 412 639 642 3 0.0563 389 410 641 648 8 0.0559 443 452 683 705 11 0.0554 245 409 522 639 5 0.0551 376 406 634 639 7 0.0537 385 410 641 645 5 0.0531 171 459 438 703 6 0.0529 387 410 641 643 11 0.0526 175 463 441 705 8 0.0523 255 410 509 642 7 0.0518 181 460 442 707 7 0.0517 252 408 522 638 0 0.0515 93 1 453 147 13 0.0515 103 0 466 146 5 0.0513 496 404 757 641 0 0.0511 502 409 762 643 8 0.0505 182 460 431 707 2 0.0505 252 416 520 647 11 0.0502 195 2 574 146 3 0.0501 513 412 761 647 8 0.0500 199 0 559 145
IWKJO8dUAiEyfB9qDUzuxGgcp17jUH26,11 0.0512 310 670 577 904
wiuBuEZTytvmlztLy7M487sfhojFa6E6,7 0.0635 262 728 507 968 11 0.0606 379 801 626 1019 11 0.0606 251 730 507 966 5 0.0594 249 721 499 969 7 0.0590 383 799 633 1020 8 0.0586 382 798 619 1023 0 0.0572 447 792 695 1023 5 0.0570 375 797 620 1020 0 0.0559 258 726 504 975 10 0.0544 256 734 505 970 13 0.0527 384 802 632 1023 8 0.0527 259 730 496 969 6 0.0527 258 730 510 970 0 0.0524 378 723 633 967 11 0.0522 376 662 646 904 10 0.0519 381 802 627 1021 3 0.0510 259 727 501 977 6 0.0500 383 803 629 1021
cD8imlaneJzvSf8trhAjkMCjCnOdyoeK,0 0.0583 319 464 577 705 13 0.0572 329 466 582 703 11 0.0571 387 444 638 687 7 0.0556 388 508 637 759 8 0.0550 328 464 567 701 0 0.0548 243 527 502 771 5 0.0542 387 438 631 690 11 0.0533 258 475 509 703 6 0.0528 392 446 643 690 0 0.0527 445 446 691 688 7 0.0526 448 441 694 688 11 0.0525 380 598 638 828 0 0.0518 385 599 637 834 7 0.0516 328 594 578 840 5 0.0516 312 518 561 759 10 0.0515 318 528 569 759 5 0.0514 377 590 630 829 7 0.0513 247 534 507 769 3 0.0507 327 463 577 705 13 0.0506 453 445 697 688
JVYkB67NyHReiYzY0gjxsidpfpYSx0OI,0 0.0522 261 407 515 636 5 0.0512 254 402 509 632 10 0.0511 259 415 514 631
gQmqiDMOOGp0HOfQ8w9dc0q9WBCqiKcm,11 0.0595 312 558 577 785 11 0.0556 191 161 451 389 7 0.0555 266 405 530 644 8 0.0555 380 484 634 715 5 0.0553 314 548 573 786 11 0.0549 377 484 644 715 7 0.0548 385 479 646 714 0 0.0543 645 2 1004 155 8 0.0543 315 558 567 786 5 0.0537 378 473 639 714 0 0.0537 317 557 575 789 7 0.0532 321 552 581 787 8 0.0524 654 0 989 152 11 0.0522 261 413 525 646 8 0.0517 265 407 517 642 5 0.0517 261 402 524 639 13 0.0516 652 0 1015 153 10 0.0515 380 545 642 774 0 0.0505 381 481 640 723 6 0.0502 319 556 582 785 5 0.0500 434 589 702 833
ACQnda8UNMst7vgxrPIfdsvJsfeRkWcT,8 0.0622 508 510 752 757 11 0.0611 516 401 771 637 8 0.0602 522 401 764 642 5 0.0578 45 0 308 203 0 0.0576 450 265 700 500 6 0.0575 57 1 318 204 13 0.0571 526 402 776 642 8 0.0568 54 0 305 206 11 0.0566 502 512 760 753 8 0.0564 452 260 695 498 0 0.0563 55 2 315 209 0 0.0560 519 403 773 641 5 0.0559 514 400 769 640 5 0.0556 502 507 757 756 6 0.0555 522 404 773 643 8 0.0549 366 186 626 430 11 0.0546 378 259 633 496 3 0.0536 527 403 770 648 11 0.0536 56 1 315 205 13 0.0535 511 512 768 758 7 0.0529 523 402 774 643 7 0.0528 455 261 709 494 7 0.0525 512 511 765 757 13 0.0525 56 0 323 206 0 0.0522 505 514 762 757 0 0.0520 364 188 634 431 6 0.0516 511 516 765 758 10 0.0511 519 404 769 640 13 0.0510 383 259 638 499 11 0.0507 526 275 790 496 9 0.0503 519 404 771 639 3 0.0503 59 0 313 210 10 0.0501 449 267 700 496 6 0.0500 368 187 636 430
rN5YSYstwIF37rysHn0xMcxMr5KMc5bC,5 0.0622 197 405 577 600 0 0.0609 385 339 657 563 5 0.0592 305 457 564 705 7 0.0580 250 464 510 720 11 0.0580 431 459 692 699 11 0.0579 244 467 512 713 5 0.0564 185 451 450 710 0 0.0563 502 459 770 708 7 0.0562 385 400 652 631 11 0.0553 245 275 514 506 11 0.0551 505 403 764 621 8 0.0547 311 466 559 701 0 0.0546 241 177 505 405 0 0.0545 373 462 634 710 6 0.0542 252 273 516 509 8 0.0541 207 414 567 603 0 0.0537 249 325 517 560 6 0.0536 255 387 527 626 13 0.0535 308 529 579 767 3 0.0529 218 485 581 669 11 0.0529 339 21 591 241 6 0.0529 391 335 670 560 5 0.0526 176 266 440 512 6 0.0525 440 410 705 630 8 0.0524 185 164 445 401 8 0.0523 435 457 685 701 3 0.0523 174 324 440 577 0 0.0522 342 16 588 246 11 0.0519 174 322 443 566 10 0.0516 214 485 580 665 5 0.0516 431 450 680 700 10 0.0515 429 461 694 702 6 0.0514 429 536 696 769 3 0.0513 383 400 652 634 8 0.0512 371 537 617 777 7 0.0509 249 174 508 404 13 0.0508 186 163 462 404 8 0.0507 344 16 579 238 8 0.0506 255 533 513 768 5 0.0506 368 532 623 777 6 0.0505 181 318 444 570 5 0.0504 238 171 497 402 9 0.0504 369 406 649 626 13 0.0503 121 289 388 531 5 0.0503 334 5 584 240 7 0.0502 177 313 442 572 3 0.0501 316 320 584 554 6 0.0501 375 465 639 707
oq6qWaCGBROLOYLrhzn6lKb0gqUUChGu,5 0.0665 334 670 694 845 0 0.0663 177 647 433 900 11 0.0657 398 673 759 852 7 0.0653 273 672 635 844 11 0.0647 243 591 507 837 0 0.0646 252 589 509 838 5 0.0646 244 587 503 834 8 0.0639 177 647 424 897 8 0.0636 270 672 626 844 7 0.0629 178 647 433 895 11 0.0620 311 537 561 765 11 0.0611 173 651 431 896 6 0.0611 341 675 703 848 10 0.0611 246 593 505 837 10 0.0605 173 652 431 896 3 0.0604 405 672 758 856 5 0.0599 171 643 426 896 0 0.0596 317 535 563 767 3 0.0577 242 652 496 907 6 0.0576 179 650 434 895 5 0.0576 311 532 559 764 8 0.0574 319 539 551 764 10 0.0573 399 673 760 853 13 0.0572 346 674 705 848 0 0.0569 399 672 759 854 7 0.0568 318 538 567 765 8 0.0566 245 476 489 700 3 0.0562 313 591 568 839 11 0.0558 240 476 500 703 2 0.0553 270 677 632 847 9 0.0542 337 673 696 845 7 0.0536 245 473 506 701 13 0.0535 243 650 502 899 0 0.0534 247 475 503 706 12 0.0530 271 671 634 847 11 0.0530 440 536 698 759 5 0.0527 242 470 499 700 6 0.0527 255 546 510 767 1 0.0526 307 584 563 835 13 0.0526 253 544 512 764 10 0.0524 314 544 560 766 10 0.0522 244 483 499 703 6 0.0520 375 549 639 773 7 0.0517 449 531 704 760 9 0.0504 171 649 430 891 11 0.0504 381 473 633 696
S07F9aNin3iYJBFR5M2hH2uD3dt5XQF0,11 0.0638 512 474 772 718 8 0.0634 511 531 772 767 8 0.0608 471 481 819 666 5 0.0606 505 468 768 717 11 0.0602 309 781 565 1016 11 0.0601 568 412 822 646 11 0.0584 373 469 637 711 7 0.0583 516 532 780 768 0 0.0583 466 484 831 669 13 0.0573 518 474 777 720 6 0.0572 474 483 837 665 8 0.0571 444 595 707 828 11 0.0570 371 653 637 882 0 0.0558 442 595 714 831 7 0.0557 314 778 570 1019 8 0.0556 372 652 630 884 6 0.0555 445 534 716 764 8 0.0554 382 469 627 711 5 0.0553 506 592 772 837 7 0.0550 445 598 719 832 0 0.0543 378 470 638 715 3 0.0542 520 476 771 727 6 0.0542 379 470 637 711 7 0.0540 379 652 643 884 7 0.0539 478 484 833 666 7 0.0537 378 539 645 778 0 0.0536 511 532 778 769 11 0.0530 510 599 776 835 8 0.0528 310 777 558 1019 5 0.0527 421 647 695 877 3 0.0524 578 411 825 657 10 0.0522 443 600 713 830 6 0.0522 379 593 647 830 11 0.0522 387 264 651 502 13 0.0518 515 599 784 843 6 0.0515 378 776 628 1014 3 0.0513 445 595 714 837 6 0.0513 317 660 582 898 6 0.0512 513 602 778 840 13 0.0512 383 591 649 829 11 0.0511 441 792 695 1010 0 0.0510 376 651 636 887 10 0.0509 515 476 771 717 7 0.0509 447 782 698 1017 0 0.0503 311 778 567 1021 2 0.0503 517 480 774 719
gptnrEYdlcefgmDgmthcPZh66sHNbFFy,11 0.0651 314 336 573 578 8 0.0620 385 338 626 580 8 0.0590 317 410 561 643 6 0.0589 318 339 576 580 5 0.0586 313 331 569 577 0 0.0582 387 335 632 581 10 0.0574 384 344 635 576 7 0.0572 388 338 635 581 13 0.0546 388 340 640 580 11 0.0544 437 408 701 637 3 0.0539 316 338 573 582 11 0.0537 309 8 580 245 5 0.0533 316 138 568 382 11 0.0533 245 395 507 630 5 0.0533 176 278 440 516 13 0.0532 446 405 705 641 5 0.0530 251 197 504 441 13 0.0527 317 408 577 647 8 0.0526 443 403 692 642 11 0.0523 575 791 818 1020 7 0.0522 253 330 509 576 5 0.0520 243 391 501 631 8 0.0520 316 10 570 250 6 0.0519 444 404 702 639 8 0.0519 251 335 499 576 6 0.0512 188 280 451 522 7 0.0512 448 404 700 641 7 0.0510 508 791 762 1020 7 0.0510 315 404 570 644 5 0.0509 435 400 691 638 0 0.0508 441 401 698 642 5 0.0504 304 459 561 694 13 0.0502 253 334 514 580
lBtSJ4fGdYPeG6XVrsvkWcHJzvyRH930,0 0.0681 0 649 203 910 8 0.0652 438 409 683 644 8 0.0632 1 645 195 901 11 0.0627 437 411 691 642 5 0.0620 432 404 687 643 5 0.0613 427 778 695 1016 0 0.0602 10 790 251 1020 5 0.0595 4 786 245 1010 8 0.0589 438 543 684 768 11 0.0585 0 655 204 902 7 0.0577 0 647 203 907 7 0.0575 13 786 255 1016 8 0.0574 377 465 618 698 7 0.0571 440 411 694 643 11 0.0570 372 468 625 696 3 0.0568 444 410 685 648 7 0.0560 436 724 702 961 6 0.0556 3 649 206 904 11 0.0549 433 545 693 766 8 0.0547 437 788 686 1016 8 0.0545 15 787 240 1012 10 0.0543 1 655 204 901 7 0.0542 378 464 627 701 5 0.0540 425 670 697 914 0 0.0538 375 469 622 699 6 0.0537 11 791 253 1013 0 0.0535 436 412 687 646 8 0.0533 377 603 622 848 3 0.0533 438 791 695 1022 6 0.0532 378 466 629 697 13 0.0532 3 647 207 902 5 0.0530 0 650 197 901 11 0.0530 423 687 700 911 11 0.0529 10 797 249 1012 5 0.0524 429 538 688 767 7 0.0522 367 792 626 1023 6 0.0519 438 787 701 1015 7 0.0516 392 672 764 849 2 0.0514 440 417 688 647 6 0.0513 497 405 759 640 0 0.0513 434 545 690 774 2 0.0511 376 474 624 701 9 0.0506 7 789 250 1009 5 0.0505 372 597 625 849 11 0.0505 429 791 692 1012 3 0.0504 3 649 200 907
pTF2gfdcLDeQBnad8CMSb1mGW1zfNgmw,0 0.0640 298 537 564 766 7 0.0639 309 659 580 899 7 0.0635 300 535 572 764 5 0.0607 293 528 560 761 8 0.0606 304 660 567 898 11 0.0598 295 536 569 760 11 0.0591 302 663 573 896 3 0.0583 334 343 576 574 5 0.0579 302 655 567 896 8 0.0575 295 537 560 762 0 0.0571 304 659 572 905 11 0.0555 331 344 573 567 0 0.0549 460 412 702 642 11 0.0546 384 278 638 495 7 0.0546 334 338 580 566 10 0.0540 305 664 578 900 6 0.0533 306 663 576 899 13 0.0530 310 662 584 899 5 0.0527 380 390 630 623 11 0.0527 459 418 701 633 3 0.0527 303 539 570 770 11 0.0522 169 284 432 515 11 0.0522 311 217 577 441 10 0.0521 297 540 569 762 6 0.0521 322 290 577 502 3 0.0520 310 660 579 904 5 0.0518 377 270 638 497 13 0.0515 21 795 264 1023 3 0.0514 321 213 578 443 13 0.0513 318 215 584 441 7 0.0511 462 412 712 632 6 0.0511 463 415 708 639 8 0.0509 313 289 561 505 6 0.0505 300 542 570 762 7 0.0505 320 214 581 438 13 0.0505 298 540 575 763 8 0.0503 380 398 625 623 0 0.0502 334 340 574 575 6 0.0500 396 339 645 561
Mtu6C7cnop8hdAHptHfZBkByRbgHsG6i,8 0.0611 542 602 893 788 11 0.0598 242 393 492 621 11 0.0597 536 545 885 727 5 0.0595 242 389 494 621 7 0.0587 247 468 496 706 0 0.0579 541 601 900 788 5 0.0570 533 600 891 787 7 0.0563 569 600 831 838 7 0.0548 540 546 893 730 11 0.0542 584 408 831 644 9 0.0538 533 547 889 726 3 0.0536 544 547 891 734 6 0.0536 482 601 838 788 8 0.0525 584 409 821 645 13 0.0521 540 548 898 729 8 0.0516 245 394 485 627 6 0.0510 384 0 647 197 8 0.0507 503 664 753 900 10 0.0507 563 604 827 841 0 0.0507 584 408 832 649 13 0.0506 249 398 500 626 10 0.0505 535 550 885 730 6 0.0503 251 396 498 623 5 0.0502 5 0 356 150 7 0.0501 588 408 836 645
8QkoAjYCUaytuyJpAS7ct07RkYW4yKYD,11 0.0602 248 117 498 363 11 0.0577 178 408 445 638 11 0.0576 493 788 750 1016 5 0.0574 375 662 640 903 11 0.0572 372 720 644 949 8 0.0568 128 137 373 383 0 0.0561 310 726 571 969 0 0.0561 435 788 698 1023 5 0.0560 313 595 567 836 5 0.0559 306 725 563 965 5 0.0559 492 781 747 1014 7 0.0555 313 730 572 967 5 0.0555 181 399 439 636 8 0.0554 253 120 491 363 0 0.0552 123 135 381 385 11 0.0547 250 267 504 481 5 0.0546 249 109 494 364 0 0.0545 249 118 496 366 7 0.0544 256 115 498 367 6 0.0543 190 403 442 641 5 0.0541 377 113 641 344 7 0.0541 256 261 506 487 6 0.0538 260 262 505 484 8 0.0535 369 787 618 1022 11 0.0534 380 119 650 342 6 0.0533 374 787 626 1022 8 0.0528 494 785 746 1018 11 0.0528 578 284 843 501 6 0.0527 255 115 503 364 11 0.0526 506 144 780 363 13 0.0524 256 120 504 370 5 0.0524 577 281 838 502 7 0.0523 498 785 760 1023 7 0.0523 254 654 514 899 7 0.0523 383 669 648 904 5 0.0520 178 260 426 491 13 0.0518 375 785 633 1023 0 0.0517 184 267 428 494 11 0.0515 371 604 636 838 10 0.0514 493 787 754 1018 11 0.0514 244 734 505 966 11 0.0514 255 595 515 836 3 0.0514 372 789 627 1023 7 0.0512 242 794 500 1023 5 0.0512 505 140 774 367 13 0.0511 243 795 506 1023 6 0.0509 190 193 439 434 5 0.0507 369 8 631 253 13 0.0506 129 135 386 388 6 0.0504 251 655 516 898 3 0.0503 381 671 645 913 11 0.0503 304 533 562 758 8 0.0503 186 401 438 640
DKWkqJuvu5XuZa01XgOMBLsRRcM4fGyT,5 0.0644 434 0 697 240 5 0.0634 290 785 546 1020 0 0.0619 370 783 613 1023 7 0.0608 375 783 619 1022 11 0.0590 367 786 614 1017 8 0.0589 295 787 541 1023 0 0.0577 212 0 567 153 13 0.0571 379 781 621 1022 10 0.0564 369 785 613 1019 11 0.0553 204 2 571 150 6 0.0547 375 786 618 1020 0 0.0542 180 409 443 639 3 0.0541 447 2 702 251 13 0.0536 220 0 579 154 5 0.0533 206 0 561 151 3 0.0532 373 785 613 1023 8 0.0530 217 0 556 152 11 0.0530 441 5 702 239 6 0.0518 220 0 575 151 9 0.0516 369 787 615 1016 13 0.0515 379 0 642 239 5 0.0514 546 0 814 192 11 0.0513 176 414 445 638 2 0.0504 375 787 615 1021 7 0.0503 180 407 447 639
isRk8aOfiOaPd8YY3ZdlNQWT8T8Niwci,11 0.0610 0 355 264 584 11 0.0589 50 245 325 457 0 0.0568 117 333 386 570 0 0.0566 51 243 320 468 8 0.0559 56 345 318 589 5 0.0548 47 346 317 588 6 0.0547 56 244 329 462 13 0.0546 125 337 393 577 5 0.0545 45 236 314 462 11 0.0542 113 341 392 568 0 0.0538 195 389 443 628 3 0.0538 54 347 326 596 11 0.0538 195 392 441 628 0 0.0531 0 355 263 591 7 0.0524 121 335 389 571 13 0.0521 131 235 408 465 13 0.0519 4 351 267 591 11 0.0515 53 424 327 654 6 0.0513 54 344 332 589 0 0.0509 763 408 1023 644 10 0.0508 0 357 256 592 7 0.0502 1 353 262 587 8 0.0501 55 237 313 464
Tj7Fus9ElLcauAj5Mg1pcDeQNVkTpO1S,11 0.0623 315 8 575 250 11 0.0617 380 135 628 386 5 0.0592 464 474 827 667 8 0.0588 325 9 569 255 0 0.0575 393 67 634 324 8 0.0572 473 479 821 667 5 0.0564 405 359 774 536 8 0.0564 400 68 629 320 3 0.0562 501 0 757 203 13 0.0559 386 130 635 386 11 0.0558 470 482 834 667 7 0.0558 502 0 764 199 0 0.0557 470 478 833 669 0 0.0557 321 8 575 255 8 0.0554 384 194 615 434 5 0.0552 374 125 624 385 11 0.0549 449 74 691 319 6 0.0545 384 132 628 387 5 0.0541 379 5 641 255 8 0.0540 498 0 757 193 0 0.0539 379 191 626 439 13 0.0538 449 201 701 443 5 0.0538 492 0 762 193 11 0.0537 431 405 698 628 6 0.0536 326 11 578 257 3 0.0535 390 191 624 445 7 0.0533 435 532 706 779 5 0.0533 365 600 634 851 3 0.0531 443 329 693 563 11 0.0530 444 202 698 445 6 0.0528 437 536 704 780 7 0.0528 373 603 643 853 7 0.0526 401 64 637 331 13 0.0526 444 329 697 557 0 0.0525 408 362 780 541 0 0.0525 368 610 637 855 5 0.0524 440 196 694 442 13 0.0524 323 195 567 440 5 0.0522 427 528 695 777 7 0.0518 473 478 839 667 11 0.0514 494 2 765 194 13 0.0514 392 10 652 257 10 0.0514 388 16 649 261 3 0.0512 474 481 833 671 3 0.0512 392 10 639 267 8 0.0510 441 328 683 556 6 0.0508 372 407 655 630 6 0.0508 455 73 698 320 5 0.0508 503 116 755 384 6 0.0508 476 481 835 667 7 0.0506 319 127 570 385 6 0.0504 449 201 701 442 6 0.0504 444 327 696 554 10 0.0503 465 483 836 664 2 0.0502 384 141 624 389 10 0.0501 427 538 702 777 2 0.0501 439 23 696 255 13 0.0500 514 121 766 383 7 0.0500 329 4 581 256
bfWby0yNglnH2hhboyltnlW6OufGba4Y,0 0.0537 98 413 361 645 6 0.0534 101 415 366 645 11 0.0512 366 2 637 194 8 0.0503 371 0 629 195 5 0.0502 155 260 424 509
G2scUjrN2xdpCiDTBOAvf5aHaGLDMANY,8 0.0626 130 27 368 261 0 0.0606 130 31 373 264 11 0.0588 320 531 584 768 11 0.0583 126 33 378 260 5 0.0581 313 589 580 840 11 0.0574 244 591 507 835 11 0.0563 371 597 644 841 8 0.0556 318 594 577 839 5 0.0556 188 79 445 319 5 0.0554 124 26 373 259 11 0.0554 491 593 752 825 11 0.0551 239 453 502 690 11 0.0550 489 725 752 966 8 0.0547 170 514 416 766 11 0.0547 308 666 583 906 11 0.0545 166 523 430 764 0 0.0540 491 592 752 832 0 0.0540 492 713 751 968 8 0.0534 429 590 690 832 8 0.0534 376 664 638 914 11 0.0529 185 86 452 316 0 0.0529 170 520 430 769 5 0.0526 371 656 640 915 6 0.0523 324 593 588 840 8 0.0517 194 84 443 319 8 0.0517 493 718 744 965 0 0.0516 375 661 647 918 11 0.0516 689 0 1023 166 10 0.0514 319 597 583 837 5 0.0513 251 520 508 773 0 0.0512 246 590 508 840 5 0.0504 490 714 746 963 13 0.0504 494 590 759 830 5 0.0503 428 587 694 831 13 0.0503 323 593 593 841 7 0.0502 247 589 510 838 13 0.0501 695 0 1023 167 10 0.0500 491 592 751 827 3 0.0500 136 82 382 322 3 0.0500 320 597 587 846 6 0.0500 379 660 647 913
2wZKi8PWY14Vd56sYQBWy3sxyxRRH8gs,5 0.0596 441 452 699 697 11 0.0587 443 353 699 575 5 0.0583 503 337 753 572 5 0.0583 307 382 572 642 0 0.0576 395 278 637 510 11 0.0574 458 522 716 757 0 0.0573 508 397 756 641 5 0.0571 318 513 591 764 11 0.0571 397 282 643 502 11 0.0566 312 332 575 563 7 0.0566 390 396 645 647 8 0.0566 405 587 654 839 0 0.0565 386 394 640 643 5 0.0564 384 336 635 572 0 0.0563 459 520 714 764 5 0.0563 242 324 498 566 7 0.0559 506 454 755 689 0 0.0558 260 133 521 368 6 0.0555 187 331 446 574 13 0.0554 467 518 720 761 6 0.0554 449 399 705 638 3 0.0554 448 400 703 645 6 0.0551 390 341 642 573 11 0.0548 241 265 503 497 10 0.0547 310 392 574 640 0 0.0547 249 331 502 572 8 0.0546 442 351 691 578 8 0.0545 324 515 586 765 11 0.0544 180 333 446 570 13 0.0543 330 517 604 767 0 0.0543 402 589 667 843 11 0.0539 322 519 598 762 8 0.0537 182 328 439 578 0 0.0537 334 207 584 445 1 0.0535 391 510 658 762 3 0.0534 511 342 757 579 6 0.0532 313 387 577 642 13 0.0532 321 334 579 570 3 0.0530 390 341 641 580 2 0.0527 445 406 698 637 7 0.0526 403 281 643 507 3 0.0526 310 387 577 650 10 0.0525 387 343 637 574 3 0.0521 465 520 715 769 7 0.0520 246 384 506 635 6 0.0520 248 267 504 499 7 0.0520 322 332 573 570 7 0.0519 206 141 460 390 2 0.0519 317 336 568 568 13 0.0519 450 402 706 637 6 0.0516 508 341 762 572 10 0.0516 324 526 596 765 11 0.0515 331 211 585 437 8 0.0512 396 278 633 506 5 0.0512 400 585 655 836 8 0.0510 445 457 697 698 2 0.0510 408 594 662 842 6 0.0508 461 520 720 763 10 0.0507 447 405 702 638 8 0.0504 316 333 562 566 10 0.0502 197 148 455 391 3 0.0502 246 332 504 579 11 0.0501 194 146 458 389 5 0.0501 246 193 501 424
HckQmApQUcqR1yzys3qt8jpTQkyfgW2u,5 0.0578 151 395 417 643 0 0.0577 449 289 720 514 6 0.0565 160 401 428 648 8 0.0564 160 395 410 646 5 0.0555 453 281 714 511 8 0.0551 454 283 710 512 11 0.0537 164 328 453 571 8 0.0537 436 656 685 894 0 0.0537 165 331 447 577 7 0.0530 159 394 422 644 11 0.0513 361 739 638 957 8 0.0512 365 737 630 958
oVl3nqXmqgXnwgtHbbmOnFicvAJuMTH9,8 0.0570 450 396 693 647 0 0.0568 381 261 647 498 8 0.0559 388 322 635 582 8 0.0553 449 275 709 513 5 0.0553 446 277 709 510 0 0.0553 457 340 707 581 11 0.0549 313 332 580 582 5 0.0542 374 193 637 429 0 0.0541 386 401 639 666 11 0.0541 454 215 713 448 11 0.0538 376 533 641 761 13 0.0536 323 334 586 585 5 0.0529 309 260 576 503 7 0.0528 387 255 653 500 0 0.0527 378 142 638 368 11 0.0522 568 730 838 971 0 0.0522 317 332 582 589 11 0.0520 385 401 637 657 0 0.0520 521 477 763 721 11 0.0517 462 478 708 717 2 0.0515 455 286 714 511 5 0.0514 443 397 696 644 13 0.0514 454 336 714 576 11 0.0513 454 336 705 576 8 0.0512 377 533 628 763 10 0.0511 459 223 713 447 6 0.0511 389 324 648 581 11 0.0509 381 139 644 369 8 0.0507 319 264 570 506 6 0.0507 322 261 584 507 8 0.0507 382 197 635 432 6 0.0504 456 280 719 514 10 0.0504 455 343 707 580 8 0.0503 510 529 749 777
vTuXH2EStIaqsMMYLxsGedlzdI6RwFup,8 0.0561 500 610 745 842 7 0.0551 497 544 762 772 5 0.0550 499 604 749 841 0 0.0547 499 471 758 702 8 0.0542 394 326 637 567 11 0.0540 566 612 801 842 0 0.0526 68 538 325 768 0 0.0525 392 331 649 571 6 0.0521 506 613 759 840 11 0.0517 627 549 873 788 5 0.0513 303 314 575 557 0 0.0512 451 600 704 843 8 0.0512 431 667 691 911 5 0.0510 450 322 709 567 11 0.0508 389 330 647 567
0v9EKN7xkeEdDhwvNZGTQ0ntUZpQZxT7,5 0.0600 318 272 582 511 11 0.0595 393 268 656 508 0 0.0572 316 133 582 371 0 0.0570 252 275 520 502 5 0.0567 246 336 501 562 6 0.0561 325 271 588 512 11 0.0561 314 132 586 367 7 0.0559 562 786 813 1023 0 0.0559 393 270 653 512 11 0.0557 246 199 521 427 6 0.0555 255 198 522 429 5 0.0553 308 127 577 365 3 0.0553 322 276 586 517 5 0.0553 242 198 512 427 5 0.0550 450 332 710 579 0 0.0545 519 273 771 514 11 0.0545 556 791 807 1023 11 0.0542 577 278 842 511 8 0.0541 318 133 574 369 11 0.0537 517 207 774 440 8 0.0534 452 398 701 643 0 0.0532 586 467 842 706 8 0.0531 585 469 830 703 8 0.0528 453 262 703 517 8 0.0527 523 331 768 572 6 0.0526 251 408 509 645 0 0.0526 556 787 813 1023 7 0.0526 459 265 715 518 5 0.0525 551 785 803 1019 7 0.0523 262 270 522 499 8 0.0522 556 787 801 1023 5 0.0522 382 197 649 434 8 0.0521 388 197 646 440 5 0.0521 517 390 772 643 0 0.0520 186 400 434 643 6 0.0520 320 130 588 369 3 0.0520 256 341 504 571 13 0.0519 260 273 526 506 0 0.0518 573 343 843 575 8 0.0512 253 340 496 570 7 0.0511 457 397 713 645 8 0.0511 580 277 833 510 0 0.0510 191 140 449 388 13 0.0510 584 469 848 703 5 0.0510 516 264 769 512 8 0.0509 250 199 509 432 3 0.0509 318 131 586 376 8 0.0509 322 275 575 514 6 0.0508 391 197 659 437 6 0.0507 525 338 779 573 10 0.0507 249 203 517 429 3 0.0506 587 276 836 519 11 0.0505 576 411 843 640 13 0.0505 560 794 817 1023 13 0.0502 195 138 454 390
l09P1gfmI0nbzm01G845GT1cDuBQ5R46,11 0.0640 509 795 746 1013 7 0.0635 448 785 690 1022 5 0.0600 441 786 682 1020 8 0.0592 445 784 679 1023 0 0.0587 444 786 688 1023 0 0.0586 323 707 572 957 7 0.0578 327 709 572 954 10 0.0570 446 791 684 1021 11 0.0569 320 712 570 950 3 0.0558 448 786 688 1023 11 0.0549 440 729 690 954 5 0.0544 317 708 565 949 6 0.0543 324 711 574 948 8 0.0540 322 710 564 951 13 0.0540 450 789 692 1023 10 0.0527 320 715 568 947 6 0.0526 448 790 690 1022 13 0.0518 327 709 575 953 9 0.0513 441 790 690 1020 2 0.0503 447 790 691 1023 3 0.0501 324 709 567 958
DZpQh1P3qEvtyPNyLPK3T6sIfAIRsxAa,7 0.0623 438 791 702 1018 7 0.0621 434 348 689 580 0 0.0620 430 352 684 580 11 0.0616 366 347 632 579 5 0.0603 426 788 691 1015 0 0.0590 498 479 750 700 5 0.0586 427 345 681 579 8 0.0584 372 344 622 584 5 0.0581 492 468 750 700 6 0.0581 372 346 634 586 11 0.0576 434 796 695 1014 0 0.0575 384 529 648 780 8 0.0574 437 792 691 1017 13 0.0564 376 405 634 651 11 0.0562 372 475 638 712 0 0.0562 432 791 698 1022 11 0.0560 435 403 695 639 3 0.0559 403 361 764 546 11 0.0557 397 599 661 822 5 0.0555 379 525 646 774 13 0.0552 574 399 826 632 6 0.0550 437 797 700 1016 7 0.0547 443 467 696 711 10 0.0547 366 350 629 582 2 0.0544 437 409 695 644 11 0.0539 576 471 825 695 10 0.0538 435 405 693 641 11 0.0538 572 337 823 568 8 0.0537 496 338 739 579 11 0.0537 747 2 1021 202 0 0.0536 392 659 651 894 0 0.0531 0 695 255 921 11 0.0528 506 277 760 498 13 0.0526 442 464 698 714 2 0.0526 399 363 766 543 13 0.0524 404 595 660 828 6 0.0522 500 404 757 632 5 0.0522 386 656 645 888 8 0.0520 404 593 650 831 8 0.0519 569 398 808 627 0 0.0519 572 401 816 629 5 0.0518 568 394 813 626 2 0.0516 502 480 755 702 0 0.0516 511 279 758 503 11 0.0514 2 695 257 920 3 0.0512 441 464 693 716 13 0.0511 438 797 702 1021 10 0.0510 495 474 749 697 7 0.0510 512 273 762 503 9 0.0507 428 350 687 576 12 0.0507 370 346 630 584 7 0.0506 578 469 826 698 6 0.0502 518 276 764 503 10 0.0502 432 794 697 1018 6 0.0501 381 475 642 718 3 0.0501 577 338 822 579 3 0.0500 440 791 697 1022
zGbvxiQinnOnZXxVgI8r0tWFPUWBQa8x,8 0.0640 324 345 570 585 13 0.0637 260 360 636 543 11 0.0633 182 332 446 570 5 0.0631 178 351 560 537 5 0.0624 128 328 381 579 7 0.0621 250 340 508 583 5 0.0621 186 248 442 498 8 0.0619 460 342 699 585 0 0.0610 186 323 444 573 3 0.0610 256 361 631 545 13 0.0605 256 409 511 649 11 0.0605 515 344 762 581 11 0.0604 455 404 700 647 11 0.0600 766 142 1023 371 3 0.0597 328 408 576 650 3 0.0596 192 395 444 646 7 0.0596 399 333 650 586 5 0.0593 513 338 760 580 5 0.0593 249 402 505 647 11 0.0592 319 348 579 583 13 0.0592 254 258 520 500 8 0.0591 192 391 434 637 5 0.0590 452 399 697 649 0 0.0588 454 406 700 651 0 0.0588 396 257 660 505 0 0.0587 641 354 897 589 11 0.0585 241 522 506 766 11 0.0585 401 258 660 504 7 0.0584 326 405 577 647 5 0.0584 581 265 849 506 6 0.0583 190 326 448 573 13 0.0583 460 405 706 648 8 0.0582 763 199 1016 440 13 0.0582 323 459 587 702 13 0.0579 190 327 449 576 10 0.0573 246 264 508 493 0 0.0573 255 358 632 540 5 0.0572 316 587 571 828 0 0.0572 321 405 576 645 7 0.0571 132 335 383 582 6 0.0570 255 406 511 647 6 0.0569 322 343 582 584 3 0.0567 461 402 702 654 8 0.0566 397 252 651 510 0 0.0565 517 345 763 583 5 0.0564 391 331 643 580 10 0.0563 187 333 440 574 10 0.0561 255 413 507 647 5 0.0559 238 519 503 763 13 0.0558 517 343 769 581 8 0.0557 395 400 634 646 11 0.0556 314 591 575 823 7 0.0554 468 266 723 518 7 0.0552 458 401 704 649 10 0.0552 319 349 578 584 6 0.0550 580 353 829 579 8 0.0550 193 253 435 502 11 0.0550 579 198 854 437 5 0.0550 313 254 577 498 6 0.0549 406 261 665 509 11 0.0548 250 410 508 646 0 0.0547 255 464 515 711 5 0.0547 769 137 1021 377 8 0.0545 257 462 501 708 5 0.0545 637 347 898 585 0 0.0542 771 144 1021 377 7 0.0542 244 522 511 767 11 0.0542 242 264 515 496 2 0.0541 521 278 777 514 0 0.0540 247 258 514 496 13 0.0539 247 525 514 767 6 0.0538 253 261 515 495 8 0.0536 524 271 768 516 3 0.0536 259 467 515 716 8 0.0532 574 351 821 580 13 0.0529 402 252 667 504 5 0.0528 641 139 902 376 3 0.0526 190 256 443 505 10 0.0525 322 467 582 700 0 0.0525 588 271 850 508 8 0.0524 579 204 843 439 12 0.0523 263 360 628 543
VkqJsRKfHoSLLOJSVdl1QAZeJ5CxlOHA,14 1.0 0 0 1 1
pHRSmJMdp405DKHSRMzNNusKZnKdxYQn,8 0.0662 2 676 288 862 11 0.0623 0 682 297 862 0 0.0604 0 677 291 866 7 0.0575 203 669 560 848 10 0.0575 191 676 549 850 0 0.0570 190 676 558 851 11 0.0557 190 674 557 845 13 0.0550 0 677 299 866 5 0.0546 187 669 548 846 7 0.0541 2 676 293 863 8 0.0525 198 670 546 849 3 0.0522 5 674 291 865 6 0.0508 1 676 297 860
Yq48GZKCZGNkn1YxGb2IHWCn4uPOB7eD,11 0.0602 570 466 832 707 8 0.0577 555 534 813 783 0 0.0573 573 462 829 710 7 0.0565 576 464 835 707 6 0.0556 577 458 834 708 3 0.0549 577 465 828 715 13 0.0544 253 537 516 772 2 0.0535 575 467 829 706 5 0.0532 567 454 827 706 13 0.0526 574 466 838 712 13 0.0520 323 281 568 520 7 0.0503 498 528 764 776
AGW2QTA1NJGsSlOFuuZg6DdpG10a8kP3,8 0.0639 185 379 435 631 5 0.0626 185 322 435 561 5 0.0604 369 657 637 900 11 0.0591 370 665 641 900 3 0.0589 511 669 758 911 11 0.0588 300 787 553 1014 11 0.0581 503 672 757 903 8 0.0580 317 515 563 759 0 0.0578 374 664 641 903 5 0.0577 502 664 752 904 8 0.0573 433 666 689 900 0 0.0570 119 406 377 645 0 0.0565 442 598 699 836 11 0.0565 181 383 446 626 3 0.0562 374 666 643 909 7 0.0562 449 592 705 837 11 0.0559 444 598 700 835 8 0.0557 261 456 496 697 13 0.0557 438 663 703 902 7 0.0557 191 324 439 563 5 0.0555 110 400 371 646 0 0.0554 504 670 757 907 8 0.0554 379 594 632 831 0 0.0552 194 326 437 566 11 0.0551 318 388 572 628 6 0.0551 261 277 506 515 7 0.0550 322 385 572 632 13 0.0550 323 388 578 633 5 0.0550 188 452 441 695 5 0.0548 248 379 500 623 7 0.0548 373 270 639 510 13 0.0548 510 588 763 833 13 0.0547 381 592 648 831 7 0.0546 511 668 760 908 3 0.0546 445 597 700 844 0 0.0546 300 782 558 1017 6 0.0545 378 663 641 902 13 0.0544 190 384 446 631 13 0.0541 318 520 582 761 8 0.0540 324 387 564 628 11 0.0539 377 528 636 766 7 0.0538 263 271 506 512 6 0.0537 317 519 580 759 5 0.0535 308 516 570 758 5 0.0534 364 783 618 1015 8 0.0533 300 782 550 1016 6 0.0533 121 400 385 647 8 0.0531 263 279 493 512 13 0.0530 308 783 571 1017 11 0.0529 256 278 505 512 7 0.0527 452 455 698 694 6 0.0527 320 386 577 631 7 0.0526 381 661 645 902 6 0.0525 445 598 703 835 11 0.0524 452 460 692 694 5 0.0524 191 216 443 444 10 0.0522 433 668 697 902 3 0.0522 320 389 570 634 5 0.0522 254 273 502 509 8 0.0518 493 728 747 958 0 0.0518 548 813 814 1023 10 0.0518 182 388 439 625 13 0.0516 262 275 510 515 8 0.0516 445 532 690 773 0 0.0516 196 454 452 698 7 0.0515 304 783 560 1018 8 0.0514 507 589 750 832 10 0.0514 379 600 640 832 3 0.0512 262 278 501 521 0 0.0512 253 384 505 627 5 0.0512 441 531 695 770 7 0.0510 383 524 641 765 8 0.0509 58 413 317 650 2 0.0507 376 668 639 902 10 0.0507 320 460 566 690 13 0.0507 453 786 707 1019 8 0.0506 386 458 624 695 7 0.0506 194 452 451 698 1 0.0503 430 659 694 903 12 0.0502 508 667 758 905 10 0.0502 508 594 756 831 2 0.0501 444 605 699 834
tuX5g0H1EBUWZ63GfYJU1C4LR9SBT7fl,11 0.0531 53 150 313 371 8 0.0530 55 143 300 373 11 0.0522 379 669 631 895 8 0.0518 383 666 622 894 3 0.0516 56 145 311 380 7 0.0513 384 669 635 897 13 0.0511 388 668 641 897 11 0.0509 135 3 398 216 8 0.0503 139 0 382 217 0 0.0502 51 146 311 376
rHLqkhyOaYwWvebAp29e5wrj9j7j2fAD,11 0.0602 393 676 758 850 7 0.0567 401 676 765 851 5 0.0552 385 673 756 849 3 0.0539 400 674 764 857 0 0.0538 394 673 759 853 6 0.0534 460 666 832 857 8 0.0532 457 668 821 853 10 0.0522 394 677 760 850 13 0.0517 397 674 770 854
jmQyTRQp0K9yhruWoO8zPA3ZKdBBoKvU,11 0.0604 367 148 625 373 0 0.0586 297 213 541 448 11 0.0569 292 215 547 440 5 0.0542 364 135 621 371 5 0.0538 290 202 536 438 0 0.0536 186 209 421 458 13 0.0532 366 658 624 887 7 0.0532 321 282 566 507 11 0.0525 305 405 574 638 3 0.0523 377 143 620 384 6 0.0521 379 142 628 376 6 0.0518 249 220 486 449 0 0.0514 247 282 496 521 3 0.0513 325 279 566 514 8 0.0512 302 212 537 444 8 0.0511 374 533 614 765 0 0.0506 371 535 626 771 8 0.0506 250 284 490 512 0 0.0503 372 145 620 378
MZD5wfkLC3uLa4xodYjBeYSiRMdKetTK,11 0.0654 379 461 633 702 11 0.0648 374 597 628 835 11 0.0642 438 534 693 776 0 0.0632 442 460 696 709 11 0.0630 315 402 562 633 11 0.0628 505 465 775 713 11 0.0624 367 731 625 962 7 0.0622 448 462 697 709 0 0.0613 574 476 843 724 5 0.0613 509 463 770 715 5 0.0607 368 726 621 965 0 0.0605 439 594 693 839 7 0.0604 390 398 637 638 7 0.0603 444 596 695 837 5 0.0602 439 594 690 837 10 0.0601 506 467 773 715 8 0.0601 435 347 691 573 7 0.0600 574 404 841 646 0 0.0600 502 395 776 649 6 0.0592 387 460 635 704 11 0.0591 440 400 700 639 6 0.0590 380 595 632 837 10 0.0588 439 535 691 776 8 0.0588 443 461 690 708 8 0.0588 439 595 685 837 3 0.0585 379 595 629 841 5 0.0585 380 458 630 703 0 0.0584 369 724 627 964 8 0.0583 316 337 550 568 13 0.0583 382 596 634 840 8 0.0579 374 727 618 963 6 0.0575 448 398 702 642 11 0.0575 376 343 628 563 13 0.0574 447 462 701 709 0 0.0574 316 397 560 636 6 0.0570 444 532 694 776 0 0.0570 376 341 628 568 6 0.0569 512 465 777 715 10 0.0567 313 467 561 704 3 0.0565 444 533 691 782 2 0.0563 447 465 696 709 13 0.0562 319 467 566 705 5 0.0560 441 396 695 640 13 0.0558 377 729 630 967 3 0.0550 374 728 625 969 7 0.0550 375 727 629 966 3 0.0548 512 463 776 719 11 0.0546 495 337 776 566 10 0.0546 444 402 697 639 11 0.0545 246 340 488 578 10 0.0543 380 342 629 566 3 0.0543 386 458 635 708 3 0.0543 445 396 699 644 13 0.0542 386 399 638 637 10 0.0541 377 597 628 837 8 0.0541 506 395 766 647 4 0.0537 446 535 698 779 13 0.0536 509 398 781 650 10 0.0532 370 729 624 965 2 0.0529 378 599 629 839 8 0.0529 317 465 559 705 12 0.0527 442 594 691 840 6 0.0526 374 729 628 964 10 0.0523 497 337 774 571 7 0.0522 319 467 566 705 6 0.0521 381 340 634 568 9 0.0520 443 462 694 707 7 0.0519 317 337 560 570 7 0.0517 380 277 630 497 6 0.0516 324 402 565 637 8 0.0516 577 476 831 724 2 0.0514 508 399 775 648 3 0.0512 384 338 629 570 8 0.0511 376 275 620 497 11 0.0510 566 407 839 644 5 0.0509 570 404 828 646 5 0.0508 315 396 560 632 1 0.0504 374 591 628 837 4 0.0502 512 466 778 718 1 0.0501 506 458 774 715
9C0psi1CnZYm8zUcg5iyapJEBnzjysHU,8 0.0592 130 21 358 263 11 0.0580 126 19 366 261 0 0.0552 128 18 367 266 8 0.0539 136 149 374 394 5 0.0533 126 9 361 261 5 0.0525 129 142 372 390 11 0.0522 313 783 578 1014 10 0.0518 130 78 378 321 2 0.0515 129 18 368 264 13 0.0514 130 15 373 266 11 0.0505 127 149 381 390 7 0.0503 318 774 581 1017 11 0.0501 618 226 891 445
JkKBe4m5S6D8M5yfkxpVPoyGkKS4592K,11 0.0567 579 777 838 1014 5 0.0552 577 772 837 1019 7 0.0536 588 774 847 1021 8 0.0517 584 780 828 1021 3 0.0507 7 279 255 521 5 0.0506 0 275 252 512 3 0.0503 587 781 838 1023 6 0.0501 583 780 844 1021 13 0.0500 4 275 265 519
FI4P3Dbs60rzsLg1VvmfpZGoTvuUc28q,7 0.0613 182 620 443 846 11 0.0588 176 622 437 842 0 0.0562 179 620 435 849 5 0.0559 174 616 432 840 8 0.0550 179 622 430 846 8 0.0543 110 678 355 913 0 0.0541 106 672 362 917 8 0.0538 305 726 559 959 7 0.0537 54 667 315 903 11 0.0536 304 728 564 955 0 0.0521 303 728 566 964 13 0.0508 180 685 444 912 7 0.0507 309 727 571 961 13 0.0504 308 728 574 962 10 0.0502 171 691 437 911 10 0.0501 301 732 565 960
XRsuzpCXrG6MwaURiHJauVEIJIhJjLlE,5 0.0586 184 264 446 498 11 0.0586 441 399 702 636 13 0.0571 444 396 706 639 8 0.0570 440 396 694 639 11 0.0563 266 209 515 438 13 0.0555 508 462 771 702 3 0.0553 444 398 701 648 7 0.0552 447 396 703 639 0 0.0550 440 398 696 640 5 0.0549 261 204 507 439 10 0.0541 443 400 703 639 8 0.0538 191 266 440 504 11 0.0536 500 462 766 698 6 0.0535 444 400 704 639 8 0.0533 503 462 760 700 11 0.0527 188 268 452 499 8 0.0525 270 212 503 442 11 0.0523 370 795 616 1016 5 0.0518 494 15 761 247 11 0.0518 495 21 766 242 0 0.0517 503 464 767 702 0 0.0513 192 214 448 442 3 0.0511 510 465 767 712 3 0.0509 268 210 513 445 5 0.0506 365 0 631 192 0 0.0505 370 2 632 196 3 0.0502 190 271 449 508 0 0.0501 498 19 765 246 6 0.0501 508 464 769 701 11 0.0500 567 90 829 313
Jp98FJjG8arHrP3VLjBs7QdYL2AQozFP,13 0.0591 318 263 581 502 5 0.0590 368 262 634 501 11 0.0580 312 265 573 501 0 0.0580 700 157 956 398 8 0.0577 315 263 566 503 0 0.0577 311 262 575 500 8 0.0572 704 154 949 397 8 0.0559 373 339 632 563 10 0.0550 315 268 577 498 11 0.0547 700 160 959 388 11 0.0547 436 274 704 514 5 0.0544 702 156 952 393 13 0.0543 243 348 513 578 5 0.0540 435 335 692 571 3 0.0534 378 270 636 508 13 0.0531 709 157 964 399 3 0.0527 310 201 570 444 5 0.0521 296 199 565 439 5 0.0518 238 277 505 513 6 0.0514 320 263 583 496 13 0.0505 376 340 647 563 7 0.0505 318 262 576 504
atoVnMzdyILyIrVrepgmdku9OmoMs2kF,0 0.0659 514 398 753 634 0 0.0634 577 345 828 579 0 0.0630 506 280 755 508 6 0.0629 386 265 640 500 11 0.0619 511 207 761 446 0 0.0599 444 206 692 441 8 0.0582 448 128 685 363 6 0.0580 451 337 702 583 6 0.0573 387 135 640 375 6 0.0572 321 197 574 423 8 0.0572 445 268 690 500 8 0.0571 514 203 754 448 7 0.0570 518 397 760 633 0 0.0569 383 138 633 375 3 0.0568 518 206 760 453 6 0.0568 246 385 508 627 5 0.0567 575 342 825 578 5 0.0564 442 333 697 581 11 0.0563 448 135 694 366 8 0.0562 580 278 823 511 5 0.0561 502 276 756 506 8 0.0559 515 394 749 632 11 0.0558 562 138 823 362 0 0.0557 111 402 390 632 3 0.0555 453 131 694 370 6 0.0555 514 282 760 506 11 0.0554 639 336 895 561 13 0.0554 450 132 697 365 11 0.0553 239 393 505 624 11 0.0552 380 197 631 433 5 0.0549 306 335 566 568 10 0.0547 442 275 699 502 8 0.0547 386 195 625 435 2 0.0546 516 401 754 633 2 0.0545 510 283 760 507 11 0.0543 513 400 758 632 13 0.0542 516 396 762 638 11 0.0541 442 273 697 499 10 0.0541 510 398 755 633 0 0.0540 239 388 504 630 6 0.0540 453 453 721 703 13 0.0538 509 280 761 511 5 0.0537 440 128 689 362 11 0.0535 382 336 643 568 11 0.0535 575 281 831 509 6 0.0535 269 259 508 487 10 0.0534 381 337 640 573 0 0.0534 561 134 819 367 0 0.0534 446 79 704 310 5 0.0531 373 260 633 497 3 0.0531 378 461 647 709 3 0.0530 516 396 755 639 3 0.0530 583 282 831 519 2 0.0528 445 136 692 365 0 0.0525 43 488 315 715 7 0.0522 517 204 761 448 10 0.0521 516 211 761 448 8 0.0521 386 331 632 570 6 0.0521 583 344 832 577 7 0.0519 580 344 832 578 8 0.0518 323 129 568 367 0 0.0518 314 341 568 571 13 0.0517 242 384 514 631 5 0.0516 446 450 716 697 10 0.0516 447 137 696 366 7 0.0516 391 332 646 573 3 0.0515 447 272 697 505 10 0.0515 577 350 830 579 5 0.0513 639 257 897 502 0 0.0512 640 262 902 503 8 0.0512 320 265 562 492 5 0.0512 107 395 379 627 7 0.0512 386 195 632 434 9 0.0511 441 335 702 580 11 0.0511 509 67 758 294 3 0.0511 571 137 823 370 2 0.0511 447 341 700 581 13 0.0510 116 405 399 635 6 0.0508 567 137 826 364
HXPNZtLZ2Hy6oB6JpZtZClxJbpXrDTP8,5 0.0634 247 331 505 577 11 0.0621 427 461 688 692 8 0.0599 436 460 682 692 0 0.0595 433 398 685 640 6 0.0594 436 398 687 635 3 0.0592 434 399 684 642 8 0.0590 440 342 685 579 5 0.0583 433 343 686 577 5 0.0580 320 272 571 514 11 0.0579 245 337 504 576 3 0.0575 249 337 504 581 5 0.0575 428 454 689 695 11 0.0574 437 345 691 575 11 0.0574 301 531 562 771 8 0.0573 571 332 797 581 0 0.0572 305 529 564 770 8 0.0570 251 335 493 578 8 0.0568 308 532 555 769 13 0.0566 438 460 693 695 11 0.0564 571 336 804 575 6 0.0559 308 531 566 770 13 0.0558 255 333 511 582 2 0.0558 305 534 563 771 11 0.0558 623 149 888 374 7 0.0553 255 333 508 580 3 0.0553 576 335 807 583 7 0.0550 308 529 568 776 6 0.0548 255 335 504 578 5 0.0545 568 328 800 577 13 0.0545 308 531 569 774 10 0.0540 303 538 564 772 10 0.0537 250 340 502 578 6 0.0535 575 333 806 579 0 0.0535 572 334 804 582 5 0.0533 238 0 500 243 0 0.0533 389 280 637 519 8 0.0532 240 4 488 240 13 0.0532 575 333 809 581 5 0.0531 298 526 561 769 8 0.0531 187 66 420 310 7 0.0527 502 397 749 639 11 0.0524 183 66 432 301 0 0.0523 253 333 507 579 6 0.0520 390 282 640 515 5 0.0519 251 196 498 433 8 0.0518 625 153 876 378 11 0.0517 236 1 494 239 7 0.0515 433 460 691 697 8 0.0514 325 272 560 515 0 0.0511 241 2 497 248 7 0.0510 578 332 809 580 12 0.0509 436 400 686 642 13 0.0504 440 343 697 579 10 0.0500 436 350 692 579 5 0.0500 619 138 881 379
Y2mfsAQbzaQUKaYmVOwVwbz00XjFf2LL,11 0.0630 371 666 637 896 11 0.0614 312 738 564 960 0 0.0605 371 539 631 776 11 0.0604 369 539 630 769 13 0.0597 322 741 570 965 10 0.0582 261 733 505 961 7 0.0581 373 666 640 898 13 0.0577 379 667 641 900 8 0.0576 379 663 631 897 3 0.0572 378 665 637 903 3 0.0569 378 542 629 775 5 0.0568 0 786 240 1023 11 0.0566 379 399 634 632 10 0.0561 372 543 627 770 8 0.0561 374 543 622 772 7 0.0559 320 737 572 962 0 0.0557 380 401 636 637 11 0.0555 0 792 247 1015 5 0.0554 258 727 497 957 5 0.0549 0 648 234 907 5 0.0549 366 535 625 768 10 0.0548 370 730 635 961 0 0.0543 0 794 243 1020 8 0.0542 320 732 563 963 0 0.0541 374 663 636 901 7 0.0541 373 538 636 770 13 0.0538 375 541 635 771 5 0.0535 367 659 629 892 6 0.0529 263 734 511 964 8 0.0527 445 402 690 628 3 0.0518 321 734 568 969 3 0.0516 396 340 654 584 13 0.0514 324 401 586 637 6 0.0513 376 664 638 898 6 0.0511 384 399 640 633 5 0.0508 570 324 822 548 7 0.0507 6 789 244 1022 8 0.0505 119 703 364 941 10 0.0502 441 404 699 631
vWFGgI87emtpDwAz9MJd7RSMbPzaI1D0,11 0.0537 636 1 891 202 0 0.0536 321 398 567 651 5 0.0527 636 0 887 200 6 0.0526 641 0 892 205 7 0.0522 643 0 892 204 8 0.0510 14 0 269 214
Y0m9RfCi6s7OOVd0vr9TTc3CSxyaSMKG,8 0.0604 435 131 696 379 11 0.0595 436 134 705 377 5 0.0594 438 198 704 448 8 0.0572 445 267 702 505 0 0.0570 491 137 750 372 11 0.0569 560 134 815 362 11 0.0568 442 271 707 506 3 0.0567 498 209 758 453 8 0.0562 567 131 806 361 11 0.0546 388 386 653 635 3 0.0543 442 133 702 386 7 0.0541 446 208 710 452 5 0.0541 489 130 749 369 8 0.0536 373 205 629 448 6 0.0535 500 137 754 370 5 0.0534 559 190 812 436 0 0.0534 566 197 812 438 13 0.0533 374 211 648 450 8 0.0530 385 328 632 575 11 0.0526 635 318 881 553 10 0.0526 439 135 707 376 10 0.0525 446 272 710 507 13 0.0518 448 269 713 505 7 0.0518 395 384 660 638 8 0.0517 566 441 803 696 11 0.0517 624 201 891 441 11 0.0516 366 210 642 446 6 0.0515 448 204 709 450 5 0.0515 370 124 635 374 7 0.0513 495 137 758 375 0 0.0513 391 385 655 642 13 0.0509 441 132 708 377 2 0.0509 445 212 703 448 6 0.0506 570 194 816 436 0 0.0506 404 291 760 478 6 0.0504 383 131 644 378
P6lR3hxI8SKnDNVSqv2d3yA2gzzwvxXX,0 0.0605 501 214 757 441 11 0.0577 507 784 758 1008 8 0.0555 510 782 750 1015 7 0.0541 512 784 762 1012 0 0.0532 388 187 660 441 8 0.0525 503 210 751 439 8 0.0525 387 257 638 501 5 0.0519 502 780 753 1009 2 0.0518 448 215 711 433 5 0.0515 443 205 703 430 7 0.0515 395 261 652 504 3 0.0512 513 785 757 1021 0 0.0511 504 784 757 1018 6 0.0507 394 269 658 500 13 0.0505 396 261 655 502 11 0.0501 390 260 652 498
8eMeVlveeQ1u7eL0jsvO6w7IzonGY87x,5 0.0569 238 390 490 617 8 0.0563 368 270 623 505 8 0.0562 233 468 480 701 11 0.0559 440 136 709 370 11 0.0558 364 346 634 570 5 0.0558 303 257 566 496 0 0.0545 366 269 633 509 5 0.0545 432 192 694 437 0 0.0544 508 208 763 443 8 0.0539 386 134 632 373 7 0.0536 437 415 695 649 0 0.0534 383 135 643 377 11 0.0532 310 193 575 442 13 0.0532 382 193 636 445 7 0.0529 441 198 701 442 11 0.0527 252 270 502 500 8 0.0526 437 196 693 439 11 0.0525 230 470 490 703 3 0.0523 380 196 624 450 13 0.0522 450 130 717 369 7 0.0517 373 270 635 507 8 0.0516 430 416 681 646 0 0.0511 425 414 691 647 0 0.0510 314 192 574 445 6 0.0510 448 130 711 369 3 0.0509 233 469 487 711 3 0.0509 369 340 626 579 5 0.0509 360 335 624 569 13 0.0508 232 468 494 705 11 0.0508 429 417 693 646 0 0.0508 233 465 488 705 6 0.0507 234 588 486 854 7 0.0506 234 464 490 704 3 0.0505 448 134 706 374 13 0.0502 322 17 585 245 10 0.0501 437 199 700 440 6 0.0501 232 465 493 706
XD3r0bDLsNrYB7w8EcGE31ThRyW4TFh0,11 0.0603 614 1 880 190 5 0.0594 616 0 873 191 0 0.0575 616 0 880 195 8 0.0570 618 0 871 197 7 0.0546 619 0 885 193 10 0.0544 636 4 1013 145 0 0.0537 0 592 152 974 0 0.0526 127 410 384 647 8 0.0525 129 406 373 644
hksz203L4I5qWZPYCT9LBPeL1LeK3X75,0 0.0568 2 352 272 602 8 0.0548 0 345 261 597 5 0.0548 3 419 252 642 11 0.0523 186 731 431 952 5 0.0515 185 724 429 951 11 0.0514 173 2 442 196 11 0.0513 3 423 255 641 8 0.0512 127 0 372 202 7 0.0511 370 662 640 888 11 0.0510 298 229 558 442 13 0.0507 427 794 703 1017 0 0.0504 125 0 382 203 5 0.0504 347 803 624 1017 7 0.0501 315 583 576 830 8 0.0501 3 92 308 274
c0sGsykWQtHWyvbGSuYMmzJkkJlIW7x9,11 0.0536 505 599 773 837 5 0.0524 507 592 765 838 0 0.0518 506 596 773 845 3 0.0511 516 597 767 848 6 0.0502 511 596 773 840
HZNRsC5Nx4s7zdNzlcKrORXKNsznjz3Z,5 0.0608 491 776 741 1011 11 0.0559 423 670 698 907 7 0.0553 441 774 692 1021 0 0.0551 56 779 310 1023 11 0.0537 436 778 687 1015 11 0.0528 311 787 567 1021 0 0.0524 435 778 688 1023 8 0.0522 438 777 680 1018 13 0.0515 442 777 694 1022 8 0.0509 430 670 687 903 8 0.0504 61 765 302 1023 6 0.0501 442 777 691 1018
yrn3K4efZh7kjTMqQB76pXBH9O9Jvlrx,8 0.0617 119 465 380 703 5 0.0603 752 0 986 241 11 0.0598 132 616 387 838 11 0.0591 116 467 389 697 11 0.0591 56 536 304 764 5 0.0579 382 522 634 770 11 0.0571 684 16 932 236 8 0.0561 68 611 301 847 8 0.0558 684 12 925 241 0 0.0558 58 538 304 769 7 0.0555 71 612 314 846 7 0.0554 321 331 585 568 8 0.0554 253 462 494 697 11 0.0550 383 529 638 772 0 0.0549 120 465 388 705 11 0.0547 3 608 241 841 11 0.0546 248 392 503 625 5 0.0545 309 457 568 698 8 0.0544 386 527 628 772 13 0.0544 254 468 513 706 0 0.0543 755 0 989 242 8 0.0542 316 590 568 836 13 0.0535 320 403 585 647 3 0.0534 389 530 635 779 6 0.0532 194 609 456 841 3 0.0531 321 335 580 575 8 0.0529 316 401 565 640 5 0.0528 247 389 495 625 8 0.0527 190 605 443 845 13 0.0526 194 537 459 773 7 0.0526 312 517 578 771 7 0.0524 197 605 461 843 5 0.0521 60 609 303 844 6 0.0519 178 465 446 692 8 0.0515 509 406 754 635 11 0.0515 311 461 574 703 13 0.0515 8 602 250 848 5 0.0515 188 533 446 765 13 0.0514 123 464 393 701 0 0.0514 255 529 519 773 11 0.0514 250 533 519 770 0 0.0514 315 591 580 839 5 0.0513 309 585 571 831 8 0.0510 614 82 855 313 11 0.0508 510 408 761 636 6 0.0508 688 17 935 244 3 0.0508 192 610 454 850 8 0.0507 250 328 489 560 6 0.0507 323 403 583 639 6 0.0506 63 538 309 768 0 0.0504 0 0 228 232 5 0.0504 315 331 579 564 3 0.0503 252 393 502 635 10 0.0501 755 5 986 239
UyGUYYbP52tr7dgHx1z5f1A3oS5t9k9t,6 0.0600 315 1 575 209 5 0.0600 377 17 641 265 8 0.0599 314 3 560 210 3 0.0583 387 26 644 273 11 0.0580 242 278 500 505 11 0.0580 624 388 878 627 11 0.0576 183 655 436 890 5 0.0572 245 272 496 504 0 0.0561 186 651 434 892 3 0.0559 518 21 756 267 0 0.0556 501 3 748 209 8 0.0552 189 456 434 696 8 0.0552 501 88 743 325 5 0.0550 189 0 548 142 5 0.0549 674 395 921 627 13 0.0547 316 0 574 207 8 0.0547 497 0 739 207 11 0.0546 308 1 567 211 11 0.0545 558 1 809 201 8 0.0544 631 385 871 628 5 0.0543 178 449 439 690 0 0.0542 502 93 750 327 0 0.0541 168 280 428 518 11 0.0540 503 89 753 319 7 0.0538 368 89 628 321 5 0.0538 561 76 805 315 0 0.0538 187 456 443 698 8 0.0537 245 276 490 508 7 0.0534 188 455 442 695 8 0.0534 317 91 557 314 0 0.0533 681 396 924 635 7 0.0532 314 0 571 211 6 0.0530 261 68 518 322 7 0.0526 629 388 883 629 6 0.0526 188 655 438 889 11 0.0524 181 456 443 694 7 0.0524 514 22 760 264 3 0.0523 322 90 568 324 3 0.0522 248 280 499 513 11 0.0522 254 718 497 952 10 0.0522 247 281 499 509 0 0.0522 255 715 503 957 11 0.0521 188 786 430 1022 5 0.0521 495 0 745 205 6 0.0518 252 276 501 505 0 0.0517 241 212 492 446 6 0.0517 178 0 437 203 8 0.0516 242 136 491 381 11 0.0515 170 3 434 202 0 0.0515 193 1 557 144 8 0.0514 246 651 482 883 13 0.0511 175 285 434 521 11 0.0511 377 715 612 949 13 0.0510 177 1 439 203 11 0.0509 363 91 628 320 13 0.0509 188 653 440 890 10 0.0509 185 465 442 694 11 0.0508 180 138 446 383 13 0.0507 501 0 753 204 2 0.0507 183 660 436 891 13 0.0504 631 388 890 627 7 0.0502 188 651 436 890 6 0.0501 508 90 758 317 3 0.0501 206 1 557 148
5PfrNgJ2ECpov2zOie9xYa5tR7tjiRrY,11 0.0617 565 413 827 638 8 0.0601 578 471 825 713 0 0.0595 445 345 702 563 0 0.0594 578 472 830 712 0 0.0584 642 413 891 650 8 0.0582 221 1 560 155 0 0.0568 497 405 761 640 11 0.0565 493 341 773 562 6 0.0565 580 472 831 713 3 0.0564 348 0 707 157 10 0.0560 639 412 893 650 6 0.0559 579 0 929 165 7 0.0559 347 0 711 154 7 0.0559 643 407 898 650 11 0.0558 503 0 862 160 11 0.0556 381 410 646 641 8 0.0555 641 412 887 651 5 0.0555 636 405 891 650 11 0.0554 338 2 708 151 3 0.0549 511 0 865 167 5 0.0546 333 0 703 152 8 0.0544 362 4 614 241 10 0.0543 578 471 829 711 7 0.0543 575 0 934 160 8 0.0539 498 405 756 638 6 0.0537 350 0 708 153 3 0.0535 577 406 827 645 7 0.0534 581 465 835 713 13 0.0531 226 1 578 159 8 0.0528 759 0 1007 194 0 0.0527 759 1 1018 197 0 0.0526 381 410 646 647 6 0.0525 642 412 895 653 0 0.0520 217 0 568 156 6 0.0518 498 404 761 639 5 0.0513 566 0 925 164 5 0.0511 494 396 759 637 8 0.0511 573 0 914 161 7 0.0508 501 398 768 637 3 0.0508 761 0 1019 201 10 0.0507 498 403 763 635 5 0.0505 753 0 1012 196 13 0.0505 642 411 903 652 0 0.0503 574 1 928 162 6 0.0502 763 0 1018 195
YKCEwtNuw8NExb2Nl89Xg5VCvg2JfqvE,5 0.0569 548 539 895 726 8 0.0559 557 463 817 702 5 0.0551 633 600 893 837 3 0.0532 633 332 884 584 0 0.0531 557 466 825 702 11 0.0531 625 336 885 569 11 0.0524 554 465 824 697 0 0.0523 627 336 882 580 8 0.0521 623 389 879 640 13 0.0516 565 466 829 705 11 0.0514 120 529 411 766 11 0.0511 635 603 895 838 6 0.0502 634 334 886 573
z0nDT5pzxhNoS2cqwC2yh1pBmleUmLXp,5 0.0652 183 776 423 1015 8 0.0642 186 780 422 1018 0 0.0628 313 785 554 1023 7 0.0625 313 783 556 1023 7 0.0618 186 780 430 1018 5 0.0615 308 779 549 1020 10 0.0614 183 786 427 1014 0 0.0605 256 717 496 961 11 0.0602 184 783 428 1016 8 0.0601 314 781 547 1022 0 0.0599 188 781 426 1017 11 0.0590 309 786 552 1019 11 0.0584 252 720 498 956 6 0.0579 190 783 429 1017 7 0.0578 257 718 499 959 10 0.0576 310 788 552 1020 10 0.0570 254 723 498 955 5 0.0569 251 714 494 955 13 0.0569 251 783 494 1020 6 0.0551 257 721 501 956 3 0.0548 249 780 488 1023 8 0.0544 258 718 493 958 2 0.0543 250 785 490 1019 6 0.0538 312 791 555 1023 9 0.0536 183 785 429 1016 0 0.0522 384 670 639 900 11 0.0516 384 671 639 892 1 0.0501 245 777 488 1019
079iB5iPz5tU9F3niNZT0wnGWh0cB8Fw,5 0.0560 324 582 583 834 8 0.0549 378 549 753 728 7 0.0545 328 588 592 839 8 0.0540 264 475 508 716 11 0.0540 251 476 516 713 11 0.0534 324 589 589 838 5 0.0530 257 473 509 710 0 0.0518 259 479 515 714 5 0.0516 372 543 760 727 6 0.0509 140 352 396 585 0 0.0508 381 549 774 731 5 0.0507 181 333 436 563 7 0.0504 260 473 520 718 11 0.0500 379 549 774 728
sHYwvmbRhXF5gL8wHZmLAlwIYYmtVvDq,11 0.0570 249 587 509 832 3 0.0564 558 675 812 900 8 0.0562 558 676 805 894 5 0.0561 551 602 806 824 11 0.0560 553 680 814 891 7 0.0549 253 584 512 837 7 0.0544 560 676 816 894 0 0.0540 556 677 812 895 7 0.0523 446 402 715 630 13 0.0521 561 675 821 896 5 0.0521 248 580 509 833 11 0.0520 254 470 497 705 8 0.0520 252 585 502 837 0 0.0512 186 709 447 952 6 0.0509 433 154 705 390 8 0.0509 434 149 685 390 3 0.0509 253 587 509 841 11 0.0506 440 411 710 629 11 0.0504 427 151 697 394 0 0.0501 250 582 511 836 11 0.0501 363 727 631 958
fDEQJzyKOv21dopCWNRrLabVErSdaNTi,8 0.0668 304 782 548 1023 11 0.0646 303 787 552 1023 7 0.0641 304 785 557 1023 6 0.0627 306 792 557 1021 5 0.0613 301 782 550 1019 0 0.0589 304 784 554 1023 3 0.0574 380 784 628 1023 13 0.0573 308 785 560 1023 10 0.0563 375 790 630 1023 9 0.0542 300 784 552 1017 2 0.0542 305 789 554 1023 12 0.0514 376 785 629 1023 1 0.0510 302 782 554 1023
1FflqGHqONIHtMU9dn6HJGt1fNHBNiGk,11 0.0601 438 595 698 819 8 0.0589 437 596 687 822 6 0.0569 441 598 698 825 7 0.0559 441 593 699 821 3 0.0534 442 596 695 828 5 0.0530 439 590 691 822 13 0.0527 442 600 702 827 0 0.0519 435 594 696 822 11 0.0512 687 476 958 696 2 0.0507 442 601 698 823 0 0.0505 321 664 568 906 8 0.0501 316 606 551 826
9qLILvqWFTiVufwdxQO323h1s9TlIjOk,8 0.0535 643 271 877 493 11 0.0517 627 527 872 753 11 0.0513 306 218 581 443 11 0.0512 300 739 574 980 11 0.0500 260 139 515 368
mgkwVmcQbTRlLIG7BrNkG7niQ4s2wt6b,11 0.0600 275 476 642 660 5 0.0579 435 0 712 200 3 0.0560 443 0 711 204 0 0.0559 278 475 640 662 8 0.0548 284 474 632 660 3 0.0535 287 475 640 665 7 0.0535 287 473 647 663 6 0.0535 283 474 648 661 5 0.0534 274 470 640 657 8 0.0530 444 0 706 199 8 0.0526 443 83 691 309 13 0.0524 448 1 727 199 1 0.0521 437 0 716 198 7 0.0520 421 15 686 242 13 0.0519 288 475 647 665 0 0.0517 438 1 718 203 0 0.0517 319 537 570 774 6 0.0513 442 0 718 199 5 0.0512 376 63 634 299 8 0.0511 321 534 557 770 11 0.0510 433 3 717 199
EwuaQZ1aqbdOeCZ9M4yfEPgdl6iKmzAs,0 0.0630 374 608 634 844 11 0.0606 435 667 694 893 11 0.0596 376 607 628 839 5 0.0591 483 658 753 894 11 0.0579 457 339 709 580 7 0.0578 442 661 696 894 6 0.0575 380 608 635 838 7 0.0570 455 403 703 637 8 0.0569 437 660 688 897 5 0.0564 447 398 694 634 0 0.0561 389 470 640 705 11 0.0560 637 621 895 838 11 0.0555 361 725 634 958 7 0.0554 389 468 643 700 8 0.0547 307 670 566 900 2 0.0546 380 613 630 842 5 0.0545 440 264 689 503 5 0.0544 386 462 631 697 5 0.0539 376 600 626 836 11 0.0537 389 467 638 700 8 0.0532 451 404 693 634 13 0.0530 379 665 637 903 0 0.0529 454 342 711 583 7 0.0528 447 271 695 506 3 0.0527 492 659 754 903 8 0.0525 575 463 817 695 0 0.0523 374 269 630 502 11 0.0520 575 466 825 696 2 0.0519 447 279 693 506 3 0.0519 447 269 692 514 8 0.0516 443 265 684 506 10 0.0515 310 616 576 836 5 0.0513 567 460 818 696 2 0.0512 394 475 631 704 0 0.0511 303 673 575 900 7 0.0508 315 676 573 897 7 0.0508 494 713 781 956 3 0.0507 375 665 638 906 0 0.0507 576 464 820 698 13 0.0505 446 270 698 504 5 0.0505 305 666 568 897 3 0.0502 394 468 635 708
mamTrBnL0zzS7jZIio3C3l2BfOJzUAL6,0 0.0558 1 719 241 958 0 0.0556 324 549 588 792 11 0.0548 0 728 247 953 13 0.0540 328 476 601 716 8 0.0526 0 718 235 957 5 0.0525 317 407 582 640 5 0.0500 317 543 582 782
mbPuzatyzjwiFEq8gfDfIdry4t2f7RIZ,0 0.0578 327 327 561 561 11 0.0562 254 484 625 667 0 0.0557 259 483 626 671 11 0.0546 241 328 489 563 5 0.0541 324 324 562 558 8 0.0537 330 329 555 559 0 0.0534 362 527 639 769 7 0.0532 328 330 567 560 10 0.0526 244 328 485 559 5 0.0524 256 415 621 598 6 0.0523 250 322 492 562 7 0.0521 247 392 497 647 6 0.0513 246 457 507 702 0 0.0513 438 464 697 702 8 0.0508 266 417 617 601 3 0.0502 327 331 565 565
sTGIqmxacqtH26ieRfPiBekL74F5g6xt,11 0.0649 315 330 569 577 5 0.0642 316 322 562 576 8 0.0627 338 415 689 600 5 0.0618 251 461 487 696 6 0.0615 323 205 578 439 0 0.0610 396 546 770 731 3 0.0608 372 275 636 511 8 0.0602 257 462 488 693 13 0.0596 322 392 567 642 6 0.0595 321 330 570 576 3 0.0592 320 329 568 584 7 0.0586 373 271 640 507 5 0.0581 314 199 570 437 7 0.0579 338 413 707 602 5 0.0576 574 442 834 690 13 0.0574 312 254 577 499 11 0.0571 190 460 433 691 6 0.0571 372 272 641 505 13 0.0569 642 527 916 772 11 0.0569 441 333 700 562 0 0.0568 375 331 635 573 11 0.0568 571 521 836 766 13 0.0565 377 332 640 571 0 0.0565 570 523 834 770 0 0.0565 318 204 575 441 10 0.0564 255 467 494 696 3 0.0563 321 206 575 445 10 0.0562 372 277 640 508 13 0.0558 446 504 690 758 6 0.0555 583 450 842 690 7 0.0553 322 202 577 442 8 0.0552 308 254 563 495 3 0.0552 448 332 697 572 11 0.0552 458 475 834 651 11 0.0552 311 460 560 699 11 0.0549 368 276 638 504 7 0.0544 522 389 773 634 13 0.0544 582 447 848 691 6 0.0543 520 391 773 631 0 0.0539 316 460 555 704 10 0.0537 322 332 568 577 5 0.0537 633 517 898 768 8 0.0536 579 445 828 691 0 0.0535 516 393 768 634 3 0.0533 319 456 556 709 10 0.0532 445 334 698 565 7 0.0532 571 523 840 770 8 0.0530 368 518 610 760 11 0.0529 319 209 576 439 2 0.0529 279 345 635 524 5 0.0529 440 324 693 563 7 0.0526 197 456 433 691 0 0.0526 193 457 428 696 8 0.0525 515 390 761 632 10 0.0525 378 397 631 634 6 0.0523 447 329 699 563 6 0.0523 646 526 907 772 3 0.0520 469 476 830 657 13 0.0520 256 463 497 699 5 0.0520 397 542 768 727 11 0.0519 438 505 689 749 0 0.0519 587 481 956 670 6 0.0518 319 462 557 701 7 0.0517 446 508 690 755 7 0.0510 309 520 550 766 13 0.0509 574 578 821 823 3 0.0506 577 525 837 773 12 0.0505 321 326 567 579 6 0.0503 200 456 435 692
LFQGGpsbPymiHAFFuuxihTMA7QnsRsP3,5 0.0603 377 343 634 569 0 0.0601 581 405 834 642 8 0.0592 582 402 832 642 11 0.0572 581 404 841 634 0 0.0566 386 343 640 575 7 0.0556 386 343 640 573 5 0.0546 576 399 833 639 8 0.0540 385 345 626 572 6 0.0540 588 404 839 646 11 0.0540 380 348 638 569 6 0.0533 386 343 641 572 11 0.0525 382 203 637 426 2 0.0524 391 270 638 498 3 0.0510 382 344 636 576 3 0.0507 586 405 838 648 13 0.0507 388 344 645 577 5 0.0504 0 528 205 772 10 0.0501 380 350 635 573
PvTFShV2Grbi22LkdHNFGzPjZnV4hpMj,5 0.0650 506 773 757 1015 7 0.0647 442 773 705 1011 8 0.0616 8 472 248 704 7 0.0612 294 790 562 1010 11 0.0610 6 478 255 706 11 0.0607 437 775 700 1001 0 0.0602 3 477 245 709 5 0.0598 362 771 628 1011 0 0.0595 402 803 772 982 13 0.0586 295 789 564 1011 0 0.0585 376 718 633 955 11 0.0583 524 395 775 627 0 0.0573 524 394 772 629 5 0.0572 447 707 702 950 0 0.0569 389 337 640 583 7 0.0568 452 661 709 899 6 0.0562 443 773 706 1004 3 0.0562 445 770 700 1013 0 0.0560 291 785 556 1013 11 0.0555 291 791 556 1006 5 0.0555 447 325 704 577 8 0.0554 451 328 702 580 8 0.0552 504 664 755 889 11 0.0552 453 461 707 692 11 0.0551 376 403 639 645 6 0.0550 448 663 712 896 3 0.0549 457 330 707 585 8 0.0548 124 792 375 1022 8 0.0548 519 777 756 1014 13 0.0546 9 478 256 709 11 0.0546 564 525 817 747 8 0.0546 374 770 620 1010 5 0.0546 383 265 632 509 11 0.0545 444 663 707 890 8 0.0545 524 390 761 628 7 0.0544 9 476 249 709 13 0.0544 384 401 642 654 0 0.0542 562 519 812 754 7 0.0542 461 394 710 637 5 0.0537 2 475 241 705 8 0.0536 447 593 697 826 8 0.0536 568 518 809 749 6 0.0535 530 396 777 630 5 0.0534 521 388 767 626 8 0.0532 378 401 627 652 3 0.0529 529 394 771 634 6 0.0528 450 523 713 761 6 0.0528 297 786 561 1008 5 0.0528 215 791 486 1012 11 0.0527 451 331 711 577 3 0.0527 295 788 555 1017 11 0.0526 119 803 380 1019 10 0.0525 387 341 644 581 0 0.0524 385 469 648 715 2 0.0523 514 784 764 1017 13 0.0523 458 332 716 579 11 0.0523 302 462 578 707 0 0.0522 443 594 703 827 5 0.0521 374 396 633 648 6 0.0518 11 474 254 703 10 0.0517 287 791 557 1009 7 0.0516 390 463 651 715 0 0.0514 452 272 705 507 7 0.0514 576 391 835 622 8 0.0513 456 457 700 697 13 0.0513 383 724 640 955 6 0.0511 459 334 718 579 10 0.0510 565 525 813 751 8 0.0508 299 0 560 205 0 0.0508 320 192 568 455 7 0.0506 234 727 510 948 7 0.0506 454 271 707 508 7 0.0506 570 521 815 749 3 0.0504 382 402 639 656 13 0.0503 449 594 706 824 2 0.0501 9 481 256 708
laJy1pidLjAg84P904VQceeyznCSlVsY,8 0.0592 11 598 241 833 5 0.0585 566 790 820 1019 11 0.0580 571 797 823 1023 5 0.0574 496 722 758 968 7 0.0573 574 791 829 1023 0 0.0568 6 604 248 837 11 0.0553 375 590 628 825 0 0.0552 571 796 829 1023 11 0.0551 498 730 764 970 0 0.0549 499 726 769 978 11 0.0543 388 460 643 689 8 0.0541 568 792 817 1023 11 0.0535 8 606 244 831 3 0.0532 502 731 764 978 7 0.0527 504 728 771 970 5 0.0525 308 582 552 827 0 0.0523 310 587 555 834 8 0.0517 497 727 759 975 13 0.0514 383 593 633 828 7 0.0512 12 602 248 836 8 0.0511 309 589 550 830 13 0.0508 505 728 771 973 0 0.0508 654 741 908 987 10 0.0504 500 730 769 972 13 0.0503 573 797 837 1023 7 0.0503 384 591 631 825 2 0.0502 574 802 827 1023 13 0.0502 10 601 254 834
mx61QkL1kZZSSuyWJTCudz3mspjzoddH,0 0.0624 253 20 511 272 11 0.0592 249 3 502 201 0 0.0580 60 725 305 954 8 0.0577 258 20 505 266 11 0.0566 309 782 553 1011 11 0.0543 434 791 688 1020 0 0.0540 433 789 686 1023 13 0.0539 252 1 510 205 11 0.0537 185 795 421 1023 5 0.0534 435 786 684 1018 11 0.0534 118 0 381 197 6 0.0531 258 26 516 264 8 0.0530 439 788 678 1021 7 0.0527 442 790 687 1023 10 0.0526 63 809 303 1020 7 0.0525 255 0 505 203 11 0.0518 65 727 311 945 13 0.0511 443 795 693 1023 5 0.0510 568 795 816 1007 8 0.0510 130 805 361 1023 7 0.0510 253 789 492 1023 0 0.0509 186 798 424 1023 8 0.0504 250 791 477 1022
rbvN1IqnFvWkNPyWw8lYmIVi0FJbSNRB,11 0.0662 122 662 377 893 0 0.0659 187 651 440 894 5 0.0651 122 659 375 894 7 0.0642 128 660 379 896 8 0.0629 190 654 434 888 10 0.0609 120 666 376 892 3 0.0607 128 662 375 900 2 0.0600 124 664 376 896 11 0.0582 179 787 434 1016 6 0.0577 185 654 442 889 11 0.0577 238 722 502 947 7 0.0570 248 654 509 892 5 0.0565 241 653 501 889 13 0.0551 127 660 381 895 0 0.0550 302 669 563 909 9 0.0549 123 661 379 892 8 0.0547 184 783 424 1014 3 0.0545 247 657 509 894 7 0.0539 180 782 435 1014 8 0.0533 307 669 555 904 5 0.0532 179 776 429 1012 12 0.0526 126 661 378 895 10 0.0522 240 659 507 888 2 0.0517 247 662 508 892 3 0.0516 185 782 431 1021 6 0.0512 182 784 433 1013 0 0.0512 181 780 432 1016 4 0.0507 127 665 383 895 1 0.0502 122 658 378 894
id3JgQeY5IkcRoUoOORJN0opzeH6ftwV,8 0.0578 430 744 680 973 7 0.0568 436 740 698 973 13 0.0564 187 337 441 569 11 0.0560 170 267 446 499 0 0.0559 119 1 378 206 11 0.0555 118 0 379 204 5 0.0554 426 740 687 969 5 0.0553 171 331 434 561 11 0.0546 426 746 691 970 0 0.0544 174 270 438 499 8 0.0541 386 399 642 645 11 0.0540 379 402 652 640 3 0.0525 434 750 687 977 8 0.0520 184 332 428 569 13 0.0517 438 749 696 977 11 0.0517 578 276 835 507 0 0.0514 582 277 830 515 10 0.0514 427 747 691 972 0 0.0511 431 742 690 977 7 0.0511 182 332 439 566 6 0.0509 191 334 442 566 8 0.0508 258 200 503 417 0 0.0508 256 201 513 416 11 0.0508 509 403 777 637 13 0.0503 385 400 657 645 0 0.0502 115 335 386 571 0 0.0502 387 401 651 645
H1zFVmtMeSai1GC4byMLn0s5SlOoauxp,0 0.0590 143 0 517 147 11 0.0580 136 3 527 144 5 0.0565 136 0 521 143 8 0.0562 149 0 512 142 11 0.0548 425 790 685 1010 7 0.0522 379 784 628 1017 13 0.0522 145 0 535 145 8 0.0515 375 787 616 1016 10 0.0513 140 4 524 143 3 0.0500 152 0 525 148
9HkocrExz6BfF4F5ETDJpjTjpIr3bu6c,8 0.0633 181 782 427 1022 8 0.0632 119 711 365 953 11 0.0619 119 715 366 947 5 0.0609 179 780 431 1016 11 0.0603 181 785 432 1017 0 0.0602 122 709 372 955 7 0.0601 184 780 439 1021 10 0.0583 118 715 370 950 5 0.0580 119 708 367 951 7 0.0572 123 709 371 954 13 0.0566 185 787 439 1020 0 0.0565 181 783 434 1022 0 0.0565 191 658 438 898 7 0.0565 194 659 437 895 8 0.0565 191 661 430 892 11 0.0560 114 596 370 818 11 0.0556 188 664 435 888 6 0.0553 184 788 434 1021 10 0.0552 188 665 437 890 0 0.0542 120 591 372 823 8 0.0536 117 590 362 822 10 0.0532 182 785 433 1018 6 0.0525 125 713 372 952 5 0.0525 190 659 432 890 3 0.0525 184 783 434 1023 13 0.0514 124 715 376 954 3 0.0510 125 713 370 956 2 0.0507 182 788 435 1021 13 0.0506 587 159 987 341 7 0.0505 124 588 377 826
6d72kxjG0fDknAJTHGA4cZesyCfEfc1R,7 0.0547 244 730 496 970 11 0.0518 237 730 491 964 5 0.0516 233 723 492 963
Q0YOOvs5kP5yRPoFf1nhxv4iiqWKtwC5,5 0.0618 170 335 427 577 11 0.0615 234 342 496 579 8 0.0614 238 338 487 578 11 0.0612 172 413 440 654 5 0.0599 232 403 499 651 8 0.0589 382 146 637 374 7 0.0589 239 337 495 581 3 0.0587 238 410 502 657 13 0.0585 146 410 514 588 10 0.0583 237 344 492 580 8 0.0582 178 410 430 654 8 0.0579 315 417 563 654 8 0.0576 244 472 492 712 6 0.0572 246 470 504 714 7 0.0571 183 459 449 713 5 0.0570 242 260 501 501 11 0.0569 191 528 451 785 0 0.0563 201 526 448 790 3 0.0556 179 342 427 590 0 0.0556 238 333 494 583 11 0.0555 307 417 573 649 6 0.0554 316 413 575 653 10 0.0554 176 417 438 652 13 0.0552 185 462 452 712 11 0.0550 384 145 649 377 5 0.0545 241 517 498 779 0 0.0545 185 189 432 440 6 0.0543 237 340 498 582 0 0.0541 382 148 650 378 8 0.0541 248 191 498 431 7 0.0540 313 411 577 651 6 0.0537 179 412 443 653 0 0.0537 178 405 436 654 3 0.0536 251 266 506 513 13 0.0535 313 416 579 655 0 0.0533 316 411 573 653 5 0.0533 375 142 645 371 7 0.0530 388 146 653 379 2 0.0527 196 530 450 791 3 0.0525 392 148 647 385 7 0.0524 253 524 509 780 3 0.0520 250 527 500 781 8 0.0519 186 261 417 503 10 0.0518 313 422 574 647 13 0.0514 251 525 508 778 5 0.0512 125 198 381 441 5 0.0506 170 810 426 1018 0 0.0504 515 164 776 394 11 0.0501 581 502 827 750 13 0.0500 249 268 511 507
6xEkT5oxI0K6ObVmkYYISlRL665TJS56,7 0.0643 498 779 764 1016 0 0.0628 245 374 495 621 0 0.0620 391 390 636 633 5 0.0610 375 333 627 573 5 0.0603 414 767 683 1011 5 0.0590 239 372 490 613 8 0.0587 451 264 697 500 11 0.0586 379 337 634 572 5 0.0577 501 201 772 427 6 0.0577 246 372 499 617 8 0.0575 385 334 628 576 7 0.0575 368 782 619 1007 0 0.0572 242 243 493 500 7 0.0570 393 391 643 637 0 0.0568 385 267 634 510 0 0.0566 575 340 827 581 11 0.0565 241 375 495 614 13 0.0564 323 381 574 625 8 0.0564 245 374 490 620 7 0.0563 242 372 498 621 6 0.0562 384 337 639 578 13 0.0560 386 266 645 505 11 0.0560 571 343 827 573 11 0.0558 449 268 704 496 7 0.0558 511 326 768 573 11 0.0548 237 245 491 493 5 0.0547 498 331 759 574 10 0.0544 383 339 632 574 5 0.0544 443 262 697 498 0 0.0542 513 268 771 502 7 0.0541 387 264 641 515 5 0.0541 235 242 488 491 9 0.0541 240 376 494 612 7 0.0541 318 310 560 562 6 0.0540 246 242 495 496 8 0.0539 575 337 816 578 0 0.0535 420 775 689 1022 11 0.0535 419 776 684 1012 7 0.0535 245 240 493 497 11 0.0532 305 788 545 1020 10 0.0532 240 378 493 617 0 0.0529 574 451 827 699 13 0.0529 248 249 501 504 11 0.0525 575 452 825 691 13 0.0525 577 338 835 576 6 0.0523 576 342 831 578 7 0.0523 446 712 704 950 5 0.0522 376 191 637 434 13 0.0522 429 776 694 1014 2 0.0521 381 341 634 575 10 0.0519 422 778 683 1016 8 0.0519 429 771 678 1016 5 0.0519 574 271 828 500 3 0.0518 426 775 684 1020 0 0.0518 515 595 760 823 5 0.0515 250 517 503 753 0 0.0514 568 215 826 429 8 0.0513 578 448 819 699 2 0.0512 427 780 686 1016 6 0.0509 389 198 652 440 7 0.0506 460 604 713 834 5 0.0505 572 447 819 695 7 0.0505 256 522 512 761 8 0.0502 305 782 544 1023 0 0.0502 455 205 711 432 3 0.0501 242 378 497 622 0 0.0501 302 136 562 377 10 0.0501 572 346 823 578 10 0.0500 509 275 770 498 5 0.0500 510 584 756 816
UdPzDFqFwhQJMrtfQ37jSCDopIWKBlPd,11 0.0699 260 780 503 1014 11 0.0669 378 783 633 1018 7 0.0655 261 778 506 1016 5 0.0649 371 780 625 1018 8 0.0646 376 780 626 1021 0 0.0646 319 779 573 1019 5 0.0625 254 777 498 1015 7 0.0624 515 740 766 975 8 0.0620 259 778 497 1016 6 0.0618 514 745 767 973 7 0.0618 376 781 635 1021 11 0.0603 366 692 638 900 6 0.0603 378 788 633 1021 0 0.0600 441 740 697 965 10 0.0597 376 784 630 1019 10 0.0587 257 782 501 1015 8 0.0580 368 688 630 899 13 0.0580 378 785 636 1022 3 0.0573 379 781 631 1023 6 0.0571 260 784 503 1019 13 0.0557 263 781 509 1019 9 0.0553 374 784 631 1016 2 0.0549 377 786 633 1023 11 0.0542 510 620 766 828 2 0.0541 261 784 504 1019 7 0.0539 262 675 528 900 11 0.0538 158 414 423 638 9 0.0532 258 781 504 1014 0 0.0531 369 690 639 903 9 0.0531 509 743 763 972 3 0.0528 213 421 581 613 1 0.0526 255 773 503 1019 7 0.0525 375 687 644 901 10 0.0523 254 682 523 901 13 0.0523 516 744 768 975 6 0.0522 369 693 643 901 8 0.0520 209 421 560 607 8 0.0518 258 676 516 898 3 0.0515 264 719 510 965 0 0.0515 208 425 574 610 5 0.0514 362 686 629 902 8 0.0509 512 617 751 831 4 0.0506 374 781 637 1023 12 0.0505 265 777 503 1019 13 0.0503 260 679 533 903 1 0.0502 371 776 634 1023
vcYlFnA5XzBXKG3sH8AkskFieVxXvs5l,7 0.0613 296 465 568 711 8 0.0582 369 603 629 841 5 0.0577 426 451 684 703 0 0.0576 293 464 565 710 11 0.0574 294 467 569 705 0 0.0572 361 535 629 771 0 0.0569 434 459 689 710 7 0.0566 363 531 631 771 11 0.0566 358 536 628 766 11 0.0565 429 462 687 705 0 0.0564 298 601 570 840 7 0.0560 435 455 690 711 6 0.0559 423 530 682 765 5 0.0555 291 457 563 705 5 0.0551 296 596 567 835 5 0.0547 358 526 628 768 8 0.0539 295 468 561 706 8 0.0534 419 530 668 767 8 0.0522 241 598 497 839 3 0.0516 427 530 673 773 5 0.0506 50 0 309 200 11 0.0505 489 542 753 771 13 0.0501 305 600 576 840
WVfO6x1unGcZ1ieAtuLp0egKdQC48thT,0 0.0596 568 536 813 769 11 0.0579 346 550 717 729 11 0.0566 406 481 774 658 11 0.0566 567 537 814 768 8 0.0566 352 547 709 733 0 0.0562 371 526 635 763 8 0.0559 570 534 806 769 7 0.0554 413 477 777 659 13 0.0550 570 538 820 771 8 0.0550 408 477 761 661 6 0.0549 409 479 778 660 5 0.0546 564 532 809 767 10 0.0545 570 539 810 772 7 0.0536 360 548 724 731 6 0.0535 574 536 815 770 3 0.0530 575 539 814 777 3 0.0527 416 479 772 664 7 0.0527 573 536 815 772 0 0.0523 403 479 773 664 11 0.0520 627 138 888 374 11 0.0520 168 300 438 528 6 0.0518 352 549 723 729 11 0.0517 623 36 877 266 5 0.0516 503 16 752 252 3 0.0516 359 550 716 736 2 0.0514 352 551 720 731 5 0.0512 402 475 767 660 5 0.0505 348 544 713 730
mHuAcYVBw66gN5K9tGxoEt8ERnDKjZb5,5 0.0611 421 795 692 1017 11 0.0600 113 791 367 1022 6 0.0587 308 221 576 447 11 0.0582 301 221 571 445 7 0.0580 235 278 495 514 11 0.0577 383 280 642 511 6 0.0576 246 735 501 964 0 0.0571 235 277 489 516 5 0.0571 236 732 496 963 7 0.0565 116 785 374 1021 11 0.0563 231 283 491 513 6 0.0563 238 281 495 515 6 0.0560 456 326 708 569 5 0.0559 110 783 366 1014 3 0.0558 234 283 491 523 8 0.0557 306 220 557 444 5 0.0556 298 214 569 442 8 0.0555 233 283 480 514 0 0.0552 452 331 703 570 11 0.0551 554 671 828 900 7 0.0550 306 216 575 444 5 0.0547 490 727 766 972 3 0.0546 391 279 641 518 5 0.0544 226 275 492 511 8 0.0542 384 281 630 508 6 0.0541 117 790 370 1020 8 0.0540 452 325 696 566 7 0.0540 250 159 496 387 7 0.0540 436 799 700 1023 6 0.0539 252 165 496 391 11 0.0538 239 165 494 384 11 0.0538 430 804 694 1021 8 0.0538 115 789 363 1022 7 0.0537 388 277 647 516 5 0.0535 238 153 495 382 7 0.0535 240 739 504 974 13 0.0532 236 282 497 519 11 0.0528 238 738 500 967 7 0.0524 499 671 764 915 3 0.0522 307 219 568 454 0 0.0522 113 788 369 1022 13 0.0521 385 284 647 512 10 0.0520 229 288 487 513 0 0.0519 521 273 762 500 5 0.0518 448 322 700 564 5 0.0515 549 661 821 897 11 0.0515 494 740 768 977 6 0.0515 436 803 698 1023 11 0.0514 430 671 698 905 3 0.0514 433 800 695 1023 13 0.0513 382 798 651 1023 0 0.0512 307 214 568 449 6 0.0511 500 737 772 978 10 0.0508 111 793 367 1019 5 0.0508 425 655 695 902 0 0.0506 243 734 503 976 11 0.0500 299 101 568 321
TEK3ZeDWqIQiooWSQ0rwDtamVdy5NQKW,11 0.0599 312 785 558 1011 0 0.0535 312 783 556 1016 0 0.0532 160 386 433 620 0 0.0527 244 315 500 548 5 0.0527 176 321 436 561 13 0.0524 319 783 562 1017 7 0.0519 451 389 703 612 8 0.0518 161 382 427 618 13 0.0515 452 391 708 616 11 0.0512 442 392 699 613 7 0.0509 318 783 559 1016 11 0.0505 246 268 511 489 11 0.0504 155 390 440 616
jCoDTZGlabbtVi9T1ah7gnHP7H218AS2,10 0.0581 702 407 948 635 8 0.0567 633 386 861 627 11 0.0525 766 468 1018 696 5 0.0521 759 455 1011 699 6 0.0515 316 611 592 843 13 0.0514 773 456 1023 702 0 0.0511 765 458 1017 702 10 0.0509 766 469 1019 697 11 0.0509 314 611 585 837 6 0.0508 636 388 871 620 0 0.0507 640 316 881 550
kyYRrbb8AcV6Bz235QleHXosecnRKU0w,6 0.0627 528 484 885 669 5 0.0626 515 482 875 669 0 0.0623 526 548 882 732 8 0.0612 529 548 872 728 0 0.0612 430 598 702 842 8 0.0610 435 527 693 776 5 0.0607 466 596 816 797 11 0.0606 470 602 822 796 5 0.0605 485 390 746 638 3 0.0596 477 547 822 739 7 0.0594 525 482 886 672 13 0.0584 437 529 709 780 7 0.0578 433 596 707 844 11 0.0575 524 486 879 671 7 0.0575 444 452 706 707 6 0.0574 444 450 700 707 8 0.0573 368 590 625 838 6 0.0572 350 605 708 794 8 0.0569 491 395 738 638 11 0.0567 345 547 716 734 10 0.0565 429 604 704 841 0 0.0558 442 455 700 709 2 0.0556 530 551 882 728 13 0.0549 376 463 640 718 3 0.0548 525 487 880 672 9 0.0548 426 597 700 835 13 0.0548 526 487 889 671 2 0.0546 435 532 698 776 9 0.0545 471 548 819 731 11 0.0539 185 822 453 1023 13 0.0536 366 590 641 840 11 0.0534 374 153 634 373 8 0.0534 189 529 423 780 10 0.0532 526 552 881 731 12 0.0532 430 595 701 844 8 0.0532 380 458 621 710 5 0.0530 367 142 628 375 13 0.0527 299 537 562 785 8 0.0526 305 532 546 780 11 0.0526 490 399 747 643 8 0.0519 378 151 626 371 2 0.0516 491 401 746 641 3 0.0516 492 399 751 648 5 0.0514 358 585 626 838 12 0.0513 533 547 883 732 9 0.0507 521 486 879 667 13 0.0506 497 398 759 642 10 0.0505 439 458 703 708 11 0.0501 517 25 777 256
pjrBzkhCOu4gHsFf573v9TSw2UvmD9xe,5 0.0614 168 657 437 892 11 0.0607 560 594 823 821 0 0.0607 557 591 823 829 8 0.0603 254 660 514 894 8 0.0588 559 589 815 825 0 0.0588 249 660 520 898 11 0.0587 245 664 518 893 5 0.0581 558 589 820 826 7 0.0576 252 662 521 897 13 0.0555 563 592 827 825 6 0.0555 249 658 522 896 3 0.0555 253 662 521 900 3 0.0550 563 591 821 827 7 0.0542 566 591 826 826 10 0.0535 247 663 519 893 10 0.0530 561 598 819 823 13 0.0528 256 663 523 899 2 0.0528 561 597 823 825 6 0.0528 562 596 826 823 8 0.0517 172 723 433 967 11 0.0513 303 790 565 1017 8 0.0503 56 681 429 855 2 0.0501 249 665 519 897
cotMUBbRFwRrwUrgxUSOoGIobpxTimFO,13 0.0576 2 494 154 883 7 0.0559 380 529 635 785 11 0.0550 0 503 152 872 0 0.0549 0 496 149 887 8 0.0548 1 491 145 879 11 0.0547 569 654 826 901 11 0.0546 376 533 631 785 11 0.0543 436 804 689 1023 5 0.0541 375 525 628 782 6 0.0540 384 534 636 784 0 0.0534 376 532 630 787 8 0.0531 438 799 681 1021 10 0.0531 379 538 633 784 7 0.0530 0 496 151 888 13 0.0520 382 532 639 787 3 0.0515 382 535 633 792 0 0.0515 438 800 691 1023 5 0.0513 431 795 684 1021 7 0.0512 440 798 697 1023 8 0.0512 379 525 622 786 7 0.0506 570 648 831 905
EOZhWjkh3aV1vtr8pQpqKEE2H5EG6tKt,8 0.0656 376 8 622 242 8 0.0655 380 133 626 377 0 0.0644 374 8 632 243 0 0.0636 474 105 838 280 5 0.0633 368 3 625 240 13 0.0630 374 133 641 376 13 0.0629 446 513 713 765 8 0.0622 504 140 746 378 13 0.0606 378 5 632 238 11 0.0605 301 2 562 238 11 0.0599 444 451 694 692 5 0.0597 368 129 631 376 3 0.0595 378 7 627 249 8 0.0595 246 6 499 247 6 0.0594 441 563 701 822 0 0.0591 89 0 432 155 8 0.0591 383 387 633 631 5 0.0590 381 381 638 629 11 0.0589 84 1 435 152 6 0.0589 444 449 700 699 7 0.0586 308 0 566 237 3 0.0586 486 105 837 284 6 0.0582 315 141 583 374 8 0.0580 447 277 700 511 8 0.0578 478 102 827 280 7 0.0578 447 345 708 583 11 0.0576 437 568 692 819 0 0.0575 242 0 503 248 6 0.0569 372 70 629 307 7 0.0569 377 134 639 380 6 0.0568 307 1 565 239 8 0.0567 87 0 422 152 3 0.0566 380 132 635 382 13 0.0563 240 2 508 249 11 0.0562 176 25 448 266 11 0.0558 306 140 584 373 0 0.0558 433 567 697 827 13 0.0558 390 389 649 629 3 0.0557 90 1 431 158 5 0.0557 233 0 502 247 5 0.0553 469 98 830 276 5 0.0552 251 198 513 433 0 0.0548 376 132 634 378 8 0.0547 440 566 687 824 5 0.0545 82 0 430 150 10 0.0539 304 6 565 232 11 0.0536 366 68 628 305 8 0.0535 255 136 501 368 7 0.0531 437 567 699 826 11 0.0529 474 104 840 277 5 0.0528 496 138 749 375 10 0.0524 182 32 447 263 7 0.0524 443 444 699 698 7 0.0523 481 101 846 279 0 0.0522 500 146 757 376 13 0.0522 486 98 846 277 3 0.0521 443 564 693 828 0 0.0520 443 449 695 699 2 0.0517 477 106 834 278 2 0.0517 375 13 624 243 9 0.0516 303 2 563 232 13 0.0516 252 131 525 372 10 0.0514 370 75 628 304 13 0.0512 506 143 760 375 3 0.0511 242 2 505 256 6 0.0510 187 22 452 268 6 0.0509 90 2 440 152 12 0.0509 307 0 563 239 7 0.0509 88 0 435 154 10 0.0508 85 3 426 152 8 0.0506 517 334 755 564 6 0.0506 487 104 841 279 3 0.0505 443 448 698 703 13 0.0504 90 0 440 156
NwmaJCiR9xauFw6kYn43UzmwwWX3B7OE,7 0.0678 255 705 498 952 7 0.0653 317 594 568 834 5 0.0647 196 707 435 947 11 0.0637 312 598 564 833 0 0.0631 255 706 498 952 11 0.0627 197 710 437 946 6 0.0624 256 709 503 948 8 0.0615 254 705 494 948 10 0.0615 198 717 436 947 8 0.0614 315 597 554 832 5 0.0599 315 592 565 829 3 0.0573 255 704 498 955 10 0.0561 314 599 564 832 0 0.0551 318 593 565 836 9 0.0551 197 712 436 946 12 0.0549 202 709 437 949 13 0.0542 201 709 444 948 3 0.0536 318 599 565 841 2 0.0535 202 717 437 950 1 0.0530 197 706 436 949 6 0.0515 315 598 568 833 13 0.0514 321 600 572 835
Fs1Ls3pLdORZQuD3JAdYuFrXYg7mzy6R,8 0.0664 384 0 638 201 5 0.0664 308 0 572 198 8 0.0640 250 0 509 206 6 0.0628 312 2 581 201 7 0.0615 383 1 645 201 7 0.0604 248 0 517 208 11 0.0601 377 0 643 202 0 0.0598 384 0 643 202 11 0.0596 248 0 511 206 5 0.0587 184 0 443 199 3 0.0584 313 1 581 205 10 0.0577 311 4 576 200 2 0.0572 383 2 642 201 6 0.0558 187 0 447 202 0 0.0557 252 0 511 208 13 0.0553 251 2 520 208 2 0.0548 249 1 514 205 13 0.0543 386 2 648 198 1 0.0538 378 0 639 200 3 0.0533 188 2 452 209 9 0.0532 307 1 576 197 4 0.0531 191 5 451 201 11 0.0525 180 735 433 969 12 0.0524 385 0 644 201 1 0.0516 244 0 514 206 10 0.0513 184 4 446 198 11 0.0505 503 790 750 1021
TlBO0l6idaFxLsURu6txruvREVHeVODm,11 0.0561 252 795 504 1016 11 0.0535 423 736 679 960 0 0.0531 254 797 503 1019 0 0.0530 376 798 621 1020 5 0.0510 247 794 496 1014 8 0.0509 252 795 495 1017 10 0.0505 252 799 500 1016
qmQh8DnE0OqsIhdRvsFFHoLHmjPvK3cx,3 0.0591 319 340 572 583 3 0.0587 416 356 762 545 11 0.0573 413 358 763 540 7 0.0571 272 481 656 656 11 0.0570 636 607 899 841 5 0.0570 404 353 753 537 8 0.0569 416 355 753 541 5 0.0560 642 386 898 626 8 0.0558 652 395 895 626 11 0.0555 379 469 641 707 11 0.0552 315 341 573 576 7 0.0552 416 355 768 541 3 0.0543 384 472 637 716 8 0.0538 569 219 822 444 8 0.0536 322 340 567 575 0 0.0530 383 473 638 706 13 0.0527 416 354 767 539 13 0.0520 284 412 666 592 11 0.0518 647 396 904 629 0 0.0513 412 357 764 541 7 0.0511 384 597 650 837 0 0.0510 638 610 899 848 0 0.0510 382 595 646 840 8 0.0509 256 268 501 513 7 0.0508 650 392 909 630 2 0.0507 416 361 760 542 6 0.0506 388 473 644 705 8 0.0506 386 473 627 705 7 0.0505 259 271 514 517 5 0.0505 267 405 645 588 11 0.0504 377 598 642 833 6 0.0502 418 356 770 540
mUlDkHrDMEeBew3jLCEdf3GMWLhxXXUQ,8 0.0606 196 792 426 1021 11 0.0596 201 793 434 1022 7 0.0575 200 788 438 1020 7 0.0571 203 651 457 887 5 0.0552 193 786 428 1020 11 0.0541 196 658 457 888 10 0.0541 197 797 435 1019 11 0.0541 320 659 573 897 0 0.0539 196 791 435 1022 8 0.0536 132 726 369 965 11 0.0535 425 677 689 907 8 0.0519 194 656 445 888 6 0.0511 202 796 435 1023 11 0.0509 135 732 381 963 0 0.0504 240 475 501 710 7 0.0503 128 590 386 824 8 0.0501 325 658 562 900
nNSbdfpLPiMECvJ4MaW6EzTakXZgNang,11 0.0628 500 599 761 830 11 0.0593 308 545 566 779 0 0.0589 497 600 762 836 8 0.0579 369 15 627 262 7 0.0575 496 666 758 898 11 0.0571 486 725 751 954 8 0.0567 489 720 744 955 3 0.0565 501 667 755 902 5 0.0564 492 660 749 892 8 0.0561 501 598 756 833 13 0.0558 315 0 568 206 8 0.0555 313 545 558 776 0 0.0554 369 13 635 265 7 0.0549 371 10 640 267 13 0.0547 313 546 575 779 8 0.0542 254 86 499 326 13 0.0539 505 600 767 835 6 0.0537 501 599 761 834 5 0.0534 306 539 561 772 0 0.0534 488 727 754 961 7 0.0534 311 540 568 776 5 0.0531 365 0 615 198 11 0.0530 366 1 622 203 6 0.0529 374 1 622 201 0 0.0529 311 539 565 779 7 0.0528 500 798 750 1019 11 0.0527 428 805 692 1019 10 0.0525 494 669 755 897 6 0.0523 245 1 512 196 3 0.0522 375 1 617 207 13 0.0516 255 87 521 325 3 0.0514 307 544 562 782 6 0.0514 257 91 515 321 11 0.0514 244 3 509 198 0 0.0514 251 83 508 325 11 0.0511 249 88 512 324 6 0.0508 314 547 568 774 8 0.0505 375 806 621 1023 10 0.0505 311 552 566 775 5 0.0503 493 799 743 1014 2 0.0503 502 603 760 835 7 0.0502 258 82 515 325
Lqd0mhDZWCiFnbDALbOHDcgasWcgDu0q,3 0.0647 450 336 696 590 3 0.0633 522 271 758 516 11 0.0629 337 473 718 656 8 0.0627 390 339 630 587 7 0.0621 448 338 698 583 5 0.0612 446 267 690 506 11 0.0610 444 339 696 583 8 0.0597 452 270 688 507 0 0.0586 554 335 810 575 7 0.0586 520 272 763 512 10 0.0585 446 341 698 586 8 0.0575 505 331 750 577 5 0.0574 508 212 759 447 5 0.0566 495 327 754 578 7 0.0564 514 395 770 660 8 0.0563 351 476 710 659 2 0.0560 447 343 693 582 6 0.0559 448 396 697 651 11 0.0558 555 338 812 572 0 0.0557 374 276 619 517 3 0.0556 382 274 623 516 5 0.0556 379 334 632 587 7 0.0551 346 472 723 658 0 0.0549 444 396 690 654 10 0.0544 518 275 760 512 3 0.0544 586 216 825 450 8 0.0536 515 216 758 449 13 0.0535 448 339 703 587 11 0.0533 374 278 625 508 11 0.0532 0 615 238 844 11 0.0531 576 221 833 443 6 0.0531 451 270 697 509 8 0.0530 315 276 547 507 9 0.0525 497 335 756 571 7 0.0525 383 277 623 511 9 0.0524 446 271 691 502 6 0.0522 503 333 761 580 8 0.0521 592 150 820 390 5 0.0515 331 469 714 656 2 0.0515 518 220 762 447 6 0.0513 518 215 765 449 1 0.0513 379 333 632 588 3 0.0510 352 475 720 662 0 0.0510 576 218 829 451 2 0.0510 379 282 620 511 7 0.0509 428 533 696 773 1 0.0509 445 265 690 509 0 0.0509 0 610 239 853 7 0.0508 3 609 240 853 13 0.0502 383 276 626 515 13 0.0500 518 273 763 514
MyiFCN996UNe20Ysd5DGOsZ85k973AoU,5 0.0695 440 330 692 585 8 0.0640 507 391 750 651 5 0.0636 503 389 754 650 5 0.0625 443 457 688 712 11 0.0622 443 463 693 711 7 0.0616 499 518 751 777 7 0.0611 510 392 759 653 8 0.0605 390 391 632 638 7 0.0604 392 392 640 639 0 0.0598 391 391 637 639 8 0.0597 492 280 753 518 7 0.0595 388 521 638 764 11 0.0593 379 334 635 577 11 0.0591 0 2 266 195 11 0.0589 504 394 758 647 8 0.0588 445 462 685 716 13 0.0582 509 398 759 649 5 0.0581 435 583 695 830 6 0.0580 510 397 760 651 2 0.0579 448 470 693 713 11 0.0577 437 592 698 830 3 0.0576 520 656 773 902 6 0.0574 499 522 753 772 3 0.0569 501 519 751 782 11 0.0567 296 678 558 899 7 0.0566 503 280 760 516 3 0.0565 392 392 640 644 0 0.0564 448 462 691 714 0 0.0562 437 588 701 832 6 0.0561 379 594 635 828 13 0.0560 387 523 641 760 0 0.0557 499 347 750 590 2 0.0556 390 395 637 637 3 0.0551 510 394 758 659 7 0.0547 582 359 841 595 8 0.0546 316 459 563 701 8 0.0543 578 358 828 593 3 0.0542 386 522 638 765 9 0.0542 507 394 760 649 8 0.0541 439 586 691 836 13 0.0541 393 392 641 639 13 0.0538 499 524 756 773 5 0.0538 309 320 570 569 2 0.0538 509 401 756 652 5 0.0537 508 656 770 892 6 0.0537 500 283 764 516 13 0.0535 311 598 577 832 0 0.0532 0 1 259 206 11 0.0531 495 280 760 510 11 0.0529 562 591 821 833 10 0.0529 379 521 635 759 7 0.0528 317 464 574 700 8 0.0528 562 591 812 832 10 0.0527 507 399 757 651 7 0.0527 513 663 780 898 0 0.0524 317 323 572 576 10 0.0524 303 601 561 829 0 0.0524 369 663 631 901 3 0.0523 374 666 630 905 6 0.0521 391 271 644 510 6 0.0521 394 391 641 638 9 0.0521 440 340 695 587 10 0.0521 441 342 696 588 13 0.0517 318 464 575 699 0 0.0517 317 459 570 703 5 0.0516 309 457 562 695 7 0.0516 376 665 633 903 8 0.0516 639 660 884 888 6 0.0514 565 592 826 831 8 0.0513 374 661 622 902
CwUSebIN3EmdqKaUL3fnEdDnqAJKVPJX,8 0.0660 193 783 435 1020 5 0.0635 188 783 439 1014 7 0.0618 320 724 566 969 5 0.0610 310 723 560 966 0 0.0587 195 785 443 1016 11 0.0584 311 728 565 969 10 0.0575 311 732 565 968 0 0.0574 317 724 563 972 7 0.0571 200 786 446 1023 13 0.0569 198 787 453 1017 0 0.0565 77 731 313 951 5 0.0565 67 719 308 950 8 0.0560 79 720 303 954 10 0.0551 187 788 440 1017 11 0.0550 189 788 440 1016 6 0.0548 316 727 567 969 9 0.0543 195 789 444 1013 8 0.0543 315 726 557 966 11 0.0535 73 731 306 949 6 0.0534 196 788 446 1016 13 0.0532 317 727 572 970 6 0.0526 79 729 316 952 9 0.0522 313 727 564 963 9 0.0520 69 730 311 941 3 0.0514 317 727 562 975 2 0.0509 317 731 563 971 10 0.0507 71 730 310 952
RZ4czUTQpV0IgNU6XVsoJHE1xIiflPag,7 0.0680 317 783 562 1021 11 0.0674 0 798 313 974 0 0.0645 0 795 311 978 7 0.0642 257 725 499 954 11 0.0630 317 788 557 1020 7 0.0624 5 792 314 975 8 0.0609 2 792 300 977 11 0.0604 376 716 631 953 5 0.0600 315 782 554 1020 0 0.0584 318 784 560 1023 7 0.0577 507 791 765 1021 8 0.0576 318 786 554 1022 0 0.0575 253 728 498 957 5 0.0572 762 5 1013 249 11 0.0572 504 797 755 1018 6 0.0571 321 790 564 1022 10 0.0570 0 800 311 976 7 0.0560 383 710 633 952 11 0.0550 251 730 501 954 5 0.0548 0 792 302 975 8 0.0546 425 90 682 309 5 0.0545 494 789 750 1017 2 0.0542 318 790 564 1023 11 0.0540 299 665 578 881 8 0.0536 686 15 922 252 11 0.0535 383 534 640 749 11 0.0530 448 211 719 445 5 0.0528 373 707 623 952 5 0.0526 485 218 757 463 7 0.0526 314 660 580 883 0 0.0523 682 18 933 258 8 0.0522 250 729 490 953 8 0.0522 378 657 634 885 6 0.0520 768 11 1020 251 2 0.0520 1 800 310 978 10 0.0518 316 789 560 1021 0 0.0518 491 224 757 464 6 0.0517 0 797 316 977 13 0.0516 322 791 566 1023 11 0.0515 758 13 1016 250 11 0.0514 378 351 641 576 13 0.0513 0 795 317 978 0 0.0512 388 533 641 753 3 0.0506 321 788 560 1023 8 0.0506 500 791 748 1022 12 0.0505 4 795 312 979 1 0.0502 0 790 311 978 10 0.0502 675 26 932 254 0 0.0502 381 715 628 957
pAmpxeFJ59FY3Bn3peWCPmV70OuHAzFY,5 0.0666 204 868 569 1021 8 0.0659 212 869 565 1023 7 0.0651 367 792 630 1023 11 0.0622 206 871 568 1022 0 0.0613 209 870 573 1023 11 0.0605 127 731 379 956 5 0.0601 418 782 682 1018 7 0.0593 503 778 757 1022 7 0.0593 214 870 580 1023 0 0.0591 28 0 383 150 0 0.0582 366 794 626 1023 7 0.0575 319 666 579 908 11 0.0575 580 462 828 697 11 0.0573 511 401 766 618 8 0.0570 124 729 374 960 5 0.0570 125 724 376 958 0 0.0567 763 28 1013 269 13 0.0566 213 872 586 1023 7 0.0564 133 728 386 959 11 0.0561 366 741 625 974 11 0.0560 760 25 1015 263 6 0.0560 371 795 630 1019 6 0.0559 215 874 576 1022 8 0.0558 369 794 620 1022 8 0.0553 500 778 742 1022 10 0.0553 202 874 574 1023 8 0.0553 510 400 755 624 8 0.0551 767 23 1005 269 13 0.0549 371 798 633 1023 3 0.0548 214 871 574 1023 8 0.0546 511 597 746 828 0 0.0546 0 72 242 325 11 0.0546 438 685 694 905 3 0.0545 367 794 627 1023 8 0.0545 441 682 685 909 10 0.0542 122 730 380 957 8 0.0541 379 471 619 706 5 0.0539 511 595 751 828 5 0.0538 510 397 756 623 0 0.0538 512 402 759 625 11 0.0536 582 338 825 568 0 0.0536 318 665 576 911 2 0.0535 210 875 576 1023 0 0.0534 123 729 378 962 0 0.0534 395 597 639 834 8 0.0530 316 667 563 910 5 0.0528 22 0 375 145 3 0.0523 502 780 750 1023 10 0.0522 422 789 687 1023 0 0.0520 500 781 751 1023 7 0.0520 509 675 764 898 0 0.0517 246 1 509 200 13 0.0514 400 600 645 832 11 0.0514 24 1 382 146 11 0.0514 375 469 629 704 0 0.0513 512 603 754 831 6 0.0513 319 668 577 905 2 0.0511 515 405 763 622 5 0.0510 757 19 1009 268 0 0.0509 584 466 827 701 5 0.0509 498 277 759 497 5 0.0508 551 782 806 1015 13 0.0507 503 783 761 1023 5 0.0507 434 679 687 904 9 0.0506 206 869 572 1021 11 0.0505 507 602 753 832 11 0.0505 314 670 576 903 8 0.0504 395 594 626 830 3 0.0502 765 26 1014 272 6 0.0501 435 742 696 964 6 0.0500 128 726 384 957
A3ArWJm27Fl4fVNnPNIspiL2sdRMZmlj,0 0.0632 507 725 767 970 5 0.0615 505 723 759 964 11 0.0610 566 725 823 957 0 0.0608 620 799 879 1023 11 0.0608 618 801 874 1022 0 0.0600 571 580 824 832 8 0.0594 621 799 872 1023 11 0.0592 440 733 703 962 5 0.0587 616 798 871 1021 7 0.0582 443 732 710 964 8 0.0581 509 726 759 964 6 0.0578 508 726 767 965 3 0.0577 509 727 763 969 10 0.0575 439 734 702 962 13 0.0572 575 724 827 961 7 0.0564 571 721 826 960 13 0.0558 626 802 884 1023 13 0.0556 448 732 710 963 7 0.0551 621 799 883 1023 3 0.0538 626 801 876 1023 6 0.0532 571 581 827 827 10 0.0530 566 726 820 958 8 0.0528 570 581 815 825 11 0.0528 565 583 823 824 11 0.0528 271 349 657 541 2 0.0527 442 733 705 964 5 0.0526 562 579 816 823 13 0.0517 575 580 829 827 10 0.0513 569 586 822 827 12 0.0510 508 726 765 966 9 0.0506 441 731 703 958 7 0.0503 574 581 827 827 6 0.0503 623 804 881 1020 7 0.0500 245 795 485 1020
guVWUppEtEYuo3s9ySsw5rHmUhiaDVNe,11 0.0623 293 327 552 557 11 0.0622 376 263 635 494 8 0.0617 441 272 686 502 5 0.0613 295 248 550 482 0 0.0607 378 260 630 499 0 0.0601 517 270 761 514 6 0.0594 521 270 766 509 7 0.0593 442 275 694 507 8 0.0591 517 344 759 577 5 0.0589 509 186 759 442 13 0.0589 385 262 639 497 0 0.0588 306 186 563 438 7 0.0588 518 343 763 582 10 0.0587 377 263 634 498 5 0.0582 432 332 694 568 6 0.0582 303 251 557 485 8 0.0575 305 253 547 484 3 0.0575 383 263 630 505 0 0.0574 234 314 487 564 11 0.0574 444 199 701 429 13 0.0574 303 325 558 559 11 0.0571 509 405 769 639 8 0.0571 387 191 621 431 3 0.0566 521 271 762 518 7 0.0565 515 188 765 447 13 0.0565 445 341 708 573 11 0.0563 514 272 764 508 5 0.0562 225 311 482 555 11 0.0560 307 193 564 431 3 0.0560 450 199 700 442 10 0.0557 311 195 564 435 8 0.0556 382 330 621 566 11 0.0555 232 254 495 486 11 0.0552 434 339 702 568 8 0.0550 303 401 537 627 5 0.0549 560 583 813 841 5 0.0548 628 516 896 773 0 0.0548 445 198 697 436 0 0.0547 439 337 700 572 8 0.0547 505 469 746 704 11 0.0547 564 588 820 842 7 0.0546 380 332 634 570 6 0.0546 240 317 490 562 10 0.0545 298 331 551 558 6 0.0542 444 341 702 570 0 0.0541 635 521 898 779 11 0.0541 230 396 492 625 7 0.0541 235 316 490 561 0 0.0540 511 405 767 643 8 0.0540 234 317 480 560 7 0.0539 387 191 632 438 13 0.0538 314 186 568 438 8 0.0537 637 522 889 772 6 0.0537 518 406 768 640 2 0.0536 443 279 690 504 6 0.0536 642 523 906 775 6 0.0534 447 199 704 433 8 0.0532 516 191 756 439 11 0.0532 566 202 821 437 8 0.0530 566 590 814 839 5 0.0530 507 397 758 637 11 0.0529 189 2 454 206 13 0.0527 243 392 496 630 7 0.0525 568 584 825 847 10 0.0525 445 200 703 436 3 0.0524 444 338 698 578 11 0.0521 166 318 429 555 13 0.0520 244 248 499 491 2 0.0516 519 348 758 578 13 0.0512 449 199 707 433 8 0.0512 196 0 442 207 13 0.0511 519 272 768 511 8 0.0511 246 188 480 434 12 0.0509 304 251 555 487 8 0.0508 435 407 688 636 0 0.0508 564 592 821 845 3 0.0507 518 405 765 647 2 0.0507 387 196 625 437 13 0.0507 515 407 772 643 2 0.0506 303 256 550 487 7 0.0505 636 517 903 776 9 0.0504 439 275 692 498 0 0.0502 574 199 821 443 7 0.0502 304 249 557 486 7 0.0501 301 400 553 630
cfyYgc0MumhQmzVtTCXbF9NkitG84Z3T,0 0.0606 567 530 816 767 11 0.0592 563 529 820 761 11 0.0573 396 326 638 569 8 0.0570 169 778 408 1022 8 0.0568 565 529 815 767 6 0.0563 572 528 823 768 0 0.0563 161 786 417 1023 7 0.0556 570 527 823 765 7 0.0548 388 394 634 639 0 0.0546 384 396 631 639 3 0.0545 569 529 822 771 13 0.0538 565 529 829 767 2 0.0520 565 531 821 764 5 0.0516 574 452 831 700 8 0.0514 446 325 689 563 6 0.0512 388 394 635 637 13 0.0507 449 328 704 567 5 0.0505 381 389 628 638 10 0.0503 577 460 834 701
H0Fy1iVFQeRFUHAeyQPEjO8BJ6OwfDlt,11 0.0630 384 461 630 694 0 0.0629 387 463 629 700 0 0.0600 324 402 568 638 11 0.0595 187 407 448 646 11 0.0591 511 464 757 704 0 0.0589 188 476 442 721 11 0.0589 325 336 569 570 8 0.0583 382 462 622 697 5 0.0582 317 462 562 704 5 0.0580 186 475 441 719 5 0.0572 438 407 681 645 7 0.0570 385 405 634 638 2 0.0559 386 470 630 698 11 0.0559 315 201 574 433 0 0.0557 326 269 574 506 3 0.0553 382 407 631 641 6 0.0553 517 467 758 706 11 0.0552 511 352 757 585 7 0.0552 511 413 746 650 8 0.0551 188 478 432 722 8 0.0551 418 545 766 726 0 0.0547 511 465 754 709 5 0.0544 321 330 565 572 7 0.0543 191 479 445 718 5 0.0543 508 458 746 706 7 0.0535 331 333 573 574 6 0.0535 444 416 691 646 13 0.0534 509 414 751 650 11 0.0533 248 277 507 509 13 0.0531 190 477 451 720 11 0.0530 390 150 639 377 5 0.0527 169 344 432 575 8 0.0525 319 407 561 636 10 0.0525 319 409 569 635 3 0.0521 329 340 566 576 6 0.0521 194 409 451 647 2 0.0520 322 409 567 636 3 0.0520 447 469 690 717 6 0.0519 325 406 570 636 3 0.0514 323 469 563 707 7 0.0514 326 465 567 703 5 0.0510 568 402 812 630 5 0.0508 320 144 572 377 10 0.0508 386 468 629 696 2 0.0507 516 470 757 706 0 0.0506 326 151 576 380 6 0.0506 327 270 575 509 0 0.0505 173 349 436 575 13 0.0505 329 338 577 574 8 0.0505 175 347 428 578 7 0.0505 427 543 783 727 9 0.0501 182 481 441 711 9 0.0501 317 402 567 633
MeQ6jTPzamhfViY46UoIDBUXE7UIyU8R,7 0.0648 196 666 439 898 8 0.0617 190 667 429 896 5 0.0595 179 601 430 823 11 0.0584 315 670 570 909 0 0.0581 190 669 435 900 7 0.0580 323 667 571 912 8 0.0576 320 668 559 914 7 0.0559 514 466 752 695 0 0.0556 318 667 566 915 11 0.0554 188 669 437 894 5 0.0552 123 660 367 889 10 0.0549 187 676 437 897 6 0.0542 264 669 506 904 7 0.0536 185 549 441 774 0 0.0536 514 466 752 700 13 0.0533 323 669 573 913 5 0.0527 255 666 497 899 10 0.0525 316 673 569 913 11 0.0518 112 600 370 819 8 0.0517 511 466 744 695 6 0.0510 184 603 437 822 11 0.0509 438 473 680 701 3 0.0506 263 668 503 907 5 0.0501 508 465 750 693 0 0.0500 113 599 366 825
m8jFwarxOjQvajstPSXbpD8j7oodAaJU,0 0.0689 245 591 496 834 7 0.0677 248 524 500 765 7 0.0652 192 608 439 845 8 0.0648 70 586 300 832 5 0.0640 239 522 497 762 11 0.0638 186 608 439 841 11 0.0634 375 472 652 706 8 0.0631 187 608 433 844 5 0.0627 187 608 434 844 10 0.0621 130 689 511 861 0 0.0618 310 514 574 768 5 0.0611 67 589 301 834 13 0.0608 190 608 441 845 8 0.0603 244 523 496 764 6 0.0601 244 523 503 761 3 0.0597 190 607 436 847 13 0.0596 327 664 575 898 6 0.0589 188 609 438 844 0 0.0589 67 595 305 836 10 0.0588 67 592 306 833 7 0.0587 71 592 307 836 11 0.0587 242 527 499 758 0 0.0586 320 660 571 901 13 0.0584 249 525 504 766 11 0.0578 68 593 305 831 3 0.0576 246 526 496 765 2 0.0574 190 613 440 845 7 0.0566 382 516 650 766 11 0.0566 316 667 568 894 5 0.0562 315 662 561 893 10 0.0561 308 525 572 762 13 0.0561 72 592 310 835 3 0.0560 72 589 308 839 7 0.0555 402 786 637 1018 10 0.0554 385 586 644 825 6 0.0550 398 784 637 1015 11 0.0547 394 792 632 1014 4 0.0547 191 611 439 843 6 0.0546 71 593 310 831 8 0.0545 337 788 577 1023 2 0.0545 247 530 502 766 2 0.0543 72 595 306 834 1 0.0541 244 592 493 829 12 0.0541 189 606 439 843 7 0.0541 571 461 825 697 5 0.0540 379 575 641 824 5 0.0539 371 465 643 708 0 0.0538 386 577 645 833 8 0.0538 325 660 563 901 8 0.0534 380 467 642 713 3 0.0533 379 470 648 718 10 0.0533 322 668 568 894 6 0.0533 323 666 574 899 13 0.0532 382 519 652 765 0 0.0532 381 728 623 964 7 0.0529 392 660 636 899 6 0.0529 377 466 654 708 5 0.0528 374 276 654 515 1 0.0527 125 682 507 863 0 0.0527 444 513 703 759 10 0.0523 377 475 649 708 5 0.0522 458 776 700 1007 0 0.0520 383 279 658 518 12 0.0516 246 520 501 765 11 0.0515 456 732 701 955 11 0.0515 380 584 645 822 13 0.0510 458 664 716 891 13 0.0507 387 730 631 962 11 0.0505 565 458 823 693 5 0.0504 324 786 574 1018 13 0.0501 383 282 674 519
rm5Bg92zVD1A2V77VgbJDDFAFtosKjUy,5 0.0612 244 326 501 571 13 0.0551 253 329 508 579 6 0.0538 255 329 503 575 0 0.0534 250 325 505 576 11 0.0528 245 332 499 568 3 0.0517 248 334 503 577 7 0.0508 249 327 502 575 8 0.0506 254 330 493 570
EGX7uSjUo8QgMXZN7JQ5RVLsuHyQPgn7,0 0.0623 571 397 811 640 13 0.0608 253 791 506 1023 11 0.0582 249 789 502 1017 8 0.0574 251 786 493 1019 7 0.0567 251 789 505 1023 0 0.0566 627 460 875 695 11 0.0562 359 231 630 439 5 0.0556 246 786 494 1017 13 0.0554 574 401 817 637 8 0.0553 372 25 632 260 11 0.0552 420 658 702 889 7 0.0549 576 398 816 637 11 0.0543 368 387 632 622 0 0.0542 517 325 759 557 2 0.0533 574 408 813 641 0 0.0531 251 787 503 1019 5 0.0529 568 393 808 640 11 0.0528 430 276 696 497 6 0.0527 252 790 505 1019 0 0.0523 443 389 682 630 3 0.0520 574 400 811 647 0 0.0520 424 655 707 890 0 0.0520 683 394 939 639 13 0.0520 429 656 710 894 8 0.0519 573 399 806 637 8 0.0512 336 0 681 141 7 0.0512 355 276 634 503 8 0.0511 518 461 754 700 6 0.0511 576 403 817 639 11 0.0509 310 160 580 380 0 0.0509 509 586 768 831 7 0.0506 517 582 771 827 7 0.0505 452 317 691 556 11 0.0504 523 394 760 633 10 0.0504 192 792 443 1015 11 0.0504 506 587 768 825 10 0.0503 311 786 568 1018 8 0.0502 510 586 758 826 11 0.0501 433 547 687 774
An9F58izCrcIsoC8Rh9MdwRbWPySwTWk,11 0.0654 245 146 515 392 11 0.0629 386 82 641 314 11 0.0618 631 273 903 505 8 0.0615 252 146 504 394 8 0.0613 388 80 627 313 0 0.0605 247 145 510 394 6 0.0592 251 148 518 395 7 0.0589 252 141 516 395 0 0.0588 243 270 508 518 0 0.0585 563 331 821 575 11 0.0580 238 275 509 515 8 0.0577 566 391 816 631 7 0.0576 573 390 823 634 5 0.0574 563 387 820 632 13 0.0569 251 208 522 446 0 0.0567 628 272 903 511 7 0.0565 392 80 640 317 11 0.0557 567 393 820 630 6 0.0555 246 272 512 516 8 0.0555 569 150 826 364 8 0.0553 311 280 567 515 8 0.0552 563 268 825 505 5 0.0551 299 272 576 516 5 0.0551 169 337 431 565 0 0.0549 624 146 905 372 6 0.0549 391 80 643 315 3 0.0549 396 8 640 264 0 0.0547 388 80 640 315 0 0.0545 185 398 449 640 2 0.0545 569 394 821 634 5 0.0544 242 203 513 440 6 0.0543 192 397 452 640 5 0.0538 628 323 910 571 5 0.0537 505 265 759 507 13 0.0537 516 271 767 508 5 0.0536 386 5 637 254 11 0.0531 122 151 389 385 8 0.0530 380 344 638 574 5 0.0529 560 141 832 364 7 0.0528 312 277 581 520 6 0.0527 573 393 823 634 11 0.0527 511 275 764 504 8 0.0527 635 328 904 569 3 0.0527 569 330 821 577 13 0.0526 320 77 579 309 13 0.0525 178 342 447 573 3 0.0524 254 145 514 399 5 0.0524 628 602 890 837 13 0.0524 522 156 780 371 10 0.0523 317 76 567 305 7 0.0523 191 397 447 634 13 0.0523 316 282 581 521 0 0.0522 562 206 839 433 0 0.0519 191 76 444 315 0 0.0519 636 609 896 839 8 0.0517 633 602 888 837 11 0.0516 562 206 837 426 11 0.0515 627 148 906 369 11 0.0515 185 80 448 309 10 0.0514 564 394 823 633 6 0.0513 641 328 913 574 7 0.0512 634 326 915 573 11 0.0511 633 605 899 836 5 0.0510 314 68 569 305 2 0.0509 247 150 511 391 3 0.0509 639 271 905 515 3 0.0509 575 86 838 315 10 0.0508 388 18 640 256 10 0.0505 198 151 453 388 7 0.0505 388 342 653 580 6 0.0504 638 151 908 369 0 0.0504 128 149 383 390 10 0.0503 307 284 579 524 6 0.0503 130 148 391 387 12 0.0502 571 389 823 636
EgWgh4nDJZAd5FjCmRbbCGtHMeveA7E5,8 0.0594 329 296 693 481 5 0.0575 318 290 698 481 11 0.0570 322 295 706 482 5 0.0558 176 572 424 820 11 0.0555 178 527 443 768 11 0.0549 178 656 434 897 8 0.0543 179 574 420 824 7 0.0540 335 294 709 483 0 0.0540 227 18 495 245 7 0.0532 181 572 434 823 6 0.0531 334 293 711 481 0 0.0529 326 291 705 485 5 0.0527 252 258 487 498 13 0.0526 333 295 709 481 11 0.0513 253 584 513 838 3 0.0509 334 295 698 488 8 0.0508 256 267 481 496 0 0.0505 183 524 440 772 0 0.0501 579 274 833 499
xhnoS6poKD2Yh1z4lVHqW2Mn7MZLLFK9,11 0.0549 185 212 448 448 0 0.0534 185 277 449 517 11 0.0530 244 330 502 558 7 0.0530 182 276 450 514 11 0.0521 121 340 395 563 8 0.0512 239 267 501 491 5 0.0512 176 276 443 510 0 0.0509 503 334 757 565
E3VtuN6HAohyqoQeADJryCgHPZhN1mrX,8 0.0653 197 792 432 1023 11 0.0581 509 791 745 1020 5 0.0562 191 791 433 1018 7 0.0561 198 792 442 1023 7 0.0558 322 201 577 431 13 0.0552 250 194 509 429 10 0.0548 195 799 440 1020 11 0.0544 194 796 441 1022 7 0.0543 514 789 752 1021 3 0.0538 324 200 570 431 0 0.0538 196 793 440 1023 8 0.0537 507 789 739 1021 11 0.0533 331 146 584 367 13 0.0533 197 798 447 1023 5 0.0532 317 199 565 428 0 0.0529 239 200 494 427 5 0.0529 505 786 741 1019 0 0.0525 331 143 583 365 8 0.0518 250 196 484 425 13 0.0515 511 795 755 1023 6 0.0513 200 797 441 1020 13 0.0504 338 144 596 368 11 0.0503 240 201 494 421
r9Necl8Jh2g19pX5IyBG3zhA0E5Gdm7k,11 0.0604 509 538 765 757 7 0.0598 279 543 640 736 0 0.0594 379 525 639 767 0 0.0593 516 535 761 759 8 0.0577 313 587 555 824 5 0.0573 269 542 633 737 8 0.0570 380 526 630 765 11 0.0568 376 527 636 764 8 0.0552 184 478 429 718 0 0.0551 316 588 566 827 7 0.0545 514 532 767 759 0 0.0539 250 463 514 723 11 0.0531 313 589 561 826 3 0.0529 514 532 760 762 11 0.0528 245 471 508 718 3 0.0521 381 529 635 771 8 0.0520 516 535 751 758 13 0.0517 386 593 644 832 0 0.0513 521 404 763 632 5 0.0509 506 531 755 756 13 0.0508 353 548 716 736 6 0.0507 515 534 765 757 10 0.0506 378 528 635 767 6 0.0500 384 524 638 764
2Kiv5S2tJ6bUyKOmHwVlJZ4hhAWkKDgD,5 0.0613 251 387 500 624 0 0.0600 196 0 452 198 11 0.0600 256 456 508 695 0 0.0585 403 452 645 690 5 0.0583 186 448 436 699 11 0.0582 389 596 645 828 0 0.0580 260 456 510 702 11 0.0578 394 386 638 622 11 0.0577 323 331 563 563 13 0.0577 263 456 514 698 11 0.0575 455 516 707 766 8 0.0573 258 389 497 627 8 0.0573 394 591 636 833 0 0.0571 391 595 644 834 0 0.0570 457 519 707 770 5 0.0567 325 519 582 758 7 0.0564 260 455 512 695 8 0.0561 198 0 442 198 0 0.0560 326 521 584 768 3 0.0559 256 394 503 634 8 0.0557 636 0 897 195 8 0.0555 330 520 575 762 7 0.0552 395 594 647 833 6 0.0547 196 1 455 197 11 0.0545 324 521 585 760 0 0.0545 174 393 430 640 11 0.0540 185 517 445 757 11 0.0539 311 652 569 883 5 0.0537 310 647 566 882 8 0.0536 459 513 703 767 11 0.0536 173 396 428 634 13 0.0534 324 388 572 630 13 0.0534 182 396 437 643 7 0.0534 180 391 432 635 2 0.0533 264 460 512 697 0 0.0533 320 384 566 630 0 0.0532 314 649 570 890 13 0.0529 397 594 651 832 7 0.0527 631 0 910 198 10 0.0526 259 461 509 696 7 0.0526 330 524 587 765 7 0.0526 324 385 571 626 6 0.0526 394 594 649 831 6 0.0522 332 453 585 703 8 0.0521 316 648 564 890 5 0.0521 389 591 641 826 3 0.0520 332 522 584 770 6 0.0518 317 650 575 888 7 0.0517 407 450 650 690 3 0.0516 396 596 645 837 13 0.0516 321 650 578 891 7 0.0515 460 513 712 770 6 0.0514 459 518 713 770 0 0.0513 633 0 908 199 10 0.0513 458 518 707 768 13 0.0510 334 520 588 764 13 0.0510 197 2 459 198 10 0.0510 327 522 582 764 7 0.0509 318 653 573 887 8 0.0509 396 388 629 625 2 0.0508 191 4 450 197 5 0.0507 236 0 499 199 5 0.0507 323 325 555 562 8 0.0506 328 330 551 565 3 0.0505 327 332 559 570 13 0.0503 463 516 711 767 10 0.0502 405 453 644 687 13 0.0502 407 451 651 687 3 0.0501 638 4 905 203 5 0.0501 401 448 644 685 2 0.0500 399 531 644 760 0 0.0500 191 514 447 763
y5slZHHj2PKZOhzBsby52yBR29nMaxOG,5 0.0670 186 798 422 1020 8 0.0651 188 794 421 1023 7 0.0625 196 796 428 1023 8 0.0612 747 133 998 376 11 0.0594 191 798 427 1021 13 0.0582 196 797 432 1022 0 0.0577 188 795 426 1023 6 0.0573 193 800 429 1023 10 0.0561 190 800 427 1021 2 0.0559 191 801 426 1023 13 0.0555 749 68 1020 313 5 0.0546 741 64 1007 310 11 0.0546 741 139 1007 375 0 0.0543 740 73 1012 314 6 0.0538 748 134 1012 379 7 0.0538 750 134 1012 377 3 0.0525 191 795 425 1023 9 0.0504 744 135 1009 369 9 0.0503 191 798 426 1021 12 0.0501 194 796 426 1023
Ectmji2LPzpBJzV2FJKF5N1HsknhRZE6,8 0.0576 687 95 933 327 5 0.0539 507 140 753 388 11 0.0536 382 143 651 374 13 0.0536 677 160 933 388 5 0.0535 672 159 918 385 11 0.0535 685 96 944 322 8 0.0532 387 142 643 379 5 0.0532 769 13 1018 252 7 0.0528 391 144 656 382 0 0.0527 687 99 942 330 3 0.0519 681 160 925 393 8 0.0516 777 14 1015 255 0 0.0514 773 17 1021 259 6 0.0514 677 165 926 387 11 0.0510 768 18 1023 252 3 0.0508 394 142 652 385 11 0.0506 510 149 757 388 5 0.0504 374 139 644 373 0 0.0502 389 513 657 746 10 0.0502 379 200 649 418
M52c5JhpP3HGTAQ6M3aPBn7boLJrcI04,11 0.0564 182 780 431 1012 0 0.0563 860 517 1021 904 8 0.0558 863 514 1019 906 5 0.0556 181 774 429 1009 10 0.0548 859 526 1023 897 11 0.0545 374 788 618 1019 5 0.0543 510 776 755 1012 8 0.0541 313 792 552 1023 0 0.0538 126 773 378 1012 11 0.0538 857 528 1023 894 7 0.0530 254 724 505 961 13 0.0528 864 513 1023 902 10 0.0528 182 787 438 1013 6 0.0524 865 514 1023 902 0 0.0523 247 778 497 1023 5 0.0521 368 778 616 1018 8 0.0518 130 774 372 1012 13 0.0518 317 795 572 1023 7 0.0517 866 517 1023 907 7 0.0514 375 784 625 1020 11 0.0507 517 781 759 1012
4NreL10DDPKn0zv6PZuN07QHlaYnduit,11 0.0538 382 450 638 686 5 0.0532 380 443 629 687 0 0.0526 377 452 636 691 13 0.0509 333 465 599 693 2 0.0509 327 471 589 694 8 0.0508 380 446 630 689 6 0.0502 330 466 591 693
caE7x2LfamDLoqPuI93rE6FFUmvylWeV,0 0.0718 2 806 263 1023 11 0.0654 4 808 268 1021 5 0.0607 4 802 261 1021 8 0.0603 12 802 259 1023 11 0.0596 444 132 712 364 7 0.0595 449 267 696 505 0 0.0589 447 266 693 505 7 0.0587 9 804 266 1023 11 0.0582 445 268 695 503 5 0.0573 738 18 1011 251 6 0.0571 8 808 267 1023 11 0.0565 513 200 770 438 8 0.0558 0 15 223 252 0 0.0554 58 740 322 966 3 0.0551 12 803 262 1023 5 0.0550 508 191 764 437 10 0.0549 443 137 708 362 11 0.0549 311 208 584 429 3 0.0548 451 264 692 511 0 0.0546 744 23 1016 255 8 0.0544 445 264 686 505 0 0.0543 450 398 696 650 0 0.0541 446 135 708 366 11 0.0540 692 1 957 192 11 0.0540 0 20 237 250 0 0.0535 0 20 236 254 7 0.0535 521 199 769 441 13 0.0533 516 260 775 503 0 0.0533 519 198 765 440 11 0.0529 53 744 326 959 5 0.0528 440 260 687 502 0 0.0527 510 331 765 577 8 0.0524 515 199 758 441 7 0.0523 515 332 769 578 8 0.0522 315 209 570 426 8 0.0522 696 0 946 195 11 0.0522 508 335 763 574 7 0.0522 65 735 322 964 10 0.0521 5 809 265 1021 0 0.0520 312 204 577 431 10 0.0518 0 22 230 251 1 0.0516 4 800 261 1023 3 0.0516 521 199 768 445 2 0.0513 449 209 697 437 11 0.0513 447 401 699 644 3 0.0513 447 131 711 373 5 0.0511 447 392 693 649 12 0.0510 8 806 268 1023 5 0.0509 304 202 575 427 6 0.0508 521 260 770 505 8 0.0508 452 399 690 644 2 0.0505 8 809 264 1022 8 0.0504 444 134 698 366 7 0.0503 317 205 582 433 10 0.0502 308 213 579 429 13 0.0501 7 809 271 1023 6 0.0501 316 209 579 431
m1HA1jDDeUMgsmTu2E4V85ji01f922KW,11 0.0637 176 337 443 577 11 0.0630 623 400 888 638 5 0.0619 172 334 438 577 5 0.0617 634 329 890 569 8 0.0610 115 400 375 654 11 0.0606 110 403 386 648 13 0.0600 630 405 893 638 11 0.0597 256 263 520 502 0 0.0593 180 341 439 582 8 0.0592 638 331 881 571 8 0.0584 178 332 434 583 11 0.0581 637 260 889 495 0 0.0578 625 404 888 638 5 0.0578 255 261 514 504 11 0.0573 242 403 506 636 11 0.0571 715 340 965 574 0 0.0570 245 402 500 637 13 0.0569 119 346 392 593 5 0.0569 111 399 377 650 6 0.0568 181 337 446 583 5 0.0564 699 260 950 489 5 0.0563 701 397 954 640 7 0.0562 185 402 443 643 6 0.0560 634 404 890 637 3 0.0558 254 340 512 584 5 0.0555 574 593 824 826 7 0.0554 183 261 444 507 5 0.0554 240 395 501 639 6 0.0552 119 404 386 656 0 0.0552 385 402 637 641 3 0.0548 630 402 885 644 7 0.0547 259 333 511 576 7 0.0546 627 401 887 640 0 0.0544 709 267 951 501 0 0.0540 261 264 515 506 5 0.0539 451 523 713 752 6 0.0534 264 262 519 505 7 0.0534 128 465 379 704 2 0.0533 629 408 892 639 0 0.0532 581 603 832 830 11 0.0531 439 457 705 688 3 0.0529 182 406 442 648 0 0.0529 118 403 378 651 3 0.0525 722 340 966 577 8 0.0524 258 263 508 506 5 0.0524 108 277 376 512 7 0.0523 458 528 720 753 5 0.0520 378 397 637 640 3 0.0520 180 268 442 514 10 0.0519 639 335 887 568 6 0.0517 726 342 969 575 13 0.0517 257 336 517 579 1 0.0515 172 335 440 582 8 0.0515 245 400 494 638 3 0.0515 646 262 888 504 2 0.0515 114 345 382 592 13 0.0513 647 264 896 499 13 0.0512 388 402 644 645 7 0.0510 392 400 641 647 0 0.0507 391 532 648 771 6 0.0506 446 455 709 691 7 0.0505 265 198 522 444 6 0.0504 589 603 830 834 0 0.0503 364 722 638 955 10 0.0503 247 405 504 637 7 0.0503 709 262 957 491 8 0.0502 456 528 708 752 0 0.0502 315 461 574 703 10 0.0501 114 409 380 650 13 0.0500 723 344 974 577
ToWqCGhQAJdO4j8R67FkF9wLt7mLEOPR,0 0.0612 249 210 510 450 5 0.0608 252 515 504 766 7 0.0598 258 519 507 770 0 0.0594 251 595 498 835 11 0.0576 248 598 499 833 0 0.0575 193 515 453 764 6 0.0572 257 520 509 763 8 0.0569 249 598 493 836 10 0.0568 250 601 500 832 7 0.0567 195 595 453 829 13 0.0558 257 598 505 835 0 0.0558 141 603 397 840 0 0.0555 317 0 582 192 5 0.0554 455 0 821 147 5 0.0549 183 591 445 827 11 0.0541 187 522 456 759 7 0.0540 247 210 514 447 2 0.0540 259 524 509 769 8 0.0534 319 0 574 190 5 0.0533 240 209 504 446 8 0.0532 251 211 501 446 0 0.0530 470 0 824 148 11 0.0530 310 2 585 190 3 0.0528 255 522 501 777 8 0.0524 190 514 447 768 6 0.0521 247 214 511 446 6 0.0513 317 0 587 190 13 0.0512 321 0 587 190 13 0.0511 144 603 405 842 3 0.0507 326 0 587 196 6 0.0506 190 595 449 829 8 0.0504 139 601 392 839 11 0.0501 241 217 513 447
sCSOOWEiSfH4Rb8oGF8kulZFkwenq0ae,11 0.0590 294 403 567 633 8 0.0579 379 333 625 565 8 0.0576 302 400 556 632 6 0.0573 323 334 576 577 0 0.0572 321 332 572 576 6 0.0562 192 339 447 583 5 0.0560 744 336 1011 572 7 0.0558 385 337 639 567 8 0.0556 252 332 497 572 3 0.0554 384 332 632 573 0 0.0554 440 333 695 573 0 0.0550 189 342 441 582 7 0.0548 241 400 501 644 5 0.0548 184 338 439 579 8 0.0548 252 472 494 711 11 0.0547 747 402 1004 631 11 0.0546 372 338 635 564 11 0.0546 643 345 903 573 8 0.0545 341 209 567 448 10 0.0543 320 337 575 577 6 0.0542 444 331 699 573 13 0.0536 444 332 699 568 3 0.0535 363 460 615 705 0 0.0530 516 277 768 506 0 0.0529 337 208 581 453 13 0.0528 240 402 512 642 8 0.0526 361 465 605 696 6 0.0522 763 341 1023 571 3 0.0521 252 336 504 576 3 0.0519 393 221 635 459 0 0.0519 746 400 1000 639 5 0.0516 315 329 571 573 11 0.0516 338 213 583 449 13 0.0512 323 334 581 577 10 0.0508 438 332 700 574 12 0.0508 240 400 501 642 6 0.0505 297 463 561 697 3 0.0504 247 472 507 719 12 0.0502 322 331 575 579 13 0.0502 650 346 908 580 5 0.0500 431 325 693 571
lrrN7sVsi9JuaYoSiDd07iD5QiyJYAUV,11 0.0582 239 196 505 434 11 0.0548 390 410 657 633 7 0.0544 396 406 663 637 0 0.0544 392 456 657 692 8 0.0532 247 195 491 437 0 0.0529 242 194 502 437 13 0.0527 246 193 507 439 7 0.0522 380 515 650 755 8 0.0512 627 142 861 390 8 0.0510 391 403 649 632 0 0.0508 629 147 874 392 8 0.0507 377 515 641 751 0 0.0507 248 456 514 703 0 0.0504 297 528 581 771
EjqYhYLr4aOh2i72dxcVcQufLqDhbO1r,7 0.0686 247 711 507 962 5 0.0644 306 708 562 955 11 0.0630 366 665 629 896 0 0.0615 312 712 568 962 5 0.0605 306 590 557 825 11 0.0598 307 595 560 824 0 0.0595 310 457 567 700 6 0.0593 372 663 630 896 11 0.0592 237 658 500 894 0 0.0590 311 589 561 832 8 0.0584 309 656 558 896 10 0.0581 249 719 505 961 0 0.0580 242 652 500 898 3 0.0578 310 656 567 904 7 0.0576 312 528 564 767 5 0.0576 235 652 494 893 11 0.0573 307 458 565 694 7 0.0560 378 599 629 829 2 0.0560 313 716 569 957 13 0.0553 249 713 512 964 0 0.0548 372 541 631 770 13 0.0548 310 593 566 826 11 0.0545 374 541 628 765 6 0.0543 311 594 563 824 2 0.0542 312 598 560 829 13 0.0537 370 663 637 898 5 0.0536 708 49 1018 226 8 0.0531 371 600 618 825 8 0.0530 310 459 557 694 6 0.0529 376 544 632 768 10 0.0525 371 603 625 827 6 0.0524 241 658 502 896 3 0.0523 311 535 561 773 3 0.0520 374 603 627 832 2 0.0516 239 662 498 900 5 0.0508 373 535 625 766 12 0.0508 311 654 565 901 9 0.0506 306 717 565 956 11 0.0505 5 6 270 202 5 0.0504 307 454 563 693 6 0.0504 310 463 571 699
T3HqI4Lq7idaSI6v7AmDvxhWZ8sBRwrV,0 0.0653 200 712 438 954 8 0.0631 201 710 435 950 5 0.0624 126 712 371 944 0 0.0622 126 650 372 884 7 0.0620 131 712 373 946 8 0.0607 130 649 366 882 10 0.0605 129 718 372 943 11 0.0600 196 712 439 948 6 0.0573 199 715 440 949 11 0.0571 124 652 370 879 3 0.0570 201 710 438 954 8 0.0543 65 709 304 937 3 0.0538 129 651 368 886 0 0.0536 67 711 312 940 13 0.0531 131 714 377 947 2 0.0519 128 717 372 946 11 0.0513 61 711 314 934 1 0.0513 195 706 438 952 12 0.0507 200 711 438 951 9 0.0507 195 714 438 947
WHROPZwl4wSauVwefzIkXMv5ndX2tVs4,3 0.0582 375 406 647 632 11 0.0571 365 406 647 621 3 0.0557 457 345 706 582 11 0.0555 450 349 704 575 8 0.0538 586 523 814 763 5 0.0538 172 132 445 362 5 0.0530 448 340 699 574 8 0.0530 261 2 507 203 0 0.0518 120 782 372 1019 6 0.0516 372 404 646 625 5 0.0515 240 11 510 262 11 0.0514 167 798 422 1009 8 0.0512 450 348 694 576 11 0.0512 231 448 500 678 11 0.0509 504 78 769 319 11 0.0507 173 138 453 362 0 0.0507 449 353 704 577 11 0.0504 582 535 823 762 7 0.0503 588 528 830 761 11 0.0501 380 16 638 259 11 0.0500 114 286 386 520
CSHpLPkxZp7bL9jQyc6AE0SouNPGv0G8,11 0.0595 308 388 567 625 0 0.0555 378 339 638 565 8 0.0551 383 334 632 562 11 0.0547 381 337 637 562 0 0.0546 314 390 564 631 11 0.0540 310 732 565 956 7 0.0539 379 333 642 560 8 0.0535 317 391 558 626 7 0.0517 314 387 568 625 11 0.0509 213 670 572 846 11 0.0507 622 153 879 374 3 0.0502 315 393 567 632
kA4Nzc1iuuFfWtLK3YwxFc9OWtHlccKx,11 0.0541 257 793 496 1013 8 0.0540 256 791 490 1012 11 0.0537 191 542 441 766 7 0.0533 262 792 503 1017 11 0.0518 443 778 693 1011 5 0.0517 191 536 433 760 11 0.0508 769 285 1023 519 3 0.0508 199 540 438 775 5 0.0505 576 201 822 440 7 0.0500 200 538 444 764
f5PgeI1qUj5VUPAGN9T3ykUi0JS9vc8E,5 0.0616 0 40 288 223 11 0.0602 0 106 313 272 8 0.0600 0 44 280 220 0 0.0600 0 43 291 224 3 0.0592 1 44 288 224 10 0.0570 0 46 287 220 11 0.0559 240 1 505 192 2 0.0538 0 48 292 224 5 0.0536 0 169 320 344 6 0.0532 246 0 508 190 6 0.0529 7 104 306 272 13 0.0528 6 105 316 277 3 0.0521 403 13 643 263 7 0.0520 2 46 290 222 8 0.0514 245 1 493 191 5 0.0512 387 8 635 255 13 0.0500 245 1 508 198
75tX2EX9TRU5bBd7iNinKDLt8zYFIZOh,11 0.0625 653 337 910 574 8 0.0610 447 264 699 505 2 0.0607 458 344 701 581 6 0.0603 655 393 908 636 3 0.0603 458 338 700 585 0 0.0599 447 267 705 503 8 0.0594 134 527 370 775 11 0.0591 450 341 702 577 0 0.0591 641 396 902 639 7 0.0583 459 342 708 580 5 0.0579 446 337 696 579 5 0.0567 641 391 899 635 11 0.0566 131 529 382 768 0 0.0559 133 533 382 775 5 0.0556 617 545 888 774 6 0.0555 719 274 973 490 8 0.0553 646 395 898 638 11 0.0548 383 136 651 359 13 0.0548 452 267 710 503 0 0.0547 525 218 778 449 0 0.0546 247 286 506 519 6 0.0544 605 230 866 459 5 0.0543 500 20 754 246 0 0.0543 383 140 648 360 11 0.0542 249 348 505 580 6 0.0538 455 266 708 502 8 0.0537 385 135 636 358 3 0.0535 655 336 911 587 11 0.0535 700 279 972 493 3 0.0535 251 287 506 526 5 0.0531 128 526 377 771 5 0.0531 239 283 506 518 7 0.0530 254 283 506 517 0 0.0528 704 273 963 494 7 0.0527 393 7 659 246 6 0.0524 255 289 511 519 3 0.0524 393 135 647 365 7 0.0523 646 395 905 640 7 0.0523 134 524 385 766 5 0.0520 520 207 776 445 13 0.0519 386 137 655 358 11 0.0516 179 410 436 640 8 0.0516 453 74 702 293 2 0.0514 532 221 781 448 0 0.0509 185 347 436 581 8 0.0509 183 406 420 645 13 0.0506 511 24 772 250 0 0.0506 211 210 448 443 6 0.0506 387 136 655 361 8 0.0506 597 229 852 464 13 0.0505 252 287 514 522 8 0.0502 256 345 491 580 11 0.0502 622 544 889 776
JhTQbKtwX0N7RCbPrV8OaKJTk3Bioq3z,5 0.0570 259 331 503 564 5 0.0564 188 392 442 643 11 0.0535 261 335 512 561 11 0.0523 178 267 450 499 6 0.0519 199 401 445 649 0 0.0517 267 337 511 568 5 0.0516 437 339 714 571 11 0.0510 319 410 587 646 5 0.0509 121 332 392 566 11 0.0501 310 277 587 496
HzsdGJXsFWuH5Rve6iQ5GK5pGtkJiHbc,5 0.0567 567 270 828 515 11 0.0553 622 603 883 836 0 0.0550 511 392 765 632 8 0.0547 510 389 758 633 8 0.0546 305 1 556 201 13 0.0542 305 0 569 201 8 0.0541 571 272 824 518 11 0.0539 296 2 565 198 5 0.0537 446 151 706 388 8 0.0536 183 326 429 577 11 0.0534 447 153 710 388 13 0.0532 577 277 840 517 11 0.0528 509 393 769 628 0 0.0528 507 784 767 1021 0 0.0527 571 274 832 517 5 0.0525 297 0 559 196 5 0.0524 239 270 499 504 11 0.0522 510 789 767 1017 6 0.0520 307 0 567 198 11 0.0520 376 84 638 310 7 0.0520 456 154 713 389 0 0.0520 626 611 881 838 8 0.0519 452 154 703 389 0 0.0519 302 0 561 200 11 0.0518 185 327 444 566 7 0.0518 515 784 772 1022 11 0.0513 307 145 584 382 7 0.0512 518 388 768 629 7 0.0510 449 277 711 517 10 0.0508 303 3 560 198 11 0.0506 567 273 835 514 3 0.0505 307 0 564 207 0 0.0504 631 806 881 1023 2 0.0502 514 397 763 630 5 0.0501 441 275 704 516 3 0.0501 389 150 643 391 8 0.0500 381 86 628 313
0DKAs77RREOSNwuw20KEQwEQfzLrOo9t,0 0.0571 389 396 642 641 11 0.0530 574 330 839 561 0 0.0511 518 384 765 632 13 0.0505 765 25 1022 259 5 0.0502 385 392 638 637
SGQfrUiX3Fbq13YtF6APieetVTjmz6YM,11 0.0665 353 413 707 606 11 0.0641 312 464 577 695 11 0.0635 0 84 263 312 11 0.0627 240 397 501 622 11 0.0617 616 462 890 689 5 0.0612 616 459 880 693 7 0.0606 248 394 499 625 7 0.0593 621 465 887 692 8 0.0590 1 81 253 313 8 0.0589 389 724 627 958 0 0.0588 384 726 636 961 11 0.0583 380 727 637 954 8 0.0578 352 412 696 609 5 0.0578 239 390 495 624 8 0.0578 5 349 258 585 8 0.0575 567 397 824 627 0 0.0572 358 414 709 610 7 0.0569 388 725 638 958 3 0.0567 333 407 582 634 0 0.0567 0 82 261 313 5 0.0567 560 391 827 624 0 0.0567 5 356 268 589 8 0.0566 243 398 489 624 13 0.0565 356 412 714 608 8 0.0565 619 465 873 692 0 0.0562 567 401 834 630 11 0.0560 440 663 704 894 10 0.0556 383 728 635 956 6 0.0554 335 408 588 630 5 0.0553 380 723 631 955 0 0.0551 246 400 495 623 6 0.0549 627 469 889 692 0 0.0547 373 475 635 711 0 0.0545 121 0 383 214 8 0.0544 452 658 691 899 8 0.0541 316 464 570 698 13 0.0538 0 84 266 315 3 0.0538 625 466 881 700 11 0.0538 624 326 889 552 3 0.0538 389 724 634 963 10 0.0537 246 404 495 622 13 0.0535 389 727 640 959 11 0.0534 112 1 388 206 7 0.0534 509 396 771 637 5 0.0534 242 250 496 486 0 0.0532 0 224 257 449 10 0.0530 0 89 257 309 8 0.0529 0 217 251 449 6 0.0526 388 728 639 957 7 0.0523 376 466 639 710 13 0.0523 249 397 501 625 13 0.0521 321 462 583 700 5 0.0521 0 76 259 313 5 0.0519 620 320 878 551 8 0.0517 119 0 372 208 11 0.0516 8 289 267 508 7 0.0516 2 80 263 312 10 0.0516 565 404 834 625 3 0.0515 4 81 260 315 10 0.0515 619 472 886 691 11 0.0514 239 253 511 484 3 0.0510 572 400 829 632 2 0.0509 249 400 493 623 0 0.0509 447 660 703 905 0 0.0508 247 257 502 487 5 0.0507 366 469 629 707 5 0.0506 0 220 249 446 11 0.0505 563 270 828 489 10 0.0504 450 666 701 900 13 0.0503 624 468 893 689 11 0.0501 631 729 893 953 5 0.0500 115 0 380 211
4oTu3TCbdCTR9LRIpOY30wADr6qLhFuM,0 0.0644 633 290 889 519 11 0.0642 561 408 801 641 11 0.0635 632 351 872 575 5 0.0632 572 346 810 574 0 0.0619 306 216 585 455 8 0.0602 629 287 880 518 0 0.0599 514 402 752 653 8 0.0594 575 349 810 576 0 0.0588 577 350 816 578 3 0.0585 637 347 871 581 6 0.0583 706 293 958 525 5 0.0581 510 398 750 649 7 0.0580 522 346 766 580 11 0.0577 452 401 699 644 5 0.0575 450 328 701 571 7 0.0575 633 348 872 573 8 0.0569 455 400 694 648 2 0.0564 522 354 765 580 10 0.0563 568 413 801 640 3 0.0559 521 346 762 587 0 0.0558 453 332 706 576 11 0.0557 448 550 708 776 11 0.0556 697 292 957 528 5 0.0556 625 285 882 517 0 0.0554 638 417 863 643 8 0.0554 715 232 952 451 6 0.0554 580 350 818 575 7 0.0550 457 400 701 648 5 0.0542 106 805 358 1019 10 0.0540 632 296 889 517 8 0.0535 312 217 573 458 0 0.0533 700 356 941 590 0 0.0532 715 234 963 457 6 0.0528 459 334 712 576 11 0.0528 382 463 637 700 9 0.0526 511 405 755 643 8 0.0525 448 549 700 778 13 0.0524 579 350 821 576 13 0.0523 309 216 595 458 6 0.0523 315 218 594 457 5 0.0522 302 214 576 454 8 0.0522 637 417 855 643 11 0.0522 109 813 364 1021 6 0.0521 515 406 760 649 8 0.0521 112 810 357 1023 0 0.0521 511 539 755 779 8 0.0518 384 463 628 702 13 0.0517 458 333 709 572 11 0.0516 49 159 311 394 11 0.0516 306 219 586 456 2 0.0515 634 295 886 520 10 0.0513 455 402 701 649 0 0.0507 112 811 368 1023 2 0.0505 454 410 697 646 5 0.0502 446 548 701 777 3 0.0502 460 400 699 654 7 0.0501 315 213 587 460
6fz38JujG9fbSL4FowjTJbbTOVNauZKs,5 0.0663 490 208 744 447 0 0.0654 496 277 754 513 11 0.0639 503 148 760 376 8 0.0621 607 208 785 570 10 0.0617 493 221 750 451 11 0.0614 444 90 698 304 11 0.0609 499 281 757 511 11 0.0608 609 214 789 567 0 0.0605 608 209 791 572 11 0.0602 388 206 636 435 8 0.0601 382 204 627 435 3 0.0599 443 138 692 377 5 0.0598 374 198 628 431 3 0.0592 451 280 705 524 0 0.0590 388 270 636 509 8 0.0589 501 143 755 383 6 0.0588 443 146 700 371 5 0.0588 630 200 891 439 6 0.0587 450 285 709 518 5 0.0586 430 138 692 369 11 0.0585 376 3 631 248 10 0.0584 439 150 694 373 6 0.0583 328 337 578 570 10 0.0582 515 97 758 317 8 0.0578 494 275 752 514 5 0.0576 509 88 758 316 11 0.0576 387 337 640 579 7 0.0574 450 283 706 516 6 0.0573 500 214 754 448 0 0.0573 448 349 698 591 3 0.0572 510 344 760 594 11 0.0570 335 269 588 505 2 0.0569 439 220 690 440 0 0.0567 501 145 760 380 8 0.0566 292 357 636 543 5 0.0556 278 354 650 541 5 0.0556 367 70 626 304 13 0.0555 505 149 765 376 9 0.0554 493 211 750 441 0 0.0554 265 261 510 513 7 0.0551 510 344 764 587 6 0.0550 389 394 639 641 10 0.0550 385 213 637 435 5 0.0548 262 185 515 432 6 0.0548 385 2 638 246 0 0.0547 341 203 587 431 13 0.0547 705 226 958 455 3 0.0547 340 132 578 383 8 0.0545 872 133 1016 510 0 0.0545 506 461 756 709 8 0.0544 327 135 574 372 9 0.0542 437 281 705 510 7 0.0542 256 337 504 582 10 0.0542 609 219 790 571 5 0.0541 865 130 1023 503 2 0.0540 505 155 760 377 2 0.0539 378 154 621 368 8 0.0538 447 344 693 591 6 0.0537 641 207 895 440 6 0.0535 521 92 761 314 0 0.0533 328 332 576 575 8 0.0533 637 203 881 442 13 0.0533 610 216 794 569 13 0.0533 325 335 581 574 8 0.0532 628 464 886 716 10 0.0532 507 349 761 586 10 0.0531 383 338 635 578 7 0.0531 443 144 695 370 11 0.0529 251 342 505 578 13 0.0528 380 143 634 362 11 0.0528 196 272 439 514 2 0.0526 509 350 758 587 3 0.0524 341 263 584 514 8 0.0524 509 457 748 705 6 0.0523 268 265 511 510
RsL7BWDQug7NpBDhJs4H1R0WRpABHgQJ,11 0.0562 445 13 703 248 3 0.0545 381 3 627 244 11 0.0542 242 10 500 250 8 0.0534 555 2 725 320 8 0.0527 249 75 489 317 5 0.0522 578 394 825 642 6 0.0521 383 2 634 238 11 0.0521 530 131 782 356 0 0.0519 376 3 625 239 8 0.0518 189 16 430 256 13 0.0516 380 1 635 237 11 0.0515 581 401 833 630 0 0.0511 245 9 496 255 11 0.0511 553 0 821 192 11 0.0507 243 202 508 437 8 0.0502 581 395 823 637 5 0.0501 373 0 622 237 7 0.0501 558 0 734 322
8CSBVbu3jpCBSF7vVboyTu7BYxrAmq33,7 0.0612 377 662 629 899 11 0.0564 308 660 559 889 7 0.0561 311 594 564 823 5 0.0560 179 708 428 946 10 0.0558 181 719 434 948 10 0.0554 311 662 556 892 7 0.0552 241 655 492 892 5 0.0551 308 656 555 888 0 0.0540 312 658 558 896 8 0.0535 316 657 549 891 0 0.0534 184 712 431 954 8 0.0532 184 709 426 952 11 0.0532 438 595 694 816 7 0.0522 447 591 699 817 13 0.0522 317 657 565 891 3 0.0515 318 658 556 899 6 0.0512 183 713 438 952
p3VyYwMtTt38m9zHigOrQuDcw3PH9Euq,8 0.0660 260 145 508 395 11 0.0635 311 141 575 393 8 0.0628 206 88 556 274 8 0.0616 262 267 499 516 0 0.0616 255 146 510 394 11 0.0600 388 86 638 315 13 0.0586 264 76 521 325 5 0.0581 386 81 633 313 8 0.0574 321 348 566 578 5 0.0562 307 138 571 391 2 0.0559 206 93 572 277 5 0.0559 256 342 505 573 0 0.0557 258 267 503 514 13 0.0555 265 344 515 580 10 0.0553 313 81 572 318 0 0.0552 311 78 572 320 3 0.0551 317 136 576 397 10 0.0549 247 23 495 255 7 0.0547 315 140 580 395 3 0.0545 395 82 634 322 0 0.0543 201 73 456 325 11 0.0542 190 31 442 267 5 0.0541 191 87 564 273 6 0.0539 317 140 579 394 6 0.0537 204 89 577 275 11 0.0536 198 145 458 383 0 0.0532 509 163 766 393 13 0.0532 270 191 516 447 10 0.0530 260 152 514 394 11 0.0529 257 349 508 575 8 0.0527 391 87 631 312 5 0.0526 196 135 453 383 3 0.0525 519 222 767 461 8 0.0523 200 350 439 582 10 0.0523 264 349 506 578 7 0.0522 266 347 510 575 2 0.0520 313 144 579 397 7 0.0519 293 412 660 598 11 0.0519 509 167 766 388 7 0.0518 262 74 520 325 6 0.0515 392 85 636 314 0 0.0514 195 353 443 588 3 0.0514 266 344 506 584 8 0.0509 510 159 760 392 10 0.0505 519 228 772 457 0 0.0505 318 349 571 579 1 0.0504 307 131 573 396 5 0.0503 511 218 765 455
NhHkqQ8yOEwjavOBpDKO58JyLVi8A2vp,11 0.0579 301 607 559 823 6 0.0579 305 604 561 825 7 0.0566 309 605 562 829 8 0.0556 306 608 554 828 5 0.0544 298 601 558 828 13 0.0542 315 681 583 909 7 0.0522 310 800 571 1023 8 0.0521 382 809 630 1022 11 0.0507 275 872 643 1019
1V4Ppo9hy8MKucCXskCmbtNn429J4FAt,0 0.0628 377 199 629 431 0 0.0624 437 267 703 514 5 0.0623 305 256 557 497 0 0.0616 311 260 564 501 11 0.0609 310 327 564 556 8 0.0608 313 260 554 498 11 0.0608 370 269 630 500 3 0.0606 444 268 702 514 3 0.0598 253 261 504 506 6 0.0597 439 333 708 570 8 0.0597 380 197 622 429 2 0.0593 308 262 557 499 5 0.0592 375 193 625 429 11 0.0591 313 198 562 440 6 0.0587 310 260 562 500 8 0.0584 442 265 695 510 11 0.0582 436 336 703 571 11 0.0577 245 262 505 501 7 0.0571 441 266 702 512 5 0.0571 435 263 695 511 3 0.0570 385 198 626 434 11 0.0563 439 202 702 436 10 0.0559 371 269 632 499 5 0.0555 577 320 824 561 13 0.0554 442 267 704 511 6 0.0554 449 194 700 436 7 0.0550 260 190 507 440 7 0.0549 383 197 630 431 13 0.0546 316 258 567 499 3 0.0542 317 326 562 560 10 0.0541 312 330 565 555 13 0.0540 184 191 453 451 2 0.0539 381 199 625 429 8 0.0538 504 530 751 772 10 0.0535 435 335 704 570 0 0.0533 508 204 756 450 2 0.0531 438 335 703 571 1 0.0531 369 263 627 501 6 0.0530 508 528 761 772 12 0.0524 373 265 634 499 9 0.0524 371 269 629 494 3 0.0524 513 205 756 453 3 0.0523 187 193 445 451 11 0.0520 176 193 449 445 0 0.0519 523 608 868 789 0 0.0518 580 325 825 565 4 0.0518 374 270 635 502 1 0.0518 431 330 698 572 6 0.0517 562 600 819 845 6 0.0513 585 322 830 562 5 0.0511 549 597 814 846 3 0.0510 583 323 827 573 6 0.0508 651 528 896 778 5 0.0505 500 201 752 444 10 0.0505 248 267 505 501 8 0.0505 646 529 883 777 5 0.0505 121 194 390 449 13 0.0504 380 196 630 432 10 0.0500 444 200 700 436
SpT1GF1jCwHWXal83ryQCgj2xbxFTR4Z,0 0.0510 386 344 640 568
mwotspHIUSjRrSQVC1lIKsMiRiTJ6xw0,7 0.0583 255 597 508 829 10 0.0583 249 602 506 829 0 0.0577 251 593 505 833 5 0.0565 241 591 503 830 11 0.0563 246 599 508 828 8 0.0563 250 659 502 892 8 0.0562 388 270 631 499 11 0.0553 385 264 639 490 6 0.0535 250 599 509 833 7 0.0531 393 261 645 496 5 0.0531 386 259 639 492 0 0.0528 390 264 641 498 11 0.0521 389 159 636 380 5 0.0518 388 152 629 384 0 0.0516 391 158 636 387 3 0.0505 251 663 511 901
quy1UzXjBAmPI6et2lhiWAxzMYXrdwNd,5 0.0613 184 782 436 1017 11 0.0597 253 660 524 906 7 0.0596 255 788 503 1019 8 0.0593 69 795 293 1023 0 0.0593 314 659 577 893 5 0.0589 249 656 517 905 8 0.0578 190 783 431 1018 11 0.0575 253 789 502 1016 7 0.0570 258 658 528 907 13 0.0567 248 326 511 557 5 0.0567 249 352 614 537 8 0.0566 253 715 505 957 10 0.0565 125 789 371 1022 0 0.0565 66 799 305 1023 7 0.0565 196 713 441 960 6 0.0561 174 256 439 500 11 0.0561 258 355 626 534 8 0.0560 318 782 556 1016 0 0.0560 312 529 579 767 0 0.0557 182 643 441 899 11 0.0551 308 529 576 763 0 0.0550 380 720 630 952 0 0.0544 244 327 505 553 0 0.0542 255 717 511 961 10 0.0542 188 719 440 960 7 0.0541 263 353 634 537 10 0.0540 312 664 576 886 8 0.0540 262 354 614 536 8 0.0539 311 658 569 892 5 0.0539 60 790 295 1018 7 0.0538 72 796 304 1022 5 0.0538 232 526 507 773 13 0.0538 132 785 383 1019 0 0.0536 320 786 561 1018 7 0.0536 306 588 585 823 8 0.0534 182 643 434 896 0 0.0534 189 786 438 1020 8 0.0533 244 586 512 834 10 0.0533 254 795 498 1017 6 0.0533 247 327 503 552 11 0.0532 63 197 324 416 13 0.0532 258 788 503 1019 3 0.0531 241 323 502 553 8 0.0529 72 193 318 421 13 0.0528 256 657 527 909 11 0.0528 60 799 302 1015 11 0.0527 231 264 498 481 3 0.0527 191 786 440 1023 13 0.0525 131 198 396 431 10 0.0524 257 359 626 537 5 0.0522 321 672 672 855 8 0.0521 126 256 375 491 7 0.0519 237 255 503 484 5 0.0519 316 781 559 1011 8 0.0517 382 716 622 948 6 0.0517 131 790 376 1022 10 0.0516 381 723 630 943 11 0.0515 376 663 635 891 6 0.0515 255 718 517 960 3 0.0514 315 656 574 900 5 0.0513 120 197 378 424 13 0.0512 252 199 522 423 10 0.0512 310 539 578 763 13 0.0510 306 589 582 823 5 0.0510 229 252 490 482 6 0.0510 183 647 445 897 0 0.0504 70 196 322 423 3 0.0504 255 716 512 966 10 0.0502 233 268 496 484 3 0.0501 127 200 388 432
cTkHth2QQ6PYlBqK2EWuZIRjVz1TMtYg,5 0.0603 353 795 620 1020 0 0.0596 360 796 621 1023 11 0.0596 580 333 823 566 13 0.0586 311 795 560 1023 11 0.0584 437 667 701 888 8 0.0583 242 792 481 1023 7 0.0581 365 796 627 1023 5 0.0581 578 328 819 564 5 0.0574 235 792 485 1019 11 0.0571 647 286 890 508 11 0.0566 306 796 556 1020 11 0.0559 208 679 579 847 0 0.0558 437 664 698 894 3 0.0556 589 333 820 575 8 0.0546 582 334 815 570 8 0.0541 367 794 614 1023 0 0.0539 239 264 507 496 7 0.0536 441 663 702 890 3 0.0535 437 795 696 1023 7 0.0533 508 740 761 966 0 0.0530 239 795 490 1023 3 0.0529 442 664 699 895 11 0.0524 362 735 628 968 10 0.0524 308 795 558 1023 11 0.0519 434 795 690 1018 6 0.0517 590 334 828 566 3 0.0516 310 796 560 1023 2 0.0513 588 337 824 568 5 0.0508 427 723 688 956 6 0.0502 310 794 564 1021 7 0.0500 245 796 489 1023
6rpPBWUwnb6SAUj5RgzK7wks68ZiD1r2,8 0.0661 353 424 695 606 5 0.0640 557 334 813 555 11 0.0635 295 354 654 545 7 0.0624 444 520 701 767 11 0.0607 355 420 701 606 11 0.0599 438 522 697 763 11 0.0597 560 340 819 557 8 0.0596 293 355 640 548 0 0.0591 350 420 705 607 8 0.0587 313 455 569 700 7 0.0587 360 421 705 607 5 0.0584 341 475 689 665 8 0.0579 506 525 762 761 3 0.0579 358 420 701 614 5 0.0576 237 57 497 315 7 0.0576 302 353 656 550 6 0.0571 353 481 698 665 0 0.0570 508 280 763 501 8 0.0567 512 274 757 502 8 0.0566 562 335 818 564 2 0.0565 515 285 761 497 5 0.0565 564 216 834 436 13 0.0563 353 479 697 667 5 0.0560 244 178 507 418 0 0.0559 241 0 499 264 3 0.0555 447 523 696 771 6 0.0554 512 528 772 762 3 0.0551 516 273 757 510 13 0.0546 415 533 772 725 0 0.0540 413 539 759 726 7 0.0540 250 442 514 696 0 0.0538 565 341 821 561 8 0.0538 372 523 638 758 5 0.0537 652 288 899 499 7 0.0535 508 580 759 835 11 0.0535 370 589 634 825 11 0.0535 235 8 507 261 10 0.0534 353 424 700 608 7 0.0532 374 586 640 828 1 0.0532 347 416 697 607 11 0.0530 565 589 816 828 5 0.0529 238 501 504 752 7 0.0528 515 276 766 500 8 0.0528 191 67 433 325 0 0.0526 277 479 644 666 0 0.0526 507 590 759 833 5 0.0524 290 349 649 546 6 0.0522 571 343 825 561 10 0.0521 374 527 642 759 3 0.0521 570 335 819 568 8 0.0520 439 581 692 830 8 0.0519 570 591 812 828 5 0.0518 186 257 441 500 2 0.0517 285 482 637 667 5 0.0516 295 589 569 829 6 0.0516 448 585 703 830 10 0.0515 564 344 823 557 13 0.0514 507 582 768 831 11 0.0513 304 520 568 762 3 0.0511 286 484 641 667 6 0.0510 230 352 598 534 2 0.0509 359 425 699 606 7 0.0509 307 519 576 765 7 0.0509 563 342 823 562 3 0.0507 571 221 836 449 13 0.0507 569 342 830 558 13 0.0506 377 587 643 826 8 0.0505 195 256 436 508 0 0.0504 243 119 511 366 11 0.0503 170 392 430 629 3 0.0502 249 326 512 578 9 0.0501 435 521 700 756 11 0.0501 246 444 512 695
Qs7CjFeExQMauWTD6EdjWZemJjy1ILKT,0 0.0576 118 4 373 214 5 0.0557 247 264 500 474 0 0.0539 248 270 504 482 0 0.0536 379 212 622 439 5 0.0528 164 463 438 682 5 0.0528 118 0 365 204 6 0.0524 119 1 385 205 11 0.0517 250 275 506 475 13 0.0515 180 469 455 691 10 0.0513 377 212 623 430
jRQGfyA9LvlJxgVYRz1lhJh2fzQdC0Ql,11 0.0578 377 88 643 307 5 0.0559 375 157 639 381 13 0.0546 388 162 652 385 0 0.0545 450 142 706 378 11 0.0542 308 145 569 362 3 0.0535 457 141 709 382 8 0.0532 449 138 700 376 7 0.0530 388 222 643 446 11 0.0528 416 534 678 774 8 0.0521 386 88 638 310 6 0.0516 390 163 648 386 3 0.0515 388 222 638 452 8 0.0511 386 218 632 446 8 0.0505 424 533 672 775 3 0.0504 318 146 572 372 6 0.0504 506 521 759 753
3wYop2dvZzBxDbRv1U5zL6o4qpFXMKbw,11 0.0504 173 221 443 441
Y2vUyNNG9dLocpvjSTJzzoKlSHmZfsMA,0 0.0631 436 459 696 705 5 0.0602 435 453 693 701 7 0.0596 239 1 498 201 11 0.0593 432 463 697 701 6 0.0588 439 530 702 771 5 0.0585 496 654 759 900 11 0.0584 232 2 498 197 0 0.0584 245 0 496 196 8 0.0581 314 400 559 633 7 0.0579 387 459 650 704 8 0.0578 180 324 434 589 8 0.0578 437 461 690 702 11 0.0576 306 273 563 493 7 0.0572 306 523 568 773 11 0.0572 252 332 514 577 5 0.0567 174 324 443 581 11 0.0566 491 659 760 900 8 0.0564 501 657 754 904 6 0.0560 388 463 647 702 13 0.0560 440 459 704 701 3 0.0560 247 0 497 201 3 0.0557 439 462 698 708 0 0.0557 496 660 763 904 13 0.0556 244 1 510 195 7 0.0555 315 396 571 635 7 0.0552 375 597 643 846 11 0.0551 185 149 442 380 11 0.0550 161 459 441 708 7 0.0549 503 659 766 903 5 0.0546 163 449 435 710 11 0.0545 118 281 389 524 11 0.0541 247 732 506 966 11 0.0538 368 602 634 843 5 0.0537 302 581 561 840 10 0.0536 436 532 701 775 5 0.0535 235 0 494 198 0 0.0535 313 396 569 635 6 0.0535 243 1 502 196 0 0.0533 377 526 637 771 3 0.0530 314 398 567 640 5 0.0530 372 522 633 769 5 0.0528 308 395 565 631 5 0.0528 182 197 437 441 5 0.0528 605 335 886 574 8 0.0527 243 2 489 196 8 0.0524 376 603 630 844 10 0.0523 383 466 646 702 2 0.0522 435 535 700 773 10 0.0520 314 404 570 633 13 0.0517 251 395 514 649 13 0.0516 507 660 769 906 8 0.0515 246 467 502 717 7 0.0515 509 792 769 1023 13 0.0515 182 332 448 590 8 0.0514 251 258 487 501 10 0.0513 373 602 640 846 9 0.0511 432 459 695 698 6 0.0510 129 278 394 526 6 0.0508 501 658 764 901 8 0.0505 131 155 372 393 3 0.0505 505 659 762 907 0 0.0505 182 259 440 515 0 0.0504 308 272 560 495 0 0.0504 190 148 442 380 6 0.0504 314 399 574 633 7 0.0503 186 250 445 514 7 0.0502 176 388 432 655 6 0.0501 618 344 895 580 6 0.0501 377 601 638 845
Wy1B2qYDnabhX5OpVe7Mc9EYHlUDfrRW,8 0.0593 450 585 687 832 7 0.0587 450 586 697 830 0 0.0573 447 584 696 835 11 0.0570 444 590 694 826 11 0.0564 368 530 622 764 5 0.0563 444 583 689 827 7 0.0554 312 467 577 709 8 0.0547 370 533 612 765 11 0.0538 316 803 573 1021 11 0.0535 198 809 446 1020 5 0.0527 372 523 618 767 8 0.0520 192 0 435 205 0 0.0513 238 15 509 265 0 0.0508 369 530 624 772 0 0.0508 418 802 688 1023 13 0.0506 447 665 704 893 11 0.0503 223 538 495 776
PqbXRGKTer67Gx0g7S6jhZLHpLd9gABc,11 0.0613 237 278 493 514 8 0.0604 241 275 487 519 7 0.0600 243 272 495 515 5 0.0590 244 202 493 457 13 0.0586 177 340 432 588 13 0.0579 244 275 498 517 6 0.0576 304 273 564 515 10 0.0576 238 281 492 514 3 0.0574 246 207 497 463 13 0.0570 307 0 586 185 5 0.0567 167 332 426 578 0 0.0566 240 269 496 516 8 0.0565 174 338 419 590 7 0.0563 312 208 572 460 11 0.0562 303 211 567 455 5 0.0557 303 129 561 390 8 0.0556 308 139 560 390 8 0.0555 1 291 242 514 8 0.0551 307 1 570 185 11 0.0546 368 129 643 371 0 0.0545 308 205 566 461 11 0.0543 169 340 429 586 11 0.0538 431 222 706 447 8 0.0535 299 348 557 587 6 0.0534 311 136 570 392 0 0.0532 1 297 249 518 5 0.0529 302 0 575 185 3 0.0529 308 138 567 396 13 0.0527 312 207 573 460 3 0.0521 440 77 695 317 5 0.0520 427 141 690 378 3 0.0520 377 198 638 449 0 0.0519 440 226 699 457 7 0.0518 176 338 427 584 13 0.0516 373 57 644 302 10 0.0515 307 5 577 187 0 0.0514 374 128 635 377 6 0.0513 178 342 437 585 7 0.0512 378 129 645 378 8 0.0512 377 203 631 445 13 0.0512 303 345 573 585 0 0.0511 305 0 577 189 7 0.0511 312 0 582 185 11 0.0509 291 348 566 581 5 0.0507 0 601 252 848 10 0.0505 306 142 571 388 7 0.0505 443 276 697 521 7 0.0502 6 608 257 850 7 0.0502 300 343 568 588 6 0.0501 442 146 702 381 3 0.0501 240 346 487 589
7sRlnPDFev9Los6VYL6SDRv81HtyYGLS,11 0.0579 612 814 884 1019 5 0.0565 310 582 579 829 8 0.0554 176 0 433 197 7 0.0553 181 0 448 194 11 0.0551 175 2 439 201 13 0.0550 184 1 450 198 11 0.0550 491 797 754 1015 8 0.0549 319 587 576 831 5 0.0539 369 447 629 693 5 0.0536 432 583 691 825 0 0.0534 523 288 779 519 3 0.0533 320 590 585 837 7 0.0531 501 793 761 1017 11 0.0530 440 527 704 760 10 0.0529 372 457 635 695 5 0.0527 611 809 877 1020 0 0.0526 513 406 768 646 8 0.0525 377 526 632 762 13 0.0525 322 586 591 832 10 0.0523 181 3 443 194 3 0.0521 187 2 441 203 5 0.0519 169 0 438 193 0 0.0519 494 794 755 1021 0 0.0519 378 453 630 697 6 0.0518 377 453 635 693 5 0.0518 519 272 773 514 11 0.0517 370 455 633 692 7 0.0515 620 809 887 1020 0 0.0512 435 594 693 829 5 0.0510 489 789 750 1013 7 0.0508 520 399 775 640 6 0.0508 443 594 700 828 7 0.0508 373 586 639 825 11 0.0507 310 587 581 826 11 0.0506 514 409 771 638 8 0.0505 439 592 686 827 6 0.0502 529 289 785 514 0 0.0501 613 813 885 1023 7 0.0500 379 454 639 695
riDYbR8qNdiqEobAHgo83UWQybjPmGjM,5 0.0638 129 545 485 725 0 0.0619 184 517 443 762 11 0.0617 126 549 492 725 7 0.0614 126 517 383 763 13 0.0614 145 616 494 793 7 0.0607 191 454 446 704 8 0.0605 125 518 376 761 8 0.0579 189 458 438 701 6 0.0579 132 547 493 727 10 0.0575 180 522 444 760 3 0.0575 136 547 491 728 0 0.0551 194 397 441 647 7 0.0547 263 330 504 572 11 0.0546 257 334 498 573 0 0.0543 259 329 498 576 2 0.0541 187 462 442 708 13 0.0541 191 459 447 706 11 0.0533 181 787 436 1017 7 0.0533 126 403 376 639 10 0.0531 191 404 442 642 8 0.0531 258 333 491 569 10 0.0528 119 459 377 700 8 0.0520 124 406 368 635 5 0.0516 121 402 373 635 12 0.0515 135 545 489 728 5 0.0511 257 327 494 569 8 0.0507 183 783 428 1017
GcjD5kB1Jo5PsaWoHZ7aqyNuGiMja43Q,5 0.0650 566 79 815 308 8 0.0627 573 79 809 307 0 0.0603 580 134 829 364 11 0.0600 571 79 816 304 8 0.0598 644 0 886 216 7 0.0584 303 0 575 207 0 0.0584 240 0 507 194 7 0.0571 572 78 818 311 8 0.0571 241 0 500 194 13 0.0566 241 0 514 197 0 0.0565 641 1 893 219 8 0.0564 568 205 811 435 3 0.0561 575 80 816 313 11 0.0556 234 1 510 192 11 0.0552 562 206 824 436 0 0.0551 307 64 559 317 7 0.0546 264 466 524 713 6 0.0546 639 0 896 217 2 0.0544 574 85 818 308 5 0.0537 633 0 889 216 7 0.0537 567 203 828 437 8 0.0534 372 0 633 207 11 0.0532 642 0 898 213 6 0.0521 583 136 831 363 10 0.0518 561 212 820 435 13 0.0515 571 79 825 309 11 0.0514 257 471 521 710 5 0.0514 367 0 639 207 8 0.0511 363 140 614 358 3 0.0511 377 0 643 215 11 0.0510 358 787 623 1018 3 0.0509 645 2 894 225 13 0.0507 377 1 649 209 2 0.0507 257 14 507 255 5 0.0507 232 0 501 192 11 0.0506 371 3 644 204
Nmc7u5xzBQdNANDAFyTMOWR3Wn5U7i1w,3 0.0610 387 342 643 575 11 0.0595 383 280 648 498 11 0.0586 299 666 573 899 11 0.0585 376 788 636 1019 7 0.0578 383 339 646 570 8 0.0575 306 665 569 903 11 0.0568 304 526 567 765 8 0.0560 385 277 644 498 5 0.0560 374 779 634 1019 6 0.0555 437 798 700 1021 3 0.0553 307 664 577 907 5 0.0548 382 272 643 498 6 0.0544 308 524 573 766 0 0.0543 170 400 426 638 6 0.0543 385 280 648 500 7 0.0542 440 794 704 1023 8 0.0540 379 786 632 1022 6 0.0539 308 661 578 900 6 0.0535 324 785 573 1023 11 0.0535 492 805 760 1017 3 0.0531 323 787 572 1023 7 0.0531 322 781 578 1023 0 0.0530 382 788 639 1021 7 0.0527 307 660 582 906 5 0.0524 489 798 756 1015 0 0.0524 308 522 566 769 3 0.0519 319 460 579 702 0 0.0518 302 660 576 903 7 0.0516 255 212 512 442 13 0.0515 326 786 579 1023 5 0.0515 299 655 571 896 5 0.0514 376 7 636 241 13 0.0513 309 662 581 899 13 0.0513 384 343 649 571 8 0.0513 382 10 633 243 2 0.0512 434 800 701 1021 10 0.0508 378 790 641 1019 0 0.0507 254 210 507 443 13 0.0506 322 461 582 698 11 0.0506 167 405 426 638 13 0.0502 178 406 435 642 11 0.0502 384 11 642 241 8 0.0501 309 524 560 763 2 0.0501 384 285 647 498 7 0.0500 310 521 578 768
nIJnsDC0QkQzEkQlU1sBWPin5lRTF4WK,11 0.0557 437 409 697 638 3 0.0556 407 201 641 445 0 0.0553 308 472 567 721 3 0.0550 380 405 630 650 5 0.0546 395 195 636 434 0 0.0543 401 199 640 439 8 0.0540 443 401 687 637 13 0.0539 233 396 489 637 8 0.0537 402 200 631 437 11 0.0536 401 199 641 438 0 0.0535 515 214 756 451 0 0.0534 439 407 695 640 0 0.0530 179 459 428 695 7 0.0530 323 269 575 505 11 0.0530 315 272 576 504 11 0.0530 366 478 627 710 11 0.0522 179 459 434 691 3 0.0522 322 273 574 514 7 0.0520 185 454 431 694 5 0.0519 513 210 757 449 11 0.0518 296 540 558 767 8 0.0518 515 212 750 450 7 0.0518 442 408 699 640 13 0.0518 304 535 566 775 11 0.0516 517 216 759 449 13 0.0512 323 271 581 509 8 0.0509 373 476 617 712 13 0.0507 378 406 637 648 5 0.0506 178 453 428 692 7 0.0506 518 212 760 453 7 0.0505 404 201 642 441 5 0.0505 315 264 571 499 3 0.0504 523 218 759 456 5 0.0503 296 530 553 767
rl5RHS7CJAXj72xryLvQjAQA9Qzc3YpW,11 0.0609 269 666 642 842 7 0.0580 211 669 570 844 11 0.0566 372 711 625 943 11 0.0561 191 812 446 1018 8 0.0550 196 808 437 1022 11 0.0544 320 792 559 1018 7 0.0537 320 788 562 1023 8 0.0535 321 791 552 1022 7 0.0527 372 595 638 823 0 0.0520 248 663 503 905 11 0.0516 584 481 844 678 7 0.0512 378 704 631 946 5 0.0511 315 784 552 1019 8 0.0511 249 663 491 901
0U4LekxuxQJMk4HNVsiUPpL2cu79Cjfu,0 0.0584 566 525 814 763 11 0.0545 561 526 809 757 5 0.0533 557 526 809 760 11 0.0513 371 271 613 499 7 0.0501 568 526 819 762 3 0.0501 572 524 811 767
LnAet0kJ2VQnAUvRWdZWt4ONF85FTSsc,5 0.0585 376 591 634 838 5 0.0573 295 650 575 895 0 0.0561 375 658 637 909 8 0.0561 385 594 627 841 11 0.0560 377 598 633 835 7 0.0548 386 596 636 840 11 0.0542 299 661 576 891 0 0.0531 209 0 575 154 5 0.0530 198 0 572 152 7 0.0525 528 268 764 505 11 0.0522 204 1 576 151 8 0.0519 304 400 564 641 11 0.0518 296 403 572 644 5 0.0518 764 140 1022 366 11 0.0517 300 531 570 765 8 0.0516 212 2 567 152 8 0.0515 193 398 444 661 8 0.0510 522 271 751 503 13 0.0510 317 604 590 843 8 0.0509 309 532 563 769 5 0.0506 300 520 570 763 0 0.0506 520 278 764 508 5 0.0505 516 12 754 255 13 0.0503 218 0 584 155 8 0.0503 307 655 571 898 6 0.0500 215 0 581 154
aSde7wEVWDRimIVqBPC0PLlgRzgi1KbY,8 0.0649 383 127 639 367 5 0.0645 248 118 509 364 8 0.0645 254 124 505 369 11 0.0638 252 124 514 363 8 0.0634 387 262 646 513 5 0.0632 187 263 441 498 0 0.0632 256 191 515 442 0 0.0630 188 333 444 569 11 0.0629 113 401 375 638 11 0.0629 390 200 643 443 8 0.0627 326 61 567 297 11 0.0624 192 184 445 424 8 0.0621 120 459 355 703 8 0.0619 453 200 693 442 6 0.0616 257 127 516 369 11 0.0613 312 0 574 242 8 0.0607 576 213 829 452 8 0.0606 512 144 760 379 0 0.0606 124 468 364 703 2 0.0605 390 203 644 441 5 0.0602 176 511 427 758 5 0.0600 129 192 385 435 0 0.0600 568 272 826 510 8 0.0600 186 402 438 638 0 0.0600 387 197 647 445 7 0.0596 327 61 578 296 11 0.0596 508 211 765 442 3 0.0595 256 124 512 372 0 0.0595 457 135 711 377 8 0.0593 180 515 417 761 7 0.0593 298 785 553 1006 0 0.0593 508 208 763 448 8 0.0591 330 200 569 443 5 0.0589 500 200 761 443 5 0.0588 111 330 375 580 5 0.0588 389 60 635 296 5 0.0588 183 400 442 635 11 0.0586 390 69 639 297 8 0.0585 195 186 432 430 5 0.0585 241 328 512 566 8 0.0584 116 328 372 583 2 0.0583 449 271 705 508 0 0.0583 249 61 507 308 7 0.0581 119 395 375 641 0 0.0580 192 122 441 369 5 0.0580 509 66 760 305 5 0.0580 496 0 775 180 6 0.0578 385 125 652 367 10 0.0578 388 72 642 299 0 0.0578 391 70 640 298 11 0.0577 240 335 518 568 13 0.0577 385 127 655 367 11 0.0576 459 136 711 371 7 0.0575 199 186 444 429 8 0.0575 247 0 504 247 2 0.0573 248 270 514 505 8 0.0573 249 264 502 512 3 0.0572 462 74 706 308 7 0.0572 516 260 767 509 3 0.0572 385 127 648 371 2 0.0570 253 129 509 366 8 0.0570 382 0 632 239 7 0.0568 192 335 446 566 5 0.0568 46 532 308 772 5 0.0567 324 197 579 438 6 0.0566 196 266 449 503 13 0.0565 459 73 710 301 0 0.0564 446 267 704 511 11 0.0564 497 0 778 183 0 0.0563 501 3 776 183 5 0.0561 564 267 825 510 6 0.0561 127 463 369 699 11 0.0558 568 276 831 504 8 0.0558 49 538 299 768 13 0.0557 324 61 583 299 8 0.0557 457 73 700 301 6 0.0556 326 63 579 299 13 0.0554 136 263 398 510 6 0.0554 512 203 765 442 13 0.0554 195 338 450 571 13 0.0554 257 125 521 369 7 0.0552 186 519 427 761 3 0.0551 516 143 764 383 3 0.0551 505 1 778 189 3 0.0551 327 63 575 304
5rNvnOKpQYFxk6M10muJRhHoKurHyrwe,6 0.0579 241 458 505 699 11 0.0571 268 473 633 659 11 0.0570 386 542 771 723 0 0.0569 190 352 433 582 8 0.0567 243 460 495 701 8 0.0561 222 412 560 596 5 0.0560 235 455 501 697 0 0.0556 456 538 842 722 6 0.0554 191 350 440 581 8 0.0551 303 541 560 779 7 0.0551 245 455 505 700 0 0.0541 392 489 753 667 5 0.0540 448 535 828 721 3 0.0537 241 461 499 706 0 0.0525 344 413 707 594 11 0.0522 298 543 569 779 5 0.0516 202 409 568 596 8 0.0511 400 491 743 665 3 0.0511 295 408 645 598 7 0.0508 218 409 577 597 0 0.0507 241 455 504 702 8 0.0507 244 600 491 845 11 0.0505 360 618 639 860 3 0.0504 316 536 685 729 13 0.0503 404 490 761 667 13 0.0502 369 550 637 796
7cKUgEvdgUlx0n34Q9C8icJdHTgKNXiX,11 0.0611 368 589 625 824 8 0.0591 290 664 545 903 11 0.0590 288 667 550 899 5 0.0589 236 658 499 894 0 0.0589 369 591 626 832 0 0.0584 239 658 504 899 3 0.0575 292 666 550 908 7 0.0571 242 662 510 897 8 0.0567 369 586 617 828 7 0.0552 373 586 629 829 13 0.0550 293 662 558 905 11 0.0547 194 415 569 600 3 0.0538 371 590 625 833 6 0.0537 308 591 564 825 5 0.0537 301 587 557 827 11 0.0536 316 515 566 766 10 0.0534 366 590 623 827 10 0.0530 238 662 506 897 0 0.0519 521 613 775 862 2 0.0511 370 592 625 829 11 0.0502 513 614 776 855
rXFbvgftwMAFpFK3DbYq8nXYo2wQXifn,8 0.0560 299 722 548 953 11 0.0526 298 728 553 952 5 0.0517 300 455 576 707 8 0.0514 446 34 771 213 11 0.0511 303 464 575 704 6 0.0508 309 466 586 707 11 0.0501 314 363 596 579
NkJqefjh2OkaXQKZe9oiiMOtqfm8gmem,5 0.0571 244 573 501 819 0 0.0560 247 576 503 824 8 0.0555 246 576 498 819 11 0.0539 246 580 504 821 3 0.0536 250 579 500 827 7 0.0529 249 574 506 819 8 0.0507 389 338 622 573 13 0.0505 251 581 511 824 8 0.0504 444 280 701 515
sxLlVtNlIMnEpXtmJygfcp0aQiDWBg2h,11 0.0588 125 785 381 1004 8 0.0560 126 781 372 1006 7 0.0538 179 581 433 831 7 0.0537 116 520 373 767 8 0.0534 172 582 424 830 0 0.0532 124 782 379 1009 7 0.0525 133 780 379 1011 11 0.0523 174 592 430 829 8 0.0513 257 522 496 761 7 0.0510 253 790 501 1010 5 0.0507 127 775 367 1007 5 0.0503 104 513 363 769 11 0.0502 252 526 507 758 5 0.0501 172 578 431 829
WprRKTb15j7g228BRrMHFGQqCL4GOEXZ,11 0.0643 445 472 701 709 11 0.0619 429 603 689 829 5 0.0590 498 528 761 777 11 0.0585 500 534 763 774 6 0.0581 518 472 776 724 8 0.0578 446 473 698 714 0 0.0576 516 473 775 726 11 0.0567 568 654 824 889 7 0.0564 396 609 761 795 8 0.0555 574 653 816 894 8 0.0555 503 534 760 778 11 0.0553 278 354 645 539 3 0.0552 451 473 703 716 11 0.0547 363 667 619 895 2 0.0546 519 478 777 721 11 0.0545 269 489 615 664 13 0.0544 505 533 771 778 6 0.0541 576 652 823 895 0 0.0540 490 598 742 839 6 0.0538 440 531 702 764 0 0.0534 435 530 700 765 5 0.0531 571 646 818 894 7 0.0531 560 720 820 962 11 0.0531 202 421 568 594 7 0.0530 437 666 697 905 5 0.0527 364 513 631 754 8 0.0526 272 491 604 664 10 0.0526 432 533 700 765 11 0.0524 384 264 652 489 2 0.0523 437 533 702 763 8 0.0520 324 329 572 559 7 0.0519 520 468 779 726 0 0.0518 571 649 823 896 3 0.0518 436 603 691 841 8 0.0516 390 264 645 490 11 0.0514 448 81 701 311 3 0.0510 506 537 765 784 2 0.0510 490 603 750 834 7 0.0510 290 352 650 541 6 0.0506 379 587 633 823 9 0.0505 443 471 701 709 3 0.0504 372 524 631 763 11 0.0503 305 196 569 422 5 0.0503 424 653 690 897 10 0.0503 513 475 775 723
BY6pvUCiMzzQhGGywy11Cv37XUIylDcD,11 0.0604 195 467 460 705 5 0.0567 191 461 453 703 0 0.0565 200 465 455 710 11 0.0563 252 579 502 823 7 0.0550 253 579 502 827 5 0.0544 492 472 761 724 5 0.0544 247 569 494 820 8 0.0543 255 579 492 824 10 0.0541 249 586 500 825 8 0.0537 198 463 449 707 0 0.0537 256 577 497 826 6 0.0532 199 464 460 704 5 0.0532 235 193 506 415 0 0.0528 187 653 441 893 7 0.0527 500 483 770 729 7 0.0521 187 653 443 894 5 0.0520 181 649 435 887 3 0.0518 202 465 454 713 11 0.0512 491 488 768 724 10 0.0511 180 660 440 892 2 0.0503 200 472 459 710
KoYlAFesV81WDKTyDdNfwTO8NvIiMiWg,11 0.0657 243 665 508 904 11 0.0641 314 723 576 964 5 0.0627 303 658 562 904 0 0.0624 310 589 557 830 3 0.0615 315 591 560 836 8 0.0614 247 662 505 907 6 0.0612 316 593 559 828 7 0.0610 250 662 514 907 0 0.0609 246 657 511 907 7 0.0596 314 590 563 834 13 0.0595 317 591 563 829 11 0.0590 310 593 558 832 5 0.0585 385 574 633 817 3 0.0583 248 663 512 910 6 0.0577 250 660 513 904 8 0.0573 311 590 551 833 13 0.0561 253 662 517 906 7 0.0555 319 719 585 965 11 0.0550 458 518 696 755 8 0.0549 462 516 689 755 6 0.0547 317 720 579 963 5 0.0545 362 786 629 1019 0 0.0544 369 790 640 1023 2 0.0540 312 592 560 828 3 0.0534 317 721 578 968 10 0.0531 310 722 581 963 10 0.0529 311 593 560 829 13 0.0527 373 792 646 1023 7 0.0525 465 515 706 759 1 0.0516 242 658 508 909 2 0.0514 248 664 511 905 10 0.0514 243 663 511 904 0 0.0508 461 521 698 755 9 0.0506 388 577 630 816 9 0.0501 245 660 507 899
lIa7xVM68ByeCCNBbcAgrloIsUulXpqc,11 0.0546 438 673 704 892 8 0.0543 127 671 363 920 5 0.0533 376 660 641 891 0 0.0532 382 666 640 895 8 0.0529 1 674 236 906 0 0.0524 124 677 372 924 0 0.0519 453 599 707 839 0 0.0518 251 0 501 222 7 0.0515 381 663 643 897 8 0.0513 682 121 928 374
RlEdfXrR0RrvEqnB2snG4gwNVt2ZUlq8,8 0.0656 9 675 370 851 11 0.0635 64 661 326 901 0 0.0623 0 533 250 792 0 0.0619 63 659 324 906 5 0.0611 63 657 318 900 7 0.0610 67 659 326 903 8 0.0604 4 529 242 785 11 0.0601 0 536 249 783 11 0.0591 122 600 385 836 0 0.0589 388 390 643 628 8 0.0574 113 0 353 206 3 0.0572 11 677 380 854 11 0.0566 257 583 516 813 13 0.0563 68 660 327 900 10 0.0563 65 663 323 901 5 0.0561 0 528 244 786 2 0.0560 67 665 323 900 7 0.0559 389 393 642 624 8 0.0559 388 396 631 627 6 0.0558 8 678 387 852 11 0.0557 375 549 639 772 0 0.0556 256 581 519 818 3 0.0553 8 530 252 790 11 0.0551 383 396 639 620 6 0.0549 2 530 255 785 7 0.0540 266 580 522 816 7 0.0538 4 530 252 787 12 0.0537 10 676 380 855 7 0.0534 383 547 645 778 8 0.0531 379 549 632 777 10 0.0531 2 535 248 787 7 0.0529 127 599 390 841 8 0.0527 263 581 513 816 2 0.0525 2 538 250 785 13 0.0521 265 581 525 817 10 0.0519 260 588 520 816 5 0.0519 258 577 511 814 13 0.0514 3 533 252 789 8 0.0513 741 0 998 203 11 0.0513 739 0 1011 202 9 0.0513 0 680 380 850 6 0.0510 115 3 365 204 5 0.0510 373 543 635 774 0 0.0509 375 547 643 781 13 0.0508 381 548 644 775 1 0.0507 2 675 375 856 5 0.0507 733 0 1005 205 0 0.0500 110 0 359 211
VpzsF4J7ONOGBf219esKrOcempVy53yG,5 0.0612 109 459 368 696 8 0.0589 117 459 363 702 11 0.0581 112 465 375 697 0 0.0575 117 462 368 701 6 0.0558 120 461 376 699 13 0.0558 118 467 379 702 5 0.0547 179 378 440 614 7 0.0537 118 459 373 698 10 0.0534 111 469 369 698 0 0.0534 183 383 443 617 11 0.0525 180 388 451 611 7 0.0523 187 380 446 618 8 0.0519 184 383 433 617 3 0.0506 114 464 372 706
5coDGQ9b7utAUMRfYdQSbNyy50Z3kT5v,8 0.0618 240 662 500 887 5 0.0611 170 643 429 878 3 0.0572 238 662 506 895 11 0.0567 234 660 506 882 0 0.0560 238 661 509 890 6 0.0557 240 660 507 883 7 0.0555 120 594 380 835 11 0.0554 117 601 377 829 8 0.0554 121 599 372 836 0 0.0537 19 618 384 793 0 0.0536 356 658 633 882 10 0.0536 172 652 436 877 6 0.0529 124 596 380 830 3 0.0527 122 602 376 840 6 0.0526 633 339 877 571 6 0.0522 360 660 632 876 2 0.0521 243 663 505 890 8 0.0519 357 658 624 880 5 0.0517 351 653 628 877 13 0.0512 243 661 510 889 13 0.0510 23 617 397 795 5 0.0506 622 335 869 574 8 0.0502 627 338 864 576
MOTNyeq6Y1QpV7NVROWLA11ynSTdOmtk,5 0.0647 242 267 501 499 5 0.0643 472 287 819 476 8 0.0629 503 332 762 582 5 0.0607 174 329 431 562 11 0.0592 445 206 703 440 11 0.0586 509 270 763 502 3 0.0584 508 334 766 584 0 0.0581 508 271 763 509 6 0.0579 248 344 509 566 3 0.0568 446 85 704 321 6 0.0567 486 292 828 478 11 0.0565 247 272 504 500 0 0.0563 503 91 756 324 8 0.0563 509 464 759 707 6 0.0563 449 205 704 444 7 0.0562 445 202 705 442 8 0.0562 440 199 695 445 5 0.0561 498 84 752 320 6 0.0560 446 84 703 316 8 0.0559 373 1 640 199 7 0.0559 512 266 767 505 3 0.0559 442 0 703 201 3 0.0558 249 274 504 507 0 0.0558 246 273 509 504 3 0.0552 444 204 705 449 13 0.0548 511 211 769 447 13 0.0545 507 336 772 581 11 0.0542 441 87 703 312 11 0.0540 367 670 626 888 2 0.0540 507 275 765 505 0 0.0537 180 342 437 569 0 0.0537 443 207 700 444 0 0.0532 431 24 704 256 5 0.0532 307 86 576 318 7 0.0532 503 17 762 258 8 0.0530 249 272 498 503 7 0.0530 244 339 499 568 5 0.0530 177 197 430 421 6 0.0528 506 19 765 259 3 0.0528 556 151 823 393 3 0.0527 310 0 582 207 13 0.0523 248 343 508 574 9 0.0522 438 209 701 437 11 0.0522 436 2 704 195 8 0.0521 505 89 747 323 0 0.0521 180 202 438 427 6 0.0519 253 211 506 435 5 0.0518 430 0 699 196 2 0.0516 443 213 701 440 6 0.0515 307 0 584 201 11 0.0513 572 0 829 198 0 0.0512 572 22 821 262 6 0.0512 559 148 826 385 2 0.0510 247 347 495 570 11 0.0509 555 149 824 381 10 0.0508 249 217 503 435 10 0.0508 242 347 501 567 1 0.0508 237 339 499 571 7 0.0508 250 203 505 435 6 0.0507 317 92 586 320 13 0.0506 440 0 709 197 8 0.0505 364 94 631 316 13 0.0505 504 466 775 713 13 0.0505 373 92 648 315 10 0.0502 435 24 707 254 8 0.0502 179 339 427 567 11 0.0502 311 96 587 321 8 0.0501 182 199 423 426
GodWcfE3eD9Ef1WWCpn0FIHF34GS2FP6,0 0.0647 326 0 700 152 3 0.0609 373 0 641 191 7 0.0606 375 0 641 185 11 0.0604 324 1 704 151 8 0.0600 513 535 762 776 7 0.0599 438 462 708 700 13 0.0599 374 0 645 185 5 0.0598 251 189 511 427 11 0.0597 434 464 705 696 0 0.0587 436 459 703 702 8 0.0587 374 0 632 186 6 0.0586 438 461 709 696 5 0.0586 366 0 640 186 5 0.0585 430 458 704 695 5 0.0585 368 394 626 635 6 0.0584 375 1 644 185 8 0.0582 436 462 696 697 11 0.0581 511 533 767 772 11 0.0580 305 15 570 265 0 0.0578 311 9 571 266 0 0.0567 509 532 769 783 11 0.0563 271 353 630 538 6 0.0563 286 354 638 538 10 0.0559 381 339 627 571 10 0.0553 430 463 705 697 13 0.0552 517 535 774 775 13 0.0549 437 463 711 700 2 0.0547 265 2 632 149 10 0.0544 512 535 770 773 3 0.0542 270 143 531 381 2 0.0541 437 467 708 698 9 0.0538 257 0 633 146 7 0.0537 515 530 773 777 8 0.0533 263 82 506 303 7 0.0530 284 351 638 541 5 0.0529 253 77 516 300 11 0.0526 266 142 533 372 8 0.0525 371 397 620 633 0 0.0525 374 392 627 636 13 0.0525 385 334 633 577 10 0.0524 372 3 640 183 9 0.0523 372 397 629 632 7 0.0523 274 138 528 374 3 0.0520 438 461 708 703 6 0.0520 516 533 773 777 12 0.0519 264 0 633 148 11 0.0519 654 394 917 635 13 0.0519 261 76 522 306 2 0.0515 375 401 628 637 9 0.0514 432 462 704 694 0 0.0514 267 137 527 378 1 0.0512 367 0 634 189 5 0.0512 633 257 900 493 6 0.0511 274 140 530 375 4 0.0510 370 4 643 187 7 0.0506 379 398 631 634 12 0.0503 437 459 706 699 11 0.0502 373 397 628 632 5 0.0501 655 389 916 633 3 0.0500 518 534 772 784
OPAvThbcr3LIzPpCx0WjvbUxMqHFHfw1,7 0.0543 513 396 750 625 5 0.0528 504 393 741 624 11 0.0524 505 398 746 626 0 0.0518 512 407 746 628 11 0.0517 371 397 641 633 3 0.0501 390 337 640 591
YWmGGQQcuHMAh0NTI0GBLPhnRXxfrggt,8 0.0702 182 788 418 1023 7 0.0662 248 654 500 898 0 0.0658 182 656 432 894 0 0.0653 179 790 421 1023 7 0.0652 184 790 423 1023 5 0.0651 177 716 421 956 8 0.0645 186 657 428 892 11 0.0635 181 791 420 1020 7 0.0633 583 788 825 1023 11 0.0627 245 656 500 897 5 0.0605 244 652 495 898 0 0.0603 50 0 314 203 5 0.0599 573 790 816 1020 6 0.0597 183 720 428 956 6 0.0592 52 2 319 199 13 0.0587 183 791 426 1023 8 0.0586 53 0 309 198 6 0.0586 247 658 500 898 3 0.0583 185 719 426 961 5 0.0580 110 0 370 198 10 0.0577 176 723 426 956 13 0.0570 186 657 438 892 9 0.0570 180 791 421 1022 3 0.0568 249 656 498 906 8 0.0565 578 790 813 1022 10 0.0561 243 660 497 896 2 0.0560 182 795 421 1023 11 0.0558 579 792 822 1020 12 0.0551 185 788 419 1023 11 0.0548 50 2 317 197 6 0.0548 582 796 822 1023 0 0.0546 576 791 821 1023 8 0.0535 206 100 550 274 3 0.0530 117 0 375 205 13 0.0526 581 796 824 1023 2 0.0520 248 662 499 902 13 0.0519 56 0 325 202 1 0.0518 179 714 424 955 5 0.0518 0 25 245 265 3 0.0512 580 792 823 1023 1 0.0508 245 652 498 898 10 0.0502 49 6 316 199 7 0.0501 54 0 316 198
lWUYknH0NHL7bcLH3fe105t7Rbkdmi9t,0 0.0667 511 525 759 774 7 0.0663 387 469 635 708 0 0.0660 380 530 635 777 11 0.0655 374 662 638 898 7 0.0651 386 601 640 843 5 0.0650 518 456 762 706 11 0.0637 316 734 583 963 0 0.0635 391 402 635 639 5 0.0634 455 400 696 639 11 0.0630 461 409 702 639 8 0.0629 453 532 690 778 7 0.0625 521 458 767 707 11 0.0625 449 533 697 779 7 0.0625 453 531 697 783 11 0.0623 499 655 762 904 3 0.0619 387 471 634 713 7 0.0611 464 405 706 640 8 0.0608 462 408 695 641 0 0.0607 440 646 704 907 5 0.0606 435 769 687 1004 5 0.0603 445 528 694 778 3 0.0602 453 532 698 785 11 0.0602 520 462 767 708 13 0.0600 388 534 642 776 7 0.0599 443 771 692 1012 8 0.0598 387 473 625 705 8 0.0596 383 601 630 840 5 0.0594 380 462 629 704 8 0.0594 522 458 759 706 3 0.0588 525 461 767 714 2 0.0586 463 416 704 644 5 0.0586 377 596 635 840 11 0.0585 386 471 633 706 10 0.0584 450 534 695 780 6 0.0583 384 600 643 838 13 0.0582 376 778 639 1014 0 0.0581 88 686 459 865 2 0.0576 451 537 697 780 13 0.0574 446 651 704 906 10 0.0574 318 736 580 965 8 0.0573 87 685 453 864 3 0.0571 464 407 704 648 3 0.0570 384 597 636 844 11 0.0569 503 784 751 1010 0 0.0568 369 774 633 1014 8 0.0568 319 730 570 967 6 0.0567 515 529 762 769 13 0.0567 394 405 643 635 8 0.0565 572 659 818 921 10 0.0564 381 604 634 839 2 0.0560 522 465 769 711 5 0.0558 209 659 571 845 13 0.0554 516 525 762 773 3 0.0554 446 769 689 1012 5 0.0552 321 269 586 495 11 0.0552 323 272 595 495 2 0.0550 386 476 631 709 8 0.0547 508 784 743 1015 6 0.0546 218 663 586 846 11 0.0542 87 687 461 860 0 0.0542 326 277 593 499 0 0.0542 572 663 827 921 6 0.0541 386 716 648 951 13 0.0541 221 665 588 849 2 0.0537 452 721 702 951 5 0.0535 315 727 576 964 10 0.0535 214 669 577 846 3 0.0533 221 661 579 852 8 0.0531 162 787 420 1023 10 0.0530 520 464 764 710 7 0.0527 219 663 583 849 13 0.0525 576 671 834 920 10 0.0525 384 471 630 707 7 0.0523 252 725 502 961 9 0.0522 512 529 760 769 5 0.0521 158 786 423 1020
dvx8K50wZhS4DVJijIeWN37WELeqC9Ys,11 0.0549 514 3 874 155 5 0.0540 514 0 872 154 11 0.0530 367 670 624 886 13 0.0520 524 1 884 156 7 0.0519 527 0 881 157 11 0.0517 180 669 438 900 10 0.0515 521 2 872 156 8 0.0512 522 0 871 155 7 0.0511 188 664 443 902
GwlSEpt9SoQXL3nYvS44f0UP9fUQrEqD,11 0.0627 435 463 709 697 8 0.0598 440 464 700 706 11 0.0595 569 468 825 698 0 0.0594 380 523 644 774 5 0.0592 432 452 707 705 7 0.0585 330 463 571 705 7 0.0582 380 280 638 512 11 0.0580 321 467 569 701 5 0.0569 247 641 514 887 8 0.0569 572 466 812 709 11 0.0567 376 528 645 764 0 0.0566 502 275 764 509 11 0.0566 373 283 638 507 5 0.0565 559 336 821 570 11 0.0564 560 338 826 563 3 0.0563 440 457 708 708 0 0.0563 438 460 711 707 5 0.0563 563 459 816 706 8 0.0558 445 278 694 516 8 0.0558 382 532 635 770 0 0.0553 374 277 634 512 0 0.0553 563 338 824 573 0 0.0552 327 464 569 707 8 0.0552 327 467 560 703 5 0.0549 321 460 568 700 13 0.0549 378 283 640 515 11 0.0549 504 277 766 501 3 0.0547 376 281 634 516 13 0.0543 386 460 647 701 6 0.0542 731 270 977 504 7 0.0542 386 527 653 768 8 0.0539 370 211 635 444 11 0.0539 238 407 502 633 7 0.0536 442 460 714 701 11 0.0533 248 647 518 887 7 0.0531 504 274 766 507 5 0.0529 362 208 643 440 6 0.0528 567 339 824 571 0 0.0528 605 470 937 670 5 0.0526 500 274 759 506 8 0.0524 561 337 816 570 6 0.0524 509 279 766 507 10 0.0524 559 343 819 562 6 0.0523 341 596 603 837 7 0.0521 563 338 826 567 8 0.0519 252 651 511 891 6 0.0518 575 466 827 701 0 0.0516 650 208 889 455 3 0.0516 325 469 570 707 3 0.0515 450 218 711 454 7 0.0512 256 790 510 1021 0 0.0512 728 271 969 510 10 0.0511 500 281 762 503 3 0.0511 382 527 644 773 13 0.0510 504 280 772 512 6 0.0509 442 462 714 702 6 0.0508 254 650 523 888 10 0.0508 568 473 824 701 5 0.0507 330 590 594 835 0 0.0507 250 649 520 893 7 0.0504 319 204 584 442 3 0.0501 573 462 825 714 0 0.0500 313 204 579 443
X5OfpDZqN4agNQxt1ONHpVO6Gl5OAop8,8 0.0587 514 332 776 576 3 0.0575 519 333 780 582 11 0.0566 315 5 584 237 11 0.0556 576 338 839 575 0 0.0539 514 333 783 575 8 0.0536 149 0 503 147 6 0.0530 519 327 786 573 11 0.0528 320 136 585 368 11 0.0522 142 0 520 144 5 0.0520 574 332 831 573 8 0.0517 324 0 576 239 8 0.0504 328 134 572 368 8 0.0503 581 399 838 634 13 0.0502 518 330 786 574 11 0.0502 179 18 450 261
jVMMhlBM0EkenVpStB0wdOvdrN26369X,7 0.0518 766 651 1023 879 11 0.0502 761 653 1023 876
k3rxlg7SQX91hGH2tKL5p8xd2h08pxj5,13 0.0569 622 13 884 244 7 0.0542 168 785 434 1019 5 0.0531 548 0 833 198 11 0.0525 554 2 837 202 0 0.0522 188 2 455 253 5 0.0521 158 783 424 1011 11 0.0520 163 791 425 1015 0 0.0515 319 0 578 228 10 0.0509 557 4 838 204 7 0.0505 229 733 500 955 8 0.0503 554 0 823 203 7 0.0502 375 288 654 504 7 0.0501 187 0 463 248
3D2DjGx7y6ey0VWIdomxMx2pgebHtkU3,8 0.0618 368 277 612 505 0 0.0612 440 214 687 446 6 0.0605 444 212 689 443 8 0.0599 440 212 677 443 5 0.0596 236 191 497 435 11 0.0589 507 339 753 578 0 0.0589 509 338 748 578 3 0.0586 444 280 679 517 5 0.0583 306 124 565 384 11 0.0580 436 216 686 445 8 0.0577 442 337 681 577 5 0.0576 361 271 615 500 5 0.0561 436 208 680 439 11 0.0558 361 280 623 503 8 0.0558 300 388 552 626 0 0.0555 368 276 617 503 0 0.0554 438 400 691 648 5 0.0552 293 385 556 626 0 0.0548 314 129 565 388 6 0.0546 443 341 695 580 11 0.0545 439 404 696 643 6 0.0543 320 136 571 386 10 0.0543 440 218 688 442 6 0.0542 435 452 699 700 3 0.0542 442 400 692 652 6 0.0541 371 275 619 506 5 0.0535 501 334 747 574 3 0.0534 511 335 748 584 3 0.0534 299 389 560 634 5 0.0534 234 445 497 698 7 0.0534 444 280 684 512 6 0.0533 247 199 507 434 13 0.0530 368 276 623 504 11 0.0525 243 201 503 434 8 0.0522 432 447 686 699 13 0.0519 440 214 687 441 0 0.0518 242 196 503 434 8 0.0517 316 134 555 381 11 0.0516 425 535 690 769 0 0.0515 298 388 561 630 3 0.0512 317 136 565 394 8 0.0511 247 198 493 434 7 0.0510 249 195 506 433 0 0.0507 425 533 690 776 10 0.0506 368 280 623 502 11 0.0504 368 661 628 879 6 0.0504 188 514 454 757 3 0.0503 243 200 501 442 7 0.0501 249 387 512 633
Vs9d5IIlUQjXfA1ucJy1QCHsvqUdQ1wy,11 0.0575 237 7 511 256 13 0.0556 241 10 518 258 11 0.0532 306 77 568 310 10 0.0532 237 19 512 254 0 0.0530 241 8 509 257 5 0.0522 232 5 510 254 3 0.0518 243 10 517 260 13 0.0515 312 77 576 314 8 0.0513 243 9 504 258 7 0.0511 242 8 515 258 2 0.0509 238 16 513 260 9 0.0507 235 5 511 250
Cv4ojoNVIhlKwvSxTJv1Vg4va6HbAEAz,0 0.0646 298 718 571 965 11 0.0645 259 595 508 832 8 0.0639 264 594 504 833 0 0.0638 261 593 508 835 8 0.0621 269 733 612 912 11 0.0617 262 736 619 910 7 0.0609 301 721 577 961 7 0.0606 267 590 509 835 5 0.0600 292 720 568 959 11 0.0587 178 788 432 1022 5 0.0587 261 591 503 835 5 0.0581 175 786 432 1019 0 0.0581 188 717 450 965 7 0.0579 180 787 437 1023 8 0.0566 184 786 426 1022 3 0.0558 270 733 619 914 13 0.0554 183 792 441 1023 6 0.0552 270 735 624 911 8 0.0547 122 723 372 959 6 0.0546 264 595 511 833 13 0.0543 268 594 514 836 13 0.0537 273 734 627 913 10 0.0532 262 596 507 833 10 0.0532 261 735 618 911 3 0.0527 198 595 438 837 11 0.0527 114 723 382 956 2 0.0518 266 599 510 834 6 0.0517 184 791 436 1021 11 0.0513 301 335 575 567 3 0.0511 184 788 434 1023 2 0.0507 181 794 435 1023 10 0.0503 177 788 429 1023 0 0.0503 120 785 371 1022 1 0.0501 259 586 510 836 5 0.0501 116 718 376 956
m9fCssNfCEdsHN4niakSzU5Mhatngekx,7 0.0694 141 788 381 1023 5 0.0652 134 786 373 1022 0 0.0644 633 0 894 193 8 0.0643 141 788 372 1021 6 0.0626 634 1 901 190 6 0.0617 141 789 378 1020 11 0.0608 137 789 378 1019 5 0.0607 626 0 894 188 11 0.0602 627 0 899 188 8 0.0593 508 798 748 1021 8 0.0585 636 0 891 187 5 0.0581 505 798 750 1017 0 0.0580 136 787 375 1021 3 0.0563 143 789 379 1023 13 0.0558 139 791 383 1022 9 0.0555 138 791 377 1020 11 0.0553 510 800 756 1018 10 0.0553 136 791 376 1021 3 0.0540 632 2 897 194 2 0.0528 141 794 375 1023 13 0.0522 633 0 906 189 7 0.0520 516 801 764 1023 10 0.0519 629 6 893 189 2 0.0514 633 2 899 191 7 0.0511 569 0 837 192
kohdOeMR6rXH2a1Ut3XcmTnLtv0qBtnT,5 0.0582 572 277 810 515 0 0.0571 265 737 625 917 5 0.0531 192 468 446 709 8 0.0523 574 278 814 513 0 0.0521 577 281 820 514 7 0.0505 198 473 458 717 5 0.0503 239 138 512 389 7 0.0503 248 140 523 389 0 0.0501 255 71 516 320
Goa5LtvHdee9smXzN2jzfjHOHjpsU8X6,11 0.0598 511 601 766 837 5 0.0593 451 588 693 828 0 0.0585 511 601 764 845 8 0.0582 446 523 694 764 11 0.0574 448 526 702 759 0 0.0571 381 599 629 844 5 0.0569 493 722 749 968 8 0.0566 493 665 758 907 11 0.0561 381 603 633 837 7 0.0561 515 600 763 842 0 0.0557 447 522 701 766 7 0.0556 384 600 633 842 13 0.0549 385 599 636 842 0 0.0547 568 671 835 908 11 0.0545 564 674 834 900 7 0.0545 451 522 702 765 11 0.0545 435 667 703 901 8 0.0542 386 598 625 839 6 0.0540 400 737 774 919 0 0.0539 437 662 700 908 3 0.0534 516 602 762 846 10 0.0534 513 604 763 839 7 0.0533 402 736 777 916 13 0.0531 514 600 767 842 6 0.0531 571 673 837 905 5 0.0528 373 661 631 906 13 0.0527 449 522 706 764 8 0.0527 576 621 828 857 2 0.0520 453 595 694 827 2 0.0519 496 669 764 904 5 0.0519 566 668 830 904 7 0.0515 575 673 834 906 3 0.0513 388 600 633 846 6 0.0510 387 597 632 841 3 0.0509 452 525 699 769 1 0.0508 490 663 761 904 13 0.0506 442 666 706 908 10 0.0504 450 525 698 763
ip6hP3Zito3WvBLdrQbSeLNR33zpYVwT,7 0.0608 372 780 633 1023 0 0.0605 438 714 689 953 5 0.0594 500 718 759 953 11 0.0590 369 781 625 1022 5 0.0588 363 777 623 1021 11 0.0588 436 717 689 947 8 0.0580 374 777 621 1022 0 0.0570 463 681 812 864 5 0.0563 368 661 618 894 8 0.0559 439 710 680 951 8 0.0554 456 678 800 863 0 0.0553 370 781 628 1023 11 0.0552 0 806 328 981 11 0.0551 458 682 814 862 2 0.0551 506 726 762 953 6 0.0550 341 799 715 985 13 0.0547 376 782 636 1023 3 0.0542 507 720 759 960 10 0.0542 298 782 555 1017 0 0.0540 0 802 329 984 7 0.0540 377 670 627 897 3 0.0536 374 782 626 1023 11 0.0523 370 263 631 505 3 0.0521 376 666 624 904 0 0.0516 369 336 624 583 11 0.0513 389 354 763 533 10 0.0512 437 718 688 952 5 0.0511 0 797 320 982 13 0.0508 445 712 693 953 11 0.0506 302 343 577 585 7 0.0503 563 727 829 956 2 0.0502 371 785 627 1023 11 0.0501 560 735 826 952 6 0.0500 463 679 822 861
owceQe83JsZniwedGArzOLUwNGFru97T,7 0.0654 176 791 426 1023 8 0.0652 124 784 362 1023 5 0.0652 181 711 433 963 0 0.0638 186 711 433 970 7 0.0631 125 715 373 962 5 0.0615 119 786 363 1019 11 0.0607 180 714 437 963 0 0.0598 121 786 365 1023 11 0.0596 122 788 366 1019 6 0.0588 185 716 439 967 10 0.0579 121 719 371 957 6 0.0573 125 790 367 1023 13 0.0571 124 789 372 1023 8 0.0571 183 712 434 965 3 0.0553 187 711 435 971 2 0.0548 122 791 367 1023 13 0.0545 186 714 441 966 10 0.0534 177 797 425 1022 9 0.0523 175 795 424 1021 2 0.0523 183 716 436 968 12 0.0523 187 712 436 967 3 0.0514 127 788 366 1023
GdOTizND024c3Xj5GsTxX5LdRztJD0hv,11 0.0596 306 531 568 771 8 0.0595 320 330 577 573 11 0.0591 311 332 586 570 5 0.0588 308 263 581 501 8 0.0585 257 401 502 646 0 0.0583 315 265 579 506 0 0.0578 362 602 633 831 11 0.0568 247 404 507 645 11 0.0568 358 599 638 831 11 0.0564 579 403 832 643 8 0.0559 574 333 808 563 6 0.0558 379 396 630 630 11 0.0554 437 404 690 637 10 0.0554 314 337 585 569 0 0.0553 508 343 758 563 7 0.0546 374 334 637 565 11 0.0542 303 668 580 897 0 0.0540 580 402 833 643 7 0.0540 443 400 697 640 0 0.0536 313 531 565 774 3 0.0536 585 398 832 646 13 0.0532 371 335 636 566 5 0.0531 305 583 568 825 7 0.0526 364 595 641 832 7 0.0526 511 341 760 563 7 0.0524 318 399 569 641 0 0.0523 439 401 689 641 8 0.0522 307 598 565 827 5 0.0521 311 393 563 639 5 0.0521 503 339 755 563 6 0.0521 316 269 584 501 0 0.0520 376 333 631 567 13 0.0520 510 343 763 562 7 0.0519 587 397 838 643 3 0.0515 378 337 636 568 3 0.0515 319 267 582 510 7 0.0513 268 601 518 837 6 0.0513 255 403 509 645 10 0.0511 368 541 637 765 7 0.0510 312 266 583 505 10 0.0506 250 409 510 642 10 0.0504 581 409 832 641 0 0.0503 324 396 565 644 6 0.0503 513 344 762 565 9 0.0503 371 335 632 559 3 0.0502 440 402 691 646 11 0.0502 506 347 761 564
sdrOZrKo9tvVXLvOpsTRgtDWWh5GkHLV,5 0.0648 522 328 761 567 0 0.0641 380 329 639 576 11 0.0635 457 334 707 582 7 0.0632 458 332 706 583 13 0.0621 389 405 647 652 5 0.0621 379 401 638 649 11 0.0618 588 325 821 578 0 0.0603 388 470 646 725 0 0.0596 447 406 702 656 11 0.0590 513 402 762 647 11 0.0586 382 407 637 650 0 0.0581 70 613 333 857 7 0.0579 385 409 639 654 6 0.0579 460 335 714 584 2 0.0578 384 334 640 574 8 0.0577 383 327 634 576 0 0.0566 591 327 819 576 8 0.0563 6 603 254 839 7 0.0562 515 403 765 646 0 0.0561 178 521 438 757 0 0.0560 470 280 720 525 5 0.0559 565 453 833 710 3 0.0555 389 330 639 579 6 0.0550 385 408 645 653 11 0.0549 523 277 767 502 5 0.0547 175 516 432 746 2 0.0543 449 413 709 656 8 0.0543 451 408 693 656 5 0.0538 111 610 384 842 10 0.0535 382 332 638 573 11 0.0533 246 518 519 758 13 0.0532 521 403 767 648 7 0.0530 590 319 824 574 10 0.0530 245 525 513 758 6 0.0529 71 613 341 853 11 0.0528 567 460 841 711 13 0.0527 465 333 712 581 8 0.0525 531 330 760 570 12 0.0525 386 328 638 575 6 0.0522 515 405 772 646 7 0.0522 523 273 765 506 7 0.0521 248 514 516 761 6 0.0519 594 323 827 571 11 0.0519 861 392 1023 765 9 0.0518 378 331 639 567 5 0.0517 0 605 255 841 2 0.0515 470 286 725 524 0 0.0512 648 467 887 722 3 0.0512 471 280 721 530 11 0.0508 1 610 260 839 2 0.0506 324 470 577 702 3 0.0506 327 464 575 707 10 0.0503 5 609 256 842 6 0.0503 250 517 520 757 5 0.0502 233 573 505 808 8 0.0500 326 465 564 702
E1C68t4ATTfY7x33YEOb2H8eXds1dscr,8 0.0615 269 0 618 145 8 0.0604 323 520 561 766 5 0.0604 316 518 563 767 11 0.0598 314 400 570 633 11 0.0590 266 0 628 146 8 0.0588 253 400 504 652 0 0.0584 268 0 625 148 5 0.0577 264 0 616 144 5 0.0571 314 394 569 636 13 0.0571 321 455 583 709 3 0.0565 318 402 572 642 11 0.0562 234 21 513 259 11 0.0561 248 464 511 714 5 0.0549 248 332 505 575 0 0.0548 317 397 573 640 11 0.0547 307 275 584 498 7 0.0545 255 399 511 650 11 0.0545 386 453 644 693 11 0.0544 376 340 638 551 0 0.0544 321 521 567 767 11 0.0538 184 395 443 640 13 0.0535 277 0 629 148 10 0.0535 314 402 573 636 8 0.0534 314 338 570 567 13 0.0534 322 338 584 569 0 0.0534 314 273 585 498 5 0.0532 308 268 585 494 3 0.0531 276 0 624 149 3 0.0531 323 522 566 774 6 0.0528 253 463 517 720 5 0.0526 184 387 440 648 3 0.0526 394 454 647 701 11 0.0525 248 340 506 574 13 0.0525 256 522 521 779 5 0.0524 388 446 644 695 0 0.0520 382 338 641 557 0 0.0517 253 337 509 577 6 0.0517 316 278 585 498 0 0.0516 391 449 647 699 10 0.0516 273 2 627 146 7 0.0514 272 0 627 146 10 0.0513 246 466 515 718 9 0.0513 314 454 578 698 5 0.0512 377 334 635 551 6 0.0510 318 401 576 640 2 0.0510 317 402 570 637 1 0.0509 316 451 577 706 7 0.0507 386 338 643 555 6 0.0507 270 2 633 147 8 0.0505 237 20 501 259 6 0.0503 254 342 509 578 13 0.0501 387 403 641 629
TPaORhJMdDSIDp7BvYAQ4LWXQdaj40tW,11 0.0616 5 542 251 782 0 0.0591 72 601 322 838 8 0.0588 4 542 240 783 11 0.0584 70 602 321 832 11 0.0577 377 524 628 755 8 0.0569 74 600 316 833 11 0.0569 363 663 628 897 0 0.0568 3 542 251 785 7 0.0567 380 462 633 713 11 0.0566 312 462 560 702 7 0.0550 8 541 250 786 11 0.0543 195 595 455 834 5 0.0540 3 536 245 785 8 0.0540 379 467 624 705 2 0.0540 9 550 251 782 5 0.0538 378 597 631 838 5 0.0536 313 450 558 701 13 0.0536 382 466 638 705 11 0.0532 59 479 321 716 0 0.0532 366 661 632 902 8 0.0532 197 592 451 836 3 0.0531 10 543 252 789 7 0.0531 71 600 321 839 5 0.0530 71 595 318 838 10 0.0528 382 605 635 837 5 0.0527 253 595 516 843 13 0.0526 386 603 644 839 3 0.0524 381 469 633 713 6 0.0523 370 659 630 897 6 0.0522 77 603 324 835 13 0.0520 72 604 329 835 7 0.0517 61 472 320 720 0 0.0515 248 668 516 919 10 0.0514 135 603 389 832 8 0.0511 368 661 623 900 10 0.0511 4 548 251 784 0 0.0506 194 594 454 841 7 0.0506 258 597 526 850 7 0.0505 385 602 636 841 3 0.0505 141 596 389 841 0 0.0504 315 456 560 707 0 0.0502 53 478 319 719 0 0.0501 190 455 431 700
Uqx3wsxQE4oC2MB4IoYYQQpujEQr1Tiq,11 0.0619 566 722 840 946 0 0.0608 501 668 761 895 5 0.0595 497 660 760 893 11 0.0594 497 668 764 891 8 0.0593 499 667 754 894 3 0.0590 474 738 824 925 0 0.0589 573 722 843 952 7 0.0583 470 736 827 921 8 0.0568 421 725 681 963 0 0.0568 366 655 641 899 7 0.0564 438 658 703 892 5 0.0554 242 373 510 621 5 0.0551 494 797 764 1021 11 0.0547 497 808 766 1022 0 0.0545 501 808 767 1023 11 0.0543 305 320 564 566 5 0.0541 359 648 636 896 8 0.0539 320 442 579 697 0 0.0538 383 446 642 687 7 0.0533 502 801 775 1023 3 0.0533 503 805 769 1023 6 0.0532 247 443 508 695 11 0.0531 369 659 640 892 8 0.0531 499 805 756 1022 7 0.0531 381 586 648 825 0 0.0529 249 382 514 627 5 0.0528 517 90 762 312 10 0.0526 503 671 765 892 5 0.0524 304 578 573 829 8 0.0522 521 158 753 376 13 0.0521 428 725 698 962 6 0.0520 436 659 706 890 8 0.0515 376 586 635 828 6 0.0514 384 450 646 683 6 0.0512 578 722 842 951 11 0.0512 419 732 691 956 5 0.0511 488 0 756 192 3 0.0511 369 658 641 903 6 0.0509 313 320 569 567 13 0.0509 309 382 583 634 11 0.0508 314 445 588 694 5 0.0505 313 441 584 695 5 0.0505 240 511 503 762 11 0.0505 491 0 756 189 6 0.0501 318 513 585 762
roF7K2YYLMtu19pCRMeyPMR2N627PENT,11 0.0577 171 207 441 448 5 0.0571 310 261 574 500 8 0.0562 238 262 488 502 5 0.0552 332 218 686 411 11 0.0550 315 20 570 250 11 0.0550 383 91 628 311 11 0.0547 314 266 574 500 11 0.0542 339 224 691 411 0 0.0542 233 201 499 443 11 0.0541 316 149 578 370 5 0.0540 165 267 427 511 5 0.0537 310 145 572 367 8 0.0535 442 586 683 815 0 0.0534 319 266 575 504 11 0.0532 435 588 692 815 0 0.0531 177 277 430 518 3 0.0528 318 267 577 511 7 0.0527 327 17 576 248 13 0.0522 441 586 693 820 6 0.0522 438 586 695 816 7 0.0521 444 585 691 821 3 0.0515 441 581 690 822 6 0.0515 321 269 580 503 8 0.0515 380 5 624 202 8 0.0514 269 11 504 246 5 0.0511 430 578 685 815 0 0.0510 439 582 689 819 6 0.0508 388 26 642 251 7 0.0505 174 202 448 446 8 0.0503 112 279 360 525
xqw5gZQyOiGUxqmVkaMKK5gM3fXGqfqD,5 0.0638 298 335 560 582 5 0.0604 438 273 696 515 11 0.0601 303 337 563 579 0 0.0594 307 271 573 524 0 0.0591 370 203 648 442 13 0.0591 383 134 656 370 8 0.0585 384 333 631 571 8 0.0583 238 332 491 588 13 0.0583 308 338 567 585 11 0.0581 243 209 514 440 7 0.0578 244 335 498 587 0 0.0576 386 332 636 577 11 0.0576 366 206 649 440 5 0.0574 362 199 642 438 6 0.0573 244 338 502 587 11 0.0572 511 154 781 391 3 0.0572 242 338 496 591 2 0.0568 374 281 645 520 0 0.0568 239 332 499 588 11 0.0565 389 406 646 645 5 0.0561 304 128 570 363 7 0.0561 388 332 636 578 0 0.0556 243 208 512 444 6 0.0555 451 142 720 377 0 0.0552 374 76 630 305 5 0.0551 443 138 710 379 0 0.0551 512 97 773 330 10 0.0550 242 288 505 524 8 0.0550 367 201 640 441 6 0.0549 377 277 654 520 8 0.0547 310 273 560 519 13 0.0546 446 215 718 453 3 0.0545 307 277 568 523 0 0.0542 459 403 711 650 11 0.0541 306 130 575 362 2 0.0540 306 341 560 582 3 0.0538 386 334 634 578 13 0.0538 380 276 654 523 2 0.0536 439 218 714 448 7 0.0534 461 398 715 649 5 0.0533 510 207 766 446 8 0.0533 445 274 697 513 8 0.0532 247 210 500 444 7 0.0531 374 205 650 447 13 0.0531 395 405 651 650 13 0.0528 308 202 588 442 10 0.0528 308 136 572 363 6 0.0525 310 203 586 439 2 0.0524 305 208 575 437 7 0.0523 313 275 570 522 11 0.0522 446 83 713 311 8 0.0522 446 137 709 381 5 0.0521 386 401 641 648 8 0.0516 513 209 769 451 0 0.0513 512 215 768 449 7 0.0512 251 206 517 444 3 0.0511 313 129 573 371 3 0.0511 446 275 703 522 2 0.0510 382 139 644 367 6 0.0509 382 77 639 300 11 0.0509 441 280 704 514 13 0.0508 521 151 787 396 5 0.0506 567 275 831 514 5 0.0505 373 68 627 298 6 0.0504 450 342 703 584 7 0.0503 450 276 702 518 6 0.0503 518 281 774 524 8 0.0502 311 132 563 362 8 0.0501 378 76 624 299
HhaA0K56DZXIzdWoqtwjJDHGoO4RCFDK,11 0.0622 193 673 566 845 5 0.0618 188 666 554 845 7 0.0605 195 670 567 846 8 0.0601 192 668 554 846 0 0.0597 191 668 565 846 6 0.0584 193 672 572 846 13 0.0549 199 670 574 847 11 0.0544 498 593 750 826 7 0.0540 506 591 756 833 3 0.0534 192 670 564 848 10 0.0534 189 672 557 845 13 0.0530 501 591 760 831 5 0.0529 499 585 746 828 0 0.0517 500 592 753 833 8 0.0515 193 461 420 697 2 0.0513 192 674 565 845 11 0.0510 242 728 509 957 11 0.0509 460 412 822 598 8 0.0508 245 724 501 962
k0C62EsJSQhyCpok4AyUdj404ZY70aBM,5 0.0649 248 720 498 963 11 0.0635 452 791 688 1020 7 0.0633 256 724 502 967 7 0.0614 459 788 695 1019 10 0.0600 174 733 429 961 8 0.0600 255 724 496 965 0 0.0587 453 791 691 1023 8 0.0585 457 789 685 1023 8 0.0575 175 663 423 893 0 0.0573 256 722 501 970 5 0.0572 452 789 683 1016 11 0.0562 249 726 502 965 7 0.0561 182 659 435 891 5 0.0561 170 660 428 891 7 0.0556 324 588 570 818 11 0.0556 317 590 570 823 9 0.0552 248 725 501 961 6 0.0545 256 727 504 965 13 0.0544 459 794 693 1023 13 0.0540 258 726 509 967 6 0.0536 456 797 690 1023 2 0.0534 254 729 503 968 10 0.0534 249 667 506 903 8 0.0533 320 592 558 821 0 0.0526 177 663 437 896 3 0.0524 255 723 502 973 0 0.0522 321 590 571 826 10 0.0522 455 793 689 1023 11 0.0509 175 667 433 892 0 0.0506 230 386 486 614 11 0.0501 221 387 495 609
QyMprRAyuR8ck6ddV5Efnmv0L2proQkL,8 0.0630 316 153 570 387 0 0.0584 313 153 576 391 13 0.0582 247 147 524 397 11 0.0582 747 8 1013 235 8 0.0551 752 3 1003 235 0 0.0548 748 8 1010 240 11 0.0544 312 153 576 387 5 0.0543 746 0 1008 238 5 0.0543 436 153 672 381 13 0.0539 750 5 1020 240 11 0.0538 580 798 824 1021 7 0.0538 318 149 580 394 5 0.0535 307 147 569 389 11 0.0535 176 786 440 1007 2 0.0530 319 156 572 387 13 0.0527 450 158 689 385 6 0.0525 377 154 635 389 7 0.0521 183 781 443 1007 13 0.0520 321 221 583 458 6 0.0516 753 5 1015 237 3 0.0515 316 155 578 395 0 0.0513 440 156 681 386 1 0.0512 314 213 577 456 8 0.0512 438 158 675 381 10 0.0508 377 161 631 390 8 0.0508 238 794 492 1015 11 0.0507 443 159 681 381 5 0.0507 573 792 822 1020 3 0.0505 445 157 681 392
978F8SnyecVyT66BefA0g5IDJM64pSAd,11 0.0558 116 473 379 696 11 0.0556 247 544 498 783 6 0.0542 256 471 507 712 6 0.0536 123 466 382 700 0 0.0535 117 465 375 702 11 0.0528 0 475 238 694 6 0.0524 258 609 504 855 11 0.0524 303 472 566 710 8 0.0516 116 471 365 699 5 0.0510 113 467 370 699 0 0.0510 708 477 949 719 11 0.0509 304 795 558 1016 6 0.0506 313 530 570 780 0 0.0505 256 471 499 715 11 0.0505 125 3 398 196 7 0.0504 122 469 376 697 0 0.0504 257 608 499 859 11 0.0503 497 518 756 754 0 0.0503 298 722 564 965 5 0.0502 247 469 499 713 8 0.0502 0 468 229 694 6 0.0501 502 514 760 756
yA12uIwhLl7mAZtEfZHuP1S8zaMQwTVj,8 0.0579 192 347 429 575 5 0.0567 187 346 442 573 5 0.0563 241 187 490 419 0 0.0562 191 349 440 580 7 0.0560 191 344 442 577 8 0.0557 467 394 697 629 8 0.0550 193 463 438 723 0 0.0549 258 257 495 490 7 0.0544 469 393 714 623 8 0.0542 46 424 299 657 5 0.0538 185 457 450 718 0 0.0530 469 400 708 628 8 0.0530 248 191 484 418 5 0.0525 578 152 837 376 5 0.0525 459 389 702 621 11 0.0521 243 188 492 417 11 0.0517 108 420 381 647 11 0.0517 464 396 705 622 7 0.0515 259 250 498 487 3 0.0511 251 191 492 425 10 0.0506 189 356 437 573 5 0.0503 120 274 387 509 5 0.0502 59 344 330 583 7 0.0502 202 141 455 390
vE2VkXoZjxxkSnRro2fkwM4J6UobkOCu,7 0.0655 312 655 569 895 0 0.0642 311 596 567 837 8 0.0642 313 598 561 835 7 0.0640 196 590 446 827 11 0.0632 440 600 699 830 0 0.0631 371 654 631 903 7 0.0628 446 598 702 833 8 0.0625 376 653 626 898 11 0.0618 501 659 768 899 5 0.0612 136 593 383 835 10 0.0610 309 600 565 834 0 0.0610 440 598 699 836 7 0.0609 321 531 571 773 11 0.0608 307 599 564 833 10 0.0601 190 597 440 829 5 0.0600 437 596 694 832 0 0.0599 191 593 441 830 5 0.0598 303 652 564 895 8 0.0592 444 602 693 832 7 0.0590 509 653 774 903 8 0.0590 249 535 490 773 11 0.0588 368 656 631 897 7 0.0582 379 713 632 957 8 0.0580 507 657 765 903 5 0.0572 433 705 686 955 5 0.0571 501 653 766 902 0 0.0570 504 657 771 907 11 0.0568 191 594 443 827 3 0.0556 445 602 701 840 6 0.0555 308 657 571 896 6 0.0555 441 710 692 961 10 0.0551 441 602 698 833 11 0.0548 311 470 563 697 3 0.0547 509 657 771 911 6 0.0547 404 603 774 785 0 0.0547 314 467 563 707 13 0.0546 139 596 399 839 6 0.0544 507 657 771 904 13 0.0542 313 599 574 834 3 0.0539 194 597 441 834 3 0.0538 314 600 567 838 6 0.0535 139 598 392 835 3 0.0534 376 656 633 903 5 0.0528 244 531 494 770 8 0.0527 314 470 552 701 9 0.0526 191 594 443 827 2 0.0524 312 604 565 839 6 0.0522 319 538 570 772 13 0.0520 373 654 638 901 13 0.0519 443 600 706 834 1 0.0518 192 591 442 831 2 0.0506 440 606 695 836 1 0.0505 437 595 696 834 13 0.0505 509 657 779 906 2 0.0504 193 600 441 837
Yzt6bnQynAxaTL4Br5wnpaSFQt5yxiay,11 0.0591 448 398 705 634 11 0.0586 382 331 645 569 8 0.0571 5 13 224 262 0 0.0570 4 17 236 267 0 0.0567 452 399 702 637 7 0.0560 454 397 707 633 5 0.0555 0 4 235 263 8 0.0551 452 396 697 637 11 0.0541 340 544 712 731 13 0.0538 454 398 708 635 10 0.0536 453 402 704 633 5 0.0534 333 543 699 728 5 0.0532 375 395 641 627 7 0.0527 344 546 709 731 3 0.0526 354 674 710 866 0 0.0526 385 468 640 704 3 0.0526 456 396 705 645 13 0.0525 388 332 653 572 11 0.0521 2 21 237 265 0 0.0518 381 331 646 571 8 0.0517 337 543 697 732 5 0.0516 346 672 701 858 3 0.0515 343 545 708 737 8 0.0514 385 329 638 572 2 0.0513 451 402 703 633 3 0.0508 4 20 235 272 0 0.0508 348 674 711 862 7 0.0506 383 328 652 566 10 0.0504 342 546 705 730 6 0.0503 348 545 715 731 13 0.0502 358 677 719 863
E6KhlcVqYxLtUijNvBYPPsEw8moYiJUF,11 0.0584 313 439 578 665 0 0.0577 368 676 640 904 8 0.0574 372 672 632 902 8 0.0570 312 433 568 663 5 0.0565 369 592 632 825 11 0.0553 373 600 634 827 7 0.0547 394 455 650 685 5 0.0543 437 776 682 1017 7 0.0543 310 592 586 821 3 0.0542 392 458 645 691 8 0.0535 245 686 508 900 3 0.0534 369 673 642 911 0 0.0532 380 528 640 753 13 0.0532 392 456 653 685 11 0.0528 388 391 647 615 11 0.0526 235 518 506 747 7 0.0520 372 670 650 902 5 0.0516 304 502 572 737 11 0.0516 237 383 509 620 10 0.0515 369 675 641 901 8 0.0514 317 734 570 967 6 0.0514 379 600 638 829 13 0.0512 374 732 634 973 8 0.0510 323 333 574 556 11 0.0508 320 335 586 553 5 0.0505 233 590 505 820 8 0.0502 242 514 491 745 11 0.0500 438 788 690 1022
bzNUiss1mUVxN1XhJ1LteBV2Qr9AQNJq,3 0.0646 500 607 763 851 0 0.0635 441 543 706 775 7 0.0626 501 608 767 847 11 0.0623 439 546 703 766 3 0.0621 445 543 703 774 7 0.0612 516 471 763 710 5 0.0611 489 605 761 842 8 0.0611 439 603 697 837 7 0.0610 444 541 706 771 11 0.0604 384 397 642 634 5 0.0593 508 465 758 706 5 0.0591 437 538 701 769 0 0.0589 497 609 766 848 11 0.0587 323 458 578 686 11 0.0586 493 611 761 843 5 0.0580 0 789 251 1007 7 0.0580 573 535 825 787 6 0.0568 442 605 706 839 0 0.0566 511 472 763 711 11 0.0566 566 539 822 783 8 0.0566 569 537 814 786 0 0.0566 571 537 822 786 3 0.0565 514 473 760 713 3 0.0565 570 536 819 792 8 0.0563 3 790 251 1009 13 0.0562 504 607 770 845 5 0.0562 565 531 818 782 0 0.0561 320 540 568 762 5 0.0560 312 723 571 982 7 0.0560 326 457 578 692 0 0.0556 385 395 643 636 13 0.0555 447 542 708 772 10 0.0551 440 544 701 769 0 0.0540 3 797 253 1013 6 0.0536 575 539 826 783 8 0.0535 515 470 754 706 11 0.0534 508 390 761 623 13 0.0534 323 542 577 758 13 0.0533 2 794 261 1011 11 0.0532 311 325 575 561 8 0.0531 373 333 626 576 13 0.0529 389 400 647 636 5 0.0529 379 390 640 634 10 0.0529 496 610 765 844 12 0.0528 441 604 707 838 2 0.0525 441 546 703 771 6 0.0523 516 472 765 707 7 0.0522 5 795 260 1012 2 0.0522 513 475 764 706 0 0.0521 312 326 575 563 13 0.0520 573 535 828 785 1 0.0519 435 600 703 837 6 0.0517 314 614 570 835 6 0.0516 328 457 582 689 9 0.0515 439 543 701 769 9 0.0513 493 607 763 843 7 0.0511 323 726 581 981 3 0.0511 388 393 641 644 0 0.0510 115 294 363 531 11 0.0509 0 801 257 1006 11 0.0508 302 676 568 906 7 0.0507 316 324 577 562 8 0.0507 319 726 563 983 13 0.0506 516 471 765 711 10 0.0505 511 472 762 710 5 0.0502 306 319 572 563 2 0.0501 572 541 820 785 12 0.0500 570 535 826 785
UFS4jHjYC76SfHn4MKE2PGCyQGdAgqEM,7 0.0591 367 287 639 518 0 0.0574 316 279 580 518 11 0.0571 365 291 633 515 8 0.0564 373 289 630 515 6 0.0553 369 289 643 517 13 0.0543 367 291 643 516 3 0.0542 368 288 638 522 5 0.0537 310 278 575 513 0 0.0509 128 508 384 762 8 0.0503 113 0 368 206 8 0.0501 311 213 559 440
6gPdAFAK3cGJ1WND9Tf2a9xAu23kvjm0,11 0.0544 427 618 796 797 7 0.0526 444 413 712 635 8 0.0523 119 0 374 207 5 0.0522 618 0 873 200 13 0.0517 623 1 887 202 11 0.0514 619 2 882 197 0 0.0510 624 0 878 200 8 0.0501 625 0 872 198
THSmRvflcQv2vCf3gtMu2ptQUPWBomDO,11 0.0557 250 674 504 893 8 0.0554 251 671 502 894 0 0.0551 253 670 507 899 0 0.0538 763 0 1023 197 0 0.0533 193 602 438 826 3 0.0524 127 1 390 216 10 0.0521 249 679 509 893 6 0.0518 135 0 393 210 5 0.0516 236 721 497 962 11 0.0516 754 3 1023 187 8 0.0511 305 732 557 956 11 0.0511 357 682 621 897 6 0.0511 251 672 514 894 7 0.0509 250 671 510 897 5 0.0506 123 0 382 210 11 0.0505 129 5 392 209 0 0.0504 132 1 388 216 3 0.0503 252 673 508 900
11PGgVEwptvTqVSNjgpAENRNHAqUmGnF,5 0.0592 571 342 825 582 5 0.0590 235 257 509 498 8 0.0578 571 341 824 586 8 0.0574 349 290 701 475 5 0.0562 573 213 834 440 5 0.0562 295 329 562 568 6 0.0560 582 345 831 585 0 0.0560 358 346 717 536 0 0.0559 575 344 826 584 0 0.0557 628 420 878 660 8 0.0554 637 281 879 510 3 0.0554 578 344 829 589 11 0.0553 573 347 831 581 5 0.0551 416 285 778 473 8 0.0550 579 216 826 445 5 0.0545 265 222 617 403 13 0.0543 429 288 788 473 3 0.0543 429 290 786 478 11 0.0538 271 225 629 402 13 0.0537 366 346 721 536 6 0.0537 644 281 893 510 3 0.0535 368 347 717 540 5 0.0533 563 18 826 240 8 0.0532 448 533 693 759 8 0.0530 305 399 548 632 8 0.0530 248 191 500 430 5 0.0530 179 321 443 570 0 0.0529 492 288 847 474 11 0.0529 362 349 719 535 7 0.0527 431 287 788 475 0 0.0526 247 322 511 564 8 0.0522 628 414 874 661 5 0.0521 628 278 888 506 11 0.0521 296 468 565 708 7 0.0521 579 345 830 586 2 0.0520 362 352 717 532 0 0.0518 563 22 825 248 2 0.0518 423 293 785 474 0 0.0517 448 531 699 767 11 0.0515 623 424 880 657 13 0.0515 309 267 584 508 13 0.0515 579 346 835 584 11 0.0514 239 260 512 498 11 0.0514 640 144 889 369 5 0.0514 248 402 509 639 11 0.0511 555 21 830 244 5 0.0509 635 142 885 366 0 0.0508 365 460 632 705 8 0.0508 191 325 436 576 6 0.0505 364 348 724 535 8 0.0505 296 521 546 761 2 0.0504 574 347 830 585 10 0.0504 623 356 883 582 6 0.0504 583 217 837 443 8 0.0504 366 463 621 703 5 0.0504 243 124 506 369 9 0.0503 345 292 707 470 13 0.0503 585 222 840 447 7 0.0501 370 346 719 533
c4czyLJM7Zkk8Z8C22GGGKJUbpOvnDzs,0 0.0593 509 298 769 529 8 0.0590 254 84 510 332 0 0.0583 227 0 490 200 11 0.0577 249 83 514 326 0 0.0574 567 246 820 457 0 0.0571 327 78 593 311 0 0.0565 574 361 816 588 8 0.0560 186 0 435 204 7 0.0552 231 0 492 194 11 0.0550 624 414 882 637 5 0.0550 223 0 480 191 3 0.0546 233 2 487 201 11 0.0544 304 9 581 236 13 0.0543 228 19 507 255 5 0.0541 364 1 643 219 5 0.0537 624 409 872 635 11 0.0535 629 297 882 512 6 0.0535 231 0 496 195 8 0.0533 578 304 810 532 5 0.0527 245 80 512 328 7 0.0519 446 272 712 512 0 0.0516 629 297 879 520 8 0.0514 442 274 697 510 13 0.0512 332 76 605 308 2 0.0511 234 26 502 252 8 0.0509 578 412 805 644 2 0.0507 574 365 819 583 6 0.0503 446 279 709 509 8 0.0503 308 10 575 235 5 0.0502 507 393 746 631
A0LOUne9SUHifNXtSXKr2TMkeQsK3hiR,11 0.0614 0 664 247 893 0 0.0606 0 662 249 900 8 0.0604 120 792 357 1023 5 0.0597 0 659 246 894 5 0.0593 111 789 358 1021 0 0.0591 508 265 749 509 8 0.0576 3 604 256 843 11 0.0567 429 273 691 504 5 0.0557 250 785 498 1018 7 0.0555 501 323 754 577 0 0.0555 116 792 362 1023 3 0.0555 436 272 688 511 8 0.0554 499 322 744 576 0 0.0554 9 562 257 798 11 0.0554 446 793 691 1018 11 0.0554 109 793 365 1020 10 0.0551 0 664 248 896 8 0.0550 449 787 683 1023 3 0.0547 6 661 250 903 5 0.0546 370 786 621 1020 11 0.0543 406 228 771 402 7 0.0540 450 788 699 1023 5 0.0539 430 266 687 506 6 0.0537 3 663 251 896 8 0.0537 433 269 679 506 8 0.0536 65 668 307 909 6 0.0535 500 323 753 577 0 0.0535 408 226 769 408 3 0.0534 121 790 361 1023 13 0.0529 438 272 698 509 7 0.0529 0 660 251 900 8 0.0528 558 390 803 638 5 0.0528 406 222 766 405 6 0.0526 562 396 817 637 11 0.0523 493 326 753 572 0 0.0519 558 394 810 638 8 0.0516 410 223 759 409 7 0.0516 561 391 817 643 7 0.0513 382 322 645 580 3 0.0513 417 227 768 410 13 0.0512 453 786 699 1023 3 0.0512 451 788 692 1023 5 0.0507 554 390 809 640 3 0.0504 504 327 752 584 6 0.0501 117 792 363 1023
xfp2ASSuEv88RfkRzwUshNwTeTsHCp3v,11 0.0611 251 674 618 858 8 0.0587 241 598 497 838 6 0.0580 241 598 506 838 7 0.0575 181 530 440 767 5 0.0573 236 592 500 843 11 0.0573 325 472 577 703 8 0.0564 180 534 427 762 0 0.0561 239 597 507 843 5 0.0555 175 527 431 764 11 0.0552 177 672 438 899 11 0.0550 179 534 435 763 7 0.0549 241 595 509 844 6 0.0543 184 533 440 763 3 0.0540 241 598 506 845 2 0.0533 241 600 504 843 8 0.0531 321 468 570 708 11 0.0531 169 334 437 569 13 0.0528 261 673 628 860 0 0.0523 180 532 438 769 13 0.0519 188 666 448 906 13 0.0519 185 530 442 767 11 0.0518 391 660 771 842 3 0.0517 181 536 436 771 10 0.0513 137 608 498 790 11 0.0510 247 392 512 637 5 0.0510 169 384 438 634 0 0.0509 424 599 689 832 5 0.0506 422 593 683 828 10 0.0505 256 673 618 859 3 0.0505 177 334 436 579 0 0.0502 322 468 580 716 0 0.0501 178 664 437 905
ntPx45Sy1C1Ut53I6AGjLH1LSEgE1Pvb,5 0.0602 763 3 1017 243 11 0.0593 760 11 1020 243 0 0.0579 762 7 1017 248 13 0.0556 767 7 1021 247 8 0.0534 765 7 1011 245 10 0.0520 760 14 1018 246 6 0.0511 768 8 1023 245 3 0.0503 767 10 1018 250
LUqSo5YtKvFRraBbXNXtpADqIZZcZAyi,8 0.0644 446 558 691 777 8 0.0635 434 215 685 458 3 0.0623 438 144 697 397 5 0.0623 369 140 639 384 11 0.0611 432 217 693 456 11 0.0609 370 352 634 581 5 0.0608 451 771 699 1011 5 0.0607 431 210 689 456 13 0.0606 435 218 698 457 3 0.0604 372 218 630 456 11 0.0603 446 563 700 775 7 0.0601 438 214 691 459 8 0.0599 509 142 754 378 6 0.0598 312 220 575 450 6 0.0598 376 148 644 386 13 0.0597 378 353 638 585 8 0.0594 426 348 685 586 3 0.0591 427 352 691 589 11 0.0591 372 150 641 385 11 0.0589 452 780 701 1007 8 0.0588 373 147 634 386 7 0.0583 461 774 706 1015 5 0.0583 505 136 759 378 10 0.0574 513 143 764 380 5 0.0574 307 276 564 514 0 0.0574 373 142 643 388 8 0.0573 373 283 629 518 0 0.0573 312 214 573 453 7 0.0571 378 141 643 390 7 0.0569 373 281 637 518 11 0.0567 510 142 763 376 5 0.0565 417 347 688 582 3 0.0565 513 205 755 458 0 0.0564 370 280 636 520 7 0.0564 427 349 697 585 0 0.0564 508 202 757 448 7 0.0562 513 138 766 382 10 0.0561 436 220 692 459 8 0.0560 308 218 567 450 8 0.0560 459 775 696 1016 0 0.0559 455 778 704 1015 13 0.0558 311 217 582 453 6 0.0557 428 286 699 525 13 0.0554 373 145 650 388 11 0.0552 366 478 633 706 11 0.0551 564 673 813 895 2 0.0544 511 211 754 447 3 0.0544 317 284 566 524 10 0.0543 374 151 643 389 6 0.0542 512 204 758 446 7 0.0539 312 217 573 453 11 0.0537 304 221 573 451 13 0.0537 450 562 706 778 3 0.0536 451 559 697 781 8 0.0536 365 474 623 711 13 0.0533 508 142 768 379 2 0.0533 372 288 631 518 0 0.0532 445 557 698 779 10 0.0531 371 289 634 518 6 0.0528 459 778 710 1008 2 0.0524 424 357 692 584 3 0.0523 459 778 699 1017 6 0.0523 381 548 629 772 5 0.0523 360 475 628 707 5 0.0521 439 556 695 773 2 0.0521 436 150 690 389 9 0.0516 430 146 696 383 12 0.0515 374 282 636 519 8 0.0504 383 722 635 961 0 0.0502 369 476 632 713 10 0.0501 423 354 696 585
yvw8gEXR1HKLV9tWETm6XUk8oihHClAO,11 0.0574 374 457 612 681 11 0.0560 370 275 631 502 11 0.0560 448 523 699 763 11 0.0555 382 587 628 826 5 0.0554 309 271 565 507 11 0.0553 553 661 813 920 0 0.0550 309 659 567 887 6 0.0542 390 586 633 823 7 0.0539 391 588 632 826 8 0.0537 315 277 560 509 7 0.0535 562 657 817 921 7 0.0532 304 522 550 763 5 0.0530 372 660 616 901 0 0.0528 385 584 631 828 7 0.0527 383 458 611 687 5 0.0527 449 513 693 765 8 0.0525 588 474 814 702 5 0.0520 377 454 607 684 7 0.0516 378 276 637 511 11 0.0515 378 787 622 1014 5 0.0514 166 262 420 506 8 0.0513 452 585 690 834 11 0.0513 296 521 548 759 8 0.0512 564 660 804 915 0 0.0510 588 476 823 705 7 0.0509 313 664 568 889 5 0.0506 430 781 672 1013 7 0.0505 456 521 698 768 6 0.0505 450 523 702 765 13 0.0503 377 279 641 511 0 0.0503 170 266 424 512 0 0.0502 561 657 814 923 8 0.0500 381 666 617 903
YmS0TqMdNWb653tbPSCxB9wO5TzZ7yoE,5 0.0552 439 661 698 901 7 0.0549 319 582 586 817 10 0.0545 561 297 824 514 5 0.0535 430 520 686 766 5 0.0532 371 586 631 831 3 0.0528 448 661 699 908 11 0.0525 442 666 701 899 0 0.0525 437 588 695 841 5 0.0524 378 189 644 431 5 0.0522 501 588 761 842 5 0.0518 497 148 753 379 6 0.0517 316 584 585 818 8 0.0515 497 226 752 444 0 0.0514 499 157 759 383 7 0.0511 387 194 649 433 11 0.0511 552 288 825 517 5 0.0504 555 289 820 516 11 0.0502 383 200 648 431 11 0.0501 445 327 707 555
E563dUgUrUVSZuvrqWjka8SFTwgxuOWS,8 0.0651 576 399 828 640 11 0.0637 517 469 769 702 11 0.0634 440 195 691 431 5 0.0627 570 519 820 760 8 0.0625 574 519 817 758 0 0.0624 515 466 770 707 5 0.0621 510 264 759 509 11 0.0619 575 402 836 638 11 0.0618 634 272 898 503 5 0.0615 572 399 831 639 11 0.0613 512 341 769 579 11 0.0604 449 532 700 752 0 0.0602 439 192 689 438 0 0.0600 512 336 769 585 11 0.0596 462 620 815 796 11 0.0594 571 192 830 435 11 0.0592 308 343 576 581 5 0.0591 504 583 752 819 7 0.0589 522 467 771 707 7 0.0587 455 528 702 757 0 0.0586 255 472 525 701 5 0.0585 251 468 517 698 5 0.0584 558 648 822 884 11 0.0582 308 533 578 757 0 0.0582 574 400 837 641 7 0.0581 511 590 760 825 11 0.0579 643 552 904 773 8 0.0579 565 650 817 885 5 0.0579 437 188 687 437 8 0.0577 513 337 761 584 5 0.0576 445 527 696 754 0 0.0574 315 340 575 580 0 0.0572 640 479 903 710 3 0.0572 519 337 768 585 8 0.0570 451 531 693 753 11 0.0570 372 266 632 502 7 0.0567 519 337 769 584 6 0.0567 574 269 833 509 3 0.0565 521 467 771 708 11 0.0565 767 264 1016 501 2 0.0564 521 474 772 708 8 0.0563 313 340 569 581 2 0.0563 578 405 837 642 5 0.0561 374 260 626 505 13 0.0560 314 537 580 765 5 0.0560 310 337 570 581 11 0.0558 692 200 947 438 2 0.0558 517 345 771 583 10 0.0558 516 470 767 708 7 0.0558 579 399 838 642 11 0.0557 246 668 502 883 0 0.0557 647 611 901 841 13 0.0556 520 468 774 708 13 0.0555 519 339 771 584 10 0.0555 375 267 628 506 0 0.0555 574 192 828 441 8 0.0555 570 268 820 510 7 0.0554 566 651 828 887 6 0.0554 518 467 774 705 13 0.0553 452 532 706 756 0 0.0553 375 266 627 505 0 0.0553 381 534 636 756 8 0.0552 441 193 682 434 7 0.0551 516 186 761 440 0 0.0551 638 344 900 579 3 0.0550 579 402 836 644 8 0.0548 510 588 750 823 3 0.0548 572 266 827 514 6 0.0548 575 400 839 640 8 0.0546 639 346 892 577 3 0.0545 379 263 627 509 7 0.0545 638 199 886 445 2 0.0544 637 277 898 505 3 0.0544 442 194 692 440 10 0.0543 512 190 756 437 8 0.0543 373 264 621 502 6 0.0542 516 336 771 581 5 0.0540 638 342 897 574 7 0.0539 380 265 632 507 6 0.0539 516 189 762 437 3 0.0539 513 587 760 828 13 0.0538 445 191 699 435 13 0.0538 380 266 638 508 11 0.0537 377 598 642 816 6 0.0534 637 204 887 445 10 0.0532 636 277 891 506
Jd70P3WiKBsWjDXWUzvrFJoTAUlaE8I8,11 0.0573 503 332 764 569 0 0.0572 505 331 762 572 3 0.0570 372 330 631 576 8 0.0570 378 518 620 761 7 0.0570 445 456 709 708 3 0.0569 499 463 758 712 8 0.0561 441 592 700 832 8 0.0561 374 653 627 877 5 0.0560 366 584 626 816 11 0.0560 567 392 829 635 8 0.0559 261 3 510 240 8 0.0556 372 393 628 641 8 0.0555 496 462 750 704 11 0.0553 207 2 582 159 5 0.0552 564 467 821 705 5 0.0552 435 522 704 765 8 0.0551 502 330 755 572 11 0.0550 435 533 703 766 11 0.0549 496 462 757 703 3 0.0548 511 332 761 577 5 0.0547 367 392 629 637 7 0.0544 379 395 639 644 11 0.0542 369 659 635 876 6 0.0538 573 393 832 640 7 0.0535 381 519 631 760 11 0.0533 364 331 631 567 5 0.0532 477 416 813 595 11 0.0531 378 459 634 705 13 0.0529 446 530 710 765 6 0.0527 442 394 706 646 0 0.0525 372 588 633 822 10 0.0525 563 396 829 637 9 0.0525 503 332 764 569 13 0.0525 261 0 529 241 13 0.0525 382 396 641 642 7 0.0522 372 655 638 877 7 0.0520 440 591 719 832 13 0.0520 504 462 763 702 10 0.0519 440 395 709 645 6 0.0518 510 330 764 575 3 0.0517 385 456 636 713 13 0.0512 571 397 835 636 11 0.0512 302 525 561 762 0 0.0511 440 396 706 644 10 0.0509 436 534 709 766 6 0.0508 441 528 708 765 5 0.0507 297 513 556 760 0 0.0507 441 529 703 768 0 0.0505 570 392 829 639 10 0.0505 365 331 634 569 8 0.0503 566 392 818 637 3 0.0503 320 63 572 314 13 0.0501 377 589 643 820 3 0.0501 373 658 632 882
SJFdB2llAnzEVQN7XlKei64l4OEd2yAO,8 0.0698 308 461 568 704 5 0.0690 380 394 636 645 11 0.0676 308 335 565 574 11 0.0673 303 460 571 705 5 0.0671 296 580 557 838 5 0.0671 239 395 505 645 11 0.0671 381 399 636 645 11 0.0666 443 525 698 765 8 0.0666 302 588 557 833 8 0.0664 446 462 689 705 11 0.0664 297 591 560 836 7 0.0660 314 401 572 642 3 0.0656 386 399 635 649 5 0.0649 307 332 563 574 0 0.0648 313 398 570 641 8 0.0647 383 400 633 643 0 0.0645 381 459 638 705 13 0.0641 241 463 510 712 8 0.0641 246 401 501 646 7 0.0641 304 523 567 773 8 0.0636 310 336 558 574 7 0.0635 445 402 691 645 13 0.0633 408 483 772 662 3 0.0630 241 403 505 650 11 0.0630 240 402 504 644 3 0.0622 309 460 571 709 0 0.0621 448 522 701 769 7 0.0621 371 584 629 838 3 0.0619 310 339 564 581 6 0.0618 447 526 703 766 6 0.0617 307 460 571 704 6 0.0616 371 589 627 829 3 0.0614 449 526 702 772 10 0.0614 305 461 573 705 13 0.0610 371 587 630 831 10 0.0609 383 400 639 644 11 0.0608 322 212 578 450 6 0.0606 245 401 504 644 7 0.0606 449 522 704 772 5 0.0604 163 579 443 835 13 0.0604 450 524 705 769 8 0.0604 237 792 485 1023 11 0.0603 503 781 747 1016 10 0.0598 243 404 503 643 9 0.0598 311 400 572 640 13 0.0597 312 402 573 645 10 0.0596 234 532 508 776 6 0.0594 313 337 563 575 7 0.0591 233 591 501 845 6 0.0589 385 399 639 646 6 0.0586 241 531 508 777 2 0.0586 316 402 568 643 0 0.0586 304 519 563 769 0 0.0583 371 584 624 834 7 0.0581 506 775 753 1023 2 0.0580 444 407 687 643 3 0.0580 302 589 558 843 5 0.0577 320 204 571 452 9 0.0577 302 523 565 765 9 0.0577 366 586 624 829 12 0.0576 308 457 572 707 10 0.0574 407 550 774 725 5 0.0574 402 545 768 723 8 0.0569 191 264 435 516 9 0.0567 441 403 689 640 12 0.0567 386 396 638 647 4 0.0566 442 404 692 642 8 0.0564 169 586 438 840 10 0.0564 310 338 563 573 9 0.0563 446 523 698 765
m0UmpEPxvIXCo1J0UU6RGaxEhZLtr8Wr,0 0.0563 380 728 628 968 0 0.0561 481 745 763 976 7 0.0555 485 743 770 971 11 0.0547 375 736 626 961 3 0.0526 488 745 759 978 5 0.0525 473 746 755 967 11 0.0521 476 751 760 968 8 0.0521 485 744 751 971 5 0.0520 376 728 623 961 8 0.0516 384 728 621 965 7 0.0511 383 731 635 965 13 0.0508 385 732 633 967 6 0.0507 484 744 763 971 3 0.0506 384 731 628 970
JZ6aTAgvSdIbHq5TnQ89EdpfBoWYqoKI,3 0.0604 512 1 769 262 5 0.0603 505 0 767 250 6 0.0591 514 5 771 251 11 0.0588 509 8 771 252 8 0.0558 508 6 764 253 13 0.0558 516 5 776 250 10 0.0557 508 9 771 250 0 0.0555 514 8 770 252 7 0.0546 516 5 772 253 2 0.0509 515 14 769 254 9 0.0505 509 8 772 250
CCZhnVIVovuQzCWTyb1aWPX3buv1a1vB,8 0.0621 441 333 688 554 5 0.0611 442 273 694 487 11 0.0609 441 398 691 633 7 0.0599 383 267 647 498 11 0.0582 372 329 634 561 11 0.0577 364 726 628 951 7 0.0576 448 399 694 633 7 0.0571 373 724 638 953 11 0.0564 444 277 702 485 5 0.0563 381 197 647 426 8 0.0557 373 394 621 638 5 0.0555 369 323 633 564 13 0.0552 446 336 702 555 5 0.0552 660 480 1020 679 0 0.0551 375 266 644 497 3 0.0547 451 276 693 497 5 0.0539 360 717 624 947 11 0.0534 510 344 761 565 11 0.0532 365 461 619 701 0 0.0531 374 395 627 639 11 0.0528 384 203 653 427 6 0.0527 455 280 703 488 13 0.0524 398 203 662 430 8 0.0523 455 205 705 421 5 0.0522 441 394 689 632 0 0.0522 514 349 758 570 8 0.0520 665 481 1014 679 5 0.0520 509 341 754 569 8 0.0520 510 287 761 504 10 0.0519 452 280 704 490 3 0.0517 374 724 629 958 10 0.0517 663 485 1023 678 3 0.0517 375 396 624 646 8 0.0515 371 725 624 953 10 0.0515 374 331 638 566 7 0.0513 373 459 624 701 6 0.0511 380 331 643 566 8 0.0511 570 409 815 650 7 0.0508 518 347 759 568 0 0.0508 221 214 575 402 13 0.0507 377 725 638 954 0 0.0506 571 415 826 645 5 0.0505 566 406 820 645 13 0.0505 379 396 634 642 11 0.0504 0 801 260 1019 11 0.0504 664 482 1018 677 0 0.0503 0 793 256 1023 6 0.0502 374 721 632 952 10 0.0502 446 402 694 635 0 0.0501 295 727 558 951 2 0.0500 377 401 629 641
Ta7SClgJJe7k2tSEbI5TwkiPvvP4YhFz,5 0.0598 434 132 688 392 8 0.0592 566 591 822 835 5 0.0582 559 586 822 831 7 0.0574 442 139 693 394 0 0.0561 441 142 688 392 11 0.0558 560 590 828 832 10 0.0552 439 147 694 393 11 0.0551 435 140 690 395 8 0.0550 440 142 685 389 6 0.0524 441 145 695 393 3 0.0511 443 141 690 401 13 0.0510 568 589 833 838 2 0.0510 443 149 688 390 10 0.0508 563 590 830 839 0 0.0508 562 588 827 837 6 0.0501 565 591 830 837 9 0.0501 561 589 828 829
U2bEPn4CEIes2S9Hj0XmtoYwmf61elbN,8 0.0604 465 461 702 699 11 0.0604 462 463 711 695 11 0.0583 371 786 625 1014 0 0.0582 374 785 624 1016 11 0.0564 317 473 585 715 7 0.0556 376 780 627 1019 6 0.0554 375 785 624 1016 8 0.0547 310 785 560 1019 8 0.0546 588 525 814 762 0 0.0543 248 471 514 717 11 0.0540 180 420 450 635 5 0.0539 463 456 709 694 0 0.0533 376 468 636 713 5 0.0533 242 407 502 637 10 0.0532 467 462 713 701 0 0.0531 369 665 640 899 0 0.0529 183 414 443 634 7 0.0529 372 541 653 778 5 0.0528 303 780 564 1013 5 0.0525 366 661 637 890 13 0.0525 376 471 645 710 3 0.0522 472 460 711 707 8 0.0522 308 527 575 763 0 0.0518 235 578 502 821 8 0.0516 256 409 496 640 11 0.0515 365 600 639 828 11 0.0514 586 527 830 759 13 0.0513 455 536 709 770 0 0.0511 447 598 699 835 13 0.0511 379 780 632 1019 8 0.0510 315 654 569 888 13 0.0509 315 654 585 889 0 0.0507 522 472 765 698 3 0.0506 372 783 625 1021 5 0.0506 592 470 832 705 6 0.0505 465 463 719 698 7 0.0502 469 460 717 695 7 0.0501 255 476 516 712
17dCIAzEMOy0sNCjPRC99nJkku94nzRs,5 0.0591 560 195 828 440 8 0.0571 180 714 422 953 0 0.0569 571 147 829 379 6 0.0567 515 8 781 248 6 0.0563 577 145 832 379 5 0.0562 433 7 698 255 11 0.0558 172 790 428 1007 13 0.0556 518 68 788 307 11 0.0556 586 85 845 305 3 0.0552 516 139 774 391 7 0.0549 570 199 832 444 7 0.0549 443 10 706 256 5 0.0548 579 85 845 308 7 0.0545 516 67 783 318 8 0.0534 565 198 825 441 8 0.0531 508 71 774 314 13 0.0530 447 8 715 252 11 0.0530 235 726 494 943 0 0.0530 571 2 849 206 8 0.0529 439 5 694 255 0 0.0527 513 72 782 312 10 0.0527 567 149 829 380 8 0.0526 433 148 690 388 0 0.0525 181 710 428 960 11 0.0523 509 7 777 242 7 0.0522 438 146 706 390 8 0.0520 116 785 368 1012 5 0.0514 635 143 916 376 3 0.0506 651 145 919 388 13 0.0505 438 150 710 388 7 0.0503 181 786 435 1013 10 0.0502 508 71 781 312 13 0.0500 572 202 837 438
b2FvTihS7GbBKn8c17Vsq0eVHCxxPczc,8 0.0663 243 340 487 579 11 0.0653 338 474 712 657 8 0.0621 321 461 557 709 0 0.0609 341 473 717 659 5 0.0599 242 392 491 641 7 0.0597 349 473 720 659 3 0.0588 377 473 631 716 11 0.0580 237 343 499 575 7 0.0574 179 346 434 583 11 0.0572 243 466 500 712 5 0.0572 310 458 560 707 5 0.0571 176 262 422 498 11 0.0571 366 351 618 577 8 0.0570 370 349 610 580 3 0.0569 245 340 495 584 13 0.0566 381 470 638 712 8 0.0566 310 284 552 510 7 0.0562 249 261 500 505 8 0.0562 181 260 419 504 13 0.0561 246 463 503 714 7 0.0556 311 343 560 576 13 0.0555 181 348 437 586 0 0.0550 243 342 495 580 3 0.0549 319 407 559 648 6 0.0548 379 470 637 708 5 0.0546 251 202 507 437 11 0.0540 305 287 564 509 0 0.0539 182 263 426 504 6 0.0536 247 396 499 642 6 0.0531 249 267 500 504 13 0.0524 319 403 566 642 0 0.0522 109 346 366 582 10 0.0521 177 357 429 584 0 0.0519 256 205 509 442 11 0.0518 174 266 432 498 8 0.0516 256 206 501 439 2 0.0515 347 477 714 657 0 0.0514 370 349 618 579 3 0.0514 247 467 497 722 11 0.0514 228 807 485 1021 0 0.0510 310 282 560 511 5 0.0509 298 25 565 252 6 0.0509 319 221 572 451 8 0.0506 107 345 357 584 7 0.0506 319 213 570 451 7 0.0505 250 146 513 386 13 0.0505 306 29 572 255 8 0.0505 443 718 675 946 6 0.0504 311 92 567 322
y9dPi7LH3PnicNO5RVPLxzQa9bkOr5nJ,5 0.0638 192 261 439 490 5 0.0630 254 82 505 321 8 0.0620 204 133 440 363 0 0.0616 205 126 448 366 11 0.0611 255 92 513 316 8 0.0590 193 270 428 493 13 0.0574 203 128 455 364 0 0.0573 197 263 444 494 3 0.0572 203 133 449 372 6 0.0572 204 131 451 362 0 0.0555 244 11 492 250 7 0.0554 205 198 440 427 3 0.0543 321 139 577 358 8 0.0543 315 145 567 348 13 0.0542 318 143 587 345 11 0.0541 131 220 381 452 3 0.0541 199 268 441 500 11 0.0540 188 401 445 628 6 0.0539 199 268 447 491 6 0.0534 320 144 581 349 5 0.0526 190 393 438 628 10 0.0516 201 136 446 362 7 0.0515 194 397 444 632 5 0.0514 128 330 374 566 0 0.0512 318 143 572 352 13 0.0512 200 267 449 494 8 0.0510 136 332 370 573 11 0.0509 131 334 383 565 13 0.0508 247 8 498 248 7 0.0508 266 89 515 323 7 0.0507 138 332 381 572 10 0.0501 194 407 444 629 8 0.0501 224 417 564 594
uoXOaxhSOaqQioRbvLlxXEaQ4aBk8H3A,8 0.0594 387 386 639 632 5 0.0589 383 592 641 828 0 0.0588 315 531 588 769 11 0.0580 308 387 583 629 0 0.0578 384 598 641 830 7 0.0574 372 658 631 892 5 0.0571 391 451 652 692 11 0.0561 313 603 577 822 13 0.0558 326 531 596 767 8 0.0551 387 595 635 830 7 0.0550 314 387 586 630 11 0.0550 399 455 657 695 11 0.0547 458 355 712 593 0 0.0546 400 458 653 699 8 0.0545 317 450 585 696 5 0.0545 450 346 709 590 5 0.0544 240 450 521 692 0 0.0537 305 382 583 636 13 0.0537 393 597 648 831 5 0.0535 314 526 582 760 3 0.0531 389 529 652 765 7 0.0530 391 526 654 758 3 0.0527 372 659 628 898 5 0.0526 303 382 580 628 0 0.0524 295 662 571 894 11 0.0524 563 534 814 769 7 0.0523 461 350 715 596 6 0.0520 259 608 533 830 8 0.0518 566 530 805 771 8 0.0516 244 390 508 638 6 0.0515 389 599 646 829 7 0.0515 429 789 688 1023 3 0.0514 318 451 596 701 13 0.0514 247 391 524 636 6 0.0513 399 456 661 699 11 0.0510 314 738 577 967 3 0.0509 259 611 525 837 13 0.0508 307 664 575 892 7 0.0508 246 455 530 695 0 0.0505 566 532 813 769 9 0.0503 379 390 650 624 11 0.0503 236 675 515 890 11 0.0501 180 395 456 633 11 0.0500 244 534 522 754
Cw391NWIVeCpzX29OsTP0u1NUSK7rBXw,8 0.0658 237 785 478 1023 7 0.0651 250 723 506 974 11 0.0618 117 344 390 574 11 0.0606 245 728 502 970 7 0.0599 189 333 448 571 5 0.0598 184 722 428 966 8 0.0596 242 662 490 906 0 0.0594 242 661 502 912 0 0.0581 121 343 385 580 11 0.0580 233 393 501 624 0 0.0579 237 788 486 1023 13 0.0570 193 335 452 573 7 0.0567 247 461 514 693 6 0.0566 126 341 397 580 8 0.0565 175 399 431 628 5 0.0564 183 331 441 567 11 0.0564 240 590 506 823 0 0.0563 311 722 565 974 11 0.0556 306 670 561 900 6 0.0554 192 728 435 969 8 0.0551 312 722 557 967 13 0.0546 241 789 492 1023 3 0.0540 125 342 385 587 7 0.0540 187 661 435 905 10 0.0540 237 667 503 904 10 0.0538 184 731 434 967 3 0.0535 191 728 432 973 11 0.0533 184 667 434 902 7 0.0532 312 665 565 903 10 0.0529 184 340 444 570 7 0.0522 245 584 507 824 3 0.0519 245 663 501 912 5 0.0518 235 659 498 906 2 0.0516 235 792 489 1023 5 0.0512 304 718 559 965 0 0.0510 244 464 508 702 9 0.0500 233 790 486 1020
vyAH2VsVEkJAqDelouAWpFAUuUfkX7ML,7 0.0580 374 404 645 643 0 0.0570 57 597 314 840 8 0.0568 59 594 302 833 11 0.0548 59 598 315 829 5 0.0544 57 592 311 836 0 0.0527 379 407 645 641 11 0.0524 372 408 643 640 5 0.0523 377 337 646 576 11 0.0523 300 654 562 893 3 0.0521 382 409 643 645 7 0.0520 63 597 316 837 6 0.0507 378 408 649 637 8 0.0503 374 412 633 636
sQ597KzcKeptPtvASK8i3BuPBNfxCXeB,11 0.0650 249 727 512 959 7 0.0630 246 599 503 832 0 0.0616 252 725 511 963 7 0.0616 362 724 631 962 11 0.0609 242 601 506 831 10 0.0599 247 673 508 900 13 0.0599 313 776 572 1015 8 0.0598 245 599 495 831 5 0.0593 355 718 618 960 5 0.0589 240 597 500 830 0 0.0585 246 599 502 837 8 0.0571 255 723 505 961 8 0.0564 364 721 617 961 6 0.0549 362 724 629 963 3 0.0538 251 668 508 905 6 0.0531 244 600 506 831 5 0.0519 240 460 500 702 3 0.0517 363 724 628 967 9 0.0514 305 778 563 1009 13 0.0504 247 601 508 835 2 0.0500 248 673 508 902
mm3Xrlzt1Twiu3JJPuQc1OTdIsuWZuqi,11 0.0691 308 794 568 1017 8 0.0635 382 257 635 501 0 0.0628 383 332 635 567 11 0.0616 430 804 687 1011 11 0.0615 369 737 638 958 11 0.0597 443 205 696 436 0 0.0589 428 800 692 1015 0 0.0586 306 791 575 1019 7 0.0585 384 329 638 568 0 0.0585 323 273 579 502 3 0.0582 385 330 634 573 11 0.0580 245 730 517 957 5 0.0578 199 403 558 591 8 0.0577 311 789 565 1019 0 0.0572 208 406 564 593 5 0.0570 440 201 694 438 7 0.0563 311 790 575 1019 6 0.0562 387 263 649 494 5 0.0561 244 275 502 507 5 0.0556 426 794 687 1009 6 0.0553 214 407 568 594 0 0.0551 392 199 644 435 11 0.0551 243 525 507 754 11 0.0550 322 200 584 440 7 0.0546 435 799 698 1012 5 0.0545 317 197 573 439 11 0.0544 245 147 505 383 11 0.0544 199 483 562 654 5 0.0542 305 788 566 1016 13 0.0541 214 408 576 596 3 0.0541 209 409 564 597 3 0.0540 383 790 634 1016 8 0.0532 251 591 505 824 13 0.0531 315 790 577 1019 7 0.0531 326 198 584 444 8 0.0531 560 219 820 462 8 0.0529 249 460 496 689 11 0.0528 247 280 509 506 7 0.0525 249 458 506 694 5 0.0525 555 221 823 456 7 0.0525 213 405 563 596 7 0.0524 192 781 457 1014 10 0.0523 379 795 637 1012 13 0.0523 248 459 512 693 5 0.0522 244 139 498 381 6 0.0520 258 146 509 387 7 0.0516 259 670 519 909 8 0.0515 504 140 746 374 8 0.0512 373 734 632 961 6 0.0512 258 281 511 510 8 0.0511 251 147 494 387 5 0.0507 250 664 514 907 5 0.0506 240 454 503 689 6 0.0505 315 793 570 1014 7 0.0505 448 205 700 441 13 0.0505 384 329 647 568 10 0.0505 245 463 504 691 11 0.0504 505 143 754 372 2 0.0503 389 270 643 499 6 0.0502 259 668 518 907 7 0.0502 252 277 507 511
Az9E0V9I8cB3PeHlVRvJ4dMOE9tsayqr,7 0.0661 315 717 564 961 0 0.0635 252 716 495 960 5 0.0634 244 712 491 956 7 0.0626 133 730 379 971 11 0.0625 248 718 491 953 5 0.0614 128 727 372 971 10 0.0603 127 737 376 972 10 0.0593 248 721 492 954 11 0.0591 313 662 573 895 3 0.0589 254 716 494 961 8 0.0577 251 716 488 956 5 0.0574 376 714 621 958 7 0.0570 244 602 511 840 0 0.0554 311 662 572 902 6 0.0553 250 720 497 956 11 0.0552 236 605 506 841 10 0.0552 312 666 570 893 11 0.0551 174 538 436 778 11 0.0548 383 721 629 956 8 0.0547 129 731 370 972 7 0.0541 183 535 440 784 5 0.0536 177 536 435 778 10 0.0536 236 608 507 840 13 0.0535 253 717 499 957 5 0.0534 306 656 566 897 10 0.0532 379 723 627 957 7 0.0532 388 669 642 897 3 0.0531 319 660 573 903 8 0.0529 313 663 563 896 9 0.0525 245 717 494 952 0 0.0522 132 732 375 974 6 0.0521 133 734 381 971 13 0.0521 131 729 385 973 2 0.0519 250 723 494 959 5 0.0518 235 601 502 839 8 0.0517 181 599 432 837 11 0.0516 127 733 379 970 3 0.0514 133 733 373 978 0 0.0509 380 719 627 967 8 0.0507 381 719 622 961 12 0.0507 253 717 493 957 6 0.0501 382 722 629 963 11 0.0500 100 486 370 703
vbZ4vJxsp4IbyYZ9bO4btIutNJRTaDyj,0 0.0591 313 133 570 384 11 0.0591 238 147 508 387 0 0.0564 187 528 446 770 3 0.0554 321 199 568 448 0 0.0548 186 137 435 381 5 0.0545 772 529 1019 789 5 0.0538 309 189 561 437 0 0.0537 771 533 1023 794 8 0.0526 318 131 565 384 7 0.0525 782 534 1023 788 7 0.0524 192 526 449 767 11 0.0524 773 541 1023 785 5 0.0520 367 127 626 368 0 0.0520 247 197 501 447 7 0.0516 252 199 503 441 3 0.0512 783 532 1018 799 8 0.0510 777 533 1017 794 5 0.0510 320 533 564 763 6 0.0510 783 530 1023 787 6 0.0504 319 200 570 441 5 0.0503 182 525 438 763
KvKY0FLKRgTKQVbNdWA0WxQYTknqmkaz,11 0.0640 264 676 531 909 11 0.0619 381 604 634 841 5 0.0591 257 673 525 909 6 0.0565 267 681 533 911 5 0.0564 190 607 457 836 0 0.0559 265 678 530 913 8 0.0554 200 664 451 894 11 0.0550 243 780 497 991 0 0.0549 433 531 687 776 0 0.0543 380 601 635 848 0 0.0537 195 612 458 844 11 0.0535 405 413 789 596 6 0.0530 198 615 466 840 6 0.0529 328 620 595 850 8 0.0527 328 617 582 851 11 0.0524 196 612 459 837 6 0.0523 421 412 794 596 5 0.0520 323 611 587 849 10 0.0514 409 414 792 597 7 0.0513 350 350 707 530 7 0.0511 200 611 462 837 6 0.0509 429 459 688 694 3 0.0504 418 414 793 603
6joPksHvGyA01Ku7Lb2h94ouiDw9W455,7 0.0560 192 726 435 965 11 0.0552 117 725 367 953 8 0.0538 118 719 360 954 5 0.0529 183 724 429 961 0 0.0519 123 721 367 957 7 0.0519 450 733 700 964 6 0.0516 121 723 369 956 11 0.0508 440 734 695 966
xYG0v0JSYUDn8UB2cmtAjFVa3sN1t8DL,7 0.0603 245 795 490 1023 8 0.0586 247 794 475 1021 11 0.0571 244 798 484 1020 0 0.0533 247 797 485 1023 5 0.0528 240 793 480 1017 13 0.0515 249 799 491 1023
Ahnlt6I0qgoW5up0BFCU9JXC28lS4Kks,8 0.0616 347 477 696 662 8 0.0599 378 525 630 766 8 0.0586 504 390 739 640 7 0.0586 513 392 756 642 8 0.0574 307 597 558 845 0 0.0571 496 463 746 705 8 0.0565 432 333 678 572 8 0.0559 507 521 748 768 5 0.0557 298 591 565 844 11 0.0556 433 475 696 717 6 0.0551 507 347 753 585 8 0.0547 381 80 636 308 6 0.0544 500 467 746 709 13 0.0544 500 464 752 703 5 0.0542 342 472 701 662 3 0.0540 499 466 746 715 5 0.0532 231 516 504 762 5 0.0532 495 340 748 583 11 0.0530 432 335 684 571 10 0.0525 442 407 698 641 3 0.0523 387 81 642 316 13 0.0522 314 535 581 780 7 0.0522 353 473 713 662 5 0.0521 226 672 495 904 11 0.0521 302 540 574 779 11 0.0521 507 394 747 642 7 0.0520 507 522 761 772 3 0.0520 512 574 767 828 8 0.0518 232 677 488 911 0 0.0515 504 347 747 582 7 0.0515 437 22 693 255 3 0.0512 379 461 640 713 6 0.0511 379 77 648 307 8 0.0507 236 522 495 761 13 0.0506 314 406 578 648 7 0.0505 439 332 693 572 0 0.0504 241 594 504 845 11 0.0503 379 406 633 638 5 0.0502 417 18 688 250
Ez6FDPclloXwALJobrs1ZIKrcs3Q9PtU,0 0.0542 363 671 624 902 8 0.0522 769 7 1016 254 11 0.0520 367 783 620 1014 7 0.0517 439 780 695 1023 5 0.0516 635 0 884 205 10 0.0514 769 11 1023 251 5 0.0507 766 1 1020 251
h46RQYhPvOinUXbyQyiHedDeywX6z5tZ,6 0.0589 580 483 839 708 11 0.0589 576 537 819 766 0 0.0574 718 525 962 778 5 0.0570 570 481 831 708 0 0.0569 578 479 833 711 8 0.0563 455 208 692 441 13 0.0558 449 522 708 759 7 0.0551 516 530 758 760 11 0.0550 648 612 1023 790 8 0.0550 375 597 626 826 3 0.0544 515 533 755 769 6 0.0541 455 272 707 511 0 0.0540 517 273 771 512 6 0.0539 649 544 887 776 8 0.0538 447 517 691 757 5 0.0537 443 270 703 508 5 0.0535 641 607 1022 797 6 0.0535 516 531 762 758 7 0.0534 455 271 706 513 10 0.0533 510 537 757 760 5 0.0531 361 593 628 821 11 0.0526 493 608 741 828 0 0.0521 461 155 699 378 0 0.0520 511 530 758 764 11 0.0520 451 278 705 512 13 0.0519 582 484 843 711 8 0.0519 493 603 736 833 11 0.0518 395 209 645 440 8 0.0516 517 273 764 510 5 0.0515 374 383 637 627 3 0.0514 457 273 707 517 5 0.0513 389 202 644 438 5 0.0513 484 600 739 828 8 0.0512 576 539 808 767 0 0.0510 321 202 575 447 7 0.0509 435 668 698 897 11 0.0503 444 520 701 753 11 0.0503 542 481 901 668 3 0.0502 576 486 830 715 8 0.0501 399 143 640 372 6 0.0500 399 203 646 442
hr02RkNIiCWk7yQE4oOBtuMm2pi4n354,5 0.0651 379 0 643 192 11 0.0635 396 469 649 701 11 0.0616 274 409 639 599 5 0.0598 435 522 694 769 8 0.0592 189 398 442 639 3 0.0590 261 475 634 666 8 0.0590 379 0 640 193 7 0.0588 397 464 650 702 0 0.0584 384 0 647 197 7 0.0576 252 319 514 564 11 0.0570 378 0 646 195 11 0.0567 248 323 516 562 6 0.0563 381 3 652 191 5 0.0558 176 465 443 711 10 0.0557 379 4 646 189 0 0.0556 436 532 702 767 6 0.0553 240 80 508 321 11 0.0553 182 470 449 710 8 0.0551 247 323 504 568 0 0.0551 239 80 504 320 8 0.0550 271 410 623 602 6 0.0548 273 477 644 659 11 0.0544 372 600 645 833 8 0.0543 445 472 693 705 7 0.0540 383 0 652 195 5 0.0539 196 404 563 593 0 0.0537 185 398 449 637 3 0.0535 439 532 703 774 11 0.0535 631 0 882 213 5 0.0534 293 79 561 327 6 0.0534 217 408 581 596 8 0.0533 241 83 497 319 7 0.0531 185 465 444 709 13 0.0530 303 82 575 328 6 0.0528 442 531 706 765 5 0.0525 254 253 504 497 7 0.0524 196 252 448 497 8 0.0524 764 0 1015 209 3 0.0523 207 405 566 601 0 0.0522 629 0 881 216 8 0.0521 434 592 697 826 11 0.0520 761 2 1023 212 3 0.0520 384 0 645 198 5 0.0515 759 0 1020 211 13 0.0514 385 0 655 194 13 0.0513 190 402 459 640 7 0.0513 379 596 651 839 5 0.0512 104 403 386 636 8 0.0511 112 464 380 708 5 0.0509 369 591 639 836 0 0.0509 765 1 1023 215 13 0.0508 269 474 638 661 13 0.0508 766 1 1023 215 11 0.0508 233 84 508 320 6 0.0505 319 131 590 386 8 0.0505 517 526 762 765 0 0.0505 273 412 638 602 3 0.0504 304 82 569 334 11 0.0501 401 316 656 538
8viECgNTMZU3E3YSyiEcjYrY6J6TaQIF,0 0.0625 4 0 239 210 0 0.0624 439 723 698 964 11 0.0616 285 483 650 668 11 0.0610 315 327 569 562 8 0.0604 434 775 679 1022 5 0.0602 424 776 679 1018 11 0.0602 432 778 680 1020 11 0.0600 0 671 321 848 0 0.0600 398 667 750 858 7 0.0588 435 777 690 1023 11 0.0580 494 727 745 960 7 0.0574 454 458 705 708 11 0.0573 496 516 757 760 6 0.0569 432 783 688 1022 3 0.0566 442 722 696 964 7 0.0562 508 588 757 837 6 0.0559 503 658 750 900 11 0.0557 375 531 632 763 7 0.0556 568 793 823 1023 0 0.0556 449 459 701 710 0 0.0555 314 323 564 566 11 0.0553 562 794 814 1022 11 0.0552 399 667 751 854 5 0.0552 0 661 311 854 6 0.0550 4 3 247 206 5 0.0550 500 585 751 831 8 0.0548 2 0 229 205 5 0.0547 0 0 237 204 2 0.0546 491 790 742 1023 0 0.0545 376 527 632 767 9 0.0539 429 781 685 1018 0 0.0539 0 671 316 860 5 0.0538 554 790 811 1019 6 0.0538 0 671 324 850 13 0.0537 322 323 574 567 0 0.0537 320 447 573 697 6 0.0536 289 479 657 666 8 0.0535 320 449 568 695 7 0.0535 5 0 247 207 3 0.0534 320 324 569 570 3 0.0534 97 678 423 861 13 0.0533 453 461 707 709 7 0.0533 324 527 579 770 6 0.0532 323 325 576 565 8 0.0532 318 323 563 565 7 0.0532 321 389 570 637 3 0.0530 381 527 631 771 10 0.0529 0 4 243 209 8 0.0528 565 792 808 1023 3 0.0528 327 450 576 699 8 0.0528 3 667 311 856 8 0.0525 503 522 753 766 3 0.0523 455 461 700 716 2 0.0522 508 595 751 833 6 0.0521 505 518 763 766 5 0.0521 373 524 626 762 7 0.0521 568 521 831 767 13 0.0520 494 786 749 1021 2 0.0520 0 7 242 209 0 0.0518 259 203 511 449 5 0.0514 501 460 765 707 13 0.0513 5 1 253 205 8 0.0510 402 667 743 856 13 0.0509 503 657 757 902 10 0.0509 430 781 682 1022 7 0.0509 99 672 431 850 13 0.0508 573 468 838 703 5 0.0508 310 320 563 561 8 0.0505 381 528 624 766 3 0.0505 461 2 715 249 10 0.0505 316 329 569 561 13 0.0504 101 675 441 858 10 0.0503 493 727 744 962 9 0.0503 435 518 683 757
QjsXW6CoWgltLtU9alZcQhJJdSaA9n7H,0 0.0560 567 454 826 700 0 0.0542 430 801 688 1016 11 0.0540 518 481 872 659 5 0.0524 560 450 821 698 5 0.0518 487 285 741 519 8 0.0516 570 451 816 700 0 0.0514 488 399 749 639 13 0.0505 567 457 833 704
Rq9bz5vRIEfDzCVEgxtq6NKYDlVGbaQr,11 0.0598 373 0 641 199 0 0.0567 305 0 565 197 8 0.0564 306 3 557 196 0 0.0559 506 340 754 580 8 0.0553 507 333 746 581 8 0.0553 303 276 560 515 6 0.0544 304 1 571 198 3 0.0538 381 0 639 208 11 0.0532 298 283 569 512 11 0.0527 427 336 691 571 13 0.0525 384 4 650 199 8 0.0517 480 477 821 672 11 0.0516 239 4 513 194 7 0.0515 515 334 759 581 7 0.0513 246 0 513 198 3 0.0512 250 0 507 202 0 0.0511 478 479 836 674 13 0.0509 292 332 572 581 3 0.0509 375 269 625 511 5 0.0509 237 0 506 195 8 0.0507 256 132 504 363 3 0.0507 513 338 757 590 13 0.0504 376 270 632 503 5 0.0504 235 270 504 505 5 0.0502 370 0 634 201
HZgRDMjFuckNS9qxVpxawKuOR8BLVflS,5 0.0658 183 783 427 1021 8 0.0650 187 779 428 1023 7 0.0637 189 783 433 1023 8 0.0622 323 784 563 1023 11 0.0621 187 785 431 1020 5 0.0604 319 786 562 1019 0 0.0597 187 785 430 1023 6 0.0596 190 788 432 1023 11 0.0593 321 789 568 1020 7 0.0585 405 681 768 857 13 0.0584 191 784 435 1023 10 0.0584 187 787 431 1021 11 0.0583 395 680 763 857 7 0.0573 325 786 572 1023 5 0.0571 392 676 756 856 10 0.0569 394 682 760 858 6 0.0563 323 794 569 1023 3 0.0560 190 783 431 1023 6 0.0560 400 682 767 859 2 0.0550 187 787 430 1023 0 0.0548 325 790 570 1023 0 0.0544 396 679 763 860 9 0.0542 184 785 431 1022 13 0.0540 407 682 773 860 13 0.0527 327 789 574 1023 10 0.0527 322 790 567 1020 3 0.0514 402 680 762 864 3 0.0508 327 788 569 1023 8 0.0506 396 679 755 858 1 0.0503 318 779 571 1023
KjyWsb7cmj7J5iEoasQ6WXB2hX29L2lP,5 0.0636 496 382 760 636 7 0.0609 504 388 769 636 0 0.0602 500 391 761 639 8 0.0596 439 399 693 637 8 0.0591 510 447 765 692 11 0.0582 440 336 704 567 11 0.0580 516 222 767 442 0 0.0578 565 158 828 381 6 0.0578 513 448 780 697 8 0.0574 518 216 759 446 11 0.0573 504 452 778 689 0 0.0571 515 222 764 445 0 0.0565 382 335 647 576 5 0.0565 514 214 765 442 6 0.0560 443 333 709 572 6 0.0559 524 223 769 440 3 0.0555 507 389 764 640 11 0.0548 378 400 649 639 10 0.0540 501 396 766 634 8 0.0539 382 468 622 708 13 0.0539 511 450 780 697 2 0.0535 440 340 703 575 2 0.0533 502 152 769 373 13 0.0529 445 334 707 571 13 0.0529 503 145 774 374 0 0.0529 379 462 624 719 7 0.0527 386 398 652 647 2 0.0526 503 398 764 638 3 0.0526 385 401 649 651 5 0.0522 566 153 827 377 10 0.0518 518 224 765 442 3 0.0516 521 220 766 449 7 0.0512 521 219 769 442 5 0.0511 372 390 643 645 12 0.0508 385 334 648 574
Mgr1Kxn5IxQDCUorzzBbGE3IhZB28aO4,0 0.0606 584 281 839 512 5 0.0573 634 331 891 574 6 0.0566 646 331 902 577 0 0.0565 473 413 830 602 6 0.0564 477 413 833 601 5 0.0555 465 408 818 598 11 0.0554 600 422 950 600 8 0.0543 3 534 240 769 11 0.0540 244 407 497 637 13 0.0537 602 422 959 607 8 0.0535 477 411 823 600 7 0.0534 479 411 838 601 8 0.0533 440 526 699 769 8 0.0527 521 277 770 509 11 0.0525 436 405 708 643 11 0.0525 586 282 838 506 11 0.0519 0 541 249 764 8 0.0513 645 333 890 575 10 0.0510 436 406 714 645 3 0.0510 603 422 948 609 3 0.0510 526 281 777 519 0 0.0504 195 336 435 586 11 0.0501 189 335 434 576
fczfgK6U9fdpbWRbcPFPXZmeajMwI3B9,11 0.0566 261 338 515 568 0 0.0563 195 85 439 315 5 0.0560 323 325 570 562 7 0.0547 193 330 444 574 5 0.0539 248 272 502 498 5 0.0539 181 327 442 569 0 0.0538 116 348 393 586 0 0.0537 261 334 511 572 3 0.0536 261 336 514 577 0 0.0535 197 276 436 505 8 0.0533 325 268 563 490 11 0.0530 325 275 574 491 8 0.0530 208 350 560 528 6 0.0526 257 531 515 771 11 0.0523 194 280 443 497 0 0.0522 466 601 706 828 11 0.0521 116 354 403 579 5 0.0521 749 518 1007 760 11 0.0520 392 598 646 823 5 0.0519 326 585 569 824 3 0.0516 328 269 574 498 6 0.0516 398 596 649 824 7 0.0515 331 328 577 566 5 0.0514 317 459 575 699 5 0.0511 247 389 502 629 0 0.0510 193 514 442 771 0 0.0508 323 407 578 638 5 0.0507 246 526 504 767 13 0.0506 196 332 451 578 7 0.0504 255 395 509 634 13 0.0503 259 530 516 776 0 0.0501 327 590 571 832
0LrSrRnzvNGVLqJT5uYZSu1J43awBZNO,11 0.0501 797 3 973 315
HwBliat8UBmkc16nhSblCE5Rjxg1PIwU,0 0.0582 249 714 504 972 7 0.0577 254 716 504 965 11 0.0563 175 343 446 575 8 0.0556 252 716 495 968 11 0.0555 248 720 502 965 7 0.0547 58 353 322 578 11 0.0534 54 353 318 575 8 0.0528 175 523 425 743 8 0.0528 119 346 371 586 11 0.0522 170 531 437 740 13 0.0511 119 347 391 589 0 0.0510 233 397 496 635 8 0.0510 173 277 423 511 6 0.0505 168 403 443 638 5 0.0503 168 274 433 512 7 0.0503 178 524 436 745 8 0.0502 234 397 487 632 13 0.0502 234 399 504 637
PGIjFxWDNT1reQwuEltpG8g0ArRoXKfm,11 0.0674 433 395 707 631 8 0.0638 437 394 701 633 11 0.0607 316 449 571 691 5 0.0600 311 269 557 503 0 0.0599 435 396 707 635 11 0.0596 310 276 563 500 3 0.0589 313 279 558 507 13 0.0584 317 278 567 504 7 0.0578 316 274 564 507 13 0.0577 438 395 707 631 5 0.0570 373 384 637 631 3 0.0570 319 385 574 631 5 0.0568 434 590 693 839 0 0.0568 313 212 564 439 13 0.0565 319 381 581 627 0 0.0564 311 604 575 848 5 0.0563 310 597 571 838 8 0.0560 313 382 570 624 8 0.0556 384 461 639 702 7 0.0555 446 459 712 706 11 0.0554 554 401 838 614 8 0.0554 312 278 554 502 7 0.0549 374 389 641 638 6 0.0540 438 398 710 631 2 0.0538 379 394 636 634 13 0.0537 312 155 580 384 11 0.0533 250 384 516 625 11 0.0531 303 157 574 383 0 0.0529 316 449 570 696 0 0.0528 433 662 690 911 2 0.0528 318 279 562 505 3 0.0526 441 397 704 640 5 0.0525 486 384 767 626 10 0.0523 437 399 705 633 8 0.0523 325 527 565 768 8 0.0522 305 153 558 383 5 0.0522 190 522 446 772 13 0.0522 389 463 649 703 11 0.0519 314 607 572 840 6 0.0519 318 276 565 502 0 0.0517 378 152 634 378 7 0.0517 494 391 777 631 11 0.0515 452 533 704 771 0 0.0513 261 525 510 779 5 0.0513 441 454 703 698 0 0.0511 555 402 839 622 8 0.0510 459 529 700 774 0 0.0509 453 532 709 776 7 0.0505 380 591 642 842 8 0.0504 198 527 443 779 7 0.0504 263 522 515 775
L5EWd2Fj9SOjjMG7ScpPWYAiQp3CoIcy,5 0.0654 246 264 508 509 8 0.0635 338 332 581 576 11 0.0630 252 270 510 506 0 0.0630 389 203 651 442 11 0.0626 332 337 589 571 6 0.0625 337 401 585 639 5 0.0619 378 262 648 515 10 0.0618 249 271 508 509 7 0.0617 388 268 655 518 3 0.0610 337 332 588 578 8 0.0601 327 461 568 696 6 0.0600 393 334 651 579 8 0.0598 253 266 503 512 8 0.0597 447 326 697 566 8 0.0596 509 275 756 501 0 0.0595 250 210 509 444 0 0.0593 335 331 585 577 13 0.0591 335 401 587 642 7 0.0591 324 458 582 697 7 0.0590 259 267 510 512 6 0.0588 259 269 511 510 0 0.0581 326 457 575 698 2 0.0580 447 277 701 503 3 0.0579 220 280 570 473 13 0.0578 326 273 594 515 3 0.0572 451 325 705 572 8 0.0571 388 140 641 374 5 0.0571 377 397 637 640 10 0.0570 335 338 589 574 11 0.0567 325 465 579 694 5 0.0564 504 270 755 501 6 0.0564 389 205 658 439 11 0.0564 444 332 704 568 13 0.0560 393 335 650 578 2 0.0558 387 210 650 443 11 0.0557 450 223 710 445 12 0.0556 336 333 585 576 8 0.0555 563 345 814 576 0 0.0552 514 226 769 442 9 0.0552 333 336 586 572 12 0.0551 255 268 508 509 0 0.0547 563 346 824 574 9 0.0546 217 280 571 466 7 0.0538 390 146 655 379 5 0.0537 376 142 647 373 2 0.0532 325 275 585 514 2 0.0530 382 406 639 641 0 0.0530 627 409 901 646 6 0.0529 450 274 704 503 3 0.0529 327 462 576 698 10 0.0522 325 465 578 693 12 0.0522 386 399 643 645 13 0.0521 252 212 517 446 11 0.0518 563 344 825 577 3 0.0517 455 219 707 451 7 0.0516 511 275 765 503 0 0.0514 456 86 715 315 5 0.0513 562 339 814 576 3 0.0508 387 141 651 381 13 0.0506 389 144 660 375 6 0.0504 573 348 826 574 11 0.0503 585 474 949 654 9 0.0501 322 463 576 691 8 0.0501 518 163 766 383 12 0.0501 450 324 705 568
kaDsPhuo2aP4lpzerU6jYyvw11p9pFKA,0 0.0554 247 672 628 846 7 0.0553 253 589 512 831 7 0.0550 128 724 375 964 11 0.0550 254 528 519 764 0 0.0550 255 523 519 770 11 0.0548 181 728 436 966 11 0.0535 362 658 622 893 5 0.0531 309 592 569 832 8 0.0529 260 525 506 764 10 0.0527 247 591 509 829 8 0.0526 187 597 425 828 7 0.0515 256 711 508 968 0 0.0514 175 650 431 905 7 0.0513 321 531 578 770 8 0.0509 314 597 563 832 8 0.0507 122 724 362 961 7 0.0507 181 653 432 901 11 0.0505 110 657 372 887 6 0.0505 124 729 377 965 13 0.0503 314 600 580 836 11 0.0501 246 653 499 894 11 0.0501 182 597 438 826
iickNm9tqfgH2eIDEZMxi2fISnlVcRya,5 0.0642 257 524 518 768 5 0.0616 383 393 655 631 8 0.0606 383 331 644 561 0 0.0604 326 459 577 702 7 0.0601 390 396 664 635 0 0.0598 267 525 522 775 3 0.0591 394 394 659 640 0 0.0587 139 603 386 838 5 0.0585 397 517 639 766 0 0.0583 384 336 653 560 6 0.0582 392 397 664 632 8 0.0582 325 397 574 624 5 0.0581 440 284 705 514 11 0.0578 389 400 655 633 5 0.0577 316 457 573 697 11 0.0571 320 463 577 701 2 0.0571 399 529 643 774 3 0.0571 408 523 643 780 2 0.0571 385 344 650 560 13 0.0570 323 399 587 625 8 0.0567 391 454 637 706 7 0.0566 268 597 516 840 11 0.0562 139 606 387 833 7 0.0561 143 603 389 835 0 0.0560 459 405 722 643 13 0.0559 263 459 516 705 8 0.0559 338 525 583 776 7 0.0559 337 525 593 777 11 0.0558 401 524 644 770 5 0.0558 195 598 441 833 6 0.0557 450 463 715 704 6 0.0557 340 522 598 773 2 0.0556 458 411 721 642 5 0.0556 521 408 776 644 8 0.0555 137 602 379 836 0 0.0555 403 525 642 777 6 0.0554 517 579 767 834 8 0.0552 261 458 502 698 11 0.0552 261 664 515 896 6 0.0550 201 602 449 835 5 0.0549 514 515 772 774 5 0.0549 449 592 696 837 3 0.0549 323 457 575 707 2 0.0548 321 467 575 701 0 0.0548 329 667 576 910 11 0.0547 449 605 814 794 8 0.0546 190 535 440 771 6 0.0545 264 661 520 899 13 0.0545 341 524 597 777 8 0.0542 458 399 714 643 6 0.0540 132 669 391 907 13 0.0536 387 338 660 558 13 0.0536 270 597 523 841 0 0.0536 199 669 448 916 7 0.0534 402 591 645 841 7 0.0532 260 457 512 703 0 0.0531 454 605 701 848 11 0.0531 191 539 451 770 8 0.0529 264 597 509 838 6 0.0528 262 460 516 699 3 0.0525 261 528 520 776 5 0.0524 125 662 382 910 8 0.0523 201 668 442 918 6 0.0522 69 601 317 836 10 0.0521 378 345 659 560 10 0.0521 135 606 387 837 13 0.0520 395 458 651 703 2 0.0518 265 533 520 771 11 0.0517 387 668 640 903 3 0.0517 133 667 385 914 13 0.0513 143 605 395 840 7 0.0512 199 666 450 916 8 0.0511 391 668 637 907 0 0.0511 523 480 772 718 5 0.0510 256 656 510 895 12 0.0507 320 400 583 625 3 0.0506 446 292 709 521 0 0.0506 584 536 845 795 0 0.0505 519 724 755 976 5 0.0504 66 596 308 833 2 0.0502 522 482 776 713 7 0.0502 334 666 582 908 7 0.0501 194 534 454 773 7 0.0501 445 293 714 511
nT8Z2GOK1yMlplQhycFcQpZ8bFwM1A8t,11 0.0636 329 652 578 889 11 0.0634 373 789 623 1019 11 0.0626 377 258 653 496 5 0.0624 382 315 646 574 11 0.0613 439 330 702 577 5 0.0602 444 249 707 497 3 0.0600 385 257 651 502 8 0.0595 380 256 644 496 0 0.0591 448 258 707 497 13 0.0589 448 328 707 578 7 0.0580 389 319 655 581 8 0.0576 377 786 625 1019 3 0.0575 444 325 704 585 0 0.0574 503 330 758 584 0 0.0570 387 317 653 576 6 0.0569 385 256 658 497 11 0.0569 500 273 764 506 11 0.0569 315 330 578 583 7 0.0568 335 652 582 892 5 0.0565 302 385 561 645 7 0.0560 507 329 761 581 13 0.0560 314 393 572 649 8 0.0557 336 652 573 895 11 0.0557 449 592 701 828 0 0.0555 319 268 582 509 8 0.0550 312 395 559 645 11 0.0549 241 526 504 771 0 0.0548 380 189 640 424 0 0.0548 373 787 632 1023 5 0.0548 313 265 578 507 0 0.0548 316 583 577 829 5 0.0546 501 324 755 581 6 0.0543 337 653 583 889 7 0.0541 319 789 574 1017 6 0.0540 320 327 583 581 2 0.0539 450 263 705 498 7 0.0539 320 269 585 513 5 0.0537 115 0 368 206 3 0.0537 439 795 694 1023 5 0.0536 310 783 569 1011 6 0.0536 444 325 706 580 7 0.0535 449 256 710 501 8 0.0532 504 329 753 581 6 0.0531 377 785 631 1018 5 0.0529 373 178 635 422 0 0.0526 304 460 567 720 3 0.0525 335 655 578 897 10 0.0524 442 333 704 576 9 0.0523 438 329 702 574 13 0.0522 383 259 658 498 11 0.0522 568 332 827 577 11 0.0520 384 116 649 351 0 0.0520 248 211 512 452 1 0.0520 380 314 651 580 5 0.0520 240 466 492 716 7 0.0520 313 390 570 653 10 0.0519 380 261 654 498 3 0.0519 321 329 580 592 10 0.0518 316 333 580 584 7 0.0518 437 790 697 1023 6 0.0517 323 203 582 439 6 0.0514 305 462 573 718 13 0.0511 336 650 587 896 0 0.0510 259 346 513 590 3 0.0510 319 790 570 1019 8 0.0510 455 592 691 827 5 0.0510 429 786 688 1023 1 0.0506 441 252 708 500 13 0.0506 268 353 640 534 8 0.0504 318 203 567 440 8 0.0502 248 475 490 717 2 0.0502 335 660 579 892 9 0.0500 375 262 650 493
gZy7D4FPtA1MTnkyxwg1Fjgu8e5dpc3H,11 0.0599 312 648 577 888 5 0.0599 317 513 572 769 11 0.0594 390 526 645 767 5 0.0571 384 595 642 839 0 0.0567 387 605 643 845 8 0.0562 322 596 572 840 0 0.0555 323 392 578 623 7 0.0552 396 525 650 774 11 0.0550 255 525 523 775 6 0.0547 398 527 651 772 8 0.0545 381 665 634 896 7 0.0543 382 666 646 897 2 0.0543 393 606 646 840 11 0.0539 319 456 582 696 5 0.0535 175 457 441 698 8 0.0534 391 529 640 773 13 0.0531 325 518 583 772 0 0.0531 321 518 577 771 3 0.0528 394 528 647 777 2 0.0527 324 525 574 771 11 0.0527 373 727 640 960 8 0.0526 256 525 513 775 5 0.0522 249 599 517 847 10 0.0519 391 533 646 770 7 0.0519 326 453 584 701 5 0.0517 320 388 575 620 3 0.0513 322 597 579 847 3 0.0508 321 459 581 704 3 0.0508 385 667 643 905 8 0.0508 324 394 567 623 7 0.0507 256 392 511 635 9 0.0506 389 530 649 766 7 0.0506 180 462 448 700 8 0.0505 189 396 436 632 13 0.0503 397 603 649 841 10 0.0502 318 598 576 841
oQoaTNlU8A0eK3VCmEUp94SvRiGR5MVZ,0 0.0634 383 522 637 765 11 0.0631 384 527 637 762 8 0.0628 380 453 625 695 5 0.0621 309 395 563 634 6 0.0620 315 455 568 704 7 0.0606 386 328 637 577 11 0.0601 382 400 632 635 0 0.0600 383 398 629 638 7 0.0595 382 451 632 695 8 0.0594 384 332 628 577 0 0.0590 313 449 564 704 3 0.0584 379 454 628 702 5 0.0581 231 329 486 566 5 0.0580 376 590 632 836 5 0.0573 373 450 627 695 6 0.0568 385 525 643 763 8 0.0566 314 397 559 637 11 0.0565 381 271 641 505 7 0.0563 383 592 641 838 13 0.0563 389 523 643 764 8 0.0563 382 592 632 838 11 0.0562 312 455 563 699 0 0.0561 385 270 636 510 6 0.0560 387 401 634 636 6 0.0557 308 332 563 568 11 0.0556 301 330 557 566 2 0.0556 381 596 639 836 7 0.0549 318 395 565 635 3 0.0544 382 594 636 842 7 0.0544 399 210 653 440 10 0.0540 385 405 636 638 10 0.0539 312 457 567 702 13 0.0533 318 452 573 706 8 0.0532 394 211 646 437 3 0.0530 387 269 639 516 2 0.0528 317 404 564 636 5 0.0528 558 212 818 436 5 0.0526 376 327 630 572 6 0.0525 387 271 645 510 6 0.0524 191 342 448 571 3 0.0522 239 339 487 575 13 0.0520 388 399 638 639 7 0.0518 242 333 492 570 0 0.0518 304 328 556 568 8 0.0516 240 333 482 568 10 0.0514 301 336 559 566 10 0.0514 382 276 642 509 13 0.0513 241 334 497 573 10 0.0513 380 597 638 836 3 0.0512 313 398 563 642 9 0.0511 379 523 635 758 12 0.0508 384 454 632 697 5 0.0506 296 263 554 504 11 0.0503 559 214 825 433 7 0.0503 306 264 563 510 1 0.0502 375 445 629 694 1 0.0502 379 324 635 580
KaiwZrUe3PeSeLsaBvkJct8AgX79dJLM,0 0.0560 366 214 623 443 5 0.0558 362 208 618 441 6 0.0552 369 212 625 438 7 0.0549 373 213 624 441 11 0.0547 505 412 769 642 13 0.0539 374 213 630 441 11 0.0534 362 215 620 440 2 0.0525 369 215 621 442 0 0.0522 509 410 762 645 11 0.0513 425 84 700 307 6 0.0511 385 2 652 238 11 0.0511 439 2 707 195 3 0.0510 514 407 766 649 5 0.0510 503 401 756 643 10 0.0507 364 216 620 440 0 0.0506 443 1 704 197 6 0.0505 431 78 703 308 13 0.0503 489 542 758 758 8 0.0502 370 216 614 438 13 0.0501 512 410 774 642 3 0.0500 497 538 747 769
vKJsPXridRocAFLgcVaUi44DKehQ4ncu,8 0.0624 585 481 818 712 8 0.0593 527 259 768 509 5 0.0565 252 174 501 402 8 0.0563 251 37 482 253 11 0.0562 250 32 489 248 3 0.0562 256 36 492 262 11 0.0546 577 481 823 709 6 0.0537 258 32 493 253 5 0.0529 250 22 487 254 8 0.0529 124 275 368 526 5 0.0525 122 395 392 641 11 0.0524 122 278 372 524 0 0.0523 259 112 497 334 7 0.0521 181 24 430 263 11 0.0516 259 184 508 401 11 0.0514 123 398 394 644 8 0.0513 169 212 424 447 11 0.0513 529 264 781 501 6 0.0512 178 89 430 327 8 0.0510 258 186 499 400 6 0.0510 261 187 509 403 7 0.0509 262 177 510 407 5 0.0505 578 477 816 706 3 0.0504 259 186 507 412 11 0.0502 332 99 571 309 7 0.0501 132 596 381 828 0 0.0501 583 481 826 714
fs2ksG3w3QUwnXkOB5ZKwbZTKXeXNR54,5 0.0592 295 126 558 371 5 0.0585 564 79 817 319 5 0.0577 238 257 500 499 0 0.0567 244 21 514 248 11 0.0552 298 263 567 493 6 0.0551 305 258 568 494 8 0.0549 565 84 811 318 11 0.0548 630 89 880 310 10 0.0546 245 267 507 501 8 0.0539 187 724 446 965 0 0.0539 566 87 821 319 13 0.0534 246 262 512 507 8 0.0531 355 198 612 438 8 0.0527 247 261 498 500 8 0.0524 302 81 547 306 7 0.0521 192 725 455 964 13 0.0519 310 341 585 571 11 0.0518 246 340 514 574 10 0.0516 565 87 816 316 0 0.0516 685 0 958 219 8 0.0515 120 405 358 661 7 0.0513 570 84 822 320 13 0.0512 635 88 890 312 3 0.0511 574 85 819 323 6 0.0511 572 84 827 313 8 0.0511 309 338 566 566 6 0.0510 304 133 563 373 5 0.0510 181 723 452 959 11 0.0509 495 460 771 699 7 0.0508 506 461 776 701 11 0.0506 185 726 454 965 13 0.0506 504 461 772 700 5 0.0505 222 61 493 294 6 0.0503 254 335 517 573 6 0.0501 190 726 460 966 8 0.0500 185 0 429 203
H0gH12Ql3jKIt7vni1yUlyHGbqAvxJJR,5 0.0632 368 778 616 1017 6 0.0594 379 784 623 1017 5 0.0579 619 403 875 641 0 0.0579 508 339 755 566 7 0.0577 377 781 627 1022 0 0.0576 373 779 622 1023 10 0.0568 300 782 550 1020 11 0.0552 621 411 878 640 8 0.0552 378 779 614 1018 0 0.0543 627 410 880 646 8 0.0543 506 333 749 567 3 0.0541 281 345 654 540 7 0.0541 448 342 697 572 11 0.0538 498 410 756 628 3 0.0535 377 783 624 1023 7 0.0534 394 274 649 499 11 0.0528 372 784 618 1019 7 0.0528 503 405 759 628 0 0.0525 237 271 490 499 11 0.0525 271 347 652 533 13 0.0523 220 354 594 539 3 0.0520 628 411 878 651 13 0.0517 379 783 625 1023 5 0.0516 384 266 643 493 0 0.0515 388 272 645 494 10 0.0514 444 348 698 572 0 0.0513 571 269 833 499 5 0.0510 503 332 750 564 8 0.0507 572 265 819 498 8 0.0506 391 276 639 495 3 0.0505 503 409 758 638 7 0.0505 625 412 884 646 10 0.0503 498 413 756 629
hh8o076t23Kd3upz4N2NzeUnYG1gNf3o,5 0.0600 378 0 642 195 7 0.0598 506 335 753 583 11 0.0588 244 654 513 892 0 0.0584 502 339 747 583 11 0.0573 500 340 748 579 5 0.0568 130 664 491 855 5 0.0565 503 507 773 763 6 0.0561 510 404 753 642 8 0.0558 504 334 743 581 7 0.0557 388 0 649 199 3 0.0556 509 335 750 589 13 0.0550 513 407 757 650 6 0.0546 136 666 501 855 7 0.0542 142 665 503 853 5 0.0536 760 404 1008 642 8 0.0532 137 668 489 853 6 0.0529 508 521 782 764 7 0.0529 514 513 786 764 0 0.0529 368 666 642 902 10 0.0528 509 406 750 646 3 0.0525 516 90 767 315 5 0.0521 498 333 743 578 3 0.0520 390 2 644 203 13 0.0520 391 0 650 198 11 0.0519 380 2 644 199 0 0.0517 136 669 495 857 8 0.0516 512 516 770 765 8 0.0515 387 1 636 198 6 0.0510 442 330 688 564 11 0.0509 360 667 640 894 2 0.0508 512 407 749 646 5 0.0507 361 594 634 841 11 0.0504 505 520 777 762 0 0.0502 511 92 767 312 11 0.0502 763 409 1013 639 10 0.0502 132 671 500 851
764KbzDum526D37kcVA0kQqUs22qELPT,0 0.0599 426 663 702 904 0 0.0581 575 288 822 508 8 0.0577 427 663 694 902 11 0.0575 564 403 824 635 8 0.0563 579 337 818 562 11 0.0561 569 289 826 504 11 0.0551 423 667 699 898 11 0.0546 636 336 907 565 3 0.0545 574 284 823 512 10 0.0538 577 343 828 565 5 0.0538 567 284 818 505 5 0.0536 633 328 901 564 5 0.0533 551 460 809 704 6 0.0532 563 465 816 706 5 0.0530 422 659 695 904 13 0.0527 577 289 827 511 0 0.0526 642 334 905 571 7 0.0519 430 662 705 904 7 0.0516 427 779 698 1023 3 0.0515 570 399 822 644 7 0.0515 583 339 835 564 6 0.0510 581 340 831 562 0 0.0508 555 464 813 710 6 0.0507 435 586 696 826 8 0.0504 356 722 616 959 2 0.0502 578 344 830 565
0JB0ycC6q6OUQGnMMfbmrI8zYsum8WLL,5 0.0582 468 0 807 151 8 0.0579 440 17 690 246 5 0.0571 560 33 817 265 11 0.0564 437 19 698 246 7 0.0561 444 16 700 247 5 0.0561 436 17 699 246 5 0.0546 486 90 750 319 3 0.0544 497 92 752 328 7 0.0540 482 0 818 152 3 0.0539 444 19 697 254 8 0.0537 489 94 747 321 3 0.0536 473 0 813 156 3 0.0534 569 33 822 273 11 0.0532 485 96 754 315 0 0.0531 567 33 820 265 0 0.0530 473 0 816 151 11 0.0528 473 1 815 150 8 0.0528 565 31 812 264 7 0.0527 570 32 821 262 0 0.0526 442 20 703 249 0 0.0518 492 96 751 319 10 0.0516 489 99 754 320 8 0.0512 370 209 638 439 10 0.0511 563 36 820 267 11 0.0511 320 11 580 253 6 0.0504 570 35 827 266
HnbLbEgezZZOXIur57ZxPdEmYAbkM7Sv,8 0.0620 305 350 561 595 5 0.0615 462 393 711 636 8 0.0614 464 400 712 638 11 0.0613 372 218 643 444 11 0.0613 466 400 715 637 7 0.0612 469 398 719 638 0 0.0607 464 401 716 638 11 0.0604 515 530 786 768 11 0.0597 363 594 641 821 11 0.0586 300 278 562 512 0 0.0583 376 216 641 446 5 0.0582 304 347 566 594 8 0.0575 376 213 631 448 6 0.0570 467 399 720 639 6 0.0569 310 281 564 515 0 0.0566 306 352 567 593 3 0.0565 468 401 716 644 5 0.0563 371 213 636 442 7 0.0563 523 529 789 768 3 0.0563 378 214 641 449 6 0.0562 381 220 647 447 7 0.0562 381 217 644 447 7 0.0560 310 276 562 520 7 0.0554 386 524 652 765 0 0.0552 520 529 785 767 8 0.0551 521 532 779 769 10 0.0550 465 405 720 640 7 0.0545 327 416 581 664 10 0.0545 383 529 648 761 11 0.0543 317 419 579 660 0 0.0542 304 585 574 821 6 0.0531 392 522 654 761 2 0.0530 464 473 717 704 0 0.0530 386 523 648 765 5 0.0530 517 525 780 762 3 0.0530 307 277 560 521 2 0.0529 395 417 644 651 10 0.0525 307 359 567 594 5 0.0524 323 461 577 716 2 0.0518 391 528 650 768 9 0.0516 460 399 712 631 11 0.0516 4 739 249 969 13 0.0515 467 402 720 637 8 0.0511 387 528 639 764 10 0.0508 373 225 645 446 6 0.0507 311 586 580 815 13 0.0507 523 533 791 770
jUOa9soPz856SI1CjF18GTKi1R1jmCrD,5 0.0630 184 586 442 823 7 0.0607 191 591 445 826 11 0.0601 376 86 646 322 11 0.0591 242 589 504 825 11 0.0570 248 472 518 700 5 0.0559 245 464 515 701 6 0.0558 129 602 376 838 8 0.0555 190 591 436 826 3 0.0553 191 594 441 831 11 0.0553 115 605 374 834 11 0.0552 120 480 389 708 3 0.0548 384 85 645 334 11 0.0547 504 20 758 259 11 0.0545 365 532 638 761 2 0.0543 383 94 646 328 8 0.0542 324 140 584 389 6 0.0540 251 586 506 830 8 0.0540 372 528 629 766 10 0.0540 507 23 758 257 10 0.0538 244 593 507 832 5 0.0535 504 10 749 261 13 0.0532 330 139 597 386 8 0.0528 254 471 509 703 5 0.0528 321 69 574 316 0 0.0527 246 590 506 829 0 0.0525 119 602 373 840 0 0.0524 510 21 756 263 6 0.0523 329 74 581 320 0 0.0522 325 75 577 324 6 0.0520 516 17 762 258 13 0.0519 193 592 449 826 8 0.0519 253 1 510 194 3 0.0519 255 469 513 708 10 0.0516 377 94 646 328 5 0.0515 50 598 307 825 6 0.0511 377 474 634 712 3 0.0511 515 19 756 268 8 0.0508 513 18 751 261 2 0.0506 191 597 441 829 7 0.0505 327 138 594 389 5 0.0505 374 150 652 392 6 0.0504 264 139 510 388 8 0.0503 59 603 294 830 0 0.0502 371 531 636 767 13 0.0501 58 600 315 833 7 0.0501 513 20 759 262
r8VFTJ2dp0PpWWTgFSkDffFq8KwAnaJA,8 0.0686 185 591 432 834 7 0.0684 264 528 508 772 5 0.0676 128 592 373 841 11 0.0675 183 591 434 833 0 0.0675 130 593 377 841 7 0.0668 127 535 381 776 5 0.0657 257 527 504 773 0 0.0649 254 582 503 837 11 0.0633 257 532 505 772 6 0.0629 259 533 508 772 5 0.0627 183 477 427 714 8 0.0626 261 530 502 771 3 0.0619 189 592 435 838 10 0.0617 122 540 378 777 8 0.0614 180 480 425 712 3 0.0612 262 531 507 779 6 0.0612 186 593 438 835 10 0.0611 259 532 507 769 13 0.0588 133 594 381 839 13 0.0587 255 582 505 836 2 0.0581 256 585 503 837 6 0.0568 184 482 434 714 3 0.0565 186 483 431 721 2 0.0563 186 539 434 776 12 0.0562 185 534 438 776 1 0.0557 183 531 434 775 4 0.0552 260 532 508 774 9 0.0549 128 594 376 839 12 0.0549 187 651 432 904 2 0.0548 131 600 376 842 1 0.0540 183 646 432 900 9 0.0538 183 534 434 772 0 0.0535 120 480 378 719 11 0.0535 181 478 432 712 4 0.0534 188 592 437 835 13 0.0525 121 482 390 719 11 0.0514 457 466 692 707 7 0.0505 465 459 701 705
dBwa7hVPs8GrFfdbiYsPEC0cnKoaHzmB,11 0.0609 506 403 765 631 11 0.0567 247 476 512 719 0 0.0564 507 407 768 638 5 0.0555 501 402 761 633 8 0.0551 312 472 570 700 0 0.0547 311 467 571 710 8 0.0547 509 402 762 633 5 0.0538 301 536 573 773 7 0.0518 508 399 773 636 6 0.0515 315 469 575 707 11 0.0514 240 617 506 853 0 0.0509 243 616 505 865 3 0.0508 512 404 766 641 8 0.0504 556 492 808 723 11 0.0504 550 493 819 723
LQUMaaWO6AdoUJRO9gVoDlEIKtEwh1MT,7 0.0624 517 395 765 644 5 0.0612 511 389 763 641 11 0.0610 376 529 626 768 0 0.0606 503 522 758 770 6 0.0604 582 396 827 639 11 0.0599 498 526 761 765 7 0.0598 446 459 694 710 11 0.0597 447 401 698 651 0 0.0591 514 394 758 644 0 0.0591 443 458 692 713 8 0.0590 442 460 688 709 8 0.0586 583 396 818 640 7 0.0585 506 525 763 770 6 0.0583 443 528 693 771 0 0.0581 378 526 627 773 0 0.0581 576 466 824 706 8 0.0580 377 530 624 770 11 0.0576 436 598 691 836 11 0.0575 575 398 825 639 10 0.0573 642 398 896 644 5 0.0572 437 453 692 708 8 0.0572 304 463 565 710 7 0.0571 382 526 631 771 0 0.0571 438 596 691 840 9 0.0568 513 396 761 636 10 0.0566 575 469 830 701 5 0.0565 567 465 828 699 10 0.0565 513 398 762 644 5 0.0564 373 521 625 765 10 0.0562 440 530 690 771 3 0.0561 513 458 758 707 11 0.0560 623 539 897 777 13 0.0556 581 472 835 703 2 0.0551 441 533 692 771 7 0.0551 630 535 900 785 6 0.0546 452 401 703 654 7 0.0546 643 398 899 646 5 0.0543 299 458 568 706 2 0.0539 512 463 758 702 0 0.0537 640 396 891 649 0 0.0535 261 673 634 848 10 0.0535 372 466 631 706 5 0.0535 437 589 686 838 3 0.0535 583 394 825 647 13 0.0534 445 527 693 772 6 0.0534 576 525 832 771 7 0.0534 444 594 694 837 11 0.0533 303 463 568 708 6 0.0532 375 465 633 707 3 0.0530 444 529 691 778 2 0.0530 383 595 635 835 2 0.0525 580 402 822 642 13 0.0524 518 396 767 642 8 0.0523 440 596 684 838 1 0.0522 437 455 691 711 4 0.0520 512 462 762 702 9 0.0519 441 456 691 703 0 0.0519 630 531 888 784 5 0.0518 254 671 625 847 2 0.0518 376 466 630 708 8 0.0516 574 524 822 771 2 0.0513 321 528 570 772 5 0.0512 637 397 894 643 6 0.0512 504 595 766 843 12 0.0508 484 477 836 665 3 0.0508 383 594 635 840 13 0.0507 262 674 640 850 13 0.0503 629 534 901 784 8 0.0502 260 673 621 847 13 0.0500 644 401 902 648
kkvUjqUxArsmb4zSqsUIuxMz2fXDRoE7,0 0.0632 255 333 503 572 5 0.0612 290 716 569 958 0 0.0593 819 390 1023 646 11 0.0587 821 393 1023 638 11 0.0587 250 337 505 570 5 0.0585 368 776 622 1015 6 0.0567 321 781 586 1022 0 0.0553 255 726 530 971 8 0.0545 825 385 1019 641 5 0.0542 816 388 1021 642 11 0.0538 250 660 519 895 5 0.0537 249 330 500 570 8 0.0537 256 329 497 572 8 0.0536 257 726 521 966 7 0.0530 377 777 632 1019 3 0.0528 257 333 501 579 6 0.0528 255 332 507 572 11 0.0528 320 786 585 1022 3 0.0526 300 725 576 964 7 0.0518 251 654 522 899 10 0.0509 254 339 503 569 7 0.0508 261 779 519 1023 0 0.0506 373 665 636 908 8 0.0504 372 716 624 963 13 0.0503 258 335 507 572 13 0.0501 324 784 590 1023 0 0.0501 319 208 567 445 13 0.0501 828 387 1023 648 7 0.0501 258 329 506 572 6 0.0500 828 385 1023 640 5 0.0500 367 660 630 901
tULBti9m0atbxO8w60RJsyMXiimZlI1l,5 0.0620 308 199 566 428 5 0.0612 249 68 513 313 11 0.0602 567 345 844 577 8 0.0601 316 204 564 426 13 0.0590 311 17 583 255 8 0.0590 254 73 510 310 11 0.0588 251 72 520 309 11 0.0587 382 12 643 254 11 0.0582 317 152 581 368 0 0.0581 318 153 576 372 6 0.0575 252 145 513 377 10 0.0570 313 26 578 254 10 0.0570 320 155 581 369 6 0.0569 321 74 582 304 5 0.0568 378 65 637 310 3 0.0564 313 18 575 260 0 0.0564 314 20 572 255 11 0.0560 365 259 642 497 3 0.0555 319 147 578 376 7 0.0552 314 592 568 827 11 0.0550 306 594 568 828 6 0.0549 391 11 647 253 13 0.0546 322 147 585 370 11 0.0546 183 138 444 379 7 0.0544 257 70 518 315 0 0.0539 243 205 504 433 6 0.0538 248 17 514 253 11 0.0534 314 796 577 1012 8 0.0533 189 136 433 380 3 0.0533 388 70 642 319 7 0.0532 371 259 640 505 13 0.0532 389 72 649 310 8 0.0531 368 257 626 499 7 0.0531 316 202 574 431 3 0.0530 367 259 637 509 6 0.0530 371 260 638 500 7 0.0530 391 10 645 260 8 0.0527 387 72 637 308 10 0.0523 185 143 439 385 10 0.0523 244 210 505 433 5 0.0523 184 202 431 444 10 0.0522 388 81 647 307 13 0.0521 574 343 847 579 7 0.0519 247 727 519 962 13 0.0519 246 206 513 436 2 0.0519 246 21 509 253 8 0.0518 243 802 501 1023 7 0.0518 190 204 439 446 2 0.0515 249 146 504 377 3 0.0514 242 206 505 437 0 0.0510 569 343 838 580 2 0.0505 315 210 566 426 12 0.0504 314 18 579 260 8 0.0503 566 338 832 579 5 0.0503 238 719 515 959 6 0.0503 193 272 453 513 11 0.0502 238 729 521 958 0 0.0502 387 73 639 311 9 0.0502 309 204 572 423
UbpPQBFPg6C7VBNvOOVSep0jtfHuJDd6,11 0.0594 304 782 568 1014 8 0.0591 379 784 625 1023 0 0.0586 379 709 635 959 7 0.0577 445 273 704 511 5 0.0574 438 771 695 1012 7 0.0571 379 784 634 1023 6 0.0567 377 785 633 1023 13 0.0559 380 280 644 510 11 0.0556 367 200 640 431 0 0.0555 312 651 576 891 13 0.0553 382 782 635 1023 7 0.0545 238 784 504 1016 3 0.0542 454 779 700 1023 8 0.0541 430 197 690 439 8 0.0539 238 789 491 1015 11 0.0539 448 780 698 1016 3 0.0536 428 204 697 447 5 0.0533 375 701 627 950 3 0.0531 504 151 754 385 13 0.0531 436 202 708 440 7 0.0528 373 196 642 432 5 0.0528 422 193 694 439 6 0.0528 392 649 643 890 0 0.0527 368 193 639 437 11 0.0524 313 650 570 879 0 0.0524 391 594 642 830 6 0.0523 433 205 698 437 13 0.0521 241 792 505 1015 6 0.0520 384 338 637 573 0 0.0520 301 781 570 1019 11 0.0518 450 336 706 576 1 0.0516 369 779 628 1023 8 0.0513 392 648 637 891 5 0.0513 447 324 703 574 8 0.0512 310 710 564 952 11 0.0509 379 710 629 950 7 0.0506 392 646 648 892 13 0.0503 460 715 712 961 5 0.0503 300 772 561 1014
tSgbRUFpIyunQ8ESDo8f3WHHe7CukICH,11 0.0634 261 677 632 847 8 0.0629 401 670 754 852 11 0.0626 248 721 502 959 11 0.0623 441 600 696 833 0 0.0621 265 675 627 850 7 0.0620 203 682 575 850 8 0.0612 170 663 424 902 5 0.0610 193 678 559 853 5 0.0609 390 669 754 854 8 0.0609 253 796 490 1022 11 0.0601 165 667 432 901 5 0.0596 245 713 495 961 6 0.0594 327 672 702 851 7 0.0590 316 396 581 639 10 0.0586 192 683 566 852 11 0.0573 309 401 574 637 8 0.0570 246 530 490 770 7 0.0561 446 598 699 835 11 0.0559 323 800 562 1020 5 0.0557 370 714 623 955 0 0.0556 440 599 693 836 7 0.0555 251 800 503 1023 5 0.0553 312 397 569 635 13 0.0553 444 602 699 836 11 0.0552 375 720 627 950 13 0.0550 269 676 638 850 8 0.0550 310 397 569 635 3 0.0547 331 671 703 854 7 0.0545 379 717 632 958 13 0.0544 256 802 503 1023 6 0.0544 380 719 633 956 6 0.0540 245 590 504 839 0 0.0539 321 719 566 962 5 0.0539 317 792 560 1021 0 0.0535 246 533 497 774 6 0.0533 254 801 500 1023 8 0.0532 379 717 624 954 0 0.0531 319 341 564 584 13 0.0530 175 665 440 902 6 0.0529 170 664 435 902 2 0.0528 330 675 701 851 0 0.0527 251 802 496 1023 10 0.0523 439 599 693 834 10 0.0518 248 723 502 961 1 0.0509 167 658 431 907 3 0.0508 252 801 499 1023 6 0.0503 315 400 579 636
i0QHhzxOtq3M5XDfiJAk85IwkiFkdzoA,11 0.0640 570 273 820 506 8 0.0637 571 269 813 510 11 0.0605 642 214 877 436 5 0.0603 636 274 869 511 5 0.0596 570 213 819 451 11 0.0591 351 300 700 490 3 0.0566 578 275 817 515 11 0.0565 432 414 792 605 7 0.0563 362 296 701 491 3 0.0559 516 220 754 460 7 0.0557 438 416 792 610 11 0.0553 581 151 826 375 11 0.0552 649 391 882 633 7 0.0552 519 219 759 456 5 0.0546 650 380 879 636 8 0.0545 351 298 687 489 3 0.0541 357 297 696 493 5 0.0534 347 293 697 489 8 0.0532 433 410 774 608 5 0.0531 511 138 762 375 6 0.0530 575 274 820 511 6 0.0525 359 300 709 488 0 0.0525 514 219 756 456 0 0.0525 427 413 786 610 0 0.0520 353 301 698 492 0 0.0520 649 218 873 441 5 0.0520 177 389 434 621 8 0.0517 649 215 867 438 2 0.0515 573 276 817 510 3 0.0513 651 220 874 448 8 0.0512 519 142 761 379 0 0.0512 179 393 435 624 7 0.0510 646 213 878 440 10 0.0504 570 221 818 448 13 0.0504 574 271 824 510 7 0.0503 178 392 434 624 6 0.0502 653 219 875 439
JzAME9j5J2EMwdI3vP0FwImgQ26XE9oG,8 0.0671 317 533 575 773 0 0.0647 315 536 588 775 11 0.0633 315 533 579 770 5 0.0618 308 529 575 769 6 0.0593 313 539 593 775 7 0.0576 316 529 588 776 0 0.0532 319 142 576 386 3 0.0528 318 538 586 779 2 0.0520 319 543 586 772 11 0.0511 317 143 581 384 10 0.0505 314 535 585 773
kPSHIvQY1QChqwjR3nXDz4ktpscMXyFB,7 0.0686 499 336 757 570 0 0.0655 509 208 773 439 5 0.0653 503 276 764 507 0 0.0635 499 340 756 574 8 0.0623 508 281 765 507 0 0.0617 578 290 829 515 3 0.0616 632 389 878 627 8 0.0607 397 232 757 411 5 0.0603 627 205 890 433 11 0.0590 574 290 830 508 2 0.0589 512 214 773 435 11 0.0586 497 339 753 567 0 0.0582 626 394 872 623 10 0.0580 395 236 766 413 11 0.0580 626 391 873 615 5 0.0579 619 385 869 615 11 0.0577 702 452 950 690 3 0.0577 512 283 771 516 11 0.0576 508 209 772 434 10 0.0573 494 342 756 569 7 0.0572 578 287 830 509 8 0.0571 633 283 878 502 5 0.0570 438 202 708 432 6 0.0566 498 338 757 571 7 0.0565 511 206 774 434 3 0.0561 707 450 947 703 3 0.0561 636 282 888 510 8 0.0559 622 391 868 619 6 0.0557 511 208 776 434 6 0.0555 632 392 880 619 13 0.0551 502 335 760 566 6 0.0538 579 288 833 510 7 0.0537 629 388 876 618 3 0.0537 448 210 712 440 0 0.0535 635 211 891 437 5 0.0534 698 439 946 694 0 0.0532 334 63 587 310 13 0.0532 579 290 834 507 6 0.0529 640 209 899 435 2 0.0525 569 352 815 569 13 0.0524 405 232 773 414 11 0.0520 632 210 898 431 10 0.0517 572 291 831 510 0 0.0516 703 451 947 694 13 0.0513 337 63 595 304 7 0.0510 339 65 587 310 10 0.0509 627 399 877 613 9 0.0508 504 282 773 506 0 0.0507 121 785 381 1020 11 0.0504 124 788 383 1013 1 0.0501 393 227 766 415
pkf1saqSnucgmkhwpjaM1MRSLZxBrdmO,11 0.0677 693 332 958 563 8 0.0638 5 763 235 1014 8 0.0618 626 328 878 563 8 0.0608 12 592 255 842 8 0.0603 630 208 880 435 0 0.0600 1 764 242 1022 0 0.0595 8 596 263 847 7 0.0586 4 765 245 1020 11 0.0585 633 273 888 499 8 0.0582 697 393 938 631 0 0.0581 697 328 955 563 11 0.0580 562 150 818 369 0 0.0568 635 210 885 434 3 0.0567 5 703 245 955 11 0.0561 625 403 884 627 5 0.0559 553 210 818 434 3 0.0559 627 330 888 569 11 0.0556 765 263 1023 504 6 0.0556 1 767 246 1015 3 0.0554 698 393 946 637 8 0.0553 1 479 310 648 6 0.0552 703 327 959 563 5 0.0551 1 700 242 948 8 0.0551 771 331 1013 572 3 0.0546 565 215 820 442 3 0.0542 771 328 1023 575 8 0.0540 0 347 232 580 8 0.0539 713 261 948 497 5 0.0539 9 592 258 840 2 0.0539 627 333 887 561 6 0.0536 11 524 259 782 8 0.0534 94 783 355 1023 0 0.0533 562 149 812 370 2 0.0532 561 222 817 434 11 0.0529 11 601 264 840 8 0.0529 561 148 809 369 8 0.0528 698 144 931 375 13 0.0528 770 329 1023 574 11 0.0527 1 770 244 1014 11 0.0526 0 350 236 583 5 0.0524 698 197 951 436 3 0.0524 16 594 260 847 11 0.0523 90 789 363 1018 3 0.0523 640 155 885 378 8 0.0520 628 451 867 692 13 0.0520 768 196 1023 447 5 0.0519 629 267 886 501 10 0.0518 765 337 1023 570 11 0.0517 0 482 322 648 5 0.0516 0 477 311 650 11 0.0516 697 202 955 437 3 0.0516 509 149 765 381 0 0.0513 97 789 364 1023 8 0.0511 770 192 1015 443 7 0.0511 560 218 820 437 5 0.0509 690 322 950 564 7 0.0508 12 595 265 845 0 0.0508 52 707 314 951 13 0.0507 15 521 265 786 10 0.0506 6 526 257 778 7 0.0506 641 272 890 500 5 0.0504 499 142 764 372 3 0.0503 2 349 240 593 5 0.0502 0 343 234 584 10 0.0502 507 155 765 371 7 0.0501 2 345 240 586
dgxUBmoda12cGh656klncTz5gPGLPa4V,8 0.0658 253 657 495 896 8 0.0650 316 778 555 1020 7 0.0633 319 780 562 1022 11 0.0632 250 660 501 893 5 0.0625 314 781 557 1019 7 0.0604 256 659 501 898 5 0.0603 246 655 498 897 0 0.0599 254 657 502 900 3 0.0594 252 657 499 904 11 0.0593 316 783 560 1017 6 0.0592 319 785 561 1020 10 0.0582 249 663 499 895 13 0.0566 320 781 564 1023 0 0.0563 293 516 553 757 0 0.0560 316 780 561 1022 11 0.0553 305 320 569 555 0 0.0551 298 386 563 627 6 0.0550 254 659 502 896 7 0.0547 310 268 569 498 3 0.0545 320 780 560 1023 10 0.0538 316 786 559 1018 7 0.0535 197 264 448 519 11 0.0533 290 520 556 752 8 0.0527 291 513 547 749 11 0.0527 65 209 322 443 5 0.0525 193 263 442 516 8 0.0519 251 314 498 558 6 0.0517 249 315 510 556 2 0.0515 318 786 564 1022 7 0.0513 296 513 561 751 0 0.0512 246 313 508 560 11 0.0512 195 206 454 440 13 0.0510 257 658 506 900 10 0.0509 290 521 557 749 6 0.0507 197 203 455 442 11 0.0506 308 211 571 430 7 0.0503 304 381 566 624 11 0.0501 239 392 503 636
JzWZXSGHST0TMf40Lb0e0GIBIIMZ047k,8 0.0647 443 259 690 510 5 0.0634 297 395 557 645 8 0.0625 453 390 688 635 5 0.0623 441 258 694 508 10 0.0623 444 267 698 508 0 0.0622 452 388 697 638 11 0.0621 444 391 698 633 5 0.0613 440 128 696 365 11 0.0613 306 515 563 752 0 0.0608 270 414 625 602 7 0.0606 348 408 699 593 5 0.0601 391 36 728 224 5 0.0601 321 258 574 511 0 0.0599 652 455 900 708 5 0.0599 447 386 696 633 8 0.0599 308 343 552 596 5 0.0597 375 334 629 580 11 0.0596 441 263 699 506 11 0.0595 507 136 758 369 13 0.0595 657 454 909 707 6 0.0593 383 392 640 637 6 0.0593 384 262 640 507 7 0.0590 536 393 782 640 3 0.0590 454 388 696 642 11 0.0590 299 398 562 644 8 0.0587 653 450 893 706 10 0.0585 338 410 697 593 13 0.0584 347 471 702 659 0 0.0580 382 129 634 373 13 0.0578 538 391 780 644 8 0.0577 446 130 688 362 3 0.0576 449 131 700 370 8 0.0576 305 461 552 704 0 0.0576 505 138 754 371 0 0.0573 306 460 563 709 8 0.0573 381 187 633 437 13 0.0570 444 262 699 508 0 0.0570 444 261 696 510 0 0.0567 323 257 579 515 11 0.0566 654 400 895 643 3 0.0565 304 398 558 654 13 0.0562 449 131 703 363 0 0.0561 572 274 823 503 7 0.0559 653 453 904 707 3 0.0559 385 456 640 712 3 0.0557 389 11 644 261 6 0.0557 448 136 703 367 7 0.0557 448 263 696 511 2 0.0556 446 139 695 365 8 0.0555 320 64 565 306 6 0.0555 315 516 567 750 5 0.0554 647 451 897 700 11 0.0552 379 132 638 371 10 0.0552 447 142 700 364 13 0.0552 380 339 636 584 5 0.0551 306 512 556 749 5 0.0550 701 613 950 842 5 0.0549 763 401 1018 646 7 0.0549 630 588 896 833 7 0.0547 326 259 577 511 3 0.0547 449 260 696 514 0 0.0544 244 512 488 766 2 0.0543 447 269 694 510 8 0.0542 573 269 818 503 8 0.0542 385 12 637 251 10 0.0541 322 269 577 515 12 0.0541 447 337 691 588 0 0.0541 769 407 1023 651 6 0.0540 317 196 574 446 8 0.0540 166 464 411 722
uXdCqNybIJbuxHuzVk1enFaH654UssjM,8 0.0624 429 11 692 252 11 0.0602 368 127 634 375 0 0.0601 436 69 707 320 5 0.0597 424 8 697 252 8 0.0596 509 84 757 328 7 0.0592 373 196 632 448 5 0.0588 508 392 763 638 11 0.0587 424 12 698 252 8 0.0584 517 335 760 573 13 0.0584 509 82 777 330 7 0.0584 432 12 703 253 3 0.0583 381 72 639 323 3 0.0580 374 196 631 453 5 0.0579 505 268 760 521 0 0.0577 510 337 767 578 8 0.0575 434 271 688 519 0 0.0572 413 1 768 158 7 0.0571 441 123 707 378 3 0.0571 508 83 768 336 11 0.0567 509 337 769 570 7 0.0567 435 269 701 523 0 0.0562 505 141 763 388 8 0.0562 373 198 624 446 3 0.0562 515 336 767 584 13 0.0562 373 194 639 442 7 0.0560 519 397 774 641 8 0.0558 510 206 753 453 6 0.0558 430 12 704 253 5 0.0554 432 333 693 583 6 0.0553 445 197 701 446 13 0.0550 435 269 704 521 6 0.0547 519 395 777 635 0 0.0547 367 6 632 253 3 0.0547 435 272 700 526 5 0.0546 499 133 755 389 9 0.0545 431 69 711 313 5 0.0544 363 119 632 374 13 0.0544 348 96 710 280 9 0.0542 443 199 700 441 0 0.0541 513 462 772 704 13 0.0540 508 206 768 454 10 0.0540 427 15 702 254 11 0.0538 509 464 771 702 6 0.0538 443 338 706 583 8 0.0538 435 401 693 636 5 0.0537 175 809 445 1021 8 0.0535 306 139 558 385 5 0.0534 570 472 831 709 10 0.0534 370 200 631 447 3 0.0533 506 206 765 460 11 0.0532 304 206 570 448 6 0.0532 373 124 638 376 11 0.0530 428 401 702 638 7 0.0529 509 200 766 456 6 0.0529 184 812 451 1022 11 0.0527 428 269 698 519 8 0.0524 514 459 764 698 3 0.0523 344 2 690 164 2 0.0522 438 72 704 318 3 0.0521 519 463 769 710 8 0.0519 185 813 438 1023 13 0.0518 518 463 776 700 3 0.0516 507 3 763 203 13 0.0516 440 402 706 641 13 0.0515 245 342 509 564 2 0.0514 343 229 699 408 13 0.0512 506 0 774 195 13 0.0511 513 336 771 574 5 0.0509 303 193 566 444
zxxt4VNvrRQHUL58LBI4zDb11JZZ5NKz,0 0.0606 302 653 558 893 11 0.0602 358 666 627 888 8 0.0589 300 653 553 888 0 0.0575 426 672 691 892 11 0.0570 316 590 564 817 11 0.0566 440 610 695 828 3 0.0552 427 669 693 898 7 0.0550 428 669 698 888 8 0.0548 423 671 686 888 6 0.0537 428 672 699 891 0 0.0532 380 593 632 828 13 0.0529 325 591 575 822 5 0.0522 296 650 553 887 6 0.0516 304 658 562 890 10 0.0513 317 589 561 818 7 0.0512 305 657 562 888 8 0.0512 382 594 624 824 10 0.0504 362 667 625 886 7 0.0504 385 597 639 824 5 0.0501 377 592 628 818
EcrY6WdEzev5Kp8YXjn48YoXqgvoYc8O,8 0.0622 491 793 740 1023 11 0.0613 436 720 696 958 7 0.0611 492 794 754 1022 5 0.0611 482 792 742 1019 0 0.0609 492 793 749 1023 0 0.0596 309 260 567 494 10 0.0586 310 268 563 489 11 0.0583 445 332 693 557 11 0.0582 485 797 746 1019 11 0.0580 501 273 743 495 0 0.0579 567 659 830 894 13 0.0578 493 798 756 1023 11 0.0577 375 267 632 489 13 0.0563 312 258 573 497 7 0.0550 441 719 699 963 5 0.0550 431 715 689 960 8 0.0549 563 658 818 894 7 0.0546 571 657 832 892 3 0.0542 441 722 697 968 10 0.0541 436 723 694 962 6 0.0540 440 720 696 962 10 0.0538 489 801 750 1022 5 0.0537 304 255 562 492 7 0.0537 380 263 631 494 7 0.0534 456 331 698 563 8 0.0524 435 718 685 965 11 0.0522 311 322 573 564 10 0.0517 499 671 764 900 3 0.0516 506 667 766 906 5 0.0515 439 203 690 431 6 0.0514 492 801 750 1022 6 0.0514 315 263 569 492 11 0.0514 565 731 833 957 2 0.0510 489 800 748 1023 5 0.0508 565 724 826 961 3 0.0508 445 266 681 504 11 0.0508 443 210 693 435 0 0.0501 439 273 682 498 2 0.0501 439 721 690 968
lt1J5OcInCWDFWy3B203nAPzXeqFXm9k,0 0.0642 318 212 564 459 6 0.0629 322 212 569 456 8 0.0628 389 257 629 496 5 0.0628 382 250 632 496 11 0.0622 385 259 634 500 11 0.0616 518 261 766 502 0 0.0615 388 136 632 386 11 0.0598 441 199 701 433 0 0.0595 518 320 765 575 5 0.0593 512 256 761 497 13 0.0586 393 256 639 499 6 0.0585 444 198 706 431 7 0.0584 445 195 701 433 11 0.0578 387 472 638 705 2 0.0576 388 260 632 497 13 0.0574 446 197 708 431 13 0.0574 323 151 580 395 11 0.0571 429 777 696 1008 5 0.0570 384 130 629 381 3 0.0569 393 135 635 390 8 0.0569 519 259 761 500 11 0.0568 633 282 891 515 7 0.0566 322 216 568 455 8 0.0564 443 198 697 432 6 0.0562 263 333 516 571 7 0.0561 522 258 767 502 10 0.0560 443 200 704 432 6 0.0559 520 259 771 498 3 0.0558 393 473 634 713 3 0.0557 522 261 764 507 2 0.0556 389 144 632 379 5 0.0554 427 773 693 1010 3 0.0553 392 257 634 503 10 0.0552 518 262 769 499 11 0.0549 332 88 579 310 0 0.0546 0 740 253 977 10 0.0546 390 260 637 497 13 0.0545 257 388 508 631 11 0.0544 255 336 511 567 6 0.0543 437 777 702 1012 6 0.0542 575 328 818 581 13 0.0541 392 472 642 709 6 0.0538 640 281 888 516 0 0.0538 257 336 508 573 13 0.0537 526 321 776 575 0 0.0533 394 469 634 711 0 0.0532 331 86 570 317 8 0.0531 339 88 567 313 7 0.0531 391 466 638 708 7 0.0531 577 327 819 583 2 0.0529 517 263 763 500 11 0.0526 3 742 257 973 0 0.0524 355 779 626 1023 0 0.0524 651 342 884 593 8 0.0522 259 331 505 572 13 0.0522 264 224 526 460 8 0.0519 573 326 809 583 5 0.0519 568 325 814 580 7 0.0518 438 779 698 1013 11 0.0517 568 332 817 577 13 0.0515 362 779 630 1023 3 0.0515 577 329 818 588 10 0.0513 769 414 1021 635 9 0.0510 435 199 702 427 11 0.0509 496 539 761 773 8 0.0509 638 283 873 515 11 0.0508 256 153 522 393 3 0.0505 337 83 577 318 12 0.0504 444 194 704 433 8 0.0504 390 534 634 767 8 0.0503 435 777 691 1014 6 0.0503 392 472 641 707 0 0.0500 768 412 1022 641
WjuZradc5UEcjgkqSfQPj0utafPvM8cs,11 0.0639 424 732 696 955 7 0.0621 435 789 693 1023 0 0.0615 428 791 691 1023 5 0.0612 421 790 684 1019 8 0.0611 433 789 683 1022 3 0.0606 431 789 690 1023 7 0.0584 158 796 522 982 13 0.0580 85 807 468 985 5 0.0570 365 724 627 957 13 0.0567 435 792 696 1023 8 0.0560 374 723 626 965 10 0.0558 370 731 634 959 11 0.0550 439 464 701 706 10 0.0547 428 798 692 1021 6 0.0537 433 792 690 1020 6 0.0535 158 797 521 979 7 0.0532 446 465 704 704 0 0.0527 439 464 702 710 11 0.0526 390 393 639 626 11 0.0526 141 801 520 981 13 0.0520 379 727 637 963 6 0.0516 447 463 703 707 3 0.0515 444 462 700 714 5 0.0512 138 792 513 980 12 0.0510 432 790 689 1023 10 0.0509 146 800 513 980 9 0.0508 428 792 690 1018 0 0.0507 390 391 638 631 3 0.0501 154 799 514 988
QGAApbbvtJpFoEaQCwlit91O7Hoy44sL,11 0.0595 373 596 637 832 8 0.0587 371 592 626 832 5 0.0585 368 591 632 832 7 0.0580 310 465 571 715 13 0.0576 374 593 642 834 13 0.0573 308 466 576 714 10 0.0571 302 473 568 713 5 0.0571 301 460 567 710 7 0.0565 376 593 639 837 11 0.0556 303 469 569 710 7 0.0551 261 263 514 508 8 0.0549 258 267 504 505 10 0.0546 371 600 633 831 0 0.0544 307 468 570 718 0 0.0538 369 594 635 839 3 0.0538 373 595 633 840 2 0.0530 373 601 633 832 0 0.0527 1 722 256 982 6 0.0526 307 471 569 712 8 0.0519 308 470 561 712 10 0.0517 253 269 513 507 6 0.0515 371 598 640 834 3 0.0512 257 267 509 513 0 0.0506 254 265 513 509 9 0.0505 300 468 567 708 9 0.0503 367 594 636 832 5 0.0503 253 263 509 506 13 0.0502 258 267 519 513 3 0.0500 309 469 567 718
BJyXeagxT7GGEkHu5zlI3NjDeeB2Yt8Q,11 0.0578 488 333 756 572 8 0.0568 446 461 685 698 6 0.0561 447 531 685 765 11 0.0560 444 460 692 695 0 0.0557 561 279 815 522 0 0.0557 631 224 885 469 0 0.0555 502 395 753 641 5 0.0555 704 0 1023 164 6 0.0545 498 336 764 578 2 0.0544 713 2 1023 162 11 0.0544 582 14 828 247 8 0.0544 563 271 808 523 0 0.0542 378 454 630 691 5 0.0539 500 388 743 636 8 0.0539 713 2 1016 161 2 0.0538 494 341 764 578 8 0.0537 376 519 608 751 8 0.0537 491 331 749 585 7 0.0536 446 456 697 698 11 0.0536 707 0 1022 161 3 0.0531 717 2 1023 166 5 0.0530 560 274 812 517 8 0.0528 437 610 673 832 11 0.0528 432 610 684 831 13 0.0526 715 2 1023 164 8 0.0517 115 346 380 585 11 0.0514 291 791 562 1011 6 0.0514 570 282 822 518 3 0.0512 453 462 691 703 0 0.0511 711 0 1021 165 5 0.0510 642 0 884 254 11 0.0510 119 408 392 647 11 0.0509 370 517 620 751 7 0.0509 436 607 685 832 6 0.0508 716 0 1023 167 3 0.0505 509 393 751 646 7 0.0501 718 0 1023 165 13 0.0501 393 331 676 551 6 0.0500 382 458 634 686
mjD00tG3Os2GWIN5dFa3rvCGuq4bac8i,8 0.0572 436 13 690 251 0 0.0558 301 0 565 199 8 0.0548 301 0 556 197 11 0.0540 574 2 833 206 7 0.0536 307 1 566 193 5 0.0533 429 12 696 250 13 0.0531 311 0 570 197 5 0.0524 298 0 560 194 11 0.0523 299 1 569 196 0 0.0523 436 16 703 253 11 0.0521 432 17 705 252 13 0.0514 442 18 706 247 8 0.0509 576 0 821 212 3 0.0501 442 16 699 260 0 0.0500 577 0 829 210
xob66MLnFFbCofvu5RzhPf0ipAspKNoy,11 0.0623 103 355 376 581 5 0.0592 161 404 429 643 0 0.0583 572 465 838 707 11 0.0580 565 388 834 629 5 0.0580 565 377 830 633 8 0.0571 171 466 424 703 11 0.0563 108 465 363 694 11 0.0556 243 340 508 575 7 0.0552 560 796 811 1020 8 0.0551 109 404 368 640 11 0.0546 435 629 698 849 13 0.0542 317 519 582 773 7 0.0542 574 387 838 636 13 0.0542 172 463 438 703 11 0.0539 297 455 564 701 11 0.0533 425 386 697 632 7 0.0532 115 352 380 583 6 0.0528 572 384 838 633 11 0.0528 378 284 640 517 7 0.0524 112 461 370 701 7 0.0521 306 455 570 711 11 0.0520 375 790 620 1021 11 0.0519 556 801 801 1015 3 0.0518 172 467 429 705 11 0.0517 497 481 779 701 7 0.0517 511 479 779 708 7 0.0517 380 784 627 1023 3 0.0516 572 384 831 639 8 0.0516 572 384 829 634 5 0.0515 374 613 633 845 0 0.0512 167 464 431 705 6 0.0511 111 354 380 583 5 0.0510 705 270 953 520 13 0.0509 382 783 635 1023 0 0.0509 377 785 620 1023 13 0.0508 574 385 839 635 13 0.0506 390 666 642 909 11 0.0506 108 221 381 444 10 0.0504 109 360 375 583 0 0.0504 430 546 699 782 0 0.0504 557 798 809 1022 7 0.0500 435 546 700 784 8 0.0500 509 478 767 705 13 0.0500 561 799 812 1018
rLbxIaX5jtMoo8VY2tI81N7nKqo2KjDS,5 0.0528 764 15 1022 256 13 0.0524 777 24 1023 254 0 0.0519 770 19 1023 259 8 0.0506 771 20 1014 252 11 0.0504 764 23 1023 253
qSOEpvSmo94cUpgfog30EI9Crxeu2CXP,11 0.0562 248 592 511 813 7 0.0561 252 590 518 819 7 0.0540 392 600 650 837 8 0.0536 327 590 565 818 11 0.0536 312 468 573 701 11 0.0532 386 602 641 837 11 0.0531 322 667 578 891 0 0.0520 315 468 578 706 13 0.0517 326 664 581 897 8 0.0516 386 679 631 902 7 0.0515 327 664 579 894 0 0.0515 388 602 647 840 13 0.0512 473 521 712 769 3 0.0512 327 665 574 900 7 0.0512 473 514 715 766 7 0.0511 400 463 655 704 8 0.0511 319 468 565 700 13 0.0510 405 469 654 705 11 0.0509 467 518 709 768 5 0.0506 383 596 639 834
6xq4mHeZTQx6EpVECOrJI07qKo4XbtYu,11 0.0606 571 594 824 831 11 0.0601 573 462 831 699 8 0.0594 579 460 825 702 0 0.0590 575 590 826 835 13 0.0590 579 589 832 833 0 0.0574 576 463 830 700 8 0.0565 575 594 819 832 6 0.0555 572 524 831 761 11 0.0554 635 534 878 765 3 0.0552 574 593 826 837 11 0.0547 625 672 889 902 3 0.0545 579 462 832 708 5 0.0539 573 460 827 700 5 0.0537 569 589 823 831 13 0.0536 578 464 837 703 7 0.0534 577 459 833 704 7 0.0533 576 592 829 832 7 0.0525 432 718 699 951 0 0.0520 422 718 696 953 6 0.0519 636 602 882 837 10 0.0518 573 595 824 831 10 0.0508 631 474 884 701 9 0.0507 571 591 827 829 9 0.0503 575 465 832 698
XfT5R7rb3750gDredmMBOxTzbsd6gs3n,5 0.0690 511 780 747 1019 5 0.0682 129 870 490 1020 8 0.0675 135 870 493 1023 11 0.0644 186 781 429 1014 11 0.0639 323 782 565 1019 7 0.0636 517 780 755 1021 5 0.0635 319 780 560 1019 0 0.0635 511 783 750 1023 8 0.0635 515 782 746 1023 7 0.0632 256 784 497 1023 8 0.0625 325 779 561 1023 11 0.0624 513 784 752 1017 10 0.0623 131 874 499 1023 0 0.0617 186 780 431 1019 0 0.0607 323 781 566 1023 10 0.0605 323 784 565 1021 13 0.0602 189 782 435 1017 6 0.0597 137 875 501 1023 13 0.0585 326 783 569 1023 3 0.0577 518 784 749 1023 3 0.0565 258 782 495 1023 11 0.0563 763 273 1023 516 2 0.0557 515 787 751 1022 11 0.0551 101 400 373 621 6 0.0551 513 787 752 1023 13 0.0547 518 785 755 1022 2 0.0546 133 875 496 1023 6 0.0544 326 787 567 1023 5 0.0542 112 339 385 568 9 0.0540 183 783 433 1015 5 0.0533 625 410 902 649 8 0.0531 156 404 413 628 10 0.0530 516 785 750 1020 7 0.0524 160 398 426 629 11 0.0523 162 342 446 558 9 0.0522 321 785 565 1019 0 0.0521 169 336 436 562 0 0.0516 767 276 1020 523 9 0.0515 511 783 749 1017 10 0.0515 766 276 1023 514 7 0.0508 768 273 1023 520 4 0.0507 186 783 433 1018 1 0.0505 133 870 497 1023 2 0.0505 325 785 566 1023 11 0.0503 625 416 904 645 6 0.0501 767 272 1023 518
azfhhJmZAAvsQkRH7lehXf2qszmnDBSY,11 0.0610 612 327 878 564 5 0.0598 370 717 610 966 5 0.0597 501 726 739 979 0 0.0580 374 723 614 972 7 0.0577 183 395 432 630 5 0.0574 178 324 434 562 7 0.0574 512 734 751 985 7 0.0568 383 726 621 966 11 0.0554 375 733 612 966 6 0.0552 380 726 621 966 5 0.0552 609 320 874 564 0 0.0545 187 328 435 563 11 0.0544 183 325 441 563 6 0.0543 625 326 885 567 11 0.0540 507 474 760 704 13 0.0536 384 725 619 969 0 0.0535 510 340 770 581 8 0.0531 181 394 420 636 5 0.0530 497 399 753 634 3 0.0525 379 725 615 970 11 0.0521 501 738 743 977 8 0.0515 379 723 609 967 13 0.0513 560 336 819 575 11 0.0510 375 526 635 766 8 0.0509 628 262 874 512 0 0.0508 505 733 745 985 8 0.0507 507 400 754 641 6 0.0505 507 736 749 983 6 0.0505 186 395 436 632 10 0.0505 373 726 614 967 0 0.0504 444 286 713 513 2 0.0504 379 730 617 970 6 0.0504 564 405 812 640 8 0.0503 614 390 869 628 13 0.0502 510 738 747 986 0 0.0501 124 260 385 498 8 0.0500 506 731 736 983
a7NWjQ0yTIN1lT33t1YGZIUSItiz2GJP,11 0.0547 556 721 812 961 0 0.0535 312 650 570 905 11 0.0535 373 22 641 244 0 0.0535 365 781 619 1023 0 0.0533 489 783 742 1023 8 0.0528 436 778 672 1016 11 0.0527 581 589 824 829 0 0.0525 375 20 643 248 7 0.0523 560 769 812 1011 11 0.0523 4 280 244 505 8 0.0514 559 715 802 963 7 0.0513 252 784 510 1020 0 0.0510 553 718 809 970 0 0.0510 251 783 508 1023 0 0.0509 8 280 246 514 7 0.0509 315 710 580 971 13 0.0507 447 10 720 241 8 0.0507 313 778 556 1023 11 0.0505 250 790 508 1020
PqUu2pvwvPWcDYml3qszxSyNFxzN7b1m,0 0.0560 187 659 432 894 7 0.0526 188 658 439 889 11 0.0509 183 661 436 889
FCqasqEoTxNCR1WGMzBdd5KTe1urMTsY,8 0.0548 237 717 496 979 7 0.0539 380 605 644 845 0 0.0529 381 607 636 843 5 0.0523 367 658 615 900 8 0.0509 375 665 609 900 13 0.0506 239 717 514 981
9SfaSQJvoIKyamr2aICoaMhNxb4GNWbi,11 0.0587 240 397 503 630 5 0.0542 238 390 501 631 7 0.0538 187 448 440 704 7 0.0512 450 664 708 888 11 0.0511 440 667 702 883 11 0.0506 240 248 523 488 11 0.0504 179 457 440 701 0 0.0503 455 336 702 566 11 0.0502 380 399 651 632 0 0.0501 182 456 440 703
AzGS2U5yh0FJeY3lzcPfGJi2NmheS0GF,11 0.0548 249 598 506 825 0 0.0538 252 597 507 825 11 0.0532 251 450 508 693 0 0.0522 521 357 776 575 11 0.0512 190 525 449 752 5 0.0510 856 0 1023 391 5 0.0510 178 384 448 619 5 0.0504 242 522 494 759 11 0.0502 302 528 559 755 0 0.0502 186 321 447 561 7 0.0501 189 389 449 621
t7ErTLemPGZo0oafV3xGWUuSvnO2TZgL,5 0.0613 578 391 825 638 11 0.0606 576 395 835 634 8 0.0599 577 391 824 640 6 0.0595 249 317 504 549 0 0.0590 251 266 498 495 11 0.0586 249 265 503 490 7 0.0583 581 397 830 640 5 0.0572 166 315 426 539 13 0.0571 582 397 835 638 0 0.0565 580 394 829 640 11 0.0562 320 327 574 549 0 0.0555 322 328 569 553 6 0.0551 584 396 833 637 0 0.0551 171 320 426 547 8 0.0550 244 317 495 552 13 0.0549 189 263 439 489 5 0.0543 247 262 496 490 7 0.0541 255 263 504 495 3 0.0541 243 322 499 557 5 0.0540 700 407 939 634 3 0.0537 582 398 829 643 2 0.0534 579 399 833 637 10 0.0534 580 399 829 636 6 0.0534 183 395 444 631 11 0.0526 166 319 432 537 7 0.0526 326 327 573 555 11 0.0524 442 343 711 561 11 0.0522 580 283 835 515 13 0.0520 245 319 508 552 5 0.0519 580 276 829 516 0 0.0519 247 395 508 626 0 0.0518 708 409 944 640 5 0.0515 448 397 706 630 6 0.0514 190 263 433 487 10 0.0513 253 268 501 492 13 0.0512 178 394 451 634 0 0.0510 440 343 707 562 8 0.0510 186 260 425 488 8 0.0509 580 280 822 518 8 0.0507 446 398 703 631 7 0.0505 455 401 711 631 5 0.0505 179 191 426 415 6 0.0503 592 279 837 516 0 0.0501 389 404 646 631 7 0.0500 250 395 514 627 11 0.0500 500 77 751 300
NVihu1Hvki7rUh4QlavMSeNVYqy1qYzC,11 0.0653 579 0 841 196 5 0.0624 573 0 835 197 0 0.0619 572 24 833 273 8 0.0604 522 0 866 155 13 0.0590 385 98 652 333 13 0.0585 408 0 777 150 3 0.0577 578 24 838 275 9 0.0573 574 0 839 195 8 0.0557 576 584 825 825 6 0.0555 575 26 837 271 0 0.0553 445 20 720 262 8 0.0550 557 720 812 956 8 0.0547 379 158 629 402 11 0.0545 406 1 766 148 13 0.0543 577 0 847 200 13 0.0541 582 583 837 828 7 0.0535 573 23 837 269 10 0.0535 572 31 835 263 6 0.0527 577 585 837 826 5 0.0525 632 591 889 831 6 0.0525 449 90 706 316 7 0.0522 635 592 899 834 2 0.0522 506 26 776 268 11 0.0521 573 586 834 822 0 0.0518 496 716 764 958 0 0.0516 576 584 835 828 11 0.0513 443 92 706 317 13 0.0509 332 25 597 253 0 0.0508 437 152 699 387 8 0.0501 446 91 697 321
DLSf5WPUzgq9ReJncDxdNCllLQyEISB1,11 0.0662 378 732 638 964 11 0.0659 271 869 629 1022 11 0.0645 448 596 697 832 0 0.0645 446 596 694 837 10 0.0642 378 735 635 964 5 0.0639 267 867 625 1022 5 0.0638 440 726 693 962 8 0.0632 278 868 626 1023 0 0.0624 442 734 696 967 3 0.0618 384 664 637 901 3 0.0615 447 730 692 966 7 0.0612 330 423 693 602 5 0.0609 447 589 691 833 11 0.0607 591 596 848 839 7 0.0606 381 733 641 968 0 0.0604 276 871 631 1023 8 0.0602 449 593 689 832 6 0.0595 317 728 574 960 6 0.0593 385 600 638 834 5 0.0593 376 661 634 898 7 0.0582 278 869 639 1023 10 0.0582 382 602 633 834 7 0.0580 448 527 693 769 10 0.0579 272 872 629 1023 8 0.0579 443 731 689 963 13 0.0578 279 871 637 1023 13 0.0578 521 608 775 843 0 0.0577 314 728 571 966 3 0.0576 454 593 692 839 5 0.0576 310 723 568 960 13 0.0575 387 602 641 836 6 0.0575 520 605 771 839 7 0.0575 412 679 760 861 6 0.0575 276 872 633 1023 10 0.0571 442 661 694 893 6 0.0567 447 527 689 769 2 0.0566 444 737 697 967 11 0.0560 317 344 582 586 10 0.0559 515 608 765 841 11 0.0558 384 276 646 496 3 0.0558 281 870 629 1023 3 0.0557 319 731 573 967 10 0.0553 242 733 495 958 13 0.0552 325 344 585 589 2 0.0551 387 605 637 838 2 0.0548 280 872 633 1023 2 0.0546 314 730 573 967 6 0.0546 446 734 701 962 0 0.0541 591 596 842 841 13 0.0538 319 732 577 964 0 0.0536 384 274 643 503 0 0.0533 318 405 588 651 11 0.0532 240 729 500 958 8 0.0532 316 730 567 963 5 0.0531 365 6 645 241 2 0.0531 519 609 769 844 7 0.0530 394 273 646 500 5 0.0526 380 270 641 498 5 0.0525 586 591 839 838 12 0.0523 386 667 639 900 8 0.0520 595 590 839 842 8 0.0520 387 269 637 500 13 0.0519 190 212 446 442 9 0.0519 377 731 637 962 5 0.0519 311 400 582 647 12 0.0514 317 730 573 963 1 0.0514 272 867 633 1023 7 0.0514 662 589 902 829 6 0.0513 341 352 714 533 12 0.0512 276 868 634 1023 3 0.0512 392 274 640 504 7 0.0511 248 729 507 960 9 0.0510 405 678 757 858 8 0.0510 318 24 569 262 0 0.0510 319 84 580 318 10 0.0508 390 278 647 501 13 0.0508 394 272 650 500 4 0.0507 380 736 641 966 1 0.0507 440 731 696 965 4 0.0506 387 605 641 838 2 0.0505 447 535 691 770 2 0.0503 315 410 592 648 3 0.0502 332 423 690 603 11 0.0502 174 214 441 435 13 0.0501 447 529 696 770
lA7t28nhWNRolQfdkWMROFqQLgpLWPrX,7 0.0598 522 452 759 692 11 0.0590 518 455 757 687 11 0.0566 575 596 819 826 7 0.0558 645 76 881 316 0 0.0557 699 0 1023 162 11 0.0556 697 2 1023 159 8 0.0555 704 0 1015 161 11 0.0555 703 80 949 320 5 0.0552 760 0 1011 202 0 0.0552 516 451 755 694 8 0.0548 369 0 622 207 0 0.0546 575 597 825 836 5 0.0545 515 447 753 688 6 0.0544 705 0 1023 160 3 0.0543 582 81 818 321 8 0.0542 519 397 765 625 8 0.0526 711 77 940 325 13 0.0524 522 455 763 691 6 0.0520 368 0 636 204 6 0.0520 521 454 760 691 3 0.0517 521 452 759 695 11 0.0515 359 3 633 202 7 0.0514 580 593 824 833 11 0.0514 576 84 820 309 10 0.0505 760 1 1016 202 0 0.0502 364 0 633 211 3 0.0502 768 2 1018 208 3 0.0501 371 0 631 211
k6b7QTg7LqgoG9v5S3Re6yd3CpzZulfm,11 0.0548 298 667 568 888 11 0.0537 164 420 440 642 11 0.0516 511 347 774 576 13 0.0508 174 420 446 648 11 0.0507 165 550 453 773 8 0.0506 171 419 429 647 8 0.0505 445 336 693 565 3 0.0502 519 345 765 585 7 0.0501 451 331 706 568 5 0.0501 441 327 695 568
e3s8W0LPBZqQl0ZJM9mrsj1Jhi5d4dHc,8 0.0634 5 0 249 219 0 0.0623 8 2 256 222 6 0.0619 63 609 320 851 0 0.0601 62 607 316 854 5 0.0587 0 0 251 219 7 0.0587 61 532 309 780 11 0.0586 0 423 245 645 8 0.0584 67 604 309 852 11 0.0569 62 608 315 851 3 0.0559 8 4 259 228 5 0.0550 508 191 763 445 0 0.0547 56 461 308 705 8 0.0543 1 418 238 651 5 0.0543 0 416 236 646 3 0.0539 521 266 769 526 11 0.0538 498 124 757 362 6 0.0535 6 0 263 218 7 0.0530 4 0 260 221 10 0.0530 65 611 315 852 11 0.0530 3 0 258 216 8 0.0528 516 268 763 520 5 0.0528 60 602 311 852 0 0.0520 513 196 762 444 7 0.0519 518 195 769 447 7 0.0518 373 791 642 1023 10 0.0517 5 1 257 222 5 0.0513 572 264 825 513 6 0.0513 523 264 774 519 6 0.0511 504 121 760 362 3 0.0505 1 418 244 657 10 0.0502 500 123 758 364
gCVmOBRwKrVuZB1SbHNR78HVdiHpaCK4,11 0.0633 176 739 437 956 11 0.0610 513 543 762 771 8 0.0608 516 540 755 769 0 0.0607 453 793 699 1023 5 0.0601 0 643 256 883 5 0.0598 8 754 369 942 5 0.0597 514 535 752 768 7 0.0594 516 543 766 770 7 0.0583 128 737 383 966 7 0.0580 456 792 703 1023 11 0.0580 315 796 572 1021 5 0.0575 449 790 692 1019 11 0.0568 301 142 573 369 6 0.0564 454 795 701 1023 0 0.0564 301 141 569 377 6 0.0563 17 755 379 945 8 0.0561 14 752 369 944 0 0.0558 11 606 245 836 3 0.0558 519 542 758 775 7 0.0558 322 795 579 1023 13 0.0558 17 750 389 944 8 0.0556 4 648 247 884 0 0.0554 180 735 434 964 8 0.0553 385 792 628 1022 13 0.0553 273 90 634 279 0 0.0548 514 542 759 773 0 0.0544 318 795 574 1023 3 0.0544 453 794 698 1023 11 0.0541 0 650 260 876 6 0.0541 312 140 577 375 13 0.0541 3 799 276 1022 10 0.0541 519 544 758 771 10 0.0540 2 651 258 885 7 0.0538 9 646 261 888 5 0.0538 312 790 570 1018 8 0.0536 383 77 631 323 6 0.0536 4 651 256 885 13 0.0535 458 794 703 1023 11 0.0534 271 90 626 275 8 0.0533 307 137 565 377 2 0.0533 17 757 373 947 11 0.0532 451 794 695 1022 3 0.0532 21 757 372 953 6 0.0531 2 804 272 1023 13 0.0529 518 539 770 771 3 0.0528 384 80 638 327 6 0.0524 136 802 393 1023 11 0.0524 229 217 508 461 6 0.0522 281 90 631 277 8 0.0522 257 806 504 1022 3 0.0522 310 138 573 376 0 0.0522 448 139 705 369 13 0.0521 140 805 389 1023 7 0.0519 309 138 575 375 5 0.0517 123 798 386 1018 10 0.0513 237 219 496 465 8 0.0512 139 801 378 1023 5 0.0509 296 137 568 372 6 0.0507 518 545 766 772 2 0.0507 454 799 699 1023 0 0.0506 0 719 267 951 3 0.0500 321 797 578 1023
CY1OKPIKX7nH5z6KvwGARG2ehQZnYDBK,11 0.0598 567 660 837 883 8 0.0596 497 653 755 894 7 0.0587 501 650 768 893 11 0.0583 421 661 700 906 0 0.0582 497 650 762 893 5 0.0575 368 591 636 834 5 0.0572 495 644 760 892 0 0.0566 627 552 880 772 7 0.0564 434 723 701 972 11 0.0562 363 732 636 969 6 0.0558 631 551 885 774 11 0.0553 624 549 879 771 3 0.0551 431 661 701 918 11 0.0550 247 329 514 575 7 0.0546 629 548 886 777 13 0.0546 629 552 887 770 6 0.0546 379 598 641 834 11 0.0542 369 598 636 833 8 0.0542 626 552 874 771 7 0.0541 375 597 639 839 3 0.0539 575 660 835 894 11 0.0539 497 729 765 963 8 0.0537 426 725 687 972 7 0.0537 576 718 840 950 0 0.0535 572 715 836 956 8 0.0534 251 328 503 580 13 0.0533 575 658 843 887 5 0.0526 425 716 688 965 13 0.0524 373 727 649 973 8 0.0524 374 600 629 835 0 0.0523 429 719 694 969 5 0.0520 624 543 878 773 3 0.0519 377 600 639 844 8 0.0518 572 718 828 954 0 0.0518 373 595 633 837 5 0.0518 314 518 571 761 13 0.0516 379 598 644 836 11 0.0514 315 523 574 759 5 0.0513 243 325 508 575 9 0.0511 623 549 882 770 5 0.0509 569 711 833 950 10 0.0504 498 654 767 892 13 0.0504 506 723 774 968 0 0.0502 318 528 572 766 6 0.0502 373 728 639 971
t9tTYlw6F0JLx4JCmtziYujBFy4rCkws,11 0.0570 125 802 378 1017 5 0.0548 120 791 370 1019 7 0.0538 199 789 451 1023 0 0.0537 769 782 1023 1023 8 0.0531 777 781 1016 1020 6 0.0531 129 802 379 1018 8 0.0525 768 649 1016 891 5 0.0523 762 640 1016 895 11 0.0522 247 785 506 1017 8 0.0521 127 794 367 1017 11 0.0518 763 651 1023 888 3 0.0511 774 650 1022 897 0 0.0508 195 793 447 1022 8 0.0506 252 782 495 1020 5 0.0506 307 379 575 632 0 0.0504 317 323 582 577 13 0.0503 199 789 452 1023
YUwi9qyC0C7FbImAKG3aGMkjtTvCCKRf,11 0.0627 180 261 441 514 0 0.0619 179 206 437 450 7 0.0602 249 257 498 511 8 0.0591 182 258 431 520 8 0.0587 445 465 696 698 11 0.0583 515 343 771 575 11 0.0583 242 203 499 434 5 0.0582 447 344 708 583 11 0.0580 389 677 647 898 8 0.0577 436 725 690 965 0 0.0575 506 541 759 769 8 0.0575 521 340 764 583 7 0.0571 461 347 717 584 11 0.0571 577 275 826 506 7 0.0571 375 790 638 1014 6 0.0570 250 203 499 436 8 0.0570 509 538 754 767 0 0.0569 247 264 496 510 11 0.0568 425 803 700 1018 5 0.0568 381 214 650 435 5 0.0562 503 209 762 451 10 0.0561 453 353 714 584 5 0.0561 177 255 434 514 11 0.0559 392 338 654 564 11 0.0558 388 221 662 434 0 0.0556 516 404 769 640 5 0.0556 239 198 489 432 3 0.0553 433 798 696 1023 6 0.0551 187 262 438 519 8 0.0550 245 199 488 436 11 0.0550 450 402 707 637 8 0.0549 387 218 650 437 8 0.0547 581 274 820 511 3 0.0547 390 217 656 443 8 0.0546 508 213 760 454 5 0.0544 440 462 697 692 5 0.0543 437 719 691 965 8 0.0543 390 337 648 573 3 0.0541 246 263 493 515 8 0.0539 570 138 816 378 3 0.0538 393 336 656 577 5 0.0538 373 393 637 639 3 0.0536 515 280 757 526 6 0.0534 392 338 657 568 7 0.0534 324 206 593 426 6 0.0533 637 219 890 462 11 0.0532 508 478 768 696 11 0.0531 309 733 574 950 11 0.0530 506 213 766 450 6 0.0529 185 132 447 375 10 0.0528 388 225 664 437 0 0.0528 629 220 887 464 6 0.0527 577 136 829 377 11 0.0527 570 137 824 375 13 0.0527 250 263 502 509 5 0.0527 565 133 819 375 10 0.0526 247 270 499 508 7 0.0525 450 463 708 695 13 0.0524 515 475 772 704 5 0.0523 503 538 754 760 7 0.0523 396 676 645 901 3 0.0520 517 478 766 709 6 0.0519 448 469 707 695 13 0.0517 523 343 780 577 8 0.0515 315 730 563 952 6 0.0515 510 542 765 764 7 0.0512 316 733 575 954 7 0.0512 499 797 771 1023 0 0.0511 513 280 755 518 0 0.0511 449 469 700 697 6 0.0511 428 801 699 1018 3 0.0511 455 403 707 651 6 0.0510 513 216 770 448 0 0.0510 569 136 822 376 2 0.0510 518 410 774 639 6 0.0509 391 221 662 435 5 0.0508 175 130 436 371 0 0.0508 387 674 639 901 5 0.0507 489 794 757 1015 6 0.0506 393 676 646 898 7 0.0504 509 541 764 763 10 0.0504 509 216 766 451
Wv29inGiKFcXWQTiHM0LfM9sCVod1S1s,8 0.0637 511 333 758 562 11 0.0614 508 335 762 562 3 0.0605 512 331 759 566 2 0.0600 443 335 703 558 0 0.0597 507 333 765 565 5 0.0586 504 331 759 560 7 0.0581 510 334 763 561 11 0.0575 185 427 458 648 2 0.0558 565 341 831 571 8 0.0551 321 396 564 638 13 0.0549 514 335 770 563 11 0.0548 316 457 568 705 8 0.0546 442 199 703 430 7 0.0540 322 397 577 640 6 0.0535 510 334 768 560 0 0.0528 317 404 569 640 0 0.0527 443 203 711 435 7 0.0524 263 728 499 957 9 0.0522 507 337 761 558 11 0.0518 251 729 502 954 3 0.0516 450 201 711 435 1 0.0512 503 326 763 565 10 0.0510 510 337 763 564 7 0.0507 446 198 715 434 5 0.0504 437 198 707 430 13 0.0501 448 201 725 433
CmKLwmO5IkIkA2NhoZ3jyPv4HhbkrnSy,8 0.0675 79 680 427 860 7 0.0662 189 649 440 899 0 0.0650 188 647 442 902 11 0.0646 186 649 441 899 5 0.0643 185 647 437 896 7 0.0641 252 583 497 828 0 0.0636 252 583 498 830 6 0.0630 190 650 443 899 11 0.0609 249 587 497 829 10 0.0591 125 649 376 891 6 0.0591 251 588 501 828 8 0.0584 254 584 490 827 5 0.0581 489 798 721 1015 3 0.0577 190 648 440 903 5 0.0571 247 582 494 826 13 0.0564 190 649 445 901 8 0.0562 494 797 718 1018 11 0.0559 177 530 438 772 2 0.0555 188 653 439 900 8 0.0542 179 527 431 770 11 0.0540 492 799 725 1017 12 0.0534 130 646 378 895 10 0.0527 306 591 554 822 1 0.0521 186 645 440 900 5 0.0519 172 524 435 767 0 0.0518 490 800 729 1023 13 0.0516 253 587 502 829 3 0.0515 254 584 501 832 2 0.0511 181 536 444 773 7 0.0505 496 800 732 1022 6 0.0500 178 529 445 771
dkbRAofJUE3C91SecRuQiDiLGQznjZcv,11 0.0605 0 470 239 692 5 0.0602 0 464 237 695 11 0.0572 0 678 256 906 5 0.0561 0 673 247 907 0 0.0560 1 734 259 964 5 0.0557 416 791 675 1019 6 0.0551 3 472 241 694 0 0.0551 0 470 239 699 10 0.0547 0 477 240 697 7 0.0545 428 797 687 1023 3 0.0542 6 678 252 916 8 0.0542 3 471 236 695 7 0.0538 3 469 243 698 8 0.0533 0 677 248 907 3 0.0532 2 468 236 702 7 0.0521 0 675 255 913 11 0.0518 421 798 676 1016 0 0.0517 133 794 372 1014 11 0.0517 241 798 490 1022 13 0.0512 247 799 500 1023 7 0.0505 246 798 502 1021 6 0.0503 2 681 256 909 10 0.0502 1 683 255 908 13 0.0501 3 470 243 699
pbojnDE9nwoNusYmd47gyVnQG7gahIDh,11 0.0597 372 347 637 568 3 0.0580 336 411 694 606 8 0.0578 336 411 683 601 6 0.0575 337 409 695 603 5 0.0574 331 404 687 600 8 0.0572 507 338 769 571 0 0.0569 334 410 695 603 6 0.0555 510 343 783 574 8 0.0549 236 452 486 700 10 0.0549 433 341 705 577 7 0.0542 340 407 695 603 8 0.0540 266 272 508 510 3 0.0533 508 341 776 579 0 0.0532 505 343 780 575 13 0.0530 510 342 787 572 6 0.0522 235 457 498 700 9 0.0521 332 410 690 598 11 0.0518 225 457 489 698 11 0.0516 256 280 520 507 13 0.0514 340 411 701 604 5 0.0513 225 447 493 695 3 0.0511 239 454 487 704 7 0.0510 380 285 654 512 8 0.0507 440 266 699 506 2 0.0506 339 413 690 600 7 0.0505 235 451 493 700
2llhbz94s3237E0xFN1gRcsLefHF9nOu,5 0.0597 689 353 939 575 5 0.0577 133 338 373 577 11 0.0564 132 346 383 577 7 0.0558 141 342 381 581 8 0.0558 135 346 372 581 5 0.0552 64 272 323 516 11 0.0551 692 416 950 643 8 0.0534 634 347 871 586 11 0.0530 584 341 816 565 0 0.0527 630 348 881 581 13 0.0524 139 343 383 583 0 0.0516 137 346 378 579 5 0.0513 703 449 955 693 8 0.0511 68 285 327 516 5 0.0504 250 507 522 766 8 0.0504 239 790 486 1022 5 0.0501 577 340 804 567
TJssBxTX0k4OmfIvg9o1OxqLtQcJB9jK,8 0.0645 250 792 470 1022 11 0.0612 319 722 559 955 5 0.0611 248 719 491 959 0 0.0609 249 655 497 907 11 0.0605 249 796 479 1020 11 0.0602 185 659 441 894 6 0.0595 192 658 444 897 5 0.0595 182 654 438 897 7 0.0591 253 721 497 967 0 0.0586 318 718 558 961 7 0.0577 192 656 443 900 8 0.0577 189 654 433 896 0 0.0565 380 661 635 903 10 0.0564 186 660 438 898 7 0.0562 314 654 564 902 7 0.0560 318 799 553 1023 6 0.0551 255 724 502 962 5 0.0551 312 798 546 1019 6 0.0546 314 656 567 898 5 0.0545 309 650 555 895 8 0.0545 313 653 556 897 8 0.0540 398 802 619 1021 11 0.0538 526 395 773 616 13 0.0534 252 797 484 1023 11 0.0532 382 665 634 895 2 0.0528 248 796 480 1023 3 0.0526 250 654 497 909 0 0.0525 305 312 563 545 10 0.0521 251 726 498 963 11 0.0521 304 311 563 538 10 0.0521 312 657 562 897 0 0.0516 327 525 582 773 13 0.0516 192 654 451 899 7 0.0516 393 447 641 684 0 0.0514 393 806 627 1023 0 0.0510 386 449 638 691 8 0.0507 532 395 761 620 11 0.0500 388 449 638 680
AWWj4KSQQ0Lu9YbRQgWSJ4tWJVbr8I4g,11 0.0582 632 415 885 643 8 0.0581 428 679 683 905 8 0.0574 446 423 692 657 13 0.0571 448 423 709 660 11 0.0571 428 681 691 903 5 0.0567 500 776 749 1019 0 0.0564 634 415 887 643 0 0.0564 568 586 808 830 8 0.0562 635 414 882 639 5 0.0556 442 414 698 658 5 0.0553 426 671 688 910 7 0.0553 437 477 690 721 5 0.0552 629 410 882 639 6 0.0551 453 421 704 659 5 0.0550 584 645 827 892 6 0.0548 635 418 891 642 11 0.0547 444 424 703 656 8 0.0546 589 653 828 889 11 0.0546 563 589 807 825 7 0.0545 570 585 812 826 11 0.0533 430 540 692 775 10 0.0532 444 422 702 660 13 0.0532 634 416 896 642 11 0.0531 379 743 626 964 0 0.0530 430 680 695 909 3 0.0524 448 424 700 663 0 0.0524 507 784 756 1023 6 0.0523 570 587 809 826 7 0.0518 635 411 892 645 13 0.0516 640 588 893 842 10 0.0516 631 419 891 639 3 0.0514 636 416 887 650 0 0.0513 445 420 699 658 8 0.0512 379 738 616 966 6 0.0507 436 537 694 776 8 0.0502 373 479 617 715 11 0.0502 693 472 938 715
aMKAa6xLBdmuBEZHt2f7hggRqN0cwt6o,11 0.0680 309 200 570 441 0 0.0652 311 193 564 444 7 0.0640 387 195 641 444 8 0.0602 318 197 564 446 0 0.0589 30 20 288 258 6 0.0589 328 135 578 371 13 0.0587 318 194 577 441 3 0.0586 320 195 569 444 5 0.0580 376 189 637 436 11 0.0574 390 530 646 773 11 0.0568 56 4 309 196 0 0.0563 325 459 578 730 5 0.0562 322 132 568 364 8 0.0561 34 14 276 251 6 0.0560 380 194 647 439 5 0.0559 52 0 307 204 11 0.0556 323 464 577 724 7 0.0554 469 532 732 766 7 0.0530 333 133 578 371 0 0.0528 392 528 650 779 2 0.0526 315 202 569 445 10 0.0526 382 198 646 439 8 0.0513 395 534 648 771 7 0.0510 58 0 310 203 6 0.0509 318 522 580 770 5 0.0504 307 506 566 768 7 0.0501 314 519 580 777
eKV9M1D1Xp419maBLQAK6SXQYQ1keYfe,7 0.0593 183 392 437 635 0 0.0588 179 395 434 638 11 0.0580 134 477 527 656 8 0.0569 181 392 429 634 5 0.0551 176 391 432 630 10 0.0549 179 397 433 633 6 0.0538 179 393 439 635 7 0.0534 379 411 644 630 3 0.0532 184 394 435 641 13 0.0522 184 392 440 637 11 0.0512 375 414 638 633 2 0.0511 136 480 522 657
JDUFRANtLlaEOgkOGuTJqTlBATMqpIQm,11 0.0512 6 1 262 204 7 0.0506 181 789 424 1016
aT0406LWRcODyRWwq9kqhj02nrN6Uk0w,7 0.0684 146 678 499 855 5 0.0669 181 716 424 960 8 0.0666 146 679 483 856 0 0.0657 184 661 443 911 7 0.0641 182 719 428 962 5 0.0630 138 677 495 858 8 0.0628 185 718 423 962 11 0.0612 312 527 564 765 7 0.0604 281 661 647 847 0 0.0599 389 666 747 857 11 0.0589 211 670 568 849 11 0.0587 370 450 619 679 0 0.0586 309 525 564 769 5 0.0585 447 661 809 854 6 0.0579 182 665 444 905 10 0.0577 180 670 445 905 7 0.0577 313 522 569 766 11 0.0569 247 720 494 968 5 0.0556 273 655 635 845 3 0.0554 185 719 428 965 13 0.0547 183 719 432 963 3 0.0545 146 682 501 860 13 0.0542 390 666 759 853 6 0.0541 250 600 504 833 8 0.0539 278 661 629 845 8 0.0532 311 528 552 765 5 0.0528 308 522 561 763 3 0.0528 284 661 643 853 8 0.0527 370 453 610 680 7 0.0526 371 448 626 682 1 0.0520 180 661 439 908 11 0.0518 384 667 749 852 11 0.0516 621 668 885 895 0 0.0516 366 447 624 683 13 0.0514 216 669 577 851 0 0.0514 626 667 876 905 6 0.0512 310 531 569 764 3 0.0511 454 661 820 861 9 0.0511 179 722 429 958 2 0.0507 272 665 640 848 5 0.0506 365 444 620 679 8 0.0504 451 662 804 853 2 0.0502 183 725 427 962 9 0.0502 211 672 565 846 7 0.0501 458 661 825 856 11 0.0500 318 349 585 560
nL6qOy7RdpesIogkhsHXKJ16DPyKPFtM,5 0.0650 506 398 760 641 8 0.0647 510 401 756 640 11 0.0641 449 329 699 566 8 0.0640 448 321 695 575 11 0.0630 511 403 761 638 11 0.0620 374 263 647 488 5 0.0619 442 322 700 566 3 0.0615 451 321 705 577 5 0.0613 366 393 630 634 7 0.0611 454 466 706 711 0 0.0610 511 404 763 642 5 0.0609 447 462 701 706 13 0.0608 448 394 705 636 8 0.0600 373 392 628 634 8 0.0596 372 256 641 499 8 0.0594 307 312 563 559 3 0.0588 516 401 762 649 0 0.0586 246 18 485 251 8 0.0579 449 465 699 706 3 0.0578 369 253 653 500 7 0.0578 450 325 704 574 11 0.0572 382 145 649 346 6 0.0571 381 322 641 562 2 0.0565 380 326 638 560 11 0.0564 450 470 703 705 7 0.0563 512 402 766 645 10 0.0560 448 472 706 702 0 0.0557 452 469 703 706 3 0.0557 454 469 702 714 5 0.0556 367 526 635 769 0 0.0555 377 319 634 563 3 0.0552 383 142 651 357 5 0.0551 500 71 755 297 6 0.0550 307 260 586 500 3 0.0548 373 397 638 644 11 0.0547 305 319 567 554 7 0.0546 377 536 646 774 13 0.0546 378 257 657 492 0 0.0546 511 134 768 360 7 0.0545 388 144 655 343 7 0.0545 315 313 573 557 7 0.0542 375 399 638 642 3 0.0540 308 309 572 563 8 0.0540 383 146 638 354 6 0.0539 454 468 708 704 11 0.0536 371 537 640 770 6 0.0536 467 141 724 338 13 0.0534 384 469 653 704 11 0.0534 372 403 631 634 2 0.0533 445 397 702 636 11 0.0533 560 85 832 308 8 0.0532 561 82 822 310 5 0.0531 361 652 627 903 13 0.0529 311 392 585 634 5 0.0529 301 311 562 553 8 0.0524 372 536 633 772 7 0.0524 381 258 654 492 0 0.0523 308 392 574 636 6 0.0522 512 404 767 639 9 0.0521 448 468 705 701 12 0.0520 382 320 640 565 9 0.0518 365 400 637 628 6 0.0517 385 596 649 834 10 0.0515 509 405 764 640 0 0.0512 381 143 648 353 10 0.0511 369 400 634 638 13 0.0511 592 412 840 643 13 0.0510 317 529 595 778 9 0.0509 509 404 764 636 10 0.0509 370 539 645 771 7 0.0508 564 78 836 309 5 0.0505 368 257 638 490 6 0.0505 311 395 584 636 0 0.0503 637 1 892 205 8 0.0502 250 78 476 301 13 0.0501 250 80 496 304 13 0.0501 390 143 659 346
pXtZHOTfn5egeKCyCmez0AOg6YkgjGG8,0 0.0684 0 778 235 1018 11 0.0667 2 780 236 1016 11 0.0637 58 728 313 953 8 0.0632 1 774 230 1016 3 0.0623 3 774 235 1021 6 0.0616 3 778 240 1015 8 0.0605 448 477 712 708 2 0.0601 4 780 240 1017 5 0.0597 0 774 232 1016 11 0.0589 448 617 705 845 7 0.0588 3 775 237 1017 11 0.0578 447 361 704 577 11 0.0577 446 478 720 705 8 0.0574 450 613 695 850 8 0.0569 61 720 305 952 5 0.0568 443 475 716 705 0 0.0566 58 727 312 956 0 0.0562 447 478 715 712 3 0.0550 62 725 307 958 5 0.0540 442 612 697 849 11 0.0539 382 662 631 902 5 0.0538 55 722 308 951 12 0.0536 4 777 237 1018 3 0.0535 458 475 713 714 9 0.0533 0 778 237 1015 8 0.0531 574 456 820 700 0 0.0530 447 616 699 854 3 0.0526 458 354 704 583 6 0.0526 60 727 316 951 7 0.0526 456 544 716 777 10 0.0525 2 779 235 1014 13 0.0524 4 776 243 1018 0 0.0520 575 462 825 704 6 0.0510 449 618 706 850 11 0.0510 501 85 768 304 7 0.0509 458 405 718 636 7 0.0509 61 722 314 957 8 0.0509 449 355 695 581 6 0.0508 320 145 577 380 7 0.0507 448 654 693 888 0 0.0506 444 354 703 583 1 0.0503 0 773 235 1018
y4lZdRMkVe8ZoPU3BJslp0QfrvAzEKpv,0 0.0526 305 712 556 944
RBiJnjrHOKL2LwNERTRkMY1CaOil0ZB7,11 0.0621 319 656 570 886 8 0.0602 322 778 557 1023 7 0.0588 325 783 570 1022 8 0.0588 449 582 689 818 11 0.0586 449 581 692 814 11 0.0585 320 784 565 1018 11 0.0581 377 720 624 958 7 0.0567 328 656 575 889 7 0.0564 385 720 628 960 7 0.0562 456 581 701 816 5 0.0560 318 779 558 1016 13 0.0556 327 784 571 1023 5 0.0554 375 716 619 957 8 0.0552 323 657 564 888 0 0.0549 447 582 698 814 6 0.0547 320 715 566 951 10 0.0545 378 659 625 893 13 0.0544 325 657 576 889 6 0.0543 381 657 631 894 0 0.0542 325 659 569 890 5 0.0541 760 3 1021 252 8 0.0541 381 720 618 959 6 0.0537 454 584 701 816 5 0.0535 446 579 695 817 11 0.0532 257 576 513 811 5 0.0530 319 652 564 886 3 0.0528 384 655 629 903 0 0.0526 323 783 564 1023 0 0.0525 757 9 1023 260 8 0.0523 759 3 1016 255 13 0.0522 382 722 631 959 13 0.0518 455 582 703 820 10 0.0512 214 672 565 849 0 0.0512 382 720 623 959 10 0.0512 450 583 693 819 10 0.0509 316 718 563 947 13 0.0508 764 8 1023 258 0 0.0507 377 188 637 419 10 0.0506 758 14 1022 259 11 0.0506 753 9 1023 255 3 0.0505 454 582 696 826
LmtYvLuLANY7JM6HQ2N2KtSEWVBvUAlS,8 0.0645 196 649 442 896 0 0.0640 191 651 448 900 11 0.0627 191 651 449 897 11 0.0621 78 612 445 791 5 0.0616 191 651 442 896 7 0.0608 193 650 451 899 8 0.0607 80 612 431 792 10 0.0599 191 653 448 897 0 0.0598 80 611 444 794 7 0.0593 81 608 445 793 6 0.0573 192 652 452 898 10 0.0564 74 615 437 791 13 0.0557 196 652 452 901 5 0.0551 74 609 437 791 3 0.0550 195 652 447 904 6 0.0539 78 613 451 791 1 0.0529 193 648 447 900 2 0.0529 195 655 447 900 3 0.0521 83 611 441 797 13 0.0511 84 614 459 794
FMKpP5qSmq5b8eyMIsXIQEokkYGMLRhq,11 0.0637 368 443 631 690 5 0.0608 421 810 679 1022 7 0.0585 431 817 687 1023 7 0.0580 311 782 569 1020 6 0.0575 379 388 638 632 0 0.0574 1 1 241 210 13 0.0573 0 0 253 207 8 0.0567 375 440 624 687 3 0.0562 365 789 614 1016 11 0.0553 425 815 680 1019 8 0.0547 0 0 237 208 11 0.0544 311 785 562 1013 13 0.0541 316 781 569 1017 0 0.0541 371 443 628 690 0 0.0538 181 673 446 903 7 0.0537 379 389 638 631 11 0.0534 0 4 247 203 8 0.0534 377 334 613 573 5 0.0531 0 0 243 203 3 0.0529 3 0 245 212 6 0.0529 3 2 247 207 5 0.0528 180 668 435 898 11 0.0528 371 340 622 572 3 0.0526 377 441 629 692 5 0.0525 367 433 630 686 13 0.0524 379 443 636 691 5 0.0524 305 774 560 1015 11 0.0521 254 678 523 895 10 0.0520 1 4 247 202 11 0.0517 316 526 569 774 6 0.0515 386 515 654 764 0 0.0514 426 816 684 1023 6 0.0510 259 677 528 898 6 0.0510 316 448 568 698 8 0.0510 312 779 555 1012 8 0.0508 429 817 673 1023 13 0.0506 376 341 626 579 5 0.0506 313 516 572 770 8 0.0505 183 671 440 901 7 0.0505 317 444 568 700 3 0.0502 251 788 494 1023
XaN4PPo1drIwbOS3mxzmKbt57eBK3yln,11 0.0569 379 410 640 623 5 0.0569 377 403 634 624 0 0.0568 382 413 638 629 3 0.0562 386 411 636 630 8 0.0559 379 409 628 626 5 0.0551 503 287 761 517 0 0.0542 317 348 567 567 7 0.0541 382 407 639 626 11 0.0535 383 530 655 767 7 0.0529 322 346 569 562 0 0.0523 505 294 768 524 5 0.0523 252 787 508 1018 13 0.0521 387 408 644 628 10 0.0515 384 415 640 624 0 0.0509 517 155 761 384 11 0.0509 312 789 573 1017 8 0.0505 220 865 569 1023 2 0.0502 385 416 637 623 7 0.0502 260 791 515 1023 8 0.0501 386 528 639 768
7cXSlfvf6KSMXxWEbkS8KRpyIk6isdvw,5 0.0627 113 385 377 625 0 0.0586 253 103 522 344 0 0.0584 272 525 536 775 5 0.0579 118 266 374 520 5 0.0578 304 148 574 380 6 0.0576 63 407 319 645 5 0.0568 375 263 645 487 0 0.0566 64 409 313 641 8 0.0565 63 407 318 641 0 0.0565 255 383 525 626 13 0.0564 253 259 526 499 8 0.0562 126 270 370 514 5 0.0561 253 461 522 709 13 0.0560 260 387 530 630 5 0.0560 247 675 509 898 13 0.0559 185 340 455 576 11 0.0558 169 398 453 627 5 0.0558 69 529 424 704 11 0.0554 311 150 585 387 8 0.0553 2 533 301 724 0 0.0550 74 531 428 708 10 0.0550 0 222 240 448 0 0.0547 186 335 447 572 0 0.0547 259 205 521 448 11 0.0545 246 254 517 491 8 0.0544 180 395 442 632 11 0.0539 0 536 309 715 7 0.0537 383 796 638 1023 8 0.0537 303 206 578 442 7 0.0537 313 254 587 493 6 0.0535 184 270 453 511 6 0.0535 122 340 391 576 11 0.0532 57 412 319 635 11 0.0531 391 395 639 630 0 0.0531 392 396 636 636 7 0.0527 254 385 526 630 8 0.0525 54 218 307 449 2 0.0521 389 343 647 560 5 0.0520 444 342 697 577 11 0.0517 308 327 584 568 13 0.0516 319 152 599 387 8 0.0513 256 105 519 342 6 0.0512 266 613 535 841 6 0.0510 80 528 429 704 2 0.0508 305 214 586 447 5 0.0508 246 252 512 493 5 0.0507 382 89 652 319 3 0.0507 179 398 454 640 8 0.0505 371 154 644 380 0 0.0505 0 218 243 455 6 0.0504 260 215 528 448 13 0.0503 124 276 391 518 10 0.0503 59 417 321 642 8 0.0502 255 675 511 898 7 0.0501 388 334 647 562 7 0.0501 66 410 322 644 3 0.0500 67 410 320 648
utDr9Pt0HqFmePJjE0wAlNgTXJla9WcJ,11 0.0610 497 657 753 890 7 0.0586 501 651 755 898 0 0.0565 498 651 752 898 11 0.0554 370 731 627 970 7 0.0551 375 729 631 975 3 0.0549 500 651 755 902 11 0.0548 352 536 717 718 5 0.0546 298 0 573 200 11 0.0544 240 0 489 232 8 0.0542 501 651 747 896 13 0.0538 376 731 633 977 5 0.0533 494 649 749 892 8 0.0530 308 1 571 199 0 0.0528 239 0 491 234 8 0.0511 376 724 621 971 8 0.0509 354 537 700 721 0 0.0508 319 730 566 979 0 0.0506 352 536 717 721 13 0.0504 501 657 758 900 3 0.0502 312 0 579 206
1KunJWEsemFp0t8ZE6l8D5jW5heu6PMk,11 0.0622 443 339 696 570 8 0.0598 499 213 747 447 8 0.0587 447 337 688 572 7 0.0573 450 338 700 571 0 0.0561 499 214 752 449 0 0.0555 441 339 697 575 8 0.0555 314 0 578 189 7 0.0537 504 214 756 451 13 0.0529 449 342 704 573 5 0.0529 498 210 746 445 8 0.0522 259 88 505 320 11 0.0521 301 0 588 190 3 0.0518 500 215 751 454 11 0.0510 500 216 752 446 13 0.0508 499 213 757 448 11 0.0508 255 150 517 378 5 0.0507 258 212 504 449 6 0.0507 502 214 755 446 8 0.0503 269 211 496 454 3 0.0501 455 343 693 580
oWJCJV6PnW8V8nP1WcyxI2YiHlxsvUvr,8 0.0650 185 464 434 709 5 0.0649 495 523 744 769 5 0.0645 305 538 569 759 8 0.0639 307 603 554 824 6 0.0629 436 529 691 767 8 0.0626 433 523 682 770 0 0.0622 499 529 746 774 0 0.0611 374 539 635 770 8 0.0608 309 465 560 699 11 0.0607 307 471 567 698 7 0.0607 502 531 747 769 11 0.0606 500 534 746 770 8 0.0602 241 401 489 636 3 0.0595 308 468 565 705 7 0.0595 375 535 635 768 5 0.0594 231 468 496 699 10 0.0592 432 527 691 771 11 0.0587 175 402 431 637 5 0.0585 310 400 563 642 10 0.0584 176 405 429 636 5 0.0582 170 396 427 636 6 0.0582 315 545 575 758 11 0.0581 189 531 452 780 8 0.0580 161 336 414 570 10 0.0580 308 472 568 697 0 0.0576 309 468 568 701 13 0.0571 436 526 695 767 3 0.0568 378 540 633 773 5 0.0567 235 595 508 830 13 0.0566 250 541 523 774 11 0.0564 373 540 632 769 8 0.0563 316 11 570 262 7 0.0561 318 399 570 640 13 0.0560 186 470 445 713 3 0.0560 320 10 579 261 0 0.0557 180 0 447 195 13 0.0557 308 471 572 703 11 0.0556 298 606 565 822 0 0.0554 185 466 442 711 2 0.0553 435 529 691 767 11 0.0553 177 2 449 191 3 0.0551 504 533 744 775 6 0.0549 240 472 504 699 11 0.0549 234 340 487 563 3 0.0545 240 400 489 643 7 0.0544 241 468 503 701 5 0.0542 174 0 438 193 7 0.0538 177 396 432 637 5 0.0535 233 333 482 562 8 0.0533 182 1 439 193 6 0.0533 320 9 584 259 5 0.0533 307 6 574 256 7 0.0531 307 602 569 826 10 0.0530 303 609 565 822 3 0.0530 253 541 512 776 0 0.0528 161 340 418 571 5 0.0526 331 656 723 843 0 0.0525 336 664 724 847 6 0.0524 318 404 575 642 13 0.0524 241 405 499 640 11 0.0522 311 12 579 256 2 0.0521 181 402 428 638 0 0.0520 250 540 519 774 12 0.0519 376 538 634 769 0 0.0518 241 400 495 638 5 0.0517 241 87 508 324 3 0.0515 187 1 446 199 12 0.0513 505 531 748 770 0 0.0512 312 12 581 264 7 0.0511 346 660 732 846 6 0.0511 252 88 517 328 13 0.0510 311 670 588 900 6 0.0508 180 399 432 640 6 0.0507 347 667 732 842 9 0.0506 498 532 746 765 3 0.0505 166 337 418 575
g1aNorLyU6zhBuedky4zykqhJeQW0Fqo,0 0.0612 450 141 704 373 11 0.0606 251 457 509 700 0 0.0605 326 89 583 313 5 0.0583 449 213 695 450 0 0.0578 188 335 444 578 6 0.0576 194 407 445 642 11 0.0573 580 603 825 844 8 0.0572 313 405 550 640 0 0.0570 562 476 830 710 8 0.0566 326 137 570 372 3 0.0564 459 216 700 458 8 0.0561 445 281 690 525 11 0.0560 322 139 581 375 6 0.0553 258 330 503 574 13 0.0552 251 407 508 642 11 0.0550 249 331 502 571 7 0.0549 328 134 582 375 3 0.0549 249 408 499 650 7 0.0548 456 139 707 375 11 0.0548 454 220 705 450 5 0.0542 314 130 575 372 7 0.0542 257 326 501 570 6 0.0541 316 404 561 643 6 0.0539 328 137 585 371 7 0.0537 565 472 833 713 8 0.0537 377 339 611 576 8 0.0536 454 140 697 369 8 0.0535 256 328 492 571 3 0.0533 257 265 504 515 11 0.0532 564 475 831 708 5 0.0532 369 332 619 575 7 0.0532 188 403 442 641 7 0.0532 381 339 623 578 0 0.0530 247 406 499 648 3 0.0530 453 352 698 602 13 0.0528 630 0 906 190 2 0.0527 453 149 703 372 13 0.0527 583 607 831 851 5 0.0526 507 407 761 654 6 0.0525 454 353 701 597 6 0.0525 518 411 770 656 5 0.0524 241 398 497 640 3 0.0520 321 332 565 582 5 0.0519 248 257 503 506 8 0.0519 564 471 820 710 8 0.0519 509 360 748 596 3 0.0518 575 476 831 719 13 0.0517 514 365 766 597 13 0.0517 458 218 706 450 0 0.0515 126 404 381 650 8 0.0513 582 605 815 850 6 0.0513 459 220 704 450 5 0.0513 177 332 440 569 0 0.0513 446 353 697 596 7 0.0513 315 401 562 638 0 0.0512 255 261 508 511 3 0.0509 330 135 577 383 5 0.0508 236 501 496 769 3 0.0508 246 513 498 778 2 0.0508 448 363 693 596 5 0.0508 550 8 818 245 6 0.0507 563 11 830 247 8 0.0507 558 6 816 247 13 0.0507 255 262 516 509 10 0.0507 454 222 704 454 13 0.0506 322 335 572 576 0 0.0506 317 332 565 577 11 0.0505 373 340 620 579 2 0.0505 513 421 766 656 5 0.0502 115 401 382 647 13 0.0502 246 513 504 775
emO7hWZ2UaTiTT1DA8i5zzzQgOGegCFG,11 0.0545 565 667 847 898 0 0.0535 567 666 846 902 8 0.0522 570 666 838 903 5 0.0508 566 660 842 898
tRhUV3CpUlZ96MYMObvL9lnJwPe8w8gu,11 0.0663 354 421 700 601 0 0.0614 351 421 697 605 5 0.0611 455 205 716 437 5 0.0608 394 264 654 500 11 0.0608 506 472 746 704 11 0.0607 294 347 651 529 7 0.0606 517 403 760 648 8 0.0603 399 270 648 501 0 0.0601 516 409 757 650 11 0.0599 317 193 587 422 0 0.0593 458 213 718 443 0 0.0590 315 191 587 431 11 0.0587 459 212 718 438 0 0.0583 326 325 583 565 5 0.0583 382 472 635 708 7 0.0581 361 421 706 602 8 0.0580 318 194 575 423 7 0.0580 401 268 659 505 11 0.0577 450 552 704 775 5 0.0572 381 133 641 369 2 0.0570 296 353 650 531 5 0.0570 350 418 693 601 8 0.0566 324 396 585 635 13 0.0566 303 349 660 532 10 0.0565 395 271 658 500 5 0.0564 515 402 755 644 0 0.0563 397 267 653 506 3 0.0561 317 191 588 431 6 0.0560 388 479 644 708 13 0.0559 335 396 596 637 6 0.0559 320 192 593 423 7 0.0558 459 548 701 780 0 0.0557 452 550 702 780 3 0.0557 363 420 701 607 7 0.0554 318 192 590 426 13 0.0554 320 192 592 426 8 0.0550 507 470 738 709 8 0.0549 462 216 713 438 6 0.0548 456 551 703 777 0 0.0547 262 406 538 649 3 0.0547 330 322 590 567 11 0.0544 263 408 534 640 10 0.0542 317 197 588 423 7 0.0540 332 325 590 559 8 0.0540 386 475 632 711 3 0.0539 517 406 757 653 2 0.0537 354 425 703 603 6 0.0537 358 422 702 603 3 0.0536 464 210 718 447 10 0.0536 354 421 698 601 6 0.0535 400 272 659 505 6 0.0533 466 215 723 440 11 0.0532 262 273 524 495 10 0.0529 454 550 699 779 10 0.0527 463 218 717 437 11 0.0527 323 534 584 761 2 0.0523 318 198 584 425 10 0.0523 516 410 758 648 6 0.0522 268 271 531 503 10 0.0520 388 478 638 707 3 0.0519 392 477 640 718 2 0.0519 464 222 720 439 5 0.0518 451 543 694 778 13 0.0516 508 473 753 710 13 0.0515 457 553 705 782 2 0.0515 508 476 752 708 3 0.0513 457 549 697 786 8 0.0512 267 331 520 563 8 0.0506 646 0 888 199 7 0.0506 328 533 584 764 6 0.0504 647 1 901 196 7 0.0504 465 211 721 441 5 0.0502 636 0 893 198 9 0.0501 392 269 654 496 6 0.0500 510 472 750 706
KBQ4qu5jN6SWe7HEVbDRGxCGK27romk9,8 0.0594 276 0 615 152 3 0.0588 503 1 764 204 11 0.0576 236 481 492 692 5 0.0569 234 468 487 692 11 0.0569 303 2 576 195 8 0.0567 500 0 759 198 5 0.0566 493 0 763 196 3 0.0555 309 0 570 200 0 0.0555 270 0 626 155 13 0.0550 250 530 494 766 6 0.0546 248 531 491 761 8 0.0545 246 475 483 691 0 0.0542 238 474 488 696 3 0.0539 244 475 487 697 13 0.0538 276 0 636 154 7 0.0535 243 472 491 692 10 0.0533 245 535 494 758 0 0.0533 503 0 766 198 5 0.0532 267 0 623 151 8 0.0531 93 0 449 153 7 0.0521 431 9 703 256 6 0.0520 424 10 700 257 8 0.0519 252 595 491 843 13 0.0518 502 0 776 198 6 0.0516 240 419 495 629 6 0.0514 311 1 579 195 5 0.0511 246 592 495 838 0 0.0509 90 1 458 158 11 0.0506 296 542 554 768 11 0.0505 495 2 770 197 8 0.0503 632 0 873 210 3 0.0502 301 540 548 775
FyAPEgJ1yRr9swxkX3Ab8UcJdgsKgYso,0 0.0576 497 291 759 514 5 0.0556 494 283 750 514 8 0.0551 511 408 756 640 11 0.0548 501 411 769 638 0 0.0545 510 414 771 643 8 0.0527 498 287 752 513 8 0.0524 367 269 613 491 11 0.0513 494 292 762 509 5 0.0513 364 263 618 490 5 0.0511 504 405 757 641 7 0.0511 369 271 622 495 11 0.0507 452 790 708 997 11 0.0503 365 271 621 487 6 0.0501 513 412 773 638
4iqfY8lrk4OzSOaljUVlGZfSFCIIXdoW,5 0.0657 448 530 692 774 11 0.0615 399 609 772 785 6 0.0600 380 600 625 836 7 0.0599 512 545 753 776 0 0.0595 452 540 692 773 11 0.0590 293 602 557 827 8 0.0590 379 538 621 771 0 0.0584 381 660 633 909 3 0.0584 501 599 753 851 5 0.0582 440 404 700 640 5 0.0579 372 595 620 840 11 0.0579 439 415 704 639 0 0.0566 520 409 771 642 7 0.0564 383 538 631 771 8 0.0562 296 600 552 829 6 0.0557 450 540 696 770 8 0.0549 445 415 695 640 2 0.0547 382 542 629 772 0 0.0546 563 561 814 787 11 0.0545 225 662 496 901 5 0.0543 225 657 495 896 13 0.0541 303 666 569 902 3 0.0540 464 479 711 709 10 0.0540 455 478 713 701 7 0.0539 297 601 561 831 5 0.0536 519 471 761 701 11 0.0534 376 663 632 906 10 0.0534 297 606 555 829 2 0.0534 446 607 698 842 10 0.0533 379 538 626 768 11 0.0531 516 481 764 699 0 0.0531 296 601 558 832 7 0.0526 523 407 776 638 13 0.0526 502 597 762 842 3 0.0524 300 600 557 835 13 0.0524 451 539 701 771 0 0.0523 230 658 497 903 8 0.0523 379 661 626 909 10 0.0517 441 603 696 838 13 0.0516 378 597 627 842 8 0.0514 233 657 489 900 3 0.0514 380 661 633 913 3 0.0514 380 539 628 776 7 0.0511 231 662 502 901 9 0.0508 377 533 627 762 2 0.0507 300 605 558 834 12 0.0501 445 599 701 843
vzGpO08j6CoZUkmOBykyV3cdlPdMKQw1,8 0.0653 366 658 613 902 5 0.0604 112 650 365 889 0 0.0593 435 664 687 900 11 0.0591 0 676 359 843 7 0.0586 371 661 626 900 11 0.0585 367 659 619 900 0 0.0582 131 708 378 954 0 0.0577 497 584 756 827 8 0.0571 444 589 685 834 8 0.0559 121 653 366 895 0 0.0558 381 584 628 829 11 0.0558 129 716 375 951 0 0.0555 434 524 693 764 7 0.0543 444 588 699 835 6 0.0539 379 534 638 771 5 0.0538 381 582 623 822 7 0.0536 126 654 380 895 0 0.0536 0 676 362 844 11 0.0536 442 588 691 830 5 0.0530 429 659 681 891 8 0.0526 137 777 367 1016 8 0.0524 372 533 625 773 6 0.0515 505 517 753 746 7 0.0515 133 778 378 1018 6 0.0515 448 590 696 831 13 0.0514 371 666 627 904 11 0.0514 439 466 690 697 13 0.0513 133 714 381 957 8 0.0510 493 512 742 747 10 0.0510 367 664 619 902 5 0.0510 495 581 752 820 7 0.0505 506 513 755 748 6 0.0501 373 665 625 899
VyFRcj5kZgOI2WtDjCl4DM3IqoCW2x5c,7 0.0649 255 194 512 433 5 0.0633 252 140 511 377 3 0.0628 261 147 513 381 0 0.0621 186 125 441 365 11 0.0617 305 205 572 431 7 0.0617 193 124 446 368 11 0.0604 184 128 443 365 8 0.0599 261 147 508 376 0 0.0595 130 378 384 631 0 0.0591 132 249 401 491 8 0.0588 375 199 632 425 0 0.0587 367 199 641 427 5 0.0586 187 244 451 494 11 0.0582 187 253 458 492 0 0.0580 251 196 512 430 7 0.0577 374 201 638 429 6 0.0576 198 308 454 559 13 0.0574 370 199 645 423 13 0.0571 189 128 448 366 6 0.0569 262 145 520 379 11 0.0566 126 383 386 628 5 0.0566 359 0 628 207 8 0.0562 368 0 621 207 13 0.0561 252 195 519 433 0 0.0553 189 0 448 204 5 0.0552 440 324 681 550 5 0.0550 129 376 382 630 8 0.0549 134 376 378 633 10 0.0549 184 132 444 367 10 0.0548 189 261 457 494 8 0.0544 249 0 498 202 8 0.0544 132 502 375 758 0 0.0538 370 0 632 211 3 0.0536 192 311 450 565 0 0.0534 444 332 688 555 3 0.0533 370 0 629 214 13 0.0530 129 436 378 689 2 0.0528 252 203 507 429 1 0.0527 183 120 444 369 7 0.0525 447 331 691 556 11 0.0522 366 0 632 208 3 0.0518 449 330 686 558 3 0.0518 248 1 508 213 13 0.0516 450 332 692 553 8 0.0514 506 0 760 196 6 0.0514 368 0 635 203 2 0.0512 376 206 632 426 10 0.0511 373 203 640 426 11 0.0509 182 1 453 203 7 0.0509 135 376 384 630 11 0.0509 436 330 692 548 5 0.0507 239 0 502 205 6 0.0507 137 381 388 632 8 0.0506 195 312 445 558 2 0.0505 189 132 441 367 5 0.0505 119 177 391 411 11 0.0504 491 21 767 247 13 0.0504 246 0 516 205 5 0.0503 123 500 381 754 8 0.0503 446 327 679 555
X4sFjumtqH0LXT0FlQz7MR1HMiSPefoi,0 0.0642 201 0 577 156 8 0.0640 217 0 559 153 11 0.0613 144 1 506 152 5 0.0607 202 0 564 151 3 0.0583 323 0 562 236 11 0.0577 317 3 571 229 0 0.0571 325 69 577 307 11 0.0571 426 277 685 510 13 0.0569 326 0 575 228 7 0.0552 323 0 571 229 5 0.0548 326 61 571 303 6 0.0547 329 68 583 305 8 0.0540 253 61 489 302 6 0.0539 249 3 507 224 6 0.0535 430 277 683 512 3 0.0531 155 0 504 161 13 0.0516 158 0 514 156 13 0.0510 251 54 510 306 8 0.0506 431 274 674 510 3 0.0505 435 277 679 517 10 0.0503 430 281 685 511 7 0.0500 433 277 684 510
dEbGyiCimKvE9cuexsBT1mx0FHTIaTsV,7 0.0654 123 665 382 903 5 0.0644 184 658 444 896 0 0.0637 249 659 513 903 8 0.0635 250 660 505 897 7 0.0624 249 657 517 901 8 0.0622 121 667 370 901 11 0.0611 245 662 512 898 0 0.0608 122 664 379 903 10 0.0599 119 668 378 900 7 0.0589 320 598 571 831 11 0.0588 183 717 433 956 0 0.0584 321 602 567 838 11 0.0583 317 601 566 832 10 0.0569 244 662 514 898 6 0.0560 120 668 378 902 8 0.0560 321 602 557 830 13 0.0544 188 715 437 959 6 0.0542 247 658 515 898 3 0.0540 123 669 377 906 2 0.0538 246 664 511 903 10 0.0525 314 605 568 831 3 0.0525 250 661 513 904 2 0.0512 319 607 564 837 13 0.0510 251 659 519 901 1 0.0509 118 661 378 902
juw2IIzFuTO1yP7j7iH9jYt5fC60jODA,5 0.0563 525 255 773 495 11 0.0560 408 161 784 350 8 0.0539 513 208 762 443 5 0.0538 161 456 414 689 8 0.0533 410 158 769 353 3 0.0527 531 260 777 507 0 0.0522 319 89 585 315 7 0.0517 449 226 712 459 0 0.0515 407 163 774 351 11 0.0514 452 74 716 292 0 0.0513 466 278 717 506 11 0.0510 316 273 593 495 5 0.0508 506 138 768 372 11 0.0507 510 210 773 437 13 0.0502 416 161 791 350
GEfTuDNsIZOiyt9jqZ3Yvs3JRIV7IUR3,5 0.0624 245 394 504 636 8 0.0618 248 398 495 638 11 0.0617 248 397 503 637 7 0.0602 254 396 505 638 0 0.0591 323 397 579 640 11 0.0587 300 462 569 702 11 0.0580 297 662 571 896 7 0.0573 306 459 575 704 5 0.0572 295 459 570 702 8 0.0571 301 462 566 703 5 0.0548 556 332 816 556 0 0.0545 180 0 432 232 8 0.0544 297 0 555 238 13 0.0540 254 399 509 641 13 0.0540 440 454 690 684 3 0.0536 322 399 578 645 11 0.0529 291 6 567 239 3 0.0527 442 6 695 249 11 0.0526 513 268 773 489 11 0.0525 431 456 680 685 13 0.0524 510 335 764 561 5 0.0524 504 205 780 422 10 0.0524 251 401 504 638 13 0.0522 313 530 584 774 6 0.0518 255 398 509 641 6 0.0518 305 464 576 704 11 0.0517 369 532 638 755 2 0.0516 254 403 502 637 8 0.0516 179 0 423 228 0 0.0511 305 529 576 775 5 0.0511 424 453 679 680 5 0.0510 170 0 424 226 5 0.0503 364 3 634 233 11 0.0502 171 3 433 227
87Np54QsOpUUzUXMn1u0iBuqGbDuYVjF,11 0.0576 381 668 645 900 11 0.0573 377 799 628 1021 0 0.0573 387 732 636 982 8 0.0558 378 795 623 1023 8 0.0555 387 663 637 908 7 0.0555 319 735 573 974 11 0.0554 165 803 428 1010 5 0.0552 502 666 765 887 13 0.0544 317 799 569 1023 13 0.0544 324 206 579 435 0 0.0540 319 667 577 916 11 0.0538 633 263 893 503 6 0.0529 384 731 639 978 6 0.0529 324 201 575 431 11 0.0528 504 673 771 881 5 0.0525 313 196 565 425 5 0.0524 377 728 631 975 0 0.0522 166 797 425 1017 8 0.0522 638 259 881 507 0 0.0509 510 674 771 885 0 0.0508 312 799 567 1023 6 0.0506 320 663 581 907 10 0.0506 377 801 630 1023 0 0.0506 318 152 576 373 7 0.0506 387 662 650 909 3 0.0500 454 268 706 506
ChrZ23st7S8JabK46nZqh8f1k4Tv7Ow5,8 0.0666 184 786 421 1023 7 0.0647 184 786 430 1023 5 0.0636 180 784 423 1021 11 0.0608 243 791 496 1021 0 0.0599 308 404 572 636 0 0.0595 249 657 503 916 5 0.0595 238 266 503 501 8 0.0594 246 659 498 913 11 0.0593 376 402 638 628 8 0.0590 312 405 560 631 11 0.0590 183 722 438 966 11 0.0570 241 344 510 573 7 0.0567 254 720 514 972 5 0.0565 245 716 505 966 13 0.0563 187 790 434 1023 5 0.0560 183 652 443 903 6 0.0558 186 791 429 1023 11 0.0557 308 718 566 962 7 0.0549 190 657 450 902 2 0.0547 185 791 427 1023 0 0.0546 243 340 508 579 7 0.0544 311 402 572 633 10 0.0542 183 731 438 967 0 0.0542 315 273 579 498 8 0.0539 190 601 440 842 11 0.0539 249 11 505 246 0 0.0539 246 789 495 1023 3 0.0538 184 788 429 1023 8 0.0536 244 342 498 577 3 0.0536 319 339 581 564 13 0.0526 193 353 455 593 5 0.0525 306 403 565 629 7 0.0524 246 340 508 576 9 0.0524 183 789 427 1022 11 0.0523 305 90 560 323 10 0.0521 242 795 499 1020 10 0.0521 244 665 508 914 5 0.0520 266 353 626 533 11 0.0520 191 604 451 840 7 0.0520 321 273 582 496 11 0.0520 313 279 577 490 5 0.0517 183 345 442 586 13 0.0516 314 406 574 634 3 0.0516 247 660 502 920 6 0.0514 250 724 513 970 13 0.0513 253 721 516 968 8 0.0509 317 273 565 496 6 0.0505 193 657 450 903 10 0.0503 308 409 569 631 13 0.0501 249 272 512 510
eeIX5JRTrpS7HgTQPvILa5bnkxxNnJFN,11 0.0572 575 472 827 711 8 0.0555 574 473 819 712 11 0.0536 371 604 625 836 7 0.0534 579 471 832 712 11 0.0530 314 331 578 576 7 0.0523 246 285 512 516 5 0.0520 570 469 825 708 8 0.0514 318 332 564 573 3 0.0513 585 472 827 717 8 0.0503 245 288 495 512 6 0.0503 578 473 835 711 6 0.0502 317 274 575 507 0 0.0500 574 473 830 714
zIpJxdqFEeXvelC46jJjT1vBWC7HRaz2,8 0.0554 427 719 678 964 8 0.0550 368 655 620 886 11 0.0550 366 655 627 883 11 0.0544 305 728 563 951 11 0.0543 427 723 684 961 0 0.0537 426 714 686 963 8 0.0533 308 723 560 951 0 0.0527 365 652 624 889 5 0.0525 424 714 679 961 5 0.0521 766 262 1023 493 0 0.0520 775 267 1022 497 0 0.0518 310 721 564 951 11 0.0517 290 522 559 763 5 0.0516 361 651 622 886 7 0.0514 776 263 1023 496 7 0.0510 367 651 633 886 6 0.0504 783 269 1023 495 3 0.0502 368 657 628 894
EII26paTRh43mqe80BaBKe18sV33fOcv,11 0.0584 438 582 688 821 8 0.0581 365 0 613 203 11 0.0539 361 530 619 771 0 0.0538 356 0 621 202 11 0.0537 358 0 621 202 5 0.0519 503 790 755 1017 6 0.0517 367 0 626 200 0 0.0510 501 586 764 834
MlGsfnFTJ5wYt0orygR4zrk9DW8jKitK,0 0.0613 64 794 313 1023 8 0.0584 65 786 306 1023 8 0.0579 255 796 495 1022 11 0.0578 249 797 504 1021 10 0.0561 60 795 307 1021 7 0.0560 192 788 441 1019 11 0.0559 59 795 309 1022 0 0.0548 309 789 560 1014 7 0.0546 310 787 563 1008 11 0.0540 121 727 376 972 7 0.0533 67 787 317 1023 0 0.0532 1 665 250 910 11 0.0524 185 655 451 891 10 0.0524 183 791 434 1019 11 0.0521 0 668 255 903 5 0.0517 55 791 306 1019 5 0.0512 248 795 496 1019 3 0.0512 257 799 506 1023 13 0.0508 189 788 445 1021 0 0.0505 124 727 378 976
EuL9gEn0SlZHENMFt3aShM1ftx4IHO2C,8 0.0674 0 771 230 1020 6 0.0636 1 774 240 1021 0 0.0634 0 777 237 1023 11 0.0620 0 552 321 729 5 0.0615 0 772 232 1020 0 0.0602 0 550 317 733 3 0.0593 1 773 235 1023 7 0.0581 2 775 240 1023 8 0.0578 2 475 243 710 11 0.0565 0 779 235 1023 10 0.0536 0 774 236 1023 8 0.0533 2 0 250 209 5 0.0531 0 550 312 731 2 0.0530 0 781 237 1023 8 0.0527 684 0 932 194 7 0.0519 3 548 320 732 6 0.0516 4 552 324 730 5 0.0509 0 0 253 208 3 0.0509 5 548 315 736 9 0.0509 0 777 237 1020 1 0.0506 0 769 235 1023 13 0.0502 0 550 327 733 13 0.0502 2 775 244 1023
TcJHXi9uhK4hxAcYLbvXWs8qvbQ0SKsX,5 0.0700 248 655 503 896 7 0.0696 214 669 571 849 0 0.0685 250 653 504 900 10 0.0674 138 679 504 853 5 0.0670 178 705 433 953 11 0.0666 208 669 570 849 8 0.0658 118 653 368 895 0 0.0645 116 652 373 897 0 0.0637 198 552 452 785 8 0.0637 210 669 562 849 11 0.0627 249 708 507 954 7 0.0624 200 550 455 780 6 0.0622 186 658 442 896 0 0.0620 318 714 572 967 3 0.0616 146 676 504 858 11 0.0613 79 744 443 917 5 0.0608 193 554 449 779 7 0.0608 84 744 442 918 8 0.0606 197 553 445 781 6 0.0598 255 610 509 839 13 0.0594 146 676 507 855 10 0.0594 309 663 571 901 6 0.0582 253 709 509 957 13 0.0582 221 736 575 916 2 0.0580 253 710 508 958 11 0.0578 196 554 453 779 1 0.0574 184 654 440 897 3 0.0569 314 658 572 907 10 0.0563 194 559 454 781 2 0.0556 212 673 571 851 12 0.0551 184 707 435 954 9 0.0543 138 677 504 854 4 0.0538 187 658 442 896 2 0.0534 81 745 441 921 2 0.0525 199 559 450 783 3 0.0506 198 557 453 786 9 0.0506 313 717 574 961
ZTtzY3k19duxD611HupcJfMkONTCHXfi,7 0.0633 377 671 646 907 11 0.0632 371 676 644 903 7 0.0632 318 594 575 831 11 0.0629 313 599 576 830 0 0.0629 315 595 574 835 11 0.0625 124 661 382 896 0 0.0623 252 658 518 910 8 0.0623 115 604 360 836 6 0.0621 318 665 583 905 0 0.0618 115 602 370 839 7 0.0617 258 657 518 905 11 0.0613 380 537 638 773 7 0.0612 119 600 368 835 7 0.0609 384 533 641 772 8 0.0602 122 715 357 953 5 0.0601 124 655 375 898 10 0.0600 112 606 367 835 11 0.0597 51 614 305 835 5 0.0595 371 671 639 906 6 0.0594 382 537 639 774 11 0.0590 254 661 518 902 7 0.0589 455 799 696 1022 0 0.0588 372 674 643 909 8 0.0583 189 654 441 902 5 0.0583 313 592 568 832 8 0.0578 377 534 632 774 5 0.0578 449 800 686 1019 8 0.0577 451 797 685 1023 5 0.0573 254 657 511 906 13 0.0573 315 597 581 833 5 0.0572 377 531 631 773 3 0.0570 379 673 647 912 8 0.0569 374 673 639 909 10 0.0567 313 598 570 832 10 0.0565 379 537 635 772 8 0.0565 315 595 567 830 3 0.0564 131 659 379 902 6 0.0561 117 606 371 836 13 0.0559 381 537 643 775 6 0.0554 187 654 449 903 13 0.0553 379 674 652 909 10 0.0551 254 659 517 906 10 0.0551 373 673 640 905 3 0.0547 382 534 637 780 5 0.0546 110 536 361 773 3 0.0542 318 596 573 838 13 0.0539 260 660 524 907 7 0.0538 4 599 249 836 7 0.0530 125 716 365 952 3 0.0528 260 659 517 909 2 0.0524 383 541 638 774 0 0.0523 448 802 692 1023 10 0.0523 1 609 245 833 1 0.0522 186 647 445 903 6 0.0519 453 802 694 1023 0 0.0517 120 720 367 954 11 0.0516 450 803 690 1022 2 0.0514 317 602 571 833 8 0.0513 0 600 240 838 13 0.0511 456 805 696 1023 3 0.0506 58 611 303 844 13 0.0506 133 662 387 901 6 0.0505 125 721 371 953 10 0.0504 121 719 363 955 5 0.0501 52 604 296 841 1 0.0500 312 657 582 906 2 0.0500 128 664 381 902
JKEaLCNLTjBKlhPAvF3g0QHZVwHezk11,5 0.0579 252 392 514 642 5 0.0567 344 275 620 500 8 0.0534 242 472 488 705 7 0.0532 306 482 570 720 5 0.0530 297 476 563 717 3 0.0518 305 483 567 723 6 0.0517 248 471 502 704 11 0.0510 301 485 572 716 11 0.0509 249 332 524 567 13 0.0500 257 332 527 575 3 0.0500 256 398 514 649
2elnCxluTONnsEkPIfrHqjqcM6hu14Nu,11 0.0578 246 725 520 951 8 0.0570 252 720 509 953 7 0.0556 254 719 525 955 5 0.0540 246 714 513 952 0 0.0523 252 719 516 956 0 0.0510 70 745 423 929 10 0.0504 247 726 520 952
xk6mRHStXG9JuwUI3qMc5nTauBsvdXJG,11 0.0642 319 659 581 890 7 0.0619 187 661 440 889 11 0.0593 243 716 503 941 7 0.0592 326 657 586 893 0 0.0576 183 659 435 893 11 0.0568 180 664 434 885 11 0.0557 378 730 636 955 8 0.0545 380 724 630 957 7 0.0544 250 717 508 946 5 0.0535 317 652 577 890 0 0.0535 380 730 636 959 0 0.0534 322 657 581 896 13 0.0532 330 658 587 896 8 0.0529 327 655 575 893 8 0.0523 189 656 428 891 11 0.0518 308 800 573 1020 10 0.0517 175 669 432 892 0 0.0516 249 714 504 944 13 0.0514 319 800 580 1022 7 0.0514 382 728 641 957 7 0.0511 313 796 575 1023 13 0.0510 255 716 515 944 5 0.0509 177 658 428 886 5 0.0509 242 710 498 939 13 0.0508 189 661 446 890 13 0.0503 385 728 644 961 3 0.0502 324 658 581 901
coZA1jZadZNDWVZ5jY8DXtGGduRhUrF1,5 0.0571 554 73 828 311 8 0.0548 185 387 437 640 5 0.0540 244 266 509 501 5 0.0534 403 261 659 494 5 0.0532 438 77 704 316 7 0.0527 244 327 516 569 8 0.0524 563 75 822 313 0 0.0524 240 14 488 262 11 0.0521 188 394 442 637 8 0.0516 369 675 641 906 11 0.0515 389 132 653 355 0 0.0512 324 209 587 430 5 0.0510 323 206 585 422 11 0.0508 553 77 837 313 0 0.0507 528 339 765 575 7 0.0506 338 275 599 504 5 0.0504 234 12 483 256 5 0.0504 431 0 703 191 7 0.0502 564 73 837 319 11 0.0501 243 331 516 569
EZxSwQTQpyjlM5tAkEhaUGWlo2gpktEm,0 0.0588 505 731 757 965 5 0.0577 500 727 752 960 5 0.0576 256 467 503 699 7 0.0563 510 733 761 963 11 0.0557 501 736 757 961 0 0.0556 383 724 639 953 11 0.0543 379 730 638 950 8 0.0532 508 734 748 962 6 0.0527 506 733 758 963 7 0.0527 386 724 643 952 7 0.0526 261 467 512 704 13 0.0522 255 404 519 641 8 0.0522 173 0 439 188 0 0.0521 176 0 450 194 8 0.0521 387 725 629 948 5 0.0519 378 718 633 948 3 0.0517 507 732 755 971 13 0.0512 178 2 461 193 11 0.0507 169 3 454 189 5 0.0502 226 320 497 556 11 0.0501 242 402 513 635 13 0.0501 327 61 577 309
kEtzfumuvVcJjks1tn856equqrvwQEsO,8 0.0605 383 390 632 632 0 0.0579 451 397 707 629 8 0.0573 168 161 416 395 8 0.0565 265 344 510 584 11 0.0562 453 400 710 624 11 0.0556 163 162 426 389 0 0.0556 327 385 583 644 11 0.0554 239 226 514 450 3 0.0547 381 393 640 633 8 0.0547 244 222 497 451 7 0.0544 187 282 449 520 5 0.0543 740 0 1013 207 8 0.0542 382 527 635 766 13 0.0541 384 395 646 630 7 0.0537 244 218 510 450 8 0.0536 186 285 434 524 6 0.0536 748 0 1017 209 6 0.0535 246 223 510 453 7 0.0533 173 158 427 391 7 0.0530 260 344 524 585 11 0.0527 681 4 948 202 5 0.0527 257 339 518 583 11 0.0526 254 468 514 714 5 0.0522 234 149 491 378 6 0.0520 189 285 450 525 10 0.0520 258 355 522 584 6 0.0520 174 159 424 394 8 0.0517 64 670 316 901 13 0.0517 265 348 526 590 5 0.0515 182 282 443 517 11 0.0512 326 389 582 638 8 0.0511 747 0 1006 212 0 0.0511 64 672 330 904 10 0.0510 379 403 642 627 0 0.0507 261 468 513 722 5 0.0506 373 391 637 624 13 0.0506 170 155 433 389 0 0.0504 240 158 493 378 11 0.0503 177 284 452 520 0 0.0502 325 532 581 779 7 0.0500 455 396 713 627
XpEJnmhSfZx16dvKAY5EUoRUPIbRf063,8 0.0612 308 808 542 1021 11 0.0608 377 593 626 835 8 0.0602 380 588 622 835 7 0.0568 385 590 633 837 8 0.0558 248 595 487 835 0 0.0556 380 586 629 837 0 0.0556 508 458 765 716 11 0.0554 299 809 548 1023 11 0.0554 506 460 763 712 8 0.0554 509 458 755 712 8 0.0554 246 736 482 973 6 0.0550 382 589 630 836 13 0.0548 385 591 633 836 7 0.0539 302 809 559 1023 0 0.0538 305 809 552 1023 5 0.0531 373 583 622 832 0 0.0528 244 736 490 980 0 0.0526 243 595 494 840 11 0.0522 242 740 490 973 7 0.0515 515 460 766 717 11 0.0515 362 1 630 210 6 0.0515 251 811 499 1022 5 0.0513 242 804 494 1019 5 0.0510 501 454 758 713 6 0.0508 375 806 613 1019 5 0.0507 239 591 487 831 6 0.0505 513 460 767 714 7 0.0500 246 597 497 839
p5QZX02xz3mCjNPIyZeXw5l5MHboB3PW,8 0.0587 516 269 753 510 0 0.0573 258 126 508 370 11 0.0569 511 213 759 441 5 0.0560 248 122 508 364 6 0.0560 300 337 560 579 8 0.0554 508 141 746 390 8 0.0552 300 337 552 579 3 0.0546 515 211 754 448 0 0.0543 515 270 761 514 7 0.0543 517 207 759 444 0 0.0535 299 335 557 579 3 0.0534 301 339 558 584 13 0.0529 579 402 827 649 11 0.0528 296 341 560 575 11 0.0528 256 130 508 364 5 0.0526 292 331 555 573 7 0.0524 260 123 510 369 6 0.0523 260 128 510 372 5 0.0523 509 202 753 441 3 0.0520 263 129 511 373 6 0.0516 512 144 758 385 0 0.0516 507 141 754 392 10 0.0515 512 211 759 444 13 0.0514 517 268 765 510 11 0.0510 633 415 877 642 8 0.0508 630 411 866 643 8 0.0505 261 124 501 367 6 0.0502 518 271 763 508 13 0.0501 303 337 565 578 7 0.0500 375 341 627 587
Q8hRXGiA9tVYczTEmkSmHg7x1fhkLQbj,7 0.0596 319 790 562 1021 8 0.0591 320 789 552 1021 0 0.0591 317 793 559 1023 11 0.0590 316 792 556 1019 5 0.0572 312 786 553 1016 10 0.0532 316 794 561 1019 6 0.0522 320 798 562 1023 9 0.0505 312 795 559 1019 3 0.0505 319 792 559 1023 13 0.0504 322 793 563 1023
H7YDP7LnBn69wbPG0s742XUOzj4oVJUZ,5 0.0677 442 780 689 1010 0 0.0623 260 645 507 888 0 0.0614 73 599 316 848 8 0.0613 78 590 309 848 7 0.0611 451 780 701 1014 11 0.0608 445 782 690 1007 0 0.0604 444 784 697 1015 0 0.0600 369 653 628 891 8 0.0599 15 665 246 909 5 0.0595 430 660 693 899 11 0.0593 74 598 317 844 8 0.0581 448 781 686 1015 11 0.0577 428 670 698 892 3 0.0567 387 766 628 1020 8 0.0565 372 653 623 888 0 0.0563 11 675 253 910 11 0.0563 12 676 260 907 5 0.0561 68 595 311 846 8 0.0559 261 646 502 886 5 0.0558 254 641 500 884 11 0.0554 306 648 560 884 3 0.0550 18 669 252 914 6 0.0547 77 595 320 848 7 0.0547 10 674 256 911 5 0.0544 321 586 568 831 3 0.0539 80 594 314 851 10 0.0538 76 600 316 846 7 0.0537 262 644 511 888 5 0.0535 514 715 763 954 8 0.0534 314 772 558 1020 7 0.0532 75 594 317 846 6 0.0530 256 643 511 887 11 0.0529 307 780 567 1018 6 0.0526 509 801 766 1019 13 0.0525 12 670 262 913 11 0.0525 439 338 694 577 13 0.0525 327 590 579 837 13 0.0524 388 768 637 1016 3 0.0524 374 654 629 893 3 0.0524 448 280 692 520 0 0.0522 441 334 689 578 7 0.0517 377 651 632 891 13 0.0517 74 594 321 852 6 0.0515 375 654 633 886 7 0.0511 255 785 509 1022 3 0.0510 513 794 754 1023 5 0.0507 435 192 687 431 2 0.0506 386 776 632 1012 5 0.0505 306 774 562 1016 13 0.0504 512 797 764 1023 7 0.0503 444 334 695 578 10 0.0501 256 649 508 886
VuR94G2yEW9s5thhUyFvHqQld5gDxwOu,5 0.0548 378 717 628 961 7 0.0547 443 336 703 562 0 0.0546 381 719 634 968 8 0.0545 382 720 629 964 11 0.0543 379 721 633 962 7 0.0539 385 719 638 967 6 0.0538 384 722 637 965 11 0.0532 439 339 699 563 13 0.0513 382 721 640 969 10 0.0511 379 723 632 962 0 0.0504 437 287 709 504
tVp8taAxfeMT0DwZ1lmMP0LZgr4k8vh9,0 0.0575 564 590 822 825 8 0.0562 144 1 482 154 11 0.0556 131 0 490 153 6 0.0556 251 1 514 193 0 0.0545 503 340 754 576 0 0.0544 586 408 815 651 8 0.0542 500 340 753 574 7 0.0540 505 337 764 575 0 0.0536 140 0 493 155 8 0.0530 312 0 562 201 11 0.0525 499 340 759 571 11 0.0514 562 594 819 817 10 0.0514 137 2 493 152 5 0.0509 175 0 445 194
8f9Eeo26MVh33uusyYSJf1GVV8Gduogb,11 0.0594 506 777 738 1012 0 0.0560 399 87 633 314 5 0.0535 502 776 734 1012 0 0.0535 306 201 562 454 0 0.0532 505 775 740 1020 8 0.0523 400 88 626 312 7 0.0518 512 774 743 1013 11 0.0513 396 86 638 314 7 0.0506 398 81 641 315 7 0.0506 448 650 706 887 8 0.0504 310 198 552 451 8 0.0503 510 775 733 1017
vgpOHpWQCQo0AZwiJyrXD6VyrQnlOxWs,8 0.0654 241 392 486 633 3 0.0636 447 276 703 512 5 0.0630 363 330 635 566 3 0.0628 372 334 636 572 8 0.0627 383 271 634 504 5 0.0617 244 329 492 569 11 0.0616 239 397 495 635 0 0.0611 564 236 830 459 7 0.0609 325 148 573 365 7 0.0601 449 275 708 509 5 0.0599 435 272 700 508 11 0.0598 383 221 644 438 0 0.0596 241 388 493 636 7 0.0596 377 333 638 569 11 0.0592 444 281 704 506 6 0.0591 446 278 709 509 8 0.0588 432 395 682 637 3 0.0587 394 145 641 377 0 0.0587 380 273 641 504 6 0.0586 436 397 691 638 5 0.0582 301 196 577 425 0 0.0582 433 397 687 640 11 0.0579 368 340 635 566 6 0.0577 250 334 497 569 8 0.0576 253 268 489 501 11 0.0574 431 400 686 634 6 0.0574 325 146 575 365 6 0.0573 376 335 639 567 0 0.0572 252 265 499 503 7 0.0572 254 263 498 497 13 0.0569 242 397 500 637 7 0.0567 388 217 644 442 3 0.0565 312 205 581 435 11 0.0562 560 99 837 307 8 0.0561 564 232 824 455 11 0.0558 120 409 382 640 3 0.0558 247 337 491 579 8 0.0558 312 200 570 430 11 0.0557 320 152 572 364 13 0.0554 375 335 641 568 6 0.0551 571 234 838 455 6 0.0550 183 402 437 640 13 0.0550 327 90 588 309 13 0.0548 207 18 472 260 6 0.0547 386 217 644 443 7 0.0547 179 403 434 636 12 0.0545 375 336 639 571 13 0.0543 387 216 648 439 5 0.0542 316 87 577 307 5 0.0541 173 401 429 636 13 0.0540 451 277 710 508 11 0.0540 251 273 498 499 5 0.0537 115 339 359 570 7 0.0537 261 796 501 1021 5 0.0535 254 794 495 1018 8 0.0533 392 146 629 368 10 0.0533 242 399 496 636 10 0.0533 382 273 645 503 2 0.0531 432 405 686 633 9 0.0529 367 335 636 562 11 0.0528 565 236 836 452 8 0.0528 258 801 488 1022 0 0.0527 388 146 636 373 2 0.0525 372 342 632 566 8 0.0523 121 403 368 644 2 0.0522 444 284 699 508 11 0.0522 617 168 885 380 6 0.0521 254 87 518 312 13 0.0519 435 396 694 637 0 0.0519 308 199 576 432 5 0.0519 560 229 831 460 12 0.0518 437 398 692 638 0 0.0517 323 88 578 312 7 0.0514 132 342 367 570 13 0.0510 568 233 839 456 9 0.0508 441 276 705 504 6 0.0508 133 347 372 571 1 0.0508 238 389 490 638 0 0.0507 124 403 377 644 6 0.0505 264 200 511 432 5 0.0504 611 88 888 315 9 0.0504 249 338 492 565 13 0.0504 255 271 504 502 13 0.0503 127 408 387 646
dSIwuefJKj3MiMpzCIGoDm5jr7Gjr2sx,11 0.0585 443 458 699 688 11 0.0579 437 590 694 830 7 0.0574 448 454 701 688 0 0.0574 441 456 698 693 0 0.0560 507 727 765 965 8 0.0557 441 590 686 834 0 0.0557 437 592 693 837 7 0.0552 446 588 696 833 11 0.0537 377 519 632 756 11 0.0535 509 786 758 1011 13 0.0535 515 725 770 964 13 0.0533 405 685 781 863 11 0.0530 310 786 566 1011 7 0.0530 385 517 635 754 8 0.0527 447 453 689 689 11 0.0527 239 449 498 685 8 0.0527 311 785 560 1014 10 0.0526 438 590 691 832 13 0.0523 317 784 576 1015 11 0.0522 103 514 368 749 0 0.0519 437 786 687 1014 13 0.0519 447 786 693 1014 8 0.0518 441 786 677 1009 0 0.0517 247 383 504 616 8 0.0516 381 513 621 754 5 0.0515 435 783 683 1008 6 0.0514 112 509 375 751 13 0.0511 449 458 704 693 5 0.0510 392 683 763 860 6 0.0509 442 588 694 834 7 0.0508 444 785 691 1012 5 0.0508 507 723 759 958 8 0.0506 509 724 756 960 7 0.0506 513 725 765 961 13 0.0505 315 384 573 613 5 0.0504 241 327 510 554 11 0.0502 428 721 687 952 0 0.0501 376 519 630 757
23iNdVE4f7XMGWz5C0IG57JazntvGuhv,3 0.0595 512 127 759 379 5 0.0573 549 198 817 436 13 0.0557 626 216 890 446 8 0.0553 621 212 874 443 0 0.0552 494 198 754 441 5 0.0551 497 117 754 370 0 0.0544 622 157 886 387 3 0.0542 562 206 822 448 11 0.0541 317 537 588 757 8 0.0538 327 589 584 814 8 0.0537 494 194 744 442 10 0.0536 503 127 759 374 10 0.0534 557 205 825 441 7 0.0532 327 534 590 755 7 0.0531 507 123 760 374 8 0.0530 251 0 486 200 8 0.0530 275 464 511 699 13 0.0527 501 197 760 440 8 0.0525 517 79 770 312 11 0.0519 458 14 712 246 0 0.0518 459 550 831 735 11 0.0518 502 127 753 372 6 0.0517 628 215 888 441 7 0.0515 560 201 825 442 5 0.0515 319 388 573 626 11 0.0513 267 465 526 697 6 0.0513 117 475 387 706 11 0.0513 174 516 436 770 7 0.0508 197 457 443 698 6 0.0506 563 136 826 371 11 0.0504 152 647 422 877 11 0.0503 623 213 880 443
ULmdMS7LvYLlfd6MJwUdX1G0oGwreeTY,0 0.0576 387 337 639 566 11 0.0565 385 340 638 557 5 0.0563 314 213 558 441 7 0.0544 394 336 640 563 7 0.0530 319 152 569 376 11 0.0523 188 726 432 956 10 0.0523 128 726 377 953 5 0.0521 384 335 635 561 11 0.0519 314 152 561 367 8 0.0519 135 801 373 1021 0 0.0517 323 222 566 446 13 0.0516 320 152 570 375 11 0.0516 318 797 559 1018 7 0.0508 190 723 432 961 5 0.0508 126 715 373 956 8 0.0507 320 797 550 1022 3 0.0505 392 340 634 566 6 0.0502 321 152 566 376 0 0.0501 388 463 637 696
y29Fieldmon1rISsM5Mb8eQL910P8XW8,5 0.0617 154 274 518 463 5 0.0586 190 320 437 577 11 0.0560 253 209 512 440 6 0.0553 202 271 454 516 11 0.0552 200 269 449 512 0 0.0550 256 208 515 444 0 0.0539 201 268 449 517 5 0.0534 304 0 575 185 8 0.0533 199 323 429 577 5 0.0532 182 10 439 248 13 0.0527 201 323 444 580 7 0.0526 259 201 517 443 3 0.0526 199 268 449 523 6 0.0525 260 205 518 446 5 0.0523 564 17 837 239 5 0.0523 351 6 531 388 3 0.0522 256 206 514 448 11 0.0521 130 209 392 443 8 0.0512 172 277 505 465 13 0.0511 511 83 775 309 0 0.0505 195 143 455 384 13 0.0502 261 205 524 446
RG6IbuYZ1AdZJmVKYgG7F9hunhUWceZL,11 0.0619 364 591 634 827 0 0.0610 366 586 634 829 0 0.0578 377 458 628 701 11 0.0576 497 598 749 828 8 0.0568 431 665 682 895 8 0.0562 500 593 742 827 8 0.0562 371 588 627 830 5 0.0562 364 586 630 829 0 0.0561 498 593 751 830 0 0.0558 427 664 691 896 11 0.0554 374 461 632 699 11 0.0544 424 669 691 894 6 0.0543 372 588 637 829 11 0.0535 558 534 811 771 0 0.0534 446 399 696 644 7 0.0533 438 592 698 824 0 0.0533 639 351 893 573 7 0.0530 247 466 502 703 0 0.0530 244 465 498 705 8 0.0528 244 469 489 705 3 0.0528 431 666 691 901 6 0.0525 245 467 504 705 11 0.0522 239 471 498 703 11 0.0521 443 401 696 639 3 0.0514 372 590 634 834 8 0.0513 378 459 622 699 7 0.0512 441 455 695 701 11 0.0510 301 407 563 642 11 0.0509 638 469 898 699 5 0.0508 494 593 746 826 0 0.0508 305 405 562 643 10 0.0508 369 591 632 826 5 0.0506 631 345 885 567 10 0.0505 437 463 688 699 10 0.0503 310 476 566 699 13 0.0502 374 588 643 834 11 0.0501 554 670 812 898 6 0.0501 432 663 694 894
NeUjwj2DHhrICLu54wdo7r2Y5j0CGQ2T,8 0.0577 241 799 476 1023 5 0.0568 230 800 480 1018 11 0.0543 239 800 484 1023 11 0.0516 369 806 620 1023 6 0.0504 239 803 487 1023 0 0.0503 242 801 487 1023
TPecfMIJGLehwIVa8TfYXhnLqOrrKJvJ,8 0.0668 278 863 635 1023 5 0.0661 170 723 429 959 5 0.0657 367 789 627 1021 13 0.0634 239 792 502 1023 8 0.0633 170 723 430 963 0 0.0629 275 866 637 1023 5 0.0624 204 864 569 1022 5 0.0623 299 729 559 960 0 0.0614 435 779 686 1013 11 0.0603 207 866 575 1020 7 0.0594 374 791 632 1023 0 0.0590 303 727 560 966 0 0.0585 173 725 435 964 5 0.0585 487 794 750 1018 13 0.0585 175 728 439 964 0 0.0580 408 678 736 866 11 0.0578 429 780 687 1010 6 0.0575 280 868 648 1023 10 0.0569 173 733 431 961 13 0.0568 310 733 565 966 8 0.0568 303 730 556 961 7 0.0560 173 727 438 961 11 0.0560 167 730 436 958 3 0.0559 306 730 559 966 3 0.0555 376 790 631 1023 10 0.0554 274 867 642 1023 7 0.0552 237 789 497 1023 7 0.0545 304 732 563 964 5 0.0542 399 677 729 861 10 0.0541 371 735 636 963 2 0.0541 232 733 495 963 3 0.0537 218 865 573 1023 8 0.0535 437 777 681 1011 11 0.0534 404 682 739 858 6 0.0534 436 779 691 1009 8 0.0531 413 679 726 862 7 0.0525 415 679 742 863 10 0.0525 407 683 736 859 11 0.0521 547 666 824 886 3 0.0517 415 679 739 865 6 0.0517 413 680 745 860 2 0.0516 215 870 575 1023 13 0.0516 415 681 740 862 1 0.0514 299 782 562 1023 13 0.0511 438 780 694 1016 9 0.0511 271 866 639 1021 0 0.0509 551 664 822 896 8 0.0507 296 475 637 664 7 0.0506 497 796 761 1023 0 0.0506 578 797 838 1020 6 0.0504 171 727 440 963 1 0.0503 224 729 492 963
cf9lGG5nE61KU6UV1nuK4CO83pjvcQWs,11 0.0632 440 408 701 637 8 0.0610 444 336 687 577 13 0.0594 381 466 645 705 7 0.0589 310 521 575 752 7 0.0586 381 605 633 845 11 0.0583 296 419 566 641 8 0.0583 226 466 481 706 3 0.0581 448 337 695 581 5 0.0579 215 463 482 701 8 0.0575 372 415 631 642 5 0.0575 433 400 699 639 13 0.0574 309 597 584 831 5 0.0573 294 592 571 827 11 0.0570 222 467 485 705 8 0.0566 309 349 558 586 7 0.0563 303 418 565 644 13 0.0561 233 468 496 706 7 0.0560 227 464 490 705 5 0.0559 369 463 633 702 13 0.0558 442 338 697 580 13 0.0556 443 542 702 774 6 0.0553 228 470 495 705 7 0.0553 445 542 699 776 0 0.0553 438 402 699 643 7 0.0552 447 337 699 580 0 0.0550 222 467 490 707 5 0.0549 293 345 561 581 7 0.0544 509 727 755 963 0 0.0542 308 521 570 753 11 0.0542 301 524 574 747 3 0.0540 306 350 561 592 3 0.0540 371 416 638 650 7 0.0540 439 666 695 913 11 0.0539 293 676 572 905 6 0.0537 447 335 695 579 0 0.0536 300 349 567 588 10 0.0536 438 405 705 641 11 0.0532 302 286 572 513 5 0.0528 501 461 758 698 3 0.0525 227 467 484 710 8 0.0524 310 520 563 752 7 0.0521 313 282 573 513 11 0.0519 505 468 756 695 7 0.0518 306 675 582 909 10 0.0518 508 471 760 700 3 0.0515 445 605 688 870 2 0.0510 379 474 634 705 7 0.0509 511 462 764 699 6 0.0508 371 418 638 645 8 0.0508 503 727 738 961 13 0.0508 305 420 573 645 13 0.0507 248 738 513 968 11 0.0506 233 352 499 578 11 0.0505 502 731 747 961 6 0.0504 309 521 577 750 3 0.0503 514 464 756 706 0 0.0502 239 277 501 506 5 0.0501 436 596 687 853
VKCShv6bKBNHF72761Hps6dxDsd7tsWO,7 0.0579 447 788 686 1019 8 0.0568 185 450 435 681 7 0.0564 198 785 441 1019 8 0.0556 439 789 672 1023 8 0.0542 199 782 430 1021 5 0.0538 194 780 433 1015 5 0.0533 176 448 442 676 7 0.0533 242 454 510 683 11 0.0531 238 463 508 680 11 0.0529 192 785 437 1016 13 0.0529 444 797 689 1023 6 0.0521 183 453 448 682 0 0.0510 440 794 680 1023 5 0.0506 436 790 673 1017 11 0.0505 441 794 679 1018 13 0.0505 527 1 908 150 0 0.0504 198 781 438 1023
wSoKhhmAjyfCuMvK2FM6WOp0zTgd5Uh2,8 0.0595 37 418 303 639 11 0.0589 354 519 625 750 11 0.0585 241 503 495 753 0 0.0576 263 140 516 391 11 0.0558 698 3 1023 158 0 0.0550 362 454 631 694 5 0.0538 40 408 297 640 5 0.0535 352 513 625 752 5 0.0533 691 0 1018 159 8 0.0532 357 520 617 752 7 0.0531 366 455 635 693 8 0.0530 697 0 1014 158 5 0.0522 256 142 514 381 0 0.0513 241 502 499 756 10 0.0510 701 0 964 202 11 0.0507 289 652 562 888 6 0.0507 706 0 970 200 13 0.0507 700 0 1023 160 13 0.0505 296 648 576 897 8 0.0505 244 563 494 822 3 0.0502 359 521 627 759 8 0.0500 269 143 509 387
FABq5Ip3KBVvUEuf956h1qofIZiapHLb,0 0.0616 501 614 768 833 6 0.0602 322 590 581 835 5 0.0589 375 520 641 768 7 0.0571 517 539 776 764 11 0.0568 371 598 640 838 8 0.0566 515 471 767 700 5 0.0564 507 534 767 760 5 0.0562 301 325 568 567 0 0.0560 232 209 500 449 11 0.0556 234 326 500 579 11 0.0556 380 335 655 566 0 0.0546 379 331 650 571 0 0.0544 568 485 835 707 11 0.0540 520 395 791 622 6 0.0539 437 467 710 706 13 0.0537 525 391 795 627 0 0.0534 382 460 653 707 7 0.0530 440 463 710 711 5 0.0529 297 446 571 698 0 0.0529 521 392 790 630 8 0.0528 382 327 641 569 0 0.0528 369 595 638 845 13 0.0524 321 590 580 844 7 0.0524 375 598 645 844 3 0.0523 374 596 641 851 8 0.0523 502 613 754 826 11 0.0523 235 142 496 365 5 0.0522 387 379 655 622 11 0.0515 381 460 655 701 13 0.0514 390 462 664 708 8 0.0513 373 595 632 841 3 0.0511 575 482 831 705 5 0.0508 311 586 567 832 6 0.0507 310 328 579 571 8 0.0507 580 555 820 778 8 0.0503 236 207 489 442 11 0.0501 577 559 832 775
3Pi10VAv11dtmfvjWjVeXi5A4sE6mppg,8 0.0528 77 611 314 840 6 0.0519 191 535 436 767 11 0.0501 185 536 433 762
YUsybgw8P6zmvuT3WnzNVSvOmwM0LYvP,11 0.0641 315 598 575 832 11 0.0639 318 465 575 700 7 0.0625 215 862 579 1023 11 0.0623 253 665 511 890 11 0.0616 391 392 648 634 0 0.0613 427 729 678 966 11 0.0607 384 532 642 763 7 0.0605 311 734 562 965 5 0.0600 197 858 565 1022 8 0.0594 320 601 565 835 5 0.0592 420 782 666 1018 8 0.0592 206 860 564 1022 7 0.0590 428 784 674 1022 0 0.0589 316 668 567 903 8 0.0586 389 535 632 764 0 0.0584 3 1 250 220 8 0.0583 260 665 499 898 0 0.0581 325 397 578 629 11 0.0579 303 733 560 960 7 0.0576 320 601 576 839 11 0.0575 202 862 574 1023 8 0.0574 310 731 552 962 8 0.0570 323 471 568 703 0 0.0569 210 861 575 1023 8 0.0569 429 783 665 1023 0 0.0568 323 538 574 770 8 0.0568 395 390 637 634 11 0.0567 422 731 679 959 5 0.0566 318 464 572 701 7 0.0562 323 467 581 704 13 0.0559 432 788 675 1023 10 0.0558 423 788 670 1023 13 0.0554 321 668 571 901 10 0.0553 304 735 554 961 5 0.0551 389 392 644 633 5 0.0551 303 728 553 960 0 0.0549 498 599 753 820 3 0.0548 427 786 671 1023 10 0.0546 202 862 573 1023 13 0.0544 325 541 582 769 3 0.0541 212 862 574 1023 13 0.0539 213 862 583 1023 0 0.0536 383 463 641 703 0 0.0536 393 337 651 568 3 0.0533 258 730 490 968 11 0.0530 505 786 741 1020 3 0.0530 399 394 642 640 7 0.0528 390 532 644 766 5 0.0528 312 597 567 832 3 0.0525 325 469 570 709 6 0.0525 259 668 514 891 0 0.0525 505 784 746 1023 6 0.0525 325 542 580 767 13 0.0525 260 600 518 820 7 0.0523 396 392 648 635 13 0.0523 491 677 749 892 2 0.0522 326 399 576 630 7 0.0522 501 599 755 818 10 0.0521 316 601 569 834 6 0.0520 386 467 644 700 6 0.0519 1 2 256 217 6 0.0517 208 863 579 1023 6 0.0515 430 733 681 961 13 0.0514 388 464 648 704 5 0.0512 382 532 636 763 2 0.0511 210 864 575 1023 10 0.0510 485 681 742 892 13 0.0510 330 397 584 633 11 0.0510 494 598 752 816 0 0.0510 256 728 491 963 6 0.0509 328 398 579 630 11 0.0509 0 1 250 214 8 0.0507 501 594 743 818 3 0.0507 320 668 564 906 0 0.0506 257 597 512 822 6 0.0506 310 734 562 961
Z6dtqpkRhyFlTg6FERhCfP0dkMJZHZgb,7 0.0671 435 774 680 1019 11 0.0646 365 783 612 1019 5 0.0636 494 778 741 1015 8 0.0627 371 778 610 1023 3 0.0627 388 274 644 505 11 0.0627 385 675 636 900 11 0.0609 386 278 647 498 0 0.0608 384 668 635 908 8 0.0607 388 672 629 907 5 0.0602 361 776 612 1021 0 0.0601 430 776 679 1020 8 0.0594 240 668 502 900 3 0.0585 368 780 614 1023 11 0.0582 497 787 742 1011 0 0.0573 383 276 644 503 6 0.0572 435 776 681 1016 3 0.0558 372 142 630 375 7 0.0558 388 278 648 502 3 0.0548 382 404 636 652 7 0.0546 308 387 570 638 11 0.0546 375 404 634 639 2 0.0545 437 780 679 1016 7 0.0545 389 671 641 906 3 0.0545 387 672 632 913 8 0.0545 499 780 739 1018 8 0.0544 389 273 639 503 0 0.0543 244 310 499 560 13 0.0543 439 776 684 1019 10 0.0540 433 776 675 1014 6 0.0539 313 327 581 568 6 0.0538 389 276 650 501 5 0.0538 380 450 629 690 5 0.0538 368 334 637 571 7 0.0536 246 313 502 563 11 0.0534 303 329 574 566 13 0.0532 319 670 587 906 5 0.0531 372 205 635 420 11 0.0531 244 668 512 892 5 0.0529 383 666 631 905 6 0.0527 320 678 581 902 7 0.0527 392 458 637 694 11 0.0526 320 596 565 827 0 0.0524 318 592 565 836 13 0.0521 322 266 581 497 3 0.0520 499 782 744 1020 5 0.0519 317 588 560 831 5 0.0517 238 659 513 900 11 0.0516 299 141 560 362 0 0.0516 442 356 703 589 11 0.0516 302 454 566 697 7 0.0516 448 356 711 589 5 0.0515 238 312 495 558 8 0.0514 247 313 487 562 6 0.0514 381 402 641 641 8 0.0514 321 598 558 833 7 0.0514 250 667 517 896 11 0.0510 40 3 315 199 10 0.0509 384 281 647 497 13 0.0508 245 318 508 566 0 0.0507 305 387 566 633 8 0.0507 380 406 626 642 8 0.0507 370 141 624 367 3 0.0503 310 327 575 574 2 0.0503 306 394 564 633 10 0.0503 316 676 577 906 0 0.0502 36 4 311 205 5 0.0501 295 387 561 630 13 0.0500 307 388 572 636
15WYxOWANFhx8JbmBbNCNmWtu7K2MFUB,11 0.0647 575 551 815 769 0 0.0620 513 592 761 827 11 0.0562 514 471 760 698 7 0.0561 516 538 767 765 8 0.0560 515 592 755 825 0 0.0555 513 471 760 702 10 0.0550 515 595 761 823 0 0.0543 636 683 872 907 7 0.0530 382 400 627 624 8 0.0530 517 469 756 701 7 0.0517 641 680 875 903 13 0.0516 521 472 767 701 11 0.0513 376 406 619 626 3 0.0511 521 590 763 832 6 0.0506 522 595 766 825 0 0.0501 71 782 314 1011 11 0.0501 632 685 875 898
VUGvo9R3ac2nmr8JfmXN2IbgYrkuYn8F,8 0.0647 231 481 483 699 5 0.0634 226 411 498 643 10 0.0625 235 425 503 643 11 0.0602 295 539 561 767 11 0.0600 552 319 821 566 11 0.0595 439 326 706 579 7 0.0585 442 405 693 650 5 0.0584 568 146 828 383 5 0.0583 569 11 822 249 0 0.0581 182 459 438 693 0 0.0578 308 339 577 581 0 0.0577 577 19 823 258 3 0.0576 235 480 487 706 5 0.0574 437 193 688 432 11 0.0573 513 154 770 374 13 0.0573 304 540 563 770 11 0.0572 502 20 758 242 8 0.0572 366 327 624 571 10 0.0571 306 348 579 578 11 0.0571 361 399 624 645 8 0.0569 440 197 687 433 11 0.0568 230 481 491 703 11 0.0567 383 141 641 366 7 0.0567 445 270 701 503 6 0.0566 556 323 826 567 8 0.0564 302 543 552 768 7 0.0563 181 458 439 689 7 0.0558 371 325 637 570 3 0.0557 305 539 558 772 13 0.0556 579 15 832 251 13 0.0554 450 199 698 432 5 0.0554 546 313 819 564 8 0.0552 294 412 563 648 5 0.0550 301 338 571 576 6 0.0550 233 480 490 699 13 0.0549 237 481 492 698 0 0.0548 370 259 636 496 11 0.0547 370 261 635 494 0 0.0546 369 543 624 783 6 0.0546 454 136 701 362 6 0.0546 517 75 772 300 5 0.0544 435 318 697 573 0 0.0543 442 323 703 582 8 0.0543 243 358 495 576 0 0.0543 297 473 563 710 5 0.0542 173 336 431 573 3 0.0542 454 135 694 370 8 0.0540 380 140 631 366 13 0.0539 371 325 640 566 11 0.0535 443 197 695 433 13 0.0533 445 403 698 647 0 0.0532 450 134 698 366 8 0.0532 513 153 761 381 8 0.0532 363 471 615 713 10 0.0531 366 264 635 493 7 0.0529 577 16 829 256 6 0.0529 367 397 626 645 3 0.0529 561 318 820 579 6 0.0528 445 328 705 577 13 0.0528 522 156 771 378 6 0.0528 584 154 837 385 10 0.0528 179 349 435 568 8 0.0528 506 18 753 245 6 0.0527 517 209 762 431 6 0.0527 305 536 559 769 3 0.0526 447 267 697 508 8 0.0526 438 402 683 647 13 0.0524 559 321 828 570 5 0.0523 360 537 622 775 7 0.0523 304 540 561 770 13 0.0522 300 411 581 647 3 0.0521 517 78 767 311 10 0.0521 452 140 699 362 3 0.0521 377 202 632 442 10 0.0521 441 329 705 577 0 0.0520 510 207 758 435 7 0.0520 377 203 637 437 2 0.0520 447 203 698 433 6 0.0517 377 206 638 436 8 0.0516 548 318 811 570 5 0.0515 377 133 636 365 8 0.0515 308 274 566 497 2 0.0514 577 24 822 252 1 0.0514 228 474 487 701 8 0.0512 262 224 620 407
eebO8UJdivX50fCkQwZeLmW3E0KLnAvv,11 0.0600 374 730 632 957 0 0.0596 497 723 752 958 5 0.0581 496 796 744 1019 0 0.0573 423 662 692 891 11 0.0571 498 802 747 1020 5 0.0564 491 657 748 892 11 0.0560 371 204 645 427 5 0.0559 364 780 624 1014 7 0.0557 505 801 756 1023 8 0.0554 502 802 741 1021 0 0.0554 376 725 631 958 11 0.0552 423 661 690 886 0 0.0548 496 595 759 817 5 0.0544 367 126 630 346 5 0.0541 362 666 624 889 5 0.0541 432 715 684 957 10 0.0540 364 671 626 888 13 0.0534 508 806 756 1023 0 0.0531 571 799 827 1023 10 0.0528 501 803 748 1023 6 0.0527 371 669 628 890 11 0.0525 499 595 752 810 10 0.0525 431 724 690 957 3 0.0524 493 660 754 899 7 0.0523 372 784 636 1019 3 0.0521 367 670 628 895 0 0.0519 568 669 831 915 8 0.0519 433 723 682 958 6 0.0518 436 722 691 960 7 0.0518 429 659 694 889 10 0.0514 366 788 630 1017 7 0.0512 317 129 571 366 7 0.0509 503 594 756 811 8 0.0509 493 660 742 892 13 0.0507 439 722 695 961 8 0.0506 373 134 627 347 11 0.0506 315 265 572 500 6 0.0505 378 133 636 352 0 0.0503 310 134 569 361
7KW1qPoXkcUKVaDxxsVkZjxG3OxFobOk,0 0.0629 247 282 504 518 7 0.0576 382 277 643 510 8 0.0573 381 276 637 506 11 0.0568 306 340 578 582 7 0.0557 311 337 581 582 0 0.0556 314 338 579 584 6 0.0554 381 276 647 507 3 0.0553 386 279 644 513 5 0.0552 375 274 639 504 11 0.0547 380 282 642 509 5 0.0544 305 331 575 576 0 0.0534 184 402 439 662 6 0.0532 309 342 584 579 0 0.0530 380 277 643 512 11 0.0526 244 286 506 515 10 0.0524 241 421 511 667 10 0.0523 379 280 646 504 8 0.0516 251 281 496 518 8 0.0512 311 340 573 580 11 0.0511 239 415 505 669 5 0.0508 236 405 505 666 8 0.0508 243 411 504 669 0 0.0507 298 203 564 427 3 0.0504 240 356 502 594 7 0.0501 248 282 506 518
ivzxiXdP0v1ciEqAzbYpepPgovAYuAqZ,11 0.0616 405 425 762 609 11 0.0615 372 335 636 572 11 0.0612 248 522 511 759 5 0.0591 402 420 758 609 5 0.0587 244 514 505 760 0 0.0582 249 515 506 761 7 0.0582 190 670 453 891 7 0.0580 247 389 495 629 7 0.0575 412 422 768 610 3 0.0574 417 423 763 616 7 0.0573 377 333 640 573 5 0.0569 234 390 492 628 8 0.0567 411 423 750 610 7 0.0565 257 519 510 760 11 0.0561 186 671 452 889 0 0.0561 401 420 759 613 8 0.0560 251 593 516 832 6 0.0560 407 421 765 611 6 0.0556 374 336 642 573 13 0.0556 412 425 770 611 11 0.0555 240 394 498 627 0 0.0553 184 671 451 893 0 0.0553 372 337 636 575 5 0.0551 185 667 446 887 5 0.0550 369 332 632 573 10 0.0545 404 425 763 609 0 0.0545 241 390 494 633 6 0.0544 191 671 454 886 6 0.0535 256 594 529 829 8 0.0535 184 670 443 890 2 0.0531 190 677 449 891 0 0.0530 241 725 516 963 3 0.0528 251 521 507 767 8 0.0528 240 390 489 630 13 0.0525 254 519 512 763 11 0.0524 240 797 513 1022 8 0.0523 376 335 629 568 10 0.0522 372 338 638 572 6 0.0520 242 394 500 630 13 0.0520 245 391 502 633 3 0.0520 378 335 638 580 3 0.0520 243 392 495 638 3 0.0511 190 670 446 896 11 0.0510 310 678 585 905 2 0.0510 244 398 496 629 2 0.0509 256 525 510 760 13 0.0506 191 670 460 889 13 0.0506 243 728 523 962
f81T96HKj7obRUJfiIxpoQQ8X7Ix6oBw,11 0.0625 136 676 509 840 11 0.0610 298 669 570 900 0 0.0598 139 674 512 846 8 0.0590 147 674 503 843 5 0.0582 115 537 367 766 7 0.0575 148 676 514 845 7 0.0572 308 668 573 902 7 0.0561 122 538 377 773 0 0.0561 122 535 378 776 0 0.0556 300 661 570 904 11 0.0556 212 413 587 591 8 0.0555 306 664 563 902 8 0.0554 123 537 367 772 0 0.0546 220 411 593 594 5 0.0539 135 673 496 839 13 0.0538 147 673 520 844 6 0.0536 308 665 572 901 3 0.0536 307 664 569 910 5 0.0534 297 664 566 899 6 0.0532 143 676 515 844 8 0.0530 373 720 626 959 7 0.0530 219 414 595 592 7 0.0528 278 793 647 976 11 0.0524 436 664 702 889 7 0.0523 182 786 436 1023 6 0.0523 120 540 378 769 0 0.0521 327 296 580 530 10 0.0521 143 679 503 845 5 0.0519 367 721 630 955 5 0.0517 321 292 573 530 8 0.0514 220 415 578 592 6 0.0514 250 215 520 451 3 0.0514 148 674 502 846 8 0.0513 308 221 583 450 0 0.0511 182 726 441 964 11 0.0509 174 790 426 1017 6 0.0508 225 414 599 591 5 0.0506 207 410 585 588 7 0.0506 249 206 519 449 10 0.0503 119 545 372 772 11 0.0501 252 282 516 523
wViRX857HPRXR5TLIcYGzv8lQEjKSacD,5 0.0585 232 411 497 645 8 0.0568 238 415 490 643 0 0.0563 235 414 498 649 11 0.0556 233 351 503 579 8 0.0545 306 352 542 587 0 0.0544 368 272 617 523 6 0.0536 238 418 502 645 3 0.0535 240 417 497 652 3 0.0532 304 351 551 596 0 0.0531 301 349 553 591 8 0.0527 642 496 888 739 11 0.0526 639 500 900 738 0 0.0523 309 202 563 442 7 0.0522 238 415 499 646 13 0.0522 242 417 504 648 0 0.0522 168 347 436 580 11 0.0521 310 416 560 647 0 0.0518 316 6 572 269 13 0.0517 326 6 577 260 0 0.0515 500 470 763 714 3 0.0509 503 469 763 715 2 0.0509 239 420 498 644 7 0.0507 500 468 768 712 11 0.0507 302 280 563 516 8 0.0506 496 470 750 708 3 0.0504 648 499 897 747 8 0.0504 368 268 612 516 10 0.0503 237 419 494 642
xaJOLehLCK4VO8b0oJJbhL0WxFFKjZIM,11 0.0644 439 137 704 368 8 0.0643 387 140 639 386 0 0.0600 377 86 640 321 0 0.0600 259 146 510 392 3 0.0599 443 134 704 378 8 0.0597 259 146 507 395 3 0.0591 565 83 829 323 6 0.0588 263 146 518 392 13 0.0586 387 142 653 385 6 0.0573 442 135 710 371 5 0.0568 370 77 635 321 11 0.0567 258 146 517 386 8 0.0566 177 450 421 707 5 0.0560 252 141 508 391 5 0.0559 245 327 496 558 3 0.0559 263 144 515 397 5 0.0559 492 68 769 309 11 0.0555 171 454 429 700 11 0.0554 650 595 909 825 13 0.0543 262 141 523 397 5 0.0539 650 591 904 825 8 0.0538 502 77 764 312 11 0.0538 496 79 772 308 5 0.0538 170 445 425 697 10 0.0534 379 90 643 320 7 0.0531 265 143 516 392 7 0.0530 389 142 646 387 0 0.0529 656 597 911 826 8 0.0526 640 671 901 900 11 0.0524 526 465 772 695 11 0.0523 245 266 501 497 8 0.0520 301 588 542 817 6 0.0517 506 77 775 308 10 0.0517 258 150 516 392 0 0.0516 247 268 500 506 8 0.0515 528 467 771 696 8 0.0512 248 264 492 508 5 0.0511 186 203 442 445 10 0.0508 650 602 910 823 10 0.0507 500 79 775 309 0 0.0505 501 77 768 311 7 0.0502 508 76 775 312 13 0.0502 571 791 816 1023 11 0.0501 296 586 551 816 2 0.0500 439 141 700 370
yiaybdUYgh2OVOA5X1zu7sSYrluOzcuw,11 0.0565 238 790 493 1007 7 0.0532 244 781 499 1013 0 0.0507 180 208 426 435 13 0.0504 189 278 449 507
6SQv7lnFnAyUiHjKCLbmqq0qnMXpODsQ,11 0.0660 454 191 698 429 8 0.0649 316 396 569 640 5 0.0648 180 452 436 699 8 0.0643 446 260 689 506 5 0.0635 312 393 573 639 11 0.0629 517 323 767 559 5 0.0627 379 258 635 505 8 0.0623 448 390 688 635 11 0.0619 448 389 692 629 0 0.0619 453 194 695 432 6 0.0619 316 398 578 640 5 0.0617 509 254 750 485 6 0.0614 453 327 700 572 3 0.0612 452 260 691 510 11 0.0612 388 322 642 565 2 0.0609 446 263 691 501 11 0.0609 251 389 517 630 11 0.0605 580 385 830 614 6 0.0601 385 265 637 507 0 0.0600 516 390 762 626 0 0.0600 512 260 754 486 0 0.0599 315 396 575 641 0 0.0599 379 457 632 706 7 0.0598 395 320 643 570 11 0.0598 178 455 440 698 5 0.0595 452 183 693 430 0 0.0593 383 264 637 509 5 0.0592 244 317 513 565 6 0.0592 393 10 644 252 8 0.0591 386 196 632 442 8 0.0591 251 458 503 705 6 0.0589 382 458 635 708 10 0.0588 388 200 637 441 0 0.0586 447 327 698 571 10 0.0586 391 325 642 569 3 0.0582 398 136 629 391 6 0.0579 394 138 633 383 13 0.0578 395 320 643 569 7 0.0578 320 394 578 641 5 0.0577 433 582 680 819 5 0.0577 444 323 695 570 11 0.0576 379 454 634 701 6 0.0576 515 259 755 488 10 0.0576 449 394 691 634 7 0.0575 390 8 644 257 6 0.0574 254 462 514 703 3 0.0572 320 395 575 646 8 0.0572 253 317 511 569 8 0.0571 384 14 629 252 5 0.0571 310 198 569 443 2 0.0569 387 197 635 440 10 0.0568 381 460 634 702 0 0.0568 251 459 507 705 6 0.0566 254 323 519 567 8 0.0565 381 455 629 706 13 0.0564 454 391 698 634 6 0.0564 319 203 569 446 13 0.0563 384 456 642 704 6 0.0562 516 456 764 692 11 0.0562 385 16 640 252 11 0.0562 510 452 760 689 10 0.0561 316 397 576 638 11 0.0561 311 201 572 444 13 0.0559 254 458 517 706 2 0.0557 523 328 768 559 7 0.0556 525 322 768 563 3 0.0556 525 322 764 569 2 0.0555 516 458 763 692 6 0.0554 188 393 446 631 0 0.0554 437 524 691 767 13 0.0554 392 194 643 441 1 0.0554 444 319 701 571 3 0.0554 385 456 634 710 3 0.0553 454 389 691 639 8 0.0552 497 29 733 263 3 0.0552 522 193 753 428 9 0.0552 384 196 637 436 3 0.0551 391 11 637 258 5 0.0550 582 455 826 689 10 0.0550 179 459 436 703 13 0.0550 522 457 769 693 11 0.0547 560 152 806 367 10 0.0547 517 196 751 418 7 0.0545 391 195 640 441 8 0.0544 511 455 758 695 8 0.0543 187 389 440 631
zIlIK4CjpWZoCzXiMGM6M3woncvvimDp,5 0.0594 439 520 698 763 0 0.0586 189 467 439 714 0 0.0581 378 654 631 905 5 0.0576 301 320 563 550 5 0.0571 436 785 683 1019 11 0.0570 442 528 699 761 0 0.0569 244 329 494 553 7 0.0569 322 668 698 857 5 0.0567 302 453 564 688 0 0.0565 443 795 689 1023 13 0.0564 386 594 639 833 8 0.0563 445 600 685 841 7 0.0562 453 528 706 762 0 0.0561 259 593 520 840 11 0.0561 236 329 497 552 5 0.0561 372 649 623 899 0 0.0560 306 455 572 692 5 0.0559 367 376 627 615 5 0.0558 377 256 645 480 0 0.0556 313 272 568 490 7 0.0553 445 794 694 1023 3 0.0553 449 530 701 770 7 0.0553 243 325 496 554 8 0.0551 441 793 682 1023 11 0.0550 141 659 395 899 11 0.0549 375 452 636 684 6 0.0548 383 656 634 900 7 0.0547 142 651 401 908 11 0.0547 187 470 442 709 6 0.0547 310 324 577 553 0 0.0546 448 599 693 843 11 0.0543 442 798 689 1019 5 0.0542 184 464 436 712 6 0.0539 381 453 641 687 11 0.0538 308 272 569 488 11 0.0537 379 322 646 556 3 0.0537 303 325 564 560 8 0.0536 144 655 390 903 6 0.0534 449 796 694 1022 6 0.0533 140 654 404 904 7 0.0533 384 322 651 559 13 0.0531 380 797 629 1023 8 0.0528 375 718 618 962 13 0.0528 451 530 709 761 0 0.0526 382 321 645 557 7 0.0526 191 466 442 712 11 0.0525 310 669 694 852 5 0.0525 255 587 512 834 13 0.0523 310 459 578 694 0 0.0521 137 655 396 910 5 0.0520 436 70 698 308 3 0.0517 384 259 649 487 5 0.0516 136 649 394 903 10 0.0516 439 797 688 1023 8 0.0516 190 467 431 716 8 0.0514 320 530 574 765 13 0.0514 312 325 575 559 6 0.0513 190 466 440 713 6 0.0513 253 647 519 890 10 0.0511 446 604 695 839 13 0.0511 256 646 524 896 8 0.0511 380 448 627 691 2 0.0508 447 605 694 839 3 0.0506 372 383 635 626 5 0.0506 238 272 489 489 7 0.0505 380 719 626 965 11 0.0505 302 12 560 252 8 0.0504 252 647 509 897 11 0.0504 243 210 502 430 5 0.0503 308 201 554 419 11 0.0503 305 788 559 1018 3 0.0503 191 468 440 721 7 0.0502 314 272 569 492 2 0.0502 309 464 569 691 11 0.0501 262 595 523 832
rhfiRFqBTD1iI1srAQ2j6WtCIZ5Hrzu2,11 0.0610 366 206 656 432 5 0.0606 364 198 645 435 6 0.0601 321 322 580 560 11 0.0598 374 306 642 546 5 0.0598 317 383 581 622 8 0.0589 323 390 569 625 8 0.0588 375 305 629 549 8 0.0588 374 207 644 438 6 0.0587 377 201 656 435 0 0.0582 375 307 635 546 7 0.0580 317 258 577 497 3 0.0576 314 206 571 449 11 0.0573 245 321 510 561 7 0.0572 252 317 510 563 5 0.0571 370 301 632 547 8 0.0569 180 403 432 646 8 0.0568 248 322 496 567 11 0.0563 176 408 446 638 13 0.0563 380 140 664 382 5 0.0559 521 531 763 770 5 0.0558 175 398 436 636 8 0.0555 525 535 762 769 8 0.0550 448 466 697 702 11 0.0550 315 393 590 620 3 0.0548 445 210 709 450 0 0.0544 323 390 584 625 11 0.0543 240 205 510 448 2 0.0543 318 269 570 499 13 0.0542 310 205 579 444 7 0.0541 183 402 445 640 0 0.0541 371 202 651 436 8 0.0539 510 661 759 897 7 0.0537 317 139 583 382 5 0.0536 248 316 505 562 0 0.0536 451 394 700 630 10 0.0526 310 210 574 441 7 0.0526 325 387 589 626 11 0.0526 527 535 772 762 9 0.0526 369 313 638 543 7 0.0524 458 463 711 699 3 0.0523 244 263 503 507 8 0.0521 314 143 571 382 0 0.0518 251 324 509 565 6 0.0515 391 378 646 620 3 0.0515 315 324 576 565 6 0.0513 183 345 441 582 10 0.0512 384 145 659 382 5 0.0511 113 465 379 696 6 0.0509 250 261 505 497 3 0.0505 181 408 443 647 7 0.0502 263 464 524 709 0 0.0502 354 92 643 327 0 0.0501 244 207 504 451 6 0.0501 265 388 521 628
1AUK7Siw5Ttx6YtL9EpBkg0LLo1vAK2G,8 0.0620 362 592 627 827 8 0.0579 251 0 495 201 11 0.0579 422 527 695 764 11 0.0576 248 2 505 201 3 0.0574 506 1 770 201 8 0.0570 427 523 684 762 7 0.0569 440 0 711 202 11 0.0565 259 601 648 784 7 0.0563 268 599 648 784 11 0.0563 430 2 701 199 6 0.0561 429 524 699 764 6 0.0557 361 591 639 826 7 0.0556 329 0 585 245 5 0.0555 237 530 498 781 13 0.0554 503 0 775 194 11 0.0553 357 656 638 889 13 0.0550 242 590 511 846 10 0.0550 425 527 699 760 0 0.0546 425 522 691 767 8 0.0545 253 67 507 323 0 0.0544 358 591 633 834 13 0.0543 361 595 640 829 7 0.0541 430 523 697 763 13 0.0540 329 0 588 243 5 0.0537 295 459 560 702 5 0.0537 491 0 764 193 8 0.0533 312 659 570 902 10 0.0532 243 540 503 781 3 0.0528 266 600 647 786 3 0.0526 429 524 695 768 6 0.0525 249 141 506 389 8 0.0525 437 0 697 199 8 0.0524 242 592 496 846 6 0.0524 330 0 584 245 5 0.0523 431 450 690 694 5 0.0522 369 0 640 195 6 0.0521 243 591 510 840 6 0.0516 375 456 636 697 6 0.0515 438 0 708 201 8 0.0514 375 458 623 694 5 0.0513 232 661 499 916 5 0.0513 232 268 483 509 0 0.0512 254 2 502 203 7 0.0512 377 457 638 698 11 0.0512 300 468 567 705 3 0.0511 331 0 575 253 11 0.0510 190 679 576 849 0 0.0504 377 3 645 201 11 0.0504 314 154 576 397 9 0.0502 259 600 647 780 13 0.0501 427 526 699 765 11 0.0501 557 2 824 195
K5keyB1aVHLJZUAKcGwC742gmozQDmh1,0 0.0621 386 409 639 656 8 0.0596 390 410 635 655 11 0.0592 383 414 638 651 0 0.0587 706 2 971 207 7 0.0585 456 461 702 708 5 0.0583 568 144 839 375 5 0.0581 378 460 635 699 11 0.0576 712 15 955 277 11 0.0574 246 475 510 711 3 0.0569 374 358 649 590 5 0.0569 634 11 885 268 13 0.0567 378 361 654 588 7 0.0566 375 358 647 593 5 0.0560 433 356 708 587 7 0.0558 641 0 907 208 5 0.0554 244 464 511 710 0 0.0554 569 733 827 961 10 0.0547 382 418 643 652 8 0.0547 251 469 502 712 11 0.0544 441 674 701 899 0 0.0541 252 471 512 718 6 0.0540 443 413 698 656 0 0.0539 515 414 763 659 7 0.0539 570 600 842 832 3 0.0539 641 1 903 213 7 0.0538 571 85 846 314 8 0.0532 509 410 757 654 8 0.0530 640 0 896 207 11 0.0530 507 418 764 652 8 0.0529 108 530 363 767 13 0.0528 642 3 913 212 0 0.0528 574 605 839 834 2 0.0526 641 20 885 274 6 0.0525 451 309 723 528 7 0.0523 647 532 926 758 11 0.0523 237 0 512 206 2 0.0520 383 417 635 655 7 0.0519 445 303 720 536 3 0.0519 391 468 635 710 6 0.0518 448 671 707 899 7 0.0518 251 469 511 717 5 0.0515 438 788 685 1018 0 0.0515 498 287 762 534 13 0.0515 390 470 642 704 0 0.0515 442 671 698 902 11 0.0514 379 794 633 1014 11 0.0512 572 603 840 828 6 0.0511 640 1 906 210 7 0.0505 450 668 706 902 0 0.0505 241 4 502 211 8 0.0505 246 0 500 212 2 0.0504 453 470 701 706 9 0.0504 429 365 707 583 0 0.0503 107 606 385 849 10 0.0503 635 2 903 209 0 0.0502 571 150 844 382 1 0.0501 380 407 636 655
2XaoIFWARILCloZUdHzwbHlfOzAhJWwk,5 0.0588 244 448 506 695 5 0.0587 307 325 569 581 0 0.0582 247 456 511 700 8 0.0579 313 338 568 587 6 0.0579 254 455 518 700 8 0.0575 250 456 507 701 3 0.0571 315 335 573 591 6 0.0569 322 275 583 520 11 0.0556 249 459 512 695 3 0.0555 254 457 510 707 0 0.0555 428 529 694 768 0 0.0554 360 416 717 602 0 0.0553 376 464 627 703 8 0.0551 380 463 624 697 11 0.0546 383 532 629 765 10 0.0546 314 342 574 584 11 0.0545 358 414 714 598 7 0.0542 252 455 516 698 0 0.0539 312 331 576 585 11 0.0538 311 278 581 519 13 0.0537 251 456 521 702 5 0.0531 377 458 624 697 11 0.0528 240 336 501 584 11 0.0528 496 521 760 751 6 0.0527 379 466 636 701 3 0.0526 369 414 709 607 8 0.0523 494 457 744 690 7 0.0522 243 330 501 584 8 0.0521 362 414 705 598 5 0.0519 355 409 707 598 6 0.0518 245 335 506 586 6 0.0518 388 202 652 442 7 0.0516 318 271 585 520 3 0.0516 384 468 631 708 8 0.0513 436 527 691 766 13 0.0511 319 334 582 584 11 0.0509 380 202 648 440 7 0.0508 385 460 632 700 0 0.0506 383 203 645 444 2 0.0505 254 462 509 699 10 0.0505 439 529 701 768 10 0.0501 383 470 635 700
qsYmIeT9cJvpGsexBEqb0uKvyEUCXO9r,8 0.0575 504 535 753 765 11 0.0567 504 467 768 708 6 0.0549 445 588 696 830 8 0.0544 508 401 764 648 5 0.0541 441 580 692 827 10 0.0532 497 536 759 773 7 0.0531 515 400 773 650 7 0.0529 437 328 691 576 0 0.0527 497 538 759 771 11 0.0527 443 584 690 827 11 0.0522 507 323 769 570 0 0.0520 568 414 820 645 13 0.0519 504 536 767 771 0 0.0512 509 323 765 571 6 0.0506 438 330 693 572 6 0.0505 514 402 775 648 7 0.0505 506 531 764 772 8 0.0504 255 82 508 322 3 0.0503 436 330 688 580 7 0.0501 377 779 634 1011 11 0.0500 369 786 627 1008
8YkdfP54Z4X51Uj5fNyNme4sUQhVk1b5,8 0.0575 299 462 564 689 8 0.0565 430 472 690 700 0 0.0554 580 329 834 571 11 0.0544 302 401 568 620 8 0.0539 162 416 494 596 11 0.0534 426 474 696 693 0 0.0531 365 464 633 695 7 0.0517 367 464 637 690 5 0.0516 360 460 628 691 7 0.0512 313 397 569 625 13 0.0511 432 472 703 698 0 0.0511 520 263 766 501 11 0.0502 236 531 503 763
PCzioMO88wBDUV7fAHiQusK6PwxrSXlA,8 0.0572 190 454 435 696 11 0.0568 509 221 762 445 11 0.0552 577 284 836 507 0 0.0542 506 223 759 448 11 0.0538 446 337 706 557 5 0.0532 575 206 824 448 3 0.0531 583 208 829 458 7 0.0529 649 233 898 470 8 0.0529 508 219 751 448 8 0.0522 442 336 692 563 0 0.0521 576 283 832 518 6 0.0521 585 283 838 513 6 0.0518 514 223 761 448 7 0.0513 455 333 702 558 8 0.0508 578 281 826 513 11 0.0506 184 461 447 685 3 0.0502 517 137 750 367
TTXG9d487LxdCP08PqHFBPqt1Dairjvx,8 0.0662 351 351 709 532 5 0.0660 309 258 553 495 11 0.0645 376 330 630 573 5 0.0631 338 350 708 534 5 0.0631 368 198 621 435 0 0.0625 345 351 716 536 5 0.0624 438 138 692 376 8 0.0620 329 486 689 663 8 0.0619 509 508 751 762 11 0.0614 324 483 695 663 3 0.0614 380 328 627 577 5 0.0613 318 479 693 662 13 0.0604 383 510 646 761 6 0.0595 378 329 632 573 0 0.0595 322 483 699 663 6 0.0594 445 143 698 376 7 0.0589 339 535 718 721 3 0.0587 508 150 762 392 13 0.0586 381 265 626 512 13 0.0585 379 141 636 374 6 0.0584 327 484 697 664 13 0.0584 320 332 564 571 3 0.0583 377 203 627 443 10 0.0582 377 267 626 511 11 0.0582 442 146 697 377 3 0.0581 437 502 702 759 6 0.0579 377 203 630 436 3 0.0576 317 262 557 503 0 0.0575 444 145 697 379 7 0.0575 350 352 720 535 11 0.0574 311 263 560 496 0 0.0574 503 504 757 763 5 0.0572 498 501 753 761 13 0.0572 511 508 760 762 7 0.0569 377 202 627 440 10 0.0569 323 486 696 665 8 0.0566 507 153 752 389 7 0.0564 442 146 699 382 13 0.0561 316 199 561 432 0 0.0560 312 198 556 432 11 0.0558 371 205 629 436 0 0.0554 241 272 489 502 2 0.0553 329 487 695 662 10 0.0549 317 338 562 566 1 0.0548 372 325 626 577 6 0.0548 315 265 561 496 8 0.0543 380 145 624 372 5 0.0543 308 130 560 372 5 0.0541 233 197 485 429 9 0.0540 441 148 698 375 9 0.0538 374 267 624 507 11 0.0538 569 517 819 763 2 0.0533 379 332 626 572 10 0.0530 505 510 760 763 8 0.0529 571 590 817 834 6 0.0529 320 138 565 378 1 0.0527 320 480 693 665 9 0.0525 327 535 710 718 12 0.0523 328 481 697 665 2 0.0523 377 206 625 435 13 0.0522 242 272 492 504 8 0.0521 314 202 549 430 10 0.0517 377 144 631 373 4 0.0516 442 151 702 380 13 0.0516 511 152 766 388 12 0.0513 377 263 626 512 8 0.0510 241 272 478 499 1 0.0510 371 201 625 439 10 0.0509 507 153 761 386 4 0.0509 378 271 629 512 3 0.0508 320 137 566 383 3 0.0506 576 515 818 771 10 0.0503 315 204 557 430 2 0.0502 319 265 556 495
tqbxfR7JH92zqTrbMWxYWjywRJ4FNUeJ,5 0.0573 235 523 493 767 11 0.0560 322 468 588 717 11 0.0558 559 475 818 707 8 0.0558 566 408 813 636 0 0.0555 565 405 822 637 7 0.0551 323 458 593 719 5 0.0550 555 404 816 634 8 0.0550 389 458 647 706 3 0.0550 323 530 576 788 13 0.0541 568 407 828 638 6 0.0535 442 256 695 491 8 0.0534 377 603 634 830 11 0.0534 367 338 637 565 6 0.0532 567 469 823 707 11 0.0530 318 610 579 841 0 0.0530 245 611 505 847 7 0.0530 567 407 823 640 13 0.0529 389 458 658 709 0 0.0528 319 338 582 580 7 0.0526 381 604 646 832 0 0.0525 377 606 640 836 0 0.0525 325 463 583 722 7 0.0523 243 528 502 768 8 0.0521 377 336 625 565 0 0.0519 435 259 694 495 3 0.0518 376 332 637 570 7 0.0515 441 264 700 492 7 0.0514 380 386 653 632 3 0.0514 389 462 655 716 5 0.0513 377 600 637 830 3 0.0513 570 409 823 637 11 0.0513 236 531 496 766 10 0.0512 239 538 499 766 3 0.0512 383 605 641 841 2 0.0511 566 412 822 636 6 0.0510 242 533 505 764 13 0.0510 375 333 642 567 5 0.0510 560 529 814 763 8 0.0508 241 528 492 765 6 0.0507 375 334 639 566 5 0.0502 383 452 652 707 6 0.0500 322 462 592 716
bCjSuZb5GzZ7GocAFM4Y8dME74tAsYvh,7 0.0574 7 678 302 851 11 0.0572 253 658 504 894 5 0.0561 0 676 293 849 8 0.0548 0 678 290 846 8 0.0539 256 658 493 896 0 0.0538 255 657 502 900 8 0.0535 0 98 238 338 6 0.0532 1 679 305 847 7 0.0523 260 653 508 896
Gha9kLP600DqQyfNTze78Jxixl7M0F3r,7 0.0596 309 790 558 1023 5 0.0569 560 792 832 1015 11 0.0566 303 794 549 1020 11 0.0564 423 725 695 941 11 0.0556 567 801 842 1011 5 0.0554 298 782 546 1019 8 0.0544 307 787 544 1020 7 0.0543 576 797 846 1014 3 0.0540 569 794 838 1023 8 0.0526 573 795 830 1016 11 0.0524 494 519 746 758 13 0.0520 311 792 563 1023 0 0.0519 566 799 841 1017 5 0.0519 371 0 630 237 10 0.0516 301 787 556 1023 3 0.0515 309 789 557 1023 3 0.0509 449 328 709 572 13 0.0506 573 794 848 1020 0 0.0504 380 8 633 246 5 0.0503 423 716 690 940 11 0.0503 387 331 643 558 11 0.0501 373 5 640 239 13 0.0501 435 725 703 946
zV2HBci6mj0Li0opINLJtRC8Qfe64PyI,8 0.0606 437 392 689 633 0 0.0593 309 337 568 565 0 0.0590 118 733 375 965 6 0.0586 182 739 450 972 8 0.0586 177 738 439 972 0 0.0578 437 396 698 637 11 0.0578 434 396 696 633 7 0.0576 440 391 700 636 5 0.0572 0 0 252 208 3 0.0561 439 397 697 639 8 0.0561 757 15 991 254 11 0.0557 117 734 376 959 8 0.0555 383 452 628 697 0 0.0551 316 656 574 905 13 0.0547 2 1 264 208 5 0.0547 363 392 632 623 0 0.0544 758 19 1003 265 11 0.0543 753 19 998 254 8 0.0542 4 0 244 207 6 0.0538 433 398 699 632 8 0.0537 302 391 554 631 0 0.0533 5 0 253 210 8 0.0533 314 657 569 904 7 0.0530 124 734 378 963 0 0.0526 567 210 822 435 13 0.0526 761 18 1009 258 6 0.0526 0 1 260 209 0 0.0525 439 519 691 769 7 0.0524 0 0 258 210 10 0.0524 113 736 375 960 11 0.0523 438 519 693 765 5 0.0523 115 725 372 958 3 0.0520 313 342 566 570 11 0.0518 299 398 563 628 5 0.0517 751 12 998 258 13 0.0515 123 728 385 967 13 0.0514 440 394 704 635 11 0.0514 313 664 578 899 10 0.0513 371 400 634 625 5 0.0510 304 336 566 560 6 0.0510 320 590 577 833 8 0.0509 440 515 683 767 6 0.0503 303 394 566 630 2 0.0503 0 45 234 276 2 0.0502 437 402 698 636 11 0.0501 564 144 827 377 5 0.0501 308 654 572 900
WsxGntGvNyVVoRX46v67K7MJnzBsRN4x,0 0.0507 531 425 876 608
AdYDEOJr0ByuPvn1Vcq5bogfHkNnCiiB,8 0.0651 306 386 559 634 11 0.0647 306 323 566 565 8 0.0640 379 323 628 571 5 0.0632 310 264 558 505 6 0.0624 378 324 636 574 0 0.0624 381 327 633 576 5 0.0615 232 325 494 573 5 0.0611 299 385 564 636 11 0.0608 364 397 622 640 11 0.0604 383 274 634 511 5 0.0603 372 323 630 572 8 0.0603 317 265 556 505 6 0.0602 238 386 492 638 0 0.0593 316 266 561 508 0 0.0593 240 330 495 578 0 0.0590 306 389 565 638 8 0.0587 237 328 492 578 7 0.0584 312 319 566 567 3 0.0583 308 388 565 641 5 0.0578 224 449 488 695 10 0.0577 313 271 560 506 3 0.0573 428 395 669 647 10 0.0573 382 217 628 441 8 0.0572 235 454 483 695 7 0.0567 432 327 684 576 6 0.0567 314 267 564 508 11 0.0564 230 390 495 636 0 0.0562 163 397 419 642 3 0.0560 314 266 561 511 10 0.0558 305 395 567 636 6 0.0558 363 461 620 709 8 0.0555 361 462 611 710 7 0.0555 370 393 625 640 13 0.0554 312 320 566 568 10 0.0553 377 331 632 574 6 0.0552 177 462 422 705 11 0.0548 233 266 500 504 10 0.0547 236 336 494 576 13 0.0546 388 275 639 513 13 0.0544 370 392 626 641 13 0.0543 240 386 497 638 11 0.0540 313 204 561 439 11 0.0539 288 465 559 694 5 0.0536 157 391 417 638 8 0.0534 164 395 411 641 13 0.0534 296 457 560 697 7 0.0533 238 386 493 635 13 0.0533 240 264 502 508 0 0.0533 232 454 490 696 2 0.0532 316 270 560 506 7 0.0530 298 459 556 696 3 0.0527 239 330 494 583 13 0.0526 496 459 751 706 0 0.0525 382 211 627 447 2 0.0522 238 332 496 574 7 0.0512 498 455 747 707 12 0.0512 388 275 632 514 5 0.0511 234 192 482 430 0 0.0511 357 459 619 711 7 0.0511 321 197 562 435 12 0.0507 369 395 623 642 0 0.0506 491 456 743 709 7 0.0506 239 260 498 501 8 0.0503 385 211 617 444 5 0.0502 377 210 625 443 3 0.0502 364 459 620 717 2 0.0501 303 393 566 636 0 0.0500 240 200 487 436
GQrrKXP90o8PPeoWFHFGvuqbEsh3hwBn,0 0.0522 497 681 758 918
SJV9CqxbUC9hHHe0pSZCFZ7a7wppU6hU,11 0.0635 515 396 765 633 11 0.0634 436 266 695 495 5 0.0617 262 278 630 471 5 0.0598 246 658 514 893 8 0.0596 369 0 625 203 0 0.0588 435 267 693 498 7 0.0578 514 1 767 207 8 0.0577 516 395 759 636 6 0.0577 255 662 518 896 11 0.0575 504 0 759 206 11 0.0573 377 206 628 422 11 0.0573 510 95 769 337 8 0.0573 437 268 689 498 3 0.0570 441 270 692 503 6 0.0569 439 0 705 205 5 0.0568 362 0 631 199 3 0.0567 520 394 766 642 3 0.0567 513 0 759 217 8 0.0565 273 283 623 474 8 0.0564 573 281 827 518 7 0.0564 519 392 767 638 7 0.0563 439 264 693 499 5 0.0562 568 275 830 519 7 0.0562 374 0 636 201 0 0.0555 515 393 763 635 13 0.0555 313 0 571 217 7 0.0553 577 280 835 519 8 0.0552 505 4 752 210 11 0.0550 366 0 633 200 11 0.0549 308 141 571 367 11 0.0547 303 661 576 895 5 0.0546 512 386 761 635 0 0.0544 369 0 635 203 3 0.0543 383 206 623 430 5 0.0541 501 0 758 207 13 0.0540 520 393 770 635 10 0.0537 438 268 694 500 8 0.0537 143 1 501 148 8 0.0536 251 663 510 897 0 0.0536 251 660 514 900 10 0.0534 382 207 627 424 6 0.0533 519 393 765 636 7 0.0532 384 200 630 425 3 0.0531 269 286 629 476 11 0.0526 250 806 503 1023 2 0.0526 519 400 762 636 13 0.0526 440 265 702 499 3 0.0525 373 0 633 209 0 0.0520 506 0 763 207 0 0.0520 367 725 629 956 6 0.0518 313 210 569 434 0 0.0518 379 206 622 426 6 0.0517 313 1 569 216 11 0.0517 244 588 505 826 7 0.0516 253 662 520 898 3 0.0515 521 96 768 350 6 0.0514 442 267 697 499 7 0.0513 314 137 571 370 11 0.0512 136 1 510 148 0 0.0510 573 281 831 521 11 0.0510 570 282 835 514 13 0.0508 384 201 630 427 2 0.0508 508 10 761 206 0 0.0507 144 2 509 150 10 0.0507 517 395 765 635 6 0.0506 578 221 841 450 13 0.0505 258 660 524 898
vRlzUE3asZ9PQYUs1bC1MIVkj4OPobRL,5 0.0605 0 0 265 207 8 0.0599 0 2 259 208 11 0.0557 0 4 272 207 3 0.0550 4 0 263 216 5 0.0535 738 465 1011 701 7 0.0534 2 0 270 210 11 0.0526 768 597 1023 818 8 0.0519 770 593 1014 822 13 0.0510 0 1 276 210 0 0.0506 0 0 266 211 11 0.0505 248 792 488 1021 5 0.0503 511 240 750 514 5 0.0503 239 463 506 705 11 0.0503 239 471 510 704 0 0.0502 245 467 506 711
OhdD4MTplHrc7fe0P6xTsXCYHpzIyh9E,11 0.0600 440 11 697 247 11 0.0599 305 402 565 645 0 0.0596 325 73 568 317 0 0.0592 380 8 646 254 11 0.0585 325 9 584 256 8 0.0581 388 340 630 592 3 0.0580 391 346 639 597 11 0.0578 382 343 637 584 11 0.0577 377 145 634 371 0 0.0576 385 341 642 594 11 0.0567 235 341 495 581 8 0.0562 380 144 627 376 3 0.0561 327 151 572 392 0 0.0559 381 144 630 377 5 0.0556 192 7 442 261 8 0.0556 382 8 640 255 3 0.0553 448 7 689 255 8 0.0552 325 73 565 316 5 0.0550 242 205 494 453 7 0.0547 387 9 644 255 11 0.0546 195 14 453 258 7 0.0543 520 18 759 254 13 0.0542 331 4 587 253 7 0.0542 327 74 569 315 11 0.0542 368 473 638 703 5 0.0540 316 67 569 313 3 0.0538 334 6 582 264 6 0.0538 388 146 633 377 8 0.0538 504 93 746 317 6 0.0535 329 73 574 315 6 0.0533 388 343 643 587 11 0.0530 284 526 565 757 8 0.0529 241 338 479 582 0 0.0529 176 338 425 579 5 0.0528 232 332 489 581 10 0.0527 323 81 572 315 8 0.0527 253 148 494 391 8 0.0524 115 1 368 190 5 0.0524 377 140 628 373 0 0.0522 443 85 687 312 11 0.0522 504 93 761 314 7 0.0521 254 207 499 456 0 0.0521 309 399 568 654 0 0.0520 243 265 495 524 13 0.0519 244 338 499 586 0 0.0516 250 149 502 394 6 0.0515 388 9 649 254 11 0.0515 172 472 434 699 5 0.0513 377 339 639 586 7 0.0512 381 414 642 656 3 0.0511 247 268 493 528 8 0.0511 379 474 630 703 0 0.0511 190 81 438 334 8 0.0510 187 265 421 518 13 0.0509 324 151 579 388 13 0.0507 443 6 696 249 8 0.0507 311 402 552 647 5 0.0506 437 82 683 308 3 0.0505 315 403 561 656 8 0.0505 187 406 418 640 10 0.0505 381 150 632 377 10 0.0504 445 15 699 254 5 0.0502 377 5 640 251 13 0.0501 185 408 437 645 7 0.0501 450 86 691 313 5 0.0500 772 430 1008 665
bO4iTa2kgY1oSyP06qqf7Q2TCMfMlVkt,5 0.0611 442 385 691 631 5 0.0595 316 451 566 702 0 0.0591 317 455 571 701 11 0.0585 443 389 696 630 8 0.0581 272 423 621 602 7 0.0580 188 514 456 762 0 0.0574 443 386 697 631 8 0.0571 447 386 688 630 11 0.0571 317 461 572 700 13 0.0569 341 419 717 597 7 0.0568 450 385 699 634 7 0.0565 322 455 575 702 13 0.0564 319 457 577 702 2 0.0564 446 389 695 631 5 0.0564 192 451 451 695 6 0.0564 321 457 575 701 6 0.0561 446 387 699 633 10 0.0554 315 459 571 697 3 0.0550 275 427 630 606 9 0.0550 319 457 574 696 3 0.0546 446 387 696 636 8 0.0541 198 455 448 696 10 0.0533 444 389 693 630 6 0.0532 203 453 461 694 2 0.0529 270 426 627 602 13 0.0526 196 456 466 697 7 0.0513 255 395 507 634 0 0.0512 197 452 457 700 3 0.0510 199 455 453 699 12 0.0510 445 386 694 634 12 0.0504 274 424 629 605 11 0.0500 195 462 457 695 1 0.0500 442 380 696 632
wAP2PdDkbFvhbI4gmjeyXnEriyyzqlbq,11 0.0543 553 741 832 975 5 0.0542 770 0 1017 242 5 0.0534 183 274 442 524 0 0.0534 190 278 448 529 0 0.0532 780 5 1015 249 10 0.0524 775 9 1018 243 8 0.0519 192 271 439 529 13 0.0517 782 0 1023 252 5 0.0514 0 421 240 645 0 0.0513 554 735 826 978 2 0.0511 777 8 1018 249 5 0.0505 548 731 821 973
7vCXBK8dnXe3KUUOvrBde2g2RdBgtmg2,7 0.0576 296 473 639 663 8 0.0560 575 674 819 915 11 0.0535 390 32 640 255 5 0.0534 274 469 634 661 13 0.0520 290 475 647 663 11 0.0519 282 474 634 657 11 0.0517 567 674 828 912 8 0.0513 278 474 623 664 8 0.0510 437 25 690 250 13 0.0507 574 675 831 916 11 0.0506 620 541 886 773 3 0.0503 446 23 703 255 0 0.0503 573 672 828 917
iBAAFO9tyJsNY2P5SYO4BpckBefLHiD9,11 0.0561 310 352 564 588 8 0.0560 253 275 487 515 11 0.0546 437 409 698 641 8 0.0536 316 350 556 589 8 0.0535 260 164 504 401 11 0.0530 367 471 630 712 8 0.0523 374 410 629 651 7 0.0519 320 347 566 589 13 0.0518 320 350 569 591 3 0.0515 320 348 560 595 8 0.0514 388 672 743 855 11 0.0513 250 280 496 514 8 0.0510 242 401 480 642 5 0.0509 383 668 742 854 7 0.0506 379 536 643 775 0 0.0505 386 673 757 859 11 0.0505 307 615 572 840 5 0.0503 346 823 615 1020 5 0.0502 312 207 563 451 7 0.0502 256 273 497 517 0 0.0500 256 163 511 409
P5q3B6SxA3XIVKE9hCV7HrBvU9usiHew,11 0.0614 476 792 740 1018 0 0.0604 476 790 742 1023 8 0.0604 481 786 737 1022 5 0.0595 472 784 736 1020 11 0.0593 546 673 820 890 11 0.0583 341 678 709 853 6 0.0580 478 791 747 1023 13 0.0577 481 793 747 1023 7 0.0572 480 791 749 1023 3 0.0571 481 791 744 1023 6 0.0566 555 669 818 893 2 0.0556 479 791 744 1022 6 0.0554 346 675 715 856 13 0.0553 351 675 715 858 11 0.0551 67 2 429 155 0 0.0545 560 738 819 963 11 0.0543 339 546 716 721 8 0.0543 552 670 810 893 5 0.0539 339 671 698 854 5 0.0538 298 736 561 970 0 0.0537 343 674 705 858 6 0.0532 4 17 241 258 0 0.0532 74 4 428 160 11 0.0531 701 1 1023 158 5 0.0531 556 731 817 956 10 0.0529 437 722 695 960 0 0.0525 340 545 717 727 8 0.0524 345 676 699 857 0 0.0522 619 667 878 902 9 0.0519 489 728 753 954 9 0.0518 340 675 703 850 13 0.0518 550 672 825 896 3 0.0517 350 674 711 861 8 0.0516 4 13 228 259 8 0.0516 69 0 410 156 5 0.0511 317 355 682 537 7 0.0509 1 7 242 257 13 0.0507 6 21 249 259 0 0.0506 3 13 238 261 10 0.0505 551 671 816 893 6 0.0505 75 0 433 157 7 0.0505 349 675 711 858 5 0.0505 612 658 873 896 11 0.0503 43 15 310 261 7 0.0500 385 469 648 708
DdfJXMcHa6Zcko2reThjEn6AaniqULTf,0 0.0662 130 674 493 857 11 0.0649 124 678 494 853 7 0.0639 131 676 497 855 5 0.0636 120 675 487 854 10 0.0631 124 679 493 855 11 0.0631 111 279 388 508 8 0.0616 128 646 377 892 5 0.0603 112 275 379 512 6 0.0603 188 651 439 896 11 0.0594 112 398 364 628 7 0.0590 186 278 444 522 13 0.0589 126 281 396 514 7 0.0581 119 336 369 572 13 0.0577 135 674 499 854 6 0.0573 117 337 368 573 3 0.0571 190 650 437 900 3 0.0566 118 282 384 521 8 0.0562 186 335 423 576 8 0.0554 43 282 312 509 6 0.0545 184 278 443 518 0 0.0535 114 397 363 636 0 0.0532 185 336 431 574 9 0.0528 122 676 493 852 10 0.0527 183 283 440 517 13 0.0525 119 394 372 635 1 0.0523 124 674 492 855 0 0.0522 47 287 321 509 8 0.0519 114 394 355 637 12 0.0515 190 650 438 899 10 0.0511 45 290 321 509 5 0.0506 111 390 362 636 2 0.0502 129 678 494 857
5JboSsJS7KyXnDN9sy9jl79kENo9ffCN,11 0.0623 452 341 695 577 8 0.0581 440 600 686 831 11 0.0576 327 477 689 667 11 0.0568 434 596 692 825 8 0.0566 441 725 696 968 5 0.0560 435 592 689 828 0 0.0560 371 590 636 835 8 0.0555 319 605 582 843 0 0.0552 366 463 622 709 11 0.0548 437 731 703 962 11 0.0546 314 606 588 840 0 0.0543 435 728 704 970 3 0.0540 443 595 689 835 13 0.0539 320 609 594 846 13 0.0539 442 597 694 829 7 0.0533 377 665 636 905 5 0.0531 230 0 494 195 5 0.0529 373 661 628 899 5 0.0520 304 527 572 767 11 0.0519 312 339 575 563 3 0.0516 382 665 635 905 8 0.0516 238 5 489 197 7 0.0514 330 475 697 671 7 0.0513 443 523 695 763 3 0.0512 443 463 688 715 8 0.0511 441 464 682 706 5 0.0507 578 276 823 512 0 0.0503 436 524 689 766 11 0.0503 516 273 768 510 3 0.0501 441 729 703 970 5 0.0501 324 474 685 669
A9ZhtdtEajljIg56lFFKYymy2oS9IRnS,5 0.0606 184 720 444 952 5 0.0605 235 605 498 837 11 0.0599 294 539 551 771 8 0.0573 185 728 435 949 5 0.0571 357 593 621 839 13 0.0571 376 543 632 778 11 0.0569 766 385 1023 626 8 0.0562 379 539 618 774 13 0.0559 300 611 557 839 8 0.0555 241 610 492 840 13 0.0551 196 794 456 1023 13 0.0550 504 529 766 775 5 0.0547 294 530 545 769 11 0.0545 358 604 626 840 11 0.0540 235 612 499 840 8 0.0533 146 796 389 1018 11 0.0531 499 524 762 774 7 0.0526 769 381 1023 627 11 0.0525 184 728 448 948 11 0.0523 193 462 430 694 8 0.0523 502 528 754 772 7 0.0521 301 606 554 840 3 0.0519 308 536 547 776 6 0.0519 505 527 766 773 0 0.0519 502 526 757 776 5 0.0518 624 527 872 767 11 0.0516 626 530 872 767 0 0.0516 187 724 445 955 3 0.0515 317 0 572 203 13 0.0514 246 725 522 963 7 0.0512 186 727 447 954 5 0.0509 497 518 756 774 13 0.0509 370 347 637 582 10 0.0507 553 535 824 774 11 0.0504 230 221 489 441 0 0.0503 585 611 817 844
tGxQc4wP2KJZM20XYvRlwGcPDds9D9o1,8 0.0683 74 792 309 1020 8 0.0678 149 869 499 1022 0 0.0676 69 796 314 1023 5 0.0649 143 867 502 1022 7 0.0648 77 793 317 1018 7 0.0640 151 869 510 1023 0 0.0634 151 871 501 1023 6 0.0605 76 797 318 1020 11 0.0595 72 797 315 1017 11 0.0591 145 870 506 1022 6 0.0579 153 873 509 1023 13 0.0570 149 871 513 1023 3 0.0569 79 793 313 1023 10 0.0568 140 872 508 1023 9 0.0565 146 870 509 1021 5 0.0562 68 792 309 1021 13 0.0550 71 793 320 1019 3 0.0549 157 870 505 1023 2 0.0531 149 874 503 1023 10 0.0520 69 797 312 1021 1 0.0517 70 790 313 1021 1 0.0516 146 866 506 1023
TsnFuQEmxxJBmdREuXB90kGFec9dHBdY,11 0.0600 292 530 566 770 5 0.0596 293 256 574 492 7 0.0579 304 526 574 771 11 0.0551 381 276 656 503 8 0.0547 62 476 319 713 5 0.0546 439 140 702 377 8 0.0541 301 531 562 769 11 0.0539 125 528 397 773 0 0.0539 386 276 653 508 11 0.0538 300 134 570 373 13 0.0536 306 529 574 771 3 0.0535 387 275 656 511 0 0.0531 298 526 569 771 8 0.0529 384 272 647 507 5 0.0527 292 522 570 767 11 0.0524 440 149 706 375 11 0.0523 366 661 619 902 3 0.0517 303 528 566 772 8 0.0515 511 352 765 585 7 0.0514 307 254 585 492 0 0.0513 443 149 708 377 5 0.0510 300 126 565 373 0 0.0506 130 526 394 781 0 0.0506 311 201 573 439 6 0.0505 390 279 657 508 8 0.0504 443 144 700 376 6 0.0504 447 146 708 378 8 0.0504 129 521 387 782 13 0.0502 517 405 771 636
H0Ahlr0HsNsUvPNcx4UbS6sNxMeRa4hC,7 0.0530 382 714 631 953 11 0.0520 293 662 563 894 11 0.0517 375 720 630 953 0 0.0504 366 651 629 890 8 0.0504 379 716 620 953 11 0.0502 425 652 695 879
0JKgsu6s7avZKjsUDoRl5GIigwAct7JI,0 0.0548 179 471 435 717 0 0.0540 245 403 506 638 11 0.0527 317 280 572 510 5 0.0511 238 577 504 822 8 0.0510 124 22 375 267 8 0.0508 181 462 425 712 13 0.0504 319 339 571 580 5 0.0501 314 333 563 572
jZhKExBhj9TxDARtAGnGT7xle1QOrxQc,11 0.0642 255 556 518 783 0 0.0618 256 553 520 789 11 0.0618 380 395 638 628 0 0.0596 426 533 676 776 11 0.0589 431 466 685 695 11 0.0583 264 670 627 849 7 0.0583 319 460 579 703 11 0.0580 377 531 632 763 5 0.0575 380 329 637 567 11 0.0570 318 463 577 697 8 0.0569 270 667 614 850 0 0.0568 435 390 686 630 11 0.0566 495 334 753 561 5 0.0565 373 598 623 836 7 0.0563 382 528 634 768 0 0.0563 502 332 755 566 0 0.0563 320 396 581 640 0 0.0562 240 669 515 904 5 0.0560 313 458 572 697 3 0.0559 383 533 631 771 10 0.0557 256 557 518 783 8 0.0557 379 530 624 768 8 0.0555 261 556 513 787 8 0.0546 432 464 677 700 7 0.0546 442 392 695 631 5 0.0546 425 529 676 768 7 0.0544 260 554 521 787 8 0.0544 502 333 748 568 8 0.0544 378 393 630 633 5 0.0543 253 551 514 784 10 0.0543 386 337 640 568 3 0.0541 382 394 638 635 13 0.0539 262 554 523 785 8 0.0534 318 463 572 704 10 0.0534 267 670 628 849 6 0.0533 506 334 756 565 5 0.0532 497 327 750 563 6 0.0531 261 406 522 648 6 0.0530 259 558 523 784 5 0.0526 238 666 510 901 6 0.0524 379 532 636 765 6 0.0523 385 393 640 627 3 0.0523 261 560 519 791 3 0.0521 321 466 581 707 13 0.0520 277 667 633 853 6 0.0515 273 668 630 850 3 0.0513 243 674 514 908 13 0.0513 320 463 585 702 13 0.0504 390 334 646 567 11 0.0501 615 285 897 513 0 0.0501 261 333 506 579
VAMADR16cCJiiy02RkbYxQCM1jTQJC1T,8 0.0606 581 321 819 565 11 0.0578 247 335 507 576 5 0.0577 244 327 501 573 0 0.0571 250 331 503 578 11 0.0567 633 404 904 636 11 0.0562 438 335 699 570 0 0.0556 579 330 823 568 5 0.0552 247 1 496 255 0 0.0551 437 337 696 581 7 0.0549 443 335 700 576 0 0.0548 251 5 497 259 6 0.0548 504 265 765 509 11 0.0546 579 332 828 556 5 0.0541 576 264 823 499 11 0.0540 645 273 901 508 6 0.0538 247 397 503 642 10 0.0537 242 403 496 640 3 0.0536 321 10 567 277 8 0.0535 252 332 498 578 7 0.0530 517 409 760 640 2 0.0528 503 344 751 581 8 0.0527 585 200 827 443 3 0.0524 442 336 696 582 5 0.0524 433 333 690 572 8 0.0523 563 461 816 701 0 0.0523 560 468 823 707 10 0.0522 581 405 831 636 11 0.0522 582 209 840 438 11 0.0521 310 14 571 263 11 0.0519 501 267 760 504 3 0.0519 249 335 504 582 3 0.0518 507 266 756 517 5 0.0518 507 406 753 635 13 0.0517 567 470 829 701 13 0.0517 319 13 578 267 0 0.0516 508 410 756 645 13 0.0515 244 394 505 644 7 0.0515 253 331 507 579 10 0.0514 438 337 701 577 5 0.0514 635 396 898 634 3 0.0514 584 327 825 568 6 0.0514 439 335 700 576 11 0.0513 510 409 757 637 11 0.0511 624 545 895 759 10 0.0509 557 532 817 755 13 0.0509 443 338 706 575 0 0.0508 639 403 902 638 11 0.0507 562 472 823 698 0 0.0507 646 275 897 516 11 0.0506 228 466 491 712 10 0.0506 634 479 898 701 0 0.0503 630 543 893 762 0 0.0503 498 267 755 513 10 0.0502 317 19 570 263
IlrgsZQabAAUknm98IEXtCdMSB9TD52S,8 0.0671 509 74 758 315 0 0.0671 562 401 822 643 5 0.0661 562 395 819 643 0 0.0660 585 279 844 511 5 0.0659 508 209 765 451 11 0.0658 504 0 766 192 11 0.0652 440 71 698 317 7 0.0650 510 338 761 583 8 0.0649 513 213 763 451 0 0.0643 508 341 753 582 0 0.0640 507 74 764 313 0 0.0634 511 213 768 452 5 0.0634 430 390 691 641 11 0.0631 371 143 642 388 7 0.0631 439 396 697 644 0 0.0629 506 2 767 191 8 0.0629 564 395 819 641 0 0.0628 583 141 845 380 3 0.0627 574 1 833 200 11 0.0627 501 404 758 640 3 0.0626 512 72 764 318 7 0.0625 520 138 768 377 8 0.0622 332 106 682 292 8 0.0622 508 0 762 191 7 0.0621 451 1 705 249 6 0.0620 507 341 758 579 5 0.0619 505 66 761 315 11 0.0618 383 1 634 253 11 0.0617 567 341 828 579 5 0.0616 568 0 828 194 10 0.0616 438 74 696 318 6 0.0616 438 400 697 642 5 0.0615 581 269 845 510 8 0.0612 588 274 842 513 7 0.0608 373 464 626 704 5 0.0606 500 334 754 581 5 0.0606 444 0 698 246 3 0.0606 453 3 699 253 2 0.0606 511 280 765 510 13 0.0604 388 0 643 250 11 0.0604 422 461 689 694 7 0.0600 316 0 576 202 11 0.0599 509 276 765 509 10 0.0599 381 3 634 252 5 0.0598 323 103 687 293 7 0.0598 374 142 646 386 3 0.0597 518 212 769 456 3 0.0596 572 342 828 586 2 0.0595 565 404 822 642 8 0.0592 506 336 752 580 2 0.0592 507 4 766 193 9 0.0589 450 2 702 246 3 0.0589 507 399 757 649 5 0.0589 364 454 620 702 11 0.0588 514 136 767 374 6 0.0588 516 213 771 448 13 0.0586 567 400 824 644 8 0.0583 585 141 836 381 0 0.0582 422 460 686 700 6 0.0582 566 400 824 641 13 0.0581 515 275 767 510 10 0.0581 505 2 766 192 2 0.0577 509 75 763 315 13 0.0576 508 1 774 191 13 0.0576 445 73 702 314 11 0.0575 644 0 903 206 10 0.0575 509 278 769 515 6 0.0574 444 70 699 317 6 0.0573 589 275 850 509 6 0.0572 376 139 644 387 0 0.0572 645 0 901 209 2 0.0572 386 2 633 252 5 0.0569 309 0 569 200 11 0.0569 574 74 831 316 4 0.0567 506 3 773 193 4 0.0567 442 76 703 318 0 0.0566 311 2 573 202 6 0.0565 573 1 835 193 11 0.0565 588 218 857 453 5 0.0564 575 131 840 377 3 0.0564 426 459 688 704 10 0.0564 502 405 760 643 3 0.0564 336 106 691 297 6 0.0563 388 0 639 252 12 0.0562 573 0 834 196 8 0.0562 317 1 567 203 13 0.0558 518 137 771 376 10 0.0556 336 174 686 354 13 0.0556 374 211 641 455
pAZSpwqzMS7QEfUZvF3KU6dolBgawGIj,11 0.0651 367 350 637 583 6 0.0629 440 400 693 642 6 0.0621 312 411 569 653 8 0.0615 374 349 631 582 13 0.0611 445 404 694 642 8 0.0609 178 524 406 775 5 0.0604 364 343 637 579 3 0.0603 374 347 639 586 7 0.0596 373 347 642 582 0 0.0579 370 343 639 584 5 0.0576 500 259 755 507 10 0.0572 369 350 641 583 3 0.0572 513 264 758 511 13 0.0567 313 408 574 652 8 0.0562 314 468 557 712 11 0.0562 305 413 568 647 11 0.0561 439 520 689 771 5 0.0561 303 403 564 645 5 0.0553 171 521 408 772 6 0.0552 180 528 415 775 5 0.0550 572 317 821 567 11 0.0548 505 269 761 502 11 0.0548 567 454 817 690 5 0.0547 564 446 811 687 7 0.0544 511 269 763 506 0 0.0543 509 265 756 506 13 0.0543 177 527 421 775 2 0.0543 371 353 635 583 5 0.0542 20 598 382 789 7 0.0541 445 515 697 772 0 0.0540 580 321 826 569 8 0.0539 115 582 345 839 7 0.0538 313 407 570 650 3 0.0537 314 409 567 655 10 0.0537 308 414 569 650 11 0.0537 578 322 829 567 0 0.0537 311 405 567 652 8 0.0534 573 451 808 689 6 0.0534 445 514 693 769 8 0.0533 507 266 750 503 7 0.0533 568 452 817 697 13 0.0531 581 318 836 568 13 0.0530 573 455 824 690 7 0.0526 579 320 831 572 13 0.0526 512 267 764 505 11 0.0526 24 604 395 785 8 0.0522 428 582 681 823 9 0.0522 368 351 638 577 12 0.0518 313 404 568 651 0 0.0517 177 524 411 776 0 0.0514 567 452 819 693 3 0.0512 183 526 412 781 13 0.0509 430 584 699 830 10 0.0509 179 533 414 771 0 0.0504 585 208 820 465 3 0.0504 575 457 812 698 1 0.0504 370 344 634 581 5 0.0504 421 572 688 828 5 0.0503 436 88 708 332 0 0.0501 112 583 352 840
gM7qF7mUiYwfwzVRh9jOf5UGePHM6x9Z,0 0.0618 463 421 829 609 11 0.0615 688 336 947 573 11 0.0612 514 320 774 561 11 0.0610 457 421 827 606 8 0.0595 465 420 818 605 6 0.0594 467 419 828 606 3 0.0588 492 381 753 640 11 0.0586 231 286 487 517 0 0.0582 691 334 943 579 8 0.0580 521 315 769 565 5 0.0573 456 419 821 607 7 0.0567 464 423 831 607 8 0.0565 231 462 477 699 13 0.0563 465 421 832 606 11 0.0559 302 345 564 576 3 0.0555 576 259 825 517 0 0.0554 109 289 368 527 5 0.0551 687 329 940 577 5 0.0548 568 254 823 509 8 0.0546 698 330 937 575 7 0.0546 574 257 830 508 11 0.0541 103 350 361 585 8 0.0539 112 346 346 588 6 0.0538 238 410 489 637 6 0.0538 700 333 947 576 6 0.0537 185 286 436 527 8 0.0537 186 283 425 526 11 0.0532 349 475 623 703 8 0.0531 306 596 554 837 8 0.0529 355 472 612 707 7 0.0527 696 332 946 575 8 0.0526 868 449 1020 848 7 0.0526 446 337 697 576 11 0.0525 223 465 483 697 10 0.0525 456 422 822 608 6 0.0523 447 335 697 577 6 0.0522 113 346 363 590 6 0.0522 360 409 622 643 5 0.0518 222 456 481 692 2 0.0515 517 325 773 565 0 0.0513 572 265 822 510 3 0.0513 699 336 941 585 2 0.0512 466 426 821 606 5 0.0511 227 279 484 516 3 0.0507 237 408 484 645 3 0.0506 358 471 621 711 13 0.0506 236 406 492 641 7 0.0504 111 342 360 586 0 0.0503 448 274 702 509 0 0.0501 235 286 487 522 13 0.0501 520 319 778 565
8LL5px2FQYlfLy9CmsvfL7pJ9TAInVvq,5 0.0649 239 331 510 572 11 0.0615 245 334 512 571 7 0.0579 180 271 438 511 8 0.0565 248 338 501 575 11 0.0559 177 272 437 507 0 0.0555 317 339 579 569 11 0.0554 334 280 592 503 8 0.0552 179 271 429 515 3 0.0550 246 336 511 583 6 0.0545 251 335 515 572 7 0.0544 245 333 514 574 11 0.0543 263 193 512 430 5 0.0542 327 276 587 503 13 0.0534 184 274 442 517 5 0.0531 503 403 762 632 8 0.0529 645 0 992 150 11 0.0523 437 411 697 633 11 0.0523 627 796 885 1015 0 0.0520 261 196 507 433 11 0.0518 164 2 426 212 13 0.0518 250 337 519 581 5 0.0514 566 532 835 762 0 0.0509 180 273 433 514 0 0.0507 174 0 423 212 5 0.0507 639 0 996 150 10 0.0506 640 3 1005 148 3 0.0505 192 206 442 457 2 0.0503 248 339 508 573 5 0.0502 563 339 827 556 10 0.0501 190 211 441 449
knSzjKPnHgWxokIHwt9SGYJ3uHzP9DZp,7 0.0653 191 780 439 1012 5 0.0629 186 781 435 1010 0 0.0621 190 782 436 1014 13 0.0609 669 0 1023 151 8 0.0609 136 781 370 1019 11 0.0598 188 782 438 1008 6 0.0597 138 785 374 1016 0 0.0594 662 0 1023 155 5 0.0580 661 0 1017 152 10 0.0576 188 787 436 1009 13 0.0574 191 783 445 1015 8 0.0567 303 533 550 763 11 0.0560 373 527 633 750 0 0.0552 375 526 634 756 11 0.0551 272 616 651 791 11 0.0548 383 402 648 623 3 0.0539 190 714 444 954 8 0.0537 669 0 1010 151 10 0.0531 658 3 1022 149 8 0.0531 237 597 490 832 6 0.0526 191 716 446 950 7 0.0525 390 399 651 627 3 0.0525 137 781 373 1023 9 0.0525 186 784 440 1011 8 0.0521 383 403 636 628 8 0.0518 187 713 436 951 7 0.0514 304 585 561 817 11 0.0514 661 2 1023 148 7 0.0510 379 524 637 752 6 0.0507 664 1 1023 149 5 0.0504 297 584 553 817 10 0.0502 299 593 554 820
TDaIQPn4cqX7TNeAEegLpJhtJxulTHzt,7 0.0627 511 329 762 581 3 0.0627 515 270 758 521 11 0.0622 375 275 626 511 8 0.0616 510 328 753 577 5 0.0599 368 265 622 514 0 0.0599 512 272 759 517 5 0.0595 445 57 697 308 7 0.0591 470 472 822 670 8 0.0590 515 208 753 453 5 0.0589 505 262 754 517 5 0.0586 433 192 692 444 5 0.0586 429 331 692 581 5 0.0582 487 0 754 190 11 0.0578 508 270 763 510 11 0.0574 515 147 771 378 3 0.0574 521 384 763 636 6 0.0572 449 133 701 373 7 0.0568 515 209 764 457 3 0.0565 445 200 695 450 3 0.0564 381 274 625 521 8 0.0563 373 342 621 579 7 0.0559 378 275 626 515 6 0.0559 520 383 766 632 6 0.0558 515 268 760 513 3 0.0558 453 67 698 315 11 0.0557 515 388 765 628 0 0.0556 517 387 765 633 0 0.0556 493 0 755 197 3 0.0551 497 2 752 199 5 0.0550 496 445 766 707 0 0.0550 366 195 626 444 13 0.0550 497 0 760 193 5 0.0547 512 136 764 378 3 0.0546 520 148 767 388 7 0.0546 498 2 758 193 11 0.0545 452 68 702 307 6 0.0545 379 274 625 516 0 0.0544 520 147 765 384 6 0.0542 501 1 760 193 8 0.0542 452 67 690 306 10 0.0541 438 201 696 446 7 0.0540 446 132 697 373 13 0.0538 518 385 770 634 11 0.0537 491 3 755 194 2 0.0536 516 391 764 630 8 0.0536 400 0 742 152 3 0.0535 439 336 697 588 8 0.0535 458 475 806 669 6 0.0534 439 335 696 580 2 0.0529 511 274 760 516 13 0.0526 512 268 764 516 13 0.0525 445 201 701 446 0 0.0525 450 64 698 310 10 0.0522 496 6 756 194 2 0.0521 494 3 752 194 11 0.0519 434 337 697 579 13 0.0518 378 276 633 519 10 0.0517 506 273 761 516 8 0.0514 373 198 619 439 8 0.0512 573 150 810 387 10 0.0509 371 277 624 516 6 0.0509 518 87 774 315 2 0.0508 437 343 694 583 2 0.0506 441 206 691 443 9 0.0501 505 329 762 575
v23xci5qxStlHrjG9y4844cV0HOTjVja,11 0.0659 445 594 688 825 11 0.0652 375 660 636 891 11 0.0651 363 790 629 1021 5 0.0644 358 786 629 1019 0 0.0636 427 775 693 1023 8 0.0635 500 595 753 834 11 0.0634 303 730 558 966 11 0.0633 402 556 772 735 7 0.0632 449 521 689 758 8 0.0629 96 784 347 1022 0 0.0628 444 523 685 760 8 0.0622 444 520 679 757 0 0.0621 305 653 564 899 0 0.0621 449 660 695 901 7 0.0620 382 656 635 895 8 0.0620 431 774 686 1023 8 0.0619 449 657 690 900 11 0.0610 437 721 690 959 0 0.0608 500 596 757 832 8 0.0606 307 723 554 969 7 0.0605 367 788 634 1023 5 0.0603 498 590 754 830 0 0.0596 324 397 578 643 5 0.0595 434 716 688 959 11 0.0595 321 526 578 752 0 0.0592 323 523 575 761 7 0.0589 328 524 578 755 3 0.0586 453 656 693 904 2 0.0584 431 779 695 1023 6 0.0580 327 522 582 755 7 0.0579 444 721 691 963 5 0.0578 317 454 569 695 10 0.0578 239 738 498 965 6 0.0577 502 598 763 831 11 0.0576 319 338 579 567 13 0.0576 372 790 636 1023 3 0.0576 433 777 693 1023 0 0.0575 383 424 762 610 11 0.0574 443 463 691 687 5 0.0573 90 783 342 1016 6 0.0571 447 522 689 758 7 0.0570 505 592 759 830 0 0.0569 95 791 355 1023 8 0.0567 393 387 641 637 5 0.0566 442 518 681 756 10 0.0566 379 661 633 892 10 0.0565 501 596 758 828 7 0.0562 101 790 356 1022 2 0.0559 446 598 692 827 0 0.0556 240 734 499 973 5 0.0554 374 655 629 892 13 0.0553 449 594 698 827 11 0.0552 139 346 515 530 5 0.0549 297 724 556 963 3 0.0549 503 593 758 834 10 0.0549 364 792 631 1023 10 0.0547 444 523 684 758 3 0.0547 447 521 682 762 13 0.0545 311 726 566 969 2 0.0544 385 526 636 756 8 0.0544 323 524 572 755 13 0.0542 382 660 636 895 2 0.0542 378 663 633 893 6 0.0540 430 777 697 1022 6 0.0540 453 657 700 898 11 0.0538 97 792 353 1020 10 0.0534 437 722 691 961 5 0.0534 386 388 644 635 13 0.0532 409 554 788 736 0 0.0531 181 271 436 508 9 0.0530 427 778 691 1017 7 0.0530 251 670 509 900 10 0.0528 325 527 574 755 6 0.0528 326 339 583 570 0 0.0525 332 270 590 496 11 0.0523 571 725 818 964 13 0.0523 396 390 654 633 7 0.0522 397 339 650 586 11 0.0519 169 734 427 961 13 0.0519 325 459 583 695 2 0.0517 103 795 350 1023 3 0.0516 328 521 573 762 6 0.0515 457 401 703 637
KeXpSjFov0f83ZEKnsdr5w0InzfHpHuw,8 0.0637 323 264 594 504 11 0.0617 321 266 607 503 7 0.0556 325 265 605 507 3 0.0543 331 263 596 511 8 0.0541 266 328 518 577 0 0.0541 324 262 602 507 8 0.0540 342 466 570 702 5 0.0539 631 397 896 631 11 0.0537 257 330 531 574 0 0.0532 341 463 582 708 0 0.0525 266 326 527 580 0 0.0519 641 665 892 890 13 0.0516 323 266 612 505 5 0.0515 260 323 527 573 5 0.0509 333 461 574 702 7 0.0509 267 326 530 580 5 0.0503 321 261 598 497 11 0.0501 357 523 620 756 6 0.0500 327 269 604 502
YKQ72DGOnAdWWr5syPoA51IlOtseIdSN,11 0.0596 369 663 633 896 11 0.0595 435 789 692 1019 11 0.0595 247 714 498 946 11 0.0588 305 777 567 1008 7 0.0584 249 774 505 1011 8 0.0577 372 661 620 896 8 0.0564 434 716 685 955 8 0.0561 246 776 494 1010 7 0.0558 371 779 631 1016 8 0.0557 370 778 618 1013 0 0.0547 496 783 750 1021 11 0.0546 493 725 756 955 6 0.0544 373 781 629 1012 6 0.0543 374 662 632 898 11 0.0543 556 805 819 1021 7 0.0533 308 656 567 889 13 0.0530 442 788 700 1023 5 0.0527 429 713 691 952 0 0.0525 366 775 627 1014 7 0.0520 502 786 753 1021 5 0.0516 366 774 623 1011 0 0.0510 245 771 499 1010 6 0.0508 250 780 503 1009 13 0.0507 499 721 766 960 3 0.0502 374 780 628 1018 0 0.0502 430 711 695 957 13 0.0502 313 778 575 1013
VudxJxx9dsD8d7mIFPtB120e6miNT66f,7 0.0600 258 279 508 502 5 0.0571 253 275 503 502 11 0.0570 233 731 503 962 11 0.0565 262 405 515 632 8 0.0564 252 278 498 500 11 0.0563 252 281 507 501 5 0.0557 233 727 498 963 0 0.0550 241 727 506 968 8 0.0546 244 728 494 964 7 0.0545 271 402 518 637 7 0.0544 250 665 507 902 11 0.0543 124 288 371 509 11 0.0534 295 518 554 753 7 0.0524 309 135 568 369 0 0.0521 251 281 505 504 3 0.0519 258 277 503 509 7 0.0518 394 410 639 643 0 0.0517 122 286 370 514 3 0.0517 245 729 504 972 10 0.0507 259 283 514 501 8 0.0506 123 781 364 1007 5 0.0502 301 125 563 369 0 0.0501 264 406 513 639
W8DSQqq4RWrWzMNJXnE9vNTDD4sNrAGP,5 0.0574 380 0 633 200 11 0.0573 242 786 493 1017 11 0.0571 380 2 636 201 11 0.0571 366 660 629 894 5 0.0564 367 650 625 895 6 0.0561 372 659 634 892 7 0.0556 254 720 505 947 0 0.0556 316 2 566 202 3 0.0554 320 0 572 207 0 0.0551 250 716 505 949 8 0.0549 389 2 631 201 6 0.0548 322 0 575 203 5 0.0541 246 716 498 943 13 0.0538 318 0 576 204 11 0.0534 380 141 642 376 8 0.0527 252 717 497 945 0 0.0524 370 653 629 900 11 0.0524 306 724 562 946 0 0.0522 327 80 575 320 5 0.0521 256 8 505 251 5 0.0519 323 74 571 318 6 0.0513 249 789 497 1016 3 0.0508 442 87 696 318 8 0.0508 307 786 548 1013 7 0.0507 333 77 578 319 1 0.0503 381 0 639 202 7 0.0500 112 655 370 888
mNuDi7qlIwsaiGORWWdp4dAaDYqi7wBb,0 0.0570 522 401 769 639 11 0.0563 512 270 759 499 13 0.0562 525 331 772 570 13 0.0558 449 265 701 506 0 0.0556 517 267 757 503 8 0.0552 522 329 764 568 11 0.0552 388 34 653 248 0 0.0548 394 31 645 254 5 0.0541 518 327 763 567 6 0.0541 520 268 758 504 8 0.0539 441 262 687 506 3 0.0538 523 333 768 578 3 0.0535 398 31 648 260 13 0.0531 398 29 653 254 8 0.0527 452 392 701 626 11 0.0526 691 357 963 566 11 0.0525 448 394 708 621 10 0.0521 443 267 699 506 5 0.0518 388 27 642 251 6 0.0518 396 32 651 252 0 0.0513 443 320 697 558 11 0.0508 629 426 913 641 5 0.0508 583 267 810 505 7 0.0506 395 30 651 253 13 0.0500 592 271 821 509
eEIj2xoOWh0SkkZzwVsV4A0BuN7apdXy,11 0.0578 248 450 505 689 5 0.0576 244 579 508 816 13 0.0554 260 514 520 755 11 0.0549 319 511 580 747 3 0.0546 250 582 514 827 7 0.0543 249 583 515 822 13 0.0539 324 456 584 696 5 0.0536 319 503 578 746 0 0.0534 255 506 515 754 7 0.0532 326 512 582 755 11 0.0525 317 388 573 629 8 0.0521 249 580 510 821 6 0.0517 324 453 582 693 13 0.0516 315 591 571 826 7 0.0516 256 446 502 695 3 0.0512 256 452 501 697 6 0.0507 248 583 521 819 11 0.0507 496 455 745 684 8 0.0506 318 454 569 692 0 0.0505 257 383 510 636 10 0.0502 258 515 513 750 0 0.0500 310 585 564 824
Sv7ZFiFuAebgkb7JCD2lBZTtBRWNnKhg,11 0.0568 368 403 630 644 8 0.0567 373 399 623 646 11 0.0552 297 470 573 716 0 0.0547 471 357 821 544 8 0.0545 474 354 810 542 5 0.0542 296 463 570 719 6 0.0539 315 277 571 514 0 0.0537 372 400 628 650 0 0.0536 313 275 568 514 11 0.0530 309 282 571 511 13 0.0526 372 458 635 708 6 0.0525 366 459 637 708 7 0.0525 307 469 580 718 5 0.0520 368 395 630 644 8 0.0517 305 470 566 718 13 0.0510 314 274 578 514 3 0.0508 374 403 629 651 11 0.0506 313 794 561 1014 7 0.0506 376 400 635 648 2 0.0505 374 403 630 644 6 0.0505 483 356 831 541
icnAkcuhfDDGXEaIUU9yUKkoIYE78cuP,8 0.0654 320 457 567 703 5 0.0650 318 450 569 699 11 0.0649 385 470 638 702 0 0.0642 383 603 637 842 5 0.0623 383 599 632 837 7 0.0620 320 403 580 649 7 0.0620 392 467 644 709 8 0.0613 251 531 508 776 2 0.0612 324 464 571 705 5 0.0611 440 406 699 653 8 0.0610 385 356 645 591 5 0.0610 249 522 507 770 5 0.0609 309 662 568 904 0 0.0609 321 458 573 704 11 0.0607 305 669 572 908 7 0.0604 388 603 638 842 6 0.0603 387 605 639 838 11 0.0603 313 402 580 645 8 0.0603 385 605 633 838 7 0.0600 253 530 513 777 6 0.0600 253 592 507 830 11 0.0596 384 605 634 838 7 0.0596 387 354 657 590 11 0.0594 247 592 502 831 6 0.0593 387 472 649 707 8 0.0591 452 470 694 714 0 0.0586 250 528 512 776 0 0.0581 321 353 574 593 8 0.0579 314 668 567 909 5 0.0578 314 348 570 586 6 0.0571 314 668 577 908 2 0.0571 318 358 569 592 10 0.0571 386 475 646 703 1 0.0570 383 601 635 838 13 0.0565 390 470 646 702 11 0.0564 248 465 515 710 10 0.0561 384 608 637 838 5 0.0561 493 605 753 852 0 0.0561 494 610 756 857 3 0.0561 389 606 636 842 13 0.0556 391 605 642 837 7 0.0556 313 668 578 911 0 0.0554 435 682 694 916 10 0.0554 250 592 506 831 5 0.0553 434 680 689 912 10 0.0552 310 672 573 908 11 0.0552 433 689 693 911 11 0.0550 495 616 754 848 0 0.0550 308 665 575 910 2 0.0547 255 537 512 780 3 0.0545 256 598 502 838 3 0.0544 393 469 642 710 13 0.0544 317 668 579 911 10 0.0542 315 408 580 646 13 0.0542 387 352 658 586 2 0.0538 398 547 647 775 13 0.0538 255 594 508 834 2 0.0538 311 670 571 910 1 0.0536 316 453 566 703 5 0.0534 178 452 436 698 6 0.0534 515 482 784 715 8 0.0534 437 688 690 912 6 0.0528 252 468 521 711 3 0.0528 387 354 649 594 6 0.0526 441 684 697 910 7 0.0523 327 287 582 525 9 0.0521 382 467 640 698 3 0.0521 499 614 753 857 0 0.0520 446 412 710 663 8 0.0519 325 0 576 196 10 0.0518 385 362 659 585 11 0.0513 184 525 443 769 3 0.0511 319 404 574 652 8 0.0509 498 612 750 856 8 0.0508 179 456 436 703 6 0.0508 387 357 661 588 0 0.0508 179 455 441 708 12 0.0508 389 604 637 840
g7gtMw2LRgGTPUlCfgGYS2kKsYEwueHF,7 0.0607 186 534 445 769 8 0.0597 578 473 820 707 8 0.0590 181 533 434 773 11 0.0590 174 669 438 906 11 0.0582 296 785 562 1008 7 0.0579 182 663 442 904 5 0.0578 176 532 440 769 11 0.0572 573 478 829 704 11 0.0572 241 137 509 377 11 0.0565 270 411 625 586 5 0.0563 253 262 508 500 5 0.0560 270 406 617 587 11 0.0557 317 466 579 700 8 0.0557 271 410 611 589 11 0.0553 253 268 517 496 0 0.0549 257 529 507 762 0 0.0547 307 3 558 247 11 0.0545 179 534 444 769 2 0.0543 182 544 442 771 3 0.0541 275 408 622 591 7 0.0541 279 408 628 589 13 0.0540 185 536 449 774 5 0.0540 92 349 439 533 5 0.0539 631 474 894 717 13 0.0535 367 81 625 302 7 0.0535 582 476 832 710 11 0.0531 633 416 893 649 0 0.0530 105 285 462 471 3 0.0529 183 537 438 778 0 0.0529 578 418 834 645 10 0.0528 182 543 446 772 5 0.0527 577 407 827 643 8 0.0525 323 460 570 700 7 0.0525 254 601 509 827 11 0.0524 310 205 574 428 8 0.0522 639 412 888 653 11 0.0520 245 602 507 827 7 0.0519 105 348 453 533 7 0.0519 191 772 446 996 13 0.0518 641 480 909 718 8 0.0518 254 264 501 504 7 0.0517 300 779 571 1011 5 0.0515 316 456 575 700 0 0.0515 321 462 574 702 0 0.0515 691 417 953 639 11 0.0514 303 679 579 900 0 0.0513 312 677 580 909 13 0.0513 307 782 574 1011 7 0.0510 378 528 621 756 8 0.0508 100 348 437 536 13 0.0508 276 407 633 589 0 0.0508 368 75 616 303 5 0.0507 246 597 504 825 5 0.0507 173 656 437 900 2 0.0507 274 414 624 586 8 0.0506 251 600 498 828 10 0.0506 273 416 627 587 0 0.0504 296 130 557 371 0 0.0503 274 409 622 589 6 0.0503 278 410 629 588 3 0.0501 322 462 575 706 0 0.0501 364 792 622 1015
pkc00PRytwr4MzGqqv18faEvGSUQA5To,11 0.0594 428 404 692 635 8 0.0584 354 422 699 600 11 0.0580 365 462 633 704 7 0.0578 356 422 715 601 11 0.0570 305 392 568 624 0 0.0565 239 391 494 632 5 0.0564 346 355 705 544 0 0.0558 434 406 692 640 8 0.0554 578 413 819 642 7 0.0551 258 325 497 562 3 0.0547 359 402 632 637 5 0.0546 572 404 819 640 0 0.0536 507 283 758 511 11 0.0530 239 466 494 701 5 0.0529 236 382 487 626 0 0.0529 320 339 581 570 11 0.0528 254 330 496 558 6 0.0527 581 411 828 644 6 0.0524 352 423 715 602 13 0.0523 578 414 832 643 0 0.0523 575 412 828 644 3 0.0523 255 328 493 568 5 0.0516 304 457 561 698 7 0.0514 248 458 497 706 10 0.0514 243 396 488 628 8 0.0512 507 276 752 509 11 0.0512 570 413 826 640 10 0.0511 286 354 633 531 8 0.0507 243 462 486 704 13 0.0505 247 389 499 633 10 0.0503 346 424 712 601 3 0.0501 310 466 566 707
b98XyeBhNHRQO7aMtbzO78CgszZ02Hhj,14 1.0 0 0 1 1
Ql4VQUFzvCNsVl4XesqfOIdhyiGGisSq,0 0.0668 264 211 523 447 5 0.0615 325 327 569 560 11 0.0609 259 206 525 444 0 0.0603 327 154 590 383 0 0.0595 333 334 574 561 5 0.0595 258 204 520 446 11 0.0594 386 209 651 434 6 0.0591 332 214 588 451 13 0.0583 331 214 591 446 8 0.0582 255 277 498 506 0 0.0575 494 276 735 497 8 0.0570 328 214 578 451 11 0.0561 491 278 739 494 7 0.0560 330 215 587 453 6 0.0558 258 272 510 507 8 0.0556 495 272 732 497 5 0.0551 384 201 641 436 8 0.0550 107 407 370 652 8 0.0548 250 388 485 629 7 0.0547 472 445 713 691 6 0.0546 336 330 577 561 0 0.0544 187 280 433 518 10 0.0543 260 216 524 445 3 0.0538 330 213 588 452 7 0.0537 499 274 737 496 11 0.0535 181 280 436 515 10 0.0534 388 214 650 434 8 0.0533 332 328 567 561 10 0.0533 244 395 493 625 13 0.0531 247 388 505 633 8 0.0528 260 149 517 391 2 0.0527 263 210 524 448 11 0.0524 171 410 444 638 5 0.0523 492 268 731 494 7 0.0523 253 276 512 510 13 0.0522 333 330 585 560 13 0.0521 256 276 515 507 5 0.0520 242 381 489 631 3 0.0520 329 330 575 566 7 0.0519 331 327 580 567 0 0.0516 463 449 714 701 8 0.0515 181 472 431 708 3 0.0515 253 276 506 513 9 0.0513 383 210 650 432 5 0.0510 182 270 429 515 2 0.0507 515 350 754 560 6 0.0507 260 147 530 389 1 0.0507 322 210 586 449 6 0.0506 185 345 440 584 6 0.0504 519 345 759 564 11 0.0500 465 450 719 688
QYzo3D34uA1uhbAoxi0flQRH0DYCde8K,7 0.0630 192 782 442 1021 11 0.0610 73 789 318 1022 8 0.0610 193 778 434 1021 8 0.0601 76 786 308 1023 11 0.0588 188 781 439 1021 5 0.0588 186 779 437 1021 0 0.0581 71 791 317 1023 7 0.0573 75 789 319 1021 0 0.0571 189 781 436 1022 10 0.0560 187 782 438 1020 13 0.0555 192 786 443 1023 7 0.0554 259 650 513 888 11 0.0540 320 668 575 894 3 0.0530 197 783 441 1023 10 0.0529 73 790 312 1021 6 0.0521 195 785 442 1021 9 0.0519 189 784 440 1023 5 0.0511 251 649 505 887 0 0.0511 321 664 574 898 3 0.0509 83 790 317 1023 8 0.0502 252 652 500 891 6 0.0502 255 653 511 891 2 0.0501 130 794 382 1023 13 0.0501 75 794 319 1023
DacUH9PB0tBRrr6ZOVKzyhwC2scwgqMb,0 0.0662 130 529 379 771 11 0.0648 127 589 378 821 8 0.0640 124 468 368 708 8 0.0639 2 418 303 607 0 0.0622 55 467 305 713 11 0.0608 120 474 375 704 8 0.0606 131 585 369 825 3 0.0597 74 528 319 775 7 0.0591 0 418 312 609 11 0.0591 0 422 309 606 7 0.0585 124 468 379 707 13 0.0581 1 418 314 608 5 0.0578 130 521 374 770 2 0.0577 71 534 321 772 5 0.0576 0 418 303 605 0 0.0576 447 607 694 837 0 0.0573 0 343 247 564 6 0.0558 133 590 379 822 13 0.0557 72 527 324 775 10 0.0552 123 477 377 708 3 0.0551 6 419 307 611 11 0.0549 439 668 702 887 10 0.0548 2 424 311 609 2 0.0542 2 424 310 608 10 0.0541 132 590 378 825 6 0.0540 1 419 315 605 6 0.0538 124 470 380 708 7 0.0529 135 585 380 825 11 0.0516 368 209 629 445 5 0.0509 440 660 691 889 9 0.0505 0 422 309 605 7 0.0501 450 661 701 891 8 0.0501 508 339 768 575
WvITIjO9Wh9y1eGM3NWq1GvYdhTg6Prt,11 0.0613 113 18 371 251 8 0.0592 0 10 237 254 5 0.0580 110 11 365 249 0 0.0577 117 19 374 255 8 0.0573 118 13 366 251 5 0.0560 0 3 242 256 6 0.0560 119 18 377 251 10 0.0544 114 24 372 248 7 0.0530 177 24 462 244 13 0.0517 119 16 380 257 7 0.0516 0 9 248 253 11 0.0507 251 466 510 694 10 0.0502 0 15 244 253 5 0.0502 250 460 508 694
zr0c9TCe797taETYigDGX5SoOzyUXG2g,8 0.0637 446 279 692 516 5 0.0626 628 453 883 698 0 0.0613 507 270 754 504 0 0.0611 389 0 653 194 7 0.0610 417 425 783 614 13 0.0609 338 352 702 545 11 0.0609 330 352 699 542 5 0.0605 309 192 565 433 3 0.0604 419 425 772 617 0 0.0600 633 462 886 699 0 0.0600 409 427 773 610 0 0.0599 475 549 836 729 8 0.0597 410 426 764 614 10 0.0597 374 344 635 588 5 0.0597 324 351 694 543 7 0.0595 449 280 707 519 2 0.0583 329 421 692 605 3 0.0582 451 277 699 523 5 0.0581 558 390 812 628 2 0.0581 447 285 699 518 0 0.0580 333 352 697 545 13 0.0576 418 423 778 609 6 0.0576 377 339 634 587 11 0.0571 410 541 784 725 6 0.0571 423 482 772 666 8 0.0568 630 457 878 701 11 0.0565 685 518 951 746 11 0.0561 304 508 565 752 5 0.0558 234 432 499 682 11 0.0558 313 201 570 430 13 0.0558 318 395 569 641 8 0.0556 315 400 557 640 10 0.0553 443 280 704 516 0 0.0553 318 194 568 436 11 0.0552 561 396 819 630 6 0.0550 321 198 565 435 8 0.0550 321 200 556 433 7 0.0549 321 196 573 430 8 0.0548 512 202 755 443 3 0.0548 514 159 756 401 0 0.0547 513 161 757 397 11 0.0545 345 481 708 667 13 0.0545 396 0 662 194 3 0.0544 396 0 656 198 0 0.0544 340 483 710 670 5 0.0544 620 577 881 822 11 0.0543 686 421 962 641 6 0.0542 571 395 823 629 5 0.0542 386 0 649 193 11 0.0540 393 3 650 198 10 0.0540 317 204 565 434 11 0.0539 621 582 880 817 12 0.0538 336 350 701 548 5 0.0538 472 541 831 730 8 0.0537 480 547 819 730 7 0.0536 205 261 447 495 5 0.0536 194 257 440 494 6 0.0533 486 546 840 726 8 0.0530 394 0 642 194 3 0.0529 248 433 497 694 12 0.0529 319 395 569 642 13 0.0529 351 480 714 668 2 0.0528 420 487 772 667 13 0.0526 517 163 761 394 13 0.0524 577 576 839 823 6 0.0523 401 1 654 193 3 0.0522 318 196 568 437 5 0.0521 504 156 751 393 11 0.0521 196 268 445 495 13 0.0520 321 198 577 440 3 0.0519 492 548 834 736 6 0.0519 246 433 503 684
3MbXMsphns2T1BGWj77NWjqxN5e2cG0o,0 0.0625 190 646 442 904 5 0.0618 122 638 381 884 8 0.0618 124 639 379 883 11 0.0614 186 649 443 900 7 0.0609 130 639 388 886 6 0.0606 188 650 442 902 10 0.0558 122 643 384 885 0 0.0556 364 581 629 830 8 0.0556 255 646 497 902 3 0.0555 190 647 444 906 13 0.0550 128 638 394 885 11 0.0549 366 585 628 825 7 0.0549 255 647 507 906 7 0.0546 373 581 634 826 5 0.0541 250 642 499 905 10 0.0529 250 650 502 903 2 0.0528 191 649 443 905 5 0.0519 364 575 626 824 6 0.0517 369 583 634 827 9 0.0515 122 640 386 882 8 0.0510 371 578 621 827 12 0.0510 128 639 388 886 1 0.0506 188 643 439 903 11 0.0501 433 447 688 680
EuUK1WRxtFUSl5EkCgKr5ntH7B2CK3A4,0 0.0657 182 667 427 908 5 0.0640 185 603 432 837 7 0.0639 190 602 439 839 8 0.0637 182 667 420 908 8 0.0621 123 606 368 841 11 0.0620 177 668 426 905 0 0.0618 317 590 568 837 10 0.0608 177 674 426 904 5 0.0601 120 669 364 906 11 0.0600 119 605 376 835 11 0.0599 379 455 632 687 6 0.0593 122 676 373 905 7 0.0589 316 585 567 833 7 0.0588 131 535 382 778 0 0.0586 123 604 375 839 11 0.0584 312 595 563 831 3 0.0583 122 670 369 914 8 0.0580 316 590 560 832 6 0.0572 244 665 495 901 7 0.0568 122 669 371 903 3 0.0558 247 661 495 908 5 0.0557 309 581 562 832 7 0.0552 383 450 634 691 2 0.0549 189 612 438 844 13 0.0544 122 671 375 908 1 0.0539 117 664 368 904 12 0.0539 119 670 369 907 0 0.0537 381 456 632 694 13 0.0533 249 663 501 904 10 0.0533 117 611 372 839 6 0.0523 315 594 567 829 2 0.0519 118 675 368 907 5 0.0518 124 538 371 775 5 0.0517 380 446 629 686 8 0.0510 379 453 626 690 3 0.0509 317 592 568 842 2 0.0506 315 602 567 840 1 0.0505 188 602 437 838 6 0.0505 125 542 378 778 12 0.0502 247 664 491 905
zh8WsVAqTM2VASmUbgCUcJm42mHoeJs2,5 0.0659 235 382 497 636 8 0.0639 175 458 413 710 8 0.0631 257 339 498 581 5 0.0626 167 450 421 707 5 0.0624 274 288 654 476 3 0.0617 451 268 702 511 0 0.0607 187 275 437 513 8 0.0600 285 289 647 479 5 0.0595 437 329 696 560 7 0.0594 446 333 704 569 13 0.0594 260 342 516 586 6 0.0591 320 193 580 438 0 0.0588 320 125 573 364 8 0.0586 376 182 631 428 11 0.0586 239 390 501 636 5 0.0582 316 333 576 581 6 0.0582 187 350 435 588 8 0.0581 443 330 695 565 3 0.0580 563 331 820 560 7 0.0580 131 339 390 576 3 0.0579 324 333 574 589 0 0.0572 445 272 703 504 11 0.0571 171 459 425 706 5 0.0570 448 131 694 366 11 0.0568 552 335 825 555 3 0.0568 386 181 638 435 5 0.0566 552 328 818 553 0 0.0566 558 335 821 556 6 0.0566 180 456 428 708 8 0.0565 564 460 816 698 6 0.0564 326 335 583 582 0 0.0564 250 205 506 441 13 0.0562 327 265 588 508 7 0.0562 266 675 515 896 11 0.0560 378 261 641 496 11 0.0559 318 128 580 362 10 0.0557 325 342 581 582 0 0.0554 381 334 636 571 13 0.0554 449 332 705 567 7 0.0553 287 289 668 480 0 0.0552 377 183 637 430 0 0.0552 439 395 700 638 5 0.0551 561 459 817 693 11 0.0550 249 269 511 505 2 0.0548 445 337 702 565 13 0.0548 130 346 393 580 10 0.0548 283 293 660 478 7 0.0546 259 342 512 580 11 0.0544 454 85 700 299 7 0.0541 187 272 441 508 0 0.0540 132 340 385 579 6 0.0537 256 268 511 509 2 0.0536 285 293 657 479 11 0.0536 254 674 510 895 6 0.0535 447 333 701 563 11 0.0535 441 335 700 568 7 0.0534 181 453 427 707 0 0.0533 176 461 422 705 8 0.0532 462 7 701 241 3 0.0532 245 385 497 646 6 0.0531 385 126 633 358 3 0.0529 253 269 502 515 8 0.0529 251 204 492 440 2 0.0526 260 347 503 581 13 0.0525 563 398 835 629 6 0.0525 564 333 825 555 8 0.0523 558 331 816 557 10 0.0521 126 349 383 574 5 0.0521 451 0 704 233 13 0.0520 246 449 502 700 0 0.0520 248 390 501 639 3 0.0516 307 456 559 713 0 0.0516 617 414 882 646 10 0.0516 448 202 701 429 11 0.0515 565 462 822 697 7 0.0514 561 392 827 632
QIkZoeApJ81iGRz97cgLtChk2YUJoZeY,5 0.0616 238 389 491 629 8 0.0603 237 449 483 695 11 0.0598 303 399 562 631 7 0.0594 181 394 435 639 8 0.0589 308 396 554 634 11 0.0578 174 399 430 637 13 0.0573 182 400 436 640 0 0.0570 240 395 497 632 6 0.0560 239 449 497 696 3 0.0558 177 397 431 646 7 0.0550 310 391 565 635 3 0.0547 310 396 561 637 10 0.0535 242 398 495 631 13 0.0533 310 394 567 635 8 0.0525 360 457 619 700 6 0.0513 309 395 566 633 5 0.0511 296 448 555 692 8 0.0511 295 511 548 755 2 0.0508 245 398 492 632 11 0.0504 288 519 559 755
IbzHqQVDS3OTOVkmdgvoL26DrPdIauO4,7 0.0671 312 716 562 971 7 0.0667 252 652 507 893 8 0.0665 251 649 502 894 11 0.0665 247 653 508 891 8 0.0653 316 592 561 833 5 0.0646 247 714 495 963 11 0.0643 314 594 570 832 10 0.0640 129 682 497 857 8 0.0640 179 343 425 576 0 0.0634 187 717 433 964 5 0.0627 132 678 495 854 8 0.0625 314 712 557 970 7 0.0622 319 592 569 833 6 0.0619 318 659 574 902 0 0.0616 251 651 508 897 7 0.0614 186 717 437 965 11 0.0613 370 668 635 904 0 0.0612 318 589 570 837 11 0.0608 181 718 434 961 6 0.0606 252 717 500 968 5 0.0603 311 652 563 899 10 0.0601 315 594 569 832 11 0.0597 177 344 437 575 0 0.0593 314 714 558 973 11 0.0593 310 718 558 966 7 0.0591 378 662 638 909 10 0.0588 246 717 500 965 0 0.0586 249 291 520 523 8 0.0584 187 714 431 962 13 0.0581 319 656 574 902 13 0.0579 252 715 503 967 8 0.0574 254 383 494 625 3 0.0572 318 655 569 905 3 0.0569 137 682 495 859 0 0.0566 377 664 632 913 6 0.0565 137 682 499 857 11 0.0564 432 616 705 835 6 0.0564 180 346 441 576 3 0.0563 250 335 510 574 11 0.0563 316 457 565 693 0 0.0559 323 456 565 694 7 0.0558 256 448 503 685 12 0.0555 189 715 435 964 13 0.0551 139 680 508 858 10 0.0550 372 668 638 907 0 0.0549 180 342 437 578 5 0.0547 180 337 435 577 6 0.0546 249 297 524 517 3 0.0545 253 714 498 970 1 0.0543 248 708 497 967 9 0.0540 245 654 506 891 7 0.0538 444 609 707 835 7 0.0535 181 342 438 577 12 0.0533 316 716 558 971 3 0.0532 258 452 503 694 2 0.0531 250 718 500 969 10 0.0530 256 459 497 687 8 0.0529 435 611 693 838 2 0.0526 136 685 496 860 9 0.0525 182 718 435 960 11 0.0523 246 296 519 516 7 0.0521 250 290 521 520 8 0.0520 317 454 552 692 12 0.0519 139 681 496 858 5 0.0518 251 446 500 686 13 0.0517 377 466 628 696 0 0.0512 438 607 703 843 12 0.0510 247 336 510 575 10 0.0509 180 350 438 574 4 0.0508 249 717 503 966 5 0.0507 242 289 522 517 1 0.0505 312 651 566 902 4 0.0504 135 683 503 858 8 0.0500 248 293 508 520
tt9qJg5XZWFjx3ri1WRrXJjphqEf8Lqp,0 0.0537 14 364 276 603 13 0.0519 22 360 284 600
M1PUoJVQqZ98CLRUGGMuL5By8aP6iJ30,0 0.0594 380 329 633 570 11 0.0594 381 332 631 563 5 0.0586 375 325 632 563 6 0.0552 387 332 639 566 11 0.0544 0 604 144 945 2 0.0539 384 337 635 565 0 0.0537 0 596 145 958 13 0.0533 386 332 638 568 8 0.0533 2 596 136 948 3 0.0528 385 329 634 570 7 0.0514 387 330 635 568 8 0.0512 383 326 632 567 10 0.0507 385 336 636 565
bfbZjj7pPtIyoWjDL4G6x3kItM6g9OSV,5 0.0603 362 657 628 892 0 0.0576 376 718 632 958 8 0.0572 312 788 556 1020 11 0.0572 308 794 563 1022 5 0.0569 309 785 558 1019 13 0.0554 318 789 568 1023 7 0.0549 314 791 570 1023 0 0.0543 314 789 566 1023 11 0.0534 818 406 1023 650 11 0.0531 369 723 633 954 8 0.0530 252 711 496 945 10 0.0522 308 792 561 1022 6 0.0518 315 792 565 1020 13 0.0515 826 403 1023 654 8 0.0515 375 717 624 953 7 0.0514 375 721 640 958 0 0.0509 252 711 503 947
Em26E9vtRGoNLj0SN3Cp02eoI3lXjc7Z,8 0.0529 516 546 757 775 8 0.0528 560 399 821 642
yBTbVcrdtNVpbW9UJtYRJxPwXvgxNRbA,8 0.0597 45 789 303 1023 11 0.0561 230 793 483 1021 7 0.0560 109 793 368 1023 5 0.0555 31 791 301 1016 6 0.0551 43 795 307 1020 0 0.0545 39 795 305 1023 8 0.0537 337 285 702 473 0 0.0527 0 420 276 658 8 0.0523 0 415 262 658 11 0.0519 107 799 358 1020 7 0.0515 237 792 493 1023 5 0.0515 225 788 481 1017 11 0.0514 372 329 632 569 5 0.0510 323 353 702 541 10 0.0505 41 797 303 1023 11 0.0500 333 286 711 474
CIhWaQvfniTZs2fa4nqNgLVfE6MU8tyE,11 0.0625 382 607 651 839 0 0.0601 321 604 576 847 7 0.0578 325 603 577 843 5 0.0572 372 342 637 576 3 0.0570 389 605 651 847 5 0.0561 318 598 571 842 11 0.0559 364 403 633 640 8 0.0550 322 603 570 845 8 0.0549 380 349 630 579 7 0.0543 370 401 640 643 11 0.0540 376 278 635 506 11 0.0533 310 666 576 905 3 0.0533 371 406 634 650 11 0.0530 586 396 834 633 13 0.0530 391 604 654 840 6 0.0527 376 221 643 434 0 0.0526 589 395 831 632 8 0.0525 588 392 824 632 0 0.0522 381 347 639 578 7 0.0521 256 277 523 527 5 0.0519 293 399 563 644 8 0.0517 304 400 560 651 0 0.0515 258 333 511 592 6 0.0515 390 606 654 842 10 0.0513 388 609 649 840 6 0.0509 379 348 642 577 10 0.0506 367 407 638 637 11 0.0505 248 339 510 590 13 0.0505 375 219 651 434 2 0.0502 389 611 647 843 3 0.0500 384 278 640 512
0m5xPv465JJo7pENsBcpGgLh6FLTYWbX,0 0.0560 468 796 748 1023 13 0.0544 318 338 582 577 7 0.0544 317 333 575 573 0 0.0543 44 796 310 1023 11 0.0540 309 340 576 567 8 0.0540 467 793 738 1019 7 0.0525 477 797 752 1021 11 0.0523 471 800 742 1015 8 0.0512 315 336 562 573 13 0.0511 471 801 754 1021 5 0.0503 209 349 565 533
Yk2bxUYzzgQ9RMRHtdJwG9vrRhqg1QXb,5 0.0555 503 267 769 498 0 0.0554 509 270 772 502 11 0.0537 507 271 772 496 5 0.0530 189 347 556 532 8 0.0508 514 263 763 499
U98j4g0ZiJDGS8bqzYTq2ot60QaJAGeN,8 0.0611 319 798 553 1023 11 0.0593 315 800 560 1018 7 0.0589 319 797 564 1023 7 0.0589 191 734 442 962 5 0.0580 182 728 436 960 5 0.0579 313 795 557 1020 7 0.0576 638 796 884 1022 10 0.0571 185 739 441 959 6 0.0559 188 734 448 960 11 0.0558 631 799 877 1018 10 0.0557 317 804 561 1021 3 0.0553 320 798 562 1023 0 0.0543 384 800 624 1023 0 0.0542 317 732 565 976 11 0.0542 241 726 503 955 3 0.0541 245 722 498 968 0 0.0540 189 732 442 966 8 0.0539 631 797 868 1023 6 0.0535 315 734 570 972 8 0.0531 187 731 434 962 13 0.0530 320 802 567 1023 0 0.0528 634 801 876 1023 5 0.0515 627 794 868 1018 6 0.0511 385 804 627 1023 1 0.0505 313 791 561 1023
FHyyHYKhXFwCRfv1fSsCXZsKGtlslNcc,5 0.0665 275 276 641 465 8 0.0653 418 281 776 474 0 0.0650 418 285 776 474 11 0.0604 344 286 720 472 13 0.0598 350 286 721 475 6 0.0594 285 279 654 469 5 0.0590 563 332 814 571 5 0.0588 251 179 509 428 0 0.0580 256 184 513 434 5 0.0580 176 257 438 510 3 0.0577 423 283 783 477 5 0.0574 299 386 559 645 2 0.0574 416 286 781 475 0 0.0572 629 411 875 645 5 0.0567 626 404 873 641 7 0.0563 185 262 446 515 7 0.0562 354 285 723 477 0 0.0559 114 274 383 514 5 0.0558 373 450 622 695 13 0.0557 187 265 450 512 0 0.0557 628 208 886 439 11 0.0556 625 338 879 571 11 0.0553 177 270 446 511 8 0.0551 571 653 820 896 0 0.0549 392 192 656 440 6 0.0547 577 339 827 573 8 0.0545 182 259 436 513 13 0.0544 573 280 834 511 11 0.0544 248 186 515 433 7 0.0544 576 651 827 897 10 0.0540 276 282 644 469 13 0.0539 310 390 567 650 3 0.0537 183 263 444 520 6 0.0536 259 182 513 431 5 0.0535 628 266 879 503 7 0.0533 310 394 565 648 11 0.0532 184 15 440 239 5 0.0531 182 7 435 237 6 0.0530 573 654 829 900 8 0.0529 310 390 552 643 2 0.0529 568 342 823 574 8 0.0529 628 405 871 643 7 0.0527 574 338 820 578 6 0.0524 188 263 446 511 7 0.0524 258 179 518 434 8 0.0523 187 10 430 236 5 0.0523 565 648 818 893 11 0.0522 628 211 891 438 7 0.0520 629 406 877 644 8 0.0519 375 461 619 694 2 0.0515 182 265 440 510 6 0.0515 192 13 447 239 0 0.0514 305 392 559 645 1 0.0513 339 283 717 475 8 0.0513 392 186 647 438 8 0.0512 256 449 477 707 8 0.0511 314 530 552 764 10 0.0511 192 14 438 236 13 0.0510 573 654 831 894 8 0.0508 257 183 505 434 12 0.0506 422 283 779 476 11 0.0503 300 395 563 642 6 0.0503 583 208 849 449 9 0.0502 342 287 718 472
fU5ygIfI5KXAYaaBsUbRXJmWSTUTAQ9k,5 0.0707 182 642 437 893 7 0.0690 189 580 442 832 0 0.0684 187 643 438 893 8 0.0677 186 642 437 890 11 0.0675 124 639 377 887 8 0.0670 125 574 375 826 5 0.0665 305 648 564 884 5 0.0664 182 529 439 769 0 0.0659 309 652 569 889 7 0.0657 253 643 508 887 10 0.0655 182 534 441 768 0 0.0653 186 527 441 772 11 0.0638 308 654 570 883 8 0.0633 311 648 563 883 10 0.0630 250 648 507 885 6 0.0629 126 577 382 826 6 0.0625 186 644 440 893 3 0.0624 187 529 442 771 6 0.0606 310 651 572 885 3 0.0605 187 643 439 895 11 0.0603 120 531 380 772 13 0.0592 126 574 384 828 13 0.0587 254 643 510 885 10 0.0585 122 643 375 889 1 0.0580 184 642 437 893 2 0.0571 189 587 440 834 9 0.0570 122 576 379 825 2 0.0569 255 649 506 885 12 0.0564 190 581 443 834 1 0.0559 184 528 438 771 9 0.0557 182 644 439 889 3 0.0547 313 652 569 889 4 0.0541 189 584 443 834 9 0.0525 305 653 567 878 12 0.0504 254 643 509 888
xz3FlfVkDPz1dqU3g0TDxCCNMDxqMgXq,8 0.0637 48 411 313 637 5 0.0602 243 252 495 484 0 0.0594 250 337 514 564 0 0.0582 248 202 500 432 5 0.0581 247 133 506 371 11 0.0577 310 327 577 557 7 0.0577 250 255 500 482 0 0.0571 261 724 514 965 5 0.0555 180 326 445 560 3 0.0555 249 258 497 487 0 0.0554 50 419 321 632 6 0.0552 189 333 453 561 11 0.0551 243 257 500 480 11 0.0550 0 359 270 565 8 0.0548 310 393 560 631 8 0.0547 246 256 488 481 5 0.0546 35 346 313 569 7 0.0546 380 339 638 573 6 0.0545 4 361 266 565 8 0.0542 252 139 498 371 13 0.0541 55 415 329 633 8 0.0540 0 357 250 568 0 0.0538 374 343 633 579 11 0.0537 177 333 449 558 0 0.0537 308 261 561 494 6 0.0536 56 416 328 637 11 0.0533 48 416 328 631 0 0.0532 254 81 508 313 8 0.0532 110 344 376 577 0 0.0528 0 358 256 569 11 0.0528 379 411 639 648 3 0.0528 253 138 511 375 13 0.0527 2 356 269 569 11 0.0524 247 140 510 369 0 0.0522 181 140 441 375 10 0.0521 252 343 509 558 10 0.0516 310 267 561 488 11 0.0514 256 731 513 957 7 0.0512 262 723 520 962 13 0.0512 190 260 447 496 13 0.0510 112 347 392 577 7 0.0509 251 134 511 369 10 0.0509 247 207 500 430 6 0.0507 256 199 502 433 13 0.0502 251 200 507 434
r1hyAZaC7grRFRt2jk5E7l0cFIapmFng,11 0.0571 439 620 694 854 11 0.0561 566 208 840 440 5 0.0546 500 611 760 851 0 0.0545 571 201 843 437 3 0.0542 575 205 842 442 8 0.0541 445 618 690 851 0 0.0540 442 619 695 854 8 0.0536 569 200 832 438 7 0.0527 572 203 846 431 6 0.0521 448 617 698 852 0 0.0519 380 271 641 516 7 0.0515 385 271 646 511 2 0.0509 570 206 841 437 10 0.0508 445 621 695 852 10 0.0504 571 206 843 435 13 0.0503 449 619 700 855 3 0.0503 387 274 642 521 5 0.0501 565 198 837 432
mJ3pDTXWOtLnY36GMePu4ZZfzX6Ch1By,8 0.0539 56 787 297 1023 13 0.0532 60 790 314 1023 11 0.0530 56 732 329 959 6 0.0519 164 611 435 841 5 0.0519 115 704 383 949 0 0.0519 123 709 388 958 5 0.0517 157 605 428 845 11 0.0516 155 617 432 840 8 0.0516 166 612 424 845 0 0.0515 168 608 430 850 7 0.0511 164 612 435 843 6 0.0510 58 788 302 1021 0 0.0506 54 790 303 1023 5 0.0504 769 454 1020 697
g0cfXAphnurTFlyK8zgSKTxY77Us2x9T,0 0.0655 564 590 826 833 11 0.0637 564 590 824 828 8 0.0596 567 587 821 830 2 0.0587 565 591 826 831 5 0.0585 561 586 820 830 11 0.0583 391 682 741 856 3 0.0579 567 591 825 834 13 0.0575 569 589 830 832 0 0.0571 391 680 742 860 3 0.0566 395 681 741 863 6 0.0556 568 591 828 831 5 0.0552 388 679 735 857 7 0.0552 567 590 828 832 7 0.0551 397 683 744 858 11 0.0549 366 533 625 763 8 0.0544 397 680 733 858 10 0.0538 428 660 701 897 11 0.0538 492 725 772 968 7 0.0538 371 526 626 768 6 0.0533 395 680 744 860 10 0.0524 471 555 825 735 3 0.0524 369 530 624 772 13 0.0523 399 680 745 859 8 0.0521 499 720 763 973 3 0.0514 501 722 772 980 0 0.0513 496 715 774 973 9 0.0511 474 555 825 734 2 0.0509 395 683 739 857 13 0.0508 503 723 779 973 8 0.0503 371 528 614 765 10 0.0503 447 134 705 352 12 0.0501 566 589 825 833 10 0.0501 368 532 625 763 11 0.0501 359 711 633 955
DtYZWtq1eHxgnPEcLqGRyytJ5yXC3AnX,11 0.0618 556 609 811 846 11 0.0583 565 748 818 987 8 0.0558 572 746 810 992 11 0.0538 571 404 812 646 8 0.0535 560 609 805 850 5 0.0534 567 402 814 646 8 0.0533 569 403 810 648 0 0.0530 566 746 819 993 0 0.0527 558 613 817 853 6 0.0519 564 614 818 848 11 0.0509 502 463 741 707 6 0.0508 580 407 819 647 11 0.0508 361 603 615 841 0 0.0507 503 466 744 719 8 0.0506 502 461 737 712 7 0.0504 572 747 823 997
3De7099qqj9Aj5hsMJzlJhnV6e8xuhQF,0 0.0545 325 525 585 772 0 0.0544 193 519 449 778 8 0.0543 393 526 638 769 11 0.0541 391 529 644 772 5 0.0533 38 19 291 250 7 0.0533 397 527 651 774 5 0.0531 392 443 640 687 0 0.0528 0 1 258 213 8 0.0519 189 524 441 772 8 0.0515 1 1 252 213 11 0.0514 332 461 591 700 0 0.0508 403 448 644 699 7 0.0507 403 395 650 631 11 0.0506 0 4 263 209 0 0.0503 268 453 521 712 1 0.0502 0 0 259 213
6mK2d4a05SU8QLtbSYEIWK4MaEaPdFzZ,11 0.0570 324 337 585 552 11 0.0563 374 400 639 620 8 0.0545 282 423 621 601 7 0.0527 329 333 582 552 3 0.0514 286 424 634 606 11 0.0508 305 795 570 1013 5 0.0505 195 335 561 523
0UCk4HXq8Mtw715CgY6UiFky5Wiwspv3,0 0.0593 581 344 837 580 6 0.0583 576 472 825 705 11 0.0568 571 475 822 707 8 0.0561 572 475 816 704 0 0.0553 573 474 823 709 5 0.0547 569 468 817 706 3 0.0545 578 475 819 714 7 0.0536 574 473 826 710 8 0.0536 584 339 827 578 13 0.0532 575 477 827 711 11 0.0523 485 581 764 816 5 0.0518 581 639 845 892 2 0.0508 577 481 820 708 11 0.0507 578 347 836 572 6 0.0506 588 340 838 578 7 0.0505 586 341 839 581 8 0.0501 488 581 755 815
ICxBWjgXBfDAoeIizUeYFe2FRAXrih6h,0 0.0633 250 659 496 900 11 0.0629 245 662 496 895 7 0.0621 252 659 498 900 5 0.0620 245 658 492 896 8 0.0618 247 660 491 899 10 0.0601 248 663 495 896 6 0.0597 249 660 496 898 3 0.0565 253 658 495 902 13 0.0555 254 659 498 898 12 0.0530 252 661 496 901 2 0.0525 250 664 497 901 1 0.0520 246 653 494 896
IyRaxN2qhEkuTBo67T3EtNnLw8xzPltS,5 0.0584 341 357 718 535 8 0.0581 452 340 700 576 0 0.0579 443 406 700 639 7 0.0569 397 268 639 504 11 0.0556 447 404 700 635 7 0.0555 457 342 711 574 5 0.0534 389 266 631 501 6 0.0525 461 345 712 578 7 0.0523 186 677 444 919 13 0.0515 454 342 715 576 5 0.0514 442 404 698 638 7 0.0513 333 206 581 434 3 0.0509 456 346 705 582 7 0.0507 371 724 623 962 10 0.0503 452 345 710 578 7 0.0503 330 336 574 565 0 0.0501 393 269 636 505
cTaX2qwsObzxOAa9mVVvg6l0bxqBCqNn,11 0.0540 244 719 494 950 0 0.0534 251 713 492 956 8 0.0522 250 715 486 954 7 0.0514 251 714 496 953 5 0.0501 244 714 490 953
vYQE8jZdZwcaBndcqmZNctz1TTidKJ5g,14 1.0 0 0 1 1
cCU8iWlSRxaLtQtqMYBuqTZCPe0cKxFV,11 0.0646 39 538 290 770 11 0.0638 307 334 572 570 8 0.0605 58 480 300 715 0 0.0604 443 401 687 640 11 0.0602 108 463 368 711 8 0.0594 116 412 367 647 0 0.0589 58 481 304 714 13 0.0586 319 337 578 576 5 0.0583 52 477 300 712 0 0.0582 120 411 374 643 8 0.0582 317 334 562 573 11 0.0579 567 151 827 388 0 0.0576 312 333 574 575 6 0.0575 315 334 573 575 6 0.0574 337 140 590 367 0 0.0571 260 212 512 452 5 0.0571 441 394 684 635 8 0.0564 6 406 256 647 10 0.0562 55 484 305 711 0 0.0561 568 280 819 513 13 0.0558 576 282 833 513 11 0.0557 256 217 514 445 5 0.0556 304 328 572 572 11 0.0556 330 141 592 368 8 0.0556 334 140 577 366 6 0.0554 450 400 695 639 13 0.0554 449 525 711 757 11 0.0554 443 400 687 636 5 0.0553 564 274 824 509 11 0.0551 295 826 561 1023 5 0.0548 497 515 762 752 0 0.0548 336 137 591 369 13 0.0548 452 399 693 637 3 0.0546 274 422 621 608 7 0.0544 314 332 576 574 11 0.0544 440 526 701 758 6 0.0542 577 282 826 509 2 0.0540 574 284 823 513 0 0.0540 570 156 822 387 8 0.0536 447 399 683 639 10 0.0535 310 339 572 575 7 0.0534 386 581 650 833 6 0.0533 574 155 828 382 10 0.0533 569 284 822 512 8 0.0532 384 527 646 772 3 0.0531 573 153 823 398 0 0.0530 180 464 441 709 7 0.0529 447 474 704 710 8 0.0527 568 211 823 451 13 0.0526 571 154 831 386 13 0.0526 45 533 294 769 8 0.0523 567 85 813 320 5 0.0522 109 408 373 642 5 0.0521 562 80 819 318 10 0.0516 113 416 376 641 3 0.0516 340 139 590 373 7 0.0513 575 276 823 514 11 0.0513 569 281 826 513 13 0.0513 336 143 597 371 2 0.0513 447 406 686 638 7 0.0510 102 524 352 766 13 0.0508 177 466 450 711 7 0.0506 118 408 377 641 6 0.0505 264 217 512 450 6 0.0505 60 410 322 645 10 0.0504 571 157 821 387 7 0.0504 180 460 445 709 6 0.0503 47 536 293 769 5 0.0502 374 513 647 766
rnptYgIkuOCDfyNwS1E2sJa3gchyeG1g,7 0.0556 500 780 762 1022 0 0.0555 0 739 243 972 11 0.0552 0 740 242 964 5 0.0550 490 777 750 1014 0 0.0539 495 782 756 1022 11 0.0538 0 31 254 257 8 0.0537 499 779 751 1017 11 0.0532 494 781 753 1014 5 0.0522 0 733 238 963 0 0.0509 59 0 315 197 2 0.0505 497 785 760 1021 13 0.0505 499 784 760 1022
6RL5vj3aQ4hWfExcupCfqJ9RUDjDj3qC,11 0.0554 385 522 621 745 5 0.0536 437 537 681 758 8 0.0528 185 207 420 444 8 0.0517 255 271 493 504 0 0.0510 422 727 686 954 11 0.0501 251 270 501 500 8 0.0501 390 528 615 743 7 0.0500 257 266 508 502
ZASLuhSVADQDANQl5Sm1WMnjmxUlvTFz,5 0.0678 639 453 894 690 11 0.0634 571 470 824 698 11 0.0624 508 523 752 759 13 0.0612 578 472 832 702 5 0.0611 565 520 816 746 0 0.0608 640 456 898 695 3 0.0604 575 523 819 756 11 0.0601 636 525 906 748 0 0.0600 570 343 822 579 11 0.0592 563 590 839 812 11 0.0590 639 388 890 629 0 0.0587 570 525 821 753 8 0.0583 571 592 832 816 5 0.0579 429 585 706 818 3 0.0576 648 454 894 697 8 0.0574 575 469 820 700 8 0.0573 434 589 704 823 6 0.0572 516 522 756 760 6 0.0571 645 523 908 749 10 0.0568 433 597 712 821 7 0.0567 575 470 827 705 8 0.0561 645 525 900 750 11 0.0558 425 591 712 822 8 0.0557 512 524 749 759 6 0.0556 579 470 830 699 10 0.0555 569 528 819 751 6 0.0554 436 593 714 823 13 0.0553 516 527 758 762 8 0.0551 311 603 567 834 8 0.0550 9 642 254 907 5 0.0543 632 607 908 828 7 0.0543 563 592 840 816 13 0.0538 571 593 847 817 8 0.0534 574 340 817 574 2 0.0534 515 530 751 762 13 0.0532 646 527 914 752 5 0.0529 306 589 573 832 7 0.0528 437 591 712 824 10 0.0526 642 461 893 688 8 0.0526 644 385 881 632 7 0.0525 514 524 752 763 5 0.0519 0 637 259 907 11 0.0513 304 602 577 830 2 0.0513 576 474 826 701 9 0.0513 426 592 707 818 2 0.0510 566 597 837 813 1 0.0510 570 466 825 701 9 0.0509 571 473 824 697 4 0.0507 573 528 825 748 6 0.0507 647 384 894 631 9 0.0507 511 526 750 756 0 0.0507 435 592 707 827 2 0.0504 641 530 903 749 7 0.0503 640 527 905 751 6 0.0503 571 587 843 814 13 0.0501 437 595 717 825
taLMuPXDxo4J5EyfHzmoIOfX8f6ByzKq,0 0.0623 253 392 500 639 8 0.0610 255 395 497 638 5 0.0589 247 388 499 637 11 0.0586 248 397 502 638 0 0.0583 125 459 382 715 5 0.0578 245 524 497 775 7 0.0561 255 392 502 640 8 0.0555 298 528 559 774 7 0.0552 251 529 499 779 11 0.0548 292 530 564 771 13 0.0546 256 395 507 642 8 0.0544 61 583 300 819 6 0.0543 251 533 500 778 3 0.0542 253 395 501 642 8 0.0541 126 456 375 714 3 0.0541 387 277 642 526 5 0.0536 124 457 377 710 6 0.0533 253 395 505 638 0 0.0532 134 345 388 578 11 0.0532 382 279 643 518 13 0.0529 253 531 503 782 6 0.0528 388 276 644 524 0 0.0525 384 272 642 523 1 0.0523 249 391 498 638 10 0.0522 250 400 502 636 8 0.0521 386 275 631 523 13 0.0514 131 457 388 717 13 0.0514 389 276 647 524 3 0.0511 247 532 496 784 11 0.0508 124 466 386 709 0 0.0506 250 527 496 784 7 0.0504 133 460 385 709 0 0.0503 248 208 506 453 10 0.0500 125 471 380 711
E0nKIayEEvkPJSGVjhgEmi0oAqgKuS7W,0 0.0609 504 527 752 765 0 0.0607 435 601 689 841 5 0.0597 377 780 623 1008 5 0.0578 501 594 753 834 5 0.0570 454 544 811 734 11 0.0568 453 550 814 731 13 0.0568 403 550 761 742 8 0.0564 394 484 748 666 7 0.0563 404 551 759 739 6 0.0562 509 524 754 763 10 0.0561 503 527 750 765 3 0.0559 506 528 753 769 11 0.0557 397 610 757 795 8 0.0556 573 392 807 642 13 0.0555 507 600 766 836 7 0.0552 384 785 628 1017 8 0.0547 387 780 615 1012 11 0.0547 570 392 817 638 11 0.0544 334 481 704 654 13 0.0543 389 786 628 1018 6 0.0541 582 393 820 640 6 0.0537 398 485 763 663 0 0.0536 378 732 633 963 13 0.0535 376 460 633 701 0 0.0533 392 486 756 665 5 0.0532 376 668 635 905 9 0.0527 501 527 752 760 10 0.0523 435 603 685 835 11 0.0523 379 675 642 904 5 0.0523 386 482 755 664 8 0.0523 501 597 750 836 7 0.0520 399 415 769 601 2 0.0520 435 603 690 835 5 0.0520 569 391 817 639 8 0.0520 384 670 629 907 2 0.0517 507 528 753 764 11 0.0516 379 786 623 1010 3 0.0516 387 783 626 1014 3 0.0513 434 603 689 841 0 0.0513 577 394 818 644 11 0.0513 394 416 770 598 10 0.0508 573 398 814 635 6 0.0506 438 602 692 838 10 0.0505 381 782 623 1012 0 0.0502 298 789 559 1023 7 0.0502 387 674 643 906 3 0.0501 385 674 642 911
3zOzNEMbKq46MKNqdsROKm7dyc0iqHuq,8 0.0594 475 349 831 534 5 0.0563 568 260 818 503 11 0.0558 569 325 826 557 13 0.0558 575 325 825 562 11 0.0550 350 345 730 518 8 0.0545 384 0 641 192 6 0.0541 641 275 903 514 3 0.0535 575 323 823 568 11 0.0526 377 2 652 191 6 0.0523 581 390 826 623 0 0.0521 575 264 817 506 5 0.0518 565 385 819 622 6 0.0517 386 0 651 193 10 0.0517 573 271 820 500 7 0.0512 365 343 730 522 7 0.0508 578 264 823 502 7 0.0505 518 382 766 617 0 0.0504 468 560 840 733 0 0.0502 571 390 821 625 2 0.0500 572 328 826 560
v643MzNUteQvbCL8OdZ9TSzUNK2buNz6,8 0.0635 453 389 693 631 8 0.0629 381 457 622 698 11 0.0628 450 392 699 627 7 0.0621 450 333 705 578 0 0.0619 376 387 636 629 11 0.0611 377 456 628 694 6 0.0594 380 388 639 629 3 0.0591 455 392 699 631 11 0.0590 383 326 641 564 5 0.0586 372 386 634 627 8 0.0585 387 325 635 572 5 0.0581 168 270 433 506 8 0.0570 177 275 428 509 11 0.0558 383 596 640 837 13 0.0552 380 388 642 633 8 0.0545 311 535 560 761 3 0.0544 387 327 643 573 5 0.0539 377 519 628 766 8 0.0537 228 411 487 638 6 0.0536 330 654 590 894 6 0.0534 513 281 775 512 3 0.0532 389 523 630 774 6 0.0532 183 276 438 508 6 0.0530 305 463 564 694 7 0.0530 305 460 562 697 2 0.0529 387 333 640 569 11 0.0528 223 408 492 639 5 0.0526 227 404 491 639 7 0.0524 515 276 775 510 7 0.0522 178 273 436 506 11 0.0522 172 275 435 505 0 0.0520 122 209 382 458 13 0.0519 386 527 636 772 3 0.0519 178 281 432 515 11 0.0518 307 534 573 762 13 0.0517 239 795 505 1020 7 0.0516 385 525 629 767 5 0.0516 298 457 556 696 7 0.0513 257 659 510 884 1 0.0512 375 383 632 630 0 0.0512 512 283 768 513 12 0.0511 381 389 638 632 9 0.0510 440 338 703 573 6 0.0509 233 409 496 642 7 0.0508 442 220 696 455 0 0.0508 184 132 436 369 13 0.0506 181 276 437 511 5 0.0506 385 653 643 880 0 0.0504 382 521 629 769 10 0.0504 177 280 429 507 2 0.0504 178 280 430 509 11 0.0503 237 733 501 953 2 0.0503 452 394 699 631 3 0.0501 304 465 561 700
NmHY7RQ6bTM9LPnuqXzRQw2AsPxDcoZN,5 0.0585 254 402 501 641 7 0.0576 129 406 368 645 3 0.0574 258 338 500 576 8 0.0570 494 24 753 246 11 0.0567 253 338 502 569 13 0.0566 248 471 502 716 5 0.0564 120 400 366 639 11 0.0563 584 408 835 649 13 0.0561 195 394 445 636 3 0.0555 193 399 437 635 11 0.0555 386 555 768 734 13 0.0554 494 21 767 242 7 0.0551 185 330 443 567 11 0.0547 184 400 442 628 11 0.0546 624 526 878 766 8 0.0541 584 407 830 652 0 0.0538 256 338 499 571 3 0.0528 247 473 497 718 6 0.0527 135 407 373 646 0 0.0526 588 414 837 652 7 0.0526 258 403 504 648 10 0.0525 191 403 435 628 0 0.0525 189 399 436 630 8 0.0521 189 396 428 634 6 0.0517 263 404 507 644 5 0.0515 485 25 754 239 6 0.0514 590 409 839 653 5 0.0507 180 332 437 563 11 0.0507 438 17 707 240 8 0.0505 628 523 874 766 10 0.0504 497 32 760 244 5 0.0502 625 475 881 708 8 0.0501 576 87 807 312
SllOFNi0nyyWkN0HNknKmlveHEj7l17S,0 0.0572 525 328 776 561 8 0.0565 527 327 772 558 7 0.0547 523 406 774 629 11 0.0544 525 331 776 555 3 0.0540 522 409 773 643 0 0.0540 508 203 764 417 5 0.0537 507 195 759 418 5 0.0535 515 400 768 630 5 0.0522 239 131 489 366 6 0.0521 246 138 501 369 11 0.0519 174 143 434 383 0 0.0516 176 143 430 388 2 0.0513 526 337 779 556 13 0.0511 523 405 776 632 6 0.0501 521 406 774 635
n5tLS5N80gSduKymX4KQVrkQI2xv9J91,6 0.0589 185 806 443 1023 5 0.0575 236 807 489 1019 11 0.0573 368 285 632 510 13 0.0572 375 356 637 586 10 0.0572 374 213 636 443 0 0.0569 374 211 633 446 5 0.0568 423 3 690 238 0 0.0566 439 276 688 506 11 0.0566 429 139 695 375 8 0.0564 320 201 561 442 6 0.0562 374 286 632 513 8 0.0561 430 7 683 238 8 0.0559 432 396 688 640 5 0.0557 504 263 743 496 13 0.0556 315 279 566 513 11 0.0555 302 353 560 573 5 0.0551 306 145 569 389 5 0.0549 300 344 555 569 10 0.0547 308 283 560 509 7 0.0546 430 7 696 240 8 0.0546 438 275 683 504 3 0.0546 442 336 689 570 8 0.0545 185 804 430 1023 0 0.0543 310 278 559 513 0 0.0542 464 417 820 603 6 0.0542 440 213 695 433 6 0.0541 473 414 828 601 0 0.0540 435 139 698 377 11 0.0539 240 812 495 1020 6 0.0538 513 272 753 498 3 0.0536 379 211 631 450 13 0.0535 441 211 699 436 5 0.0535 429 134 690 372 6 0.0534 376 149 638 381 7 0.0533 439 209 694 439 13 0.0532 469 419 831 603 5 0.0528 432 328 685 565 11 0.0528 425 8 692 236 7 0.0528 374 281 633 513 3 0.0526 313 277 556 515 8 0.0525 377 147 629 382 10 0.0525 435 279 687 502 11 0.0525 314 204 568 442 11 0.0524 504 272 750 495 10 0.0523 240 354 499 574 13 0.0523 366 482 726 668 10 0.0519 366 360 630 584 10 0.0518 437 143 696 375 5 0.0515 455 414 812 600 13 0.0514 184 810 446 1023 7 0.0514 181 804 443 1023 11 0.0513 361 428 633 655 0 0.0513 367 86 625 312 0 0.0513 371 356 630 586 0 0.0512 428 10 694 240 0 0.0511 239 810 501 1023 7 0.0511 433 394 702 646 7 0.0510 498 63 744 315 11 0.0507 458 421 821 598 6 0.0505 250 348 504 575 7 0.0505 512 266 751 500 7 0.0505 201 186 456 437 13 0.0503 247 421 513 652 7 0.0502 321 199 571 444 8 0.0502 238 269 489 508 5 0.0501 231 415 500 644
azQABAVhfxCExoBQduPlEgoGMlJrdzIf,11 0.0551 454 402 708 629 5 0.0524 451 395 708 635 8 0.0521 458 401 703 637 7 0.0515 464 402 713 636 11 0.0511 504 808 739 1022 0 0.0510 456 400 711 640 3 0.0505 464 401 708 643 11 0.0505 628 5 890 234 6 0.0504 463 401 716 638
FKsrjJLltsKZSXSYexdTIfyf4t18jb6i,8 0.0677 122 786 369 1022 5 0.0651 117 787 368 1021 7 0.0637 121 787 376 1023 11 0.0605 119 788 372 1019 0 0.0601 762 11 1016 259 0 0.0593 120 789 373 1023 6 0.0581 121 793 373 1023 5 0.0577 761 6 1016 253 8 0.0574 766 7 1012 252 10 0.0571 118 792 371 1022 3 0.0547 124 788 372 1023 11 0.0543 760 10 1019 250 13 0.0537 121 791 379 1023 2 0.0528 120 792 372 1023 6 0.0523 768 9 1023 253 13 0.0512 767 6 1022 257 9 0.0509 118 790 375 1022
mfwbb3bK0Betf18CNSYatm9pcXgUp6Yi,8 0.0594 0 127 237 377 0 0.0563 0 129 244 376 11 0.0559 0 133 242 376 13 0.0540 4 132 248 378 5 0.0539 0 127 238 378 7 0.0534 33 868 396 1023 11 0.0526 22 868 395 1022 5 0.0521 767 277 1018 525 8 0.0516 24 867 381 1023 6 0.0512 5 130 244 373 10 0.0504 0 134 241 372 6 0.0502 774 282 1023 524 11 0.0501 766 288 1023 526
OANbJhOE1oRUdhsp0zl9TIDB5MgP8GBV,8 0.0656 130 528 372 767 5 0.0653 180 593 433 828 8 0.0650 184 592 434 830 0 0.0649 188 533 441 775 11 0.0647 181 596 437 829 7 0.0636 187 535 444 774 0 0.0624 241 467 495 699 11 0.0618 244 534 508 765 6 0.0615 183 597 439 830 6 0.0614 131 535 380 768 0 0.0610 304 528 565 768 5 0.0608 127 528 373 767 8 0.0605 304 528 559 767 7 0.0602 305 525 569 767 0 0.0599 311 404 563 637 11 0.0594 311 402 562 634 8 0.0588 313 403 557 632 7 0.0585 243 466 501 698 8 0.0585 243 465 489 697 11 0.0577 128 530 377 767 5 0.0574 245 531 503 764 13 0.0566 186 595 443 833 10 0.0563 180 597 439 829 6 0.0562 247 534 510 766 11 0.0562 191 469 446 704 3 0.0556 186 596 438 834 3 0.0545 130 532 377 772 3 0.0543 304 532 564 774 10 0.0535 242 536 509 766 3 0.0531 316 404 566 643 5 0.0531 188 464 443 704 7 0.0530 314 400 567 633 2 0.0527 311 410 565 634 9 0.0526 128 530 375 765 13 0.0526 306 529 570 769 5 0.0525 310 398 562 633 8 0.0524 190 406 424 635 3 0.0521 242 472 497 706 2 0.0517 302 533 567 769 2 0.0516 184 599 439 830 1 0.0515 180 590 437 831 9 0.0506 181 594 436 827 12 0.0503 185 594 438 830
e2GoJNnTzMKWcHZ573Zz17ClRYSYUBj2,5 0.0643 292 271 562 512 8 0.0627 305 476 554 708 5 0.0621 240 345 503 576 8 0.0617 250 346 503 578 11 0.0613 434 457 705 693 13 0.0611 245 405 507 639 13 0.0599 302 476 570 711 6 0.0595 302 345 564 580 5 0.0594 289 528 554 772 0 0.0594 245 274 504 513 6 0.0589 305 479 564 706 8 0.0589 302 593 554 844 8 0.0587 369 417 619 648 11 0.0583 241 404 504 635 11 0.0582 243 278 509 509 13 0.0581 250 278 512 512 11 0.0580 297 596 558 842 8 0.0578 236 528 490 773 3 0.0578 302 346 559 584 5 0.0577 169 395 434 631 6 0.0577 247 275 510 509 3 0.0576 370 420 626 652 8 0.0576 302 273 559 516 10 0.0575 246 352 510 578 5 0.0573 361 468 623 711 8 0.0572 367 527 618 771 8 0.0571 174 395 430 635 0 0.0571 243 400 503 638 13 0.0566 371 421 630 652 5 0.0564 359 574 625 837 7 0.0558 300 406 564 642 11 0.0556 423 582 698 829 10 0.0556 174 403 438 630 0 0.0555 429 577 698 830 5 0.0555 181 138 432 394 3 0.0553 246 279 504 516 3 0.0551 366 526 626 775 7 0.0550 446 451 708 693 11 0.0550 300 481 560 708 13 0.0549 301 591 569 844 5 0.0548 223 581 484 842 11 0.0546 234 533 496 773 0 0.0546 368 415 623 650 11 0.0543 246 150 501 374 8 0.0542 253 217 494 441 6 0.0540 367 584 630 837 13 0.0539 429 577 704 831 6 0.0536 368 419 627 648 7 0.0534 232 586 491 847 7 0.0533 433 576 703 834 7 0.0531 299 533 560 776 2 0.0528 250 352 506 579 7 0.0527 301 272 567 517 7 0.0524 115 336 378 581 0 0.0524 305 472 561 709 10 0.0523 299 279 567 516 6 0.0523 240 532 501 771 0 0.0521 249 152 496 382 11 0.0517 110 343 379 577 3 0.0516 433 579 700 835 10 0.0513 249 473 504 708 8 0.0510 298 706 554 965 6 0.0509 495 521 771 767 0 0.0509 238 524 497 775 0 0.0508 111 340 375 584 13 0.0506 118 342 383 583 9 0.0506 298 480 565 703 2 0.0506 177 400 437 633 8 0.0505 203 11 429 264 10 0.0504 425 577 701 827 0 0.0501 195 18 441 275 7 0.0500 255 216 506 440 11 0.0500 120 460 384 702
3RaU6el1FcovBc3HOrCj5msnW8tDr75e,11 0.0617 426 403 682 637 11 0.0614 569 414 815 647 7 0.0612 435 401 681 642 5 0.0607 240 318 503 555 3 0.0582 315 391 570 634 8 0.0579 430 405 675 642 6 0.0576 314 389 576 629 7 0.0573 319 387 574 631 8 0.0568 248 327 495 560 8 0.0567 315 391 568 629 5 0.0567 308 384 571 626 6 0.0566 433 404 683 640 7 0.0565 252 321 506 560 3 0.0562 243 328 502 563 0 0.0560 430 403 678 641 13 0.0558 261 387 517 632 13 0.0557 377 403 635 636 2 0.0556 432 408 681 638 0 0.0555 313 384 573 630 0 0.0549 576 418 813 653 8 0.0543 197 386 437 637 6 0.0542 251 328 507 560 11 0.0537 245 327 505 556 0 0.0536 247 321 507 559 6 0.0536 579 415 816 647 0 0.0536 576 550 811 783 8 0.0535 574 412 808 651 11 0.0528 555 661 813 901 10 0.0525 429 409 679 639 8 0.0524 349 541 690 721 3 0.0523 579 414 809 656 5 0.0522 426 397 674 638 11 0.0521 570 546 818 775 10 0.0520 313 394 572 627 3 0.0519 433 404 680 646 11 0.0517 624 340 883 562 9 0.0516 426 404 677 636 7 0.0515 354 538 706 724 13 0.0514 578 418 821 650 7 0.0511 199 384 449 639 12 0.0510 379 397 633 637 2 0.0507 251 329 502 558 6 0.0506 581 549 815 780 11 0.0501 193 391 448 639
8GWRVIEYYd6WNDNQkcSzT27LtH2oDyMA,8 0.0550 349 358 684 545 5 0.0549 291 319 573 567 7 0.0548 371 286 714 474 11 0.0541 359 290 708 471 0 0.0529 347 357 700 547 3 0.0513 282 287 639 476 6 0.0504 289 283 646 473
OJVsMz98Aar87YEPp2CRiD3jJEKmsNwO,8 0.0619 375 465 637 701 0 0.0607 449 289 709 529 8 0.0599 516 478 752 706 0 0.0597 513 482 753 708 11 0.0592 383 398 636 629 7 0.0592 382 462 647 699 5 0.0584 376 456 642 696 8 0.0583 452 285 707 525 6 0.0558 389 399 640 635 3 0.0548 390 398 633 637 11 0.0548 376 530 644 766 6 0.0547 454 288 714 528 0 0.0547 243 0 502 222 11 0.0546 190 3 449 209 13 0.0543 382 463 649 700 0 0.0541 376 463 644 702 10 0.0541 383 401 632 633 5 0.0540 443 286 707 523 7 0.0536 455 287 714 525 11 0.0534 511 481 760 705 3 0.0533 523 478 757 711 5 0.0531 183 0 440 205 3 0.0530 455 290 709 532 2 0.0527 454 293 712 525 6 0.0526 384 533 645 768 5 0.0524 315 402 571 638 11 0.0524 452 291 712 527 10 0.0523 448 291 711 524 13 0.0518 451 287 718 530 7 0.0516 332 585 581 834 6 0.0510 517 481 761 709 7 0.0508 396 649 640 902 8 0.0503 312 537 565 772
UIkOBtMhZebaQFVKXbj5zpc5jJ8k4qHe,8 0.0585 427 340 687 576 3 0.0551 494 287 760 527 8 0.0538 489 283 752 516 6 0.0535 428 345 697 580 5 0.0523 486 281 755 517 7 0.0519 427 342 697 582 11 0.0508 366 280 645 498 11 0.0506 422 345 694 578 3 0.0504 370 280 644 508 0 0.0500 491 288 760 519
BqhX3TbzxoJt1FAlRlv0AmcRXkeT9siF,8 0.0627 183 727 425 957 11 0.0570 176 731 430 956 0 0.0567 182 726 433 961 5 0.0535 176 728 428 952 7 0.0530 182 666 442 892 8 0.0520 102 789 354 1015 10 0.0519 171 673 439 891 6 0.0514 117 729 372 956 13 0.0503 106 790 374 1021
HHEkj7ybaLvAHLXePtRlrzBleRgvrxM1,8 0.0616 317 26 569 269 7 0.0613 441 591 692 828 11 0.0611 313 27 575 267 8 0.0608 506 588 752 821 11 0.0603 507 590 755 820 3 0.0597 319 26 576 271 0 0.0593 266 218 527 463 5 0.0591 313 21 569 267 0 0.0589 439 595 684 830 0 0.0589 308 90 576 343 11 0.0575 259 222 534 453 13 0.0572 258 87 517 331 6 0.0572 439 595 687 830 13 0.0572 319 25 580 268 11 0.0569 184 798 432 1018 7 0.0569 255 793 496 1020 6 0.0569 318 26 577 268 7 0.0564 388 523 638 760 11 0.0564 314 341 570 571 8 0.0563 254 794 481 1018 3 0.0561 510 587 753 827 7 0.0561 315 718 561 957 5 0.0559 251 81 506 328 5 0.0558 434 591 682 825 6 0.0557 392 475 636 701 5 0.0556 348 149 636 369 6 0.0556 315 161 584 386 8 0.0556 256 88 506 331 11 0.0555 319 464 570 697 10 0.0550 435 601 686 830 8 0.0548 312 157 571 386 6 0.0547 257 86 514 332 7 0.0544 311 88 579 342 8 0.0543 128 796 364 1023 8 0.0543 316 652 554 890 11 0.0543 238 723 484 954 0 0.0542 183 792 431 1019 11 0.0542 383 530 632 758 3 0.0538 259 86 512 335 5 0.0535 378 520 632 759 5 0.0533 314 453 567 697 7 0.0533 393 335 635 572 7 0.0532 311 278 582 505 11 0.0532 126 739 368 969 0 0.0529 393 410 622 640 7 0.0527 323 459 573 696 0 0.0526 385 529 634 763 11 0.0525 308 591 567 830 6 0.0525 322 405 574 644 11 0.0524 379 651 621 887 6 0.0523 313 280 582 511 1 0.0523 309 22 575 267 10 0.0523 313 99 581 339 12 0.0520 441 592 687 830 9 0.0519 434 597 684 823 11 0.0519 379 784 618 1013 13 0.0519 442 593 694 830 2 0.0517 510 593 756 819 13 0.0515 314 161 586 386 5 0.0511 254 214 524 447 5 0.0509 245 395 511 635 8 0.0508 381 596 623 833 0 0.0507 321 465 571 703 8 0.0507 311 279 565 506 7 0.0506 384 779 625 1012 5 0.0506 235 712 478 950 8 0.0504 450 775 675 1004 11 0.0504 391 410 625 633 3 0.0504 388 650 620 895 7 0.0502 133 796 376 1023 2 0.0501 186 799 434 1018
SVlGpoXbyeipDBbitYwnUJdk13FpYxR6,5 0.0624 519 348 762 587 8 0.0592 520 351 760 585 0 0.0589 519 350 767 589 0 0.0583 573 277 822 524 3 0.0576 523 354 766 594 6 0.0572 420 422 780 597 7 0.0567 515 414 761 655 11 0.0564 630 414 905 635 13 0.0559 422 424 780 597 5 0.0556 628 469 885 703 11 0.0556 413 424 778 596 5 0.0554 502 467 749 712 5 0.0553 572 274 816 523 11 0.0550 578 348 837 574 8 0.0545 506 472 749 709 8 0.0543 634 468 883 707 13 0.0542 302 158 577 387 6 0.0537 287 470 640 659 13 0.0537 586 345 843 582 0 0.0536 623 410 902 646 8 0.0533 241 83 495 317 11 0.0529 277 470 639 656 11 0.0528 503 477 755 708 2 0.0526 513 420 761 652 10 0.0525 274 474 644 658 7 0.0523 582 343 838 582 8 0.0522 340 478 696 663 11 0.0520 299 158 564 380 6 0.0518 315 92 577 321 5 0.0516 291 266 567 497 8 0.0514 301 272 566 497 8 0.0513 578 271 814 521 0 0.0513 502 477 754 715 10 0.0511 415 424 779 601 0 0.0510 316 90 571 325 13 0.0508 302 270 588 496 5 0.0507 305 85 566 320 3 0.0506 641 345 902 585 13 0.0506 240 86 514 321 3 0.0505 420 486 780 667 0 0.0503 297 273 571 500 3 0.0502 311 89 572 331 8 0.0502 305 161 561 383
L8hY4KyZEu3xJuS43GH70rwEhUXAY7RT,11 0.0625 507 400 771 629 11 0.0579 249 392 521 642 0 0.0575 383 389 643 631 11 0.0575 324 265 589 509 11 0.0570 381 393 646 626 0 0.0567 110 290 379 526 0 0.0567 511 400 770 633 8 0.0563 391 457 641 699 7 0.0561 517 399 773 632 8 0.0560 514 399 763 634 11 0.0560 379 527 643 768 6 0.0552 385 527 648 769 13 0.0552 517 400 775 634 13 0.0551 389 527 647 773 10 0.0548 512 401 772 631 0 0.0547 255 390 517 644 5 0.0545 178 386 441 653 0 0.0545 331 455 585 706 6 0.0545 387 388 646 628 5 0.0544 508 394 766 630 0 0.0540 386 528 643 775 8 0.0538 178 389 433 655 10 0.0530 391 462 648 698 5 0.0529 380 384 640 628 13 0.0529 325 390 593 643 7 0.0528 387 527 649 776 6 0.0528 516 400 771 632 11 0.0526 111 391 368 645 6 0.0525 333 458 587 703 3 0.0524 184 393 438 662 7 0.0523 270 332 527 591 6 0.0523 257 390 522 643 5 0.0519 377 521 637 769 7 0.0519 311 598 575 836 11 0.0516 400 198 641 436 8 0.0514 324 391 580 636 7 0.0513 184 385 446 655 11 0.0513 309 599 571 830 5 0.0512 260 331 523 588 2 0.0511 181 396 442 658 7 0.0510 330 456 588 709 10 0.0507 252 398 516 639 13 0.0502 315 599 580 837 6 0.0502 119 388 374 649 3 0.0501 515 401 770 636
owNmlykS8T01SuaF062XfR0VpzxC5qia,11 0.0646 570 463 825 698 11 0.0639 502 390 758 635 8 0.0638 427 454 689 698 0 0.0635 502 389 755 638 7 0.0633 573 460 822 701 0 0.0631 631 465 897 708 6 0.0626 573 462 825 699 13 0.0626 245 333 494 568 11 0.0625 698 529 954 766 11 0.0625 425 455 694 699 5 0.0624 496 452 756 695 7 0.0624 505 388 759 638 13 0.0619 302 457 580 700 3 0.0613 505 390 756 642 7 0.0612 432 454 694 702 11 0.0611 293 459 573 700 10 0.0611 567 465 821 700 11 0.0608 561 338 818 565 5 0.0608 370 319 632 571 8 0.0607 298 456 570 701 5 0.0605 629 464 892 706 0 0.0604 373 393 635 644 11 0.0604 501 516 762 764 8 0.0602 239 332 479 568 3 0.0600 445 319 698 572 8 0.0599 441 319 695 566 3 0.0598 572 464 821 703 5 0.0598 235 327 484 563 7 0.0598 507 516 760 766 6 0.0597 428 454 696 698 7 0.0595 445 318 702 568 11 0.0594 438 322 700 565 8 0.0594 632 464 890 706 5 0.0593 496 321 751 563 8 0.0592 502 515 755 768 3 0.0591 430 456 692 704 8 0.0589 697 526 947 768 5 0.0586 560 391 820 632 8 0.0581 502 389 751 635 7 0.0580 648 608 1010 781 13 0.0580 573 462 827 700 11 0.0575 238 335 490 567 6 0.0572 508 516 764 762 3 0.0571 508 515 757 772 5 0.0571 645 605 1005 782 0 0.0569 640 609 1009 784 0 0.0569 440 321 700 567 5 0.0567 358 447 640 703 13 0.0567 383 322 640 575 2 0.0566 502 460 756 696 10 0.0566 499 393 758 636 6 0.0566 504 388 757 637 3 0.0566 567 335 813 574 0 0.0564 240 331 488 570 10 0.0563 239 338 490 566 6 0.0563 242 332 491 567 13 0.0561 653 609 1023 782 13 0.0560 431 456 697 699 10 0.0559 504 520 761 765 7 0.0559 241 331 492 568 0 0.0555 504 516 760 769 6 0.0553 298 457 582 700 13 0.0553 510 516 761 762 9 0.0551 498 457 758 693 10 0.0551 373 397 637 643 13 0.0550 507 391 762 638 12 0.0550 573 461 822 700 3 0.0544 241 337 487 576 6 0.0544 707 524 956 766 6 0.0542 567 335 816 569 10 0.0539 440 320 701 568 7 0.0538 299 455 580 703 1 0.0538 422 451 692 699 6 0.0538 452 268 694 518 3 0.0537 298 457 575 706 1 0.0533 564 460 819 699
1yhG9f0I5VWP6dJ2SEPBHjyPVM22zFrZ,13 0.0548 768 78 1023 319 5 0.0520 763 74 1019 315 8 0.0517 765 79 1011 318 11 0.0514 761 12 1009 249 8 0.0511 378 227 631 453
ESxvKtr19jMaedo2jmWHBzFZcx9a6wBO,8 0.0616 379 329 626 553 7 0.0599 379 328 636 553 3 0.0587 380 329 630 557 11 0.0585 372 330 635 551 8 0.0582 181 790 436 1023 0 0.0579 436 337 698 560 11 0.0569 177 792 436 1023 13 0.0565 189 794 447 1023 11 0.0563 493 340 753 562 5 0.0556 173 789 437 1016 8 0.0555 252 665 505 894 5 0.0553 372 325 632 552 13 0.0549 445 343 703 558 7 0.0547 388 449 640 693 11 0.0543 380 455 634 691 7 0.0541 501 337 757 563 0 0.0540 376 390 626 624 0 0.0539 248 666 515 902 11 0.0538 251 667 511 893 7 0.0527 254 668 518 898 8 0.0526 384 452 625 691 6 0.0522 441 340 704 555 8 0.0521 497 333 747 565 7 0.0521 183 790 444 1023 11 0.0520 243 342 513 582 5 0.0514 495 332 748 563 13 0.0512 258 668 521 897 0 0.0510 176 791 442 1023 13 0.0509 385 396 633 625
CCqAXcZk9PaPlEz7pnQFTf07dLn1BN3y,0 0.0626 455 534 702 781 7 0.0621 374 774 632 1009 11 0.0610 451 534 702 776 11 0.0609 375 721 649 958 5 0.0601 374 460 632 704 6 0.0592 454 533 707 780 5 0.0587 365 771 627 1004 3 0.0587 375 772 633 1014 11 0.0586 378 462 638 707 3 0.0585 393 658 651 894 0 0.0581 381 462 640 711 0 0.0581 390 653 648 892 7 0.0576 393 659 649 892 6 0.0575 385 719 651 958 0 0.0573 445 734 704 965 7 0.0565 385 462 640 710 5 0.0564 449 531 696 776 11 0.0560 306 774 565 1006 5 0.0559 384 656 646 889 13 0.0559 387 466 644 708 13 0.0558 376 778 634 1008 6 0.0553 514 468 771 719 10 0.0553 304 773 569 1007 13 0.0553 460 536 706 779 0 0.0552 0 735 246 968 10 0.0547 387 661 648 889 5 0.0546 503 463 760 716 6 0.0545 383 461 648 708 8 0.0543 390 657 644 892 8 0.0541 383 461 631 708 8 0.0541 372 772 626 1008 7 0.0539 457 533 703 783 6 0.0538 311 770 571 1005 3 0.0536 455 533 702 784 8 0.0533 455 534 693 779 13 0.0532 393 661 652 892 7 0.0530 513 466 767 722 11 0.0529 506 469 767 715 2 0.0529 452 541 705 778 0 0.0528 301 718 570 959 0 0.0527 392 348 650 588 5 0.0527 511 331 769 566 5 0.0521 199 0 585 140 5 0.0517 388 343 645 583 10 0.0515 378 465 635 707 11 0.0515 391 347 651 581 10 0.0508 442 737 703 961 13 0.0508 514 472 774 721 12 0.0507 391 657 653 892 2 0.0507 445 736 709 966 6 0.0506 329 340 593 574 2 0.0505 383 468 640 710 12 0.0503 373 770 632 1011 3 0.0503 391 403 644 653 10 0.0501 450 537 700 777
XBPrTn1yQaHok2oRpuRAlxlVqoUvajEh,7 0.0574 189 198 444 436 0 0.0562 187 198 441 446 13 0.0551 387 4 642 247 11 0.0549 377 10 633 246 0 0.0547 308 79 565 300 11 0.0545 306 83 568 298 7 0.0541 379 792 642 1023 5 0.0540 247 133 516 361 11 0.0536 306 802 560 1018 3 0.0533 386 8 631 253 11 0.0532 293 655 565 891 8 0.0531 382 8 627 246 5 0.0531 370 790 631 1020 8 0.0530 312 81 559 299 13 0.0527 259 135 524 372 5 0.0519 175 193 442 438 7 0.0513 261 133 520 366 7 0.0509 386 8 637 247
13yB4gUYiQh4DPXML6ErR0Octysv64ia,11 0.0640 247 605 514 839 0 0.0573 309 547 577 796 0 0.0563 563 226 825 466 0 0.0558 638 296 887 531 11 0.0549 636 290 885 535 7 0.0548 569 219 828 466 8 0.0542 570 222 812 462 8 0.0541 190 595 434 836 3 0.0530 570 227 819 473 8 0.0526 255 535 501 778 6 0.0525 253 531 514 776 5 0.0524 179 589 432 834 13 0.0522 650 294 894 534 10 0.0518 252 539 508 776 5 0.0518 631 290 883 523 3 0.0515 642 295 885 540 5 0.0508 561 215 822 462 5 0.0508 246 529 506 775 8 0.0506 641 288 873 529 7 0.0504 251 602 513 847 11 0.0503 565 228 823 460 3 0.0501 254 535 510 782
vPJQVu5t5UTyndhhNkZsrH89Ealif72a,5 0.0570 495 537 739 770 8 0.0569 504 542 740 774 7 0.0567 505 543 750 775 11 0.0549 571 479 819 696 11 0.0548 252 280 510 508 0 0.0529 553 540 810 781 6 0.0525 500 542 751 773 0 0.0524 255 278 505 513 11 0.0515 497 546 750 772 11 0.0514 0 483 381 651 7 0.0505 257 275 511 512 8 0.0505 576 475 804 699 5 0.0502 249 273 504 506 2 0.0502 502 548 748 776 7 0.0502 440 802 705 1023
231oGC1vEtx6JpdjRZfD4ZojftMY8gzH,0 0.0628 268 81 512 315 11 0.0628 182 0 437 195 0 0.0614 186 16 439 259 6 0.0610 186 1 443 194 6 0.0596 264 21 520 253 5 0.0595 189 200 438 452 0 0.0593 510 464 779 701 0 0.0583 199 142 454 394 5 0.0582 177 0 431 194 8 0.0581 181 0 434 196 8 0.0577 190 70 440 314 11 0.0569 514 465 777 699 13 0.0568 260 22 519 253 3 0.0568 265 389 510 646 5 0.0566 184 68 442 310 11 0.0565 186 74 448 311 7 0.0565 261 269 514 507 5 0.0560 179 329 438 576 5 0.0559 254 267 507 503 11 0.0558 575 532 848 762 0 0.0557 183 336 443 583 8 0.0555 263 206 504 437 2 0.0554 183 4 439 195 11 0.0554 254 388 512 637 3 0.0550 185 0 442 199 6 0.0550 189 334 450 578 5 0.0549 330 132 590 359 8 0.0544 517 461 771 701 3 0.0543 188 337 440 587 6 0.0541 193 69 453 314 11 0.0540 180 340 442 576 7 0.0539 262 383 515 642 8 0.0539 329 267 569 501 6 0.0538 342 70 587 301 8 0.0537 185 333 434 580 8 0.0536 580 526 836 767 8 0.0535 339 137 584 357 7 0.0534 274 82 518 314 8 0.0533 267 389 503 639 11 0.0530 191 207 446 453 13 0.0528 518 463 787 700 7 0.0528 183 331 444 581 13 0.0527 327 267 586 503 7 0.0527 191 14 443 254 7 0.0526 517 459 781 699 8 0.0523 115 213 373 453 7 0.0523 200 199 447 456 13 0.0522 276 144 532 373 7 0.0519 579 529 849 765 0 0.0519 565 605 849 827 3 0.0518 195 73 449 319 0 0.0516 339 139 589 362 0 0.0514 261 387 512 644 6 0.0513 519 464 781 701 10 0.0513 260 284 511 505 11 0.0512 271 144 527 371 10 0.0512 182 4 439 191 11 0.0509 256 277 510 503 13 0.0508 201 208 449 461 6 0.0507 335 209 594 431 13 0.0505 581 529 853 764 0 0.0502 121 221 383 459
fIHLl4Cyt5gOZ1oEtuhzHO1j3DP6OZ8l,11 0.0609 317 519 577 760 11 0.0578 249 794 497 1013 0 0.0576 323 659 572 906 11 0.0574 315 661 577 900 11 0.0568 256 597 514 834 8 0.0565 322 516 572 762 6 0.0555 326 658 576 899 0 0.0554 240 393 490 640 11 0.0552 188 734 437 953 7 0.0551 253 791 495 1019 8 0.0550 325 659 571 900 11 0.0549 240 400 490 633 3 0.0548 255 791 493 1021 3 0.0548 191 731 437 962 7 0.0547 245 395 491 635 7 0.0538 320 515 578 763 0 0.0534 317 517 577 765 7 0.0532 324 656 576 902 6 0.0525 323 518 582 762 7 0.0524 195 656 444 898 11 0.0524 123 667 387 884 0 0.0523 251 789 494 1018 10 0.0521 323 663 577 899 8 0.0520 263 597 510 837 0 0.0519 260 593 514 840 6 0.0519 263 595 518 835 3 0.0516 256 663 504 908 5 0.0515 318 653 571 898 8 0.0515 194 660 439 896 5 0.0513 187 653 441 892 0 0.0512 192 655 443 899 0 0.0512 116 727 372 957 3 0.0509 327 520 579 767 11 0.0507 768 397 1023 638 8 0.0507 239 391 485 633 11 0.0505 186 527 437 770 13 0.0505 256 665 512 902 2 0.0505 323 522 581 766 5 0.0502 317 512 573 760
gw8JW3oDvrWFFSFATYVLJtRl5sUR4AmS,0 0.0637 247 401 501 642 11 0.0624 525 348 774 581 13 0.0616 255 527 517 770 5 0.0616 466 271 708 510 5 0.0614 236 460 499 698 5 0.0610 186 532 431 780 5 0.0609 391 335 633 574 0 0.0607 178 471 430 721 13 0.0603 193 604 449 836 5 0.0602 176 401 428 644 11 0.0600 178 406 433 644 5 0.0599 378 459 629 703 8 0.0594 249 400 493 635 7 0.0593 185 406 436 649 0 0.0593 327 348 564 587 5 0.0588 327 272 571 514 5 0.0587 246 330 502 570 11 0.0587 500 463 756 691 11 0.0583 460 214 707 442 0 0.0583 123 402 385 640 8 0.0582 188 534 430 783 7 0.0580 448 529 701 758 5 0.0579 455 145 696 375 11 0.0579 187 536 439 781 0 0.0578 309 470 566 706 5 0.0578 314 403 563 645 5 0.0577 494 455 752 694 10 0.0576 506 401 758 634 0 0.0575 328 210 576 447 7 0.0571 395 401 630 633 7 0.0571 246 465 509 702 2 0.0568 247 405 502 639 6 0.0568 259 593 518 830 8 0.0568 505 461 745 694 5 0.0568 303 526 569 765 7 0.0567 467 212 706 443 0 0.0566 532 298 781 530 7 0.0566 188 263 449 511 11 0.0566 307 536 574 766 6 0.0566 133 527 396 772 7 0.0565 190 534 442 786 13 0.0562 506 462 764 697 6 0.0561 183 409 438 646 5 0.0558 521 345 772 580 10 0.0558 193 538 435 787 2 0.0557 178 340 438 583 11 0.0555 325 212 580 445 8 0.0554 399 340 628 573 11 0.0554 325 348 567 579 0 0.0553 187 602 441 842 2 0.0553 470 283 716 512 8 0.0552 525 346 769 583 0 0.0552 458 148 699 382 0 0.0551 436 464 692 697 7 0.0549 514 398 764 634 6 0.0549 468 335 721 567 0 0.0549 510 402 760 636 3 0.0548 324 413 568 653 13 0.0548 250 401 509 635 13 0.0547 181 472 434 718 8 0.0547 123 403 372 639 5 0.0547 323 144 575 388 0 0.0545 441 589 688 816 10 0.0544 177 411 433 648 10 0.0542 241 468 506 700 3 0.0541 509 459 755 702 8 0.0541 460 214 696 442 8 0.0541 442 526 685 757 6 0.0539 388 403 634 633 11 0.0539 381 470 631 700 8 0.0539 334 278 569 518 2 0.0538 442 533 697 759 5 0.0538 180 259 440 510 6 0.0535 199 669 449 894 3 0.0534 390 468 632 709 11 0.0534 436 531 699 754 2 0.0534 310 540 571 766 7 0.0532 330 209 582 447 13 0.0532 387 527 643 764 2 0.0531 451 403 704 638 8 0.0531 386 468 621 701 10 0.0530 460 213 704 443 6 0.0527 463 218 707 442 1 0.0527 242 394 502 640
UjaJh8lPVaf6KicZvaBrA0OYQ0vL3LD5,0 0.0644 445 595 694 832 5 0.0639 570 719 812 960 0 0.0631 376 706 627 955 7 0.0607 378 706 630 950 8 0.0602 570 716 812 959 0 0.0594 573 718 817 963 5 0.0594 373 702 625 949 7 0.0589 575 717 820 962 8 0.0583 378 706 623 950 7 0.0582 251 713 499 955 11 0.0581 372 710 625 947 11 0.0579 572 722 816 962 6 0.0574 572 722 817 960 11 0.0567 308 658 550 889 10 0.0562 571 723 818 959 0 0.0560 315 652 553 895 11 0.0559 444 597 693 824 6 0.0559 376 709 631 950 8 0.0550 254 714 493 954 5 0.0545 244 707 494 951 3 0.0541 574 717 817 967 8 0.0537 448 597 688 828 7 0.0537 312 651 556 892 11 0.0535 243 717 497 947 7 0.0531 449 597 699 827 13 0.0530 447 598 699 826 8 0.0529 316 654 544 891 0 0.0527 250 712 499 957 13 0.0527 576 719 825 962 10 0.0522 373 658 622 894 13 0.0519 378 710 635 954 6 0.0517 252 712 504 952 10 0.0517 248 716 497 950 0 0.0515 380 527 641 765 5 0.0513 441 593 693 825 3 0.0512 381 707 629 956 2 0.0507 573 724 817 961 6 0.0504 446 601 697 827 2 0.0503 375 711 627 950
3KCRUxs9sr6dTG6Y2IqkP6DP0PgjVpnV,5 0.0557 633 594 879 825 8 0.0553 567 595 811 839 11 0.0552 633 670 897 899 11 0.0533 564 596 819 838 8 0.0528 425 730 682 966 7 0.0525 436 810 698 1023 5 0.0523 427 806 691 1021 6 0.0513 571 598 824 837 11 0.0508 430 815 691 1022 0 0.0505 567 594 821 840 13 0.0504 572 597 824 840 8 0.0503 637 671 882 904 0 0.0503 638 673 893 903 7 0.0502 636 599 886 831
oayd0IFEvYsYKafl4xKQr2aTw2EzQ0qz,11 0.0602 649 489 1023 666 0 0.0580 647 486 1023 668 8 0.0567 651 485 1010 668 11 0.0551 709 394 954 627 8 0.0550 185 468 420 706 13 0.0549 571 465 827 710 6 0.0549 635 452 881 700 6 0.0538 719 388 952 629 2 0.0538 569 466 817 705 3 0.0533 652 486 1023 670 5 0.0529 637 485 1023 667 8 0.0529 568 465 811 704 8 0.0525 444 70 700 316 11 0.0522 441 75 705 315 7 0.0520 447 70 712 322 13 0.0515 663 485 1023 670 10 0.0500 566 469 819 703 3 0.0500 447 74 709 325
MVPTnneogEY9HeghyRZ79B06zwbCXFb2,8 0.0555 650 223 903 469 8 0.0536 579 146 831 385 11 0.0535 644 226 913 459 11 0.0526 377 70 646 288 11 0.0522 444 6 716 242 8 0.0519 191 131 439 381 8 0.0517 453 8 701 240 0 0.0516 257 135 508 367 11 0.0513 183 135 445 382 11 0.0508 582 145 840 378 0 0.0505 657 560 899 791 0 0.0505 646 225 912 470 11 0.0505 319 137 576 364 5 0.0504 379 599 623 835 3 0.0503 651 223 911 473
EY3ALqpzrL5ZileT3wRArCSx9vWbc1yY,5 0.0551 317 323 568 558 8 0.0525 325 332 559 556
0IpTPiry7nh2q21ejkOAzJ4YAkvFlsKW,11 0.0591 304 525 568 765 11 0.0586 360 612 631 828 0 0.0572 367 611 631 829 8 0.0564 363 613 626 828 11 0.0562 179 465 444 699 0 0.0553 313 525 567 767 11 0.0551 262 413 506 637 0 0.0551 192 776 430 1017 8 0.0551 184 459 438 701 0 0.0547 444 785 697 1018 0 0.0546 250 467 506 705 6 0.0536 254 472 510 704 7 0.0534 453 779 701 1017 11 0.0533 504 603 766 819 7 0.0529 187 462 451 698 7 0.0527 196 774 434 1016 10 0.0526 179 470 445 698 8 0.0521 310 527 559 766 7 0.0520 330 787 571 1014 7 0.0514 369 610 636 830 8 0.0513 325 787 555 1014 3 0.0511 251 468 505 705 3 0.0510 373 614 634 834 11 0.0509 188 780 431 1011 11 0.0509 508 784 750 1014 0 0.0506 319 789 568 1021 5 0.0502 359 607 627 825 7 0.0502 311 522 572 763 11 0.0500 324 788 565 1013
Dn35Sd49DNqzdINYTiwlDUchcUniChpQ,0 0.0615 0 143 246 381 0 0.0608 396 528 644 762 5 0.0579 444 525 699 773 8 0.0579 0 140 239 383 8 0.0577 0 18 237 255 8 0.0571 392 524 635 760 7 0.0569 3 140 246 384 5 0.0558 317 527 567 759 5 0.0557 0 138 243 380 5 0.0556 659 12 931 245 11 0.0551 191 463 456 695 7 0.0544 194 519 468 767 11 0.0544 253 524 520 761 11 0.0544 0 146 245 383 10 0.0540 0 145 242 380 11 0.0537 396 529 641 756 8 0.0533 71 596 322 831 3 0.0532 2 144 243 387 6 0.0529 3 143 247 381 5 0.0525 0 14 239 256 0 0.0525 0 18 241 260 0 0.0523 190 523 460 769 7 0.0522 327 530 579 765 0 0.0519 668 17 941 250 7 0.0515 260 464 527 691 0 0.0515 636 90 889 329 7 0.0512 5 16 243 261 11 0.0512 64 599 333 829 13 0.0510 0 140 254 385 8 0.0508 191 524 455 763 5 0.0507 182 517 456 762 0 0.0505 322 462 583 695 11 0.0502 116 193 381 428 10 0.0502 0 23 236 257 9 0.0501 0 140 245 378
ju12GB62Ix8K7zTJna46NqEZ2wVS4s37,8 0.0670 246 597 498 843 5 0.0656 308 590 566 837 8 0.0635 182 541 434 778 6 0.0633 312 596 571 839 0 0.0631 310 598 569 841 5 0.0629 182 590 436 839 11 0.0625 180 541 442 778 0 0.0621 185 597 441 841 11 0.0614 241 599 505 845 0 0.0607 574 727 830 973 7 0.0606 123 593 383 832 6 0.0604 187 594 444 839 7 0.0598 246 534 506 780 8 0.0594 184 661 432 905 11 0.0590 575 731 828 961 10 0.0579 243 601 506 843 11 0.0576 754 146 1008 377 3 0.0572 185 595 440 843 0 0.0569 125 660 379 904 7 0.0568 313 594 573 839 5 0.0568 190 717 434 965 11 0.0565 181 663 438 906 13 0.0563 130 659 385 906 5 0.0562 123 656 374 900 3 0.0559 131 660 376 908 3 0.0559 311 595 570 846 6 0.0551 128 659 382 903 11 0.0551 57 645 320 876 7 0.0546 186 660 442 911 10 0.0546 125 661 377 903 2 0.0545 313 601 566 838 2 0.0542 186 601 438 841 13 0.0537 313 594 575 840 13 0.0535 187 595 448 841 7 0.0535 582 724 833 969 6 0.0519 196 723 445 970 13 0.0519 746 207 1018 450 9 0.0518 307 595 567 836 8 0.0518 575 725 823 964 0 0.0515 745 214 1013 449 5 0.0514 573 724 821 963 0 0.0509 61 581 323 822 2 0.0506 128 665 376 904
zKtlSyaYiZmtwbOdWVxhQJ4BjNnlJn9b,5 0.0584 178 327 449 557 8 0.0578 250 389 489 621 8 0.0577 247 521 507 763 11 0.0575 246 392 496 618 11 0.0549 369 610 644 852 7 0.0543 375 607 650 856 8 0.0541 316 464 566 697 0 0.0539 377 607 645 861 13 0.0537 181 391 445 629 5 0.0535 107 393 369 633 5 0.0534 173 456 431 691 13 0.0530 178 523 453 765 3 0.0526 187 333 452 569 7 0.0525 204 267 465 495 8 0.0520 184 457 425 697 5 0.0517 370 599 643 855 13 0.0516 255 458 512 706 0 0.0516 248 390 495 625 3 0.0516 378 610 642 864 7 0.0507 251 387 503 622 6 0.0504 376 611 644 857 8 0.0503 303 607 569 841 8 0.0501 111 397 366 639
3KHBHJmCgFMvJeIWkWVs8nMy8UqOR1Nq,0 0.0653 376 5 643 254 11 0.0629 312 408 564 639 8 0.0614 379 7 633 249 8 0.0606 313 347 567 572 7 0.0604 382 8 643 252 13 0.0604 367 351 641 569 11 0.0598 378 8 638 251 8 0.0593 369 409 613 644 7 0.0581 315 347 582 575 11 0.0579 570 0 834 199 11 0.0577 248 800 497 1014 0 0.0577 503 0 771 196 8 0.0575 188 794 433 1019 0 0.0568 512 92 769 343 13 0.0567 317 409 568 643 10 0.0567 317 410 567 639 11 0.0565 295 285 568 505 8 0.0565 249 282 496 527 7 0.0561 188 791 443 1021 10 0.0560 375 12 641 252 13 0.0559 382 5 649 252 7 0.0558 254 277 512 524 5 0.0556 251 385 500 631 5 0.0554 183 785 435 1014 11 0.0554 175 742 431 960 0 0.0554 366 411 619 647 6 0.0553 304 281 574 511 0 0.0552 188 794 437 1023 5 0.0549 374 1 639 249 7 0.0545 511 0 774 195 5 0.0539 239 277 506 522 7 0.0539 373 411 627 647 6 0.0538 187 791 441 1020 3 0.0538 186 796 436 1023 3 0.0536 508 0 768 199 3 0.0533 385 8 643 254 3 0.0532 371 410 622 652 11 0.0531 359 353 634 568 13 0.0531 302 278 572 510 5 0.0530 294 141 571 384 3 0.0530 303 278 568 514 13 0.0527 509 0 776 195 8 0.0524 507 0 761 195 11 0.0522 298 149 573 389 6 0.0521 261 392 511 638 6 0.0520 368 352 638 568 6 0.0518 510 1 776 194 10 0.0515 363 354 635 568 13 0.0514 522 95 775 341 13 0.0511 434 283 696 494 3 0.0511 522 97 768 345 5 0.0511 365 407 618 644 2 0.0510 370 416 619 644 0 0.0510 574 227 834 445 3 0.0509 257 388 501 642 2 0.0508 575 5 830 200 6 0.0507 383 9 645 248 0 0.0506 512 291 751 501 10 0.0506 506 4 770 195 9 0.0506 379 7 641 247 8 0.0506 300 153 563 388
1egVc0q1EA7yRKrvt6AgtfUGCqWToYZH,5 0.0548 382 522 630 762 11 0.0542 311 586 570 830 0 0.0538 385 532 634 767 8 0.0536 447 547 688 774 7 0.0531 317 582 572 841 11 0.0527 381 530 631 759 8 0.0518 390 603 624 843 5 0.0514 310 575 566 832 11 0.0509 381 404 626 623 8 0.0506 735 14 999 255 6 0.0502 456 545 704 774 0 0.0502 310 459 565 695 2 0.0502 314 525 570 760 11 0.0500 309 456 563 686
Bv2vmIhn01DBCaAsydRjHnu9OsYNfaTr,14 1.0 0 0 1 1
G0DS4NmGgHWNw8tfiMUu2PzUpYFcMess,0 0.0619 252 255 509 491 5 0.0617 423 0 682 241 0 0.0612 285 351 645 538 3 0.0607 431 0 685 251 7 0.0606 432 3 689 246 0 0.0590 251 395 503 633 11 0.0590 383 408 637 644 6 0.0587 430 0 685 244 11 0.0585 424 0 685 241 8 0.0585 431 3 677 241 8 0.0578 185 406 432 647 11 0.0575 248 261 516 489 11 0.0572 280 353 651 535 3 0.0569 268 421 642 604 0 0.0568 432 3 681 243 6 0.0567 254 325 519 557 8 0.0566 254 321 508 556 0 0.0562 325 466 566 704 6 0.0560 318 400 576 633 8 0.0560 195 0 552 152 13 0.0556 182 344 456 580 2 0.0552 429 7 683 244 13 0.0551 267 421 649 603 0 0.0549 324 197 580 440 11 0.0547 319 469 570 700 7 0.0546 316 397 572 633 11 0.0545 441 191 704 427 11 0.0545 186 1 562 152 8 0.0544 447 330 696 562 0 0.0542 447 418 702 649 8 0.0542 321 264 566 494 7 0.0541 258 451 499 686 5 0.0541 424 116 689 359 3 0.0540 260 452 499 694 5 0.0540 175 340 443 577 5 0.0539 258 418 636 597 11 0.0536 358 129 630 367 6 0.0535 258 452 504 687 0 0.0535 193 463 433 706 3 0.0534 452 415 703 649 7 0.0533 452 332 706 562 13 0.0532 125 416 392 652 8 0.0528 266 421 630 601 3 0.0527 257 259 513 492 7 0.0526 252 321 514 555 6 0.0526 321 266 578 493 11 0.0524 204 420 577 604 5 0.0523 440 409 698 641 10 0.0523 283 360 643 535 13 0.0521 372 0 626 251 5 0.0520 245 254 507 486 7 0.0517 439 127 698 367 3 0.0515 389 260 640 505 10 0.0511 503 26 764 251 13 0.0511 255 260 516 493 5 0.0509 252 447 496 683 8 0.0507 435 126 685 360 7 0.0506 382 190 639 435 2 0.0506 283 355 646 536 5 0.0506 368 187 630 429 11 0.0504 188 467 437 707 13 0.0501 449 332 710 563 11 0.0501 514 410 766 645
r4HXtT9KWUimT0EvhWY1Wh3G6GrcsXxH,0 0.0616 325 226 703 409 11 0.0607 310 351 573 579 11 0.0603 409 422 778 600 8 0.0583 332 231 693 404 8 0.0580 412 359 765 538 6 0.0580 414 356 780 541 5 0.0579 323 221 698 403 7 0.0573 412 419 786 599 10 0.0566 408 424 780 599 3 0.0564 414 360 768 542 0 0.0559 410 357 771 541 0 0.0559 315 346 573 581 8 0.0552 318 346 567 580 11 0.0545 343 163 704 341 5 0.0543 400 351 762 538 13 0.0541 413 360 780 539 6 0.0540 315 347 580 579 3 0.0537 318 344 571 584 3 0.0530 353 162 701 347 5 0.0530 310 340 569 577 13 0.0528 331 228 712 407 11 0.0527 631 532 882 766 13 0.0525 321 350 580 581 2 0.0522 331 232 698 405 8 0.0515 429 479 788 658 8 0.0514 240 404 483 633 11 0.0511 232 406 487 632 3 0.0508 440 479 798 662 11 0.0507 117 418 367 645 0 0.0506 127 413 368 651 6 0.0505 426 476 802 658 7 0.0505 332 227 706 408 6 0.0505 338 227 711 407 10 0.0504 327 231 704 406 3 0.0503 635 526 883 777 10 0.0502 315 354 576 579
rdMtAzIhB2inRW3d2CdcU1Xsa9jxLeqL,7 0.0630 178 659 433 901 8 0.0619 115 656 359 896 7 0.0612 124 596 377 832 7 0.0610 442 590 692 823 11 0.0595 365 585 619 824 11 0.0593 116 601 377 828 5 0.0590 432 584 687 824 6 0.0589 118 659 370 899 0 0.0585 177 658 432 904 11 0.0583 173 661 431 901 8 0.0578 247 655 496 897 10 0.0578 114 661 366 894 7 0.0572 383 525 635 762 11 0.0569 248 715 499 957 5 0.0567 175 659 428 899 0 0.0555 118 595 373 834 3 0.0555 119 658 368 902 5 0.0554 252 711 497 955 7 0.0552 256 713 506 963 6 0.0542 248 656 507 899 5 0.0542 118 594 371 831 10 0.0536 243 658 505 896 13 0.0534 120 596 381 833 0 0.0530 438 588 689 829 13 0.0529 181 660 439 904 13 0.0519 441 588 697 825 3 0.0518 249 655 504 903 8 0.0516 380 527 617 762 3 0.0512 442 590 688 833 0 0.0506 259 716 501 965 12 0.0501 116 656 368 898
bK6pJCW6pe4z0btrpIxZRfagU3Zu9QX9,7 0.0615 507 592 767 834 8 0.0603 564 583 818 838 5 0.0602 563 578 822 837 0 0.0596 562 585 827 841 0 0.0594 120 334 379 582 11 0.0585 187 285 454 511 11 0.0584 370 521 639 750 11 0.0582 116 337 384 574 11 0.0578 500 594 762 830 5 0.0576 435 591 698 826 5 0.0576 243 270 518 511 8 0.0565 374 519 632 753 11 0.0564 446 335 699 554 2 0.0560 564 589 827 840 7 0.0558 194 278 456 516 0 0.0558 437 597 704 830 8 0.0557 106 402 368 656 3 0.0556 507 595 764 840 0 0.0555 250 272 522 518 0 0.0552 252 711 506 964 6 0.0547 438 596 705 828 11 0.0546 307 671 574 902 5 0.0545 116 330 376 580 7 0.0545 110 403 379 659 13 0.0542 511 593 768 834 8 0.0541 450 331 696 557 8 0.0540 438 597 694 831 0 0.0539 377 671 644 908 3 0.0538 443 669 707 914 5 0.0538 247 710 500 959 7 0.0536 376 520 642 751 0 0.0535 445 333 699 558 11 0.0528 126 217 393 444 7 0.0528 450 330 706 557 6 0.0527 124 337 387 582 11 0.0526 564 662 829 905 0 0.0524 372 519 643 752 3 0.0522 377 521 641 756 5 0.0521 370 669 636 907 11 0.0516 434 676 705 903 6 0.0516 449 332 706 559 5 0.0515 370 517 638 747 7 0.0514 444 670 710 905 3 0.0513 187 282 453 522 6 0.0513 378 671 646 905 13 0.0510 571 660 836 913 6 0.0509 378 522 644 748 6 0.0504 191 280 454 519 7 0.0504 570 659 839 908 7 0.0502 254 717 505 960 3 0.0501 452 334 700 564 10 0.0501 446 336 704 555 13 0.0501 374 521 648 752
V7hfDUwsb9DUI61jQtAHXOATAdx72omh,11 0.0610 257 266 521 503 5 0.0593 181 328 447 574 8 0.0586 257 332 510 574 11 0.0583 184 337 452 576 13 0.0582 246 397 519 638 8 0.0572 317 269 560 502 5 0.0570 387 270 627 508 13 0.0567 317 270 573 505 3 0.0565 260 267 522 508 0 0.0563 184 334 456 581 8 0.0562 457 278 693 523 0 0.0562 313 272 567 502 5 0.0557 252 262 516 494 5 0.0543 520 272 763 525 11 0.0542 386 206 638 444 7 0.0540 187 332 454 580 7 0.0534 317 268 570 505 8 0.0534 117 348 369 582 0 0.0532 295 395 559 624 3 0.0532 189 336 454 585 5 0.0531 179 439 439 696 7 0.0530 391 201 646 443 6 0.0529 321 273 571 500 8 0.0528 382 335 623 574 6 0.0526 191 335 454 575 8 0.0523 251 199 509 445 11 0.0516 292 395 558 622 11 0.0512 457 282 700 520 10 0.0508 293 401 559 622 10 0.0508 257 274 517 499 11 0.0507 378 336 631 572 11 0.0507 127 235 405 453
7OOgoo7jyuEnpN3OdRfk4Hqcue9ro6ly,8 0.0593 319 590 575 816 7 0.0570 393 465 669 698 0 0.0568 513 268 763 503 0 0.0566 576 412 832 650 10 0.0559 390 477 668 698 8 0.0558 444 411 690 636 11 0.0550 391 471 662 698 11 0.0550 319 590 581 820 5 0.0542 316 586 583 815 5 0.0539 387 462 659 696 3 0.0534 395 471 663 704 13 0.0525 449 415 706 641 6 0.0518 508 418 770 643 0 0.0518 321 662 584 878 7 0.0514 449 206 699 442 8 0.0513 510 342 752 578 7 0.0511 517 267 768 501 0 0.0506 443 208 699 446 3 0.0504 451 211 701 448 7 0.0503 318 661 585 880 2 0.0503 324 601 587 823 8 0.0502 451 0 686 213 5 0.0500 505 337 758 574
5iJWQXZhqUhczBmZeG0qcoaaQZLUK4BX,8 0.0587 15 595 249 853 5 0.0576 186 646 445 878 8 0.0564 266 662 508 900 11 0.0562 314 523 567 752 8 0.0555 317 520 559 755 7 0.0553 197 648 453 878 8 0.0550 390 471 621 701 3 0.0548 397 469 626 708 0 0.0545 187 647 450 884 11 0.0545 133 656 386 872 11 0.0544 265 667 518 893 7 0.0544 263 778 504 1016 11 0.0541 10 601 257 849 8 0.0541 327 783 562 1023 0 0.0533 7 596 255 854 3 0.0530 322 523 565 760 11 0.0530 380 603 639 826 6 0.0530 319 526 570 752 11 0.0526 318 788 572 1017 8 0.0522 388 601 626 830 13 0.0521 271 665 524 900 3 0.0519 17 600 259 858 0 0.0519 261 719 512 958 10 0.0518 191 654 449 881 7 0.0515 388 601 640 831 6 0.0513 15 599 262 854 6 0.0508 190 649 453 879 5 0.0505 318 782 567 1015 5 0.0504 5 408 253 656 0 0.0504 422 817 706 1023
32a88u4ABdmdIK8jM4gVwEPDK3EinHap,0 0.0577 244 664 516 908 8 0.0569 183 656 445 889 7 0.0567 192 656 459 889 11 0.0564 241 669 513 901 5 0.0527 241 658 509 903 6 0.0500 250 662 516 902
GM8JoKnQCF4ArdcOUFNGyFLgMhrUf1jn,7 0.0588 248 459 507 701 11 0.0586 245 401 500 641 11 0.0578 376 419 626 633 7 0.0577 382 416 633 633 8 0.0565 383 416 624 634 8 0.0554 246 464 499 700 0 0.0552 247 397 499 644 5 0.0548 177 448 436 696 3 0.0527 387 417 629 641 6 0.0525 246 458 506 703 3 0.0523 251 462 499 708 0 0.0516 382 415 630 637 13 0.0504 315 405 565 640 5 0.0501 373 417 625 629 6 0.0501 381 417 636 635
Da8uLexmpC0hTJMmfHpWBrxOQWJBPyEV,5 0.0648 360 797 615 1019 7 0.0644 370 799 623 1022 0 0.0625 365 801 619 1023 8 0.0614 370 798 613 1023 11 0.0593 362 802 617 1018 6 0.0591 374 744 636 957 11 0.0590 303 732 572 947 3 0.0584 451 595 699 833 0 0.0580 441 740 695 965 0 0.0566 375 673 633 896 10 0.0566 365 805 619 1022 0 0.0562 307 727 565 953 5 0.0562 369 669 632 890 3 0.0562 370 801 620 1023 5 0.0562 298 727 566 946 7 0.0560 492 793 740 1023 7 0.0554 311 734 573 952 7 0.0554 386 531 645 769 8 0.0553 439 667 678 891 7 0.0553 378 675 636 895 11 0.0548 372 674 638 889 3 0.0547 379 670 637 899 5 0.0545 435 734 690 957 0 0.0541 447 596 699 827 13 0.0536 371 804 625 1023 8 0.0534 492 796 726 1021 10 0.0534 375 674 632 891 11 0.0533 440 740 694 958 7 0.0532 308 447 566 676 6 0.0530 385 599 650 819 11 0.0511 444 395 690 633 7 0.0511 307 591 581 817 13 0.0508 384 603 656 828 3 0.0506 313 729 569 956 10 0.0501 306 732 570 949 3 0.0501 445 737 695 965
hXTdSZXkB69ABJu7BuxSZg7LuL4HEtSi,8 0.0634 385 785 619 1023 11 0.0632 460 675 824 853 5 0.0629 394 668 760 849 11 0.0622 249 717 510 955 7 0.0621 194 663 450 898 7 0.0612 407 668 768 850 8 0.0611 247 786 493 1021 8 0.0611 402 668 758 849 5 0.0609 242 788 495 1020 7 0.0606 247 790 503 1023 0 0.0603 376 660 636 913 5 0.0592 378 786 621 1017 11 0.0588 372 660 638 905 11 0.0588 314 792 559 1020 6 0.0587 464 674 824 855 0 0.0584 384 792 627 1023 5 0.0580 188 714 438 955 7 0.0577 383 788 629 1022 8 0.0573 247 668 501 910 0 0.0573 247 664 509 915 10 0.0571 251 722 509 960 3 0.0569 467 672 824 859 8 0.0568 123 779 376 1020 3 0.0554 375 658 638 917 0 0.0553 244 791 498 1022 11 0.0548 179 786 445 1019 6 0.0548 250 794 500 1023 13 0.0543 318 794 566 1023 13 0.0538 401 669 777 851 10 0.0534 372 665 638 909 10 0.0531 314 796 562 1021 8 0.0529 70 675 425 856 6 0.0529 376 661 637 910 10 0.0528 461 673 823 854 11 0.0524 308 319 578 550 9 0.0523 311 796 562 1021 3 0.0521 254 713 505 968 2 0.0521 402 674 763 850 10 0.0518 183 670 443 897 5 0.0515 115 778 381 1018 6 0.0514 251 668 514 910 3 0.0514 317 792 564 1023 13 0.0511 388 724 645 978 10 0.0509 178 789 440 1022 9 0.0507 394 670 764 850 6 0.0506 386 795 627 1023
AnOwVZlK7quccUljYyZasEZdbDlaeBqU,11 0.0588 313 800 575 1021 8 0.0584 318 797 565 1023 7 0.0570 318 793 578 1023 0 0.0563 314 798 576 1023 5 0.0536 310 794 571 1020 6 0.0535 314 802 578 1023 13 0.0515 318 799 580 1023 5 0.0501 700 337 947 575 8 0.0501 394 406 625 645
Fb3xty6laV1cwI6spRWzz2FBsZ5D1wSN,0 0.0661 257 155 509 398 8 0.0628 121 593 366 839 11 0.0627 118 530 374 769 11 0.0621 257 157 516 387 5 0.0615 245 209 493 444 0 0.0610 249 592 505 835 0 0.0608 121 587 375 837 7 0.0596 126 589 376 837 8 0.0595 252 214 491 440 5 0.0592 120 591 371 833 0 0.0586 182 323 443 565 0 0.0582 192 227 448 462 5 0.0581 245 593 503 828 11 0.0580 178 386 446 623 8 0.0574 127 467 374 706 6 0.0572 263 154 519 396 11 0.0568 247 598 506 829 5 0.0567 178 318 437 559 8 0.0566 250 599 496 833 8 0.0565 186 383 433 622 0 0.0563 109 402 376 634 6 0.0562 125 591 378 834 3 0.0562 123 525 372 776 7 0.0560 250 595 507 834 11 0.0560 190 226 448 458 3 0.0559 248 215 499 446 6 0.0554 195 220 452 459 11 0.0550 701 534 944 770 13 0.0543 255 600 510 835 7 0.0542 263 152 515 392 8 0.0541 189 261 431 505 10 0.0541 249 603 507 831 5 0.0541 700 528 944 774 13 0.0540 258 152 519 395 3 0.0539 251 598 503 836 13 0.0538 193 264 445 509 6 0.0537 252 598 508 832 2 0.0537 250 604 506 832 0 0.0533 703 535 942 776 10 0.0531 119 600 373 834 5 0.0530 119 463 377 702 3 0.0529 183 388 444 631 13 0.0524 124 528 382 776 6 0.0520 114 401 380 633 13 0.0519 709 533 951 775 6 0.0516 187 322 446 562 7 0.0514 125 465 384 704 7 0.0513 184 380 447 624 10 0.0509 256 162 511 390 13 0.0508 114 397 383 634 2 0.0506 123 597 374 835
3OhNSnUw9dr45NZVcbQ4HyyR4EmJMfpb,5 0.0658 132 598 380 829 7 0.0654 139 604 390 829 8 0.0636 124 653 371 885 11 0.0635 119 657 378 882 0 0.0631 122 654 374 884 6 0.0624 138 604 392 831 8 0.0615 256 534 494 764 5 0.0615 192 543 445 773 11 0.0613 253 534 505 765 8 0.0613 126 551 374 772 0 0.0602 199 546 452 777 10 0.0597 132 607 389 830 10 0.0574 195 552 450 772 7 0.0574 314 454 567 692 3 0.0567 139 602 389 832 11 0.0558 127 556 385 771 6 0.0553 183 486 440 701 12 0.0552 135 601 389 831 2 0.0546 258 539 505 767 8 0.0546 314 458 552 692 13 0.0544 127 653 385 884 11 0.0542 312 459 561 694 0 0.0540 313 455 560 698 5 0.0535 311 453 557 692 11 0.0534 183 487 441 700 6 0.0534 24 587 263 815 11 0.0531 501 413 755 639 13 0.0530 262 532 509 767 10 0.0527 245 477 500 702 8 0.0521 182 487 427 700 10 0.0519 14 592 262 820 5 0.0516 12 580 257 817 13 0.0514 320 458 568 693 11 0.0512 371 345 614 574 6 0.0509 316 459 566 692 4 0.0507 138 606 391 830 2 0.0506 317 462 562 692 0 0.0506 13 584 259 825 1 0.0505 134 598 387 828 2 0.0503 135 610 388 833 9 0.0503 131 603 386 826 8 0.0501 15 583 251 822
Lygbcg4ZYTCz8GAinkVpuYPDB0qFkPlY,0 0.0629 494 609 750 838 8 0.0594 233 535 489 766 11 0.0591 171 535 432 767 7 0.0584 180 533 434 770 8 0.0581 174 602 418 837 11 0.0576 494 609 752 833 7 0.0574 502 605 754 836 0 0.0574 241 463 493 712 11 0.0569 124 601 374 832 0 0.0566 178 530 433 776 7 0.0560 243 465 495 707 10 0.0555 491 611 748 834 5 0.0552 170 530 427 769 0 0.0549 458 535 826 727 8 0.0540 495 608 741 833 7 0.0538 130 603 379 833 5 0.0535 234 464 487 707 11 0.0531 237 471 491 704 6 0.0529 502 608 751 837 10 0.0528 232 474 490 705 11 0.0519 500 466 751 699 10 0.0518 125 608 374 835 8 0.0510 116 669 351 888 11 0.0507 318 389 573 622 5 0.0506 493 607 743 835 3 0.0506 497 608 751 837 7 0.0503 508 461 757 701
HDvjaLDSB44tkDKWuUGumAjzvtvUKKI9,7 0.0629 459 339 705 561 0 0.0627 325 200 583 430 11 0.0604 177 204 450 428 0 0.0604 385 274 634 501 0 0.0600 308 319 568 560 11 0.0600 179 717 430 960 11 0.0598 454 340 701 557 11 0.0597 327 198 586 424 11 0.0593 250 787 489 1019 0 0.0592 255 726 497 972 7 0.0588 313 260 573 491 8 0.0585 188 719 422 959 8 0.0582 383 277 626 496 5 0.0581 198 286 561 470 11 0.0580 383 276 636 492 5 0.0573 247 785 484 1016 7 0.0572 259 725 500 970 6 0.0572 188 721 433 958 11 0.0572 237 266 509 493 8 0.0570 181 262 453 504 8 0.0565 252 783 483 1023 8 0.0565 311 317 559 559 5 0.0563 447 265 701 496 0 0.0560 172 203 451 437 13 0.0556 383 277 640 498 0 0.0555 455 337 700 564 8 0.0551 326 195 575 425 0 0.0550 459 210 707 431 0 0.0549 194 591 448 834 13 0.0548 329 200 592 427 7 0.0548 248 319 509 558 11 0.0548 197 592 449 830 8 0.0542 456 340 695 563 6 0.0542 310 264 578 490 6 0.0541 183 203 459 431 3 0.0536 458 339 702 570 3 0.0534 309 321 569 564 3 0.0533 382 276 637 504 7 0.0532 463 208 710 425 13 0.0532 311 317 574 561 5 0.0530 314 724 558 966 10 0.0529 183 719 426 960 11 0.0528 313 726 566 963 5 0.0524 323 190 580 419 13 0.0524 458 338 707 560 7 0.0523 205 591 453 830 10 0.0521 253 791 491 1023 8 0.0519 199 590 440 831 13 0.0516 259 786 497 1022 6 0.0514 256 791 493 1023 5 0.0514 180 715 420 958 5 0.0513 173 198 445 424 6 0.0513 245 322 513 555 8 0.0513 457 209 699 428 2 0.0504 455 281 708 496 8 0.0503 319 723 560 965 10 0.0503 174 207 450 432 13 0.0501 637 1 905 221 11 0.0501 460 208 708 426 10 0.0501 238 274 504 494 3 0.0501 193 716 428 966
85jJw2qg9BndSwPOiSqN5UPC6APOufF2,0 0.0572 197 0 582 155 5 0.0553 189 0 575 154 11 0.0552 178 223 433 453 8 0.0549 202 0 576 152 8 0.0546 261 410 495 649 8 0.0541 501 0 749 200 6 0.0541 203 0 591 153 5 0.0531 254 406 502 645 11 0.0531 193 1 585 153 0 0.0523 501 0 756 199 13 0.0521 128 219 396 451 7 0.0519 205 0 589 152 8 0.0515 122 216 376 449 11 0.0515 558 3 820 193 6 0.0511 120 221 393 450 13 0.0509 200 1 592 156 3 0.0509 136 0 504 162 11 0.0504 255 413 502 646 2 0.0503 198 0 586 151 5 0.0501 494 0 752 196
1VFf1ScmUEKlbdKQAJuYOYv4OibTOW25,7 0.0560 191 600 437 814 7 0.0557 248 530 508 754 0 0.0554 312 596 574 823 0 0.0551 192 598 436 822 7 0.0540 319 597 577 817 8 0.0539 321 596 562 816 8 0.0532 187 599 422 813 11 0.0532 365 800 622 1020 11 0.0511 311 595 570 817 7 0.0508 312 789 568 1018 0 0.0507 368 797 620 1023 11 0.0506 199 802 449 1021 5 0.0505 252 603 499 822 8 0.0500 16 664 373 845
w5LWpoumlIROEQKjFBxwOieRmJBrGyJK,5 0.0557 188 798 438 1014 7 0.0554 198 801 445 1022 8 0.0550 198 799 433 1022 5 0.0544 771 0 1019 243 8 0.0537 774 6 1014 239 0 0.0520 771 5 1020 248 11 0.0516 569 796 802 1016 10 0.0509 193 805 438 1018
rL5iuRcp3IwvuZe4oRltyHrgiTivCuKJ,11 0.0628 188 325 438 572 5 0.0622 173 392 425 646 8 0.0592 183 397 417 648 6 0.0585 183 398 426 651 3 0.0584 182 397 425 656 11 0.0581 258 276 504 509 7 0.0578 181 395 426 650 13 0.0569 182 397 429 652 0 0.0561 263 276 503 512 11 0.0558 315 345 576 567 0 0.0557 190 322 437 575 5 0.0554 252 324 513 576 0 0.0547 253 397 506 640 11 0.0543 636 262 898 502 10 0.0534 249 404 508 637 10 0.0530 188 330 434 576 3 0.0523 642 260 897 512 11 0.0520 370 282 632 499 3 0.0518 260 331 513 587 5 0.0509 551 547 814 782 11 0.0509 254 145 493 375 5 0.0507 636 252 892 501 8 0.0500 636 320 886 568
aKiajd9vAddZOYJBlm8I5pATR2lhMNU6,5 0.0632 573 328 823 572 8 0.0624 515 327 751 576 11 0.0617 646 335 894 568 11 0.0616 517 274 761 508 0 0.0606 517 331 756 574 8 0.0605 323 525 566 763 0 0.0600 445 590 696 819 5 0.0593 436 710 694 963 0 0.0592 322 525 569 766 5 0.0591 366 659 624 900 6 0.0587 518 330 759 575 5 0.0582 380 9 643 245 5 0.0581 438 584 695 817 11 0.0579 324 598 578 825 5 0.0577 254 596 507 835 8 0.0573 578 275 813 507 5 0.0573 515 271 757 506 5 0.0571 382 261 639 498 8 0.0569 390 264 631 504 7 0.0567 519 328 758 577 3 0.0566 518 331 757 579 0 0.0564 579 278 818 507 8 0.0559 446 714 686 967 8 0.0559 261 602 506 833 7 0.0556 450 589 703 820 7 0.0556 326 526 576 765 11 0.0554 759 600 1020 833 0 0.0554 262 600 512 840 11 0.0553 442 592 698 816 5 0.0551 379 139 641 374 5 0.0550 317 520 564 760 8 0.0549 647 332 885 574 8 0.0547 449 586 691 819 13 0.0545 517 331 762 575 0 0.0545 375 665 624 904 11 0.0545 432 0 698 198 0 0.0544 445 718 694 966 7 0.0543 393 264 643 504 6 0.0541 397 594 649 828 8 0.0540 376 663 619 903 0 0.0539 647 335 890 574 6 0.0539 327 523 575 759 3 0.0539 450 591 697 824 11 0.0539 369 667 625 899 6 0.0533 261 599 519 832 8 0.0532 387 15 641 248 2 0.0532 518 336 760 574 3 0.0531 325 525 569 764 3 0.0525 445 719 695 973 10 0.0524 515 333 754 576 8 0.0524 387 142 638 377 10 0.0523 324 598 581 828 13 0.0523 440 2 703 202 13 0.0523 328 598 586 832 7 0.0523 447 717 700 969 7 0.0523 380 666 629 908 3 0.0522 650 333 892 580 9 0.0522 513 330 756 569 11 0.0522 385 267 640 499 6 0.0522 581 279 824 507 10 0.0520 190 596 439 829 2 0.0519 445 594 698 813 11 0.0519 385 144 645 374 7 0.0518 261 600 514 836 6 0.0515 653 334 893 568 3 0.0512 394 267 641 506 3 0.0512 582 278 819 512 0 0.0511 569 147 805 380 8 0.0510 180 667 429 896 0 0.0510 759 600 1013 838 13 0.0510 450 589 701 818 11 0.0508 459 77 710 310 13 0.0508 379 668 631 901 3 0.0508 438 0 695 205 10 0.0507 387 267 641 505 6 0.0507 392 267 644 501 11 0.0503 189 589 443 827 0 0.0502 436 3 697 204 0 0.0500 388 266 642 503
iSE9iT38NaN6zZS1vi6zYyLUTfGnya5b,8 0.0621 81 870 433 1022 7 0.0610 192 785 435 1023 0 0.0605 318 803 560 1023 11 0.0601 84 872 444 1022 0 0.0591 79 871 439 1023 5 0.0587 186 785 426 1020 10 0.0579 189 793 431 1020 8 0.0576 254 794 487 1022 11 0.0564 317 800 557 1020 7 0.0559 320 798 564 1022 8 0.0556 10 0 261 240 5 0.0555 748 10 1010 252 11 0.0552 2 2 272 235 5 0.0549 314 795 555 1020 0 0.0546 756 14 1012 256 11 0.0546 754 16 1013 252 6 0.0541 758 85 1012 316 7 0.0538 771 212 1021 454 0 0.0535 3 0 267 245 6 0.0534 194 793 433 1020 3 0.0532 83 873 439 1023 3 0.0531 11 1 264 251 13 0.0522 761 13 1023 252 5 0.0520 761 129 1010 375 6 0.0520 6 2 269 237 8 0.0519 753 10 1003 250 11 0.0515 761 143 1012 373 11 0.0514 315 668 562 898 5 0.0513 1 0 257 238 8 0.0513 197 736 421 973 9 0.0513 752 82 1007 311 13 0.0512 193 791 438 1023 0 0.0509 444 347 705 587 13 0.0502 321 802 568 1023 2 0.0502 83 874 439 1023
Upvhgua6IWyrffAe4JF9jvp2mhy4xpzH,3 0.0634 448 331 688 563 8 0.0621 442 328 685 561 7 0.0607 444 329 690 556 5 0.0601 438 326 683 555 7 0.0594 187 326 439 575 0 0.0587 444 332 689 562 11 0.0585 442 331 690 555 2 0.0571 445 340 687 560 11 0.0568 182 328 442 579 6 0.0561 448 334 695 562 8 0.0553 181 327 428 581 13 0.0552 443 333 697 559 5 0.0546 179 434 441 684 6 0.0537 187 328 443 577 11 0.0534 498 0 760 198 13 0.0533 186 381 449 638 0 0.0530 560 578 824 827 11 0.0530 182 441 443 680 7 0.0530 191 436 444 684 0 0.0524 184 326 438 580 5 0.0524 176 327 438 576 8 0.0511 562 578 813 820 10 0.0510 180 339 439 577 7 0.0508 379 797 631 1023 3 0.0504 505 3 765 206 13 0.0501 503 2 769 202
9abaSLM5qpZaVegtdlW1gaxIymKdbIFR,11 0.0558 646 533 898 773 5 0.0505 45 262 326 500
ybaTm52rvoBHJTf9nvPU7uOPkAcRA69p,11 0.0509 113 402 385 627 0 0.0500 626 659 882 891
Ij0IFCSsE6axsRp8IB9igUwhDmGfiDbR,14 1.0 0 0 1 1
vCyQODJG5Q3HavLUSSz50TgbG0PI2RsX,11 0.0591 369 736 632 965 11 0.0591 310 675 570 896 0 0.0581 368 728 635 973 5 0.0570 236 119 484 352 5 0.0557 117 0 377 245 8 0.0551 375 729 623 969 7 0.0544 254 385 511 644 8 0.0541 124 0 373 250 5 0.0540 366 724 627 969 11 0.0540 247 64 503 288 11 0.0532 236 727 508 960 0 0.0532 122 5 382 251 7 0.0529 375 730 636 971 8 0.0529 316 672 560 898 5 0.0527 248 380 506 637 0 0.0527 248 59 504 293 11 0.0526 244 390 508 637 0 0.0523 310 673 568 902 11 0.0522 506 473 770 703 10 0.0516 371 734 629 969 0 0.0514 256 387 513 642 6 0.0514 259 58 506 291 7 0.0512 378 608 630 843 6 0.0511 319 673 569 898 7 0.0510 316 671 572 898 11 0.0510 438 605 701 838 5 0.0509 435 598 691 838 13 0.0508 258 61 510 291 8 0.0508 389 0 624 236 7 0.0507 257 59 504 290 8 0.0506 258 59 497 291 8 0.0504 499 147 752 378 8 0.0502 506 403 757 642 13 0.0502 125 3 392 252 7 0.0501 123 0 384 253 8 0.0501 240 723 499 964 3 0.0501 129 5 384 257
09hQGnlgJwuYvXFS58MrLEHUBO7n3A7e,8 0.0667 60 722 293 960 8 0.0654 575 778 813 1022 11 0.0652 698 785 936 1017 7 0.0645 518 663 763 909 11 0.0645 572 779 818 1019 11 0.0643 121 724 357 958 11 0.0637 638 724 875 950 8 0.0633 515 662 754 909 0 0.0632 571 777 818 1023 0 0.0625 513 662 760 911 8 0.0622 641 719 871 951 8 0.0614 185 728 418 961 7 0.0614 122 718 361 961 0 0.0613 640 719 876 951 7 0.0610 702 782 936 1023 8 0.0610 701 784 932 1022 8 0.0609 768 725 1009 968 5 0.0606 119 717 355 959 7 0.0605 510 775 760 1021 0 0.0591 123 724 358 964 11 0.0586 764 726 1022 964 6 0.0586 183 728 427 962 5 0.0585 572 717 819 960 10 0.0584 119 726 357 957 13 0.0581 703 789 943 1023 6 0.0578 519 669 762 910 11 0.0575 451 664 693 900 11 0.0575 59 659 309 894 3 0.0573 127 722 358 964 0 0.0562 698 787 934 1023 10 0.0562 699 785 933 1021 13 0.0559 577 782 825 1023 10 0.0558 573 723 826 960 3 0.0558 704 785 934 1023 7 0.0557 769 722 1022 970 3 0.0554 578 779 818 1023 5 0.0554 505 776 752 1017 3 0.0550 646 720 875 957 10 0.0548 504 780 755 1016 5 0.0547 698 784 934 1019 13 0.0543 643 723 886 953 3 0.0538 520 668 757 914 6 0.0530 703 788 935 1023 13 0.0528 66 728 308 966 5 0.0525 762 722 1016 967 2 0.0519 574 781 819 1023 0 0.0516 768 726 1018 976 6 0.0515 511 783 758 1021 1 0.0513 117 719 357 960 5 0.0512 58 652 302 897 6 0.0509 59 662 310 899 11 0.0508 252 145 494 374 2 0.0504 60 726 299 965 3 0.0502 769 724 1017 976 13 0.0500 186 730 431 963
4QR2XHTzJ9eskLKli3WGDGodKvuSEJwz,11 0.0644 306 282 565 504 0 0.0604 181 573 441 812 6 0.0573 311 279 565 505 0 0.0572 308 276 562 508 8 0.0571 180 575 431 812 11 0.0570 374 225 630 425 0 0.0569 298 402 549 622 11 0.0568 178 578 438 807 5 0.0566 439 275 684 500 7 0.0565 182 571 442 807 3 0.0564 310 277 564 510 7 0.0560 309 275 567 507 8 0.0549 304 401 545 616 11 0.0548 295 404 552 615 5 0.0547 293 399 543 615 0 0.0545 307 518 562 754 5 0.0543 297 273 555 501 11 0.0540 244 648 513 882 13 0.0537 308 280 571 509 13 0.0533 255 585 506 824 11 0.0531 250 527 509 752 10 0.0529 176 582 439 805 6 0.0528 183 574 440 809 8 0.0527 258 526 500 757 6 0.0524 256 522 509 760 7 0.0523 377 222 633 424 11 0.0519 271 167 519 391 6 0.0518 251 645 512 887 13 0.0517 303 404 552 622 7 0.0517 302 400 555 620 11 0.0516 438 339 683 554 5 0.0516 251 520 505 755 0 0.0513 279 161 518 394 3 0.0508 301 402 550 623 3 0.0507 382 224 630 430 10 0.0507 304 288 563 503 8 0.0506 309 273 552 506 8 0.0501 251 650 505 893
EQD8LMoFCfW6RoGlNwyd8A5FggDMdI2N,0 0.0614 384 716 637 957 7 0.0597 385 714 641 957 11 0.0596 383 719 637 953 5 0.0572 367 649 630 890 10 0.0571 373 657 639 893 8 0.0568 384 715 631 953 6 0.0555 390 719 642 956 13 0.0545 387 720 643 955 0 0.0538 567 732 816 965 11 0.0523 254 338 512 572 11 0.0521 562 729 819 958 3 0.0515 388 718 639 958 9 0.0501 379 718 637 948 7 0.0501 260 337 511 577
Im371NVb2GAPhVbVX21cHo5U6ShJbllS,7 0.0586 446 460 710 703 0 0.0555 581 592 834 830 7 0.0545 410 675 759 856 11 0.0536 437 464 706 704 7 0.0533 249 331 510 570 8 0.0529 247 335 496 570 5 0.0527 241 331 502 562 0 0.0526 436 461 701 706 6 0.0523 588 594 836 830 7 0.0522 565 789 837 1023 8 0.0519 401 678 744 856 0 0.0516 182 337 442 582 13 0.0515 571 716 848 956 11 0.0513 562 797 829 1020 13 0.0512 586 590 844 831 8 0.0511 441 460 697 703 0 0.0511 398 676 756 857 0 0.0505 561 791 829 1023 11 0.0503 578 594 833 825 11 0.0502 562 401 823 642 11 0.0502 397 679 751 854 8 0.0500 581 591 829 833
UtonfAnTDKADWDdQew50s0gNIxpJnka9,7 0.0594 258 653 504 889 11 0.0588 248 656 502 880 7 0.0579 389 725 654 971 11 0.0576 383 729 646 966 5 0.0553 249 649 495 885 8 0.0551 258 653 494 890 13 0.0549 257 656 504 889 5 0.0547 437 273 692 503 8 0.0543 390 328 632 571 11 0.0540 440 277 698 501 11 0.0539 440 534 701 752 11 0.0538 382 5 629 238 3 0.0536 393 727 651 975 0 0.0531 250 655 500 892 11 0.0528 449 81 699 304 3 0.0521 254 657 499 897 8 0.0519 391 0 620 236 0 0.0518 506 284 765 513 3 0.0517 449 275 693 513 7 0.0515 385 535 642 769 6 0.0514 445 275 701 504 3 0.0514 397 0 628 245 10 0.0513 251 657 500 888 10 0.0511 446 281 697 504 13 0.0509 393 729 655 971 10 0.0509 386 732 648 967 8 0.0509 390 724 640 968 7 0.0509 397 325 642 572 11 0.0507 501 213 768 429 5 0.0506 380 718 646 968 6 0.0505 391 725 653 969
UDCIfakMsM5AVx80PRYFcKqEXBSdJo4n,11 0.0617 256 393 500 628 0 0.0609 189 396 423 629 8 0.0606 328 458 559 694 11 0.0587 324 462 564 695 0 0.0582 318 532 571 773 0 0.0571 319 399 567 634 5 0.0567 255 389 495 628 11 0.0566 313 332 569 562 13 0.0566 264 396 505 632 5 0.0563 312 530 565 770 0 0.0560 259 328 502 560 8 0.0559 260 396 494 629 11 0.0557 380 263 649 501 8 0.0554 1 676 373 846 0 0.0543 1 675 379 847 13 0.0539 333 462 571 695 5 0.0538 311 324 560 560 0 0.0538 377 604 646 847 3 0.0538 1 677 378 854 7 0.0538 265 396 504 631 5 0.0537 0 670 377 842 6 0.0534 328 462 572 694 7 0.0530 321 533 573 771 11 0.0530 639 271 887 519 6 0.0528 3 673 379 843 2 0.0526 265 399 498 633 3 0.0523 384 259 646 507 3 0.0523 262 398 496 635 11 0.0521 371 610 645 846 11 0.0521 187 329 430 563 6 0.0519 264 330 504 556 3 0.0516 319 331 567 567 3 0.0515 319 537 572 776 5 0.0515 187 324 421 563 10 0.0513 324 464 567 692 8 0.0510 430 529 682 760 7 0.0510 433 122 695 372 7 0.0510 193 326 428 564 11 0.0509 252 260 513 490 10 0.0509 185 401 420 631 7 0.0506 385 260 651 503 7 0.0505 3 671 386 847 11 0.0504 0 675 379 843 0 0.0504 376 328 638 573 8 0.0503 374 606 633 840 5 0.0503 250 251 504 490 7 0.0503 436 529 700 762 13 0.0501 323 333 573 564 7 0.0501 320 334 570 565 11 0.0501 492 139 763 370 0 0.0501 510 204 758 456 8 0.0500 381 256 636 501
HKVMpot1ED96FlUjasvP7E1BhGpPbvIk,5 0.0662 504 397 771 643 11 0.0656 505 526 762 762 8 0.0656 519 461 763 708 0 0.0655 508 531 763 765 5 0.0644 568 523 827 756 8 0.0644 511 587 758 826 2 0.0644 447 468 696 700 0 0.0643 571 601 827 828 5 0.0642 441 457 693 699 11 0.0637 573 454 826 697 0 0.0634 443 467 698 700 11 0.0633 433 597 702 830 0 0.0629 570 393 831 631 3 0.0628 573 527 830 764 2 0.0627 510 407 774 644 11 0.0624 447 145 692 376 8 0.0622 629 602 891 833 8 0.0620 377 540 641 770 0 0.0618 190 266 441 517 5 0.0617 623 596 895 830 0 0.0616 510 280 759 508 7 0.0614 448 464 698 701 5 0.0614 180 264 440 511 2 0.0612 509 528 766 765 5 0.0612 433 589 701 829 11 0.0612 567 598 828 824 10 0.0610 183 275 439 516 7 0.0608 511 66 766 304 11 0.0607 443 463 695 698 7 0.0603 190 267 440 514 8 0.0601 577 388 827 633 11 0.0600 504 72 767 301 3 0.0599 515 68 763 307 13 0.0598 445 466 700 698 11 0.0597 577 342 844 570 6 0.0597 190 270 445 512 3 0.0596 513 587 763 833 13 0.0596 207 201 459 447 5 0.0595 630 448 886 701 5 0.0593 505 274 761 507 13 0.0593 514 403 781 643 0 0.0592 447 141 689 379 7 0.0592 513 401 777 648 7 0.0588 442 594 706 832 6 0.0588 453 143 693 372 11 0.0588 512 284 765 507 6 0.0588 573 597 832 823 10 0.0587 436 533 699 763 2 0.0586 573 603 829 825 0 0.0585 375 540 644 772 6 0.0584 644 526 904 768 8 0.0583 190 268 435 514 7 0.0583 570 599 831 828 13 0.0582 510 525 770 763 6 0.0582 516 284 764 508 3 0.0581 449 144 692 381 0 0.0581 633 455 889 702 5 0.0580 440 136 688 372 11 0.0579 374 538 642 765 7 0.0577 633 532 902 775 8 0.0575 508 278 759 509 6 0.0575 508 526 766 765 7 0.0572 510 523 765 770 3 0.0572 191 271 441 520 8 0.0570 636 453 886 704 6 0.0570 446 464 699 700 3 0.0568 630 603 897 840 6 0.0567 513 403 778 644 6 0.0567 583 346 843 571 2 0.0566 379 541 644 770 3 0.0566 446 529 700 769 8 0.0565 503 143 748 371 10 0.0565 515 465 767 708 5 0.0564 509 62 763 302 7 0.0564 449 141 692 377 13 0.0563 378 539 652 770 13 0.0563 449 141 696 376 2 0.0563 384 3 643 194 10 0.0562 449 146 692 375 5 0.0561 574 338 837 570 11 0.0559 187 272 442 512 3 0.0557 384 2 641 201 2 0.0556 512 289 765 508 6 0.0555 381 538 648 772 0 0.0555 376 676 755 852
OwL90ndCandONheVI2vLtaVOjpnPopDu,7 0.0544 374 136 647 373 11 0.0520 371 140 643 372 0 0.0514 373 135 640 376 6 0.0505 379 139 639 373
FRAwEPWJlYDd18QKwXw2SULAdyjI4D4K,7 0.0617 194 675 565 849 11 0.0604 327 670 686 846 8 0.0600 193 676 552 847 0 0.0587 192 676 565 852 5 0.0581 252 666 627 844 6 0.0570 192 676 567 849 5 0.0555 305 531 555 770 8 0.0553 310 538 549 770 10 0.0550 187 676 565 847 7 0.0545 309 534 564 776 3 0.0542 258 673 629 852 3 0.0520 309 541 559 782 0 0.0519 310 535 560 778 11 0.0518 315 457 558 694 0 0.0507 169 327 441 552 2 0.0507 329 673 685 849 13 0.0503 333 666 700 848
XUnAzcySkPbY727jEDwuu1TyeyjvvTbH,5 0.0637 294 792 556 1019 0 0.0637 433 786 691 1023 11 0.0615 373 662 646 897 0 0.0597 424 650 697 889 13 0.0586 433 719 695 963 7 0.0585 375 786 635 1023 5 0.0582 427 783 685 1018 11 0.0578 371 789 630 1020 13 0.0575 322 725 582 968 7 0.0568 489 795 761 1023 8 0.0567 374 785 624 1023 6 0.0561 380 661 646 894 11 0.0554 317 593 579 838 7 0.0550 382 661 645 901 8 0.0549 426 651 693 887 11 0.0549 750 2 1019 200 8 0.0546 323 592 571 838 6 0.0545 374 789 634 1021 11 0.0542 487 798 752 1019 0 0.0535 298 792 557 1023 11 0.0534 489 592 756 830 13 0.0533 489 796 759 1023 0 0.0530 322 590 579 844 10 0.0528 298 796 556 1021 3 0.0528 376 787 628 1023 11 0.0525 314 461 582 698 2 0.0522 435 789 696 1023 5 0.0520 422 647 694 883 3 0.0519 380 657 642 904 6 0.0516 324 532 581 770 5 0.0512 315 651 578 897 9 0.0512 432 786 690 1017 0 0.0511 559 787 827 1023 8 0.0510 487 793 744 1021 5 0.0510 158 802 410 1020 13 0.0509 325 465 585 706 7 0.0507 325 593 582 843 13 0.0503 326 594 583 841 10 0.0501 377 663 642 894 6 0.0500 498 591 761 827
UC5RDeziChzzgNipvjzEYBQC2oGwd3n5,8 0.0570 528 265 761 506 8 0.0559 190 58 427 313 13 0.0554 250 0 517 196 11 0.0552 521 206 781 445 8 0.0549 253 1 501 192 11 0.0547 244 2 511 192 3 0.0543 521 324 765 575 7 0.0537 525 326 772 566 6 0.0537 251 0 510 195 0 0.0537 189 60 435 312 0 0.0535 569 534 832 774 5 0.0533 243 0 504 192 11 0.0533 519 325 768 563 11 0.0533 184 62 438 308 5 0.0530 522 202 769 447 13 0.0527 588 263 841 507 11 0.0526 638 247 904 483 8 0.0521 592 201 832 439 11 0.0519 564 538 830 769 0 0.0514 514 329 770 570 6 0.0510 575 537 833 771 3 0.0508 252 0 510 197 8 0.0503 569 535 823 775
WHzvCTIN6nMnZNgBVHHuCKsc4RJfJk6p,11 0.0704 247 589 499 834 11 0.0656 372 470 623 703 7 0.0646 313 460 559 700 8 0.0627 253 654 494 901 7 0.0614 253 653 500 902 0 0.0612 262 670 639 846 0 0.0611 309 460 557 701 6 0.0605 249 590 502 837 5 0.0598 242 527 492 775 11 0.0597 245 463 497 700 8 0.0595 247 530 493 774 7 0.0594 245 529 501 777 5 0.0591 261 670 636 846 3 0.0583 309 464 557 706 3 0.0582 244 531 498 781 13 0.0579 247 530 501 776 2 0.0575 248 594 501 839 3 0.0572 273 672 644 849 5 0.0569 306 457 553 698 10 0.0568 307 465 557 698 8 0.0568 310 462 552 698 13 0.0565 276 673 649 849 11 0.0562 258 784 502 1008 7 0.0562 196 779 441 1009 10 0.0557 243 534 498 775 6 0.0555 379 468 628 707 10 0.0546 268 675 643 844 0 0.0539 255 778 499 1013 11 0.0539 305 402 551 627 6 0.0536 246 460 501 702 0 0.0535 371 406 628 635 13 0.0532 199 782 444 1010 13 0.0527 311 460 563 700 0 0.0524 255 393 502 636 2 0.0523 309 465 553 701 7 0.0522 378 403 629 636 7 0.0515 256 392 504 634 1 0.0515 243 525 496 775 5 0.0513 248 389 497 628 8 0.0511 258 779 491 1012 12 0.0510 249 591 499 838 9 0.0504 243 531 494 776 3 0.0504 378 405 629 641 1 0.0501 249 646 496 899 1 0.0500 307 456 553 701
pCLwzyc2UMRG66HL8pn3hmPOyKsJPNoB,5 0.0615 237 799 493 1021 13 0.0554 276 2 651 150 11 0.0553 245 809 501 1022 3 0.0547 503 7 759 240 8 0.0546 71 0 416 149 5 0.0543 0 0 353 151 11 0.0532 134 0 497 151 0 0.0529 148 1 491 157 8 0.0525 250 805 491 1021 7 0.0521 570 11 833 246 7 0.0518 246 808 512 1023 6 0.0515 68 1 435 148 5 0.0515 564 5 826 243 5 0.0509 265 0 630 146 6 0.0502 251 802 510 1016
Tey6yk1kfBlfUnRsLcT0CkB71y7xXHyP,11 0.0601 506 587 761 829 3 0.0588 511 586 757 837 7 0.0578 506 444 758 691 5 0.0577 504 582 761 830 11 0.0565 501 448 754 687 5 0.0557 179 652 441 890 5 0.0549 292 665 572 894 3 0.0546 506 446 755 698 8 0.0543 568 715 817 964 0 0.0538 567 719 823 969 0 0.0535 506 584 761 835 8 0.0534 240 651 496 892 7 0.0533 513 584 764 832 6 0.0533 570 450 827 696 13 0.0531 303 673 585 900 7 0.0524 581 794 833 1023 8 0.0522 366 665 634 896 13 0.0520 569 452 826 696 13 0.0518 187 659 451 896 8 0.0517 187 580 430 826 2 0.0516 513 588 763 829 13 0.0514 584 798 836 1022 11 0.0513 231 661 506 890 11 0.0506 631 528 880 763 11 0.0505 363 670 641 895 10 0.0504 511 591 759 831 11 0.0503 430 517 692 750 8 0.0502 507 583 751 834
aX1o2RegUs0El4RTnJ0k2BGbG5eFagtp,0 0.0631 496 784 756 1023 11 0.0629 496 788 751 1023 7 0.0627 498 783 758 1023 11 0.0618 368 781 627 1019 8 0.0618 371 774 619 1021 8 0.0613 498 782 749 1023 5 0.0606 491 780 749 1022 8 0.0604 197 783 441 1022 13 0.0600 499 785 760 1023 0 0.0598 367 777 628 1020 11 0.0595 193 785 451 1023 0 0.0588 507 468 750 688 11 0.0573 506 465 755 684 0 0.0573 194 782 450 1023 6 0.0569 498 784 755 1022 3 0.0569 498 786 755 1023 13 0.0557 372 777 634 1022 0 0.0556 700 602 960 844 6 0.0553 370 779 631 1018 3 0.0546 513 464 752 692 7 0.0546 369 778 632 1021 5 0.0544 191 779 446 1020 8 0.0544 513 322 751 554 10 0.0540 496 787 753 1022 5 0.0539 363 709 625 955 9 0.0537 493 787 753 1019 7 0.0536 514 462 756 687 0 0.0536 509 328 763 554 11 0.0534 440 398 698 623 11 0.0530 244 383 493 625 7 0.0528 197 782 452 1022 5 0.0528 693 594 959 837 6 0.0528 511 466 756 686 5 0.0528 503 456 749 685 11 0.0526 114 471 387 710 6 0.0524 199 784 452 1023 3 0.0519 198 785 449 1023 11 0.0516 171 328 428 563 10 0.0514 193 787 447 1022 2 0.0512 499 790 753 1021 13 0.0510 199 784 456 1023 9 0.0506 365 779 628 1014 5 0.0505 169 321 418 562 0 0.0504 260 582 517 838 11 0.0504 510 329 764 551 10 0.0503 367 779 626 1017 2 0.0503 367 719 635 958 13 0.0503 514 464 759 688 5 0.0502 169 461 433 694 11 0.0501 255 579 514 833
WiuhbAgQlSfdVbhcspmFugSGlXRV8yT8,11 0.0637 246 23 506 257 5 0.0608 495 0 769 191 5 0.0607 365 0 629 201 8 0.0606 304 0 559 199 8 0.0595 580 618 814 851 0 0.0595 303 0 565 201 6 0.0580 371 2 633 202 3 0.0574 369 0 631 206 8 0.0563 122 19 367 259 6 0.0558 583 622 830 852 11 0.0554 371 27 633 268 0 0.0552 120 24 371 261 0 0.0551 580 621 825 854 10 0.0549 307 30 569 261 12 0.0545 305 0 565 201 13 0.0543 372 0 638 204 5 0.0542 113 19 368 253 0 0.0542 2 27 237 267 13 0.0540 123 19 381 261 6 0.0539 317 127 569 375 11 0.0536 251 122 509 367 2 0.0532 309 28 567 264 7 0.0530 377 22 632 272 3 0.0530 121 22 373 266 5 0.0530 578 616 817 853 11 0.0528 114 22 376 254 5 0.0525 368 73 627 324 8 0.0521 4 25 229 264 8 0.0519 503 0 765 187 8 0.0518 429 76 686 319 2 0.0513 581 628 823 856 13 0.0512 318 129 574 374 3 0.0512 313 127 570 379 13 0.0511 253 19 510 265 8 0.0511 311 69 551 319 1 0.0510 362 0 628 201 5 0.0510 0 21 237 267 7 0.0509 252 20 504 260 6 0.0508 121 22 374 257 9 0.0506 364 1 632 198 6 0.0502 644 532 902 766 13 0.0501 508 0 782 193
B0zdx3znTphkIeNnvw1I9Jh63q4q0CdF,11 0.0585 571 606 838 824 11 0.0571 508 542 774 757 8 0.0554 575 604 823 828 8 0.0546 509 541 768 764 6 0.0533 513 541 779 763 5 0.0525 508 536 771 760 0 0.0523 510 483 770 705 0 0.0522 503 0 751 200 0 0.0520 581 539 844 765 11 0.0519 498 1 753 198 8 0.0512 500 0 745 200 5 0.0506 571 600 833 827 13 0.0505 574 0 837 197
PvLAeFhkALCWnxcmGFHUGXganiF82l4p,8 0.0635 497 587 751 834 11 0.0632 509 522 766 766 11 0.0631 313 518 587 760 0 0.0618 493 587 759 834 7 0.0614 502 582 761 834 11 0.0609 437 464 700 698 8 0.0598 263 397 502 638 6 0.0589 500 587 757 835 7 0.0584 391 334 636 560 11 0.0579 286 418 645 597 5 0.0578 254 393 515 637 0 0.0578 407 488 772 668 11 0.0576 505 401 755 625 10 0.0576 440 529 704 766 3 0.0571 391 340 632 566 0 0.0564 508 406 753 627 11 0.0561 310 63 574 303 0 0.0560 430 19 690 246 3 0.0560 502 587 754 837 5 0.0558 243 254 504 484 5 0.0557 493 576 751 832 7 0.0556 444 460 703 701 5 0.0555 563 393 830 626 13 0.0554 263 394 520 643 8 0.0553 333 465 585 701 13 0.0551 501 584 760 831 13 0.0549 371 581 641 829 11 0.0548 283 652 578 894 8 0.0547 313 67 564 304 8 0.0547 614 482 937 673 11 0.0546 427 17 691 241 5 0.0545 430 14 690 239 13 0.0543 294 473 659 667 8 0.0539 432 18 687 245 5 0.0538 661 481 1009 674 13 0.0538 394 336 642 560 0 0.0537 359 583 636 832 5 0.0536 304 55 568 305 8 0.0535 412 486 762 669 7 0.0534 372 520 638 762 0 0.0533 393 339 631 562 3 0.0533 440 20 691 250 11 0.0532 663 485 1012 674 3 0.0529 332 462 596 706 0 0.0528 310 62 573 308 3 0.0528 262 397 513 640 10 0.0527 287 477 649 664 10 0.0527 435 21 694 243 5 0.0525 186 332 447 562 8 0.0525 510 402 747 626 10 0.0524 617 486 945 667 8 0.0523 361 587 627 831 13 0.0522 434 16 696 243 8 0.0521 195 333 440 567 6 0.0521 367 585 636 828 7 0.0519 318 60 572 306 7 0.0517 265 390 517 639 6 0.0509 488 484 833 673 8 0.0509 390 338 625 559 7 0.0509 509 401 758 628 10 0.0507 362 585 633 832 5 0.0506 385 332 630 557 5 0.0506 359 576 632 826 10 0.0505 311 67 575 305 6 0.0505 269 396 522 636 2 0.0504 443 530 702 769 6 0.0501 395 340 640 560 11 0.0501 191 338 452 561
lNNk6plIVLLdGrhXo40RoSza8pq6D7oR,11 0.0633 250 787 490 1018 0 0.0632 315 786 565 1023 7 0.0620 317 787 569 1022 8 0.0602 319 786 561 1022 5 0.0594 310 784 560 1018 0 0.0570 251 722 500 960 7 0.0568 256 720 501 956 10 0.0567 314 791 566 1021 6 0.0567 252 791 494 1023 11 0.0545 314 726 573 948 13 0.0543 320 790 572 1023 2 0.0537 318 791 567 1023 11 0.0531 115 274 382 521 5 0.0522 246 720 493 951 9 0.0517 314 791 564 1021 3 0.0511 252 784 491 1023 13 0.0509 124 273 391 530 12 0.0507 253 783 490 1023 6 0.0506 321 724 575 954
Z0Cvib6mU6tmlxgbziLAeFB49Zjt2vnZ,5 0.0553 240 522 511 772 13 0.0539 390 520 653 761 8 0.0532 375 397 628 628 8 0.0531 389 514 640 765 13 0.0526 353 671 731 857 11 0.0521 397 606 777 794 5 0.0521 433 789 679 1021 11 0.0519 295 803 552 1017 8 0.0519 351 669 712 862 5 0.0517 332 665 720 860 0 0.0513 311 457 577 704 0 0.0513 384 517 647 766 0 0.0511 312 655 581 905 10 0.0510 388 522 650 762 5 0.0509 372 456 634 691 7 0.0508 409 604 786 800 11 0.0506 341 669 719 859 11 0.0505 243 665 509 907 7 0.0503 315 459 582 704 7 0.0501 454 647 712 905 11 0.0501 189 784 432 1003 8 0.0501 303 801 544 1020
IoxFFbxF0DI5I8P4koJ2aZki8N3lAmf5,5 0.0655 565 463 814 717 0 0.0649 640 404 887 647 0 0.0646 568 468 817 718 5 0.0633 637 403 883 645 8 0.0626 569 467 815 718 7 0.0624 573 468 820 715 11 0.0620 640 407 887 645 11 0.0611 569 469 817 715 8 0.0597 641 404 881 644 13 0.0579 643 404 894 645 13 0.0579 501 527 764 768 10 0.0577 568 470 820 716 7 0.0576 643 405 888 643 10 0.0572 638 410 887 641 6 0.0571 571 468 821 717 6 0.0563 643 405 891 645 3 0.0562 506 464 756 711 5 0.0562 633 529 883 771 11 0.0561 698 472 951 696 8 0.0555 641 536 881 772 2 0.0553 571 472 821 715 2 0.0551 643 408 890 643 7 0.0551 640 537 887 773 8 0.0550 700 469 941 697 3 0.0549 644 408 887 648 11 0.0547 637 537 890 768 6 0.0538 643 537 894 772 12 0.0535 571 467 818 716 0 0.0531 699 469 946 701 6 0.0529 707 467 952 698 7 0.0521 703 467 949 701 9 0.0520 500 464 756 699 13 0.0520 641 537 893 775 9 0.0519 639 404 887 641 3 0.0515 647 538 886 778 2 0.0510 637 544 893 775 11 0.0505 358 790 623 1005 1 0.0504 566 465 816 714 10 0.0503 700 472 950 696 4 0.0503 571 471 823 716
y2oDhhSt26WlpJ2TF49Pz4F90QqI29T6,0 0.0676 0 804 239 1023 5 0.0662 0 794 236 1020 8 0.0639 0 792 237 1020 5 0.0609 59 718 304 952 5 0.0594 0 464 241 695 6 0.0592 3 801 243 1023 2 0.0585 0 804 240 1023 7 0.0571 3 791 247 1023 8 0.0570 4 457 241 696 0 0.0566 1 467 248 702 11 0.0564 63 722 310 948 11 0.0562 2 798 241 1023 11 0.0550 0 546 326 722 11 0.0547 68 603 320 821 7 0.0545 2 545 332 722 0 0.0544 62 724 307 953 7 0.0543 70 599 326 826 5 0.0534 311 789 562 1017 6 0.0529 3 465 255 692 10 0.0523 0 548 329 723 5 0.0522 429 770 673 998 3 0.0516 7 466 249 703 0 0.0515 64 604 317 832 7 0.0513 66 718 315 951 7 0.0507 320 790 570 1022 0 0.0506 434 779 678 1000 13 0.0503 519 344 785 570 8 0.0501 390 780 622 1005 5 0.0501 60 597 313 828
5K68nbEFvBdi7WCE8O640UVNQqSxfNmo,0 0.0649 393 671 759 855 11 0.0633 511 675 890 851 8 0.0631 400 672 748 851 7 0.0614 402 672 762 852 0 0.0599 560 532 823 768 10 0.0596 396 674 757 853 13 0.0590 401 673 765 854 3 0.0584 520 671 890 856 11 0.0579 563 538 826 761 5 0.0574 392 672 750 850 6 0.0571 401 674 760 853 2 0.0567 396 676 760 854 8 0.0555 111 597 360 829 8 0.0545 565 534 812 762 11 0.0517 110 600 375 834 5 0.0514 559 534 818 761 10 0.0512 566 538 823 762 7 0.0510 569 533 826 764 1 0.0508 390 669 756 854 7 0.0502 115 595 378 833 12 0.0501 520 669 891 855
rmffuAQE8chxLWmOa3fUHpSiTgWQIPQH,5 0.0611 190 780 432 1014 8 0.0609 195 781 427 1018 7 0.0606 192 781 437 1020 13 0.0570 198 784 441 1021 0 0.0561 128 781 370 1014 11 0.0560 192 784 435 1013 10 0.0549 191 788 436 1018 6 0.0534 130 784 374 1014 11 0.0529 301 722 553 959 11 0.0524 864 378 1023 749 11 0.0518 346 617 698 797 7 0.0513 309 721 558 964 0 0.0505 348 618 698 803 7 0.0500 443 528 680 741
Bi92UXOb1VtHin6BOYdBunh1L8tkL82c,11 0.0642 383 263 642 501 0 0.0634 333 361 704 550 5 0.0633 312 245 560 489 11 0.0612 256 359 626 538 3 0.0608 410 289 778 478 8 0.0607 406 288 769 472 8 0.0607 338 363 691 547 5 0.0606 368 329 629 577 5 0.0595 373 184 631 420 3 0.0588 374 334 636 583 5 0.0588 399 287 773 473 8 0.0586 381 191 630 419 6 0.0568 337 362 709 548 13 0.0564 390 264 645 507 7 0.0556 339 361 709 547 0 0.0553 320 188 567 424 2 0.0552 354 297 709 481 3 0.0552 385 190 635 427 10 0.0542 407 291 776 473 5 0.0541 624 388 876 644 8 0.0539 251 250 489 485 3 0.0535 321 253 563 499 11 0.0533 325 141 575 366 6 0.0533 321 255 569 491 0 0.0529 626 391 878 643 6 0.0528 381 191 639 420 11 0.0521 247 250 498 485 13 0.0519 342 362 713 552 8 0.0516 430 727 681 963 0 0.0514 183 255 425 504 12 0.0514 413 289 784 476 0 0.0513 322 83 567 319 6 0.0512 630 392 886 642 6 0.0508 185 820 444 1021 1 0.0507 340 291 711 484 11 0.0504 621 399 881 639 11 0.0501 643 297 1005 472
W1Mu6ZI6nO65OOPKMWGBDJBVFd46qNeX,11 0.0654 313 659 569 903 0 0.0654 319 653 568 910 7 0.0648 405 676 753 854 0 0.0647 402 678 748 857 11 0.0642 395 679 750 853 10 0.0640 252 660 505 909 5 0.0633 395 675 741 854 7 0.0632 255 655 504 910 5 0.0629 248 653 499 909 8 0.0616 255 656 499 911 10 0.0612 399 679 747 853 5 0.0611 305 593 558 837 8 0.0604 401 676 742 854 10 0.0602 309 601 561 837 6 0.0591 255 659 505 910 3 0.0589 255 654 504 915 6 0.0582 404 678 749 855 11 0.0580 306 540 559 769 13 0.0573 403 676 756 855 3 0.0572 404 676 749 858 13 0.0571 256 656 508 912 3 0.0538 314 592 561 844 7 0.0538 434 528 676 763 7 0.0537 314 536 562 773 12 0.0536 255 656 502 911 9 0.0534 394 677 746 852 0 0.0534 308 539 556 778 13 0.0528 314 598 569 838 1 0.0526 252 653 504 912 2 0.0526 402 681 747 854 6 0.0524 312 598 565 835 2 0.0522 254 660 502 909 8 0.0516 310 538 546 773 4 0.0516 252 658 505 912 12 0.0512 402 674 750 854 11 0.0512 429 531 677 760 9 0.0508 248 658 503 905 4 0.0505 402 677 754 856 10 0.0503 369 548 619 771
4ESNie5tN5v8Wa3ev8sLTYAK2CEjBG1F,8 0.0635 271 478 621 662 11 0.0633 190 426 573 599 8 0.0619 200 426 564 599 11 0.0613 268 476 632 665 5 0.0584 341 606 703 794 3 0.0572 278 474 631 670 5 0.0567 372 454 639 711 0 0.0562 193 424 576 601 11 0.0560 205 541 584 727 8 0.0559 210 545 573 724 7 0.0555 319 461 570 707 7 0.0552 357 612 713 801 11 0.0546 269 609 636 799 5 0.0543 251 455 502 698 5 0.0542 185 419 570 599 8 0.0538 348 614 697 791 13 0.0534 317 465 568 706 6 0.0533 318 462 567 704 13 0.0530 203 424 581 603 3 0.0526 220 542 578 731 6 0.0520 200 424 583 600 7 0.0515 200 424 580 602 6 0.0512 328 158 568 395 11 0.0511 503 279 761 508 13 0.0510 191 471 441 704 13 0.0508 347 666 726 847 0 0.0505 692 419 954 644 3 0.0504 189 392 421 653
pFy1RCsPQWK97lYMWbBJuedQPpoMBSKF,11 0.0610 321 346 700 533 7 0.0609 329 345 708 537 11 0.0606 437 789 673 1020 7 0.0594 441 786 680 1019 0 0.0582 435 784 676 1023 0 0.0580 367 618 638 857 5 0.0578 433 785 671 1015 0 0.0576 318 331 578 565 11 0.0574 281 420 645 597 11 0.0574 384 218 646 440 7 0.0570 312 407 581 645 0 0.0570 441 676 698 912 8 0.0568 439 782 668 1020 11 0.0566 311 486 579 706 5 0.0565 320 341 697 535 11 0.0562 773 463 1023 691 3 0.0559 506 801 738 1023 13 0.0558 565 394 834 642 7 0.0558 376 487 645 719 11 0.0555 645 422 1003 606 13 0.0553 314 409 584 644 0 0.0553 568 365 931 540 10 0.0550 436 791 675 1022 7 0.0548 250 334 507 585 8 0.0547 324 346 687 536 0 0.0546 374 479 641 721 13 0.0544 442 787 683 1023 11 0.0543 568 363 933 540 8 0.0542 644 422 994 608 3 0.0540 370 776 617 1023 2 0.0538 439 785 678 1023 13 0.0538 331 347 710 536 3 0.0538 331 346 697 539 11 0.0535 367 623 638 847 8 0.0535 447 676 686 912 13 0.0531 377 485 649 718 8 0.0531 563 394 816 638 11 0.0530 441 680 697 907 5 0.0530 306 404 571 642 3 0.0528 285 422 644 605 13 0.0524 778 456 1023 698 5 0.0523 245 329 502 582 11 0.0522 429 475 701 704 6 0.0521 322 332 582 568 10 0.0519 374 488 644 713 0 0.0518 650 422 1004 609 13 0.0517 375 620 643 856 10 0.0516 501 563 755 779 7 0.0514 437 400 707 643 13 0.0513 315 784 569 1023 13 0.0512 441 403 705 644 2 0.0510 327 351 706 535 6 0.0510 377 486 650 716 5 0.0510 561 471 822 711 5 0.0509 361 615 630 848 13 0.0509 252 335 513 587 10 0.0507 626 409 889 641 8 0.0507 552 556 787 798 7 0.0507 446 676 698 907 11 0.0506 772 342 1018 572 6 0.0506 441 790 678 1022 5 0.0506 426 471 695 705 3 0.0506 378 484 643 723 6 0.0505 656 421 1009 605 7 0.0505 371 618 640 854 8 0.0505 314 408 567 641 5 0.0504 563 331 828 582 10 0.0503 562 366 924 540 8 0.0502 248 332 500 583 0 0.0501 439 399 701 643 13 0.0501 504 562 762 783
opWcARIhUIEAzBXRJQFt9B27gr4Druh1,5 0.0617 188 0 443 199 8 0.0615 193 655 443 903 8 0.0604 189 1 440 199 0 0.0591 111 0 373 209 11 0.0586 191 0 449 194 11 0.0584 246 662 517 900 0 0.0579 193 653 448 903 7 0.0577 255 657 521 898 6 0.0571 195 654 450 900 11 0.0561 434 798 685 1018 6 0.0551 189 0 452 200 8 0.0548 41 0 304 207 5 0.0543 245 652 512 897 7 0.0537 439 792 692 1023 10 0.0524 249 664 515 900 3 0.0524 256 656 514 905 5 0.0523 693 13 950 242 5 0.0517 31 0 306 207 11 0.0511 36 2 316 207 8 0.0510 442 407 696 631 11 0.0509 444 406 707 631 11 0.0508 453 535 711 772 8 0.0504 705 15 943 239 0 0.0503 433 801 689 1023
wZWAzXvuoPKMsvVmEVBadPzNqrgGHDbH,0 0.0635 311 535 565 768 5 0.0581 425 468 697 712 5 0.0581 430 600 698 844 0 0.0580 574 398 823 637 0 0.0574 376 472 632 715 7 0.0569 443 604 705 850 11 0.0566 430 669 698 897 5 0.0562 500 662 761 904 11 0.0555 389 350 758 530 6 0.0552 433 669 706 898 11 0.0549 571 397 824 632 11 0.0549 306 727 564 958 8 0.0542 233 739 495 968 5 0.0542 359 530 631 777 0 0.0541 435 545 695 786 5 0.0539 569 390 817 632 11 0.0538 233 818 498 1022 0 0.0537 392 349 755 534 0 0.0536 310 406 560 638 11 0.0534 373 479 636 710 8 0.0531 577 393 816 634 11 0.0530 428 544 700 781 7 0.0529 250 524 497 745 7 0.0529 437 475 701 717 0 0.0528 433 672 695 903 7 0.0528 370 540 639 780 6 0.0527 575 393 826 634 2 0.0527 508 677 764 909 10 0.0525 428 480 700 716 10 0.0523 393 353 752 531 5 0.0521 385 344 751 529 5 0.0521 308 405 562 633 6 0.0520 436 542 706 783 5 0.0520 224 654 502 895 7 0.0519 509 666 769 910 6 0.0517 326 201 561 438 11 0.0515 316 200 563 436 3 0.0515 381 475 639 715 3 0.0513 581 401 820 639 2 0.0512 439 612 702 846 8 0.0509 433 474 691 714 13 0.0507 433 477 705 713 7 0.0504 397 348 764 532 8 0.0504 501 667 754 909 6 0.0503 395 349 763 532 6 0.0502 311 541 571 765 6 0.0502 315 412 566 633 6 0.0501 378 473 640 712
9ZaFaJSrztq3kAz06SOJhKOvoMCYnHKm,5 0.0610 174 262 423 490 11 0.0608 558 793 812 1020 7 0.0595 263 264 511 497 11 0.0588 385 464 634 690 0 0.0582 181 334 438 576 11 0.0582 448 405 691 625 0 0.0579 560 785 813 1023 0 0.0571 438 779 701 1016 8 0.0568 261 266 499 492 11 0.0562 318 317 584 549 11 0.0560 438 787 695 1009 0 0.0558 385 463 632 698 5 0.0556 319 531 576 766 0 0.0555 321 253 582 487 7 0.0552 563 788 818 1023 13 0.0547 121 428 382 646 6 0.0546 265 267 517 492 7 0.0545 442 781 701 1014 0 0.0541 451 409 688 632 8 0.0540 560 787 802 1023 0 0.0540 258 197 516 420 13 0.0538 564 788 820 1023 5 0.0537 497 782 750 1016 5 0.0533 248 190 509 416 8 0.0528 182 340 432 574 13 0.0526 444 780 707 1016 7 0.0525 184 339 440 573 11 0.0524 254 268 514 489 0 0.0523 323 534 576 775 11 0.0521 177 346 446 570 0 0.0520 326 394 576 629 5 0.0520 317 248 577 481 8 0.0520 389 460 626 694 8 0.0519 439 778 688 1013 3 0.0517 259 265 513 500 11 0.0516 322 536 578 768 13 0.0514 188 271 431 497 5 0.0509 256 404 507 638 8 0.0508 326 532 571 771 6 0.0506 186 345 448 570 0 0.0504 112 420 371 646 3 0.0502 559 790 812 1023
49l7rwhbAqjgfmlp6h53Wq2ATwrOdnVG,0 0.0599 386 72 630 304 5 0.0587 626 135 881 371 8 0.0582 636 78 873 306 11 0.0580 561 3 820 194 8 0.0578 561 0 815 199 11 0.0575 569 82 828 303 11 0.0572 391 130 642 372 11 0.0566 316 30 566 253 8 0.0560 569 144 826 372 5 0.0558 375 7 622 254 5 0.0557 558 0 823 197 11 0.0554 629 143 884 371 13 0.0553 563 0 829 195 2 0.0539 574 85 830 305 3 0.0537 635 143 880 378 13 0.0529 393 127 649 371 10 0.0527 559 3 822 195 8 0.0526 328 27 559 257 8 0.0525 576 283 822 520 5 0.0525 571 204 831 437 6 0.0522 383 674 629 899 0 0.0518 562 1 822 199 7 0.0513 569 0 827 198 3 0.0512 564 0 825 201 10 0.0512 322 32 567 252 6 0.0511 575 83 833 303 3 0.0510 576 81 830 314 11 0.0510 372 676 630 903 13 0.0507 385 12 641 252 13 0.0506 573 149 845 373 0 0.0505 636 79 885 310 6 0.0505 395 130 647 373 8 0.0502 385 674 621 902 8 0.0502 635 214 877 441 6 0.0502 636 140 887 373
t2L075f3cvH8NTkM61YbSOPGFzipdSlv,5 0.0602 570 406 825 634 5 0.0572 431 12 695 240 0 0.0567 576 410 827 637 8 0.0566 570 476 815 709 7 0.0565 513 578 768 831 11 0.0554 432 19 701 239 11 0.0552 634 422 902 646 11 0.0550 506 583 762 830 5 0.0547 509 506 761 762 8 0.0546 506 578 755 831 6 0.0543 509 584 766 831 13 0.0536 516 510 770 759 13 0.0535 445 585 707 836 6 0.0533 440 18 702 241 5 0.0533 700 364 956 586 10 0.0530 339 33 690 222 0 0.0530 502 581 766 835 8 0.0529 580 338 825 559 10 0.0529 506 584 761 835 3 0.0528 582 406 825 638 8 0.0528 441 17 693 238 0 0.0522 435 19 698 243 13 0.0521 344 23 696 223 13 0.0519 316 685 694 861 11 0.0519 698 368 961 583 11 0.0518 567 478 824 704 11 0.0511 573 338 835 552 7 0.0510 580 408 829 634 7 0.0510 313 685 690 858 6 0.0509 575 480 826 707 11 0.0507 200 32 586 214 3 0.0505 343 26 690 225 2 0.0502 574 415 828 635
Nko0Uss6MgVztc5bsaYtnGKxp5LTBFAS,5 0.0616 438 0 715 184 11 0.0601 512 460 768 687 11 0.0596 439 2 715 183 6 0.0581 456 527 710 758 6 0.0581 391 0 763 159 8 0.0575 514 462 761 688 3 0.0574 442 470 693 706 11 0.0569 449 530 709 753 11 0.0560 248 324 509 553 7 0.0560 516 456 775 691 6 0.0559 518 460 769 689 11 0.0556 614 142 878 382 3 0.0554 446 0 718 189 13 0.0549 447 0 720 184 11 0.0545 441 409 696 628 8 0.0540 496 780 748 1022 13 0.0540 626 138 880 388 7 0.0540 446 0 722 184 10 0.0536 445 4 717 183 7 0.0533 446 406 700 634 8 0.0531 449 346 692 565 1 0.0531 435 0 719 185 0 0.0530 326 256 571 486 5 0.0528 245 322 503 553 6 0.0528 259 324 509 557 0 0.0527 511 459 771 695 8 0.0523 388 0 747 159 7 0.0521 255 320 508 556 0 0.0518 497 785 761 1023 0 0.0518 451 526 706 761 5 0.0515 435 465 687 700 13 0.0514 457 529 711 757 0 0.0514 388 0 760 160 0 0.0513 438 410 697 636 2 0.0513 445 5 716 184 0 0.0509 634 0 898 210 10 0.0509 186 269 437 499 6 0.0508 638 2 899 209 8 0.0508 435 659 688 890 6 0.0506 625 139 881 382 0 0.0502 189 263 437 503 0 0.0501 621 139 876 387
XXj7qNddF64gj30BgO4ON7bW2BEmNmlF,5 0.0652 244 535 508 777 7 0.0619 251 536 510 780 11 0.0609 243 539 509 775 11 0.0602 314 474 566 708 8 0.0595 626 0 885 186 0 0.0593 622 1 896 190 5 0.0589 619 0 892 188 10 0.0585 246 544 510 776 8 0.0578 247 542 502 777 11 0.0576 246 725 506 956 0 0.0575 249 538 509 779 11 0.0573 624 25 880 259 5 0.0572 315 466 565 707 6 0.0568 247 543 512 777 6 0.0567 630 2 899 187 13 0.0563 628 0 903 187 7 0.0558 626 0 903 185 8 0.0554 318 477 554 705 7 0.0554 322 471 569 708 6 0.0550 322 477 568 708 5 0.0548 123 521 389 760 8 0.0544 253 719 500 956 13 0.0543 248 538 516 777 3 0.0543 249 541 509 786 0 0.0543 249 719 508 961 5 0.0539 246 717 500 958 2 0.0538 249 543 508 780 0 0.0537 321 472 564 711 3 0.0537 686 20 947 251 7 0.0532 253 723 512 958 3 0.0522 251 724 506 964 6 0.0519 130 524 395 765 3 0.0518 321 477 563 716 7 0.0518 126 520 396 764 13 0.0515 253 720 514 963 8 0.0511 121 523 386 766 10 0.0507 126 530 396 765 11 0.0505 124 525 391 761 10 0.0504 320 480 567 708 1 0.0502 245 535 505 777 6 0.0502 254 721 510 961 10 0.0501 623 5 892 187 2 0.0501 626 3 897 188
ikiVWB2SBHFcF22550Vmv9MnvmMaFOYF,0 0.0581 513 407 767 645 8 0.0556 514 403 760 640 11 0.0552 180 605 449 836 11 0.0533 507 407 766 637 7 0.0530 514 403 775 639 8 0.0516 115 590 361 831 6 0.0508 512 407 772 643
HAp1e7r08ZZIYOmuKmWmVwsDaikxdShQ,11 0.0624 366 728 622 946 0 0.0602 367 725 622 952 7 0.0592 372 723 625 948 0 0.0591 699 491 1022 669 5 0.0581 496 331 749 560 11 0.0580 702 491 1023 661 11 0.0564 496 400 753 632 5 0.0562 367 718 618 947 10 0.0561 309 730 545 953 11 0.0560 704 588 964 829 5 0.0557 711 554 1020 740 5 0.0554 388 17 637 244 8 0.0553 371 724 616 945 3 0.0551 374 726 622 954 8 0.0547 714 554 1018 741 0 0.0542 463 673 826 859 11 0.0541 501 286 752 502 5 0.0536 433 215 696 436 8 0.0532 502 335 747 565 6 0.0529 508 334 759 562 0 0.0529 501 402 753 635 0 0.0527 639 543 885 783 6 0.0526 371 725 624 949 3 0.0525 707 490 1019 669 5 0.0523 643 457 883 698 11 0.0522 440 217 704 436 6 0.0521 707 486 1023 666 7 0.0517 720 555 1023 737 11 0.0513 637 545 887 776 3 0.0511 508 337 752 568 2 0.0504 700 493 1023 664 8 0.0503 99 802 343 1022 10 0.0502 698 492 1022 665
NmUR65HtNSGI96BSrRNyiZh9ZxUQfq0p,11 0.0584 305 787 562 1020 7 0.0580 309 786 565 1020 5 0.0574 300 783 551 1018 13 0.0550 309 789 567 1023 8 0.0545 308 786 551 1021 11 0.0545 185 592 436 823 0 0.0544 305 786 560 1023 2 0.0534 308 792 562 1023 8 0.0522 666 803 890 1023 10 0.0519 663 812 900 1023 10 0.0519 305 791 557 1022 8 0.0513 189 591 428 828 0 0.0510 258 596 510 835 6 0.0503 309 791 562 1022
OMJmUbjHivcmkodbrS6LJXvSyTGa9JZw,11 0.0611 512 454 765 698 8 0.0610 579 510 824 765 5 0.0604 579 384 831 636 0 0.0604 0 601 247 853 11 0.0603 0 537 250 772 8 0.0600 1 597 239 851 0 0.0599 583 457 827 711 6 0.0593 589 388 835 633 11 0.0581 583 391 832 633 7 0.0579 7 534 250 777 2 0.0575 513 458 767 699 8 0.0572 512 452 759 702 7 0.0570 518 522 766 772 5 0.0564 0 529 243 776 2 0.0563 580 520 832 767 11 0.0562 453 527 701 774 3 0.0561 588 388 832 642 6 0.0561 517 452 769 699 13 0.0560 457 529 704 775 2 0.0559 455 530 703 775 11 0.0554 579 516 831 766 13 0.0552 582 514 835 769 0 0.0552 387 528 634 788 0 0.0551 448 458 698 712 6 0.0551 4 604 252 851 5 0.0551 446 587 699 839 5 0.0548 507 448 763 699 2 0.0547 511 607 762 843 5 0.0546 575 509 827 765 7 0.0546 457 591 704 838 8 0.0546 450 593 696 837 11 0.0542 381 465 637 713 0 0.0541 320 466 572 722 13 0.0539 515 454 770 701 2 0.0538 587 394 834 636 13 0.0538 322 531 580 777 7 0.0538 325 463 576 717 8 0.0533 386 522 629 783 8 0.0533 582 388 824 636 5 0.0532 380 523 631 777 11 0.0532 509 604 765 840 3 0.0532 582 512 828 773 13 0.0531 384 467 644 717 11 0.0529 320 528 576 774 6 0.0528 451 599 706 838 13 0.0528 587 388 839 637 10 0.0528 584 459 829 703 6 0.0528 585 514 837 764 3 0.0525 2 603 247 859 7 0.0523 588 385 831 634 13 0.0520 330 0 584 237 7 0.0520 390 525 640 782 0 0.0519 510 600 759 844 0 0.0518 5 470 247 710 0 0.0518 244 392 486 637 3 0.0517 516 455 766 707 0 0.0517 755 596 1004 846 0 0.0517 249 519 496 766 6 0.0516 384 464 643 716 7 0.0515 453 455 701 709 8 0.0515 249 512 493 761 10 0.0512 1 605 250 849 5 0.0512 247 513 494 760 8 0.0510 323 460 566 717 7 0.0505 252 514 500 762 3 0.0504 511 602 759 850 10 0.0504 449 463 698 706
FrIszKFcMV3mbRJhsoJTydqQYB93rDoe,5 0.0619 319 585 564 843 11 0.0601 320 660 575 891 13 0.0573 323 465 570 720 7 0.0567 326 659 578 893 13 0.0563 392 531 636 780 0 0.0561 319 469 571 726 0 0.0561 375 667 640 903 3 0.0560 328 658 570 900 11 0.0555 320 539 567 780 0 0.0553 308 717 566 965 0 0.0548 324 585 568 851 11 0.0548 366 733 635 966 8 0.0546 316 721 555 961 5 0.0546 373 665 635 895 5 0.0540 310 720 561 959 6 0.0539 328 655 579 894 11 0.0537 435 685 702 900 5 0.0535 385 527 631 777 10 0.0528 324 596 565 843 5 0.0522 318 404 579 653 11 0.0521 166 413 429 644 0 0.0521 169 411 426 650 11 0.0518 442 277 692 514 8 0.0517 379 670 632 900 7 0.0517 441 674 709 905 3 0.0516 330 411 580 657 7 0.0515 331 534 570 784 0 0.0515 374 794 634 1023 6 0.0513 446 278 696 521 8 0.0513 323 589 560 847 0 0.0513 170 275 446 524 7 0.0512 448 276 700 516 3 0.0510 328 536 566 787 0 0.0509 439 280 692 517 11 0.0508 247 728 499 970 0 0.0508 391 533 630 787 13 0.0506 329 586 573 849 6 0.0504 328 409 585 653 3 0.0503 439 680 706 908 11 0.0502 319 413 579 652 7 0.0501 373 735 642 968
DRZqhZsDyBe1d0z3wgE8eV3sr4R6bDbq,11 0.0636 241 717 500 956 11 0.0554 309 794 549 1019 8 0.0549 247 713 494 959 0 0.0540 242 707 499 959 0 0.0537 309 785 552 1019 11 0.0537 771 581 1023 809 11 0.0535 225 193 503 413 11 0.0533 243 322 512 547 7 0.0531 245 712 502 960 13 0.0531 778 579 1023 814 13 0.0522 316 787 559 1023 8 0.0521 249 317 504 551 5 0.0517 684 0 950 189 7 0.0516 311 786 557 1023 7 0.0513 256 317 514 549 5 0.0513 239 709 495 958 13 0.0511 247 714 508 962 11 0.0507 640 585 907 824 0 0.0504 246 320 511 554 7 0.0503 231 188 508 417
RieRCKkG7rwHpT6TSS9pth5jF0O7QS2j,11 0.0555 236 273 502 498 0 0.0550 240 200 497 438 5 0.0542 176 257 428 497 11 0.0526 228 11 505 254 6 0.0524 450 399 720 649 0 0.0519 245 70 505 313 13 0.0517 377 407 660 647 11 0.0515 298 90 568 314 5 0.0509 236 196 495 431 0 0.0503 181 138 433 376 13 0.0503 444 342 705 571 6 0.0500 254 71 509 311 0 0.0500 183 263 430 507
i6aOXumOuQqVA5ODYGzyh2Y2oVNpaNjs,11 0.0516 523 611 874 792
WTH86Gu0L4RBeeAYlFgp7wRkdIfOY4Xd,5 0.0595 443 514 709 758 11 0.0594 442 522 711 755 0 0.0589 442 521 710 762 5 0.0575 418 654 699 892 8 0.0573 450 522 701 757 11 0.0566 640 1 1023 148 0 0.0565 637 1 1015 153 0 0.0535 379 457 635 699 11 0.0535 376 459 638 696 13 0.0530 643 0 1023 154 7 0.0530 445 519 714 760 5 0.0530 374 453 634 699 3 0.0522 452 587 703 828 13 0.0520 452 588 714 822 13 0.0519 382 457 639 701 6 0.0518 451 587 710 820 11 0.0517 370 591 640 817 0 0.0515 421 661 702 900 8 0.0513 641 0 1004 150 5 0.0511 254 317 512 551 8 0.0510 378 459 628 697 5 0.0508 371 585 636 820 11 0.0508 313 325 571 558 0 0.0505 309 79 577 320 10 0.0501 445 525 708 758 8 0.0501 422 660 689 893 6 0.0500 382 457 640 699
kVb81yTR4ExAbKV8jhut2La7XfYQPPPi,11 0.0625 312 593 564 819 0 0.0610 226 646 499 899 8 0.0598 247 594 494 830 0 0.0597 311 590 562 827 0 0.0595 176 31 440 269 11 0.0594 179 33 442 263 6 0.0586 302 642 567 883 7 0.0580 315 588 567 821 5 0.0576 293 642 564 882 5 0.0571 180 585 434 833 11 0.0570 227 652 501 886 7 0.0567 188 588 440 831 8 0.0566 168 641 433 885 11 0.0558 291 718 571 943 3 0.0557 302 648 568 883 8 0.0557 231 713 497 955 8 0.0551 183 538 427 770 13 0.0543 304 647 573 883 8 0.0541 181 30 434 267 11 0.0538 170 720 441 955 7 0.0534 299 713 574 944 8 0.0529 116 703 367 960 6 0.0523 170 641 441 886 10 0.0521 310 594 562 820 5 0.0516 222 712 494 952 13 0.0513 183 33 448 269 11 0.0510 193 479 441 713 7 0.0509 177 715 447 958 6 0.0509 189 539 445 774 13 0.0505 231 716 509 960
N0rR3Bb5FF8dC0Ot3OiI5BmsvQDaIrSZ,0 0.0615 379 602 638 844 0 0.0598 442 673 707 899 7 0.0573 443 669 710 898 8 0.0559 440 671 697 893 5 0.0559 432 667 701 897 5 0.0558 373 598 638 838 11 0.0555 372 604 638 839 8 0.0547 377 605 627 837 11 0.0546 430 673 704 896 6 0.0537 438 674 709 896 7 0.0527 378 601 643 841 11 0.0523 401 210 649 449 8 0.0521 778 207 1012 449 11 0.0510 331 127 585 370 3 0.0504 380 605 642 847
Ba0CPpVDsmZQXLAjTFUWIba62Mfm4m4i,14 1.0 0 0 1 1
AitKQ12W0in08B3be7H1wmbdWGgeoHbe,0 0.0582 443 608 692 835 0 0.0551 444 739 703 972 6 0.0549 443 608 696 830 7 0.0541 387 599 632 832 0 0.0540 391 525 625 770 11 0.0536 382 600 632 823 13 0.0535 387 601 634 828 11 0.0534 388 474 627 703 0 0.0531 262 665 629 853 8 0.0530 315 596 560 836 11 0.0529 317 537 571 771 7 0.0528 324 535 571 780 3 0.0527 388 598 633 833 7 0.0525 383 797 645 1023 0 0.0525 508 537 763 773 11 0.0523 507 534 768 764 5 0.0521 306 786 561 1019 5 0.0518 378 595 629 826 6 0.0515 393 526 632 765 5 0.0515 313 532 564 773 11 0.0514 14 479 265 708 6 0.0514 321 473 566 709 13 0.0514 322 473 568 712 3 0.0507 449 737 702 975 8 0.0507 443 606 682 831 10 0.0505 383 601 629 824 7 0.0504 393 471 628 708 13 0.0502 321 797 569 1023 8 0.0501 381 797 631 1021
awUDU2rHf5JML501RkVAfRnlw2Htv9ef,5 0.0647 241 593 501 842 11 0.0634 243 596 503 842 5 0.0630 237 456 492 697 5 0.0629 368 460 634 715 6 0.0629 260 399 498 622 8 0.0626 183 455 430 701 0 0.0626 180 460 433 702 8 0.0619 251 527 496 773 8 0.0619 314 464 565 708 11 0.0619 308 536 570 766 0 0.0617 370 592 635 833 11 0.0617 251 402 497 622 8 0.0616 369 589 627 829 5 0.0614 558 511 818 751 11 0.0608 177 459 436 701 0 0.0606 254 401 498 626 5 0.0606 315 397 565 633 5 0.0606 365 587 629 830 6 0.0605 238 667 505 910 0 0.0604 560 461 829 700 6 0.0603 315 533 575 766 13 0.0602 372 594 639 831 6 0.0597 500 443 761 695 5 0.0596 494 439 756 696 5 0.0590 634 453 892 698 10 0.0587 366 596 634 827 7 0.0584 180 455 437 699 3 0.0584 252 531 499 778 11 0.0583 307 659 573 894 7 0.0582 371 589 637 831 3 0.0580 376 466 640 721 6 0.0579 389 399 638 637 13 0.0578 312 469 577 710 11 0.0577 367 594 633 830 11 0.0576 372 470 635 715 7 0.0574 253 526 504 775 13 0.0573 508 511 764 757 0 0.0573 246 594 505 844 13 0.0573 250 529 507 776 6 0.0571 183 458 438 700 0 0.0570 114 401 371 643 8 0.0570 258 398 491 621 3 0.0569 371 591 635 835 10 0.0567 245 602 502 842 10 0.0567 178 468 435 700 11 0.0565 110 403 378 634 13 0.0565 311 660 580 900 0 0.0564 309 653 574 903 7 0.0563 308 655 577 902 8 0.0563 505 505 749 758 11 0.0562 498 447 760 694 8 0.0561 391 396 629 635 7 0.0560 502 442 764 695 3 0.0558 508 509 759 763 8 0.0555 231 662 496 913 5 0.0553 238 322 484 549 5 0.0543 373 328 627 571 5 0.0542 342 744 611 962 10 0.0542 241 334 487 553 2 0.0540 370 597 634 830 6 0.0540 646 452 902 696 12 0.0540 255 528 502 778 11 0.0540 375 337 634 571 7 0.0540 312 465 575 708 13 0.0539 180 396 436 632 3 0.0539 255 397 495 627 2 0.0538 250 603 501 843 7 0.0538 391 398 639 638 10 0.0536 374 471 638 714 2 0.0536 504 511 761 757 13 0.0534 393 399 645 640 5 0.0534 173 393 424 623 7 0.0533 564 517 828 752 5 0.0531 217 715 486 960 11 0.0530 562 520 825 750 10 0.0530 497 447 757 695 6 0.0526 565 514 827 751 5 0.0525 297 262 558 487 3 0.0525 234 669 499 917 6 0.0524 120 397 375 640 12 0.0524 377 468 639 713 4 0.0521 367 595 636 830 2 0.0521 181 465 432 701
eT9jevXWmIuL4cvSk3UmB7PCWLOmRGeP,0 0.0573 314 598 576 840 5 0.0561 382 462 640 707 7 0.0560 387 531 642 774 0 0.0557 385 530 637 771 11 0.0553 312 602 575 835 11 0.0552 382 470 642 708 7 0.0529 262 469 630 660 0 0.0528 378 673 645 908 5 0.0527 309 593 572 835 8 0.0524 385 531 632 768 8 0.0522 382 670 634 906 7 0.0520 317 599 581 841 5 0.0520 420 361 705 580 6 0.0519 387 530 640 769 10 0.0519 386 473 647 708 0 0.0518 267 468 622 659 13 0.0511 389 466 649 711 11 0.0511 425 369 702 583 8 0.0510 315 596 570 836 13 0.0510 320 599 584 837 11 0.0507 377 676 640 902
imHOw8PUXePIZAdyFASVZSjCMICypUx4,7 0.0641 177 661 435 898 11 0.0634 170 590 427 819 11 0.0633 194 674 557 844 0 0.0626 178 719 430 960 0 0.0619 199 672 561 845 11 0.0619 301 527 571 770 8 0.0615 200 672 549 844 7 0.0607 245 592 503 826 10 0.0606 198 675 559 844 7 0.0603 183 530 440 762 5 0.0599 191 670 551 842 0 0.0594 109 658 364 889 0 0.0593 379 661 640 904 10 0.0586 173 595 426 820 8 0.0585 63 580 304 811 7 0.0585 307 527 575 769 5 0.0582 174 714 424 953 11 0.0582 239 719 494 951 11 0.0580 186 477 445 703 11 0.0579 113 534 367 755 7 0.0576 247 716 501 955 3 0.0575 177 661 432 902 6 0.0571 275 679 638 850 7 0.0566 120 587 369 818 8 0.0565 244 715 491 955 13 0.0562 201 672 567 844 5 0.0560 114 581 362 816 3 0.0560 247 593 499 832 7 0.0560 317 661 580 906 8 0.0559 302 528 562 770 11 0.0559 452 661 699 892 6 0.0558 176 664 436 899 5 0.0558 176 530 435 759 6 0.0556 118 589 369 818 3 0.0556 117 588 366 824 8 0.0551 456 659 695 893 6 0.0547 183 536 440 763 7 0.0546 460 656 706 893 0 0.0545 302 527 572 773 6 0.0544 455 659 705 894 0 0.0544 304 721 562 965 0 0.0543 183 532 436 763 8 0.0542 190 471 436 704 7 0.0541 253 464 511 694 10 0.0539 243 541 497 765 2 0.0535 57 534 311 759 11 0.0533 392 404 641 624 0 0.0532 59 582 312 816 6 0.0530 244 595 505 827 5 0.0530 300 523 564 769 13 0.0526 118 587 372 822 5 0.0522 450 657 694 893 6 0.0522 55 531 315 758 3 0.0522 184 532 436 766 0 0.0520 252 466 508 697 0 0.0519 392 406 642 628 6 0.0518 246 721 500 954 10 0.0517 57 583 310 815 2 0.0517 200 677 557 844 7 0.0514 185 401 444 630 2 0.0513 179 722 430 956 13 0.0512 248 716 503 955 7 0.0507 395 404 652 622 6 0.0506 306 530 578 771 4 0.0506 175 591 430 820 13 0.0505 385 661 651 901 10 0.0501 241 717 496 951
u4ubCIDL4ZdWbD13mCJ0lPhyEjDe3q0W,0 0.0618 244 656 491 904 7 0.0618 246 655 495 898 11 0.0600 241 658 491 898 8 0.0592 247 655 485 896 5 0.0591 246 707 495 961 10 0.0574 241 662 493 898 5 0.0573 115 712 373 949 0 0.0570 114 665 372 897 6 0.0568 251 711 501 964 7 0.0561 113 663 374 892 8 0.0560 114 666 365 892 11 0.0552 109 664 372 892 13 0.0549 193 711 450 957 10 0.0546 108 669 371 892 3 0.0545 246 657 491 907 8 0.0536 181 610 416 835 2 0.0525 252 713 499 965 5 0.0509 241 596 481 833 1 0.0509 188 705 445 957 6 0.0508 182 665 438 898
seB4s2Q8XKzqYcpf99IntIP1Yo3VnS2F,0 0.0667 437 211 697 456 11 0.0665 581 345 836 589 11 0.0665 497 212 755 451 11 0.0664 441 327 694 580 8 0.0657 505 272 753 518 5 0.0656 497 208 749 450 5 0.0652 367 203 633 456 7 0.0651 441 267 700 517 11 0.0640 296 328 564 578 3 0.0638 511 333 759 590 8 0.0637 436 212 695 455 3 0.0634 579 270 827 512 3 0.0631 371 208 634 457 0 0.0630 576 265 826 511 10 0.0628 435 269 696 515 7 0.0628 510 330 757 584 3 0.0626 439 269 697 521 5 0.0624 504 326 753 582 11 0.0624 367 209 635 453 5 0.0619 295 322 561 577 6 0.0616 439 213 700 454 0 0.0614 643 336 910 576 7 0.0613 372 207 636 457 8 0.0607 297 328 558 575 8 0.0604 586 346 830 591 5 0.0602 573 261 824 504 0 0.0602 446 325 695 584 10 0.0596 506 335 757 581 13 0.0592 373 205 640 455 10 0.0591 304 278 566 518 3 0.0591 306 274 566 522 2 0.0588 437 215 699 456 7 0.0588 301 327 565 576 2 0.0587 506 276 757 518 0 0.0586 307 275 566 520 6 0.0585 447 326 696 581 10 0.0585 577 269 827 500 13 0.0582 449 325 699 582 13 0.0580 310 271 572 519 6 0.0577 302 328 565 577 7 0.0572 581 265 831 506 9 0.0571 499 212 751 449 6 0.0571 509 272 760 516 9 0.0570 368 207 634 453 12 0.0568 437 210 701 455 9 0.0562 506 332 756 579 13 0.0560 587 346 842 590 11 0.0560 694 325 961 563 11 0.0558 179 405 450 644 1 0.0554 434 264 696 514 2 0.0551 304 275 564 519 13 0.0550 502 213 758 452 12 0.0548 508 268 759 519 13 0.0546 698 480 950 704 9 0.0542 303 272 567 514 0 0.0539 185 399 449 646 8 0.0535 182 401 444 642 12 0.0532 308 271 569 517 0 0.0527 691 475 941 707 4 0.0526 440 269 699 517 11 0.0525 620 110 889 334 6 0.0522 251 213 506 456 2 0.0521 587 351 834 592 1 0.0521 504 328 756 583 6 0.0520 585 347 839 593 6 0.0519 192 403 455 641 4 0.0514 511 333 760 582 7 0.0513 187 401 455 643 9 0.0513 574 268 825 502 5 0.0507 680 475 938 696 1 0.0507 298 324 563 575 3 0.0506 189 404 449 647 0 0.0504 623 112 883 341
SwglS2Vl1gFa1sjyF5eDAt7UIUCDugS6,5 0.0582 241 797 482 1018 8 0.0560 249 796 483 1022 11 0.0557 439 282 695 515 0 0.0542 493 279 758 523 6 0.0541 7 681 261 907 0 0.0539 3 680 255 910 11 0.0539 571 290 837 524 11 0.0538 494 338 761 585 11 0.0532 4 681 253 908 10 0.0531 5 684 254 906 0 0.0529 249 797 486 1023 7 0.0528 498 280 759 520 6 0.0526 249 801 491 1021 13 0.0526 451 333 708 579 5 0.0523 492 335 748 582 5 0.0520 374 326 622 565 13 0.0518 577 289 836 534 8 0.0516 570 288 821 535 6 0.0513 503 336 762 586 3 0.0512 500 280 758 526 11 0.0509 248 799 487 1021 13 0.0507 252 803 494 1023 7 0.0507 252 798 492 1019 8 0.0505 5 677 248 911 5 0.0503 574 286 827 528 0 0.0502 385 396 639 646
WG3d5Gmuuomf71jl0xMYxTX8ik1IJlIi,8 0.0572 256 399 477 644 0 0.0554 696 329 951 566 11 0.0544 252 401 484 643 0 0.0542 253 397 488 649 0 0.0535 189 263 431 496 10 0.0532 254 404 489 647 11 0.0524 699 408 959 624 11 0.0516 496 461 767 684 8 0.0514 188 264 421 494 11 0.0510 185 265 437 490 13 0.0509 259 397 491 646 11 0.0508 382 479 633 703 5 0.0507 231 456 489 707 0 0.0504 595 486 965 663
dqKcJJwFij1aupmPGHqKN1mqnANPsscF,5 0.0610 365 592 613 832 0 0.0587 362 594 616 834 11 0.0580 302 611 560 842 0 0.0579 244 602 506 844 5 0.0569 305 461 561 695 8 0.0557 640 594 895 839 13 0.0557 313 465 570 701 0 0.0556 307 461 564 700 11 0.0543 633 594 904 830 0 0.0542 635 595 905 841 11 0.0538 306 467 562 696 3 0.0525 309 468 567 703 5 0.0524 246 596 503 842 7 0.0524 371 599 621 830 10 0.0523 364 600 617 829 11 0.0522 249 320 501 564 6 0.0520 252 600 511 844 10 0.0518 308 468 562 696 8 0.0517 305 611 555 845 13 0.0515 310 609 567 847 7 0.0515 251 602 511 843 7 0.0515 641 590 907 837 2 0.0509 310 469 565 697 2 0.0508 369 600 619 833 8 0.0506 311 465 557 698 3 0.0505 366 600 617 834 0 0.0500 376 711 622 963
7apF4b3jPkNL9RzmFS6fVk4EAx4DT3OL,5 0.0710 177 786 431 1020 7 0.0645 250 785 505 1018 11 0.0625 311 782 561 1011 0 0.0619 250 784 503 1019 8 0.0612 248 783 496 1015 0 0.0589 0 790 230 1022 5 0.0589 306 778 558 1011 8 0.0580 114 790 356 1021 7 0.0580 114 790 369 1020 11 0.0571 177 792 435 1020 13 0.0565 316 784 569 1019 10 0.0564 247 790 503 1015 0 0.0563 114 793 363 1021 0 0.0562 189 720 434 962 6 0.0560 117 792 368 1018 6 0.0556 250 789 503 1016 8 0.0555 2 786 224 1022 3 0.0554 186 795 434 1023 11 0.0552 0 795 230 1021 5 0.0552 0 786 225 1021 2 0.0545 249 791 505 1018 7 0.0544 191 719 438 956 6 0.0524 2 795 237 1018 3 0.0522 316 781 565 1023 7 0.0514 4 788 229 1023 10 0.0514 110 795 364 1018 13 0.0513 183 794 440 1023 2 0.0506 114 796 363 1023 9 0.0502 245 787 503 1014
C3XgZCaMbkEocE3iuB5RLvcXN4MYOTeb,0 0.0567 297 0 565 244 11 0.0530 371 4 634 239 11 0.0528 258 276 521 509 5 0.0524 324 392 569 627 5 0.0523 255 271 513 507 0 0.0521 317 135 579 373 13 0.0521 332 396 580 635 11 0.0509 317 143 582 370 3 0.0508 341 271 590 514 13 0.0506 340 272 600 512 6 0.0506 331 394 577 630 0 0.0504 335 266 587 506 8 0.0501 340 271 579 509 7 0.0501 373 66 628 296 6 0.0501 342 269 594 503 7 0.0500 332 391 575 632
lKz36dsJDWIDoUPZzp1F3JuSgcwquuQa,11 0.0627 251 803 507 1021 0 0.0613 253 805 506 1023 11 0.0593 189 743 438 965 7 0.0592 318 798 572 1022 8 0.0579 132 804 373 1023 7 0.0578 187 682 438 914 5 0.0573 248 800 503 1019 0 0.0571 191 738 436 975 0 0.0570 314 735 563 976 10 0.0570 184 751 439 969 5 0.0569 127 798 371 1023 11 0.0568 311 738 562 968 8 0.0566 255 806 496 1023 11 0.0558 380 791 630 1014 5 0.0553 181 684 430 909 7 0.0549 130 802 383 1023 13 0.0547 139 804 386 1023 0 0.0547 511 266 765 490 10 0.0546 130 810 376 1020 0 0.0537 691 100 939 321 11 0.0535 626 94 899 317 3 0.0530 254 806 506 1023 7 0.0529 392 346 658 569 6 0.0525 193 743 441 968 13 0.0525 320 800 574 1023 6 0.0520 255 808 507 1023 8 0.0519 693 95 932 316 10 0.0518 252 808 503 1022 3 0.0516 130 803 377 1023 8 0.0515 453 341 698 562 7 0.0514 627 87 901 319 5 0.0509 379 786 623 1014 6 0.0505 135 807 383 1023 8 0.0504 186 681 431 911 5 0.0504 515 256 760 488 2 0.0504 454 350 709 565 8 0.0503 518 267 754 487
d4wbtmKwMDbkrBUWvaDWl7LC92sYsamV,5 0.0582 319 393 579 639 0 0.0573 298 198 565 436 11 0.0568 327 469 575 704 8 0.0567 251 193 506 443 5 0.0563 427 274 698 516 5 0.0541 324 518 571 762 7 0.0540 309 249 578 499 3 0.0531 439 217 701 461 11 0.0529 431 220 703 451 3 0.0529 306 252 572 508 13 0.0527 304 199 575 440 8 0.0520 324 138 565 365 13 0.0519 174 208 454 466 5 0.0517 172 159 437 395 11 0.0515 399 525 651 764 5 0.0514 314 135 565 360 0 0.0513 432 278 701 523 5 0.0512 298 248 571 497 11 0.0511 301 255 575 499 0 0.0510 555 467 808 696 8 0.0509 327 395 570 640 7 0.0509 333 393 585 639 0 0.0508 399 522 647 771 8 0.0506 560 287 802 516 11 0.0506 110 171 383 393 5 0.0506 454 400 708 638 0 0.0505 327 395 583 644 11 0.0502 394 399 659 635 13 0.0501 332 396 591 644 0 0.0501 174 161 440 398
gcDzHK8uOQKbEqOx7Ds05Y0JreiOgqgI,11 0.0542 499 784 725 1011 7 0.0532 504 779 733 1013 8 0.0523 500 780 722 1013 13 0.0506 502 784 736 1014
e3l2DM0Ht466QyfnJKfXUL1CaoRTmXgN,8 0.0633 573 591 820 827 11 0.0602 297 1 574 198 8 0.0597 515 460 762 703 13 0.0582 182 3 451 200 0 0.0573 303 1 572 202 13 0.0568 305 0 576 201 6 0.0567 238 1 504 210 8 0.0562 178 0 438 196 11 0.0562 169 396 443 637 11 0.0562 172 1 445 197 0 0.0558 88 1 428 150 0 0.0558 516 400 766 636 8 0.0555 14 0 344 148 11 0.0552 251 450 509 697 7 0.0550 466 396 716 632 7 0.0549 312 16 572 264 8 0.0546 300 1 566 200 11 0.0544 181 521 430 762 3 0.0539 521 399 766 639 0 0.0537 577 597 829 826 5 0.0534 11 0 352 149 5 0.0534 232 0 499 209 11 0.0534 515 400 771 629 11 0.0527 391 382 651 622 7 0.0527 526 460 772 700 5 0.0520 183 517 432 763 11 0.0520 572 595 832 821 3 0.0519 305 0 572 207 6 0.0518 93 2 429 148 6 0.0516 464 399 715 633 3 0.0514 93 2 427 154 0 0.0514 393 379 648 628 5 0.0513 253 444 507 695 7 0.0512 580 589 833 827 8 0.0512 56 520 318 766 13 0.0511 258 450 516 705 0 0.0510 180 402 442 643 10 0.0509 304 4 570 200 2 0.0509 519 404 770 637 8 0.0509 189 523 424 767 8 0.0507 315 77 557 305 11 0.0507 456 465 713 702 8 0.0505 258 456 499 699 11 0.0502 567 339 831 562 13 0.0501 464 399 722 630
WT1eKjHB3nVK70ixx3WFnveCxrBjtqwp,11 0.0597 382 334 633 570 11 0.0583 507 355 758 581 0 0.0568 509 353 756 583 6 0.0565 575 353 829 588 11 0.0563 316 400 577 641 5 0.0561 504 343 755 583 8 0.0561 384 330 625 569 8 0.0558 510 350 753 581 7 0.0547 386 333 637 572 11 0.0547 328 1 707 146 3 0.0542 513 350 756 589 5 0.0541 379 324 632 571 8 0.0540 336 1 693 146 11 0.0538 330 792 572 1018 2 0.0529 506 354 758 583 0 0.0529 267 0 634 146 0 0.0527 380 332 632 573 13 0.0526 273 1 642 146 10 0.0525 334 2 701 147 8 0.0521 4 353 254 585 5 0.0521 259 0 627 145 7 0.0520 512 350 759 586 0 0.0516 327 795 575 1023 11 0.0516 631 0 889 206 3 0.0516 383 331 633 577 2 0.0513 265 2 634 144 0 0.0513 0 560 255 793 10 0.0508 378 336 637 568 0 0.0507 0 420 255 655 6 0.0505 271 0 639 147
p9V0n1p9t8DUNX6qvw7HFfHb1sEaxebf,8 0.0582 444 589 694 832 7 0.0579 450 587 701 833 11 0.0579 440 591 701 831 5 0.0578 414 786 666 1016 11 0.0577 427 737 688 969 0 0.0562 443 585 699 834 7 0.0561 434 735 691 972 5 0.0557 446 600 819 791 6 0.0557 445 587 701 834 5 0.0553 487 728 749 970 11 0.0546 450 460 704 702 13 0.0545 424 792 677 1023 8 0.0543 452 458 694 705 7 0.0542 460 456 706 704 8 0.0538 423 789 662 1022 13 0.0535 445 589 702 835 0 0.0530 418 789 667 1023 11 0.0526 554 737 816 965 8 0.0523 493 732 745 973 7 0.0523 361 795 614 1022 11 0.0518 508 404 776 638 10 0.0514 451 527 699 768 8 0.0512 109 802 356 1018 6 0.0511 435 735 689 974 8 0.0511 511 405 765 637 11 0.0510 376 527 644 764 13 0.0509 498 733 759 976 3 0.0509 445 587 698 838 2 0.0508 442 592 702 832 7 0.0508 387 526 643 769 8 0.0508 382 526 632 767 0 0.0505 452 457 701 707 0 0.0503 488 734 751 977 2 0.0503 423 793 672 1023
vLep8WDFO9BRBJl1ttQYrrYOfoT5ep4L,8 0.0610 128 0 383 205 11 0.0595 121 1 395 202 0 0.0594 126 0 391 206 5 0.0583 121 0 385 204 7 0.0550 126 1 392 206 13 0.0544 128 0 395 207 3 0.0543 128 0 389 209 10 0.0540 126 5 391 201 5 0.0539 174 603 439 836 8 0.0536 504 279 760 509 11 0.0536 179 471 459 707 5 0.0532 305 452 565 694 7 0.0531 314 456 575 701 5 0.0529 501 273 761 507 11 0.0524 504 205 776 446 6 0.0523 130 0 392 204 13 0.0520 509 282 770 510 7 0.0516 510 279 767 511 3 0.0515 509 280 767 519 11 0.0510 176 612 446 837 6 0.0510 509 281 768 506 0 0.0509 182 603 445 843 5 0.0507 178 468 452 705 13 0.0502 185 609 452 842 0 0.0501 309 457 574 700 11 0.0500 310 457 572 695
3gYpeOI3IhBgb47VGEnCXgADhZqZEJbE,11 0.0658 451 3 710 195 8 0.0627 570 276 815 510 5 0.0623 569 270 813 507 5 0.0621 505 132 755 371 11 0.0610 506 141 758 369 5 0.0610 338 162 691 349 10 0.0604 453 4 709 196 8 0.0599 343 168 690 349 8 0.0598 508 139 754 374 8 0.0598 456 1 704 196 11 0.0596 344 167 691 349 5 0.0595 450 0 705 196 3 0.0585 510 140 761 379 0 0.0585 510 139 759 376 11 0.0584 565 277 820 507 7 0.0570 390 2 647 255 3 0.0570 460 0 711 204 0 0.0568 381 5 648 253 3 0.0567 576 276 816 518 7 0.0562 575 276 821 510 3 0.0561 347 168 700 357 7 0.0561 508 137 762 377 0 0.0558 572 283 820 512 6 0.0556 458 0 715 197 13 0.0553 456 2 720 196 13 0.0551 572 277 824 508 13 0.0549 354 167 707 353 10 0.0549 508 83 763 318 2 0.0547 572 285 820 508 6 0.0544 510 137 760 374 11 0.0542 304 278 555 508 11 0.0539 427 391 690 632 8 0.0539 305 209 546 447 7 0.0537 313 136 569 388 6 0.0535 345 230 696 416 9 0.0529 503 142 760 369 10 0.0525 341 169 701 350 7 0.0524 344 227 703 415 6 0.0522 573 281 823 510 0 0.0521 312 143 568 384 12 0.0517 454 0 710 200 0 0.0516 342 228 699 413 2 0.0515 388 12 637 250 11 0.0511 690 332 954 547 8 0.0511 346 420 684 605 2 0.0510 567 151 818 378 7 0.0509 505 718 765 957 7 0.0508 352 417 703 606 1 0.0508 341 161 697 352 10 0.0508 570 150 819 378 10 0.0505 571 281 821 511 0 0.0505 434 391 689 635 6 0.0502 315 142 568 387 2 0.0501 352 170 690 349 7 0.0500 127 539 374 796
1QrdnnDTcDJaGxujXUytgt6Tpd6hB8go,8 0.0563 194 786 420 1017 7 0.0560 200 784 432 1018 11 0.0526 0 330 274 547 7 0.0516 198 466 449 708 11 0.0511 191 468 446 703 5 0.0510 187 460 439 706 0 0.0508 463 398 717 619 5 0.0505 188 782 423 1017
VzGjmalsNFYIr1XvW3gPwgIaQXzt73Yv,8 0.0648 142 676 497 853 0 0.0642 263 672 622 856 11 0.0640 138 675 505 854 7 0.0635 141 674 510 855 6 0.0621 264 674 627 855 5 0.0620 257 672 614 852 10 0.0604 138 678 507 853 8 0.0596 378 597 635 841 7 0.0595 379 597 645 839 13 0.0593 264 673 628 855 11 0.0581 376 600 641 839 3 0.0569 144 676 510 858 2 0.0544 143 679 507 856 10 0.0544 379 599 638 841 11 0.0533 246 323 505 561 0 0.0528 322 398 569 627 2 0.0523 319 610 581 847 9 0.0522 137 675 504 851 1 0.0519 137 671 505 855 3 0.0517 321 603 584 846
YIElAS6BxGSZ3xva4fy5kbKELWsCTTpG,3 0.0597 507 219 741 466 11 0.0586 499 216 742 460 5 0.0585 368 783 617 1016 8 0.0582 499 216 736 460 0 0.0571 313 593 572 830 8 0.0570 433 283 690 525 7 0.0569 437 285 697 528 11 0.0568 432 287 696 527 5 0.0565 435 278 691 522 3 0.0563 440 287 696 532 0 0.0563 435 281 696 525 5 0.0562 439 684 688 913 0 0.0562 501 213 743 461 5 0.0560 365 339 634 584 13 0.0557 437 286 698 526 11 0.0552 440 692 698 908 8 0.0547 384 398 639 639 5 0.0545 314 517 571 750 8 0.0544 5 601 360 787 0 0.0543 254 508 517 752 7 0.0542 379 786 627 1019 11 0.0542 314 595 572 825 5 0.0538 499 207 739 458 11 0.0538 315 455 581 698 6 0.0537 253 646 516 878 7 0.0535 503 212 745 463 8 0.0535 323 455 576 703 11 0.0533 1 604 374 785 5 0.0532 3 600 370 787 5 0.0531 378 606 632 830 6 0.0530 371 728 638 953 13 0.0528 374 348 639 586 11 0.0527 750 0 1023 187 10 0.0526 435 290 696 521 3 0.0526 385 612 639 841 8 0.0524 325 656 569 886 8 0.0522 312 783 553 1017 13 0.0519 326 455 588 699 8 0.0519 59 792 292 1015 8 0.0517 183 640 437 877 10 0.0517 372 355 640 583 0 0.0516 55 801 300 1013 7 0.0514 9 602 370 790 6 0.0513 255 508 521 745 0 0.0512 374 674 629 898 6 0.0512 438 285 698 524 2 0.0512 315 600 573 829 7 0.0511 316 590 575 828 8 0.0506 443 689 686 913 0 0.0505 0 603 372 789 11 0.0505 390 531 647 762 13 0.0504 316 791 568 1016 10 0.0503 503 219 742 455 7 0.0502 326 454 588 705 10 0.0501 9 606 371 786 6 0.0500 507 218 745 457
dX5UjiD3O2etfnPCtvwiWsoUja2ykvwe,11 0.0624 511 585 757 830 5 0.0621 273 345 632 533 8 0.0598 345 348 696 532 7 0.0587 514 582 760 831 0 0.0580 437 653 697 898 13 0.0569 517 586 762 833 8 0.0565 512 528 748 769 6 0.0564 564 540 820 773 11 0.0563 380 527 630 766 11 0.0563 440 655 700 892 5 0.0562 507 520 753 768 0 0.0560 559 538 820 773 7 0.0558 282 408 647 598 7 0.0558 353 349 709 534 8 0.0557 382 524 624 766 10 0.0555 510 586 757 833 5 0.0555 435 650 695 891 3 0.0554 506 659 760 907 13 0.0552 288 350 648 536 7 0.0551 386 525 636 770 5 0.0549 343 416 712 600 11 0.0549 342 352 705 529 11 0.0548 0 539 240 764 8 0.0548 312 391 559 630 5 0.0547 383 582 631 822 13 0.0547 352 418 723 599 0 0.0544 349 350 703 535 13 0.0543 388 530 640 768 7 0.0542 440 651 704 894 3 0.0539 389 590 635 829 0 0.0538 268 286 633 471 6 0.0537 349 348 711 532 3 0.0534 512 531 754 777 8 0.0533 273 286 623 468 3 0.0528 350 350 700 536 3 0.0528 318 390 562 640 0 0.0525 385 583 632 825 0 0.0525 313 389 568 633 0 0.0524 0 541 238 770 7 0.0522 278 286 636 470 8 0.0521 441 649 695 897 8 0.0521 0 537 236 768 2 0.0520 562 541 816 773 11 0.0517 321 449 573 695 10 0.0513 346 353 704 532 2 0.0512 350 351 700 531 9 0.0510 512 528 756 763 13 0.0502 447 651 708 895 2 0.0500 278 414 637 595
WpD7Uo0qpqFtV2WZNPb8RWJY610qlTsc,5 0.0566 254 408 628 587 11 0.0563 252 412 635 591 7 0.0546 267 411 635 592 11 0.0540 183 355 559 538 6 0.0540 265 410 638 591 3 0.0531 264 412 629 596 6 0.0518 332 74 591 323 10 0.0516 261 415 635 592 8 0.0514 264 412 619 592 0 0.0508 188 356 560 539 13 0.0502 264 411 639 596 0 0.0500 258 410 632 592
rlC2WrbWVkUwuandmk5KkXoblg6KjEQA,0 0.0669 183 2 439 205 5 0.0652 281 0 642 151 5 0.0629 298 78 570 324 3 0.0622 252 0 503 209 13 0.0617 252 19 506 265 0 0.0608 311 0 567 199 5 0.0607 292 516 559 769 8 0.0602 185 0 435 202 11 0.0600 180 0 443 200 13 0.0596 315 79 582 326 8 0.0592 311 87 564 323 6 0.0591 309 83 579 326 8 0.0589 316 0 560 198 8 0.0575 363 458 614 693 8 0.0573 302 593 554 841 10 0.0569 149 4 510 150 5 0.0569 423 515 691 767 7 0.0567 315 1 571 198 5 0.0566 232 137 492 377 11 0.0566 309 2 570 197 7 0.0561 299 518 562 774 6 0.0559 301 523 564 770 11 0.0558 412 465 688 698 11 0.0551 362 594 628 845 6 0.0551 386 18 647 256 5 0.0550 353 451 620 693 11 0.0547 295 462 563 695 2 0.0540 288 3 641 154 0 0.0540 436 592 693 840 8 0.0539 236 524 495 770 6 0.0539 249 23 508 265 5 0.0539 178 27 441 263 3 0.0537 392 88 644 325 8 0.0537 430 520 684 766 5 0.0537 364 585 623 844 6 0.0536 429 520 694 767 11 0.0533 306 86 573 327 0 0.0533 302 588 560 842 13 0.0533 369 593 632 846 0 0.0531 441 0 708 198 7 0.0530 314 84 575 326 13 0.0529 300 522 569 770 7 0.0529 443 0 713 198 10 0.0528 312 4 570 194 3 0.0528 360 526 628 773 8 0.0528 21 0 348 158 3 0.0528 300 455 564 702 0 0.0525 307 81 577 327 0 0.0524 445 91 709 325 6 0.0523 370 590 629 844 7 0.0523 419 457 687 702 13 0.0522 308 402 585 645 6 0.0520 134 0 388 200 13 0.0519 246 144 502 380 6 0.0518 363 454 624 694 3 0.0518 134 0 388 205 3 0.0518 244 80 501 318 11 0.0515 24 1 367 155 7 0.0515 247 142 498 380 8 0.0515 238 269 493 507 10 0.0515 296 527 564 771 7 0.0514 367 589 627 853 11 0.0514 438 3 710 195 3 0.0513 302 597 562 847 6 0.0513 483 398 748 640 13 0.0511 431 524 700 770 8 0.0508 440 0 695 198
wXRVUr2YbOGuVsOgdJw7uH8ZxSSTV7iw,11 0.0651 182 794 427 1019 8 0.0623 187 788 420 1019 0 0.0596 248 213 501 447 11 0.0587 246 219 504 444 5 0.0582 114 790 351 1009 8 0.0580 252 216 496 444 11 0.0574 292 675 553 908 7 0.0564 250 215 504 443 8 0.0557 372 0 632 195 7 0.0548 300 672 558 905 0 0.0538 116 792 361 1013 11 0.0537 375 2 643 193 10 0.0536 247 222 503 444 6 0.0535 185 792 431 1016 13 0.0533 254 214 511 445 7 0.0533 374 0 642 195 0 0.0533 374 0 638 196 6 0.0531 250 217 507 445 13 0.0526 116 795 371 1017 5 0.0525 240 212 497 438 3 0.0524 375 0 637 200 5 0.0521 315 22 569 262 3 0.0520 252 214 501 449 13 0.0518 376 1 642 197 10 0.0513 116 795 359 1013 2 0.0508 375 6 639 196
UN7xiHpUAX73aWgzVm0LXXfncDUVORiw,0 0.0596 315 338 570 567 11 0.0594 316 290 572 503 13 0.0569 323 286 578 512 11 0.0564 312 399 565 635 8 0.0562 377 293 624 505 13 0.0558 321 398 569 642 8 0.0555 315 338 560 564 11 0.0552 379 350 634 567 6 0.0550 323 289 572 508 3 0.0550 380 295 633 508 5 0.0549 236 327 499 568 0 0.0548 325 223 574 449 0 0.0546 505 336 760 571 13 0.0544 386 348 644 572 11 0.0544 237 332 506 571 11 0.0540 436 283 695 500 8 0.0537 437 384 686 630 8 0.0534 505 330 754 566 6 0.0533 246 332 507 574 3 0.0533 324 227 573 453 11 0.0532 246 488 640 672 8 0.0529 323 226 563 449 0 0.0528 310 451 566 697 13 0.0528 440 281 704 505 3 0.0527 581 333 824 573 11 0.0527 310 160 574 381 0 0.0525 248 387 506 635 13 0.0524 245 330 511 578 11 0.0524 501 336 760 567 5 0.0522 313 283 569 504 13 0.0521 510 336 765 569 7 0.0520 509 332 763 567 6 0.0518 319 160 573 382 6 0.0516 318 398 572 639 7 0.0516 438 278 697 503 6 0.0515 438 283 694 504 7 0.0513 322 285 575 505 0 0.0511 436 392 696 632 8 0.0510 261 485 626 674 5 0.0508 376 345 634 567 11 0.0504 237 215 506 437 8 0.0504 254 389 499 636 6 0.0503 584 330 826 566 0 0.0502 563 273 822 509 10 0.0501 315 293 570 506 10 0.0501 241 337 498 569 7 0.0501 385 347 642 568 3 0.0500 506 280 762 518
Ayt2hHfX4dncyTCJAIlgnmlJSu3YKOgW,11 0.0628 383 397 638 637 11 0.0600 310 453 565 694 3 0.0579 246 405 493 646 11 0.0577 236 404 498 636 7 0.0577 249 462 503 712 7 0.0571 322 389 575 636 5 0.0571 239 391 493 638 13 0.0569 244 403 501 642 11 0.0565 368 268 635 506 13 0.0564 317 449 570 704 5 0.0553 270 348 632 534 11 0.0547 373 523 637 757 8 0.0545 374 270 626 506 11 0.0545 491 409 765 635 6 0.0544 286 352 638 536 7 0.0542 375 265 637 508 11 0.0535 262 801 509 1018 0 0.0534 374 270 633 510 3 0.0531 389 395 632 645 10 0.0531 372 271 635 507 5 0.0528 379 388 633 641 8 0.0526 385 396 627 639 8 0.0524 245 402 488 640 10 0.0524 317 397 569 635 8 0.0521 496 408 754 641 6 0.0520 248 462 502 713 10 0.0519 245 467 500 710 3 0.0519 277 355 632 540 11 0.0518 375 804 627 1006 11 0.0518 431 14 695 257 5 0.0518 311 441 560 702 11 0.0518 161 343 429 572 8 0.0517 317 451 556 700 5 0.0516 160 337 422 573 3 0.0515 318 449 560 704 6 0.0514 390 394 635 641 7 0.0513 179 409 431 644 8 0.0512 433 12 687 259 13 0.0511 281 353 646 538 13 0.0510 384 520 640 765 13 0.0508 388 396 641 642 0 0.0507 380 395 635 641 7 0.0507 392 446 644 698 13 0.0506 500 414 774 641 2 0.0504 316 455 561 701 11 0.0503 220 261 493 502 0 0.0501 169 344 425 581
0I5zyOIgMWYBYDEzseuSP0sng1wcYjeR,8 0.0627 579 590 812 823 0 0.0594 510 591 757 828 11 0.0574 576 587 814 820 0 0.0549 568 663 820 904 5 0.0538 512 583 751 827 5 0.0526 568 659 812 898 8 0.0523 442 596 689 828 13 0.0517 568 720 820 967 3 0.0514 521 591 756 833 7 0.0512 444 595 702 832 6 0.0507 518 593 756 826 7 0.0507 579 586 824 826 13 0.0506 582 590 823 824 7 0.0505 566 716 819 964
2soACMR7g0gEEvhAWEBGTkvE5Ey1XYVz,11 0.0613 316 338 583 578 11 0.0611 369 595 634 839 5 0.0596 247 448 511 694 8 0.0590 372 594 628 839 0 0.0589 371 599 634 841 5 0.0589 369 588 632 843 11 0.0581 248 455 516 694 13 0.0578 253 454 522 696 8 0.0573 319 338 572 578 8 0.0570 251 454 507 692 8 0.0568 203 594 450 825 5 0.0563 308 523 565 762 6 0.0562 208 596 462 827 11 0.0554 253 599 516 833 0 0.0545 254 595 516 836 5 0.0544 250 593 513 834 7 0.0541 205 594 463 826 11 0.0538 307 529 569 760 11 0.0538 190 677 452 901 6 0.0538 132 509 400 743 0 0.0537 309 529 568 764 3 0.0536 378 666 635 918 13 0.0536 315 597 577 838 6 0.0535 378 597 635 840 7 0.0534 247 395 520 642 7 0.0534 322 337 580 582 6 0.0533 324 336 582 580 8 0.0532 133 507 388 743 11 0.0532 128 510 395 742 8 0.0531 310 528 560 759 2 0.0530 373 599 635 841 10 0.0528 250 600 516 836 3 0.0525 251 456 515 699 11 0.0523 305 679 565 911 5 0.0522 308 670 566 913 0 0.0522 188 674 453 904 6 0.0521 265 526 519 758 5 0.0519 188 667 446 901 10 0.0517 320 342 586 577 8 0.0516 314 677 558 914 2 0.0515 254 601 515 837 13 0.0514 377 523 641 762 3 0.0513 254 338 525 586 10 0.0513 248 459 515 697 3 0.0512 377 523 632 765 3 0.0511 191 677 451 909 7 0.0509 133 505 398 744 5 0.0509 245 331 521 579 10 0.0508 372 599 635 843 0 0.0508 309 389 578 636 13 0.0507 384 668 643 914 10 0.0507 196 532 460 761 12 0.0506 375 594 634 843 7 0.0500 262 524 522 758
UljOcB99zdVK4aavoZcWiVq3p8DUfyC7,11 0.0590 238 406 514 633 7 0.0576 382 275 633 493 5 0.0568 173 513 442 765 3 0.0567 383 278 632 493 11 0.0565 317 286 578 506 3 0.0561 310 335 574 575 7 0.0556 207 417 561 598 5 0.0553 246 331 514 568 6 0.0550 383 281 635 488 8 0.0547 271 411 600 594 6 0.0544 309 399 585 634 8 0.0543 382 279 625 485 5 0.0542 203 471 567 664 0 0.0533 382 278 628 489 6 0.0532 242 526 512 774 8 0.0532 244 455 503 706 10 0.0531 241 408 514 633 0 0.0530 265 409 614 596 0 0.0528 238 521 507 778 5 0.0525 310 199 570 426 6 0.0521 254 338 516 569 13 0.0520 317 335 578 576 10 0.0519 314 214 584 428 0 0.0518 318 204 578 433 7 0.0517 318 202 582 432 11 0.0516 172 519 444 765 3 0.0513 242 408 517 639 6 0.0510 319 209 578 430 10 0.0507 245 290 511 507 8 0.0507 242 211 500 442 13 0.0507 245 405 518 636
m0GkqYkGbpFnw7sxxtAGyGjuEcooN8Bs,11 0.0598 182 731 443 964 11 0.0588 373 536 636 786 7 0.0582 454 265 716 508 0 0.0581 180 662 434 898 11 0.0573 238 669 508 901 5 0.0573 365 585 621 840 5 0.0571 232 660 503 893 0 0.0562 369 590 628 850 8 0.0557 455 269 707 501 7 0.0547 183 658 440 897 6 0.0546 244 662 512 901 13 0.0545 376 596 635 845 6 0.0545 186 730 442 962 7 0.0539 381 536 641 790 8 0.0536 183 728 439 966 0 0.0533 246 738 505 983 5 0.0533 292 807 550 1019 10 0.0532 181 734 440 959 5 0.0512 445 266 708 498 8 0.0511 241 663 503 902 8 0.0505 379 540 625 790 8 0.0502 307 810 541 1021 2 0.0501 183 665 436 893 3 0.0501 184 663 436 902
z2YWGavDrk8dbGo6n5LDtYQBluGWpspW,0 0.0561 259 725 517 962 8 0.0552 256 730 505 957 7 0.0547 260 662 533 905 8 0.0545 197 787 438 1016 0 0.0541 310 657 582 895 7 0.0534 312 593 582 829 11 0.0534 246 347 509 566 11 0.0532 0 540 238 756 11 0.0532 374 655 646 881 5 0.0530 248 723 511 956 8 0.0529 309 656 567 893 7 0.0529 515 788 766 1014 11 0.0528 507 788 760 1010 5 0.0527 186 781 441 1012 11 0.0527 251 731 518 953 7 0.0521 196 785 453 1019 0 0.0516 255 343 506 572 11 0.0515 305 597 576 830 13 0.0515 386 656 653 881 0 0.0513 365 471 642 690 5 0.0504 304 652 570 889 10 0.0501 182 736 450 952
Lp4FlZlbcXJhQgFjcdP0behAbh6aZNYk,0 0.0589 195 718 439 972 8 0.0585 133 722 369 964 7 0.0573 133 722 380 963 11 0.0567 130 725 376 961 5 0.0542 129 721 370 960 11 0.0541 399 462 654 692 6 0.0539 132 725 377 964 10 0.0538 126 727 375 961 7 0.0515 405 459 655 695 0 0.0515 400 460 655 701 11 0.0511 502 667 752 886
I7EMtUFYt1373Al0SZJr5YwULJ3OXEkk,11 0.0561 580 424 836 653 8 0.0557 581 423 826 654 8 0.0557 6 768 235 1005 7 0.0546 584 419 838 653 0 0.0546 581 426 832 656 8 0.0540 121 459 381 706 0 0.0538 0 773 244 1007 6 0.0534 584 421 835 658 3 0.0529 457 409 704 642 11 0.0528 455 408 703 631 5 0.0522 449 402 697 636 6 0.0521 3 776 246 1003 7 0.0515 456 408 709 638 5 0.0514 577 419 829 653 5 0.0508 0 773 238 1003 2 0.0508 506 295 765 524 2 0.0506 580 429 832 658 8 0.0506 622 629 869 849 0 0.0505 506 291 763 528 8 0.0505 450 410 697 637
JkzSkFUx4pOFQYP8cHRSyfo3RbfLMdj9,7 0.0632 242 711 492 952 8 0.0631 176 663 412 889 5 0.0622 234 708 487 949 8 0.0611 242 713 485 951 7 0.0611 178 662 420 888 5 0.0587 171 660 417 886 0 0.0585 241 710 494 954 11 0.0584 173 663 420 888 11 0.0581 237 714 491 948 0 0.0573 175 661 421 891 10 0.0567 172 669 419 889 6 0.0554 175 663 425 886 3 0.0550 239 665 484 901 6 0.0550 239 714 493 950 8 0.0544 59 651 315 890 13 0.0535 242 714 498 954 10 0.0533 236 718 492 950 8 0.0523 250 538 494 773 7 0.0523 381 717 632 965 0 0.0519 249 538 508 779 7 0.0519 249 534 511 773 1 0.0516 233 659 483 895 13 0.0514 176 663 428 890 11 0.0506 243 539 503 777
JrF9N2uclj7mjDSoYNhSpHRTs2Gvp4F6,11 0.0588 310 603 579 833 5 0.0585 360 788 622 1013 0 0.0583 369 662 633 889 13 0.0583 262 725 516 958 7 0.0578 318 734 587 964 0 0.0571 365 788 625 1023 3 0.0569 315 602 576 842 3 0.0566 264 719 510 959 11 0.0565 252 724 510 952 8 0.0564 320 669 578 902 7 0.0564 316 603 581 835 10 0.0563 311 737 583 962 11 0.0562 366 792 619 1014 3 0.0561 375 788 623 1023 13 0.0556 372 791 628 1019 8 0.0544 373 790 617 1017 5 0.0542 307 598 576 833 7 0.0541 249 393 520 645 0 0.0531 436 611 696 827 8 0.0525 244 390 507 644 6 0.0525 262 721 513 955 10 0.0525 309 605 574 834 6 0.0522 372 790 624 1015 11 0.0520 436 611 698 820 2 0.0519 371 796 624 1021 6 0.0517 315 601 583 833 5 0.0513 238 393 513 639 13 0.0503 441 611 703 825
1vpq2zUv8k1xMBEvzaYQ82EHHUhZwUom,8 0.0626 499 197 755 429 8 0.0606 441 329 681 554 5 0.0593 498 193 758 429 8 0.0575 373 144 632 384 11 0.0573 438 330 691 553 7 0.0569 442 327 691 558 5 0.0547 367 136 637 388 0 0.0546 500 197 759 431 0 0.0546 375 145 635 388 11 0.0539 497 199 763 429 8 0.0531 379 402 623 631 10 0.0531 376 346 638 570 0 0.0528 434 329 690 560 11 0.0528 362 797 630 1022 6 0.0527 379 144 641 388 11 0.0523 238 785 506 1010 11 0.0517 394 75 657 308 5 0.0511 365 3 625 244 7 0.0509 315 148 579 398 6 0.0508 504 200 762 429 5 0.0508 434 324 687 557 7 0.0507 246 782 515 1011 10 0.0505 499 204 764 431 13 0.0501 377 143 650 387 8 0.0500 300 789 559 1022
zxCwOtAINzbYU681ZHjc8GZvtOz9ErEr,11 0.0657 434 664 707 904 11 0.0632 342 488 696 666 13 0.0620 387 403 654 640 0 0.0619 309 519 580 774 6 0.0615 350 487 701 667 8 0.0614 343 485 686 669 11 0.0614 382 528 643 776 6 0.0603 387 527 645 776 7 0.0602 506 516 756 765 0 0.0602 317 407 575 640 8 0.0600 361 780 616 1022 8 0.0600 437 662 698 907 7 0.0598 363 781 626 1022 5 0.0595 354 780 618 1020 0 0.0593 378 660 641 907 13 0.0592 315 463 579 705 6 0.0590 363 783 625 1019 8 0.0586 496 449 749 697 5 0.0584 301 519 577 770 0 0.0582 572 522 815 767 11 0.0581 356 785 621 1019 7 0.0580 385 589 638 844 13 0.0578 500 595 760 839 3 0.0577 345 487 696 671 6 0.0577 503 515 757 763 0 0.0576 361 784 623 1023 5 0.0575 311 405 573 637 13 0.0572 388 526 646 779 10 0.0570 359 784 621 1020 8 0.0567 385 525 633 778 3 0.0564 439 659 704 911 6 0.0564 568 589 823 831 7 0.0564 321 409 577 642 13 0.0563 367 780 628 1021 5 0.0560 435 656 702 904 7 0.0559 307 522 582 775 0 0.0559 442 400 700 641 2 0.0556 308 525 584 773 6 0.0554 378 659 643 905 11 0.0551 570 527 816 762 7 0.0549 647 530 903 773 7 0.0548 566 587 822 834 5 0.0548 375 584 633 838 7 0.0547 441 711 711 964 8 0.0545 573 521 806 764 10 0.0541 494 597 749 837 10 0.0540 379 592 637 836 2 0.0537 436 664 705 905 2 0.0537 380 592 637 840 3 0.0537 362 783 621 1023 11 0.0531 306 674 580 903 3 0.0527 501 453 758 703 13 0.0526 577 520 824 765 10 0.0523 309 468 570 702 5 0.0522 305 668 576 901 12 0.0522 345 487 699 668 9 0.0520 382 528 640 773 0 0.0520 649 465 897 703 5 0.0520 434 399 698 636 0 0.0520 694 4 960 193 2 0.0519 317 413 577 640 10 0.0517 309 674 579 901 10 0.0517 569 526 812 762 2 0.0517 360 783 622 1023 12 0.0516 497 594 755 839 8 0.0515 308 670 574 905 11 0.0505 650 466 897 696 6 0.0505 573 0 941 154
9khQJK6t0PuMfuz7iw6jOfgaH2nXY4YJ,8 0.0692 310 334 560 564 5 0.0664 228 328 498 567 0 0.0633 311 331 569 569 5 0.0611 300 267 564 504 5 0.0606 371 0 639 195 7 0.0584 311 330 571 568 11 0.0583 232 334 495 563 8 0.0575 377 0 636 200 8 0.0562 305 209 561 438 3 0.0561 382 0 640 203 0 0.0561 378 2 643 198 6 0.0561 383 0 646 199 8 0.0554 175 337 424 576 11 0.0553 301 271 561 500 6 0.0551 240 334 502 565 13 0.0547 313 337 574 569 7 0.0546 377 1 645 201 11 0.0546 372 0 646 201 7 0.0535 246 262 503 503 0 0.0533 176 339 431 580 0 0.0531 252 265 499 506 6 0.0529 309 272 564 504 10 0.0522 382 5 645 201 2 0.0522 376 5 640 198 8 0.0522 246 263 488 504 3 0.0521 233 337 490 573 13 0.0521 382 0 649 200 13 0.0516 177 342 436 577 7 0.0512 175 335 431 577 13 0.0507 311 215 578 440 0 0.0503 308 210 570 439 9 0.0502 237 337 495 562 2 0.0501 313 342 565 567
U7NSgVNxbbrOPhwrDzvo2l7QW2jJzxnx,11 0.0637 299 598 576 827 11 0.0627 501 588 770 819 11 0.0623 511 463 774 690 0 0.0618 366 592 633 830 6 0.0591 436 590 700 827 0 0.0591 440 323 711 567 11 0.0589 304 479 570 710 0 0.0586 380 475 637 715 7 0.0585 436 528 703 776 8 0.0582 443 327 703 564 0 0.0582 440 203 711 453 11 0.0581 185 589 456 833 13 0.0576 368 594 640 831 0 0.0576 190 586 452 833 11 0.0576 439 328 715 563 8 0.0576 306 479 556 715 7 0.0575 308 595 574 832 8 0.0574 403 553 758 729 0 0.0574 510 396 773 640 3 0.0573 514 464 772 698 5 0.0572 434 258 706 500 8 0.0569 508 396 762 636 11 0.0568 566 535 843 752 0 0.0564 502 586 767 824 5 0.0559 503 457 770 693 5 0.0558 374 472 636 712 0 0.0557 67 655 301 906 8 0.0556 511 251 770 501 5 0.0556 185 584 450 835 11 0.0555 553 650 829 890 5 0.0555 301 592 569 830 8 0.0555 303 598 565 831 5 0.0554 511 322 772 571 6 0.0550 307 596 574 829 10 0.0548 438 263 711 499 11 0.0548 125 653 375 899 6 0.0547 441 462 704 701 5 0.0546 438 137 705 375 6 0.0546 447 328 717 565 2 0.0545 432 535 703 773 7 0.0545 192 584 453 837 13 0.0544 439 463 704 699 11 0.0538 442 139 710 374 11 0.0535 510 254 781 500 8 0.0534 187 588 447 834 13 0.0534 253 591 523 833 3 0.0533 436 591 698 832 0 0.0532 297 651 568 902 5 0.0531 499 582 764 819 10 0.0529 303 599 570 827 3 0.0529 193 586 452 840 6 0.0526 506 141 771 381 0 0.0526 572 537 838 759 10 0.0524 510 466 769 694 6 0.0524 137 652 372 903 6 0.0523 517 253 784 500 10 0.0523 428 532 698 774 6 0.0522 514 396 778 637 10 0.0522 187 588 450 834 3 0.0522 306 596 572 835 13 0.0522 447 209 720 451 7 0.0520 515 461 776 693 6 0.0520 193 585 453 835 3 0.0518 447 326 712 570 11 0.0517 573 346 833 580 7 0.0515 389 663 760 850 8 0.0514 1 808 229 1020 13 0.0513 443 327 718 564 9 0.0513 363 593 635 824 11 0.0513 0 808 243 1020 7 0.0512 134 652 376 905 2 0.0512 385 666 757 847
JPPnMVUog5MMjMFGIwImosYXpnukhTXp,8 0.0576 183 794 421 1022 11 0.0558 236 28 510 243 3 0.0547 382 1 650 206 11 0.0541 238 797 487 1021 0 0.0535 178 788 432 1023 7 0.0531 249 24 509 248 8 0.0525 247 29 499 248 11 0.0522 371 1 654 196 8 0.0518 51 420 321 656 13 0.0510 380 0 660 195 8 0.0504 379 4 640 197 6 0.0503 378 0 657 191
trynp5nJJXdlM7gei6aVyxuwo7C0CLM0,11 0.0644 425 527 694 775 8 0.0610 499 509 752 769 0 0.0605 493 514 759 775 11 0.0603 501 442 762 687 8 0.0600 344 652 694 853 11 0.0591 302 468 562 709 11 0.0588 334 657 708 855 5 0.0586 549 519 822 764 11 0.0582 552 527 829 762 8 0.0581 253 464 488 705 6 0.0580 430 522 699 779 0 0.0574 426 583 684 839 6 0.0573 376 462 630 708 5 0.0573 239 274 493 510 8 0.0568 346 535 687 727 3 0.0567 511 437 762 692 13 0.0562 382 527 637 772 5 0.0560 423 578 684 836 7 0.0560 432 521 699 779 6 0.0557 507 436 767 688 8 0.0556 571 447 827 696 0 0.0552 570 402 830 642 8 0.0550 513 385 756 631 5 0.0550 563 396 825 640 7 0.0548 508 440 767 687 6 0.0548 252 462 497 706 0 0.0547 241 277 496 518 5 0.0546 245 458 491 707 10 0.0544 493 513 764 771 13 0.0544 314 463 567 709 6 0.0543 346 651 710 856 6 0.0543 315 517 564 773 3 0.0542 312 465 565 715 8 0.0542 247 278 488 514 6 0.0536 452 338 710 573 5 0.0535 299 579 559 829 13 0.0530 246 279 503 517 0 0.0528 453 339 707 577 8 0.0528 564 590 812 831 11 0.0527 237 283 499 512 5 0.0527 437 440 696 699 7 0.0525 561 526 832 764 11 0.0521 449 343 705 572 5 0.0520 308 192 552 437 3 0.0520 375 645 637 900 6 0.0519 242 279 498 511 3 0.0518 455 340 707 578 8 0.0515 247 597 495 850 7 0.0514 455 341 709 574 0 0.0511 559 595 819 838 5 0.0511 445 336 703 570 7 0.0509 254 460 501 707 10 0.0509 309 468 566 709 13 0.0507 312 584 568 833 10 0.0503 513 393 767 631 6 0.0503 562 525 832 766 13 0.0502 502 515 766 773 10 0.0502 336 655 712 853 7 0.0501 242 277 496 512 11 0.0501 239 598 497 852
Wjfuh51XNNfyKQH7A7TwbMaHnojPep2z,5 0.0598 501 775 762 1015 5 0.0567 502 400 767 640 11 0.0558 252 14 494 242 11 0.0556 182 285 461 523 5 0.0553 434 703 692 945 11 0.0552 310 286 591 501 0 0.0552 184 284 461 523 13 0.0552 514 785 778 1019 0 0.0549 512 783 769 1022 11 0.0546 510 785 765 1017 0 0.0545 307 284 591 506 6 0.0538 189 283 464 523 7 0.0537 512 782 776 1022 7 0.0537 307 339 579 582 7 0.0536 187 281 465 523 0 0.0535 447 709 699 952 0 0.0535 380 335 650 575 5 0.0533 375 448 631 692 13 0.0531 314 344 583 583 11 0.0529 298 390 569 629 8 0.0529 510 781 758 1017 5 0.0527 752 280 1011 506 8 0.0527 443 707 693 952 8 0.0526 182 211 442 446 0 0.0526 300 394 570 635 8 0.0525 313 282 579 505 5 0.0525 297 386 565 629 7 0.0524 371 720 630 951 6 0.0520 317 285 594 504 5 0.0519 354 595 707 793 5 0.0518 305 512 572 752 11 0.0518 445 711 701 946 11 0.0515 444 390 705 623 0 0.0514 193 149 454 384 13 0.0512 193 284 465 523 0 0.0512 382 457 635 698 10 0.0511 182 287 457 521 5 0.0509 375 330 645 566 0 0.0507 365 599 712 796 7 0.0505 454 385 709 628 0 0.0503 324 13 556 250
KhmlyT3df8x9cvSk8ruJBZtTgvr1r8lv,5 0.0605 173 382 432 627 11 0.0583 309 345 571 565 8 0.0579 315 345 565 564 8 0.0567 308 212 568 442 3 0.0559 181 390 431 637 11 0.0557 429 345 677 578 5 0.0551 305 338 566 563 7 0.0550 314 343 574 566 5 0.0542 556 407 815 644 10 0.0541 309 348 572 563 0 0.0540 313 339 569 567 5 0.0540 306 203 574 443 13 0.0530 317 346 574 569 8 0.0526 435 346 668 577 6 0.0526 567 414 828 645 11 0.0521 313 145 580 383 11 0.0521 555 410 821 645 3 0.0520 315 343 569 568 6 0.0519 315 342 574 565 0 0.0519 560 413 827 643 7 0.0516 314 207 582 446 13 0.0516 183 391 439 637 8 0.0514 180 389 430 630 11 0.0508 175 390 437 628 8 0.0506 565 408 814 646 10 0.0506 306 214 580 442 0 0.0506 313 208 580 445 6 0.0502 315 210 578 446 7 0.0501 435 343 680 582
L2pUA3H717bjNDG29XA1IDMYkGoMqpMb,7 0.0655 180 663 440 897 8 0.0647 179 663 428 897 0 0.0642 178 664 438 902 11 0.0631 244 667 500 899 11 0.0629 120 663 380 894 7 0.0627 250 718 501 970 5 0.0618 118 662 373 897 10 0.0611 119 667 374 899 8 0.0596 246 601 484 835 0 0.0590 246 602 495 842 3 0.0587 179 663 437 900 11 0.0585 306 602 558 828 8 0.0583 249 719 492 969 8 0.0577 318 791 555 1023 0 0.0573 248 724 497 972 5 0.0571 239 664 496 901 7 0.0567 308 660 568 898 7 0.0566 250 602 498 837 6 0.0565 124 664 378 899 8 0.0556 303 661 555 895 6 0.0545 251 722 502 968 10 0.0543 244 608 494 838 11 0.0539 429 657 699 875 6 0.0536 247 606 500 835 13 0.0532 126 663 382 900 11 0.0529 317 796 561 1019 1 0.0527 172 661 435 896 3 0.0523 248 602 493 842 2 0.0523 178 669 436 898 10 0.0517 299 667 562 896 3 0.0516 435 654 699 886 13 0.0513 250 602 500 835 5 0.0512 301 596 552 829 0 0.0510 303 523 551 756 7 0.0506 437 653 703 878 6 0.0505 436 655 705 880 7 0.0504 313 523 555 751 9 0.0502 172 669 438 893 8 0.0502 430 655 690 878 13 0.0502 434 656 709 881 13 0.0500 250 720 503 966
coqihgi4kLVa7GHfNIjbjFaxpa2COYgI,11 0.0576 186 273 442 507 0 0.0569 176 576 441 818 0 0.0561 186 271 442 515 11 0.0559 175 581 441 812 8 0.0541 179 576 435 813 7 0.0539 179 577 443 819 5 0.0531 619 0 1021 153 6 0.0522 176 580 446 815 13 0.0521 182 578 448 818 6 0.0518 628 0 1023 154 0 0.0506 363 520 625 748
CWDeH0NFfsEkINHfaTP84QL6XAyqQ16b,11 0.0615 520 606 763 836 13 0.0611 584 482 836 694 7 0.0591 523 603 763 837 11 0.0585 456 354 809 530 0 0.0584 517 284 771 524 5 0.0581 514 402 768 634 11 0.0580 459 528 707 763 5 0.0578 455 334 709 570 5 0.0575 514 673 747 909 11 0.0572 390 486 737 658 5 0.0571 502 797 762 1019 11 0.0565 323 521 585 759 6 0.0562 522 408 774 636 5 0.0561 380 483 731 656 8 0.0561 518 604 755 836 13 0.0558 526 359 783 582 8 0.0558 457 336 706 571 6 0.0555 459 354 812 533 0 0.0554 579 472 827 695 3 0.0554 461 340 712 577 8 0.0553 515 800 761 1022 13 0.0552 463 469 708 699 2 0.0548 578 481 832 696 0 0.0548 518 405 771 635 8 0.0547 578 481 821 699 13 0.0544 524 533 772 762 11 0.0541 576 420 841 641 5 0.0541 320 514 575 750 6 0.0539 521 531 771 764 7 0.0535 462 335 717 572 13 0.0534 575 280 849 518 13 0.0534 336 523 593 756 5 0.0533 576 469 824 695 3 0.0530 584 480 830 704 0 0.0530 257 523 515 761 11 0.0525 394 603 645 835 0 0.0523 385 485 736 660 0 0.0522 517 679 755 912 8 0.0522 450 743 697 975 7 0.0521 516 801 773 1023 10 0.0520 579 481 828 696 2 0.0520 390 490 739 659 7 0.0517 584 477 829 697 8 0.0516 258 518 506 761 11 0.0516 552 790 822 1017 8 0.0515 386 486 732 661 3 0.0513 516 805 764 1023 5 0.0513 449 605 706 835 0 0.0512 569 599 819 834 13 0.0512 575 606 829 833 0 0.0511 618 214 867 460 6 0.0511 326 523 588 759 2 0.0510 517 531 769 764 8 0.0510 330 599 577 824 6 0.0510 518 806 774 1023 8 0.0510 516 407 759 639 10 0.0509 518 413 770 635 7 0.0509 463 523 709 767 8 0.0508 459 526 702 765 0 0.0508 329 600 583 828 5 0.0508 566 595 810 831 10 0.0507 517 289 770 522 6 0.0503 459 610 715 837 11 0.0503 245 594 516 827 0 0.0502 519 524 765 765
lUQabHKJGrITXi9khW2TtBIvMq8ARmCz,5 0.0538 627 385 880 632 11 0.0533 444 154 702 361 11 0.0525 379 295 647 543 8 0.0517 387 367 630 619 7 0.0514 389 362 646 624 6 0.0503 448 150 706 359
YdLHPtXe8AoyQ36UjAtnsmhk5XLQd6WB,5 0.0557 599 476 930 666 11 0.0551 599 482 937 661 13 0.0518 297 455 555 697 3 0.0506 615 480 934 672 0 0.0502 599 481 932 667 11 0.0501 279 457 545 696
zgIT1VHNRGTtyLWEwglsZVVdmqjoaLEg,8 0.0599 307 582 554 831 11 0.0582 305 582 560 828 11 0.0578 760 524 1021 777 11 0.0574 701 456 955 716 8 0.0568 571 484 924 676 0 0.0566 759 526 1020 776 5 0.0565 611 663 869 909 11 0.0564 628 521 882 772 7 0.0563 513 486 871 672 13 0.0563 764 522 1023 780 5 0.0563 370 573 636 827 5 0.0558 688 522 942 778 7 0.0557 631 523 884 771 7 0.0547 456 549 814 738 11 0.0545 501 3 772 197 11 0.0542 609 665 869 908 8 0.0540 458 550 797 734 3 0.0539 511 0 766 204 7 0.0538 398 0 776 153 7 0.0535 761 523 1021 779 10 0.0535 301 585 562 829 13 0.0534 578 487 945 677 8 0.0533 756 520 1014 778 8 0.0531 364 715 633 959 0 0.0530 632 523 884 771 0 0.0530 310 575 558 839 11 0.0527 197 537 441 779 11 0.0527 449 551 806 737 3 0.0527 633 524 882 778 8 0.0526 508 0 761 200 0 0.0525 700 459 953 715 7 0.0524 702 457 955 716 2 0.0523 761 525 1023 778 8 0.0523 506 716 750 947 6 0.0522 582 483 942 675 5 0.0521 568 484 931 677 0 0.0520 765 395 1018 646 8 0.0519 683 597 933 855 13 0.0515 379 583 642 828 11 0.0514 679 600 944 860 10 0.0513 700 457 952 716 0 0.0513 454 551 809 739 13 0.0511 692 602 953 860 5 0.0510 498 709 750 943 3 0.0508 517 489 859 679 5 0.0508 361 712 637 957 6 0.0505 768 520 1022 776 0 0.0504 361 716 641 962 7 0.0503 617 668 872 914 10 0.0502 765 400 1014 643 10 0.0502 627 523 883 771 7 0.0501 425 712 701 964
z81vHi3fdNt6jHQUF9dggDOANLLPqLbg,8 0.0552 310 464 566 720 11 0.0550 305 464 575 715 13 0.0539 378 400 648 648 5 0.0535 236 390 505 652 8 0.0532 504 346 756 590 8 0.0532 376 404 629 647 7 0.0529 383 524 636 770 11 0.0529 501 350 765 584 6 0.0528 261 136 514 371 3 0.0520 510 349 767 597 5 0.0518 377 519 630 763 8 0.0515 429 295 698 525 13 0.0509 313 464 590 722 10 0.0509 379 529 633 763 13 0.0508 248 399 515 658 5 0.0507 249 126 509 372 11 0.0503 372 404 639 641 5 0.0503 369 395 634 642 11 0.0502 249 132 514 367
tybOMt7vUqihPS8BLNOKqeIXcc5zBWQI,8 0.0622 66 0 316 210 11 0.0605 65 0 325 208 5 0.0565 57 0 318 211 6 0.0540 65 1 326 209 0 0.0532 57 3 322 214 11 0.0529 372 729 632 968 3 0.0528 66 0 324 218 10 0.0523 65 4 322 207 13 0.0501 64 0 334 210
5CQyeEknXpiEKH1gojF0Ui10xAzR9UQ6,11 0.0638 561 601 816 844 11 0.0623 381 590 640 830 8 0.0613 566 599 812 851 0 0.0610 520 549 876 727 0 0.0604 565 600 818 849 11 0.0595 640 524 889 759 11 0.0589 449 545 797 726 7 0.0581 460 543 810 727 8 0.0577 432 589 681 836 6 0.0569 461 543 803 727 7 0.0560 568 596 819 851 8 0.0559 500 708 746 964 6 0.0556 569 599 818 846 0 0.0553 701 531 934 757 10 0.0553 434 591 687 834 0 0.0553 432 589 690 837 5 0.0549 492 709 746 958 8 0.0547 524 549 866 726 3 0.0545 567 601 817 853 11 0.0545 497 714 756 957 7 0.0539 440 588 692 836 5 0.0539 637 520 884 759 5 0.0533 430 587 684 834 6 0.0532 438 590 692 836 3 0.0529 438 588 686 840 11 0.0526 377 459 628 696 13 0.0525 526 550 882 727 3 0.0525 523 549 876 729 6 0.0524 645 523 895 760 10 0.0520 453 546 800 726 7 0.0520 505 709 758 964 7 0.0513 642 518 891 764 13 0.0513 567 598 821 848 12 0.0512 565 599 816 850 11 0.0512 695 606 950 831 5 0.0509 560 599 811 846 10 0.0508 562 602 813 846 6 0.0505 504 714 755 962 5 0.0503 447 544 800 725 13 0.0500 388 586 644 835
FPX8m4QYU0p0ZUdHe5la5ccTOhGt9CKy,0 0.0628 245 332 507 576 0 0.0608 570 537 826 783 0 0.0593 558 713 808 950 11 0.0578 233 277 506 500 5 0.0575 564 533 821 774 11 0.0574 429 656 699 892 0 0.0570 502 468 756 711 7 0.0568 507 464 757 706 8 0.0566 253 398 497 647 11 0.0561 288 717 561 953 11 0.0560 549 716 806 944 0 0.0560 290 706 558 963 11 0.0560 59 1 322 201 5 0.0556 227 273 497 502 0 0.0555 432 650 695 896 5 0.0554 554 706 803 942 5 0.0550 637 339 890 579 11 0.0547 571 475 838 706 8 0.0543 237 275 497 509 8 0.0543 304 590 557 835 8 0.0542 60 0 312 203 11 0.0541 299 592 566 832 8 0.0540 434 652 687 894 13 0.0536 561 718 811 948 8 0.0533 556 713 800 946 8 0.0533 516 402 757 641 11 0.0531 369 772 633 1001 7 0.0529 497 796 755 1018 13 0.0528 243 276 512 508 11 0.0527 244 402 508 638 13 0.0525 500 801 757 1015 11 0.0525 638 344 897 580 6 0.0525 436 651 702 892 3 0.0524 438 654 697 901 7 0.0524 241 274 508 506 0 0.0521 251 213 506 440 5 0.0521 488 788 742 1013 13 0.0520 452 397 712 635 6 0.0519 569 539 828 779 5 0.0517 297 585 560 832 7 0.0516 560 715 809 945 5 0.0516 244 397 501 638 8 0.0516 647 338 886 585 8 0.0514 288 713 550 961 11 0.0513 516 403 767 638 8 0.0513 575 471 828 711 2 0.0510 559 719 807 946 8 0.0509 575 269 824 503 11 0.0507 635 86 880 312 8 0.0505 639 200 874 438 11 0.0504 635 203 887 432 3 0.0504 249 329 509 578 7 0.0503 303 587 566 835 6 0.0503 646 339 903 586 7 0.0503 255 398 506 639 6 0.0503 300 590 571 831 7 0.0501 580 402 848 645 0 0.0501 580 404 849 650 7 0.0501 364 652 640 901 10 0.0501 555 719 806 948 6 0.0500 646 199 889 433 5 0.0500 51 0 314 203
q6nVjXvhWYhCRijk0d0kJx3vdTDMSgA3,11 0.0683 442 791 694 1021 6 0.0648 443 792 699 1023 8 0.0636 443 786 688 1023 7 0.0622 386 785 639 1023 0 0.0603 439 789 696 1023 8 0.0597 687 128 929 367 13 0.0594 389 788 639 1023 5 0.0586 379 783 629 1019 11 0.0584 684 133 942 370 0 0.0580 688 598 926 834 8 0.0579 509 253 756 485 8 0.0569 633 208 873 441 10 0.0563 441 795 695 1022 6 0.0562 575 262 830 493 5 0.0557 682 128 936 366 11 0.0555 631 214 883 442 11 0.0551 763 527 1011 769 5 0.0543 500 193 758 433 7 0.0543 515 254 767 490 3 0.0540 445 790 697 1023 0 0.0537 766 530 1010 772 5 0.0536 373 185 637 410 8 0.0536 767 529 1005 773 9 0.0525 439 792 691 1019 5 0.0523 564 144 827 366 11 0.0521 504 199 758 435 5 0.0519 563 256 825 496 7 0.0519 635 213 884 442 0 0.0516 5 724 251 967 7 0.0516 763 524 1018 767 3 0.0516 693 132 938 375 0 0.0515 562 196 831 426 11 0.0515 685 592 932 828 2 0.0514 442 793 695 1023 2 0.0513 765 535 1016 771 5 0.0513 238 188 518 428 11 0.0513 570 147 829 363 13 0.0510 692 133 948 374 8 0.0508 570 145 821 364 7 0.0508 523 147 776 380 5 0.0507 687 584 927 830 6 0.0505 693 131 944 367 3 0.0503 636 213 880 450 4 0.0501 445 790 695 1023
bYTzQXrQzMpbeJioder7hhTwfmUgk3xq,7 0.0673 497 794 761 1012 11 0.0670 429 791 690 1010 5 0.0633 485 792 753 1010 8 0.0620 494 795 750 1014 11 0.0613 555 799 829 1012 11 0.0611 429 667 692 890 5 0.0610 361 783 617 1019 13 0.0606 374 787 627 1023 0 0.0605 559 744 830 964 0 0.0601 494 795 758 1016 5 0.0601 554 734 824 957 8 0.0601 370 785 619 1023 11 0.0597 495 736 755 950 7 0.0592 561 740 828 959 5 0.0587 429 726 685 949 0 0.0585 375 660 640 899 0 0.0585 365 785 622 1023 7 0.0584 440 730 693 953 11 0.0584 374 583 641 811 11 0.0578 295 659 568 881 7 0.0573 371 786 627 1022 3 0.0570 496 793 753 1018 11 0.0569 496 601 759 827 7 0.0563 505 526 766 755 10 0.0563 430 670 687 889 5 0.0560 297 719 559 961 10 0.0558 375 587 637 813 7 0.0551 381 663 640 898 2 0.0551 495 801 760 1015 10 0.0551 428 792 694 1012 0 0.0548 439 592 686 823 11 0.0545 550 682 828 891 8 0.0544 434 729 683 953 13 0.0543 381 659 641 898 13 0.0542 497 798 760 1012 8 0.0537 376 662 632 897 6 0.0536 372 787 627 1022 5 0.0536 492 593 752 829 6 0.0534 560 805 837 1012 5 0.0531 371 576 634 815 8 0.0531 498 674 753 905 0 0.0531 499 679 761 903 13 0.0529 441 729 696 953 11 0.0528 378 461 638 690 13 0.0527 438 527 703 762 3 0.0527 500 596 755 836 8 0.0525 561 735 821 961 3 0.0525 374 789 624 1023 10 0.0524 495 740 751 955 3 0.0524 441 728 687 957 11 0.0521 552 541 818 751 11 0.0520 626 625 910 851 7 0.0519 503 677 762 903 8 0.0518 500 524 756 755 10 0.0517 296 663 565 884 3 0.0514 564 738 824 966 0 0.0514 501 526 763 756 6 0.0510 439 730 692 952 10 0.0509 253 586 513 807 6 0.0507 501 526 766 758 7 0.0507 303 726 567 964 9 0.0506 489 797 760 1008 10 0.0504 559 805 830 1016 0 0.0502 374 523 634 765 2 0.0501 301 663 567 885 0 0.0501 312 184 575 423 10 0.0500 556 542 814 755
vJNImixGbRHEW2GXMdB7SqRynTCnITVj,8 0.0656 367 395 613 636 0 0.0649 303 197 560 441 11 0.0626 308 335 567 575 7 0.0619 433 388 684 634 11 0.0617 424 387 678 631 0 0.0617 250 269 502 513 11 0.0613 433 652 697 888 8 0.0610 309 468 547 712 5 0.0609 334 669 702 859 8 0.0608 631 524 870 761 5 0.0607 568 388 812 630 8 0.0606 373 519 625 755 0 0.0605 418 547 768 732 13 0.0603 313 404 568 644 0 0.0602 249 128 496 373 8 0.0600 415 487 761 664 0 0.0599 312 331 568 573 0 0.0595 432 648 699 892 11 0.0595 253 209 501 444 3 0.0594 309 271 575 515 6 0.0594 574 394 815 628 0 0.0593 251 399 502 637 5 0.0590 407 482 762 668 11 0.0587 406 488 771 668 6 0.0586 311 334 568 574 11 0.0584 299 471 553 715 0 0.0584 180 340 437 578 8 0.0582 568 392 807 627 8 0.0579 338 672 702 860 11 0.0579 365 269 640 503 8 0.0577 370 263 633 507 7 0.0577 347 672 718 862 0 0.0577 630 524 880 762 0 0.0576 570 391 816 627 6 0.0576 372 516 632 762 5 0.0575 365 509 626 758 8 0.0574 253 401 494 635 6 0.0573 430 388 682 632 5 0.0573 361 318 620 570 11 0.0570 245 404 500 639 6 0.0570 251 403 501 636 6 0.0567 372 267 644 508 3 0.0566 438 646 697 898 13 0.0565 282 345 644 530 5 0.0565 627 518 875 764 0 0.0564 428 387 679 629 11 0.0563 630 526 878 760 8 0.0561 260 206 495 444 5 0.0561 239 528 489 772 6 0.0560 246 537 496 774 7 0.0558 309 199 564 440 5 0.0558 250 200 501 440 8 0.0558 425 613 772 795 13 0.0557 307 199 570 437 7 0.0555 582 335 824 570 5 0.0554 244 328 497 567 7 0.0553 426 547 771 735 13 0.0552 414 489 772 664 13 0.0551 374 517 634 760 8 0.0551 249 537 486 776 11 0.0551 165 472 424 694 0 0.0549 370 265 640 506 5 0.0548 420 609 771 796 13 0.0548 347 671 721 861 10 0.0543 370 272 643 508 13 0.0543 175 466 431 699 6 0.0543 427 614 786 797 6 0.0542 183 344 438 578 7 0.0542 249 535 499 777 11 0.0541 243 542 493 773 6 0.0541 307 202 564 440 6 0.0541 253 269 503 511
JAZkPmOX1MBKojx2MgImrwZ4t4JrseEz,11 0.0619 397 544 769 718 7 0.0609 501 790 762 1021 8 0.0608 498 788 750 1023 0 0.0592 395 542 769 721 0 0.0576 495 790 757 1023 8 0.0573 402 542 761 720 11 0.0572 437 734 700 965 5 0.0572 560 783 819 1013 6 0.0568 433 795 691 1020 13 0.0558 502 791 764 1023 5 0.0557 424 790 684 1019 8 0.0553 6 1 342 153 3 0.0552 567 785 820 1023 11 0.0550 467 615 830 796 7 0.0548 311 585 572 819 11 0.0540 0 2 362 152 7 0.0538 402 542 769 719 8 0.0538 473 609 821 801 3 0.0530 416 480 765 667 13 0.0526 413 478 772 661 7 0.0524 251 661 508 894 5 0.0520 401 478 761 660 6 0.0518 402 544 776 718 5 0.0517 240 323 501 555 6 0.0517 15 0 361 150 8 0.0516 251 656 500 895 3 0.0511 431 791 688 1023 11 0.0511 241 328 507 555 3 0.0511 10 1 353 156 0 0.0507 248 657 505 898 0 0.0507 307 585 572 825 0 0.0506 468 612 830 801 8 0.0505 310 585 563 818
YxAaJUKSsAPxaymH01NBbR60kcOmbyUO,11 0.0561 517 346 770 581 8 0.0552 518 342 767 584 8 0.0548 171 0 427 190 0 0.0540 172 0 435 191 0 0.0539 501 403 767 640 8 0.0533 448 405 694 639 11 0.0531 446 406 701 637 8 0.0529 449 265 687 508 3 0.0529 522 344 772 589 13 0.0522 239 2 515 186 13 0.0520 519 344 776 583 5 0.0513 510 340 764 581 11 0.0510 451 271 696 507 7 0.0506 454 267 696 508 7 0.0504 450 409 705 637 7 0.0502 519 343 773 584 11 0.0501 227 0 512 187
CyGRGYxF21WioR59czeASxoEpqACl0ka,8 0.0599 253 717 493 966 11 0.0597 244 590 515 831 8 0.0558 314 597 572 834 5 0.0550 245 714 496 966 0 0.0547 316 590 580 839 11 0.0543 442 214 699 449 13 0.0535 248 587 519 835 7 0.0534 249 584 512 831 11 0.0534 294 720 562 963 0 0.0528 254 713 501 968 6 0.0528 316 595 581 835 7 0.0522 451 211 703 453 5 0.0519 556 197 823 442 10 0.0518 246 590 509 829 5 0.0517 308 589 578 833 13 0.0507 255 717 508 970 8 0.0505 565 202 816 443 13 0.0503 447 214 705 453 0 0.0502 444 212 696 456 11 0.0500 562 206 829 438
cOBFVqpbMZLG4GTVxFdebcWYGELdjpkc,0 0.0623 481 781 737 1023 7 0.0610 486 783 740 1022 11 0.0606 482 784 732 1021 8 0.0581 485 781 730 1022 5 0.0579 431 781 679 1019 11 0.0557 495 661 757 885 2 0.0553 484 787 738 1023 3 0.0541 487 785 737 1023 10 0.0540 482 789 735 1022 6 0.0530 488 788 739 1023 13 0.0519 487 786 744 1023 11 0.0512 263 796 620 969 9 0.0511 481 786 735 1019 11 0.0507 380 339 638 561 0 0.0502 377 402 631 644
2YkQGkX22CJBJ1G0pqIZFUD8uUYf9r6a,8 0.0649 506 598 754 836 11 0.0641 504 597 761 831 0 0.0622 506 595 760 837 5 0.0610 503 591 757 836 11 0.0597 368 584 625 826 7 0.0592 509 594 763 836 5 0.0586 364 575 625 828 8 0.0577 369 581 622 829 0 0.0573 366 579 628 832 6 0.0570 369 579 629 828 2 0.0569 507 599 765 832 13 0.0566 510 596 767 834 7 0.0558 372 578 630 829 11 0.0553 559 468 825 700 8 0.0552 505 0 746 208 6 0.0552 507 596 763 833 13 0.0549 365 655 638 902 3 0.0548 506 598 762 842 11 0.0546 443 86 703 307 3 0.0544 367 583 628 835 8 0.0538 512 90 749 323 11 0.0528 236 392 504 643 9 0.0528 505 592 763 832 10 0.0519 366 581 627 827 12 0.0519 368 579 627 831 12 0.0518 508 592 763 839 10 0.0516 503 598 758 832 2 0.0516 366 587 625 827 11 0.0509 377 338 633 566 0 0.0508 507 0 756 208 11 0.0507 500 0 759 204 13 0.0506 509 0 763 209 11 0.0501 455 214 709 437
LDX4w2TpnNVJOsMJKJXPj2dVNgYadVoY,7 0.0586 317 468 567 694 11 0.0584 628 545 898 772 11 0.0580 227 474 474 695 5 0.0577 436 271 687 499 11 0.0565 375 583 634 806 8 0.0560 441 277 678 500 7 0.0559 446 278 691 502 11 0.0554 368 2 637 190 6 0.0553 321 470 565 692 8 0.0552 319 467 557 695 6 0.0551 449 281 696 499 7 0.0542 371 0 637 192 5 0.0542 312 466 566 693 3 0.0540 449 281 685 506 11 0.0538 197 797 435 1020 7 0.0537 377 581 636 806 8 0.0531 314 16 563 254 13 0.0530 314 474 577 697 0 0.0528 308 19 568 258 6 0.0523 313 18 578 255 3 0.0521 379 0 641 196 13 0.0521 561 527 838 762 2 0.0520 444 290 688 502 5 0.0520 303 10 563 251 0 0.0517 557 532 830 763 0 0.0515 682 2 938 220 6 0.0510 380 582 640 807 8 0.0509 561 527 819 761
ko5iSQKBmbOjg2PjJP2CLEieqfLzXgPT,8 0.0554 308 2 568 258 11 0.0536 289 598 564 819 0 0.0534 310 4 571 260 7 0.0529 239 601 506 819 7 0.0527 310 0 580 256 5 0.0519 288 592 558 821 10 0.0509 305 15 574 256 8 0.0508 236 601 495 818 13 0.0504 310 5 580 259 0 0.0503 367 592 624 819 3 0.0501 237 597 504 823
5ByzvIXrZBmiLoia1H6JSisTPLB1SjTA,7 0.0621 511 446 763 698 5 0.0599 499 444 757 698 5 0.0596 382 173 643 422 8 0.0571 457 268 705 497 7 0.0568 459 333 714 568 0 0.0566 394 118 638 364 8 0.0562 502 446 752 697 0 0.0559 512 515 762 764 6 0.0558 510 447 762 697 0 0.0557 456 269 714 497 8 0.0554 384 332 638 569 5 0.0554 327 351 694 538 3 0.0553 515 517 763 766 11 0.0546 511 518 765 760 11 0.0545 393 126 642 354 6 0.0539 323 193 579 436 0 0.0535 336 358 704 540 11 0.0534 244 794 493 1021 13 0.0534 327 129 580 370 6 0.0532 384 329 650 570 2 0.0532 504 455 762 698 11 0.0532 380 333 647 568 13 0.0531 384 263 652 496 13 0.0531 515 513 768 760 5 0.0528 381 65 632 300 3 0.0526 342 355 703 544 6 0.0523 247 793 498 1015 3 0.0522 392 180 649 428 11 0.0522 314 198 576 434 8 0.0515 392 182 640 423 11 0.0515 322 73 569 289 0 0.0515 241 203 500 441 5 0.0514 236 789 490 1013 0 0.0513 323 69 567 297 0 0.0511 194 415 567 606 11 0.0511 338 291 707 469 10 0.0509 510 518 767 762 7 0.0508 347 292 708 475 5 0.0505 504 190 758 429 1 0.0505 378 329 642 572 8 0.0504 324 132 562 366 5 0.0503 450 112 703 360 11 0.0502 191 416 567 604 6 0.0501 397 119 647 359
TgnkbZWk1KOuwRCoZ2i5I641ILoR1dOg,0 0.0516 454 286 704 516 11 0.0515 495 345 755 586 5 0.0507 494 340 746 586 7 0.0500 462 278 708 516
Hd03iwJPUCxuTR9tkNPxcFUSVLH4rOuH,7 0.0613 304 784 561 1022 5 0.0584 325 387 590 630 11 0.0576 387 390 655 635 11 0.0575 456 210 715 428 11 0.0574 318 324 582 563 8 0.0566 326 318 570 568 0 0.0562 324 319 581 568 0 0.0562 395 257 650 492 0 0.0560 449 401 703 644 8 0.0558 455 337 699 572 5 0.0558 295 780 550 1021 5 0.0553 452 338 702 566 11 0.0551 300 788 552 1020 7 0.0548 451 397 710 643 13 0.0547 336 389 599 637 13 0.0546 307 786 566 1023 5 0.0535 578 332 816 576 6 0.0533 306 788 559 1023 8 0.0533 396 254 649 493 8 0.0526 581 339 818 582 11 0.0526 514 277 762 497 11 0.0526 580 339 820 573 10 0.0525 297 791 558 1022 6 0.0524 329 250 579 487 3 0.0523 462 338 707 578 2 0.0521 458 349 706 570 6 0.0521 588 338 826 577 0 0.0521 582 342 824 581 0 0.0520 376 717 638 961 0 0.0520 302 782 555 1023 8 0.0514 515 275 755 502 5 0.0510 311 249 572 482 7 0.0509 380 719 642 957 8 0.0508 302 780 549 1023 0 0.0508 515 280 762 502 3 0.0507 304 785 558 1023 5 0.0505 511 272 758 499
kNNgtAKzEfoYBfkp6GC0bEoDEYTyFyO9,11 0.0547 408 605 770 778 7 0.0515 419 602 778 781 11 0.0513 294 584 561 829 13 0.0512 417 603 781 780 0 0.0509 407 605 771 783 0 0.0502 565 580 843 828
YublContO7DFBgi2w12aGbrPcxsqLeMW,7 0.0631 526 796 770 1019 11 0.0610 588 799 830 1021 11 0.0598 257 719 503 949 0 0.0595 587 802 831 1023 7 0.0594 577 734 820 952 0 0.0591 260 723 501 957 8 0.0572 520 799 756 1023 10 0.0570 762 23 1006 256 7 0.0569 264 717 505 949 11 0.0562 762 23 1009 253 13 0.0562 768 20 1016 258 8 0.0560 260 718 494 953 0 0.0559 0 2 262 205 0 0.0557 763 23 1012 258 5 0.0554 763 16 1008 257 11 0.0553 0 5 261 195 5 0.0553 514 797 758 1017 8 0.0543 4 0 253 202 8 0.0539 764 22 1000 257 13 0.0537 8 0 272 204 13 0.0536 524 805 771 1023 5 0.0535 0 0 252 198 10 0.0527 256 727 500 952 7 0.0521 641 793 891 1020 6 0.0516 5 2 263 203 8 0.0514 570 734 802 957 6 0.0513 768 23 1012 254 6 0.0507 263 723 508 954 2 0.0505 521 807 765 1023 10 0.0502 520 805 763 1023
HHnMIVr5pGwYRiGw2iCd7L085tS17gZj,8 0.0695 191 642 432 893 11 0.0683 186 583 446 828 0 0.0675 129 585 387 827 7 0.0661 252 580 514 827 0 0.0655 315 660 569 911 5 0.0655 185 642 431 890 8 0.0646 252 584 506 829 7 0.0640 130 585 389 827 0 0.0637 250 581 511 831 7 0.0632 318 660 574 907 10 0.0617 127 591 385 823 11 0.0616 301 529 565 760 8 0.0616 503 785 747 1021 6 0.0612 190 587 447 827 11 0.0609 250 649 504 898 3 0.0605 192 584 447 833 7 0.0594 508 788 759 1023 8 0.0592 317 660 567 908 5 0.0592 187 534 447 775 5 0.0590 500 786 751 1020 11 0.0589 181 483 442 708 8 0.0586 108 481 373 713 11 0.0585 503 788 756 1020 0 0.0578 502 790 755 1023 6 0.0577 184 485 444 713 10 0.0571 251 584 511 826 13 0.0571 191 585 451 828 5 0.0563 310 659 566 904 10 0.0559 313 665 571 907 6 0.0559 318 664 572 909 2 0.0556 132 594 383 829 11 0.0555 107 420 384 643 3 0.0553 259 648 503 902 7 0.0552 114 474 388 717 13 0.0546 258 648 509 899 6 0.0544 507 794 755 1023 6 0.0542 257 534 519 770 13 0.0537 258 532 523 770 0 0.0530 112 476 385 716 5 0.0528 112 475 381 713 5 0.0526 304 524 562 759 13 0.0525 509 792 760 1023 13 0.0523 187 484 450 712 3 0.0523 506 792 754 1023 2 0.0522 502 791 756 1023 9 0.0522 129 586 386 822 4 0.0513 130 587 387 827 12 0.0512 133 585 385 827 2 0.0509 252 589 512 830 1 0.0506 128 583 385 825 4 0.0503 192 648 440 893
L2SKaRgk1dZfVfbMCU4vFmSbap1pgSIV,8 0.0558 302 787 556 1023 7 0.0542 373 263 633 505 13 0.0526 373 264 641 507 11 0.0523 366 270 634 501 6 0.0519 305 787 566 1023 7 0.0517 371 780 647 1021 8 0.0510 371 267 624 504 5 0.0507 290 783 560 1019 0 0.0503 366 263 631 503 11 0.0502 294 791 563 1019
O2PixvTIeT5RJnuuxxwNOJGczYONtZfu,5 0.0627 249 391 508 629 11 0.0619 251 339 519 577 13 0.0609 258 391 516 636 0 0.0597 178 452 436 703 5 0.0596 204 343 571 528 11 0.0589 315 273 591 518 5 0.0586 177 446 433 697 0 0.0585 254 336 520 580 0 0.0584 317 268 588 520 13 0.0582 284 353 646 542 6 0.0581 260 338 524 584 3 0.0579 255 339 519 585 7 0.0575 193 379 448 629 8 0.0563 194 384 439 631 10 0.0562 187 338 444 576 3 0.0557 253 450 512 704 5 0.0556 278 280 636 470 11 0.0553 129 461 383 691 5 0.0551 428 328 693 567 10 0.0551 276 353 641 538 8 0.0550 285 282 626 473 3 0.0549 316 272 589 525 11 0.0544 433 395 696 623 10 0.0540 256 395 512 632 3 0.0537 442 390 697 630 1 0.0532 253 387 509 632 0 0.0532 432 333 697 573 6 0.0528 436 335 700 570 7 0.0527 202 261 455 502 6 0.0527 232 277 584 464 7 0.0523 136 458 376 690 7 0.0522 291 282 650 473 12 0.0520 283 352 643 539 11 0.0517 303 456 574 694 8 0.0516 254 449 503 697 13 0.0514 136 389 392 635 8 0.0514 434 333 687 570 8 0.0512 138 514 359 758 2 0.0512 279 353 636 538 0 0.0512 199 264 448 506 7 0.0511 435 335 702 574 1 0.0510 274 349 640 540 7 0.0510 247 448 515 701 9 0.0508 251 338 517 577 6 0.0505 142 458 382 697 0 0.0502 303 453 575 700 8 0.0501 261 138 511 372
QCB5Xy2zDnehAGzMV97m8nlLChHdzYSC,5 0.0653 368 778 630 1016 7 0.0635 439 790 686 1023 8 0.0610 438 791 674 1023 11 0.0608 379 728 640 960 11 0.0591 403 670 766 860 3 0.0582 437 792 680 1023 0 0.0577 435 794 682 1023 0 0.0568 491 535 742 769 13 0.0566 315 790 570 1023 11 0.0564 309 790 563 1019 11 0.0559 486 535 744 767 0 0.0557 308 788 563 1023 7 0.0552 315 788 567 1023 10 0.0545 382 730 636 962 8 0.0544 492 533 740 768 8 0.0543 311 786 558 1023 2 0.0538 438 796 684 1023 6 0.0534 439 794 685 1021 11 0.0533 481 740 767 982 5 0.0531 226 785 496 1020 0 0.0531 405 669 762 859 13 0.0531 441 794 685 1023 5 0.0531 401 665 754 857 8 0.0530 406 669 758 860 7 0.0525 498 535 748 769 6 0.0520 493 534 748 771 0 0.0519 307 664 569 903 10 0.0513 307 793 564 1023 11 0.0503 309 670 571 896 7 0.0502 312 669 573 900 3 0.0500 315 792 564 1023
ET7wCCbKjqKW3ZEab9pVFMlN8CUwQ1oo,0 0.0575 629 0 874 202 3 0.0571 624 1 878 206 5 0.0562 615 0 872 198 11 0.0543 601 682 869 895 8 0.0542 626 0 870 200 11 0.0527 257 733 510 962 7 0.0523 623 0 878 202 13 0.0516 631 0 887 201 8 0.0516 334 0 693 147 6 0.0512 625 2 880 197 11 0.0510 622 3 875 199 0 0.0503 252 725 515 968
D3HL0Agy6C7Nphu3aWkln83aBebrAnEn,0 0.0600 515 539 773 771 0 0.0593 549 805 814 1023 11 0.0585 436 736 699 969 7 0.0564 445 733 702 976 11 0.0561 313 402 567 634 6 0.0560 445 733 697 971 0 0.0555 443 731 699 977 8 0.0552 552 805 802 1023 0 0.0550 394 406 639 645 3 0.0549 446 732 695 978 5 0.0548 312 396 563 636 11 0.0547 545 807 810 1019 5 0.0546 434 731 692 968 11 0.0542 385 547 649 766 10 0.0539 439 738 696 972 11 0.0533 390 333 639 554 5 0.0533 542 803 807 1020 0 0.0529 390 544 646 775 8 0.0523 445 733 689 975 13 0.0519 448 736 700 976 13 0.0519 330 537 586 762 7 0.0518 516 537 779 764 8 0.0517 395 405 630 641 7 0.0515 554 803 820 1023 11 0.0514 511 538 777 762 0 0.0514 327 474 580 709 7 0.0506 387 546 649 770 13 0.0505 397 475 656 710 5 0.0504 386 468 641 705 7 0.0504 395 334 642 558 13 0.0503 553 808 821 1023 3 0.0502 328 534 580 766 5 0.0500 389 330 633 555
UHE4nTYnMm5TQbUGsRktEFzk2POE52cA,8 0.0629 866 134 1018 520 11 0.0571 5 803 241 1020 8 0.0557 5 795 233 1021 11 0.0556 865 139 1023 515 7 0.0556 371 794 629 1019 5 0.0550 863 125 1023 529 7 0.0535 12 797 243 1023 0 0.0531 4 798 240 1023 8 0.0527 119 550 362 777 5 0.0527 4 793 236 1021 11 0.0524 363 793 625 1019 11 0.0508 315 527 587 758 0 0.0507 862 141 1022 534 6 0.0504 11 802 248 1023 11 0.0502 108 550 370 774
8Q8fPobVc11InzzHAKDfjH2emkfnEdnC,0 0.0650 496 721 750 953 5 0.0614 427 725 689 955 0 0.0612 366 731 631 967 11 0.0610 306 660 568 889 11 0.0598 237 731 488 963 10 0.0598 430 669 696 889 11 0.0594 428 666 699 891 8 0.0592 432 665 691 892 5 0.0589 303 729 561 963 0 0.0584 310 654 571 892 13 0.0583 313 735 569 970 8 0.0579 313 657 561 888 11 0.0577 365 735 631 961 5 0.0572 499 656 761 890 7 0.0569 311 656 568 891 7 0.0568 432 727 693 959 11 0.0565 242 591 493 823 0 0.0560 577 679 834 909 0 0.0559 242 728 490 969 7 0.0558 249 586 499 828 10 0.0558 367 736 630 957 3 0.0556 433 664 694 895 8 0.0555 500 722 743 949 6 0.0553 430 668 699 892 8 0.0553 373 733 624 962 13 0.0552 436 732 694 959 2 0.0548 500 725 753 954 6 0.0544 311 656 573 887 8 0.0543 244 726 483 966 3 0.0541 312 656 568 895 13 0.0541 505 660 770 899 6 0.0540 370 733 636 960 5 0.0537 238 589 489 824 6 0.0533 500 726 754 949 8 0.0526 581 679 829 906 3 0.0526 374 732 633 967 7 0.0525 242 728 493 963 2 0.0524 431 670 696 896 3 0.0521 499 722 748 955 11 0.0521 574 680 836 905 6 0.0520 242 727 495 965 8 0.0519 243 589 488 827 10 0.0518 308 662 565 886 0 0.0512 244 591 496 831 7 0.0507 501 656 767 896 9 0.0505 426 667 696 888
fr8lrN3vMP7P9IecYrKi7BBUCDpnxqcD,0 0.0609 400 483 643 730 8 0.0600 183 600 433 845 11 0.0593 179 603 439 844 0 0.0584 183 533 442 775 5 0.0577 395 476 641 724 11 0.0577 244 533 503 766 10 0.0572 182 608 438 845 0 0.0557 380 608 640 856 6 0.0557 181 535 441 774 5 0.0555 239 529 505 766 5 0.0555 372 600 635 855 13 0.0554 182 532 448 776 6 0.0551 330 542 592 783 7 0.0550 184 601 442 850 11 0.0545 258 670 627 848 5 0.0541 179 598 435 846 7 0.0535 245 531 511 770 8 0.0530 381 609 632 853 10 0.0529 241 535 504 766 7 0.0523 404 481 649 729 3 0.0519 403 487 647 735 8 0.0515 246 531 499 767 3 0.0510 185 604 442 856 11 0.0510 328 327 580 566 7 0.0509 382 607 642 858 8 0.0506 400 484 640 726 6 0.0504 404 480 649 723 11 0.0502 395 547 645 791
FAZpRuDk9OMpgpn6BiXtZFrTH2RjBJ9w,8 0.0596 3 415 343 603 11 0.0576 0 420 353 604 5 0.0574 0 416 345 599 6 0.0554 0 422 362 602 13 0.0540 2 419 364 602 5 0.0537 683 14 945 245 0 0.0526 687 19 948 250 7 0.0523 6 420 356 600 3 0.0520 7 421 350 606 2 0.0519 0 423 351 601 0 0.0517 0 417 354 604 0 0.0517 388 411 643 628 5 0.0515 385 405 638 621 8 0.0515 689 21 939 246 11 0.0514 385 411 643 624 10 0.0505 0 424 349 600 0 0.0504 315 471 567 706
HMHkH6Ry0wTHAA69H2abdxXlHWlchJNU,8 0.0649 571 260 812 500 5 0.0648 567 257 819 502 11 0.0630 631 390 894 635 5 0.0628 497 200 752 434 5 0.0616 631 386 891 634 8 0.0607 632 314 877 564 6 0.0603 641 255 888 499 7 0.0597 633 317 887 565 11 0.0592 566 263 822 498 3 0.0591 639 390 894 639 8 0.0584 632 468 874 701 11 0.0581 499 209 758 431 8 0.0576 501 203 748 434 10 0.0563 635 395 892 632 0 0.0562 635 256 881 499 5 0.0561 192 275 586 457 10 0.0561 633 261 882 491 3 0.0557 572 263 821 507 8 0.0556 202 279 583 461 7 0.0548 504 208 758 437 11 0.0548 568 520 822 752 0 0.0547 566 525 822 758 7 0.0545 629 466 885 698 6 0.0544 638 468 885 695 0 0.0543 636 389 892 634 2 0.0541 574 268 820 502 13 0.0541 634 470 889 698 6 0.0539 506 208 758 433 2 0.0536 635 322 884 565 13 0.0533 575 262 826 500 0 0.0531 575 203 818 431 13 0.0531 635 318 890 566 13 0.0530 504 208 762 432 5 0.0530 565 518 819 756 9 0.0521 571 265 822 497 3 0.0516 502 206 760 442 12 0.0516 638 391 892 638 9 0.0515 499 209 758 428 0 0.0513 199 281 594 459 10 0.0512 773 284 1008 513 11 0.0512 356 594 637 829 11 0.0511 637 204 873 426 8 0.0505 15 415 245 657 0 0.0504 775 283 1008 518 11 0.0501 238 147 508 375
79BA1qGBCbaJ4TbOZlRjamVol2JoVeeO,5 0.0666 197 869 565 1022 0 0.0663 203 872 570 1023 7 0.0652 208 870 577 1023 8 0.0646 203 872 568 1023 11 0.0644 203 872 570 1021 10 0.0617 200 875 573 1023 6 0.0598 209 875 574 1023 11 0.0594 62 3 325 204 2 0.0580 206 875 568 1023 0 0.0580 60 2 319 216 13 0.0571 207 874 580 1023 9 0.0565 200 872 571 1021 5 0.0562 365 198 637 425 8 0.0560 756 72 1006 320 1 0.0559 202 871 569 1023 5 0.0551 62 0 311 207 11 0.0549 364 201 641 427 6 0.0547 63 3 327 211 3 0.0544 210 873 570 1023 5 0.0544 757 65 1010 320 11 0.0534 295 269 557 490 7 0.0533 370 203 643 429 8 0.0530 69 0 314 210 0 0.0527 755 79 1014 322 3 0.0526 395 135 663 372 0 0.0515 369 205 639 430 13 0.0514 69 0 330 213 11 0.0513 773 9 1023 255 8 0.0513 369 203 630 425 6 0.0509 760 70 1018 318 4 0.0500 204 872 579 1023
wT9uWXNpEeCJnNLJlAeRohBeXJVyKNCr,11 0.0605 375 459 635 700 11 0.0564 444 605 707 837 11 0.0560 500 449 753 689 7 0.0555 442 537 702 774 8 0.0553 503 526 762 766 0 0.0543 443 602 703 844 3 0.0542 385 456 633 707 0 0.0534 500 529 764 770 7 0.0533 381 456 635 700 5 0.0529 374 668 623 905 6 0.0529 439 538 701 775 5 0.0525 362 321 608 553 5 0.0525 434 532 688 770 13 0.0524 450 600 713 840 0 0.0524 380 674 630 912 8 0.0524 383 672 623 912 13 0.0519 385 459 640 703 6 0.0517 383 457 639 702 13 0.0513 506 531 775 767 11 0.0513 374 676 627 907 7 0.0511 389 598 635 850 5 0.0511 498 443 750 690 8 0.0507 323 412 565 640 0 0.0504 378 455 632 703 11 0.0503 326 593 571 840 8 0.0502 443 599 700 841
eXritBJPRNuMzyhMSV5jA9ShuPYXU9EV,7 0.0634 186 586 441 817 11 0.0631 387 345 634 562 7 0.0614 394 343 638 567 7 0.0592 252 532 501 756 11 0.0579 463 410 694 645 8 0.0578 122 407 382 639 0 0.0574 447 268 692 508 0 0.0573 253 332 500 561 0 0.0573 250 532 497 763 11 0.0571 449 269 692 505 10 0.0570 252 337 500 556 11 0.0569 249 333 503 555 0 0.0568 386 344 633 569 11 0.0567 323 459 563 696 7 0.0566 470 405 701 648 0 0.0565 320 266 571 495 11 0.0565 703 3 960 196 8 0.0564 568 0 930 154 11 0.0563 309 134 570 364 8 0.0557 388 346 630 568 8 0.0556 184 590 428 817 8 0.0556 195 336 440 561 11 0.0555 323 267 575 492 6 0.0552 392 346 640 566 0 0.0552 326 459 561 700 7 0.0549 455 266 695 508 0 0.0548 705 1 960 204 10 0.0548 325 270 574 490 7 0.0546 254 389 503 625 3 0.0545 259 329 501 564 11 0.0545 245 535 502 759 0 0.0544 189 392 430 623 5 0.0543 700 0 954 200 5 0.0543 384 266 627 495 13 0.0542 706 0 967 204 13 0.0541 324 266 580 495 6 0.0537 705 1 962 199 7 0.0535 331 457 564 698 3 0.0534 393 270 632 505 8 0.0534 449 264 686 508 0 0.0532 460 409 694 654 10 0.0529 256 462 504 689 7 0.0527 328 262 576 496 10 0.0526 451 277 688 505 5 0.0524 248 325 497 556 10 0.0523 183 399 433 618 10 0.0523 703 3 955 202 8 0.0522 382 130 631 356 6 0.0521 260 331 506 559 8 0.0521 463 409 686 650 6 0.0521 125 409 391 641 10 0.0519 387 352 637 564 10 0.0516 313 140 565 362 8 0.0516 247 535 489 758 13 0.0514 311 136 574 359 7 0.0513 190 446 439 687 5 0.0512 183 386 427 619 5 0.0510 450 339 690 575 3 0.0510 385 132 635 365 8 0.0509 320 195 563 416 13 0.0509 393 345 640 566 10 0.0508 326 37 581 260 2 0.0507 321 201 565 417 5 0.0503 311 189 563 415 11 0.0502 183 395 436 616
L65aD0S3wJ8fe30qUdkV4Mp7ZMAcOgqE,8 0.0617 257 0 502 205 11 0.0582 252 0 508 204 0 0.0575 183 0 447 202 5 0.0534 247 0 501 204 6 0.0530 187 0 453 199 13 0.0527 252 0 513 208 7 0.0517 255 0 511 206 11 0.0515 114 813 373 1015 3 0.0509 187 0 450 205 5 0.0508 111 812 367 1014 8 0.0503 120 811 364 1016
lqYNSIhZY1dAoLL9Im4ZqloNgDKnzWj9,11 0.0536 439 735 693 958 7 0.0503 388 665 640 897
IU7Jx3HMrFCGa3jCsxhPoLJcyPld3ASV,0 0.0539 243 137 489 373 7 0.0531 254 372 514 629 11 0.0530 309 381 592 612 8 0.0522 449 334 700 566 11 0.0517 374 469 645 698 11 0.0515 443 336 710 563 6 0.0514 251 375 516 632 5 0.0505 244 195 497 420
9MLpTcB9p4ZNC7vkf2T5ZjaMudeTB9hC,11 0.0521 441 356 695 559 11 0.0520 553 1 821 193 13 0.0511 498 16 766 259 3 0.0508 496 19 758 267
B4BoAXaSvmtn2dviQPqoWvPacSbF87fd,8 0.0637 569 4 814 250 11 0.0588 501 409 754 640 0 0.0581 370 0 621 241 0 0.0579 499 406 755 643 3 0.0577 570 9 823 256 6 0.0570 571 405 818 630 5 0.0567 561 397 806 630 5 0.0564 432 0 699 245 6 0.0563 437 4 708 248 0 0.0561 567 10 820 248 8 0.0559 567 401 804 630 13 0.0549 443 0 710 251 0 0.0548 560 350 810 573 8 0.0547 443 0 694 252 7 0.0544 506 404 758 642 0 0.0543 355 542 721 721 11 0.0534 356 540 721 720 7 0.0532 443 0 703 251 7 0.0532 570 6 824 250 13 0.0529 573 8 831 250 5 0.0528 506 270 752 506 8 0.0526 511 269 748 504 11 0.0522 566 11 825 249 0 0.0517 509 277 761 508 3 0.0516 503 409 754 650 11 0.0515 436 2 698 251 5 0.0514 495 59 770 312 6 0.0514 503 69 776 311 2 0.0510 500 69 772 312 10 0.0508 501 408 752 642 13 0.0502 366 542 727 722 2 0.0501 438 4 701 251 10 0.0501 567 13 824 248
6pBY3qmJSoSJIiEbyyfF4kXyLo6hAtmY,8 0.0650 382 789 623 1023 11 0.0646 310 794 563 1021 11 0.0640 369 649 638 891 0 0.0639 65 685 408 862 0 0.0639 372 649 639 896 11 0.0637 0 682 361 856 11 0.0637 248 661 505 902 0 0.0636 250 659 506 908 5 0.0633 307 791 561 1020 7 0.0631 313 793 570 1023 8 0.0626 3 676 346 857 8 0.0624 334 675 689 850 7 0.0621 434 644 699 881 11 0.0618 298 586 559 822 7 0.0614 311 654 572 905 0 0.0606 460 676 816 871 5 0.0601 247 717 500 966 0 0.0598 314 717 571 968 3 0.0593 6 680 353 863 10 0.0587 69 684 409 862 0 0.0586 304 583 558 829 5 0.0582 329 673 687 846 2 0.0580 3 683 355 859 6 0.0578 374 649 644 894 11 0.0575 451 676 818 865 7 0.0575 7 678 354 856 3 0.0575 251 661 507 911 7 0.0574 251 722 507 971 6 0.0573 314 798 570 1023 5 0.0571 0 677 347 855 10 0.0567 333 679 697 849 10 0.0566 301 586 559 824 3 0.0560 315 795 567 1023 10 0.0560 246 664 505 905 0 0.0559 379 792 629 1023 8 0.0557 308 519 555 759 11 0.0555 371 403 627 632 3 0.0553 335 677 696 855 6 0.0551 0 681 355 857 7 0.0549 311 515 568 762 6 0.0546 252 659 510 903 8 0.0546 250 720 500 964 13 0.0544 252 660 511 905 2 0.0543 311 797 571 1023 13 0.0543 316 796 569 1023 10 0.0540 314 722 568 965 6 0.0539 457 679 818 865 13 0.0535 7 679 362 857 13 0.0530 302 586 565 825 10 0.0527 380 792 629 1023 7 0.0527 377 400 631 633 6 0.0522 303 586 564 826 0 0.0518 372 401 629 636 13 0.0516 336 676 705 850 3 0.0516 304 585 559 833 2 0.0514 250 665 506 906 8 0.0511 375 401 620 635 5 0.0510 367 397 623 630 9 0.0507 244 660 506 897 2 0.0506 334 680 695 849 9 0.0506 63 684 409 857 12 0.0505 251 659 509 906
Shi0XO9RjCJpCa7hvBpp2XsNYWseyK2E,11 0.0545 248 390 518 615 0 0.0543 253 388 518 622 7 0.0542 252 385 521 619 8 0.0531 253 388 508 619 7 0.0526 211 484 578 666 5 0.0523 252 382 518 618 11 0.0513 254 275 519 496 11 0.0510 756 216 1023 455 0 0.0509 256 271 514 500 13 0.0509 201 424 561 600 3 0.0503 253 387 519 623 6 0.0500 252 388 527 618
h6RrHckjMCl87NaZ4BCPp4kvnox4bNlj,11 0.0572 364 672 634 893 13 0.0524 373 667 639 898 8 0.0506 303 670 568 898 11 0.0503 298 732 575 951
5Aw5ca6zWRkwndouf64kZ2mguvKwxxjk,5 0.0662 432 0 700 195 8 0.0650 439 0 699 197 8 0.0643 284 1 631 153 13 0.0629 442 1 709 198 3 0.0620 438 0 704 201 0 0.0614 281 0 638 154 11 0.0613 432 1 706 196 11 0.0612 363 523 628 765 8 0.0608 367 57 640 306 7 0.0607 437 0 709 197 6 0.0606 312 7 583 263 6 0.0605 438 1 706 197 7 0.0594 310 5 583 259 0 0.0592 429 68 704 311 1 0.0583 432 0 704 197 13 0.0581 311 5 586 260 3 0.0580 312 5 579 265 5 0.0579 304 2 574 258 11 0.0578 305 8 580 257 12 0.0576 436 0 707 198 10 0.0573 434 3 708 195 5 0.0573 366 639 616 891 8 0.0571 424 581 669 829 0 0.0567 355 575 620 816 11 0.0565 433 653 676 898 7 0.0564 364 575 623 816 11 0.0563 288 586 548 822 9 0.0561 435 0 708 194 7 0.0560 442 649 684 898 10 0.0560 279 3 637 151 2 0.0558 281 2 636 154 6 0.0554 358 579 621 815 8 0.0553 500 70 749 312 2 0.0552 437 1 703 199 5 0.0549 371 129 632 371 0 0.0549 433 649 679 901 8 0.0548 253 56 509 304 8 0.0548 316 138 574 385 5 0.0546 500 643 739 894 8 0.0543 500 652 736 896 3 0.0541 629 2 889 206 11 0.0541 192 1 449 199 13 0.0541 506 77 761 314 6 0.0539 195 0 452 200 8 0.0538 193 0 440 199 0 0.0538 193 1 448 200 10 0.0536 430 73 707 313 5 0.0536 190 0 444 200 5 0.0535 619 0 884 196 6 0.0534 631 0 892 195 8 0.0531 367 650 611 889 4 0.0531 440 3 709 196 8 0.0530 371 326 622 576 11 0.0525 308 140 587 381 7 0.0523 630 0 895 200 7 0.0521 310 461 569 711 7 0.0520 197 0 453 198 2 0.0520 627 2 888 197 1 0.0516 305 3 575 260 13 0.0516 631 2 895 200 13 0.0515 510 652 750 895 6 0.0514 377 136 641 373 8 0.0514 627 0 877 198 10 0.0509 375 140 641 374 7 0.0509 245 589 509 825 11 0.0509 257 719 503 950 5 0.0508 366 322 627 576 13 0.0508 370 516 634 762 6 0.0507 570 70 831 313 13 0.0506 318 139 593 385
MciwVnR2VigUdkXb2jvkBHyyTX9mXGmm,0 0.0536 449 383 717 634 8 0.0520 318 320 563 568 3 0.0514 454 271 705 514 8 0.0513 456 380 707 633 8 0.0508 191 337 432 588 8 0.0503 452 269 695 506
IOj2P2NhffEY0YqurfSvUx7DP3HDuOTY,5 0.0537 51 396 314 646 5 0.0528 0 454 242 718
MZi2z5eYiZtlODNGMCuHXGFwHHLOSDR0,11 0.0694 454 210 705 439 0 0.0684 322 215 570 443 11 0.0683 448 343 696 563 0 0.0659 312 336 560 570 0 0.0648 383 275 629 507 6 0.0636 457 211 707 443 5 0.0631 379 273 627 502 11 0.0625 381 277 631 505 11 0.0625 323 216 574 442 6 0.0622 448 346 700 568 7 0.0619 329 214 572 441 6 0.0619 328 278 567 504 11 0.0617 311 336 562 568 8 0.0613 326 215 563 442 3 0.0610 322 275 567 506 5 0.0609 447 203 698 437 11 0.0606 456 485 698 710 3 0.0603 382 409 630 645 7 0.0603 452 274 698 498 5 0.0602 320 212 568 440 7 0.0600 384 335 632 568 8 0.0596 380 469 622 710 0 0.0594 445 344 692 566 7 0.0592 382 470 632 710 5 0.0591 308 332 558 567 5 0.0590 440 339 689 565 0 0.0590 458 482 700 716 10 0.0590 451 214 703 439 0 0.0589 383 409 628 645 8 0.0586 443 410 692 641 13 0.0586 315 335 565 572 11 0.0585 514 141 769 367 8 0.0585 386 277 623 507 3 0.0583 450 340 695 570 7 0.0581 446 412 701 641 13 0.0579 385 275 635 507 2 0.0579 451 279 694 495 8 0.0578 315 334 553 568 3 0.0577 384 212 632 447 0 0.0575 451 210 699 441 10 0.0573 383 280 630 503 9 0.0572 444 274 690 491 6 0.0569 384 409 631 642 10 0.0565 245 214 497 446 8 0.0563 453 207 701 443 13 0.0562 381 407 632 643 10 0.0556 311 342 557 567 6 0.0554 240 345 506 582 5 0.0553 373 404 623 638 13 0.0546 326 213 577 446 3 0.0545 251 206 500 448 10 0.0544 376 414 628 641 13 0.0542 457 481 707 711 2 0.0542 323 280 562 501 11 0.0541 572 277 839 511 12 0.0540 388 274 629 506 2 0.0539 386 221 627 444 2 0.0537 444 422 697 640 7 0.0535 239 338 506 576 13 0.0534 448 344 701 564 13 0.0531 458 209 711 441 3 0.0530 518 139 768 375 9 0.0527 375 338 625 561 12 0.0527 447 342 699 567 9 0.0526 380 214 629 438 0 0.0526 516 139 764 373 7 0.0525 513 138 771 372 6 0.0523 520 143 774 370 3 0.0523 581 274 842 520 3 0.0519 237 344 497 584 10 0.0518 444 347 697 563 8 0.0516 575 273 835 515 3 0.0516 460 485 700 718 5 0.0510 569 269 839 510 12 0.0507 455 210 703 442 4 0.0505 383 279 633 505 11 0.0504 367 592 645 829 5 0.0503 448 482 696 708 0 0.0501 574 275 842 511
w8SkjgYKt3pV8MNxtI07vu5S5Z2xCKIx,11 0.0654 372 468 631 708 0 0.0644 372 577 625 836 6 0.0643 245 522 497 771 11 0.0640 211 485 571 663 5 0.0639 301 516 556 763 11 0.0636 367 580 626 832 5 0.0633 364 575 624 833 8 0.0630 308 519 556 764 5 0.0629 317 201 570 457 8 0.0626 368 579 622 833 5 0.0623 240 585 506 844 8 0.0622 377 468 625 708 0 0.0620 249 588 511 847 8 0.0617 246 590 504 847 6 0.0614 369 577 631 835 0 0.0606 377 466 630 711 13 0.0605 370 577 633 834 3 0.0603 308 519 561 768 5 0.0600 370 464 626 708 7 0.0597 310 517 565 764 6 0.0594 374 466 633 711 11 0.0594 172 332 429 561 0 0.0592 172 330 423 561 13 0.0592 308 517 567 764 10 0.0588 365 581 629 831 6 0.0587 218 482 571 664 5 0.0586 166 461 438 705 11 0.0579 188 199 437 435 0 0.0577 173 464 435 707 9 0.0575 247 587 512 839 8 0.0572 251 210 488 437 9 0.0571 366 577 629 828 10 0.0570 303 521 563 761 5 0.0560 174 256 420 487 10 0.0560 244 591 509 848 0 0.0558 191 197 430 436 0 0.0557 554 330 808 572 3 0.0556 379 469 633 715 3 0.0556 372 581 630 839 5 0.0551 552 324 807 569 12 0.0551 307 515 564 765 7 0.0549 373 576 630 836 12 0.0548 369 578 629 837 2 0.0546 176 331 423 560 6 0.0545 182 261 429 492 11 0.0545 555 330 812 567 8 0.0544 170 461 433 709 7 0.0543 178 327 427 560 7 0.0540 175 459 438 708 5 0.0538 242 127 500 374 8 0.0535 555 326 803 567 8 0.0534 547 587 800 826 9 0.0534 302 516 563 758 8 0.0533 312 140 562 379 2 0.0533 369 581 625 831 2 0.0533 320 215 572 457 3 0.0528 177 329 424 568 11 0.0527 318 209 574 455 2 0.0525 307 521 563 762 6 0.0525 322 211 574 458 13 0.0524 179 330 430 569 7 0.0524 327 205 578 454 11 0.0521 170 588 442 836 8 0.0516 174 326 420 563 0 0.0514 552 589 807 830 6 0.0512 561 329 818 569 4 0.0512 372 580 632 831 3 0.0510 560 334 809 577 1 0.0509 211 479 567 665 4 0.0507 376 469 633 708 7 0.0507 558 328 810 572 7 0.0506 189 198 434 433 13 0.0504 174 463 444 713
yQ9cmiK9agFlrQD2pvxZ8lIoTTYnzSrT,3 0.0630 453 1 706 207 5 0.0621 435 86 696 313 8 0.0619 506 151 764 383 7 0.0609 325 0 597 197 11 0.0608 245 1 515 193 5 0.0605 502 145 768 383 3 0.0602 325 0 593 199 3 0.0600 445 90 696 320 8 0.0597 378 26 640 260 5 0.0597 312 0 589 195 11 0.0590 341 228 685 411 7 0.0590 443 88 698 313 8 0.0588 283 0 618 150 11 0.0588 506 153 773 376 11 0.0584 580 401 820 627 6 0.0579 511 154 776 381 11 0.0574 568 214 842 439 6 0.0571 286 0 636 150 8 0.0569 338 228 681 412 13 0.0567 448 149 700 388 5 0.0566 340 220 682 410 10 0.0566 314 4 591 193 11 0.0566 373 77 637 298 5 0.0565 437 0 709 198 3 0.0562 346 226 682 415 0 0.0559 509 152 774 383 5 0.0558 567 205 835 442 7 0.0558 341 226 683 413 10 0.0557 439 96 697 316 0 0.0556 277 0 631 149 0 0.0555 582 332 832 571 9 0.0554 318 0 595 190 2 0.0554 446 156 701 387 11 0.0552 381 1 648 193 6 0.0551 444 92 697 312 13 0.0550 499 94 785 311 3 0.0549 515 152 772 390 0 0.0549 445 2 711 203 13 0.0548 376 20 659 259 2 0.0545 375 80 636 299 13 0.0543 252 0 518 192 8 0.0540 585 329 823 569 5 0.0539 167 276 419 497 0 0.0535 438 89 696 315 6 0.0534 589 397 825 633 5 0.0534 577 394 817 631 8 0.0533 262 19 510 256 2 0.0533 250 2 513 193 0 0.0533 337 227 686 413 8 0.0529 347 348 695 529 7 0.0528 509 152 775 384 10 0.0523 507 155 775 383 6 0.0523 345 229 690 409 13 0.0522 576 150 847 386 8 0.0521 570 213 830 446 1 0.0520 432 85 696 315 6 0.0517 450 0 716 200 7 0.0516 448 0 714 201 11 0.0514 434 400 699 636 5 0.0513 123 341 360 579 9 0.0512 444 149 699 381 0 0.0509 579 474 823 707 11 0.0508 642 458 890 686 11 0.0507 633 329 891 553 2 0.0504 380 7 644 192 3 0.0504 347 349 706 538 11 0.0501 342 347 706 529 11 0.0500 368 533 633 767
I32afbg5sC6J0D5dTmjYV8jCEVPWxPDc,0 0.0644 484 793 744 1017 11 0.0621 322 398 592 634 5 0.0621 317 461 578 701 11 0.0618 430 726 699 949 7 0.0614 489 788 749 1012 8 0.0614 489 795 732 1013 7 0.0613 258 546 519 764 0 0.0598 321 398 594 636 6 0.0597 260 542 526 762 3 0.0589 440 723 695 956 5 0.0588 480 791 736 1009 11 0.0587 315 533 585 758 0 0.0583 508 526 766 770 5 0.0576 248 538 513 760 13 0.0576 261 546 528 764 7 0.0573 324 468 586 703 8 0.0570 378 340 627 569 0 0.0569 503 676 772 901 5 0.0569 429 721 688 949 13 0.0564 451 340 715 566 3 0.0562 260 545 521 771 0 0.0561 575 604 836 843 13 0.0560 324 398 598 634 8 0.0559 324 466 576 704 7 0.0556 245 399 508 643 5 0.0554 242 393 503 636 10 0.0553 256 547 518 766 0 0.0553 250 469 512 711 6 0.0552 322 335 582 571 5 0.0552 440 336 709 564 11 0.0551 246 474 510 706 11 0.0551 498 675 775 894 7 0.0550 319 333 580 569 3 0.0550 490 796 743 1016 6 0.0550 436 674 711 897 0 0.0549 318 531 583 766 7 0.0549 386 531 648 760 3 0.0542 329 466 585 710 6 0.0540 451 340 715 564 8 0.0538 259 542 513 766 7 0.0536 448 337 709 566 6 0.0535 251 402 509 641 2 0.0534 486 796 744 1015 8 0.0534 246 397 499 641 10 0.0531 434 725 695 952 6 0.0531 325 465 589 705 6 0.0527 491 796 745 1013 10 0.0524 241 408 504 642 3 0.0521 450 337 707 573 6 0.0521 514 526 765 762 13 0.0520 505 676 783 901 8 0.0519 579 602 830 841 11 0.0518 570 604 838 838 3 0.0516 320 335 575 576 2 0.0515 509 614 779 834 8 0.0515 510 525 755 765 13 0.0513 387 529 653 761 3 0.0513 506 674 774 902 13 0.0513 493 797 750 1016 3 0.0512 249 404 502 643 10 0.0512 322 470 583 706 5 0.0512 312 331 574 568 5 0.0511 502 523 757 759 11 0.0508 509 523 760 765 10 0.0507 316 340 572 570 8 0.0506 383 530 639 758 7 0.0503 510 607 782 837 7 0.0503 579 526 845 774
Y3p3082vV7rt4gpba2pLsh1TrDYCGfot,5 0.0643 130 521 391 780 11 0.0577 634 400 892 632 0 0.0563 127 466 383 729 8 0.0559 128 464 375 723 11 0.0544 125 470 381 716 3 0.0539 138 526 390 788 0 0.0538 636 398 884 634 7 0.0527 139 521 395 782 0 0.0525 393 343 658 585 7 0.0508 459 397 712 633 3 0.0507 461 397 711 640 11 0.0506 453 466 711 696 6 0.0501 128 465 383 725
rmrbnwfiOIEXZJ86kBCMSqitDkynbEfJ,11 0.0539 310 391 567 605 7 0.0523 295 673 576 894 0 0.0501 300 596 557 824
wpWaM70qvUkiKiKtGIIA3OIu67Kjoem3,11 0.0602 438 355 700 589 7 0.0602 507 343 768 582 8 0.0570 437 357 694 591 11 0.0556 562 418 804 635 0 0.0554 385 351 631 597 8 0.0553 566 415 795 637 3 0.0551 443 358 701 596 5 0.0542 436 352 696 590 11 0.0536 452 468 702 714 8 0.0521 453 467 689 709 7 0.0518 385 349 638 592 0 0.0517 450 469 694 716 10 0.0516 440 361 702 591 8 0.0513 317 327 557 571 11 0.0512 436 726 692 958 10 0.0511 294 276 563 495 0 0.0511 295 272 567 494 13 0.0503 437 357 706 591 13 0.0502 454 468 703 713 11 0.0502 291 272 567 493
B1pVOuQzKCZ6pDLcyz7ufVF4kAdpWuHc,5 0.0628 251 784 490 1021 7 0.0626 256 785 499 1021 11 0.0613 318 793 565 1019 8 0.0612 256 787 489 1023 11 0.0576 186 785 436 1010 6 0.0574 323 796 570 1023 0 0.0571 256 789 494 1023 10 0.0563 254 793 495 1021 3 0.0559 256 788 493 1023 6 0.0553 192 786 439 1012 13 0.0542 256 789 498 1023 7 0.0508 194 720 437 953
oHVQkqhlGvLxr49hSL1EGUM7cM0MWxUc,5 0.0655 179 712 426 946 7 0.0645 184 713 433 948 0 0.0627 179 453 431 683 11 0.0624 180 718 430 946 8 0.0619 181 716 423 948 0 0.0593 182 714 431 951 10 0.0588 179 718 429 945 8 0.0587 181 449 423 682 11 0.0587 179 524 440 757 6 0.0585 184 718 433 947 5 0.0585 183 519 437 763 6 0.0565 177 452 434 682 8 0.0565 119 589 366 820 11 0.0558 118 594 372 817 13 0.0549 185 717 438 949 3 0.0542 186 716 430 950 3 0.0525 188 522 440 766 7 0.0521 180 450 436 680 0 0.0520 303 531 561 763 5 0.0518 120 587 368 821 12 0.0507 188 712 431 949 7 0.0506 190 591 437 822 13 0.0505 124 594 384 823 9 0.0503 180 716 433 943
mA6drCjXAfxayLy5heSUb1eZQeYYSq2U,11 0.0607 444 14 699 243 5 0.0598 443 8 694 250 0 0.0574 450 43 818 231 8 0.0571 380 279 633 523 11 0.0570 303 336 571 578 13 0.0567 450 18 702 249 8 0.0562 293 392 554 628 11 0.0560 379 281 645 519 0 0.0552 452 276 697 510 8 0.0551 445 15 691 252 10 0.0547 465 46 823 232 13 0.0547 385 149 652 390 3 0.0547 469 45 820 234 0 0.0547 449 140 704 389 6 0.0547 451 17 703 250 6 0.0542 390 337 649 576 5 0.0542 303 268 583 521 11 0.0541 376 146 649 384 13 0.0536 385 279 654 524 7 0.0535 465 44 824 228 7 0.0523 374 455 631 711 0 0.0515 372 391 635 639 7 0.0513 296 391 568 634 13 0.0511 374 391 647 641 8 0.0508 450 140 697 390 6 0.0508 388 217 650 453 7 0.0505 388 334 649 581 10 0.0504 381 341 647 578 5 0.0504 375 211 640 452 3 0.0502 455 141 703 392 6 0.0501 457 142 713 385 5 0.0501 290 384 557 628
LeIZQ276thZlZN8Y3tLdk2d4lwu5BmLD,5 0.0646 302 280 569 517 8 0.0641 314 286 566 515 11 0.0618 345 480 689 652 6 0.0608 313 401 581 642 8 0.0605 314 404 575 639 3 0.0602 373 344 652 581 0 0.0599 218 278 581 462 11 0.0595 369 352 653 572 7 0.0591 351 478 696 656 8 0.0585 374 349 645 573 6 0.0582 311 285 576 516 5 0.0582 364 341 647 573 5 0.0572 343 471 682 652 10 0.0571 420 476 704 698 3 0.0567 312 401 580 649 3 0.0566 309 283 571 521 0 0.0566 373 348 649 579 13 0.0561 373 406 645 637 11 0.0558 239 473 501 710 6 0.0557 374 347 653 575 11 0.0556 305 290 574 516 13 0.0552 315 289 579 519 13 0.0549 421 475 707 702 8 0.0549 243 472 498 709 6 0.0544 244 469 507 712 7 0.0542 356 354 704 538 10 0.0542 309 295 574 518 0 0.0540 312 399 576 645 5 0.0539 361 213 634 453 10 0.0537 312 405 586 643 0 0.0536 302 128 564 369 5 0.0536 297 123 551 366 13 0.0533 308 467 581 703 5 0.0520 233 462 502 712 9 0.0515 365 347 646 571 3 0.0515 370 218 642 460 7 0.0514 245 466 507 716 8 0.0511 372 220 632 453 11 0.0510 365 540 636 771 5 0.0507 362 529 630 775 7 0.0502 310 529 580 774
vvWaPy4K7EA8CdlGJi0RxriBc3Ki73au,0 0.0605 370 799 626 1023 11 0.0585 3 597 260 831 0 0.0582 379 678 645 910 0 0.0577 263 23 504 263 11 0.0576 302 797 561 1021 11 0.0567 228 729 503 954 5 0.0566 373 671 642 905 7 0.0561 85 0 445 145 8 0.0559 377 605 631 832 11 0.0554 369 732 638 955 5 0.0554 70 0 429 146 11 0.0550 524 36 767 268 6 0.0547 83 0 437 146 11 0.0546 295 666 570 884 8 0.0542 78 0 425 147 11 0.0542 370 607 639 830 0 0.0540 305 729 571 962 0 0.0537 82 0 432 150 8 0.0533 6 589 249 835 11 0.0532 395 8 650 242 8 0.0532 306 794 556 1023 2 0.0529 84 2 435 148 7 0.0529 305 663 573 894 8 0.0526 575 409 819 642 6 0.0525 230 728 508 959 5 0.0525 299 725 567 957 6 0.0524 547 417 897 598 5 0.0522 331 8 580 246 11 0.0522 75 0 436 146 6 0.0522 345 16 588 249 8 0.0521 303 664 565 891 5 0.0520 424 803 686 1021 11 0.0520 260 22 509 257 3 0.0519 345 13 584 256 0 0.0518 384 537 637 764 5 0.0518 570 405 828 640 3 0.0517 385 675 646 916 7 0.0515 267 20 510 262 13 0.0513 378 797 631 1023 10 0.0512 75 4 435 145 7 0.0506 390 535 647 762 8 0.0505 373 730 630 957 5 0.0502 232 792 500 1021 7 0.0502 371 797 632 1023 11 0.0501 428 813 693 1021 6 0.0501 471 19 721 252
62RujHjOd2YzpGEbBLWe9zyH3xR2N174,7 0.0682 316 792 560 1023 5 0.0635 308 789 554 1019 8 0.0619 315 792 554 1023 11 0.0619 314 795 557 1019 0 0.0608 314 793 557 1023 6 0.0583 315 798 559 1023 7 0.0573 202 729 441 963 10 0.0549 311 796 558 1022 13 0.0544 318 799 564 1023 7 0.0541 512 657 753 891 9 0.0531 311 796 557 1020 2 0.0527 314 797 559 1023 11 0.0526 194 736 441 960 0 0.0523 195 733 438 966 3 0.0521 317 793 560 1023 7 0.0512 259 659 510 887 8 0.0511 579 344 829 577 11 0.0509 502 656 750 894 0 0.0503 581 351 840 586 7 0.0501 376 454 625 682
qOpQ1A4SdMPXdHsCWUg84ypft0LS07XO,11 0.0630 446 339 691 565 11 0.0613 512 398 756 625 0 0.0610 452 386 702 627 8 0.0608 394 457 630 693 11 0.0596 380 396 638 624 8 0.0594 515 397 750 627 0 0.0594 391 462 637 696 11 0.0586 473 550 844 723 7 0.0575 482 546 852 724 5 0.0574 509 394 757 626 7 0.0569 389 457 640 690 8 0.0567 450 334 686 569 5 0.0565 472 546 838 722 7 0.0563 514 395 763 625 5 0.0562 386 455 633 688 10 0.0557 383 401 640 625 3 0.0552 388 396 641 629 0 0.0549 482 548 844 728 10 0.0540 477 550 845 725 13 0.0530 515 401 765 628 6 0.0529 455 388 708 623 5 0.0529 42 0 297 195 10 0.0528 512 402 758 627 8 0.0528 483 548 835 725 7 0.0528 449 333 694 568 6 0.0527 481 548 854 725 0 0.0527 372 330 622 565 13 0.0526 486 548 855 725 2 0.0523 389 467 634 693 13 0.0523 387 398 645 629 3 0.0512 517 400 758 632 11 0.0506 499 280 760 507 6 0.0505 390 463 640 692
FMwCGfK0OguCB8nY229xrRrk33KbN8ao,8 0.0619 187 788 423 1022 7 0.0607 188 786 435 1021 5 0.0589 181 786 427 1020 11 0.0589 309 605 563 831 11 0.0578 235 529 492 760 7 0.0574 376 665 639 894 8 0.0568 374 663 627 888 10 0.0559 182 791 428 1023 6 0.0554 189 793 433 1022 11 0.0552 184 791 432 1019 11 0.0547 368 667 639 890 0 0.0542 315 605 563 831 0 0.0542 374 666 638 895 0 0.0537 186 791 431 1023 8 0.0537 315 605 552 829 5 0.0535 369 660 629 889 10 0.0533 370 669 639 894 5 0.0528 310 596 558 830 13 0.0522 185 793 438 1023 8 0.0520 237 469 474 695 7 0.0518 243 658 501 905 2 0.0516 186 793 432 1023 5 0.0513 235 657 490 899 10 0.0511 308 605 560 832 7 0.0508 316 601 566 834 13 0.0504 376 663 646 894 8 0.0503 239 663 486 901
QN6wpISVCXa2ckqoAYXFzchbRP3nCp11,11 0.0589 312 336 570 571 11 0.0566 464 422 839 598 0 0.0557 449 403 710 636 8 0.0549 382 324 625 562 0 0.0549 381 327 633 563 13 0.0545 315 402 572 651 7 0.0540 320 329 573 574 13 0.0539 395 461 651 700 10 0.0534 306 406 568 647 7 0.0532 452 400 713 635 13 0.0531 384 329 638 558 11 0.0527 425 255 600 626 6 0.0526 319 332 574 573 0 0.0523 307 397 568 651 8 0.0520 469 420 827 598 7 0.0519 430 250 602 634 11 0.0519 708 412 960 643 0 0.0510 709 409 956 643 5 0.0509 309 328 565 570 5 0.0507 706 406 953 643 3 0.0505 475 419 843 603 0 0.0505 388 463 647 702 6 0.0504 429 256 605 630
8evp5R0my3UaRIrLePYhAVLvXLgfpE13,7 0.0603 378 402 642 641 13 0.0602 380 407 645 642 7 0.0592 371 509 642 757 11 0.0578 367 513 638 753 11 0.0577 373 407 640 636 5 0.0571 363 503 635 752 13 0.0567 443 341 717 579 8 0.0556 378 406 632 639 13 0.0556 389 204 656 428 3 0.0556 379 407 641 644 11 0.0552 437 342 711 574 0 0.0549 448 276 705 511 5 0.0549 437 334 710 575 5 0.0548 371 399 637 637 8 0.0546 444 336 702 577 13 0.0546 370 512 645 756 3 0.0546 444 342 710 582 0 0.0543 368 508 635 756 3 0.0538 370 513 638 760 8 0.0537 368 513 631 753 7 0.0531 442 340 714 577 11 0.0530 431 587 694 816 6 0.0526 380 404 645 641 11 0.0525 305 593 575 829 0 0.0525 378 403 639 642 8 0.0520 431 586 687 817 11 0.0520 386 140 646 372 7 0.0520 380 273 643 496 11 0.0517 375 276 640 495 10 0.0517 367 517 643 755 6 0.0517 447 339 717 578 11 0.0516 447 211 708 438 7 0.0514 314 591 579 831 6 0.0514 368 512 642 757 7 0.0514 437 582 698 818 5 0.0513 497 779 752 1015 8 0.0512 377 273 630 497 8 0.0507 449 208 693 437 5 0.0506 443 203 701 440 2 0.0501 439 347 710 579 5 0.0501 429 578 691 815 0 0.0501 640 89 883 319
E5vYvTLSHIzwT0IeC5YwjkQnz0DgES9u,8 0.0638 460 258 713 505 5 0.0634 396 347 747 530 11 0.0631 647 321 909 545 3 0.0620 531 265 784 514 5 0.0619 517 263 779 504 11 0.0618 391 264 652 499 11 0.0612 449 333 719 568 11 0.0607 521 270 785 502 3 0.0594 407 351 753 536 5 0.0587 302 331 563 575 8 0.0586 511 373 761 617 6 0.0584 401 351 764 531 7 0.0584 403 351 761 533 0 0.0580 522 270 780 511 0 0.0574 390 263 650 506 8 0.0569 593 324 852 558 6 0.0565 323 198 581 439 7 0.0563 315 265 573 511 13 0.0555 460 264 725 498 0 0.0550 517 157 767 381 5 0.0547 312 194 570 433 6 0.0543 533 217 783 449 8 0.0540 283 284 637 470 3 0.0537 597 325 857 562 11 0.0528 586 213 849 426 11 0.0526 518 158 772 377 11 0.0526 4 481 251 708 2 0.0525 465 272 719 503 13 0.0524 286 284 660 469 5 0.0524 379 396 629 635 0 0.0522 7 481 249 716 5 0.0521 585 209 844 430 0 0.0519 320 198 579 439 10 0.0518 358 294 719 471 10 0.0517 533 222 781 448 5 0.0516 514 152 765 374 0 0.0515 647 323 907 547 3 0.0515 524 153 767 388 6 0.0514 15 482 255 707 1 0.0514 349 284 719 472 6 0.0512 313 336 570 581 3 0.0508 315 273 572 520 11 0.0507 768 347 1020 556 11 0.0507 381 403 637 636 6 0.0504 388 404 639 639 3 0.0504 391 404 635 645 6 0.0503 602 266 863 491 0 0.0503 383 402 633 642 7 0.0501 593 325 863 558 8 0.0501 388 399 629 642
gWGbXSOkPRVAmOTVym6HM1Cmj7Mgbvs7,11 0.0575 241 792 499 1018 0 0.0564 438 789 686 1023 11 0.0552 437 789 689 1017 8 0.0546 316 785 564 1023 8 0.0542 439 786 677 1021 7 0.0536 255 737 505 970 5 0.0534 434 786 682 1018 0 0.0530 313 784 568 1023 11 0.0526 374 736 628 959 8 0.0522 181 798 434 1013 6 0.0522 382 731 629 966 5 0.0519 309 779 565 1018 13 0.0519 318 787 573 1023 7 0.0510 442 787 692 1022 13 0.0510 442 790 694 1023 3 0.0506 192 726 440 957 10 0.0505 375 736 626 962 7 0.0504 381 732 628 964
vsKFQW6blFIIFeE884OgezFRfS2ECvVG,5 0.0677 120 649 364 894 7 0.0643 126 651 369 894 0 0.0635 124 650 366 896 11 0.0627 120 654 368 892 6 0.0623 126 654 368 896 8 0.0618 124 652 362 894 10 0.0612 120 655 365 895 3 0.0595 127 652 367 898 13 0.0532 129 651 373 896 12 0.0532 125 650 367 897 2 0.0522 124 657 367 898 9 0.0522 120 653 368 894 11 0.0517 567 529 820 751 7 0.0507 573 517 826 757 4 0.0504 126 657 371 895
Toa2Qvuu3Epo2WYxmiXCZ31nhT9DHsqo,0 0.0632 564 471 816 711 0 0.0606 577 133 831 378 0 0.0596 453 515 712 761 0 0.0596 503 589 762 843 11 0.0594 375 147 639 391 11 0.0594 572 133 834 377 0 0.0593 0 39 248 273 0 0.0592 627 275 883 514 8 0.0587 439 583 688 826 0 0.0587 508 388 759 639 8 0.0586 518 197 764 433 11 0.0585 439 661 699 904 3 0.0585 523 196 770 437 0 0.0581 490 719 760 968 11 0.0576 517 270 765 505 0 0.0575 439 133 701 376 7 0.0575 506 586 763 840 11 0.0575 628 360 874 588 8 0.0575 433 724 689 967 0 0.0571 439 793 695 1023 11 0.0570 435 796 693 1022 13 0.0568 380 143 645 394 3 0.0568 440 134 702 381 6 0.0567 382 145 646 390 11 0.0566 370 727 636 963 8 0.0566 566 470 811 708 0 0.0565 373 208 638 455 5 0.0564 515 193 769 429 5 0.0564 432 130 699 375 2 0.0563 576 285 823 513 8 0.0561 574 130 827 377 6 0.0560 446 657 700 906 5 0.0560 429 717 692 964 7 0.0559 496 719 763 967 6 0.0556 504 595 762 838 8 0.0556 572 274 812 513 7 0.0556 522 198 773 434 2 0.0555 444 589 694 825 3 0.0554 442 584 694 832 10 0.0554 377 151 639 391 5 0.0553 741 0 1009 190 11 0.0552 504 594 763 839 0 0.0550 298 139 568 391 13 0.0548 379 271 654 515 5 0.0548 42 0 298 204 0 0.0547 577 782 828 1021 11 0.0547 569 537 825 774 8 0.0546 48 0 296 210 13 0.0546 384 595 641 839 2 0.0546 513 341 762 570 13 0.0544 524 267 773 506 2 0.0544 522 204 771 433 11 0.0543 371 275 647 511 13 0.0543 451 451 717 698 5 0.0542 502 777 756 1020 6 0.0541 516 335 766 571 7 0.0541 443 132 707 377 3 0.0541 574 608 828 851 7 0.0540 573 664 828 909 3 0.0538 568 473 818 713 7 0.0537 631 356 877 587 8 0.0537 379 214 628 454 5 0.0536 568 341 808 573 8 0.0536 569 605 820 847 2 0.0535 441 141 701 374 7 0.0535 386 594 635 834 8 0.0535 303 141 557 388 6 0.0531 442 793 694 1023 3 0.0531 575 347 813 586 8 0.0531 447 273 693 514 5 0.0530 439 270 699 512 6 0.0529 49 4 308 208 13 0.0529 449 335 712 579 11 0.0529 574 786 821 1017 8 0.0529 448 450 700 693 10 0.0528 438 795 692 1023 11 0.0528 561 672 827 909 10 0.0528 444 662 698 906 7 0.0527 576 277 823 513
jxlOUQtaYtpSAR0vWYdS6wGQoJyzmAcx,8 0.0579 365 154 607 379 0 0.0559 315 151 583 388 3 0.0556 369 156 615 382 7 0.0555 309 203 581 441 11 0.0553 371 403 637 626 11 0.0551 361 156 616 377 8 0.0527 369 672 633 907 5 0.0521 311 145 580 384 8 0.0521 305 466 554 697 5 0.0507 361 664 634 906 11 0.0504 300 467 560 697 0 0.0503 423 730 692 968 6 0.0501 374 669 639 908 6 0.0501 323 151 586 389
6OReJ1YZ6V5kw0dVqcTTAoN1Rr8FOzgi,14 1.0 0 0 1 1
yhv0o2Jl1OfbtAj5nE3m8AmCjsYuKcGN,8 0.0608 382 529 626 765 5 0.0598 312 526 574 766 7 0.0556 383 526 640 767 13 0.0548 384 529 641 769 11 0.0548 377 526 634 764 10 0.0541 380 530 636 765 6 0.0540 382 527 639 763 8 0.0535 311 461 560 694 5 0.0534 375 446 635 686 3 0.0528 380 531 634 772 0 0.0527 320 525 576 773 11 0.0524 376 391 633 623 13 0.0515 393 333 656 566 11 0.0505 739 4 1020 195 2 0.0503 384 530 632 763
7mjsXZGOyVa6l64sI6YNwgx51UySb2nw,0 0.0619 561 0 820 207 8 0.0597 564 0 809 207 7 0.0584 568 0 818 205 6 0.0581 516 87 764 324 11 0.0579 502 157 771 384 8 0.0571 512 89 751 329 0 0.0570 441 143 706 380 11 0.0566 749 2 1009 201 11 0.0565 564 3 821 206 5 0.0558 572 338 826 566 13 0.0554 567 0 825 205 7 0.0553 515 88 762 330 3 0.0552 564 0 813 210 8 0.0548 553 217 812 445 8 0.0547 581 340 824 567 6 0.0546 508 203 768 429 2 0.0540 565 6 818 205 5 0.0535 438 138 705 379 3 0.0534 581 344 829 574 13 0.0529 446 144 717 376 11 0.0528 191 385 438 624 11 0.0527 371 146 642 379 5 0.0522 561 0 815 205 6 0.0521 567 0 820 203 0 0.0518 577 345 826 569 7 0.0518 447 259 699 492 0 0.0515 749 2 1007 205 3 0.0515 445 197 704 431 0 0.0513 548 218 818 446 6 0.0513 382 200 646 441 11 0.0513 243 144 512 380 8 0.0511 445 261 690 487 6 0.0510 585 342 832 566 11 0.0509 682 35 933 265 2 0.0507 445 150 709 374 8 0.0507 759 95 995 332 11 0.0507 576 345 830 565 11 0.0505 498 276 756 496 3 0.0505 555 222 819 454 5 0.0503 184 378 434 615 8 0.0501 99 481 358 711 7 0.0500 431 793 698 1021
AO18kng0ZQFrb7Tq9pXr2B3CFpgKiDVr,11 0.0595 555 467 826 705 7 0.0594 625 582 890 822 0 0.0591 623 584 886 820 0 0.0589 559 463 828 710 6 0.0582 562 466 831 707 5 0.0577 364 200 621 434 7 0.0571 563 462 829 709 11 0.0568 617 585 885 817 8 0.0560 561 465 820 706 5 0.0559 617 576 883 820 8 0.0556 495 580 755 830 11 0.0552 491 585 762 829 5 0.0547 491 576 759 832 7 0.0545 378 210 627 442 6 0.0543 621 585 888 820 13 0.0541 498 583 767 832 8 0.0539 620 584 881 819 0 0.0537 495 582 762 834 10 0.0537 619 587 885 820 5 0.0536 554 459 823 708 9 0.0534 617 580 887 816 11 0.0534 244 194 494 426 13 0.0527 622 582 891 820 3 0.0526 561 467 827 716 10 0.0524 558 468 825 710 6 0.0522 378 216 626 442 0 0.0520 244 196 492 430 7 0.0519 499 581 764 831 13 0.0516 560 464 834 708 7 0.0513 248 190 502 426 11 0.0513 248 330 490 575 3 0.0506 380 210 621 447 10 0.0506 495 584 761 831 5 0.0503 244 318 489 565
xIIKme8GmtsQEtrcuZLwR9c2BOrQU4b3,0 0.0551 489 0 749 205 3 0.0543 492 0 755 211 11 0.0537 372 582 638 816 11 0.0535 487 2 752 204 8 0.0529 486 0 746 203 11 0.0513 175 798 428 1023 13 0.0508 496 0 760 202 7 0.0502 380 580 649 817
Y5gv3WeK6YSR208kBvMKHAWzkbI2Tjgj,10 0.0616 121 658 374 893 7 0.0613 128 652 377 897 0 0.0610 191 662 440 909 8 0.0593 128 653 367 898 5 0.0588 183 663 434 902 11 0.0577 123 657 375 893 13 0.0538 192 667 446 905 6 0.0526 190 667 443 906 8 0.0525 188 585 423 828 7 0.0520 192 580 441 827 11 0.0508 572 800 828 1014
TyhiVCWEqJLVN4kHtfJzl1Y8YMFOVnNj,11 0.0593 751 212 1023 453 5 0.0589 232 263 480 502 0 0.0589 240 269 482 507 11 0.0582 388 161 651 376 13 0.0581 773 137 1023 391 10 0.0581 772 148 1023 386 7 0.0580 395 158 653 379 0 0.0579 246 151 506 391 8 0.0571 700 146 948 392 8 0.0565 391 154 647 377 5 0.0554 766 138 1019 389 5 0.0551 116 284 379 510 0 0.0548 168 795 424 1023 8 0.0547 756 206 1018 457 3 0.0543 396 155 652 382 11 0.0539 694 150 957 389 13 0.0538 121 289 391 511 5 0.0537 385 150 648 374 5 0.0536 235 145 501 385 5 0.0536 379 326 637 562 0 0.0533 771 141 1023 388 11 0.0533 165 797 423 1020 13 0.0532 693 209 969 443 5 0.0529 685 206 959 443 11 0.0525 245 79 520 316 11 0.0524 383 273 655 503 0 0.0520 383 92 646 318 10 0.0519 119 294 379 514 7 0.0518 760 207 1023 451 10 0.0517 690 212 960 443 7 0.0515 314 87 586 317 6 0.0513 695 209 967 443 8 0.0512 385 273 644 505 8 0.0511 174 796 416 1018 8 0.0510 448 85 686 295 0 0.0510 689 206 959 441 5 0.0510 300 83 578 316 11 0.0508 456 404 700 615 10 0.0506 181 226 451 457 6 0.0506 239 272 488 503 6 0.0506 776 140 1023 387 8 0.0504 313 86 574 317 11 0.0504 240 206 502 441 7 0.0503 176 793 427 1018 0 0.0501 123 289 383 516 6 0.0500 389 92 652 316
cJ6D2YxEMnCRdbAUH0fHMuqSHGqBteB3,14 1.0 0 0 1 1
IFi6KQ4Ncm14tz0TmcXqAGEJEt6LAj89,0 0.0620 696 20 950 259 11 0.0591 636 659 891 893 13 0.0559 704 12 959 255 8 0.0549 707 12 941 253 0 0.0546 590 354 836 576 0 0.0537 639 662 891 899 7 0.0530 643 658 895 893 5 0.0529 0 55 230 265 6 0.0521 643 665 897 895 0 0.0516 526 401 770 636 10 0.0511 699 21 948 252 8 0.0507 638 661 878 892 0 0.0506 0 63 240 278
A7kIVAD8EcOWQ7cm1W9jzpGmfGPulyl2,5 0.0634 442 332 693 589 3 0.0625 385 404 642 645 11 0.0625 381 336 639 576 7 0.0621 250 784 509 1011 7 0.0618 322 325 582 575 8 0.0618 122 215 374 448 11 0.0616 309 267 580 504 11 0.0614 238 213 513 446 11 0.0612 500 481 764 716 5 0.0610 270 225 630 407 0 0.0598 578 408 814 654 11 0.0598 319 404 575 645 6 0.0597 246 210 518 448 8 0.0597 446 335 694 594 11 0.0596 254 342 517 573 8 0.0595 185 352 435 583 11 0.0595 576 410 817 649 3 0.0595 325 327 578 577 11 0.0586 500 342 756 584 8 0.0585 565 473 808 717 5 0.0585 504 403 755 648 0 0.0581 449 339 698 597 6 0.0581 512 408 764 652 7 0.0580 305 201 581 441 6 0.0580 386 403 645 642 8 0.0579 280 228 627 407 0 0.0579 319 329 583 576 13 0.0578 513 407 767 648 13 0.0575 387 402 649 640 0 0.0575 302 204 579 442 5 0.0575 180 349 435 580 6 0.0575 349 225 702 404 7 0.0575 385 404 646 642 3 0.0574 516 407 759 658 3 0.0571 244 282 512 519 13 0.0568 316 263 586 502 10 0.0567 279 232 639 409 10 0.0566 381 335 644 577 7 0.0566 514 409 764 651 5 0.0562 316 320 576 571 10 0.0561 177 218 438 448 0 0.0559 508 477 764 721 11 0.0556 247 791 508 1014 13 0.0556 261 340 524 578 10 0.0555 243 287 512 515 3 0.0555 283 230 635 410 8 0.0554 500 605 768 852 11 0.0553 120 217 384 442 2 0.0553 341 230 694 403 7 0.0551 179 213 441 448 11 0.0551 172 284 443 510 8 0.0549 510 406 756 650 2 0.0549 384 340 636 576 6 0.0549 308 28 579 269 9 0.0546 445 338 699 587 0 0.0546 255 403 516 646 10 0.0544 500 343 761 584 0 0.0543 177 215 441 452 3 0.0538 259 407 515 649 1 0.0537 275 226 634 407 5 0.0537 119 210 382 442 7 0.0536 260 403 517 644 2 0.0530 501 345 757 583 12 0.0530 384 406 646 639 7 0.0530 244 278 515 515 5 0.0527 561 339 811 578 12 0.0525 348 224 704 403 8 0.0525 250 788 503 1016 10 0.0523 576 412 815 649 0 0.0522 504 606 776 851 6 0.0522 265 403 519 645 13 0.0522 178 281 448 517 9 0.0521 509 408 761 644 7 0.0520 257 650 517 879 2 0.0519 243 216 513 449 13 0.0518 566 482 824 714 3 0.0517 569 474 814 725 5 0.0517 557 472 814 713 8 0.0517 260 406 507 645 2 0.0516 260 344 517 575
0ZjwxTpKztHl3J5sneuV5YXcNDJUiZXO,11 0.0602 508 775 759 1012 5 0.0585 504 769 755 1012 11 0.0579 244 748 506 978 0 0.0565 444 336 695 572 11 0.0564 381 381 642 634 7 0.0564 388 379 646 642 7 0.0558 441 779 695 1014 11 0.0557 366 792 621 1019 6 0.0556 444 785 691 1014 11 0.0556 245 320 505 553 7 0.0556 242 448 517 691 5 0.0554 243 809 482 1021 0 0.0552 246 315 506 556 0 0.0552 178 460 447 700 11 0.0549 177 466 450 693 0 0.0545 574 267 824 504 0 0.0545 309 451 587 700 8 0.0545 507 771 751 1017 0 0.0544 505 776 760 1018 11 0.0544 305 450 588 697 8 0.0542 312 447 580 697 5 0.0541 364 787 616 1019 0 0.0538 128 348 384 586 3 0.0534 388 379 645 642 13 0.0532 314 447 596 700 8 0.0532 574 266 812 503 3 0.0532 246 320 505 561 3 0.0529 246 449 520 695 13 0.0529 511 777 768 1019 6 0.0527 451 333 699 571 5 0.0525 506 260 751 500 7 0.0523 244 748 510 985 5 0.0523 437 440 695 687 5 0.0521 242 310 501 552 10 0.0521 506 777 758 1017 5 0.0517 236 443 511 688 8 0.0516 248 812 484 1022 6 0.0515 579 268 826 500 8 0.0514 179 459 437 698 8 0.0513 446 332 689 571 0 0.0511 439 446 700 692 10 0.0511 447 336 700 571 6 0.0511 496 594 750 836 3 0.0511 576 267 822 506 5 0.0510 443 331 689 570 13 0.0510 443 449 704 688 11 0.0508 304 673 571 904 13 0.0508 320 594 588 821 7 0.0508 190 516 452 752 13 0.0507 514 265 765 501 8 0.0507 369 793 611 1023 10 0.0506 312 456 592 695 7 0.0506 372 667 639 912 2 0.0502 245 454 516 689 6 0.0500 249 816 489 1021
Wgp2lIDk5I3nvvDUB96N1C5RYuzFLUVY,0 0.0680 335 673 706 855 5 0.0650 306 731 560 965 5 0.0647 209 674 562 855 0 0.0646 267 609 638 791 8 0.0629 208 674 562 854 0 0.0624 310 731 564 970 8 0.0615 263 607 630 790 11 0.0614 308 666 570 895 5 0.0610 260 608 630 789 11 0.0609 375 736 636 964 8 0.0604 310 732 558 967 13 0.0601 217 676 575 858 7 0.0599 341 673 704 855 0 0.0592 442 732 709 972 0 0.0591 313 343 568 584 10 0.0587 260 611 634 790 5 0.0582 307 341 564 582 11 0.0581 262 609 639 789 10 0.0579 208 678 564 856 8 0.0577 315 342 559 584 13 0.0577 315 736 566 969 7 0.0569 445 732 711 970 7 0.0568 268 608 637 791 6 0.0566 570 461 817 702 7 0.0564 316 345 568 583 13 0.0564 272 607 640 790 11 0.0561 313 346 567 582 6 0.0559 340 675 710 852 2 0.0558 215 677 565 858 6 0.0556 318 347 574 582 2 0.0555 267 612 638 792 3 0.0551 267 609 638 792 5 0.0545 436 729 706 967 6 0.0543 265 609 642 789 3 0.0543 313 346 570 590 10 0.0542 305 738 562 965 3 0.0541 215 677 569 858 0 0.0540 565 462 812 709 6 0.0539 380 733 640 966 2 0.0536 314 351 564 580 3 0.0534 449 731 711 974 10 0.0531 308 351 566 580 8 0.0515 446 733 703 966 13 0.0513 447 736 709 970 2 0.0509 312 735 564 969 13 0.0507 315 343 572 585 11 0.0505 562 461 818 703 1 0.0502 203 672 571 855 3 0.0502 313 734 563 972 12 0.0501 267 608 636 791
UQ1lZBOwelhArvazc9NqTPuzuPZylrDZ,11 0.0628 446 277 698 512 0 0.0621 469 359 820 536 0 0.0605 399 423 763 602 0 0.0600 316 148 580 388 7 0.0598 379 329 637 566 11 0.0598 241 271 509 518 11 0.0596 440 406 713 637 5 0.0595 257 355 631 538 6 0.0590 401 358 762 535 0 0.0590 375 328 633 568 13 0.0588 402 362 762 536 3 0.0585 577 1 942 154 11 0.0584 316 150 581 382 7 0.0583 447 403 719 643 11 0.0582 274 420 636 602 3 0.0578 391 270 637 514 8 0.0578 376 332 628 564 8 0.0575 450 277 694 512 5 0.0574 329 287 696 476 13 0.0574 270 290 634 476 13 0.0573 408 483 788 662 8 0.0573 395 423 760 600 0 0.0572 315 450 570 696 8 0.0571 322 145 572 385 5 0.0563 236 382 499 635 3 0.0558 252 327 504 575 10 0.0558 332 293 705 475 6 0.0558 338 292 702 477 6 0.0556 273 221 635 401 7 0.0556 392 133 650 375 13 0.0552 188 322 452 566 7 0.0551 573 0 949 151 8 0.0548 260 292 621 475 8 0.0548 245 324 500 568 8 0.0548 375 453 629 700 8 0.0547 308 396 565 632 0 0.0540 245 327 505 571 10 0.0539 187 329 445 563 7 0.0538 315 451 576 695 8 0.0536 453 147 710 379 5 0.0536 381 132 640 372 10 0.0532 305 332 571 568 3 0.0531 324 147 580 388 6 0.0530 251 268 515 521 8 0.0530 392 9 630 236 13 0.0529 323 147 587 389 5 0.0527 182 320 443 560 5 0.0527 393 418 759 601 6 0.0524 329 12 580 247 0 0.0523 326 15 571 247 0 0.0523 570 0 939 152 3 0.0522 450 405 716 648 10 0.0521 319 151 580 384 7 0.0521 175 450 459 700 6 0.0521 411 480 780 661 5 0.0521 323 80 566 311 11 0.0520 572 3 942 151 11 0.0517 453 148 718 381 0 0.0517 454 149 716 384 3 0.0517 312 396 566 640 1 0.0513 329 288 698 474 10 0.0512 236 398 504 638
6kwAaHblENAU0yxgDyR9SIaMSDkdrDlO,11 0.0652 767 465 1016 710 11 0.0629 563 526 821 757 8 0.0611 566 524 818 756 8 0.0606 768 519 1006 777 7 0.0606 521 480 878 664 5 0.0605 560 522 821 755 0 0.0605 769 525 1011 779 0 0.0605 523 481 871 667 6 0.0605 565 524 828 760 8 0.0604 438 525 689 779 5 0.0598 766 462 1012 711 3 0.0598 524 480 874 669 11 0.0587 437 525 692 779 0 0.0583 448 408 707 637 5 0.0581 431 520 692 777 7 0.0580 379 467 643 724 0 0.0579 699 388 932 637 3 0.0574 449 467 714 725 11 0.0573 450 410 707 635 10 0.0572 560 526 823 755 11 0.0571 503 585 759 837 5 0.0566 642 583 889 829 2 0.0564 772 467 1016 709 11 0.0563 698 392 940 631 13 0.0560 376 614 649 862 13 0.0558 775 468 1017 714 8 0.0555 508 583 750 838 5 0.0555 695 383 934 632 8 0.0555 450 407 699 637 13 0.0553 439 525 698 780 3 0.0553 393 402 647 643 6 0.0552 438 522 698 780 7 0.0552 375 605 642 863 0 0.0551 437 525 696 779 5 0.0550 381 397 639 635 0 0.0550 645 589 892 834 8 0.0548 646 582 883 829 6 0.0547 391 401 647 639 10 0.0545 644 588 889 830 2 0.0544 523 485 875 664 6 0.0543 509 585 759 841 11 0.0542 425 663 682 877 10 0.0540 442 599 697 856 3 0.0538 513 586 759 847 13 0.0537 586 591 827 828 5 0.0536 502 580 757 839 3 0.0534 772 464 1014 718 13 0.0534 452 409 712 637 6 0.0533 775 462 1015 710 8 0.0532 363 659 609 893 8 0.0531 314 518 561 778 7 0.0530 771 521 1018 776 0 0.0529 506 587 758 840 10 0.0528 440 469 709 717 5 0.0527 305 516 565 773 2 0.0524 564 531 824 755 13 0.0524 525 482 883 666 11 0.0518 641 587 890 833 5 0.0518 364 601 635 856 7 0.0516 459 352 708 575 7 0.0515 511 582 761 843 2 0.0514 450 415 704 639 12 0.0514 567 525 824 761 2 0.0514 440 529 694 779 7 0.0512 648 586 894 833 3 0.0512 648 590 891 838 6 0.0512 705 384 940 629 6 0.0510 462 353 709 576 6 0.0507 430 661 687 882 9 0.0506 520 483 871 663 3 0.0503 701 388 936 640 2 0.0502 704 388 936 631 13 0.0501 705 387 945 638
2ZflYcCFpZKrmyhZS8WSOEXVQqzj9Z4F,11 0.0644 321 720 576 965 7 0.0630 326 714 581 966 11 0.0628 189 719 441 961 8 0.0621 323 716 572 964 5 0.0618 317 713 570 963 5 0.0607 187 714 435 961 7 0.0602 194 718 442 964 6 0.0601 126 662 387 893 0 0.0600 179 266 441 505 8 0.0600 191 716 436 961 11 0.0595 502 675 766 895 11 0.0592 181 206 447 439 6 0.0591 322 719 580 966 10 0.0586 190 720 439 961 11 0.0585 122 666 388 892 10 0.0582 321 720 578 964 0 0.0582 322 716 578 968 6 0.0580 191 716 442 963 0 0.0577 121 664 387 894 0 0.0577 240 404 507 620 8 0.0576 127 665 380 893 5 0.0575 181 200 443 442 13 0.0569 192 206 451 449 8 0.0567 505 674 757 899 13 0.0561 193 718 445 964 8 0.0560 187 205 440 444 3 0.0559 137 202 397 449 0 0.0555 190 717 440 964 2 0.0553 194 720 439 964 11 0.0552 175 334 446 556 6 0.0551 190 207 450 443 11 0.0550 237 137 513 365 10 0.0549 125 668 382 892 7 0.0545 509 673 768 894 7 0.0543 191 205 447 443 6 0.0542 120 270 396 502 13 0.0539 326 717 584 967 0 0.0539 195 146 445 384 3 0.0537 325 715 576 970 0 0.0535 499 679 765 901 2 0.0532 126 668 383 894 8 0.0530 243 403 494 615 3 0.0527 196 715 439 968 11 0.0527 237 409 507 620 8 0.0522 242 136 501 369 8 0.0520 179 330 432 555 2 0.0515 325 721 577 967 7 0.0514 123 271 391 503 5 0.0511 238 134 501 364 12 0.0509 195 718 439 964 13 0.0509 253 83 508 315 7 0.0509 249 135 509 369 10 0.0508 190 150 445 383 6 0.0507 247 138 514 370 11 0.0502 239 18 501 240 3 0.0502 249 138 505 372 1 0.0501 186 712 441 965
vJ3bJBgeheuavAtyC1l98bqNuMAfFUYi,8 0.0644 126 683 493 854 11 0.0636 304 663 566 893 5 0.0634 304 659 559 891 11 0.0629 122 687 502 855 5 0.0629 123 683 489 854 11 0.0624 431 596 698 831 8 0.0621 496 592 744 828 8 0.0621 310 660 560 894 7 0.0611 131 684 505 854 8 0.0605 560 528 817 762 7 0.0599 439 594 703 830 7 0.0599 567 527 826 762 0 0.0595 123 685 498 856 11 0.0594 561 530 822 759 0 0.0592 494 592 753 832 0 0.0586 561 530 823 764 0 0.0577 307 659 563 894 7 0.0577 311 660 567 893 6 0.0577 242 658 503 891 3 0.0571 311 660 563 897 5 0.0570 559 528 818 759 13 0.0561 437 596 706 830 10 0.0560 433 595 697 831 3 0.0559 133 685 498 858 10 0.0557 559 530 821 761 13 0.0556 500 521 756 759 13 0.0555 567 468 827 701 8 0.0553 438 518 685 759 0 0.0549 438 514 694 761 5 0.0548 494 592 749 825 6 0.0545 437 596 700 832 6 0.0543 498 522 752 762 10 0.0539 123 688 498 853 10 0.0538 306 664 563 891 13 0.0533 314 659 570 895 3 0.0529 438 595 702 837 2 0.0526 494 600 753 829 13 0.0525 131 683 506 856 3 0.0513 567 529 820 767 5 0.0507 440 516 691 754 2 0.0507 563 536 823 763 2 0.0505 128 689 500 855 11 0.0501 385 270 640 499
bkyb4SsZab8KrZ1DP6I6AKVz7SbaYhv0,0 0.0625 575 795 819 1023 5 0.0609 500 779 749 1016 7 0.0603 505 779 759 1019 8 0.0594 503 775 748 1018 0 0.0592 246 651 505 903 8 0.0592 248 653 498 898 11 0.0590 252 591 497 824 11 0.0588 574 793 819 1019 0 0.0584 500 718 762 960 11 0.0580 499 718 768 953 7 0.0574 257 586 498 827 8 0.0568 321 594 559 831 0 0.0566 321 594 562 835 5 0.0565 253 704 501 959 7 0.0564 378 584 630 823 7 0.0563 372 443 625 675 7 0.0555 317 522 559 760 11 0.0553 371 585 628 823 6 0.0552 504 785 756 1020 7 0.0552 261 706 508 963 11 0.0549 254 709 505 958 5 0.0544 317 589 560 829 10 0.0542 244 652 504 894 10 0.0542 320 595 566 832 11 0.0540 312 525 558 763 13 0.0535 377 589 635 826 8 0.0531 306 449 543 680 2 0.0529 506 783 757 1018 13 0.0528 250 655 511 901 6 0.0527 248 654 507 896 3 0.0523 508 783 755 1023 8 0.0521 253 533 488 762 9 0.0518 574 795 816 1020 13 0.0517 582 796 826 1023 0 0.0509 372 517 625 756 10 0.0509 576 797 820 1019 0 0.0508 254 531 497 764 8 0.0508 506 647 759 881 6 0.0506 375 588 628 824 8 0.0502 371 515 618 751 3 0.0502 257 588 497 833 5 0.0500 501 645 762 875
tkWPEa21tUYHEW06McevJ7e51vt2lS4N,7 0.0691 382 517 632 773 5 0.0674 511 521 759 775 5 0.0665 313 516 559 768 5 0.0642 443 575 689 826 0 0.0638 252 456 510 715 8 0.0635 254 521 506 777 6 0.0633 257 461 512 715 7 0.0632 253 524 513 780 11 0.0631 378 521 629 770 8 0.0620 319 453 567 712 7 0.0616 448 579 694 832 13 0.0604 449 581 699 831 11 0.0602 250 528 508 776 11 0.0601 504 588 758 833 13 0.0601 383 519 635 770 2 0.0600 319 457 573 711 0 0.0599 512 522 762 779 8 0.0597 507 587 752 837 7 0.0593 516 520 765 779 10 0.0584 508 591 759 834 3 0.0583 320 456 575 714 13 0.0581 254 527 515 779 10 0.0575 449 529 697 772 0 0.0574 444 578 692 831 2 0.0573 253 527 511 779 9 0.0572 311 522 561 770 5 0.0568 198 398 453 639 10 0.0564 312 522 565 769 6 0.0564 447 582 695 831 11 0.0564 132 459 397 708 7 0.0561 201 398 460 643 12 0.0561 316 517 561 773 3 0.0557 518 523 760 782 4 0.0554 315 523 564 773 6 0.0553 515 525 765 779 2 0.0548 515 529 760 777 8 0.0545 202 400 448 641 3 0.0544 255 527 513 780 11 0.0542 198 403 456 641 9 0.0538 449 529 694 771 13 0.0537 517 525 766 778 13 0.0536 138 456 401 712 2 0.0532 446 584 690 831 2 0.0530 201 406 455 643 6 0.0528 137 456 401 709 12 0.0527 452 526 695 777 3 0.0522 447 583 691 835 0 0.0521 131 453 398 712 10 0.0520 198 405 457 640 1 0.0520 375 516 629 769 3 0.0513 200 404 456 647 1 0.0509 440 576 691 832 4 0.0509 451 530 697 774 5 0.0508 131 454 394 703
zHEutlvxfDKcrV4ZzJTj20JEVOecmna9,11 0.0704 427 544 686 776 8 0.0652 359 599 611 831 8 0.0642 426 547 680 775 11 0.0621 359 598 620 829 3 0.0614 431 543 687 781 5 0.0610 357 535 614 770 6 0.0608 263 412 519 645 0 0.0607 324 342 581 589 11 0.0603 259 413 515 643 11 0.0595 322 348 579 581 10 0.0594 427 548 689 772 6 0.0593 325 346 585 587 0 0.0591 364 542 621 772 0 0.0588 261 411 516 649 7 0.0588 363 538 624 772 5 0.0581 254 407 515 641 7 0.0581 264 410 521 649 8 0.0579 446 337 695 590 7 0.0576 390 335 653 583 3 0.0575 265 411 513 656 5 0.0570 436 337 696 582 13 0.0569 447 342 712 586 13 0.0566 431 547 691 775 11 0.0560 547 613 892 781 6 0.0556 365 541 622 770 3 0.0555 363 597 616 835 8 0.0552 263 412 514 647 13 0.0550 358 599 624 831 13 0.0548 263 412 522 648 5 0.0544 317 340 578 579 3 0.0542 392 337 650 589 0 0.0541 263 277 511 516 2 0.0541 366 545 620 771 11 0.0538 443 346 699 590 13 0.0537 330 344 587 586 11 0.0537 754 519 1019 766 12 0.0536 366 539 623 771 6 0.0535 446 344 708 590 8 0.0534 328 342 575 583 10 0.0532 546 615 892 782 10 0.0532 260 418 518 645 10 0.0527 444 349 705 590 1 0.0525 423 540 686 776 7 0.0525 448 267 711 505 9 0.0521 360 539 619 767 13 0.0521 553 612 897 785 6 0.0521 558 612 885 783 8 0.0520 760 514 1004 767 0 0.0515 758 516 1012 776 8 0.0515 553 613 880 783 11 0.0514 262 282 514 506 7 0.0512 760 515 1019 769 2 0.0511 261 415 513 646 0 0.0507 555 612 890 783 7 0.0506 554 611 895 785 5 0.0505 752 508 1010 772 6 0.0504 765 513 1015 768 5 0.0502 544 606 882 784 0 0.0502 318 216 581 450
eaSjf0EWtT8Az2RX2a7wMDiftnlsOQad,11 0.0613 379 404 639 635 8 0.0583 120 725 376 947 11 0.0573 114 727 381 946 5 0.0567 0 0 241 205 0 0.0560 379 401 641 643 6 0.0543 383 406 646 639 8 0.0539 382 401 633 642 7 0.0534 382 399 642 635 8 0.0527 1 0 228 204 11 0.0519 0 3 246 205 5 0.0517 374 399 631 634 3 0.0513 391 332 634 578 10 0.0508 114 727 376 946 7 0.0506 113 797 377 1018 0 0.0502 5 0 240 213
xRcXWPAPWDOb2HDFOKTsL6rQneZaX1CS,11 0.0648 375 726 635 962 11 0.0627 384 615 636 847 8 0.0614 312 722 556 968 7 0.0613 381 676 638 903 8 0.0599 377 676 627 905 11 0.0595 246 737 493 977 0 0.0588 375 720 635 965 11 0.0577 447 476 689 709 7 0.0577 310 722 567 966 6 0.0576 389 613 637 845 0 0.0573 448 538 698 776 3 0.0572 378 675 633 911 5 0.0569 372 671 627 903 5 0.0567 244 730 487 972 0 0.0561 251 730 496 976 0 0.0558 383 612 633 849 7 0.0546 387 536 642 775 3 0.0539 311 724 562 972 8 0.0536 386 536 628 772 7 0.0535 398 391 640 618 6 0.0535 456 538 700 772 3 0.0534 386 534 635 779 11 0.0533 392 394 633 616 6 0.0533 313 724 564 964 13 0.0528 255 736 502 980 0 0.0521 390 392 637 623 5 0.0521 377 530 631 768 8 0.0519 394 396 627 620 0 0.0518 253 329 519 580 3 0.0508 456 475 685 719 10 0.0508 375 679 634 904 13 0.0505 384 724 642 965 13 0.0503 387 617 642 849
pBbRTuAHRrdiW76WB4BiPod0Pnreecan,5 0.0589 247 314 502 556 7 0.0586 249 389 509 624 7 0.0583 448 727 709 961 8 0.0561 580 219 823 460 3 0.0560 245 395 504 629 11 0.0548 444 727 705 958 8 0.0546 255 322 494 560 11 0.0537 576 217 835 454 11 0.0536 242 391 504 618 7 0.0534 261 266 511 502 8 0.0533 447 725 696 959 0 0.0532 256 323 503 560 13 0.0529 251 390 508 624 6 0.0525 453 730 701 962 5 0.0524 444 715 695 957 3 0.0518 450 727 706 968 8 0.0518 184 464 446 700 0 0.0517 520 224 771 460 13 0.0516 114 397 393 636 6 0.0515 260 321 505 558 7 0.0515 186 462 460 704 11 0.0513 174 327 448 557 11 0.0513 181 467 454 700 6 0.0511 523 228 780 456 5 0.0510 166 394 446 627 6 0.0510 181 400 449 631 5 0.0508 575 213 828 457 5 0.0507 242 211 499 438 10 0.0505 253 327 503 557 11 0.0503 250 270 509 497
yh5yqQGo5FoBBs6zyI3EoFadCGIuXWIH,11 0.0645 240 674 520 889 11 0.0575 306 745 582 976 7 0.0571 247 677 518 895 0 0.0560 326 599 583 824 6 0.0555 250 675 526 891 0 0.0542 241 672 517 897 8 0.0531 308 674 581 894 10 0.0521 245 678 512 893 3 0.0521 247 676 516 898 11 0.0511 307 323 563 546 5 0.0510 298 671 581 895 7 0.0503 324 600 584 820 11 0.0503 318 601 586 813 11 0.0502 236 208 499 434
vYSJ2OHqNBmtslSQF2NIhKVgdYPwwcnX,11 0.0642 181 400 445 632 11 0.0621 184 512 445 756 11 0.0620 240 270 510 510 5 0.0620 177 264 433 503 0 0.0619 274 486 635 671 8 0.0605 273 486 626 667 5 0.0604 246 335 506 574 8 0.0591 255 399 507 633 11 0.0591 237 595 504 845 7 0.0589 188 333 440 576 7 0.0588 299 594 572 840 10 0.0587 252 404 517 634 5 0.0587 291 653 567 904 7 0.0587 276 483 649 670 7 0.0583 129 456 375 697 13 0.0579 190 338 444 579 3 0.0578 129 458 374 709 10 0.0574 182 469 441 696 5 0.0572 179 392 441 631 7 0.0568 174 202 427 442 5 0.0568 121 450 375 696 8 0.0567 250 267 502 510 6 0.0564 128 458 383 700 8 0.0563 246 531 501 774 13 0.0562 129 457 383 704 8 0.0561 188 335 428 577 13 0.0557 250 271 515 515 7 0.0556 250 267 513 509 10 0.0555 186 343 438 575 5 0.0553 237 466 504 707 8 0.0549 182 462 429 695 3 0.0548 252 341 509 586 10 0.0546 245 534 510 769 8 0.0546 117 388 364 634 6 0.0540 189 400 449 633 3 0.0539 181 269 432 516 10 0.0538 271 489 642 669 3 0.0536 245 472 507 715 5 0.0533 365 395 633 635 10 0.0532 246 273 513 510 11 0.0531 107 329 364 563 0 0.0530 292 593 567 839 7 0.0528 234 788 498 1022 13 0.0527 244 141 503 388 6 0.0526 302 593 574 839 0 0.0526 119 389 372 634 3 0.0525 300 596 568 843 11 0.0525 372 402 638 636 5 0.0524 103 322 353 560 13 0.0522 296 594 575 841 10 0.0521 115 397 368 632 0 0.0520 171 206 425 447 13 0.0518 252 401 517 638 9 0.0518 263 484 636 666 6 0.0518 250 270 511 512 8 0.0516 175 202 419 445 11 0.0516 232 792 491 1022 3 0.0514 185 399 441 641 8 0.0512 359 661 602 899 12 0.0512 192 511 443 762 6 0.0510 177 208 427 445 11 0.0510 171 210 427 443 5 0.0509 173 138 426 376 6 0.0509 246 472 516 708 2 0.0508 244 534 505 775 0 0.0507 186 510 441 759 13 0.0506 179 209 433 448 11 0.0505 234 144 497 384 8 0.0504 243 658 497 901
TGad1Bao1vZFrq9baxZgTzBCKNdxOAPT,5 0.0557 754 0 1017 235 13 0.0550 698 12 951 239 8 0.0546 749 73 1004 304 11 0.0537 505 796 759 1017 5 0.0537 748 143 1016 384 8 0.0534 177 413 455 637 8 0.0532 505 797 749 1019 0 0.0530 177 410 460 641 13 0.0529 755 148 1023 390 0 0.0528 502 799 760 1023 0 0.0528 754 1 1019 243 5 0.0528 175 404 459 640 11 0.0525 750 148 1023 378 5 0.0521 503 797 756 1018 11 0.0520 755 2 1018 233 10 0.0518 757 7 1016 236 0 0.0514 754 151 1020 389 6 0.0508 176 415 468 637 11 0.0505 700 89 950 304 6 0.0505 760 0 1023 234 1 0.0504 694 5 940 236
W3Fj5RC9Fy18NtUk87sordfg8eIhOk4W,8 0.0600 248 778 486 1020 13 0.0580 646 0 1023 156 7 0.0578 510 393 768 631 5 0.0577 239 776 488 1020 8 0.0575 304 730 563 962 0 0.0574 504 397 760 631 8 0.0569 650 0 1013 154 11 0.0552 245 783 497 1014 5 0.0540 502 387 756 628 11 0.0538 503 397 766 629 11 0.0531 641 2 1023 154 0 0.0527 199 0 450 204 5 0.0526 639 0 1018 154 0 0.0520 314 660 584 903 11 0.0517 307 658 585 895 0 0.0516 645 1 1023 157 5 0.0515 250 646 511 889 11 0.0514 636 467 865 709 6 0.0513 248 781 498 1021 7 0.0513 247 782 497 1023 8 0.0511 506 394 752 629 13 0.0511 316 783 578 1023 11 0.0510 356 546 711 729 6 0.0509 650 0 1023 152 5 0.0507 633 463 860 708 8 0.0501 761 23 1007 258 0 0.0501 636 471 864 714 8 0.0500 199 0 439 203
qSt3u56tR30w1bRjtDulkin4ooooz0w1,11 0.0613 314 380 567 621 6 0.0563 449 555 714 774 11 0.0544 243 445 498 686 11 0.0538 373 455 652 677 11 0.0529 441 555 709 769 5 0.0528 314 437 580 690 5 0.0525 164 373 418 621 5 0.0525 439 547 706 775 7 0.0517 246 371 494 622 11 0.0512 167 379 420 623 11 0.0509 232 316 499 556 8 0.0507 316 450 573 691 8 0.0507 243 375 483 621 8 0.0506 442 557 701 776 3 0.0504 246 375 490 630 6 0.0502 323 448 587 692 0 0.0501 442 552 713 777
J5hhyBnubiF4lWysNSzfnWtqlHoxmPtn,11 0.0634 430 473 700 712 8 0.0589 421 540 765 732 13 0.0581 345 471 698 666 0 0.0580 431 472 701 715 5 0.0564 427 468 699 710 13 0.0563 423 537 781 729 11 0.0563 375 337 633 568 10 0.0562 434 387 694 622 8 0.0553 344 471 678 662 11 0.0546 318 399 578 636 6 0.0543 434 471 705 710 3 0.0534 439 468 703 720 5 0.0521 368 584 638 843 7 0.0513 380 591 642 844 7 0.0509 436 470 703 716 8 0.0505 184 337 430 579 0 0.0502 321 466 579 713 6 0.0501 326 391 581 640
vcPwSrVWLRd2eBteobdHE4Fc1c9he04l,11 0.0646 117 653 373 897 7 0.0644 183 649 438 898 0 0.0643 181 646 436 902 7 0.0638 124 719 368 961 8 0.0624 118 650 367 898 5 0.0613 119 714 364 960 5 0.0594 178 645 434 898 6 0.0590 121 653 376 900 0 0.0590 123 716 367 964 3 0.0586 122 652 372 907 10 0.0571 178 652 440 897 0 0.0568 758 785 1007 1023 13 0.0557 125 718 374 961 2 0.0540 181 654 439 900 10 0.0538 123 722 368 961 2 0.0532 122 722 367 964 2 0.0522 763 791 1013 1019 12 0.0521 183 648 438 902 13 0.0510 184 649 443 901 9 0.0505 118 652 370 897 11 0.0500 763 785 1013 1018
fol0pW6z0mTgsmMSIy8wr1WAzrQQbLcD,11 0.0590 259 137 504 370 5 0.0587 311 327 576 560 8 0.0579 197 255 441 515 5 0.0572 439 330 705 572 11 0.0568 319 208 583 429 0 0.0562 323 263 586 502 11 0.0561 312 332 581 557 0 0.0559 199 262 449 515 0 0.0555 243 0 494 201 0 0.0554 261 133 506 375 8 0.0547 209 129 453 385 5 0.0546 315 203 577 429 11 0.0545 123 29 381 261 11 0.0542 347 415 698 594 6 0.0542 326 203 588 435 8 0.0542 496 397 769 642 8 0.0541 321 328 570 562 13 0.0540 320 328 585 567 5 0.0539 191 253 443 511 13 0.0539 211 131 464 385 3 0.0537 256 34 510 290 6 0.0535 359 348 705 539 3 0.0532 125 31 376 274 5 0.0531 197 125 455 376 11 0.0528 566 281 844 514 8 0.0525 123 28 373 267 8 0.0521 351 410 686 599 6 0.0521 267 135 509 375 8 0.0519 324 204 572 433 11 0.0519 439 278 707 497 0 0.0518 324 404 565 635 3 0.0517 363 347 695 543 5 0.0514 495 392 774 640 11 0.0514 199 261 450 508 3 0.0510 325 205 580 440 2 0.0509 351 353 694 537 0 0.0507 374 136 641 354 11 0.0504 336 475 569 703 8 0.0503 248 3 492 198 13 0.0503 254 36 517 288 7 0.0502 361 347 703 540 7 0.0501 273 128 507 371
1Fxm2Uj3hTjqnAh7gX7LMJjaGAQ3QZ3X,11 0.0575 379 602 629 838 7 0.0573 369 651 633 898 5 0.0568 360 642 625 892 6 0.0563 385 603 633 834 13 0.0561 371 654 634 897 5 0.0546 488 780 765 1002 8 0.0543 383 605 623 836 3 0.0533 384 605 628 845 8 0.0529 700 0 946 212 0 0.0529 381 601 632 840 11 0.0527 693 3 957 211 10 0.0526 696 4 951 206 11 0.0520 430 283 691 513 7 0.0514 439 776 706 1014 5 0.0511 692 0 950 208 11 0.0508 335 531 580 767 11 0.0503 437 416 705 634 6 0.0503 697 0 957 209
oKPw5FfaGDYdLAFd8W1cZ8Az8bypWZJt,8 0.0659 257 781 493 1023 5 0.0651 254 710 498 960 7 0.0630 191 712 433 955 8 0.0629 119 784 365 1020 11 0.0620 253 713 500 959 7 0.0618 258 783 499 1023 0 0.0610 256 784 498 1023 5 0.0607 316 786 554 1018 8 0.0607 188 713 427 954 10 0.0605 188 717 432 952 11 0.0586 318 789 559 1019 6 0.0583 258 716 503 962 7 0.0582 123 783 372 1023 13 0.0580 322 791 564 1023 5 0.0580 120 712 373 958 0 0.0568 189 712 432 955 3 0.0566 259 712 501 968 10 0.0565 256 788 498 1022 6 0.0563 320 794 562 1023 11 0.0562 122 715 380 955 2 0.0559 256 788 499 1023 0 0.0555 122 786 372 1021 13 0.0548 144 799 509 980 10 0.0547 121 791 368 1020 6 0.0541 126 792 372 1022 2 0.0534 189 716 434 954 9 0.0530 254 787 498 1023 9 0.0530 186 711 433 953 11 0.0528 771 15 1022 258 11 0.0527 226 421 498 641 1 0.0526 252 779 495 1023 2 0.0521 121 789 373 1023 8 0.0516 778 18 1014 258 12 0.0516 260 782 497 1023 3 0.0516 323 788 560 1023 10 0.0508 776 18 1021 260 1 0.0505 185 708 430 955 0 0.0502 232 348 505 580 8 0.0502 231 350 496 575 6 0.0502 116 356 394 581 5 0.0501 774 8 1020 254 11 0.0501 110 361 388 575
YmD85CcUMi8YtpdbMz9Bprla8nUL4cqw,5 0.0589 566 0 825 198 8 0.0588 242 334 496 573 8 0.0584 586 334 831 575 8 0.0584 341 358 706 536 7 0.0584 349 355 715 539 11 0.0572 338 357 713 532 8 0.0571 100 411 355 655 5 0.0570 236 328 503 567 11 0.0562 375 152 634 371 5 0.0559 331 352 708 535 0 0.0557 244 272 503 507 0 0.0555 339 359 710 537 0 0.0553 375 151 634 375 3 0.0551 348 357 708 540 11 0.0546 576 334 839 571 10 0.0544 577 0 829 200 5 0.0541 371 143 628 374 5 0.0538 574 331 836 573 10 0.0536 376 154 639 373 11 0.0535 505 226 770 454 13 0.0534 342 358 718 536 8 0.0533 568 0 823 203 11 0.0533 236 334 507 570 11 0.0530 243 212 502 448 5 0.0529 503 217 770 459 6 0.0528 578 3 833 201 6 0.0523 591 336 842 571 6 0.0521 349 355 715 538 3 0.0520 579 1 828 209 0 0.0518 172 340 437 580 7 0.0517 246 267 507 509 6 0.0514 249 269 506 504 3 0.0514 590 389 839 659 13 0.0513 242 332 510 576 6 0.0511 514 224 773 460 13 0.0511 578 0 838 202 13 0.0511 381 151 641 376 8 0.0511 510 225 762 459 0 0.0507 507 223 770 461 0 0.0506 584 335 836 578 10 0.0505 341 359 711 537 0 0.0502 576 0 827 203 0 0.0502 104 420 362 657 8 0.0502 54 490 297 724 11 0.0500 567 0 832 202
8YS5d4xA5PL1YKlrTXkfHn4rcIJ261mY,8 0.0535 32 277 387 463 11 0.0526 31 281 392 460 13 0.0526 31 278 410 462 6 0.0522 31 277 409 459 6 0.0518 386 456 623 685 5 0.0517 22 218 388 400 11 0.0512 308 405 567 633 0 0.0501 328 591 582 828
Eu7Nu8pYWpQncaxgDaPaE66woRBTmHSO,5 0.0661 241 402 509 651 5 0.0654 236 267 497 503 11 0.0649 310 274 569 502 5 0.0645 309 203 557 434 11 0.0643 181 402 446 647 6 0.0632 318 273 571 507 5 0.0621 309 338 566 577 11 0.0620 638 143 893 379 7 0.0606 186 338 445 579 6 0.0603 245 208 504 440 5 0.0601 177 337 439 581 11 0.0599 244 343 511 577 6 0.0597 254 345 514 583 11 0.0596 383 321 643 569 11 0.0596 374 193 632 425 5 0.0595 378 251 627 495 8 0.0590 312 207 555 441 8 0.0588 387 254 623 502 11 0.0588 176 273 445 512 11 0.0586 313 403 585 633 8 0.0586 237 269 493 509 0 0.0586 184 406 444 653 0 0.0578 315 204 562 441 7 0.0577 190 475 446 721 8 0.0576 184 474 440 723 11 0.0574 238 206 503 438 8 0.0572 182 203 431 445 7 0.0570 244 267 503 508 8 0.0569 578 148 823 372 7 0.0568 319 338 575 584 0 0.0567 315 338 574 582 6 0.0566 388 323 645 571 0 0.0565 384 253 630 499 0 0.0564 249 469 513 716 5 0.0563 177 201 431 442 6 0.0561 643 142 896 382 13 0.0560 316 272 573 508 0 0.0558 242 268 501 507 13 0.0558 250 345 514 585 11 0.0554 244 472 516 709 3 0.0554 642 144 894 387 6 0.0553 323 400 586 637 6 0.0553 184 277 448 515 6 0.0553 190 404 448 654 10 0.0551 248 348 508 579 13 0.0550 244 207 506 444 11 0.0549 577 334 842 570 0 0.0549 641 144 893 383 7 0.0549 640 138 899 378 11 0.0548 456 398 714 633 5 0.0547 381 388 640 631 6 0.0547 383 192 633 427 3 0.0546 236 271 502 512 13 0.0545 186 406 451 657 10 0.0544 239 213 497 440 0 0.0544 388 135 631 360 11 0.0544 251 599 522 838 13 0.0544 389 322 649 575 7 0.0544 253 405 515 655 7 0.0543 317 205 565 440 8 0.0542 180 337 436 585 5 0.0542 178 470 442 719 5 0.0538 381 127 624 355 2 0.0536 185 409 445 654 8 0.0536 514 271 763 510 8 0.0536 257 137 484 368 5 0.0535 251 131 487 366 3 0.0535 248 406 514 662 7 0.0534 388 252 636 502 2 0.0534 239 273 502 506 8 0.0532 386 134 625 358 10 0.0531 385 139 637 358 3 0.0531 377 190 631 435 3 0.0531 185 478 447 731 13 0.0531 323 401 589 640 13 0.0530 379 189 640 430 8 0.0527 314 340 564 583 13 0.0526 252 471 521 716 0 0.0525 184 203 436 445 0 0.0524 587 590 829 824 10 0.0522 185 408 442 651 3 0.0521 311 339 573 586 11 0.0520 381 462 648 698 8 0.0520 451 331 693 586 0 0.0519 509 535 764 764 3 0.0519 517 276 769 515 5 0.0518 384 524 640 761 0 0.0517 256 602 516 845 13 0.0516 182 278 451 518 11 0.0513 452 531 699 756 11 0.0512 572 96 840 309 10 0.0511 460 407 713 639 10 0.0510 314 278 563 503 3 0.0510 184 341 444 590
lRFRQD86hXgDZtfzfzod7C7PBgWpSNnn,11 0.0655 189 327 447 562 5 0.0646 192 326 447 563 5 0.0632 136 250 388 491 5 0.0630 250 122 515 364 8 0.0627 143 249 383 496 8 0.0627 125 450 365 689 0 0.0622 195 328 445 566 3 0.0621 198 397 446 640 11 0.0619 138 249 390 493 7 0.0617 193 325 447 563 8 0.0616 254 258 502 492 8 0.0614 195 327 437 567 0 0.0610 261 186 522 433 11 0.0607 252 259 512 491 11 0.0606 197 64 465 312 3 0.0604 254 127 513 368 7 0.0601 201 449 467 704 3 0.0598 256 260 510 496 8 0.0597 200 66 453 316 11 0.0594 374 0 642 197 5 0.0593 194 447 462 697 8 0.0588 310 2 561 202 7 0.0588 256 254 515 494 5 0.0586 254 256 509 494 3 0.0581 312 0 569 208 5 0.0573 297 0 565 200 13 0.0571 311 2 574 205 6 0.0566 201 330 448 565 13 0.0565 256 126 523 366 0 0.0563 145 249 386 494 6 0.0561 257 126 518 366 7 0.0561 311 0 570 203 0 0.0560 121 447 378 689 3 0.0559 137 330 383 568 6 0.0558 151 253 394 494 0 0.0557 200 63 461 313 13 0.0557 197 10 463 261 11 0.0553 117 454 378 688 6 0.0550 313 0 571 202 13 0.0549 203 393 452 637 7 0.0548 147 246 388 494 10 0.0547 194 335 443 563 10 0.0547 307 4 566 201 0 0.0543 622 536 884 779 13 0.0542 126 453 383 693 7 0.0541 205 59 466 312 0 0.0540 304 0 567 202 10 0.0539 194 13 454 256 3 0.0530 125 456 377 694 6 0.0530 260 259 513 492 13 0.0529 136 329 389 564 6 0.0529 202 453 467 699 3 0.0527 445 8 699 252 13 0.0524 440 8 704 244 10 0.0523 144 256 388 493 13 0.0516 257 261 518 495 6 0.0516 443 8 700 244 10 0.0509 254 132 514 360 9 0.0508 308 3 569 199 2 0.0508 202 399 442 635 2 0.0508 196 11 456 255 1 0.0506 191 323 444 563 5 0.0505 432 0 697 243 10 0.0503 255 264 511 490 2 0.0501 143 255 389 491 7 0.0500 440 7 701 248 12 0.0500 203 397 447 638
johgaMHgVf0IqDC3Rr78BXSiarJf9PUg,11 0.0660 310 394 572 636 8 0.0648 313 267 569 510 5 0.0641 248 322 502 561 11 0.0631 450 145 703 380 11 0.0631 313 212 585 448 6 0.0630 261 390 508 631 8 0.0625 448 142 695 381 8 0.0619 253 319 495 570 5 0.0612 444 135 698 380 8 0.0610 379 328 628 572 6 0.0609 320 209 586 449 0 0.0607 379 262 632 505 8 0.0607 445 270 690 512 13 0.0606 318 208 588 450 0 0.0605 449 139 700 382 6 0.0605 249 262 511 509 5 0.0604 311 206 580 447 11 0.0593 426 401 692 634 6 0.0592 452 141 704 383 8 0.0591 246 205 502 455 5 0.0591 439 267 691 508 3 0.0588 321 207 583 452 10 0.0582 448 140 704 379 7 0.0580 246 260 510 510 10 0.0579 379 266 635 502 7 0.0579 319 209 583 450 0 0.0577 431 397 687 640 0 0.0576 317 330 574 577 3 0.0576 246 264 507 512 3 0.0573 451 273 695 515 11 0.0573 251 323 507 563 10 0.0573 244 269 507 509 7 0.0569 451 136 705 383 8 0.0568 312 392 561 639 0 0.0568 247 265 507 509 2 0.0563 316 214 581 450 13 0.0563 186 261 453 512 6 0.0562 374 395 631 637 5 0.0558 179 260 442 504 8 0.0555 370 460 628 699 3 0.0555 314 331 574 580 6 0.0554 449 334 697 578 2 0.0551 446 278 693 510 7 0.0550 313 389 569 642 12 0.0547 379 264 634 507 5 0.0547 195 395 439 624 3 0.0546 452 143 704 386 0 0.0546 515 349 757 587 9 0.0545 313 210 584 443 5 0.0543 307 390 565 638 5 0.0543 567 197 820 436 11 0.0540 571 204 821 435 13 0.0540 315 330 580 580 5 0.0540 508 345 755 580 8 0.0540 433 398 682 636 0 0.0537 502 455 753 704 13 0.0537 451 140 710 382 5 0.0536 571 455 814 698 11 0.0534 508 352 758 579 8 0.0533 574 203 810 440 3 0.0531 436 398 686 641 10 0.0531 444 340 699 577 6 0.0531 197 469 438 699 10 0.0531 370 401 631 636 0 0.0530 574 201 819 438 3 0.0528 518 351 758 588 6 0.0528 439 457 698 699 8 0.0526 513 348 751 583 12 0.0526 452 137 702 386 13 0.0523 373 458 641 701 11 0.0521 196 401 446 628 2 0.0519 244 267 506 509 7 0.0518 450 334 698 581 2 0.0516 382 336 634 570 10 0.0511 262 395 502 633 11 0.0510 506 586 773 819 6 0.0509 130 271 386 517 4 0.0507 320 213 586 447 3 0.0506 576 203 822 445 9 0.0505 445 140 706 378
jp7PQYqxNsz8UggiaL29zMA6M7ECxl36,7 0.0647 472 542 814 721 7 0.0622 383 457 641 694 7 0.0618 316 529 579 768 11 0.0618 566 675 826 901 7 0.0614 460 410 710 642 11 0.0614 444 468 695 698 8 0.0607 444 342 691 563 7 0.0607 570 595 820 821 0 0.0602 455 409 707 649 11 0.0599 253 338 512 576 7 0.0598 257 456 512 693 11 0.0596 442 347 699 562 0 0.0595 380 457 637 699 0 0.0586 564 593 818 825 8 0.0585 256 330 506 576 0 0.0584 316 529 577 776 8 0.0584 379 458 629 697 11 0.0582 187 399 441 633 11 0.0576 394 604 748 782 0 0.0576 464 543 809 725 7 0.0575 320 401 577 627 0 0.0567 383 333 644 570 10 0.0565 562 597 814 823 10 0.0563 255 398 499 629 7 0.0563 400 603 757 783 5 0.0562 560 589 812 821 7 0.0562 388 329 645 562 11 0.0561 524 0 919 152 11 0.0560 250 460 509 696 11 0.0560 300 273 571 502 5 0.0559 387 394 648 634 10 0.0558 443 469 698 698 0 0.0557 318 402 576 634 5 0.0557 186 393 436 632 8 0.0557 318 400 569 629 8 0.0555 571 592 810 821 0 0.0554 390 602 754 786 8 0.0552 191 395 432 635 6 0.0550 191 336 461 584 8 0.0549 255 455 502 697 5 0.0548 296 266 564 502 0 0.0548 304 270 567 513 13 0.0547 261 334 518 579 0 0.0547 256 459 511 699 5 0.0547 307 456 573 691 3 0.0545 382 459 636 703 13 0.0545 448 467 703 698 8 0.0543 313 531 567 772 3 0.0542 470 543 807 729 3 0.0539 382 265 636 504 8 0.0535 365 210 622 443 13 0.0533 388 333 644 570 3 0.0532 318 401 571 635 10 0.0531 313 464 575 694 7 0.0531 193 393 442 634 3 0.0524 198 461 436 713 10 0.0522 376 535 632 771 8 0.0521 469 540 800 722 6 0.0521 280 484 652 667 0 0.0521 193 398 439 638 0 0.0520 198 280 462 532 8 0.0520 248 210 506 462 13 0.0520 573 596 824 823 13 0.0520 261 455 515 697 13 0.0518 382 531 637 774 7 0.0517 259 329 514 576 5 0.0517 191 277 454 523 3 0.0516 567 595 815 829 6 0.0514 457 412 713 646 12 0.0513 395 399 654 639 13 0.0511 252 216 526 461 11 0.0511 359 218 634 438
wNvACBcJjAwwd39DyKYMMcRbhw7kZRKY,7 0.0685 59 781 308 1016 0 0.0638 769 17 1023 269 11 0.0629 9 878 371 1021 8 0.0615 14 875 365 1023 0 0.0614 13 879 372 1023 11 0.0609 769 18 1022 261 8 0.0597 771 16 1017 262 5 0.0593 769 10 1022 263 10 0.0582 10 881 372 1023 5 0.0566 52 785 301 1013 6 0.0564 17 879 379 1023 11 0.0557 505 778 749 1015 3 0.0541 21 803 371 980 13 0.0540 776 16 1023 265 3 0.0540 775 16 1023 269 10 0.0537 768 20 1023 264 6 0.0533 776 16 1023 263 2 0.0528 772 19 1023 263 5 0.0523 501 773 743 1014 13 0.0523 59 787 313 1017 11 0.0518 307 586 561 822 8 0.0513 507 772 742 1017 0 0.0509 305 584 568 825 9 0.0504 771 15 1023 260 2 0.0501 60 790 306 1016 0 0.0501 506 774 750 1022
pJX5ohmvruBfjNkr2vh7E979FMmDBzgs,11 0.0655 63 601 309 839 8 0.0637 63 593 304 839 0 0.0636 61 600 305 841 3 0.0584 67 595 307 844 6 0.0577 66 597 309 837 11 0.0576 69 480 312 712 5 0.0570 512 216 770 442 0 0.0557 66 477 307 718 0 0.0553 579 234 829 454 6 0.0545 523 220 777 449 7 0.0541 63 597 307 842 5 0.0535 57 598 300 838 2 0.0519 63 605 310 838 10 0.0518 66 606 308 839 10 0.0516 1 4 262 207 8 0.0515 69 470 303 713 11 0.0515 513 221 774 444 5 0.0510 619 245 891 472 13 0.0505 64 598 314 840 11 0.0504 0 1 263 206 6 0.0504 76 477 315 710 8 0.0502 6 0 251 206 0 0.0501 511 152 763 379
itjj9TXQajBzppP7ECsD4TfXZs3dYPm2,7 0.0613 309 726 567 959 11 0.0605 309 139 572 372 7 0.0603 246 658 508 893 8 0.0601 315 195 565 438 11 0.0585 171 726 431 951 8 0.0582 180 784 417 1021 7 0.0580 181 789 427 1021 8 0.0575 375 736 626 961 11 0.0570 302 729 565 958 0 0.0567 318 199 575 437 5 0.0562 371 739 631 961 0 0.0561 453 737 700 964 5 0.0553 304 666 564 894 0 0.0552 178 724 429 956 8 0.0552 183 656 424 891 5 0.0552 174 785 417 1015 8 0.0551 235 723 489 954 8 0.0549 306 667 557 897 11 0.0546 388 264 652 505 13 0.0539 310 733 568 962 8 0.0537 385 258 639 505 7 0.0537 316 137 571 376 0 0.0536 308 726 563 963 0 0.0535 382 265 650 506 3 0.0533 315 138 567 380 13 0.0530 182 791 429 1023 3 0.0529 311 667 569 904 0 0.0526 319 75 577 315 5 0.0524 227 721 493 951 5 0.0524 310 195 573 434 11 0.0520 448 741 702 957 7 0.0519 455 735 702 959 3 0.0515 380 738 635 971 10 0.0513 174 792 422 1021 11 0.0512 240 205 502 431 6 0.0511 310 667 570 897 10 0.0511 314 203 577 440 10 0.0509 179 662 434 892 13 0.0508 315 196 585 435 10 0.0507 231 726 497 953 11 0.0504 239 661 506 889 8 0.0502 317 74 567 317 5 0.0501 175 656 431 890
4wjHaHedHDTOxxMXTkYss0S0y2AmqkhS,0 0.0603 381 517 636 755 5 0.0588 296 0 569 191 11 0.0583 443 532 702 759 8 0.0567 444 533 695 758 8 0.0565 307 2 566 193 11 0.0564 295 1 576 193 5 0.0553 440 520 698 756 13 0.0552 308 0 579 194 6 0.0551 383 520 646 753 5 0.0551 374 590 643 835 11 0.0550 372 600 647 835 8 0.0550 382 595 637 837 13 0.0545 390 520 644 752 0 0.0543 302 0 574 194 11 0.0538 309 521 580 755 7 0.0536 385 520 644 756 7 0.0529 303 0 577 195 5 0.0527 227 719 487 948 3 0.0525 447 529 702 763 6 0.0524 236 723 499 947 11 0.0524 226 727 493 948 11 0.0523 439 2 709 195 5 0.0520 437 0 705 192 5 0.0520 309 511 579 752 11 0.0515 302 795 558 1022 10 0.0512 302 2 574 192 8 0.0512 314 518 569 756 10 0.0510 384 524 643 751 0 0.0510 439 1 709 199 11 0.0507 305 671 575 897 3 0.0507 308 2 573 198
s6YLTyOW1TOEW1f09f8C53aToeb5v3Zy,11 0.0564 623 549 895 778 6 0.0562 373 154 632 393 5 0.0545 602 597 888 838 3 0.0536 387 84 631 324 11 0.0533 364 152 631 393 5 0.0531 438 71 691 312 11 0.0531 600 657 880 884 13 0.0530 629 546 902 781 5 0.0528 483 598 753 842 0 0.0527 376 86 635 322 0 0.0527 628 542 897 784 13 0.0522 341 35 714 214 13 0.0518 610 659 891 887 6 0.0518 447 82 698 311 8 0.0518 626 544 889 780 13 0.0513 261 0 519 239 8 0.0507 258 3 502 235 11 0.0506 433 295 679 517 11 0.0505 426 546 769 724 3 0.0504 339 32 703 218 6 0.0503 628 545 901 777 8 0.0503 317 74 557 301 3 0.0502 378 218 624 457 0 0.0501 492 605 760 852
dJE70U97DqWfd6JpAD9iLMxK3qsyT9rY,11 0.0655 234 675 496 906 7 0.0645 170 667 431 900 8 0.0611 98 664 356 906 0 0.0608 174 596 420 837 5 0.0602 170 595 418 830 8 0.0600 236 672 490 912 5 0.0599 95 663 356 900 7 0.0586 235 605 480 837 8 0.0581 176 600 414 832 6 0.0580 170 670 433 899 3 0.0574 241 674 495 915 0 0.0564 237 671 495 913 10 0.0562 173 609 420 833 6 0.0552 237 609 480 836 13 0.0548 171 668 437 898 0 0.0542 96 661 363 908 5 0.0536 233 666 494 904 7 0.0531 369 531 620 757 11 0.0524 298 377 566 598 11 0.0520 630 744 898 975 11 0.0515 98 674 364 902 10 0.0507 237 678 497 909 11 0.0507 360 535 621 756 3 0.0507 103 669 364 909 3 0.0506 175 599 421 836 12 0.0503 169 666 431 900
JKIIFdkgYv4dptNnUcI15WidixNEFnw2,11 0.0568 329 1 715 161 13 0.0511 345 2 725 164 8 0.0503 320 92 556 328
mD4z19xRj4hedykaWcCbckCj5cgKNBQs,11 0.0583 567 1 836 189 11 0.0581 571 86 834 320 0 0.0575 567 0 831 193 0 0.0567 381 2 637 247 8 0.0566 320 18 568 252 5 0.0561 371 1 632 246 0 0.0559 575 87 832 323 7 0.0548 572 0 835 192 13 0.0545 442 5 710 249 11 0.0545 374 9 642 247 3 0.0541 438 4 705 256 5 0.0537 568 79 831 321 8 0.0536 438 4 694 248 8 0.0535 569 26 820 251 7 0.0528 532 532 790 778 11 0.0528 444 67 714 311 6 0.0523 576 84 837 320 6 0.0523 440 3 708 246 8 0.0520 573 536 823 781 11 0.0519 248 11 509 257 5 0.0518 491 9 760 244 10 0.0518 862 258 1023 641 2 0.0517 435 9 704 247 13 0.0512 318 14 582 257 6 0.0511 575 2 834 190 10 0.0510 570 4 835 188 11 0.0510 576 542 833 772 10 0.0506 573 87 833 320 0 0.0506 449 66 708 310 2 0.0504 578 88 833 320 5 0.0503 247 3 502 254 13 0.0502 516 65 773 313 0 0.0502 252 10 506 261
dUjaQ65RQdl8BZHrWhTyrrOFlNI8RRrl,7 0.0607 434 782 686 1017 5 0.0592 423 779 679 1012 8 0.0583 433 785 671 1014 13 0.0578 367 791 624 1014 0 0.0577 434 785 679 1021 11 0.0556 442 716 696 941 0 0.0556 333 600 688 793 3 0.0553 434 784 679 1023 10 0.0552 428 786 676 1016 0 0.0547 242 403 495 630 5 0.0540 238 337 491 567 11 0.0539 335 602 691 785 0 0.0539 383 397 631 645 11 0.0537 386 275 652 500 6 0.0537 365 793 623 1008 7 0.0534 341 603 692 793 5 0.0530 376 390 623 639 11 0.0529 309 725 571 944 11 0.0528 379 400 631 638 0 0.0527 385 268 645 505 5 0.0524 340 669 696 854 13 0.0523 387 397 635 644 3 0.0520 513 709 745 947 5 0.0519 245 584 505 829 8 0.0516 237 464 472 696 7 0.0512 253 589 513 831 0 0.0504 249 588 513 837 3 0.0502 346 601 692 795 6 0.0502 448 717 696 942 7 0.0501 377 706 635 944 5 0.0500 303 720 566 943 5 0.0500 232 459 477 696
E7FbITnCCWtMFttGDLKnDWQbvmIi1jd7,11 0.0645 555 526 817 751 6 0.0641 444 465 708 698 8 0.0635 445 463 701 696 5 0.0630 566 582 821 827 7 0.0620 558 525 818 755 11 0.0610 443 464 702 694 8 0.0610 251 139 506 387 0 0.0609 555 527 816 755 7 0.0608 447 462 705 698 5 0.0606 438 460 703 694 11 0.0604 182 347 445 584 11 0.0597 308 593 560 818 11 0.0593 249 136 515 383 8 0.0591 570 583 818 828 13 0.0588 501 520 766 757 7 0.0581 316 594 564 819 13 0.0579 571 586 829 833 7 0.0565 259 132 519 385 3 0.0565 504 520 760 760 0 0.0565 443 463 705 697 3 0.0562 571 586 822 834 1 0.0559 495 516 760 756 10 0.0556 500 520 758 754 6 0.0549 572 586 823 829 8 0.0549 318 592 556 819 8 0.0544 178 70 436 315 2 0.0541 502 524 760 755 6 0.0538 258 135 518 385 3 0.0538 158 32 505 230 13 0.0537 159 26 515 227 0 0.0536 157 31 504 228 13 0.0536 320 591 571 820 10 0.0535 568 589 824 827 13 0.0535 252 133 522 389 0 0.0531 504 3 766 205 5 0.0529 246 133 509 382 6 0.0529 319 593 564 818 10 0.0527 316 599 560 816 10 0.0524 253 143 518 387 5 0.0523 498 0 760 201 7 0.0521 180 209 444 454 11 0.0521 146 31 504 222 2 0.0520 253 140 514 385 10 0.0518 147 34 502 225 0 0.0513 314 591 560 820 9 0.0512 567 588 824 826 11 0.0512 500 1 767 203 5 0.0511 144 24 497 222 9 0.0510 496 521 761 753 0 0.0510 180 401 449 639 5 0.0509 310 589 560 813 2 0.0508 571 590 824 828 7 0.0507 185 66 451 315 8 0.0506 181 268 434 522 3 0.0504 509 2 766 214 0 0.0503 254 137 515 388 3 0.0502 254 139 514 391 1 0.0500 565 581 822 830
voNrViPDeCgo4mwskympQ13hV4SSGYMQ,8 0.0702 141 872 499 1023 5 0.0679 247 781 493 1016 7 0.0675 253 784 499 1018 0 0.0649 143 874 502 1023 11 0.0639 142 873 504 1022 10 0.0612 251 788 497 1019 13 0.0601 146 875 512 1023 2 0.0595 146 876 503 1023 6 0.0594 253 787 497 1020 9 0.0574 140 873 502 1022 3 0.0559 149 875 502 1023 1 0.0542 140 872 502 1023 4 0.0523 251 785 501 1019 11 0.0517 432 664 685 894 12 0.0502 256 782 497 1018
ydcSc7AX20kdx3druATQKDEUSacd5F3h,5 0.0681 366 791 612 1019 0 0.0652 372 793 619 1023 11 0.0650 424 804 679 1017 8 0.0633 375 793 617 1023 7 0.0625 302 795 562 1023 8 0.0597 5 69 246 310 13 0.0592 377 795 620 1023 11 0.0591 0 77 259 309 5 0.0590 473 822 732 1021 8 0.0589 479 822 732 1022 11 0.0588 382 540 641 767 0 0.0586 384 539 637 772 0 0.0582 301 662 576 879 10 0.0580 421 808 681 1023 7 0.0579 430 802 684 1022 5 0.0578 296 660 572 875 11 0.0577 376 352 645 590 11 0.0573 298 796 559 1022 11 0.0572 298 663 577 873 10 0.0572 294 797 556 1022 0 0.0572 4 73 261 313 0 0.0571 315 449 577 696 13 0.0567 308 662 581 878 5 0.0566 379 456 637 706 5 0.0565 302 390 561 641 11 0.0564 0 683 321 847 6 0.0564 375 795 619 1023 3 0.0557 375 794 619 1023 11 0.0554 311 454 576 692 7 0.0551 149 671 508 856 8 0.0549 300 661 570 879 5 0.0548 0 67 255 306 3 0.0547 0 28 252 267 3 0.0545 302 662 575 882 11 0.0544 761 651 1017 865 7 0.0544 0 69 262 312 2 0.0544 375 797 620 1023 13 0.0540 157 729 522 908 0 0.0539 143 733 515 912 8 0.0538 483 666 757 893 11 0.0537 446 464 700 699 0 0.0535 480 827 738 1023 7 0.0535 388 403 646 657 6 0.0534 241 642 529 865 0 0.0533 752 156 1008 388 10 0.0532 141 673 503 855 0 0.0532 0 683 321 848 8 0.0532 316 448 564 697 8 0.0530 0 678 311 847 9 0.0529 374 796 619 1019 8 0.0527 749 148 1004 385 13 0.0527 4 28 263 260 10 0.0524 691 221 962 455 2 0.0523 142 678 509 857 6 0.0523 386 536 644 771 11 0.0520 745 152 1006 382 6 0.0515 0 24 259 257 7 0.0511 386 536 642 773 3 0.0511 386 535 641 776 1 0.0511 298 791 556 1023 10 0.0507 744 154 1008 382 3 0.0505 385 347 642 597 6 0.0504 384 405 655 658 6 0.0503 697 218 967 455 8 0.0503 244 386 497 642 13 0.0503 390 461 651 709 5 0.0501 0 679 314 846 6 0.0500 253 445 509 693 2 0.0500 314 457 577 695
mmk41pNMonUy8MXJ4zDOAxYE4lH7IM0H,11 0.0589 244 518 494 748 7 0.0582 132 781 382 1023 5 0.0578 182 444 435 690 0 0.0568 632 2 1011 154 13 0.0561 645 1 1016 152 7 0.0560 186 390 434 626 5 0.0556 579 0 933 155 0 0.0547 190 596 428 823 0 0.0545 116 521 371 769 8 0.0544 586 0 931 157 8 0.0542 251 446 487 685 7 0.0539 253 443 499 686 6 0.0535 187 451 447 695 0 0.0534 248 521 490 752 6 0.0532 118 521 378 766 11 0.0531 112 520 371 762 11 0.0528 628 2 1008 150 0 0.0527 186 450 438 699 3 0.0525 188 452 439 702 6 0.0520 639 3 1020 149 10 0.0517 631 1 1005 150 11 0.0515 238 381 510 614 11 0.0513 183 663 437 891 5 0.0513 238 373 501 611 8 0.0512 182 387 421 627 6 0.0512 190 597 433 822 8 0.0512 181 521 420 752 7 0.0512 181 517 433 753 8 0.0510 247 330 497 571 8 0.0509 132 782 372 1019 11 0.0506 307 451 567 680
wtQMaNjw3KBUtDJDk8lD4whbOA9KMGCu,8 0.0676 120 779 364 1020 7 0.0641 121 779 372 1021 5 0.0640 115 779 363 1018 7 0.0640 253 793 496 1023 7 0.0637 185 717 432 956 8 0.0635 252 791 488 1023 5 0.0624 246 793 488 1019 5 0.0616 179 715 428 954 11 0.0612 248 795 492 1018 11 0.0607 567 667 819 881 0 0.0606 253 711 502 960 11 0.0598 191 656 438 888 10 0.0597 179 721 430 954 8 0.0595 185 714 424 954 11 0.0595 116 782 367 1015 7 0.0588 322 715 571 962 11 0.0585 564 529 825 753 0 0.0582 192 654 434 893 0 0.0580 116 782 367 1023 13 0.0577 254 797 498 1023 5 0.0576 567 661 815 881 0 0.0575 398 669 761 857 5 0.0574 390 666 753 853 7 0.0568 256 655 504 893 10 0.0567 250 796 493 1021 13 0.0567 118 783 373 1022 8 0.0566 323 714 564 962 11 0.0565 311 658 569 891 5 0.0561 314 713 563 958 11 0.0557 637 613 894 834 10 0.0555 115 788 366 1019 3 0.0550 187 716 430 961 3 0.0550 122 781 370 1023 6 0.0547 253 800 494 1023 13 0.0547 186 718 438 956 8 0.0543 398 668 750 855 5 0.0528 622 479 885 707 5 0.0528 635 607 890 837 8 0.0526 256 652 494 890 0 0.0525 641 613 890 848 2 0.0522 251 797 495 1023 8 0.0522 123 588 365 809 8 0.0522 572 529 810 757 11 0.0521 393 340 644 567 11 0.0521 252 589 502 819 7 0.0521 409 669 764 854 7 0.0520 447 344 709 574 8 0.0519 572 667 808 882 10 0.0518 394 672 759 854 3 0.0517 576 666 815 886 7 0.0517 193 586 443 822 2 0.0516 119 785 371 1023 9 0.0516 248 796 494 1021 3 0.0515 252 795 493 1023 10 0.0513 316 719 568 958 0 0.0512 628 482 891 713 11 0.0510 118 591 376 810 10 0.0510 249 657 501 891 6 0.0508 120 786 370 1022 7 0.0508 574 531 827 759 0 0.0508 124 586 371 815 10 0.0505 122 591 372 811 10 0.0504 567 533 818 759 5 0.0504 248 653 496 890 0 0.0502 394 340 645 574 1 0.0501 246 787 494 1023
yte1MNxCzEW60X8P7F81xju8LVErPuXM,11 0.0574 173 1 438 196 0 0.0554 235 0 497 194 6 0.0552 239 0 500 191 8 0.0533 457 339 701 579 11 0.0527 297 803 552 1017 8 0.0523 761 535 998 760 8 0.0517 235 0 491 192 3 0.0515 238 0 498 197 13 0.0514 308 12 579 260 7 0.0514 238 0 501 192 5 0.0514 173 0 432 197 11 0.0506 572 198 828 423 5 0.0503 756 537 999 761
2EafmMJvwxaOMIRdXiMJg3TJyXkZPWwo,11 0.0647 385 407 637 636 0 0.0637 333 202 576 454 5 0.0634 357 779 618 1014 13 0.0609 441 782 698 1023 11 0.0608 514 397 775 633 11 0.0601 316 278 568 510 8 0.0596 514 394 765 635 6 0.0589 326 272 571 515 7 0.0585 513 396 777 638 8 0.0580 366 779 617 1018 0 0.0579 0 547 314 730 11 0.0574 429 786 691 1019 7 0.0571 433 785 696 1023 0 0.0570 361 715 631 957 13 0.0569 326 272 570 518 11 0.0568 242 334 503 559 5 0.0568 355 649 639 890 5 0.0566 577 317 827 564 13 0.0562 518 398 779 636 0 0.0561 515 397 770 637 7 0.0557 323 273 568 514 11 0.0552 385 513 651 761 5 0.0551 636 447 888 689 0 0.0551 51 788 304 1023 5 0.0550 509 387 768 633 11 0.0550 644 454 892 689 3 0.0549 437 785 691 1023 0 0.0548 248 704 520 937 11 0.0547 413 667 694 900 5 0.0545 490 662 756 894 8 0.0545 50 785 294 1022 5 0.0545 325 199 573 448 3 0.0544 521 395 773 640 8 0.0544 9 531 244 755 10 0.0543 321 280 566 515 11 0.0542 99 788 363 1003 6 0.0541 369 780 629 1018 10 0.0540 7 539 247 752 11 0.0538 10 534 250 749 0 0.0538 170 784 432 1019 7 0.0536 11 530 249 757 0 0.0534 390 134 631 390 0 0.0531 255 262 502 499 5 0.0531 293 712 566 946 7 0.0531 394 402 641 640 8 0.0529 320 273 558 517 5 0.0529 222 772 497 1003 8 0.0527 494 668 751 897 8 0.0526 393 406 629 636 5 0.0525 245 254 494 491 6 0.0525 278 203 517 439 0 0.0525 390 405 637 641 11 0.0524 267 207 518 435 3 0.0523 320 273 565 520 5 0.0522 6 530 241 753 7 0.0520 250 331 499 566 8 0.0520 645 453 885 692 8 0.0520 584 318 824 560 0 0.0520 430 786 692 1023 7 0.0516 238 775 503 1003 8 0.0516 240 772 492 1006 8 0.0514 301 711 558 949 5 0.0514 389 503 650 762 6 0.0513 425 665 692 900 13 0.0512 254 331 507 568 6 0.0512 15 531 253 749 7 0.0512 362 657 642 892 11 0.0511 581 325 835 553 13 0.0511 393 406 644 640 13 0.0507 395 137 644 386 2 0.0507 516 401 775 641 10 0.0506 363 781 628 1017 6 0.0506 399 140 641 386 8 0.0505 363 655 632 891 0 0.0504 265 145 516 387 7 0.0503 303 716 567 947 6 0.0502 498 726 763 945 6 0.0502 52 790 308 1023 7 0.0502 494 669 763 896 13 0.0502 395 514 657 767 7 0.0500 272 203 516 440 5 0.0500 385 399 638 638
7zluaphuRftB2jYPmDVhLVKVV6e2pG96,5 0.0542 641 391 897 631 8 0.0530 520 394 760 636 11 0.0528 511 327 772 565 8 0.0516 132 802 380 1014 11 0.0511 550 803 800 1010 5 0.0505 546 795 796 1008
MIaRm177M6P0TfmklVr05ANV6dmTw35F,8 0.0559 207 76 441 318 0 0.0555 594 590 829 815 8 0.0552 593 584 823 807 11 0.0551 248 33 520 276 5 0.0545 588 580 825 807 0 0.0545 255 35 518 278 11 0.0542 592 586 824 810 5 0.0532 247 27 511 278 11 0.0531 442 726 686 960 8 0.0529 705 30 945 262 0 0.0526 706 33 957 264 5 0.0521 437 714 680 956 5 0.0515 518 466 757 688 7 0.0512 595 586 833 808 11 0.0509 385 31 666 258 11 0.0508 574 134 840 364 7 0.0508 514 725 756 954 0 0.0507 387 34 663 263 8 0.0507 444 722 679 961 10 0.0506 590 591 828 808 5 0.0503 700 32 946 258
UieTd8N0U1xXU952gh0lyVb8RWENmFkK,7 0.0565 387 401 633 636 8 0.0555 387 405 623 636 11 0.0541 383 407 629 637 0 0.0540 387 407 630 637 11 0.0519 318 461 571 703 7 0.0517 324 458 573 703 8 0.0501 324 460 560 703
VYvAYpMGYlrmpTKwMRLUA85LNMFP4gEB,8 0.0584 381 130 638 377 11 0.0552 382 134 644 371 11 0.0550 440 523 689 747 13 0.0544 386 209 652 445 5 0.0537 373 128 639 369 0 0.0534 380 204 640 449 8 0.0532 687 0 937 202 8 0.0528 445 523 677 748 2 0.0521 381 215 641 444 5 0.0510 430 678 689 904 5 0.0509 368 603 620 833 8 0.0509 571 0 813 215 0 0.0507 225 0 521 199 7 0.0506 386 132 650 377 8 0.0506 390 269 629 523 5 0.0502 568 0 816 206 0 0.0501 436 682 701 909 3 0.0501 447 159 710 408
2Fy4nWvU50e82rWKho6bkrkgXi25Qgiq,11 0.0632 575 399 822 636 11 0.0631 443 520 700 762 11 0.0620 508 593 764 827 0 0.0619 573 401 821 643 8 0.0615 443 519 693 767 0 0.0602 508 334 763 575 11 0.0597 508 334 762 571 8 0.0587 511 594 757 831 0 0.0584 443 516 699 764 5 0.0583 442 513 695 765 7 0.0580 580 396 822 643 0 0.0580 510 591 765 829 6 0.0574 446 519 702 765 6 0.0568 578 398 823 643 8 0.0565 512 334 756 577 8 0.0565 574 400 816 642 7 0.0562 514 590 771 830 3 0.0556 512 591 765 835 7 0.0556 515 329 765 580 5 0.0556 508 585 763 828 6 0.0555 513 331 767 572 3 0.0548 576 401 822 649 6 0.0541 515 594 767 828 5 0.0539 505 328 759 576 5 0.0539 572 395 817 643 3 0.0537 513 333 762 582 10 0.0537 441 521 698 765 11 0.0536 634 359 910 579 10 0.0534 511 594 765 828 13 0.0531 448 518 707 770 5 0.0531 254 15 511 259 3 0.0531 446 519 702 767 7 0.0529 449 515 702 767 13 0.0526 516 330 768 576 10 0.0524 569 401 820 642 6 0.0522 266 21 515 262 2 0.0518 568 339 821 579 0 0.0513 632 360 906 581 11 0.0510 434 661 697 894 13 0.0508 516 592 773 829 7 0.0507 264 21 510 258 10 0.0505 512 335 762 577 11 0.0503 378 595 634 834
6Y3g4Y9dTisDALbZvOd9Ho7jut1ffdUL,11 0.0513 254 396 496 635
8f40juywUh3udRrNaqUgLSdmR4MbFoFF,5 0.0622 569 140 808 380 11 0.0619 315 161 564 397 7 0.0611 383 210 624 448 8 0.0606 268 230 625 408 0 0.0594 443 206 688 455 10 0.0592 379 158 628 398 11 0.0589 262 292 632 472 3 0.0588 447 210 691 459 5 0.0584 563 272 821 520 6 0.0580 518 216 763 462 8 0.0579 575 209 813 451 7 0.0576 453 146 703 403 6 0.0576 373 277 631 507 8 0.0574 449 151 688 401 11 0.0573 574 212 822 454 0 0.0573 569 273 824 520 5 0.0572 309 153 562 398 0 0.0572 516 156 769 394 0 0.0567 260 228 634 410 5 0.0566 642 198 888 436 13 0.0564 259 228 643 410 3 0.0564 579 213 821 460 6 0.0560 270 231 640 410 11 0.0560 446 149 697 399 7 0.0559 435 274 694 510 3 0.0559 319 217 564 463 0 0.0559 366 275 627 508 10 0.0558 247 158 507 386 8 0.0550 432 273 682 510 5 0.0549 252 287 626 473 7 0.0549 517 213 766 466 6 0.0549 454 151 696 402 5 0.0543 445 142 692 401 13 0.0540 517 217 766 462 6 0.0540 577 147 817 382 2 0.0540 447 212 688 454 3 0.0539 508 277 756 529 10 0.0532 514 157 769 396 1 0.0531 257 226 631 410 0 0.0529 636 142 881 372 11 0.0526 375 338 634 565 10 0.0524 372 280 629 506 8 0.0523 634 138 873 369 11 0.0522 256 347 512 584 12 0.0521 447 206 691 457 13 0.0520 432 276 692 509 9 0.0520 379 153 627 389 5 0.0518 425 268 682 508 13 0.0515 450 150 698 401 8 0.0513 176 155 420 386 2 0.0513 520 160 769 395 11 0.0512 237 470 511 702 13 0.0512 257 278 518 522 2 0.0512 369 283 626 504 5 0.0511 254 337 508 583 13 0.0510 579 145 822 384 2 0.0509 265 232 632 407 8 0.0508 648 261 885 511 7 0.0508 305 597 583 826 7 0.0507 186 219 434 463 9 0.0506 441 208 689 451 5 0.0505 176 217 430 458 3 0.0505 260 344 507 593 6 0.0503 259 280 517 521 5 0.0503 298 591 572 824 7 0.0503 576 143 821 385 3 0.0502 648 268 894 522 11 0.0501 628 142 884 371 11 0.0501 171 154 431 387 11 0.0501 315 411 579 638 3 0.0500 702 144 942 390
FmveCik3MBP1ag5IxeEuuxqaLZWdS3I5,11 0.0630 370 206 626 442 5 0.0621 328 236 694 418 8 0.0616 337 237 691 419 3 0.0594 351 293 709 481 11 0.0593 236 291 494 526 0 0.0589 371 204 622 445 6 0.0576 336 237 701 420 5 0.0575 238 279 488 522 7 0.0569 373 203 626 446 13 0.0565 303 207 560 456 0 0.0562 243 288 492 529 10 0.0562 371 205 623 444 0 0.0554 523 104 763 338 8 0.0552 242 286 485 526 2 0.0547 370 154 624 382 2 0.0545 348 293 711 477 11 0.0536 522 108 765 331 13 0.0535 249 286 495 527 3 0.0526 246 288 489 532 9 0.0523 366 201 622 441 2 0.0523 303 210 552 452 7 0.0520 247 286 494 529 5 0.0516 518 96 762 328 12 0.0511 370 202 625 445 2 0.0507 244 290 492 524 1 0.0505 367 201 622 444 7 0.0503 528 99 768 332
1L6L02sEAfL9w9fLpKEuXNSlEjkzFe3F,11 0.0599 0 407 246 648 5 0.0594 0 404 234 652 0 0.0581 0 407 240 653 8 0.0577 635 273 880 504 8 0.0574 0 402 232 650 3 0.0572 577 329 833 577 13 0.0569 0 405 248 655 7 0.0564 505 348 775 581 0 0.0557 575 333 833 571 6 0.0549 577 330 839 570 11 0.0546 433 351 704 575 5 0.0539 566 325 830 572 13 0.0536 636 273 898 506 13 0.0536 508 347 780 582 3 0.0534 3 402 242 658 11 0.0529 2 609 244 839 11 0.0529 628 340 893 562 0 0.0529 441 346 709 576 11 0.0520 608 397 779 764 7 0.0519 612 396 782 765 6 0.0518 643 401 908 650 0 0.0515 631 273 891 503 3 0.0513 441 348 710 579 6 0.0513 3 405 247 645 0 0.0508 642 406 899 649 10 0.0506 0 411 240 649 2 0.0504 2 409 245 649 2 0.0503 575 337 829 572 8 0.0502 445 344 698 575 10 0.0501 573 335 831 572
jMSSJsg3zBbSj6ukjHRAZGcxzxW7B5Po,11 0.0565 355 723 624 960 0 0.0559 233 787 496 1021 7 0.0554 510 786 759 1023 0 0.0547 299 722 568 961 0 0.0536 316 517 577 766 11 0.0525 233 793 493 1018 8 0.0524 297 724 560 960 11 0.0522 256 514 514 763 7 0.0520 362 720 633 963 6 0.0517 365 723 628 959 11 0.0516 332 397 585 625 11 0.0511 500 792 748 1020 8 0.0509 314 513 567 764 13 0.0509 317 514 587 766 13 0.0507 267 405 526 640 0 0.0507 500 787 756 1023
rZwYsfkRRzoztw6evd5mCIFmwvE5vFRZ,7 0.0675 181 657 438 887 7 0.0648 126 715 366 952 0 0.0628 122 717 366 954 11 0.0623 118 719 365 949 7 0.0614 251 726 503 962 10 0.0610 118 723 364 949 8 0.0602 181 660 423 887 5 0.0588 244 722 497 958 0 0.0588 183 658 436 894 11 0.0583 245 727 501 955 5 0.0581 120 713 363 948 7 0.0581 247 600 498 817 8 0.0576 248 726 494 959 8 0.0571 123 719 360 951 0 0.0571 250 726 502 964 6 0.0568 123 721 369 949 11 0.0559 179 661 433 887 5 0.0549 175 658 433 886 3 0.0546 252 723 501 966 8 0.0542 246 605 482 816 10 0.0539 177 665 435 885 6 0.0539 250 728 503 958 11 0.0535 242 606 491 816 10 0.0534 248 731 502 958 3 0.0530 125 716 366 958 13 0.0524 250 727 509 959 6 0.0518 182 661 442 888 3 0.0518 180 660 435 896 0 0.0516 247 600 493 823 11 0.0511 179 470 447 708 5 0.0504 243 599 489 814 2 0.0502 122 723 366 952
VgXb7xePJNw15sbtdsTT97F4QLKSHfDt,8 0.0577 698 0 952 194 0 0.0565 699 2 967 197 8 0.0562 318 416 582 661 8 0.0557 251 478 500 714 13 0.0548 703 0 972 197 5 0.0533 511 0 877 148 8 0.0531 516 0 869 150 11 0.0520 514 1 886 149 6 0.0516 695 0 971 193 13 0.0512 526 0 894 149 11 0.0502 248 483 511 710 5 0.0501 701 28 1023 214 5 0.0500 373 397 644 630
wzjA33PvHSFPvdSAobZG8PggygXdd4Wj,11 0.0614 318 340 580 578 0 0.0600 247 261 517 503 8 0.0589 440 393 693 635 7 0.0581 322 336 583 582 11 0.0574 244 264 515 500 3 0.0573 327 269 585 512 0 0.0572 443 346 698 581 8 0.0566 244 329 496 571 6 0.0564 448 344 703 580 6 0.0563 321 338 584 583 8 0.0558 244 208 494 440 5 0.0555 295 201 563 435 5 0.0553 290 402 643 594 8 0.0552 329 267 577 506 6 0.0551 250 261 521 504 13 0.0546 244 329 507 573 8 0.0546 318 468 563 714 13 0.0544 330 268 594 511 0 0.0543 319 339 579 580 3 0.0540 379 345 637 586 13 0.0536 443 399 708 637 7 0.0533 385 274 646 511 10 0.0528 239 333 501 571 11 0.0528 379 276 642 509 13 0.0527 242 204 506 441 3 0.0526 245 332 500 575 2 0.0524 241 334 496 574 0 0.0523 380 275 641 512 6 0.0520 384 273 644 514 10 0.0519 356 401 715 591 7 0.0517 251 259 517 502 5 0.0516 307 464 567 714 11 0.0514 235 144 494 369 0 0.0508 242 142 491 376 2 0.0507 440 406 698 637 5 0.0503 233 136 489 370
FNp2ZH36PF3zjNdv0dENnOJoBgDpvEKF,11 0.0587 632 201 884 431 11 0.0568 173 450 445 694 8 0.0562 639 132 865 372 8 0.0554 628 273 868 505 11 0.0553 116 587 374 823 11 0.0546 181 712 444 938 7 0.0537 125 579 374 830 6 0.0533 186 447 443 698 11 0.0527 246 584 515 815 5 0.0526 632 125 874 375 5 0.0521 634 341 884 571 0 0.0514 122 586 377 830 5 0.0514 122 711 379 950 8 0.0512 120 582 367 830 0 0.0512 635 347 883 573 3 0.0511 183 451 438 704 6 0.0511 630 271 879 509 3 0.0508 262 589 509 831 7 0.0508 628 273 883 507 3 0.0506 646 350 888 577 11 0.0504 320 671 571 904 5 0.0503 181 782 434 1001 5 0.0502 184 570 435 818
IojVwIM4LzdKkjXS9yLYtMD0ecqbTnSa,11 0.0597 582 270 822 500 0 0.0556 583 272 816 505 7 0.0537 241 780 499 1012 5 0.0527 315 245 579 494 7 0.0526 588 270 822 502 6 0.0523 306 782 555 1008 8 0.0523 308 780 549 1005 3 0.0522 588 270 818 509 6 0.0521 588 273 823 502 0 0.0518 509 396 761 644 8 0.0518 311 201 565 443 13 0.0515 590 270 824 503 11 0.0514 305 202 575 435 0 0.0512 312 203 570 439 0 0.0511 2 672 248 902 3 0.0511 517 400 765 643 11 0.0511 507 472 766 694 0 0.0511 372 512 624 777 7 0.0508 314 201 574 440 11 0.0508 300 785 556 1004 5 0.0505 580 266 814 497 8 0.0503 174 778 437 1007 10 0.0501 585 273 821 500
n4PKl3V4PDccRmwFWWFfyTWoErzF8bAL,11 0.0547 299 384 568 618 5 0.0542 708 400 957 649 5 0.0537 299 379 565 618 0 0.0529 778 338 1019 590 5 0.0528 353 595 714 795 8 0.0527 645 403 891 641 0 0.0524 641 402 898 643 6 0.0521 786 334 1023 587 11 0.0520 641 403 898 637 5 0.0515 777 337 1020 588 11 0.0514 778 341 1023 586 8 0.0509 779 336 1015 590 10 0.0506 779 344 1023 586 13 0.0506 309 382 576 630 0 0.0505 56 339 323 575 13 0.0505 328 3 598 205 7 0.0504 308 380 570 624 0 0.0503 251 197 506 434 0 0.0502 301 384 569 623
h3Hs5uTyGC7qbRUYO78RyODDK1hbzlC4,11 0.0648 0 541 252 785 0 0.0622 3 610 259 858 5 0.0618 0 403 242 647 11 0.0615 0 411 248 646 5 0.0586 0 603 319 786 7 0.0576 7 609 261 854 3 0.0566 3 403 248 655 6 0.0561 468 483 838 656 10 0.0559 4 542 254 789 8 0.0559 1 537 246 792 13 0.0557 2 542 255 790 7 0.0556 0 409 248 651 8 0.0552 0 401 242 648 7 0.0549 257 784 509 1023 10 0.0546 0 413 251 647 0 0.0545 0 544 320 729 6 0.0543 4 408 250 646 0 0.0541 0 407 246 649 0 0.0540 395 186 650 422 6 0.0535 3 547 257 789 7 0.0529 577 397 827 645 5 0.0528 457 478 816 654 11 0.0526 457 482 822 656 11 0.0526 392 192 654 420 0 0.0523 453 483 820 658 2 0.0522 0 414 248 650 5 0.0519 251 779 499 1017 13 0.0516 0 410 254 649 3 0.0515 12 608 261 860 13 0.0513 465 482 835 655 11 0.0512 256 786 505 1021 8 0.0510 398 187 646 421 2 0.0510 1 548 255 791 0 0.0509 255 787 507 1023 5 0.0508 388 184 647 413 10 0.0506 77 607 326 840 13 0.0506 261 785 511 1023 5 0.0503 96 471 381 704 8 0.0503 259 781 498 1023 3 0.0503 400 186 652 427
I1zdXcpE1LWQcSkvPe2b4RIChiB98uDK,7 0.0653 198 714 444 962 5 0.0641 191 787 432 1020 8 0.0627 195 785 430 1023 6 0.0605 197 792 436 1023 5 0.0597 262 717 506 967 7 0.0595 264 787 504 1023 11 0.0593 192 789 434 1019 0 0.0591 194 656 444 907 11 0.0589 192 661 443 899 0 0.0587 636 17 873 251 13 0.0579 268 791 504 1023 11 0.0578 265 723 510 966 11 0.0576 324 797 563 1020 10 0.0573 193 794 435 1022 0 0.0572 196 787 433 1023 5 0.0566 188 659 440 900 8 0.0564 265 720 506 971 0 0.0564 267 719 513 974 10 0.0564 190 666 444 902 8 0.0560 638 14 868 248 5 0.0559 634 13 873 250 6 0.0558 267 723 515 971 8 0.0556 327 790 558 1023 8 0.0555 192 659 435 901 6 0.0552 325 799 567 1023 10 0.0547 262 727 512 968 2 0.0540 194 791 435 1023 3 0.0535 197 787 435 1023 10 0.0535 634 17 878 249 13 0.0529 199 716 452 961 9 0.0528 193 790 434 1022 13 0.0526 640 17 884 252 3 0.0524 268 721 512 974 3 0.0521 640 15 881 253 3 0.0510 193 659 441 907 6 0.0510 194 661 446 901 6 0.0509 637 18 879 250 10 0.0503 323 798 562 1021 2 0.0501 636 21 877 250 7 0.0500 639 15 881 250
1b5SEsRwETbeH5qf4INcuclj9zeq0RI7,11 0.0522 299 715 568 936 11 0.0522 390 662 638 894 5 0.0512 372 529 633 756 8 0.0502 396 652 629 898 0 0.0502 388 592 634 833
spshFz93oT08GsXakODUlaRR6Jw9PV8D,8 0.0656 182 396 427 636 5 0.0651 245 388 507 630 5 0.0622 268 349 645 532 7 0.0621 244 325 504 561 7 0.0617 186 398 435 630 11 0.0609 177 334 435 565 8 0.0603 241 328 494 561 0 0.0603 187 398 435 634 5 0.0595 172 330 429 563 6 0.0589 183 398 439 633 11 0.0584 264 353 650 532 11 0.0583 568 397 825 624 7 0.0579 525 455 775 698 5 0.0577 581 333 829 570 8 0.0577 583 337 826 573 8 0.0577 284 415 633 597 5 0.0576 570 455 817 700 13 0.0569 189 399 440 634 11 0.0569 462 459 721 689 0 0.0565 367 327 636 564 11 0.0565 245 395 510 626 0 0.0562 572 531 821 769 11 0.0558 630 341 895 573 6 0.0557 247 328 505 560 7 0.0555 319 375 586 621 8 0.0554 515 460 767 705 3 0.0552 180 401 435 638 5 0.0552 185 459 439 709 11 0.0549 640 612 901 842 3 0.0548 236 332 502 568 3 0.0547 440 338 709 578 8 0.0546 446 394 707 625 7 0.0545 451 390 716 623 11 0.0544 190 466 445 705 10 0.0544 239 334 503 560 5 0.0540 640 606 894 851 7 0.0538 308 260 574 506 11 0.0538 574 529 819 758 0 0.0537 641 616 900 853 2 0.0536 575 465 825 703 10 0.0536 522 463 773 699 0 0.0534 635 342 895 575 6 0.0532 513 394 766 627 13 0.0531 588 342 838 573 0 0.0529 245 328 502 564 0 0.0528 443 400 711 623 0 0.0523 571 399 822 628 6 0.0521 320 377 586 618 2 0.0520 508 404 761 626 3 0.0520 577 460 821 708 5 0.0519 632 263 887 501 11 0.0519 242 264 505 494 13 0.0516 646 619 909 848 5 0.0515 508 522 755 758 13 0.0515 283 417 656 601 6 0.0514 580 459 828 702 10 0.0511 179 405 436 630 7 0.0510 641 616 903 850 10 0.0509 447 398 719 623 8 0.0508 643 612 893 850 7 0.0508 635 338 899 575 9 0.0508 501 394 766 620 13 0.0506 244 330 508 563 10 0.0503 639 619 900 847 10 0.0502 572 402 826 625 11 0.0502 698 276 941 506 8 0.0502 305 265 562 502 3 0.0500 320 377 585 624 2 0.0500 435 349 705 567
ENjb6QGhaORTkpqb5pMM98rdZJm5Nlkr,8 0.0559 513 276 757 494 7 0.0546 185 663 438 896 8 0.0541 183 596 423 831 11 0.0537 182 598 428 833 11 0.0523 187 737 435 961 0 0.0520 185 595 433 837 6 0.0514 187 596 436 834 5 0.0512 177 657 428 894 11 0.0505 238 401 512 627 11 0.0504 509 278 770 491 11 0.0502 242 804 492 1023
xAEsoxaJ2Pmd6U43NaNYZclOQNEXpHjc,7 0.0611 492 787 745 1021 11 0.0606 351 354 716 537 5 0.0593 484 784 732 1017 3 0.0585 369 352 711 541 11 0.0583 328 274 582 497 8 0.0581 341 338 573 568 0 0.0567 357 354 717 535 11 0.0567 318 391 571 638 11 0.0565 317 601 584 830 11 0.0562 387 471 647 707 8 0.0559 364 285 701 464 0 0.0554 489 790 738 1023 5 0.0546 426 349 761 532 11 0.0538 488 792 734 1018 7 0.0537 332 269 584 495 3 0.0527 495 788 740 1023 13 0.0526 494 792 744 1023 3 0.0521 317 604 585 840 8 0.0517 319 602 571 832 5 0.0515 312 594 574 833 5 0.0513 333 338 575 562 5 0.0512 352 285 707 461 0 0.0512 327 272 582 495 8 0.0512 495 786 730 1023 5 0.0512 355 418 710 599 6 0.0511 343 339 586 566 7 0.0507 363 420 724 606 10 0.0503 341 346 584 568 6 0.0501 496 791 742 1023
wuDFdz7qmveQgrqEo06aD9J8cAUTVW5U,11 0.0629 381 523 634 756 0 0.0628 451 528 709 769 5 0.0625 314 516 557 746 8 0.0614 278 488 618 667 0 0.0614 309 410 565 642 7 0.0610 387 523 636 759 8 0.0600 384 574 627 818 11 0.0597 314 467 560 699 5 0.0593 307 406 561 638 8 0.0586 250 400 497 625 11 0.0583 440 586 706 823 5 0.0573 381 573 632 819 0 0.0571 311 518 563 753 7 0.0565 448 584 710 828 13 0.0561 315 520 566 753 11 0.0554 310 585 565 818 6 0.0550 384 524 640 756 7 0.0550 380 654 641 894 8 0.0547 454 530 701 763 3 0.0546 451 532 710 771 7 0.0545 312 410 565 643 6 0.0543 315 470 565 697 10 0.0542 278 491 624 671 11 0.0540 245 403 502 623 13 0.0535 455 530 711 769 7 0.0529 317 585 565 824 8 0.0526 439 653 690 889 2 0.0522 312 416 565 643 13 0.0518 388 578 638 825 6 0.0518 312 586 567 820 10 0.0508 438 585 704 830 13 0.0507 248 461 506 694 11 0.0507 371 656 637 893 9 0.0504 283 490 627 666
GfppFWOxLwc9LVq45RE716kwjngf8B9f,11 0.0610 622 454 869 685 11 0.0610 572 327 827 569 0 0.0580 635 324 869 562 11 0.0578 388 397 646 627 5 0.0577 621 451 866 685 11 0.0577 500 387 766 626 8 0.0575 499 382 755 631 2 0.0573 447 400 711 639 0 0.0568 513 332 771 570 5 0.0559 252 334 502 574 0 0.0549 626 456 866 687 11 0.0545 449 458 705 701 11 0.0545 377 276 642 493 0 0.0545 501 459 753 705 5 0.0542 374 271 631 497 5 0.0539 561 380 811 628 8 0.0536 560 450 804 698 6 0.0536 635 383 868 614 6 0.0534 450 396 709 636 8 0.0531 388 391 634 633 2 0.0530 391 337 644 559 3 0.0528 519 330 774 575 5 0.0524 446 329 708 565 13 0.0521 565 453 817 697 3 0.0521 508 453 756 708 11 0.0520 262 540 649 725 13 0.0519 520 330 778 568 8 0.0516 123 540 373 778 2 0.0516 513 335 775 566 11 0.0515 687 404 933 629 5 0.0515 120 539 373 772 0 0.0514 266 270 509 508 6 0.0514 390 329 651 557 7 0.0514 461 335 716 567 11 0.0512 120 545 384 778 7 0.0509 129 542 379 780 0 0.0507 331 395 582 653 8 0.0507 577 325 819 573 13 0.0506 129 546 386 780 5 0.0506 689 400 929 629 7 0.0505 512 458 759 701 8 0.0505 452 454 693 701 0 0.0504 387 332 646 560 0 0.0503 513 218 773 451 3 0.0502 630 455 869 693
lG1nigpPHFNWNMFyQxun8NuWoRPuQC2Z,11 0.0629 382 411 644 644 0 0.0608 384 353 640 586 11 0.0606 316 466 571 697 5 0.0592 385 410 641 646 10 0.0567 386 418 645 649 11 0.0565 391 522 642 753 0 0.0564 319 468 574 703 0 0.0561 518 281 751 513 3 0.0555 388 353 636 589 7 0.0553 195 138 448 378 11 0.0550 186 143 447 375 13 0.0549 393 472 644 705 8 0.0548 383 350 633 584 8 0.0547 320 467 566 702 6 0.0545 386 354 644 584 11 0.0544 243 522 509 762 11 0.0536 371 659 640 883 5 0.0536 115 135 365 378 7 0.0533 386 351 640 588 3 0.0533 120 142 373 389 8 0.0532 373 656 631 889 8 0.0531 119 142 362 380 8 0.0531 249 520 501 761 10 0.0525 319 472 570 700 0 0.0524 189 139 446 380 11 0.0523 326 581 579 820 0 0.0521 248 521 510 767 0 0.0520 375 658 642 887 2 0.0519 320 468 571 699 5 0.0519 515 277 747 506 7 0.0516 324 464 575 701 0 0.0515 178 463 437 695 13 0.0514 391 580 647 815 5 0.0514 317 462 568 697 2 0.0513 391 415 644 645 0 0.0510 330 582 579 828 8 0.0510 328 583 571 825 8 0.0506 394 524 637 759 0 0.0506 394 522 643 760 11 0.0502 247 649 507 882 3 0.0502 378 657 641 892 7 0.0502 333 581 582 821 13 0.0501 389 349 644 585
8LJDcKO4NN0oluxVCLXrb3lAkudT7g0F,11 0.0704 124 805 368 1018 8 0.0699 5 772 244 1006 0 0.0656 1 773 251 1008 8 0.0629 130 798 363 1019 11 0.0622 58 671 298 908 6 0.0607 5 775 253 1007 0 0.0601 123 800 369 1022 7 0.0594 7 773 254 1004 1 0.0593 0 769 247 1009 3 0.0591 5 773 250 1010 5 0.0590 1 773 247 1007 0 0.0587 54 668 298 912 6 0.0583 128 806 374 1019 7 0.0582 129 799 371 1023 8 0.0581 502 448 748 686 6 0.0576 62 674 304 907 11 0.0574 555 732 812 947 5 0.0569 122 798 366 1020 8 0.0568 55 665 294 910 10 0.0567 2 773 247 1007 13 0.0564 4 775 256 1009 11 0.0558 0 356 250 581 11 0.0555 495 453 758 687 5 0.0552 548 722 809 950 0 0.0546 2 358 245 588 5 0.0546 430 792 685 1022 11 0.0543 436 807 688 1019 3 0.0535 129 801 370 1023 7 0.0534 500 453 760 689 8 0.0532 499 205 750 449 13 0.0530 124 803 374 1022 5 0.0527 49 666 295 911 13 0.0524 503 205 765 450 10 0.0521 73 614 312 852 11 0.0518 495 208 761 449 7 0.0516 1 353 245 588 13 0.0516 504 456 768 688 7 0.0513 502 601 765 822 11 0.0513 557 539 822 754 1 0.0512 122 794 368 1021 8 0.0512 0 349 239 584 11 0.0512 616 679 879 894 10 0.0511 500 212 761 450 10 0.0510 126 805 368 1020 7 0.0510 566 729 818 952 5 0.0510 488 205 751 445 12 0.0508 6 776 252 1007 11 0.0508 56 0 326 201 11 0.0508 490 675 752 889 0 0.0508 64 1 327 205 6 0.0506 502 451 759 684 5 0.0506 0 348 242 582 11 0.0504 113 616 375 846 5 0.0503 492 451 750 682 7 0.0503 504 209 762 451 0 0.0502 500 449 757 689 3 0.0502 504 453 753 695 7 0.0501 445 804 696 1023
gFW9wzepTeCPolBPQOINLGPWJS9FmqFf,5 0.0612 764 0 1006 245 0 0.0594 762 4 1008 250 11 0.0566 760 5 1011 241 8 0.0547 765 2 1003 243 8 0.0537 105 521 376 745 10 0.0527 761 8 1008 243 6 0.0525 765 5 1013 245 13 0.0522 692 11 940 235 3 0.0514 688 10 931 239 11 0.0512 104 526 385 736 5 0.0506 164 513 440 729 8 0.0506 261 668 504 890 7 0.0503 688 9 938 234 10 0.0503 255 677 512 888
q2BCVlYDnwGEI9b34VhNFQFliydj9NrM,0 0.0692 258 611 632 792 5 0.0675 191 607 565 787 7 0.0672 197 608 569 788 11 0.0666 253 614 626 791 0 0.0661 436 589 695 837 8 0.0643 259 612 625 790 0 0.0641 9 601 369 792 11 0.0640 433 595 692 832 10 0.0638 255 614 628 789 8 0.0632 438 590 690 832 3 0.0623 197 611 570 791 8 0.0622 12 599 365 790 6 0.0621 320 615 693 792 10 0.0618 434 592 691 832 13 0.0612 17 601 376 790 10 0.0602 9 605 374 789 13 0.0598 199 608 573 788 5 0.0593 8 601 364 789 7 0.0591 16 602 375 791 11 0.0586 9 603 374 789 2 0.0585 259 615 630 790 9 0.0570 318 616 691 790 12 0.0569 325 612 692 793 6 0.0569 13 604 373 791 2 0.0559 10 603 373 792 4 0.0558 324 615 697 792 3 0.0555 14 603 376 795 2 0.0555 437 596 692 834 9 0.0553 8 601 373 789 1 0.0552 318 613 693 793 12 0.0527 14 601 370 793 1 0.0513 5 598 368 790
BUHnoitCIPcr5mFFbUKjOsYyBrZWhGZq,5 0.0643 439 795 684 1020 11 0.0622 308 802 568 1022 11 0.0582 445 798 691 1017 7 0.0574 383 527 636 763 8 0.0571 310 800 558 1023 7 0.0569 306 463 565 709 5 0.0549 380 460 634 704 6 0.0546 388 793 634 1018 7 0.0544 310 801 565 1021 8 0.0540 445 792 681 1023 5 0.0537 301 796 558 1018 13 0.0536 313 800 570 1023 11 0.0533 379 468 641 705 5 0.0530 374 742 618 970 13 0.0522 2 31 249 266 6 0.0521 385 469 648 706 0 0.0520 380 465 637 707 8 0.0520 450 468 696 708 3 0.0517 451 796 686 1023 0 0.0516 302 797 566 1023 8 0.0508 1 22 227 267 7 0.0502 451 795 694 1023
73wZY7ybHAjELnBqcvedTIG4cHyLzqpc,0 0.0650 318 213 571 451 11 0.0576 316 215 575 446 8 0.0566 323 216 566 448 7 0.0565 322 214 574 452 5 0.0555 312 210 568 450 13 0.0553 318 216 580 452 6 0.0542 320 216 579 449 11 0.0527 308 332 567 560 10 0.0521 318 217 572 453 11 0.0521 373 272 640 508 3 0.0519 323 215 574 455 0 0.0518 310 328 567 565 5 0.0509 304 322 560 562 13 0.0508 315 329 573 565 7 0.0507 314 326 568 565
lpGkLGD5ZQFUib6S64L553AN0i9RacV2,11 0.0591 320 601 579 832 8 0.0547 322 601 571 838 0 0.0543 383 607 642 848 7 0.0539 335 537 591 774 5 0.0534 322 530 584 774 11 0.0520 251 531 522 762 2 0.0516 329 541 591 779 5 0.0512 380 604 636 843 0 0.0509 325 535 589 780 5 0.0509 261 594 514 828
xEgumxDSRFzjH31HDks3XAeRdSY4a5ZI,0 0.0660 186 704 430 952 7 0.0659 119 657 375 898 8 0.0655 181 793 414 1023 10 0.0633 114 665 371 893 8 0.0623 118 659 365 897 5 0.0617 180 703 423 948 11 0.0603 117 661 373 894 7 0.0593 177 795 423 1023 6 0.0580 188 709 433 951 11 0.0566 176 799 420 1020 3 0.0555 188 705 430 952 13 0.0533 180 798 427 1023 11 0.0532 238 325 499 569 11 0.0529 122 283 388 507 13 0.0517 123 659 381 898 1 0.0516 185 702 427 949 7 0.0516 314 319 580 562 0 0.0510 312 324 579 565 12 0.0508 190 705 430 949 11 0.0507 773 226 1023 460 0 0.0506 128 284 381 511
q3rFskrjdJh244TScOvWcZDtkYAvj0me,11 0.0631 373 272 635 496 11 0.0616 326 364 701 541 8 0.0606 382 337 630 569 5 0.0602 370 267 627 496 0 0.0600 442 268 696 505 5 0.0596 377 396 634 638 0 0.0588 502 327 760 566 5 0.0585 320 358 692 540 3 0.0585 335 363 701 544 7 0.0578 241 649 501 898 7 0.0576 331 361 703 543 5 0.0573 235 644 496 893 0 0.0569 573 267 815 503 3 0.0568 378 269 631 504 0 0.0568 383 465 641 713 0 0.0567 377 202 632 436 6 0.0566 337 359 705 541 8 0.0566 243 648 496 894 0 0.0563 377 342 637 570 11 0.0562 381 402 639 637 8 0.0561 447 391 701 638 11 0.0560 443 204 693 433 6 0.0558 244 648 508 896 5 0.0557 500 323 755 563 11 0.0557 504 330 766 561 0 0.0556 319 642 580 899 0 0.0553 115 351 370 589 8 0.0552 508 325 753 564 11 0.0551 239 652 501 893 3 0.0545 388 404 639 645 8 0.0544 448 267 691 504 6 0.0543 380 264 637 501 7 0.0543 510 326 765 566 3 0.0540 511 331 762 569 0 0.0539 394 584 644 838 13 0.0535 334 364 708 540 2 0.0534 329 365 697 541 11 0.0533 445 455 711 700 6 0.0532 385 401 642 639 0 0.0530 510 205 754 446 5 0.0530 567 266 813 502 7 0.0530 386 401 641 640 8 0.0528 385 459 632 711 5 0.0527 440 197 684 431 5 0.0520 380 520 639 766 7 0.0518 448 199 692 436 8 0.0518 382 650 633 892 13 0.0517 381 270 640 501 0 0.0516 444 396 708 643 8 0.0514 383 203 625 433 13 0.0512 509 328 769 565 10 0.0511 376 272 634 496 11 0.0511 114 351 372 582 6 0.0510 510 326 765 564 6 0.0508 450 199 692 434 0 0.0506 449 139 703 380 10 0.0506 329 364 701 541 8 0.0504 112 347 365 585
GP56Y2hIzgu1aLy6PxHDEk6gUgSGcDWo,7 0.0626 514 791 760 1021 5 0.0611 510 789 751 1019 8 0.0581 514 789 750 1023 0 0.0577 509 792 756 1023 11 0.0575 511 789 757 1017 7 0.0574 444 725 697 969 13 0.0562 445 728 700 971 13 0.0548 517 795 761 1023 11 0.0547 437 725 694 966 6 0.0543 517 796 759 1023 5 0.0542 438 723 688 966 0 0.0536 268 663 642 851 11 0.0536 268 663 634 846 10 0.0535 513 791 755 1021 0 0.0531 440 723 694 971 8 0.0528 443 724 687 970 7 0.0524 275 661 643 846 2 0.0524 512 793 758 1022 3 0.0524 515 793 756 1023 6 0.0522 443 728 697 972 8 0.0520 272 663 618 846 7 0.0519 325 724 577 963 11 0.0515 259 723 494 960 11 0.0513 127 340 374 565
BlL3GrBiJVZr5P14ZeFzsX7VxWdcPzLK,11 0.0593 588 2 944 155 11 0.0552 576 353 833 585 11 0.0548 385 345 645 561 2 0.0547 593 2 947 156 11 0.0532 440 410 689 634 7 0.0527 593 2 953 153 0 0.0523 582 0 944 156 0 0.0519 576 352 833 592 5 0.0513 568 342 827 586 7 0.0513 444 348 698 579 3 0.0510 594 0 945 158 0 0.0509 440 350 693 580 5 0.0506 576 0 941 152 8 0.0502 584 0 935 154 8 0.0501 386 343 638 562
E18p84mxO0qBfvV8P41sFn0lYC41VImp,11 0.0603 446 410 709 640 0 0.0602 574 223 837 456 11 0.0601 592 473 959 661 7 0.0595 499 342 750 571 5 0.0589 593 468 952 658 8 0.0577 576 218 824 455 6 0.0566 606 473 966 661 0 0.0565 495 349 743 576 5 0.0559 452 463 709 708 3 0.0556 450 407 713 648 5 0.0553 572 219 828 452 5 0.0551 747 328 1012 564 0 0.0551 601 470 957 660 11 0.0549 376 544 725 721 11 0.0548 747 332 1015 569 7 0.0546 460 467 717 704 11 0.0545 577 225 833 451 5 0.0545 490 338 741 568 8 0.0545 599 470 947 659 8 0.0542 447 407 702 640 0 0.0539 460 472 711 706 8 0.0537 572 72 819 313 13 0.0537 603 474 972 663 10 0.0536 498 348 747 573 3 0.0534 604 476 957 666 3 0.0532 573 74 830 319 6 0.0528 581 222 835 455 7 0.0526 602 472 965 663 8 0.0526 755 329 1008 571 11 0.0521 566 76 831 312 13 0.0520 319 2 586 203 6 0.0520 445 411 715 642 7 0.0518 755 329 1023 572 10 0.0516 599 476 957 661 11 0.0515 438 602 701 838 6 0.0508 760 330 1021 564 2 0.0507 602 476 956 664 11 0.0503 310 422 585 646 8 0.0503 372 351 626 581 3 0.0503 753 334 1013 575 11 0.0502 240 482 500 709 8 0.0502 376 538 708 721 5 0.0501 568 71 825 310 3 0.0500 582 222 834 461
NGCUWmVqbllZeS4VYMIYB9LExIKijUkw,0 0.0674 180 604 440 841 8 0.0667 74 683 419 858 11 0.0666 140 680 496 852 0 0.0642 123 535 381 773 5 0.0637 113 646 364 884 7 0.0632 116 599 386 828 7 0.0624 183 655 437 896 10 0.0623 113 606 382 825 8 0.0615 178 544 428 775 11 0.0605 699 0 959 201 8 0.0601 211 678 555 841 3 0.0588 117 649 367 890 6 0.0585 178 608 444 834 11 0.0583 178 544 436 777 5 0.0574 176 541 432 776 8 0.0558 66 548 302 764 12 0.0553 180 602 442 838 8 0.0552 708 0 948 207 0 0.0550 249 536 506 776 13 0.0534 216 676 571 844 13 0.0530 706 2 960 209 1 0.0523 64 677 432 857 6 0.0521 123 542 384 766 0 0.0521 706 0 953 211 3 0.0517 180 543 436 784 13 0.0515 117 600 389 828 6 0.0506 249 543 507 766 6 0.0502 705 0 959 209
T3ltJKM6tjzISUx6kvKsz36RdFq56AtN,13 0.0603 504 585 758 824 5 0.0587 497 579 750 825 0 0.0586 578 409 822 643 0 0.0584 501 585 754 830 7 0.0582 503 587 757 827 3 0.0581 504 587 753 832 5 0.0580 575 400 818 642 8 0.0576 499 581 750 828 7 0.0572 425 421 781 606 11 0.0570 499 585 756 819 6 0.0559 432 357 790 540 0 0.0558 429 355 783 540 11 0.0555 576 409 824 637 8 0.0553 418 421 769 605 5 0.0550 424 349 780 539 5 0.0550 371 400 624 649 6 0.0546 585 410 823 640 10 0.0544 502 586 753 826 11 0.0543 430 355 789 538 13 0.0541 421 423 784 604 5 0.0540 373 280 651 511 8 0.0536 576 280 830 502 6 0.0535 483 607 852 793 8 0.0526 376 286 650 510 13 0.0522 366 594 627 834 8 0.0518 364 590 613 835 3 0.0517 583 407 825 652 5 0.0516 570 278 832 500 2 0.0512 503 587 754 822 0 0.0512 375 404 628 649 0 0.0510 576 290 836 504 9 0.0508 501 585 756 821 11 0.0508 379 286 657 508 7 0.0507 383 281 663 516 6 0.0507 381 291 663 510 10 0.0500 413 424 773 606
wQ3BTt5I3huUhJNaHPPPdmGEvw3V6yiv,5 0.0638 431 729 682 961 8 0.0611 436 729 678 963 7 0.0598 437 735 689 965 0 0.0597 432 729 689 967 11 0.0591 431 736 684 962 3 0.0568 439 731 685 966 10 0.0564 432 734 683 963 2 0.0554 437 735 689 965 11 0.0553 315 330 573 563 5 0.0549 313 322 569 560 13 0.0540 327 328 579 563 0 0.0534 323 326 571 567 3 0.0532 384 269 628 518 6 0.0530 438 735 689 962 13 0.0529 441 734 693 964 8 0.0522 321 329 562 563 10 0.0521 321 331 570 561 7 0.0517 319 276 572 502 6 0.0507 325 328 576 564
2ssd8IGet6M6D3nLXZEGXG2WcN7sDkRJ,0 0.0616 430 593 681 828 0 0.0600 318 589 569 833 11 0.0584 428 595 683 821 8 0.0566 310 647 558 897 11 0.0559 314 594 566 828 7 0.0538 432 594 684 825 5 0.0533 426 591 678 825 10 0.0530 308 650 566 899 8 0.0529 428 592 672 825 3 0.0526 430 594 682 830 5 0.0523 308 645 558 900 10 0.0521 427 597 678 822 7 0.0520 314 648 567 902 13 0.0518 435 596 687 828 6 0.0514 431 595 683 826 11 0.0513 180 229 460 434 6 0.0501 311 651 569 901
YR5APG1H71bfXUyYViLfeDpLv6700zaJ,5 0.0570 324 650 587 886 6 0.0563 392 480 640 722 13 0.0557 389 481 643 723 0 0.0544 392 407 645 653 11 0.0543 384 486 641 722 0 0.0541 453 285 712 514 11 0.0536 390 595 650 836 5 0.0535 384 406 643 648 5 0.0527 448 277 708 510 3 0.0523 460 284 716 517 7 0.0522 392 483 641 724 6 0.0515 260 655 519 892 0 0.0515 332 650 595 893 13 0.0514 397 593 652 840 8 0.0509 335 654 583 891 6 0.0507 309 539 561 773 3 0.0507 391 479 636 730 8 0.0504 456 280 705 511 3 0.0503 335 654 592 896 6 0.0503 398 589 649 838 11 0.0503 312 147 580 378 5 0.0501 377 126 644 358 7 0.0500 398 593 649 842
U3x67lJud6EynAyXnssR4GKLlh6i2iBt,0 0.0556 0 194 262 446 5 0.0555 1 185 255 447 8 0.0550 0 189 250 446 11 0.0545 0 197 262 441 3 0.0529 8 194 264 451 2 0.0516 1 197 260 451 13 0.0516 6 194 267 451
yCMUmyftc7GsyqcMVvN0c7PrFFBCF432,11 0.0557 179 794 433 1003 7 0.0545 180 790 438 1009 11 0.0524 331 396 579 639 0 0.0517 179 787 437 1012 5 0.0503 503 328 777 578 13 0.0500 186 792 442 1010
o4AWfMPSk688VI1zIbI1YqpqDuRvg4nq,11 0.0628 362 226 639 446 8 0.0606 429 222 683 446 8 0.0564 386 135 631 374 11 0.0556 231 283 498 514 13 0.0555 370 224 644 449 5 0.0553 432 142 696 374 7 0.0549 367 221 639 453 11 0.0548 416 158 777 341 6 0.0546 299 214 565 447 0 0.0545 381 143 636 375 3 0.0541 393 138 637 380 10 0.0538 424 228 692 448 0 0.0537 429 229 688 448 0 0.0535 293 213 560 449 7 0.0532 421 292 692 519 10 0.0525 384 143 640 373 0 0.0521 234 279 494 518 5 0.0517 316 135 568 377 8 0.0516 391 0 638 255 6 0.0516 239 281 497 517 6 0.0515 432 228 689 449 5 0.0515 282 279 557 507 6 0.0508 291 345 564 579 0 0.0505 352 302 638 527 3 0.0505 426 294 688 520 6 0.0504 387 140 643 373 2 0.0502 441 153 701 376
ValC8sVq0LuhUJ24G4K6fwM1CUiXNxna,8 0.0620 264 144 499 386 11 0.0606 383 216 632 454 8 0.0601 386 149 634 398 11 0.0592 321 150 575 382 0 0.0562 381 211 632 457 11 0.0559 440 337 702 576 0 0.0558 263 145 508 386 3 0.0554 390 150 641 403 0 0.0553 448 153 711 391 11 0.0550 262 210 505 443 5 0.0550 317 144 565 378 6 0.0545 388 150 648 394 3 0.0540 325 202 560 443 11 0.0539 190 155 443 386 5 0.0538 434 396 688 635 0 0.0534 379 329 626 576 7 0.0530 447 394 694 643 13 0.0525 385 210 638 455 0 0.0525 515 278 777 511 8 0.0523 439 331 687 578 8 0.0522 381 267 619 516 13 0.0521 380 330 633 572 11 0.0521 517 284 775 511 11 0.0521 451 153 712 389 8 0.0521 202 210 435 453 6 0.0519 446 88 703 317 3 0.0515 386 327 628 579 5 0.0513 447 147 707 384 7 0.0511 324 145 575 385 13 0.0510 268 208 511 450 0 0.0509 440 399 694 643 11 0.0509 513 462 765 689 0 0.0507 199 83 438 327 0 0.0507 118 473 376 722 13 0.0505 326 147 581 385 5 0.0504 374 208 626 450 5 0.0502 506 452 763 695 6 0.0502 384 272 633 511 8 0.0501 513 455 755 694
4CiSCzJPb88bgM7MnV2sm8jKXjpg1TqQ,6 0.0595 236 403 499 634 0 0.0594 235 402 497 643 11 0.0594 231 407 495 638 8 0.0583 240 403 489 635 5 0.0569 221 467 481 704 7 0.0563 505 464 769 707 3 0.0555 239 403 492 642 8 0.0554 380 348 633 573 11 0.0551 374 349 644 577 5 0.0550 367 341 635 572 3 0.0549 508 465 763 711 0 0.0544 497 391 752 628 5 0.0541 754 543 1012 781 7 0.0537 236 400 496 640 5 0.0535 491 384 752 626 3 0.0534 382 346 640 584 11 0.0534 383 212 649 441 6 0.0530 507 465 768 706 0 0.0528 235 605 489 836 8 0.0527 497 389 748 626 11 0.0527 495 392 758 628 13 0.0526 237 404 500 640 6 0.0517 378 343 644 577 10 0.0516 234 409 495 635 7 0.0513 380 347 646 578 2 0.0509 225 475 478 707 0 0.0508 377 348 640 579 10 0.0503 500 467 765 703
ebV9HIzHxMivV8waolS85Sg1Ci5aIyQX,5 0.0654 237 460 483 694 11 0.0598 238 464 485 694 0 0.0596 176 464 420 698 5 0.0595 124 452 371 700 7 0.0592 186 401 430 649 0 0.0591 254 344 502 583 5 0.0590 306 396 574 648 8 0.0575 182 401 424 653 11 0.0574 250 348 504 578 6 0.0573 244 467 490 698 11 0.0569 183 283 438 514 5 0.0566 242 340 501 581 3 0.0566 252 407 499 653 0 0.0565 315 401 578 651 13 0.0562 130 405 377 654 3 0.0559 127 402 374 659 6 0.0558 318 399 579 648 0 0.0557 187 285 434 519 5 0.0556 110 343 377 583 11 0.0552 118 457 379 697 8 0.0551 186 280 428 517 13 0.0551 185 342 439 585 5 0.0547 180 279 431 517 11 0.0546 316 402 576 646 8 0.0536 253 346 492 581 6 0.0536 252 345 506 582 7 0.0535 257 342 506 584 13 0.0534 258 407 504 646 6 0.0527 131 455 383 701 7 0.0526 192 279 439 518 5 0.0525 382 15 635 236 10 0.0517 241 471 486 695 2 0.0515 180 467 425 695 8 0.0511 316 402 567 649 7 0.0510 319 398 580 652 8 0.0510 502 397 748 662 10 0.0509 247 350 500 580 11 0.0509 111 349 385 579 10 0.0504 311 406 576 649 12 0.0503 256 403 500 648 11 0.0501 504 401 759 659
e4RAGqiHLUleyMcO2DfkpiMeX7FZwvEB,5 0.0629 236 318 502 551 7 0.0624 144 869 512 1022 10 0.0617 134 874 504 1023 5 0.0616 139 866 498 1021 8 0.0592 303 328 555 547 7 0.0590 301 327 566 547 8 0.0589 142 870 494 1023 0 0.0586 141 870 502 1023 11 0.0580 140 871 509 1021 0 0.0569 300 328 567 548 8 0.0563 245 385 494 615 3 0.0558 301 331 564 547 11 0.0555 297 196 567 425 11 0.0550 300 332 566 544 6 0.0546 144 873 505 1023 2 0.0538 302 334 564 547 8 0.0537 243 518 485 753 10 0.0532 303 338 565 544 3 0.0531 145 871 503 1023 5 0.0531 249 447 505 683 13 0.0529 245 322 508 556 9 0.0521 138 870 508 1020 0 0.0513 301 195 564 432 8 0.0512 301 196 555 431 7 0.0511 309 190 572 434 0 0.0510 184 464 453 704 0 0.0507 243 384 504 617 2 0.0503 246 392 501 616 13 0.0502 143 872 516 1023
WNnttxgyofEOnYIywylRWQczdFWvUvlM,8 0.0561 47 799 286 1023 8 0.0546 257 0 499 212 5 0.0528 329 28 591 261 8 0.0526 340 27 586 259 0 0.0510 332 33 593 263 0 0.0509 47 805 299 1021 5 0.0505 253 0 506 213
pjuMPtoHtUt9l64uE7iodBX0OjAjm1O6,11 0.0588 527 673 887 855 11 0.0582 573 456 831 691 11 0.0581 472 605 835 790 0 0.0559 457 675 819 854 0 0.0559 566 720 842 969 8 0.0545 460 675 805 852 7 0.0543 578 516 836 758 8 0.0540 576 457 820 696 11 0.0535 563 721 840 960 7 0.0534 538 671 896 856 0 0.0534 570 518 829 762 5 0.0533 562 713 832 963 11 0.0529 439 462 706 704 8 0.0523 362 660 617 890 13 0.0511 463 673 825 854 5 0.0507 393 672 749 852 5 0.0505 569 511 828 759 13 0.0504 193 137 456 382 7 0.0500 362 661 631 890
hu6z9sCbONjovk2s9UoPdudAGw2tjUGH,11 0.0636 506 393 765 623 8 0.0587 512 332 760 567 11 0.0580 447 274 697 503 13 0.0580 450 272 703 506 6 0.0572 515 396 769 627 8 0.0564 445 270 688 510 8 0.0562 495 140 749 378 11 0.0562 328 256 585 502 0 0.0559 444 275 694 510 7 0.0558 452 271 698 507 7 0.0552 515 394 765 629 5 0.0551 504 388 759 628 7 0.0550 337 254 589 501 0 0.0546 508 391 764 627 2 0.0546 450 280 695 508 13 0.0541 333 256 593 506 0 0.0539 440 141 705 365 11 0.0539 439 137 706 362 5 0.0538 326 248 582 502 11 0.0538 507 212 765 438 5 0.0538 443 266 689 505 8 0.0536 117 1 365 207 5 0.0533 43 0 310 209 11 0.0532 315 595 572 826 6 0.0531 54 0 329 209 3 0.0530 333 254 583 505 8 0.0528 576 536 819 757 11 0.0526 72 489 343 720 10 0.0526 449 274 697 513 3 0.0525 453 272 694 514 11 0.0524 121 4 378 204 6 0.0523 317 678 569 904 0 0.0523 316 599 571 829 5 0.0522 506 206 758 438 8 0.0522 321 129 583 352 10 0.0517 331 261 586 504 3 0.0515 590 212 820 461 13 0.0514 517 336 776 562 0 0.0513 50 2 320 216 3 0.0511 519 335 765 573 0 0.0510 324 129 591 355 8 0.0507 328 255 575 504 5 0.0507 316 121 587 356 8 0.0503 71 486 330 722 8 0.0502 582 214 814 454 11 0.0502 572 537 831 756 6 0.0502 565 140 812 380 13 0.0500 512 213 772 441 3 0.0500 499 144 754 383
8qFYZzOr9c1mRgALjEUcFfsTdJqY02JH,0 0.0639 179 528 437 769 11 0.0624 246 619 519 838 7 0.0621 248 472 510 705 8 0.0618 180 393 445 639 10 0.0611 248 619 512 842 11 0.0604 242 339 499 571 13 0.0603 255 611 520 845 6 0.0599 249 331 504 572 13 0.0599 182 398 454 641 13 0.0597 324 674 584 907 0 0.0597 319 600 577 850 7 0.0593 257 618 519 842 8 0.0593 245 474 504 708 3 0.0592 246 472 506 711 13 0.0586 245 474 514 709 5 0.0585 174 465 442 697 8 0.0585 178 527 429 766 5 0.0584 245 610 511 840 0 0.0583 179 394 452 642 13 0.0582 313 329 568 573 7 0.0579 184 529 435 766 5 0.0577 310 672 575 899 8 0.0572 253 615 509 846 8 0.0572 203 0 443 226 8 0.0572 305 393 558 639 10 0.0572 176 538 433 766 5 0.0570 230 397 509 636 11 0.0568 307 270 568 504 7 0.0567 184 393 451 638 8 0.0567 250 334 494 570 0 0.0566 195 0 449 231 6 0.0566 246 470 510 706 7 0.0565 322 531 575 768 7 0.0563 305 392 569 638 13 0.0560 321 527 579 769 0 0.0559 243 469 513 709 0 0.0557 125 466 370 706 13 0.0555 509 350 769 591 7 0.0555 389 613 648 861 3 0.0554 305 390 562 640 0 0.0552 501 349 761 593 5 0.0550 374 609 643 849 2 0.0549 181 398 451 638 8 0.0548 312 265 558 501 5 0.0547 290 209 563 440 7 0.0547 130 458 377 708 11 0.0545 123 468 375 703 6 0.0544 252 616 519 843 5 0.0543 116 531 369 767 2 0.0538 244 477 508 705 3 0.0538 180 396 448 640 0 0.0537 249 332 501 575 6 0.0537 314 264 571 505 10 0.0537 177 403 452 636 5 0.0537 301 323 560 568 10 0.0536 243 340 501 571 7 0.0536 324 681 583 907 11 0.0536 314 680 582 897 5 0.0535 180 268 424 499 8 0.0533 126 462 363 706 6 0.0533 179 529 436 767 12 0.0533 186 468 447 699 5 0.0532 577 343 841 586 13 0.0531 181 528 438 768 13 0.0530 304 219 578 448 2 0.0529 440 405 689 638 11 0.0529 583 405 846 638 3 0.0527 253 614 511 847 7 0.0527 443 400 694 642 3 0.0526 324 527 570 775 6 0.0526 194 272 431 503 5 0.0525 433 395 688 634 0 0.0525 587 406 846 641 6 0.0524 510 348 767 594 11 0.0522 502 347 760 589 11 0.0522 126 343 372 573 8 0.0521 318 738 562 959 7 0.0519 250 333 503 570 8 0.0519 323 526 565 771 5 0.0519 131 0 384 223 13 0.0518 204 1 450 225 6 0.0518 374 460 633 710 6 0.0518 139 0 394 218 11 0.0517 187 278 429 502 8 0.0516 505 347 757 591
S8zgltrNdMGDdWJHJUgvPwyiS7g5Serv,5 0.0503 239 263 489 501 8 0.0501 361 220 686 404
BZynfNoea1B9q4PiAR7aVxIyuZwmlcQz,8 0.0672 128 783 363 1023 11 0.0661 125 787 370 1021 0 0.0648 250 711 499 960 5 0.0646 127 786 367 1021 7 0.0636 130 788 373 1022 11 0.0633 246 716 500 952 7 0.0617 251 714 503 956 5 0.0602 245 712 496 952 8 0.0599 250 711 495 954 6 0.0569 132 793 372 1023 0 0.0569 126 789 368 1022 6 0.0568 316 718 567 957 10 0.0558 247 661 508 900 2 0.0552 130 791 372 1023 10 0.0543 128 791 368 1019 3 0.0541 251 712 499 960 3 0.0541 132 787 368 1023 13 0.0541 131 789 376 1023 13 0.0516 253 711 507 958 9 0.0514 127 788 370 1021 2 0.0512 249 717 498 956
0HZ2VZOURao4ilxaAnANmMVLun3scedE,5 0.0631 172 392 444 634 5 0.0577 167 512 437 765 5 0.0566 633 407 895 647 7 0.0563 177 391 446 639 5 0.0556 122 334 504 517 6 0.0550 182 397 451 638 11 0.0536 266 280 631 463 11 0.0535 618 368 1000 555 11 0.0534 174 396 449 636 8 0.0532 134 407 478 591 0 0.0531 758 357 1021 544 7 0.0529 172 511 447 769 8 0.0528 270 278 616 469 5 0.0521 244 450 503 706 5 0.0519 190 274 570 453 0 0.0518 137 410 492 591 13 0.0510 180 396 452 640 6 0.0504 143 336 516 523 3 0.0503 631 367 997 566 11 0.0502 126 335 515 517 7 0.0501 140 333 508 520 0 0.0500 689 412 950 654
pO3j6K66x9XGJW3Fy0cOcSBQRZ8BlN4B,0 0.0611 467 608 833 792 5 0.0578 521 596 867 785 7 0.0564 478 606 834 792 0 0.0560 500 456 765 703 8 0.0556 472 606 822 790 8 0.0552 395 559 749 735 13 0.0542 498 519 758 756 6 0.0534 473 606 832 793 3 0.0526 500 517 759 761 11 0.0519 469 610 832 789 5 0.0508 410 488 757 663 8 0.0508 501 454 758 698 11 0.0506 392 561 761 731 13 0.0500 431 587 700 839
MgIomxifp2e0KqJ6sgJ1ZK4nJsvSaRfd,14 1.0 0 0 1 1
agutLw4UpYabexv3VrBOBjUmjvgYhiPr,5 0.0623 237 337 500 577 13 0.0605 327 339 585 584 11 0.0598 375 199 635 442 8 0.0591 455 212 703 465 11 0.0589 241 341 500 576 8 0.0586 248 343 498 581 6 0.0585 388 260 636 506 11 0.0581 175 413 443 643 7 0.0581 323 254 578 501 6 0.0580 323 337 577 584 13 0.0578 246 412 509 655 11 0.0578 378 329 635 570 7 0.0577 246 341 503 579 3 0.0577 246 343 504 583 3 0.0576 313 190 563 438 0 0.0576 323 334 580 584 13 0.0576 192 349 444 587 13 0.0574 390 264 643 508 5 0.0573 380 325 627 567 8 0.0573 382 326 628 573 5 0.0571 315 250 570 496 11 0.0568 581 205 828 440 10 0.0564 242 268 500 502 11 0.0564 175 277 441 501 0 0.0563 455 97 700 333 7 0.0558 513 144 758 382 8 0.0554 457 95 694 330 7 0.0550 386 329 638 574 13 0.0548 457 344 713 583 0 0.0547 454 212 704 463 10 0.0546 320 337 579 581 8 0.0545 119 354 362 575 11 0.0543 454 273 710 518 5 0.0543 445 143 693 386 0 0.0543 183 347 438 585 13 0.0541 511 148 763 386 0 0.0540 239 410 503 654 6 0.0538 250 263 502 503 2 0.0535 386 267 633 510 6 0.0534 191 345 439 584 11 0.0534 234 200 497 430 8 0.0534 185 407 435 648 6 0.0530 315 187 562 431 7 0.0529 245 198 498 428 5 0.0529 173 406 434 643 7 0.0526 458 213 707 463 3 0.0525 462 216 706 470 6 0.0524 243 411 504 654 5 0.0524 112 352 368 574 7 0.0524 586 202 832 443 5 0.0523 230 195 486 429 0 0.0522 449 339 706 584 2 0.0522 324 339 576 583 6 0.0521 458 343 713 583 5 0.0517 169 267 433 502 10 0.0516 379 201 632 449 10 0.0514 240 417 501 653 13 0.0513 249 263 509 505 13 0.0512 317 189 570 438 6 0.0510 458 96 705 327 2 0.0509 513 148 759 384 10 0.0507 456 99 704 333 5 0.0507 452 265 700 518 7 0.0504 180 274 439 506 9 0.0504 381 330 632 566 3 0.0504 456 342 708 593 12 0.0503 328 334 578 585 9 0.0503 243 342 502 576 3 0.0502 460 96 702 337 12 0.0502 390 261 632 509 13 0.0500 587 207 835 444
6VzPuG3fGZs14FUtzFUtilxUZzlx5Zrt,11 0.0677 368 587 635 828 11 0.0632 388 471 645 691 0 0.0620 389 464 645 697 8 0.0615 318 527 564 767 5 0.0610 311 466 562 705 11 0.0608 250 468 502 702 3 0.0595 384 527 646 767 5 0.0592 375 518 642 761 11 0.0590 317 413 566 641 3 0.0590 321 414 572 648 8 0.0589 370 587 633 831 11 0.0586 455 533 712 760 7 0.0585 253 526 504 767 7 0.0584 451 585 710 827 8 0.0583 253 461 495 701 6 0.0582 381 530 647 762 7 0.0581 321 348 577 575 6 0.0577 256 530 503 767 0 0.0568 313 583 569 838 10 0.0565 312 482 568 707 13 0.0562 318 529 574 767 6 0.0556 450 590 710 823 7 0.0555 315 585 575 834 8 0.0554 452 529 705 765 8 0.0554 388 468 639 692 5 0.0554 310 579 569 832 5 0.0552 440 584 702 826 3 0.0550 448 590 706 831 0 0.0549 453 529 713 768 6 0.0542 318 481 570 706 2 0.0541 315 483 564 710 2 0.0540 314 590 573 836 6 0.0539 316 589 574 836 10 0.0537 382 531 645 760 8 0.0537 319 411 559 643 13 0.0534 255 466 511 703 1 0.0534 310 581 569 834 7 0.0533 255 402 502 642 2 0.0531 259 410 504 646 3 0.0526 318 590 574 842 3 0.0522 253 467 506 708 10 0.0520 314 591 570 831 7 0.0519 383 523 647 763 1 0.0519 250 521 499 767 10 0.0516 253 536 502 765 13 0.0512 389 468 655 692 0 0.0506 256 397 501 644 7 0.0504 513 530 779 758 11 0.0504 241 353 506 577 0 0.0504 320 350 574 579 0 0.0504 255 525 499 770 12 0.0503 257 466 505 705
VkyNogy6srK7un32rlF0yxi7cFe8rlvn,0 0.0540 259 144 507 371 8 0.0508 176 267 421 512 0 0.0504 438 345 697 578 0 0.0502 178 270 427 509
9WLNNHvSNrnxESrzPM2p0eRmmZF0fsXm,11 0.0644 249 664 502 896 0 0.0637 250 660 503 901 8 0.0625 251 662 498 900 5 0.0604 247 661 499 896 7 0.0598 252 660 505 900 6 0.0577 253 664 504 898 8 0.0573 438 611 694 832 10 0.0570 249 667 498 898 0 0.0561 441 616 707 835 3 0.0542 253 663 502 904 11 0.0535 441 615 707 829 2 0.0531 251 668 503 901 13 0.0526 255 661 507 902 8 0.0525 501 206 745 424 8 0.0520 24 356 378 546 7 0.0519 449 609 714 830 9 0.0505 249 663 503 897 1 0.0501 246 659 503 899
w3EcmeRthsOk6o6AWXjdV4tgcIWJd6ah,8 0.0578 443 794 676 1021 7 0.0567 442 792 690 1023 5 0.0546 438 785 679 1021 11 0.0541 441 796 682 1021 5 0.0540 569 790 810 1018 0 0.0530 442 798 683 1023 0 0.0528 4 340 254 590 0 0.0517 569 794 814 1023 11 0.0511 568 792 814 1012 8 0.0504 574 793 807 1019 3 0.0504 443 797 687 1023 6 0.0501 444 801 687 1022 11 0.0500 66 282 330 506
9K8cBBCWH9g1MWG1l7eZlxyYbTMzYVqJ,7 0.0631 371 327 633 564 8 0.0618 630 88 870 327 3 0.0612 364 395 633 632 8 0.0603 182 408 416 653 7 0.0594 307 398 579 634 8 0.0583 502 152 743 391 5 0.0582 297 393 569 632 5 0.0582 360 324 622 563 11 0.0582 362 332 628 560 0 0.0574 579 38 821 265 8 0.0574 338 0 681 151 11 0.0572 566 152 818 391 13 0.0570 370 724 643 958 6 0.0568 441 149 693 378 8 0.0566 367 725 626 956 7 0.0563 337 0 711 152 11 0.0561 424 90 682 315 7 0.0561 440 143 697 380 0 0.0560 331 2 696 153 11 0.0559 227 406 502 635 6 0.0559 366 333 630 565 8 0.0559 427 91 673 317 10 0.0558 498 157 748 390 13 0.0558 369 393 644 630 0 0.0556 566 152 820 394 8 0.0555 365 330 620 564 11 0.0551 364 727 633 952 5 0.0551 324 0 693 152 3 0.0549 410 1 752 156 3 0.0546 439 147 692 386 5 0.0545 495 147 745 387 0 0.0545 493 793 752 1023 10 0.0544 300 339 570 568 5 0.0544 173 406 424 646 0 0.0544 496 88 750 326 7 0.0540 571 152 822 395 8 0.0538 493 716 756 948 0 0.0538 624 220 900 460 8 0.0537 257 0 501 202 11 0.0537 574 35 818 263 10 0.0536 566 90 818 330 0 0.0534 348 427 706 600 8 0.0534 307 403 564 633 11 0.0534 494 722 765 945 7 0.0531 500 717 774 949 6 0.0530 307 400 577 634 3 0.0530 297 339 567 571 11 0.0530 408 21 769 210 3 0.0530 574 152 815 397 11 0.0529 557 804 818 1023 2 0.0529 502 154 749 387 0 0.0529 250 0 509 202 8 0.0528 239 344 488 570 11 0.0526 245 0 507 205 6 0.0525 416 21 774 209 11 0.0524 304 266 564 494 13 0.0522 240 403 508 642 5 0.0521 627 147 880 401 13 0.0519 304 335 576 570 8 0.0518 129 572 369 820 3 0.0517 309 462 569 707 6 0.0517 368 725 635 954 5 0.0516 564 87 812 330 7 0.0515 368 725 640 956 10 0.0515 233 409 499 638 11 0.0515 359 460 630 692 11 0.0514 621 220 901 456 7 0.0514 309 259 569 496 8 0.0513 628 212 889 460 11 0.0512 122 577 378 818 5 0.0511 248 0 505 199 13 0.0511 498 797 763 1023 10 0.0511 409 24 775 209 10 0.0510 425 93 683 318 13 0.0510 309 791 573 1022 5 0.0510 302 254 561 497 7 0.0510 580 33 822 267 11 0.0509 299 525 563 754 13 0.0508 244 721 514 962
skDxmWqeLNuZNchVxsk5lg4OvrYl1Dcp,11 0.0566 2 738 236 964 0 0.0532 0 733 234 967 5 0.0521 307 798 552 1020 8 0.0519 0 728 227 963 7 0.0509 313 802 563 1023
bOScZWy2CHxfhLAo3gI6Qil7DTiEY6FU,7 0.0647 145 684 500 857 10 0.0643 133 690 494 857 0 0.0642 141 683 493 860 8 0.0612 138 682 487 859 5 0.0606 137 683 486 858 11 0.0605 135 687 496 857 0 0.0598 444 535 705 774 7 0.0587 450 535 707 770 0 0.0583 568 610 815 848 11 0.0581 566 610 820 838 8 0.0578 566 607 809 845 5 0.0563 437 534 695 770 11 0.0562 446 538 705 771 7 0.0561 574 605 820 844 6 0.0560 141 687 498 857 5 0.0556 564 604 807 843 6 0.0550 448 539 704 773 6 0.0540 571 611 816 847 2 0.0531 139 690 497 860 13 0.0529 571 607 823 844 10 0.0522 443 543 699 770 11 0.0515 202 718 449 957 8 0.0515 445 536 694 774 13 0.0512 142 683 505 858 6 0.0509 206 720 459 959 10 0.0508 567 612 814 844 3 0.0508 447 539 702 779 3 0.0505 139 683 492 860 3 0.0501 573 607 814 849
ZzygOS8JykNpgzlVS4m8KoGiRgryqjWD,8 0.0560 762 136 1001 391 5 0.0555 759 133 1006 385 13 0.0502 762 142 1018 393
wv6N2PyOTR285b8xIPPIE8UzFioHaAqc,7 0.0605 184 580 432 826 11 0.0584 180 587 430 826 7 0.0583 252 717 508 953 5 0.0578 177 580 427 824 0 0.0574 183 580 429 829 0 0.0573 247 714 502 957 10 0.0567 179 588 429 825 8 0.0564 181 583 422 825 5 0.0557 178 266 432 502 5 0.0548 241 715 499 949 3 0.0546 182 584 429 835 3 0.0545 249 717 505 958 11 0.0545 245 720 502 951 11 0.0544 252 521 489 756 6 0.0541 125 599 379 830 8 0.0538 246 714 494 953 10 0.0535 251 524 490 754 0 0.0534 255 518 490 761 7 0.0529 256 515 493 756 8 0.0524 254 516 480 757 13 0.0506 254 714 509 955 3 0.0502 253 520 489 765
6tm9radMnL9rj6BohpWdEYOxIQ8pdMqo,5 0.0638 346 608 701 789 11 0.0612 437 583 699 827 7 0.0605 308 594 575 841 5 0.0604 564 508 823 758 0 0.0600 637 525 894 765 7 0.0599 422 541 759 725 11 0.0591 567 516 827 757 5 0.0583 189 395 425 635 7 0.0578 571 513 828 758 8 0.0576 121 262 364 514 11 0.0575 500 453 758 703 5 0.0571 188 527 435 758 5 0.0570 408 537 751 723 5 0.0568 301 460 566 702 8 0.0563 567 514 822 758 3 0.0560 423 543 754 728 11 0.0559 628 601 886 835 11 0.0555 293 649 564 895 13 0.0555 443 580 707 830 6 0.0554 442 578 700 829 11 0.0552 374 509 638 757 5 0.0552 179 270 424 513 3 0.0551 561 550 894 742 9 0.0551 436 579 704 827 8 0.0550 443 509 693 759 0 0.0549 505 514 754 767 11 0.0547 178 217 432 450 10 0.0544 348 615 710 789 0 0.0543 436 580 699 833 2 0.0543 570 520 828 760 3 0.0541 311 597 569 850 6 0.0540 508 511 755 763 10 0.0539 565 516 828 759 9 0.0538 565 515 829 756 0 0.0534 121 269 369 513 6 0.0534 186 278 430 517 6 0.0532 312 594 579 841 5 0.0531 708 468 941 693 0 0.0529 306 592 573 845 10 0.0529 413 545 754 727 8 0.0528 387 673 739 845 8 0.0527 632 598 882 836 8 0.0526 313 464 562 713 6 0.0522 382 503 642 755 13 0.0521 573 514 832 759 13 0.0521 507 452 763 707 7 0.0521 125 262 374 508 6 0.0520 193 536 442 764 11 0.0520 187 406 431 641 7 0.0518 198 531 442 764 0 0.0515 119 399 358 635 3 0.0515 396 673 744 852 8 0.0515 259 590 502 856 8 0.0514 195 398 422 646 2 0.0514 439 586 700 830 6 0.0511 195 401 431 643 6 0.0511 504 381 762 635 2 0.0510 502 456 755 707 6 0.0509 130 198 377 436 2 0.0508 309 598 570 846 1 0.0508 410 541 757 725 13 0.0507 371 658 652 890 3 0.0507 183 278 425 524 0 0.0506 713 472 947 700 13 0.0506 198 398 436 648 13 0.0506 640 599 893 837
uJ81Crn9qpBjmfnFfUp7alDeH1gFAdjA,8 0.0528 6 0 239 243 5 0.0518 549 0 803 200 8 0.0508 627 0 876 202 8 0.0505 66 92 308 325 13 0.0505 2 0 257 246
voylgDdjkQF0unXY9FLQvI6sqqJIdLU9,7 0.0521 559 330 835 569
dOFGT3v9QzLodBAymXiRZ8A17UalxG0n,8 0.0623 246 276 501 517 13 0.0583 245 276 513 519 10 0.0581 244 282 507 518 11 0.0578 240 281 506 515 0 0.0573 242 276 504 517 5 0.0572 490 67 749 312 5 0.0572 236 275 499 513 5 0.0571 565 4 821 243 5 0.0561 311 194 569 439 11 0.0561 314 198 576 438 11 0.0557 637 12 885 252 8 0.0556 634 9 874 253 8 0.0551 319 199 567 441 7 0.0549 247 276 509 518 7 0.0548 642 10 890 253 6 0.0545 245 279 505 517 11 0.0539 553 799 816 1014 5 0.0539 371 132 636 365 0 0.0534 636 11 883 256 6 0.0533 499 4 754 224 11 0.0532 365 136 639 363 7 0.0530 499 2 754 225 7 0.0530 322 193 581 442 13 0.0530 305 15 588 253 0 0.0529 316 197 578 443 8 0.0527 632 670 870 910 9 0.0525 241 278 505 510 6 0.0521 320 198 577 442 2 0.0520 638 17 884 253 10 0.0519 316 203 578 441 7 0.0519 633 798 891 1022 3 0.0519 643 14 881 259 11 0.0517 488 2 751 224 7 0.0515 378 134 645 368 5 0.0512 371 0 639 233 5 0.0512 622 795 879 1017 0 0.0511 504 798 770 1023 8 0.0509 491 5 744 228 11 0.0508 367 0 642 233 13 0.0508 321 197 585 443 8 0.0506 626 799 870 1023 0 0.0502 373 137 643 370 6 0.0500 385 69 644 304
QlkRf3XYqWHHFL84D36FqUcMtRSiR6UI,7 0.0560 315 388 572 638 8 0.0558 378 400 635 634 0 0.0554 314 391 567 639 3 0.0527 382 400 644 638 11 0.0525 375 406 645 634 6 0.0521 316 391 575 636 11 0.0517 442 283 699 505 0 0.0515 431 413 695 649 13 0.0514 380 401 653 633 3 0.0512 450 280 695 513 11 0.0511 305 454 575 700 8 0.0511 312 451 563 699 6 0.0508 441 336 691 572 0 0.0506 444 277 694 506 7 0.0504 449 278 697 511 5 0.0501 0 461 195 712
I0JZtkT6LxvWuEPnaY4YkUhVS4Evrukq,11 0.0618 447 530 704 761 0 0.0590 379 597 647 834 11 0.0580 381 600 646 830 7 0.0578 408 482 761 663 7 0.0573 454 523 706 760 7 0.0569 385 597 648 838 8 0.0567 380 596 641 834 10 0.0565 449 531 702 760 5 0.0564 446 524 702 764 11 0.0557 398 486 754 663 0 0.0546 448 526 704 764 3 0.0545 382 596 646 840 6 0.0545 451 527 711 764 6 0.0543 385 597 653 833 8 0.0543 448 525 696 764 5 0.0541 378 594 644 834 5 0.0537 213 405 584 601 13 0.0535 385 600 653 835 11 0.0533 368 192 649 420 10 0.0528 396 487 752 665 11 0.0525 288 412 645 594 8 0.0516 252 469 504 713 5 0.0516 367 185 640 422 0 0.0515 383 4 633 248 3 0.0513 451 526 704 768 13 0.0512 251 466 524 715 0 0.0512 183 357 436 593 11 0.0508 253 467 519 708 13 0.0503 453 527 710 764 5 0.0503 284 344 640 528 10 0.0501 380 600 646 830
3opAEhJ9CDJgVvQnwRIRKcaom0P0mTqU,5 0.0584 174 306 449 569 11 0.0567 182 317 453 566 11 0.0552 140 666 398 894 6 0.0532 190 311 457 567 11 0.0529 110 385 379 634 5 0.0526 251 262 516 496 7 0.0518 188 312 451 574 0 0.0518 185 312 447 574 13 0.0516 113 323 386 584 13 0.0514 193 384 455 647 6 0.0513 120 382 380 639 5 0.0513 246 385 506 646 0 0.0509 61 2 314 218 11 0.0507 245 794 497 1022 11 0.0507 256 265 523 495 5 0.0506 182 454 451 718 11 0.0506 183 463 457 712 11 0.0506 431 1 704 191 8 0.0506 454 343 696 596 0 0.0504 263 261 519 499 7 0.0503 118 381 381 642 8 0.0503 198 384 438 642 8 0.0503 115 320 370 583 0 0.0502 110 385 379 641 7 0.0501 382 348 637 598
pmdO6taocoDtNn61ZRbfMICZmwMz7hIk,5 0.0642 436 197 694 437 8 0.0637 439 199 695 441 11 0.0636 706 396 954 631 8 0.0623 383 785 622 1020 0 0.0621 708 388 948 637 11 0.0611 436 201 702 439 0 0.0607 513 142 760 380 3 0.0607 443 198 699 447 11 0.0603 370 146 631 383 0 0.0599 642 460 879 700 0 0.0591 440 203 699 442 11 0.0590 512 143 762 375 0 0.0588 578 326 822 563 6 0.0588 715 335 948 573 6 0.0584 384 788 631 1018 8 0.0583 375 146 623 386 11 0.0577 375 791 629 1017 11 0.0577 579 200 825 437 6 0.0573 766 271 1019 518 11 0.0570 642 466 880 696 7 0.0569 382 786 632 1023 13 0.0568 779 390 1022 628 5 0.0567 513 136 760 375 8 0.0566 516 141 757 379 11 0.0566 637 334 884 560 11 0.0564 758 276 1020 517 11 0.0563 450 329 706 549 0 0.0563 0 734 234 962 13 0.0562 379 210 637 449 7 0.0561 645 463 880 699 8 0.0559 580 198 815 439 8 0.0559 642 330 875 565 0 0.0559 579 199 821 443 0 0.0557 451 332 701 554 0 0.0557 389 726 639 967 5 0.0557 640 459 876 698 5 0.0557 364 276 618 504 6 0.0555 378 146 634 387 0 0.0554 374 147 632 387 8 0.0553 640 464 870 698 13 0.0551 767 274 1023 523 7 0.0550 441 200 704 441 10 0.0550 440 202 701 439 13 0.0548 444 130 705 378 0 0.0547 773 330 1018 567 6 0.0547 514 143 765 377 3 0.0545 584 198 824 445 5 0.0545 448 327 698 549 11 0.0544 377 667 645 890 7 0.0543 456 330 707 553 8 0.0542 453 327 698 556 5 0.0541 442 71 695 311 7 0.0541 376 145 633 384 5 0.0538 578 192 818 438 0 0.0537 372 281 622 511 5 0.0537 372 780 626 1017 5 0.0536 765 331 1016 563 0 0.0536 444 78 704 321 6 0.0536 779 386 1017 625 2 0.0535 441 205 699 440 11 0.0534 629 681 889 888 0 0.0534 769 668 1001 888 11 0.0533 772 665 1006 877 7 0.0533 267 781 518 1019 10 0.0533 455 331 707 552 5 0.0532 637 326 878 563 3 0.0531 647 399 880 637 7 0.0529 516 139 766 380 13 0.0528 647 398 888 631 7 0.0526 708 391 952 636 5 0.0526 569 387 821 624 8 0.0525 328 724 569 955 3 0.0523 371 280 623 513 8 0.0522 370 279 617 510 5 0.0522 703 385 946 633 0 0.0521 631 682 889 892 11 0.0521 0 728 238 954 8 0.0519 1 721 228 958 11 0.0518 367 281 625 506 10 0.0518 372 285 624 506 8 0.0517 774 386 1005 629 2 0.0517 373 284 622 506 5 0.0517 766 665 1002 885 8 0.0516 384 666 634 895 3 0.0516 517 142 765 384 7 0.0516 643 330 886 566 6 0.0514 382 664 650 894 10 0.0513 372 149 632 382 7 0.0513 372 278 626 506 5 0.0512 369 659 639 893
acRC7z8oSOi8SrnDMquomJXXu7dUHJiW,11 0.0614 429 468 691 700 8 0.0610 431 466 683 700 5 0.0601 427 461 685 702 5 0.0597 498 275 758 495 5 0.0589 304 7 581 257 5 0.0584 316 132 579 372 0 0.0581 509 284 759 497 7 0.0580 435 466 692 703 13 0.0578 320 15 590 256 3 0.0575 319 16 583 263 7 0.0575 323 0 584 190 6 0.0561 435 466 694 701 11 0.0561 315 2 582 191 0 0.0560 188 338 433 588 0 0.0559 433 467 688 702 5 0.0550 442 208 703 437 5 0.0550 203 289 574 473 3 0.0545 438 466 693 705 8 0.0545 336 201 582 446 11 0.0543 333 202 591 443 6 0.0543 510 283 763 497 10 0.0543 430 469 694 700 0 0.0539 449 216 705 444 6 0.0539 262 144 520 390 0 0.0536 41 490 296 717 13 0.0536 433 470 694 702 5 0.0535 177 335 434 578 3 0.0534 333 139 580 384 8 0.0534 393 136 631 369 8 0.0533 502 278 756 496 0 0.0533 334 198 593 449 8 0.0532 438 0 694 194 6 0.0528 325 74 585 322 7 0.0528 507 279 766 499 13 0.0528 334 139 585 379 7 0.0525 43 486 306 716 0 0.0524 576 226 840 443 3 0.0521 400 207 654 443 3 0.0518 508 280 764 503 0 0.0516 436 2 702 197 8 0.0515 445 212 700 440 5 0.0515 32 485 292 713 11 0.0514 391 137 641 369 0 0.0513 322 76 582 324 11 0.0513 501 284 763 493 8 0.0513 326 78 570 319 8 0.0513 441 74 693 306 0 0.0511 635 294 908 514 7 0.0511 439 0 704 194 8 0.0511 222 294 563 480 2 0.0509 313 18 578 258 5 0.0506 630 288 909 510 8 0.0506 180 335 426 591 3 0.0504 441 1 698 201 8 0.0504 320 0 574 187 2 0.0503 430 472 691 702 10 0.0502 382 3 645 194 6 0.0502 230 294 586 479 11 0.0501 39 491 305 708 11 0.0500 433 3 701 196 10 0.0500 447 217 713 442 7 0.0500 327 76 585 321
7mecbTCnEZqq4BlZzDAsqv7xaIDjwHOJ,11 0.0565 252 261 506 501 5 0.0543 250 256 502 503 0 0.0535 254 323 497 570 11 0.0533 312 337 570 570 13 0.0531 262 396 504 639 11 0.0528 389 472 638 698 5 0.0527 253 219 624 403 0 0.0524 389 269 639 505 0 0.0519 210 211 570 399 7 0.0516 324 401 580 638 7 0.0516 260 256 511 506 7 0.0514 271 221 634 405 10 0.0513 317 215 572 449 11 0.0511 387 270 641 503 5 0.0509 270 344 637 538 11 0.0509 463 542 719 761 6 0.0506 286 350 653 540 13 0.0505 322 209 580 452 8 0.0504 261 392 490 633 7 0.0502 394 466 643 700 8 0.0501 388 269 632 505 5 0.0500 250 393 494 630
uYb95rfkbhXXof5Y3jdx92cREcw2gDKe,11 0.0554 246 454 500 687 5 0.0544 238 322 497 556 8 0.0538 244 326 492 562 5 0.0537 243 580 500 823 11 0.0535 382 451 629 699 7 0.0534 386 571 634 823 11 0.0533 243 584 504 824 11 0.0528 378 574 626 823 0 0.0525 310 506 562 741 8 0.0522 188 591 438 837 8 0.0520 304 269 564 494 6 0.0519 248 588 505 823 7 0.0517 388 448 638 702 8 0.0515 319 452 557 685 8 0.0515 380 575 625 822 11 0.0514 302 271 574 489 0 0.0512 238 264 501 496 0 0.0511 246 583 500 828 5 0.0510 245 445 499 686 7 0.0510 305 264 579 498 6 0.0509 381 577 638 820 8 0.0507 107 348 364 569 7 0.0507 250 584 504 826 5 0.0505 376 563 627 819 6 0.0502 246 266 503 495
mXsFduS8uXvDGtolu29BgsOz6ukTmbdM,5 0.0636 435 314 696 561 0 0.0623 440 259 695 505 7 0.0619 436 318 703 565 0 0.0617 510 324 763 565 8 0.0616 444 257 690 503 11 0.0613 304 265 565 504 5 0.0602 302 258 561 507 11 0.0601 433 322 699 560 8 0.0600 308 329 561 573 5 0.0595 224 328 492 576 0 0.0589 307 259 565 512 5 0.0577 370 378 628 628 13 0.0575 514 325 768 563 8 0.0573 512 324 754 563 0 0.0572 303 386 568 635 13 0.0570 446 385 706 621 7 0.0568 449 194 694 444 6 0.0567 645 400 908 630 5 0.0566 296 439 561 680 5 0.0564 444 189 686 439 11 0.0563 369 384 634 628 0 0.0562 437 384 700 626 11 0.0562 445 198 694 438 3 0.0561 446 260 694 509 6 0.0560 517 327 766 562 8 0.0556 377 382 625 632 6 0.0555 239 457 497 693 6 0.0555 233 326 497 578 0 0.0555 98 411 458 607 3 0.0554 513 327 758 569 10 0.0553 438 265 698 504 13 0.0553 313 263 568 510 11 0.0552 644 607 901 844 13 0.0551 306 386 573 632 2 0.0550 445 263 696 503 11 0.0546 103 415 462 603 6 0.0546 374 258 625 512 11 0.0545 387 128 633 371 5 0.0543 178 453 431 701 8 0.0543 305 442 561 686 11 0.0539 296 445 569 679 11 0.0537 229 336 498 574 11 0.0534 513 470 777 686 11 0.0534 225 200 490 425 0 0.0533 453 133 695 381 10 0.0532 509 331 764 561 8 0.0531 317 193 552 431 7 0.0529 522 464 778 693 8 0.0526 95 411 446 605 0 0.0524 186 458 436 706 13 0.0523 580 473 842 693 5 0.0523 382 119 629 370 5 0.0523 0 389 250 632 8 0.0522 392 126 626 372 5 0.0522 121 256 370 502 13 0.0522 444 259 700 504 8 0.0521 183 458 428 705 8 0.0520 233 257 483 500 0 0.0520 124 264 378 510 2 0.0519 234 409 490 641 3 0.0518 99 413 450 610 7 0.0518 523 589 779 832 8 0.0517 629 674 868 915 2 0.0517 514 331 762 561 11 0.0516 577 546 846 769 6 0.0516 102 409 463 604 0 0.0516 573 471 837 697 13 0.0515 104 409 464 610 11 0.0514 637 404 908 629 11 0.0513 180 462 438 697 13 0.0513 234 461 503 696 10 0.0512 306 267 566 508 0 0.0512 644 609 901 847 3 0.0511 368 323 622 582 6 0.0510 451 195 693 440 6 0.0510 392 122 636 373 7 0.0510 392 125 635 376 13 0.0509 643 402 913 636 5 0.0508 444 448 700 685 13 0.0508 386 447 639 686 0 0.0507 320 120 568 367 0 0.0505 640 400 905 640 7 0.0505 102 410 457 601 11 0.0504 121 263 381 502 2 0.0504 365 327 623 577 3 0.0503 460 130 690 386 6 0.0502 445 388 703 623 10 0.0502 363 330 624 577 7 0.0502 232 194 488 427
lseGX4Z8yjCfRQpn5EyzfVDwHlemht0x,11 0.0577 427 524 697 766 11 0.0576 250 389 520 622 11 0.0568 366 396 638 626 11 0.0561 447 656 716 891 11 0.0560 312 206 581 434 13 0.0559 187 20 455 254 7 0.0558 445 458 701 709 11 0.0553 247 22 514 260 8 0.0552 452 655 705 895 5 0.0549 448 645 712 893 3 0.0549 367 395 638 636 13 0.0547 251 462 527 706 8 0.0547 324 26 568 260 8 0.0546 256 389 507 624 5 0.0546 508 398 755 634 7 0.0546 375 391 639 632 0 0.0545 316 203 580 440 13 0.0543 377 465 644 709 5 0.0539 513 275 754 520 0 0.0538 519 284 757 521 13 0.0538 317 534 590 773 2 0.0537 520 291 762 521 6 0.0536 257 389 525 622 5 0.0534 244 19 505 259 6 0.0534 187 20 451 251 8 0.0533 372 397 624 630 6 0.0533 371 397 640 629 5 0.0532 365 385 631 630 7 0.0532 255 383 518 627 7 0.0531 189 20 451 252 8 0.0526 182 18 439 252 11 0.0524 382 7 644 243 10 0.0524 252 395 518 624 6 0.0523 442 465 702 706 7 0.0523 524 280 766 518 0 0.0520 370 394 637 631 7 0.0519 456 653 722 897 0 0.0519 432 525 694 769 0 0.0518 251 383 520 627 5 0.0518 247 381 515 625 7 0.0514 378 524 644 772 8 0.0514 518 280 753 518 5 0.0514 174 77 437 321 6 0.0510 320 204 582 437 0 0.0508 449 655 716 897 6 0.0506 454 654 719 896 11 0.0505 306 530 583 763 3 0.0505 254 19 509 267 11 0.0505 384 145 642 374 8 0.0504 442 460 688 707 0 0.0503 319 25 575 263 11 0.0503 357 789 632 1017 6 0.0503 393 147 650 377
9LIxsmOfqcuqL4E25QbpafxGus8DSLy4,8 0.0686 131 779 363 1018 0 0.0665 193 650 428 886 11 0.0660 190 651 426 885 8 0.0649 192 649 422 883 5 0.0648 184 586 426 817 5 0.0636 132 706 372 947 0 0.0620 252 594 499 822 11 0.0616 250 593 493 820 0 0.0612 134 711 376 948 7 0.0601 133 782 371 1021 10 0.0599 190 656 428 885 7 0.0598 192 647 428 888 8 0.0595 251 592 490 819 3 0.0590 191 650 427 888 6 0.0575 191 593 432 816 5 0.0575 250 660 494 904 13 0.0571 131 786 375 1023 1 0.0568 131 705 372 948 7 0.0568 253 591 499 822 7 0.0566 447 524 701 757 3 0.0563 253 592 495 827 10 0.0562 132 713 374 946 10 0.0552 90 622 448 793 11 0.0549 443 529 694 757 6 0.0543 254 666 501 900 13 0.0542 193 589 437 818 13 0.0532 196 709 436 945 6 0.0526 132 787 371 1020 12 0.0525 199 707 430 945 2 0.0523 129 786 370 1023 0 0.0519 440 528 696 763 9 0.0518 132 710 374 944 1 0.0515 190 647 426 885 5 0.0514 439 524 688 755 8 0.0513 441 526 687 755
IgQnxmqfhKqIM2BxdehGagMpLnTtJDJx,11 0.0603 445 459 695 712 0 0.0595 448 463 696 714 5 0.0590 382 401 634 644 7 0.0588 439 786 701 1023 0 0.0584 571 541 835 780 5 0.0582 372 646 623 884 2 0.0582 454 531 700 777 11 0.0579 438 789 694 1021 0 0.0572 387 403 636 649 11 0.0572 566 539 833 777 6 0.0567 590 468 847 710 7 0.0567 516 526 774 780 11 0.0566 455 584 699 819 5 0.0564 510 584 750 830 8 0.0561 446 457 690 716 11 0.0555 309 798 554 1019 0 0.0554 375 654 633 887 5 0.0554 310 340 571 578 8 0.0552 569 605 809 833 8 0.0551 253 410 499 645 0 0.0550 456 422 811 604 11 0.0549 311 463 565 703 0 0.0548 509 718 762 959 13 0.0546 572 538 837 784 3 0.0546 454 525 697 786 5 0.0544 431 780 693 1016 11 0.0544 372 650 631 884 8 0.0542 515 526 760 779 5 0.0542 311 461 554 704 7 0.0541 452 458 700 720 11 0.0541 446 339 711 574 11 0.0540 629 614 872 832 5 0.0540 303 718 562 954 0 0.0540 319 462 564 708 7 0.0538 381 650 634 889 8 0.0537 319 461 556 706 6 0.0537 451 459 699 714 8 0.0537 377 650 621 888 8 0.0537 434 785 686 1023 0 0.0536 317 344 576 581 5 0.0535 505 712 755 951 13 0.0535 321 399 573 639 13 0.0534 452 460 700 715 5 0.0533 446 417 805 603 8 0.0533 510 718 749 958 10 0.0533 384 405 635 647 7 0.0529 254 409 508 650 6 0.0528 516 592 758 831 0 0.0528 435 787 702 1023 7 0.0527 517 390 776 647 8 0.0526 436 2 695 238 2 0.0525 521 461 776 713 7 0.0524 313 794 560 1023 11 0.0524 312 345 577 581 11 0.0523 579 334 826 574 8 0.0523 388 401 630 647 2 0.0523 316 402 568 637 13 0.0523 316 796 565 1023 13 0.0522 516 595 759 836 10 0.0522 447 462 692 713 3 0.0521 393 458 636 720 7 0.0521 316 346 578 585 6 0.0519 319 399 574 638 0 0.0519 307 588 569 834 0 0.0517 306 722 567 961 5 0.0514 638 549 878 775 5 0.0514 302 583 557 824 10 0.0512 244 415 502 647 8 0.0511 459 418 802 604 8 0.0507 590 464 833 711 6 0.0507 633 609 872 831 6 0.0506 257 461 513 701
yiLAn4vKXgeip9EdRXTwlfN2LlXY0waG,7 0.0664 249 647 500 891 0 0.0647 185 647 437 891 5 0.0637 243 647 495 889 11 0.0637 182 652 438 888 5 0.0636 395 671 764 854 11 0.0635 401 674 766 854 7 0.0632 407 671 770 855 5 0.0631 182 704 425 952 8 0.0631 402 672 762 856 0 0.0628 400 672 769 858 8 0.0626 248 647 493 889 7 0.0625 187 707 431 954 3 0.0601 405 672 770 859 8 0.0595 186 709 425 953 10 0.0592 183 712 428 952 10 0.0591 401 673 768 856 3 0.0585 248 648 497 894 6 0.0583 404 673 771 857 13 0.0582 406 672 774 857 6 0.0574 187 710 431 953 3 0.0569 188 706 428 958 10 0.0563 244 652 497 890 6 0.0562 247 650 498 892 2 0.0550 401 675 766 855 13 0.0550 189 708 432 953 2 0.0547 185 712 429 955 13 0.0546 250 649 501 892 12 0.0546 405 671 767 857 2 0.0545 246 654 498 892 9 0.0544 182 707 429 951 1 0.0530 394 669 766 856 9 0.0527 397 673 767 854 12 0.0525 188 704 429 954 9 0.0516 243 651 496 887 4 0.0515 402 674 773 858 1 0.0509 184 703 428 954
8eDsxtSStyXrhwVxcuV87xaIBNIYBdQY,8 0.0671 137 867 498 1023 5 0.0663 133 866 499 1021 0 0.0661 206 868 568 1023 7 0.0646 189 783 437 1017 11 0.0642 248 781 496 1016 10 0.0618 133 871 506 1023 6 0.0600 142 871 505 1023 2 0.0594 140 872 502 1023 13 0.0574 254 784 501 1023 9 0.0557 133 868 504 1022 3 0.0546 253 780 496 1023 1 0.0532 200 865 567 1023 8 0.0506 653 0 1007 153 0 0.0500 646 0 1021 158
J1R9yyxXc0NwHf8qGnuEL3zowNkQVyfI,11 0.0636 519 684 766 908 11 0.0593 587 790 826 1019 5 0.0571 513 719 757 961 0 0.0565 584 791 828 1023 7 0.0558 522 727 764 964 0 0.0553 516 726 760 965 5 0.0551 580 784 820 1019 7 0.0543 590 788 833 1023 8 0.0531 584 788 816 1022 3 0.0526 523 726 763 969 6 0.0518 521 729 764 964 3 0.0501 590 793 825 1023
M5Ogb14v2pvkYcvV3O1jfD7U68G8jepk,8 0.0552 445 401 697 648 8 0.0551 446 271 692 518 2 0.0551 451 279 700 519 5 0.0545 442 268 698 518 0 0.0533 444 274 704 523 6 0.0526 446 275 706 516 11 0.0521 442 403 704 650 11 0.0520 629 354 884 572 3 0.0515 452 276 698 525 7 0.0513 454 274 702 520 0 0.0513 439 460 699 707 13 0.0512 449 276 705 517 13 0.0512 446 402 711 650 11 0.0509 448 277 699 517
1DvaR51TG4F2vQoPRLdvl62cu6E3NDQA,5 0.0573 501 208 753 446 0 0.0557 506 214 755 448 11 0.0552 246 276 523 524 3 0.0549 513 216 757 454 8 0.0539 334 228 692 412 0 0.0535 251 268 525 525 13 0.0533 510 216 761 446 7 0.0530 512 214 760 443 8 0.0528 505 214 747 446 11 0.0527 507 214 764 441 2 0.0522 507 218 759 445 5 0.0514 323 225 693 410 5 0.0510 566 132 825 365 7 0.0510 253 267 524 523 6 0.0509 335 230 708 413 3 0.0509 253 270 523 531 8 0.0508 254 272 511 522 5 0.0505 115 388 380 634
1TT41DkOx2DKLaD7Ncb5TVVPxVaseLGV,5 0.0603 562 594 822 819 11 0.0599 628 614 881 839 5 0.0591 371 644 632 899 6 0.0578 569 599 833 821 5 0.0576 439 592 703 829 8 0.0571 632 611 876 846 11 0.0568 548 543 812 761 8 0.0567 549 541 807 762 0 0.0557 569 598 830 823 7 0.0556 448 593 710 831 13 0.0549 571 600 833 821 7 0.0538 556 538 815 764 3 0.0537 571 597 824 826 6 0.0536 445 597 714 830 0 0.0531 375 651 636 901 11 0.0530 439 599 707 829 0 0.0525 445 598 706 831 8 0.0524 444 598 699 829 13 0.0523 449 599 715 833 7 0.0518 380 651 639 900 10 0.0517 553 545 814 762 11 0.0512 135 604 403 837 10 0.0511 442 598 707 829 5 0.0511 229 801 487 1018 8 0.0511 141 601 399 842 5 0.0511 131 594 398 841 11 0.0506 246 731 503 957 13 0.0506 141 607 414 850 8 0.0505 236 804 477 1022 8 0.0504 381 648 627 896 0 0.0504 233 805 489 1023 6 0.0503 138 603 411 841 13 0.0502 383 650 643 900 11 0.0501 182 805 435 1020
xqJylJ6MWGg8PsLdDloCo7VMx6Efw76u,11 0.0572 318 210 590 450 11 0.0569 378 317 655 559 10 0.0541 384 266 641 499 0 0.0533 185 282 453 538 11 0.0523 251 343 515 580 11 0.0516 504 21 767 242 8 0.0515 382 314 642 558 5 0.0510 239 400 506 640 3 0.0510 384 315 644 568 11 0.0505 306 525 578 752 13 0.0505 385 258 648 500 8 0.0502 316 522 564 757 5 0.0501 431 283 695 506
XykO79BamKReBa4LktTMZogpxEAccLe6,5 0.0584 316 328 585 576 11 0.0561 306 267 575 492 0 0.0559 319 469 583 712 11 0.0557 416 660 774 839 5 0.0551 320 465 577 705 7 0.0548 390 333 655 577 0 0.0546 321 335 587 578 11 0.0535 379 535 633 764 8 0.0534 389 338 643 572 0 0.0531 428 671 710 908 5 0.0531 362 660 633 891 11 0.0530 317 399 581 629 5 0.0529 245 403 507 638 0 0.0523 389 398 643 637 11 0.0522 388 338 655 573 8 0.0522 318 400 572 631 11 0.0517 307 602 567 834 5 0.0517 432 333 701 567 8 0.0516 311 603 558 841 0 0.0516 443 473 703 710 7 0.0514 324 469 584 708 8 0.0514 372 665 631 890 8 0.0510 250 347 508 578 11 0.0505 448 477 707 701 8 0.0504 308 267 563 491 0 0.0504 251 406 509 644 0 0.0504 491 608 771 840 11 0.0503 245 348 515 576 2 0.0502 321 476 586 706 6 0.0500 319 401 585 629 8 0.0500 436 608 696 835
KeWLCg7vY6ozTBeLeLY8Yfpg2tFWppjG,7 0.0653 318 780 559 1017 7 0.0612 445 792 693 1017 11 0.0605 379 787 622 1014 0 0.0595 230 203 496 442 8 0.0580 315 784 552 1019 11 0.0572 227 201 496 437 5 0.0572 313 778 550 1015 0 0.0548 314 782 556 1019 13 0.0543 321 256 568 487 6 0.0540 321 788 561 1017 8 0.0538 444 792 683 1023 13 0.0538 322 788 564 1022 5 0.0537 155 324 443 567 5 0.0529 441 785 685 1017 7 0.0526 237 266 507 498 5 0.0522 228 194 492 438 8 0.0518 233 262 494 496 11 0.0516 311 724 566 948 13 0.0515 188 264 458 523 10 0.0512 315 787 557 1015 0 0.0512 444 791 690 1023 6 0.0510 237 201 500 445 11 0.0510 312 258 564 474 8 0.0504 157 322 440 572
oNuAgKilqspLqibYAcMRBi1BtHuycoPn,5 0.0642 511 144 762 359 11 0.0625 521 152 770 355 11 0.0608 118 782 375 1007 3 0.0607 400 2 636 245 8 0.0597 119 776 368 1012 8 0.0596 519 148 760 358 11 0.0593 390 5 636 240 6 0.0586 395 61 649 288 0 0.0581 327 24 586 270 5 0.0579 386 0 632 235 0 0.0578 519 149 764 361 8 0.0576 392 2 629 239 2 0.0570 517 292 766 506 0 0.0568 514 329 760 564 3 0.0566 593 148 842 382 0 0.0565 255 278 498 501 6 0.0561 524 151 769 358 7 0.0561 122 776 379 1012 8 0.0559 510 326 753 563 0 0.0558 120 776 376 1012 5 0.0554 569 269 829 500 11 0.0552 511 285 770 500 5 0.0552 509 320 757 563 7 0.0549 395 5 637 240 13 0.0545 522 153 775 359 5 0.0541 250 196 495 423 7 0.0534 522 148 764 359 2 0.0534 392 12 634 238 8 0.0533 574 278 821 503 6 0.0528 313 2 584 197 13 0.0526 391 5 643 234 2 0.0525 520 155 768 356 11 0.0522 250 282 505 500 6 0.0519 120 780 379 1011 7 0.0518 520 327 765 562 0 0.0514 575 280 828 503 5 0.0512 117 774 370 1006 3 0.0507 522 70 765 296 6 0.0505 259 280 502 504 3 0.0503 122 780 375 1016 5 0.0503 631 392 910 617 13 0.0502 123 778 383 1014
D16qA6rStAlEDrq6BlEE2ZAllf1MkNt6,11 0.0624 243 268 506 506 5 0.0611 244 196 493 437 5 0.0610 437 399 684 631 11 0.0606 446 224 708 444 0 0.0597 377 400 625 627 7 0.0594 251 262 506 510 11 0.0594 436 404 687 630 5 0.0588 394 585 639 830 0 0.0587 567 219 817 434 6 0.0584 254 262 508 510 5 0.0578 450 516 685 756 5 0.0578 320 137 579 376 3 0.0577 252 267 503 512 11 0.0573 308 454 562 681 5 0.0572 440 218 704 441 13 0.0572 324 788 575 1023 0 0.0571 185 212 441 458 0 0.0570 397 591 643 832 8 0.0567 381 397 621 625 13 0.0566 253 265 506 508 8 0.0566 448 223 704 444 11 0.0564 569 220 821 430 8 0.0563 457 517 686 756 11 0.0563 455 525 690 751 11 0.0562 315 791 567 1019 3 0.0562 449 224 710 451 8 0.0560 381 771 616 1019 8 0.0559 248 199 488 440 11 0.0557 198 219 579 400 13 0.0556 459 464 699 704 5 0.0555 564 215 812 429 0 0.0553 447 221 709 445 5 0.0551 370 768 619 1017 0 0.0549 255 140 505 377 7 0.0549 443 403 694 633 6 0.0548 450 223 712 445 0 0.0547 311 453 560 685 8 0.0547 311 455 556 685 2 0.0547 442 411 688 632 6 0.0546 443 406 689 632 6 0.0545 329 141 585 379 6 0.0545 322 524 574 745 11 0.0544 384 667 645 907 7 0.0543 451 220 714 443 11 0.0538 426 777 688 1010 3 0.0537 393 460 634 696 7 0.0537 403 591 647 830 6 0.0536 381 773 627 1018 7 0.0535 313 455 563 685 3 0.0534 436 774 687 1023 6 0.0533 391 667 650 912 0 0.0533 58 213 325 463 10 0.0531 377 775 622 1018 3 0.0530 400 593 647 835 8 0.0529 386 665 642 913 7 0.0528 379 774 626 1018 13 0.0525 214 219 583 404 13 0.0523 513 221 764 436 13 0.0519 318 675 597 912 6 0.0518 575 219 820 433 8 0.0517 570 215 811 434 3 0.0517 327 143 584 385 10 0.0516 455 524 691 753 7 0.0515 264 573 519 815 13 0.0515 389 525 640 755 13 0.0514 378 397 628 624 3 0.0514 571 220 815 437 0 0.0513 456 463 695 704 0 0.0513 392 91 652 309 5 0.0511 314 519 560 744 11 0.0511 252 670 523 902 13 0.0510 436 776 698 1020 11 0.0510 388 90 655 304 3 0.0509 460 519 692 759 3 0.0509 261 580 514 822 10 0.0508 449 225 710 441 7 0.0507 211 216 581 403
MCF2KKPEp3HKVuqCiBR4MOxkU59zSC1A,11 0.0673 256 658 509 900 11 0.0621 369 600 637 840 7 0.0621 257 655 511 902 8 0.0608 260 657 503 898 0 0.0602 256 658 509 902 7 0.0597 377 598 640 839 5 0.0595 312 655 567 895 3 0.0581 260 656 507 904 6 0.0581 257 657 511 901 10 0.0579 368 601 636 840 0 0.0578 376 526 634 774 8 0.0574 373 598 628 840 11 0.0570 249 405 507 645 13 0.0569 261 654 514 902 6 0.0543 374 601 639 842 13 0.0540 381 528 644 771 8 0.0538 320 394 562 635 11 0.0535 371 395 634 627 0 0.0528 320 394 575 638 2 0.0526 260 662 508 902 8 0.0521 254 339 502 573 3 0.0510 376 599 638 846 7 0.0502 253 402 511 647 2 0.0501 382 532 632 772
N7QQdkX2tSxZAxcBcLNSMxTVeLkr2Vm5,8 0.0580 771 77 1010 316 11 0.0568 761 81 1019 312 13 0.0564 766 78 1023 318 6 0.0553 769 76 1022 315 5 0.0545 752 10 1007 246 8 0.0544 690 23 934 255 11 0.0542 573 141 830 377 11 0.0529 701 159 954 393 0 0.0525 639 152 886 395 3 0.0523 767 76 1018 322 11 0.0523 628 219 893 457 7 0.0516 768 77 1020 317 11 0.0510 689 285 947 521 10 0.0507 751 22 1013 250 11 0.0506 681 26 942 250
IrW6dO7LmSVe2jLIy2tsizyTo5azlFLI,5 0.0670 511 780 748 1016 8 0.0640 377 785 619 1022 5 0.0628 372 786 618 1019 8 0.0627 513 781 748 1018 7 0.0621 514 781 760 1020 6 0.0614 514 788 755 1021 11 0.0611 375 792 622 1021 0 0.0600 578 723 826 967 7 0.0600 379 789 629 1023 6 0.0591 378 795 627 1023 11 0.0588 511 782 752 1018 3 0.0585 513 783 754 1023 13 0.0585 379 791 629 1023 6 0.0580 444 732 698 962 5 0.0578 577 715 823 963 5 0.0573 437 722 689 958 0 0.0568 513 782 754 1019 8 0.0560 577 722 820 965 0 0.0558 378 791 624 1023 6 0.0557 582 723 827 966 11 0.0551 578 721 828 960 9 0.0545 447 789 693 1020 13 0.0544 514 786 758 1021 7 0.0544 582 720 833 963 2 0.0543 514 786 752 1017 10 0.0537 514 784 752 1019 8 0.0537 441 728 689 959 3 0.0536 378 791 626 1023 0 0.0527 441 727 695 964 11 0.0521 440 729 695 958 10 0.0518 376 791 624 1022 0 0.0516 509 666 760 891 3 0.0515 580 721 824 969 10 0.0515 576 727 824 964 2 0.0514 380 792 626 1022 10 0.0512 442 731 694 958 13 0.0511 445 729 704 962 11 0.0510 321 676 680 850 10 0.0504 327 678 681 852 12 0.0502 515 781 753 1020 3 0.0500 444 726 694 967
9cU0VZ2ltmPrKvoCuN2aN40QhtrHjA2r,7 0.0562 440 787 706 1020 11 0.0542 560 415 822 655 8 0.0537 513 409 754 657 7 0.0532 518 408 765 657 0 0.0530 511 410 761 656 5 0.0521 427 783 693 1017 7 0.0518 406 266 656 516 6 0.0513 568 414 826 659 0 0.0509 396 270 656 513 0 0.0506 629 354 880 598
ecywJn2UPp4TlKjHMmVMT9y8Kyl9dzWc,11 0.0652 522 464 764 704 11 0.0617 310 206 570 439 8 0.0617 508 394 749 646 0 0.0591 524 465 764 709 11 0.0579 499 322 756 571 8 0.0575 310 147 567 383 11 0.0572 432 804 705 1019 8 0.0571 439 217 693 455 7 0.0571 433 798 709 1023 11 0.0569 302 678 550 893 13 0.0565 511 395 762 644 11 0.0561 438 220 699 452 7 0.0557 306 671 551 896 7 0.0557 518 537 763 777 5 0.0556 516 459 760 706 8 0.0555 518 534 753 773 0 0.0552 506 323 757 574 7 0.0549 515 393 762 649 8 0.0549 309 599 534 829 5 0.0547 428 796 704 1022 10 0.0546 309 213 570 439 0 0.0544 439 221 699 459 5 0.0542 307 201 563 438 6 0.0542 315 208 570 442 13 0.0539 443 221 703 453 5 0.0537 433 213 695 452 11 0.0536 247 461 496 696 13 0.0536 519 536 764 773 5 0.0534 179 192 435 438 6 0.0534 513 398 759 647 8 0.0533 561 322 814 573 7 0.0532 441 217 704 457 7 0.0529 314 204 575 439 13 0.0528 310 598 551 830 8 0.0527 389 88 650 322 3 0.0527 311 208 566 444 13 0.0525 586 470 822 704 3 0.0524 306 678 547 905 3 0.0524 528 464 766 714 5 0.0523 439 76 713 314 5 0.0519 499 319 753 571 0 0.0518 314 208 573 439 8 0.0516 584 469 814 706 11 0.0514 179 201 442 437 10 0.0514 509 397 759 648 13 0.0514 316 207 579 443 13 0.0510 452 79 726 319 7 0.0509 312 536 553 773 10 0.0503 440 223 702 456 10 0.0503 446 86 721 316 2 0.0501 513 399 755 645
PXeumz83RM3aONYpX7uS9u0jtFbEBP23,11 0.0575 545 790 814 1023 5 0.0564 681 405 942 646 11 0.0546 677 407 946 645 11 0.0546 435 796 695 1017 0 0.0540 499 788 763 1023 8 0.0538 630 213 866 437 8 0.0536 673 471 935 720 7 0.0530 503 787 766 1023 3 0.0521 502 791 760 1023 13 0.0520 504 791 769 1023 6 0.0517 439 792 697 1020 0 0.0515 677 478 944 721 6 0.0512 546 787 815 1020 5 0.0508 493 785 758 1021 8 0.0508 546 790 807 1022 6 0.0508 694 407 948 646 11 0.0503 624 215 881 431
geziaULYhrNP0XVWF9fNszgo00uqdrWz,0 0.0577 439 338 685 571 11 0.0572 441 336 689 563 0 0.0563 498 397 745 632 5 0.0558 488 515 734 776 11 0.0556 379 395 638 633 0 0.0537 437 464 698 713 8 0.0536 385 388 633 635 5 0.0523 338 468 677 667 10 0.0521 441 338 688 567 13 0.0520 386 388 647 635 11 0.0520 499 398 745 628 6 0.0519 346 475 686 670 0 0.0518 497 279 735 497 3 0.0516 381 336 639 581 8 0.0515 501 395 738 628 3 0.0515 327 280 565 515 0 0.0513 373 272 622 497 11 0.0513 374 271 625 490 8 0.0508 330 276 558 511 7 0.0504 400 469 756 662
lAxDvm8r7s1B4GCOyI15T8AReVB0ksM1,0 0.0698 310 87 560 302 8 0.0642 246 77 489 305 11 0.0639 315 86 565 297 0 0.0625 170 85 431 318 10 0.0618 245 85 496 303 0 0.0609 242 145 494 374 13 0.0599 246 75 503 305 11 0.0594 172 85 425 310 8 0.0577 174 139 420 377 0 0.0575 369 151 622 370 6 0.0572 514 193 755 429 8 0.0571 510 194 743 434 7 0.0568 318 81 566 301 11 0.0568 505 192 753 430 5 0.0566 298 131 557 371 5 0.0560 165 78 422 313 6 0.0560 378 152 630 371 11 0.0551 369 149 630 369 6 0.0547 176 88 433 311 5 0.0543 509 185 748 430 2 0.0534 513 200 752 432 7 0.0532 512 191 755 430 3 0.0531 376 147 626 380 3 0.0527 321 83 563 306 6 0.0526 318 89 569 298 13 0.0524 168 138 438 374 6 0.0521 244 146 497 371 8 0.0520 307 139 554 368 6 0.0511 312 206 570 438 3 0.0511 514 193 751 441 7 0.0509 376 147 627 377 10 0.0507 301 146 567 367 10 0.0507 168 147 430 373 7 0.0505 129 460 387 723 11 0.0502 240 143 492 366
CqdKsVPiyDBcq8hDR8F0sBkBUQ3sHwfC,11 0.0589 232 456 494 700 11 0.0569 232 579 492 821 7 0.0568 172 514 423 762 11 0.0566 306 523 566 758 8 0.0552 235 522 482 762 7 0.0552 498 387 770 628 7 0.0550 237 576 495 828 6 0.0542 438 457 708 696 8 0.0535 439 455 696 690 0 0.0533 437 453 699 697 11 0.0531 166 517 422 751 0 0.0531 221 0 489 206 11 0.0530 305 343 568 570 5 0.0528 429 451 697 692 0 0.0524 496 389 759 633 11 0.0524 431 461 700 693 8 0.0524 222 0 479 205 5 0.0522 163 508 415 757 8 0.0521 374 531 623 756 6 0.0520 370 529 638 760 0 0.0519 173 514 416 762 8 0.0518 498 389 754 625 6 0.0517 221 0 494 206 7 0.0516 314 519 569 763 7 0.0513 439 456 709 693 6 0.0513 315 173 570 388 13 0.0509 438 457 711 694 11 0.0504 214 3 491 207 5 0.0502 226 570 487 824 13 0.0501 245 650 505 894 11 0.0501 376 398 639 629
FwoMgIftqNG3BeQ7TQ76HdcEAIyGbO10,11 0.0653 440 721 696 954 8 0.0653 444 595 698 835 11 0.0641 315 721 571 962 5 0.0639 445 593 696 834 11 0.0630 183 728 437 962 7 0.0626 448 595 704 835 7 0.0615 443 715 700 958 8 0.0613 507 722 756 961 8 0.0612 326 664 566 900 5 0.0611 323 659 568 902 11 0.0599 444 600 702 830 0 0.0598 506 722 759 963 5 0.0598 506 721 753 962 11 0.0594 114 798 377 1021 10 0.0593 442 668 696 898 7 0.0591 317 716 574 965 10 0.0587 520 596 764 826 7 0.0587 187 725 441 965 0 0.0584 313 718 570 967 10 0.0584 506 727 761 962 13 0.0578 522 592 767 826 6 0.0577 442 666 697 899 10 0.0574 315 720 572 963 0 0.0573 118 792 380 1023 13 0.0572 445 667 702 897 5 0.0572 249 720 496 967 8 0.0569 252 724 494 967 6 0.0564 525 593 766 828 0 0.0563 187 721 439 967 3 0.0563 446 718 696 959 3 0.0562 318 717 570 968 0 0.0562 520 591 763 829 6 0.0562 508 726 764 963 3 0.0559 527 593 762 832 13 0.0558 329 665 578 903 6 0.0557 325 665 574 901 13 0.0557 511 724 766 963 3 0.0553 445 78 699 309 6 0.0552 251 725 504 968 2 0.0550 317 724 571 964 0 0.0548 442 667 694 900 7 0.0546 120 793 381 1022 13 0.0537 253 725 506 969 2 0.0529 523 595 764 828 13 0.0526 125 794 384 1023 6 0.0525 84 0 422 159 8 0.0523 122 793 368 1023 2 0.0521 442 724 697 958 11 0.0519 71 2 419 157 3 0.0517 123 794 375 1023 0 0.0510 728 28 986 260 11 0.0509 436 139 696 367 10 0.0506 181 729 437 962 7 0.0505 446 37 727 241 1 0.0504 321 660 570 906 8 0.0503 85 0 404 158 1 0.0502 437 713 696 959 5 0.0502 434 127 689 362
krCFU1sGaXg7jBZ9yOIQyK9vnPKNMMBl,5 0.0598 371 0 637 190 11 0.0557 369 0 642 187 5 0.0554 242 204 507 440 7 0.0549 252 259 515 503 5 0.0544 247 311 507 561 13 0.0542 380 0 647 192 3 0.0535 380 0 639 200 5 0.0529 247 3 511 259 8 0.0529 232 3 490 195 11 0.0528 246 320 510 560 11 0.0515 246 14 518 259 6 0.0513 380 1 643 193 8 0.0512 249 207 500 442 10 0.0510 377 4 639 193 8 0.0505 379 1 634 192 8 0.0505 249 319 499 566 13 0.0503 257 12 528 265 7 0.0501 381 1 646 194
0rwcUiZcyuFkv7xW2TAqxF2aKlqaXBZv,8 0.0625 127 589 370 833 0 0.0624 126 589 374 838 7 0.0620 132 587 374 834 11 0.0586 129 594 374 830 5 0.0572 124 590 371 831 10 0.0550 123 598 375 832 3 0.0549 129 592 372 838 6 0.0515 127 591 377 831 13 0.0501 71 586 325 827
ecyigSdGyNyDQYz9k1jOQQVjKsCAAqN4,5 0.0687 124 675 500 852 8 0.0665 133 673 496 853 7 0.0661 442 591 698 828 0 0.0653 132 675 507 854 5 0.0653 432 663 693 903 7 0.0649 507 661 764 897 8 0.0641 504 660 754 898 7 0.0635 135 677 509 852 8 0.0634 436 591 690 829 11 0.0629 502 595 766 824 11 0.0628 128 677 506 850 11 0.0627 370 591 632 831 5 0.0625 373 587 628 832 3 0.0622 438 664 695 907 0 0.0620 432 661 692 906 0 0.0619 503 593 764 828 11 0.0619 429 664 694 903 5 0.0616 504 594 759 824 8 0.0615 314 590 556 834 10 0.0609 128 677 504 853 10 0.0605 374 591 630 833 13 0.0604 440 595 701 830 13 0.0603 509 664 765 900 10 0.0603 432 666 694 904 0 0.0600 310 588 561 838 10 0.0599 506 597 763 826 3 0.0595 511 596 765 828 7 0.0592 318 592 566 834 13 0.0586 137 677 514 854 6 0.0583 436 594 700 827 3 0.0578 134 676 506 856 3 0.0572 378 591 632 837 6 0.0571 505 662 764 896 1 0.0563 499 657 761 899 2 0.0554 131 678 507 854 1 0.0552 433 587 697 828 6 0.0551 132 678 510 852 13 0.0545 315 594 567 838 12 0.0542 437 660 694 906 2 0.0541 433 665 696 905 2 0.0541 509 600 767 826 2 0.0540 376 592 633 832 12 0.0534 378 584 633 835 6 0.0530 313 594 564 835 11 0.0530 305 459 554 688 12 0.0525 511 591 765 828 12 0.0520 132 675 509 854 1 0.0516 130 673 503 854 4 0.0516 504 665 766 897 9 0.0514 431 666 695 903 11 0.0510 168 469 437 698 13 0.0502 310 457 562 690
MV8oKvBoQgQiP6UdEEpmxF5RbdSJDMaL,5 0.0548 493 797 751 1019 0 0.0539 504 805 761 1023 8 0.0537 504 799 751 1019 11 0.0518 501 804 759 1016 7 0.0515 508 797 769 1020 13 0.0508 505 806 768 1022
UVpsQuaxyiFiU1tu6Fl832t80DT2lMBi,5 0.0558 66 460 304 692 0 0.0529 311 734 570 976 11 0.0524 312 402 563 638 13 0.0518 70 468 321 696 13 0.0517 319 401 567 644
Vb0Z81bOfixghpMqlUmUTlDKGTetZaZ8,8 0.0646 499 1 764 192 3 0.0646 508 0 769 197 5 0.0621 501 0 764 190 11 0.0615 570 1 835 199 11 0.0609 199 2 584 145 0 0.0572 573 2 836 200 11 0.0570 566 470 828 705 8 0.0570 576 531 829 782 13 0.0568 627 473 888 698 10 0.0561 501 2 771 191 11 0.0560 317 24 592 263 13 0.0560 508 1 774 191 8 0.0559 426 82 676 316 8 0.0555 325 27 578 261 0 0.0549 578 398 840 635 5 0.0546 565 521 831 779 6 0.0545 575 2 840 201 8 0.0545 646 2 899 199 3 0.0544 644 3 911 209 7 0.0543 506 0 772 193 11 0.0540 425 82 687 318 13 0.0540 422 108 763 283 9 0.0538 499 0 770 188 5 0.0536 494 69 764 319 8 0.0534 214 2 567 146 8 0.0531 583 395 825 631 11 0.0529 622 536 883 770 0 0.0526 214 0 576 144 7 0.0521 216 0 586 144 6 0.0518 505 75 778 323 13 0.0517 583 394 844 631 13 0.0515 214 0 591 148 3 0.0514 434 81 686 328 0 0.0513 516 216 774 447 10 0.0513 414 106 758 287 0 0.0512 428 86 684 321 0 0.0511 572 530 838 791 1 0.0510 496 0 767 191 13 0.0509 328 24 595 269 13 0.0505 632 18 900 249 5 0.0503 642 0 904 197 0 0.0501 325 20 585 264 3 0.0501 572 465 833 712 2 0.0500 504 6 767 192
AoRR2emhU2TsbW1U8fXBWopTw9wTwYfO,0 0.0603 315 393 578 634 13 0.0593 318 394 581 634 5 0.0576 176 331 435 570 5 0.0575 332 461 592 695 11 0.0562 241 351 506 579 11 0.0557 508 551 774 774 7 0.0555 340 461 595 702 10 0.0552 315 399 576 629 11 0.0549 383 280 640 515 11 0.0549 336 463 596 694 8 0.0542 249 401 499 635 11 0.0539 609 604 877 839 0 0.0538 559 682 827 907 11 0.0537 441 609 701 822 7 0.0536 433 724 703 948 7 0.0535 516 548 777 774 3 0.0532 339 461 593 702 6 0.0531 339 462 600 695 8 0.0530 446 610 691 824 0 0.0530 393 546 648 775 10 0.0530 82 2 430 144 7 0.0529 451 608 701 823 8 0.0528 337 458 586 699 10 0.0527 254 528 516 744 0 0.0526 447 279 693 519 8 0.0525 510 548 763 778 11 0.0525 422 729 703 945 8 0.0524 82 0 416 146 8 0.0523 560 680 818 909 0 0.0522 502 616 755 836 7 0.0521 474 464 723 706 5 0.0520 379 329 638 580 11 0.0518 172 794 431 1020 10 0.0517 177 341 439 569 7 0.0517 323 602 578 820 11 0.0514 455 217 712 443 13 0.0514 462 395 713 638 3 0.0514 398 548 645 780 8 0.0513 612 601 869 841 5 0.0513 607 597 876 839 7 0.0513 616 598 878 842 11 0.0512 557 680 828 904 5 0.0511 388 545 645 771 13 0.0511 451 278 702 520 8 0.0510 320 339 570 578 11 0.0509 466 469 718 705 0 0.0507 618 606 876 839 0 0.0507 80 0 434 148 0 0.0507 261 525 520 749 7 0.0507 262 523 520 748 0 0.0507 308 281 574 514 5 0.0505 450 390 703 633 8 0.0504 172 790 419 1023 2 0.0503 314 396 576 632
Phw0P5VJJWotDOUWhvSntvZGrEn6TUcm,11 0.0508 169 184 439 414 0 0.0501 172 179 435 422
woD7D8Cuf0Ynp6UiZ9LP2sNTQ4v5Gk5X,7 0.0596 259 519 510 765 5 0.0576 248 459 501 708 0 0.0550 252 521 506 767 11 0.0549 248 470 504 707 8 0.0546 257 467 492 708 8 0.0538 321 520 558 759 0 0.0537 448 286 692 525 13 0.0536 246 573 506 827 5 0.0531 167 571 419 835 11 0.0530 370 586 640 807 11 0.0527 377 468 641 695 8 0.0527 568 330 809 568 13 0.0525 315 518 577 764 3 0.0521 254 524 506 771 5 0.0518 437 279 687 517 0 0.0515 505 10 770 238 13 0.0512 449 159 710 377 0 0.0509 381 465 640 703 11 0.0509 235 579 503 820 8 0.0507 506 146 763 369 7 0.0506 178 573 429 841 0 0.0506 570 333 816 571 8 0.0504 442 395 689 633 7 0.0503 451 391 703 633
y1YHloPUQnh8Ce9YpXry9gGHNHeZjx9d,7 0.0659 436 396 695 637 11 0.0614 433 396 696 633 7 0.0602 512 457 768 719 5 0.0597 558 401 818 647 8 0.0595 508 455 759 719 11 0.0591 507 458 766 716 11 0.0589 350 800 622 1019 8 0.0589 436 397 686 637 5 0.0587 428 390 690 637 6 0.0576 512 460 769 717 11 0.0576 308 198 561 427 3 0.0575 437 397 698 644 3 0.0575 565 403 824 654 6 0.0574 437 396 698 637 0 0.0573 559 404 818 649 8 0.0565 166 475 415 700 13 0.0564 437 399 703 638 3 0.0558 313 200 558 437 13 0.0558 513 458 771 720 7 0.0553 422 797 692 1023 0 0.0546 244 144 508 388 11 0.0546 159 478 426 698 13 0.0540 312 140 569 379 0 0.0537 430 397 696 638 5 0.0536 304 192 556 424 7 0.0533 248 141 511 381 0 0.0533 417 800 690 1023 11 0.0531 305 16 573 259 9 0.0531 431 401 694 635 2 0.0528 436 403 694 638 9 0.0528 506 460 763 714 11 0.0518 292 737 566 958 7 0.0513 170 474 430 702 5 0.0512 413 790 686 1020 6 0.0511 314 197 563 429 2 0.0510 512 462 767 717 3 0.0508 357 797 624 1023 0 0.0505 595 609 852 857 0 0.0504 381 149 642 374 11 0.0503 376 147 646 371 13 0.0502 358 798 634 1023 3 0.0501 126 533 375 778 6 0.0501 425 806 690 1023
RFHO24gi3m3YcLa0iVBvsgj18Wl86wdp,5 0.0668 361 189 623 435 11 0.0644 697 336 956 571 5 0.0643 568 330 823 578 8 0.0642 533 422 880 605 8 0.0633 372 269 630 503 11 0.0629 511 458 765 704 5 0.0627 297 258 562 502 0 0.0620 762 391 1017 633 5 0.0620 242 515 505 771 5 0.0617 572 457 826 708 0 0.0615 510 277 770 515 5 0.0612 558 223 832 459 5 0.0610 443 326 701 569 11 0.0609 381 332 647 571 3 0.0603 573 394 824 646 11 0.0602 531 360 892 537 7 0.0602 385 331 649 572 6 0.0598 565 281 827 516 7 0.0598 502 529 769 775 0 0.0598 503 151 761 386 3 0.0598 513 275 769 520 7 0.0597 451 396 700 637 5 0.0597 500 145 762 388 5 0.0595 626 531 886 785 0 0.0595 531 424 889 607 11 0.0594 243 523 508 773 8 0.0593 310 194 559 426 8 0.0590 446 397 691 632 13 0.0589 571 392 828 642 8 0.0588 701 333 946 571 11 0.0588 334 230 693 405 11 0.0587 764 269 1018 503 7 0.0587 574 333 827 580 7 0.0587 371 197 629 436 8 0.0585 562 280 818 513 7 0.0585 576 462 835 711 5 0.0585 495 520 764 770 11 0.0584 506 152 764 385 11 0.0584 565 530 824 774 11 0.0583 693 463 950 709 5 0.0581 436 446 689 693 5 0.0579 362 576 629 829 13 0.0577 565 279 831 513 8 0.0577 504 151 760 385 0 0.0576 333 227 693 410 3 0.0576 377 269 633 510 11 0.0576 446 397 695 635 7 0.0574 250 519 511 768 2 0.0574 574 397 822 642 3 0.0572 509 152 767 394 0 0.0572 766 269 1016 506 8 0.0571 307 331 558 564 5 0.0571 753 324 1014 560 8 0.0570 755 450 1002 697 6 0.0570 508 151 766 385 13 0.0570 571 531 832 775 0 0.0569 642 582 892 849 6 0.0565 445 275 693 508 10 0.0564 437 277 696 511 11 0.0562 298 267 565 503 6 0.0561 573 393 827 642 5 0.0558 368 379 634 633 8 0.0557 527 552 870 735 6 0.0556 706 336 956 569 0 0.0556 499 527 767 774 9 0.0556 507 397 764 634 8 0.0555 374 518 625 756 11 0.0554 300 388 559 638 6 0.0553 308 331 567 568 3 0.0552 383 390 637 644 2 0.0551 450 400 694 633
3uh1Cpkpcj7z6UlbkdlDkGQzIx5yD5nX,14 1.0 0 0 1 1
HDmCLs0tlNdMNWxuFB7gHmt2RUp4Is4w,5 0.0607 315 455 572 716 0 0.0607 330 522 586 775 8 0.0597 442 542 696 771 11 0.0596 325 526 587 772 11 0.0588 309 339 575 580 13 0.0582 323 463 584 718 7 0.0578 323 462 579 721 11 0.0576 392 453 649 701 8 0.0574 329 589 580 838 11 0.0570 373 277 644 509 0 0.0569 256 450 513 710 0 0.0569 442 543 703 775 0 0.0568 263 582 519 842 11 0.0568 438 544 704 768 5 0.0568 305 333 572 583 7 0.0568 444 542 708 774 6 0.0568 314 338 579 585 0 0.0566 384 398 637 649 6 0.0565 259 582 523 838 6 0.0565 287 482 655 671 5 0.0559 378 394 639 647 8 0.0556 252 450 505 708 0 0.0550 197 524 444 781 5 0.0549 319 584 581 839 11 0.0548 196 524 443 774 13 0.0547 386 398 644 646 11 0.0544 310 209 582 438 7 0.0541 315 335 577 585 11 0.0541 259 585 518 839 8 0.0535 196 524 440 779 7 0.0535 386 398 642 649 5 0.0534 305 199 574 440 7 0.0534 382 273 647 517 2 0.0533 381 403 641 645 5 0.0532 439 322 695 577 11 0.0532 251 451 510 707 5 0.0531 251 646 515 897 8 0.0529 387 663 639 900 6 0.0528 323 654 587 892 0 0.0527 314 272 578 513 10 0.0526 256 526 510 779 8 0.0525 402 352 749 538 6 0.0525 440 542 710 770 13 0.0525 313 338 582 586 8 0.0523 382 400 633 644 2 0.0522 320 466 575 719 7 0.0521 264 582 523 845 13 0.0517 380 277 649 517 5 0.0516 438 534 700 770 10 0.0516 308 340 575 581 3 0.0515 345 416 712 613 8 0.0514 309 336 568 582 13 0.0514 322 657 588 897 10 0.0511 442 546 708 769 3 0.0511 445 545 701 780 6 0.0511 316 207 581 442 7 0.0510 201 519 444 776 2 0.0510 444 337 697 573 6 0.0505 137 542 510 723 13 0.0505 557 533 815 777 2 0.0505 309 343 572 582 0 0.0504 322 655 583 895 8 0.0504 257 651 513 901 10 0.0503 284 485 647 673 11 0.0502 548 532 807 774 8 0.0501 368 207 627 442
nVLVAyUKLiHMvXzz4NeBKVIfRfCFiOje,8 0.0618 498 0 744 205 11 0.0608 501 1 753 202 8 0.0599 438 132 694 361 8 0.0587 372 6 623 250 11 0.0585 569 35 818 270 5 0.0583 497 0 749 200 7 0.0581 504 0 750 205 0 0.0574 639 0 892 207 3 0.0564 506 0 750 209 0 0.0558 504 0 749 204 11 0.0558 64 133 337 366 10 0.0558 571 39 817 267 11 0.0556 368 8 634 245 8 0.0554 638 0 881 205 5 0.0553 434 127 697 359 7 0.0549 572 33 819 272 10 0.0546 370 13 631 245 8 0.0546 571 33 808 268 6 0.0543 505 2 752 201 0 0.0542 193 0 561 152 3 0.0541 575 35 817 276 10 0.0540 503 6 749 201 5 0.0538 362 2 630 247 7 0.0538 373 7 634 246 5 0.0537 0 135 264 370 0 0.0536 369 2 631 251 13 0.0535 509 1 755 205 11 0.0531 563 140 827 385 0 0.0531 571 34 814 269 11 0.0528 639 0 891 207 5 0.0526 568 31 815 267 13 0.0524 375 9 637 249 10 0.0524 188 3 559 149 10 0.0524 638 1 891 204 13 0.0522 198 2 570 153 13 0.0522 574 37 823 274 5 0.0521 636 0 890 204 3 0.0520 642 1 892 209 3 0.0519 390 396 648 628 11 0.0515 439 130 707 359 9 0.0510 501 1 752 199 11 0.0505 186 0 561 148 8 0.0505 73 132 326 369 9 0.0505 640 3 893 202 0 0.0505 441 788 691 1023 2 0.0505 505 1 750 203 0 0.0503 236 73 503 319 7 0.0502 395 394 650 619 6 0.0501 641 1 895 204 6 0.0500 574 34 818 270
yyaZUjgM8MBow7QQdutbc1pwb085sBBf,0 0.0561 290 791 549 1023 11 0.0555 290 794 549 1023 5 0.0553 365 780 619 1015 0 0.0536 0 774 244 1001 11 0.0535 620 340 879 583 7 0.0533 296 794 556 1021 11 0.0531 447 394 701 630 13 0.0531 302 793 559 1023 10 0.0530 293 795 549 1018 11 0.0516 311 392 585 627 11 0.0516 393 328 643 555 11 0.0513 378 460 639 691 11 0.0509 425 784 682 1007 0 0.0505 381 458 638 696 3 0.0503 376 0 621 243
AiKANXoaIxqzkaIZETpzYrB3gDRdwhLY,0 0.0645 262 140 514 383 6 0.0618 260 138 518 382 5 0.0618 185 331 446 578 5 0.0617 192 131 455 386 5 0.0616 250 267 512 514 8 0.0613 126 74 374 317 11 0.0612 321 271 580 515 0 0.0611 319 205 575 451 0 0.0611 202 203 456 450 0 0.0610 569 463 831 703 7 0.0607 259 265 516 515 0 0.0605 258 270 515 517 7 0.0604 204 195 459 446 11 0.0604 194 75 448 322 5 0.0604 572 349 822 589 5 0.0601 315 138 572 382 8 0.0601 258 269 508 515 6 0.0600 259 270 519 516 7 0.0598 193 330 446 582 8 0.0597 380 339 633 574 11 0.0597 190 333 445 580 10 0.0597 252 275 511 516 11 0.0595 268 484 656 664 11 0.0591 620 415 909 649 0 0.0591 199 79 446 327 8 0.0590 573 205 823 444 11 0.0589 254 139 516 381 0 0.0588 572 208 831 441 8 0.0587 319 207 569 447 6 0.0582 193 334 449 584 8 0.0581 200 136 446 384 8 0.0581 567 464 823 701 10 0.0581 187 339 442 581 0 0.0580 622 285 882 508 11 0.0580 340 417 723 600 0 0.0576 321 345 574 584 0 0.0576 196 336 444 585 13 0.0575 263 138 520 385 5 0.0575 571 206 826 442 11 0.0574 514 138 781 377 8 0.0574 191 332 437 583 8 0.0572 270 485 642 666 10 0.0571 192 80 446 322 0 0.0568 378 275 634 513 11 0.0567 447 277 694 509 3 0.0567 190 274 450 525 3 0.0567 380 275 634 517 6 0.0567 321 203 582 448 6 0.0566 323 345 579 584 7 0.0563 381 274 638 513 8 0.0563 574 351 817 588 11 0.0563 625 286 887 506 5 0.0562 503 263 757 504 13 0.0562 256 268 517 516 8 0.0560 446 272 687 512 5 0.0560 57 492 320 725 10 0.0558 318 145 575 382 5 0.0558 618 410 901 651 2 0.0557 377 281 634 512 2 0.0556 258 271 510 517 5 0.0556 260 411 645 596 7 0.0555 322 345 578 585 13 0.0555 192 334 448 586 3 0.0555 318 205 579 455 13 0.0554 319 346 583 583 8 0.0553 58 490 314 732 11 0.0553 574 211 834 441 5 0.0553 373 269 633 510 11 0.0552 633 146 897 372 0 0.0552 388 132 646 376 7 0.0551 323 204 581 452 0 0.0551 386 606 761 801 0 0.0551 508 270 759 506 11 0.0551 388 132 648 371 10 0.0550 316 348 575 583 10 0.0550 196 207 454 447 3 0.0549 321 345 576 589 11 0.0549 574 355 826 584 6 0.0548 199 77 453 321 6 0.0546 628 418 906 653 0 0.0546 379 463 629 689 2 0.0545 261 142 512 383 6 0.0545 395 128 654 375
HRyQruypQO7F1D5El2jj9gmTz80UXq5x,0 0.0599 147 876 514 1023 11 0.0598 180 787 435 1003 7 0.0581 184 781 438 1008 8 0.0554 149 874 506 1022 8 0.0518 646 0 886 217 5 0.0516 638 0 890 221 6 0.0516 184 788 438 1006 3 0.0508 646 1 898 226 0 0.0507 704 3 959 222 5 0.0506 182 781 433 1002 13 0.0505 186 787 441 1010
jfjBYSjpBnDTlWwOeKPPcHXVmTlwN2tL,5 0.0661 561 599 813 834 7 0.0645 484 666 762 894 11 0.0640 476 670 758 890 7 0.0634 566 602 820 836 7 0.0634 348 608 700 794 0 0.0633 568 526 814 770 5 0.0625 477 660 756 887 0 0.0625 503 591 759 837 0 0.0621 569 395 808 631 11 0.0618 440 582 701 830 0 0.0607 423 659 695 901 5 0.0607 364 579 629 831 11 0.0606 569 394 810 628 8 0.0604 570 526 809 766 6 0.0601 572 527 816 769 8 0.0597 424 660 690 901 8 0.0597 366 732 615 972 8 0.0594 341 614 685 793 11 0.0593 559 607 817 833 10 0.0592 441 583 705 830 13 0.0592 572 526 821 767 11 0.0591 391 274 637 512 3 0.0587 576 396 805 633 13 0.0584 505 594 765 833 3 0.0584 506 592 759 841 5 0.0584 402 716 677 959 7 0.0583 312 649 568 904 6 0.0582 504 595 762 835 7 0.0582 573 393 809 631 8 0.0581 389 330 626 573 11 0.0578 572 282 816 508 3 0.0575 572 527 813 774 7 0.0575 450 332 706 573 5 0.0575 305 645 564 897 11 0.0572 309 653 568 899 7 0.0571 412 725 686 969 8 0.0571 571 393 805 630 6 0.0570 316 649 568 901 8 0.0569 502 593 756 835 3 0.0566 558 671 821 901 8 0.0564 561 671 822 895 0 0.0563 557 666 826 896 6 0.0562 373 585 634 833 10 0.0562 562 612 818 836 3 0.0561 425 661 694 906 3 0.0561 314 653 565 907 3 0.0561 371 587 630 841 3 0.0560 579 283 812 518 5 0.0560 571 278 811 511 6 0.0559 555 674 834 894 2 0.0558 572 529 815 767 0 0.0558 434 397 686 641 0 0.0558 344 611 691 792 10 0.0557 428 402 691 643 0 0.0553 261 580 508 840 3 0.0552 368 734 629 980 13 0.0552 575 395 813 631 6 0.0551 450 335 704 572 6 0.0550 426 662 698 899 6 0.0550 575 395 809 628 13 0.0549 317 653 573 904 3 0.0548 452 332 702 577 10 0.0548 482 671 762 894 10 0.0546 570 396 808 629 8 0.0545 341 486 695 676 8 0.0544 572 281 808 513 8 0.0543 314 650 560 903 13 0.0542 426 662 702 901 9 0.0541 438 580 703 827 6 0.0540 581 281 817 510 9 0.0539 560 603 817 834 5 0.0539 566 390 804 627 8 0.0538 401 201 632 431 5 0.0538 379 265 632 513 5 0.0537 424 393 685 636 0 0.0537 329 193 573 426 0 0.0533 574 283 813 514 11 0.0533 405 729 680 959 12 0.0531 424 659 696 898 8 0.0530 329 263 560 502 2 0.0527 505 596 758 836
GMwHRqjL4RI0kvj5GpxQRS25ULPVwp02,0 0.0564 335 418 701 601 11 0.0536 339 420 699 599 6 0.0530 411 479 762 673 11 0.0524 411 482 759 669 8 0.0522 336 418 685 599 7 0.0518 418 478 760 669 0 0.0512 408 476 755 674 13 0.0508 414 480 763 672 5 0.0505 401 475 751 668
UFQ0Wv6VXIKhEyXQUokOyY85qkUj7aaF,0 0.0608 439 717 695 950 7 0.0605 430 788 697 1023 5 0.0580 445 655 702 894 11 0.0572 304 794 561 1023 11 0.0570 426 792 689 1021 5 0.0559 487 800 747 1020 8 0.0553 362 789 615 1023 5 0.0552 198 278 555 462 7 0.0551 551 818 818 1023 7 0.0546 246 202 507 437 7 0.0545 513 673 773 903 11 0.0538 238 205 510 437 0 0.0534 501 600 757 836 0 0.0532 304 792 563 1022 11 0.0531 544 824 812 1023 8 0.0530 495 804 743 1022 7 0.0530 309 793 566 1023 13 0.0529 434 787 700 1023 0 0.0529 240 208 504 440 8 0.0528 440 713 689 952 7 0.0527 447 599 702 837 11 0.0523 387 679 639 895 11 0.0522 298 325 566 567 11 0.0521 499 535 755 771 3 0.0521 449 601 694 845 7 0.0520 506 530 759 769 3 0.0518 365 793 623 1023 0 0.0515 301 323 562 567 10 0.0515 386 680 638 897 6 0.0514 216 282 564 467 3 0.0514 498 807 748 1023 5 0.0514 349 786 621 1021 0 0.0512 551 821 815 1023 11 0.0511 502 678 769 903 6 0.0507 382 13 646 250 10 0.0507 358 797 624 1023 3 0.0504 445 718 695 958 11 0.0503 442 603 695 834 5 0.0502 295 321 561 566
9gfMZzvIwvjAac9EkQFMQfgYCzRQUaCM,8 0.0678 637 209 887 442 3 0.0662 639 209 892 448 5 0.0654 573 134 820 374 13 0.0652 633 143 885 378 5 0.0649 570 264 830 510 5 0.0649 384 0 647 194 3 0.0645 579 137 823 377 7 0.0644 570 75 823 313 11 0.0644 630 64 881 304 8 0.0639 517 2 772 194 0 0.0638 635 208 889 442 10 0.0638 571 141 823 376 10 0.0636 630 68 885 308 8 0.0633 574 140 816 371 5 0.0632 516 0 775 190 11 0.0630 519 1 776 193 5 0.0627 630 204 890 443 8 0.0620 635 67 883 307 0 0.0620 518 0 779 192 10 0.0618 517 4 779 193 0 0.0617 566 78 820 309 0 0.0616 390 0 649 194 7 0.0615 631 137 880 379 11 0.0614 388 3 649 195 6 0.0611 637 142 881 376 8 0.0611 391 0 639 192 11 0.0610 700 200 952 438 3 0.0605 525 0 780 196 8 0.0605 574 267 829 508 5 0.0605 634 343 899 591 11 0.0602 574 139 823 370 0 0.0600 575 273 834 507 5 0.0594 626 61 884 307 6 0.0594 712 198 953 441 2 0.0592 578 276 833 510 13 0.0591 575 1 839 202 3 0.0591 394 0 650 196 6 0.0591 582 270 838 507 9 0.0587 573 269 836 503 0 0.0587 686 4 956 217 5 0.0586 682 0 952 214 13 0.0586 571 77 826 310 13 0.0582 638 277 903 509 7 0.0580 394 0 652 195 7 0.0579 578 268 838 511 10 0.0579 573 272 838 514 9 0.0576 634 210 893 438 9 0.0575 572 140 825 368 10 0.0574 388 4 649 194 2 0.0574 578 146 823 374 11 0.0573 633 274 893 506 13 0.0572 391 0 658 193 6 0.0572 393 1 655 193 0 0.0567 699 271 947 518 3 0.0565 639 63 885 310 8 0.0563 636 348 898 592 10 0.0563 633 212 892 443 6 0.0561 380 278 644 516 6 0.0560 450 340 709 566 7 0.0560 706 195 951 444 6 0.0559 574 2 836 202 2 0.0552 521 3 777 196 9 0.0551 518 0 782 188 0 0.0551 637 352 901 590 11 0.0549 447 522 706 747 5 0.0549 691 267 946 510 8 0.0547 442 335 697 568 10 0.0546 683 4 956 214 13 0.0544 709 202 957 443 5 0.0543 254 264 502 501 6 0.0543 690 5 956 215 5 0.0543 304 329 574 564 6 0.0541 646 347 905 592 2 0.0540 635 71 887 307 5 0.0540 510 394 763 634 3 0.0538 643 351 903 600 6 0.0538 319 393 570 632 3 0.0537 704 273 947 517 2 0.0536 390 4 647 195 6 0.0533 571 79 822 312 11 0.0531 371 280 639 515 1 0.0530 573 266 837 511 0 0.0529 516 404 764 635 5 0.0529 435 325 700 567 4 0.0528 572 142 827 372 2 0.0528 638 216 891 441 1 0.0526 630 61 886 306 0 0.0526 260 267 504 507 11 0.0525 688 2 947 214 1 0.0524 568 0 833 202 2 0.0524 639 353 902 588 11 0.0523 451 405 712 632 4 0.0522 630 68 893 302 1 0.0521 569 137 824 374 13 0.0518 693 1 965 214
ZWALUto6pE1xlBVtB0aiJ6qQXus7cmLs,8 0.0669 238 329 491 578 11 0.0658 306 270 562 510 5 0.0643 250 210 501 453 8 0.0635 313 267 555 509 5 0.0635 297 343 560 577 13 0.0628 303 344 572 580 3 0.0626 303 344 563 579 7 0.0623 309 267 565 509 5 0.0621 366 265 628 512 5 0.0617 324 158 574 391 11 0.0616 233 334 501 577 11 0.0614 325 163 577 393 0 0.0606 325 160 580 395 11 0.0605 364 339 636 569 0 0.0603 249 266 507 515 10 0.0601 307 274 565 506 13 0.0600 310 207 564 454 6 0.0599 251 266 510 514 7 0.0598 330 156 582 392 5 0.0592 173 458 437 708 3 0.0589 310 211 556 455 0 0.0589 304 343 564 577 11 0.0587 305 590 573 817 11 0.0586 306 411 584 641 0 0.0583 237 665 496 905 8 0.0578 256 451 508 700 7 0.0572 310 410 589 643 11 0.0570 190 662 446 895 7 0.0569 238 331 501 576 11 0.0569 173 466 443 705 8 0.0569 332 161 568 392 5 0.0568 306 526 585 762 0 0.0568 175 464 444 710 8 0.0568 373 334 626 568 13 0.0563 372 269 638 516 10 0.0563 307 413 589 640 6 0.0561 329 165 583 391 7 0.0559 253 598 521 834 5 0.0559 246 594 516 831 0 0.0558 260 483 627 656 11 0.0556 434 543 706 775 6 0.0555 373 269 635 507 7 0.0550 370 337 635 572 6 0.0550 304 346 568 575 10 0.0549 368 345 637 566 3 0.0548 373 267 632 516 10 0.0548 236 338 498 575 7 0.0544 194 660 451 895 0 0.0544 373 264 633 513 10 0.0544 252 536 516 777 2 0.0543 250 271 503 512 12 0.0542 307 346 565 581 13 0.0542 313 467 599 702 10 0.0539 327 166 580 391 6 0.0536 194 660 449 895 1 0.0534 308 264 557 509 5 0.0534 185 656 444 892 8 0.0534 191 656 442 898 5 0.0533 255 480 627 657 6 0.0532 449 341 695 580 1 0.0531 367 333 629 570 6 0.0531 254 600 521 832 0 0.0530 314 530 584 764 13 0.0528 180 463 448 712 0 0.0527 375 600 636 828 2 0.0524 177 468 445 707 2 0.0522 250 403 509 647 10 0.0521 188 603 460 837 4 0.0521 308 270 562 510 8 0.0520 444 605 691 839 5 0.0519 438 593 693 838 6 0.0517 380 408 646 637 8 0.0517 308 532 576 758 3 0.0514 311 470 587 706 9 0.0513 235 335 497 573 6 0.0508 380 541 648 763 7 0.0507 313 530 592 765
Q3Br9pF36t4rL3S0tnRyFXUtt8vaihtv,11 0.0595 379 467 636 716 0 0.0565 377 401 640 643 11 0.0557 249 452 519 705 5 0.0541 442 215 713 444 7 0.0538 380 462 644 714 0 0.0535 296 342 642 533 8 0.0533 379 406 632 641 6 0.0529 381 535 642 784 5 0.0528 310 7 571 235 0 0.0523 441 291 701 510 5 0.0521 123 774 369 1011 7 0.0513 324 10 579 242 7 0.0513 379 339 649 569 8 0.0512 256 449 507 706 3 0.0507 382 468 636 718 8 0.0505 126 775 368 1014 11 0.0502 371 342 644 566 7 0.0502 124 776 378 1017
yaKvn3jrRBOL7qdswClKF5OGUVyVTArm,0 0.0651 558 281 812 509 0 0.0621 248 23 502 262 5 0.0621 554 274 808 508 0 0.0595 495 217 759 444 0 0.0587 320 187 587 426 13 0.0578 327 261 595 501 0 0.0578 380 12 628 256 7 0.0569 562 279 816 508 11 0.0568 250 312 515 561 2 0.0568 496 221 762 439 8 0.0568 558 279 806 508 0 0.0568 255 307 515 566 0 0.0567 391 331 648 572 3 0.0567 320 187 587 431 11 0.0567 317 264 591 495 6 0.0566 499 283 761 502 0 0.0565 632 217 887 455 0 0.0561 245 124 519 371 5 0.0561 490 210 757 438 11 0.0559 560 285 815 504 0 0.0559 380 125 649 355 11 0.0558 636 220 893 448 7 0.0558 396 264 666 494 3 0.0555 396 258 666 500 6 0.0551 447 216 719 434 11 0.0548 444 214 711 435 11 0.0546 383 123 651 355 11 0.0546 449 346 720 577 3 0.0542 499 214 764 448 7 0.0542 499 215 766 442 2 0.0541 558 289 816 509 5 0.0539 381 327 649 570 11 0.0538 245 128 524 368 7 0.0536 386 123 655 351 5 0.0536 312 188 581 419 8 0.0536 260 186 501 431 7 0.0533 388 4 635 252 0 0.0533 187 199 453 453 11 0.0526 307 67 577 295 7 0.0525 261 305 514 566 7 0.0525 258 186 514 427 3 0.0522 562 347 817 572 6 0.0522 262 307 516 565 8 0.0520 452 344 711 579 11 0.0520 602 364 964 539 6 0.0519 575 302 945 474 3 0.0519 328 316 591 573 8 0.0518 499 214 754 442 8 0.0518 324 257 578 498 5 0.0518 375 4 625 246 2 0.0517 447 143 701 361 10 0.0514 557 285 812 506 11 0.0512 310 377 589 627 8 0.0512 638 214 881 449 8 0.0512 310 126 570 359 6 0.0511 323 189 593 422 3 0.0509 394 6 631 259 7 0.0508 642 212 895 450 7 0.0507 252 17 507 261 6 0.0506 316 372 592 630 5 0.0504 251 305 510 561 5 0.0501 436 131 702 357 6 0.0500 556 345 818 569
BxhqMS8Go6EppZuzqqWjJUDUlSuYxMPH,5 0.0540 374 386 630 628 13 0.0536 257 394 526 642 3 0.0532 319 384 577 641 11 0.0525 251 394 517 635 13 0.0518 381 391 638 633 5 0.0513 502 599 746 829 8 0.0509 427 657 675 893 11 0.0507 376 389 631 631 6 0.0506 439 448 694 676 5 0.0504 248 388 515 637 0 0.0503 321 383 577 634 7 0.0503 382 390 636 633 8 0.0503 507 610 743 827
IvYNgMxo5GtvpB2BEJqqtr9q53h1lml6,11 0.0592 407 421 771 600 11 0.0589 498 597 754 837 0 0.0584 501 595 756 842 11 0.0582 432 662 698 896 11 0.0581 568 522 819 756 11 0.0570 250 340 511 559 6 0.0564 498 669 753 908 0 0.0555 571 521 820 761 5 0.0552 332 422 681 610 7 0.0551 412 420 775 602 8 0.0548 508 729 741 974 7 0.0548 442 727 695 971 13 0.0547 514 731 757 977 11 0.0547 320 406 586 630 5 0.0546 438 721 688 966 13 0.0542 505 594 763 842 8 0.0542 342 426 677 610 5 0.0542 243 397 503 630 0 0.0540 408 421 771 602 5 0.0538 318 341 570 567 7 0.0537 576 517 822 761 0 0.0536 321 408 582 637 3 0.0535 443 725 691 977 5 0.0534 497 593 750 841 6 0.0533 347 426 690 614 0 0.0531 509 725 748 977 7 0.0529 506 595 758 839 11 0.0529 505 736 750 972 7 0.0527 341 486 687 676 8 0.0523 576 452 810 689 10 0.0521 435 661 697 898 0 0.0520 260 342 504 567 13 0.0519 341 485 694 675 13 0.0519 415 419 781 602 8 0.0519 499 596 747 838 13 0.0518 444 661 703 902 3 0.0516 324 407 584 638 8 0.0515 245 400 496 630 6 0.0511 261 344 508 569 5 0.0509 445 546 821 728 3 0.0503 572 522 820 768 2 0.0503 439 728 693 972 10 0.0502 398 490 756 672
pjhC1LhcpiwNzqZ6xYQnRl8aIPV8snzN,8 0.0627 311 339 559 573 5 0.0613 241 389 502 629 3 0.0590 308 338 564 580 11 0.0589 308 275 563 502 5 0.0588 305 266 562 503 13 0.0561 313 273 568 507 0 0.0559 188 391 451 635 6 0.0558 191 392 451 631 11 0.0556 301 396 566 629 0 0.0555 305 336 567 578 7 0.0544 190 390 451 631 5 0.0542 173 328 433 563 11 0.0541 184 392 446 630 0 0.0541 511 469 763 695 8 0.0538 248 258 489 491 11 0.0537 506 470 764 688 0 0.0535 375 404 635 637 8 0.0534 376 404 626 634 7 0.0532 307 393 570 636 7 0.0521 312 271 567 507 13 0.0520 194 389 454 635 6 0.0519 315 271 568 504 8 0.0518 180 327 429 568 8 0.0515 507 470 756 693 3 0.0515 381 404 636 640 5 0.0513 121 395 376 637 7 0.0512 516 464 769 694 13 0.0512 313 393 571 638 0 0.0510 243 257 500 495 0 0.0501 424 529 693 755
W9gT8VTZqFqHTqI0KSZo5wefpL6jgrFg,0 0.0616 186 3 446 242 13 0.0596 190 0 451 244 11 0.0591 310 38 671 209 11 0.0586 620 537 891 769 11 0.0581 182 1 450 244 8 0.0579 188 2 442 240 5 0.0577 306 0 565 254 8 0.0576 621 541 885 774 8 0.0574 317 3 561 252 3 0.0557 192 0 446 248 5 0.0554 239 62 500 323 0 0.0553 314 7 574 257 5 0.0543 76 0 427 149 3 0.0541 328 31 668 215 5 0.0540 617 535 888 775 3 0.0539 334 73 576 323 11 0.0537 322 76 577 312 13 0.0535 319 0 575 254 6 0.0532 188 0 450 241 2 0.0529 188 4 447 245 7 0.0527 622 540 893 775 7 0.0523 319 6 577 260 7 0.0521 192 0 452 244 10 0.0514 314 9 570 256 10 0.0513 186 3 446 242 6 0.0509 245 67 510 324 8 0.0508 250 69 498 321 13 0.0503 626 544 897 777 0 0.0503 243 66 508 326
DPjW8xybLTGMzfROt4dse0VoiFlj6kaX,11 0.0719 383 655 640 899 5 0.0690 375 774 625 1020 7 0.0669 379 773 630 1023 5 0.0669 500 778 748 1014 11 0.0667 318 714 564 961 8 0.0667 380 773 624 1023 11 0.0665 377 776 626 1019 5 0.0662 434 710 688 959 8 0.0656 439 710 687 961 0 0.0649 323 654 573 904 6 0.0646 323 655 574 903 3 0.0635 389 652 639 903 7 0.0633 389 652 640 903 6 0.0633 391 461 648 702 11 0.0624 502 782 746 1012 11 0.0623 391 462 643 700 6 0.0621 381 718 632 970 13 0.0620 326 654 577 903 11 0.0615 455 392 699 636 0 0.0615 438 710 692 962 13 0.0610 382 776 633 1023 10 0.0607 386 657 639 901 7 0.0606 396 460 649 704 9 0.0604 377 774 629 1020 5 0.0603 447 448 699 695 5 0.0597 317 459 567 704 3 0.0594 381 775 629 1023 3 0.0593 322 712 563 968 2 0.0592 321 715 565 966 10 0.0592 376 779 626 1021 8 0.0591 505 781 742 1017 13 0.0590 441 711 696 961 12 0.0587 387 651 639 903 0 0.0585 391 461 646 704 0 0.0583 564 531 820 762 8 0.0582 325 464 567 706 7 0.0580 506 779 754 1019 0 0.0579 378 775 628 1022 3 0.0579 506 781 750 1023 8 0.0579 453 452 694 699 7 0.0575 460 391 709 640 2 0.0575 386 656 639 901 6 0.0575 568 535 821 758 13 0.0572 395 463 652 703 10 0.0572 318 716 563 964 2 0.0572 457 456 699 696 3 0.0571 456 451 700 704 10 0.0571 391 462 646 701 8 0.0570 384 392 631 638 2 0.0569 563 537 820 759 6 0.0559 459 392 709 636 6 0.0559 505 719 752 951 9 0.0558 436 711 692 957 1 0.0557 383 650 638 901 4 0.0557 388 655 641 902 13 0.0556 507 784 755 1021 5 0.0554 380 384 634 633 6 0.0554 322 394 579 639 5 0.0551 449 322 708 549 1 0.0548 376 769 625 1023 9 0.0547 448 451 701 693 12 0.0547 321 712 563 967 9 0.0546 501 783 752 1014 3 0.0545 325 464 571 709 7 0.0545 323 392 579 641 8 0.0543 563 535 814 761 2 0.0543 505 784 751 1017 5 0.0543 561 530 820 760 11 0.0541 317 394 578 639 7 0.0541 393 321 648 561 0 0.0538 318 392 577 643 4 0.0535 380 774 630 1023 0 0.0534 502 781 750 1019 11 0.0533 560 534 819 758 10 0.0532 504 784 750 1017 8 0.0530 457 322 698 555 6 0.0528 640 461 886 688 10 0.0526 566 539 821 760 3 0.0524 388 389 639 643 2 0.0524 324 467 570 707 10 0.0523 455 394 703 637
voIcMmURpBlSNvlq0jDiy45qyypEmx2T,5 0.0628 163 414 420 645 11 0.0620 232 471 489 704 3 0.0619 236 470 487 710 8 0.0604 174 420 414 649 8 0.0604 172 528 425 764 6 0.0598 171 418 425 650 11 0.0592 108 461 374 694 0 0.0592 111 412 365 645 0 0.0592 513 337 764 570 5 0.0592 165 524 425 757 3 0.0585 116 457 368 702 11 0.0585 375 346 631 576 8 0.0581 513 385 757 635 11 0.0581 306 407 564 648 8 0.0575 238 469 481 704 5 0.0571 505 329 757 567 8 0.0564 299 533 628 720 7 0.0564 234 542 489 776 6 0.0563 519 396 771 638 13 0.0562 168 471 430 700 7 0.0561 167 467 428 699 0 0.0558 165 350 430 579 0 0.0555 448 394 693 645 2 0.0554 169 474 425 699 11 0.0546 514 395 764 632 0 0.0545 241 417 490 658 11 0.0543 292 535 645 719 8 0.0542 516 264 755 514 10 0.0542 515 399 761 638 7 0.0538 305 534 643 724 0 0.0537 437 276 677 507 8 0.0536 313 402 549 645 11 0.0534 436 272 679 505 6 0.0533 174 528 434 760 5 0.0529 283 529 631 722 0 0.0527 234 541 486 777 5 0.0527 360 208 619 438 3 0.0527 312 403 563 655 0 0.0525 303 532 639 724 5 0.0525 440 389 685 641 2 0.0524 517 400 763 637 3 0.0523 452 327 687 578 10 0.0523 167 425 423 648 11 0.0520 322 288 571 512 13 0.0518 305 3 575 239 11 0.0517 366 217 626 442 5 0.0516 301 399 558 646 3 0.0515 306 535 642 726 6 0.0512 451 332 699 566 0 0.0511 317 349 562 590 8 0.0511 379 340 620 578 8 0.0510 228 605 475 841 6 0.0510 311 406 564 648 11 0.0509 161 352 431 575 6 0.0509 523 271 772 512 12 0.0509 168 468 427 698 9 0.0505 164 468 424 693 5 0.0504 429 269 674 502 13 0.0504 165 352 439 577 7 0.0503 517 333 766 565 3 0.0501 522 389 764 642 5 0.0501 367 340 624 577
JMKjE0ZladLAPhhLa9EHd5PccwbEG6Bw,11 0.0596 305 472 551 696 11 0.0576 432 662 699 890 0 0.0567 469 392 722 621 7 0.0552 473 391 722 617 11 0.0546 362 590 629 823 0 0.0544 640 549 897 797 11 0.0543 529 341 779 557 8 0.0543 469 393 709 620 0 0.0542 592 356 830 574 8 0.0537 383 471 610 692 11 0.0535 390 105 644 329 11 0.0534 451 462 701 696 6 0.0528 455 466 706 698 7 0.0517 367 588 631 826 11 0.0516 498 789 757 1015 5 0.0514 523 334 769 560 8 0.0513 529 342 770 560 0 0.0509 318 98 572 333 0 0.0508 512 726 876 918 11 0.0508 392 397 644 620 0 0.0504 500 787 758 1020 11 0.0501 643 551 896 790 7 0.0501 309 469 555 697
XJnUN1yL6GbLmhma13UL0eS8ydKNXued,8 0.0549 2 653 196 905 0 0.0539 213 281 577 467 11 0.0533 0 654 201 897 0 0.0513 0 656 204 905 5 0.0506 204 273 573 465 6 0.0503 219 278 590 468
yntAjZVHVRKmFqwPz9vg5hxSypwgVPYD,7 0.0636 250 734 498 960 0 0.0614 253 733 496 962 5 0.0592 242 731 490 955 11 0.0581 246 738 496 957 8 0.0580 250 736 488 961 10 0.0545 243 742 496 959 11 0.0539 108 313 395 529 3 0.0533 254 736 497 965 6 0.0509 250 740 498 956
V40xRgyTTADt6fXc6ZYXbnCq9es3a162,11 0.0559 385 400 642 631 7 0.0555 390 392 646 639 0 0.0549 502 406 765 634 7 0.0532 325 329 575 570 3 0.0531 394 397 641 638 11 0.0524 315 334 571 567 7 0.0521 250 450 502 698 11 0.0520 497 411 764 632 8 0.0519 248 453 494 697 11 0.0518 431 473 698 691 5 0.0518 495 404 759 629 6 0.0515 503 411 769 632 0 0.0515 385 397 644 638 8 0.0511 392 399 634 634 8 0.0509 319 331 560 570 10 0.0509 499 416 770 630 3 0.0507 322 330 568 576 13 0.0507 393 399 647 637
gmCljNvivZ7vROEcBnyz9NmrlZrlJ43c,11 0.0552 243 388 503 656 0 0.0534 251 390 505 659 7 0.0526 253 381 508 656 0 0.0518 312 460 582 714 0 0.0516 747 3 1022 213 11 0.0505 303 525 572 766 5 0.0503 307 456 576 703
tvWbR2hOGlhuPY5CXPESSq8n5XzLiZQi,0 0.0598 0 788 379 976 6 0.0594 9 793 378 975 13 0.0555 5 732 329 915 5 0.0546 0 728 314 911 11 0.0541 310 719 565 949 8 0.0540 2 790 370 976 3 0.0540 2 733 313 918 11 0.0537 53 788 322 1004 13 0.0531 2 788 269 1023 7 0.0525 1 727 322 913 11 0.0524 0 733 322 909 11 0.0524 362 802 635 1018 6 0.0523 369 800 638 1019 10 0.0515 0 736 319 911 7 0.0501 312 715 570 955
GHAfjQ2JmNZ21u2DoSh2Y95oiRYgOXjz,5 0.0532 241 199 524 423 11 0.0521 251 208 530 423 0 0.0518 245 75 518 297 8 0.0516 256 75 512 291 11 0.0514 244 71 522 291 11 0.0513 181 140 456 373 5 0.0510 243 67 512 290 11 0.0506 307 276 590 496
VASSW96sm5MeHhK8df3Y8ubGq5JpXloa,7 0.0595 571 797 824 1023 8 0.0570 569 797 810 1022 7 0.0564 439 730 707 967 11 0.0561 565 800 821 1023 0 0.0557 569 797 816 1023 8 0.0549 434 725 691 964 5 0.0545 563 791 812 1021 3 0.0534 573 795 819 1023 13 0.0530 188 264 438 507 0 0.0529 185 202 436 452 0 0.0527 240 53 511 310 5 0.0524 224 191 481 447 7 0.0519 233 196 494 451 0 0.0514 445 797 707 1020 5 0.0511 431 721 694 960 10 0.0511 568 798 817 1020 13 0.0507 572 799 825 1023 6 0.0506 574 798 819 1023 8 0.0504 192 197 429 448 3 0.0502 452 794 712 1023
uFeoVA80r1419cV4BND9ofedpavsH49p,11 0.0625 305 724 564 957 7 0.0612 314 721 565 959 11 0.0610 375 797 616 1020 7 0.0607 379 792 622 1023 5 0.0596 245 716 492 949 0 0.0589 310 719 562 961 0 0.0582 236 655 500 900 8 0.0576 380 791 611 1021 5 0.0575 374 789 615 1018 8 0.0572 250 716 490 952 10 0.0570 235 661 501 896 7 0.0568 240 656 503 896 6 0.0568 250 722 500 952 11 0.0567 232 660 501 895 3 0.0555 311 720 562 962 13 0.0553 383 796 626 1023 0 0.0543 378 793 619 1023 10 0.0541 308 727 563 957 13 0.0535 252 719 505 953 10 0.0523 375 797 621 1020 11 0.0523 244 392 509 623 8 0.0523 301 458 555 694 3 0.0523 379 794 622 1023 7 0.0517 307 326 577 564 11 0.0515 315 270 592 497 6 0.0512 379 797 622 1022 11 0.0510 296 459 571 696 3 0.0504 239 658 499 902 2 0.0504 248 721 499 955 12 0.0503 256 719 495 956
2OMggQt5nST55UbOV0hCRe94bDfGcRrb,5 0.0544 132 478 393 711 5 0.0516 246 401 512 644 11 0.0505 136 492 400 714
qpHIEgHso0VUvlN1wEsSvcRli7tHCR6y,5 0.0577 577 0 817 207 8 0.0571 579 0 812 211 11 0.0568 579 2 821 208 6 0.0550 583 2 826 210 5 0.0547 175 313 431 562 13 0.0546 586 2 829 211 0 0.0540 243 202 510 438 0 0.0539 580 0 822 212 11 0.0537 169 324 439 558 8 0.0532 180 316 429 567 0 0.0523 237 310 498 546 7 0.0522 183 319 436 562 3 0.0520 580 2 824 214 2 0.0518 581 2 823 209 7 0.0514 127 392 376 630 0 0.0514 119 392 370 631 8 0.0511 122 388 364 634 13 0.0510 128 390 380 631 11 0.0503 115 396 377 624
I96rGlKc0vxe7DgNFoy7SPED3CHicagK,8 0.0524 754 528 1004 773 0 0.0517 639 546 901 776 8 0.0506 635 597 889 830 6 0.0502 700 593 958 837
8sMSMm7dWExlFzJ84SQS4BiJHMD7Dt25,5 0.0646 224 795 479 1021 7 0.0619 434 734 702 984 0 0.0611 432 734 699 986 11 0.0609 388 611 768 790 7 0.0608 232 795 485 1023 11 0.0608 430 738 700 980 8 0.0599 499 683 759 919 8 0.0598 231 796 475 1023 13 0.0589 158 803 424 1023 11 0.0589 160 805 417 1019 5 0.0583 431 733 696 980 8 0.0583 387 609 755 792 8 0.0581 434 736 691 984 0 0.0580 158 802 417 1023 10 0.0569 392 612 765 791 11 0.0564 328 544 706 727 0 0.0558 394 611 762 793 3 0.0557 439 736 695 985 11 0.0548 577 607 839 840 8 0.0547 116 807 357 1023 7 0.0543 116 811 369 1022 8 0.0542 582 604 831 842 10 0.0539 372 731 630 971 7 0.0539 337 545 710 731 13 0.0535 442 741 704 984 7 0.0533 394 611 770 794 0 0.0532 334 545 706 733 10 0.0532 499 690 763 914 6 0.0532 392 613 771 791 6 0.0531 233 800 482 1022 10 0.0529 229 801 481 1023 3 0.0528 233 794 478 1023 8 0.0527 327 480 696 660 13 0.0524 393 612 776 792 3 0.0521 505 684 762 921 5 0.0521 327 544 701 728 2 0.0517 438 741 701 984 5 0.0516 387 609 759 789 0 0.0512 583 608 833 842 5 0.0509 495 684 764 912 3 0.0508 340 547 702 735 6 0.0507 587 605 842 840 6 0.0505 437 739 706 979 3 0.0502 398 610 763 795 5 0.0502 106 806 357 1022 7 0.0502 21 781 262 1009 6 0.0500 117 817 362 1023
ZFp29n7aHyQ6R9G1qOp0JlgUpXYXFlX6,11 0.0638 138 676 498 849 11 0.0638 190 722 447 955 7 0.0626 194 718 452 961 0 0.0611 259 723 509 956 6 0.0609 195 658 462 896 3 0.0607 252 661 515 894 11 0.0601 128 786 375 1018 7 0.0588 198 588 468 826 10 0.0588 194 594 463 823 7 0.0587 132 781 380 1018 8 0.0587 194 780 435 1020 0 0.0585 208 673 567 854 5 0.0584 188 717 445 957 3 0.0582 195 721 449 965 8 0.0579 253 659 506 888 5 0.0569 245 656 509 889 0 0.0568 192 782 443 1023 8 0.0554 130 654 379 888 3 0.0549 130 654 386 891 0 0.0546 125 656 387 887 5 0.0543 189 588 458 821 6 0.0529 196 786 444 1021 5 0.0527 122 654 379 883 6 0.0526 252 588 516 817 13 0.0522 136 782 385 1021 13 0.0521 73 673 447 848 13 0.0519 257 588 519 820 10 0.0517 207 734 587 913 8 0.0516 248 345 493 567 7 0.0515 371 737 629 960 11 0.0514 745 654 1018 872 5 0.0509 366 735 618 958 10 0.0507 126 787 371 1017 9 0.0505 133 671 500 849 11 0.0504 367 740 624 958 2 0.0503 250 591 514 818 3 0.0502 131 787 376 1023
PckNeZ7kmLGrc2ggktpG2d4YDzgYlXXC,5 0.0623 631 395 886 643 11 0.0612 631 397 885 642 8 0.0598 633 394 876 640 8 0.0593 566 320 810 567 7 0.0587 638 395 891 645 11 0.0586 563 325 818 570 11 0.0583 704 461 950 708 6 0.0582 570 321 820 570 5 0.0580 697 457 951 706 0 0.0572 567 321 819 569 3 0.0568 635 463 883 713 7 0.0555 571 321 819 570 5 0.0552 565 317 816 571 13 0.0547 569 325 823 569 3 0.0546 570 324 820 575 0 0.0542 636 393 887 642 7 0.0538 708 462 959 712 10 0.0530 628 468 888 706 3 0.0530 595 419 953 611 0 0.0530 707 461 951 709 11 0.0530 567 462 826 700 8 0.0528 706 459 945 708 13 0.0526 639 396 895 644 8 0.0513 570 454 816 697 6 0.0511 635 463 897 705 11 0.0507 253 142 491 367 10 0.0503 566 400 823 635
zsHBqVEgBe4wuLucGbSaW29psvQSUZ1I,11 0.0649 295 518 561 760 7 0.0643 296 514 565 763 5 0.0642 292 509 563 758 5 0.0633 332 479 667 665 11 0.0627 555 470 811 698 11 0.0627 362 452 629 689 8 0.0618 500 461 746 696 8 0.0614 368 512 628 756 7 0.0613 409 544 754 730 7 0.0610 379 401 641 638 5 0.0609 490 511 758 769 11 0.0605 472 596 823 789 13 0.0600 619 601 887 836 11 0.0596 628 533 883 771 5 0.0587 179 529 439 783 7 0.0587 264 392 520 638 7 0.0586 478 598 836 795 0 0.0585 337 483 671 666 8 0.0584 377 404 631 635 8 0.0582 290 460 558 701 0 0.0581 625 471 879 709 5 0.0580 625 526 882 774 6 0.0580 298 518 568 761 11 0.0577 239 589 496 829 8 0.0574 575 523 819 771 0 0.0571 402 544 749 728 8 0.0568 222 0 560 152 0 0.0565 219 0 568 154 11 0.0562 693 465 953 703 3 0.0561 370 517 633 759 5 0.0559 210 0 562 149 7 0.0556 184 530 442 786 3 0.0552 309 404 575 646 8 0.0552 308 581 559 832 10 0.0552 402 548 751 730 6 0.0551 636 534 890 774 11 0.0550 366 337 625 567 9 0.0550 291 516 563 754 3 0.0549 500 525 758 776 13 0.0548 247 466 509 710 6 0.0548 340 487 674 666 11 0.0546 169 1 447 193 6 0.0545 500 462 755 698 0 0.0544 185 530 443 787 9 0.0544 430 517 701 752 8 0.0543 500 579 751 833 13 0.0541 371 514 640 756 10 0.0540 294 526 565 762 3 0.0535 371 339 626 576 2 0.0533 405 549 745 729 7 0.0533 620 471 882 708 6 0.0533 234 1 515 203 13 0.0533 561 467 823 702 13 0.0531 380 406 641 639 2 0.0530 376 407 634 637 2 0.0530 290 467 562 701 11 0.0530 555 655 825 885 11 0.0524 114 593 372 834 9 0.0523 334 482 672 664 13 0.0523 175 1 449 195
HC8QCz5PvXkRVtz0GyvvYfZt6AQNkmeQ,0 0.0549 444 340 704 580 11 0.0547 179 264 449 491 0 0.0543 514 400 773 645 5 0.0540 167 331 423 561 7 0.0535 451 331 713 578 11 0.0533 516 400 776 643 8 0.0519 517 396 769 646 11 0.0513 445 278 709 501 6 0.0510 180 336 428 569 8 0.0509 447 336 703 581 7 0.0505 187 264 447 495 11 0.0501 541 549 902 735
yTeSlYUCQTvCzGsKbAkifj0fZYJKCu8o,11 0.0668 306 277 569 510 8 0.0625 380 282 635 515 8 0.0616 308 340 572 580 0 0.0610 384 279 641 516 5 0.0607 307 197 569 442 11 0.0599 382 207 648 440 5 0.0592 441 220 699 449 5 0.0586 379 276 638 514 8 0.0581 446 221 697 452 3 0.0581 386 280 640 519 7 0.0580 314 337 579 582 6 0.0580 314 278 570 515 3 0.0578 313 341 575 588 0 0.0573 310 337 575 579 0 0.0566 312 200 573 444 5 0.0559 304 334 572 581 10 0.0558 311 341 577 583 0 0.0556 447 223 703 453 8 0.0543 309 202 566 442 6 0.0541 385 208 653 442 13 0.0541 313 278 573 514 7 0.0539 385 280 646 516 0 0.0538 550 722 827 963 11 0.0533 66 1 314 206 10 0.0527 311 208 571 441 13 0.0527 384 206 653 446 10 0.0524 381 287 643 514 8 0.0520 389 137 640 375 3 0.0518 311 204 572 449 5 0.0514 382 133 641 375 3 0.0514 450 223 702 457 7 0.0513 317 199 574 440 2 0.0513 384 285 640 517 0 0.0512 386 140 646 377 11 0.0511 326 132 583 370 12 0.0507 388 282 645 516 9 0.0501 310 280 567 508 10 0.0500 448 229 706 448
PaMmH0NhHwxeILnUBZy1CswxosaTfmka,14 1.0 0 0 1 1
2ZjOgjTF0w5msZJ1P1TZ41It3FYcG3g5,11 0.0640 370 667 630 910 5 0.0613 368 666 628 912 8 0.0595 375 608 625 833 6 0.0594 372 668 636 914 7 0.0583 383 605 636 838 10 0.0560 372 665 634 913 0 0.0550 124 521 375 768 8 0.0547 115 271 356 515 11 0.0546 109 276 365 505 0 0.0544 374 606 631 839 7 0.0543 128 518 378 763 13 0.0535 375 668 638 915 7 0.0534 253 460 500 688 0 0.0520 250 463 498 690 3 0.0518 378 665 635 918 0 0.0517 131 332 378 570 2 0.0516 377 613 631 838 10 0.0515 119 528 369 763 5 0.0507 110 273 363 511
YifARMaDysLotFmsuyy8JDgRQuL8ZRQI,11 0.0508 571 795 809 1022
ijnke32ZlS41vQoDwgHVNBHA53Rm8HrE,8 0.0642 446 144 679 385 0 0.0624 444 147 687 385 0 0.0611 514 206 767 455 3 0.0610 452 146 685 392 5 0.0607 442 141 681 383 11 0.0603 445 146 688 385 11 0.0596 303 402 579 637 5 0.0594 510 202 761 455 0 0.0591 193 327 441 566 11 0.0589 313 144 582 389 3 0.0583 396 74 650 310 8 0.0580 516 207 760 455 0 0.0575 198 199 448 441 11 0.0570 277 539 635 725 0 0.0570 441 452 726 693 0 0.0569 312 140 581 387 7 0.0569 449 144 688 389 5 0.0568 185 264 440 505 13 0.0567 381 149 639 384 5 0.0566 241 186 512 442 6 0.0565 450 147 688 385 8 0.0561 316 143 568 386 11 0.0556 202 131 462 379 8 0.0555 391 74 641 302 3 0.0552 518 209 768 463 5 0.0550 383 67 647 298 5 0.0549 552 80 818 315 0 0.0548 388 78 650 304 10 0.0548 374 150 633 389 11 0.0547 514 210 769 449 6 0.0545 196 325 443 566 0 0.0544 556 83 821 316 8 0.0544 251 195 502 447 0 0.0543 277 472 626 667 8 0.0540 561 83 812 317 5 0.0540 247 386 506 639 13 0.0539 519 209 770 455 11 0.0536 388 75 652 303 11 0.0536 191 333 444 565 8 0.0535 377 396 640 633 6 0.0535 521 209 772 452 6 0.0534 279 472 628 664 10 0.0532 307 407 580 640 3 0.0529 320 143 579 392 7 0.0527 372 458 645 701 2 0.0525 451 153 685 385 5 0.0523 637 259 881 494 7 0.0522 250 190 516 448 7 0.0522 391 73 651 305 13 0.0520 255 191 523 454 13 0.0518 258 393 518 645 6 0.0518 318 142 581 387 7 0.0518 194 263 447 506 10 0.0516 254 335 516 571 6 0.0514 201 200 450 441 6 0.0514 564 83 824 314 7 0.0512 518 206 769 458 8 0.0512 638 324 881 555 8 0.0510 193 326 433 567 13 0.0509 395 5 658 234 3 0.0505 563 88 821 325 5 0.0505 272 71 535 310 11 0.0504 627 144 877 371 3 0.0503 215 128 461 387 8 0.0502 257 394 502 641 9 0.0502 373 150 635 380 11 0.0500 642 268 890 496
G3ehDYSTmFeC3NC0V7qu10KLDmGw0dNK,7 0.0620 252 793 501 1023 11 0.0598 247 797 497 1018 5 0.0597 247 793 494 1019 8 0.0575 254 798 492 1022 10 0.0560 251 800 498 1022 0 0.0555 252 795 496 1023 7 0.0554 390 790 622 1020 11 0.0526 384 793 617 1016 6 0.0517 253 801 500 1023 7 0.0511 370 594 632 820 7 0.0508 367 337 629 558 5 0.0506 380 787 609 1016 13 0.0503 254 799 504 1023 8 0.0500 444 406 687 614
SeyukT0vkBeGlkTNA4q6lCDbnj1kFWzn,13 0.0628 196 397 452 649 0 0.0588 194 397 449 647 11 0.0588 370 531 630 767 8 0.0585 255 459 492 707 8 0.0582 242 591 487 832 11 0.0576 250 461 497 705 11 0.0575 316 408 565 651 8 0.0571 304 530 548 770 11 0.0564 510 1 771 233 0 0.0563 308 466 555 721 5 0.0563 238 586 491 831 8 0.0560 323 402 561 652 6 0.0560 243 593 500 833 11 0.0553 375 669 636 888 0 0.0552 376 534 631 775 0 0.0547 246 592 497 835 13 0.0547 240 526 496 767 11 0.0544 242 657 508 889 3 0.0542 194 403 447 655 0 0.0542 320 342 568 581 7 0.0542 248 655 510 891 5 0.0541 299 464 552 713 0 0.0538 191 717 452 959 8 0.0533 190 721 445 959 8 0.0532 386 595 629 827 6 0.0532 307 533 559 768 6 0.0531 199 400 452 644 13 0.0529 249 653 512 895 10 0.0529 238 534 493 763 3 0.0525 518 1 773 242 5 0.0525 509 0 765 233 8 0.0524 517 0 761 237 7 0.0524 188 518 451 766 11 0.0523 186 728 452 955 3 0.0521 308 469 555 721 2 0.0521 516 5 772 236 5 0.0519 186 451 451 703 7 0.0519 315 586 569 824 11 0.0519 213 345 566 530 7 0.0518 197 394 449 647 6 0.0518 384 666 637 889 13 0.0515 315 587 568 825 7 0.0515 192 724 454 960 13 0.0515 308 465 563 717 8 0.0513 246 216 493 450 6 0.0512 517 0 775 238 5 0.0512 561 145 816 378 11 0.0510 237 137 494 364 13 0.0508 520 1 779 237 3 0.0508 238 529 493 772 8 0.0505 496 147 750 375 3 0.0504 315 591 563 828 2 0.0502 240 531 491 764 5 0.0502 313 342 565 579 5 0.0500 367 528 626 769
IJakrXttHuRTyDHe6W0yctGz5Na1Prl2,7 0.0585 564 798 834 1023 5 0.0583 488 788 743 1020 0 0.0552 491 791 746 1023 13 0.0541 499 795 754 1023 11 0.0535 493 796 742 1018 8 0.0521 495 791 740 1020 6 0.0521 498 799 749 1023 0 0.0512 739 4 991 213 3 0.0511 494 794 747 1023 2 0.0510 494 796 749 1023 9 0.0501 490 794 746 1019 11 0.0501 736 3 994 206
SekaBW6nL42efdH4iCpUp2FJm82nlCfi,11 0.0616 0 589 249 837 5 0.0613 0 579 244 837 8 0.0606 2 583 242 838 0 0.0589 0 584 249 840 3 0.0581 0 580 249 845 7 0.0578 193 791 442 1023 13 0.0572 2 587 253 839 7 0.0572 0 586 250 841 6 0.0570 1 589 252 837 5 0.0562 175 587 444 822 0 0.0560 766 787 1023 1023 5 0.0556 329 533 568 776 7 0.0553 184 587 448 825 0 0.0553 178 593 447 829 8 0.0551 203 664 449 896 11 0.0547 197 665 453 893 2 0.0531 1 591 251 837 11 0.0531 765 784 1022 1021 11 0.0530 187 796 442 1020 7 0.0530 333 537 571 782 6 0.0523 179 590 449 825 10 0.0523 3 591 247 837 8 0.0521 261 726 513 961 13 0.0518 201 662 464 898 2 0.0518 181 595 441 824 10 0.0517 179 596 445 822 13 0.0514 767 783 1023 1021 7 0.0513 317 791 565 1023 8 0.0509 339 543 562 779 3 0.0508 184 591 439 832 8 0.0507 379 654 629 884 6 0.0503 333 538 574 777 5 0.0503 183 786 434 1018
t22jGO5UadDYsJI4UbPN2vU3I0ilnNOA,8 0.0635 132 865 486 1022 5 0.0629 183 779 433 1021 11 0.0598 184 781 434 1020 7 0.0581 187 779 436 1023 8 0.0575 252 703 498 953 11 0.0572 248 703 504 948 7 0.0567 256 702 505 954 6 0.0563 188 786 436 1022 5 0.0557 246 702 500 952 10 0.0549 184 788 434 1019 0 0.0548 187 782 434 1023 5 0.0546 627 752 882 979 0 0.0545 252 703 503 957 11 0.0511 308 472 575 688 10 0.0506 249 708 504 953
raVV2y6FqPvjAezWObY9ddlzbPgtBGLN,11 0.0575 303 345 572 580 0 0.0572 175 518 430 770 8 0.0571 249 338 497 573 0 0.0564 245 339 505 574 7 0.0558 249 338 508 577 8 0.0548 123 343 376 574 0 0.0544 183 399 441 641 7 0.0544 124 343 393 577 13 0.0543 176 515 435 769 5 0.0541 240 337 502 570 11 0.0540 306 515 560 752 7 0.0540 310 398 572 643 6 0.0539 377 521 631 762 11 0.0537 240 402 504 640 3 0.0535 309 344 569 587 6 0.0534 186 399 444 642 3 0.0530 183 347 449 583 0 0.0530 240 583 494 825 13 0.0529 125 398 385 638 0 0.0528 308 512 559 754 5 0.0527 120 337 384 576 11 0.0523 241 285 508 515 8 0.0521 184 399 433 642 13 0.0519 249 400 507 642 8 0.0517 252 456 492 702 8 0.0513 308 399 561 636 6 0.0510 251 340 507 574 5 0.0508 64 414 315 645 6 0.0502 309 605 561 829 7 0.0501 377 517 629 762
aWEN8aRSrgpSdJufsXQrPjEvnI7FH70s,11 0.0591 302 470 558 706 11 0.0584 175 658 450 893 8 0.0580 313 10 573 239 11 0.0572 301 654 562 896 8 0.0559 237 400 489 646 7 0.0556 311 469 565 710 5 0.0554 235 397 500 643 5 0.0553 298 462 562 704 0 0.0553 301 648 563 901 11 0.0552 113 591 386 816 11 0.0548 428 473 672 709 8 0.0544 305 469 551 706 8 0.0544 239 272 493 510 5 0.0543 424 6 695 240 8 0.0542 428 13 694 240 11 0.0542 308 72 584 301 7 0.0540 244 401 500 646 5 0.0539 307 7 579 239 5 0.0537 502 219 762 452 3 0.0535 437 15 699 247 5 0.0532 176 649 441 892 13 0.0526 306 465 568 707 6 0.0524 371 468 623 703 3 0.0523 370 470 618 716 8 0.0521 301 650 556 897 11 0.0519 424 12 699 238 7 0.0519 433 468 683 712 7 0.0518 244 651 510 896 7 0.0517 434 12 703 244 0 0.0517 429 15 704 245 7 0.0515 126 591 386 819 8 0.0513 117 586 374 816 0 0.0511 313 7 585 243 6 0.0510 305 650 565 897 13 0.0509 186 660 461 895 13 0.0508 315 10 588 244 5 0.0508 297 645 558 897 8 0.0506 511 223 755 450 10 0.0506 304 473 558 708 0 0.0503 180 657 449 892 10 0.0502 427 476 678 712 8 0.0500 428 473 670 710
4RXkW20brp9YQrWM0JTUOfsTVj72vyZf,8 0.0627 377 777 613 1019 11 0.0614 436 722 695 952 7 0.0609 316 781 552 1018 11 0.0606 376 779 620 1014 5 0.0592 311 779 545 1016 11 0.0568 369 655 629 880 0 0.0559 375 777 619 1023 11 0.0556 247 781 483 999 5 0.0553 500 726 743 959 7 0.0552 442 719 693 958 11 0.0546 318 715 565 943 8 0.0546 254 779 475 1003 8 0.0544 436 719 684 957 6 0.0543 380 781 619 1017 6 0.0527 441 722 694 957 10 0.0524 375 781 617 1018 2 0.0519 315 787 552 1022 3 0.0512 379 777 620 1023 10 0.0505 438 721 688 957 5 0.0504 372 704 617 947 13 0.0502 317 785 556 1023 0 0.0501 502 726 746 962
RAhLFL98fy6IN4q9mKIqOOwHxJ4ZmHMm,11 0.0614 373 394 631 639 7 0.0613 438 394 692 630 0 0.0611 570 663 826 907 11 0.0594 571 666 825 898 8 0.0594 177 393 420 645 7 0.0583 575 661 827 905 8 0.0578 573 662 819 901 5 0.0575 569 657 822 903 11 0.0573 493 406 749 633 5 0.0568 167 447 433 697 11 0.0566 508 589 760 826 11 0.0560 239 397 507 642 8 0.0559 240 512 486 765 8 0.0556 496 403 743 636 13 0.0554 437 395 694 628 8 0.0553 318 331 571 573 0 0.0550 434 395 688 632 3 0.0546 575 663 826 907 5 0.0545 431 391 685 629 13 0.0544 575 596 830 840 8 0.0540 380 391 625 639 5 0.0539 505 582 754 829 0 0.0537 505 586 758 832 6 0.0534 438 397 693 628 11 0.0531 315 0 578 207 6 0.0530 575 662 826 901 8 0.0528 565 279 814 514 8 0.0528 309 459 560 702 0 0.0526 311 393 566 650 11 0.0526 231 518 493 765 3 0.0526 439 398 686 634 7 0.0525 513 582 761 832 8 0.0524 510 584 753 829 10 0.0522 570 668 825 900 0 0.0520 173 394 435 648 13 0.0514 173 401 438 649 5 0.0511 300 453 566 700 10 0.0510 318 338 579 573 6 0.0510 515 585 762 829 9 0.0509 571 666 822 900 5 0.0509 556 273 819 511 0 0.0507 684 622 942 828 11 0.0507 165 459 434 698 5 0.0505 677 618 940 820 13 0.0505 320 1 585 209 8 0.0504 323 0 568 207 5 0.0501 310 327 579 571
tNDqMDvfwEobLtj2QRDRzx5h3GGbvsFb,11 0.0595 303 603 572 824 0 0.0585 502 145 758 378 11 0.0574 385 211 646 444 7 0.0573 308 602 577 825 0 0.0562 385 208 644 450 11 0.0561 164 612 439 837 8 0.0558 388 211 639 451 11 0.0554 229 525 510 759 5 0.0552 377 600 633 835 5 0.0540 384 205 638 448 8 0.0538 376 606 628 834 11 0.0537 184 322 451 550 11 0.0535 500 150 758 372 8 0.0527 237 522 502 755 0 0.0526 308 601 569 827 3 0.0525 394 214 643 452 6 0.0524 501 149 763 374 5 0.0523 182 319 446 553 8 0.0523 82 1 430 144 8 0.0518 315 330 562 552 7 0.0518 395 212 645 451 6 0.0518 197 324 455 556 7 0.0517 319 326 575 550 13 0.0515 194 319 457 561 10 0.0515 304 605 573 825 3 0.0515 383 608 639 844 6 0.0509 392 212 649 446 13 0.0508 381 606 645 838 0 0.0508 70 1 441 147 5 0.0507 238 597 503 834 2 0.0506 391 213 647 447 5 0.0503 497 139 752 374 11 0.0501 311 328 574 550
zFkYuRnnRvfLg3S6cDP8xnPaTrC0wWtA,11 0.0535 318 534 565 778 11 0.0533 361 789 613 1019 7 0.0514 364 784 623 1017 8 0.0501 319 533 551 773
R5H3c931IGSUbiBY1Pu7J9RCxfvCH2XX,11 0.0583 439 526 694 761 7 0.0581 511 520 768 763 0 0.0558 507 522 766 763 8 0.0558 511 520 758 759 5 0.0555 506 518 762 760 6 0.0545 509 525 770 760 13 0.0539 513 524 773 762 10 0.0516 444 527 695 767
Wo1NZEGu3nQfQ9vx7uJdrptq59KK6E1C,5 0.0628 438 335 692 570 11 0.0625 379 345 644 578 0 0.0614 380 348 639 585 8 0.0603 379 343 638 583 11 0.0600 516 469 777 698 0 0.0598 254 215 505 447 5 0.0596 244 329 505 568 0 0.0595 320 70 561 306 7 0.0595 311 330 568 572 8 0.0595 520 341 770 568 8 0.0594 181 332 435 569 11 0.0588 517 345 782 561 0 0.0585 178 338 453 569 11 0.0583 371 731 630 960 11 0.0579 318 75 563 302 5 0.0577 512 397 769 636 8 0.0577 251 400 499 629 5 0.0574 376 397 637 640 6 0.0568 381 345 647 580 0 0.0566 518 344 778 568 11 0.0564 379 460 633 685 7 0.0564 450 337 706 573 2 0.0561 445 346 705 571 5 0.0560 254 79 501 319 13 0.0559 318 68 573 301 7 0.0559 389 401 646 645 8 0.0558 260 85 496 312 5 0.0555 253 207 505 443 10 0.0553 259 93 509 313 0 0.0552 866 391 1023 755 11 0.0551 868 390 1023 751 11 0.0549 248 334 506 570 6 0.0547 252 335 512 570 5 0.0546 371 725 624 964 6 0.0545 524 467 780 701 6 0.0542 867 384 1023 749 11 0.0539 231 807 500 1023 3 0.0539 383 343 641 588 8 0.0538 380 457 625 688 5 0.0538 313 641 579 894 8 0.0533 378 728 620 964 6 0.0532 382 461 638 687 13 0.0532 317 388 588 624 8 0.0530 256 212 501 444 11 0.0529 252 215 510 447 3 0.0529 526 347 780 573 9 0.0528 438 340 706 564 6 0.0526 527 345 781 569 0 0.0525 380 458 631 691 8 0.0524 869 388 1019 753 7 0.0523 260 210 513 447 11 0.0520 385 592 634 812 3 0.0518 260 84 504 325 6 0.0514 263 215 514 447 0 0.0511 517 466 775 703 7 0.0511 380 729 633 967 13 0.0510 525 409 780 633 1 0.0510 244 329 504 571 2 0.0509 385 413 640 641 13 0.0509 183 335 457 571 10 0.0509 307 344 569 568 7 0.0505 525 406 777 635 8 0.0503 518 465 766 705 5 0.0501 381 511 632 752
zY1jGjbJoR9HssRuz7o3n5KVKPYTlA6J,11 0.0596 375 779 628 1013 0 0.0593 323 529 569 760 7 0.0582 380 776 638 1014 5 0.0553 372 769 627 1011 5 0.0551 391 657 639 889 0 0.0548 377 778 631 1016 5 0.0533 315 522 563 752 8 0.0528 378 775 625 1015 7 0.0527 398 664 650 895 11 0.0526 398 665 642 891 8 0.0520 392 663 636 894 8 0.0520 321 529 557 752 0 0.0519 398 665 647 897 11 0.0515 764 2 1023 203 11 0.0512 317 528 572 752 6 0.0511 395 670 653 890 6 0.0509 379 784 640 1015 7 0.0504 324 524 574 756 7 0.0503 505 342 767 568 3 0.0503 379 775 634 1023
qawn6wvJrsZFho1gwZsoVhphrlwkoQOc,0 0.0622 1 650 251 899 8 0.0557 6 641 244 889 11 0.0544 454 616 704 853 7 0.0543 7 641 261 895 0 0.0543 757 34 1004 263 11 0.0533 7 655 257 892 6 0.0529 10 646 264 889 8 0.0509 459 615 694 853 0 0.0502 571 601 823 845
4nll3sBugqXTPJHJyUvhAZzpfidjRGDY,11 0.0614 178 408 448 650 5 0.0577 176 402 441 651 8 0.0573 129 461 379 710 3 0.0567 187 408 444 659 11 0.0564 187 536 444 771 7 0.0561 196 462 441 706 8 0.0546 71 394 317 633 0 0.0543 260 405 506 647 7 0.0543 261 400 509 649 11 0.0536 391 460 634 701 5 0.0535 186 533 441 771 8 0.0534 519 337 760 572 3 0.0530 193 537 442 777 8 0.0523 193 535 433 773 8 0.0521 178 317 439 576 0 0.0521 190 538 444 779 8 0.0521 448 275 706 506 11 0.0518 390 328 655 554 7 0.0517 456 342 709 573 7 0.0516 258 527 516 773 10 0.0511 257 413 507 647 11 0.0510 531 399 769 630 8 0.0507 253 458 494 708 13 0.0506 199 468 443 712 6 0.0503 196 465 441 709 6 0.0502 456 350 710 574 7 0.0501 536 394 771 635 3 0.0501 462 392 697 633
iJ2AI0pDzTv3MVxns8ijihAC7Im9yRht,11 0.0634 436 151 707 378 5 0.0633 243 340 504 576 11 0.0610 562 397 831 645 11 0.0604 178 343 438 577 0 0.0596 564 397 833 648 8 0.0588 510 397 764 651 5 0.0588 507 282 763 512 11 0.0586 307 133 573 356 11 0.0586 378 273 649 507 11 0.0583 400 417 768 595 5 0.0581 439 144 701 378 0 0.0576 376 276 645 512 6 0.0575 576 333 834 581 7 0.0571 517 399 769 649 8 0.0568 461 354 810 540 3 0.0568 513 341 775 588 5 0.0568 444 402 708 648 11 0.0568 311 338 581 573 0 0.0566 182 344 436 580 0 0.0566 460 357 817 540 0 0.0565 405 419 762 600 11 0.0561 501 223 763 444 5 0.0559 380 336 647 581 5 0.0555 304 125 567 356 6 0.0554 514 402 774 651 0 0.0552 314 340 580 576 8 0.0548 181 343 427 583 5 0.0544 307 407 576 649 0 0.0543 583 265 843 507 7 0.0543 385 273 647 514 8 0.0542 384 338 648 583 0 0.0542 250 264 507 506 13 0.0540 514 340 778 586 11 0.0540 249 263 510 503 2 0.0539 510 405 771 649 5 0.0539 245 464 501 706 6 0.0538 185 344 436 580 7 0.0538 314 133 573 358 7 0.0537 250 342 511 582 11 0.0537 576 270 843 499 3 0.0536 581 267 845 512 6 0.0536 514 285 769 513 5 0.0533 616 471 883 714 7 0.0531 468 356 818 539 3 0.0529 315 132 570 365 0 0.0528 508 219 764 449 10 0.0527 509 403 768 650 11 0.0525 402 545 765 723 0 0.0525 314 202 586 430 6 0.0525 446 150 712 379 2 0.0524 387 347 655 582 0 0.0524 404 544 762 728 8 0.0523 407 541 756 725 5 0.0523 178 276 437 509 7 0.0522 186 277 441 510 9 0.0522 375 278 647 506 11 0.0522 620 477 888 714 3 0.0522 249 349 510 587 2 0.0522 511 290 771 512 6 0.0520 392 342 658 583 8 0.0517 310 138 563 357 10 0.0515 245 347 505 581 6 0.0514 312 135 575 361 3 0.0514 421 476 773 665 13 0.0512 585 267 848 506 6 0.0511 251 468 508 707 8 0.0510 319 409 574 655 2 0.0508 183 346 434 577 0 0.0508 623 476 886 717 11 0.0507 243 470 509 704 13 0.0506 510 222 770 450 0 0.0506 247 468 507 709 7 0.0504 446 148 709 383 7 0.0502 417 544 770 725 9 0.0502 509 288 768 509 13 0.0501 185 344 443 583
EcCPtJ6tw8PauiFDWx5KHNh42re7ISv4,5 0.0600 167 323 443 564 11 0.0590 306 459 567 708 8 0.0588 370 595 620 831 0 0.0586 379 659 638 890 5 0.0585 247 585 509 823 11 0.0584 430 597 689 828 11 0.0577 219 606 590 787 11 0.0573 306 658 568 883 7 0.0573 316 459 569 711 7 0.0571 181 588 451 821 5 0.0569 184 194 446 426 11 0.0568 248 196 522 435 6 0.0566 434 654 691 887 8 0.0565 172 321 435 573 5 0.0564 368 592 626 829 11 0.0561 183 256 447 500 0 0.0561 182 585 445 824 13 0.0560 373 595 634 829 7 0.0557 252 190 519 436 11 0.0556 571 607 829 839 0 0.0556 245 657 509 889 8 0.0555 314 458 556 710 0 0.0548 504 648 755 891 6 0.0547 315 656 568 886 8 0.0547 433 651 686 889 5 0.0547 307 452 563 704 10 0.0546 250 203 514 437 5 0.0546 572 597 825 841 0 0.0545 313 588 566 824 8 0.0544 254 587 504 823 6 0.0544 195 193 452 429 6 0.0543 511 593 761 833 0 0.0542 193 194 447 427 6 0.0541 373 597 629 827 3 0.0538 381 663 636 892 13 0.0538 187 654 460 889 3 0.0537 252 592 510 830 8 0.0537 576 605 822 842 6 0.0537 183 585 451 821 3 0.0533 314 460 561 716 0 0.0533 311 456 564 709 7 0.0532 510 589 763 837 7 0.0532 189 253 447 500 7 0.0531 249 658 513 889 13 0.0529 509 649 764 888 8 0.0527 192 189 439 431 6 0.0519 179 327 446 570 7 0.0518 370 598 631 831 10 0.0518 250 594 513 825 3 0.0512 249 195 516 442 10 0.0511 310 658 571 886 13 0.0511 197 194 457 436 2 0.0510 180 589 448 821 10 0.0509 184 144 436 369 3 0.0506 179 330 442 577 10 0.0506 507 595 759 833 3 0.0506 506 652 755 895 2 0.0505 247 658 511 886
LXnDJQBB6rHkf0KnKbdK0sSAGGCzrPTg,11 0.0553 509 12 773 246 6 0.0544 521 12 774 249 5 0.0538 186 205 445 449 8 0.0532 193 204 447 452 8 0.0530 511 10 761 249 7 0.0529 519 13 772 249 11 0.0529 438 801 684 1023 11 0.0521 362 726 626 951 11 0.0520 188 207 456 450 13 0.0520 519 9 776 247 0 0.0516 510 12 770 250 0 0.0516 190 207 454 459 5 0.0512 436 789 681 1021 13 0.0512 198 209 460 458 6 0.0511 194 205 456 452 7 0.0509 443 796 690 1023 13 0.0507 88 221 345 452 10 0.0506 514 15 772 249 5 0.0505 508 7 768 247 8 0.0501 82 212 323 449
VPA5Tm0YFBEow0F5Kp6epTw8YCXdqMqH,7 0.0577 241 460 497 706 6 0.0575 321 78 568 309 8 0.0572 239 404 489 651 11 0.0568 235 466 497 706 5 0.0564 169 458 429 696 5 0.0562 241 298 512 525 6 0.0561 244 2 504 201 13 0.0556 180 465 439 705 8 0.0554 236 0 491 200 8 0.0554 310 463 555 705 5 0.0547 234 521 493 767 0 0.0547 252 304 520 531 11 0.0545 235 1 497 203 11 0.0544 364 463 628 711 8 0.0542 253 302 505 532 5 0.0537 432 326 696 561 7 0.0537 174 403 435 643 5 0.0534 326 213 587 430 6 0.0534 255 308 523 531 7 0.0534 372 456 629 712 5 0.0532 304 74 556 302 13 0.0527 248 3 510 202 3 0.0527 307 464 567 711 8 0.0522 175 460 418 705 5 0.0520 232 657 504 898 5 0.0519 297 580 566 825 10 0.0519 305 8 561 226 11 0.0519 309 81 565 307 0 0.0517 242 0 496 204 11 0.0511 247 306 520 529 8 0.0511 304 586 559 826 5 0.0509 301 455 562 704 0 0.0507 526 675 885 862 0 0.0507 370 457 625 715 8 0.0506 236 525 486 768 0 0.0505 424 588 690 831 7 0.0503 536 671 897 857 7 0.0502 447 328 708 567 0 0.0502 322 169 567 396 0 0.0502 236 404 502 653 5 0.0502 245 154 507 388 11 0.0501 245 589 507 829 3 0.0501 174 468 427 709 11 0.0501 355 591 638 822
9N5EBcmsjJz3o5OxRIH7DW9OTXpnL0bB,0 0.0655 177 336 425 582 0 0.0629 498 396 766 636 11 0.0624 268 418 637 598 8 0.0598 494 456 755 695 11 0.0598 492 458 762 693 8 0.0590 279 414 629 599 5 0.0589 494 391 759 633 5 0.0589 264 410 632 599 11 0.0589 181 396 430 637 5 0.0586 178 386 429 635 0 0.0582 429 465 700 705 3 0.0582 496 455 760 700 8 0.0580 178 333 418 580 0 0.0576 557 542 882 737 7 0.0576 503 393 769 634 6 0.0573 190 391 438 638 13 0.0565 188 391 439 641 0 0.0556 241 207 485 443 5 0.0554 434 326 698 569 6 0.0551 496 455 764 695 8 0.0548 310 528 547 777 13 0.0548 437 464 706 704 10 0.0547 498 395 766 634 11 0.0547 237 213 491 438 7 0.0546 439 466 703 703 13 0.0543 474 540 827 737 2 0.0541 499 399 763 632 0 0.0539 243 401 499 638 2 0.0535 182 396 433 638 3 0.0535 276 416 636 605 3 0.0533 182 392 431 646 13 0.0532 502 393 770 633 13 0.0528 280 416 644 603 8 0.0528 240 207 479 443 7 0.0527 279 414 639 601 7 0.0526 185 389 434 639 11 0.0525 247 526 497 776 6 0.0524 276 415 643 599 12 0.0524 501 393 767 634 5 0.0517 426 458 694 703 7 0.0515 473 543 832 739 0 0.0514 440 334 702 571 2 0.0513 561 456 829 689 7 0.0512 443 330 705 567 10 0.0507 429 463 702 706 10 0.0504 181 398 433 639 8 0.0503 628 459 896 692 5 0.0502 232 203 483 438 9 0.0500 492 455 759 693 5 0.0500 243 515 491 774
M4eP4F6o8T2A8mWdoPFwmQOYSrDss8k7,5 0.0587 250 375 525 642 6 0.0577 252 315 522 570 11 0.0574 446 334 710 566 13 0.0557 252 440 516 705 11 0.0556 268 350 639 532 8 0.0555 396 256 650 511 13 0.0553 315 508 593 769 0 0.0551 250 383 525 648 2 0.0550 254 386 523 645 11 0.0547 390 395 641 636 3 0.0546 277 347 636 541 7 0.0546 281 344 641 540 3 0.0546 452 329 707 577 3 0.0544 256 385 526 651 5 0.0542 267 343 634 534 5 0.0542 390 387 635 635 11 0.0541 247 382 527 640 7 0.0539 253 381 527 646 8 0.0536 318 381 570 627 11 0.0532 163 337 448 568 6 0.0530 186 378 453 643 13 0.0527 319 381 583 631 8 0.0526 513 276 760 523 0 0.0524 446 333 704 571 3 0.0523 397 393 642 644 11 0.0522 250 267 519 495 5 0.0521 164 330 440 571 0 0.0520 274 346 632 537 7 0.0518 383 462 641 704 5 0.0518 242 494 514 753 7 0.0517 454 327 711 571 8 0.0517 185 380 436 645 13 0.0514 177 336 449 579 0 0.0511 172 336 441 574 6 0.0508 451 334 712 571 11 0.0505 365 611 651 829 7 0.0502 173 332 446 574 13 0.0502 242 571 510 820
RmBtsKLHxrcJvXPypN9ouirCky2EFmZK,7 0.0619 445 512 701 773 5 0.0613 484 572 745 822 11 0.0608 420 646 686 887 7 0.0602 373 577 633 830 6 0.0598 443 513 701 769 11 0.0596 435 513 696 763 5 0.0585 418 635 684 891 8 0.0581 505 474 757 710 6 0.0571 428 642 691 889 11 0.0568 255 390 503 632 11 0.0564 303 519 560 757 0 0.0563 366 580 627 827 8 0.0562 298 650 556 893 5 0.0561 313 140 567 372 13 0.0557 304 579 563 822 8 0.0554 426 641 682 891 6 0.0554 302 649 563 892 13 0.0552 213 0 577 151 10 0.0551 440 515 698 769 13 0.0550 429 643 691 889 3 0.0548 435 582 690 831 3 0.0546 508 475 766 717 8 0.0543 489 578 743 821 10 0.0543 305 526 560 758 11 0.0541 292 649 562 889 0 0.0541 514 407 764 638 5 0.0541 237 584 499 830 10 0.0537 423 646 687 888 2 0.0537 426 647 689 887 0 0.0533 497 515 765 762 5 0.0531 252 386 502 630 13 0.0528 442 514 708 767 5 0.0528 501 467 763 707 7 0.0526 260 390 505 635 8 0.0525 211 2 562 148 9 0.0524 430 578 690 823 3 0.0524 492 652 750 894 0 0.0522 296 647 562 894 5 0.0522 143 0 493 155 7 0.0519 310 517 564 762 9 0.0518 486 649 750 884 8 0.0518 308 523 555 760 7 0.0517 518 399 770 639 2 0.0517 444 519 699 766 6 0.0515 312 523 564 762 5 0.0515 301 513 559 755 7 0.0515 246 587 505 830 6 0.0514 262 395 509 636 11 0.0511 312 145 570 369 11 0.0510 358 719 619 959 13 0.0510 258 392 506 641 0 0.0509 307 519 559 760 7 0.0507 321 143 574 374 10 0.0507 244 595 501 832 3 0.0507 366 650 636 904 8 0.0503 312 147 560 372 7 0.0501 365 713 623 964
ZO5Lie2nGYD7h5YDeL6FpFMamAiHyO67,10 0.0548 186 285 447 516 0 0.0546 185 280 444 518 8 0.0532 250 203 491 449 11 0.0532 264 409 634 592 8 0.0525 435 333 686 579 11 0.0525 250 261 504 500 0 0.0524 431 337 700 582 8 0.0520 276 407 628 596 8 0.0517 190 276 439 513 0 0.0511 268 407 639 599 13 0.0511 307 461 573 703 11 0.0505 425 334 699 580 13 0.0503 433 335 708 581 13 0.0503 275 407 644 598 0 0.0502 251 207 506 453 3 0.0502 194 278 449 520 13 0.0502 191 280 457 518 7 0.0500 433 333 700 580
KVFa7tqDBEeySpSS8Zm8ZtB8wGRJmeWA,7 0.0568 186 734 427 959 11 0.0560 176 794 422 1020 8 0.0547 219 416 567 605 5 0.0543 241 389 502 632 11 0.0538 243 395 506 634 7 0.0538 248 390 505 636 7 0.0536 245 785 500 1014 6 0.0530 3 490 253 711 11 0.0525 246 734 496 952 13 0.0525 150 0 524 155 13 0.0515 249 786 504 1014 11 0.0513 339 415 702 604 0 0.0512 242 786 494 1017 0 0.0512 151 1 510 152 3 0.0509 217 417 584 608 7 0.0508 241 259 498 498 5 0.0504 178 785 420 1016 5 0.0504 237 260 490 493 13 0.0504 346 414 714 605 8 0.0503 148 1 499 152 11 0.0503 237 268 500 496
HBeLs3p5oTdsZIkNyQCMmVJHdIhNlVur,11 0.0668 63 550 308 780 0 0.0654 62 550 306 784 7 0.0617 66 545 305 785 8 0.0612 65 546 299 784 3 0.0603 66 547 307 786 5 0.0580 59 546 301 786 6 0.0573 66 550 313 782 2 0.0554 64 556 308 784 10 0.0552 64 553 304 783 8 0.0545 104 769 367 1023 5 0.0518 363 775 634 1002 13 0.0515 64 549 311 784 0 0.0510 99 778 383 1023 11 0.0509 96 774 383 1019
eaYzLSBF8Y7XJGbPgCxWnVkBi6j1RuHz,8 0.0565 324 606 564 839 11 0.0565 50 591 310 833 8 0.0550 372 267 627 493 8 0.0539 53 586 301 834 11 0.0535 433 544 697 770 7 0.0530 370 261 644 495 8 0.0530 435 539 685 771 7 0.0529 329 391 589 648 6 0.0524 328 606 576 842 7 0.0521 441 542 699 776 10 0.0516 435 544 696 774 6 0.0515 437 543 704 773 13 0.0515 441 544 704 773 6 0.0510 51 589 317 832 7 0.0509 329 605 574 847 0 0.0509 51 590 313 838 8 0.0508 327 394 577 645 5 0.0507 362 259 637 489 5 0.0504 296 670 562 911 10 0.0503 332 547 583 784 11 0.0502 323 607 573 840
nZQzqHBCQ08aU0TxxhfeEX7lY9KouEmI,11 0.0605 378 654 642 878 11 0.0590 305 545 581 758 6 0.0575 373 594 647 816 3 0.0574 310 548 582 762 0 0.0550 386 651 644 883 8 0.0550 381 655 637 880 7 0.0549 311 594 579 828 8 0.0545 307 597 573 831 0 0.0539 312 593 577 832 7 0.0530 445 601 716 825 5 0.0524 302 591 576 825 13 0.0524 308 597 581 829 7 0.0522 381 483 644 690 8 0.0522 373 545 643 750 0 0.0520 373 544 651 751 3 0.0516 446 546 698 753 11 0.0514 382 486 648 684 3 0.0514 389 484 645 692 10 0.0511 310 550 587 756 5 0.0511 369 539 649 745 6 0.0509 441 547 709 744 11 0.0505 437 548 703 744
KVbdjyjWWddoDB5AheG7QGOiQAfLf7Vx,8 0.0574 374 540 629 767 11 0.0572 372 540 636 769 5 0.0542 359 601 615 838 0 0.0523 430 537 699 769 3 0.0518 384 540 634 776 7 0.0515 370 605 624 838 11 0.0500 518 333 764 567 11 0.0500 296 741 568 967
lZfJX7buojmww5Rd22MXfN7s7ldAIcfu,11 0.0669 2 538 235 785 0 0.0646 0 603 240 842 0 0.0620 0 469 235 719 8 0.0597 1 532 232 782 13 0.0585 4 536 244 785 5 0.0565 0 599 234 840 0 0.0563 67 542 302 791 6 0.0559 5 538 237 782 3 0.0556 3 598 238 848 0 0.0546 48 667 299 913 7 0.0540 5 538 237 787 5 0.0537 0 462 229 715 2 0.0521 2 608 242 845 11 0.0516 52 665 295 912 10 0.0516 5 540 234 784 8 0.0506 53 659 288 912 3 0.0504 2 462 239 725 0 0.0504 707 536 962 769 0 0.0501 634 459 890 718
spwV4l71ARlH0d10FZUCeeoOJFnH2z0F,0 0.0631 502 588 753 828 5 0.0623 305 600 571 837 0 0.0622 433 525 692 770 11 0.0619 569 595 826 828 5 0.0616 500 581 750 827 8 0.0608 572 592 823 827 0 0.0599 312 599 578 838 11 0.0591 503 526 752 772 0 0.0590 426 427 777 600 5 0.0585 420 420 773 598 7 0.0584 432 423 782 600 10 0.0578 504 590 755 828 11 0.0577 448 396 707 631 7 0.0577 575 592 830 826 7 0.0575 509 520 756 771 8 0.0575 439 526 687 768 3 0.0572 576 594 826 834 8 0.0571 311 602 569 836 6 0.0567 313 603 579 836 11 0.0567 309 602 579 834 2 0.0567 507 527 756 773 6 0.0566 509 526 755 772 8 0.0560 449 393 700 633 11 0.0560 369 469 638 696 10 0.0559 437 528 697 768 11 0.0559 111 647 374 878 7 0.0558 122 642 382 881 13 0.0554 507 587 759 828 11 0.0552 375 207 631 423 0 0.0548 296 489 641 673 6 0.0548 378 543 640 771 5 0.0547 371 460 635 697 3 0.0547 508 524 753 780 5 0.0546 110 641 371 877 7 0.0543 380 541 642 775 8 0.0541 377 467 629 696 6 0.0541 450 396 711 632 6 0.0538 572 595 828 828 13 0.0534 312 601 586 839 11 0.0533 250 463 524 692 13 0.0530 441 524 702 765 9 0.0529 506 523 754 770 2 0.0529 450 402 706 634 10 0.0529 382 400 641 625 2 0.0528 375 546 637 774 3 0.0526 377 542 641 778 8 0.0525 119 640 370 882 7 0.0524 314 601 580 839 0 0.0523 776 527 1018 762 11 0.0523 310 333 588 565 10 0.0522 309 604 578 835 9 0.0521 307 603 577 833 3 0.0519 455 393 708 638 13 0.0514 454 393 713 633 1 0.0513 569 590 826 830 12 0.0513 509 522 756 772 6 0.0513 121 646 380 882 2 0.0511 577 599 828 827 13 0.0510 316 469 588 700 3 0.0508 312 602 579 842 2 0.0506 312 608 575 837 12 0.0503 578 592 828 829 0 0.0502 119 647 377 883 6 0.0501 374 269 637 486
XUTu6rwwoxJmmSoK4AxL3FYr13YfWx9D,11 0.0659 500 732 763 976 0 0.0650 508 797 761 1023 7 0.0640 507 731 766 977 6 0.0637 443 732 706 974 8 0.0632 446 731 698 974 5 0.0630 440 732 697 974 5 0.0629 508 798 755 1022 11 0.0608 317 603 568 833 11 0.0603 509 329 754 559 13 0.0598 515 800 762 1023 10 0.0593 446 735 702 971 8 0.0593 317 605 561 833 7 0.0576 321 602 571 834 10 0.0574 318 606 568 829 0 0.0574 318 602 567 833 10 0.0569 512 800 760 1022 3 0.0562 449 730 700 980 11 0.0553 627 336 870 552 2 0.0552 512 802 762 1021 5 0.0551 507 328 751 561 6 0.0551 319 605 571 832 0 0.0550 579 324 818 555 2 0.0548 445 734 704 975 3 0.0548 515 799 761 1023 11 0.0546 373 216 628 436 7 0.0541 513 330 757 564 6 0.0540 512 800 764 1023 5 0.0538 313 601 562 829 8 0.0530 513 406 747 638 7 0.0529 629 330 873 554 12 0.0529 448 730 703 979 13 0.0525 323 604 573 833 2 0.0522 320 609 569 835 0 0.0522 373 216 626 442 3 0.0517 513 332 758 568 13 0.0514 513 335 764 565 3 0.0512 319 604 565 839 1 0.0510 438 723 702 975 8 0.0510 630 333 863 554 7 0.0505 255 537 504 771 8 0.0503 248 537 492 770
32uaFglGRNV4ZnjYvZNPcjGiLMfFeoUw,5 0.0580 250 521 515 774 11 0.0567 369 399 645 637 0 0.0545 361 536 639 776 8 0.0541 373 400 635 638 11 0.0533 307 462 575 701 11 0.0531 251 531 519 772 0 0.0527 373 399 643 640 13 0.0526 257 527 526 776 7 0.0522 258 527 523 776 0 0.0521 310 458 575 705 5 0.0521 365 392 643 638 6 0.0512 365 532 648 769 11 0.0508 1 630 261 863 6 0.0507 258 524 523 772 5 0.0506 505 193 750 449 8 0.0505 247 447 502 696 13 0.0503 375 399 651 640 8 0.0502 4 623 251 863 7 0.0502 375 395 649 643 3 0.0501 373 400 647 647
boDyS4ipIjhchH2Jr6RgGScoLpissXBA,7 0.0663 118 663 376 891 8 0.0631 116 663 367 891 10 0.0603 111 669 376 893 5 0.0589 168 600 423 827 11 0.0587 110 603 373 828 0 0.0578 250 460 507 689 7 0.0578 251 455 509 691 11 0.0567 245 462 505 688 0 0.0565 176 535 426 767 0 0.0562 115 665 375 897 11 0.0560 234 724 492 955 8 0.0559 301 671 566 902 8 0.0559 112 538 362 771 5 0.0550 0 0 250 230 7 0.0550 241 720 497 961 11 0.0548 0 0 260 233 3 0.0546 246 461 506 693 11 0.0544 168 538 425 765 0 0.0541 297 668 574 905 8 0.0539 314 462 556 691 7 0.0536 109 540 376 771 0 0.0534 240 722 490 962 8 0.0533 241 722 488 959 11 0.0530 360 722 621 960 6 0.0528 111 546 377 772 6 0.0526 246 466 513 685 7 0.0526 303 668 580 903 5 0.0524 232 715 488 956 6 0.0519 301 668 577 903 6 0.0519 117 666 379 893 0 0.0518 0 0 254 237 6 0.0518 244 720 494 959 10 0.0517 238 726 493 957 3 0.0515 120 666 373 897 10 0.0511 1 8 256 230 0 0.0509 620 789 856 1023 8 0.0509 174 464 423 692 5 0.0508 309 457 564 692 13 0.0500 240 720 498 961
24do4fjSabesp4lj00XbgyJnmyIDZKjU,11 0.0680 636 490 1019 662 7 0.0659 562 466 824 701 5 0.0644 690 456 946 700 11 0.0642 557 396 819 620 8 0.0639 763 511 1003 758 8 0.0638 564 465 818 697 0 0.0633 559 391 815 625 0 0.0632 636 488 1017 665 5 0.0621 555 462 818 699 6 0.0618 530 492 896 664 11 0.0618 545 518 818 757 3 0.0613 696 456 949 708 8 0.0612 635 518 890 761 6 0.0611 695 455 952 699 6 0.0608 636 381 888 625 7 0.0599 694 457 951 705 13 0.0597 637 515 900 765 3 0.0589 527 491 890 667 7 0.0584 504 394 766 619 13 0.0583 767 512 1015 758 8 0.0583 648 430 996 607 3 0.0579 505 393 763 623 7 0.0572 494 523 758 769 11 0.0567 372 142 637 376 2 0.0561 563 470 822 698 11 0.0561 183 2 578 153 3 0.0558 199 2 571 160 0 0.0557 495 463 753 701 8 0.0556 431 397 694 624 0 0.0550 521 612 870 793 0 0.0550 513 220 769 458 10 0.0547 630 522 893 760 13 0.0546 504 394 768 619 3 0.0546 377 75 642 317 10 0.0545 557 468 819 697 2 0.0543 503 398 761 617 6 0.0541 528 612 875 790 5 0.0541 433 5 696 237 11 0.0541 634 592 916 821 10 0.0540 500 398 761 619 8 0.0539 438 11 687 239 13 0.0537 472 541 829 726 2 0.0534 641 491 1014 664 12 0.0534 560 464 823 700 5 0.0534 360 74 639 308 7 0.0533 638 588 919 825 10 0.0531 640 489 1016 662 6 0.0529 506 395 766 619 0 0.0528 188 0 576 157 2 0.0525 516 616 871 790 8 0.0525 370 141 625 379 8 0.0525 523 612 864 788 8 0.0524 509 218 766 461 0 0.0519 429 401 705 626 13 0.0516 312 15 575 257 5 0.0514 495 392 755 618 9 0.0514 556 393 816 619 3 0.0511 471 542 816 732
SbDzroyjGzjOjoGm0Xn2E9LOJnVJTV8P,5 0.0547 238 412 509 649 13 0.0542 250 422 520 657 11 0.0539 136 792 390 1017 5 0.0536 194 776 441 1007 8 0.0536 139 788 384 1019 7 0.0526 140 788 396 1023 8 0.0516 247 666 491 906 11 0.0506 236 666 500 904 6 0.0502 249 420 519 653 11 0.0501 235 421 513 652
d558v1WO5gJPA4O66se5VKCMdG2vqPUR,11 0.0626 392 675 758 852 5 0.0620 385 672 759 853 0 0.0618 395 675 763 855 11 0.0595 334 610 693 794 7 0.0589 340 607 701 793 0 0.0586 335 607 697 795 7 0.0583 395 672 769 853 8 0.0578 389 673 756 853 10 0.0564 333 611 697 794 8 0.0557 332 606 688 794 10 0.0556 497 610 762 858 6 0.0553 336 610 700 795 0 0.0551 565 617 824 862 3 0.0549 392 673 759 857 11 0.0548 561 621 832 857 2 0.0545 394 678 766 854 5 0.0535 328 605 689 792 13 0.0533 338 609 708 796 6 0.0532 394 676 765 853 13 0.0531 399 675 772 855 6 0.0524 566 617 831 857 9 0.0523 331 609 693 791 2 0.0519 335 611 697 795 0 0.0507 627 554 887 795 8 0.0501 565 616 820 859
v9o5j1YEU8UqhLuIocaEGAkqIza3XlH5,11 0.0638 311 667 574 890 11 0.0597 755 0 1022 197 11 0.0594 230 596 497 830 11 0.0575 238 723 505 949 5 0.0575 641 0 1001 158 8 0.0573 186 543 429 786 11 0.0569 186 467 438 711 0 0.0566 762 1 1018 203 0 0.0559 314 666 574 894 11 0.0557 301 526 563 754 8 0.0556 651 0 993 156 13 0.0551 655 1 1014 160 8 0.0541 132 396 386 647 0 0.0539 246 535 493 776 7 0.0538 653 0 1007 158 8 0.0537 372 1 632 191 5 0.0536 313 660 571 891 5 0.0534 181 663 459 905 8 0.0531 241 725 496 957 8 0.0529 247 465 492 702 6 0.0529 764 1 1020 200 8 0.0526 315 666 564 894 0 0.0523 185 665 458 906 7 0.0518 237 593 502 832 2 0.0518 651 4 1003 157 5 0.0517 181 391 450 641 3 0.0516 241 666 506 909 10 0.0515 762 4 1020 198 3 0.0515 244 535 490 784 3 0.0513 763 0 1021 204 3 0.0513 310 592 566 831 0 0.0510 193 469 435 714 7 0.0508 135 396 400 644 8 0.0507 245 1 494 201 5 0.0502 128 596 384 840 9 0.0502 649 0 999 156 13 0.0502 245 662 513 906 0 0.0501 136 598 388 840 11 0.0501 207 413 593 589 6 0.0500 318 669 574 892
cPeQCHBj10fBlyUtgbPHurnHebY1R6po,11 0.0566 320 334 578 584 5 0.0557 439 263 692 490 13 0.0553 256 269 526 517 10 0.0552 380 344 639 579 0 0.0549 442 266 701 496 7 0.0540 451 268 703 499 11 0.0538 442 271 699 491 11 0.0538 345 467 710 655 10 0.0537 446 270 702 493 8 0.0534 448 264 691 495 3 0.0533 450 267 698 499 6 0.0532 450 269 706 495 5 0.0530 187 202 446 448 13 0.0524 327 335 584 586 0 0.0521 444 391 707 636 0 0.0519 352 536 715 735 11 0.0517 296 788 552 1008 8 0.0515 248 151 501 387 0 0.0515 250 149 508 390 5 0.0511 317 327 579 581 8 0.0508 380 337 630 578 0 0.0506 252 267 516 515 7 0.0502 452 388 711 635 11 0.0502 248 272 515 511 11 0.0501 347 601 724 791
ZaTde5KIyyecaQhk4RHzFFD2D0Dm1Sej,8 0.0663 12 788 243 1023 0 0.0659 7 604 257 838 0 0.0654 9 793 249 1023 8 0.0650 8 658 240 907 11 0.0617 10 793 251 1022 3 0.0609 15 658 248 912 5 0.0608 7 788 245 1021 7 0.0607 10 597 261 843 11 0.0594 8 667 251 908 11 0.0575 0 551 252 772 7 0.0575 12 788 250 1023 5 0.0572 3 658 245 906 0 0.0571 0 491 247 723 3 0.0571 15 788 250 1023 8 0.0564 3 545 244 772 5 0.0558 0 543 245 773 3 0.0542 5 546 252 777 11 0.0540 449 217 708 443 9 0.0540 5 717 251 959 6 0.0535 12 796 251 1022 2 0.0529 10 668 252 909 6 0.0527 12 665 254 905 7 0.0521 2 485 257 723 5 0.0518 568 270 820 513 3 0.0517 455 214 708 448 6 0.0515 508 337 762 586 3 0.0512 512 344 762 589 10 0.0511 9 665 246 907 2 0.0510 10 796 252 1023 6 0.0507 573 274 825 515 7 0.0505 572 274 826 516 11 0.0505 569 281 825 514 10 0.0504 7 788 249 1022 5 0.0503 445 206 701 442 8 0.0502 451 211 695 443 7 0.0502 511 339 767 585 9 0.0501 0 601 262 836 11 0.0501 504 346 762 583
MSx6rMeb0B5X44r5uznDZWKKTwphUmpf,13 0.0531 240 157 519 399 8 0.0519 177 142 436 400
2Imb3QGwaJner2pmaAMTYjUWsh8UACok,7 0.0574 438 213 690 458 11 0.0573 366 284 635 509 11 0.0558 433 217 691 455 8 0.0558 499 279 760 515 7 0.0553 508 336 763 582 3 0.0551 502 279 762 523 0 0.0548 366 281 634 512 0 0.0544 497 280 767 519 3 0.0540 442 214 684 462 5 0.0540 487 203 748 450 11 0.0539 380 143 629 373 11 0.0538 573 139 821 372 8 0.0536 437 214 680 452 11 0.0524 498 279 766 517 6 0.0518 442 142 688 386 0 0.0515 334 230 698 411 8 0.0514 373 282 625 507 7 0.0512 385 137 633 377 5 0.0505 435 58 687 312 13 0.0502 373 282 642 512
Yu2JmvXNyqrU7uY7Sk4QSfGumcc1UI9A,5 0.0653 492 519 753 774 0 0.0621 439 524 698 778 11 0.0619 497 467 754 704 11 0.0607 572 409 826 642 0 0.0601 444 401 697 644 0 0.0599 375 590 634 850 8 0.0591 493 526 750 774 5 0.0591 498 334 753 574 11 0.0587 440 405 697 639 6 0.0586 444 528 704 774 5 0.0584 569 400 822 642 11 0.0581 186 387 431 622 0 0.0579 572 407 826 647 11 0.0577 437 529 697 772 5 0.0576 625 477 887 725 8 0.0571 126 391 379 633 5 0.0567 114 391 387 628 11 0.0567 500 343 760 573 8 0.0560 577 409 821 642 3 0.0558 575 129 826 375 8 0.0557 570 127 816 366 5 0.0555 432 453 687 705 7 0.0554 499 525 758 776 7 0.0548 452 340 706 583 8 0.0547 502 334 754 577 6 0.0542 261 328 518 569 0 0.0541 126 395 382 636 5 0.0538 181 320 439 564 11 0.0537 308 806 564 1023 6 0.0535 447 403 704 642 6 0.0531 132 391 394 634 0 0.0530 190 324 441 569 3 0.0528 509 337 759 582 11 0.0528 255 325 517 564 7 0.0527 576 127 829 364 13 0.0526 499 527 761 771 8 0.0525 443 401 691 641 2 0.0525 505 344 762 574 10 0.0524 496 467 754 710 13 0.0523 378 518 641 770 6 0.0523 578 127 832 363 11 0.0523 570 128 829 362 5 0.0522 565 122 822 363 8 0.0522 191 320 432 567 0 0.0522 505 339 756 579 5 0.0522 372 655 626 916 5 0.0521 246 393 494 635 6 0.0518 378 595 641 845 7 0.0516 255 396 498 639 7 0.0515 386 667 638 917 13 0.0514 452 342 711 579 0 0.0513 627 480 894 727 3 0.0513 189 325 444 575 13 0.0511 381 4 648 233 11 0.0511 123 460 379 688 3 0.0510 132 394 388 643 8 0.0509 252 803 495 1023 5 0.0508 372 0 643 230 10 0.0508 502 342 763 577 6 0.0508 578 411 831 643 5 0.0506 312 445 570 694 7 0.0505 437 459 693 706 7 0.0504 130 393 392 632 0 0.0504 268 455 522 699 11 0.0502 498 71 766 308 5 0.0501 244 523 516 764 8 0.0501 253 395 486 632 3 0.0501 448 402 698 646 3 0.0501 577 409 828 652 13 0.0501 579 412 833 645
Z1bW7aB6Bp1c3xt8fQAAo9qnB85unPh2,8 0.0595 557 463 811 709 0 0.0579 558 460 820 711 6 0.0575 564 463 821 710 11 0.0568 555 465 819 708 5 0.0568 557 459 812 709 0 0.0539 3 426 264 666 3 0.0535 565 465 817 716 13 0.0528 562 464 823 711 7 0.0526 563 464 818 713 5 0.0524 380 2 635 242 7 0.0514 387 7 643 251 13 0.0509 390 5 641 248 8 0.0509 385 3 631 252 2 0.0501 560 469 818 709
Ddls8tP284UFmIIX2GKdsHhllmnmMds2,5 0.0608 168 389 431 638 5 0.0580 244 327 507 565 11 0.0578 245 392 503 632 6 0.0575 178 396 439 639 13 0.0563 253 393 506 642 11 0.0555 276 349 632 529 7 0.0551 176 393 436 636 11 0.0549 361 472 715 653 11 0.0547 306 517 583 758 7 0.0542 438 773 684 1010 5 0.0540 301 589 583 836 5 0.0539 557 392 804 631 0 0.0537 307 595 590 839 8 0.0533 282 351 620 530 11 0.0533 376 783 629 1015 0 0.0531 310 457 578 694 11 0.0529 299 660 582 896 11 0.0528 118 413 392 645 7 0.0525 251 329 513 570 8 0.0521 172 392 427 643 5 0.0520 206 279 578 467 0 0.0519 249 389 498 632 3 0.0519 279 347 634 535 13 0.0519 293 478 651 662 0 0.0518 433 775 679 1009 8 0.0518 359 547 696 728 6 0.0516 126 471 377 705 0 0.0513 497 395 745 640 8 0.0513 621 396 866 642 6 0.0512 253 332 510 570 5 0.0512 355 537 705 731 5 0.0510 377 394 634 632 8 0.0510 307 594 582 835 0 0.0509 435 593 703 826 0 0.0504 278 347 636 530 6 0.0504 630 400 880 638 5 0.0504 116 467 370 702 13 0.0503 126 410 391 652 13 0.0503 248 593 532 840 11 0.0502 499 338 748 572 11 0.0502 488 796 738 1009 11 0.0501 252 730 508 958
cCt9yzZmSH0HwgrvKsn03hFmO6J18S1W,8 0.0591 368 461 616 704 5 0.0556 361 457 616 700 5 0.0556 567 320 816 560 0 0.0551 444 335 695 575 13 0.0545 369 467 631 707 6 0.0537 369 460 627 704 3 0.0525 366 464 622 713 11 0.0524 362 464 618 703 0 0.0517 364 462 621 707 11 0.0512 439 333 696 570 7 0.0502 365 458 626 706
4gyFXNfxgPoh9J5h6GNPNGtvI8dNzm0z,11 0.0566 509 792 759 1018 5 0.0546 505 787 752 1018 8 0.0535 181 452 425 693 7 0.0533 515 792 764 1018 0 0.0526 507 790 758 1023 13 0.0519 514 794 765 1023 8 0.0519 509 788 749 1023 11 0.0507 254 716 508 955 6 0.0507 188 454 439 690 11 0.0506 551 661 822 882 11 0.0502 181 459 432 689
bYzw1oRBIlWuP1RFt77lUlg8CcEHgjCD,5 0.0664 173 644 428 893 7 0.0661 179 646 433 895 8 0.0648 179 644 426 894 0 0.0647 181 642 431 896 8 0.0628 311 584 554 823 7 0.0625 311 583 563 822 0 0.0623 310 583 562 827 5 0.0607 305 582 557 820 11 0.0607 306 584 559 822 11 0.0600 175 648 430 894 6 0.0585 176 647 433 894 10 0.0578 174 649 431 892 3 0.0578 179 645 432 900 13 0.0564 180 646 437 895 6 0.0561 308 585 562 823 3 0.0560 310 587 563 829 10 0.0559 305 588 560 820 5 0.0558 568 797 807 1019 13 0.0545 310 586 566 823 1 0.0542 175 642 430 895 7 0.0538 575 797 824 1023 11 0.0530 569 798 815 1019 9 0.0527 173 647 431 891 9 0.0520 305 585 558 819 2 0.0513 179 650 429 896 8 0.0512 569 797 805 1023 12 0.0508 178 644 431 894 12 0.0505 310 582 562 824 4 0.0503 178 649 433 896
j03xCkuUYPnuwqjARCtgeQjkb6PblqlD,8 0.0567 188 254 430 509 5 0.0567 139 359 505 531 8 0.0543 188 130 432 377 0 0.0539 178 194 443 441 13 0.0532 155 356 531 538 11 0.0522 185 324 444 572 0 0.0518 311 268 594 503 5 0.0515 428 281 705 506 0 0.0503 247 72 507 314
hdtystv9Tf5yOk2mmfJsZgJGLsLXvUv4,11 0.0568 314 343 567 572 5 0.0538 316 337 571 573 7 0.0511 321 342 572 573 0 0.0506 314 344 570 576 11 0.0506 317 480 560 720 7 0.0505 319 474 566 718
2a4wZKplHyjOdXkv6UID7EFIdrEx4Gk9,5 0.0581 180 336 425 566 5 0.0578 240 218 502 454 0 0.0571 507 271 761 511 6 0.0568 192 342 427 569 5 0.0563 633 355 892 586 0 0.0559 643 404 894 649 11 0.0553 245 224 506 457 13 0.0548 252 221 513 458 8 0.0547 644 402 886 646 0 0.0546 247 216 505 461 3 0.0544 190 344 425 578 0 0.0540 627 297 891 523 8 0.0538 626 292 881 523 8 0.0532 250 218 495 457 8 0.0532 299 13 563 250 0 0.0531 188 338 423 569 5 0.0530 551 284 813 512 11 0.0524 184 347 427 570 6 0.0524 253 220 505 456 2 0.0521 642 410 893 648 8 0.0517 301 143 562 380 3 0.0517 628 298 892 529 7 0.0517 250 217 510 458 6 0.0511 305 141 580 377 13 0.0506 309 143 584 380 7 0.0504 190 337 426 571 13 0.0504 306 9 580 248 11 0.0503 641 405 895 650 13 0.0502 192 342 433 573 3 0.0501 646 405 895 655
UUeFB1vMKFpUJqqDcHzA5o59n2QTab71,11 0.0657 315 733 579 966 8 0.0648 438 786 684 1023 11 0.0636 436 790 689 1020 0 0.0607 382 729 639 977 5 0.0589 360 790 622 1021 7 0.0589 438 785 696 1023 5 0.0583 497 790 745 1022 10 0.0580 366 795 626 1022 13 0.0576 372 794 630 1023 3 0.0567 439 786 689 1023 6 0.0565 371 794 629 1020 0 0.0559 299 786 563 1023 11 0.0557 172 784 447 1018 0 0.0549 313 258 582 501 0 0.0547 316 538 575 770 0 0.0546 496 733 743 971 6 0.0545 321 260 589 502 11 0.0542 384 391 644 623 0 0.0541 561 808 808 1023 8 0.0541 566 808 802 1022 8 0.0540 301 787 557 1023 3 0.0538 308 787 563 1023 5 0.0537 310 0 565 235 7 0.0536 303 789 568 1023 8 0.0534 319 258 573 500 8 0.0532 316 539 566 767 7 0.0530 319 538 576 766 0 0.0528 389 389 641 626 11 0.0528 375 0 637 227 11 0.0526 313 539 576 764 2 0.0526 438 789 694 1023 5 0.0521 311 536 569 765 8 0.0521 390 385 634 625 11 0.0520 558 809 805 1019 9 0.0518 369 794 625 1020 0 0.0517 240 192 504 440 5 0.0516 308 185 585 425 7 0.0516 458 319 715 564 11 0.0515 312 261 583 497 7 0.0514 319 259 587 502 2 0.0513 304 790 563 1023 11 0.0513 452 326 708 561 7 0.0510 394 389 651 627 0 0.0506 457 326 706 563 0 0.0503 312 0 569 235 1 0.0501 365 787 626 1023
LHOsoF3Wbqjv5WyLaxNZu4uwIezFWsu6,8 0.0655 305 708 555 947 11 0.0630 299 715 560 944 0 0.0611 302 712 560 951 5 0.0610 235 647 493 889 7 0.0605 309 709 564 948 0 0.0603 238 648 499 894 8 0.0599 238 650 488 891 7 0.0575 242 651 496 888 11 0.0568 237 655 495 886 5 0.0553 297 709 557 944 6 0.0553 304 712 563 948 13 0.0544 308 712 564 951 6 0.0530 241 654 496 890 10 0.0527 300 714 563 947 11 0.0521 456 455 700 688 10 0.0514 234 657 496 890 8 0.0509 180 340 425 578 5 0.0504 170 267 433 493 6 0.0504 185 349 443 581 13 0.0503 326 334 580 564
XzCOBL0GCnsoGnBvIdmM29O3sbGi3dN8,8 0.0620 559 214 817 458 5 0.0612 555 207 825 458 3 0.0600 572 17 823 253 8 0.0592 125 0 373 201 11 0.0592 566 138 842 386 3 0.0587 575 137 841 396 0 0.0585 128 0 385 203 11 0.0580 184 11 455 244 11 0.0571 628 385 895 618 0 0.0569 567 267 816 500 5 0.0569 181 4 445 242 8 0.0568 629 139 877 386 5 0.0565 646 455 905 688 11 0.0559 705 474 966 706 0 0.0558 575 387 826 631 0 0.0551 512 99 770 323 6 0.0547 573 139 848 383 3 0.0542 711 473 960 714 10 0.0541 568 140 841 385 5 0.0541 616 134 887 382 8 0.0537 583 446 833 691 8 0.0535 574 327 818 568 5 0.0531 696 328 942 567 6 0.0530 584 444 846 693 11 0.0530 575 448 838 696 11 0.0529 503 268 764 512 13 0.0529 660 463 919 695 6 0.0527 570 265 821 496 3 0.0526 514 212 769 463 13 0.0525 563 217 830 457 3 0.0524 196 8 453 253 0 0.0524 708 475 963 709 8 0.0522 566 21 818 244 0 0.0522 696 278 939 514 13 0.0521 192 11 460 248 11 0.0519 107 795 391 1004 2 0.0518 564 270 815 499 3 0.0518 629 327 881 570 8 0.0515 710 474 954 705 5 0.0513 563 318 824 567 13 0.0513 582 388 833 629 11 0.0508 564 21 830 242 2 0.0507 519 157 773 394 5 0.0507 262 195 515 440 0 0.0507 561 20 827 247 2 0.0507 620 333 881 559 2 0.0506 647 600 903 831 0 0.0505 645 597 903 834 11 0.0505 644 594 902 829 5 0.0503 642 592 898 826 13 0.0502 626 144 894 388 7 0.0501 192 6 454 247
wDmD8bnqXPR563F6hHJhxb9BAdYNRAli,0 0.0580 633 477 893 708 6 0.0540 580 521 822 761 11 0.0533 295 799 560 1019 11 0.0529 576 525 815 755 11 0.0527 399 666 761 853 6 0.0522 405 666 766 856 7 0.0506 579 522 822 761 11 0.0502 329 734 692 914
lWCTighb0B8Kaj0u1BiwrJJHE2LCGtcd,0 0.0580 571 329 833 557 5 0.0575 483 540 831 726 5 0.0571 0 227 258 458 5 0.0557 564 401 833 637 8 0.0553 492 543 825 723 7 0.0552 3 228 279 459 8 0.0551 193 590 433 824 13 0.0548 376 475 642 715 6 0.0547 444 135 708 388 5 0.0546 437 130 704 388 11 0.0544 438 138 710 385 7 0.0544 442 136 710 388 11 0.0542 504 465 770 691 7 0.0541 445 466 703 699 8 0.0540 441 140 698 387 0 0.0531 386 605 640 844 8 0.0530 572 407 823 634 13 0.0530 504 206 774 443 7 0.0527 497 543 839 724 6 0.0527 572 212 833 437 5 0.0524 245 658 509 889 0 0.0523 559 209 827 438 0 0.0522 189 589 438 833 6 0.0521 445 467 708 702 0 0.0520 494 545 832 724 8 0.0519 254 662 505 896 2 0.0518 517 342 759 558 13 0.0518 3 227 276 455 11 0.0516 0 231 266 456 13 0.0508 498 545 840 724 10 0.0508 254 666 513 893 6 0.0506 4 228 273 462 5 0.0506 182 582 439 825 0 0.0506 311 473 578 725 11 0.0506 569 407 837 633 2 0.0505 2 237 271 459 2 0.0503 504 213 767 442 11 0.0502 766 416 1023 632 10 0.0501 16 166 371 342 8 0.0500 4 225 261 458 6 0.0500 498 544 840 726
EPdXhvEjY0jJeuyQdMuwSdOkR1AVyKgQ,7 0.0700 248 457 504 701 0 0.0690 199 548 577 727 8 0.0665 190 464 439 706 7 0.0665 125 460 387 705 11 0.0658 197 549 575 724 5 0.0656 248 517 504 759 5 0.0648 308 584 567 833 11 0.0648 181 592 443 838 7 0.0645 312 588 572 833 0 0.0643 376 588 629 832 11 0.0641 113 521 374 760 7 0.0636 186 590 445 838 8 0.0635 377 585 623 828 8 0.0635 185 589 438 837 11 0.0630 370 591 631 826 5 0.0622 180 587 437 839 8 0.0620 114 518 366 760 0 0.0619 113 521 373 762 6 0.0618 187 523 444 758 13 0.0616 189 521 446 760 3 0.0614 251 522 510 764 0 0.0610 182 590 442 841 5 0.0610 370 652 632 896 6 0.0605 274 610 649 786 11 0.0602 433 667 694 900 13 0.0601 250 586 511 832 3 0.0594 276 609 644 786 13 0.0594 375 589 634 828 10 0.0593 373 592 629 827 5 0.0592 111 518 366 760 10 0.0591 194 550 576 725 7 0.0591 378 655 643 899 10 0.0582 245 588 505 832 13 0.0574 315 521 567 760 6 0.0571 435 665 698 907 2 0.0569 313 524 563 757 9 0.0568 194 548 578 723 1 0.0561 251 518 508 761 3 0.0559 437 661 693 909 0 0.0555 436 665 691 908 10 0.0554 109 526 369 761 3 0.0548 186 594 443 843 0 0.0540 240 661 504 908 12 0.0536 252 518 510 761 2 0.0535 248 590 504 832 3 0.0534 116 526 375 766 2 0.0532 248 465 502 701 2 0.0529 187 526 440 761 4 0.0524 187 524 444 761 1 0.0518 109 519 371 764 1 0.0517 373 586 631 827 1 0.0516 181 586 444 838 13 0.0511 184 668 449 920 8 0.0510 485 604 727 836 9 0.0509 182 589 442 835 4 0.0508 247 464 504 700 10 0.0508 432 668 695 904 9 0.0503 372 589 630 824
Uftx4S0fDFpnu4txt8DLfe0GyqqnXqCe,0 0.0594 382 461 632 701 8 0.0594 256 548 627 725 11 0.0581 379 459 634 697 5 0.0578 124 486 372 716 11 0.0575 430 533 710 769 0 0.0570 436 533 707 770 8 0.0553 437 530 699 769 5 0.0548 249 465 496 707 7 0.0545 439 530 712 771 10 0.0542 380 527 636 761 5 0.0542 315 527 570 764 13 0.0540 383 524 639 761 5 0.0539 429 529 702 768 0 0.0536 132 489 370 718 11 0.0534 319 530 574 762 8 0.0533 381 396 626 639 8 0.0527 129 490 363 715 6 0.0527 382 522 639 760 7 0.0526 261 545 646 725 13 0.0523 316 464 570 707 0 0.0523 321 525 573 768 6 0.0522 260 466 503 706 11 0.0516 128 491 382 718 8 0.0516 260 406 498 647 0 0.0514 517 291 767 540 13 0.0511 385 398 639 638 5 0.0510 374 457 632 695 6 0.0507 317 399 581 640 3 0.0505 389 397 632 646 13 0.0505 513 535 772 789 3 0.0504 442 530 706 776 2 0.0503 383 462 633 697 0 0.0503 259 465 498 713 7 0.0503 133 487 379 716 11 0.0501 374 334 637 571 11 0.0501 256 469 499 709 2 0.0501 322 533 573 765
DFNVNEoQB3P9dY8mJ3P2W7XRPgQJMQUH,5 0.0631 378 651 645 896 5 0.0627 233 266 491 502 0 0.0621 175 665 438 901 11 0.0618 239 728 502 957 11 0.0617 314 467 553 705 5 0.0617 242 658 498 894 8 0.0616 177 725 430 956 0 0.0615 248 528 491 761 11 0.0614 175 665 436 895 13 0.0609 177 727 442 961 0 0.0601 386 265 636 504 0 0.0599 317 194 575 430 7 0.0596 253 529 495 759 0 0.0592 322 83 565 314 7 0.0591 386 270 639 509 11 0.0590 440 411 693 641 5 0.0590 370 330 624 572 3 0.0589 140 745 500 921 5 0.0586 306 778 551 1018 8 0.0586 249 661 495 893 7 0.0585 179 663 440 897 8 0.0583 371 330 623 574 7 0.0582 442 407 696 642 0 0.0581 442 408 688 642 13 0.0581 248 795 498 1023 7 0.0579 322 466 555 708 8 0.0574 241 795 486 1022 5 0.0574 169 724 431 954 6 0.0573 177 664 439 894 7 0.0572 240 794 496 1023 5 0.0570 325 519 561 758 0 0.0570 317 462 548 707 13 0.0567 253 660 507 896 11 0.0567 308 792 553 1019 8 0.0566 319 466 544 704 0 0.0565 241 793 494 1023 6 0.0564 438 533 682 771 8 0.0563 438 405 679 639 13 0.0560 378 332 641 574 11 0.0560 312 27 566 251 5 0.0560 310 197 570 424 11 0.0558 315 203 582 425 10 0.0558 192 741 557 913 13 0.0557 245 269 505 510 7 0.0557 393 534 633 767 11 0.0556 173 797 431 1022 0 0.0556 323 592 570 833 3 0.0556 443 472 669 712 11 0.0555 437 532 675 772 7 0.0555 322 202 576 429 6 0.0553 384 465 622 701 6 0.0552 264 206 511 433 7 0.0551 331 597 571 828 6 0.0550 440 409 697 640 11 0.0548 375 334 634 575 8 0.0547 391 533 623 764 8 0.0547 385 655 641 895 11 0.0547 242 530 494 756 7 0.0547 245 271 497 508 11 0.0546 236 272 498 502 11 0.0544 571 398 808 623 6 0.0543 375 334 639 574 5 0.0542 251 141 498 363 13 0.0535 323 200 587 427 3 0.0535 378 267 635 512 13 0.0535 445 409 699 640 6 0.0535 321 138 582 364 3 0.0534 233 273 496 513 5 0.0534 308 14 558 252 7 0.0532 377 788 630 1019 2 0.0530 386 277 637 503 3 0.0530 449 340 703 582 11 0.0528 319 595 568 826 8 0.0528 240 271 485 507 3 0.0526 178 797 433 1023 13 0.0524 238 23 515 259 6 0.0522 178 795 433 1022 3 0.0522 321 19 566 258 8 0.0522 252 531 485 755 8 0.0521 386 197 635 438 8 0.0520 573 394 801 626 0 0.0520 572 396 806 630 3 0.0520 314 199 577 436 6 0.0519 382 655 654 888
esT3JTWzgoTeXGEQRGCzKN0L8B1pd4I8,5 0.0544 0 0 242 207 8 0.0541 0 0 236 213 8 0.0534 0 110 249 350 0 0.0531 0 1 246 215 11 0.0527 1 805 236 1021 0 0.0522 2 806 238 1023 5 0.0519 0 107 252 345 0 0.0517 0 111 255 353 8 0.0514 3 805 230 1023 11 0.0506 440 589 699 822 11 0.0505 0 0 244 213
oXn9sCdabRja0aw5xgtfxHCDvwrV6nD7,5 0.0560 637 0 1020 148 13 0.0555 567 1 944 154 8 0.0552 558 0 927 152 8 0.0531 697 51 1010 221 0 0.0526 638 1 1023 150 11 0.0519 640 1 1023 146
eZgNWJwMSGadhFYVAdjNCghFwwC1CIu1,11 0.0522 51 157 313 385 11 0.0507 771 279 1023 500
7yIieZyXeiWiDG7CJg2X3HmnflPOaOBX,7 0.0642 446 466 693 711 5 0.0619 441 462 690 706 3 0.0599 450 471 690 716 11 0.0591 512 459 764 694 8 0.0589 516 461 753 696 11 0.0589 179 806 437 1020 13 0.0583 448 473 697 712 8 0.0581 252 0 501 202 7 0.0580 304 448 558 708 3 0.0579 304 451 551 714 5 0.0574 296 443 547 702 6 0.0569 303 451 559 706 0 0.0562 443 470 689 712 0 0.0552 302 453 554 711 13 0.0551 308 454 561 709 6 0.0550 448 469 695 708 10 0.0545 445 476 693 710 2 0.0542 446 474 690 710 8 0.0541 306 447 547 709 11 0.0539 581 521 833 771 7 0.0537 583 517 834 772 11 0.0533 78 785 328 1014 7 0.0527 241 808 501 1023 11 0.0520 578 397 837 621 11 0.0518 299 451 552 708 9 0.0513 441 469 689 703 11 0.0511 438 12 695 242 5 0.0510 175 799 435 1017 1 0.0508 297 442 551 709 2 0.0507 304 458 553 709 8 0.0507 81 779 315 1018 10 0.0507 296 459 553 705 9 0.0505 295 450 546 705
wM5e60Yiw5mniPjEIivEMMqKv9EHty15,11 0.0640 325 396 590 628 11 0.0617 342 487 710 675 7 0.0613 330 394 588 635 0 0.0595 387 459 651 705 11 0.0590 278 549 639 736 5 0.0578 320 392 581 634 8 0.0568 339 482 698 679 13 0.0565 349 484 718 678 0 0.0555 323 396 585 633 3 0.0553 326 398 587 638 6 0.0550 330 398 589 631 8 0.0548 325 395 578 634 3 0.0542 350 485 710 682 0 0.0535 458 399 721 647 2 0.0534 320 465 591 705 6 0.0533 461 396 724 644 10 0.0526 272 482 641 670 5 0.0524 269 543 631 741 7 0.0520 284 547 644 741 5 0.0515 455 395 716 640 8 0.0513 274 549 630 739 6 0.0504 279 549 647 737 3 0.0502 277 549 640 743 13 0.0502 279 549 648 741
gICLQyGYCqPjbww47EP1M3s80xnow9Za,11 0.0571 129 652 362 872 0 0.0548 784 455 1022 693 11 0.0545 780 460 1023 689 3 0.0537 788 456 1023 697 10 0.0535 782 457 1021 688 6 0.0534 724 395 962 634 8 0.0534 131 646 356 877 5 0.0533 779 449 1021 690 0 0.0524 719 399 956 634 7 0.0520 783 453 1023 691 7 0.0519 131 650 362 880 5 0.0517 313 674 578 902 5 0.0514 124 646 356 873 6 0.0514 790 451 1023 694 7 0.0511 259 659 511 892 5 0.0504 714 391 956 630
gO3HjATgCQXzopwLgqeeEe2Y3vxMHo3X,11 0.0603 250 799 495 1020 0 0.0599 365 390 626 629 8 0.0595 253 794 488 1023 8 0.0583 437 389 685 614 7 0.0579 369 328 616 562 7 0.0561 251 794 499 1023 11 0.0555 430 390 694 617 11 0.0553 360 333 614 557 8 0.0549 312 392 551 636 8 0.0548 366 334 608 560 0 0.0544 251 798 497 1023 0 0.0541 453 449 702 685 5 0.0538 245 794 489 1017 7 0.0537 441 390 696 619 6 0.0530 366 334 619 561 5 0.0525 360 328 612 557 8 0.0525 443 791 672 1020 11 0.0518 434 729 695 952 7 0.0514 377 732 639 964 6 0.0508 313 395 564 634 7 0.0507 314 388 562 637
chbdkbbtstGaRWDEOHpWljag2PLbC9J8,7 0.0573 254 456 515 692 11 0.0572 107 350 393 576 0 0.0557 247 401 503 620 8 0.0544 254 462 499 684 5 0.0523 251 461 506 687 6 0.0510 176 401 448 630 11 0.0506 250 465 512 689 3 0.0501 255 465 508 692
hgA3PkYPPTx7S1lpbX98lrPe8CoEt2Qy,11 0.0667 397 675 757 848 0 0.0631 399 674 756 852 7 0.0617 509 721 754 969 8 0.0610 505 662 759 901 6 0.0606 438 666 710 900 7 0.0604 379 601 642 830 11 0.0604 382 528 641 756 11 0.0597 501 727 753 964 8 0.0594 571 722 814 960 3 0.0594 440 665 705 904 0 0.0594 503 723 754 971 8 0.0590 380 602 634 827 3 0.0589 378 602 640 830 13 0.0577 380 603 644 828 11 0.0576 627 786 880 1017 8 0.0573 439 732 679 970 5 0.0565 620 781 875 1019 5 0.0564 432 665 700 896 6 0.0563 528 675 878 856 0 0.0561 785 471 1023 717 8 0.0561 3 14 230 255 6 0.0554 377 601 643 826 7 0.0554 523 672 876 859 7 0.0552 326 521 589 758 10 0.0550 438 668 705 898 2 0.0547 504 668 766 897 8 0.0546 629 787 872 1021 13 0.0543 326 519 593 758 0 0.0541 118 0 378 193 3 0.0541 632 789 880 1023 13 0.0541 632 790 888 1023 11 0.0540 389 402 638 620 7 0.0539 632 783 886 1023 5 0.0538 516 672 874 855 8 0.0537 387 468 628 694 11 0.0537 319 458 582 688 2 0.0535 437 736 687 972 13 0.0535 443 737 691 971 11 0.0532 463 354 711 577 8 0.0531 463 356 703 578 0 0.0529 383 467 634 694 0 0.0529 0 20 243 257 3 0.0528 388 467 634 700 13 0.0528 306 1 573 197 11 0.0526 112 1 381 187 8 0.0525 303 0 554 195 11 0.0524 0 22 242 253 5 0.0523 371 601 637 824 10 0.0518 375 605 640 826 13 0.0517 525 675 885 860 10 0.0513 386 468 632 694 7 0.0510 0 19 243 256 3 0.0510 521 674 874 862 3 0.0509 303 0 565 202 10 0.0509 467 357 709 579 11 0.0508 294 3 567 194 11 0.0507 238 394 508 626 8 0.0505 247 391 494 628 2 0.0503 573 727 820 959 0 0.0503 625 786 884 1023 7 0.0502 468 353 712 578 11 0.0501 783 475 1023 707
XYldKL7HUfgLesBR9wFeZEvfOWituxCk,7 0.0657 387 12 632 260 11 0.0636 378 14 631 257 8 0.0631 315 132 558 373 0 0.0622 311 130 564 376 11 0.0621 372 126 627 372 8 0.0609 499 0 752 192 8 0.0598 322 0 572 195 3 0.0598 385 6 630 266 0 0.0597 383 65 637 317 13 0.0592 318 131 572 375 13 0.0592 387 63 642 314 6 0.0592 375 124 631 374 10 0.0591 376 16 631 259 5 0.0585 374 6 627 257 7 0.0577 376 123 630 376 0 0.0577 319 0 578 197 11 0.0576 497 1 763 190 2 0.0572 374 126 622 374 5 0.0571 493 0 756 191 6 0.0569 501 2 762 194 0 0.0568 497 0 759 194 10 0.0565 368 128 628 375 6 0.0559 384 10 633 259 3 0.0550 377 122 625 378 7 0.0549 503 0 761 192 5 0.0549 367 118 621 371 6 0.0549 638 2 878 251 3 0.0546 501 0 761 197 2 0.0545 380 16 627 260 11 0.0539 252 145 497 385 13 0.0538 324 0 584 197 13 0.0532 639 4 889 253 13 0.0524 501 1 766 194 11 0.0523 632 1 880 252 9 0.0516 382 62 634 309 11 0.0515 490 657 749 897 10 0.0515 494 5 762 192 9 0.0512 319 0 578 189 12 0.0509 321 0 581 196 12 0.0509 370 121 627 376 0 0.0508 490 651 751 905 0 0.0505 637 0 876 252 2 0.0505 496 6 758 194
dmmypgzpaX3S0IXiLY1daMLBbNUo8yh1,14 1.0 0 0 1 1
eWiy7LFnGoLkiFvtLugNa1EknkaS6HxJ,11 0.0670 241 652 507 885 7 0.0664 256 581 511 827 11 0.0648 309 587 566 828 11 0.0648 363 661 628 887 0 0.0647 312 585 568 833 8 0.0644 248 649 502 887 7 0.0642 306 656 572 891 5 0.0635 250 580 507 828 8 0.0624 312 584 562 830 8 0.0624 251 524 494 764 5 0.0615 187 524 443 761 5 0.0614 302 653 565 891 11 0.0612 249 527 501 763 0 0.0611 245 649 506 889 8 0.0611 302 717 556 962 7 0.0608 245 713 503 959 7 0.0604 193 526 449 763 5 0.0595 241 709 496 956 10 0.0595 251 586 509 827 5 0.0593 364 581 623 823 11 0.0593 294 722 562 956 3 0.0591 303 658 569 896 0 0.0591 251 524 500 769 8 0.0588 367 657 622 889 13 0.0580 255 583 514 829 6 0.0576 311 587 570 831 0 0.0574 365 658 627 892 13 0.0572 307 655 576 892 6 0.0570 365 660 632 889 2 0.0565 310 589 568 831 7 0.0564 371 586 631 825 2 0.0562 253 531 502 768 2 0.0560 244 654 508 889 3 0.0558 244 713 501 963 13 0.0553 370 586 633 827 7 0.0552 254 460 506 702 3 0.0551 253 584 509 834 6 0.0550 252 525 506 767 0 0.0546 300 719 561 962 6 0.0545 246 653 511 890 10 0.0545 303 661 569 889 8 0.0544 184 405 436 649 5 0.0538 429 731 687 968 2 0.0538 363 662 629 889 7 0.0538 434 734 698 969 3 0.0538 367 587 629 831 11 0.0534 429 740 692 967 5 0.0533 251 459 499 700 13 0.0531 192 527 452 764 8 0.0530 434 735 681 965 3 0.0529 191 531 446 767 11 0.0523 180 467 435 695 10 0.0523 187 532 448 762 10 0.0523 367 591 630 824 13 0.0522 245 713 508 958 0 0.0520 250 405 501 640 11 0.0515 247 408 504 638 12 0.0514 310 583 569 833 6 0.0514 433 738 697 968 3 0.0509 433 738 695 973 10 0.0507 185 656 452 890 12 0.0505 365 655 628 893
LRq9vnF8F0kBdMOBYANztdITrbzku9tH,11 0.0657 0 485 243 713 0 0.0655 0 484 244 718 8 0.0637 13 677 244 909 11 0.0633 11 683 252 906 0 0.0632 8 749 246 971 10 0.0615 0 488 240 715 0 0.0599 7 612 254 854 8 0.0578 2 482 230 716 5 0.0572 0 482 237 716 6 0.0563 13 611 260 848 5 0.0563 251 462 507 710 3 0.0563 14 680 254 915 0 0.0557 254 198 517 423 11 0.0557 85 615 337 845 6 0.0554 13 750 249 964 0 0.0553 86 688 329 915 5 0.0548 7 744 241 967 7 0.0545 260 463 510 719 11 0.0540 252 465 511 713 0 0.0540 307 592 565 840 0 0.0539 257 465 510 713 10 0.0538 9 612 256 846 8 0.0537 642 392 890 630 7 0.0536 0 483 242 716 6 0.0534 3 487 248 712 5 0.0534 303 208 570 441 5 0.0534 637 392 895 625 13 0.0529 8 750 250 968 5 0.0528 3 605 253 847 8 0.0527 256 460 504 713 0 0.0525 273 48 523 259 3 0.0525 2 482 239 721 11 0.0523 373 158 644 388 11 0.0523 304 214 579 446 8 0.0522 326 96 572 322 13 0.0521 268 534 527 783 13 0.0517 0 485 248 721 7 0.0517 308 596 577 842 6 0.0516 581 315 838 566 6 0.0515 268 531 530 777 3 0.0514 257 464 510 724 2 0.0511 2 488 243 718 0 0.0510 638 397 897 630 5 0.0510 317 90 567 314 7 0.0509 9 608 259 849 7 0.0507 638 394 899 629 3 0.0506 644 396 899 635 10 0.0504 255 468 510 714 11 0.0503 319 95 575 318 0 0.0502 577 319 834 570 13 0.0502 11 611 262 851 8 0.0501 581 315 824 568
erp5K2eQejYxMCFa2YViODnaCtOyKf6e,5 0.0611 180 269 442 525 7 0.0602 451 404 707 638 11 0.0586 251 275 512 510 8 0.0582 188 269 438 528 5 0.0582 261 274 622 468 11 0.0573 446 405 705 635 8 0.0570 268 276 614 469 7 0.0563 192 271 445 525 3 0.0560 269 278 622 475 0 0.0559 267 275 623 469 7 0.0556 270 275 625 471 0 0.0554 187 269 445 529 8 0.0548 446 403 696 639 13 0.0543 254 275 516 516 6 0.0537 256 279 514 512 10 0.0534 255 280 512 511 6 0.0533 449 475 706 707 0 0.0523 643 453 891 689 3 0.0521 191 271 442 535 0 0.0519 448 405 704 642 10 0.0514 449 411 705 638 5 0.0513 448 401 698 638 3 0.0512 451 405 707 645 11 0.0507 638 457 890 692 8 0.0501 263 73 507 312
1Bi3yvNo0duzfn6jq9jq5Rjp6NYL3606,8 0.0593 496 275 756 521 11 0.0566 311 592 566 821 5 0.0565 504 138 770 379 11 0.0563 570 135 832 377 8 0.0561 571 138 824 384 7 0.0552 553 595 919 795 11 0.0549 387 146 653 366 5 0.0546 383 137 649 369 13 0.0544 575 139 835 384 7 0.0540 192 593 449 827 5 0.0537 623 134 878 365 11 0.0536 544 598 914 786 5 0.0533 373 258 642 501 11 0.0531 493 275 764 514 0 0.0528 627 139 880 369 11 0.0527 364 660 628 896 8 0.0527 375 263 639 502 6 0.0526 578 137 834 381 7 0.0524 382 260 649 506 6 0.0524 376 583 630 819 7 0.0522 503 270 766 523 5 0.0522 243 130 506 372 13 0.0522 500 275 767 520 2 0.0520 570 141 832 379 5 0.0518 310 71 564 291 7 0.0518 630 136 886 366 11 0.0517 186 600 443 826 11 0.0516 685 147 949 378 0 0.0516 499 279 763 521 8 0.0516 317 589 557 822 5 0.0516 493 271 760 517 0 0.0515 367 656 626 901 13 0.0514 395 143 654 371 13 0.0513 555 596 931 791 11 0.0510 309 11 561 241 6 0.0509 502 276 767 518 11 0.0509 312 206 586 431 5 0.0506 363 649 619 895 3 0.0506 397 141 653 380 0 0.0504 545 597 914 793 10 0.0504 623 140 880 366 0 0.0501 189 598 446 832
ACUDsYOyUxA2ZL0V3jawDPFBZAji77V4,11 0.0610 355 687 630 900 11 0.0568 360 793 618 1005 6 0.0564 366 686 635 899 3 0.0551 314 346 554 591 11 0.0543 309 344 555 583 7 0.0538 313 340 563 584 8 0.0533 313 346 550 586 7 0.0516 369 685 634 901 11 0.0516 181 656 434 882 5 0.0510 358 676 627 898 0 0.0504 355 684 626 901 11 0.0502 183 338 426 581 8 0.0501 363 687 625 897
bCHM2wM3pF7t4NeXc0dmlapR4xHUrp5v,11 0.0597 197 795 442 1010 11 0.0561 434 720 693 945 8 0.0556 199 797 437 1015 7 0.0535 203 791 448 1016 0 0.0531 200 795 444 1016 13 0.0522 192 225 454 469 6 0.0515 202 794 445 1015 13 0.0509 206 797 447 1018 10 0.0508 570 291 834 495 11 0.0507 187 226 449 473 5 0.0506 247 272 499 507
zE4LkXzhnHjwsdclohiBKpMOlEZtKtNl,8 0.0591 695 77 933 307 5 0.0577 692 9 941 246 13 0.0558 702 14 954 248 11 0.0549 697 13 944 244 3 0.0548 693 80 943 313 0 0.0540 698 13 946 249 7 0.0528 700 12 950 248 6 0.0510 698 14 948 246 9 0.0505 691 81 939 305
y3zIjDpNrCQPNpH0aV2miBQxVK0gUcAg,0 0.0554 133 1 505 153 8 0.0541 6 0 372 144 5 0.0540 0 0 377 141 0 0.0525 248 25 505 259 5 0.0516 243 21 500 252 8 0.0510 251 24 496 256 11 0.0508 5 2 387 144
kabWcKL5Ere8ILt857fvg6nNiHRUNWxt,5 0.0658 180 394 451 646 8 0.0633 246 396 502 652 11 0.0631 439 17 708 253 11 0.0628 437 139 707 380 5 0.0615 296 393 574 642 6 0.0613 260 342 514 590 11 0.0611 238 398 510 649 0 0.0611 440 1 710 196 6 0.0608 444 140 707 382 5 0.0607 440 204 702 457 0 0.0607 503 83 761 318 5 0.0606 435 0 707 194 5 0.0606 364 269 632 516 0 0.0605 302 395 575 649 7 0.0604 447 76 714 323 11 0.0603 357 340 633 588 3 0.0603 450 78 713 324 0 0.0597 243 455 504 715 6 0.0596 249 461 506 712 10 0.0594 310 339 571 585 8 0.0593 311 335 565 588 6 0.0583 502 25 762 257 7 0.0582 507 147 773 390 8 0.0582 517 334 758 589 6 0.0582 440 271 698 524 8 0.0580 346 25 676 214 10 0.0580 440 142 706 382 13 0.0579 314 333 578 590 3 0.0579 510 147 772 393 5 0.0576 499 139 768 383 7 0.0576 318 273 581 524 3 0.0576 367 346 633 596 5 0.0574 439 67 706 319 5 0.0573 109 459 371 709 7 0.0573 257 340 516 592 3 0.0573 443 3 712 198 2 0.0572 448 217 707 462 6 0.0571 318 274 581 521 0 0.0569 447 211 706 463 0 0.0568 515 334 764 586 3 0.0568 446 211 706 470 11 0.0567 433 268 698 521 7 0.0567 247 458 502 714 8 0.0566 360 407 624 659 3 0.0565 244 398 509 653 10 0.0565 439 19 710 256 0 0.0565 578 282 833 521 8 0.0564 444 82 702 318 8 0.0563 441 210 702 461 0 0.0563 130 588 385 830 13 0.0560 251 520 515 768 0 0.0559 638 224 903 459 8 0.0556 505 147 767 387 9 0.0554 443 75 711 317 8 0.0552 130 587 379 831 13 0.0551 448 209 715 461 7 0.0551 447 211 710 466 9 0.0549 434 0 708 190 11 0.0549 238 524 504 764 6 0.0548 310 83 573 335 2 0.0547 368 277 635 520 10 0.0546 185 406 448 646 6 0.0545 509 221 771 460 10 0.0544 502 83 766 317 13 0.0543 254 264 510 516 0 0.0542 316 267 579 522 7 0.0542 439 0 717 196 11 0.0541 306 83 573 335 6 0.0541 580 148 835 385 13 0.0539 437 0 715 194 10 0.0539 304 223 571 459
YQXn442LOVWKjIKLI8BAxzk5QUfprh39,11 0.0594 302 658 585 891 0 0.0574 370 710 635 963 7 0.0564 377 711 639 960 7 0.0562 500 776 741 1013 5 0.0558 369 710 630 958 8 0.0557 373 709 627 961 0 0.0554 496 778 738 1013 11 0.0552 497 783 732 1008 0 0.0551 651 164 997 349 5 0.0546 494 777 732 1005 3 0.0546 437 719 690 968 3 0.0536 311 724 576 972 0 0.0530 242 711 510 969 11 0.0527 493 668 762 897 8 0.0527 502 774 729 1010 11 0.0526 240 720 513 962 10 0.0522 307 658 579 894 5 0.0520 237 714 504 963 11 0.0520 246 593 518 822 7 0.0517 245 717 514 965 10 0.0517 498 783 736 1010 0 0.0512 249 281 501 514 11 0.0512 753 0 1021 195 8 0.0511 244 716 501 963 6 0.0509 375 714 636 962 13 0.0509 503 784 742 1013 11 0.0508 249 283 501 507 13 0.0506 380 712 639 962 8 0.0503 255 202 497 440 7 0.0502 255 278 499 516
5E3mEJ4x1816wOh84t1U7HFM8u9vDXED,11 0.0596 867 481 1023 843 0 0.0580 505 272 749 510 8 0.0564 871 471 1018 848 5 0.0560 427 269 686 488 11 0.0557 321 195 587 423 11 0.0553 244 125 516 369 0 0.0545 394 152 644 378 7 0.0544 512 272 751 507 6 0.0543 513 272 754 507 0 0.0542 869 474 1022 856 2 0.0542 389 220 645 441 11 0.0539 508 279 750 508 8 0.0533 509 272 739 506 0 0.0533 186 199 447 439 10 0.0520 869 481 1023 849 11 0.0518 180 203 445 434 6 0.0509 392 217 646 439 13 0.0505 191 200 453 443 13 0.0505 380 281 642 506 11 0.0504 374 282 637 506 8 0.0503 389 207 633 440 5 0.0501 867 457 1023 849
lYUNLkemFYOBrhgNvrfSajjiHOlYFM0l,11 0.0596 233 654 512 894 5 0.0567 234 650 506 895 0 0.0564 177 657 439 915 7 0.0562 244 650 514 900 8 0.0538 435 339 683 573 13 0.0537 245 649 516 899 5 0.0532 112 664 372 911 7 0.0531 439 336 699 575 8 0.0530 238 650 503 894 11 0.0529 434 338 690 575 3 0.0528 242 651 510 902 10 0.0527 178 607 434 838 7 0.0526 121 667 381 913 6 0.0526 181 601 440 838 10 0.0519 240 656 508 897 0 0.0519 434 342 693 575 0 0.0517 0 621 244 855 5 0.0516 173 597 432 835 5 0.0514 261 278 504 510 6 0.0506 120 669 380 912 11 0.0503 113 671 380 909 6 0.0501 4 674 261 910
1Ne2MopEyhMvBUWivD7OKQHyzAVvo7jx,5 0.0572 182 317 439 565 8 0.0566 169 218 510 404 7 0.0558 175 215 523 405 11 0.0555 161 219 526 401 5 0.0551 163 210 522 405 0 0.0535 185 323 439 570 8 0.0534 187 316 431 569 11 0.0524 179 322 442 564 11 0.0524 247 393 516 624 5 0.0513 245 384 514 627 0 0.0511 184 202 445 435 7 0.0510 187 317 444 570 0 0.0509 250 390 515 631 3 0.0508 173 218 524 411 0 0.0506 106 389 364 639 13 0.0502 190 201 450 433 13 0.0501 255 390 522 632
sbnatUF1mIPes8IsEB7jPmAvjz7U2KPy,8 0.0513 321 204 579 438 5 0.0513 244 209 516 458 11 0.0513 312 271 585 510
UbVJSHIaomojJ2Bgf8y2n6REG3YNwOYr,5 0.0604 552 457 808 705 11 0.0589 380 336 644 573 0 0.0574 179 397 433 655 8 0.0573 447 330 690 565 11 0.0571 322 600 571 835 0 0.0566 556 462 812 706 7 0.0566 453 466 692 708 11 0.0564 573 397 819 637 13 0.0563 474 424 822 599 0 0.0561 310 470 569 715 13 0.0561 384 339 648 575 13 0.0558 563 463 819 706 5 0.0550 319 532 564 782 5 0.0547 171 393 431 651 5 0.0547 375 332 636 575 8 0.0546 317 409 567 641 0 0.0544 505 321 756 560 6 0.0542 181 461 425 711 11 0.0541 310 405 577 636 10 0.0537 557 465 809 706 5 0.0537 305 402 569 638 8 0.0536 558 462 801 707 11 0.0536 636 479 882 706 0 0.0536 323 599 568 842 5 0.0535 114 787 386 1018 7 0.0534 473 424 814 602 0 0.0534 304 336 570 577 7 0.0533 333 537 577 789 10 0.0532 329 548 572 785 7 0.0529 513 324 755 558 13 0.0529 510 323 760 558 11 0.0528 451 403 698 631 11 0.0527 178 403 433 651 7 0.0526 181 397 435 648 13 0.0525 317 404 583 643 13 0.0523 436 0 704 194 11 0.0521 504 326 757 553 5 0.0517 239 459 497 707 5 0.0517 423 0 691 190 8 0.0515 431 0 683 193 7 0.0515 307 337 574 577 8 0.0514 529 414 869 588 5 0.0514 503 320 750 557 2 0.0513 303 344 568 576 7 0.0512 128 796 405 1023 8 0.0512 175 463 413 714 5 0.0510 445 401 690 636 5 0.0509 522 415 873 589 11 0.0508 702 409 943 638 6 0.0505 580 400 823 642 8 0.0502 327 538 565 789 3 0.0502 565 462 810 713 7 0.0501 255 466 509 711 11 0.0501 246 466 502 704 7 0.0500 391 406 644 638
iAc9jCwBpLANcdk2A7M0xfmqcmxSWWNl,8 0.0631 134 789 368 1023 7 0.0601 183 791 434 1023 5 0.0576 128 795 373 1017 11 0.0576 179 794 433 1019 0 0.0571 185 792 431 1023 10 0.0554 130 796 373 1023 6 0.0550 196 723 449 967 13 0.0538 134 795 383 1023 8 0.0530 762 271 1011 517 0 0.0524 647 1 1023 158 13 0.0523 658 0 1023 155 8 0.0520 193 722 438 966 5 0.0518 186 718 442 964 2 0.0515 131 797 377 1023 8 0.0512 654 0 1010 154 13 0.0510 773 211 1023 448 5 0.0508 765 200 1020 446 6 0.0503 133 797 378 1022 10 0.0502 188 729 444 965 5 0.0501 648 0 1016 153 6 0.0501 768 277 1023 520
sR6detPDzAvJagxCoifV3IyTDJ4BTTMV,11 0.0579 380 735 634 960 0 0.0578 499 659 753 901 8 0.0577 362 2 627 198 7 0.0575 500 727 750 965 8 0.0573 505 658 744 897 0 0.0566 383 731 632 966 13 0.0559 501 730 750 965 5 0.0556 497 657 746 893 7 0.0556 468 258 719 483 0 0.0553 0 809 258 1023 11 0.0553 495 661 752 892 10 0.0552 378 735 636 963 7 0.0549 385 735 640 965 3 0.0539 361 0 634 201 6 0.0534 499 728 748 966 5 0.0533 378 731 629 959 3 0.0530 505 660 755 901 13 0.0528 389 737 641 965 8 0.0527 384 730 626 964 6 0.0525 386 734 637 965 5 0.0522 455 255 712 484 8 0.0521 461 260 708 481 11 0.0515 454 328 715 553 5 0.0512 283 0 562 195 11 0.0509 352 2 635 196 3 0.0507 385 734 636 968 7 0.0507 2 802 261 1022 0 0.0506 120 1 497 157 9 0.0506 494 730 744 959 0 0.0505 460 263 721 483 2 0.0505 496 729 748 966 5 0.0505 170 714 422 937 3 0.0504 463 261 716 488 7 0.0504 181 719 430 941 13 0.0502 390 139 653 359
A745x8khahnSNOFHuYrgBERrMtnusLtw,11 0.0585 443 410 695 641 7 0.0564 433 0 691 199 13 0.0553 450 409 704 643 7 0.0550 577 22 819 253 11 0.0547 572 23 815 250 8 0.0543 573 17 807 249 7 0.0541 449 408 702 645 11 0.0538 426 1 688 196 11 0.0536 447 278 696 505 0 0.0536 444 408 694 645 11 0.0526 171 798 428 1020 7 0.0521 175 791 432 1022 3 0.0518 450 411 699 651 3 0.0516 434 0 687 201 6 0.0513 448 413 699 643 8 0.0512 428 2 680 197 0 0.0511 574 25 817 252 8 0.0511 172 792 420 1020 11 0.0502 573 222 843 446
jWla8Rabll1FgJ0UGgRFXZPrL7eXaoAc,11 0.0607 368 722 628 952 0 0.0595 311 717 572 958 8 0.0586 314 717 569 957 5 0.0581 369 715 623 953 10 0.0560 370 720 629 952 7 0.0554 377 718 631 957 11 0.0550 300 789 560 1013 3 0.0542 376 720 627 961 6 0.0522 376 720 628 954 13 0.0517 315 717 582 961
mWaymHUHQIq8O7F59gFW5eK29zXAekd5,0 0.0601 694 336 954 584 11 0.0585 242 658 521 889 8 0.0583 240 537 484 769 0 0.0575 751 403 1019 645 5 0.0570 698 334 951 582 13 0.0569 323 349 585 577 8 0.0564 249 406 492 653 8 0.0554 700 331 947 583 11 0.0552 752 406 1021 641 11 0.0551 698 337 955 583 3 0.0551 317 666 578 904 7 0.0543 757 403 1023 643 13 0.0541 760 400 1023 647 3 0.0540 385 292 640 505 5 0.0540 243 654 512 890 13 0.0536 384 292 650 501 7 0.0536 248 658 519 894 13 0.0534 248 655 522 895 10 0.0533 699 341 953 582 0 0.0532 316 606 577 833 5 0.0532 244 406 494 650 8 0.0531 245 656 508 892 10 0.0525 756 408 1019 641 5 0.0524 442 285 685 511 6 0.0522 384 292 644 499 7 0.0522 701 337 957 581 6 0.0521 705 334 960 577 8 0.0521 755 397 1012 645 5 0.0520 375 355 633 572 11 0.0519 237 543 498 767 11 0.0516 379 361 638 579 11 0.0513 321 482 569 713 7 0.0513 321 347 579 573 11 0.0508 393 199 647 425 3 0.0505 323 352 577 577 2 0.0504 758 408 1022 642 5 0.0502 320 478 563 710 7 0.0501 320 604 579 834 2 0.0500 704 340 957 582
vPPP97tdPXoAlo68QmCWIqFjUe66JC3B,8 0.0577 251 588 493 828 5 0.0566 493 798 769 1016 0 0.0559 310 581 569 832 8 0.0550 389 585 636 821 11 0.0548 372 198 624 428 5 0.0543 367 191 615 425 5 0.0537 309 320 567 562 11 0.0536 502 801 768 1019 3 0.0535 318 328 576 567 5 0.0535 433 592 710 829 11 0.0534 381 589 641 816 13 0.0533 321 328 583 565 0 0.0528 312 202 570 443 11 0.0528 242 587 499 820 0 0.0527 435 136 693 382 0 0.0523 324 458 573 700 6 0.0521 316 584 572 822 0 0.0515 316 323 575 561 3 0.0514 376 199 622 437 5 0.0513 323 453 561 695 0 0.0513 179 523 418 762 11 0.0512 309 261 577 496 11 0.0511 177 526 420 755 13 0.0509 250 587 507 824 6 0.0507 251 535 497 758 7 0.0503 183 526 425 755 8 0.0500 372 195 614 429
7iN5m86rcraOF1CVmTuVpC1cZFNlBrkT,0 0.0585 313 655 578 887 5 0.0584 310 652 571 883 7 0.0583 316 654 581 887 5 0.0559 254 582 500 816 8 0.0557 315 655 571 885 11 0.0556 371 599 624 835 8 0.0546 260 582 496 821 11 0.0541 308 534 556 775 6 0.0525 258 642 523 873 3 0.0523 379 600 623 843 0 0.0520 260 580 507 824 7 0.0515 372 719 649 950 6 0.0515 376 599 629 834 2 0.0515 374 602 625 836 8 0.0513 362 475 603 702 7 0.0511 262 583 507 822 0 0.0507 368 720 645 954 11 0.0503 362 476 612 704
cY7HtWJdUaliVbmdEUQK76CJnE8FESfE,5 0.0652 433 284 696 512 7 0.0629 394 332 641 570 13 0.0616 375 151 634 375 5 0.0612 246 210 512 437 11 0.0609 368 151 633 377 0 0.0605 507 456 765 693 5 0.0605 309 144 569 368 5 0.0599 314 278 573 503 8 0.0598 386 329 634 568 3 0.0596 455 349 704 596 3 0.0595 386 208 633 446 13 0.0594 262 141 521 384 5 0.0594 381 84 648 316 0 0.0592 261 274 521 509 0 0.0587 387 332 639 567 11 0.0584 504 451 765 688 11 0.0582 386 333 637 567 11 0.0581 261 348 524 577 10 0.0579 324 89 597 314 0 0.0579 255 142 516 383 0 0.0577 187 207 453 454 11 0.0575 315 282 579 505 5 0.0571 377 205 629 435 5 0.0568 182 133 440 383 5 0.0568 260 340 515 581 8 0.0568 258 143 508 384 13 0.0567 322 216 583 439 6 0.0567 261 139 517 385 8 0.0566 566 526 815 767 8 0.0565 322 280 569 509 8 0.0563 382 208 628 439 10 0.0561 381 214 640 435 8 0.0559 270 349 511 584 2 0.0559 314 152 574 371 7 0.0557 382 604 628 829 11 0.0555 249 468 511 708 3 0.0554 317 146 575 375 10 0.0553 256 149 516 380 6 0.0551 329 82 598 315 0 0.0550 566 527 824 768 5 0.0549 374 662 628 891 6 0.0549 187 206 454 450 11 0.0547 373 605 627 829 8 0.0546 504 449 757 692 11 0.0546 252 143 515 380 3 0.0546 384 603 623 836 5 0.0544 186 275 457 518 5 0.0543 556 270 821 497 5 0.0543 500 445 757 692 6 0.0542 508 455 767 692 11 0.0542 513 214 760 440 6 0.0542 269 347 520 582 0 0.0541 323 88 597 319 0 0.0540 372 601 625 827 7 0.0540 508 446 770 696 2 0.0538 456 358 704 588 7 0.0535 269 348 522 585 8 0.0533 583 393 819 628 2 0.0533 384 216 630 440 11 0.0532 507 601 760 842 8 0.0532 195 280 457 522 13 0.0532 189 206 460 453 8 0.0532 379 605 616 828 13 0.0532 265 273 526 508 6 0.0530 323 281 578 508 13 0.0530 387 273 646 498 11 0.0529 576 396 832 622 5 0.0528 578 395 820 622 7 0.0526 326 282 577 507 7 0.0526 197 279 468 521 2 0.0525 255 217 520 443 7 0.0524 260 141 517 382 13 0.0522 156 97 510 285 6 0.0521 392 333 644 567 3 0.0520 324 278 571 515 8 0.0520 390 91 648 320 10 0.0519 183 215 455 447 6 0.0518 378 602 628 826 0 0.0518 583 401 833 631 5 0.0517 502 591 757 838 7 0.0517 373 150 632 378 11 0.0517 190 278 466 516 10 0.0516 318 287 578 506 8 0.0515 257 466 496 711 3 0.0513 394 87 658 327 3 0.0512 511 452 764 702 2 0.0511 324 287 573 509
5LfEpyRJ2z4LssLMIEp9hB7oYtQEAIC6,7 0.0614 451 518 696 768 0 0.0611 445 457 691 701 5 0.0587 440 513 686 760 0 0.0583 503 529 751 766 0 0.0581 439 587 695 831 7 0.0576 506 456 763 698 11 0.0563 444 520 692 763 7 0.0544 379 454 632 702 8 0.0544 448 518 685 763 3 0.0542 445 586 695 836 7 0.0541 383 597 639 831 7 0.0536 192 778 438 1021 7 0.0536 318 530 576 776 11 0.0535 186 780 434 1019 2 0.0535 373 460 629 700 0 0.0534 190 781 434 1021 5 0.0534 495 456 752 694 11 0.0534 310 525 572 769 11 0.0533 376 596 639 828 6 0.0532 441 589 701 828 11 0.0529 372 454 633 698 0 0.0526 181 649 439 891 5 0.0525 370 450 625 692 0 0.0523 429 731 700 973 0 0.0522 302 462 563 706 11 0.0520 174 653 437 884 7 0.0520 186 651 443 892 7 0.0518 446 387 685 630 6 0.0511 446 457 701 699 5 0.0511 101 647 358 874 11 0.0511 366 737 629 963 0 0.0510 381 523 636 760 3 0.0505 452 455 691 707 10 0.0504 505 536 756 766 11 0.0504 438 389 685 625 2 0.0503 447 523 694 766 0 0.0502 373 393 627 628 10 0.0502 441 593 699 829 13 0.0502 195 780 444 1020 8 0.0501 503 454 751 699 6 0.0500 505 531 758 764
rkgiZ6AxWj6D3CBir7DcgkJLt0u9SgpX,11 0.0616 264 535 511 754 11 0.0616 318 399 572 628 0 0.0612 190 538 453 768 5 0.0607 253 463 509 690 10 0.0593 192 543 449 764 5 0.0593 187 539 448 761 5 0.0589 250 593 503 826 11 0.0589 383 324 636 565 8 0.0587 384 323 627 566 6 0.0584 268 538 523 757 11 0.0584 455 538 705 773 11 0.0582 177 664 428 888 8 0.0582 180 661 423 892 8 0.0579 191 537 447 765 0 0.0579 318 464 573 706 0 0.0578 388 399 643 639 11 0.0576 390 465 643 700 0 0.0567 180 664 427 891 0 0.0566 307 326 557 565 5 0.0565 390 525 641 768 8 0.0563 261 466 508 694 5 0.0561 173 660 425 886 0 0.0558 258 597 510 833 11 0.0555 376 601 634 833 13 0.0552 262 467 523 695 10 0.0549 257 466 510 693 8 0.0548 260 594 503 832 13 0.0544 265 598 512 831 8 0.0544 321 398 565 631 8 0.0544 324 674 572 911 13 0.0543 199 539 461 765 7 0.0540 332 539 587 773 0 0.0539 455 538 705 782 8 0.0538 441 667 697 901 3 0.0538 260 468 509 697 7 0.0536 198 539 454 764 7 0.0535 443 668 710 903 7 0.0535 182 664 433 894 11 0.0535 435 671 704 903 8 0.0534 458 536 702 775 7 0.0534 461 538 713 775 8 0.0531 385 598 633 831 6 0.0530 182 665 432 890 6 0.0526 325 469 580 697 3 0.0522 391 326 636 573 5 0.0522 317 395 567 628 6 0.0522 321 605 582 837 3 0.0521 323 397 570 634 13 0.0520 185 666 433 892 11 0.0520 317 685 577 915 10 0.0518 329 539 580 774 10 0.0518 256 602 505 830 7 0.0517 321 680 582 917 7 0.0514 387 321 642 564 0 0.0514 377 598 638 838 10 0.0511 459 538 705 780 5 0.0508 433 664 700 900 13 0.0506 396 399 652 639 8 0.0506 392 464 638 701 13 0.0501 446 675 710 907 7 0.0501 259 598 509 830 3 0.0501 462 540 707 787 2 0.0500 322 403 575 630
X9lWnEyAw97dnzp1rK1TdhTnqbtfI7Yi,5 0.0628 574 460 837 708 8 0.0624 577 462 831 708 11 0.0621 574 463 837 707 11 0.0619 374 423 637 650 5 0.0612 431 589 689 838 8 0.0604 437 592 686 837 0 0.0596 576 463 841 711 0 0.0595 432 590 689 838 11 0.0589 429 594 691 835 11 0.0587 356 210 622 449 5 0.0586 373 414 638 653 13 0.0569 580 465 845 709 10 0.0563 433 593 690 838 11 0.0562 299 485 562 713 8 0.0560 380 420 630 651 5 0.0556 302 481 565 713 8 0.0555 312 270 562 516 7 0.0553 382 342 640 583 7 0.0552 572 64 819 288 6 0.0551 579 465 838 708 13 0.0551 436 593 699 839 7 0.0546 579 463 841 711 5 0.0545 559 61 816 286 7 0.0545 436 594 693 839 6 0.0545 435 594 693 838 3 0.0542 579 463 839 715 0 0.0541 559 811 814 1023 7 0.0535 304 197 567 443 3 0.0534 438 593 692 843 3 0.0533 376 349 632 589 8 0.0533 380 657 628 901 0 0.0528 301 201 563 442 9 0.0526 576 463 837 707 8 0.0525 241 185 492 433 5 0.0525 304 271 567 518 2 0.0524 578 469 838 709 11 0.0520 489 803 743 1023 10 0.0519 576 467 837 708 2 0.0518 435 596 691 838 13 0.0515 381 421 650 656 8 0.0505 306 487 553 715 8 0.0504 565 66 807 286 11 0.0503 562 71 822 284 0 0.0502 487 738 752 975 7 0.0502 307 482 569 715 0 0.0501 375 418 640 652
DYIy2KIKpBmKZdUsZRihG5fI0uwKJLS8,8 0.0627 760 0 1015 194 3 0.0623 382 290 647 528 8 0.0620 322 274 575 513 0 0.0619 246 259 511 506 5 0.0602 564 347 820 578 3 0.0600 464 238 712 456 5 0.0599 451 237 711 445 5 0.0597 196 342 561 525 11 0.0589 379 293 647 519 6 0.0588 314 402 585 649 11 0.0587 753 4 1023 193 6 0.0586 328 275 590 514 6 0.0582 255 330 520 584 11 0.0581 203 347 563 525 7 0.0578 388 288 646 522 8 0.0576 314 402 572 650 5 0.0574 301 400 578 647 13 0.0568 386 290 650 520 7 0.0568 234 391 500 643 11 0.0566 310 405 579 650 0 0.0565 355 662 710 852 11 0.0558 454 242 716 445 6 0.0554 359 665 714 850 5 0.0553 350 659 704 848 0 0.0551 81 162 458 339 0 0.0551 312 401 579 654 13 0.0550 762 0 1023 195 7 0.0548 355 662 712 853 3 0.0547 234 399 497 648 7 0.0546 465 237 712 449 0 0.0542 759 2 1023 198 8 0.0537 456 166 708 384 5 0.0536 754 0 1021 194 5 0.0536 374 285 642 519 11 0.0536 368 608 647 834 8 0.0535 444 278 695 505 0 0.0532 380 287 645 524 3 0.0532 362 665 711 853 0 0.0532 7 0 382 153 7 0.0531 250 258 509 501 11 0.0531 377 166 638 373 3 0.0529 762 0 1023 197 3 0.0529 246 265 508 509 8 0.0529 569 349 813 580 5 0.0528 370 157 634 375 11 0.0528 510 340 771 576 10 0.0528 759 22 1023 257 3 0.0528 634 272 873 512 6 0.0527 91 160 468 333 10 0.0526 8 1 254 207 6 0.0525 250 197 506 429 6 0.0525 631 344 888 576 0 0.0525 516 336 771 575 6 0.0524 761 0 1023 191 10 0.0524 448 288 709 504 10 0.0521 376 354 652 583 7 0.0520 761 14 1023 258 6 0.0520 324 150 594 371 6 0.0520 517 343 776 573 6 0.0519 462 171 725 381 13 0.0519 9 0 397 155 10 0.0519 203 349 562 525 8 0.0517 5 0 363 150 0 0.0516 461 239 710 448 13 0.0515 251 263 514 508 3 0.0515 385 163 638 380 8 0.0511 319 151 576 373 13 0.0510 236 394 504 645 10 0.0509 515 346 774 571 2 0.0508 756 3 1023 194 7 0.0507 516 338 779 573 11 0.0507 0 3 388 148 6 0.0506 6 1 390 148 2 0.0506 251 337 513 584 5 0.0505 0 0 378 151 12 0.0504 251 333 513 586 0 0.0504 379 164 636 377 5 0.0503 623 265 874 501 11 0.0502 257 4 517 198 8 0.0502 372 607 629 836
JGj6Pmc9fPQ3C0BOJgcyUWLN1xt1Gp8M,3 0.0584 392 209 648 452 11 0.0573 438 787 695 1006 0 0.0566 324 139 585 389 11 0.0565 384 212 649 443 7 0.0553 451 662 720 901 6 0.0548 389 208 650 449 6 0.0548 450 664 712 898 7 0.0545 442 780 705 1011 5 0.0544 380 202 643 441 11 0.0542 321 141 587 385 6 0.0541 328 138 593 387 0 0.0539 441 781 697 1012 10 0.0539 386 213 652 446 0 0.0534 385 210 646 451 7 0.0533 390 209 649 448 8 0.0531 391 211 641 445 8 0.0529 441 782 692 1008 8 0.0525 329 142 580 384 13 0.0522 446 785 704 1008 11 0.0522 303 799 553 1016 13 0.0517 449 665 721 896 3 0.0517 331 140 584 394 10 0.0514 440 784 697 1007 5 0.0509 435 775 695 1005 13 0.0504 389 212 654 450 8 0.0503 442 663 702 896 10 0.0501 441 665 716 895
Zcyw5Wkp3F9Ll0tR0WDnIUSxadr8XcEO,11 0.0564 552 218 821 446 11 0.0558 315 586 607 820 5 0.0542 309 520 582 756 3 0.0535 560 214 817 454 0 0.0529 324 586 607 830 0 0.0521 556 213 815 448 8 0.0511 557 210 808 451 7 0.0502 560 212 819 450
K2GQL6S1solDatteSLnGpXi4xDDI4Wb2,5 0.0665 306 593 566 846 11 0.0636 241 589 502 829 8 0.0627 242 655 497 896 6 0.0622 244 587 503 833 7 0.0621 312 598 573 847 0 0.0615 245 654 500 898 11 0.0612 359 659 621 898 8 0.0605 373 604 627 841 11 0.0590 446 608 701 838 10 0.0583 373 610 635 841 2 0.0576 313 601 568 849 13 0.0571 247 587 508 833 6 0.0570 302 657 561 904 3 0.0566 246 589 502 838 6 0.0566 374 606 636 843 0 0.0561 362 657 623 903 0 0.0555 458 552 716 785 13 0.0551 306 656 566 905 5 0.0549 441 601 696 838 10 0.0549 241 659 500 897 3 0.0548 301 658 559 910 5 0.0547 292 721 558 960 11 0.0543 295 734 559 961 8 0.0543 453 546 711 784 7 0.0543 461 542 725 785 13 0.0534 379 605 639 844 9 0.0531 241 655 503 892 8 0.0524 299 730 555 964 3 0.0523 375 607 634 848 12 0.0522 245 654 503 899 13 0.0522 366 726 638 964 10 0.0511 458 550 722 781 0 0.0510 300 725 563 968 4 0.0508 244 660 503 898 7 0.0507 302 729 568 966 0 0.0505 500 657 759 881
az3Jp5BRJxesIs9DBXKc6HTDcDeIYINL,13 0.0635 512 584 775 833 11 0.0604 504 588 766 833 13 0.0597 579 524 833 762 6 0.0597 578 522 831 761 7 0.0591 509 581 774 835 0 0.0589 569 583 832 826 8 0.0588 507 584 761 834 0 0.0579 646 532 889 768 5 0.0578 500 578 768 830 6 0.0578 452 523 710 771 0 0.0570 506 456 770 696 7 0.0570 387 581 653 837 3 0.0554 450 527 706 775 5 0.0551 381 575 645 834 0 0.0550 446 525 706 776 11 0.0545 575 528 830 759 7 0.0539 578 520 832 762 10 0.0539 566 588 831 822 5 0.0537 573 518 824 761 3 0.0536 512 458 774 702 6 0.0534 513 455 778 695 5 0.0531 502 454 766 694 2 0.0530 576 530 831 761 13 0.0529 513 456 782 698 3 0.0526 577 528 830 770 8 0.0526 385 580 636 838 7 0.0525 514 456 774 694 13 0.0524 646 464 906 697 11 0.0523 382 587 648 835 11 0.0522 506 462 772 693 5 0.0520 640 454 892 693 8 0.0519 651 531 880 767 6 0.0519 649 457 901 695 9 0.0511 505 583 769 829 0 0.0510 761 384 998 625 2 0.0510 508 587 768 832 12 0.0510 508 583 772 834 8 0.0507 290 0 537 196 7 0.0505 647 457 900 696 11 0.0502 641 463 900 693
iyqe1Pv9cjNn3ffeImwASlOp73G1PFtY,8 0.0633 125 806 362 1023 11 0.0589 190 811 439 1021 8 0.0540 506 331 746 558 13 0.0522 508 332 764 562 13 0.0522 314 0 588 188 0 0.0521 501 335 757 563 10 0.0519 193 816 442 1023 7 0.0518 442 730 698 962
M2X2HyryXr4ZQkvDIgeK9sv5GwhLuUMw,11 0.0629 377 736 630 951 0 0.0595 378 734 628 959 5 0.0591 306 453 553 692 8 0.0573 4 793 243 1009 0 0.0560 7 794 255 1017 11 0.0558 5 796 254 1010 5 0.0539 2 789 251 1010 7 0.0538 380 732 634 959 8 0.0534 383 732 623 956 7 0.0514 258 409 509 648 3 0.0514 384 735 627 962 6 0.0511 382 734 634 954 11 0.0511 373 459 618 688 11 0.0510 251 411 512 646 7 0.0510 384 454 618 695 10 0.0508 12 798 256 1008 11 0.0508 491 30 763 243 13 0.0508 318 461 561 700 6 0.0508 12 800 260 1008 7 0.0507 13 791 260 1011 0 0.0505 251 404 507 649 0 0.0505 565 3 833 195 8 0.0502 401 481 750 666 3 0.0502 441 79 700 288 5 0.0501 561 0 828 192
rwWAc3r9THw2p2Nlvt3iVKM7J3VUsImF,11 0.0590 454 144 717 388 5 0.0557 501 776 757 1008 5 0.0554 501 193 756 432 7 0.0551 384 803 639 1023 5 0.0548 449 651 699 892 0 0.0538 506 730 769 966 11 0.0534 440 790 695 1018 0 0.0533 438 791 698 1023 5 0.0531 373 798 632 1020 8 0.0528 496 256 747 497 11 0.0525 375 738 631 961 2 0.0517 457 148 718 387 0 0.0517 448 146 718 391 8 0.0516 454 141 713 387 11 0.0514 383 71 648 308 0 0.0509 374 735 633 966 7 0.0509 457 656 712 895 3 0.0507 502 260 753 508 11 0.0506 498 263 757 497 6 0.0505 456 77 719 315 11 0.0504 508 657 765 894 0 0.0502 449 661 709 898
FRdS2QeTfDsm5EBKbFHwMogYY4oM2ZWU,11 0.0631 314 607 569 825 11 0.0623 372 554 634 768 11 0.0621 373 136 643 365 11 0.0582 300 198 576 423 3 0.0572 377 608 626 833 5 0.0571 371 603 623 828 11 0.0571 254 78 519 311 0 0.0566 260 256 514 500 7 0.0563 320 602 567 827 8 0.0553 375 138 631 368 8 0.0552 321 542 558 765 11 0.0547 248 463 502 698 5 0.0543 255 252 510 499 11 0.0543 315 322 571 556 0 0.0543 373 605 628 829 0 0.0541 382 276 643 519 6 0.0540 263 259 517 502 3 0.0540 376 133 639 374 11 0.0539 0 3 244 216 13 0.0539 321 260 582 498 6 0.0536 376 608 628 825 7 0.0536 258 191 514 431 13 0.0536 378 139 650 367 8 0.0530 321 323 561 559 8 0.0527 0 0 233 214 5 0.0527 299 194 570 421 7 0.0523 457 338 707 564 5 0.0522 252 76 510 313 7 0.0521 379 549 636 770 3 0.0520 318 257 579 499 13 0.0516 266 80 530 318 11 0.0515 454 218 706 437 8 0.0513 307 199 566 427 8 0.0513 371 613 619 827 11 0.0513 448 340 703 561 0 0.0511 368 137 640 368 7 0.0510 322 253 580 497 3 0.0509 325 540 567 771 0 0.0508 455 339 700 570 5 0.0507 447 332 699 562 8 0.0506 252 461 489 702 6 0.0504 309 198 581 425 0 0.0504 321 536 569 769 6 0.0503 323 77 601 309 8 0.0503 263 82 509 315
1agD6nh6PEPZZGlCmLWW2hU78H5i3fHV,7 0.0651 242 392 516 642 5 0.0649 301 389 568 637 5 0.0610 363 332 629 567 3 0.0598 241 397 510 649 11 0.0588 299 326 573 567 13 0.0584 247 395 519 643 13 0.0582 307 327 578 569 7 0.0580 305 324 575 569 5 0.0578 177 436 433 693 3 0.0574 305 330 572 574 11 0.0568 236 396 513 640 0 0.0565 376 284 643 509 3 0.0564 310 461 575 709 8 0.0562 301 393 564 642 6 0.0555 306 327 575 569 6 0.0555 244 393 514 645 0 0.0540 439 346 689 578 10 0.0537 303 399 575 640 11 0.0535 302 461 577 703 8 0.0533 364 339 623 570 13 0.0529 443 352 691 576 7 0.0525 379 282 646 508 0 0.0523 306 457 577 703 10 0.0522 367 344 635 569 6 0.0519 113 404 368 647 11 0.0518 372 284 644 504 13 0.0516 381 284 647 508 7 0.0514 442 347 695 576 11 0.0514 761 420 1020 640 11 0.0512 432 350 691 572 8 0.0512 111 398 352 650 8 0.0512 186 440 429 699 6 0.0507 773 420 1023 642 13 0.0506 116 403 373 648 5 0.0505 759 409 1016 644 9 0.0505 299 395 572 634 3 0.0503 112 407 366 657 2 0.0502 245 400 510 643
KLAs1f6WzJgmzXQgwwQNybGzCiSINlkv,0 0.0604 374 459 623 694 11 0.0586 376 335 631 558 8 0.0580 176 459 440 700 5 0.0579 372 328 627 554 5 0.0578 690 0 966 190 5 0.0576 497 0 875 156 8 0.0576 373 333 620 556 11 0.0575 439 394 692 619 3 0.0574 450 391 687 628 0 0.0573 441 392 687 623 11 0.0567 372 461 625 688 7 0.0562 446 390 690 625 11 0.0558 178 513 446 760 7 0.0558 379 335 633 559 3 0.0548 383 336 629 568 5 0.0547 242 515 516 760 0 0.0547 310 526 574 763 3 0.0542 378 459 624 695 5 0.0541 306 444 567 682 0 0.0540 375 335 630 558 0 0.0539 696 1 969 193 0 0.0538 248 465 508 702 5 0.0534 437 381 685 619 6 0.0532 446 394 694 622 8 0.0532 190 578 452 830 8 0.0530 703 0 963 189 2 0.0529 379 346 629 557 7 0.0527 315 449 573 688 8 0.0523 378 461 613 689 6 0.0523 378 460 625 688 13 0.0523 697 0 977 193 13 0.0521 253 463 515 702 5 0.0521 863 0 1021 389 13 0.0517 379 336 635 554 8 0.0516 440 391 681 624 0 0.0516 243 588 519 832 11 0.0516 694 4 972 187 13 0.0515 380 462 627 689 0 0.0514 867 9 1022 402 10 0.0513 184 580 458 829 7 0.0511 181 509 450 769 0 0.0511 501 0 883 159 8 0.0509 870 1 1018 392 5 0.0507 171 454 436 696 6 0.0506 380 340 636 558 11 0.0502 241 590 520 823 11 0.0501 307 528 579 755 3 0.0500 180 456 447 708
mzQXWAuEaW4uqRliG3VlJjwjjFGnThk4,11 0.0615 61 1 326 208 8 0.0609 64 0 315 207 5 0.0567 59 0 313 206 11 0.0567 175 155 422 384 11 0.0565 318 48 575 254 0 0.0563 321 49 568 259 11 0.0556 236 273 500 511 11 0.0554 299 193 574 433 0 0.0553 62 0 319 214 8 0.0552 109 344 356 590 6 0.0551 63 2 325 206 8 0.0537 241 271 484 513 7 0.0537 381 788 648 1012 0 0.0534 178 156 418 388 5 0.0533 110 404 376 639 7 0.0530 64 0 322 207 5 0.0528 174 149 415 384 0 0.0528 306 140 561 376 0 0.0523 117 413 379 641 8 0.0522 182 151 410 386 13 0.0516 63 2 328 208 10 0.0515 182 162 422 387 13 0.0513 306 195 580 431 2 0.0512 64 3 326 208 5 0.0510 298 134 557 374 3 0.0510 64 0 325 213 5 0.0510 237 266 487 511 0 0.0506 242 273 492 514 5 0.0504 170 334 420 573 8 0.0501 304 138 556 376
Gkc4r1NgG2zdWPwrENy16u5A0mbBb1nl,11 0.0631 314 335 581 559 5 0.0605 206 418 553 605 5 0.0594 489 782 741 1011 7 0.0591 215 422 556 610 11 0.0580 301 2 570 189 8 0.0579 285 353 624 542 6 0.0576 220 358 567 542 7 0.0575 497 781 757 1012 11 0.0574 212 426 554 606 3 0.0572 390 0 643 240 2 0.0567 305 1 565 192 8 0.0565 306 3 558 191 3 0.0561 314 403 579 633 13 0.0560 217 357 570 546 0 0.0560 318 330 580 558 7 0.0560 362 786 623 1022 8 0.0556 240 452 497 691 3 0.0555 498 784 748 1021 11 0.0548 492 787 747 1012 5 0.0547 375 0 639 230 10 0.0546 490 787 750 1014 11 0.0546 390 470 641 689 6 0.0543 246 458 509 691 6 0.0541 424 782 681 1013 0 0.0536 303 0 564 193 0 0.0535 392 469 640 688 3 0.0534 246 458 501 698 13 0.0534 311 0 572 193 3 0.0529 396 469 644 691 7 0.0528 307 1 568 192 5 0.0525 351 780 614 1017 13 0.0524 501 781 757 1017 8 0.0524 494 782 740 1013 2 0.0523 494 786 750 1014 8 0.0519 392 464 630 688 11 0.0518 379 193 653 414 13 0.0518 242 453 511 693 7 0.0517 302 284 656 475 10 0.0514 317 339 580 560 6 0.0509 310 0 572 189 6 0.0509 322 268 592 496 13 0.0507 365 785 627 1023 3 0.0506 361 785 621 1023 13 0.0504 394 466 643 693 5 0.0504 288 284 644 469
lIhm8ssi6OiIZwHeltrJE3c1gxKULSt8,11 0.0623 439 397 706 618 0 0.0596 378 340 638 559 0 0.0588 574 212 829 446 0 0.0586 441 392 704 626 8 0.0585 310 458 556 695 5 0.0583 438 335 700 558 7 0.0583 444 392 709 620 11 0.0582 236 402 503 628 3 0.0581 447 395 704 624 11 0.0579 307 461 562 696 6 0.0577 177 469 441 700 3 0.0574 312 459 561 699 8 0.0572 380 338 632 556 3 0.0570 527 208 762 445 6 0.0570 243 401 508 628 11 0.0558 379 342 638 554 0 0.0556 513 143 755 378 7 0.0555 314 457 565 699 5 0.0554 310 454 557 691 3 0.0553 447 283 704 508 7 0.0552 382 338 639 558 8 0.0551 442 395 697 622 11 0.0548 441 282 706 499 6 0.0548 311 458 565 695 11 0.0546 168 473 439 695 3 0.0546 381 344 638 560 0 0.0546 171 465 435 700 7 0.0546 241 398 506 629 11 0.0545 521 208 767 435 5 0.0544 234 393 501 624 0 0.0544 240 396 502 630 11 0.0543 315 286 579 501 5 0.0541 516 205 761 436 8 0.0540 238 396 497 628 13 0.0538 234 461 495 696 0 0.0536 440 282 705 506 7 0.0531 519 278 771 508 5 0.0530 308 275 573 500 2 0.0528 444 288 705 501 3 0.0526 238 398 502 634 8 0.0523 520 207 758 441 3 0.0517 314 282 578 507 6 0.0515 383 340 641 557 13 0.0514 442 343 708 558 0 0.0511 309 456 559 697 13 0.0511 320 283 584 506 8 0.0510 450 139 700 364 7 0.0510 177 468 437 701 10 0.0510 442 397 712 622 0 0.0509 311 281 577 505 8 0.0509 174 466 431 701 0 0.0509 381 220 644 435 5 0.0508 577 283 830 516 8 0.0507 316 280 567 500 10 0.0506 236 404 505 627 6 0.0506 527 207 766 438 8 0.0500 380 220 635 435
Mjd8BcXkJreiDBzSvpE0wUrdHIZTe56d,8 0.0616 0 392 245 638 0 0.0587 516 208 745 442 11 0.0584 516 134 765 372 0 0.0573 0 407 252 638 5 0.0563 447 136 700 371 11 0.0560 0 403 257 635 0 0.0557 447 141 708 376 3 0.0548 454 139 705 378 7 0.0547 522 127 765 373 6 0.0539 454 140 712 375 3 0.0536 520 206 746 446 6 0.0517 4 399 260 633 5 0.0506 512 201 741 439 8 0.0506 452 138 700 375
6HmV1ynvGau9CrUbXuJMEIqQhJ5IpH2D,11 0.0597 302 145 563 376 0 0.0580 302 136 559 377 13 0.0566 310 141 570 380 11 0.0566 191 193 444 428 8 0.0565 305 141 552 376 8 0.0554 196 192 433 428 7 0.0545 181 387 432 627 6 0.0541 305 143 564 375 5 0.0539 299 201 556 427 5 0.0539 188 188 442 429 11 0.0534 633 464 893 702 7 0.0532 447 468 705 714 0 0.0531 439 469 701 721 8 0.0528 442 467 694 715 0 0.0523 186 145 441 388 6 0.0520 447 468 702 713 7 0.0516 201 262 444 496 8 0.0515 639 460 885 703 11 0.0513 362 533 631 766 11 0.0511 438 472 704 710 5 0.0508 437 461 698 713 5 0.0508 190 314 440 554 13 0.0507 201 265 453 501 10 0.0504 302 148 561 378 13 0.0504 186 149 451 388 13 0.0503 444 470 708 718 7 0.0502 308 136 568 378 7 0.0502 367 526 637 770 8 0.0502 196 321 433 559 7 0.0501 241 436 507 691
TmAMNWSQt5rldJdtK3CPXdixLizVMnqZ,11 0.0626 179 153 449 389 5 0.0597 373 796 610 1015 5 0.0571 247 199 503 454 11 0.0568 237 76 506 306 7 0.0557 385 799 625 1022 11 0.0553 446 721 686 953 6 0.0553 192 148 454 392 7 0.0551 192 147 454 390 0 0.0548 188 148 445 391 3 0.0548 241 136 510 390 10 0.0542 239 147 508 386 0 0.0539 301 140 569 391 5 0.0538 172 23 431 249 6 0.0537 209 258 463 512 0 0.0536 315 800 559 1023 0 0.0535 244 76 506 308 11 0.0535 175 25 437 247 11 0.0534 376 802 614 1019 11 0.0534 217 0 581 148 13 0.0534 244 137 519 389 11 0.0532 292 146 571 382 8 0.0530 189 148 441 391 13 0.0528 207 256 470 510 7 0.0526 452 718 692 952 5 0.0519 756 15 1001 260 0 0.0518 219 0 580 151 8 0.0516 381 797 608 1022 8 0.0512 244 75 497 309 8 0.0512 181 24 429 250 8 0.0511 259 203 505 454 0 0.0509 446 713 684 956 0 0.0504 179 26 437 252 7 0.0500 212 253 464 510
u1ClmbtcFUtr2joObkuIBSkqJr9ctSju,11 0.0655 317 323 570 573 0 0.0612 318 318 568 575 3 0.0612 381 324 633 575 0 0.0608 236 267 501 515 6 0.0606 321 318 570 576 7 0.0599 322 320 570 574 5 0.0596 304 260 565 509 8 0.0594 319 323 563 572 7 0.0594 374 400 635 645 11 0.0593 441 330 701 574 6 0.0584 443 396 704 647 7 0.0582 449 326 704 576 3 0.0582 445 399 705 652 11 0.0581 369 401 632 642 11 0.0579 234 266 502 508 0 0.0578 440 401 702 647 3 0.0577 349 196 531 578 8 0.0574 440 263 697 497 3 0.0571 447 263 704 503 0 0.0570 442 264 704 502 5 0.0570 373 319 630 570 8 0.0568 371 401 625 642 10 0.0566 309 267 567 511 5 0.0564 433 393 698 645 6 0.0561 447 261 708 500 13 0.0556 378 402 636 644 3 0.0555 371 467 637 706 5 0.0548 439 258 697 498 10 0.0547 375 326 633 572 6 0.0540 243 265 501 514 13 0.0537 287 292 640 479 3 0.0537 311 393 565 645 2 0.0537 377 326 632 573 8 0.0536 238 266 492 513 3 0.0536 248 325 498 581 5 0.0535 363 459 631 702 0 0.0532 370 464 638 705 5 0.0527 239 319 498 575 5 0.0526 299 387 559 637 6 0.0522 370 462 639 701 7 0.0519 368 530 637 771 0 0.0517 642 424 893 663 6 0.0510 221 222 580 405 9 0.0510 377 325 632 567 10 0.0510 441 264 705 497 13 0.0507 373 533 643 773 12 0.0507 380 320 632 576 2 0.0505 442 401 704 646 10 0.0504 436 400 703 646 3 0.0501 383 586 636 835 11 0.0500 228 401 495 648
cG47XA0IJym5Ltfs8yYDtd08RduP0j42,10 0.0635 563 221 825 447 11 0.0634 565 219 822 446 8 0.0631 507 148 760 371 3 0.0631 440 84 700 318 6 0.0629 571 221 824 447 8 0.0626 564 216 818 448 0 0.0625 508 148 762 373 0 0.0620 564 217 820 450 11 0.0619 370 789 629 1007 5 0.0615 562 151 819 371 11 0.0611 506 150 764 371 3 0.0609 572 151 823 379 11 0.0604 310 145 574 376 5 0.0603 627 207 900 442 3 0.0603 323 137 572 383 7 0.0602 569 217 825 448 8 0.0600 371 782 621 1009 7 0.0599 509 147 764 375 5 0.0592 303 130 569 378 5 0.0592 426 78 695 309 6 0.0586 441 87 706 310 6 0.0585 320 139 576 378 13 0.0584 317 138 578 375 7 0.0581 373 785 634 1012 0 0.0581 440 87 702 314 2 0.0580 508 153 762 371 0 0.0579 312 134 572 378 5 0.0578 367 780 623 1007 10 0.0577 506 152 766 374 11 0.0575 436 90 702 309 0 0.0575 368 787 625 1013 13 0.0574 568 220 825 447 7 0.0572 441 87 699 313 8 0.0572 441 88 693 311 8 0.0571 318 139 566 376 7 0.0565 318 136 569 381 10 0.0556 439 93 701 312 10 0.0556 318 146 573 376 2 0.0554 568 223 822 447 13 0.0543 443 86 704 309 3 0.0543 265 205 500 450 5 0.0542 554 275 816 513 13 0.0542 507 150 765 372 3 0.0539 639 213 903 449 8 0.0536 631 268 892 505 11 0.0535 626 275 896 500 13 0.0534 261 200 510 440 7 0.0534 431 397 705 641 13 0.0533 635 273 906 503 9 0.0531 503 148 764 367 12 0.0530 572 216 825 448 6 0.0530 266 202 509 441 13 0.0528 501 458 769 686 0 0.0526 626 271 898 508 13 0.0518 372 786 637 1012 5 0.0517 353 339 620 567 10 0.0516 629 276 900 499 1 0.0516 559 213 823 450 9 0.0516 429 87 703 303 0 0.0515 427 398 698 647 8 0.0515 364 348 618 571 8 0.0513 433 506 683 738 7 0.0512 264 198 505 445 11 0.0511 502 506 755 735 3 0.0511 376 786 627 1011 6 0.0509 371 788 630 1013 12 0.0509 509 145 766 375 11 0.0506 424 399 701 639 13 0.0506 365 348 636 573 8 0.0505 426 399 691 641 0 0.0504 434 503 691 745 5 0.0504 500 497 754 735 6 0.0503 638 275 901 503 7 0.0502 363 462 635 693 5 0.0501 250 198 501 440
jDDoofxzzdPuQyYtz1DXoKNPLZ0E9pqA,8 0.0671 252 723 499 971 7 0.0658 306 662 572 900 11 0.0652 300 666 569 897 11 0.0640 379 725 633 966 0 0.0640 253 659 509 893 11 0.0636 504 598 755 827 7 0.0627 511 593 759 828 8 0.0617 383 726 630 965 7 0.0612 386 723 637 969 11 0.0607 248 725 501 966 8 0.0604 306 662 562 899 8 0.0603 572 597 815 836 7 0.0602 255 725 506 969 0 0.0601 383 724 635 968 0 0.0598 505 595 755 828 5 0.0596 301 662 563 898 6 0.0592 384 727 638 970 5 0.0588 380 725 629 967 5 0.0583 503 595 750 827 6 0.0579 304 665 570 902 13 0.0578 510 597 760 829 10 0.0574 502 599 753 827 5 0.0571 767 11 1015 266 5 0.0567 249 727 497 965 13 0.0567 254 728 510 970 13 0.0565 307 665 575 900 8 0.0564 512 528 748 763 13 0.0561 385 726 641 969 10 0.0560 302 669 567 901 3 0.0558 306 665 568 903 6 0.0553 507 598 756 831 6 0.0550 255 727 505 971 10 0.0549 380 731 635 968 5 0.0545 623 0 879 196 1 0.0536 301 658 569 899 1 0.0532 378 719 634 969 2 0.0530 507 600 754 829 10 0.0516 249 733 504 967 2 0.0512 381 729 635 968 3 0.0509 509 596 752 832 12 0.0507 386 724 634 969 3 0.0506 254 728 503 974 0 0.0505 766 20 1014 266 3 0.0504 386 724 634 972 12 0.0502 307 662 570 901 12 0.0501 257 726 505 970
iWWl1KmfARX2LK8yXKi3bh3TccqtuR6X,5 0.0579 238 140 494 373 0 0.0565 306 157 567 387 5 0.0561 172 250 432 501 8 0.0561 244 148 489 377 11 0.0551 242 146 501 373 8 0.0549 115 1 365 194 0 0.0548 119 1 376 196 0 0.0541 243 83 498 325 11 0.0541 245 266 516 495 6 0.0539 245 145 499 377 5 0.0537 309 200 574 423 11 0.0529 298 81 568 317 8 0.0529 251 269 499 502 13 0.0529 121 3 388 198 7 0.0525 255 326 506 569 7 0.0524 466 388 722 631 10 0.0524 242 89 500 317 11 0.0523 465 392 721 628 6 0.0520 258 267 515 500 8 0.0519 303 83 556 318 13 0.0519 243 83 508 324 0 0.0516 465 398 717 636 7 0.0515 178 253 435 504 10 0.0515 180 147 442 377 6 0.0510 303 79 573 316 5 0.0510 251 323 502 565 3 0.0510 244 145 502 382 6 0.0507 597 476 837 696 11 0.0507 312 202 587 422 7 0.0507 186 143 448 378 2 0.0505 243 88 503 322 8 0.0500 461 391 712 632
7y1oVPQQ6pvElmaglCV0OVspGuqEY2JY,8 0.0576 186 406 432 650 5 0.0573 228 403 492 637 7 0.0563 184 409 442 647 5 0.0560 431 525 697 775 13 0.0544 235 416 503 644 11 0.0541 433 8 703 251 8 0.0539 435 529 693 771 0 0.0536 439 532 703 776 7 0.0535 443 528 707 773 13 0.0535 383 3 649 255 11 0.0533 488 799 746 1022 11 0.0531 181 414 444 646 13 0.0529 315 455 588 696 6 0.0527 438 533 705 773 6 0.0525 187 411 449 648 5 0.0516 300 449 573 689 13 0.0516 370 584 647 839 0 0.0515 177 349 428 578 0 0.0514 106 419 365 661 3 0.0514 237 414 496 647 13 0.0512 442 530 711 772 0 0.0510 489 798 749 1023 6 0.0509 320 403 589 635 7 0.0508 495 794 751 1023 3 0.0507 382 0 647 260 8 0.0507 378 0 633 257 11 0.0506 236 529 503 768 7 0.0505 338 674 697 852 5 0.0505 486 790 741 1020 11 0.0504 333 742 698 914 0 0.0503 375 0 645 259 11 0.0501 307 17 568 258 11 0.0501 367 799 634 1014 7 0.0500 375 795 640 1017
8Ak7pXW5w1bIoRSbZkJSMWxDhoXEZ3u6,11 0.0518 767 773 1023 1010 0 0.0509 756 18 1009 260 0 0.0506 771 781 1018 1018
np5fDALzwUG8A7xFm6CyCvWC26P8B22n,5 0.0638 583 476 828 709 8 0.0622 511 393 768 643 0 0.0603 575 299 825 528 8 0.0599 571 225 812 450 8 0.0587 509 284 752 514 5 0.0584 567 356 817 589 2 0.0581 512 352 764 576 8 0.0574 585 477 823 710 11 0.0574 584 483 830 709 0 0.0569 510 399 777 647 7 0.0567 515 398 779 644 0 0.0567 585 479 836 713 11 0.0561 568 360 823 587 13 0.0558 582 415 836 642 11 0.0555 457 276 709 508 11 0.0553 625 248 880 463 11 0.0545 493 532 758 775 13 0.0545 642 103 889 324 0 0.0538 463 208 708 432 6 0.0528 585 303 832 530 11 0.0528 629 41 878 264 5 0.0523 568 225 818 451 8 0.0523 563 17 811 247 8 0.0522 465 208 700 434 5 0.0515 557 12 818 247 13 0.0515 502 530 768 779 5 0.0514 511 279 752 512 6 0.0510 465 277 715 507 11 0.0509 580 158 835 372 8 0.0508 498 529 751 778 5 0.0508 490 520 758 775 6 0.0508 508 474 767 715 0 0.0507 493 531 764 780 2 0.0507 461 282 710 510 7 0.0506 520 283 760 511 11 0.0504 516 217 759 439 7 0.0504 500 528 764 776 13 0.0503 585 302 833 525
chLEfuFfzf45LwnNnsqwb2uqImWbQ6iH,8 0.0555 511 332 742 563 0 0.0550 507 399 755 641 11 0.0543 508 338 749 562 7 0.0538 515 334 752 564 0 0.0528 520 290 757 528 8 0.0512 250 209 495 439 3 0.0512 272 480 638 669 11 0.0508 441 400 699 630 5 0.0507 503 332 741 560 7 0.0507 250 208 509 440 8 0.0506 343 482 685 666 5 0.0505 325 0 557 230 7 0.0504 445 397 700 632 6 0.0503 513 340 754 563 3 0.0501 513 401 754 645
XonxvTP0Ni2TLiBLMBu73SieL2eBnXFO,8 0.0673 248 716 489 958 7 0.0667 311 714 562 953 11 0.0663 306 717 562 953 5 0.0659 244 713 492 956 0 0.0647 310 715 563 959 11 0.0629 186 279 463 503 8 0.0627 307 656 551 895 10 0.0612 247 721 494 952 6 0.0611 312 719 565 952 10 0.0607 305 658 557 892 3 0.0594 314 716 562 958 8 0.0578 250 391 496 627 5 0.0578 301 651 556 896 5 0.0574 245 319 513 556 8 0.0569 120 275 378 528 2 0.0563 312 720 563 956 13 0.0557 313 718 566 955 6 0.0539 185 402 466 630 13 0.0534 577 675 830 921 8 0.0533 252 265 506 495 12 0.0530 251 715 493 959 8 0.0530 577 674 810 913 11 0.0530 573 676 818 915 9 0.0528 306 720 560 950 5 0.0521 572 667 815 913 0 0.0515 187 280 464 511 11 0.0515 178 403 461 631 5 0.0509 175 397 462 627 7 0.0509 583 671 822 917 0 0.0506 577 671 819 917
dYV7vMHfhTQGetYxU3Cobv6UuakJLSMz,8 0.0594 444 654 691 890 11 0.0590 444 658 697 890 6 0.0589 447 660 700 894 7 0.0571 449 654 702 892 0 0.0532 443 656 696 893 13 0.0528 452 660 704 892 5 0.0517 442 652 692 889 10 0.0513 444 658 696 890
VPbwxz8065WMfClbfii2ow1ChYbL2s6c,7 0.0637 254 788 507 1023 5 0.0633 248 785 502 1021 8 0.0631 253 784 500 1023 8 0.0623 503 782 739 1023 0 0.0614 315 786 557 1023 11 0.0604 313 786 558 1018 5 0.0603 499 784 740 1019 0 0.0596 318 669 560 909 7 0.0594 508 785 750 1021 7 0.0592 323 720 566 963 7 0.0591 315 605 557 834 5 0.0585 251 666 502 903 6 0.0580 507 789 745 1023 8 0.0579 256 671 494 904 11 0.0578 503 785 745 1019 10 0.0577 249 792 505 1020 11 0.0575 448 675 690 902 11 0.0573 312 671 561 899 10 0.0572 251 673 504 906 0 0.0571 503 783 745 1023 8 0.0566 323 719 559 962 6 0.0563 450 726 688 958 6 0.0563 316 791 557 1023 13 0.0561 509 787 751 1023 11 0.0559 250 606 499 833 5 0.0555 442 722 682 957 10 0.0549 502 786 745 1020 13 0.0547 318 789 563 1023 8 0.0545 316 610 543 832 11 0.0541 376 612 629 833 2 0.0539 506 788 749 1023 7 0.0538 453 672 695 906 8 0.0537 446 724 680 958 6 0.0532 317 671 560 901 0 0.0532 255 602 499 842 10 0.0529 319 727 565 960 2 0.0528 252 791 507 1023 3 0.0526 324 718 565 968 5 0.0519 311 606 554 834 0 0.0517 447 722 685 964 9 0.0516 312 786 558 1021 8 0.0515 108 398 359 637 13 0.0510 450 726 694 962 9 0.0510 501 786 745 1019 11 0.0509 192 661 439 894 3 0.0509 506 787 746 1023 5 0.0509 102 393 372 636 10 0.0508 311 615 558 837 10 0.0504 443 728 687 957 3 0.0502 315 612 556 842 6 0.0501 254 610 499 837 0 0.0501 194 659 435 905
JUwWTgzZcqcyGEpn5BdqhO3VlNyRhh8S,8 0.0612 274 718 514 962 11 0.0610 272 722 521 962 5 0.0610 270 716 515 963 7 0.0606 279 719 522 964 0 0.0600 137 747 501 925 10 0.0584 274 723 519 961 13 0.0568 277 716 527 964 6 0.0564 275 719 523 963 11 0.0539 430 664 688 876 9 0.0525 273 719 517 961 2 0.0518 279 723 519 964 3 0.0512 279 717 517 968 8 0.0506 438 664 678 882
teOXEt27eAQ0ouTxWL4s7MXenimZmfec,7 0.0647 122 787 370 1016 5 0.0620 115 787 362 1014 8 0.0602 509 792 756 1020 8 0.0590 120 787 361 1020 10 0.0582 118 792 366 1018 7 0.0576 315 714 573 968 11 0.0569 512 795 765 1021 6 0.0557 123 789 371 1017 0 0.0556 119 790 365 1022 7 0.0556 452 790 701 1023 8 0.0556 314 714 560 964 11 0.0552 117 788 369 1017 0 0.0552 448 796 693 1023 6 0.0550 513 800 770 1023 5 0.0539 507 792 760 1018 5 0.0530 309 713 560 962 6 0.0529 383 719 639 969 0 0.0526 314 718 569 969 0 0.0525 573 789 821 1020 5 0.0524 115 387 371 630 10 0.0524 309 718 569 961 2 0.0518 120 794 368 1018 3 0.0518 122 395 373 641 11 0.0516 114 394 377 631 13 0.0514 123 791 374 1019 3 0.0513 123 790 362 1023 8 0.0512 120 393 364 629 0 0.0511 377 653 632 905 7 0.0507 385 651 635 897 2 0.0501 118 398 370 633
Ugna1DGzQlCSTswP1qw8oZx74Ifbfw3X,5 0.0672 439 319 703 564 3 0.0647 447 324 704 574 8 0.0619 503 336 752 568 11 0.0618 443 323 708 564 5 0.0614 495 218 751 435 0 0.0611 444 329 707 567 11 0.0603 196 401 565 597 7 0.0602 448 321 709 568 2 0.0594 447 331 702 567 0 0.0592 195 400 570 601 8 0.0591 388 154 639 381 11 0.0589 308 196 581 437 5 0.0588 313 146 575 390 8 0.0586 206 398 555 600 10 0.0584 446 326 709 568 5 0.0579 242 321 503 564 11 0.0575 385 458 638 697 0 0.0574 386 458 636 698 8 0.0568 248 203 509 445 3 0.0568 316 199 582 444 0 0.0566 313 199 578 437 10 0.0565 244 330 508 569 3 0.0564 244 326 508 571 9 0.0564 438 325 704 559 8 0.0563 386 457 633 697 7 0.0563 524 474 768 701 7 0.0562 392 150 649 382 3 0.0560 393 458 641 702 7 0.0559 245 320 510 568 7 0.0557 248 200 518 443 5 0.0555 455 452 702 701 6 0.0554 509 339 762 567 8 0.0547 498 220 753 438 13 0.0546 204 401 573 603 11 0.0545 520 476 765 702 6 0.0544 321 155 583 390 0 0.0543 249 93 507 330 8 0.0541 523 475 757 702 5 0.0540 378 83 636 317 6 0.0538 250 323 510 569 11 0.0537 499 222 763 435 8 0.0537 253 90 501 329 13 0.0536 320 155 588 387 10 0.0535 392 159 649 377 13 0.0534 509 338 762 566 0 0.0534 171 268 436 515 11 0.0532 187 80 440 318 7 0.0528 190 787 447 1010 10 0.0527 461 461 707 701 10 0.0525 314 203 584 435 13 0.0523 194 79 445 325 11 0.0522 182 789 442 1011 0 0.0519 182 152 443 394 13 0.0516 393 458 644 696 13 0.0516 504 224 768 436 5 0.0514 170 261 430 508 6 0.0514 388 460 646 697 12 0.0513 448 324 708 568 5 0.0512 189 78 433 319 2 0.0512 392 163 642 383 5 0.0511 498 83 756 310 2 0.0509 246 329 503 567 0 0.0508 495 222 763 438 1 0.0507 438 322 703 568 11 0.0506 622 411 879 639 7 0.0505 390 458 640 699 8 0.0504 175 261 425 515 11 0.0504 175 208 443 449 8 0.0503 181 149 434 393
tzxwGz2w4opGak8S9uxxje8fgrGhJQeC,11 0.0568 436 464 697 704 11 0.0566 374 396 625 640 5 0.0565 363 789 609 1018 7 0.0560 373 791 617 1021 0 0.0558 489 524 751 774 13 0.0548 432 394 702 628 11 0.0537 488 394 762 624 8 0.0535 377 396 620 640 0 0.0534 380 393 625 642 7 0.0533 380 394 630 643 6 0.0532 382 396 627 642 8 0.0530 241 797 480 1023 13 0.0522 390 458 642 710 11 0.0522 304 799 550 1020 13 0.0521 311 799 561 1023 5 0.0519 374 394 622 640 0 0.0518 367 791 613 1023 13 0.0516 437 779 682 1021 10 0.0514 384 462 635 705 8 0.0512 372 791 604 1023 3 0.0510 388 459 638 714 0 0.0509 0 82 247 328 11 0.0509 441 726 691 961 8 0.0507 441 461 689 704 7 0.0507 246 799 490 1020 11 0.0506 0 82 253 317 6 0.0504 444 460 698 708 5 0.0502 235 795 481 1018 7 0.0501 449 718 693 967
pmoDaiSR0fBiLjE3uyNRw2MDBVyojme7,5 0.0541 253 516 509 752 8 0.0533 263 523 505 763 11 0.0531 389 163 630 370 11 0.0530 255 524 510 758 13 0.0529 513 14 770 242 11 0.0522 245 384 503 623 5 0.0521 307 153 554 366 6 0.0518 396 159 631 370 5 0.0515 495 11 757 238 11 0.0513 183 447 433 696 5 0.0510 182 438 431 690 0 0.0505 253 378 499 630 7 0.0502 262 521 515 764 8 0.0501 558 0 801 208 0 0.0501 557 0 811 210 3 0.0501 266 528 511 771
tWXgPlkiShpsbcEORLNzdboZ75tQIcUd,11 0.0656 185 332 435 563 11 0.0612 248 282 503 499 8 0.0584 173 393 422 628 11 0.0579 177 207 435 424 7 0.0575 195 330 434 569 5 0.0572 185 326 429 565 8 0.0569 126 206 381 449 11 0.0562 630 342 889 572 0 0.0562 175 401 429 628 8 0.0557 369 718 620 954 5 0.0552 176 451 436 700 11 0.0549 626 471 889 707 0 0.0546 373 603 639 838 10 0.0545 185 276 435 502 11 0.0544 301 790 547 1011 6 0.0543 127 208 385 447 0 0.0542 507 396 774 639 3 0.0541 195 335 433 576 0 0.0534 127 212 383 451 5 0.0533 365 715 622 951 11 0.0532 245 412 507 628 5 0.0531 628 330 886 573 5 0.0525 568 399 837 651 8 0.0524 181 143 423 373 3 0.0524 132 211 386 455 8 0.0522 509 395 768 637 11 0.0521 371 722 630 949 11 0.0518 321 82 575 303 13 0.0516 579 405 849 656 2 0.0516 575 410 848 653 11 0.0513 333 220 589 419 0 0.0513 373 711 627 954 6 0.0512 430 607 709 838 7 0.0511 129 202 389 445 0 0.0511 453 343 714 565 0 0.0507 180 146 426 376 5 0.0507 178 200 424 424 5 0.0507 248 404 503 634 7 0.0507 376 718 633 951 13 0.0505 195 330 440 568 11 0.0505 175 463 436 693 11 0.0504 453 345 716 556 6 0.0503 193 274 435 502 6 0.0502 176 399 431 629 6 0.0502 180 139 427 373 6 0.0502 514 457 778 701 6 0.0501 307 721 560 956 7 0.0501 187 456 441 697 8 0.0500 258 347 493 568 7 0.0500 256 407 506 633
6YEEubab3t2V4b2IRZxiEv06IXBoKAMN,5 0.0669 375 520 639 781 0 0.0613 386 604 648 848 5 0.0610 314 600 585 843 5 0.0607 310 448 573 700 7 0.0597 385 451 642 715 0 0.0592 382 450 639 718 6 0.0591 384 524 651 782 8 0.0588 381 525 636 781 11 0.0587 545 597 804 847 8 0.0585 320 605 582 845 0 0.0583 312 527 582 779 11 0.0579 383 606 649 841 6 0.0579 319 604 596 842 7 0.0576 312 529 582 777 2 0.0566 381 532 643 785 8 0.0561 317 454 566 704 11 0.0561 381 455 637 711 5 0.0560 376 670 641 912 11 0.0559 305 678 578 909 0 0.0553 548 596 805 854 7 0.0553 389 605 653 846 3 0.0552 388 608 650 851 8 0.0550 384 676 641 911 3 0.0535 382 456 636 719 11 0.0535 309 530 582 769 0 0.0532 309 675 580 915 8 0.0531 565 653 804 907 2 0.0525 316 461 575 707 13 0.0524 387 453 643 717 6 0.0522 385 676 651 911 10 0.0521 313 460 575 701 5 0.0521 547 592 800 850 0 0.0519 254 457 519 713 2 0.0516 319 609 589 850 6 0.0515 318 454 581 701 11 0.0511 250 459 520 704 10 0.0509 386 610 653 842 12 0.0507 318 603 590 846 3 0.0506 313 534 580 779 13 0.0505 390 604 657 844 7 0.0503 553 594 805 852 3 0.0503 310 682 582 920 13 0.0502 316 674 589 914 10 0.0501 560 532 818 778
XTHTArZy4DjcXZoLLGsN5mwZadYbXsPr,5 0.0607 239 324 503 569 5 0.0607 371 382 636 627 7 0.0593 317 393 583 639 8 0.0588 365 459 632 699 5 0.0586 306 448 576 700 8 0.0575 246 331 498 573 13 0.0573 247 330 509 577 11 0.0570 310 394 577 634 11 0.0569 516 530 754 759 11 0.0568 620 631 872 846 7 0.0568 381 315 632 556 11 0.0568 374 321 630 552 11 0.0564 239 331 501 568 0 0.0562 518 536 757 764 5 0.0556 369 527 633 769 10 0.0555 240 336 503 572 7 0.0553 245 328 501 574 3 0.0552 315 323 573 566 8 0.0549 516 533 752 762 0 0.0543 315 394 579 636 3 0.0539 376 390 637 635 13 0.0538 315 456 584 703 13 0.0534 376 388 649 628 1 0.0532 308 319 571 562 10 0.0529 366 463 644 702 0 0.0528 623 632 870 850 11 0.0528 300 725 566 957 0 0.0527 245 327 502 573 3 0.0525 373 538 632 780 6 0.0523 525 531 760 764 6 0.0518 370 463 648 703 6 0.0513 246 331 504 574 0 0.0509 378 321 628 554 13 0.0509 249 0 528 205 12 0.0508 317 322 574 561 6 0.0508 376 324 635 553 11 0.0507 242 461 509 706 8 0.0507 372 319 624 548 6 0.0504 315 398 582 639 8 0.0504 256 0 511 203 2 0.0503 374 394 636 627 8 0.0502 243 466 499 708
I0vPMveqmqQqEhCOkWz4OHFJZX7R1w65,0 0.0668 190 664 440 907 11 0.0631 188 667 438 901 7 0.0628 253 670 508 908 8 0.0620 130 713 370 956 7 0.0615 119 658 371 899 10 0.0598 115 666 371 897 5 0.0598 184 663 437 902 0 0.0586 254 599 506 845 11 0.0581 252 601 502 836 6 0.0557 120 660 373 900 3 0.0556 191 663 438 908 6 0.0546 191 721 437 960 8 0.0544 251 717 492 960 7 0.0539 314 601 564 832 10 0.0538 247 676 505 906 13 0.0531 122 658 374 899 2 0.0529 130 718 377 960 9 0.0520 113 660 369 894 5 0.0508 249 597 501 834 8 0.0506 256 601 495 838 11 0.0503 370 603 626 825 13 0.0502 195 719 442 959
wELfMSqGm3SRBchgFpWydbbX0tu1Iez3,13 0.0585 588 12 837 246 8 0.0571 320 198 578 436 8 0.0550 585 6 820 249 0 0.0548 316 195 581 435 11 0.0545 317 199 584 436 11 0.0531 578 13 830 242 6 0.0527 320 194 582 438 6 0.0524 644 275 887 512 0 0.0511 580 15 826 246 5 0.0505 636 268 875 509 0 0.0503 641 276 881 511
qx3FlTTITsOXx3JmEAPnGoUA611qqlkc,8 0.0634 575 344 823 582 0 0.0618 574 347 833 583 5 0.0604 573 273 825 516 11 0.0599 576 205 833 449 2 0.0580 577 354 830 583 11 0.0578 576 345 835 584 8 0.0577 574 205 822 451 7 0.0569 581 404 827 643 5 0.0563 575 400 821 645 7 0.0557 579 205 835 451 6 0.0555 584 405 827 642 6 0.0545 580 281 831 514 11 0.0539 246 798 503 1013 0 0.0538 574 205 831 450 2 0.0531 578 212 832 450 11 0.0529 176 145 439 363 3 0.0528 578 348 833 590 3 0.0525 580 209 833 457 9 0.0525 575 348 831 579 13 0.0521 579 205 839 454 13 0.0519 583 406 829 644 0 0.0518 710 411 952 639 0 0.0516 695 550 950 764 0 0.0515 247 795 502 1023 7 0.0514 517 72 770 316 11 0.0514 570 551 953 732 7 0.0512 250 796 505 1015 8 0.0509 512 74 757 308 8 0.0507 567 548 945 733 7 0.0503 316 133 576 365 11 0.0501 305 132 576 361
PpfYRmh3yNP1ZBryK1P8KpW4XMrcntlr,8 0.0628 581 334 819 566 11 0.0593 641 334 894 567 6 0.0592 587 334 825 564 13 0.0587 585 334 830 565 3 0.0582 650 334 895 575 8 0.0582 507 1 766 204 0 0.0582 582 332 824 569 0 0.0581 648 269 893 498 5 0.0577 508 0 765 202 6 0.0576 514 1 776 202 5 0.0576 638 328 890 563 5 0.0575 516 208 773 441 11 0.0573 507 1 773 198 7 0.0564 530 210 784 444 8 0.0562 520 213 775 442 7 0.0562 586 331 827 571 7 0.0561 512 1 772 205 13 0.0557 515 1 776 202 2 0.0556 585 341 825 566 0 0.0554 509 4 770 204 8 0.0553 367 10 623 245 3 0.0552 515 2 771 209 8 0.0548 254 448 492 704 13 0.0531 445 75 710 307 2 0.0528 510 5 766 200 5 0.0528 247 387 496 630 7 0.0526 446 73 703 308 8 0.0526 653 268 886 494 8 0.0524 442 77 698 307 10 0.0524 580 336 823 565 7 0.0523 262 332 508 570 11 0.0523 589 205 848 432 0 0.0522 518 214 785 441 5 0.0521 435 66 693 302 10 0.0521 440 82 704 309 6 0.0519 526 213 783 440 11 0.0518 311 464 574 712 2 0.0515 525 219 780 436 2 0.0512 444 78 695 305 10 0.0512 509 4 774 203 3 0.0511 530 213 775 445 3 0.0511 252 394 496 642 11 0.0511 248 394 495 633 6 0.0510 254 391 503 636 11 0.0509 247 578 501 826 6 0.0509 654 269 900 493 13 0.0503 528 215 782 442
3d8lJeYun1X8PgHidiAhDjJ67gYUxhHu,5 0.0629 0 794 224 1017 0 0.0620 0 794 230 1018 11 0.0617 0 796 227 1015 8 0.0603 0 793 224 1012 6 0.0598 1 798 232 1013 10 0.0568 0 797 225 1015 3 0.0559 0 795 226 1023 13 0.0556 0 796 232 1016 11 0.0552 0 680 247 917 7 0.0551 0 789 232 1016 0 0.0528 0 677 251 918 8 0.0517 695 766 934 994 8 0.0511 0 676 243 913 1 0.0506 0 788 228 1017 12 0.0505 3 794 226 1020
jFZC8Mhs1gliE1MCio4HqM7WE4W4mhwg,8 0.0655 514 800 756 1023 5 0.0647 510 800 758 1020 11 0.0637 178 798 420 1020 7 0.0630 247 724 504 973 7 0.0624 182 796 426 1023 11 0.0617 513 803 761 1019 7 0.0616 449 788 697 1018 5 0.0609 183 721 430 965 8 0.0592 378 779 616 1015 11 0.0592 242 728 499 969 8 0.0591 187 727 422 967 5 0.0584 312 776 562 1017 0 0.0577 445 789 691 1023 0 0.0576 187 727 432 971 11 0.0564 317 785 562 1019 6 0.0552 183 800 426 1023 0 0.0551 320 785 566 1023 6 0.0550 516 809 763 1023 10 0.0538 378 783 625 1017 13 0.0537 186 798 428 1023 13 0.0534 450 793 697 1022 13 0.0534 321 787 573 1023 2 0.0531 179 803 426 1023 3 0.0531 517 802 762 1023 10 0.0527 184 731 433 967 6 0.0523 247 727 503 973 6 0.0514 380 787 625 1021 2 0.0511 514 807 761 1021 3 0.0509 187 800 424 1023 9 0.0508 177 797 421 1018 10 0.0506 514 806 760 1023
pZO0YzhjWri24bFnyoUIgHVIpPKBxCCO,11 0.0627 119 272 377 512 11 0.0622 243 131 500 374 8 0.0616 187 143 434 395 8 0.0610 118 202 369 456 8 0.0604 374 80 632 314 0 0.0590 189 214 429 456 5 0.0587 243 124 496 374 3 0.0586 188 216 432 464 6 0.0585 125 204 379 455 8 0.0570 194 268 436 513 5 0.0565 115 199 371 453 3 0.0564 246 130 501 382 6 0.0564 378 81 643 313 0 0.0558 248 129 497 379 5 0.0557 121 325 383 567 5 0.0556 370 73 636 313 7 0.0554 249 125 502 377 7 0.0553 188 211 434 458 11 0.0552 317 597 586 835 6 0.0550 194 144 443 397 11 0.0548 231 729 499 962 11 0.0548 433 28 716 254 13 0.0547 187 213 437 457 6 0.0545 237 724 505 963 3 0.0545 194 339 456 582 6 0.0542 203 270 443 511 5 0.0538 191 264 437 506 2 0.0537 192 147 441 391 11 0.0536 110 150 380 390 10 0.0531 246 134 499 374 0 0.0531 115 145 376 396 11 0.0530 383 532 644 767 11 0.0526 188 337 454 568 8 0.0525 293 727 563 962 7 0.0522 375 75 644 314 13 0.0522 247 131 504 380 9 0.0520 185 213 432 451 10 0.0517 122 275 376 515 7 0.0515 191 329 457 574 10 0.0514 370 81 645 312 5 0.0510 225 718 497 961 7 0.0509 234 725 501 966 0 0.0507 436 29 720 260 7 0.0505 394 0 649 199 0 0.0505 196 338 451 574 12 0.0505 190 212 432 459 8 0.0504 447 0 696 201 5 0.0500 447 0 701 199
KQpSPbnakKFES1JTHpByqc2D4c8oyfg8,0 0.0591 508 293 769 526 8 0.0569 56 0 318 203 0 0.0565 315 201 583 444 0 0.0559 56 2 325 209 8 0.0559 505 345 746 573 11 0.0550 56 0 326 202 11 0.0547 181 405 453 641 8 0.0543 559 284 811 508 5 0.0528 743 72 992 318 6 0.0523 510 347 757 576 0 0.0520 248 138 519 378 5 0.0519 50 0 318 202 5 0.0518 116 474 374 722 11 0.0517 239 791 493 1003 0 0.0515 188 403 450 645 5 0.0514 421 799 673 1021 8 0.0513 119 470 371 730 2 0.0513 506 357 752 576 8 0.0510 686 81 928 311 11 0.0508 510 417 770 640 5 0.0507 507 289 763 522 11 0.0506 184 519 439 769 0 0.0502 510 414 767 648 7 0.0502 434 810 686 1023 5 0.0501 437 213 704 432 0 0.0501 446 216 706 439
jRlRyxOGmdZOGkpRZbJd30r5jVAg0B0D,7 0.0636 127 679 488 855 8 0.0623 167 656 428 897 0 0.0620 127 680 490 857 11 0.0613 120 683 484 854 0 0.0605 319 530 565 771 5 0.0605 183 605 433 832 6 0.0583 169 656 438 895 10 0.0578 121 685 483 854 7 0.0576 317 529 569 767 8 0.0569 317 533 558 766 11 0.0554 315 533 569 764 3 0.0547 123 683 484 859 13 0.0528 128 681 493 858 2 0.0521 124 683 484 857 5 0.0519 311 526 562 764 10 0.0511 313 536 566 766 9 0.0510 120 684 485 854 12 0.0503 129 682 485 857
32nGrGx5LGTr2NwV3qMKUCJ909psrOV5,8 0.0546 635 0 991 154 11 0.0523 627 3 1007 155 0 0.0513 637 1 999 156 6 0.0506 637 0 1002 154
9cWElYorseAYFFFAiqperZ20Gl2P39Tu,5 0.0662 378 272 635 507 0 0.0605 240 396 497 648 11 0.0604 233 396 499 641 11 0.0601 379 280 636 506 8 0.0593 382 351 627 588 0 0.0593 385 408 645 647 0 0.0583 382 279 636 517 5 0.0581 231 391 492 640 8 0.0580 517 395 763 633 6 0.0577 380 351 635 589 7 0.0576 388 206 637 448 11 0.0574 513 400 773 629 3 0.0568 389 277 636 518 8 0.0559 498 521 756 763 6 0.0558 244 394 501 645 6 0.0556 340 478 693 666 10 0.0554 381 282 636 513 7 0.0550 506 467 766 700 0 0.0548 519 397 772 635 6 0.0546 499 523 769 765 13 0.0543 387 277 639 511 5 0.0542 521 341 760 577 7 0.0541 386 409 649 647 5 0.0538 493 460 758 694 8 0.0537 382 207 627 448 8 0.0536 240 390 494 645 11 0.0535 330 480 685 664 13 0.0530 390 411 650 644 6 0.0526 384 204 635 447 13 0.0525 243 395 501 647 3 0.0522 239 396 497 653 13 0.0521 505 523 772 762 2 0.0520 382 286 630 512 7 0.0517 241 392 499 646 3 0.0517 504 466 763 705 8 0.0513 343 474 679 667 6 0.0511 580 140 832 371 0 0.0511 494 522 764 769 2 0.0509 241 400 494 645 10 0.0505 235 403 495 642
2R9QOFxCicpf72yJbSkjVnNaHdb91EF6,7 0.0559 434 789 702 1023 5 0.0555 420 783 688 1018 11 0.0534 302 792 560 1009 5 0.0532 194 415 563 602 11 0.0522 428 793 695 1018 5 0.0519 0 0 236 217 6 0.0518 432 792 698 1021 7 0.0504 306 792 563 1013 0 0.0502 430 791 700 1023
VkuKKHF9Wu6qCc260s7PEzb51edp5aKW,11 0.0632 373 327 637 558 0 0.0560 512 215 770 445 6 0.0555 382 324 638 558 3 0.0554 383 323 638 566 8 0.0552 381 325 632 560 3 0.0548 517 212 770 452 0 0.0547 374 325 635 561 6 0.0547 246 793 516 1022 5 0.0547 235 794 505 1020 7 0.0544 515 212 775 446 5 0.0543 372 318 630 557 5 0.0539 503 209 767 443 5 0.0537 372 782 614 1012 8 0.0535 245 795 504 1021 11 0.0531 238 797 511 1023 10 0.0529 514 217 771 443 13 0.0529 383 322 642 561 8 0.0528 512 212 765 444 11 0.0526 578 272 837 492 7 0.0524 244 796 517 1021 7 0.0521 385 323 639 562 11 0.0521 515 217 768 441 11 0.0518 655 331 911 574 11 0.0516 296 227 568 436
5oL29Uitdgg1j1K5vX93gpf8aQloJXPp,11 0.0641 500 591 760 829 8 0.0620 578 595 820 843 5 0.0608 574 593 821 841 0 0.0604 576 596 825 841 7 0.0599 581 594 828 843 3 0.0593 505 589 758 839 11 0.0556 431 708 704 947 13 0.0552 577 596 831 844 10 0.0546 578 599 824 844 2 0.0540 578 600 823 839 6 0.0525 579 598 829 843 1 0.0507 573 592 822 844 9 0.0505 574 596 827 839
dch4nNlMP9NCrW8IPUFivw9Lin89rPs1,8 0.0522 436 91 716 310
Mswx5p6JuWoZQo47s1eul785eTxcl1VQ,11 0.0538 180 334 437 565 0 0.0533 182 334 434 567 5 0.0520 174 332 427 565 0 0.0519 250 284 504 511 11 0.0518 311 217 582 444 5 0.0517 240 276 495 508 13 0.0516 189 337 444 574 6 0.0510 254 282 510 509 11 0.0507 176 210 435 448 5 0.0506 304 209 570 441 13 0.0500 181 209 443 455
EB2c1ZSsIP3kLzljPOUyFdcHH9mB7DES,8 0.0686 256 784 504 1023 8 0.0677 126 782 357 1017 5 0.0676 251 784 505 1021 7 0.0667 257 785 511 1023 0 0.0636 258 786 510 1023 11 0.0635 253 788 509 1021 5 0.0624 122 778 358 1015 7 0.0620 250 667 501 904 6 0.0603 256 790 509 1023 10 0.0593 254 790 510 1021 10 0.0584 125 784 362 1016 8 0.0583 244 670 488 903 7 0.0577 131 781 366 1019 13 0.0577 258 789 513 1023 6 0.0576 132 785 367 1015 0 0.0572 129 782 361 1014 9 0.0563 129 781 364 1011 0 0.0556 377 665 752 854 13 0.0555 130 784 373 1017 0 0.0554 248 669 500 910 11 0.0550 125 783 361 1018 11 0.0547 240 673 500 904 3 0.0546 258 785 510 1023 2 0.0545 257 790 509 1023 8 0.0544 379 667 739 848 5 0.0532 241 666 495 903 9 0.0529 254 789 511 1021 11 0.0529 373 668 749 849 10 0.0526 244 675 500 904 12 0.0523 258 784 510 1023 5 0.0510 369 666 742 847 2 0.0509 129 788 361 1020 4 0.0506 131 789 367 1021 1 0.0502 251 782 506 1023
gEFd26C6kFDDzl7sl8LOm8ntXFHBdSf0,8 0.0603 185 123 429 349 5 0.0583 314 0 586 190 5 0.0568 188 182 443 426 11 0.0561 240 130 513 348 5 0.0559 303 120 575 345 11 0.0550 192 189 448 423 11 0.0545 443 785 692 1016 5 0.0540 247 240 526 482 0 0.0538 182 123 434 350 8 0.0538 252 174 515 413 0 0.0537 385 440 640 684 11 0.0532 305 178 587 417 11 0.0526 577 331 827 562 13 0.0523 186 126 440 353 7 0.0522 394 249 645 500 7 0.0521 201 185 449 425 6 0.0520 254 128 516 350 10 0.0519 179 127 434 350 6 0.0517 587 330 833 563 5 0.0516 573 325 826 557 8 0.0511 508 186 756 428 7 0.0511 250 127 515 350 3 0.0507 249 126 514 358 7 0.0507 391 441 645 683 8 0.0507 389 250 634 497 6 0.0506 203 188 450 426 7 0.0505 445 782 698 1017 11 0.0504 385 446 642 678 0 0.0504 440 784 693 1014 13 0.0503 390 442 649 683 0 0.0502 250 0 515 200
uP2qldzrDN8qqnz1tzPPGzkkUon1IjSF,11 0.0596 264 140 510 379 5 0.0584 184 252 431 492 11 0.0572 183 254 439 492 5 0.0571 201 375 440 621 11 0.0568 694 418 956 645 5 0.0565 257 312 495 552 7 0.0565 265 314 501 556 11 0.0562 264 384 513 616 8 0.0555 122 260 372 508 0 0.0554 120 262 375 508 7 0.0552 192 253 439 494 5 0.0538 251 191 498 425 13 0.0536 192 254 444 501 8 0.0536 207 384 437 624 6 0.0535 265 314 503 558 5 0.0530 622 405 886 648 8 0.0524 131 158 376 394 6 0.0520 124 264 381 507 3 0.0517 260 317 497 564 7 0.0515 210 384 446 620 13 0.0513 263 315 505 560 2 0.0513 262 321 496 553 3 0.0513 122 265 376 517 0 0.0512 252 194 503 431 0 0.0511 260 317 497 556 5 0.0509 325 278 577 496 11 0.0506 325 211 581 432 7 0.0506 267 141 512 384 8 0.0505 631 403 888 653 5 0.0503 338 139 577 374 10 0.0503 204 387 444 626 13 0.0502 205 382 450 628 3 0.0501 266 142 506 389 11 0.0501 439 457 700 689 3 0.0500 205 387 442 629
WiTydG4Rdpmf3LaA77YExnFwB9xCW0Vl,5 0.0659 372 590 634 834 5 0.0654 309 456 571 703 11 0.0653 312 523 570 764 3 0.0644 379 462 637 715 5 0.0639 238 590 501 828 6 0.0637 317 520 570 765 0 0.0635 375 526 632 769 5 0.0630 429 520 685 766 8 0.0621 375 528 628 768 11 0.0620 376 462 638 709 0 0.0620 315 458 574 704 11 0.0611 243 595 503 830 11 0.0611 371 595 639 834 3 0.0609 377 593 637 840 3 0.0609 315 522 567 771 7 0.0605 248 528 500 769 8 0.0604 316 461 569 703 6 0.0602 245 591 506 829 0 0.0594 433 595 696 845 13 0.0593 378 594 639 838 8 0.0589 247 530 497 767 7 0.0588 319 402 583 645 10 0.0585 242 596 503 830 6 0.0584 250 453 504 698 11 0.0584 242 461 498 701 7 0.0582 315 585 573 830 8 0.0582 434 594 690 842 10 0.0582 376 529 632 765 2 0.0580 376 598 636 833 6 0.0580 378 460 641 709 6 0.0575 378 592 639 834 2 0.0573 317 462 571 702 13 0.0573 248 596 507 835 13 0.0573 437 524 692 769 7 0.0569 436 522 690 770 13 0.0569 318 459 578 706 10 0.0569 315 461 575 702 5 0.0567 302 334 577 580 2 0.0567 246 595 502 834 3 0.0564 245 596 504 836 11 0.0561 305 340 577 577 0 0.0561 247 527 500 767 3 0.0552 246 460 498 709 9 0.0551 374 462 637 705 12 0.0549 377 526 632 768 10 0.0548 436 600 696 842 2 0.0545 379 407 640 643 8 0.0539 312 340 568 576 2 0.0539 435 528 687 767 1 0.0538 310 583 574 829 7 0.0533 379 649 642 898 10 0.0529 306 343 576 581 9 0.0523 311 523 567 762 6 0.0521 289 357 651 533 9 0.0517 374 595 637 832 8 0.0517 184 454 431 701 7 0.0515 284 353 646 535 4 0.0515 313 591 575 827 7 0.0514 184 450 440 701 9 0.0514 243 594 502 827 8 0.0514 247 400 499 641 0 0.0511 309 337 576 582 12 0.0508 318 457 574 703 1 0.0503 313 454 573 703 1 0.0502 242 523 499 767
T0yzdGTNMk6ywgjL9PfktO9OUdtBEp8W,0 0.0603 389 526 649 772 8 0.0597 514 343 760 595 5 0.0575 380 648 635 899 8 0.0571 384 658 631 896 11 0.0570 511 345 771 587 8 0.0569 419 536 760 722 6 0.0563 386 654 640 896 3 0.0562 517 342 767 600 11 0.0560 415 536 767 721 6 0.0551 513 345 773 591 5 0.0548 311 705 571 959 11 0.0548 383 593 637 835 7 0.0545 390 588 639 834 5 0.0541 452 342 707 580 6 0.0541 390 530 649 767 0 0.0539 515 345 768 595 11 0.0537 322 654 577 896 8 0.0534 327 589 561 827 7 0.0525 326 530 576 767 7 0.0525 465 344 712 585 7 0.0523 331 650 581 900 7 0.0517 375 781 635 1020 13 0.0513 388 655 644 900 0 0.0510 328 588 572 832 6 0.0508 375 782 633 1019 0 0.0507 511 228 782 446 10 0.0505 386 594 635 833 6 0.0504 330 592 575 826 0 0.0503 373 708 640 958 7 0.0502 519 278 778 514 13 0.0502 421 537 778 723
ny5JISflcfTMRtOqlcdGfVI6rMHWYsEs,5 0.0631 175 713 426 961 7 0.0628 180 717 432 965 11 0.0617 177 716 431 962 11 0.0617 243 658 505 897 8 0.0612 179 713 425 963 0 0.0601 185 660 434 908 8 0.0585 247 659 498 899 0 0.0577 304 665 575 905 7 0.0569 374 788 639 1012 7 0.0562 310 662 579 901 6 0.0560 305 666 577 903 0 0.0559 249 596 504 835 10 0.0558 176 721 432 965 6 0.0558 181 716 434 965 11 0.0549 375 793 631 1009 8 0.0545 371 789 626 1012 10 0.0540 302 668 574 899 7 0.0528 251 596 504 829 2 0.0527 179 720 432 962 13 0.0524 184 717 437 966 5 0.0522 368 788 628 1010 6 0.0522 251 597 506 829 5 0.0522 297 664 571 897 3 0.0517 182 715 430 970 6 0.0510 373 793 634 1015 0 0.0510 369 790 632 1017 10 0.0507 246 602 501 827
JSjoyeWqPCnC1zJjpGjMq2L4CnvF2gZB,5 0.0626 257 8 524 264 8 0.0611 264 15 520 264 11 0.0608 254 12 525 261 11 0.0584 555 726 821 958 8 0.0578 263 213 509 454 8 0.0577 118 317 357 570 11 0.0565 113 323 367 563 8 0.0564 556 718 818 963 5 0.0559 624 393 882 624 7 0.0559 268 13 529 268 11 0.0558 262 217 519 453 6 0.0556 265 11 530 265 11 0.0556 374 274 640 506 7 0.0555 201 130 450 381 7 0.0555 121 320 364 563 0 0.0553 266 212 515 456 0 0.0553 263 13 527 264 13 0.0550 377 273 643 508 0 0.0549 375 272 636 510 8 0.0546 374 274 628 508 13 0.0541 264 14 530 266 3 0.0540 269 12 527 271 13 0.0539 563 721 829 963 5 0.0538 553 716 815 958 0 0.0537 197 135 446 387 13 0.0536 267 152 532 398 5 0.0535 260 145 520 396 7 0.0531 268 211 521 454 11 0.0530 443 27 707 250 6 0.0530 199 131 453 383 6 0.0527 119 319 367 569 2 0.0525 262 16 526 265 0 0.0524 117 322 363 571 11 0.0524 379 386 634 621 0 0.0522 556 721 824 967 0 0.0517 629 403 887 627 10 0.0516 262 18 528 266 5 0.0515 113 319 359 565 9 0.0510 263 13 529 259 13 0.0508 124 326 368 569 3 0.0506 380 272 634 514 0 0.0504 385 385 638 628 5 0.0501 373 266 630 510 6 0.0501 265 214 519 459
aNOBbSjpr2078KA61tWVEk04PL6DTZIy,0 0.0628 234 9 500 244 7 0.0627 531 614 896 794 11 0.0611 522 615 887 792 11 0.0607 315 205 563 453 8 0.0597 240 5 497 240 5 0.0593 310 198 563 447 5 0.0591 515 611 884 792 8 0.0589 546 550 885 733 0 0.0579 521 614 892 796 5 0.0578 376 3 635 237 7 0.0577 390 210 638 453 6 0.0571 529 615 895 795 11 0.0571 234 10 504 240 8 0.0570 314 65 569 306 6 0.0569 238 10 507 241 8 0.0569 321 203 560 452 13 0.0569 314 65 579 307 8 0.0567 370 334 619 570 6 0.0566 320 205 570 451 11 0.0565 364 338 624 570 13 0.0564 528 615 897 795 0 0.0561 367 335 623 575 0 0.0556 317 202 568 458 13 0.0554 387 9 641 236 6 0.0550 566 416 808 643 13 0.0549 242 7 506 244 6 0.0549 311 341 568 581 13 0.0547 262 203 519 455 5 0.0545 361 329 619 568 10 0.0542 318 208 571 456 5 0.0542 302 64 568 305 5 0.0542 231 4 496 239 6 0.0539 385 6 647 237 5 0.0539 558 411 798 637 7 0.0538 318 64 578 306 11 0.0538 306 69 574 307 8 0.0537 384 7 633 237 8 0.0536 181 66 438 305 7 0.0535 371 335 629 574 6 0.0535 383 140 645 381 3 0.0534 319 204 568 459 13 0.0533 315 344 573 584 3 0.0532 528 617 888 799 0 0.0532 384 7 642 240 10 0.0532 519 616 886 794 0 0.0529 308 66 571 313 13 0.0529 389 139 643 379 10 0.0528 309 346 569 581 7 0.0523 567 412 811 641 8 0.0522 177 789 433 1016 3 0.0521 248 68 501 313 7 0.0520 242 4 504 245 8 0.0518 384 135 628 377 7 0.0518 388 4 648 238 3 0.0518 312 8 571 246 5 0.0517 370 133 633 379 11 0.0516 294 590 563 825 11 0.0516 380 10 640 233 11 0.0515 377 142 635 382 0 0.0514 432 394 689 634 8 0.0512 563 413 793 642 7 0.0510 260 201 515 451 6 0.0509 314 67 577 307 8 0.0508 240 719 503 964 0 0.0507 565 414 804 643 8 0.0505 433 393 680 632 7 0.0505 436 395 691 634 0 0.0504 380 140 638 386 5 0.0504 237 338 498 578 11 0.0504 175 795 442 1017 6 0.0504 437 399 690 633 11 0.0503 562 419 805 639 5 0.0502 426 387 683 628 3 0.0502 564 419 806 649 11 0.0502 428 397 686 630
rK0vaKmfNhkwwUFWkty9ABcFEsoynr8n,5 0.0593 489 332 750 578 0 0.0571 565 334 837 583 3 0.0564 496 337 758 585 6 0.0551 441 280 701 507 5 0.0551 428 273 692 504 8 0.0547 434 277 688 506 13 0.0538 436 278 704 505 11 0.0536 431 282 702 508 11 0.0535 565 337 844 582 6 0.0528 500 336 764 579 3 0.0528 436 281 698 513 7 0.0527 566 332 842 585 0 0.0527 435 345 694 574 8 0.0521 496 333 753 579 13 0.0511 498 335 765 580 0 0.0510 313 202 555 436 11 0.0510 301 125 559 362 7 0.0507 437 279 706 506 0 0.0504 359 130 621 360
TqjD4bf4SaogtRD2YUR6kMflUFAukuoC,8 0.0646 247 527 494 755 8 0.0616 68 685 424 863 11 0.0611 189 733 567 910 11 0.0603 183 605 442 833 7 0.0599 252 604 509 836 0 0.0593 363 676 627 903 8 0.0585 315 606 565 837 11 0.0583 383 608 636 829 0 0.0582 62 685 439 866 6 0.0575 255 670 624 850 8 0.0566 117 533 355 763 5 0.0565 314 676 678 853 10 0.0564 248 606 506 833 7 0.0555 265 728 636 905 13 0.0554 138 680 511 864 8 0.0552 267 728 621 905 5 0.0552 125 676 493 859 0 0.0547 243 443 500 685 5 0.0546 240 519 500 752 6 0.0538 246 527 505 755 7 0.0533 391 605 640 835 13 0.0533 318 603 580 838 0 0.0532 180 528 437 763 3 0.0530 189 605 442 841 3 0.0528 244 444 495 687 3 0.0527 316 603 571 843 10 0.0518 317 679 684 855 11 0.0518 241 446 498 675 13 0.0517 368 741 640 971 0 0.0517 126 461 371 701 5 0.0506 355 739 627 966 7 0.0502 117 529 365 761
N8TyRb0EWd3u3LPkWSbaFAlsRtZDXpHw,11 0.0664 305 342 576 575 3 0.0627 312 276 579 524 8 0.0613 251 272 492 513 8 0.0608 193 207 425 447 8 0.0602 310 342 567 579 8 0.0601 185 391 444 630 11 0.0600 247 274 503 511 11 0.0598 233 400 502 645 5 0.0590 243 267 500 512 7 0.0589 283 347 621 535 0 0.0583 279 348 618 535 6 0.0583 238 398 504 648 3 0.0582 364 355 702 538 6 0.0572 309 341 576 574 3 0.0568 294 398 559 645 13 0.0567 253 269 507 515 6 0.0567 251 271 502 512 7 0.0567 443 342 703 577 13 0.0566 237 397 506 648 10 0.0555 249 273 502 511 5 0.0555 182 203 429 449 5 0.0555 177 383 451 631 5 0.0546 301 335 572 577 7 0.0541 190 205 437 447 10 0.0537 298 404 561 636 3 0.0536 195 207 432 453 11 0.0532 186 210 436 447 0 0.0528 366 476 619 713 10 0.0526 181 395 453 628 11 0.0524 246 157 504 385 13 0.0520 191 206 442 452 0 0.0518 182 389 453 633 7 0.0516 184 389 453 629 7 0.0516 295 399 560 640 3 0.0513 247 470 498 720 10 0.0508 189 211 434 449 2 0.0507 310 282 575 517 5 0.0506 240 464 493 712 7 0.0505 255 147 511 385 9 0.0505 303 343 573 572 13 0.0505 442 340 705 579 2 0.0505 366 360 702 530 0 0.0505 190 207 434 451 2 0.0501 184 394 449 632
vijZE6SdqjwxNFrFVtIYcHIvyW1C2tVG,11 0.0606 570 213 819 440 8 0.0592 512 471 766 710 5 0.0591 445 260 698 501 5 0.0590 0 267 239 514 7 0.0579 574 214 822 443 5 0.0576 571 209 819 444 7 0.0570 131 781 374 1006 11 0.0568 626 279 880 513 10 0.0568 568 219 816 441 5 0.0565 127 773 366 1004 0 0.0563 0 268 242 517 6 0.0562 515 473 774 710 5 0.0557 508 472 768 712 11 0.0557 572 781 815 1009 0 0.0557 509 474 772 714 8 0.0555 0 267 234 512 11 0.0552 574 406 836 635 7 0.0551 456 266 703 505 11 0.0544 515 473 769 709 11 0.0544 0 271 242 509 7 0.0543 574 775 820 1011 8 0.0542 574 404 828 637 2 0.0540 515 415 775 640 5 0.0539 449 410 703 639 0 0.0536 571 408 834 641 8 0.0536 509 266 755 501 2 0.0535 452 276 701 506 8 0.0532 625 280 871 516 2 0.0532 570 220 819 445 11 0.0531 125 782 370 1003 5 0.0530 508 332 767 562 13 0.0529 3 272 249 516 0 0.0528 506 270 762 499 11 0.0525 454 414 708 638 8 0.0525 454 412 702 640 6 0.0524 512 266 764 502 13 0.0522 454 268 709 499 7 0.0521 628 277 884 516 5 0.0521 570 405 835 637 10 0.0520 448 270 700 504 3 0.0519 573 213 819 451 13 0.0518 570 216 829 449 9 0.0517 570 215 822 441 3 0.0517 132 781 372 1011 6 0.0517 458 414 713 637 0 0.0516 455 417 707 646 13 0.0516 574 778 827 1013 8 0.0514 570 777 807 1010 10 0.0513 0 270 242 515 10 0.0513 623 283 878 515 7 0.0510 3 268 246 516 5 0.0510 625 275 879 515 10 0.0509 126 779 369 1003 6 0.0509 579 407 838 640 9 0.0509 450 265 704 494 13 0.0508 511 338 776 564 13 0.0507 577 408 842 643 7 0.0507 517 468 775 710 0 0.0501 626 280 879 519
bmukISYTRFWNHFszmBozpI4NLKDgd2qz,11 0.0546 179 528 439 763 7 0.0543 515 805 759 1023 8 0.0529 761 87 1006 337 11 0.0528 513 813 750 1019 0 0.0520 508 814 750 1023 0 0.0513 760 92 1011 343 0 0.0512 184 530 438 768 11 0.0507 760 93 1016 335 6 0.0502 186 528 442 765 7 0.0501 185 520 442 766
us0oWwGj6qyDYjkHvnBTwwowHxf7oGWR,11 0.0656 383 399 640 636 11 0.0633 373 281 646 514 8 0.0621 389 464 632 702 11 0.0618 312 471 572 708 3 0.0618 388 399 642 640 11 0.0614 382 526 631 773 0 0.0614 387 464 638 703 5 0.0603 382 459 635 699 8 0.0597 388 335 639 568 11 0.0595 267 667 651 846 5 0.0595 308 398 572 641 3 0.0591 315 469 572 710 0 0.0590 313 399 577 643 0 0.0589 385 337 644 568 8 0.0589 372 211 632 440 0 0.0588 516 591 772 831 11 0.0588 454 476 709 704 8 0.0586 316 400 570 644 7 0.0584 388 398 643 636 0 0.0581 450 394 716 630 0 0.0580 370 591 627 827 0 0.0580 449 528 704 776 7 0.0579 316 328 580 568 3 0.0578 312 334 578 572 13 0.0577 391 466 639 701 7 0.0576 377 590 633 827 6 0.0573 315 330 582 568 8 0.0573 270 664 642 848 5 0.0572 240 457 496 703 0 0.0571 237 328 496 570 7 0.0570 247 460 500 706 13 0.0569 243 401 506 647 10 0.0565 317 473 574 708 11 0.0565 366 148 641 377 8 0.0564 244 462 492 704 8 0.0564 319 527 562 770 11 0.0560 238 402 503 641 7 0.0560 459 472 716 708 5 0.0558 227 325 493 565 11 0.0557 449 343 710 564 7 0.0556 452 339 717 565 3 0.0555 385 525 631 778 6 0.0555 386 399 640 638 13 0.0554 316 334 584 570 8 0.0553 450 526 697 773 5 0.0552 311 523 566 768 8 0.0548 517 589 761 828 0 0.0548 306 654 557 893 3 0.0547 239 404 500 647 3 0.0547 377 145 638 385 6 0.0545 243 1 509 196 2 0.0545 385 530 633 774 5 0.0544 380 333 642 564 13 0.0544 320 529 572 771 10 0.0544 387 403 642 638 8 0.0544 452 390 705 627 5 0.0543 445 389 714 624 7 0.0543 508 659 756 888 13 0.0540 516 466 780 700 6 0.0539 319 468 576 709 6 0.0538 318 78 589 306 0 0.0537 511 463 774 702 2 0.0536 318 473 570 708 11 0.0534 502 663 753 882 13 0.0531 455 395 721 629 13 0.0530 453 529 709 772 6 0.0528 374 143 642 376 6 0.0528 245 402 505 643 11 0.0527 248 531 504 768 2 0.0527 387 344 641 566 5 0.0526 442 524 703 772 0 0.0526 243 0 506 196 3 0.0526 459 474 713 712 2 0.0520 457 479 711 708 6 0.0520 456 473 714 705 7 0.0519 371 143 642 378 2 0.0519 243 404 499 641 8 0.0518 499 164 749 390 10 0.0517 311 338 580 567 8 0.0517 245 1 503 194 3 0.0516 453 342 706 567 6 0.0516 249 270 511 505 3 0.0515 249 529 500 773 11 0.0515 237 1 509 194
eIHR1f7L9fqGIKLRF7ma9UCZcHwqr5qY,5 0.0691 310 337 561 577 11 0.0665 313 341 565 575 11 0.0646 343 412 717 601 0 0.0621 345 412 717 603 8 0.0620 313 337 558 580 0 0.0620 315 339 565 579 8 0.0615 345 410 709 603 5 0.0615 243 274 489 495 11 0.0614 430 736 701 960 7 0.0608 318 339 567 575 7 0.0605 302 788 560 1015 5 0.0596 292 780 549 1010 5 0.0587 336 409 710 601 0 0.0584 384 212 641 440 6 0.0580 319 343 570 579 2 0.0574 318 342 565 576 6 0.0574 347 412 727 604 5 0.0574 376 206 634 433 3 0.0572 346 793 702 985 3 0.0569 316 343 564 583 13 0.0569 351 411 721 603 7 0.0565 253 275 497 498 10 0.0564 296 789 555 1016 13 0.0564 256 280 504 503 13 0.0561 308 790 564 1019 11 0.0561 245 276 498 496 6 0.0559 349 0 714 150 0 0.0556 250 274 496 499 10 0.0556 312 345 561 575 7 0.0554 350 409 724 604 11 0.0551 295 791 555 1012 11 0.0550 380 209 643 434 3 0.0549 351 0 706 153 11 0.0546 339 0 708 150 7 0.0542 388 208 645 437 13 0.0538 319 340 570 581 11 0.0538 0 19 243 261 8 0.0536 381 209 634 440 0 0.0534 296 784 553 1019 6 0.0533 347 796 707 979 5 0.0530 331 0 703 149 8 0.0530 347 1 695 153 8 0.0528 247 272 489 499 12 0.0527 320 340 565 579 8 0.0526 484 788 746 1012 8 0.0525 301 784 549 1019 0 0.0522 342 2 702 154 5 0.0521 178 350 445 583 0 0.0520 438 732 701 966 2 0.0519 347 412 719 600 6 0.0519 256 278 505 499 2 0.0518 384 215 639 437 3 0.0517 348 415 717 606 10 0.0512 340 414 719 600 11 0.0511 181 352 452 583 13 0.0509 387 213 645 441 5 0.0509 199 21 575 204 11 0.0509 203 26 589 205 13 0.0505 323 5 581 261 7 0.0503 483 788 769 1015 0 0.0503 190 351 448 585 3 0.0502 254 278 494 505 6 0.0501 128 0 379 199
NVACWg0xl66XZg1OgV3S13fph9F4oftn,11 0.0557 55 790 304 1019 11 0.0549 374 535 641 763 0 0.0541 371 532 635 768 11 0.0536 294 809 542 1017 8 0.0535 750 515 1000 758 8 0.0531 52 786 294 1023 8 0.0526 374 780 606 1020 11 0.0525 748 522 1007 751 8 0.0523 64 654 305 895 11 0.0520 64 660 316 890 0 0.0512 758 461 1015 703 0 0.0511 306 598 567 837 8 0.0509 309 600 557 829 11 0.0507 308 604 567 825 6 0.0504 750 514 1009 759
8ryQsmpvgOTirsL6tfOywBL7XyWfNUn8,0 0.0632 0 745 236 977 8 0.0606 446 403 694 647 11 0.0596 371 401 640 648 0 0.0589 374 399 635 652 5 0.0585 570 338 820 575 7 0.0573 374 792 629 1018 8 0.0569 0 739 229 976 11 0.0566 439 472 704 714 7 0.0562 449 405 703 646 6 0.0552 447 408 702 647 8 0.0549 365 463 633 710 5 0.0548 301 390 575 636 13 0.0547 273 415 649 606 3 0.0545 450 406 702 649 11 0.0540 0 744 238 976 8 0.0534 312 394 569 641 10 0.0534 266 418 642 600 11 0.0532 368 792 619 1014 5 0.0531 441 401 696 642 3 0.0529 272 413 641 608 0 0.0528 565 411 824 642 5 0.0523 362 778 616 1015 10 0.0520 446 407 702 644 0 0.0520 442 475 703 718 11 0.0518 564 411 823 637 7 0.0518 308 393 576 638 11 0.0515 438 12 694 250 5 0.0513 0 740 230 973 5 0.0511 121 789 369 1010 7 0.0510 6 661 253 914 2 0.0506 366 468 641 709 0 0.0506 125 798 373 1015 13 0.0505 369 462 643 711 0 0.0502 654 353 885 588 13 0.0502 377 791 629 1021 6 0.0500 2 740 237 972 7 0.0500 368 463 644 707
448iDmgrFGo4pDEjtVCrbNZBIRIjFdLl,8 0.0576 646 398 887 629 5 0.0561 641 398 896 628 11 0.0556 706 333 966 560 11 0.0553 357 670 637 901 5 0.0547 303 732 580 964 6 0.0546 717 408 957 632 3 0.0542 365 662 629 914 8 0.0540 313 733 581 965 0 0.0538 707 407 947 636 8 0.0537 429 807 672 1023 5 0.0535 417 807 673 1021 5 0.0534 711 327 963 564 11 0.0531 447 131 696 374 13 0.0524 316 735 598 972 13 0.0517 649 401 905 631 11 0.0517 455 262 700 488 3 0.0516 463 260 700 496 6 0.0516 365 662 637 901 11 0.0515 437 604 692 834 7 0.0514 358 662 632 909 11 0.0512 369 536 636 763 5 0.0508 440 124 695 369 13 0.0504 459 264 704 492 11 0.0502 627 472 888 698 8 0.0502 440 597 681 838 7 0.0502 443 599 692 842
Qa6tBlWqplDsheNSrchOqJXDyU9dx8eJ,11 0.0663 249 334 501 582 8 0.0615 253 332 497 579 8 0.0594 321 401 566 639 11 0.0594 318 403 573 638 13 0.0580 256 335 505 582 7 0.0580 254 330 505 582 0 0.0580 318 147 570 382 3 0.0559 318 201 572 439 0 0.0556 250 332 503 585 13 0.0547 317 205 579 438 8 0.0544 316 204 565 431 0 0.0540 251 210 496 439 5 0.0539 312 199 570 433 7 0.0539 325 397 580 640 11 0.0537 312 207 570 434 10 0.0528 255 274 507 504 5 0.0526 312 459 569 708 7 0.0523 318 201 573 437 6 0.0522 259 268 512 507 0 0.0522 313 467 572 708 2 0.0521 254 337 500 580 10 0.0520 319 404 579 638 3 0.0520 320 403 576 646 8 0.0519 257 144 490 368 3 0.0516 260 268 506 512 5 0.0515 244 329 499 580 13 0.0513 324 403 582 642 6 0.0509 323 401 580 639 7 0.0508 383 141 634 380 0 0.0508 374 80 633 313 11 0.0507 381 145 634 373
OfoBU4TSdlfNxdkmjtURJ0COR7qWaGG2,8 0.0537 332 493 688 661 11 0.0525 327 488 699 663
F6O7KYTHinyBHJUjydYb3fpy3Ph7D3C4,0 0.0609 134 533 383 771 8 0.0535 137 531 375 768 6 0.0525 136 533 380 766 5 0.0524 500 319 756 559 11 0.0524 189 415 445 644 11 0.0516 250 349 519 580 11 0.0514 134 533 382 760 0 0.0509 196 410 443 651 6 0.0508 195 411 449 646 0 0.0506 255 341 518 586 5 0.0501 249 338 514 580 11 0.0500 582 330 841 555
6nths6RvH6Ux0cuM3IuLltehJvW9X27b,11 0.0662 571 585 828 825 11 0.0640 504 533 758 762 11 0.0639 433 588 694 825 7 0.0624 384 588 638 840 0 0.0620 378 587 635 842 5 0.0610 570 581 821 827 5 0.0608 434 582 690 826 8 0.0607 572 581 821 830 0 0.0603 573 585 829 829 6 0.0595 438 585 698 827 8 0.0592 438 584 688 829 8 0.0587 504 533 753 764 5 0.0583 501 530 752 762 3 0.0582 440 586 694 830 7 0.0582 508 532 763 766 7 0.0581 574 582 827 831 10 0.0581 436 588 691 826 0 0.0579 504 534 759 766 13 0.0578 440 587 698 827 3 0.0573 575 584 824 831 13 0.0567 574 586 830 828 11 0.0562 765 404 1020 637 6 0.0561 572 586 831 826 6 0.0557 507 535 764 764 10 0.0556 571 587 822 828 3 0.0555 508 536 758 770 10 0.0554 504 536 756 765 0 0.0549 768 402 1023 644 9 0.0543 380 591 634 837 2 0.0542 438 589 692 827 1 0.0541 436 581 692 828 13 0.0532 505 534 765 767 8 0.0527 768 404 1010 640 2 0.0527 574 589 828 828 1 0.0525 570 580 826 827 9 0.0525 438 529 696 765 12 0.0524 438 585 694 828 6 0.0522 771 401 1023 639 3 0.0516 769 406 1023 645 5 0.0511 762 399 1020 639 9 0.0509 570 582 824 826 2 0.0508 507 539 757 762
aukrT4sTEgFSpLSCUzC559zhljQLOrkp,0 0.0620 502 718 756 964 5 0.0588 498 721 753 958 8 0.0577 503 720 749 958 7 0.0576 452 722 699 963 11 0.0563 442 651 695 885 8 0.0546 438 651 688 888 0 0.0542 441 647 694 888 6 0.0537 6 479 263 734 11 0.0534 498 726 758 955 11 0.0525 382 469 646 692 11 0.0520 0 483 261 731 8 0.0519 3 475 247 733 8 0.0516 395 717 627 959 5 0.0512 439 646 694 884 5 0.0510 0 476 252 726 3 0.0504 505 722 757 966 0 0.0504 379 469 646 695 10 0.0502 500 723 756 958
ZeRNjyynuAFG695gGEFUkN0nTOt0gMwl,11 0.0649 502 471 767 704 5 0.0629 184 333 440 568 11 0.0612 382 399 646 634 11 0.0608 317 334 579 564 8 0.0602 437 397 696 637 5 0.0599 244 395 507 628 5 0.0597 492 385 766 623 3 0.0591 502 386 772 634 0 0.0591 435 404 698 638 5 0.0590 246 249 504 480 7 0.0588 443 399 701 634 11 0.0587 519 198 787 434 8 0.0586 502 467 763 711 0 0.0585 317 334 577 566 5 0.0583 245 129 497 368 0 0.0583 249 253 510 483 11 0.0582 182 407 446 635 6 0.0579 260 252 516 481 11 0.0577 249 254 511 478 5 0.0571 573 274 834 501 0 0.0571 190 338 445 568 11 0.0571 575 278 844 501 8 0.0570 578 274 831 505 8 0.0568 319 408 560 638 7 0.0565 192 330 445 570 0 0.0564 563 414 830 649 7 0.0563 321 330 580 570 8 0.0561 192 331 438 572 8 0.0561 254 255 501 483 6 0.0560 570 414 831 645 7 0.0556 509 470 770 708 3 0.0552 320 333 576 574 5 0.0552 316 74 573 320 6 0.0551 504 472 770 708 8 0.0550 521 197 773 436 5 0.0549 379 398 642 632 3 0.0548 255 254 510 487 5 0.0548 314 331 573 562 6 0.0547 441 403 703 634 6 0.0547 255 398 515 629 13 0.0544 190 261 453 500 11 0.0544 247 135 504 368 3 0.0543 387 400 644 647 0 0.0537 322 78 583 320 10 0.0536 501 396 774 625 7 0.0536 253 396 512 633 8 0.0535 119 408 373 643 7 0.0534 198 200 449 449 13 0.0534 504 391 777 624 13 0.0534 255 325 518 557 6 0.0532 194 336 449 573 5 0.0530 112 404 376 641 10 0.0530 253 257 508 480 3 0.0529 578 275 840 509 13 0.0529 579 279 844 505 13 0.0526 386 400 652 637 8 0.0523 325 81 570 317 0 0.0523 177 527 431 754 0 0.0522 247 130 502 372 0 0.0521 573 277 840 504 11 0.0520 630 219 904 433 0 0.0518 247 398 511 629 3 0.0517 250 399 509 634 13 0.0517 188 401 452 640 5 0.0516 518 195 778 434 6 0.0516 323 334 581 565 13 0.0514 253 205 514 436 12 0.0512 567 413 827 645 6 0.0512 255 133 508 372 0 0.0510 629 220 902 437 8 0.0509 252 138 494 369 6 0.0509 183 525 434 753 0 0.0504 565 152 831 380 3 0.0503 255 137 500 375 7 0.0502 255 134 505 369 2 0.0501 520 202 782 432
7AwbORLsV7Av4ALoezruD5io8afK0l0C,0 0.0539 306 400 558 631 0 0.0519 377 346 626 568 11 0.0519 303 396 559 622 5 0.0516 759 139 1009 382 8 0.0505 309 397 542 625 11 0.0503 377 345 623 560
cdXoqfNZpoBDM53mTQrF78BUXlH0TT8e,8 0.0589 174 335 428 577 11 0.0585 447 520 702 758 11 0.0584 458 402 704 637 8 0.0574 451 459 696 700 11 0.0568 236 335 496 572 8 0.0568 183 451 428 699 11 0.0567 169 394 433 632 0 0.0565 309 198 570 441 11 0.0563 501 140 766 378 11 0.0562 123 268 386 508 8 0.0559 246 270 495 508 11 0.0550 514 465 768 706 13 0.0549 388 457 653 712 3 0.0549 385 458 645 716 13 0.0549 182 195 441 442 8 0.0548 180 199 424 439 11 0.0544 307 198 571 438 7 0.0544 455 515 704 763 3 0.0543 179 395 433 643 0 0.0543 178 200 432 442 8 0.0542 503 138 756 386 8 0.0541 388 519 636 769 13 0.0541 173 339 442 577 0 0.0541 438 130 701 378 0 0.0540 117 331 375 570 5 0.0539 501 131 759 382 0 0.0539 240 336 502 579 13 0.0538 520 509 770 761 11 0.0538 241 459 501 697 5 0.0538 124 263 379 511 6 0.0536 177 336 436 576 5 0.0536 168 388 435 632 7 0.0535 465 398 707 644 0 0.0534 455 272 703 527 11 0.0533 450 271 704 520 6 0.0533 453 518 705 762 7 0.0532 310 195 578 442 5 0.0531 515 457 763 706 8 0.0528 317 456 570 696 3 0.0528 118 332 377 575 5 0.0527 377 451 643 710 11 0.0526 370 126 645 370 3 0.0525 464 402 702 647 7 0.0524 463 266 708 529 3 0.0522 443 130 701 384 11 0.0522 106 466 375 692 6 0.0522 464 271 706 526 8 0.0521 249 400 494 634 7 0.0520 376 124 646 373 8 0.0518 560 77 799 292 8 0.0517 453 271 696 526 10 0.0517 237 336 496 576 6 0.0516 253 396 503 633 7 0.0515 246 265 509 509 0 0.0515 183 454 434 703 13 0.0514 247 269 509 511 10 0.0514 307 204 572 437 3 0.0513 241 334 499 582 3 0.0512 458 272 702 529 0 0.0512 460 401 703 644 7 0.0511 176 334 440 577 13 0.0510 465 337 707 583 6 0.0505 464 399 706 644 7 0.0504 524 460 772 710 6 0.0504 513 138 770 379 0 0.0502 451 513 703 761 5 0.0502 449 263 698 525 13 0.0502 443 127 708 375 8 0.0502 371 128 634 373 3 0.0502 524 465 770 718 11 0.0501 569 384 828 626
4B5eliMqwYb99U3Ij2OCfFZjbiG8UnOh,5 0.0612 364 324 627 583 8 0.0595 313 373 551 624 5 0.0595 312 513 564 763 0 0.0594 317 591 573 831 11 0.0585 317 525 567 757 0 0.0574 310 374 559 628 5 0.0572 368 643 631 887 8 0.0571 64 668 436 848 8 0.0568 320 520 561 760 7 0.0564 315 522 574 762 11 0.0560 303 316 556 572 0 0.0559 239 659 501 909 7 0.0557 73 667 457 848 7 0.0556 309 313 559 574 6 0.0556 308 644 576 887 6 0.0546 314 373 563 623 3 0.0545 319 522 573 766 3 0.0539 312 315 557 578 11 0.0536 269 673 638 854 5 0.0532 235 661 493 903 2 0.0531 305 324 554 574 3 0.0524 242 666 498 914 6 0.0523 321 518 573 759 8 0.0522 373 713 633 948 13 0.0516 376 332 633 586 10 0.0516 266 669 639 851 13 0.0515 277 669 644 857 7 0.0511 380 648 637 889 3 0.0511 377 717 640 954 3 0.0511 375 588 641 829 9 0.0511 302 319 554 564 13 0.0510 303 715 568 965 10 0.0508 314 522 572 755 12 0.0503 309 315 554 575 8 0.0503 274 668 625 856 6 0.0503 374 587 646 819 10 0.0502 372 331 634 585 6 0.0501 374 712 645 946
6J8wX1cb16ZiodlYb4nQ8SJUWZP6wvvw,5 0.0524 61 0 311 207 11 0.0512 376 788 623 1014 10 0.0503 375 787 624 1014 11 0.0501 63 4 324 207
jsbUaSD3kpXolKTto6qc37B6oZeLHnjs,0 0.0623 181 0 439 206 8 0.0617 135 28 374 283 5 0.0604 134 25 375 281 11 0.0603 246 25 497 264 8 0.0598 1 89 241 332 8 0.0578 250 24 494 261 11 0.0572 61 96 314 337 11 0.0572 135 33 380 282 7 0.0567 130 0 384 214 6 0.0560 186 2 447 200 5 0.0560 0 85 242 330 10 0.0549 135 39 379 281 0 0.0547 180 75 431 326 10 0.0542 3 96 250 326 3 0.0542 7 93 250 337 7 0.0537 249 22 503 262 8 0.0536 501 205 740 441 10 0.0535 247 28 501 261 0 0.0531 4 93 246 333 7 0.0530 6 90 249 331 6 0.0529 6 91 250 330 2 0.0524 124 4 381 218 3 0.0523 128 0 378 221 2 0.0518 3 95 247 333 5 0.0517 496 202 747 440 6 0.0513 186 75 440 327 5 0.0507 247 19 494 259 13 0.0506 6 92 252 335 11 0.0504 566 149 818 375 13 0.0502 253 88 507 327
D4VOWcA5LCGX0sAnDVvz36ZCSwTYKmMi,5 0.0634 117 392 372 636 0 0.0631 120 393 376 638 11 0.0624 120 398 377 634 5 0.0614 184 265 425 499 6 0.0597 132 340 381 580 3 0.0595 319 274 570 516 11 0.0591 239 339 498 576 8 0.0588 319 272 563 508 11 0.0582 239 472 506 709 8 0.0577 250 402 491 646 6 0.0576 385 276 640 513 11 0.0574 380 278 639 514 0 0.0571 125 279 376 518 13 0.0571 129 341 382 585 8 0.0569 122 392 370 640 6 0.0567 246 337 499 576 11 0.0566 316 206 574 442 8 0.0563 186 513 435 771 8 0.0562 190 265 421 506 13 0.0561 245 338 500 579 6 0.0557 191 267 434 503 5 0.0556 314 199 571 434 7 0.0551 130 339 379 582 0 0.0551 243 332 494 578 7 0.0549 386 275 639 516 0 0.0548 192 195 427 436 5 0.0544 43 341 296 579 13 0.0543 186 516 445 771 5 0.0543 237 333 491 572 5 0.0542 377 270 632 510 11 0.0541 299 548 576 773 5 0.0540 179 514 436 763 7 0.0536 183 516 442 771 10 0.0536 121 404 372 636 8 0.0535 469 419 814 597 11 0.0534 468 420 829 598 0 0.0534 244 462 502 712 3 0.0533 244 338 495 582 0 0.0531 469 419 821 600 13 0.0528 191 267 434 511 6 0.0526 472 419 835 600 0 0.0525 320 203 574 441 6 0.0525 324 205 575 439 7 0.0525 248 399 500 645 3 0.0521 120 395 372 641 8 0.0520 383 213 629 446 7 0.0520 324 201 575 441 6 0.0519 187 518 442 770 0 0.0518 241 2 498 253 11 0.0517 626 341 884 577 7 0.0516 195 197 432 437 3 0.0516 388 215 634 453 8 0.0515 332 134 571 373 13 0.0512 385 280 643 516 0 0.0511 627 331 878 582 13 0.0509 254 595 525 833 11 0.0508 189 198 430 434 3 0.0507 193 200 424 445 11 0.0503 253 123 512 363 7 0.0503 477 418 826 600 3 0.0502 185 519 439 778 10 0.0501 247 410 497 641
X7eHIqiD8w5pYL2weHwmNfLaUsa66Iyd,11 0.0595 311 266 571 503 7 0.0569 379 799 648 1022 6 0.0562 324 386 584 635 8 0.0559 397 416 752 597 5 0.0553 367 793 640 1018 0 0.0553 501 541 765 772 8 0.0550 504 539 763 769 11 0.0548 499 543 769 768 0 0.0547 391 418 758 600 11 0.0546 313 393 580 635 11 0.0545 372 805 644 1019 8 0.0545 381 800 634 1023 0 0.0543 319 390 578 635 11 0.0543 431 673 702 893 5 0.0542 199 347 573 530 0 0.0536 315 262 570 510 7 0.0533 400 415 763 599 8 0.0532 324 384 572 638 11 0.0532 393 418 762 597 8 0.0530 585 450 822 688 13 0.0528 325 390 583 637 0 0.0527 583 454 831 691 0 0.0527 177 396 431 634 13 0.0523 568 609 839 841 0 0.0521 377 802 647 1023 5 0.0520 169 394 427 633 6 0.0519 318 263 573 509 7 0.0518 505 541 771 770 11 0.0517 558 608 832 837 7 0.0516 321 387 583 638 5 0.0515 316 385 577 633 3 0.0514 382 798 641 1023 0 0.0514 439 670 704 898 3 0.0513 325 388 580 643 13 0.0512 319 264 575 512 8 0.0509 317 260 563 514 7 0.0508 451 260 707 500 5 0.0504 390 412 758 598 3 0.0504 444 668 697 904 13 0.0503 508 541 773 770 8 0.0502 440 672 691 901 6 0.0502 399 413 765 597 11 0.0501 244 799 511 1021 5 0.0501 556 532 815 767
1NlGsgRqP2r3ezs2AZZan9BTmHFja7Ay,8 0.0591 22 0 369 144 11 0.0578 20 1 383 147 11 0.0569 382 463 640 700 0 0.0558 310 529 563 771 5 0.0555 377 456 635 696 0 0.0555 385 459 637 702 11 0.0554 228 526 498 753 0 0.0552 23 0 381 150 0 0.0551 0 792 244 1015 5 0.0547 19 0 372 145 7 0.0544 374 534 623 774 6 0.0542 28 1 384 146 0 0.0542 745 23 1014 265 11 0.0540 3 792 245 1010 8 0.0539 316 534 557 771 13 0.0539 748 17 1019 261 5 0.0538 304 526 562 768 3 0.0538 388 460 641 708 6 0.0533 315 530 567 771 13 0.0532 312 528 571 776 3 0.0531 312 531 567 778 8 0.0528 389 460 633 699 10 0.0527 18 3 378 147 10 0.0526 228 531 495 754 6 0.0526 389 460 645 700 7 0.0525 23 0 381 146 7 0.0524 235 528 500 754 11 0.0523 741 21 1016 257 11 0.0519 641 0 901 196 5 0.0517 0 789 237 1013 5 0.0514 741 14 1009 260 10 0.0513 742 24 1013 261 8 0.0512 747 15 1006 261 8 0.0508 0 788 232 1010 13 0.0501 28 0 390 149 13 0.0500 389 460 646 701
1GLECFsNISrTtNtg5wcdFFNc9rXaCGHR,5 0.0694 377 577 640 832 11 0.0679 690 521 948 761 11 0.0647 764 583 1015 821 0 0.0645 634 572 888 829 5 0.0643 689 517 945 763 8 0.0643 294 534 631 715 8 0.0643 634 571 883 827 8 0.0639 355 474 700 656 8 0.0633 508 390 764 632 8 0.0631 763 579 1008 824 13 0.0627 638 574 895 827 11 0.0626 432 398 693 635 5 0.0624 291 464 643 648 5 0.0621 505 385 764 636 7 0.0620 569 585 825 835 0 0.0614 762 580 1014 825 11 0.0612 764 461 1009 685 6 0.0609 296 533 643 713 11 0.0608 352 540 696 721 3 0.0608 570 583 824 838 10 0.0607 630 576 889 827 6 0.0606 440 587 707 838 6 0.0605 436 396 693 639 6 0.0605 638 575 892 824 3 0.0600 440 337 682 580 0 0.0599 439 338 682 576 6 0.0599 696 457 945 698 8 0.0598 437 335 677 572 11 0.0596 434 588 702 840 3 0.0594 697 517 941 769 8 0.0593 438 588 698 841 5 0.0588 431 330 680 572 6 0.0586 766 580 1019 818 13 0.0583 299 534 648 715 7 0.0579 440 587 704 843 7 0.0579 515 389 771 638 3 0.0578 306 468 645 654 5 0.0577 757 580 1013 822 3 0.0576 514 392 771 641 10 0.0573 353 541 697 722 7 0.0573 697 519 945 764 0 0.0570 511 392 769 637 3 0.0566 763 582 1014 830 10 0.0566 436 590 705 841 0 0.0563 357 540 694 722 7 0.0560 360 473 712 657 7 0.0559 297 531 641 715 13 0.0559 768 581 1023 825 3 0.0558 442 590 704 848 0 0.0557 292 604 640 788 0 0.0556 304 468 647 653 9 0.0555 435 592 704 837 13 0.0554 443 590 708 841 10 0.0552 511 392 769 637 7 0.0550 441 335 685 574 0 0.0546 439 590 702 843 13 0.0544 438 396 695 636 7 0.0544 763 581 1015 827 2 0.0544 568 586 821 833 0 0.0544 764 458 1007 691 8 0.0541 768 457 1000 690 3 0.0541 362 541 695 724 9 0.0538 566 582 824 829 5 0.0537 758 459 1004 689 2 0.0536 296 537 637 715 12 0.0534 514 390 772 636 9 0.0533 351 542 697 717 2 0.0533 439 593 701 841 12 0.0530 358 474 713 656 9 0.0529 509 392 769 631 10 0.0527 763 584 1014 823 2 0.0527 514 397 765 634 12 0.0527 697 518 947 765 12 0.0523 440 335 686 575 9 0.0523 298 470 646 646 11 0.0521 282 606 640 788 9 0.0520 758 582 1017 819 10 0.0520 437 338 685 573 10 0.0511 767 461 1004 685 2 0.0506 698 525 946 764
54lCsDSfaWoNBojU98vmehxZvEtXNULj,0 0.0569 504 402 763 628 0 0.0567 0 410 345 606 6 0.0549 5 410 346 596 8 0.0546 114 0 383 207 6 0.0543 447 464 712 704 11 0.0540 445 465 705 698 8 0.0531 0 409 336 599 11 0.0528 507 401 764 620 3 0.0523 449 396 699 626 6 0.0521 511 401 769 625 13 0.0515 453 400 710 626 13 0.0512 7 475 342 664 7 0.0510 449 461 715 703 8 0.0506 447 398 693 623 11 0.0506 0 411 343 598 5 0.0506 0 407 328 594 0 0.0501 440 462 710 707
Ax5bOjMaqHl0TLhnhINCFQkke4UhwCVN,11 0.0563 218 0 582 148 6 0.0562 230 2 587 148 0 0.0561 252 9 503 257 8 0.0561 461 678 702 903 11 0.0556 391 397 657 636 8 0.0551 377 147 633 376 5 0.0549 222 0 576 147 5 0.0546 310 206 572 445 11 0.0546 375 605 641 826 11 0.0544 374 275 650 509 5 0.0541 375 139 635 377 8 0.0540 22 545 364 736 13 0.0535 229 1 592 152 8 0.0531 223 0 573 148 0 0.0528 319 72 579 316 7 0.0524 383 270 648 515 8 0.0522 309 217 566 444 13 0.0519 379 213 652 446 5 0.0519 318 327 568 566 6 0.0518 321 74 586 319 8 0.0517 378 274 636 513 6 0.0515 385 608 639 829 6 0.0515 381 216 645 446 10 0.0511 222 3 580 147 0 0.0509 379 215 641 446 7 0.0505 249 8 510 259 3 0.0505 316 271 575 508 3 0.0504 224 0 581 151 5 0.0504 375 268 640 510
T4rgPYWtPIS3vHhFe9ORvl42yTcZoZuM,0 0.0594 281 415 636 607 0 0.0586 342 489 704 668 8 0.0564 280 413 615 602 11 0.0560 281 413 628 603 8 0.0556 436 7 692 251 5 0.0533 281 410 626 603 7 0.0532 438 588 692 825 3 0.0530 499 31 758 272 11 0.0529 341 488 698 663 11 0.0528 436 588 686 824 7 0.0525 286 411 638 605 6 0.0519 347 492 708 665 5 0.0512 377 0 640 198 11 0.0507 377 5 648 195 7 0.0503 342 486 708 665 8 0.0501 438 586 677 823
RXQWRUL3jqMAOSbqxMrILMJTDkr5YF1I,0 0.0588 69 646 316 898 7 0.0582 78 646 318 895 8 0.0573 70 647 309 897 10 0.0560 69 650 313 895 6 0.0558 73 648 318 896 5 0.0550 631 792 875 1019 5 0.0548 68 645 313 893 11 0.0546 72 651 317 893 0 0.0539 634 796 885 1023 7 0.0523 639 791 889 1023 3 0.0522 77 650 315 901 8 0.0517 637 789 875 1023 11 0.0511 636 793 885 1017 13 0.0500 636 797 889 1023
MyIdECYRT0BYB3FVRqMYQ6uqiRcEg1n4,11 0.0599 470 413 811 607 5 0.0587 471 407 808 607 7 0.0584 480 411 817 608 8 0.0584 475 412 806 609 0 0.0574 489 468 842 667 6 0.0565 483 412 817 609 3 0.0556 478 416 813 611 2 0.0542 475 415 812 608 8 0.0538 699 333 942 579 11 0.0518 695 336 951 576 5 0.0505 698 330 949 576 10 0.0504 472 416 815 608
e7hC3QSMJYzdSIfEjVM0WqHyDhsusOO3,6 0.0642 438 227 698 460 11 0.0630 437 228 696 462 8 0.0628 437 223 693 460 8 0.0624 379 147 645 385 8 0.0623 504 341 763 577 5 0.0622 372 144 647 383 0 0.0619 514 281 770 517 0 0.0618 444 156 709 391 3 0.0614 443 228 695 465 5 0.0606 432 223 690 458 3 0.0606 380 150 652 387 6 0.0602 513 279 770 513 0 0.0601 572 204 820 458 3 0.0601 517 279 765 518 11 0.0598 511 283 769 513 11 0.0596 571 207 822 455 11 0.0592 435 351 693 583 7 0.0592 440 288 698 524 6 0.0591 572 202 822 456 7 0.0588 573 202 825 459 0 0.0586 319 138 583 379 5 0.0582 505 148 766 388 7 0.0582 443 154 707 390 3 0.0581 576 204 820 461 5 0.0580 506 278 762 512 8 0.0578 511 151 764 389 3 0.0577 437 350 692 591 13 0.0572 378 280 644 515 0 0.0571 701 207 952 444 13 0.0570 574 200 829 458 6 0.0569 379 147 654 386 13 0.0568 380 145 658 387 10 0.0566 435 228 698 459 11 0.0566 379 149 652 387 2 0.0564 380 149 652 382 11 0.0563 628 150 900 384 6 0.0563 436 350 696 582 10 0.0561 508 282 768 512 13 0.0551 508 345 772 581 12 0.0551 438 221 698 464 0 0.0550 371 277 638 516 2 0.0548 514 282 769 514 2 0.0547 511 154 770 387 9 0.0544 376 151 653 381 11 0.0542 696 211 963 439 6 0.0542 707 208 958 439 0 0.0541 633 147 892 384 10 0.0538 508 154 770 387 0 0.0538 435 351 695 588 5 0.0537 428 348 686 579 5 0.0537 190 734 436 950 6 0.0534 635 145 900 383 12 0.0533 512 277 769 516 10 0.0530 432 354 695 584 10 0.0530 386 96 639 324 12 0.0526 377 144 656 388 7 0.0524 320 138 584 377 2 0.0521 439 228 697 461 8 0.0520 444 85 675 306 0 0.0519 68 350 330 589 9 0.0519 499 219 761 457 7 0.0518 635 141 902 386 12 0.0514 511 147 773 393 5 0.0513 315 87 579 319 5 0.0512 699 206 949 438 13 0.0510 637 143 905 385 13 0.0503 705 206 964 442 3 0.0503 636 141 896 393
iitI5mrdiCUdP0QvRN1I1q2NChrw3OnL,5 0.0693 183 724 428 959 7 0.0670 189 656 445 890 0 0.0668 251 724 503 967 5 0.0656 445 781 689 1014 7 0.0654 252 727 504 966 8 0.0635 246 660 497 898 10 0.0626 183 731 433 960 8 0.0626 452 779 689 1017 11 0.0620 451 785 692 1016 8 0.0612 187 727 426 959 0 0.0607 450 783 696 1020 7 0.0607 126 718 371 953 8 0.0604 315 719 565 962 11 0.0600 241 665 505 896 5 0.0598 239 660 502 896 5 0.0592 307 720 563 962 10 0.0590 312 727 569 961 3 0.0590 251 723 502 971 7 0.0585 452 781 699 1018 0 0.0582 191 655 440 897 11 0.0581 184 729 435 957 10 0.0578 242 669 502 894 13 0.0566 187 729 439 960 2 0.0564 250 729 504 966 6 0.0558 451 788 697 1019 10 0.0558 450 784 693 1014 6 0.0558 250 728 506 964 11 0.0555 311 725 568 961 9 0.0551 448 783 694 1015 3 0.0549 454 785 694 1023 13 0.0542 454 784 700 1020 0 0.0531 123 718 368 957 9 0.0528 244 726 502 962 6 0.0528 126 719 370 953 3 0.0526 192 660 439 900 13 0.0522 314 721 576 968 2 0.0511 453 786 694 1018 13 0.0508 245 661 510 901 1 0.0507 245 722 501 966 2 0.0507 189 662 440 895 1 0.0503 447 777 694 1023
ZEB1SZxpjx3tDXtf6WtCBPm4RxBxEXjW,11 0.0583 183 209 451 437 11 0.0572 0 206 250 433 8 0.0554 121 207 381 442 11 0.0547 240 121 507 361 8 0.0546 0 201 246 438 7 0.0532 242 787 502 1013 0 0.0525 185 210 450 449 5 0.0512 117 206 380 442 0 0.0506 242 120 500 369 5 0.0502 0 193 248 439 7 0.0502 192 203 456 444
S0OxU84uuWmPGDlpSagmYYTpLkePUPOl,11 0.0558 17 474 256 695 0 0.0557 311 527 554 766
XWzK5yzFOoKE8wW2lOXcWN0vcjSA303U,7 0.0689 444 805 694 1021 11 0.0659 436 808 691 1017 11 0.0601 318 788 559 1018 5 0.0599 434 804 687 1019 7 0.0569 323 787 566 1017 0 0.0554 436 806 688 1023 8 0.0554 435 808 684 1023 13 0.0553 324 794 567 1023 11 0.0541 497 608 766 828 13 0.0540 442 812 698 1023 6 0.0540 439 812 695 1023 8 0.0535 322 786 556 1020 5 0.0529 314 783 554 1019 7 0.0526 196 726 448 959 10 0.0523 438 810 691 1022 10 0.0505 320 789 559 1021 11 0.0503 187 730 446 956 3 0.0502 443 807 690 1023 2 0.0501 439 815 692 1023
aL0BS9XpLM2aK5nDrzy09ZoW6lcOcRpz,8 0.0566 513 272 754 507 3 0.0547 517 274 760 515 5 0.0534 510 270 755 504 7 0.0534 521 274 763 506 11 0.0531 513 278 761 505 6 0.0522 573 536 834 771 10 0.0515 512 280 762 508 0 0.0503 514 280 761 509
cxnaWtzkjVdSZqrUdcWFtrrgChLps1Gp,8 0.0601 576 253 811 493 6 0.0590 496 465 762 703 8 0.0583 500 592 754 834 11 0.0581 573 332 819 572 0 0.0577 496 525 763 770 6 0.0577 648 395 889 633 5 0.0577 498 516 759 770 5 0.0574 635 386 882 631 11 0.0567 489 466 757 703 11 0.0561 635 394 885 626 8 0.0557 580 398 820 640 5 0.0556 574 325 815 576 7 0.0556 495 461 759 708 8 0.0554 490 464 751 706 0 0.0551 579 397 830 643 6 0.0545 582 334 822 576 7 0.0545 585 396 832 644 6 0.0543 435 529 706 768 6 0.0530 502 596 765 832 8 0.0528 426 528 692 769 11 0.0528 367 462 638 701 5 0.0525 439 586 693 827 6 0.0521 184 0 450 194 13 0.0520 646 399 893 633 3 0.0519 506 524 759 775 13 0.0519 503 523 767 768 13 0.0518 583 334 825 575 0 0.0514 416 473 695 709 9 0.0509 496 522 760 764 0 0.0509 432 592 701 830 5 0.0506 178 0 440 192 11 0.0501 501 592 760 835 7 0.0500 584 257 825 498
5DS4xc7lLGySeXkdjgQROOmK9jYHyCVZ,11 0.0620 443 399 700 628 8 0.0603 12 780 247 1013 11 0.0582 9 786 254 1017 11 0.0571 0 670 246 905 0 0.0570 376 391 640 633 5 0.0570 178 710 450 928 0 0.0562 11 785 257 1019 0 0.0559 314 272 581 498 0 0.0558 1 669 243 904 7 0.0551 450 398 705 635 7 0.0544 322 267 586 496 5 0.0537 230 786 498 1013 5 0.0534 441 395 701 629 6 0.0528 378 392 642 630 0 0.0525 120 793 389 1013 11 0.0524 315 272 584 495 5 0.0523 309 263 574 496 5 0.0521 113 784 382 1006 7 0.0521 14 782 256 1016 3 0.0520 16 783 251 1020 5 0.0520 373 458 631 700 8 0.0519 0 664 238 898 8 0.0518 124 789 379 1008 8 0.0517 242 789 496 1014 0 0.0516 440 462 701 706 5 0.0514 315 531 577 762 11 0.0512 372 463 637 699 8 0.0512 379 389 629 628 3 0.0510 380 390 639 634 7 0.0508 380 466 636 707 5 0.0506 7 780 246 1015 2 0.0506 10 786 258 1012 13 0.0504 239 796 515 1017 6 0.0500 15 787 257 1013 0 0.0500 383 531 641 770
aUMUDzjZAi5i61Yavix47dJ2BWiHCCbI,5 0.0608 431 277 688 513 11 0.0604 446 335 691 564 7 0.0604 441 402 695 631 7 0.0590 385 333 640 564 0 0.0587 566 792 810 1023 8 0.0586 309 395 564 628 3 0.0580 494 0 760 206 13 0.0578 314 341 576 572 0 0.0577 438 454 704 693 8 0.0574 443 407 683 629 11 0.0572 372 398 629 618 8 0.0569 383 339 629 562 5 0.0567 438 397 684 627 3 0.0565 378 400 629 624 11 0.0559 436 454 699 691 3 0.0558 451 336 690 572 11 0.0554 300 0 566 205 13 0.0553 448 334 699 566 8 0.0553 490 1 750 200 8 0.0549 312 0 557 204 7 0.0546 305 387 577 626 6 0.0545 443 285 700 514 3 0.0542 375 287 626 510 3 0.0535 311 342 563 576 3 0.0530 444 454 700 697 3 0.0529 315 0 562 209 10 0.0525 310 351 569 572 0 0.0522 449 337 691 567 8 0.0522 570 27 810 275 0 0.0522 313 341 568 572 6 0.0520 446 406 691 633 8 0.0516 310 287 556 514 7 0.0515 313 1 567 206 5 0.0514 302 283 560 513 0 0.0513 566 0 823 204 11 0.0508 486 1 762 197 11 0.0507 264 614 513 843 11 0.0504 567 794 808 1023 10 0.0500 447 337 696 568
FeGCesye9e1yG9R6juvyqfmZtQJ86CMM,5 0.0622 373 725 629 959 11 0.0618 301 785 552 1021 0 0.0609 377 728 633 963 7 0.0607 324 800 680 981 5 0.0598 296 780 550 1019 11 0.0591 372 734 633 960 8 0.0581 303 784 554 1023 0 0.0574 384 601 631 836 11 0.0570 380 605 635 832 0 0.0569 310 404 560 638 8 0.0562 377 731 625 960 13 0.0553 308 784 563 1023 6 0.0552 303 788 559 1022 7 0.0549 511 455 773 716 3 0.0549 384 671 643 910 2 0.0544 378 732 633 963 3 0.0542 323 802 672 985 7 0.0541 440 714 695 947 8 0.0539 313 404 552 636 0 0.0538 505 658 757 897 9 0.0538 315 801 675 977 2 0.0536 304 787 557 1023 7 0.0533 389 605 638 837 10 0.0532 315 803 673 981 8 0.0528 505 391 754 643 11 0.0526 438 333 703 574 11 0.0526 505 527 767 770 6 0.0525 317 405 567 636 0 0.0524 441 332 700 576 5 0.0523 382 600 632 836 0 0.0522 502 393 763 641 10 0.0521 320 670 579 896 11 0.0517 497 662 760 892 2 0.0517 311 410 561 635 5 0.0516 302 399 554 632 13 0.0512 511 465 775 717 6 0.0512 326 667 585 896 10 0.0511 508 529 766 770 8 0.0509 441 329 691 578 7 0.0506 315 406 563 639 11 0.0506 171 783 425 1019 11 0.0505 308 407 563 632 7 0.0505 445 328 704 580 5 0.0504 437 326 695 572 10 0.0501 383 607 637 832 8 0.0501 173 785 412 1023 8 0.0500 382 605 626 835
5UHMC7HmKlE8E9pTpen5ReDRhIEQA9PK,5 0.0665 243 393 503 647 11 0.0654 309 399 572 636 8 0.0638 249 393 501 650 0 0.0627 370 399 629 630 0 0.0619 247 392 506 652 3 0.0604 311 397 568 643 10 0.0600 312 398 568 636 11 0.0599 184 391 451 641 7 0.0599 185 388 452 645 11 0.0595 250 328 517 574 6 0.0581 251 396 507 648 7 0.0578 118 583 374 835 7 0.0577 316 395 571 639 2 0.0577 251 398 503 650 11 0.0571 375 328 639 561 13 0.0571 250 393 510 652 5 0.0571 311 327 579 577 7 0.0571 485 417 836 606 5 0.0570 472 414 834 606 11 0.0569 115 590 374 829 11 0.0569 587 417 954 599 8 0.0568 115 583 364 837 11 0.0567 310 265 578 504 5 0.0566 247 265 509 513 8 0.0565 368 398 626 630 5 0.0562 115 583 368 830 10 0.0560 183 395 449 645 8 0.0552 194 277 438 526 13 0.0552 319 327 588 580 0 0.0548 118 590 371 836 11 0.0548 432 405 697 639 6 0.0545 320 331 585 577 8 0.0541 532 411 882 596 3 0.0539 182 396 449 654 6 0.0538 120 589 374 829 7 0.0535 196 272 450 521 6 0.0535 257 267 515 516 0 0.0532 437 336 690 573 3 0.0532 482 418 836 612 0 0.0526 254 265 513 517 3 0.0526 119 593 367 837 12 0.0524 253 396 506 651 0 0.0523 478 417 831 607 8 0.0521 259 210 504 456 1 0.0519 246 391 501 648 13 0.0519 195 276 451 527 2 0.0516 370 406 633 629 7 0.0515 443 333 696 573 9 0.0513 248 396 504 647 13 0.0512 541 409 905 597 10 0.0510 192 284 441 518 2 0.0507 480 422 837 606 3 0.0507 383 327 633 567 11 0.0506 437 270 688 494 3 0.0505 317 262 573 511 6 0.0505 484 418 835 604 8 0.0504 378 259 620 496 10 0.0504 480 421 837 604 0 0.0503 378 262 630 496
LEn2GWxPX5TgtgMRdBn2SIX0Ov3HNqMA,11 0.0614 316 601 571 838 5 0.0594 239 591 505 837 5 0.0590 222 340 572 527 0 0.0577 313 605 569 847 11 0.0577 379 670 638 893 7 0.0571 318 463 584 699 8 0.0571 505 339 755 579 11 0.0570 241 666 512 900 11 0.0555 240 336 512 563 13 0.0555 235 409 604 591 5 0.0550 502 335 753 576 11 0.0549 300 798 569 1023 7 0.0549 232 409 598 590 8 0.0547 232 412 584 588 11 0.0546 506 343 760 574 13 0.0545 318 460 588 699 0 0.0545 240 664 510 906 5 0.0543 305 522 574 771 3 0.0541 512 341 758 584 0 0.0538 384 674 639 899 10 0.0537 315 470 579 696 3 0.0536 231 412 598 593 11 0.0536 185 591 446 843 6 0.0535 322 465 586 698 7 0.0530 303 795 579 1023 11 0.0530 518 454 769 700 10 0.0524 230 417 595 588 0 0.0523 316 461 580 700 13 0.0523 251 596 515 838 0 0.0523 232 409 595 590 7 0.0521 512 338 762 579 6 0.0521 253 597 510 836 5 0.0521 0 552 250 777 8 0.0521 315 672 573 909 6 0.0520 237 412 602 588 6 0.0519 185 654 450 897 6 0.0518 512 344 765 578 10 0.0518 313 607 568 846 8 0.0518 381 600 625 831 13 0.0515 509 343 765 578 3 0.0514 320 462 580 703 11 0.0513 312 462 582 693 8 0.0512 318 465 570 697 7 0.0511 384 602 633 834 5 0.0511 304 663 574 906 5 0.0509 376 593 625 830 0 0.0507 506 339 755 578 8 0.0505 299 796 563 1022 0 0.0504 300 796 573 1023 8 0.0500 248 598 500 839
rPZHaRKa5mNx2vPuwqLQfXn7umZNHqbp,11 0.0650 509 785 747 1016 7 0.0636 511 782 752 1018 5 0.0636 440 782 680 1020 0 0.0619 565 785 806 1020 8 0.0601 444 783 680 1022 0 0.0581 441 784 684 1023 5 0.0581 564 785 803 1017 7 0.0577 443 722 697 962 8 0.0576 565 788 799 1018 11 0.0568 434 725 693 962 10 0.0568 443 787 683 1022 6 0.0551 447 787 687 1023 13 0.0550 448 785 690 1023 2 0.0546 445 788 688 1023 9 0.0546 441 785 685 1022 3 0.0544 510 784 748 1023 0 0.0528 528 404 782 630 10 0.0521 567 792 805 1015 6 0.0514 571 792 811 1017
HUvqxqvgA27VA4wGJ6fxop9Gkd5WyVRi,0 0.0585 166 463 440 696 8 0.0576 629 0 880 192 0 0.0569 315 521 566 747 5 0.0567 622 0 883 196 11 0.0553 308 519 564 740 0 0.0546 247 584 490 798 0 0.0545 241 401 500 630 11 0.0540 169 393 449 629 5 0.0537 244 576 484 797 11 0.0535 242 584 485 794 7 0.0533 316 515 568 746 8 0.0531 172 386 437 632 6 0.0530 630 0 891 196 0 0.0526 629 1 890 198 11 0.0519 623 2 888 194 7 0.0512 631 0 893 192 11 0.0511 391 454 645 674 10 0.0508 248 336 501 564 7 0.0502 396 452 649 675 7 0.0502 172 454 444 695 0 0.0502 455 464 717 690 3 0.0501 628 1 888 199 6 0.0501 246 584 488 797
8dPlolcMGwkn0Bf0QV7mSVyZwGNUYZTD,7 0.0650 149 802 509 981 11 0.0647 215 799 570 976 7 0.0623 306 719 561 960 0 0.0620 217 795 569 979 5 0.0611 209 795 566 975 11 0.0604 186 722 441 952 8 0.0581 147 800 493 980 6 0.0575 220 799 571 978 10 0.0559 185 723 437 952 13 0.0558 221 798 581 978 10 0.0556 213 800 570 976 6 0.0556 370 726 619 961 10 0.0553 15 803 382 978 5 0.0551 15 802 375 976 3 0.0550 220 797 573 983 11 0.0548 15 805 386 978 0 0.0545 19 801 381 979 9 0.0544 212 798 571 976 6 0.0543 29 804 381 980 11 0.0537 446 537 688 767 5 0.0534 183 713 434 952 8 0.0529 303 721 548 959 13 0.0526 370 726 625 961 11 0.0525 367 679 629 905 0 0.0520 369 724 618 962 0 0.0516 250 665 500 909 2 0.0512 220 799 574 980 7 0.0509 382 606 630 827 0 0.0501 257 285 508 510
OUcX5AwO4dwjQR0JsW4lZyEV8j3zACBT,8 0.0554 865 4 1020 398 8 0.0552 316 721 559 953 7 0.0530 320 718 572 955 0 0.0527 320 719 567 962 11 0.0527 312 720 567 954 0 0.0523 365 401 601 629 5 0.0508 312 716 565 953 10 0.0503 314 723 570 955 11 0.0502 859 3 1023 400
EcgS5CY5fASWl8rl8oxdu3SLS9dNXptW,0 0.0621 569 467 845 697 0 0.0604 704 458 961 712 5 0.0601 560 461 837 700 8 0.0596 564 524 824 762 0 0.0566 635 527 896 770 11 0.0561 562 465 837 703 0 0.0555 514 341 772 580 2 0.0552 570 469 846 703 11 0.0552 703 458 961 714 8 0.0551 638 456 895 705 5 0.0545 697 453 958 711 11 0.0540 304 534 579 773 10 0.0539 625 528 891 769 8 0.0539 307 534 568 771 11 0.0536 330 676 697 849 6 0.0534 568 462 847 699 8 0.0534 339 675 684 850 0 0.0531 768 526 1009 779 7 0.0527 565 524 838 763 6 0.0526 709 455 968 710 0 0.0525 404 669 768 853 10 0.0523 563 469 835 698 5 0.0521 392 663 757 848 13 0.0513 337 677 703 854 6 0.0511 406 666 770 852 5 0.0511 302 524 573 775 8 0.0510 636 589 880 825 7 0.0510 310 531 583 776 7 0.0504 408 667 771 850 6 0.0501 309 529 580 776 3 0.0501 313 534 581 778 11 0.0501 631 525 891 770 10 0.0501 702 461 959 713
MPBK3ooXuvoootkmUlMqnMuyK6O0bkbm,8 0.0610 189 465 437 703 7 0.0588 189 463 447 703 5 0.0586 182 462 446 706 11 0.0585 184 472 445 700 11 0.0578 259 331 525 557 11 0.0577 304 452 565 674 11 0.0566 380 397 640 612 6 0.0555 184 469 450 702 7 0.0552 448 396 702 611 13 0.0548 196 420 462 645 7 0.0547 310 448 565 674 0 0.0543 193 336 466 574 8 0.0543 194 334 457 570 8 0.0538 375 464 625 684 0 0.0535 372 465 633 689 3 0.0535 312 452 564 683 0 0.0533 188 467 446 706 5 0.0529 303 443 560 675 3 0.0526 188 469 444 711 7 0.0525 388 328 653 551 6 0.0520 259 397 519 619 5 0.0519 189 788 443 1018 13 0.0515 381 465 639 689 13 0.0513 119 480 393 707 8 0.0512 446 398 684 612 5 0.0508 182 333 465 571 8 0.0508 572 340 806 566 7 0.0507 194 793 449 1023 11 0.0502 261 675 651 842
RsYleSmGfA1jLfwcUMGgW2wRu2D9rgtK,7 0.0575 445 0 709 197 11 0.0569 433 3 704 189 6 0.0566 367 654 627 901 8 0.0564 186 740 413 978 5 0.0551 550 7 822 243 5 0.0549 433 0 703 191 7 0.0545 434 148 698 390 3 0.0544 441 1 702 197 8 0.0544 506 20 766 259 13 0.0544 211 0 568 154 8 0.0540 325 2 571 237 7 0.0535 4 651 251 894 5 0.0534 122 727 366 964 7 0.0534 131 730 375 971 8 0.0532 434 147 690 383 0 0.0531 433 645 693 893 5 0.0530 500 793 752 1014 3 0.0526 438 146 697 393 5 0.0523 418 201 688 438 3 0.0522 383 72 641 307 0 0.0522 129 725 375 974 11 0.0521 429 148 699 383 3 0.0520 437 647 694 897 8 0.0520 435 643 685 887 11 0.0519 433 651 695 884 7 0.0518 386 577 635 835 13 0.0518 504 1 776 197 8 0.0517 382 73 629 302 11 0.0515 0 654 254 892 8 0.0514 381 579 622 828 5 0.0514 494 77 764 331 5 0.0512 430 639 691 887 11 0.0511 548 82 817 309 0 0.0510 0 651 249 898 6 0.0509 508 0 768 199 6 0.0509 7 600 258 836 5 0.0508 374 63 640 298 0 0.0505 548 78 813 314 11 0.0504 378 77 642 302 5 0.0501 0 649 245 892 13 0.0500 440 644 699 889
l13WTsvtkZASykSOsaF9foIYZQewRkTe,11 0.0618 315 268 588 500 11 0.0602 380 154 641 389 8 0.0598 316 794 573 1022 5 0.0590 376 85 621 328 11 0.0589 236 792 503 1018 0 0.0585 380 154 640 391 0 0.0584 245 131 500 382 11 0.0583 309 659 582 894 6 0.0583 321 153 580 394 11 0.0581 247 337 518 572 0 0.0578 248 261 514 498 5 0.0577 313 148 568 390 8 0.0575 372 723 617 953 5 0.0574 376 651 635 891 5 0.0573 248 332 511 571 11 0.0565 180 391 446 637 8 0.0564 449 539 684 763 6 0.0563 385 93 636 324 5 0.0562 492 257 750 505 6 0.0562 253 258 519 496 5 0.0561 565 398 822 629 7 0.0558 320 790 582 1023 5 0.0558 504 138 760 384 11 0.0557 446 533 690 760 6 0.0557 243 793 513 1019 7 0.0557 253 336 517 575 11 0.0557 365 796 629 1013 11 0.0551 441 655 699 884 11 0.0551 250 200 507 434 5 0.0551 313 263 577 499 3 0.0550 320 266 585 507 7 0.0550 388 149 646 391 7 0.0549 260 197 505 438 0 0.0548 448 539 692 768 0 0.0547 508 4 766 207 8 0.0546 385 153 633 390 6 0.0545 514 146 774 381 7 0.0545 320 264 585 502 7 0.0545 385 656 641 892 13 0.0545 385 152 647 389 0 0.0543 497 267 754 505 0 0.0543 179 335 445 577 5 0.0543 316 723 576 964 11 0.0541 495 269 758 501 8 0.0539 245 728 508 972 3 0.0539 252 337 514 579 3 0.0537 390 153 642 397 8 0.0535 310 93 540 340 6 0.0534 187 391 451 641 13 0.0534 318 792 584 1023 3 0.0534 259 203 504 443 8 0.0533 506 141 757 383 0 0.0533 507 600 767 837 11 0.0533 304 94 546 337 0 0.0532 439 657 698 887 10 0.0531 248 145 501 383 0 0.0531 385 18 633 273 8 0.0528 496 259 749 506 8 0.0527 251 333 510 573 13 0.0527 256 338 523 579 6 0.0526 368 788 633 1010 8 0.0525 182 262 436 510 10 0.0525 251 344 519 573 8 0.0523 387 15 625 270 11 0.0523 510 597 763 831 0 0.0522 316 794 584 1023 2 0.0521 575 407 831 626 8 0.0521 508 0 756 206 8 0.0520 184 387 442 640 0 0.0519 572 345 823 568 5 0.0518 444 531 687 763 8 0.0518 511 599 756 832 11 0.0517 178 268 443 504 5 0.0515 233 781 501 1017 7 0.0515 505 263 759 505 5 0.0514 176 265 439 506 10 0.0510 385 159 644 392 13 0.0509 313 93 557 341 2 0.0506 383 159 638 391 11 0.0505 574 345 826 562 0 0.0505 507 149 766 383 8 0.0505 583 468 824 695 0 0.0504 186 460 444 708 6 0.0503 593 470 835 693 11 0.0503 582 472 830 693 2 0.0502 501 272 758 502
duagvQmdrcDW1zWk76MCHZnssrJx7CA3,0 0.0587 574 464 823 708 5 0.0585 289 405 644 600 11 0.0575 289 533 658 726 11 0.0574 500 526 761 763 8 0.0573 293 534 650 727 0 0.0560 501 526 762 771 5 0.0560 571 460 815 703 11 0.0558 436 409 699 651 6 0.0555 505 526 769 767 0 0.0555 437 410 696 652 8 0.0553 346 475 705 659 5 0.0548 436 454 695 711 13 0.0546 506 527 772 768 8 0.0540 502 531 754 767 3 0.0537 360 409 726 602 0 0.0536 293 533 659 730 7 0.0529 294 533 663 730 7 0.0527 351 476 723 661 8 0.0527 576 466 811 706 6 0.0525 582 465 829 706 11 0.0525 574 466 823 702 6 0.0524 574 610 841 850 0 0.0523 322 329 569 571 5 0.0521 319 458 578 707 6 0.0520 326 519 586 772 13 0.0520 329 463 588 712 10 0.0518 432 526 707 765 10 0.0514 343 476 723 660 13 0.0513 432 650 694 878 6 0.0509 419 412 785 600 6 0.0507 351 475 718 661 11 0.0506 565 614 832 842 11 0.0504 388 334 639 566 11 0.0502 417 653 692 881 0 0.0502 568 612 831 859 13 0.0502 581 468 833 710
ZLKO7acD9ZT9OU3NZQkUp04USkj1POzz,0 0.0524 732 564 1022 741 5 0.0522 728 559 1015 738 11 0.0515 733 561 1023 734 0 0.0509 646 583 896 842 8 0.0509 14 0 257 207 11 0.0506 577 217 820 445
Ml1DtNE0ofNdljq9S2BH6BCXAl9PFT1O,5 0.0633 300 513 566 757 6 0.0630 305 518 574 758 11 0.0610 364 581 637 831 8 0.0609 308 519 565 758 5 0.0608 176 389 442 635 7 0.0607 309 517 572 760 5 0.0607 368 648 630 895 3 0.0605 308 519 569 764 8 0.0604 183 392 437 641 0 0.0604 412 600 770 789 11 0.0603 304 520 571 759 0 0.0603 194 525 453 775 6 0.0600 239 465 509 693 5 0.0598 402 594 768 787 7 0.0595 370 579 641 837 0 0.0594 305 518 572 761 7 0.0593 242 462 510 693 8 0.0593 371 580 632 830 13 0.0586 373 580 644 834 10 0.0585 243 530 507 766 11 0.0584 177 457 446 698 5 0.0583 188 524 449 771 8 0.0583 194 525 447 776 3 0.0582 240 465 508 698 13 0.0574 185 454 452 701 8 0.0574 241 465 502 695 7 0.0573 197 525 453 773 8 0.0568 179 70 423 317 6 0.0568 368 575 642 833 6 0.0565 195 529 454 773 0 0.0565 185 395 448 639 13 0.0561 310 520 574 761 10 0.0561 179 461 443 698 5 0.0561 504 14 763 249 1 0.0554 235 462 508 693 8 0.0554 122 454 373 702 5 0.0553 165 66 430 320 2 0.0553 182 456 445 701 3 0.0552 193 528 451 777 9 0.0545 243 523 506 762 11 0.0543 505 19 770 251 10 0.0543 412 600 772 786 3 0.0543 370 580 638 840 12 0.0542 245 523 509 767 8 0.0541 578 19 827 253 10 0.0534 306 468 566 695 5 0.0530 116 453 377 694 5 0.0530 303 65 557 316 11 0.0529 236 82 510 332 2 0.0528 248 526 505 769 6 0.0524 126 461 385 700 10 0.0522 369 658 638 895 11 0.0522 302 213 559 450 11 0.0520 173 219 436 445 6 0.0518 381 82 638 314 11 0.0516 242 283 501 511 13 0.0516 578 19 844 256 6 0.0514 306 147 561 388 7 0.0514 185 389 446 638 7 0.0511 313 75 566 317 0 0.0511 382 154 632 392 10 0.0510 122 532 385 762 2 0.0509 369 583 636 833 12 0.0505 185 458 444 696 12 0.0504 369 579 637 835 13 0.0503 305 144 562 391 0 0.0503 174 68 431 320 11 0.0503 381 154 626 383 5 0.0502 239 274 495 515 0 0.0502 129 460 381 699 3 0.0500 254 213 499 451
Dfv0orKnyRDQurKk9YQnm8XKtJRDGLkd,0 0.0624 500 334 754 572 0 0.0616 501 212 747 444 11 0.0615 497 336 758 566 11 0.0611 365 190 632 431 0 0.0605 120 409 379 653 8 0.0602 501 330 751 570 11 0.0593 566 402 821 628 6 0.0583 570 396 822 633 8 0.0581 503 206 743 440 5 0.0577 557 331 807 563 11 0.0576 260 423 621 604 6 0.0573 503 208 754 443 7 0.0573 502 331 758 571 0 0.0571 568 398 818 636 8 0.0568 120 404 371 652 3 0.0565 502 333 754 574 6 0.0563 501 331 759 570 11 0.0559 496 211 754 440 5 0.0558 252 415 615 604 8 0.0558 564 397 812 635 5 0.0553 494 206 745 443 5 0.0552 61 399 320 640 11 0.0551 113 411 381 652 0 0.0549 445 135 705 378 0 0.0543 368 262 633 506 3 0.0540 351 476 695 666 13 0.0540 504 208 758 443 7 0.0539 441 195 705 443 8 0.0537 347 476 681 662 8 0.0527 373 260 625 506 13 0.0526 276 420 628 607 11 0.0525 443 133 705 375 10 0.0525 563 341 808 557 3 0.0523 569 399 821 638 3 0.0523 443 198 699 445 13 0.0522 502 332 763 572 3 0.0521 374 262 631 510 6 0.0521 349 472 695 662 5 0.0521 332 472 692 661 7 0.0521 568 396 821 635 6 0.0521 376 259 635 506 5 0.0520 562 144 813 376 6 0.0520 269 418 620 607 2 0.0519 500 338 755 569 8 0.0519 275 419 610 607 7 0.0518 376 263 635 505 6 0.0516 120 408 380 653 13 0.0514 376 260 639 505 3 0.0513 271 419 616 610 6 0.0512 451 130 708 377 10 0.0505 446 138 704 378 13 0.0504 569 400 826 634 5 0.0503 441 128 700 378 8 0.0501 448 134 693 375
jjEpKFgG2CbEaiKYHUXjMMM1c8cRK1eq,8 0.0618 563 270 814 508 7 0.0590 565 269 826 509 0 0.0569 563 270 825 509 11 0.0566 562 271 824 509 6 0.0565 195 798 467 1021 8 0.0565 560 514 805 758 6 0.0561 566 270 830 508 8 0.0558 511 331 749 566 0 0.0556 191 802 465 1022 11 0.0555 188 464 438 695 5 0.0553 187 794 452 1019 3 0.0552 569 272 825 515 5 0.0551 506 324 755 569 0 0.0544 505 332 756 569 2 0.0542 562 276 821 513 8 0.0542 191 795 453 1023 0 0.0536 250 717 528 957 11 0.0532 755 2 1022 195 0 0.0531 563 154 832 390 6 0.0527 126 408 384 642 11 0.0522 256 788 523 1022 0 0.0520 189 462 441 700 5 0.0519 253 520 507 769 0 0.0515 497 208 749 443 0 0.0514 257 526 512 776 6 0.0514 757 0 1023 193 8 0.0514 755 0 1005 199 5 0.0512 492 203 744 437 0 0.0510 557 512 815 763 3 0.0510 512 334 757 573 11 0.0510 253 530 516 766 7 0.0509 499 206 748 444 5 0.0505 277 344 638 541 0 0.0503 238 222 506 448 13 0.0501 197 797 468 1023
bOlsGSkVYc70LeWUannNBqvdqsMWv30F,11 0.0565 312 742 556 966 8 0.0550 267 418 617 605 0 0.0548 401 481 774 669 13 0.0543 246 793 511 1017 0 0.0539 314 736 559 970 5 0.0531 308 730 554 964 8 0.0528 338 488 682 667 5 0.0524 255 410 621 605 0 0.0523 438 391 701 624 5 0.0522 436 327 681 565 8 0.0521 439 386 694 618 7 0.0520 260 414 634 610 8 0.0514 243 793 497 1014 3 0.0511 241 798 502 1018 7 0.0506 241 794 508 1014 6 0.0505 266 418 630 605 6 0.0505 245 794 508 1012
XtiCrG7XDVCRgLX38WMwbtHoLc8uGC0I,8 0.0623 332 612 574 852 11 0.0620 314 214 568 460 11 0.0611 325 609 577 851 5 0.0590 432 529 698 760 0 0.0586 379 214 641 460 0 0.0585 259 604 507 844 5 0.0579 404 652 768 852 11 0.0575 252 538 513 770 8 0.0574 183 677 444 906 8 0.0571 369 804 619 1022 8 0.0570 317 214 560 458 0 0.0570 391 601 645 833 8 0.0569 384 545 631 767 6 0.0569 320 213 572 458 11 0.0569 378 538 633 768 11 0.0568 404 661 773 853 7 0.0568 307 799 572 1023 11 0.0567 297 723 567 962 8 0.0564 415 660 762 855 5 0.0564 251 531 512 767 3 0.0564 373 270 632 519 8 0.0560 263 534 511 773 11 0.0560 302 344 566 577 0 0.0554 377 716 642 958 5 0.0548 377 335 634 579 5 0.0547 377 208 637 457 11 0.0547 306 473 565 697 7 0.0546 382 209 644 459 7 0.0546 323 546 583 774 0 0.0544 300 271 563 524 7 0.0543 388 598 651 835 3 0.0542 386 545 635 776 5 0.0541 450 787 697 1023 13 0.0541 259 537 520 774 5 0.0540 304 466 562 696 6 0.0538 192 607 442 843 0 0.0537 245 727 508 968 6 0.0534 334 615 582 852 10 0.0534 327 619 577 851 5 0.0532 0 96 247 328 7 0.0526 244 724 513 969 2 0.0526 316 216 569 458 6 0.0524 262 537 518 773 7 0.0524 312 343 569 578 7 0.0522 523 671 905 849 9 0.0521 382 598 640 827 13 0.0520 417 659 783 854 0 0.0518 326 548 577 776 2 0.0518 329 619 579 853 5 0.0517 374 706 636 952 10 0.0516 410 664 774 855 11 0.0516 368 802 624 1022 0 0.0514 529 610 891 796 13 0.0514 320 211 575 460 5 0.0512 246 666 515 905 10 0.0511 368 721 649 958 6 0.0511 254 673 523 909 11 0.0511 522 611 895 795 0 0.0511 383 344 635 586 3 0.0511 311 344 571 583 8 0.0509 120 739 373 974 10 0.0509 379 217 646 459 13 0.0508 307 406 573 643 7 0.0506 459 794 709 1023 5 0.0505 224 338 494 579 6 0.0505 448 204 700 458 6 0.0504 440 536 703 762 0 0.0503 0 0 258 208 11 0.0503 185 614 440 839 8 0.0502 1 0 248 201 2 0.0502 305 346 567 580 7 0.0502 378 713 651 959 6 0.0501 531 553 908 733
wGxthsVbMXdhKfIlpzPQSodYvaa6sL3V,5 0.0624 183 286 563 464 11 0.0616 306 337 574 581 0 0.0611 368 396 635 639 13 0.0609 310 331 577 585 8 0.0595 374 397 631 635 8 0.0594 311 330 566 583 0 0.0594 416 480 760 660 6 0.0593 201 290 574 469 7 0.0572 416 413 767 595 13 0.0564 418 411 772 591 8 0.0564 299 453 552 693 11 0.0560 410 418 761 592 6 0.0557 310 332 575 583 11 0.0555 560 330 822 564 3 0.0551 416 413 768 597 11 0.0547 188 291 570 466 8 0.0544 500 219 744 458 8 0.0544 199 288 555 468 3 0.0543 308 332 575 587 8 0.0542 563 328 816 566 7 0.0536 311 330 576 586 8 0.0533 420 480 750 661 11 0.0532 495 222 757 454 5 0.0530 559 325 820 566 11 0.0526 295 455 562 691 5 0.0525 403 408 760 591 5 0.0523 301 327 569 580 10 0.0520 302 400 570 643 6 0.0518 419 412 771 592 8 0.0517 366 526 621 762 5 0.0516 106 344 386 582 7 0.0516 198 287 574 468 0 0.0516 499 220 752 456 3 0.0515 566 334 824 573 3 0.0514 505 220 750 465 13 0.0509 565 332 832 569 10 0.0506 418 483 763 662 5 0.0506 232 403 494 645 5 0.0505 495 215 748 454 0 0.0505 295 450 560 696 9 0.0504 414 480 756 656 10 0.0504 195 292 567 468 2 0.0503 308 335 573 583
9GARCnUKdm9XypPrrC6Jj8NdfHJnpkf0,5 0.0565 238 393 497 639 11 0.0565 511 342 750 582 0 0.0564 261 214 509 435 8 0.0560 509 336 742 587 11 0.0556 259 213 514 433 7 0.0553 518 410 752 654 11 0.0545 566 411 818 644 5 0.0537 255 206 502 433 0 0.0533 248 324 491 566 11 0.0533 435 787 687 1017 5 0.0526 185 330 429 569 8 0.0521 568 408 805 648 8 0.0515 242 397 486 639 13 0.0514 128 349 387 573 5 0.0514 114 411 384 643 5 0.0513 561 323 815 565 7 0.0509 242 394 500 642 11 0.0509 181 337 430 572 0 0.0506 568 414 816 652 11 0.0506 344 540 720 724 5 0.0506 380 14 641 245 0 0.0500 510 344 746 591
O1FTc4RZxNauiaPLFFSKhDVXU7r0eO1I,11 0.0642 316 223 569 441 11 0.0630 439 354 703 556 8 0.0628 450 398 702 638 3 0.0608 447 350 700 566 11 0.0594 398 475 776 651 0 0.0579 302 286 572 513 8 0.0576 314 222 561 445 5 0.0575 438 346 700 558 0 0.0572 312 157 572 392 6 0.0567 322 85 575 320 11 0.0557 388 153 654 387 8 0.0556 470 541 819 734 5 0.0550 385 87 646 323 7 0.0546 318 151 578 387 0 0.0545 442 352 702 564 11 0.0545 317 88 576 313 11 0.0541 368 526 635 756 0 0.0537 369 522 638 766 6 0.0535 409 472 779 653 13 0.0535 455 397 712 629 6 0.0534 391 153 656 394 7 0.0533 312 284 576 508 7 0.0531 386 223 638 443 10 0.0531 454 403 711 632 6 0.0531 449 351 708 558 0 0.0526 399 471 769 656 3 0.0524 413 472 772 658 6 0.0524 317 226 570 445 7 0.0520 373 518 639 764 10 0.0520 313 228 566 444 5 0.0520 392 467 765 651 2 0.0520 317 160 573 385 7 0.0519 396 85 657 327 5 0.0518 308 150 567 388 8 0.0518 384 148 644 392 5 0.0514 363 513 629 759 5 0.0514 378 221 623 441 8 0.0512 317 90 564 322 8 0.0512 379 521 625 760 7 0.0510 445 348 703 562 0 0.0510 377 226 632 449 13 0.0509 322 86 583 319
FdU2pZVa6xxdr71CrNBOcqvllQ3LhO6m,11 0.0522 506 788 750 1007 8 0.0521 319 147 570 372 0 0.0502 322 148 579 374
z99xOOrp2SIWJDBJZGytNCzFn1l71fp1,8 0.0674 189 786 430 1022 5 0.0651 185 785 431 1020 7 0.0641 244 789 496 1023 11 0.0640 242 792 492 1021 8 0.0619 305 787 548 1022 11 0.0617 580 733 821 967 6 0.0602 193 792 436 1023 0 0.0602 243 718 490 960 5 0.0602 238 713 488 953 8 0.0593 580 734 814 968 8 0.0593 0 104 258 312 7 0.0593 245 650 493 887 6 0.0589 246 721 494 958 5 0.0587 577 732 815 970 0 0.0583 582 732 820 974 8 0.0577 245 715 485 956 13 0.0575 244 791 500 1022 11 0.0575 241 655 494 891 11 0.0574 52 354 320 578 7 0.0573 584 730 823 971 0 0.0570 189 789 435 1023 10 0.0564 244 657 494 888 5 0.0563 301 785 551 1018 3 0.0560 193 788 435 1023 0 0.0559 306 791 556 1023 5 0.0557 49 346 309 577 6 0.0557 582 735 825 970 11 0.0556 241 386 495 624 11 0.0553 1 105 270 313 3 0.0551 246 717 488 964 0 0.0550 0 108 269 321 3 0.0546 307 790 557 1023 2 0.0544 188 794 433 1023 6 0.0540 306 795 560 1023 10 0.0538 190 794 437 1021 7 0.0534 124 638 374 886 8 0.0531 233 211 492 444 9 0.0530 186 789 435 1020 0 0.0526 56 351 316 584 2 0.0524 244 723 490 957 11 0.0523 120 648 373 887 10 0.0515 580 737 819 971 10 0.0513 305 796 558 1021 11 0.0512 228 216 501 438 13 0.0508 248 651 499 894 0 0.0507 246 386 495 624 13 0.0506 66 347 322 587 0 0.0504 117 649 367 891 5 0.0502 225 209 491 438 0 0.0502 229 215 500 446 8 0.0501 57 345 305 582
WQAgIxoWx5s8EHYh7qr7WZerAH3fKdM7,7 0.0674 258 652 505 890 0 0.0651 256 653 507 893 11 0.0640 253 656 506 887 5 0.0640 370 652 621 896 8 0.0639 319 658 562 896 10 0.0639 187 660 438 884 7 0.0637 376 654 628 897 5 0.0627 252 652 502 888 11 0.0625 370 657 626 892 8 0.0621 407 668 758 848 0 0.0618 373 656 625 900 11 0.0609 307 587 560 818 10 0.0607 404 670 767 850 13 0.0602 409 671 774 850 7 0.0592 310 580 562 820 7 0.0591 438 594 688 826 11 0.0591 433 597 688 826 6 0.0590 316 659 569 897 10 0.0588 314 660 568 896 6 0.0581 407 669 768 850 5 0.0579 432 592 681 825 6 0.0578 195 660 443 885 3 0.0577 374 656 627 900 8 0.0576 195 656 436 884 7 0.0571 189 591 441 818 11 0.0565 184 592 439 816 0 0.0565 309 584 562 823 0 0.0564 435 595 685 831 8 0.0563 247 589 491 816 2 0.0563 406 672 763 851 13 0.0559 195 659 450 886 5 0.0558 303 581 555 816 8 0.0549 439 539 682 763 8 0.0549 578 538 825 763 3 0.0545 257 653 506 892 0 0.0544 185 592 439 823 10 0.0541 243 596 498 814 1 0.0539 368 650 623 900 9 0.0537 404 669 764 848 5 0.0536 186 591 437 815 1 0.0532 252 650 503 891 11 0.0529 572 542 835 763 2 0.0528 257 660 506 890 7 0.0524 580 534 839 764 12 0.0522 411 668 764 851 12 0.0516 319 658 566 899 6 0.0515 249 589 501 815 0 0.0513 573 540 835 769 3 0.0510 309 586 562 827 4 0.0509 317 662 571 899
OzOUUzGaWL1dlmEj9tfjJbswGXnHLlIZ,7 0.0605 445 583 712 819 5 0.0602 438 584 706 816 7 0.0574 389 505 656 754 8 0.0570 443 586 706 820 11 0.0560 384 579 644 816 13 0.0552 449 587 717 819 10 0.0546 443 589 710 820 8 0.0543 389 506 645 755 7 0.0541 324 581 598 824 0 0.0540 381 509 650 758 13 0.0539 390 509 657 754 6 0.0533 445 589 715 819 0 0.0532 437 588 711 823 3 0.0525 448 589 710 826 8 0.0521 326 586 583 823 2 0.0518 445 593 711 818 0 0.0516 321 584 594 831 5 0.0508 383 502 649 751 3 0.0504 390 512 652 760 13 0.0502 329 585 598 822 6 0.0500 326 587 598 821
Aof3cxdAfkEeXEjI0DFCcse42UH1KHQn,11 0.0512 384 518 639 757
qrs7VQbtWRDI5n4Q5j3e7VSqay0Bjno4,5 0.0613 766 466 1019 713 5 0.0609 186 542 551 721 8 0.0605 768 471 1019 713 5 0.0594 694 397 951 646 6 0.0589 773 472 1023 712 11 0.0588 767 471 1023 713 11 0.0578 424 544 701 756 8 0.0575 191 543 552 726 0 0.0574 767 477 1023 717 11 0.0573 363 599 644 822 0 0.0572 700 406 953 650 0 0.0570 433 540 695 763 2 0.0563 771 478 1022 716 11 0.0561 701 403 955 643 6 0.0551 198 547 570 724 13 0.0551 772 474 1023 717 11 0.0549 480 609 756 824 0 0.0544 630 301 885 518 0 0.0543 441 728 696 962 5 0.0542 451 211 699 440 0 0.0540 311 339 567 578 3 0.0537 374 539 640 772 8 0.0535 698 401 950 642 10 0.0535 768 475 1022 711 6 0.0533 574 413 830 655 8 0.0533 372 541 632 766 10 0.0533 205 487 571 662 13 0.0532 209 485 581 664 11 0.0531 433 732 699 956 11 0.0529 205 485 576 662 0 0.0528 456 215 707 447 7 0.0527 705 400 960 646 7 0.0526 768 468 1023 719 0 0.0526 494 604 748 830 13 0.0525 266 543 634 731 0 0.0525 384 276 644 521 0 0.0525 210 485 571 667 6 0.0523 704 402 958 646 3 0.0523 197 546 560 730 11 0.0521 307 339 570 569 5 0.0521 305 333 561 570 7 0.0517 208 482 573 664 5 0.0517 305 715 570 956 11 0.0516 566 416 828 651 13 0.0516 375 599 647 827 0 0.0515 571 415 826 658 11 0.0515 625 295 887 510 10 0.0515 699 407 955 644 7 0.0515 379 715 644 955 7 0.0513 316 334 568 575 11 0.0512 307 724 573 953 3 0.0512 365 665 636 900 6 0.0510 315 339 572 573 5 0.0509 377 272 639 511 8 0.0507 312 339 558 575 7 0.0507 267 544 624 730 6 0.0505 306 599 572 830 3 0.0504 771 473 1020 722 11 0.0502 381 275 643 512 5 0.0502 365 539 635 764 8 0.0500 363 666 623 894 10 0.0500 497 552 755 762 3 0.0500 304 600 569 841
zBRCB2Z8JDnATSDvDu3NviwyjHnXMu1u,11 0.0603 568 469 826 712 11 0.0589 178 388 447 623 5 0.0583 572 394 829 640 11 0.0582 506 338 781 570 0 0.0577 569 542 813 788 11 0.0568 581 265 832 495 7 0.0565 579 395 833 646 8 0.0561 186 392 435 632 6 0.0561 459 516 705 764 11 0.0558 383 267 654 492 8 0.0558 583 265 823 500 8 0.0557 568 538 806 788 6 0.0557 580 467 829 712 5 0.0555 507 204 777 430 5 0.0552 579 265 828 493 7 0.0550 522 465 778 718 11 0.0547 454 213 716 434 5 0.0546 503 337 771 568 11 0.0545 245 330 518 556 0 0.0542 513 406 775 648 8 0.0541 573 397 826 646 0 0.0541 116 529 383 767 5 0.0535 177 387 439 622 0 0.0534 457 520 700 768 6 0.0534 591 335 839 572 8 0.0534 459 515 696 769 5 0.0532 513 520 764 775 0 0.0531 186 392 444 629 11 0.0528 511 139 786 368 0 0.0527 378 398 647 633 8 0.0526 452 397 709 640 13 0.0526 588 268 838 500 7 0.0525 513 339 779 573 8 0.0523 115 525 374 777 3 0.0522 515 402 776 655 10 0.0521 572 471 825 714 3 0.0520 585 267 832 507 3 0.0519 524 524 771 784 2 0.0519 184 395 442 628 0 0.0519 514 263 774 489 0 0.0518 448 338 712 564 6 0.0518 119 526 385 772 6 0.0518 187 393 447 631 8 0.0518 448 274 700 500 11 0.0515 180 262 444 482 13 0.0515 515 341 785 571 7 0.0514 247 391 506 627 0 0.0511 185 267 439 492 11 0.0511 110 529 388 768 13 0.0509 117 523 389 771 0 0.0509 366 711 641 954 8 0.0508 509 206 776 434 5 0.0508 383 68 642 308 5 0.0507 441 272 699 494 0 0.0507 179 705 456 955 13 0.0506 245 395 515 628 0 0.0503 369 209 638 435 2 0.0503 509 347 779 571 11 0.0503 384 73 650 309
t6hSgzUtAgDA2KpWMLMTtvCQlEc041d0,11 0.0653 423 355 693 586 8 0.0636 498 282 749 516 11 0.0629 493 287 756 518 6 0.0616 435 292 698 521 3 0.0616 498 281 755 520 0 0.0605 441 224 703 466 5 0.0596 570 332 827 568 5 0.0593 489 278 751 516 3 0.0591 428 352 691 593 8 0.0588 428 354 682 588 6 0.0587 511 419 773 651 5 0.0577 249 601 505 830 11 0.0576 504 424 769 650 0 0.0570 576 337 830 573 8 0.0570 578 337 825 565 5 0.0570 499 412 765 646 6 0.0565 578 336 834 567 11 0.0563 572 340 831 569 3 0.0561 580 337 829 573 8 0.0555 118 648 366 874 7 0.0554 496 352 753 576 13 0.0552 498 356 757 576 7 0.0552 433 289 697 519 11 0.0551 433 484 698 708 0 0.0551 114 653 375 876 8 0.0549 372 479 624 711 10 0.0549 496 286 758 515 3 0.0548 510 419 770 654 7 0.0545 576 275 825 515 8 0.0543 510 419 765 647 0 0.0543 427 350 690 590 13 0.0541 367 349 633 584 7 0.0536 433 414 702 653 8 0.0534 446 147 698 380 5 0.0534 418 344 689 585 6 0.0533 450 148 705 383 7 0.0533 435 536 707 759 8 0.0529 371 294 626 524 3 0.0528 451 146 708 386 5 0.0527 433 474 700 708 11 0.0527 443 149 709 379 8 0.0526 255 603 503 831 0 0.0522 509 421 771 653 5 0.0521 165 661 436 874 0 0.0520 253 603 507 834 10 0.0518 424 357 691 586 11 0.0515 119 593 385 840 13 0.0513 378 224 645 457 7 0.0512 504 479 769 703 2 0.0508 497 287 755 517 5 0.0508 499 540 772 761 7 0.0507 323 596 570 826 11 0.0506 315 604 570 822 7 0.0505 123 591 385 840 10 0.0505 370 484 634 709 0 0.0504 435 594 716 826 2 0.0501 432 422 701 654 10 0.0500 253 609 503 831
zi5SZmGQ1fFAZA8ppwi2mFz1xRGbsf3b,0 0.0618 0 790 254 1023 11 0.0596 4 792 255 1020 0 0.0593 0 596 232 839 5 0.0581 579 395 818 628 11 0.0574 0 599 237 836 0 0.0567 585 403 826 628 5 0.0565 0 592 231 837 0 0.0557 631 529 888 758 8 0.0557 0 592 231 837 5 0.0555 386 415 746 599 8 0.0554 1 783 247 1022 7 0.0546 7 786 256 1023 3 0.0545 5 591 236 845 6 0.0542 590 405 831 632 6 0.0539 0 595 241 837 11 0.0539 394 419 756 599 11 0.0534 501 480 769 713 8 0.0533 508 480 757 711 0 0.0532 395 419 753 604 5 0.0530 500 473 764 712 5 0.0530 0 787 248 1022 3 0.0526 403 422 755 609 6 0.0526 565 538 809 773 8 0.0524 399 418 742 602 11 0.0522 439 805 697 1020 7 0.0521 402 416 758 604 6 0.0515 5 793 259 1022 7 0.0515 2 595 237 844 3 0.0513 589 403 824 641 13 0.0512 400 417 764 605 3 0.0511 5 787 255 1023 11 0.0510 579 406 827 632 6 0.0509 731 292 961 529 6 0.0506 404 417 759 602
CTEMtF9KvjFazScOt02AfurFQeOFNref,5 0.0630 361 159 620 390 8 0.0610 627 385 879 632 11 0.0609 622 451 884 693 13 0.0605 694 458 950 705 0 0.0603 769 399 1023 654 5 0.0601 618 380 883 633 8 0.0597 498 333 743 573 8 0.0594 696 462 940 704 13 0.0593 627 384 894 636 11 0.0591 767 404 1023 653 0 0.0591 557 388 817 644 7 0.0591 562 391 819 643 6 0.0590 627 380 892 634 7 0.0590 629 450 888 698 0 0.0576 694 458 944 705 0 0.0574 633 319 889 563 3 0.0567 628 453 882 697 13 0.0566 501 333 760 576 5 0.0564 495 211 755 455 5 0.0564 685 456 941 701 6 0.0562 562 323 820 572 3 0.0560 563 395 814 643 6 0.0559 696 457 946 704 6 0.0558 775 396 1023 650 7 0.0556 502 332 756 574 8 0.0555 369 166 617 386 13 0.0550 569 270 830 519 13 0.0550 502 212 768 454 5 0.0549 762 399 1020 651 13 0.0548 377 220 632 455 6 0.0547 368 166 626 389 11 0.0546 632 325 887 564 8 0.0545 566 275 811 514 6 0.0545 433 219 685 451 11 0.0544 496 339 752 574 5 0.0543 555 319 810 570 7 0.0542 567 270 825 518 2 0.0541 558 393 816 640 3 0.0539 500 337 751 578 3 0.0537 773 399 1022 659 3 0.0537 432 220 683 458 5 0.0536 433 282 679 519 7 0.0532 431 215 686 450 7 0.0532 773 400 1022 654 8 0.0531 771 401 1016 652 8 0.0531 497 217 749 452 11 0.0528 364 168 624 395 0 0.0528 496 332 752 577 2 0.0526 496 335 751 574 9 0.0525 621 388 886 629 10 0.0525 496 335 753 574 13 0.0525 772 400 1023 655 0 0.0523 502 213 761 455 2 0.0523 628 451 883 693 11 0.0522 570 215 830 448 5 0.0522 194 178 445 424 10 0.0519 371 169 627 390 6 0.0517 264 194 514 435 10 0.0512 555 394 814 641 10 0.0511 500 219 759 455 0 0.0511 264 194 510 438 0 0.0505 372 163 624 393 2 0.0502 634 324 885 563 4 0.0502 561 393 819 641 9 0.0501 501 280 753 517
sc11mMOQZ16GyDUczHKGKmRDxOrnha5p,11 0.0666 0 786 235 1007 8 0.0666 61 790 295 1023 5 0.0638 0 783 234 1011 0 0.0633 56 792 300 1023 7 0.0613 2 733 243 969 10 0.0608 1 788 234 1011 6 0.0601 0 786 240 1007 11 0.0597 0 683 249 909 3 0.0595 4 734 240 976 13 0.0591 0 783 242 1010 11 0.0579 516 486 776 715 8 0.0577 2 731 237 968 0 0.0549 520 485 774 724 1 0.0548 0 778 236 1010 8 0.0544 379 802 641 1023 5 0.0543 115 794 365 1023 6 0.0542 2 682 251 908 5 0.0541 509 480 771 712 11 0.0541 121 797 364 1017 0 0.0541 512 349 762 581 7 0.0530 75 809 453 992 11 0.0529 435 272 702 506 5 0.0528 428 798 702 1017 13 0.0528 120 796 374 1023 0 0.0527 433 210 695 440 10 0.0524 122 801 367 1018 11 0.0522 374 803 646 1019 8 0.0522 452 473 706 712 11 0.0522 395 465 662 692 3 0.0520 78 812 448 998 8 0.0520 445 332 690 570 10 0.0517 2 685 247 913 13 0.0513 446 269 706 508 6 0.0512 522 485 780 721 2 0.0512 511 355 765 574 11 0.0509 501 218 768 441 12 0.0508 6 810 327 990 8 0.0507 569 218 809 442 4 0.0507 0 786 245 1013 5 0.0502 0 677 241 911 6 0.0500 452 334 705 570
LwpocpD59nll97UjrPz4jgmdIdeZwMYv,7 0.0600 701 805 938 1023 5 0.0597 692 795 926 1020 11 0.0585 501 270 767 511 11 0.0582 329 605 577 833 5 0.0577 176 401 447 645 5 0.0577 311 385 573 634 11 0.0574 178 406 455 641 11 0.0573 693 805 935 1021 13 0.0572 321 389 585 638 11 0.0571 382 326 642 577 8 0.0567 502 267 755 515 8 0.0558 186 401 445 648 10 0.0555 312 393 578 636 8 0.0552 315 458 565 711 13 0.0549 388 328 647 578 11 0.0547 312 459 573 712 0 0.0547 316 387 580 636 0 0.0547 692 807 938 1023 7 0.0545 317 387 582 642 0 0.0544 327 606 579 838 8 0.0543 697 799 929 1023 3 0.0540 388 325 643 585 6 0.0539 183 399 456 647 5 0.0537 379 319 638 571 3 0.0536 178 405 451 655 7 0.0534 186 398 456 647 8 0.0534 386 324 635 578 8 0.0534 330 603 570 836 7 0.0528 578 743 838 985 5 0.0526 383 516 634 752 3 0.0521 756 797 1003 1023 8 0.0520 388 519 630 756 8 0.0518 258 522 490 764 0 0.0513 388 521 640 756 13 0.0511 698 802 947 1023 6 0.0510 315 330 579 580 13 0.0509 186 400 459 652 10 0.0508 693 809 934 1023 11 0.0508 502 140 780 380 3 0.0507 318 388 580 645 5 0.0506 326 599 572 829 11 0.0505 171 1 450 221 11 0.0505 569 747 836 980 2 0.0503 333 611 581 836 10 0.0503 385 328 642 576 0 0.0501 573 744 840 986
nR5TV0Rf4y7yId2dWeV3sWb7V8d4v3Q9,3 0.0580 448 14 710 254 5 0.0576 370 69 629 320 8 0.0570 447 16 699 247 5 0.0565 442 5 708 246 11 0.0563 370 78 632 314 0 0.0558 446 13 711 251 6 0.0555 376 78 634 322 8 0.0554 309 82 553 314 11 0.0548 442 16 707 243 13 0.0540 338 0 710 154 11 0.0538 366 789 629 1005 6 0.0537 449 13 713 251 0 0.0535 374 76 634 321 11 0.0534 305 141 563 379 7 0.0527 376 74 632 318 13 0.0526 375 133 643 382 7 0.0519 304 788 571 1016 5 0.0514 305 132 560 383 8 0.0513 372 133 626 381 6 0.0511 528 531 778 749 10 0.0510 372 81 632 318 7 0.0508 312 138 566 385 11 0.0507 513 271 766 513 3 0.0506 375 76 634 326 5 0.0505 244 63 494 318
3LRO7ffNR5s4fNq99B7ut5UWQuShozU5,0 0.0583 490 524 756 761 8 0.0556 492 521 749 758 5 0.0548 483 516 753 759 6 0.0546 493 522 760 762 3 0.0527 497 521 759 763 11 0.0524 485 521 759 760 11 0.0524 355 670 629 909 11 0.0514 630 527 877 744 8 0.0511 315 469 567 716 6 0.0503 316 469 577 716 7 0.0502 493 519 763 762 13 0.0502 317 471 582 723
ktSXXZL3Z3oIrentocTGXWpTKPmtupWa,5 0.0647 485 593 748 833 8 0.0626 507 531 751 768 0 0.0622 487 598 750 837 3 0.0620 452 596 699 833 5 0.0617 444 463 697 708 3 0.0613 454 467 701 713 8 0.0610 319 463 569 696 8 0.0609 450 465 696 708 3 0.0605 390 531 636 769 7 0.0604 401 482 765 665 7 0.0603 506 526 763 772 8 0.0602 450 594 691 827 11 0.0601 445 469 698 709 11 0.0600 381 528 629 766 7 0.0598 448 591 701 832 11 0.0595 317 459 572 697 8 0.0594 387 529 626 764 6 0.0587 387 598 638 836 0 0.0585 546 681 818 913 6 0.0584 453 527 705 769 5 0.0583 543 678 817 905 11 0.0579 438 666 697 901 5 0.0579 379 524 629 762 5 0.0577 312 388 577 634 3 0.0571 324 465 577 703 0 0.0568 359 21 633 258 6 0.0567 445 666 698 901 7 0.0560 360 20 634 259 2 0.0553 447 598 698 831 13 0.0553 308 22 578 256 6 0.0552 399 482 771 665 8 0.0550 554 683 812 907 6 0.0550 324 461 583 696 8 0.0548 361 16 628 257 2 0.0547 384 534 634 765 5 0.0546 352 15 632 255 2 0.0546 402 488 762 667 6 0.0545 549 685 826 906 13 0.0544 450 595 702 833 7 0.0544 317 391 579 636 10 0.0543 400 485 763 666 0 0.0540 394 483 758 665 2 0.0540 321 467 576 699 0 0.0537 316 394 578 636 0 0.0537 385 602 634 836 2 0.0535 508 534 760 773 10 0.0535 489 598 752 833 7 0.0534 385 526 634 763 6 0.0533 364 19 640 258 11 0.0532 542 686 819 907 8 0.0529 316 136 586 360 13 0.0528 318 396 585 641 10 0.0527 387 596 634 833 11 0.0526 355 19 635 255 5 0.0526 363 717 636 957 9 0.0525 486 601 753 828 9 0.0523 439 667 695 897 11 0.0517 292 726 575 958 11 0.0517 639 336 887 563 1 0.0517 309 387 576 635 3 0.0515 362 23 636 262 10 0.0514 317 400 584 635 5 0.0514 241 66 499 309 12 0.0513 385 530 632 766 8 0.0510 369 722 633 960 1 0.0509 441 585 694 830 0 0.0509 252 127 523 364 0 0.0507 246 16 505 249 13 0.0506 403 485 770 667 12 0.0505 319 393 581 636 0 0.0504 368 722 643 960 13 0.0504 508 531 762 773 8 0.0503 248 17 500 248 10 0.0501 442 666 698 902
mz6jgb3wVgbeNG4Zi2LZZPta7wCfLlIJ,8 0.0766 82 867 430 1023 8 0.0657 255 779 496 1019 7 0.0644 129 656 375 889 5 0.0642 251 779 498 1018 11 0.0628 84 870 442 1022 7 0.0620 257 780 504 1021 0 0.0616 255 781 503 1020 11 0.0610 254 782 501 1016 8 0.0608 125 658 366 886 11 0.0607 126 660 376 887 5 0.0599 77 871 434 1021 5 0.0599 126 656 371 887 0 0.0579 125 657 373 890 0 0.0578 84 871 439 1023 10 0.0574 125 660 373 888 7 0.0564 89 870 444 1022 10 0.0563 249 722 499 955 11 0.0555 120 538 385 756 10 0.0554 80 873 437 1023 13 0.0550 256 782 505 1021 3 0.0550 130 659 374 894 3 0.0549 257 781 502 1023 2 0.0543 81 874 434 1023 6 0.0541 256 785 503 1021 13 0.0531 129 657 380 890 9 0.0525 251 784 502 1018 6 0.0524 91 876 441 1023 2 0.0524 254 783 503 1021 3 0.0520 86 872 435 1023 0 0.0516 123 534 382 761 7 0.0516 128 531 392 760 10 0.0514 316 793 562 1022 0 0.0511 699 811 944 1023 8 0.0510 123 536 375 760 6 0.0508 127 658 374 889
dQiJQBt8N96WRaxNInEDZ0I7tg2SAIQ7,0 0.0637 312 660 552 892 11 0.0628 428 554 686 776 5 0.0625 355 620 625 839 11 0.0623 310 665 557 891 0 0.0614 430 552 689 779 0 0.0601 324 408 576 659 0 0.0600 308 555 563 787 5 0.0599 299 553 565 779 11 0.0598 317 408 576 651 7 0.0593 319 613 556 841 5 0.0586 315 405 576 649 5 0.0586 427 547 685 774 11 0.0578 300 560 568 782 0 0.0568 254 267 511 496 3 0.0563 366 622 622 847 8 0.0559 322 407 574 656 7 0.0559 245 675 501 889 5 0.0557 149 275 510 466 6 0.0556 319 612 560 840 8 0.0554 363 623 616 842 0 0.0551 242 717 490 955 11 0.0550 378 786 617 1006 11 0.0546 237 726 492 948 8 0.0542 435 551 681 778 7 0.0540 182 593 438 831 2 0.0540 311 564 572 786 5 0.0537 369 776 615 1006 6 0.0536 432 558 697 775 13 0.0533 243 667 506 890 13 0.0532 246 791 498 1014 10 0.0531 365 629 622 840 7 0.0528 322 724 561 951 7 0.0525 325 408 580 657 5 0.0524 172 525 424 761 7 0.0522 260 263 511 495 6 0.0519 244 674 506 888 2 0.0518 314 666 559 894 11 0.0516 178 483 446 711 2 0.0515 323 415 582 656 6 0.0511 181 596 439 827 11 0.0511 255 271 514 492 13 0.0509 241 544 502 781 8 0.0507 309 560 560 784 13 0.0507 322 607 562 844 3 0.0506 251 614 494 845 6 0.0505 326 409 585 653 7 0.0504 384 782 626 1009 7 0.0501 448 473 711 716
T53YwgnX7MNljQ8HpufnR1prhcly6EaP,5 0.0636 293 590 568 840 5 0.0621 131 411 516 589 11 0.0618 361 585 636 818 0 0.0599 375 537 642 773 8 0.0598 280 474 632 653 3 0.0592 366 585 642 828 3 0.0592 275 417 646 604 6 0.0588 243 537 520 785 8 0.0579 377 535 636 770 7 0.0579 252 464 515 709 6 0.0577 366 584 642 821 11 0.0577 279 474 644 650 7 0.0575 363 585 645 827 5 0.0574 367 525 639 770 11 0.0573 241 593 516 837 0 0.0567 298 598 574 843 7 0.0566 276 415 647 600 11 0.0564 453 334 711 565 8 0.0560 301 596 568 841 11 0.0557 307 723 581 951 8 0.0556 177 24 433 261 13 0.0555 304 596 582 845 0 0.0553 285 474 645 653 8 0.0553 452 330 702 570 6 0.0551 284 473 652 651 11 0.0551 230 75 511 301 6 0.0550 453 336 714 568 6 0.0545 305 86 579 307 2 0.0541 364 590 638 820 5 0.0541 105 479 379 715 11 0.0540 175 334 439 576 10 0.0540 297 601 573 841 8 0.0536 240 208 495 439 6 0.0535 121 479 385 722 3 0.0529 249 468 514 715 8 0.0528 178 331 430 579 13 0.0526 288 474 656 653 3 0.0524 453 330 712 575 8 0.0521 309 719 571 956 5 0.0520 240 200 504 435 7 0.0519 456 331 709 568 5 0.0519 222 69 496 305 0 0.0518 237 16 501 247 0 0.0518 699 391 936 645 1 0.0515 276 468 640 653 6 0.0514 144 414 525 590 6 0.0513 245 18 514 250 2 0.0513 241 541 511 789 11 0.0513 244 207 515 433 7 0.0508 245 592 520 841 1 0.0507 358 581 638 821 11 0.0507 691 390 934 641 3 0.0505 304 82 568 311 13 0.0503 377 531 647 771 8 0.0503 70 349 317 581 12 0.0502 362 585 640 821 13 0.0502 454 332 718 568 2 0.0502 283 479 638 653 6 0.0501 313 719 582 957
zebeIZuzY3AhxuS9xSyCi9LNnbcBxWNO,11 0.0601 314 651 580 888 8 0.0593 321 668 693 854 8 0.0587 256 520 511 751 5 0.0571 370 727 625 965 11 0.0560 254 583 514 816 11 0.0555 372 733 628 963 11 0.0550 313 518 580 755 8 0.0548 372 730 622 966 5 0.0547 314 665 693 854 11 0.0541 421 676 685 891 7 0.0535 260 649 513 887 0 0.0535 422 675 687 896 7 0.0529 244 220 499 443 6 0.0527 376 736 633 966 8 0.0524 227 417 577 601 11 0.0521 237 223 506 440 5 0.0520 250 516 514 750 7 0.0518 328 668 706 853 7 0.0515 260 514 529 753 7 0.0514 378 732 631 967 8 0.0511 238 221 487 443 5 0.0510 225 414 586 600 0 0.0509 378 599 636 827 0 0.0509 371 732 631 971 6 0.0508 318 657 582 890
fu413UYOJlWFM7QcOnC8c3Kc5f6VqFsR,5 0.0629 180 708 433 952 8 0.0617 171 792 417 1023 7 0.0617 186 711 437 956 7 0.0605 249 791 499 1023 11 0.0595 171 664 447 895 7 0.0590 244 660 517 899 0 0.0588 184 711 437 959 7 0.0588 333 663 688 843 11 0.0584 245 794 497 1020 5 0.0581 319 659 676 842 8 0.0575 242 662 502 896 6 0.0573 187 713 439 954 11 0.0560 332 666 683 840 13 0.0551 177 798 430 1023 10 0.0551 168 663 444 897 0 0.0548 248 793 497 1023 0 0.0537 330 665 688 846 10 0.0526 253 717 513 951 11 0.0519 377 733 635 955 13 0.0510 336 667 695 843 0 0.0509 184 602 459 841 5 0.0508 178 597 450 827 8 0.0508 331 665 673 843 6 0.0506 448 733 699 961 3 0.0506 185 714 437 958 7 0.0505 382 726 642 963 6 0.0505 328 667 692 842
YDNhTLbRhIraCpxnK2lhbhTB5aiiEvaY,5 0.0643 117 779 368 1016 8 0.0633 186 784 422 1023 7 0.0618 124 781 374 1019 11 0.0604 183 789 428 1019 0 0.0587 187 788 431 1023 11 0.0581 128 148 391 391 10 0.0577 121 730 379 963 10 0.0568 184 793 430 1023 0 0.0556 194 156 463 371 6 0.0556 188 793 432 1023 5 0.0549 745 534 1013 776 3 0.0540 187 787 432 1023 8 0.0537 602 0 942 140 8 0.0534 748 598 1006 848 5 0.0529 590 0 948 143 13 0.0528 188 789 435 1023 8 0.0522 141 148 383 393 2 0.0517 124 785 373 1020 0 0.0514 595 0 953 145 11 0.0514 593 0 959 137 9 0.0513 181 791 428 1021 6 0.0505 758 531 1023 778 13 0.0505 535 0 886 151
iaZDk7jcgmvflBP9ozmFuKBGRJSOX6ux,5 0.0611 308 203 563 442 0 0.0610 357 668 635 901 11 0.0586 433 136 698 377 11 0.0574 310 207 570 446 8 0.0572 321 133 565 371 8 0.0571 182 219 426 463 10 0.0569 384 144 642 373 13 0.0566 316 209 574 446 5 0.0564 242 272 500 515 8 0.0559 380 200 630 440 0 0.0559 434 605 702 829 0 0.0558 315 205 567 449 3 0.0557 315 207 568 455 10 0.0555 252 215 507 455 11 0.0553 357 674 638 896 5 0.0551 307 668 571 906 8 0.0548 362 668 633 901 5 0.0548 435 196 692 436 8 0.0546 318 276 559 522 13 0.0544 249 277 508 519 5 0.0541 377 132 633 371 7 0.0537 318 276 566 520 10 0.0535 317 279 567 520 6 0.0535 317 671 579 907 0 0.0532 249 275 508 520 0 0.0531 323 331 567 577 11 0.0531 242 275 506 516 0 0.0530 443 275 694 514 5 0.0530 417 658 693 892 11 0.0529 177 222 432 463 5 0.0528 178 218 430 459 0 0.0527 384 140 641 376 10 0.0526 256 338 503 579 3 0.0526 441 201 696 448 11 0.0523 496 285 763 508 11 0.0523 321 336 572 573 6 0.0522 321 272 570 521 2 0.0522 382 203 635 442 11 0.0522 249 463 526 698 7 0.0521 324 601 587 838 5 0.0521 318 330 564 572 6 0.0521 504 215 762 442 8 0.0521 108 282 365 515 11 0.0521 384 277 641 512 13 0.0520 387 139 647 373 8 0.0520 436 136 693 374 11 0.0520 390 462 648 696 10 0.0519 439 206 698 439 13 0.0517 325 598 593 836 5 0.0516 236 137 500 381 8 0.0515 257 336 495 577 3 0.0513 368 671 639 907 3 0.0513 247 276 503 525 5 0.0512 545 232 809 455 11 0.0510 392 0 646 206 10 0.0510 242 97 506 332 13 0.0509 245 144 514 388 11 0.0509 481 659 760 877 7 0.0508 384 200 640 442 11 0.0508 322 533 585 761 3 0.0508 325 333 568 580 5 0.0507 0 0 259 215 13 0.0507 390 274 643 518 13 0.0505 443 202 701 442 3 0.0503 6 1 257 224 7 0.0502 255 208 510 455 6 0.0501 386 603 644 831 7 0.0501 442 602 707 826 10 0.0500 189 282 439 516
BpHU6C76wzMeCj0edF9Z1iDUqxgGhpFR,5 0.0569 617 279 882 516 11 0.0563 251 717 509 947 11 0.0545 300 795 558 1014 6 0.0538 256 281 506 514 8 0.0528 253 278 495 519 5 0.0516 242 276 502 508 0 0.0515 249 279 505 519 13 0.0514 248 801 506 1023 13 0.0511 252 279 510 518 0 0.0505 252 715 510 948 7 0.0501 302 792 563 1018 0 0.0501 184 203 434 450
b7KMfind8DPVksslhhEmxeSX90DEdVa4,11 0.0614 562 340 839 571 6 0.0600 571 340 842 573 8 0.0585 566 332 830 575 7 0.0578 253 198 520 439 5 0.0569 561 331 832 573 0 0.0565 177 265 446 510 5 0.0562 322 11 576 234 10 0.0554 561 342 838 572 8 0.0554 328 21 578 238 7 0.0553 565 336 841 574 3 0.0549 628 409 891 644 13 0.0548 630 403 901 639 0 0.0543 621 407 892 641 8 0.0541 625 403 882 639 7 0.0540 324 15 586 240 0 0.0539 563 337 838 576 11 0.0534 238 133 511 355 3 0.0527 570 336 838 582 11 0.0525 254 13 518 245 0 0.0524 325 18 579 239 11 0.0523 250 345 620 537 3 0.0522 335 17 582 246 13 0.0515 567 337 847 574 11 0.0515 438 328 691 558 5 0.0513 174 261 441 506 3 0.0512 259 342 617 544 11 0.0509 174 267 448 512 7 0.0508 182 255 451 513 8 0.0506 184 329 431 584 6 0.0504 184 332 450 583
BHo7ayObOhRebKNqrIFxMDzSquua0zdE,5 0.0606 558 208 827 442 0 0.0601 565 208 829 446 6 0.0596 568 212 831 441 8 0.0589 565 210 821 443 11 0.0579 560 212 834 439 3 0.0555 382 145 643 371 11 0.0552 316 452 580 688 5 0.0551 635 270 896 506 5 0.0551 749 262 1020 509 3 0.0548 574 278 841 530 11 0.0547 251 537 532 782 8 0.0546 376 143 636 362 8 0.0546 639 272 887 510 11 0.0543 317 333 581 556 5 0.0543 249 450 517 697 11 0.0540 633 274 905 502 11 0.0537 375 141 645 362 2 0.0534 562 214 829 442 11 0.0532 251 395 509 627 11 0.0532 229 207 504 419 13 0.0531 263 458 531 703 7 0.0531 378 142 643 367 5 0.0531 368 132 638 360 6 0.0530 648 274 901 506 7 0.0529 237 198 501 420 6 0.0527 262 538 534 785 7 0.0526 564 210 832 442 8 0.0516 755 264 1012 512 13 0.0514 565 213 837 444 0 0.0514 755 268 1017 515 8 0.0514 324 455 569 692 0 0.0506 322 395 570 633 7 0.0506 326 451 583 695 11 0.0505 377 1 645 192 5 0.0505 645 386 912 630 3 0.0504 386 2 646 198 11 0.0502 751 270 1022 507
2dBSirjO7tu8uvjbuJMbs6n0WbiyM9WQ,8 0.0530 575 395 822 633 11 0.0519 569 399 833 627 11 0.0517 504 321 756 550 7 0.0501 518 388 766 622
d9xokbHCvuBIFbLgBb6S2RpSsPp2KyGp,0 0.0605 254 456 483 701 7 0.0583 199 532 444 775 6 0.0578 266 619 511 838 7 0.0574 257 456 488 700 5 0.0570 320 463 566 699 13 0.0560 270 535 510 773 5 0.0555 261 530 498 767 11 0.0548 264 622 505 837 11 0.0547 390 473 643 704 3 0.0547 508 141 761 368 0 0.0545 630 215 879 445 8 0.0545 128 456 370 690 8 0.0533 195 529 435 775 11 0.0533 251 461 486 695 10 0.0527 195 541 442 773 3 0.0523 255 457 486 708 6 0.0520 259 460 487 699 5 0.0519 130 688 382 910 5 0.0519 131 447 372 693 2 0.0518 258 464 486 698 13 0.0518 584 526 858 766 6 0.0517 136 460 382 691 7 0.0515 271 616 510 839 13 0.0514 330 468 573 702 7 0.0513 391 468 645 708 5 0.0510 499 131 759 359 11 0.0508 126 461 382 688 0 0.0505 456 473 720 708 0 0.0504 500 141 762 365 7 0.0503 133 458 380 694
Kcen06ppoW9LGfyE8DSLs145k6aPBWjb,0 0.0646 304 654 567 904 8 0.0643 304 654 564 900 5 0.0637 235 647 495 902 11 0.0632 236 652 498 902 7 0.0609 305 653 571 901 6 0.0607 243 650 503 905 10 0.0565 237 652 501 904 3 0.0565 307 654 570 905 13 0.0563 245 650 507 903 2 0.0540 242 654 500 905 5 0.0536 105 142 367 379 1 0.0528 303 650 567 902 5 0.0526 192 270 456 511 11 0.0523 109 148 371 378 11 0.0520 295 280 560 502 6 0.0509 117 146 381 382 13 0.0507 309 221 572 444 12 0.0506 244 649 500 904 6 0.0501 199 277 464 512
8u8I2MIjoxQmHpp0wPqpuPmhHXHtoOhe,7 0.0579 290 801 568 1023 0 0.0577 286 802 566 1023 5 0.0571 278 801 561 1020 11 0.0551 0 479 240 709 0 0.0550 570 407 820 642 0 0.0547 436 387 683 639 13 0.0542 441 459 696 707 11 0.0541 570 408 823 637 11 0.0536 430 459 692 703 8 0.0535 290 802 558 1022 11 0.0533 444 330 699 573 0 0.0531 6 543 251 789 6 0.0529 437 387 691 639 13 0.0528 452 329 701 576 13 0.0525 290 806 576 1023 6 0.0524 290 804 571 1020 10 0.0511 281 809 567 1023 7 0.0511 576 408 825 638 5 0.0509 566 403 819 638 5 0.0508 442 323 690 571 11 0.0506 299 726 579 947 7 0.0500 439 389 689 642
FwNr7wUO5WERltupW4ZlGgOKneZrBb9U,11 0.0578 373 205 644 438 5 0.0566 376 392 652 650 7 0.0554 377 275 649 519 11 0.0546 380 403 652 651 7 0.0542 385 396 654 655 5 0.0535 375 270 646 520 11 0.0534 317 453 572 709 5 0.0532 447 343 723 583 0 0.0529 252 526 521 775 6 0.0528 448 290 706 518 3 0.0518 380 279 647 526 6 0.0515 387 400 657 655 8 0.0513 385 399 644 654 11 0.0511 450 355 729 585 13 0.0506 377 283 652 521 11 0.0504 311 330 578 568 11 0.0502 119 4 380 198 7 0.0502 456 349 731 584 6 0.0501 255 528 529 768
IQOtibMiv3a5Lo9InCUlTDu64HaR7dtz,8 0.0511 498 721 751 968
ViQjOTqfxiSy2NpLeRGBYzF9vphe33KM,11 0.0631 111 534 374 770 11 0.0624 187 463 432 704 11 0.0597 175 597 429 836 5 0.0578 241 0 508 194 13 0.0561 250 1 515 195 5 0.0561 183 534 431 781 0 0.0559 182 598 431 842 7 0.0552 120 584 376 830 8 0.0546 184 542 427 782 8 0.0546 252 0 502 192 6 0.0540 182 598 435 841 3 0.0539 189 540 430 794 0 0.0537 248 0 512 194 0 0.0536 118 534 374 775 13 0.0528 188 537 438 784 11 0.0526 238 3 512 193 0 0.0521 570 228 844 455 3 0.0519 128 459 380 707 7 0.0518 126 453 382 699 6 0.0517 121 532 377 774 5 0.0517 501 153 764 384 10 0.0513 116 536 372 773 6 0.0504 249 0 514 195 0 0.0503 495 99 744 309
muOKw3j4jQNutzUUjPMDc6kWYNT8aOAZ,8 0.0641 319 396 562 644 8 0.0627 253 320 496 566 11 0.0620 361 461 625 698 5 0.0618 242 393 500 642 8 0.0613 180 397 435 645 0 0.0611 376 396 629 644 11 0.0600 364 592 637 824 7 0.0598 383 399 633 644 10 0.0596 249 402 507 642 3 0.0594 317 396 566 647 5 0.0592 373 394 628 642 0 0.0591 244 394 505 645 11 0.0587 171 402 440 641 0 0.0585 181 327 447 572 11 0.0582 390 335 644 567 11 0.0578 245 326 509 563 10 0.0575 119 414 389 649 7 0.0575 249 397 503 644 6 0.0575 251 397 509 641 13 0.0570 317 397 571 647 13 0.0565 185 328 452 573 8 0.0564 301 538 554 771 6 0.0564 132 345 408 580 8 0.0563 392 329 633 570 10 0.0555 379 403 635 643 3 0.0553 249 323 508 571 3 0.0552 392 329 638 575 6 0.0551 382 398 637 641 5 0.0551 177 323 440 566 6 0.0549 645 345 905 575 10 0.0548 183 331 443 568 0 0.0541 635 344 901 580 5 0.0539 359 529 622 772 5 0.0539 120 405 386 647 7 0.0535 186 325 449 570 0 0.0533 360 532 624 777 11 0.0532 300 537 564 770 3 0.0531 178 400 438 650 7 0.0527 126 404 397 649 11 0.0526 634 349 903 573 0 0.0525 121 407 392 653 8 0.0523 373 589 624 825 2 0.0518 369 466 622 698 5 0.0518 632 338 897 571 2 0.0517 251 406 501 644 3 0.0515 309 539 556 777 5 0.0515 246 245 511 477 13 0.0513 393 329 649 568 7 0.0511 307 538 565 771 6 0.0507 373 591 640 820 11 0.0505 305 673 571 899 13 0.0503 125 410 397 655 11 0.0503 225 796 488 1017 6 0.0501 174 469 430 707 11 0.0500 240 603 491 818
YC4LNzLuSkMaJEBRfxZhN1GO0GsDjRCk,5 0.0587 0 0 367 147 5 0.0582 170 346 436 580 0 0.0580 5 0 374 150 0 0.0578 113 416 369 651 8 0.0575 384 458 617 697 11 0.0572 305 586 562 833 6 0.0571 453 455 706 704 6 0.0570 3 1 377 145 13 0.0570 180 349 449 590 5 0.0565 441 452 697 699 6 0.0563 180 349 446 587 8 0.0561 7 0 361 146 5 0.0559 369 514 631 760 5 0.0559 191 215 451 454 6 0.0551 321 456 565 706 11 0.0550 177 348 441 585 11 0.0549 379 524 630 763 0 0.0548 257 353 637 542 6 0.0544 384 519 638 764 3 0.0542 383 522 633 771 8 0.0542 454 321 689 564 3 0.0542 8 1 370 150 0 0.0542 381 521 631 768 13 0.0541 121 417 376 654 8 0.0541 264 351 621 540 0 0.0539 177 349 439 592 13 0.0539 252 292 642 479 6 0.0539 311 580 566 837 8 0.0538 123 28 366 273 11 0.0537 0 3 375 147 0 0.0537 452 325 697 565 13 0.0536 7 0 382 149 5 0.0536 303 572 558 832 5 0.0535 253 348 637 536 5 0.0532 461 0 808 151 6 0.0529 385 392 634 629 7 0.0528 312 580 565 835 5 0.0528 376 389 623 623 7 0.0525 4 0 366 148 7 0.0525 454 455 704 703 11 0.0524 448 459 699 703 7 0.0524 562 593 839 835 13 0.0522 386 396 632 630 13 0.0522 384 522 640 764 3 0.0522 454 457 701 710 8 0.0521 175 344 432 592 7 0.0521 244 354 504 587 8 0.0519 306 581 558 837 7 0.0517 380 520 636 767 11 0.0516 112 419 373 645 0 0.0514 453 457 699 706 8 0.0514 318 392 551 632 0 0.0514 169 7 426 258 10 0.0512 450 460 703 700 5 0.0508 447 269 696 502 11 0.0508 444 274 694 501 13 0.0507 314 582 568 836 10 0.0506 309 275 555 486 6 0.0506 459 330 702 564 13 0.0505 126 31 382 272 0 0.0504 310 577 562 837 5 0.0502 303 197 563 419 3 0.0502 258 354 636 547 5 0.0502 553 588 828 832 7 0.0501 123 352 385 588 13 0.0500 323 461 563 708 6 0.0500 263 351 643 541 7 0.0500 193 285 448 523 10 0.0500 241 361 502 583
44cLPLj3V4xSdabxoJBqg8QMJHYys0us,8 0.0623 306 318 540 550 7 0.0614 385 717 633 959 11 0.0613 444 726 697 954 7 0.0600 307 315 555 554 5 0.0583 308 312 553 551 5 0.0583 441 724 689 952 0 0.0580 303 274 554 499 11 0.0574 301 318 553 553 7 0.0558 442 668 697 889 5 0.0553 185 788 434 1017 8 0.0552 382 715 624 960 0 0.0549 381 717 630 961 6 0.0540 386 721 632 959 7 0.0535 259 727 498 967 8 0.0530 194 787 434 1023 3 0.0528 384 716 630 965 13 0.0527 450 727 702 958 11 0.0527 253 730 501 961 7 0.0526 194 792 444 1023 3 0.0523 304 272 557 504 10 0.0518 381 720 628 958 0 0.0517 257 727 498 968 8 0.0517 308 203 543 416 8 0.0510 181 411 442 653 3 0.0510 441 665 695 896 10 0.0505 305 322 552 552 11 0.0502 187 789 441 1019 5 0.0501 253 727 494 962
zZFZLPeWhIKHRiNaspUJKkuNvcGEd7YE,11 0.0641 164 389 446 613 5 0.0640 163 450 443 694 8 0.0637 190 602 425 838 8 0.0636 121 786 366 1022 7 0.0633 187 784 436 1020 0 0.0625 163 387 445 623 8 0.0610 241 660 493 898 5 0.0604 183 781 429 1018 8 0.0601 293 596 543 821 0 0.0596 301 658 569 896 7 0.0593 188 525 452 769 8 0.0592 174 452 441 696 11 0.0591 235 665 503 899 11 0.0582 113 532 377 765 8 0.0581 121 526 369 768 11 0.0580 183 787 434 1017 5 0.0575 119 593 378 841 0 0.0572 188 781 434 1023 0 0.0572 247 524 506 763 10 0.0569 246 533 501 758 6 0.0568 174 457 452 697 7 0.0567 168 387 453 618 10 0.0567 237 666 501 900 0 0.0565 117 530 377 766 11 0.0564 242 526 505 758 3 0.0562 190 526 448 773 13 0.0558 120 530 383 769 5 0.0558 238 590 486 824 0 0.0558 182 667 440 901 13 0.0554 176 455 453 697 10 0.0550 189 790 433 1019 6 0.0550 119 531 383 768 0 0.0548 311 457 569 684 7 0.0548 249 716 504 957 5 0.0545 246 713 498 956 5 0.0545 228 551 593 731 3 0.0540 252 462 514 702 13 0.0537 189 785 437 1022 7 0.0535 297 521 562 752 10 0.0534 313 721 568 941 8 0.0533 315 716 561 941 10 0.0533 167 463 444 694 6 0.0531 189 788 435 1020 7 0.0526 301 658 575 890 0 0.0525 356 593 630 822 3 0.0523 189 785 433 1023 8 0.0521 302 546 642 727 13 0.0518 251 718 506 957 6 0.0518 245 528 509 758 3 0.0516 167 385 447 623 7 0.0515 72 792 324 1023 7 0.0514 125 599 383 841 13 0.0512 317 457 572 681 10 0.0512 115 535 374 766 5 0.0511 212 414 562 596 7 0.0509 460 789 689 1017 8 0.0509 316 458 553 679 2 0.0507 190 789 437 1021 11 0.0506 235 209 504 434 2 0.0502 167 394 444 621 6 0.0502 313 716 569 943 7 0.0501 124 723 377 961 5 0.0501 61 789 317 1022 0 0.0500 570 17 822 264
NcUYpb36JBjfe1bFw6OvU8gC92DlZ56L,8 0.0532 379 1 636 229 0 0.0509 549 259 816 502 11 0.0508 363 136 624 374 0 0.0507 361 134 623 380 3 0.0506 398 61 647 303 6 0.0504 444 400 706 648 13 0.0500 380 0 650 230
BUKPlHg83bOwrxFrZdVkCaMvcC6zqqbr,14 1.0 0 0 1 1
ZdpGkNG0pInl00dTcNgNIh2t4EwprJb8,8 0.0552 564 685 827 902 0 0.0509 423 224 696 461 0 0.0508 240 205 496 434 13 0.0503 504 105 772 323
ona97YPBGpBuZB7iRKkiTaSkZbaxqoqj,0 0.0581 484 807 752 1023 5 0.0565 472 803 745 1017 11 0.0551 478 808 744 1018 7 0.0517 486 801 755 1023 8 0.0513 486 802 738 1023 8 0.0503 624 1 874 201 11 0.0502 555 395 817 635
lN7e8gGz6I4ivUQy0jefUTnI83rl6uiy,8 0.0636 581 140 823 371 7 0.0630 370 200 640 442 5 0.0615 572 190 817 430 5 0.0600 303 205 563 440 8 0.0599 309 209 555 444 7 0.0595 321 269 574 509 7 0.0593 371 33 713 222 5 0.0589 362 27 700 220 0 0.0587 309 207 566 444 5 0.0587 630 124 890 361 7 0.0584 516 270 757 503 8 0.0579 194 209 443 452 0 0.0578 512 197 755 441 11 0.0575 367 208 634 441 8 0.0573 513 198 751 440 3 0.0573 582 198 821 440 11 0.0570 315 274 573 506 6 0.0568 310 215 565 442 0 0.0564 578 137 832 370 8 0.0564 375 35 698 219 5 0.0562 509 265 747 500 11 0.0560 367 34 709 221 8 0.0559 639 196 887 431 8 0.0558 245 133 492 376 0 0.0556 371 269 633 507 13 0.0556 639 130 900 361 2 0.0554 518 204 759 439 3 0.0552 369 207 636 441 5 0.0550 240 130 500 372 8 0.0550 376 273 627 504 13 0.0550 309 210 570 446 3 0.0550 375 34 702 227 3 0.0549 516 275 753 511 11 0.0549 580 137 831 367 11 0.0547 512 273 757 497 10 0.0546 315 280 573 509 3 0.0546 641 130 892 367 11 0.0543 650 275 910 494 2 0.0542 583 142 830 368 7 0.0540 586 137 831 370 3 0.0540 318 273 568 509 8 0.0535 579 270 815 505 8 0.0534 317 339 566 570 13 0.0534 515 273 765 500 0 0.0532 371 35 711 223 11 0.0532 243 138 504 372 10 0.0532 579 136 831 373 10 0.0531 368 40 708 220 7 0.0522 251 206 498 437 0 0.0521 410 355 782 528 13 0.0521 373 274 641 507 13 0.0520 581 199 826 426 6 0.0519 375 274 636 505 0 0.0518 576 278 819 506 6 0.0515 644 131 894 362 8 0.0514 191 330 440 582 10 0.0514 365 211 642 440 7 0.0513 645 200 897 427 10 0.0513 512 200 760 441 5 0.0509 649 271 896 501 11 0.0509 559 710 816 942 0 0.0507 637 198 897 431 7 0.0505 428 338 685 565 5 0.0502 346 346 701 532
r424I1okPGQMFR5VviBuQZ9yrmHTlgG0,0 0.0586 0 406 148 779 8 0.0576 63 541 314 774 11 0.0567 0 412 146 773 6 0.0559 2 409 153 770 3 0.0550 3 412 146 780 8 0.0547 0 353 259 586 8 0.0546 1 406 142 769 5 0.0536 0 402 144 772 11 0.0531 379 406 639 636 6 0.0526 70 544 328 777 11 0.0520 0 355 269 582 3 0.0519 9 353 270 594 8 0.0516 386 400 636 640 11 0.0514 65 544 322 772 0 0.0512 382 402 643 641 7 0.0511 1 407 149 781 7 0.0509 383 404 647 638 13 0.0507 387 408 652 642 5 0.0505 59 540 315 778 11 0.0503 304 340 582 565 13 0.0502 2 407 153 779 5 0.0501 379 396 640 636
op9RHqhflY4zV83k6kVzrntfRSu8mgob,7 0.0598 518 789 750 1018 11 0.0594 512 790 744 1017 11 0.0550 376 724 617 952 7 0.0549 387 720 619 953 5 0.0526 510 787 742 1018 0 0.0516 511 788 747 1023 8 0.0512 511 790 737 1021
eODKwRUYYvuEYsEhJozRZjhxH21euaSb,11 0.0611 517 795 748 1022 0 0.0603 517 798 750 1023 7 0.0599 524 793 755 1021 0 0.0582 127 466 369 696 8 0.0572 519 795 742 1023 5 0.0554 514 792 747 1018 0 0.0551 180 588 424 828 11 0.0550 122 467 372 692 11 0.0548 173 593 427 825 2 0.0547 521 802 753 1023 13 0.0533 521 797 754 1023 7 0.0524 180 590 427 827 3 0.0523 522 796 750 1023 0 0.0522 635 782 886 1018 7 0.0517 644 774 896 1013 0 0.0513 648 412 903 661 5 0.0511 122 463 367 693 7 0.0508 130 465 376 695 6 0.0504 128 464 373 695
2bgI4aWci3LXPUyTRvbfecNhXk47PuQw,0 0.0627 393 279 645 514 5 0.0612 386 275 640 513 5 0.0608 509 275 759 503 0 0.0608 437 220 708 438 11 0.0607 386 339 645 581 8 0.0605 392 277 638 514 0 0.0600 448 342 709 579 3 0.0600 392 337 646 588 7 0.0597 395 277 650 514 11 0.0586 448 406 712 642 11 0.0584 449 284 713 507 7 0.0582 320 529 577 774 11 0.0580 379 459 627 705 5 0.0578 432 209 704 437 11 0.0577 243 529 509 773 0 0.0576 514 279 758 504 6 0.0575 322 453 565 715 11 0.0574 511 343 768 578 6 0.0571 390 334 650 582 0 0.0570 247 210 505 434 8 0.0567 383 392 632 638 11 0.0567 385 150 655 373 3 0.0566 457 401 710 653 0 0.0565 381 393 638 638 5 0.0561 378 388 633 634 6 0.0559 457 284 717 511 2 0.0559 453 292 713 512 8 0.0557 513 342 760 586 2 0.0557 383 396 642 637 7 0.0553 387 393 643 637 3 0.0553 380 211 647 445 8 0.0552 251 205 498 431 7 0.0552 452 338 715 580 6 0.0550 253 211 511 432 7 0.0550 252 207 507 433 0 0.0547 316 450 556 720 8 0.0546 442 465 690 707 5 0.0546 506 394 764 642 11 0.0544 393 26 658 261 10 0.0540 389 286 649 512 2 0.0539 321 459 561 714 5 0.0539 241 207 501 430 6 0.0538 384 210 651 439 3 0.0537 455 284 711 519 11 0.0536 247 211 509 430 0 0.0535 510 399 768 649 6 0.0532 518 344 772 582 8 0.0532 216 141 563 337 6 0.0531 251 529 512 774 5 0.0529 375 80 651 312 7 0.0529 259 600 510 843 13 0.0528 518 401 774 648 5 0.0527 312 449 554 714 8 0.0526 322 527 565 775 11 0.0526 237 796 500 1019 3 0.0526 392 81 657 324 5 0.0526 503 146 769 367 11 0.0525 504 223 770 436 11 0.0525 305 727 570 955 5 0.0523 246 524 501 774 13 0.0522 249 210 513 437 10 0.0519 448 342 712 579 0 0.0518 249 527 506 776 6 0.0517 449 146 723 374 5 0.0516 576 230 824 442 5 0.0516 310 595 571 836 3 0.0515 384 458 629 717 13 0.0514 256 531 513 777 6 0.0512 451 402 713 645 8 0.0511 507 221 761 444 12 0.0510 390 336 647 584 11 0.0510 314 601 577 835 13 0.0509 444 219 715 438 13 0.0505 389 392 646 639 3 0.0505 248 211 506 439 0 0.0503 578 233 825 446 5 0.0501 377 525 623 768 5 0.0500 205 138 568 337
pKQLBzmOxT6FFqxPIppoMwGWAhRs2Eqc,0 0.0547 439 598 685 830 13 0.0535 304 799 558 1023 11 0.0526 355 660 620 887 5 0.0524 357 654 615 891 11 0.0520 356 799 614 1019 11 0.0516 436 595 684 821 5 0.0516 289 788 548 1019 6 0.0516 364 658 624 891 8 0.0516 300 795 546 1023 0 0.0511 354 797 619 1023 7 0.0509 314 651 559 892 0 0.0506 359 657 622 897 11 0.0502 302 726 557 962
vEUPJcKlTzFLgx0VqcO2nWh7Z5UQLPJ1,8 0.0600 445 327 694 566 11 0.0599 438 326 699 565 5 0.0566 302 787 559 1020 8 0.0562 311 786 555 1022 11 0.0561 509 472 748 688 3 0.0552 449 329 702 572 11 0.0551 389 402 638 637 11 0.0551 305 799 564 1023 8 0.0546 513 470 739 692 8 0.0546 395 466 623 698 7 0.0541 310 792 571 1023 7 0.0541 443 324 704 566 6 0.0540 307 793 566 1023 13 0.0539 314 792 572 1023 0 0.0538 448 474 686 707 0 0.0538 310 792 565 1023 7 0.0529 395 462 634 697 0 0.0526 377 329 633 573 9 0.0517 303 792 567 1018 7 0.0512 517 469 750 692 5 0.0510 438 320 698 561 13 0.0506 445 328 708 566 8 0.0501 431 654 695 901
Ok3sq6JczodyhaNdLhswA9oaYD0W1Rir,8 0.0593 572 386 812 619 11 0.0584 566 389 816 614 0 0.0557 507 391 767 632 5 0.0543 628 398 892 632 7 0.0538 510 385 770 627 10 0.0534 502 393 765 630 10 0.0520 631 407 890 633 11 0.0517 688 346 955 571 13 0.0516 573 389 827 618 5 0.0514 501 385 757 626 7 0.0510 635 401 898 634 6 0.0506 640 403 897 632
dE3kb00owiNAB7mPG54ZbPBKYgN73QET,0 0.0597 377 718 630 965 0 0.0595 8 872 382 1023 8 0.0594 11 872 375 1023 7 0.0575 381 715 633 962 11 0.0570 437 717 695 948 8 0.0565 379 717 622 958 7 0.0564 439 380 702 641 11 0.0555 305 722 555 967 11 0.0545 380 646 635 881 13 0.0545 447 715 698 952 6 0.0542 380 719 632 958 7 0.0542 16 872 390 1022 11 0.0539 441 584 706 818 6 0.0537 20 875 390 1021 5 0.0535 509 312 758 572 8 0.0534 436 382 690 641 11 0.0530 368 399 644 634 13 0.0527 441 464 712 714 5 0.0526 304 713 552 966 13 0.0523 519 539 773 777 8 0.0519 376 458 630 700 5 0.0517 509 533 767 772 13 0.0513 313 721 563 972 0 0.0513 514 321 761 571 0 0.0512 386 334 651 574 9 0.0511 376 720 627 951 5 0.0510 439 707 688 948 6 0.0510 518 536 772 777 5 0.0509 2 869 375 1018 0 0.0508 511 537 772 781 7 0.0508 447 637 703 876 11 0.0507 433 463 705 709 0 0.0505 441 643 699 878 0 0.0504 379 579 636 820 3 0.0500 435 382 697 649
O163bchLH4bRWMtKmGlHsGSJ3nTVOItk,11 0.0639 445 529 709 760 5 0.0616 374 534 631 774 0 0.0575 446 532 708 763 8 0.0573 446 526 702 759 7 0.0565 450 525 713 760 5 0.0558 423 718 680 960 8 0.0556 319 676 561 915 11 0.0554 373 470 640 705 0 0.0547 432 724 685 964 7 0.0546 322 550 580 780 11 0.0541 316 554 569 783 5 0.0532 309 672 564 914 6 0.0530 451 529 714 757 11 0.0527 425 729 683 960 11 0.0526 314 684 570 915 13 0.0524 437 725 690 965 10 0.0524 448 531 710 759 8 0.0523 376 468 628 705 5 0.0522 360 401 636 637 5 0.0518 443 468 711 696 0 0.0518 316 551 574 785 7 0.0518 445 795 691 1016 3 0.0514 449 527 708 766 11 0.0513 297 411 573 648 7 0.0513 373 403 645 639 13 0.0512 450 528 715 759 5 0.0512 305 475 569 717 0 0.0510 376 471 638 710 11 0.0507 450 404 712 633 7 0.0507 316 681 573 918 8 0.0505 316 553 564 784 6 0.0503 319 551 579 784 2 0.0501 381 544 635 775
kOYa3KllF4IddfeW1HIMBEQHEtYMPzVU,8 0.0655 131 675 486 850 7 0.0651 70 678 442 856 11 0.0631 65 679 440 855 10 0.0630 64 682 439 856 0 0.0622 191 648 435 901 5 0.0619 124 673 491 850 0 0.0601 303 598 563 842 7 0.0601 310 653 572 905 11 0.0600 300 600 561 837 5 0.0583 301 649 565 904 6 0.0576 129 677 502 850 8 0.0575 303 599 552 835 0 0.0569 644 2 888 214 7 0.0560 373 593 633 832 3 0.0558 131 677 496 854 6 0.0552 308 654 575 907 5 0.0547 363 593 623 832 1 0.0544 63 677 435 856 3 0.0542 309 656 572 911 9 0.0540 123 678 500 849 11 0.0536 431 717 691 951 13 0.0528 132 676 506 851 11 0.0527 440 595 697 821 5 0.0526 639 0 889 206 8 0.0525 645 0 885 207 2 0.0525 130 680 499 853 8 0.0523 439 592 691 821 0 0.0523 441 597 701 828 0 0.0522 240 533 488 771 11 0.0521 237 532 484 767 10 0.0518 302 604 560 837 7 0.0517 244 527 490 768 5 0.0514 430 706 687 954 3 0.0512 649 0 896 215 13 0.0512 371 598 639 834 10 0.0507 645 4 893 209 2 0.0500 303 605 558 837
caWzob3uuciOzgsyIupNUiJafUkchBIL,5 0.0620 761 0 1019 207 0 0.0568 767 0 1019 209 3 0.0550 766 0 1019 210 8 0.0544 579 460 816 698 11 0.0535 575 460 824 690 8 0.0528 767 1 1013 207 10 0.0522 762 4 1019 205 13 0.0518 766 0 1023 211 11 0.0514 762 3 1019 203 8 0.0502 638 0 887 205 6 0.0502 768 0 1022 207
LTaicG9Nv0sSJ3ECKoBpBU7rDiM43T6n,10 0.0590 249 415 510 633 5 0.0583 242 402 506 637 13 0.0573 248 409 516 640 8 0.0571 245 475 502 711 11 0.0570 241 478 508 706 0 0.0568 248 406 508 635 3 0.0544 247 405 510 639 10 0.0543 251 543 514 763 0 0.0542 250 535 515 767 7 0.0539 245 404 511 638 11 0.0530 327 526 577 747 11 0.0528 102 457 370 703 8 0.0528 107 454 362 708 0 0.0526 564 291 825 526 0 0.0522 105 455 372 708 11 0.0521 269 669 629 854 5 0.0517 176 574 441 821 11 0.0516 173 583 444 822 8 0.0515 275 669 618 854 11 0.0512 566 297 830 517 6 0.0511 111 450 376 706 3 0.0510 253 537 518 769 13 0.0504 110 457 377 707 8 0.0503 571 292 815 521 5 0.0502 102 448 367 706 0 0.0501 268 670 630 859
n1BPVFrz957Hj7TLsNoGbyojav2JeaOW,5 0.0657 493 0 763 188 0 0.0646 636 394 891 635 5 0.0645 636 389 888 631 8 0.0645 389 198 636 445 2 0.0635 643 398 891 632 8 0.0630 402 352 751 538 3 0.0620 643 394 889 641 0 0.0614 448 205 695 452 5 0.0613 500 73 760 321 0 0.0612 399 358 759 540 8 0.0607 638 394 883 633 5 0.0606 635 76 885 300 11 0.0604 445 205 699 450 13 0.0602 502 0 771 189 8 0.0601 314 145 557 380 11 0.0600 639 392 889 634 8 0.0600 335 278 575 517 0 0.0597 308 147 570 383 7 0.0596 374 0 634 198 7 0.0596 505 73 769 324 13 0.0595 219 342 590 526 8 0.0595 264 215 506 452 8 0.0594 519 208 759 450 7 0.0589 405 355 762 538 0 0.0587 636 83 890 302 5 0.0587 515 206 765 451 2 0.0587 500 3 766 188 0 0.0586 564 210 826 455 8 0.0586 504 74 755 323 3 0.0585 409 354 759 543 11 0.0585 495 0 765 190 11 0.0583 189 218 455 456 5 0.0582 367 0 630 195 8 0.0579 198 508 437 765 5 0.0577 447 137 691 390 8 0.0577 345 423 685 600 11 0.0576 318 217 584 452 0 0.0574 439 74 689 318 5 0.0574 389 350 751 538 3 0.0572 441 6 697 261 7 0.0572 639 391 891 635 5 0.0571 193 506 445 763 11 0.0571 373 142 635 386 11 0.0570 509 149 768 391 11 0.0570 396 358 755 539 0 0.0569 500 2 766 189 6 0.0568 218 342 587 525 13 0.0568 570 219 829 457 6 0.0567 327 400 586 636 8 0.0567 440 4 690 253 11 0.0567 312 469 581 707 11 0.0566 208 341 580 525 5 0.0564 316 210 580 450 6 0.0564 372 83 632 326 7 0.0564 451 203 696 452 9 0.0563 498 0 766 186 7 0.0563 350 424 697 604 6 0.0562 646 395 892 636 11 0.0562 636 28 887 250 13 0.0559 265 220 528 453 2 0.0559 508 83 762 324 2 0.0559 449 213 693 454 2 0.0555 405 360 757 538 7 0.0551 644 25 895 255 10 0.0551 639 399 890 631 0 0.0551 630 542 883 775 5 0.0551 333 419 688 600 13 0.0547 376 3 640 195 3 0.0547 510 77 764 329 5 0.0546 502 774 750 1006 6 0.0546 404 353 765 537 5 0.0546 766 0 992 242 3 0.0544 457 146 694 396 6 0.0544 505 3 773 188 0 0.0544 262 219 522 456 0 0.0544 357 483 706 666 0 0.0544 201 510 451 768 8 0.0543 316 466 571 709
EIUSRGn9giGNFISyInOSmdpovkkPbNGM,11 0.0568 380 398 642 646 7 0.0563 383 398 646 653 11 0.0555 268 350 628 534 7 0.0550 277 348 629 539 8 0.0550 438 410 700 654 5 0.0546 430 403 705 649 5 0.0538 370 521 625 766 5 0.0529 269 343 618 535 11 0.0528 367 527 633 769 5 0.0528 747 0 1017 187 0 0.0525 755 0 1021 194 11 0.0523 329 602 569 839 3 0.0521 388 396 642 654 0 0.0518 256 388 506 642 7 0.0517 375 528 636 775 5 0.0517 199 406 562 599 11 0.0515 199 413 569 598 8 0.0514 755 0 1015 189 0 0.0510 437 410 704 658 11 0.0509 749 2 1020 187 3 0.0507 280 349 628 540 6 0.0506 438 409 711 656 0 0.0504 271 347 623 537
2GV5jeyJfmcB7IiH4RYQrYLoLu0TfTAt,11 0.0651 322 138 574 386 11 0.0637 435 141 704 374 8 0.0629 499 261 737 499 11 0.0626 381 263 649 491 11 0.0620 193 137 447 381 5 0.0619 433 136 696 379 13 0.0605 325 209 588 454 0 0.0603 242 197 499 440 5 0.0603 494 260 741 498 11 0.0599 208 294 579 471 0 0.0597 376 201 643 444 8 0.0594 197 138 443 387 5 0.0590 501 65 752 305 7 0.0588 566 73 808 305 3 0.0588 327 135 574 394 11 0.0586 494 528 754 757 5 0.0583 321 132 567 384 5 0.0582 562 195 815 438 3 0.0578 388 263 647 501 8 0.0578 386 265 640 494 11 0.0578 500 323 751 558 5 0.0577 241 191 495 436 0 0.0577 503 206 752 455 6 0.0575 260 128 506 378 8 0.0572 187 270 445 515 6 0.0572 391 262 653 497 13 0.0570 397 337 658 565 8 0.0570 500 134 751 373 8 0.0568 329 137 569 385 10 0.0566 256 133 503 377 11 0.0566 499 204 754 449 7 0.0565 396 332 652 569 13 0.0564 199 134 452 385 8 0.0562 563 76 795 306 13 0.0561 451 205 710 449 0 0.0560 502 332 752 561 7 0.0560 246 195 502 438 0 0.0557 564 76 805 306 6 0.0556 504 327 757 561 6 0.0556 225 294 584 474 10 0.0556 323 212 583 450 7 0.0556 378 199 645 444 8 0.0556 426 544 676 772 10 0.0554 438 143 702 378 2 0.0551 506 337 748 560 0 0.0551 187 271 446 515 3 0.0546 245 196 502 444 11 0.0543 504 75 759 302 11 0.0540 563 132 828 368 2 0.0539 327 143 570 388 2 0.0538 246 200 499 440 3 0.0538 570 76 806 309 0 0.0536 580 258 827 496 3 0.0535 503 263 743 509 13 0.0533 258 325 515 564 8 0.0533 567 195 811 440 2 0.0530 286 296 643 476 5 0.0528 249 322 507 556 6 0.0528 569 71 808 303 3 0.0527 505 135 763 377 10 0.0527 246 264 505 496 11 0.0525 362 524 613 753 2 0.0518 439 147 697 380 7 0.0517 505 325 756 561
Gbb6pz9qip7O7fLGAi6i0hlSLJza8StJ,11 0.0546 132 613 390 836 7 0.0516 136 611 387 844 8 0.0514 134 607 379 843 7 0.0507 176 400 434 644
4yaM7b3mWC0ceLolcIYjOOWjOHVqPFxe,11 0.0687 307 403 572 646 11 0.0677 441 403 700 642 11 0.0662 376 460 638 711 8 0.0661 309 329 558 572 3 0.0657 312 402 571 651 8 0.0657 513 399 765 636 5 0.0655 308 466 567 713 0 0.0647 379 462 638 714 7 0.0646 345 425 704 608 11 0.0644 380 328 638 567 5 0.0643 239 327 507 571 8 0.0641 338 426 690 608 0 0.0640 443 401 699 647 8 0.0636 452 461 699 709 0 0.0634 514 542 761 776 11 0.0631 450 538 694 777 8 0.0629 374 530 622 775 0 0.0629 128 653 392 915 11 0.0628 241 461 501 705 5 0.0625 372 389 634 638 11 0.0625 309 537 567 777 7 0.0623 299 355 646 545 11 0.0622 242 329 509 576 11 0.0616 121 609 377 838 8 0.0616 389 265 626 507 11 0.0614 515 463 769 701 0 0.0614 311 538 572 782 2 0.0613 382 466 638 715 6 0.0611 523 463 770 705 5 0.0606 362 652 629 896 5 0.0605 303 588 564 835 11 0.0605 311 263 569 500 10 0.0604 441 403 700 645 8 0.0604 64 599 318 843 0 0.0603 384 327 638 571 8 0.0603 134 654 389 915 11 0.0601 242 654 501 900 8 0.0600 304 595 564 836 8 0.0600 247 393 506 646 8 0.0599 242 266 488 513 3 0.0599 382 463 640 718 6 0.0597 304 595 570 835 13 0.0596 314 329 570 574 11 0.0596 2 535 247 764 5 0.0595 449 461 699 708 7 0.0595 249 586 501 833 0 0.0593 0 533 247 771 6 0.0592 445 403 702 647 5 0.0591 312 261 563 501 8 0.0589 1 531 240 769 7 0.0587 247 458 504 703 3 0.0587 245 334 506 581 8 0.0587 364 659 626 893 3 0.0587 314 265 564 507 10 0.0586 384 333 637 572 11 0.0585 500 341 760 567 7 0.0584 454 536 696 782 10 0.0582 379 466 637 715 0 0.0581 587 476 836 710 3 0.0581 522 464 768 708 5 0.0580 511 537 759 770 0 0.0578 310 400 572 646 7 0.0578 188 659 446 921 0 0.0577 61 598 320 846 2 0.0577 451 543 694 781 6 0.0575 381 465 641 715 6 0.0574 137 660 398 912 3 0.0570 245 462 502 712 13 0.0569 383 461 642 710 8 0.0569 129 535 374 778 2 0.0568 315 405 572 648 3 0.0568 454 538 693 784 2 0.0566 383 334 636 572 2 0.0565 316 542 572 781 6 0.0564 454 538 696 782 3 0.0564 313 541 569 786 0 0.0560 244 458 502 703 6 0.0559 254 395 517 646 0 0.0558 362 659 633 899
fdEm3QkNm6wcdohdEz4KYjyCpRfS0Vb5,0 0.0595 0 693 330 870 7 0.0593 195 569 446 807 8 0.0591 0 690 316 866 11 0.0588 489 667 747 880 7 0.0550 7 690 333 867 11 0.0549 0 694 333 864 8 0.0540 194 573 438 810 8 0.0530 494 667 736 881 6 0.0528 198 574 445 809 0 0.0525 196 574 445 810 5 0.0525 489 662 745 879 7 0.0517 500 668 750 878 5 0.0514 189 567 442 803 0 0.0514 495 668 746 883 10 0.0510 192 579 445 807 11 0.0506 192 575 447 805 6 0.0505 496 670 748 878 3 0.0502 494 666 742 887
Z8v7OAGBiDOttx30HANPdYPhXbWtdyIa,11 0.0629 551 794 810 1020 11 0.0624 302 733 565 972 11 0.0605 435 733 694 980 0 0.0602 438 727 694 987 0 0.0586 308 731 566 978 13 0.0584 309 733 573 978 8 0.0575 552 791 805 1019 7 0.0562 557 792 820 1023 5 0.0553 541 786 807 1021 0 0.0552 493 596 760 837 0 0.0546 621 784 885 1023 7 0.0539 309 730 571 980 7 0.0539 444 729 699 986 5 0.0538 385 404 642 646 8 0.0538 310 729 560 975 10 0.0536 438 733 691 982 11 0.0535 377 477 643 710 13 0.0532 556 793 820 1023 11 0.0532 490 598 756 831 13 0.0532 446 732 696 986 11 0.0531 0 685 246 904 6 0.0526 310 733 569 975 0 0.0525 0 683 244 909 8 0.0522 442 730 684 980 8 0.0520 495 594 748 832 7 0.0518 383 475 646 716 6 0.0518 443 730 695 982 11 0.0517 0 802 236 1023 0 0.0516 383 479 642 714 3 0.0513 314 732 567 982 3 0.0512 555 792 815 1023 11 0.0512 493 278 746 502 5 0.0510 431 723 685 981 5 0.0508 302 728 560 971 10 0.0505 306 736 566 971 5 0.0504 682 790 946 1022 6 0.0504 555 796 819 1021 0 0.0503 86 800 352 1023 13 0.0502 392 412 653 650 11 0.0502 689 794 953 1013
cZfcqSpEWrJGPean4MdUKgnbO8GgFvo8,5 0.0564 443 726 693 957 7 0.0547 454 730 708 962 6 0.0533 452 738 705 962 5 0.0520 624 784 869 1018 11 0.0519 763 149 1017 383 11 0.0518 447 734 700 958 8 0.0517 448 731 693 961 11 0.0517 628 787 879 1015 7 0.0508 561 738 829 970 8 0.0508 630 783 871 1019 8 0.0507 760 149 1006 389
OQ63C0n95y9JxrsbD9A9N7hhCy1kGXwk,11 0.0612 364 730 632 953 6 0.0585 436 661 703 898 11 0.0572 430 668 700 895 11 0.0569 497 735 761 967 0 0.0567 496 731 764 973 5 0.0566 571 463 838 708 11 0.0564 574 467 839 709 8 0.0558 427 722 678 963 7 0.0555 438 665 702 902 11 0.0550 429 802 698 1022 8 0.0548 384 204 705 392 0 0.0548 632 475 889 711 6 0.0546 581 465 846 709 0 0.0545 497 340 752 579 11 0.0542 500 341 758 574 7 0.0542 377 592 636 843 5 0.0539 373 148 639 372 13 0.0538 521 471 783 713 8 0.0533 578 465 834 712 7 0.0532 441 530 703 772 5 0.0532 439 14 709 251 3 0.0531 382 155 646 385 3 0.0531 437 663 697 908 6 0.0526 435 529 703 769 7 0.0524 508 335 757 580 5 0.0524 358 652 629 891 5 0.0523 491 801 762 1022 11 0.0521 442 24 705 252 0 0.0519 429 800 704 1023 0 0.0518 363 727 635 961 8 0.0517 383 94 646 321 3 0.0514 496 810 767 1023 0 0.0514 379 158 644 379 11 0.0514 383 207 718 389 5 0.0513 554 340 815 574 8 0.0513 434 532 690 766 7 0.0512 521 469 779 715 0 0.0508 517 472 775 714 8 0.0507 498 90 760 323 7 0.0504 372 797 637 1023 8 0.0503 369 798 618 1023 11 0.0500 701 538 951 772
Hen2OdD8DE2ZtRt5yvYqsMJJgQpdT0Ng,5 0.0642 313 727 571 961 7 0.0623 321 733 580 962 0 0.0615 385 733 639 963 5 0.0612 373 663 640 891 7 0.0600 318 611 586 830 0 0.0594 442 593 710 819 5 0.0589 436 588 704 814 11 0.0585 316 736 573 959 7 0.0583 383 668 647 893 6 0.0574 384 668 645 889 3 0.0571 322 735 575 965 11 0.0567 440 597 708 814 8 0.0566 321 734 569 959 5 0.0565 308 605 580 826 11 0.0564 378 671 646 888 10 0.0563 316 735 573 962 6 0.0559 322 731 578 961 7 0.0558 446 594 713 819 11 0.0546 246 388 513 626 0 0.0543 185 276 457 521 6 0.0542 444 597 713 814 3 0.0540 381 670 647 896 13 0.0538 448 597 715 817 6 0.0537 323 610 588 828 10 0.0531 377 668 642 889 8 0.0527 241 341 492 579 11 0.0521 369 526 647 753 13 0.0513 242 343 507 583 5 0.0512 364 515 641 753 12 0.0510 321 729 573 964 9 0.0507 313 733 573 956 1 0.0507 316 728 574 965 3 0.0506 445 594 711 824 11 0.0505 442 390 703 629 13 0.0505 391 735 642 957 8 0.0503 383 667 633 890 0 0.0501 317 609 584 833
L5tO7bUd3XyX9xrI7zT4Evp8AXpLAkM2,11 0.0618 492 596 761 838 8 0.0609 184 453 424 694 6 0.0571 185 456 435 695 5 0.0569 176 451 428 689 0 0.0564 496 659 752 905 5 0.0561 573 356 822 577 7 0.0560 181 453 430 694 0 0.0548 186 276 434 514 8 0.0547 491 595 754 841 13 0.0543 186 456 439 697 3 0.0542 181 457 428 697 11 0.0542 178 460 431 694 0 0.0541 178 455 430 695 5 0.0539 179 271 427 507 6 0.0537 499 660 757 902 7 0.0534 503 657 757 898 13 0.0526 495 597 769 842 0 0.0526 575 360 826 580 10 0.0525 498 662 754 900 8 0.0519 576 358 820 575 11 0.0514 180 279 436 507 8 0.0513 241 277 491 495 5 0.0508 490 592 761 841 0 0.0507 579 147 833 396 10 0.0501 182 463 432 692
SCV92BOUtUGsXnb7U7JESCk8fFWCO1pR,7 0.0590 378 464 637 707 11 0.0583 376 469 631 707 11 0.0583 322 403 577 634 8 0.0579 377 467 626 706 8 0.0564 420 663 680 893 8 0.0564 327 405 569 636 3 0.0557 329 402 575 641 5 0.0550 372 464 630 703 11 0.0549 418 666 685 888 3 0.0544 379 467 632 711 10 0.0540 376 470 632 704 5 0.0538 254 395 509 635 0 0.0538 323 402 577 641 0 0.0529 375 469 635 711 13 0.0527 377 466 639 708 7 0.0527 425 665 693 890 5 0.0522 312 188 567 429 0 0.0514 419 665 688 894 5 0.0504 417 663 680 887 10 0.0503 326 407 577 637 2 0.0502 259 403 509 634
K3BL39EQB9UPPdx07AceD5NlanQAsBqH,11 0.0603 386 204 656 438 11 0.0589 579 197 836 429 5 0.0582 495 212 761 447 5 0.0570 382 196 653 434 7 0.0566 251 794 498 1019 0 0.0563 389 205 659 440 11 0.0550 452 286 820 468 0 0.0545 311 258 575 504 11 0.0535 506 143 774 367 10 0.0534 388 206 658 437 11 0.0533 441 606 708 829 5 0.0533 304 256 571 499 11 0.0532 308 261 577 500 0 0.0531 451 286 814 472 0 0.0530 496 686 759 898 5 0.0529 240 207 500 435 11 0.0528 494 687 758 892 0 0.0528 243 796 493 1023 3 0.0525 502 277 759 520 11 0.0522 503 350 762 573 11 0.0521 570 64 835 277 13 0.0519 507 219 770 448 8 0.0517 501 215 759 450 6 0.0517 503 282 766 514 5 0.0515 491 739 741 952 0 0.0513 382 404 633 637 0 0.0512 574 130 840 366 8 0.0511 497 689 747 898 8 0.0511 388 202 653 441 0 0.0509 243 214 508 436 7 0.0509 497 685 763 894 2 0.0507 498 288 760 512 11 0.0507 385 495 766 669 8 0.0501 505 343 752 576
8V0RYnD0DGlH4izN9mWCbE4ZbkFkmpnK,8 0.0562 0 328 199 579 11 0.0557 271 21 515 248 11 0.0555 165 791 423 1009 7 0.0545 170 785 428 1010 8 0.0537 211 14 441 250 5 0.0526 0 326 194 580 6 0.0524 214 14 455 252 0 0.0521 171 784 427 1011 0 0.0516 0 339 204 581 5 0.0513 162 779 423 1005 5 0.0511 270 14 511 253 7 0.0505 281 18 518 252 7 0.0504 0 330 209 585 8 0.0503 164 788 416 1010 13 0.0503 4 332 214 580 6 0.0502 172 787 426 1011
02lnSbnT4byIfNdRjUZIt1HWrIgj4AAn,11 0.0558 545 208 818 422 0 0.0542 498 271 748 507 11 0.0541 313 732 558 960 7 0.0541 381 726 632 962 11 0.0539 321 400 572 629 3 0.0529 552 208 815 432 8 0.0521 490 207 743 430 11 0.0518 427 729 694 949 7 0.0516 308 792 563 1021 5 0.0515 542 204 812 423 0 0.0514 549 208 814 430 6 0.0512 497 214 753 427 8 0.0511 495 659 763 897 11 0.0509 486 659 771 892 11 0.0508 493 271 753 504 8 0.0507 304 790 547 1023 5 0.0503 298 786 553 1020 7 0.0501 503 269 752 506
nx291NubIUpSrU3LfaTLYqTuOZUyyusX,5 0.0630 247 271 510 516 5 0.0628 633 390 898 630 5 0.0618 328 208 583 450 0 0.0617 639 395 899 633 0 0.0612 332 272 590 513 13 0.0611 263 403 528 646 8 0.0606 637 389 890 632 11 0.0600 507 402 768 640 0 0.0597 388 397 645 647 11 0.0595 635 392 897 628 10 0.0595 320 475 580 705 2 0.0591 450 404 705 637 7 0.0582 410 427 775 607 5 0.0581 252 398 521 644 0 0.0581 264 399 523 648 6 0.0580 259 212 515 458 11 0.0579 317 136 578 372 11 0.0579 327 270 591 510 5 0.0571 506 396 762 642 13 0.0571 328 341 592 584 11 0.0570 251 207 514 454 2 0.0569 520 345 771 577 5 0.0565 380 391 644 643 0 0.0565 322 137 574 376 7 0.0563 324 468 587 714 11 0.0562 604 538 971 726 8 0.0559 508 397 761 645 11 0.0559 394 329 647 582 11 0.0558 382 464 643 708 13 0.0557 261 274 520 523 0 0.0557 508 405 764 646 11 0.0556 254 345 521 584 11 0.0556 381 715 622 955 13 0.0556 324 469 589 711 0 0.0554 427 795 691 1023 5 0.0553 488 130 753 372 0 0.0551 581 342 838 567 0 0.0550 500 525 761 780 6 0.0550 326 402 598 645 0 0.0550 760 590 1009 835 0 0.0548 455 335 707 573 8 0.0548 256 345 510 587 0 0.0547 323 467 581 713 5 0.0546 450 325 705 570 7 0.0544 258 206 516 456 7 0.0543 431 794 694 1023 0 0.0542 257 209 514 458 2 0.0542 506 461 767 704 10 0.0542 261 409 521 645 8 0.0539 499 521 754 779 6 0.0539 260 346 522 585 2 0.0538 500 221 760 441 10 0.0537 633 398 896 631 11 0.0537 423 796 683 1023 7 0.0537 263 403 524 646 13 0.0535 409 428 776 606 6 0.0534 643 395 904 633 10 0.0534 393 535 643 776 0 0.0534 380 709 623 962 5 0.0531 648 292 910 511 8 0.0529 443 456 697 709 3 0.0529 260 404 525 648 7 0.0529 324 339 591 587 3 0.0528 410 427 769 612 8 0.0528 766 585 1004 835 6 0.0528 327 136 584 376 6 0.0527 444 460 706 707 11 0.0526 761 587 1012 827 10 0.0526 385 399 645 642 0 0.0526 608 542 970 730 11 0.0525 492 137 760 371 10 0.0523 255 213 509 457 8 0.0523 455 327 702 573 8 0.0521 323 402 583 646 13 0.0521 643 394 907 634
axn4SfV5VuU7FedaCZ2AFzY4awcext7p,11 0.0604 190 411 441 649 11 0.0577 441 194 696 437 11 0.0567 185 354 566 526 8 0.0562 260 465 506 717 5 0.0561 446 530 706 777 0 0.0560 376 476 640 716 11 0.0557 120 351 377 591 11 0.0557 450 541 708 781 11 0.0555 378 478 643 709 0 0.0547 193 411 435 657 11 0.0544 253 524 510 772 0 0.0543 120 345 371 595 0 0.0542 445 194 697 444 5 0.0541 374 470 631 707 0 0.0541 445 536 708 785 0 0.0538 304 670 578 898 5 0.0535 440 185 690 435 13 0.0528 384 478 647 713 10 0.0527 383 601 637 840 0 0.0524 378 599 641 850 8 0.0524 245 345 487 584 8 0.0523 450 606 701 845 10 0.0520 378 479 639 713 0 0.0519 195 354 568 530 11 0.0518 314 593 578 837 0 0.0516 314 214 574 453 6 0.0516 454 544 713 780 5 0.0516 256 465 510 715 5 0.0515 378 596 634 838 13 0.0513 454 542 714 784 10 0.0512 448 541 706 780 10 0.0511 449 199 693 435 8 0.0510 381 475 631 708 6 0.0508 320 596 587 835 8 0.0508 127 406 370 659 3 0.0507 448 195 693 442 10 0.0507 254 527 506 776 8 0.0504 451 190 685 437 13 0.0504 322 597 586 838
ScuOCDLi52JzhmpTukkFO9gzOYRR7TJx,11 0.0625 574 402 829 630 0 0.0605 655 497 896 723 11 0.0593 655 497 894 712 0 0.0571 573 402 832 636 8 0.0569 659 497 888 717 13 0.0568 661 499 899 719 6 0.0561 581 344 832 579 11 0.0560 239 372 490 618 6 0.0554 659 498 897 717 8 0.0553 578 398 827 634 3 0.0553 580 399 830 641 5 0.0552 571 395 827 632 0 0.0552 342 418 712 609 8 0.0550 350 417 700 605 11 0.0547 559 278 828 511 3 0.0547 352 419 717 610 7 0.0544 349 418 719 606 5 0.0543 652 495 891 716 13 0.0540 579 402 835 635 0 0.0528 377 468 645 704 10 0.0526 414 416 771 601 11 0.0519 418 357 781 538 0 0.0518 418 354 782 541 7 0.0514 579 400 835 635 8 0.0514 248 370 486 619 13 0.0510 321 387 581 628 8 0.0507 558 275 817 513 13 0.0507 424 355 784 539 7 0.0504 656 496 894 719 11 0.0503 373 469 641 701 5 0.0501 371 456 642 701 3 0.0501 567 277 826 521
e7sW0kIxm0vNVVWat2qSiSQa5niIxhSp,0 0.0657 427 608 693 853 11 0.0656 370 598 621 841 11 0.0643 312 412 572 654 11 0.0642 181 530 437 776 7 0.0634 184 526 439 780 5 0.0630 313 407 567 656 8 0.0623 376 595 621 843 11 0.0617 491 612 754 835 0 0.0612 122 599 384 847 11 0.0611 123 596 386 846 8 0.0608 183 525 432 775 8 0.0608 315 409 565 655 5 0.0603 182 523 435 776 0 0.0600 314 410 571 660 8 0.0599 125 594 379 847 5 0.0599 372 594 622 841 13 0.0599 256 402 512 647 3 0.0599 255 403 510 648 0 0.0593 181 526 435 778 7 0.0592 253 401 509 644 6 0.0590 317 411 575 658 6 0.0586 185 525 438 779 13 0.0584 188 530 443 781 5 0.0576 491 609 754 839 13 0.0571 377 597 629 844 3 0.0569 376 598 625 845 10 0.0568 253 404 509 641 6 0.0568 373 596 626 841 8 0.0566 499 609 751 839 3 0.0565 185 530 439 782 5 0.0564 124 592 381 844 10 0.0562 372 600 622 840 7 0.0557 376 595 627 842 1 0.0555 372 590 625 844 13 0.0551 129 598 394 852 9 0.0550 314 414 571 653 6 0.0549 129 596 386 849 10 0.0549 183 529 438 776 2 0.0547 306 344 562 581 12 0.0544 256 402 508 645 2 0.0535 184 529 438 779 0 0.0535 564 613 826 844 1 0.0534 251 398 507 644 2 0.0533 375 599 626 842 4 0.0525 318 412 575 658 10 0.0525 125 597 383 848 4 0.0519 376 599 628 843 12 0.0514 377 599 624 845 1 0.0509 182 524 437 778 9 0.0508 372 595 623 840 3 0.0508 130 598 385 854 2 0.0508 125 600 384 851 9 0.0507 183 529 438 776 1 0.0504 490 604 757 839
ydx5YDORH3ebOjBwU6umOfT7S1qkWJQG,5 0.0608 241 332 500 572 0 0.0590 186 273 426 512 5 0.0579 304 268 561 503 11 0.0577 611 276 788 639 5 0.0574 315 400 571 640 8 0.0573 249 340 494 574 7 0.0573 251 337 503 576 11 0.0573 651 472 891 713 5 0.0572 178 268 420 508 6 0.0572 318 344 579 586 8 0.0568 612 271 782 640 11 0.0567 181 338 435 579 5 0.0566 304 517 560 761 7 0.0564 616 270 787 640 5 0.0563 430 502 689 758 0 0.0562 250 339 501 574 0 0.0560 614 273 785 645 11 0.0556 319 407 577 636 8 0.0555 644 338 892 579 8 0.0554 323 408 569 640 11 0.0551 642 342 902 575 6 0.0546 614 269 786 645 11 0.0542 309 520 566 756 5 0.0540 567 267 824 506 11 0.0540 241 274 489 499 7 0.0539 656 469 892 718 0 0.0537 644 341 901 580 5 0.0536 379 332 631 577 5 0.0536 363 642 633 899 8 0.0534 388 333 629 579 0 0.0534 300 560 568 818 0 0.0533 309 272 567 509 13 0.0532 615 274 788 644 3 0.0531 248 341 502 583 13 0.0529 250 339 507 576 8 0.0527 309 523 560 761 8 0.0527 313 271 561 506 7 0.0525 311 273 570 508 7 0.0524 188 271 429 511 6 0.0523 453 388 701 632 8 0.0521 97 715 348 962 7 0.0521 436 510 697 761 13 0.0518 312 275 572 507 10 0.0516 180 346 434 579 13 0.0516 321 406 584 645 0 0.0515 322 404 577 642 6 0.0515 188 335 438 582 6 0.0515 645 401 890 652 3 0.0514 392 277 641 521 13 0.0514 309 565 573 815 11 0.0513 386 213 636 444 5 0.0513 642 399 884 650 3 0.0509 617 276 786 649 11 0.0508 447 334 697 574 0 0.0507 390 335 632 585 10 0.0506 315 352 577 581 7 0.0502 451 328 704 577 6 0.0500 309 468 568 692
Z7jJHHbkQCcHQ80HbMysrK89wi3pEcZN,8 0.0630 580 383 815 631 11 0.0614 500 384 751 635 0 0.0606 504 384 752 638 0 0.0604 567 271 819 520 8 0.0602 570 272 813 518 6 0.0601 506 382 752 635 8 0.0599 438 194 684 444 7 0.0594 508 382 752 637 5 0.0586 572 378 818 632 5 0.0583 558 129 835 384 3 0.0583 582 385 821 638 0 0.0582 440 196 694 450 8 0.0580 502 138 750 376 5 0.0575 563 268 816 518 8 0.0575 432 392 676 631 13 0.0575 500 512 772 762 11 0.0573 576 329 814 572 11 0.0569 493 511 767 761 2 0.0567 577 387 820 634 7 0.0564 570 270 821 519 0 0.0560 432 463 698 708 8 0.0558 501 509 757 758 3 0.0557 569 273 821 522 6 0.0553 570 272 825 519 11 0.0550 440 196 695 447 0 0.0550 620 204 894 439 13 0.0549 581 388 820 631 5 0.0548 490 501 760 760 7 0.0547 510 196 758 446 7 0.0547 504 510 769 762 0 0.0546 502 140 763 382 13 0.0543 570 276 821 519 11 0.0539 504 139 764 375 11 0.0536 370 476 644 708 13 0.0531 510 203 762 445 3 0.0529 433 391 685 640 5 0.0529 425 386 685 636 0 0.0529 368 98 638 339 0 0.0527 687 284 938 507 0 0.0527 655 390 907 632 6 0.0526 433 463 702 704 8 0.0525 652 516 896 759 1 0.0524 571 324 812 574 2 0.0520 504 147 760 379 6 0.0518 446 200 697 447 3 0.0516 511 138 760 384 2 0.0516 428 399 684 633 5 0.0512 502 194 754 444 8 0.0512 626 204 885 438 9 0.0512 566 276 822 516 2 0.0511 569 277 819 516 0 0.0510 322 205 580 451 11 0.0510 559 205 827 448 5 0.0508 641 510 895 762 11 0.0508 262 415 620 597 8 0.0508 322 207 566 445 13 0.0508 376 100 649 334 9 0.0506 454 425 822 603 3 0.0505 504 509 761 768 7 0.0504 374 97 639 337 0 0.0504 649 523 906 761 13 0.0502 565 137 841 382 7 0.0502 565 129 844 383 10 0.0502 569 277 820 521 3 0.0501 448 197 692 453
vJOTNSAMjEeWbiCtVql8WE3F9Zg8jiSe,8 0.0663 186 718 422 962 8 0.0649 125 790 361 1023 7 0.0590 262 717 508 962 0 0.0581 187 714 432 967 10 0.0575 184 719 430 959 11 0.0574 7 672 258 889 5 0.0571 187 718 427 962 0 0.0564 125 793 372 1023 13 0.0559 124 794 376 1021 11 0.0559 122 794 368 1018 11 0.0556 254 721 506 958 10 0.0547 14 669 255 896 8 0.0545 13 669 249 895 10 0.0537 121 799 368 1020 7 0.0535 129 792 371 1020 6 0.0533 261 722 510 962 5 0.0531 119 791 365 1019 0 0.0529 2 672 258 900 8 0.0528 118 663 363 896 13 0.0526 261 721 512 965 11 0.0522 688 823 953 1020 7 0.0504 129 658 378 895 8 0.0504 691 822 941 1023 6 0.0501 129 799 373 1023
uI67Ylq5qI2dZOZjS3ZoMkeYW8Brc5l5,8 0.0645 200 788 435 1021 5 0.0595 195 789 439 1019 7 0.0588 201 790 444 1022 10 0.0582 200 795 442 1022 11 0.0576 197 790 440 1020 0 0.0574 323 156 582 391 7 0.0561 325 280 569 503 11 0.0559 315 221 571 453 0 0.0554 322 280 566 507 11 0.0549 265 421 641 598 11 0.0548 383 142 649 376 0 0.0545 442 142 701 379 0 0.0534 200 790 443 1023 3 0.0523 202 787 441 1023 13 0.0522 388 140 653 377 5 0.0519 312 217 567 450 8 0.0519 316 220 559 454 6 0.0515 204 795 444 1021 3 0.0514 321 224 568 457 5 0.0511 378 138 636 376 11 0.0510 246 280 501 508 11 0.0508 239 451 488 675 8 0.0507 252 276 490 509 11 0.0507 443 217 701 451 0 0.0506 272 420 641 600 13 0.0503 215 417 576 596
soy6BLSeBDEO2kntUozz10s9qFf61qDe,8 0.0630 114 395 372 655 0 0.0616 116 280 379 533 0 0.0608 184 381 440 637 11 0.0598 115 407 382 651 5 0.0596 187 325 448 568 8 0.0591 196 326 438 570 3 0.0589 186 388 442 640 5 0.0570 107 401 381 650 6 0.0570 119 403 386 655 7 0.0568 187 382 444 638 0 0.0566 324 146 567 382 11 0.0563 192 331 451 570 13 0.0563 179 446 440 691 11 0.0551 383 140 644 375 6 0.0548 198 329 452 572 7 0.0544 125 282 384 530 10 0.0537 235 455 489 703 8 0.0509 382 138 632 376 5 0.0508 192 201 433 443 0 0.0503 193 207 436 448 2 0.0503 193 336 444 569
YGL2Zti4g4MAP8S95vTiQay2cGHAyTfg,11 0.0574 499 348 772 576 11 0.0571 568 608 813 849 8 0.0563 366 720 620 962 0 0.0563 573 358 843 586 0 0.0553 361 722 627 966 13 0.0550 571 606 821 850 0 0.0549 567 609 814 855 8 0.0548 119 400 371 646 0 0.0547 572 469 839 702 11 0.0543 253 417 613 599 7 0.0543 512 345 778 581 11 0.0534 365 727 621 964 8 0.0533 272 417 598 599 11 0.0531 110 405 384 639 11 0.0524 573 411 840 644 5 0.0523 112 403 374 643 6 0.0520 573 607 819 851 6 0.0520 510 348 776 579 5 0.0516 258 411 609 601 7 0.0516 381 346 637 578 3 0.0515 384 348 633 584 8 0.0513 506 349 767 579 8 0.0512 567 604 805 853 7 0.0509 574 606 817 857 3 0.0507 510 348 767 587 5 0.0505 431 348 693 573 0 0.0504 119 407 377 649 5 0.0501 359 720 618 961
zsSOkUPfW0c9TGLABcIiYAIf48WADDeI,0 0.0616 379 466 633 716 11 0.0601 499 456 753 702 0 0.0600 502 457 752 707 7 0.0595 504 455 753 707 11 0.0591 304 794 567 1018 0 0.0586 302 792 565 1023 5 0.0578 358 793 609 1011 8 0.0577 451 394 688 644 11 0.0571 314 666 585 897 5 0.0571 498 453 747 704 11 0.0568 251 734 501 961 11 0.0565 380 468 636 710 7 0.0558 364 794 616 1016 8 0.0556 381 467 627 711 13 0.0554 309 797 574 1023 11 0.0553 325 400 579 645 11 0.0552 372 741 642 960 8 0.0545 244 793 493 1023 10 0.0543 304 795 566 1022 11 0.0541 174 798 430 1018 7 0.0539 171 610 519 794 13 0.0539 507 458 758 705 0 0.0538 259 460 508 708 5 0.0537 238 793 496 1020 2 0.0537 504 460 756 709 8 0.0536 144 676 495 851 10 0.0535 499 457 746 706 7 0.0531 245 796 504 1023 0 0.0530 314 662 580 903 0 0.0529 169 612 520 799 6 0.0526 505 458 758 705 6 0.0523 248 796 500 1020 7 0.0520 382 467 638 716 7 0.0519 328 398 579 649 8 0.0510 325 398 567 646 6 0.0510 381 468 638 714 3 0.0508 308 794 570 1023 8 0.0507 457 274 709 509 5 0.0506 375 463 630 712 13 0.0506 383 467 638 711 13 0.0504 327 329 595 579 2 0.0502 305 796 569 1023 5 0.0501 308 660 577 898 11 0.0501 457 279 721 503
leylZKdCbHINq0VSre1f6i1PlKWq3iag,8 0.0623 379 395 626 633 0 0.0598 376 393 637 636 0 0.0586 681 670 957 921 3 0.0579 448 407 698 642 11 0.0573 506 466 765 697 13 0.0571 378 396 641 636 6 0.0569 447 465 709 702 8 0.0564 445 467 694 703 7 0.0562 378 393 638 633 11 0.0561 373 396 636 632 6 0.0559 380 395 638 632 7 0.0546 511 460 771 698 10 0.0540 507 402 756 638 3 0.0538 374 459 632 706 6 0.0537 509 403 758 636 5 0.0536 372 392 631 631 13 0.0534 446 468 708 701 0 0.0531 442 466 700 705 8 0.0529 504 401 746 639 10 0.0516 442 468 704 702 3 0.0515 382 342 635 578 7 0.0512 446 520 706 753 13 0.0511 508 401 761 636 8 0.0509 684 676 943 921 5 0.0508 501 399 752 635 0 0.0507 507 405 750 637 0 0.0506 630 541 892 777 2 0.0502 380 400 634 633
xLb8o8KmOrTplk0kjwdnerXo96DU48Wl,8 0.0615 433 19 697 244 5 0.0602 433 12 701 241 11 0.0599 436 93 691 321 0 0.0593 430 93 688 326 11 0.0591 702 214 937 431 10 0.0591 433 96 691 327 7 0.0560 436 92 689 324 0 0.0559 700 208 933 437 8 0.0541 361 147 624 379 6 0.0537 439 93 689 322 2 0.0534 437 96 689 322 8 0.0523 705 209 929 433 3 0.0518 439 93 691 330 6 0.0517 708 210 938 429 13 0.0517 368 82 639 316 9 0.0513 433 91 691 321 0 0.0506 356 150 630 386 5 0.0505 693 206 931 430 5 0.0505 298 6 576 241 0 0.0504 503 0 783 194 10 0.0504 303 22 579 244 3 0.0504 704 209 936 438 1 0.0503 430 88 690 325 10 0.0500 507 10 780 188
mX0pgSoIkETI2FbtuA4GnfdAVkHSeAUg,11 0.0590 374 670 641 891 11 0.0560 299 802 573 1015 11 0.0551 176 399 455 634 11 0.0540 435 733 697 957 10 0.0533 170 278 440 502 8 0.0523 382 666 626 892 11 0.0511 165 275 443 503 6 0.0510 184 398 459 635 8 0.0506 245 136 500 373 0 0.0502 240 134 511 378
IJ1DJslhiL48dKMDTs4VpUry0O0Gul0a,5 0.0611 437 258 687 507 11 0.0606 507 152 761 386 5 0.0601 450 0 699 214 3 0.0600 513 148 759 394 3 0.0583 443 259 690 514 0 0.0565 508 151 760 388 8 0.0564 509 149 751 389 8 0.0563 441 260 683 505 8 0.0562 452 40 700 250 0 0.0559 582 278 824 521 7 0.0557 442 260 693 510 13 0.0555 446 263 698 510 6 0.0552 443 263 695 506 7 0.0551 451 32 714 256 11 0.0549 571 214 815 454 5 0.0547 370 334 623 573 0 0.0545 440 262 690 509 8 0.0543 496 606 763 832 11 0.0538 437 266 694 508 10 0.0534 440 265 694 507 5 0.0531 571 518 825 765 0 0.0529 500 2 766 214 6 0.0526 450 40 714 255 8 0.0526 344 363 679 554 2 0.0521 508 154 757 387 0 0.0520 335 363 691 561 11 0.0519 495 607 778 831 8 0.0517 577 525 814 761 0 0.0513 577 524 825 766 3 0.0511 453 39 708 260 5 0.0510 578 270 815 519 6 0.0510 380 86 644 309 8 0.0509 576 209 807 456 7 0.0508 381 337 629 578 5 0.0508 496 598 773 832 3 0.0507 380 337 625 585 9 0.0506 438 261 691 504 3 0.0506 580 213 815 461 0 0.0504 501 603 774 838 10 0.0503 456 4 707 222 5 0.0502 554 90 803 327 13 0.0500 348 362 701 560
jb5rhY39XYQlKWZuOEyuvaj7KwYYXHAA,5 0.0590 170 317 446 562 8 0.0583 319 449 565 698 0 0.0583 317 449 570 700 3 0.0577 586 331 845 569 5 0.0575 576 320 837 563 8 0.0569 511 331 768 573 5 0.0567 563 199 829 438 11 0.0566 509 335 775 569 6 0.0563 583 282 838 511 8 0.0552 578 282 826 509 6 0.0549 182 330 455 571 7 0.0548 516 335 778 570 6 0.0542 322 453 575 697 5 0.0541 504 275 756 508 0 0.0540 508 283 758 513 7 0.0539 318 449 574 698 0 0.0539 379 520 636 762 8 0.0538 505 209 747 446 8 0.0536 179 325 438 572 0 0.0536 178 327 451 571 13 0.0535 310 523 575 770 7 0.0535 381 517 641 762 11 0.0534 575 283 837 505 7 0.0532 177 317 449 568 0 0.0531 580 329 844 567 6 0.0529 383 523 641 759 8 0.0525 383 518 627 764 3 0.0522 512 282 761 521 6 0.0520 516 338 782 572 11 0.0518 437 784 701 1016 11 0.0518 313 452 571 696 11 0.0513 391 23 662 247 3 0.0512 572 207 838 449 11 0.0510 381 658 644 900 11 0.0508 503 215 757 441 5 0.0507 378 451 630 689 2 0.0505 512 341 777 573 7 0.0505 446 777 713 1019 10 0.0505 511 338 776 574 13 0.0503 385 457 641 691 10 0.0502 318 456 573 696 13 0.0502 517 334 782 572 0 0.0500 382 658 652 906 9 0.0500 508 334 774 568
aZ5cFjaWuGbLDP09yLx0iWEyKjYcWMvz,7 0.0626 429 788 697 1022 5 0.0617 484 800 753 1019 0 0.0610 491 803 761 1023 11 0.0566 479 746 759 979 8 0.0564 432 789 687 1019 5 0.0560 427 723 692 955 0 0.0557 546 679 837 913 13 0.0553 432 791 702 1023 0 0.0553 374 725 648 963 11 0.0551 397 671 759 855 11 0.0542 547 607 824 838 6 0.0541 443 667 709 896 11 0.0538 0 798 247 1017 10 0.0537 372 789 639 1017 5 0.0537 551 600 822 837 7 0.0536 497 607 764 834 11 0.0536 545 822 823 1021 6 0.0535 431 791 694 1020 6 0.0533 1 796 253 1014 8 0.0532 498 673 762 912 0 0.0529 437 664 710 897 3 0.0529 498 802 760 1023 11 0.0528 371 728 647 958 8 0.0527 554 607 819 843 13 0.0526 311 803 580 1023 2 0.0514 493 806 763 1022 3 0.0511 381 790 644 1023 13 0.0509 406 673 764 861 8 0.0509 550 819 819 1023 13 0.0508 554 816 837 1023 10 0.0505 437 665 706 892 8 0.0502 0 792 239 1018
Zqz2AsfJI8jFVWiCzbEN8zj40eLS6fcu,11 0.0641 314 403 574 627 11 0.0635 123 533 370 758 5 0.0631 241 389 503 623 5 0.0611 258 525 516 763 0 0.0606 261 531 519 769 3 0.0606 384 408 639 633 6 0.0600 318 400 579 633 5 0.0594 375 402 632 624 7 0.0594 248 389 503 627 5 0.0591 365 789 617 1018 3 0.0589 264 455 517 692 7 0.0588 385 405 641 628 0 0.0584 378 408 634 629 11 0.0582 637 533 890 774 5 0.0579 328 464 584 705 7 0.0577 307 788 570 1012 11 0.0575 346 556 715 740 8 0.0573 396 524 651 759 8 0.0573 305 789 560 1015 12 0.0571 321 401 574 633 0 0.0570 371 794 625 1023 13 0.0570 386 408 640 625 3 0.0568 401 520 658 765 5 0.0568 443 619 816 804 11 0.0567 698 469 951 705 7 0.0567 264 526 520 767 13 0.0563 268 527 526 770 0 0.0562 346 555 715 743 11 0.0561 303 793 563 1007 11 0.0561 130 422 505 601 8 0.0558 127 531 362 761 11 0.0558 257 531 519 766 8 0.0556 705 462 938 704 0 0.0552 126 536 370 760 13 0.0551 251 393 511 629 5 0.0549 701 461 943 704 10 0.0549 315 405 574 631 7 0.0549 336 465 591 706 8 0.0547 463 620 811 806 8 0.0546 381 407 633 628 7 0.0545 350 555 725 740 6 0.0544 371 793 626 1019 8 0.0543 247 392 499 627 8 0.0539 640 526 877 774 0 0.0537 133 418 504 607 13 0.0536 49 533 318 768 13 0.0535 399 525 659 759 7 0.0534 458 620 829 805 7 0.0531 130 529 374 759 6 0.0530 129 533 377 759 3 0.0526 127 533 368 767 8 0.0525 334 467 582 705 0 0.0524 704 465 945 703 7 0.0524 704 464 947 707 6 0.0523 774 397 1023 635 5 0.0522 764 393 1016 636 5 0.0522 123 530 369 760 6 0.0521 708 463 949 706 10 0.0519 337 540 604 772 13 0.0519 707 467 952 708 8 0.0516 264 528 512 767 0 0.0513 640 528 886 775 3 0.0512 372 795 623 1023 13 0.0510 122 468 378 707 2 0.0509 262 534 520 768 2 0.0509 395 528 656 761 2 0.0509 458 624 828 807 13 0.0508 375 793 629 1021 13 0.0505 771 399 1023 643 6 0.0503 643 523 890 776 10 0.0502 123 537 371 761 3 0.0501 463 618 823 812 3 0.0501 135 422 500 610
eSrM9hgtT9Z2zt8RqaAPQRLEZKP1NBE2,11 0.0557 316 399 581 635 3 0.0552 322 397 584 643 5 0.0547 0 28 236 255 0 0.0535 0 36 235 261 11 0.0520 0 35 238 259 5 0.0511 313 393 577 635 6 0.0511 325 396 584 636 0 0.0509 313 394 583 640 8 0.0508 0 31 228 259 11 0.0504 759 4 1018 202 13 0.0503 2 32 247 257
Mbn1HLuQQoVoFm0lfdkTc8c6p2KRLYwR,0 0.0606 312 658 569 893 7 0.0596 315 657 570 889 0 0.0587 517 1 875 150 11 0.0585 307 660 569 888 13 0.0579 524 0 883 150 8 0.0576 310 659 557 888 5 0.0560 509 0 868 148 6 0.0559 521 1 880 148 11 0.0558 522 1 874 148 7 0.0554 317 515 579 750 8 0.0540 517 0 863 149 5 0.0531 245 649 496 891 10 0.0525 249 658 503 893 3 0.0523 519 1 878 152 13 0.0519 316 659 576 890 2 0.0518 520 2 879 151 10 0.0516 516 5 875 150 3 0.0515 315 658 571 899 0 0.0514 317 527 579 752 8 0.0512 771 77 1010 318 0 0.0506 765 351 1023 596 5 0.0504 760 344 1019 587 6 0.0504 769 350 1023 589 11 0.0503 766 78 1023 317 11 0.0500 311 523 576 743 9 0.0500 514 1 878 145
XqSv8OBcyYgz0NxDK9EkBdiNd1hDjhTV,8 0.0625 382 334 629 570 0 0.0604 378 328 636 574 13 0.0600 428 397 697 642 6 0.0598 381 332 638 573 5 0.0595 317 411 686 599 3 0.0592 429 392 695 641 0 0.0580 301 400 556 639 11 0.0579 375 336 636 571 8 0.0575 304 402 548 633 3 0.0574 514 272 763 513 5 0.0571 506 267 758 507 7 0.0568 513 267 765 508 0 0.0567 511 270 760 506 7 0.0567 381 332 638 573 11 0.0564 508 273 765 501 11 0.0563 307 605 573 839 6 0.0561 373 447 631 696 7 0.0556 306 398 558 641 6 0.0555 304 400 557 641 8 0.0552 508 270 756 507 10 0.0550 318 416 695 602 12 0.0548 426 391 694 641 5 0.0547 362 519 634 779 13 0.0543 436 530 711 772 13 0.0543 494 0 774 214 5 0.0542 296 443 557 695 9 0.0539 420 393 689 635 8 0.0537 375 454 618 692 6 0.0537 436 524 705 768 7 0.0535 377 529 645 778 5 0.0532 307 592 570 845 1 0.0532 319 411 686 603 3 0.0530 496 0 761 220 0 0.0530 379 603 648 863 6 0.0530 514 268 766 505 0 0.0528 428 525 701 779 2 0.0526 380 337 630 573 13 0.0523 513 273 768 507 11 0.0522 296 404 557 638 6 0.0519 315 530 573 774 9 0.0517 507 271 764 503 11 0.0517 371 532 640 775 11 0.0514 491 1 764 211 7 0.0513 313 599 576 840 8 0.0513 246 457 478 689 6 0.0512 297 687 566 908 13 0.0512 305 405 559 642 6 0.0512 255 590 499 836 13 0.0506 312 534 580 779 8 0.0502 492 0 753 217 8 0.0501 314 603 560 836
GqSNFFlgCnMjcMcT6VcBODoIfQ6TuYfR,0 0.0656 82 614 436 792 8 0.0633 85 613 422 789 7 0.0611 89 607 441 788 11 0.0611 81 614 436 786 5 0.0596 78 609 427 788 10 0.0573 79 617 433 788 6 0.0549 89 613 439 788 3 0.0548 92 614 429 790 2 0.0510 84 617 432 789 7 0.0503 512 594 760 830
eBIkmUIua7iZX2OBOUxX8L5rENjc4YUI,11 0.0589 248 599 510 827 5 0.0586 244 652 500 886 7 0.0563 177 657 445 889 3 0.0551 253 597 507 837 7 0.0547 130 590 381 823 0 0.0545 251 591 509 834 11 0.0542 313 655 570 890 0 0.0542 171 794 431 1023 8 0.0540 243 784 482 1022 7 0.0539 255 596 511 830 8 0.0535 124 587 371 824 13 0.0535 256 597 513 836 0 0.0535 319 653 574 893 11 0.0533 234 722 499 946 11 0.0532 379 716 631 954 5 0.0532 175 584 433 820 7 0.0531 244 785 494 1023 8 0.0528 321 650 565 894 6 0.0526 256 594 513 830 0 0.0525 373 465 628 710 7 0.0518 321 655 575 893 11 0.0516 120 593 384 817 0 0.0513 237 717 500 950 8 0.0512 253 593 502 833 11 0.0510 373 468 629 704 6 0.0509 177 656 446 890 11 0.0509 175 795 436 1023 11 0.0507 314 338 569 574 8 0.0507 388 714 620 956 8 0.0504 380 466 621 709 3 0.0502 320 654 574 898 0 0.0502 123 591 378 827 13 0.0501 177 661 449 894 0 0.0500 310 401 562 645
oWEHIZVpxQGuXsrypATdbKHfH0sKhJGW,11 0.0576 243 215 511 448 0 0.0561 248 212 503 447 5 0.0560 680 106 928 322 13 0.0544 251 212 516 449 0 0.0534 679 107 925 326 5 0.0527 239 209 508 450 0 0.0509 105 214 407 465 13 0.0509 688 111 933 329 13 0.0507 167 275 450 506 8 0.0502 681 108 918 326 11 0.0500 162 277 446 503
FbRj4drpQ3dE6BZaLgGo8UYTFOkCLXam,5 0.0626 379 258 636 506 5 0.0610 503 315 760 571 8 0.0609 509 318 759 570 5 0.0604 634 445 893 687 0 0.0602 641 528 884 764 6 0.0597 646 445 901 685 8 0.0595 383 263 635 505 7 0.0594 387 264 645 509 0 0.0594 505 322 763 572 11 0.0589 704 519 959 753 11 0.0585 637 451 899 684 7 0.0585 509 321 766 574 3 0.0583 510 321 765 576 13 0.0582 643 448 905 687 3 0.0576 577 525 828 770 0 0.0576 265 295 637 485 8 0.0573 575 522 824 763 0 0.0569 564 455 825 697 0 0.0568 563 595 816 826 7 0.0566 570 453 830 697 11 0.0565 572 525 828 763 13 0.0564 507 322 770 572 6 0.0563 511 320 770 571 11 0.0556 634 593 874 829 7 0.0555 643 524 888 763 6 0.0555 568 594 818 823 3 0.0548 642 448 897 689 5 0.0548 558 587 811 821 8 0.0546 464 148 689 382 11 0.0546 504 323 764 570 7 0.0544 566 588 819 824 0 0.0544 749 522 999 754 3 0.0540 385 267 640 513 0 0.0539 708 448 949 686 10 0.0537 507 325 766 573 5 0.0537 743 514 996 751 8 0.0536 631 591 871 830 8 0.0536 643 443 891 685 0 0.0536 705 591 946 842 10 0.0535 465 156 701 382 3 0.0534 514 450 775 702 2 0.0534 564 596 816 822 8 0.0533 506 448 768 695 8 0.0532 495 582 749 814 13 0.0531 511 448 779 697 5 0.0531 500 442 770 693 10 0.0530 384 269 642 509 7 0.0528 468 149 701 383 6 0.0528 386 263 642 508 11 0.0526 381 267 645 506 11 0.0525 463 155 700 381 2 0.0524 568 457 828 693 6 0.0523 511 445 779 695 0 0.0522 383 134 622 379 9 0.0521 565 455 831 690 13 0.0519 568 590 823 822 11 0.0519 492 584 759 814 11 0.0517 758 461 1022 680 3 0.0517 503 583 756 821 12 0.0516 642 527 887 764 9 0.0515 504 323 766 565 13 0.0514 375 202 628 449 6 0.0511 393 138 623 374 5 0.0510 302 180 549 428 1 0.0510 501 319 762 573 2 0.0509 508 323 761 573 2 0.0509 643 531 889 760 6 0.0506 439 579 707 823 5 0.0505 458 143 691 380 7 0.0505 438 580 707 826 3 0.0505 710 516 951 759 8 0.0505 352 723 603 956 10 0.0503 638 531 886 758
wi9mBsJ0I5jBHstqmKHLRBmcvUOCLg9S,11 0.0599 314 459 573 701 5 0.0585 389 325 650 550 7 0.0561 329 327 588 569 8 0.0555 396 327 650 558 5 0.0549 310 392 565 638 8 0.0546 320 455 564 704 0 0.0545 319 460 576 705 3 0.0543 400 327 654 561 11 0.0540 395 332 655 554 0 0.0529 400 329 658 557 8 0.0524 707 782 957 1013 2 0.0516 316 401 573 640 13 0.0516 328 333 597 572 5 0.0516 383 459 641 690 0 0.0511 706 780 957 1018 2 0.0510 402 337 653 556 3 0.0509 318 394 572 649 11 0.0505 707 782 964 1008 13 0.0504 187 322 462 567 7 0.0502 192 317 458 562
jLP0Gof1Aop9X469rMOMj5g8wL7S350p,8 0.0610 437 794 676 1022 5 0.0609 429 792 680 1022 8 0.0608 317 680 671 864 6 0.0593 403 676 760 862 7 0.0592 437 796 690 1023 7 0.0590 314 729 571 977 0 0.0588 432 796 685 1023 11 0.0587 319 681 684 862 0 0.0582 402 675 757 861 5 0.0575 367 657 634 900 13 0.0574 403 676 763 862 11 0.0572 364 802 614 1020 11 0.0572 382 521 645 756 5 0.0571 308 722 562 973 5 0.0568 551 732 812 949 7 0.0566 403 674 764 863 0 0.0565 560 737 814 957 3 0.0565 437 799 683 1023 8 0.0564 263 613 617 799 0 0.0563 385 517 645 760 5 0.0557 475 660 826 856 9 0.0557 396 676 761 859 3 0.0556 321 682 679 869 8 0.0554 384 517 640 759 13 0.0554 439 797 687 1023 8 0.0553 477 665 820 858 13 0.0553 387 519 651 759 5 0.0551 258 609 622 798 11 0.0543 262 614 629 796 11 0.0543 474 665 835 854 6 0.0536 375 733 631 976 10 0.0536 396 677 760 861 9 0.0536 434 799 685 1020 8 0.0532 309 730 560 973 5 0.0531 381 515 643 758 6 0.0531 386 518 647 760 2 0.0529 437 800 685 1023 7 0.0526 391 516 649 760 10 0.0525 364 801 616 1022 11 0.0524 554 739 815 950 8 0.0523 655 0 1006 159 2 0.0520 400 679 759 862 10 0.0512 262 618 625 799 0 0.0511 644 0 1020 158 7 0.0508 560 742 818 954 7 0.0507 275 613 633 799 8 0.0505 555 737 804 954 0 0.0504 267 611 628 802 3 0.0504 387 519 646 764 12 0.0500 372 662 636 903
E1OE7FjcqOYQXjpiPrRKbBarNT2JjNIp,0 0.0623 439 71 694 314 11 0.0593 437 139 693 379 8 0.0588 444 75 693 312 11 0.0582 440 328 704 570 5 0.0572 433 128 685 383 7 0.0572 448 266 707 520 11 0.0567 303 400 568 638 3 0.0567 452 323 699 582 7 0.0565 387 399 641 648 8 0.0563 508 148 732 391 8 0.0563 391 139 634 381 8 0.0553 445 326 692 578 6 0.0553 384 62 646 317 6 0.0552 441 138 694 383 13 0.0552 390 397 645 646 6 0.0551 385 400 640 644 7 0.0549 438 137 694 388 11 0.0548 226 463 500 701 5 0.0547 156 444 426 685 3 0.0545 392 397 634 652 11 0.0540 301 277 563 508 11 0.0538 438 9 697 243 5 0.0538 302 396 567 635 5 0.0534 434 0 688 239 10 0.0532 379 69 645 315 11 0.0531 384 216 637 450 0 0.0531 505 147 732 391 13 0.0531 451 324 706 577 8 0.0530 313 401 563 644 5 0.0528 373 272 631 528 8 0.0527 235 460 492 704 6 0.0525 444 327 703 576 10 0.0524 439 146 693 380 13 0.0523 239 459 510 703 0 0.0523 442 328 702 575 7 0.0521 441 6 700 245 3 0.0521 445 139 688 392 3 0.0513 167 454 429 703 11 0.0513 500 209 739 444 13 0.0511 389 137 646 382 0 0.0510 382 399 636 642 8 0.0509 305 282 553 518 11 0.0506 109 454 364 683 10 0.0503 387 406 640 644 10 0.0502 384 220 640 458
CXwt5ITnRVorDXZmGWrebpGAZzaWTXWR,11 0.0617 0 541 256 783 11 0.0593 576 539 819 779 8 0.0590 453 462 694 704 8 0.0588 578 536 810 780 7 0.0585 465 404 701 636 11 0.0579 448 466 700 701 0 0.0579 453 464 699 705 5 0.0575 0 594 246 844 0 0.0573 374 519 636 775 0 0.0567 580 542 820 784 0 0.0567 313 584 569 838 5 0.0566 361 639 624 892 10 0.0562 451 467 702 700 5 0.0551 576 538 815 779 11 0.0551 300 719 559 947 5 0.0548 144 536 514 726 5 0.0547 447 458 697 701 11 0.0545 317 472 580 706 0 0.0545 0 542 254 788 6 0.0543 2 542 262 786 5 0.0539 368 519 637 771 8 0.0539 371 522 630 770 11 0.0539 310 589 572 831 13 0.0537 388 410 640 638 6 0.0536 313 587 574 834 11 0.0536 115 526 374 760 11 0.0534 385 414 632 634 0 0.0534 385 410 630 639 10 0.0531 370 525 640 770 13 0.0530 313 584 578 838 8 0.0528 5 540 249 783 0 0.0525 305 716 560 952 7 0.0524 321 517 579 767 7 0.0521 59 589 317 837 10 0.0520 309 588 569 835 5 0.0520 378 405 629 634 6 0.0518 463 412 702 633 6 0.0517 575 541 824 780 10 0.0516 579 544 817 779 7 0.0514 372 784 622 1023 3 0.0514 464 410 699 641 8 0.0514 388 412 626 637 6 0.0512 380 472 642 709 8 0.0512 361 644 621 891 8 0.0511 244 716 488 946 3 0.0510 584 538 815 790 11 0.0508 178 457 441 693 7 0.0507 260 398 516 640 10 0.0507 384 415 633 635 13 0.0507 323 466 585 714 11 0.0506 254 406 508 635 2 0.0505 463 418 698 637 2 0.0505 1 603 250 845 3 0.0505 363 645 627 898 5 0.0503 55 523 314 768 11 0.0502 369 792 618 1021 7 0.0502 367 647 631 894 7 0.0502 579 541 824 784
lwCVpflJ8Agwb8OzHNFkHH3Nqw8Wtb7r,8 0.0537 632 665 885 898 11 0.0523 421 587 693 813 7 0.0512 424 655 708 889 6 0.0510 427 585 693 817
pWcJBKHtucGxD0ImhKDJtbRFhsis1hnZ,0 0.0552 1 50 263 279 3 0.0519 12 43 259 283 11 0.0515 1 50 272 264 8 0.0506 7 45 259 274
nsqHcnIci59ZpG13dMMxDXwo4FnIk0sA,11 0.0618 489 687 745 916 11 0.0606 394 396 646 638 11 0.0581 376 682 634 913 0 0.0577 458 402 703 640 3 0.0576 388 465 639 702 11 0.0574 312 598 585 818 7 0.0574 457 402 711 634 7 0.0564 438 725 684 958 8 0.0562 310 790 542 1022 8 0.0561 323 684 576 912 8 0.0548 395 393 635 638 0 0.0548 388 462 639 698 6 0.0547 494 685 745 924 11 0.0546 258 670 522 894 3 0.0546 463 403 704 642 5 0.0542 309 596 579 819 7 0.0541 309 793 559 1023 8 0.0540 181 794 421 1021 0 0.0539 374 678 632 915 3 0.0532 377 681 634 920 10 0.0532 303 794 554 1023 13 0.0531 440 729 684 963 13 0.0528 388 462 645 698 7 0.0526 388 462 643 695 5 0.0526 298 787 545 1019 11 0.0524 175 802 427 1021 8 0.0523 495 688 737 923 6 0.0523 379 682 634 914 13 0.0520 311 795 558 1023 6 0.0518 261 666 525 898 0 0.0517 491 686 743 924 3 0.0515 324 389 581 641 5 0.0514 256 665 516 897 0 0.0512 394 325 649 556 5 0.0512 386 393 639 635 5 0.0510 432 719 673 955 6 0.0510 390 462 643 696 3 0.0509 498 685 741 929 7 0.0508 179 795 436 1022 10 0.0508 258 668 522 902 13 0.0507 327 389 589 637 6 0.0507 459 402 709 637 10 0.0506 375 683 634 912 5 0.0505 512 402 770 642 10 0.0504 311 596 584 823 0 0.0503 305 793 549 1023 0 0.0503 315 596 587 825 6 0.0500 397 325 658 552
A46GsrH4L0LAFWSyBckJMI7KL9F0yC76,0 0.0610 51 0 331 209 8 0.0599 324 664 564 890 6 0.0579 327 664 579 892 0 0.0567 327 662 577 896 11 0.0567 190 544 443 771 13 0.0565 332 667 585 894 7 0.0563 329 661 581 894 5 0.0561 320 660 569 891 6 0.0559 0 1 266 197 11 0.0553 325 665 573 892 0 0.0538 244 347 508 567 3 0.0525 328 665 576 897 8 0.0517 54 1 324 199 5 0.0517 698 0 962 198 0 0.0514 320 528 571 750 6 0.0501 194 540 445 774 10 0.0501 325 667 573 890
LlwupYVae7ekU8hoNYqGpwn6twzVPVbQ,0 0.0633 384 389 643 634 3 0.0628 393 388 640 638 11 0.0625 387 459 639 695 11 0.0610 287 409 640 596 8 0.0609 388 459 632 699 0 0.0604 587 597 836 820 7 0.0601 289 408 646 600 3 0.0598 453 342 725 580 5 0.0598 381 387 636 629 5 0.0596 444 338 715 569 0 0.0595 445 468 699 699 11 0.0592 461 534 698 755 8 0.0592 384 255 658 491 11 0.0591 519 226 780 454 8 0.0591 450 339 719 577 6 0.0586 291 408 647 597 8 0.0585 459 533 690 758 0 0.0580 294 334 651 533 11 0.0572 315 207 596 434 11 0.0569 236 259 519 494 3 0.0566 454 468 698 699 5 0.0565 218 403 569 592 8 0.0564 291 409 634 599 6 0.0562 452 343 728 575 3 0.0562 227 409 577 601 6 0.0560 450 466 705 695 8 0.0557 573 217 819 450 0 0.0555 241 259 519 499 11 0.0554 384 610 645 837 0 0.0550 157 1 506 147 13 0.0549 390 460 643 700 5 0.0548 289 331 642 529 10 0.0543 447 469 700 697 0 0.0541 221 404 575 595 10 0.0540 385 391 644 630 13 0.0539 294 410 649 600 11 0.0538 592 598 841 816 3 0.0537 391 254 664 500 0 0.0535 314 210 593 436 8 0.0535 249 80 501 321 13 0.0534 453 346 731 572 11 0.0529 177 410 439 638 3 0.0528 391 531 634 764 7 0.0525 246 258 520 499 11 0.0522 251 526 519 756 0 0.0521 384 529 633 761 5 0.0520 308 203 586 431 2 0.0520 390 463 639 697 5 0.0518 513 219 775 457 7 0.0518 392 456 641 697 8 0.0517 383 612 637 840 6 0.0515 389 532 638 757 5 0.0514 444 466 691 693 2 0.0514 459 538 697 757 8 0.0512 180 405 432 639 8 0.0510 181 280 433 518 13 0.0510 462 533 702 759 11 0.0508 145 3 509 144 5 0.0508 384 602 638 838 9 0.0508 381 327 653 565 13 0.0507 388 258 675 488 8 0.0507 588 594 831 814 0 0.0506 242 80 512 324 4 0.0504 393 462 642 700 2 0.0503 292 411 639 595 1 0.0502 381 384 641 635 8 0.0501 157 0 495 146 10 0.0501 449 347 730 571 7 0.0501 390 607 645 833 13 0.0500 382 155 663 369
EDBEOUvBUdiCiqKEGSeO75lfpwvlq3cG,5 0.0583 565 200 822 441 0 0.0562 575 270 828 512 11 0.0537 564 204 831 441 5 0.0533 378 134 645 359 5 0.0533 567 324 818 559 11 0.0530 381 338 643 577 11 0.0526 319 204 580 429 7 0.0525 502 267 764 506 5 0.0525 494 263 756 501 3 0.0525 575 269 830 518 5 0.0521 563 79 828 313 8 0.0520 451 75 711 299 5 0.0520 314 198 578 425 11 0.0519 567 327 827 558 6 0.0518 327 203 585 428 6 0.0518 582 327 833 563 11 0.0517 251 263 521 493 8 0.0516 571 388 810 629 8 0.0516 496 264 755 506 0 0.0515 320 202 578 431 6 0.0514 502 268 764 506 8 0.0514 568 202 822 447 5 0.0513 573 464 818 696 5 0.0509 380 329 643 574 5 0.0507 445 74 719 295 10 0.0505 500 334 766 566 6 0.0505 577 203 833 442 8 0.0504 388 261 641 503 8 0.0502 320 205 571 429 3 0.0502 262 335 505 577 11 0.0501 246 141 530 370 5 0.0501 246 258 516 492
1EqEu3CTDPmNaUthLSERNeHuwHjlosrl,5 0.0588 251 385 492 628 5 0.0570 316 325 554 572 6 0.0558 324 329 561 576 5 0.0553 132 402 393 655 13 0.0552 191 395 448 631 0 0.0552 321 330 559 577 0 0.0551 386 397 636 636 11 0.0550 314 329 560 571 0 0.0537 120 485 382 725 13 0.0535 125 483 391 725 11 0.0535 448 335 710 563 6 0.0533 262 462 501 703 5 0.0531 248 269 501 502 0 0.0529 519 390 770 635 8 0.0526 250 321 490 578 11 0.0524 188 333 455 563 11 0.0523 453 461 706 699 6 0.0522 195 390 447 628 0 0.0521 259 466 498 705 11 0.0521 382 393 639 632 11 0.0521 254 470 502 701 3 0.0519 261 469 498 713 8 0.0518 120 480 379 725 5 0.0516 621 454 876 698 13 0.0515 259 465 502 709 0 0.0513 192 394 440 628 7 0.0512 322 326 561 578 11 0.0512 624 461 885 696 8 0.0505 196 205 444 438 6 0.0504 121 479 387 721 7 0.0504 261 463 500 705 5 0.0503 305 140 564 384 7 0.0501 255 268 511 507
N9eqcDPW3DdnFjKWumbt9vfmxqdiatm0,13 0.0565 257 19 525 264 5 0.0564 566 399 834 645 11 0.0563 236 522 485 772 8 0.0555 314 2 566 197 0 0.0547 309 3 575 198 7 0.0543 180 524 423 776 11 0.0541 178 467 417 704 11 0.0533 623 409 902 635 2 0.0527 570 412 839 644 11 0.0526 198 790 443 1011 0 0.0524 568 407 837 645 3 0.0524 182 525 414 785 11 0.0523 309 0 577 197 5 0.0518 174 458 415 699 3 0.0517 392 21 645 252 13 0.0517 570 405 841 645 13 0.0514 180 526 426 784 7 0.0514 202 785 449 1013 7 0.0511 318 0 575 196 5 0.0511 250 14 512 256 5 0.0510 378 17 640 241 3 0.0509 575 405 835 651 8 0.0506 182 527 407 780 6 0.0504 578 403 839 644 6 0.0501 514 330 764 567
lWGx7uTHNrclAtP80lzfH4Yc1Ejwc8Nm,11 0.0563 356 406 624 630 8 0.0556 346 359 673 542 0 0.0553 373 276 628 506 11 0.0547 296 680 559 905 7 0.0547 344 358 694 546 11 0.0546 377 280 632 497 3 0.0545 344 360 681 550 5 0.0545 371 274 627 500 6 0.0520 345 360 693 543
wsBETjEZzfl3njmfvlXGXXuyE6BNsiOx,5 0.0616 240 331 496 574 11 0.0614 308 341 564 581 0 0.0602 315 209 571 438 0 0.0588 176 328 430 573 0 0.0586 299 398 553 642 11 0.0578 438 457 686 699 11 0.0575 174 337 435 572 7 0.0574 248 335 501 582 5 0.0572 308 268 572 510 7 0.0570 319 271 580 520 13 0.0566 251 336 507 581 6 0.0563 182 331 437 576 11 0.0556 244 277 511 509 0 0.0555 382 536 639 765 0 0.0555 439 465 686 704 8 0.0554 386 271 638 510 11 0.0551 387 273 649 509 3 0.0547 303 400 552 647 11 0.0547 446 337 697 582 2 0.0546 384 469 635 708 0 0.0545 386 275 646 510 11 0.0544 508 408 746 638 13 0.0543 319 274 587 520 0 0.0541 244 277 509 510 8 0.0540 321 208 562 433 6 0.0540 450 338 700 581 11 0.0540 319 203 577 435 3 0.0539 386 336 631 585 5 0.0537 380 457 630 700 0 0.0537 259 138 511 379 5 0.0534 323 147 572 376 2 0.0532 385 344 631 576 6 0.0532 250 278 515 510 8 0.0532 248 337 491 579 6 0.0531 260 393 511 638 6 0.0528 389 274 654 509 5 0.0528 442 522 696 764 11 0.0528 314 453 573 699 0 0.0527 448 336 696 585 8 0.0526 320 454 558 702 7 0.0522 260 454 507 707 8 0.0521 446 335 688 583 5 0.0520 255 454 502 702 13 0.0518 181 270 461 511 2 0.0515 447 407 695 648 2 0.0515 324 212 571 436 10 0.0514 313 276 579 517 13 0.0513 389 465 641 708 7 0.0512 460 277 715 523 3 0.0512 387 463 637 714 8 0.0510 380 398 623 644 5 0.0510 378 330 624 571 7 0.0508 444 459 691 699 13 0.0508 449 401 702 645 10 0.0507 177 335 433 575 5 0.0502 241 203 504 433 2 0.0501 456 287 709 521 7 0.0501 178 268 453 515
lkdbhi9jHV78zV6SRdbYh4Lns5zHVE2n,11 0.0641 140 525 379 762 8 0.0618 15 596 362 785 0 0.0608 133 580 388 833 8 0.0608 205 651 447 892 0 0.0603 251 597 507 836 11 0.0576 197 584 449 816 7 0.0572 63 531 312 773 5 0.0571 377 779 627 1010 10 0.0568 136 528 379 766 0 0.0567 0 665 355 855 11 0.0567 2 477 248 708 11 0.0565 377 788 635 1005 0 0.0564 316 668 573 898 8 0.0564 386 783 624 1015 7 0.0564 209 649 457 887 0 0.0563 701 418 1022 610 8 0.0560 64 473 312 707 7 0.0559 139 578 388 830 11 0.0559 316 672 573 893 11 0.0552 0 665 359 851 6 0.0552 64 533 318 772 0 0.0552 61 473 320 711 0 0.0548 385 785 633 1013 5 0.0547 501 401 753 643 0 0.0547 250 724 510 961 5 0.0547 314 666 564 894 5 0.0544 133 578 380 827 13 0.0543 66 535 317 774 5 0.0541 199 648 444 889 0 0.0541 512 405 754 649 8 0.0540 753 770 1003 1016 5 0.0539 63 469 319 705 13 0.0538 2 477 256 711 5 0.0536 689 414 1020 606 13 0.0535 388 782 636 1014 13 0.0534 139 580 392 830 7 0.0534 513 401 757 644 6 0.0528 387 787 639 1011 7 0.0527 1 662 360 852 13 0.0526 243 795 500 1016 11 0.0525 696 420 1023 599 6 0.0525 704 421 1023 604 10 0.0525 194 588 449 819 8 0.0524 504 404 745 649 10 0.0522 3 664 354 851 6 0.0521 321 671 576 893 7 0.0521 324 671 572 894 6 0.0519 256 591 510 831 7 0.0517 388 784 636 1011 8 0.0516 2 423 238 642 2 0.0514 259 657 509 893 13 0.0514 325 672 577 899 10 0.0514 65 476 320 708 0 0.0511 1 424 248 649 8 0.0508 322 670 566 896 5 0.0506 0 420 244 641 10 0.0506 694 423 1020 603 6 0.0503 6 663 365 853 13 0.0501 207 650 460 891 11 0.0500 241 801 494 1007
6wsrL1HajfaCvmTbLto2HzetL9UY6ZTg,11 0.0555 375 119 635 341
eZWh8n8IXTFxoUjgGfiS05DvEi3lqwd8,3 0.0627 375 459 619 712 5 0.0604 376 511 623 763 11 0.0601 446 460 688 701 7 0.0587 376 459 624 709 11 0.0587 507 401 769 636 8 0.0586 446 456 680 705 3 0.0583 516 463 755 713 8 0.0582 381 516 619 768 8 0.0581 507 402 756 638 11 0.0581 379 340 633 574 6 0.0577 452 458 690 704 3 0.0571 449 396 693 639 11 0.0570 376 520 625 766 3 0.0566 385 340 630 582 2 0.0563 340 550 700 728 8 0.0562 445 341 687 574 5 0.0559 441 333 691 573 5 0.0559 375 394 627 630 8 0.0557 320 454 557 700 13 0.0555 384 521 631 771 7 0.0554 316 395 565 633 6 0.0551 382 518 630 765 7 0.0550 448 394 696 632 3 0.0548 340 615 685 796 5 0.0548 506 459 753 704 6 0.0547 384 340 632 579 7 0.0547 511 465 757 706 5 0.0547 379 262 625 504 0 0.0545 378 518 628 770 10 0.0545 444 401 695 635 0 0.0545 445 455 684 707 5 0.0543 318 450 559 694 7 0.0542 339 617 689 795 13 0.0538 449 460 693 708 13 0.0530 322 459 571 702 0 0.0529 509 399 762 642 11 0.0528 315 459 565 697 8 0.0527 377 401 621 633 13 0.0527 447 339 701 576 6 0.0527 512 399 764 642 3 0.0525 314 400 559 638 0 0.0523 441 341 694 577 13 0.0521 381 401 635 634 10 0.0521 509 469 760 705 10 0.0512 381 343 631 580 13 0.0512 282 220 627 420 0 0.0512 384 272 629 503 13 0.0504 385 269 637 505 7 0.0500 246 465 506 694
GuhAD514jMFLpFf383SKl570UzGNUsET,5 0.0576 645 330 896 559 11 0.0570 376 787 633 1014 5 0.0570 564 274 826 511 11 0.0562 369 659 637 897 0 0.0559 441 788 698 1023 11 0.0549 566 12 826 246 8 0.0545 571 271 824 513 11 0.0544 576 221 845 454 11 0.0542 646 333 898 557 7 0.0539 447 783 701 1023 0 0.0538 368 710 632 954 0 0.0536 576 219 845 466 6 0.0536 641 14 885 242 5 0.0533 437 778 689 1018 3 0.0531 380 658 637 906 13 0.0531 576 147 849 387 13 0.0531 577 279 837 516 8 0.0530 442 784 689 1021 5 0.0529 563 10 823 245 11 0.0526 495 268 761 496 13 0.0526 449 788 704 1023 11 0.0525 315 15 582 241 7 0.0524 379 661 640 901 0 0.0523 321 9 577 248 11 0.0523 438 517 703 759 8 0.0522 367 708 627 950 7 0.0519 639 11 887 243 10 0.0518 570 279 831 513 13 0.0517 662 336 904 566 11 0.0517 300 720 574 956 8 0.0517 653 331 888 566 5 0.0513 367 655 631 898 8 0.0513 637 18 873 242 0 0.0513 637 17 880 246 7 0.0513 582 219 845 462 13 0.0512 642 14 889 243 3 0.0511 643 17 882 247 0 0.0511 496 269 759 502 7 0.0507 506 268 760 501 10 0.0505 371 786 634 1017
rqiD8oad4CtrAlPfmfnxCahRfKhkRYtB,11 0.0643 0 611 234 843 3 0.0621 6 610 233 851 0 0.0616 0 610 231 846 5 0.0616 382 652 646 898 8 0.0614 0 609 231 844 0 0.0613 1 740 239 973 0 0.0612 382 716 636 953 0 0.0606 388 444 632 696 11 0.0603 376 579 637 823 8 0.0594 384 713 631 948 0 0.0593 381 579 640 827 13 0.0588 386 718 640 947 6 0.0581 383 513 637 758 13 0.0579 391 443 639 699 5 0.0579 0 607 231 842 6 0.0579 2 610 236 841 8 0.0578 380 578 631 826 5 0.0578 49 466 301 706 13 0.0576 0 609 239 841 11 0.0575 0 743 241 969 7 0.0572 383 717 641 950 5 0.0571 279 775 546 1009 0 0.0566 57 470 309 712 5 0.0563 0 738 237 967 2 0.0561 377 515 631 757 3 0.0561 382 515 634 763 5 0.0560 304 518 562 759 11 0.0559 63 469 308 703 13 0.0558 382 579 641 822 11 0.0557 382 446 634 693 5 0.0556 382 442 629 692 8 0.0554 0 740 237 970 5 0.0550 416 77 680 281 7 0.0549 381 514 637 759 11 0.0548 239 533 497 768 13 0.0548 294 782 556 1015 7 0.0544 1 613 237 847 8 0.0541 308 517 553 762 8 0.0537 290 778 544 1014 8 0.0536 388 442 624 695 13 0.0534 257 278 515 513 5 0.0533 243 272 497 505 7 0.0531 3 741 244 973 2 0.0530 0 615 236 846 10 0.0529 0 614 234 843 3 0.0529 8 741 241 981 0 0.0528 253 279 504 509 3 0.0527 391 654 650 911 8 0.0526 297 646 573 887 13 0.0525 2 742 248 970 3 0.0524 67 469 307 715 6 0.0524 4 747 243 968 10 0.0523 289 781 544 1014 0 0.0521 432 154 696 366 7 0.0521 254 276 509 508 8 0.0521 62 465 302 712 6 0.0518 244 528 496 769 0 0.0515 288 779 546 1017 11 0.0512 244 278 508 505 10 0.0512 386 658 644 900 11 0.0508 282 782 549 1014 7 0.0507 249 529 497 770 0 0.0506 306 520 564 762 5 0.0504 317 130 577 362 13 0.0501 64 468 316 711 12 0.0500 0 610 237 847
Iom15fFwB8hPqkMO1mu0WoVORKvVWi7Y,11 0.0520 313 396 576 634 0 0.0507 177 0 435 216
JJmKoDivBTFwA1Mq5F5GE9lBo7iTJ5Q4,8 0.0596 573 391 823 646 7 0.0584 515 342 766 574 6 0.0562 646 409 907 639 11 0.0554 499 394 761 631 7 0.0554 579 394 835 648 0 0.0551 637 407 903 640 8 0.0548 246 438 487 690 5 0.0546 572 387 825 646 8 0.0544 557 537 886 723 13 0.0542 377 346 646 576 11 0.0535 435 351 694 566 8 0.0535 698 0 1015 153 0 0.0520 507 340 761 574 0 0.0517 550 537 906 725 3 0.0517 580 396 828 655 11 0.0513 566 27 818 246 11 0.0513 472 535 834 720 11 0.0510 692 2 1023 154 8 0.0509 509 341 756 571 13 0.0508 581 395 838 647 8 0.0506 570 22 808 248 13 0.0505 514 342 771 573
WuQdncun8drmDQBLibDKk0mjjlcxoYuC,0 0.0654 641 285 904 524 7 0.0652 188 205 442 447 5 0.0640 497 143 749 384 0 0.0631 507 216 766 453 8 0.0615 508 216 760 452 11 0.0614 173 342 434 566 11 0.0612 239 263 498 497 11 0.0611 252 146 501 371 0 0.0605 184 206 437 449 2 0.0599 505 153 752 384 13 0.0599 503 151 758 385 8 0.0598 184 205 436 449 7 0.0598 504 147 758 385 11 0.0595 503 149 757 382 5 0.0594 237 253 494 495 3 0.0593 505 148 757 389 9 0.0582 500 150 755 382 0 0.0579 172 341 430 566 5 0.0575 181 395 430 637 6 0.0574 513 218 767 452 10 0.0573 506 221 765 455 7 0.0569 177 341 437 567 8 0.0566 174 343 428 566 6 0.0563 175 273 439 506 3 0.0563 175 274 433 511 11 0.0554 640 290 908 514 2 0.0551 173 272 436 506 6 0.0548 243 333 502 567 7 0.0541 257 141 500 372 4 0.0540 502 151 759 387 13 0.0537 175 342 444 569 6 0.0531 188 404 436 636 5 0.0527 632 226 899 449 1 0.0525 499 145 755 386 13 0.0524 241 259 503 498 8 0.0522 252 400 493 634 3 0.0519 245 336 501 574 12 0.0518 510 216 764 452 6 0.0518 203 155 457 386 6 0.0518 640 228 910 452 13 0.0517 642 227 914 454 5 0.0515 247 138 500 373 8 0.0514 640 226 895 452 0 0.0512 252 142 500 372 0 0.0510 756 481 1020 712 3 0.0506 187 408 433 645 11 0.0504 249 399 506 636
lGtkWb8HWyTEGj9HpwvwtUVSwQuzinee,8 0.0636 250 459 505 709 3 0.0622 254 406 511 650 5 0.0611 248 400 509 643 8 0.0607 181 403 435 646 11 0.0605 248 404 509 643 7 0.0605 249 457 511 716 3 0.0596 183 468 444 711 11 0.0593 176 468 442 705 6 0.0592 255 403 516 644 13 0.0590 253 406 514 645 0 0.0586 197 351 571 537 11 0.0585 258 273 516 500 5 0.0578 175 461 440 702 0 0.0575 251 402 508 645 11 0.0575 572 209 835 449 12 0.0574 253 403 513 646 5 0.0571 190 348 567 533 7 0.0570 184 339 441 581 8 0.0567 112 466 366 717 0 0.0565 569 208 829 456 3 0.0563 204 352 570 539 5 0.0561 567 270 832 518 8 0.0559 199 350 560 537 11 0.0558 629 148 894 382 11 0.0558 245 527 501 778 3 0.0558 254 528 501 784 0 0.0556 180 460 441 703 6 0.0555 180 462 445 706 0 0.0552 705 214 935 440 1 0.0549 250 400 508 642 5 0.0547 576 139 821 377 11 0.0543 694 279 948 503 8 0.0541 630 144 878 385 11 0.0541 438 727 675 941 13 0.0535 181 464 447 706 11 0.0534 341 91 574 319 6 0.0533 208 351 581 535 6 0.0532 251 525 505 775 7 0.0529 118 466 380 714 6 0.0529 577 275 841 518 10 0.0528 247 463 512 713 5 0.0527 247 520 499 777 8 0.0526 270 92 500 330 3 0.0524 573 277 835 528 13 0.0519 577 278 838 521 7 0.0518 578 205 832 453 13 0.0518 187 345 443 584 7 0.0517 262 268 522 503 8 0.0516 571 269 827 524 11 0.0516 245 148 499 373 5 0.0513 698 211 932 434 10 0.0512 179 411 440 645 6 0.0510 634 151 892 386 8 0.0510 264 204 496 438 2 0.0508 178 408 441 646 0 0.0507 251 525 499 776 7 0.0506 187 526 438 776 12 0.0505 181 464 442 708 9 0.0505 248 404 510 640 13 0.0505 119 535 366 773 1 0.0505 250 517 495 776 0 0.0503 633 73 884 304 13 0.0501 256 528 507 778 5 0.0500 629 66 879 298
BxhwjdqsMtUMikNeDKLcggZUtXgsOBSh,8 0.0605 239 328 494 559 0 0.0566 234 330 499 560 0 0.0553 178 396 437 640 5 0.0552 235 325 497 555 11 0.0547 236 333 506 556 7 0.0545 184 393 440 637 11 0.0545 180 402 440 636 8 0.0538 182 394 433 640 7 0.0534 243 327 502 556 3 0.0526 241 332 500 564 5 0.0524 175 394 435 636 6 0.0523 183 398 444 639 13 0.0518 184 402 446 644 10 0.0511 178 407 438 636 13 0.0504 240 330 513 561
1Ckeh7gch0AOm2vXsoEWQdlXoQvT5zdt,7 0.0620 499 325 752 570 11 0.0619 425 330 700 573 11 0.0618 568 398 822 637 7 0.0607 570 464 826 716 0 0.0604 567 466 823 712 5 0.0602 229 586 502 830 6 0.0599 573 396 825 638 5 0.0597 492 320 745 567 3 0.0597 498 330 750 572 8 0.0595 500 326 744 565 6 0.0592 500 325 752 564 3 0.0589 572 466 823 717 11 0.0586 500 272 759 509 8 0.0584 569 396 817 635 5 0.0582 502 200 758 445 5 0.0581 241 469 492 710 0 0.0576 503 270 758 516 3 0.0573 236 592 509 837 0 0.0571 571 324 832 568 0 0.0568 637 410 889 648 6 0.0568 335 355 685 539 6 0.0564 269 398 505 635 5 0.0562 321 349 682 539 8 0.0562 508 204 756 440 8 0.0560 237 591 495 829 13 0.0559 569 464 829 713 11 0.0558 558 531 815 774 8 0.0558 336 358 675 537 11 0.0556 245 479 501 710 0 0.0555 448 416 815 601 3 0.0552 254 473 498 723 6 0.0552 187 469 433 682 10 0.0552 496 327 748 568 10 0.0551 567 397 823 636 7 0.0550 251 470 501 716 8 0.0549 561 526 809 773 5 0.0547 564 393 819 639 6 0.0546 564 526 821 775 13 0.0542 497 325 753 566 11 0.0540 349 284 630 510 7 0.0535 509 202 766 445 7 0.0535 236 587 505 834 11 0.0533 435 207 707 445 5 0.0533 555 524 813 771 0 0.0529 175 594 433 834 6 0.0529 236 519 498 767 2 0.0529 568 471 823 712 7 0.0528 174 525 428 760 0 0.0527 438 205 705 451 10 0.0525 330 358 689 541 7 0.0522 579 265 829 505 3 0.0521 508 207 763 450 8 0.0521 170 529 420 756 9 0.0516 495 326 750 563 3 0.0513 334 357 685 544 10 0.0508 177 606 434 833 6 0.0507 176 596 435 832 5 0.0505 165 524 426 754 8 0.0505 252 476 488 713 0 0.0505 183 467 429 689 11 0.0504 236 593 508 831 12 0.0501 498 324 749 566 6 0.0501 579 268 830 501
JlabvN7WsrvJXDt40LSvFsy83NasLMIU,7 0.0586 508 520 770 775 5 0.0577 421 343 685 574 5 0.0577 303 407 574 638 2 0.0577 255 417 526 643 8 0.0564 504 527 755 776 3 0.0563 388 416 637 649 13 0.0561 386 418 642 647 0 0.0560 384 416 633 644 11 0.0557 310 459 589 688 11 0.0557 440 523 707 758 0 0.0556 426 348 689 575 7 0.0552 395 512 657 748 5 0.0549 497 520 763 773 7 0.0549 187 407 451 640 7 0.0542 318 456 594 696 7 0.0539 431 346 692 574 7 0.0539 374 276 650 504 5 0.0535 181 399 454 637 11 0.0534 426 351 689 572 8 0.0532 429 347 683 575 2 0.0530 385 422 637 645 6 0.0530 312 412 585 643 0 0.0530 258 414 521 643 8 0.0525 385 419 632 646 13 0.0524 256 413 526 646 13 0.0519 321 275 599 506 11 0.0519 314 278 588 501 5 0.0516 251 267 526 494 10 0.0514 385 420 642 645 0 0.0512 369 279 649 504 5 0.0511 366 273 640 500 0 0.0509 500 526 764 780 6 0.0504 428 351 694 574 8 0.0503 248 359 501 579
KWnW2gdO7tfaVR6Z4jCXEctFHv1U8Ys5,0 0.0612 312 265 574 518 11 0.0601 245 328 502 580 5 0.0599 259 354 609 544 8 0.0598 369 322 627 574 11 0.0591 366 326 631 572 7 0.0591 303 328 561 578 0 0.0587 545 463 900 659 0 0.0581 439 328 689 569 7 0.0576 441 325 694 566 3 0.0572 441 326 690 572 6 0.0565 265 357 619 548 11 0.0564 327 477 702 664 0 0.0559 326 471 701 665 8 0.0553 336 473 691 666 6 0.0552 380 265 642 513 0 0.0552 383 201 646 448 3 0.0550 268 360 614 552 5 0.0545 369 266 632 505 0 0.0541 589 541 936 732 5 0.0541 544 462 895 656 13 0.0539 311 465 577 700 0 0.0539 513 292 770 516 13 0.0538 270 355 623 548 8 0.0533 249 326 492 584 6 0.0533 335 473 704 663 8 0.0531 444 263 695 504 11 0.0531 440 269 700 500 7 0.0528 337 474 708 666 6 0.0524 519 287 775 519 11 0.0520 548 467 904 653 13 0.0512 442 323 697 565 6 0.0511 551 462 909 655 3 0.0510 334 474 703 668 3 0.0507 517 293 772 524 10 0.0507 248 333 499 580 2 0.0504 264 359 613 546 5 0.0504 585 537 929 729 7 0.0503 516 288 776 519 6 0.0502 595 537 940 731 8 0.0501 549 460 891 655
blVgeXsbC2SsD1ugGI4FiPzkGOLOQQF7,11 0.0645 254 726 518 963 0 0.0635 365 793 628 1023 8 0.0623 254 725 512 966 11 0.0622 309 596 564 824 0 0.0617 255 724 516 967 5 0.0608 360 790 621 1020 11 0.0596 364 793 629 1018 7 0.0590 370 793 632 1022 3 0.0583 317 666 582 905 8 0.0575 369 790 622 1021 7 0.0574 256 724 518 968 5 0.0573 252 723 510 964 3 0.0561 259 724 515 971 8 0.0557 316 668 572 900 13 0.0556 259 726 520 969 13 0.0555 368 792 630 1023 6 0.0549 309 593 566 828 7 0.0545 311 592 567 831 3 0.0542 370 790 627 1023 13 0.0542 310 593 568 831 10 0.0541 309 733 581 962 10 0.0535 306 595 563 826 5 0.0535 301 587 559 826 8 0.0527 770 783 1015 1020 6 0.0526 366 794 627 1022 6 0.0516 257 725 518 966 11 0.0511 754 730 1023 943 0 0.0511 492 799 766 1018 12 0.0501 309 591 564 831
uwVdKpGOCjJrCLQQwbdURykPfSCTzv0k,5 0.0667 184 780 427 1018 0 0.0641 190 781 429 1022 7 0.0638 189 782 435 1020 11 0.0633 188 785 428 1019 8 0.0619 115 476 360 722 8 0.0593 189 780 425 1018 11 0.0589 499 788 741 1010 6 0.0584 191 787 432 1021 13 0.0577 191 784 437 1023 10 0.0576 186 789 430 1020 11 0.0570 0 353 318 536 2 0.0559 190 788 433 1020 7 0.0554 504 784 750 1014 9 0.0552 188 784 431 1018 5 0.0549 495 783 743 1009 3 0.0549 189 781 431 1023 6 0.0547 0 352 322 538 13 0.0546 123 394 379 647 8 0.0544 497 786 736 1014 0 0.0542 0 355 311 541 8 0.0531 195 397 430 641 5 0.0530 0 351 306 538 10 0.0530 0 355 313 537 7 0.0526 118 472 368 721 6 0.0525 118 478 374 718 8 0.0519 1 350 300 538 11 0.0515 118 399 374 646 0 0.0508 498 788 744 1017
IX7CsmDvs1qgSbnWZE7aIN8za9nk4WeJ,11 0.0592 310 335 559 571 0 0.0572 331 268 575 516 0 0.0570 570 523 813 765 13 0.0570 509 527 757 775 8 0.0562 631 519 865 748 11 0.0560 234 402 490 638 11 0.0559 566 522 814 760 8 0.0559 246 332 487 573 5 0.0556 239 329 488 569 3 0.0553 244 338 489 580 6 0.0553 239 400 492 637 5 0.0549 628 519 875 749 5 0.0547 315 420 685 609 5 0.0546 558 584 808 840 6 0.0545 572 521 817 764 0 0.0541 630 450 887 683 11 0.0541 320 426 693 607 7 0.0535 572 520 816 765 8 0.0535 560 586 805 842 6 0.0535 364 403 625 647 8 0.0534 336 270 566 513 13 0.0533 314 333 564 576 8 0.0533 303 402 544 635 0 0.0532 319 426 697 611 0 0.0530 454 480 821 670 3 0.0530 576 524 814 770 0 0.0523 243 331 495 576 11 0.0521 253 278 500 509 13 0.0520 461 481 835 672 8 0.0519 567 456 807 694 11 0.0517 390 277 642 509 6 0.0516 314 330 563 572 5 0.0515 324 271 571 509 13 0.0514 322 428 704 613 10 0.0513 315 336 556 573 5 0.0513 562 451 812 693 13 0.0512 634 523 879 753 11 0.0510 453 483 825 667 6 0.0509 462 480 828 668 13 0.0507 239 402 491 640 10 0.0505 254 280 497 510 0 0.0505 694 523 941 756 7 0.0503 400 546 769 730 0 0.0500 494 331 756 569
Zi3fGyzsltiSeBFIN4iprXvYzsV2nnA0,5 0.0625 567 458 813 698 0 0.0623 568 461 818 700 7 0.0613 571 459 818 699 11 0.0612 566 461 817 698 8 0.0605 567 459 810 701 10 0.0577 567 465 813 698 2 0.0576 570 462 818 700 13 0.0573 572 461 821 700 3 0.0566 569 463 816 701 6 0.0560 573 461 818 698 0 0.0544 639 403 892 645 11 0.0531 638 402 894 641 12 0.0527 572 461 815 703 1 0.0523 566 455 815 700 11 0.0504 716 478 971 712 9 0.0503 570 460 816 700 13 0.0500 719 473 979 719
c30pmyiefNscUH6vYFEhvKGhOGAlCLFr,8 0.0581 253 408 498 643 11 0.0544 250 410 504 643 11 0.0544 248 525 500 751 0 0.0539 251 522 496 757 0 0.0539 250 408 502 646 7 0.0536 252 407 512 641 5 0.0532 245 404 503 641 11 0.0525 300 608 646 783 8 0.0525 254 521 493 750 7 0.0512 251 519 505 751 6 0.0504 251 412 509 642 7 0.0502 308 604 654 784 10 0.0501 253 414 505 642
zuIo4zO8l7vbTrsxim97fLKNuSHHUNMu,11 0.0590 308 799 555 1015 11 0.0576 242 730 501 952 0 0.0546 302 726 559 954 5 0.0538 361 799 611 1017 0 0.0536 364 802 613 1023 7 0.0529 247 725 511 956 7 0.0526 311 792 562 1019 7 0.0520 448 396 692 622 13 0.0517 374 807 624 1023 11 0.0514 406 748 676 951 8 0.0513 309 792 550 1017 0 0.0511 407 739 678 959 0 0.0508 440 400 693 625 7 0.0507 318 19 575 250 11 0.0504 440 398 693 618
J98o51aXW8qRNgJbDcjhNfMZ5NCZVGjo,8 0.0598 509 156 758 394 11 0.0585 327 141 573 376 11 0.0583 185 472 436 709 0 0.0577 328 138 570 378 5 0.0573 508 149 761 393 5 0.0572 183 465 427 706 0 0.0570 390 80 625 319 5 0.0568 325 132 564 375 11 0.0567 387 81 626 314 8 0.0566 570 87 814 322 8 0.0562 333 140 565 376 11 0.0560 506 154 768 393 0 0.0556 445 145 695 385 6 0.0551 331 140 576 379 5 0.0550 259 68 504 323 6 0.0546 449 144 698 386 6 0.0542 382 17 634 254 13 0.0542 388 145 639 378 11 0.0539 574 219 849 455 5 0.0538 573 208 840 457 8 0.0537 188 464 426 716 8 0.0536 579 216 838 459 13 0.0534 192 410 438 659 8 0.0527 269 72 499 324 7 0.0525 391 142 633 383 8 0.0524 385 14 623 250 6 0.0524 189 412 438 656 11 0.0523 264 77 508 325 5 0.0522 566 77 817 319 13 0.0522 513 158 773 394 11 0.0519 245 800 486 1018 5 0.0517 242 400 504 634 10 0.0517 390 85 630 318 5 0.0515 259 209 501 451 0 0.0514 577 154 844 402 10 0.0514 443 149 695 387 3 0.0513 384 15 628 259 1 0.0513 378 141 631 382 7 0.0509 514 155 767 398 7 0.0509 271 69 509 326 0 0.0503 186 467 434 711 3 0.0502 585 213 847 470 3 0.0501 386 147 629 387 11 0.0500 204 214 450 451
EgN8Nj2SljxmnoWkbhBJpTCgq7d28A1P,11 0.0567 304 516 570 743 8 0.0562 245 594 495 830 11 0.0556 241 598 507 831 0 0.0543 307 516 572 745 7 0.0526 249 593 508 831 7 0.0521 311 516 574 742 5 0.0515 241 591 499 829
h6Qu8sECmY3Q6gqOA0bF8Cc4QY2fyrUG,0 0.0593 226 393 487 628 11 0.0550 160 467 433 686 0 0.0547 164 464 432 690 8 0.0537 165 460 422 687 11 0.0533 220 397 487 620 13 0.0523 174 465 437 689 8 0.0507 229 390 475 624 5 0.0507 163 460 424 682
T5nl0MhVjkq7kWTqW6eoSm32YYi4roTI,8 0.0596 258 0 609 151 7 0.0588 342 0 705 153 0 0.0576 312 1 573 202 11 0.0563 326 0 703 152 5 0.0558 312 0 565 195 11 0.0551 304 479 565 698 5 0.0551 295 69 573 323 13 0.0550 320 0 575 199 3 0.0547 447 0 701 204 8 0.0545 440 2 691 198 8 0.0540 304 76 570 326 6 0.0536 245 358 505 586 11 0.0532 237 359 505 581 11 0.0532 250 0 517 198 11 0.0531 294 79 580 324 5 0.0529 484 314 734 549 7 0.0529 304 75 581 325 6 0.0519 314 3 577 199 11 0.0517 498 0 774 189 3 0.0516 260 1 620 160 6 0.0514 313 414 576 636 11 0.0511 363 404 623 623 5 0.0509 437 0 699 196 3 0.0506 525 35 777 288 13 0.0505 365 464 626 697 8 0.0504 247 481 506 709 10 0.0504 359 464 623 689 3 0.0503 494 322 736 554
wZkFU1eYBXIWv00JlDdiOvZ1VW4Hapio,11 0.0629 202 348 569 526 11 0.0610 305 154 581 395 11 0.0605 367 519 630 755 5 0.0605 232 219 504 453 5 0.0599 203 344 562 526 8 0.0598 310 153 571 397 3 0.0597 211 347 566 533 8 0.0597 374 514 621 755 0 0.0594 318 463 574 710 11 0.0584 582 418 829 643 5 0.0582 241 474 494 704 0 0.0581 242 167 516 406 6 0.0579 243 222 512 459 3 0.0577 236 224 506 465 8 0.0567 211 347 553 529 11 0.0566 179 153 449 390 0 0.0561 183 258 443 506 6 0.0559 595 410 833 640 13 0.0558 373 519 631 757 5 0.0558 368 514 623 755 7 0.0552 217 346 568 528 6 0.0550 215 347 570 530 2 0.0549 304 526 563 756 3 0.0547 307 154 579 402 11 0.0546 380 800 630 1017 10 0.0546 249 269 511 502 13 0.0545 183 257 450 509 7 0.0542 322 460 576 715 5 0.0538 297 149 567 389 0 0.0537 586 418 829 645 6 0.0536 302 522 567 752 7 0.0532 251 166 518 407 0 0.0527 379 796 630 1023 5 0.0527 373 789 621 1021 10 0.0526 179 208 443 454 5 0.0526 178 147 438 389 6 0.0524 311 152 580 395 3 0.0524 374 518 629 761 2 0.0520 239 226 505 453 7 0.0518 386 791 631 1019 13 0.0518 237 539 490 764 8 0.0512 590 413 829 645 6 0.0510 188 152 450 397 10 0.0510 372 521 629 756 8 0.0508 181 204 436 455 3 0.0506 593 415 832 650 8 0.0505 379 795 618 1023 10 0.0505 186 95 452 331 13 0.0503 312 151 588 393 2 0.0502 212 350 563 527
A8TsafmNx0hrQnMFM6aOPLpvaQkSywHC,11 0.0598 309 405 583 637 11 0.0597 375 333 654 569 8 0.0586 312 404 574 640 11 0.0580 458 214 719 440 8 0.0576 455 288 717 513 0 0.0565 308 404 582 639 2 0.0562 515 274 780 501 8 0.0561 378 335 645 569 11 0.0560 568 151 819 375 7 0.0555 382 332 657 572 5 0.0552 303 399 575 634 8 0.0550 577 277 831 509 0 0.0548 574 276 835 511 7 0.0547 314 404 587 643 6 0.0546 462 289 728 511 13 0.0544 522 212 781 443 5 0.0542 509 270 776 501 0 0.0539 566 145 818 379 10 0.0537 377 341 655 568 11 0.0534 312 210 575 446 11 0.0532 240 331 514 568 5 0.0531 370 328 647 565 0 0.0529 378 334 650 569 11 0.0529 366 731 637 953 0 0.0529 456 216 715 442 13 0.0527 381 332 660 567 8 0.0527 192 401 438 653 8 0.0526 389 201 638 434 11 0.0525 626 223 889 445 13 0.0525 582 281 843 509 13 0.0525 461 288 731 509 8 0.0523 570 143 813 379 13 0.0521 387 651 658 890 5 0.0521 240 323 506 564 6 0.0519 387 650 651 889 6 0.0519 383 334 656 569 3 0.0517 575 148 819 383 10 0.0516 456 294 724 511 0 0.0515 250 204 500 452 3 0.0514 380 334 648 577 10 0.0512 307 411 584 639 3 0.0511 578 281 835 514 6 0.0510 314 402 584 638 11 0.0510 623 344 884 569 7 0.0507 459 289 727 515 7 0.0506 248 328 517 568 3 0.0506 313 406 579 649 6 0.0504 585 280 842 504 13 0.0502 392 198 659 434 11 0.0501 389 142 641 379 7 0.0501 377 788 635 1023
j06wnDsD517GOVP5PElbPkbtjJBGG1TP,8 0.0693 193 789 435 1023 5 0.0652 122 791 368 1020 0 0.0650 122 798 376 1023 11 0.0634 62 785 304 1022 11 0.0630 192 792 438 1023 8 0.0628 68 783 298 1023 7 0.0619 195 790 442 1023 10 0.0604 193 792 436 1021 13 0.0598 127 797 376 1023 3 0.0594 128 799 371 1023 6 0.0575 195 793 442 1021 2 0.0552 122 802 370 1023 7 0.0550 64 786 308 1023 6 0.0545 66 793 309 1021 9 0.0543 124 797 371 1020 5 0.0535 699 0 963 195 11 0.0525 365 733 622 948 10 0.0502 61 791 303 1021 8 0.0501 706 0 954 189
Haq3PpK3buwN8RDjqUGkcheNPihJcKho,0 0.0625 311 338 561 572 11 0.0621 304 463 565 704 5 0.0611 304 519 556 771 0 0.0607 308 460 560 708 8 0.0605 323 780 567 1020 7 0.0603 311 460 565 704 8 0.0597 438 141 702 369 11 0.0596 386 402 640 636 0 0.0596 578 222 822 455 8 0.0594 315 396 561 646 13 0.0592 316 398 574 648 11 0.0591 587 157 825 382 0 0.0590 391 400 637 644 5 0.0589 232 468 491 711 6 0.0588 645 285 892 525 5 0.0586 310 395 564 643 0 0.0580 641 290 883 531 11 0.0579 643 221 887 453 3 0.0579 445 142 708 375 8 0.0578 141 871 497 1023 8 0.0575 578 220 815 455 11 0.0574 312 659 569 893 8 0.0574 391 334 634 569 5 0.0573 177 763 436 997 11 0.0572 317 781 572 1015 0 0.0567 512 150 765 382 5 0.0567 573 219 821 454 5 0.0565 555 341 824 575 3 0.0565 385 462 633 700 3 0.0565 648 286 885 530 3 0.0564 582 223 823 463 8 0.0564 592 84 823 320 5 0.0564 634 283 884 522 5 0.0563 382 331 635 566 6 0.0563 315 403 572 646 13 0.0561 392 336 644 571 11 0.0559 454 464 706 694 5 0.0556 432 137 707 364 6 0.0556 187 765 442 997 6 0.0553 309 525 559 772 5 0.0553 318 778 569 1015 6 0.0553 581 223 827 454 7 0.0552 187 762 443 1002 11 0.0552 436 141 707 368 5 0.0552 376 454 631 695 6 0.0552 391 338 645 571 5 0.0551 378 577 623 820 7 0.0551 443 139 712 371 0 0.0550 436 782 680 1009 6 0.0549 456 405 714 631 13 0.0548 517 150 771 382 5 0.0547 448 399 709 627 8 0.0546 381 460 629 698 13 0.0545 708 0 964 217 5 0.0545 811 13 1020 264 8 0.0544 378 584 620 822 0 0.0543 184 697 455 940 7 0.0543 392 335 639 569 0 0.0540 561 348 825 581 11 0.0539 760 2 1023 209 3 0.0539 313 403 568 648 13 0.0538 187 767 451 1002 0 0.0538 454 465 707 703 8 0.0537 308 522 550 772 10 0.0537 817 24 1023 261 3 0.0537 309 524 550 778 3 0.0537 457 406 711 634 6 0.0536 565 347 830 579 11 0.0536 307 340 565 566 3 0.0536 564 348 825 583 0 0.0535 594 87 831 325 10 0.0535 706 2 954 213 11 0.0535 187 479 444 705 7 0.0534 457 402 712 632 5 0.0534 242 647 495 892 8 0.0534 232 469 484 712 3 0.0533 326 780 573 1023 8 0.0533 443 778 673 1003 13 0.0533 323 788 577 1023 2 0.0532 389 338 640 568 11 0.0531 182 765 444 994 11 0.0531 430 729 693 959 3 0.0530 389 339 640 570 13 0.0530 384 460 637 701 7 0.0529 321 780 575 1023 13 0.0528 193 476 446 710 13 0.0527 582 220 829 456 0 0.0526 377 517 619 767 5 0.0526 125 871 497 1019 0 0.0525 320 783 574 1023 10 0.0523 322 785 575 1018 8 0.0520 243 652 496 895
qCn3Ibp3AgExghJ5cNFnO6I2IU0GRDun,8 0.0547 311 794 540 1020 7 0.0543 310 798 554 1022 11 0.0542 305 799 547 1021 5 0.0538 303 792 546 1016 11 0.0511 649 2 1004 162 7 0.0505 312 662 578 890 11 0.0504 301 665 572 887 8 0.0502 640 0 990 160
cqUkbQCUAAph13V1O2ys5r84UuptgpSP,11 0.0682 500 663 759 899 0 0.0654 502 662 760 904 7 0.0641 423 783 684 1023 0 0.0635 555 729 822 969 11 0.0630 367 670 639 898 5 0.0629 296 730 556 963 11 0.0628 433 729 693 962 8 0.0627 503 662 753 905 11 0.0625 551 733 822 961 8 0.0621 370 786 615 1023 5 0.0619 363 789 618 1021 11 0.0618 238 731 501 961 0 0.0618 423 784 682 1023 7 0.0617 375 670 641 903 13 0.0616 245 732 504 967 8 0.0614 300 733 554 967 7 0.0613 495 722 751 968 8 0.0610 575 537 813 766 7 0.0610 610 733 877 982 0 0.0609 308 669 569 904 5 0.0608 254 670 620 853 5 0.0608 429 721 686 962 3 0.0605 373 669 639 907 5 0.0605 498 658 756 899 8 0.0604 372 666 633 903 7 0.0603 577 538 822 768 11 0.0600 14 524 240 754 5 0.0598 569 531 819 768 13 0.0598 264 674 633 858 13 0.0597 375 794 626 1023 13 0.0595 441 670 703 902 11 0.0593 368 792 618 1020 3 0.0592 426 783 682 1023 5 0.0591 551 727 819 964 11 0.0590 570 538 821 762 10 0.0588 574 542 818 770 7 0.0586 242 790 499 1022 0 0.0584 12 524 240 760 0 0.0583 240 724 497 966 8 0.0582 557 730 818 967 10 0.0581 435 671 701 897 2 0.0580 578 542 820 771 2 0.0579 502 666 760 902 0 0.0579 616 819 882 1023 10 0.0579 299 737 559 963 3 0.0576 502 661 759 906 8 0.0575 236 790 490 1023 6 0.0574 242 725 502 963 10 0.0570 257 677 626 853 8 0.0569 15 517 234 754 6 0.0565 505 664 760 903 0 0.0561 576 539 818 772 6 0.0558 557 733 824 967 6 0.0556 578 539 823 767 5 0.0555 230 787 488 1019 8 0.0554 649 483 888 708 2 0.0551 556 734 824 964 6 0.0550 426 785 685 1021 2 0.0544 438 727 693 967 8 0.0544 618 813 877 1023 10 0.0544 367 794 619 1023 6 0.0544 312 670 573 899 8 0.0543 368 217 646 446 11 0.0540 615 817 884 1018 5 0.0540 608 814 871 1019 12 0.0540 439 665 701 901 2 0.0538 263 677 628 857 3 0.0536 304 736 560 971 9 0.0536 499 662 759 901 13 0.0534 572 538 828 767 3 0.0534 556 730 823 969 3 0.0533 581 535 821 774 9 0.0533 367 793 622 1020 10 0.0532 234 795 492 1023 11 0.0530 389 340 652 571 5 0.0529 360 211 651 440 12 0.0529 312 671 570 903 2 0.0521 306 737 561 971 13 0.0520 614 736 881 977 5 0.0516 640 480 893 710 9 0.0515 235 791 496 1019 3 0.0515 626 817 881 1023 0 0.0512 648 486 893 713 10 0.0509 646 492 893 708 7 0.0508 16 519 243 755 11 0.0507 367 214 663 442 9 0.0506 573 536 822 764 5 0.0503 300 262 566 508
VUxRRvZ8Y1GdTLbDCkhGb69hpIRd3pVG,11 0.0606 363 737 625 957 11 0.0605 444 533 704 776 11 0.0589 367 599 633 848 8 0.0581 449 534 698 775 10 0.0580 313 332 565 565 0 0.0579 315 328 565 567 13 0.0577 337 415 717 605 11 0.0575 448 402 698 643 0 0.0572 449 535 707 780 11 0.0569 392 326 642 555 3 0.0567 398 323 639 562 5 0.0565 363 728 620 955 6 0.0562 334 415 715 603 3 0.0561 334 413 708 607 8 0.0558 323 477 683 663 6 0.0557 397 323 643 557 8 0.0556 398 321 635 558 13 0.0553 375 735 631 961 8 0.0552 367 733 620 958 7 0.0552 317 323 570 570 10 0.0552 342 674 711 867 13 0.0548 319 328 573 572 7 0.0547 370 735 629 961 0 0.0547 344 674 712 868 5 0.0542 310 321 561 564 11 0.0541 0 740 234 963 7 0.0539 34 791 306 1023 7 0.0539 445 462 699 709 0 0.0539 367 733 624 961 7 0.0536 347 672 715 866 0 0.0533 450 402 698 646 7 0.0532 459 342 696 577 10 0.0532 367 736 625 959 3 0.0531 373 736 624 966 0 0.0528 0 734 227 973 5 0.0520 433 594 692 839 10 0.0518 452 406 697 641 3 0.0515 453 533 705 783 0 0.0515 377 463 633 713 6 0.0513 453 533 709 778 13 0.0512 378 598 642 849 13 0.0510 344 542 724 730 5 0.0505 322 412 702 598 1 0.0505 449 339 696 577 1 0.0504 310 319 567 566 2 0.0501 320 479 697 663
tCdwAPgOrAtIor3bQIl9AFXdkGFe8365,11 0.0567 585 351 843 592 11 0.0560 251 812 501 1023 5 0.0553 584 344 836 586 0 0.0545 646 422 909 667 0 0.0537 593 350 841 594 6 0.0535 597 348 846 588 11 0.0535 644 426 905 667 8 0.0535 588 347 833 594 6 0.0532 647 422 908 663 13 0.0532 594 354 847 592 5 0.0510 640 419 903 661 11 0.0503 249 267 501 486 8 0.0502 243 198 476 417
5MPqhLEFsmjB2oNGjNpJaf6L4aXRXuKn,5 0.0537 229 335 488 567 11 0.0516 300 405 659 594 0 0.0516 20 420 269 664 11 0.0515 370 277 635 511 5 0.0510 366 271 628 515 7 0.0504 374 277 634 513 3 0.0504 434 75 699 323 3 0.0502 373 276 629 517 8 0.0502 300 406 645 599
kp9mbommPGCG3FwPryluiYmuHqWz4azk,8 0.0624 435 459 687 697 0 0.0592 179 264 463 503 8 0.0587 366 535 618 757 13 0.0586 369 458 633 695 7 0.0566 366 454 635 700 0 0.0563 365 456 628 698 3 0.0557 370 457 629 702 7 0.0554 178 263 468 497 11 0.0552 357 536 625 758 0 0.0548 648 796 889 1023 11 0.0545 424 462 693 700 5 0.0544 360 451 626 693 5 0.0538 170 258 454 494 5 0.0537 472 460 745 700 7 0.0530 238 392 501 631 11 0.0529 231 394 503 628 11 0.0528 180 266 465 497 6 0.0525 369 457 634 698 5 0.0525 228 388 497 630 6 0.0522 479 471 752 707 7 0.0519 421 534 778 721 13 0.0513 125 737 392 978 7 0.0511 479 406 760 638 13 0.0509 186 267 474 501 6 0.0509 186 261 471 498 10 0.0509 430 462 696 703 11 0.0507 51 733 317 966 13 0.0504 425 533 779 719 0 0.0502 415 535 772 721
1QjxQ1W3fw40nKvFLzEFAIYQgzGNisAx,8 0.0605 91 875 432 1021 11 0.0587 80 877 449 1022 7 0.0559 91 877 452 1023 8 0.0556 255 782 495 1023 0 0.0555 85 877 442 1023 5 0.0540 75 876 436 1021 10 0.0538 80 879 443 1023 11 0.0532 442 577 689 807 7 0.0526 255 784 508 1023 11 0.0525 311 786 561 1021 5 0.0517 251 781 499 1020
h2oqiibU41YTj8XMMOoAR3eazekNJE2l,11 0.0656 634 299 905 518 11 0.0648 573 470 833 702 0 0.0645 504 274 761 517 8 0.0642 514 143 751 393 0 0.0638 575 209 822 448 5 0.0634 571 462 829 707 5 0.0634 512 142 756 391 7 0.0631 518 144 758 392 0 0.0627 574 470 832 708 8 0.0626 576 209 814 447 5 0.0621 441 325 693 573 6 0.0619 581 145 825 378 11 0.0618 318 346 563 575 11 0.0616 578 146 821 380 8 0.0615 506 337 758 578 5 0.0615 567 336 833 576 0 0.0614 514 143 757 393 11 0.0613 439 462 707 700 0 0.0612 441 205 694 453 11 0.0607 259 278 516 505 0 0.0605 571 343 833 576 7 0.0605 450 333 699 577 2 0.0603 574 350 836 575 11 0.0602 371 404 634 639 11 0.0599 510 209 753 448 0 0.0598 439 462 706 705 3 0.0598 448 198 692 461 7 0.0596 580 209 824 444 8 0.0592 575 470 827 708 7 0.0592 448 200 693 455 7 0.0592 448 462 711 703 6 0.0590 629 434 898 665 6 0.0590 259 340 514 580 0 0.0585 443 333 695 576 6 0.0585 450 268 701 510 8 0.0584 262 278 507 505 0 0.0584 259 275 517 509 3 0.0584 511 271 761 524 6 0.0583 581 279 833 514 6 0.0583 384 338 634 578 10 0.0581 570 473 831 705 3 0.0580 580 209 821 452 8 0.0579 443 197 686 451 0 0.0578 576 80 826 306 13 0.0577 324 346 567 584 11 0.0576 443 335 694 574 2 0.0574 447 341 694 576 10 0.0574 318 349 564 578 6 0.0573 517 209 757 447 7 0.0572 513 273 765 516 2 0.0572 446 211 691 453 10 0.0572 509 209 755 450 8 0.0571 323 347 557 577 2 0.0571 576 476 835 705 10 0.0570 436 464 707 706 8 0.0570 575 83 818 305 8 0.0569 631 361 897 586 11 0.0568 251 140 514 374 7 0.0567 578 468 834 707 0 0.0567 250 132 507 376 3 0.0567 257 345 507 584 8 0.0567 442 460 700 703 8 0.0565 375 403 628 640 2 0.0564 508 282 760 518 3 0.0563 518 146 756 400 5 0.0563 573 208 819 446 10 0.0563 441 269 701 513 3 0.0562 578 342 836 582 8 0.0561 190 336 440 570 5 0.0560 253 271 511 504 13 0.0560 579 278 836 515 3 0.0558 582 470 834 712 7 0.0558 379 405 639 643 12 0.0557 510 273 764 517 3 0.0556 383 337 631 584 5 0.0555 437 454 698 704 3 0.0555 579 82 823 311 6 0.0554 326 274 587 507 3 0.0554 446 457 706 709 10 0.0554 506 341 764 577 7 0.0554 195 337 453 570 2 0.0553 516 154 754 393 13 0.0553 518 148 761 392 5 0.0552 575 79 819 301 6 0.0551 512 341 766 576
8vUFxc7PHy4hHrzW8FfuSvvhfsj8zFLW,11 0.0660 365 735 631 967 11 0.0640 301 789 553 1020 7 0.0636 368 789 629 1023 10 0.0628 298 791 558 1023 0 0.0621 433 784 695 1023 5 0.0617 295 784 553 1021 13 0.0615 369 789 628 1023 8 0.0613 303 785 550 1023 0 0.0599 380 546 629 783 5 0.0597 379 397 640 630 8 0.0596 436 780 684 1023 0 0.0595 433 684 696 911 11 0.0593 379 549 629 779 5 0.0592 437 548 690 768 3 0.0589 396 479 645 722 5 0.0587 427 782 687 1020 3 0.0585 368 789 623 1023 8 0.0585 390 478 638 719 11 0.0582 384 400 641 633 0 0.0580 318 660 578 909 10 0.0578 240 724 496 954 10 0.0577 367 738 631 966 7 0.0576 384 549 633 780 0 0.0575 302 785 559 1023 0 0.0571 451 479 709 709 7 0.0571 322 468 591 706 7 0.0571 322 666 580 906 0 0.0569 320 467 587 703 11 0.0565 318 468 586 699 13 0.0565 444 737 701 962 7 0.0564 277 425 661 603 8 0.0559 321 663 570 910 5 0.0556 312 537 570 766 13 0.0555 385 550 637 780 9 0.0555 362 790 623 1020 7 0.0554 439 735 700 961 8 0.0553 323 538 570 776 13 0.0551 458 479 718 705 2 0.0550 367 791 625 1023 11 0.0550 449 482 711 703 6 0.0548 368 793 626 1022 8 0.0546 244 715 488 960 11 0.0545 242 721 500 954 7 0.0545 459 479 715 705 0 0.0544 386 398 643 636 13 0.0542 279 486 648 658 11 0.0537 493 755 764 960 11 0.0535 315 345 580 574 3 0.0535 323 541 578 776 5 0.0534 311 660 572 903 5 0.0532 248 325 508 561 8 0.0531 259 326 502 564 10 0.0529 380 550 633 780 6 0.0521 321 666 582 906 6 0.0521 384 548 638 780 0 0.0521 253 328 511 565 13 0.0519 256 391 518 628 3 0.0519 320 346 580 580 1 0.0516 428 778 691 1023 6 0.0516 456 477 715 707 7 0.0515 250 717 502 954 9 0.0514 305 721 566 956 5 0.0513 576 452 826 682 3 0.0511 438 735 696 965 10 0.0510 318 470 586 700 6 0.0508 281 484 655 657 13 0.0506 585 462 844 689 10 0.0505 316 349 577 569 12 0.0503 374 731 631 970 10 0.0503 385 403 640 634 6 0.0502 437 735 703 963 1 0.0501 301 784 556 1023 5 0.0501 235 711 493 951
5hlRrehEZpIHhs8QMSL31NrX26YQLQB2,0 0.0576 314 332 575 575 5 0.0575 240 450 499 689 11 0.0574 309 397 570 631 5 0.0571 370 336 633 577 7 0.0569 376 399 632 639 8 0.0564 310 395 560 634 6 0.0557 312 395 572 632 5 0.0552 249 332 507 577 3 0.0550 378 341 640 582 13 0.0543 247 455 506 694 11 0.0542 294 672 565 892 8 0.0535 373 340 631 577 3 0.0534 309 397 569 637 5 0.0533 369 450 629 702 6 0.0533 377 343 643 575 7 0.0532 315 332 579 575 2 0.0532 377 348 636 578 0 0.0524 247 392 505 642 7 0.0523 373 597 635 838 13 0.0522 373 398 635 635 10 0.0520 310 400 569 632 7 0.0520 248 396 509 642 8 0.0512 189 452 427 691 0 0.0507 365 599 628 841 0 0.0506 409 417 770 598 0 0.0504 298 672 564 899 2 0.0503 310 398 567 632 11 0.0502 267 551 656 733 12 0.0500 312 395 566 635
FxIfRh6KQOEtWQzf6QlBRqqIPWegPXzp,11 0.0607 187 4 449 251 11 0.0598 301 0 562 204 8 0.0593 306 0 555 205 8 0.0592 187 3 440 250 3 0.0576 190 1 449 256 0 0.0567 306 0 560 207 13 0.0566 307 0 570 206 7 0.0566 306 0 564 207 3 0.0563 309 0 561 214 0 0.0561 189 0 451 251 5 0.0560 184 0 443 250 7 0.0557 192 0 453 254 8 0.0553 643 466 890 710 6 0.0552 307 0 562 206 6 0.0548 192 2 450 250 8 0.0548 511 292 753 523 0 0.0548 259 80 517 324 7 0.0548 262 77 519 325 5 0.0545 300 0 559 202 11 0.0545 637 467 895 706 8 0.0539 319 82 567 313 3 0.0537 261 80 519 330 12 0.0537 192 0 452 252 9 0.0534 189 2 447 244 8 0.0534 252 147 505 392 5 0.0532 253 74 513 320 5 0.0530 511 290 760 523 5 0.0528 375 71 624 300 2 0.0525 384 23 644 259 11 0.0523 277 542 634 720 6 0.0523 264 80 519 323 11 0.0522 313 82 572 306 0 0.0522 510 296 762 525 13 0.0519 382 78 637 300 11 0.0519 245 145 509 386 10 0.0517 383 23 646 256 0 0.0516 642 28 879 247 2 0.0516 191 6 450 252 11 0.0516 242 393 503 629 13 0.0511 191 4 455 254 13 0.0510 644 471 905 708 11 0.0509 643 25 886 248 10 0.0509 261 90 518 320 5 0.0509 115 514 367 752 5 0.0508 640 22 876 252 10 0.0505 189 7 450 251 5 0.0502 276 534 625 722 12 0.0501 307 0 565 206
6xE4PCgSsEmoPIvqzzNmhmXAjBmeOc02,11 0.0541 122 3 380 203 5 0.0535 220 323 498 563 11 0.0522 293 323 569 556 8 0.0507 130 0 371 201 11 0.0502 629 4 895 203
YOWwaDsO1atRejjCltkzgXcKqcyvYMFn,8 0.0580 642 0 888 206 13 0.0546 646 1 903 209 11 0.0533 637 1 897 203 5 0.0519 637 0 889 203 3 0.0509 645 0 899 211
ZAip0vh5gqkg24H8YOq00RQZ9DL7y5iM,7 0.0620 140 794 385 1019 7 0.0612 259 787 510 1020 11 0.0588 248 717 516 954 8 0.0581 18 806 253 1020 11 0.0577 320 788 572 1011 7 0.0553 188 655 456 894 7 0.0551 21 806 260 1023 6 0.0547 188 660 456 892 0 0.0546 318 663 567 893 0 0.0541 19 811 263 1023 11 0.0541 197 792 440 1014 5 0.0540 183 652 445 888 8 0.0537 142 726 371 967 5 0.0536 315 653 563 887 8 0.0534 253 718 506 959 0 0.0526 578 821 832 1023 11 0.0524 137 725 381 961 10 0.0523 14 812 263 1023 0 0.0521 187 656 453 897 6 0.0520 322 664 572 886 5 0.0517 15 802 257 1016 5 0.0515 133 786 373 1011 11 0.0513 578 817 827 1020 13 0.0510 263 592 515 830 8 0.0509 318 664 559 890 8 0.0507 188 662 441 898 11 0.0505 450 803 701 1020 5 0.0501 576 813 818 1020
La0kfSkIRDC9CEHZTdnkHz4Iqe4ushf0,11 0.0564 511 157 774 385 8 0.0558 576 143 819 389 0 0.0552 500 209 757 456 3 0.0546 519 155 772 390 0 0.0546 574 146 828 391 5 0.0542 501 204 752 453 11 0.0528 421 341 680 569 5 0.0525 575 140 825 387 3 0.0522 648 152 888 392 7 0.0522 514 151 775 391 6 0.0518 433 337 679 576 13 0.0517 648 151 895 386 13 0.0515 508 212 764 458 8 0.0509 0 49 253 259 0 0.0507 642 214 883 447 8 0.0503 504 204 750 455
fdtPSrSzKjmXIBOTUYkh2OpmpzIrGP35,11 0.0699 373 400 635 639 11 0.0675 313 339 570 571 5 0.0670 312 275 568 516 0 0.0660 377 277 634 512 11 0.0650 373 279 638 510 8 0.0647 378 398 629 639 6 0.0636 319 282 573 517 8 0.0633 376 277 629 512 5 0.0632 346 214 709 404 5 0.0629 306 389 562 636 11 0.0628 297 464 560 701 7 0.0627 454 406 701 651 8 0.0626 451 336 695 581 0 0.0625 317 335 567 576 11 0.0625 306 210 573 441 8 0.0623 321 337 563 574 5 0.0623 510 565 764 816 5 0.0622 559 388 819 631 3 0.0620 388 334 639 581 5 0.0613 446 400 696 646 8 0.0611 352 219 705 404 11 0.0611 452 339 700 575 5 0.0609 381 329 636 576 3 0.0609 310 206 571 445 7 0.0607 367 461 627 708 13 0.0606 378 276 638 511 3 0.0605 455 405 699 653 13 0.0605 573 457 828 698 7 0.0605 357 289 730 477 0 0.0605 570 456 821 696 8 0.0605 303 462 558 706 6 0.0604 360 220 715 406 5 0.0604 294 516 553 757 5 0.0601 362 455 621 702 13 0.0601 443 455 698 697 5 0.0600 437 511 690 758 6 0.0600 377 398 640 641 0 0.0600 566 324 828 566 5 0.0596 565 257 824 518 0 0.0595 376 399 636 641 11 0.0595 568 459 824 696 7 0.0594 442 514 695 764 0 0.0591 307 203 573 442 7 0.0589 391 335 644 579 3 0.0589 354 289 724 479 13 0.0589 454 338 705 580 0 0.0589 454 336 699 581 13 0.0584 265 333 518 578 8 0.0584 757 457 1001 715 3 0.0583 572 456 822 703 3 0.0583 313 394 562 643 11 0.0583 565 324 831 561 0 0.0583 754 460 1008 711 6 0.0583 454 338 704 579 0 0.0583 570 214 825 448 6 0.0581 317 130 576 361 8 0.0580 568 392 812 630 6 0.0579 306 463 570 704 5 0.0578 499 142 764 383 7 0.0578 568 395 821 633 7 0.0577 517 569 769 820 0 0.0576 302 459 565 706 7 0.0576 314 393 568 642 5 0.0574 251 132 510 372 8 0.0573 570 257 817 514 0 0.0570 377 133 640 369 5 0.0568 623 145 882 373 7 0.0567 252 460 494 703 6 0.0567 517 505 771 756 11 0.0566 753 461 1011 712 5 0.0565 753 456 1006 708 8 0.0565 374 523 616 767 2 0.0563 388 339 639 577 3 0.0559 370 462 621 707 0 0.0558 248 276 496 518 3 0.0557 445 517 693 767
ULgVL0mltF4IPsdGiGmuysGIvg0i5Uvm,0 0.0645 369 613 631 844 11 0.0625 362 795 622 1021 3 0.0623 368 612 631 846 11 0.0615 318 533 587 760 11 0.0613 367 614 630 840 0 0.0605 435 791 687 1023 8 0.0605 368 614 626 842 8 0.0600 365 791 619 1023 11 0.0599 175 734 446 982 7 0.0595 366 748 628 985 13 0.0586 325 533 592 767 5 0.0582 262 518 513 756 13 0.0580 371 796 631 1023 0 0.0579 427 677 707 921 5 0.0577 365 611 627 841 0 0.0574 321 528 583 765 5 0.0571 359 793 621 1020 7 0.0571 321 532 586 768 3 0.0566 366 796 624 1023 5 0.0563 319 456 582 691 13 0.0562 374 613 634 844 3 0.0560 323 530 583 769 11 0.0560 386 466 645 694 8 0.0558 69 790 314 1023 8 0.0555 168 797 428 1023 0 0.0554 389 466 645 700 10 0.0554 364 796 625 1023 6 0.0554 323 531 587 761 6 0.0553 367 795 628 1021 6 0.0548 370 614 635 839 7 0.0546 426 679 707 917 11 0.0540 469 408 718 638 13 0.0538 171 799 442 1023 8 0.0538 264 525 513 762 13 0.0536 336 401 602 635 7 0.0534 372 613 634 845 7 0.0532 391 469 646 703 6 0.0532 180 731 453 983 11 0.0531 62 792 322 1023 2 0.0526 369 616 633 843 10 0.0524 370 616 629 838 13 0.0521 393 469 651 700 6 0.0520 116 804 379 1022 2 0.0520 60 796 327 1023 10 0.0518 266 526 516 758 11 0.0514 435 673 808 854 0 0.0511 509 486 758 710 2 0.0509 367 797 626 1023 11 0.0507 493 787 753 1018 0 0.0507 473 412 712 641 3 0.0506 392 466 645 705 5 0.0504 100 0 369 201 7 0.0502 475 409 719 642 8 0.0501 107 0 360 203
rMv97dh0sjvhqgRWz9RdPBEtEUNaTuHu,5 0.0563 570 777 806 1010 11 0.0550 112 288 397 510 0 0.0529 574 779 815 1016 11 0.0525 578 783 813 1006 7 0.0505 581 779 818 1015 8 0.0504 576 777 802 1012
VTKKZldQSJgEwCPARphICGKnAfCm6fU2,7 0.0589 513 785 750 1020 8 0.0574 508 787 737 1023 11 0.0567 507 788 745 1018 5 0.0566 503 783 737 1018 0 0.0560 508 791 746 1023 6 0.0558 644 0 906 200 11 0.0554 0 790 232 1009 0 0.0547 0 782 233 1013 10 0.0520 509 790 744 1021 8 0.0519 1 776 225 1008 13 0.0517 512 791 751 1023 0 0.0514 767 86 1015 328 11 0.0511 769 85 1018 320 6 0.0507 1 783 236 1007 0 0.0507 644 2 899 208 5 0.0505 0 776 225 1011 8 0.0503 770 86 1003 326 2 0.0502 512 794 746 1023 6 0.0502 511 794 746 1023
ja66LHxO20mHOY7HT1bAA9ft3vBBbL8r,0 0.0656 383 527 643 773 7 0.0645 388 530 648 770 11 0.0638 315 536 575 770 7 0.0626 460 789 823 974 6 0.0621 389 528 648 767 8 0.0616 442 597 697 832 10 0.0613 318 538 574 771 5 0.0612 316 528 569 770 8 0.0601 386 531 640 769 7 0.0598 310 600 575 836 0 0.0594 308 599 569 841 5 0.0593 384 459 637 710 11 0.0593 368 664 647 901 11 0.0592 238 595 501 829 5 0.0592 445 534 703 771 7 0.0590 442 601 705 833 11 0.0589 385 463 640 705 7 0.0587 378 662 652 905 13 0.0586 323 536 578 771 7 0.0581 394 394 640 634 11 0.0580 447 537 708 770 0 0.0578 390 394 637 635 13 0.0577 378 603 636 839 7 0.0577 504 668 771 900 8 0.0575 391 395 630 633 10 0.0572 371 606 630 838 0 0.0569 381 670 763 855 8 0.0568 378 661 641 903 8 0.0565 129 543 378 778 13 0.0564 392 467 644 711 8 0.0562 501 665 761 899 8 0.0560 313 599 564 836 10 0.0557 389 466 639 712 6 0.0556 440 599 705 831 11 0.0554 493 671 768 894 2 0.0554 386 533 647 771 3 0.0552 445 598 703 839 3 0.0551 321 534 574 775 6 0.0550 310 597 576 836 11 0.0550 449 793 812 969 5 0.0549 236 590 494 826 5 0.0548 369 596 629 835 11 0.0547 125 548 384 771 3 0.0546 504 666 766 906 5 0.0545 446 788 810 971 0 0.0541 450 791 811 976 13 0.0532 455 537 712 774 6 0.0532 500 666 768 898 5 0.0531 556 674 834 886 3 0.0530 378 663 647 909 6 0.0528 392 396 642 634 2 0.0527 454 794 816 972 10 0.0527 450 538 708 774 9 0.0526 382 527 642 762 8 0.0526 238 662 493 890 13 0.0525 435 672 710 907 1 0.0524 381 524 644 769 5 0.0524 121 542 376 777 7 0.0522 180 602 457 820 3 0.0520 462 790 812 976 6 0.0520 459 791 820 972 0 0.0517 563 602 836 821 12 0.0517 389 526 645 770 6 0.0514 376 659 651 904 3 0.0512 392 461 641 715 0 0.0510 125 547 383 779 8 0.0509 459 791 806 970 13 0.0506 459 793 821 974 13 0.0503 234 661 504 894
TIhKtxVSyZNTxQ7DJx6szmY043CVjfEO,11 0.0600 385 534 644 768 6 0.0597 247 323 504 558 11 0.0595 307 452 583 676 5 0.0583 172 445 446 687 11 0.0581 318 590 581 829 11 0.0575 312 147 578 392 6 0.0570 248 190 508 443 5 0.0564 451 522 696 759 11 0.0561 311 20 555 257 0 0.0561 314 17 555 261 6 0.0553 177 266 437 498 8 0.0552 167 400 431 636 11 0.0549 234 384 510 607 6 0.0548 392 531 643 770 5 0.0548 168 258 434 495 13 0.0548 246 383 514 614 6 0.0546 316 73 572 325 0 0.0546 313 146 575 398 11 0.0545 453 599 713 826 5 0.0545 440 396 697 628 6 0.0544 318 449 581 681 5 0.0544 238 318 500 555 8 0.0538 240 124 488 385 7 0.0538 392 532 646 772 7 0.0537 452 469 714 705 11 0.0536 626 411 899 646 11 0.0532 240 252 507 494 11 0.0531 311 322 584 555 11 0.0530 444 472 711 701 10 0.0529 173 267 435 497 6 0.0529 173 403 440 638 0 0.0528 243 254 508 503 13 0.0528 320 449 587 680 7 0.0527 250 249 509 501 11 0.0526 390 66 650 304 13 0.0526 184 455 468 690 7 0.0526 320 144 580 399 8 0.0525 505 403 769 645 6 0.0525 451 472 714 703 8 0.0524 316 19 550 258 7 0.0524 318 449 582 682 3 0.0520 322 516 582 768 5 0.0519 308 17 548 253 5 0.0518 319 575 577 831 0 0.0518 391 65 647 312 5 0.0516 622 408 892 645 0 0.0516 391 390 647 623 13 0.0515 583 415 854 652 10 0.0515 312 27 552 253 13 0.0514 245 527 524 753 8 0.0513 247 457 503 679 11 0.0513 381 794 630 1014 7 0.0513 247 379 510 614 7 0.0512 246 523 518 752 10 0.0511 389 540 644 768 0 0.0510 390 531 639 770 5 0.0510 564 333 831 572 8 0.0507 396 63 641 305 8 0.0507 571 334 828 576 13 0.0507 322 321 590 558 11 0.0507 237 528 511 749 5 0.0505 308 142 568 392 5 0.0505 234 513 506 750 8 0.0504 629 411 889 648 2 0.0503 389 535 634 769 3 0.0503 459 596 710 837 3 0.0502 240 122 497 388 11 0.0502 509 407 778 645 7 0.0501 515 403 783 645 8 0.0501 241 590 495 819 8 0.0501 246 321 496 559 7 0.0500 459 594 717 832 8 0.0500 461 597 703 828
9E7IWn3IRWmTwDJWDuChDtAfRqUWV01V,11 0.0656 241 145 495 383 8 0.0651 263 22 500 270 0 0.0625 259 22 505 272 11 0.0625 255 25 507 266 6 0.0607 251 144 495 387 3 0.0607 261 0 511 201 3 0.0604 263 81 499 332 5 0.0596 250 79 497 323 6 0.0594 192 12 454 261 11 0.0586 170 289 422 510 13 0.0583 250 144 500 386 0 0.0577 333 85 574 327 5 0.0571 185 7 443 259 6 0.0565 186 214 432 445 6 0.0563 235 298 499 521 5 0.0562 176 211 427 441 0 0.0559 182 213 428 447 7 0.0558 194 12 449 262 3 0.0557 252 227 496 455 0 0.0553 246 142 494 388 11 0.0553 298 227 567 447 13 0.0551 262 21 509 268 8 0.0544 248 145 489 386 8 0.0540 186 71 437 322 7 0.0540 259 81 501 327 11 0.0537 628 534 884 756 0 0.0536 307 228 566 455 5 0.0536 226 293 488 517 3 0.0535 342 31 571 272 8 0.0534 182 214 423 446 8 0.0532 633 534 876 761 3 0.0531 187 143 430 393 10 0.0526 250 151 496 385 6 0.0524 335 83 571 321 8 0.0524 232 349 462 573 11 0.0524 329 88 573 316 10 0.0521 174 292 422 510 5 0.0521 628 528 881 758 5 0.0520 324 24 570 262 12 0.0515 253 145 497 386 2 0.0513 184 75 443 324 7 0.0512 187 140 433 385 13 0.0511 187 216 435 446 11 0.0505 118 149 379 389 13 0.0505 234 351 475 575 0 0.0503 234 298 496 526 6 0.0502 309 224 565 452
g5YBwBeqUqjCXbniz1hLDWDHhaPt3Mhk,0 0.0600 571 474 832 711 11 0.0567 380 727 632 944 11 0.0559 449 788 691 1009 0 0.0544 570 793 815 1022 5 0.0541 313 591 564 840 11 0.0539 343 681 701 856 8 0.0537 493 0 753 193 7 0.0537 576 787 821 1022 5 0.0536 444 659 695 899 5 0.0535 562 399 822 659 0 0.0535 321 597 572 847 5 0.0530 245 399 506 641 0 0.0530 445 461 701 697 0 0.0529 443 672 699 906 0 0.0528 509 387 759 641 13 0.0526 491 0 771 193 0 0.0525 314 465 583 717 8 0.0524 569 408 818 657 11 0.0523 573 797 812 1018 0 0.0522 493 0 760 194 7 0.0518 504 655 759 896 11 0.0516 561 411 827 659 6 0.0515 448 460 705 692 5 0.0515 440 451 697 691 8 0.0514 351 677 690 857 11 0.0514 246 404 512 641 7 0.0510 576 407 832 663 5 0.0509 568 786 807 1015 6 0.0508 323 600 578 843 5 0.0506 444 775 688 1005 5 0.0503 485 0 759 187 7 0.0502 453 784 701 1009 3 0.0502 501 0 764 197 0 0.0501 444 787 696 1014 3 0.0501 450 787 695 1017 8 0.0501 446 786 686 1011
85H8j4H2wimmKPhhcpQNCGbLNIvdDpPX,5 0.0562 445 532 716 765 0 0.0552 450 537 719 772 3 0.0551 452 598 709 835 11 0.0549 369 526 639 756 11 0.0545 447 599 708 825 13 0.0541 451 596 713 832 11 0.0535 552 794 818 1018 8 0.0533 448 538 711 766 11 0.0531 447 476 709 703 0 0.0529 373 462 637 706 5 0.0525 442 657 710 890 5 0.0525 367 460 634 701 0 0.0518 556 717 829 951 13 0.0518 377 526 642 762 8 0.0506 373 464 629 699
eF4gL3BmrpvLdlaHRoBW8vljRzJ03ZPl,5 0.0562 763 1 1012 251 11 0.0543 302 734 564 964 5 0.0540 300 727 558 964 8 0.0540 307 728 554 968 7 0.0540 310 731 567 970 10 0.0531 758 14 1014 252 10 0.0530 306 738 563 967 0 0.0525 307 731 564 972 8 0.0520 764 7 1005 250 13 0.0507 306 733 570 974 0 0.0503 761 11 1012 253 11 0.0500 754 11 1018 250
adUALJBFqMcqfzqSLlo4GmHvIydtdBQO,11 0.0565 642 338 892 560 3 0.0546 381 356 634 576 6 0.0542 429 462 682 694 11 0.0539 373 360 634 569 5 0.0536 640 330 887 566 0 0.0533 258 462 503 704 11 0.0527 202 487 562 665 5 0.0526 299 750 574 982 11 0.0523 234 684 514 908 5 0.0522 237 675 508 910 6 0.0519 212 488 564 665 8 0.0517 649 331 881 564 8 0.0516 444 396 685 621 11 0.0514 362 797 620 1009 11 0.0514 239 806 503 1022 3 0.0514 245 799 503 1023 8 0.0513 245 799 492 1023 0 0.0513 239 800 503 1023 8 0.0507 267 352 610 533 7 0.0506 382 356 637 573 0 0.0506 256 590 504 831 0 0.0504 204 408 557 597 8 0.0504 516 324 751 549 11 0.0503 325 276 589 493 0 0.0503 642 333 888 566 5 0.0502 250 348 626 532 7 0.0502 646 335 891 567 3 0.0502 367 792 624 1019
s8BWuHnMHoMi7mrISNhr1O8aJP89COuK,5 0.0653 508 469 759 699 8 0.0628 349 545 699 734 11 0.0627 276 481 632 666 7 0.0627 513 473 763 703 6 0.0621 512 476 764 698 11 0.0616 207 547 559 727 0 0.0614 511 473 765 701 8 0.0614 511 474 761 700 11 0.0600 488 535 755 761 0 0.0600 275 479 634 669 7 0.0600 492 604 848 795 8 0.0594 445 395 704 628 8 0.0593 278 481 625 669 5 0.0592 487 597 837 794 11 0.0592 175 605 441 842 3 0.0586 513 474 764 706 8 0.0580 384 334 637 563 11 0.0579 300 601 562 844 5 0.0574 200 541 559 722 0 0.0568 705 550 956 795 7 0.0567 352 544 711 737 10 0.0563 274 482 631 666 11 0.0562 444 398 707 627 0 0.0560 382 335 641 563 10 0.0558 433 520 702 751 7 0.0557 451 396 708 630 7 0.0554 281 481 633 670 11 0.0554 625 602 878 847 8 0.0553 210 544 553 725 6 0.0551 284 546 646 734 8 0.0550 176 602 433 846 0 0.0549 503 329 757 548 13 0.0549 496 605 850 792 2 0.0549 513 480 763 700 10 0.0548 211 549 558 724 11 0.0546 389 280 642 506 3 0.0540 240 540 506 789 6 0.0539 219 477 573 662 2 0.0538 279 483 628 668 11 0.0537 712 551 958 782 5 0.0536 386 274 638 501 3 0.0533 278 483 630 672 3 0.0533 496 606 842 798 2 0.0530 450 405 708 626 13 0.0529 218 474 576 666 2 0.0527 238 549 510 785 9 0.0527 509 476 760 695 7 0.0525 388 334 646 565 8 0.0522 501 325 751 547 0 0.0520 621 603 884 853 0 0.0519 241 541 513 784 9 0.0516 281 544 636 729 0 0.0513 322 270 573 508 2 0.0509 490 610 843 792 6 0.0509 328 270 576 502 8 0.0506 495 607 834 792 8 0.0505 298 596 550 846 13 0.0504 354 547 716 735 5 0.0504 5 0 362 149 0 0.0502 121 402 381 636 0 0.0501 175 600 442 849 10 0.0501 445 401 712 627 6 0.0500 177 603 444 841
iyHQkUmBQsjOL69J5qfhWcSBLDHJP4E1,11 0.0624 324 330 580 573 11 0.0618 320 790 587 1013 8 0.0597 323 333 572 574 5 0.0590 321 327 575 572 3 0.0585 324 332 578 579 5 0.0573 370 259 635 499 7 0.0567 327 327 581 575 11 0.0566 372 264 639 501 7 0.0560 377 262 641 503 6 0.0555 327 330 585 574 8 0.0552 371 264 629 501 13 0.0551 378 265 644 501 0 0.0550 325 330 579 575 13 0.0548 325 332 585 575 2 0.0542 325 337 577 574 2 0.0537 375 269 638 501 6 0.0535 376 263 643 502 12 0.0531 327 333 579 574 9 0.0530 321 332 579 567 10 0.0520 325 335 580 572 0 0.0518 373 264 640 503 11 0.0507 510 335 783 580 11 0.0502 430 190 697 420 0 0.0501 515 328 771 584 7 0.0500 382 771 637 1003
oA6Na57waywddlS0k6prsjxFpIDwqyAH,5 0.0652 229 285 582 468 11 0.0604 302 0 562 205 8 0.0582 308 2 557 207 11 0.0578 255 195 515 435 0 0.0571 307 1 561 206 5 0.0570 302 0 561 202 0 0.0570 255 193 516 439 6 0.0565 311 3 568 208 7 0.0560 262 189 519 437 11 0.0551 373 663 644 900 6 0.0540 322 210 581 442 13 0.0540 309 0 569 207 7 0.0540 525 590 781 834 6 0.0537 452 586 716 830 13 0.0537 261 193 524 443 2 0.0535 306 6 562 205 11 0.0533 446 591 712 830 3 0.0532 314 32 571 275 3 0.0531 258 198 516 441 10 0.0530 318 213 581 441 8 0.0530 257 196 508 439 7 0.0529 311 0 567 203 7 0.0527 452 653 729 903 3 0.0521 395 1 648 204 8 0.0520 521 594 765 832 11 0.0501 307 730 578 970
vX71C9efGKJ3zS84zmqxpk8XZbUvwdrM,7 0.0657 247 783 496 1023 0 0.0638 189 660 440 898 8 0.0636 245 779 488 1023 5 0.0634 240 781 488 1020 8 0.0623 189 660 430 893 7 0.0613 190 713 431 953 0 0.0605 315 785 560 1023 11 0.0602 244 786 492 1018 13 0.0602 248 786 499 1023 5 0.0601 186 708 427 951 11 0.0600 186 712 432 947 5 0.0597 69 197 323 435 7 0.0593 312 713 567 958 0 0.0583 269 665 625 853 13 0.0576 274 668 633 850 5 0.0563 305 711 559 955 8 0.0563 312 710 557 956 8 0.0556 69 199 323 436 10 0.0555 242 790 493 1021 3 0.0554 189 710 431 956 10 0.0553 184 668 438 892 11 0.0553 305 715 564 956 8 0.0547 269 668 612 850 6 0.0547 189 716 435 953 6 0.0546 245 790 494 1023 5 0.0537 259 665 618 847 2 0.0535 246 789 494 1023 13 0.0533 191 709 437 953 9 0.0527 242 788 492 1021 2 0.0527 185 718 431 955 3 0.0526 313 787 562 1023 11 0.0523 114 212 393 438 12 0.0523 191 709 431 955 6 0.0518 313 717 566 956 6 0.0514 271 669 627 844 13 0.0510 313 714 569 961 2 0.0503 268 673 621 852 10 0.0502 266 672 621 850 10 0.0502 309 720 563 956
Qec1wH4PMD9ga3UrB8cyAPN2BWG0Rhaq,3 0.0621 386 204 641 450 11 0.0609 386 270 651 524 0 0.0597 383 207 642 448 8 0.0595 384 206 637 447 5 0.0595 318 466 572 721 11 0.0592 325 404 579 653 5 0.0592 381 270 647 519 7 0.0590 381 210 648 447 0 0.0588 322 283 574 532 5 0.0587 322 338 566 586 7 0.0574 329 343 573 594 5 0.0570 361 136 643 369 5 0.0568 319 583 572 827 3 0.0568 398 324 646 590 11 0.0567 321 590 578 827 7 0.0566 395 398 650 653 8 0.0565 327 281 567 531 7 0.0565 321 470 579 728 5 0.0564 386 393 644 644 0 0.0564 329 400 581 658 5 0.0561 309 218 571 453 11 0.0560 363 142 649 374 0 0.0546 428 674 701 914 2 0.0545 329 348 573 592 0 0.0544 318 526 583 783 8 0.0543 325 472 572 724 0 0.0542 315 144 584 386 0 0.0541 400 330 643 582 6 0.0541 453 457 714 702 3 0.0536 329 403 580 666 6 0.0535 319 529 590 776 8 0.0535 399 326 638 582 7 0.0533 325 589 582 834 11 0.0529 309 223 578 455 6 0.0529 329 402 589 654 10 0.0528 388 275 653 525 11 0.0526 511 459 760 687 6 0.0524 399 330 650 583 8 0.0523 326 593 570 829 13 0.0523 380 211 651 449 0 0.0520 514 458 759 689 8 0.0517 455 458 701 701 13 0.0515 325 475 584 727 5 0.0509 369 668 632 903 13 0.0509 389 597 641 835 3 0.0504 320 532 583 785 2 0.0502 321 479 580 727 2 0.0501 390 280 651 522
wWByWqZjbgnK91sTtORXfmf8sxFmhlzx,11 0.0659 179 716 434 962 11 0.0646 505 588 757 826 11 0.0634 249 783 498 1020 0 0.0631 503 586 757 831 8 0.0626 181 714 430 963 0 0.0619 178 713 434 963 5 0.0615 245 779 495 1020 8 0.0614 251 779 492 1023 0 0.0614 246 779 498 1023 8 0.0612 505 587 751 828 5 0.0610 504 587 754 828 13 0.0601 184 715 439 965 7 0.0595 510 586 759 830 7 0.0595 180 714 436 963 6 0.0593 507 588 759 829 2 0.0586 504 592 755 830 5 0.0584 177 714 430 961 7 0.0582 251 780 500 1023 10 0.0574 505 592 752 828 10 0.0574 249 781 496 1020 13 0.0574 252 783 504 1023 3 0.0562 506 587 755 834 6 0.0557 181 716 435 964 3 0.0553 251 779 498 1023 13 0.0549 508 590 761 830 3 0.0548 181 714 434 968 2 0.0543 179 719 437 963 2 0.0541 250 786 498 1023 10 0.0541 179 718 432 963 6 0.0532 250 783 500 1023 12 0.0528 507 587 756 831 1 0.0509 500 585 756 829 9 0.0503 504 590 756 829 4 0.0501 504 591 760 833
hqhqOGcA5wMfJH8VlAAOIWCZXATJPaQO,0 0.0679 508 280 765 517 7 0.0648 426 467 701 704 5 0.0633 434 335 708 578 5 0.0617 376 217 631 441 6 0.0614 446 345 720 580 3 0.0612 446 342 713 586 5 0.0610 301 398 558 655 3 0.0607 307 407 563 657 11 0.0605 378 543 623 786 11 0.0604 442 347 714 579 8 0.0602 453 287 709 526 6 0.0600 382 283 647 519 0 0.0600 380 542 626 789 11 0.0600 423 472 697 704 8 0.0599 311 408 554 653 5 0.0598 307 279 565 522 8 0.0594 382 540 616 783 6 0.0594 512 280 770 514 5 0.0591 501 272 763 512 3 0.0590 383 287 644 525 0 0.0585 386 219 638 446 11 0.0582 378 288 643 519 2 0.0582 508 283 768 515 6 0.0581 382 409 645 646 7 0.0579 448 343 717 582 7 0.0579 381 541 628 788 11 0.0578 506 279 768 511 5 0.0577 376 529 625 786 13 0.0577 260 460 510 712 0 0.0572 449 153 704 376 8 0.0571 377 340 637 577 11 0.0570 293 343 569 582 3 0.0569 430 467 698 710 6 0.0568 302 338 571 581 11 0.0567 236 403 494 645 0 0.0566 717 432 1023 614 5 0.0566 226 330 489 573 8 0.0563 384 217 631 444 11 0.0560 313 466 568 697 8 0.0559 318 283 563 524 7 0.0558 385 285 645 521 3 0.0552 317 528 562 769 0 0.0551 425 464 693 708 13 0.0550 382 287 647 523 8 0.0547 238 335 483 578 0 0.0545 316 459 567 700 10 0.0543 424 413 701 640 8 0.0543 697 494 1012 677 7 0.0542 319 460 572 696 13 0.0542 384 478 639 710 2 0.0541 445 349 713 581 0 0.0540 316 281 572 526 5 0.0540 418 454 695 701 0 0.0540 446 342 711 582 3 0.0539 509 277 767 519 13 0.0537 235 336 498 582 6 0.0537 389 144 637 358 7 0.0536 511 274 771 513 6 0.0534 722 430 1023 608 13 0.0531 430 412 702 642 13 0.0525 506 277 770 514 3 0.0524 315 208 574 447 11 0.0524 386 144 632 359 13 0.0524 393 140 641 359 6 0.0524 248 270 498 513 0 0.0522 239 398 494 648 5 0.0521 705 427 1022 609 7 0.0521 236 335 494 575 10 0.0520 297 345 572 581 12 0.0517 444 340 716 578 10 0.0516 380 544 629 785 11 0.0516 713 433 1023 607 5 0.0516 375 58 640 279 6 0.0513 317 207 574 439 11 0.0511 239 277 495 514 10 0.0510 505 281 769 512 9 0.0510 503 279 767 511 1 0.0510 375 283 640 522 0 0.0508 587 232 848 463 2 0.0505 384 223 637 443
FXmkmMeo2vPJhqIuZsp7oBrhE2uQJ4ll,5 0.0624 493 783 746 1019 8 0.0603 501 276 752 522 8 0.0595 488 8 751 251 11 0.0593 484 10 757 250 3 0.0587 492 10 758 255 11 0.0584 497 278 765 518 11 0.0584 433 790 688 1014 0 0.0583 578 145 828 381 11 0.0582 574 147 831 377 7 0.0572 443 784 690 1020 13 0.0570 498 137 763 390 8 0.0568 495 138 746 389 0 0.0566 490 5 758 254 7 0.0565 317 776 568 1015 8 0.0564 497 787 742 1018 0 0.0561 501 279 760 522 10 0.0555 498 277 764 520 6 0.0548 508 213 767 457 5 0.0545 498 206 757 460 0 0.0544 496 789 751 1023 5 0.0538 246 384 498 633 7 0.0533 506 274 766 522 8 0.0529 252 388 492 639 3 0.0528 503 280 762 528 5 0.0527 434 699 684 944 8 0.0526 569 218 813 462 6 0.0526 490 7 761 249 0 0.0525 376 781 631 1015 6 0.0524 439 710 686 946 8 0.0523 436 709 676 943 5 0.0522 373 774 626 1012 5 0.0522 486 0 754 250 8 0.0521 375 782 622 1013 11 0.0519 311 782 563 1012 2 0.0518 498 794 749 1023 13 0.0518 322 780 575 1015 10 0.0516 565 218 821 458 5 0.0515 574 141 825 377 13 0.0513 501 792 758 1023 10 0.0513 431 788 690 1019 7 0.0513 492 4 761 251 2 0.0512 495 142 756 390 13 0.0512 493 4 765 252 10 0.0512 494 142 755 388 6 0.0511 496 792 750 1020 3 0.0505 434 788 688 1022 3 0.0505 499 144 755 397 7 0.0504 498 134 759 391 11 0.0503 248 390 500 638 13 0.0503 503 277 769 522
SRpg8wWQ22BDbQipPoko4t3nYfh63tMV,5 0.0669 333 865 704 1020 5 0.0644 227 785 489 1020 8 0.0622 303 792 555 1023 0 0.0616 302 793 559 1023 11 0.0615 313 736 575 976 5 0.0605 312 729 571 975 0 0.0604 439 584 695 834 0 0.0602 380 728 644 975 8 0.0599 176 788 424 1023 7 0.0590 316 734 577 980 7 0.0588 347 865 721 1023 13 0.0580 306 796 565 1023 11 0.0575 231 790 491 1020 11 0.0573 342 867 709 1021 3 0.0568 349 805 712 991 10 0.0565 313 735 573 973 11 0.0565 380 666 650 906 2 0.0564 344 871 714 1023 7 0.0562 235 789 495 1021 13 0.0560 384 732 646 974 0 0.0556 171 788 430 1023 3 0.0552 384 663 649 915 2 0.0551 236 794 490 1023 11 0.0548 439 589 699 830 7 0.0547 383 662 650 909 6 0.0546 346 871 719 1023 13 0.0541 178 793 438 1023 6 0.0540 304 798 564 1020 0 0.0540 380 464 638 712 11 0.0537 313 597 573 833 10 0.0537 231 794 493 1022 6 0.0532 179 790 432 1022 8 0.0532 381 728 636 971 3 0.0530 235 790 492 1023 10 0.0529 342 869 711 1023 11 0.0527 383 523 639 762 0 0.0527 315 594 576 837 7 0.0525 446 583 696 830 6 0.0521 394 662 760 845 5 0.0520 380 585 634 832 11 0.0520 774 347 1023 586 6 0.0517 386 729 647 970 3 0.0509 444 583 697 837 10 0.0507 381 667 651 903 3 0.0505 315 599 574 841 5 0.0504 398 791 752 978 8 0.0503 317 595 564 833 11 0.0500 374 399 639 631
RV1hZCGXGHu0F3JO9GgtDsGS6nxuWqDZ,11 0.0609 240 779 499 1013 7 0.0598 243 776 505 1014 8 0.0565 243 776 494 1013 0 0.0563 241 774 500 1016 5 0.0553 238 773 498 1012 3 0.0552 241 776 502 1020 6 0.0524 244 776 503 1015 2 0.0516 241 783 501 1014 13 0.0514 245 776 508 1016 10 0.0508 238 778 500 1012
baEZhABPF44doRzedu4BICmqvYJPTjEl,7 0.0588 506 785 755 1022 11 0.0560 503 790 750 1017 0 0.0558 505 788 752 1023 5 0.0554 316 663 685 842 7 0.0542 325 667 697 847 8 0.0532 512 788 742 1020 11 0.0531 318 669 696 843 3 0.0526 507 791 749 1023 5 0.0517 503 785 745 1021 0 0.0515 320 668 693 847 5 0.0506 703 43 1020 216 13 0.0505 332 671 701 847 6 0.0503 507 792 752 1021
KTLudnXMpRtVqjtuTgPy2uSw4hFiDNM2,0 0.0639 580 138 830 372 5 0.0624 505 112 756 365 8 0.0619 515 10 754 259 3 0.0598 585 135 829 376 11 0.0597 580 29 836 266 0 0.0593 499 200 752 444 8 0.0590 580 137 821 374 8 0.0587 315 145 571 387 0 0.0581 515 70 757 310 11 0.0579 576 138 834 370 8 0.0574 343 0 684 148 13 0.0573 583 27 840 263 10 0.0572 360 213 631 448 13 0.0572 511 119 763 365 0 0.0566 311 144 579 393 6 0.0560 319 206 581 446 3 0.0560 592 23 834 269 7 0.0558 512 117 759 366 11 0.0558 498 205 752 439 5 0.0555 306 199 577 446 11 0.0555 305 334 569 570 11 0.0555 306 149 579 385 5 0.0555 510 7 762 257 3 0.0552 503 198 750 448 10 0.0550 309 336 567 570 5 0.0550 334 0 693 148 7 0.0549 444 210 692 438 7 0.0549 586 77 833 314 6 0.0548 585 142 836 369 13 0.0547 370 212 639 448 0 0.0545 345 0 694 151 5 0.0545 580 72 831 314 8 0.0541 311 18 564 261 8 0.0540 501 199 746 442 0 0.0539 310 17 568 267 11 0.0539 243 405 498 633 2 0.0539 502 206 750 442 5 0.0538 299 72 568 321 10 0.0538 507 124 755 365 8 0.0535 254 275 497 501 8 0.0535 634 38 871 260 7 0.0533 351 0 699 150 6 0.0532 348 2 704 149 10 0.0532 583 33 831 265 0 0.0532 629 212 889 455 7 0.0530 521 10 769 258 11 0.0530 310 19 575 256 11 0.0530 364 406 633 632 11 0.0529 342 1 701 147 0 0.0526 623 0 883 206 0 0.0525 247 217 503 449 6 0.0524 443 210 689 437 3 0.0523 312 79 568 329 6 0.0522 522 71 762 313 2 0.0521 581 144 831 374 7 0.0521 319 208 583 447 6 0.0521 257 277 507 507 8 0.0520 629 213 878 453 5 0.0518 245 266 505 503 6 0.0515 313 333 569 575 6 0.0512 240 149 504 371 6 0.0510 312 80 573 318 13 0.0509 255 274 515 509 7 0.0508 506 268 759 511 3 0.0506 346 0 697 152 3 0.0504 319 207 577 457 2 0.0503 315 211 576 449 13 0.0501 347 0 703 149
yN1Wn2s3t5dWMZGkGTUChb2gz1Ljl84S,0 0.0601 248 322 503 563 5 0.0583 245 382 501 634 13 0.0578 300 260 566 508 11 0.0576 247 326 502 560 5 0.0575 629 446 894 692 13 0.0573 289 0 660 151 5 0.0571 182 314 442 548 7 0.0569 304 330 555 577 6 0.0557 253 390 503 638 13 0.0552 258 387 508 639 10 0.0551 297 269 558 505 11 0.0547 183 389 454 630 3 0.0546 316 22 581 263 7 0.0540 634 448 899 693 7 0.0535 251 444 497 702 8 0.0534 304 337 548 573 11 0.0533 307 28 582 254 11 0.0533 282 3 657 145 8 0.0532 314 24 569 255 5 0.0526 282 0 641 148 9 0.0522 296 262 557 498 11 0.0521 248 198 519 428 3 0.0519 248 331 504 568 7 0.0518 191 313 448 553 3 0.0515 392 136 641 365 8 0.0515 191 319 443 551 0 0.0514 245 439 497 701 6 0.0513 185 321 450 551 0 0.0513 286 0 646 152 8 0.0513 634 448 889 690 6 0.0511 128 393 397 637 8 0.0509 290 0 645 149 10 0.0507 253 393 502 637 11 0.0506 382 137 641 356 5 0.0506 168 449 428 691 13 0.0503 191 320 452 553 13 0.0500 175 450 440 701
9ULrbdGcLHacT0huZMfKSZY8h5OMUMII,8 0.0568 260 81 495 327 11 0.0565 253 84 505 328 11 0.0561 372 11 634 245 8 0.0549 20 0 372 150 11 0.0538 209 413 570 601 3 0.0533 251 140 499 392 0 0.0531 216 411 566 607 0 0.0526 110 458 373 701 8 0.0526 375 11 621 251 10 0.0522 144 471 492 656 11 0.0516 14 2 391 151 11 0.0516 133 470 498 654 3 0.0515 253 24 498 273 5 0.0512 240 137 494 381 5 0.0511 131 464 491 655 5 0.0510 180 565 451 812 3 0.0506 382 10 629 257 0 0.0501 18 0 382 153
0jCWqfkaOie0EE2rTXDzIQ1jj87qMUev,7 0.0610 285 413 635 598 11 0.0602 361 601 629 839 8 0.0601 366 601 622 841 5 0.0595 289 521 554 770 8 0.0588 295 530 553 770 11 0.0586 286 417 626 597 11 0.0585 293 531 559 772 0 0.0581 370 664 623 901 7 0.0577 299 525 561 771 8 0.0569 290 417 614 596 0 0.0561 311 388 577 627 3 0.0560 370 599 627 845 5 0.0547 363 595 624 841 11 0.0546 180 261 439 497 0 0.0546 429 602 692 846 8 0.0534 442 668 696 906 10 0.0534 429 606 693 844 5 0.0531 304 382 572 622 3 0.0531 309 387 577 630 11 0.0530 438 671 703 902 13 0.0529 371 663 631 902 0 0.0528 294 525 558 772 11 0.0521 626 423 889 649 5 0.0520 438 662 699 906 6 0.0519 434 602 695 842 2 0.0514 299 532 560 768 11 0.0512 239 328 515 554 2 0.0512 430 608 693 843 3 0.0509 446 666 705 911 10 0.0509 293 532 560 772 7 0.0508 369 600 629 842 0 0.0507 637 423 890 654 5 0.0507 627 416 881 653 8 0.0504 637 424 880 653 8 0.0503 365 723 613 958 6 0.0500 372 662 627 898
ghrUhi8uvMbdt9gziNjks4iEpyB5GHbJ,7 0.0609 194 341 443 576 0 0.0606 249 347 502 578 11 0.0602 186 345 445 576 8 0.0595 577 585 812 826 8 0.0591 561 723 811 954 11 0.0590 572 587 819 820 5 0.0574 188 192 442 431 8 0.0574 121 337 388 580 6 0.0574 320 343 570 571 8 0.0573 434 789 683 1022 8 0.0568 251 345 489 575 11 0.0566 436 794 691 1023 7 0.0565 498 781 755 1023 6 0.0564 196 346 446 577 5 0.0563 316 334 557 570 8 0.0562 190 279 438 504 5 0.0561 490 778 741 1018 3 0.0558 189 278 448 510 13 0.0556 194 341 449 579 6 0.0555 252 410 510 642 11 0.0554 245 411 506 641 5 0.0553 119 461 390 712 0 0.0552 190 282 448 506 0 0.0551 577 590 822 828 7 0.0551 248 268 501 506 11 0.0551 245 273 500 502 0 0.0549 565 721 819 956 11 0.0549 563 727 816 950 0 0.0547 332 276 574 500 7 0.0547 322 335 568 574 6 0.0547 627 611 885 835 5 0.0546 187 339 441 572 6 0.0546 122 402 395 650 0 0.0545 386 335 632 568 11 0.0543 317 340 565 569 3 0.0540 248 344 499 579 13 0.0536 500 786 755 1023 0 0.0535 492 781 750 1023 0 0.0534 249 215 503 439 6 0.0533 249 276 503 507 7 0.0532 250 405 504 648 6 0.0532 436 797 695 1023 10 0.0532 192 350 438 574 11 0.0531 110 404 395 646 13 0.0531 119 399 397 650 5 0.0529 241 402 499 642 5 0.0528 242 269 495 503 10 0.0528 571 591 820 825 5 0.0524 571 586 815 822 7 0.0524 127 268 399 516 13 0.0524 575 585 829 826 11 0.0522 257 149 513 375 7 0.0520 196 188 449 431 7 0.0516 577 584 825 824 2 0.0513 253 354 497 575 13 0.0512 567 724 826 956 6 0.0511 565 727 817 955 8 0.0511 123 463 381 716 3 0.0509 127 339 399 584 10 0.0507 193 201 446 431 7 0.0505 568 723 824 957 13 0.0504 247 408 508 646 13 0.0503 323 336 574 572 5 0.0503 561 721 815 953 3 0.0502 627 544 886 782 7 0.0501 127 462 394 713 2 0.0501 437 799 693 1023
TgP4Z2xEKPJzo8hupzMG3zJ4kukPYZPX,11 0.0633 623 549 890 778 11 0.0613 505 451 764 695 11 0.0609 373 470 628 696 7 0.0607 512 447 767 697 8 0.0607 378 467 625 695 0 0.0604 573 410 835 641 0 0.0604 631 480 895 712 0 0.0593 504 452 761 701 0 0.0592 359 528 621 757 3 0.0580 509 449 759 701 8 0.0576 508 448 754 697 5 0.0573 353 588 617 817 8 0.0573 578 405 829 635 8 0.0573 627 546 882 779 11 0.0569 354 592 623 819 8 0.0567 361 590 616 819 13 0.0561 509 448 771 697 6 0.0555 434 470 692 701 10 0.0550 361 531 621 756 5 0.0548 621 544 886 780 7 0.0544 631 548 895 782 7 0.0544 516 338 761 574 2 0.0542 509 456 762 697 13 0.0540 366 530 625 758 5 0.0540 571 405 831 636 0 0.0535 303 600 571 830 6 0.0533 513 395 761 632 5 0.0532 429 464 687 700 10 0.0531 304 603 571 827 3 0.0531 365 531 623 761 0 0.0528 512 345 755 576 6 0.0525 636 476 901 713 7 0.0524 305 598 577 829 7 0.0524 364 527 625 757 5 0.0521 306 458 569 694 8 0.0521 260 455 503 686 8 0.0516 449 2 695 195 10 0.0514 507 397 759 634 3 0.0513 637 477 893 715 7 0.0513 381 277 640 500 2 0.0513 364 535 621 757 2 0.0513 576 412 834 635 10 0.0511 627 481 893 708 10 0.0507 431 470 691 700 11 0.0506 239 667 516 902 11 0.0504 494 24 774 211
IIZjr0ytsrqlY9ILdLzClmSSl3WNsf5B,0 0.0618 442 390 687 642 11 0.0579 242 797 492 1020 0 0.0572 322 209 585 435 7 0.0566 330 204 589 434 7 0.0562 445 384 694 639 11 0.0556 443 390 687 638 8 0.0554 441 388 681 637 5 0.0554 322 202 580 434 8 0.0544 321 207 577 432 11 0.0542 323 210 588 431 8 0.0538 243 794 485 1019 3 0.0535 325 208 585 435 7 0.0533 565 392 825 636 11 0.0530 299 601 580 826 11 0.0523 561 394 818 628 13 0.0523 251 796 503 1023 0 0.0522 245 795 494 1023 5 0.0522 439 384 686 638 13 0.0518 326 206 596 429 3 0.0516 448 392 686 644 8 0.0513 561 390 817 631 6 0.0513 328 209 587 433 7 0.0513 246 792 502 1022 13 0.0512 567 392 830 633 2 0.0512 442 397 691 639 13 0.0510 444 391 695 638 5 0.0509 241 793 486 1015 6 0.0507 443 395 694 639 0 0.0505 303 604 579 826 0 0.0505 551 445 810 691 10 0.0503 311 534 578 766 6 0.0502 568 392 827 629
foJG4alkgiPGt61t4u0pRWo1c4e6TUwE,11 0.0611 267 416 634 601 7 0.0603 458 389 711 621 8 0.0590 268 488 620 670 5 0.0586 451 387 707 621 7 0.0579 277 415 638 601 3 0.0570 274 416 635 605 7 0.0562 517 321 771 555 11 0.0561 262 550 637 726 5 0.0557 580 266 819 512 11 0.0557 455 394 705 620 0 0.0555 454 393 706 623 0 0.0554 268 416 638 604 8 0.0551 458 391 700 620 0 0.0550 512 326 767 558 6 0.0545 462 393 709 622 7 0.0545 270 548 642 726 10 0.0544 454 395 712 622 3 0.0542 459 393 711 627 5 0.0540 266 413 627 601 13 0.0537 459 391 713 624 6 0.0537 521 328 771 553 13 0.0533 277 416 641 605 0 0.0528 261 549 636 731 8 0.0528 516 323 757 555 11 0.0528 203 801 451 1017 5 0.0524 186 141 436 366 11 0.0523 186 149 439 369 11 0.0520 514 328 765 551 10 0.0518 266 491 631 669 13 0.0517 518 327 773 556 10 0.0513 516 330 770 556 3 0.0513 267 552 637 732 0 0.0509 193 148 444 376 7 0.0500 265 792 509 1023
fZvLa0bOi9Mnyt274IdvciWYL7RVe8si,8 0.0582 479 414 821 604 0 0.0574 475 420 835 602 11 0.0563 562 655 834 893 11 0.0557 470 420 834 602 8 0.0557 511 524 763 761 5 0.0557 470 414 827 601 13 0.0547 243 0 501 199 6 0.0545 627 324 891 552 5 0.0542 191 342 573 522 11 0.0538 432 793 694 1014 0 0.0535 307 0 559 201 5 0.0533 613 322 887 551 7 0.0530 251 313 501 562 11 0.0529 505 525 771 755 11 0.0527 245 316 503 560 7 0.0524 486 417 834 602 11 0.0522 233 797 488 1010 13 0.0522 628 325 896 555 8 0.0521 242 5 486 196 6 0.0521 244 0 501 194 0 0.0519 511 526 768 763 7 0.0517 117 777 385 1004 5 0.0514 158 779 427 1007 11 0.0514 240 20 508 262 3 0.0514 307 0 560 205 10 0.0514 448 408 697 629 6 0.0512 448 405 700 630 8 0.0507 113 652 365 895 3 0.0505 451 406 695 637 0 0.0504 617 323 891 557 11 0.0500 618 324 892 551 7 0.0500 252 18 504 267 0 0.0500 250 318 503 564
wDEU2zhSlT3GcRQk7wejyafyirVSlJAV,5 0.0542 75 0 435 157 11 0.0537 423 152 698 374 6 0.0520 443 79 705 314 5 0.0518 427 142 689 374 8 0.0516 433 150 688 378 0 0.0509 431 149 693 377 11 0.0500 444 29 720 263
HiUWk5L4pP6pignpWVOkhbz3GKKPwPMV,11 0.0560 368 801 620 1021 11 0.0549 238 787 493 1011 5 0.0544 637 522 888 757 7 0.0544 242 782 497 1018 7 0.0529 377 797 628 1023 11 0.0524 355 667 624 898
Kn1BISPAxdgp6UUZP2Q8jMxZagK6e5FM,11 0.0625 366 286 626 516 0 0.0623 315 0 577 211 6 0.0593 316 284 562 516 6 0.0584 384 206 630 450 0 0.0575 432 276 684 516 11 0.0564 379 138 637 378 0 0.0560 378 136 641 382 5 0.0554 374 133 637 378 7 0.0553 454 135 706 391 8 0.0550 381 135 634 380 3 0.0550 508 281 759 514 3 0.0547 379 207 631 454 7 0.0544 436 278 687 515 8 0.0544 433 277 677 514 13 0.0543 382 203 638 451 5 0.0538 428 274 681 515 5 0.0534 303 276 562 515 0 0.0531 323 214 580 450 7 0.0530 515 77 768 313 3 0.0530 454 142 697 394 13 0.0527 312 281 571 519 11 0.0526 498 141 763 371 13 0.0525 439 277 689 514 8 0.0522 326 0 569 201 7 0.0522 380 201 634 450 6 0.0521 439 276 686 513 2 0.0519 434 282 684 514 0 0.0516 504 196 756 443 11 0.0514 441 816 709 1011 8 0.0512 762 0 1014 193 11 0.0509 566 85 814 307 11 0.0508 761 2 1022 195 11 0.0507 298 353 564 584 8 0.0505 309 283 554 514 6 0.0505 451 141 705 389 11 0.0503 499 282 765 505 13 0.0503 454 137 711 388 5 0.0502 505 80 758 311 10 0.0501 378 141 643 380 7 0.0501 310 281 566 516
Eo5l2CwCECOxvbg9p2FNQ9jHXxzUN8IT,8 0.0606 386 9 641 258 7 0.0590 388 6 650 257 3 0.0572 393 10 646 259 0 0.0564 384 12 649 257 11 0.0559 376 89 632 332 10 0.0542 387 15 647 256 5 0.0532 429 76 696 323 11 0.0523 423 396 698 634 11 0.0519 487 464 762 703 6 0.0519 389 10 654 255 11 0.0506 243 359 497 577
9qpEKnWgVDpUtz1rhUoAvo9PP3WIJ8So,5 0.0611 383 517 629 757 11 0.0604 246 597 509 838 8 0.0594 321 512 569 756 6 0.0590 317 586 574 834 5 0.0587 385 389 635 631 7 0.0577 248 596 512 835 8 0.0576 390 389 631 632 11 0.0575 389 392 636 627 6 0.0572 389 522 635 756 7 0.0569 321 516 576 756 5 0.0566 311 581 565 830 7 0.0563 391 390 641 632 11 0.0561 383 523 630 756 8 0.0561 250 593 504 837 0 0.0552 387 391 637 634 13 0.0552 253 669 519 913 11 0.0550 490 15 766 247 8 0.0549 498 10 761 250 0 0.0546 378 587 630 831 0 0.0545 244 666 514 913 0 0.0544 576 0 836 207 2 0.0544 389 527 628 757 13 0.0544 321 513 583 760 11 0.0538 193 731 447 951 0 0.0537 371 711 625 961 5 0.0533 245 392 506 640 6 0.0532 336 388 582 629 13 0.0531 390 394 646 633 13 0.0530 255 399 517 645 8 0.0527 384 590 623 825 3 0.0527 249 668 516 915 10 0.0525 387 395 640 632 8 0.0525 251 396 501 639 2 0.0524 315 592 569 831 11 0.0522 247 400 506 640 0 0.0521 320 513 575 760 3 0.0520 316 590 573 841 13 0.0517 387 590 635 828 10 0.0516 249 597 510 837 3 0.0514 338 390 584 635 3 0.0514 387 524 632 765 2 0.0512 391 399 637 632 9 0.0510 385 394 638 626 5 0.0507 241 664 509 908 10 0.0505 320 515 574 758 7 0.0504 383 592 632 830 7 0.0502 501 8 768 252
sFmBNSMylxOHdRC2sIWnzV0iu1RP5wiX,7 0.0642 437 735 697 975 11 0.0641 438 667 703 892 0 0.0630 437 665 705 900 8 0.0627 443 662 699 897 5 0.0606 496 731 754 966 11 0.0598 559 747 829 978 7 0.0582 568 744 833 983 0 0.0577 498 733 761 973 0 0.0576 368 724 625 975 8 0.0575 501 733 752 967 5 0.0575 365 720 623 966 10 0.0574 441 666 703 897 8 0.0570 373 722 620 969 3 0.0565 443 662 703 900 5 0.0564 439 659 699 896 10 0.0563 561 746 828 982 6 0.0557 445 666 704 896 10 0.0552 368 729 623 969 12 0.0548 503 734 760 971 11 0.0547 183 274 447 498 13 0.0545 446 664 706 898 8 0.0540 5 0 342 143 13 0.0535 377 726 631 971 1 0.0532 438 660 701 897 5 0.0529 46 0 307 193 0 0.0525 7 0 360 146 11 0.0521 50 0 310 195 2 0.0520 439 668 704 897 10 0.0519 49 2 305 194 2 0.0518 500 737 764 970 6 0.0517 566 748 832 980 3 0.0516 563 744 826 988 13 0.0516 567 748 835 984 12 0.0514 445 663 705 898 8 0.0512 519 273 767 506 5 0.0512 182 270 435 500 11 0.0511 521 275 776 500 6 0.0511 54 1 313 194
mHnkMJfNrVrlpSsK7Mhws5abFLuiMdWG,11 0.0651 74 680 439 852 0 0.0635 77 678 435 859 10 0.0630 71 683 433 856 11 0.0620 14 747 390 912 8 0.0616 78 679 425 854 7 0.0614 84 677 439 855 0 0.0608 252 670 504 909 7 0.0606 255 717 502 966 5 0.0605 72 677 432 853 11 0.0600 251 719 498 958 5 0.0600 251 715 496 960 8 0.0593 251 670 495 905 0 0.0584 13 746 384 916 8 0.0576 14 747 378 912 7 0.0562 24 746 387 918 6 0.0562 256 721 503 961 10 0.0555 11 748 384 914 3 0.0553 84 678 434 858 10 0.0551 253 722 501 961 5 0.0549 9 744 378 914 3 0.0548 24 747 384 920 6 0.0544 14 748 386 912 3 0.0539 252 666 503 912 7 0.0538 262 596 503 828 13 0.0530 19 746 396 915 13 0.0525 82 680 447 857 6 0.0525 79 682 440 855 10 0.0517 257 599 499 830 2 0.0515 76 683 436 859 11 0.0513 253 596 499 826 13 0.0505 258 719 507 963 7 0.0505 325 531 573 758 1 0.0502 72 675 436 856 1 0.0501 9 742 382 914
l4Rt0teZMcMC21hvCmW7oG1s8v8SpgFK,0 0.0647 388 464 637 706 0 0.0646 262 875 635 1023 5 0.0641 253 873 634 1020 11 0.0638 260 875 633 1021 5 0.0622 187 355 574 535 5 0.0619 421 794 674 1016 8 0.0618 267 873 632 1023 5 0.0605 314 471 571 713 7 0.0595 324 403 585 647 11 0.0594 373 669 643 908 11 0.0594 388 394 637 626 10 0.0592 257 877 639 1022 0 0.0591 446 395 705 644 7 0.0588 383 326 629 566 7 0.0587 426 795 681 1023 11 0.0583 315 473 579 709 5 0.0582 371 1 633 232 11 0.0576 424 798 678 1016 7 0.0576 253 338 509 573 11 0.0573 317 334 579 566 7 0.0572 450 395 706 641 13 0.0572 390 464 639 702 0 0.0572 373 662 639 914 3 0.0571 323 407 582 648 0 0.0571 425 796 677 1023 8 0.0571 378 662 634 910 13 0.0570 381 329 638 564 13 0.0568 381 728 627 966 7 0.0567 265 874 644 1023 3 0.0566 430 794 677 1023 6 0.0563 267 879 640 1023 13 0.0561 272 876 646 1023 11 0.0559 324 15 577 253 11 0.0556 435 19 685 247 11 0.0554 450 338 697 569 6 0.0553 386 464 643 702 8 0.0550 390 392 629 630 8 0.0548 426 794 671 1021 5 0.0546 386 389 634 627 6 0.0543 317 337 585 570 3 0.0542 269 875 641 1023 10 0.0540 375 729 625 961 0 0.0537 182 274 440 514 8 0.0535 317 334 564 570 3 0.0535 249 343 505 574 8 0.0534 381 265 629 504 0 0.0534 379 327 628 565 2 0.0532 323 411 580 647 13 0.0531 335 13 581 249 10 0.0531 317 339 574 566 6 0.0528 378 726 625 962 10 0.0525 376 12 638 235 0 0.0525 435 19 681 250 6 0.0524 336 16 579 248 3 0.0522 380 325 629 568 11 0.0521 557 272 814 505 6 0.0521 429 800 678 1018 0 0.0520 451 273 690 508 7 0.0519 454 272 696 506 6 0.0518 456 340 703 571 13 0.0517 266 274 531 508 8 0.0515 450 332 690 572 10 0.0515 387 397 637 625 10 0.0513 426 800 679 1020 0 0.0512 329 14 570 256 5 0.0512 446 329 690 566 3 0.0507 382 660 641 915 11 0.0504 382 270 644 498 8 0.0503 333 18 565 248 8 0.0503 320 473 571 711 5 0.0502 0 367 259 586 13 0.0501 452 395 711 638 12 0.0501 325 408 581 645 10 0.0501 312 478 576 711
WSiFAk5lyuP5jUKCjUF6hR2q0fcjJxp5,7 0.0672 448 403 705 644 8 0.0633 444 402 698 642 11 0.0629 443 404 700 639 0 0.0627 446 401 700 644 8 0.0618 0 776 229 1010 0 0.0617 383 325 638 562 5 0.0617 380 323 638 560 11 0.0609 381 330 640 561 0 0.0606 0 779 237 1014 11 0.0604 0 780 235 1007 7 0.0593 387 329 643 565 3 0.0586 448 405 701 647 13 0.0578 0 781 242 1011 6 0.0574 306 337 575 571 8 0.0570 387 329 634 564 11 0.0567 378 199 632 439 6 0.0561 386 405 637 649 3 0.0552 386 330 639 569 13 0.0550 447 406 704 643 10 0.0549 384 410 634 647 2 0.0532 446 409 699 641 1 0.0531 382 399 630 647 11 0.0528 302 656 576 881 6 0.0526 2 778 240 1005 2 0.0526 388 332 636 562 3 0.0524 4 775 237 1015 11 0.0524 69 722 317 954 10 0.0523 0 778 233 1011 5 0.0517 0 775 229 1006 13 0.0516 386 332 646 566 0 0.0511 69 724 318 965 0 0.0509 308 191 560 435 7 0.0502 0 777 236 1011 1 0.0500 0 770 236 1008
FCQ55FcA7ZowEZYOcLRVY3zc7UPz5cZc,11 0.0622 384 453 643 695 11 0.0607 496 602 761 837 0 0.0607 0 808 248 1023 0 0.0584 494 599 760 844 5 0.0571 311 386 577 640 11 0.0571 514 466 769 712 7 0.0570 501 599 763 839 0 0.0568 442 524 712 768 3 0.0566 387 454 641 701 8 0.0563 496 600 751 840 11 0.0563 447 398 704 631 7 0.0561 445 524 714 764 11 0.0559 568 536 825 775 0 0.0556 565 470 813 714 8 0.0555 386 454 633 697 11 0.0553 315 387 580 638 13 0.0551 575 603 835 842 13 0.0548 391 394 650 643 5 0.0547 568 601 826 836 8 0.0546 409 418 757 601 0 0.0546 522 333 765 557 7 0.0544 326 453 579 705 6 0.0543 389 453 647 696 7 0.0539 521 463 771 710 0 0.0538 405 418 772 601 13 0.0537 411 548 767 736 5 0.0535 503 529 760 774 8 0.0535 442 522 702 762 11 0.0535 0 673 232 907 0 0.0534 0 671 232 914 11 0.0534 0 812 250 1020 10 0.0533 494 600 757 837 5 0.0531 104 0 374 190 6 0.0528 521 464 772 712 8 0.0527 1 802 241 1022 3 0.0526 496 600 761 846 3 0.0525 403 550 763 741 10 0.0524 517 400 759 634 7 0.0521 393 391 647 638 7 0.0519 327 322 579 565 6 0.0517 574 604 831 841 13 0.0517 326 453 583 711 5 0.0516 314 513 579 752 8 0.0516 318 389 568 645 0 0.0515 324 514 579 763 7 0.0515 115 0 382 188 11 0.0514 107 2 377 192 13 0.0514 572 471 821 716 2 0.0514 387 457 643 698 7 0.0512 573 535 828 778 2 0.0510 496 604 762 839 8 0.0509 114 0 364 191 8 0.0506 572 533 817 780 3 0.0505 323 522 581 766
zgrJ2e8kkxX9bFlBD0WCcpyHThXisIe9,11 0.0620 438 414 696 630 11 0.0612 313 658 574 897 7 0.0577 382 409 631 636 0 0.0574 437 412 696 636 0 0.0573 256 527 509 775 8 0.0558 315 657 565 901 11 0.0548 314 522 574 765 3 0.0548 448 410 695 635 7 0.0548 319 657 574 899 6 0.0546 444 411 702 630 8 0.0536 440 409 689 632 3 0.0535 320 658 572 905 10 0.0533 441 415 702 630 5 0.0531 314 653 564 894 11 0.0530 311 412 568 629 7 0.0525 385 527 642 755 13 0.0525 323 658 576 899 0 0.0521 319 655 570 904 6 0.0520 320 524 575 769 6 0.0520 319 659 575 897 3 0.0520 324 523 572 774 8 0.0516 319 522 563 765 0 0.0513 314 407 567 635 5 0.0513 315 519 565 767 5 0.0512 437 408 692 629 13 0.0508 379 412 635 639 10 0.0507 312 416 566 627 6 0.0506 318 411 572 629 8 0.0501 317 408 558 629
np2JUiqanHn5xA9kzwfsPnW0avqQJfyN,11 0.0618 392 326 646 558 11 0.0579 439 403 704 633 5 0.0572 431 333 692 560 5 0.0569 425 204 686 450 0 0.0564 396 326 644 561 7 0.0560 396 328 645 563 6 0.0559 396 328 651 561 2 0.0556 436 347 697 562 0 0.0554 324 204 592 453 5 0.0552 316 325 571 567 8 0.0550 395 326 639 561 8 0.0548 443 400 699 637 11 0.0546 443 147 706 385 0 0.0544 326 386 585 631 7 0.0540 394 204 653 444 3 0.0538 440 338 696 570 11 0.0527 321 389 585 628 6 0.0523 328 389 591 630 7 0.0523 448 401 709 635 8 0.0523 387 204 644 442 13 0.0522 396 329 651 560 6 0.0521 444 403 709 636 8 0.0521 549 280 801 517 11 0.0518 251 152 522 391 8 0.0518 320 263 572 505 3 0.0514 317 327 575 577 2 0.0510 432 216 692 450 3 0.0508 387 260 646 494 6 0.0507 48 0 308 202 0 0.0504 389 453 637 700 5 0.0504 38 0 298 203 11 0.0504 315 264 583 504 0 0.0502 389 147 649 385
u2dgPjwMdbYlTs3dsCsT3xAQMdcQgANb,11 0.0646 0 487 327 654 0 0.0605 53 539 305 774 8 0.0603 0 483 310 657 0 0.0595 0 489 320 658 11 0.0576 54 542 308 768 8 0.0572 56 536 296 773 5 0.0571 0 485 317 655 5 0.0567 48 537 300 771 5 0.0559 500 797 749 1008 0 0.0548 373 455 631 688 0 0.0546 373 608 650 831 11 0.0546 384 523 644 742 11 0.0540 443 390 696 622 11 0.0536 69 795 307 1021 13 0.0529 0 486 329 659 5 0.0527 65 794 306 1022 7 0.0522 502 383 741 629 3 0.0516 9 483 325 660 11 0.0514 437 807 694 1019 0 0.0513 493 387 741 635 6 0.0512 6 485 333 655 13 0.0507 56 539 313 776 7 0.0506 61 482 314 716 0 0.0505 68 796 313 1023 8 0.0505 446 390 685 625 11 0.0505 494 465 741 694 10 0.0505 1 487 323 653 0 0.0504 433 807 695 1023 6 0.0502 502 463 745 699
zJnR9PQkBEbv0b0WoI36jbS6jwhCTR5W,0 0.0635 410 869 772 1023 5 0.0626 399 863 764 1020 8 0.0610 408 867 765 1023 0 0.0607 303 795 559 1023 7 0.0601 442 787 692 1023 8 0.0600 307 795 551 1023 11 0.0591 375 784 623 1020 0 0.0584 382 716 635 960 7 0.0581 308 795 565 1023 5 0.0579 300 790 554 1017 0 0.0566 644 215 878 455 11 0.0560 375 649 635 889 11 0.0556 581 209 828 442 11 0.0555 498 268 757 490 3 0.0552 441 788 688 1023 8 0.0548 499 267 751 492 10 0.0547 374 784 624 1023 0 0.0546 47 814 314 1023 13 0.0546 309 796 566 1023 11 0.0545 562 397 818 624 7 0.0542 380 649 639 894 2 0.0538 375 785 629 1022 0 0.0534 374 593 630 828 11 0.0532 632 349 879 569 8 0.0531 331 689 692 868 5 0.0531 375 646 634 889 9 0.0528 436 793 689 1019 6 0.0527 310 796 562 1021 11 0.0527 762 660 1017 884 5 0.0524 495 270 754 487 11 0.0523 643 470 898 696 5 0.0517 374 198 651 413 13 0.0516 442 791 692 1023 8 0.0514 373 593 617 826 6 0.0513 409 872 777 1023 3 0.0510 385 716 634 965 8 0.0505 637 341 864 577 7 0.0504 53 809 320 1022 3 0.0504 591 210 827 452 0 0.0503 639 346 875 575 10 0.0502 380 654 634 891
iNuSUr5QIV6JzUrR1go47LygE0EqdUuQ,11 0.0588 430 395 686 639 5 0.0567 434 327 698 577 8 0.0565 438 333 692 577 0 0.0564 440 334 701 579 8 0.0559 252 460 496 701 6 0.0558 443 333 702 577 3 0.0553 443 333 699 586 8 0.0542 312 400 555 641 11 0.0541 485 468 757 702 5 0.0537 247 460 497 697 11 0.0530 306 397 564 641 13 0.0528 441 333 703 580 6 0.0526 256 460 509 702 11 0.0524 249 463 502 702 6 0.0521 371 397 630 647 7 0.0519 443 332 704 579 11 0.0518 313 530 565 764 10 0.0515 250 469 504 701 5 0.0515 300 393 561 639 13 0.0515 253 461 509 704 2 0.0512 253 467 503 704 13 0.0509 375 403 630 646 0 0.0509 251 462 501 705 2 0.0507 441 338 701 577 10 0.0504 437 336 701 576
CsbvGcf3n0VhvQqVuDkAKX1UoGpr3eJH,11 0.0581 308 747 571 964 0 0.0575 243 729 496 965 11 0.0560 431 745 690 968 5 0.0557 374 739 629 966 7 0.0551 248 733 503 959 13 0.0549 321 746 578 968 7 0.0545 385 743 640 972 10 0.0542 242 737 496 958 8 0.0536 317 741 570 965 10 0.0535 381 744 633 968 6 0.0535 248 731 504 961 8 0.0529 780 465 1016 714 3 0.0529 313 675 577 897 0 0.0528 776 471 1023 718 0 0.0527 382 739 636 974 10 0.0527 311 680 571 890 11 0.0526 777 470 1023 709 5 0.0520 237 731 493 955 13 0.0510 442 747 697 973 7 0.0501 312 678 576 892
LWgioOj6SCIl4cqhrd3PiVDs0hJx3pJx,8 0.0635 454 277 686 498 5 0.0618 284 348 654 540 7 0.0614 457 329 700 562 0 0.0606 324 347 575 594 8 0.0605 295 353 650 542 5 0.0602 505 279 756 509 0 0.0590 516 400 759 634 11 0.0584 286 354 660 541 8 0.0571 513 339 751 561 0 0.0571 511 289 760 511 8 0.0570 322 397 554 636 6 0.0569 293 354 661 544 8 0.0564 454 544 815 731 10 0.0561 512 402 758 632 5 0.0559 566 387 826 636 10 0.0556 455 547 821 733 6 0.0555 323 400 567 635 11 0.0555 512 396 758 627 7 0.0554 518 394 763 633 11 0.0553 315 401 564 633 10 0.0553 449 282 696 501 0 0.0553 457 544 821 730 6 0.0553 464 544 826 731 0 0.0549 628 469 895 708 13 0.0547 325 352 579 592 5 0.0545 625 459 893 703 11 0.0545 449 281 692 498 8 0.0544 570 394 822 632 13 0.0539 454 334 703 562 7 0.0538 466 540 831 732 11 0.0537 191 405 438 627 11 0.0534 456 543 823 728 13 0.0534 516 395 764 631 3 0.0534 517 342 757 571 7 0.0533 265 350 508 583 0 0.0531 566 336 846 569 6 0.0528 515 400 760 632 11 0.0528 665 612 928 846 0 0.0527 193 398 429 632 8 0.0525 511 220 756 441 13 0.0524 263 294 523 522 11 0.0521 627 465 899 704 5 0.0520 312 392 560 634 0 0.0520 264 292 514 525 2 0.0518 518 401 755 633 2 0.0518 453 336 689 562 8 0.0518 630 465 888 707 11 0.0512 511 225 764 440 10 0.0510 316 404 562 634 3 0.0509 459 283 692 506 6 0.0507 510 290 762 510 10 0.0507 188 407 435 624 3 0.0507 297 353 658 549 5 0.0506 453 538 815 729 5 0.0506 184 396 432 625 10 0.0505 286 356 660 543 13 0.0505 638 467 905 708 2 0.0503 635 472 897 705 11 0.0502 199 293 455 502 12 0.0501 453 331 696 562 10 0.0501 513 226 765 444
pLysmWZJN061Lp4ryg2i8rsPKn6lNEmJ,11 0.0627 309 661 568 894 11 0.0621 238 788 485 1016 8 0.0583 316 659 564 896 8 0.0577 171 781 418 1019 8 0.0565 250 710 491 949 8 0.0562 299 789 542 1014 7 0.0561 305 787 553 1019 7 0.0557 248 658 501 899 6 0.0555 243 787 488 1013 13 0.0553 242 787 496 1015 0 0.0549 313 660 569 898 0 0.0541 302 789 550 1018 0 0.0540 320 218 582 453 10 0.0536 241 661 494 898 5 0.0535 311 657 566 894 7 0.0533 176 779 429 1018 6 0.0532 327 224 587 452 5 0.0532 170 777 423 1013 3 0.0532 242 784 484 1018 0 0.0531 175 781 428 1020 10 0.0527 172 785 422 1015 11 0.0527 321 221 584 452 5 0.0521 315 213 579 449 8 0.0519 322 217 576 449 10 0.0518 298 788 548 1017 2 0.0513 250 717 499 952 2 0.0511 174 789 426 1019 5 0.0506 298 781 544 1015 6 0.0503 315 661 570 895
tL8Hjs6ZV4z5yU8A4thW0psjmAdA9bZQ,7 0.0567 364 784 631 1016 5 0.0566 419 786 684 1010 0 0.0562 363 786 625 1018 11 0.0556 360 786 622 1014 8 0.0555 367 782 618 1014 13 0.0531 364 788 635 1017 3 0.0523 431 789 691 1020 10 0.0521 359 787 626 1016 0 0.0516 327 200 595 446 5 0.0515 288 790 552 1017 6 0.0510 267 284 526 526 6 0.0510 431 789 691 1014 5 0.0508 312 221 690 408 5 0.0501 396 351 754 537
9h1CNvTXg8bYjZn0z9RwQi2DMeRTHnoy,5 0.0655 512 188 751 444 0 0.0640 382 246 639 500 5 0.0636 378 242 636 496 8 0.0631 383 247 629 499 5 0.0615 442 125 693 372 8 0.0609 516 191 749 447 6 0.0608 520 193 760 444 0 0.0603 518 194 755 446 6 0.0602 387 245 640 493 7 0.0599 520 193 759 450 7 0.0595 451 132 700 376 11 0.0591 516 197 756 443 11 0.0585 380 249 635 495 6 0.0583 457 133 702 372 7 0.0579 386 245 639 500 0 0.0577 448 131 695 376 9 0.0575 513 200 758 440 3 0.0571 519 194 756 451 11 0.0571 448 132 698 370 13 0.0566 519 195 758 443 6 0.0565 512 77 768 310 11 0.0561 505 9 779 238 13 0.0559 454 133 704 371 3 0.0555 386 248 636 504 8 0.0545 450 129 689 371 11 0.0536 574 83 834 319 0 0.0532 506 9 773 243 5 0.0532 309 119 575 373 2 0.0530 516 202 755 447 13 0.0525 379 185 638 437 10 0.0524 454 76 699 308 2 0.0524 454 138 698 375 5 0.0524 567 137 834 386 10 0.0521 515 197 756 443 3 0.0520 453 132 700 378 6 0.0517 584 144 844 387 8 0.0516 507 71 754 310 0 0.0516 577 143 838 388 11 0.0516 225 799 487 1008 2 0.0514 384 253 635 498 8 0.0509 577 144 828 387 4 0.0505 518 200 760 445
oRr3ufhoXdUeHlE82QnO5COOPI0e8MvP,11 0.0633 356 410 718 587 8 0.0623 357 411 706 589 13 0.0587 324 347 574 584 11 0.0580 325 211 589 437 7 0.0570 364 409 718 590 11 0.0565 0 613 246 840 3 0.0565 320 347 569 586 5 0.0565 324 200 584 436 0 0.0564 319 343 570 579 7 0.0561 332 210 593 437 11 0.0555 321 475 569 708 8 0.0554 761 827 1015 1021 5 0.0552 317 341 566 580 6 0.0549 324 346 572 578 13 0.0532 332 205 598 442 6 0.0529 333 207 590 439 0 0.0529 328 203 589 438 2 0.0524 330 209 589 437 0 0.0524 0 607 243 844 10 0.0523 359 410 722 588 2 0.0522 322 349 572 580 8 0.0522 327 206 579 437 0 0.0519 766 831 1018 1023 3 0.0518 329 205 590 445 11 0.0514 765 829 1022 1021 11 0.0506 726 495 1023 664 7 0.0502 326 472 568 712 3 0.0501 323 474 564 718
NaNT2aAEYsjPZAPGlcXoSXaRfruEZSgL,11 0.0580 241 401 516 644 0 0.0578 249 343 508 580 7 0.0566 253 337 513 577 8 0.0540 249 339 502 581 5 0.0538 175 336 438 563 7 0.0538 317 402 573 644 7 0.0532 181 452 450 693 8 0.0531 170 397 428 634 8 0.0530 384 400 624 630 13 0.0525 172 399 451 634 11 0.0522 378 396 628 625 0 0.0517 166 400 441 633 0 0.0511 380 397 635 633
uZnUaWbSZktuynnxf6XP0HBW8vlRA8CC,5 0.0658 249 204 506 437 6 0.0640 256 267 505 515 6 0.0634 316 216 580 446 11 0.0634 308 219 577 442 11 0.0621 249 272 503 512 8 0.0621 292 218 636 405 5 0.0620 307 275 570 510 8 0.0615 315 277 571 513 5 0.0613 305 126 564 360 0 0.0613 315 132 569 368 7 0.0595 290 219 645 408 3 0.0593 316 216 576 451 0 0.0590 189 204 438 436 5 0.0590 383 212 640 443 13 0.0584 255 269 503 519 3 0.0582 391 272 636 509 0 0.0581 251 269 500 516 0 0.0578 385 278 636 505 0 0.0576 445 221 696 444 13 0.0575 318 218 582 444 11 0.0574 379 276 637 502 6 0.0574 194 201 442 440 11 0.0569 445 223 699 438 3 0.0569 252 266 500 523 10 0.0567 286 220 644 404 7 0.0566 191 200 440 436 5 0.0564 177 264 431 510 7 0.0559 254 270 500 520 5 0.0557 174 122 426 358 11 0.0557 186 205 441 435 3 0.0554 453 221 697 446 6 0.0553 390 275 641 503 10 0.0553 315 281 578 513 8 0.0552 183 265 429 515 8 0.0551 455 274 699 493 11 0.0549 316 346 583 571 0 0.0546 320 347 582 577 13 0.0545 323 344 588 576 2 0.0543 287 223 636 405 8 0.0543 387 339 649 562 6 0.0539 323 344 589 576 7 0.0536 388 275 640 506 13 0.0535 191 201 443 441 0 0.0532 457 335 717 570 12 0.0529 315 280 575 513 6 0.0527 442 137 689 358 2 0.0526 316 285 569 514 7 0.0524 443 136 687 363 8 0.0523 255 789 494 1018 11 0.0523 315 795 565 1023 3 0.0522 191 206 435 445 13 0.0522 263 80 517 312 5 0.0516 452 273 700 493 7 0.0513 316 792 574 1023 5 0.0504 382 334 650 561 10 0.0502 187 211 434 434 9 0.0501 255 214 509 436 3 0.0500 323 345 586 582 6 0.0500 261 79 512 311
IiOUUmViH0LSWfwGLvi4S9a6dSdqqvOP,5 0.0615 363 785 618 1022 0 0.0610 415 675 757 860 11 0.0607 575 468 825 689 11 0.0599 299 729 561 962 8 0.0597 414 672 748 859 0 0.0593 574 465 827 695 8 0.0590 369 788 615 1020 0 0.0575 504 740 772 961 7 0.0575 308 789 558 1023 5 0.0572 405 675 749 855 0 0.0572 372 731 638 977 11 0.0570 365 791 619 1020 10 0.0565 364 793 622 1023 5 0.0556 498 735 766 958 5 0.0554 299 722 560 962 5 0.0550 149 792 415 1020 11 0.0544 408 677 756 858 3 0.0543 418 674 759 860 6 0.0543 304 794 559 1023 9 0.0541 366 792 626 1016 7 0.0535 418 674 760 859 8 0.0532 304 724 560 963 3 0.0531 300 796 555 1023 8 0.0530 157 792 409 1023 13 0.0528 375 791 630 1023 5 0.0527 247 332 507 572 11 0.0524 501 744 771 957 10 0.0523 299 727 560 965 13 0.0523 424 678 760 859 7 0.0522 508 736 774 964 7 0.0522 578 462 829 692 6 0.0516 162 796 421 1023 3 0.0514 581 466 827 697 8 0.0513 581 463 819 694 11 0.0512 253 335 509 572 7 0.0511 260 329 509 575 7 0.0511 379 731 639 978 3 0.0510 374 735 638 979 3 0.0510 507 738 771 963 13 0.0506 581 465 832 694 8 0.0505 504 737 765 958 6 0.0504 582 465 827 692 0 0.0503 257 339 505 578
YZz5X88Vkx4J5ZTURLCiLxOXhgpcU5w3,5 0.0608 435 502 698 760 11 0.0589 437 513 703 756 0 0.0587 579 458 840 706 5 0.0579 574 451 831 701 7 0.0579 389 456 638 706 8 0.0578 574 454 831 703 11 0.0572 573 457 835 698 0 0.0565 434 508 704 761 8 0.0561 356 720 613 958 8 0.0559 436 508 697 760 6 0.0553 523 333 778 574 5 0.0551 292 642 566 900 11 0.0548 297 3 563 200 6 0.0545 443 507 708 759 5 0.0544 363 571 627 828 11 0.0540 225 783 479 1010 13 0.0540 575 455 843 703 7 0.0538 301 785 564 1012 10 0.0537 578 461 836 701 6 0.0535 308 0 568 202 0 0.0533 635 329 891 563 10 0.0533 435 510 704 759 6 0.0533 376 583 632 828 7 0.0532 524 327 775 572 11 0.0530 575 330 835 561 13 0.0527 364 660 640 898 8 0.0525 369 582 625 826 3 0.0524 389 458 638 707 3 0.0522 581 454 838 708 6 0.0519 580 457 841 700 0 0.0519 356 715 617 958 13 0.0518 444 505 709 759 7 0.0515 579 454 840 702 7 0.0514 362 661 634 905 8 0.0513 124 395 354 651 6 0.0512 301 781 564 1012 11 0.0512 349 666 626 898 13 0.0510 309 524 586 774 9 0.0510 435 508 702 754 8 0.0509 518 329 764 573 0 0.0509 244 703 500 952 2 0.0502 439 514 701 760 11 0.0501 306 526 579 767 5 0.0501 116 396 362 644
pOQMxR8S6rowITDqcZ2x0sgByxx4StEA,11 0.0611 243 340 496 583 5 0.0583 576 443 818 683 5 0.0583 242 334 494 582 7 0.0575 406 671 757 861 5 0.0565 394 669 748 859 13 0.0562 407 673 763 862 8 0.0559 247 339 489 583 6 0.0559 249 340 499 586 11 0.0549 396 673 756 860 0 0.0548 251 192 506 441 0 0.0543 248 340 500 587 8 0.0541 404 670 747 860 6 0.0541 400 675 765 860 0 0.0541 399 671 754 862 0 0.0538 580 450 820 685 10 0.0537 399 674 754 858 8 0.0534 374 327 614 561 13 0.0533 289 417 653 602 8 0.0531 316 453 559 692 0 0.0530 447 321 685 543 7 0.0523 256 397 502 651 11 0.0523 312 455 570 693 5 0.0519 312 396 563 638 3 0.0511 379 335 627 564 6 0.0511 380 267 635 489 8 0.0509 259 189 498 435 0 0.0509 256 22 487 261 11 0.0509 372 335 626 557 6 0.0507 325 400 573 644 3 0.0502 253 340 497 592 13 0.0501 593 529 833 775 5 0.0500 371 327 620 557
fVGMnI7mCzJkUgJIegTmLzQLKINN2N53,11 0.0668 449 406 697 643 11 0.0638 187 332 452 566 7 0.0636 455 403 700 650 11 0.0632 445 522 692 758 5 0.0630 236 393 490 641 0 0.0626 190 334 452 570 11 0.0625 513 474 768 703 0 0.0610 515 405 764 650 11 0.0609 376 591 636 832 11 0.0609 306 525 551 762 8 0.0608 513 404 761 649 8 0.0603 308 524 540 766 2 0.0602 452 467 697 696 3 0.0599 454 461 694 702 0 0.0599 515 530 758 769 5 0.0598 364 396 615 633 8 0.0591 517 529 756 768 0 0.0591 370 401 618 637 0 0.0589 193 201 449 443 0 0.0588 450 462 697 700 7 0.0582 384 589 632 833 3 0.0582 518 403 766 653 6 0.0579 242 398 495 639 7 0.0578 449 520 690 763 13 0.0577 195 331 455 571 6 0.0577 371 400 620 633 11 0.0573 190 202 449 439 8 0.0568 368 401 613 634 6 0.0568 446 521 692 760 8 0.0567 189 331 447 571 7 0.0561 451 660 707 908 2 0.0557 385 525 623 756 13 0.0557 514 401 774 645 8 0.0556 441 588 683 824 5 0.0553 381 513 621 756 2 0.0552 441 597 690 825 3 0.0551 520 528 763 774 0 0.0550 310 526 545 767 0 0.0546 125 417 384 652 3 0.0546 370 402 619 637 10 0.0543 448 407 697 647 2 0.0540 370 405 617 632 10 0.0540 188 338 450 567 7 0.0539 194 333 455 566 13 0.0537 369 396 627 635 3 0.0536 387 518 618 762 3 0.0533 446 586 686 835 5 0.0533 510 466 762 708 8 0.0533 193 202 442 442 7 0.0531 520 469 771 709 6 0.0531 516 472 771 707 8 0.0530 388 660 627 905 0 0.0530 439 587 688 829 13 0.0529 518 529 767 772 3 0.0528 238 400 490 646 11 0.0528 121 417 388 647 9 0.0528 362 398 618 627 13 0.0527 451 460 704 698 5 0.0523 187 198 443 436 2 0.0521 518 535 762 770 5 0.0521 436 582 690 824 11 0.0518 440 669 701 907 7 0.0518 313 527 549 768 9 0.0517 235 397 491 635 5 0.0516 117 278 387 511 8 0.0514 123 411 378 651 5 0.0514 120 411 383 648 5 0.0513 378 652 631 906 2 0.0512 517 413 765 647 6 0.0511 197 203 452 442 13 0.0510 195 204 457 446 11 0.0510 320 677 575 908 6 0.0510 381 592 635 833 12 0.0509 239 397 491 638 6 0.0506 128 413 390 652
YrwL62YIuHeGfZO2ZN4a6elia6aojLFj,7 0.0638 185 668 441 907 11 0.0623 241 664 504 908 8 0.0615 247 663 499 907 0 0.0613 247 663 505 912 10 0.0606 180 672 438 906 5 0.0595 243 657 499 908 11 0.0591 307 525 563 759 6 0.0571 245 662 507 909 13 0.0564 186 667 446 908 11 0.0559 183 596 440 827 11 0.0550 378 462 638 695 0 0.0538 187 594 439 834 8 0.0536 188 600 432 829 3 0.0531 248 662 504 914 5 0.0521 181 594 433 828 1 0.0517 244 656 502 913 7 0.0514 313 521 562 754
wnrPHzjTGswxkEIeWg04VibhJ7X9lUiz,0 0.0660 628 399 893 649 8 0.0651 174 392 417 643 5 0.0628 624 395 890 649 11 0.0622 626 399 895 646 6 0.0613 633 399 897 648 8 0.0602 632 398 887 648 11 0.0598 109 353 382 586 0 0.0584 175 397 421 645 8 0.0580 127 479 356 740 11 0.0576 643 206 893 439 5 0.0569 316 124 575 366 13 0.0566 631 402 899 652 5 0.0563 121 476 360 735 0 0.0563 126 481 359 745 5 0.0555 639 267 892 506 5 0.0553 234 323 489 560 10 0.0552 641 337 900 576 5 0.0552 567 189 820 430 11 0.0552 120 484 364 733 5 0.0552 241 184 499 431 5 0.0551 320 8 564 258 5 0.0550 168 391 421 636 3 0.0550 129 484 360 746 0 0.0545 642 271 896 511 10 0.0542 172 401 428 640 11 0.0541 321 17 573 257 7 0.0538 177 330 436 575 7 0.0537 631 396 896 651 0 0.0536 241 331 495 568 8 0.0534 241 331 484 561 2 0.0534 629 403 896 650 13 0.0528 129 481 366 741 3 0.0527 647 203 890 450 3 0.0525 631 401 894 655 11 0.0525 233 331 499 560 6 0.0523 651 270 901 505 0 0.0521 567 199 821 432 3 0.0521 175 400 425 649 6 0.0517 242 330 497 562 6 0.0516 119 349 386 593 8 0.0515 649 272 886 508 3 0.0515 237 332 492 573 8 0.0514 173 270 420 506 13 0.0514 119 349 385 593 13 0.0512 646 271 900 512 8 0.0512 567 197 812 430 3 0.0511 256 13 501 264 6 0.0510 576 197 827 425 13 0.0508 253 18 510 256 13 0.0506 240 330 499 564 6 0.0502 255 15 507 254 5 0.0501 167 265 424 498
ivWprcxql0JAHN46M7oYQeonUgxAVxp2,0 0.0645 629 535 874 776 8 0.0621 569 459 814 702 8 0.0616 436 462 683 708 5 0.0613 625 534 869 772 11 0.0612 629 536 874 776 8 0.0610 631 533 870 774 11 0.0603 429 466 688 707 11 0.0595 570 399 824 638 6 0.0592 576 393 824 638 0 0.0592 439 522 695 778 5 0.0591 568 389 816 638 7 0.0590 572 462 819 703 8 0.0588 634 391 876 641 8 0.0587 369 530 621 774 13 0.0583 570 460 820 704 3 0.0583 570 460 817 706 7 0.0574 635 393 885 642 0 0.0574 572 395 822 643 11 0.0573 520 68 760 305 6 0.0573 439 522 699 775 6 0.0572 637 454 885 698 10 0.0571 573 398 822 643 7 0.0564 635 536 875 775 11 0.0563 305 474 569 702 6 0.0563 521 68 766 304 8 0.0559 519 68 755 307 5 0.0558 428 459 687 704 0 0.0557 519 71 763 308 13 0.0557 366 531 634 775 10 0.0556 629 540 878 778 3 0.0556 636 395 883 648 3 0.0554 435 465 689 712 11 0.0551 638 154 887 375 11 0.0550 361 533 627 772 13 0.0547 636 396 888 646 2 0.0546 576 398 820 641 11 0.0545 322 16 576 257 8 0.0544 328 13 570 255 7 0.0544 436 462 693 707 13 0.0543 635 538 881 778 11 0.0543 393 80 655 318 5 0.0542 518 63 760 302 13 0.0540 399 19 648 255 10 0.0540 432 468 694 704 6 0.0537 367 463 630 700 5 0.0535 356 524 624 771 0 0.0532 364 459 624 703 10 0.0531 363 534 629 772 7 0.0530 128 408 389 644 8 0.0530 312 467 561 700 7 0.0529 182 777 441 1010 10 0.0524 464 17 711 245 8 0.0523 130 218 377 426 12 0.0522 578 395 823 640 13 0.0522 435 466 695 707 0 0.0522 765 582 1011 829 3 0.0521 637 535 872 781 5 0.0521 385 18 641 252 6 0.0519 278 605 640 792 8 0.0516 396 77 649 319 10 0.0514 252 484 507 707 3 0.0514 469 11 713 253 13 0.0514 525 69 767 308 11 0.0513 239 791 503 1013 1 0.0512 563 458 815 701 0 0.0512 639 152 887 377 5 0.0511 231 708 495 949 0 0.0511 392 83 660 324 5 0.0510 121 212 382 425 7 0.0507 468 9 715 246 13 0.0506 772 575 1017 828 13 0.0505 313 469 577 703 3 0.0505 641 153 887 383 11 0.0505 712 450 956 683 8 0.0505 768 576 999 829 3 0.0504 367 533 630 777 0 0.0504 320 15 581 261 5 0.0504 762 579 1004 825 2 0.0501 274 609 630 792 7 0.0501 191 530 450 774
0dFk7qj7LpFbYUeDbeker6M4PPiLXt8m,8 0.0562 377 808 619 1022 7 0.0552 374 808 633 1023 7 0.0542 443 676 695 911 0 0.0541 373 724 628 937 5 0.0540 435 203 694 436 0 0.0538 37 804 385 987 5 0.0537 368 805 624 1022 11 0.0533 365 338 637 576 5 0.0527 371 133 645 350 11 0.0525 228 807 484 1021 11 0.0523 381 672 631 884 8 0.0519 39 800 369 986 11 0.0519 748 2 1023 189 3 0.0516 443 268 695 516 8 0.0516 371 336 629 583 7 0.0513 385 262 651 507 11 0.0513 436 270 699 507 11 0.0509 36 805 382 982 0 0.0502 749 6 1023 193
uEYxlscXnwhSoD27mq3ZHx0i6aN0xsnb,11 0.0658 510 589 758 824 0 0.0653 570 458 829 704 11 0.0646 391 550 776 736 5 0.0630 376 461 640 708 7 0.0616 424 801 687 1023 0 0.0616 514 590 755 830 11 0.0616 384 591 655 828 8 0.0612 365 798 615 1022 11 0.0611 444 456 698 691 8 0.0608 396 547 765 736 3 0.0602 519 586 754 835 5 0.0600 452 390 703 636 11 0.0600 307 735 568 969 0 0.0597 390 592 650 831 8 0.0596 571 455 821 700 5 0.0595 511 586 754 824 13 0.0593 452 519 700 763 8 0.0592 516 589 750 829 6 0.0592 449 518 704 762 0 0.0589 363 800 620 1023 0 0.0589 379 466 643 712 13 0.0587 573 526 834 760 10 0.0584 446 521 700 762 10 0.0581 517 593 755 825 0 0.0580 641 543 893 768 5 0.0580 358 797 617 1020 7 0.0580 383 468 648 712 6 0.0580 516 588 758 828 3 0.0578 451 517 698 769 5 0.0577 385 584 647 829 5 0.0575 564 522 824 756 0 0.0575 444 660 701 898 8 0.0575 388 589 644 832 0 0.0572 398 328 653 578 7 0.0571 461 395 709 638 6 0.0570 393 589 653 829 13 0.0564 369 803 624 1023 8 0.0563 456 392 701 638 0 0.0558 458 398 704 640 8 0.0558 438 729 687 962 3 0.0558 325 616 699 805 7 0.0557 323 617 707 804 5 0.0557 392 323 647 573 5 0.0554 638 469 885 699 10 0.0553 403 682 763 865 6 0.0553 460 397 711 638 10 0.0553 362 802 620 1023 8 0.0552 489 797 748 1023 5 0.0552 442 657 695 896 13 0.0550 518 590 759 828 6 0.0549 446 661 701 896 10 0.0548 317 618 702 799 13 0.0547 448 660 701 898 10 0.0546 570 529 827 757 7 0.0545 310 655 572 902 11 0.0543 437 732 699 957 7 0.0543 515 589 759 830 0 0.0541 497 728 756 964 13 0.0540 462 396 712 637 11 0.0538 459 333 714 571 3 0.0536 426 802 681 1023 6 0.0536 575 455 831 697 2 0.0535 447 524 698 762 2 0.0533 459 403 707 638 9 0.0531 386 589 650 824 3 0.0527 446 658 697 900 6 0.0527 365 803 622 1021 9 0.0526 363 803 623 1019 0 0.0526 310 659 574 900 3 0.0526 460 399 709 643 10 0.0523 307 661 571 897 7 0.0523 448 662 701 899 9 0.0522 391 549 775 731 11 0.0522 638 474 892 698 7 0.0520 571 459 827 702 13 0.0520 312 654 582 903 13 0.0519 649 469 893 705 11 0.0517 389 262 650 495
yobG420nqPRS9esaWpNJ65ZdLUTn26zE,7 0.0631 271 678 638 852 11 0.0627 265 679 631 853 8 0.0627 124 712 363 962 8 0.0610 267 678 625 849 0 0.0609 267 678 630 854 0 0.0605 125 711 371 966 11 0.0600 181 606 436 832 7 0.0595 187 602 437 834 5 0.0593 120 711 365 958 7 0.0589 189 712 438 959 10 0.0588 269 678 634 853 5 0.0587 262 675 627 851 11 0.0575 118 718 370 958 8 0.0570 185 603 426 833 5 0.0570 180 598 433 830 6 0.0568 125 718 371 960 13 0.0555 271 679 640 853 6 0.0554 270 679 638 851 3 0.0550 190 711 437 962 13 0.0548 189 712 443 959 3 0.0539 273 678 634 857 0 0.0529 186 599 438 839 10 0.0525 182 607 438 835 2 0.0517 268 682 630 853 10 0.0517 120 720 367 958 2 0.0515 186 715 437 961 11 0.0508 253 345 501 567 1 0.0507 184 703 433 960 3 0.0506 185 605 437 841 1 0.0505 263 673 630 855 9 0.0503 265 678 633 850
D0mAKd4Iaqe5tJgDi7E6S29llDHqw3t7,11 0.0563 301 393 564 618 5 0.0559 297 382 561 616 0 0.0559 238 383 497 625 6 0.0556 248 445 501 690 3 0.0541 438 136 692 383 8 0.0539 437 290 678 514 5 0.0538 239 510 496 758 11 0.0538 320 808 575 1022 13 0.0536 310 391 567 624 13 0.0536 442 292 694 520 3 0.0535 439 288 683 524 6 0.0535 309 390 567 621 5 0.0534 424 280 682 514 5 0.0529 256 795 514 1014 7 0.0522 309 388 565 623 13 0.0517 438 133 702 379 11 0.0517 432 138 697 378 11 0.0515 429 292 689 516 6 0.0514 645 467 898 715 7 0.0513 248 441 503 693 13 0.0513 248 446 506 700 0 0.0512 306 332 562 563 8 0.0510 309 390 553 621 11 0.0509 242 448 499 690 0 0.0508 245 516 493 763 8 0.0506 433 806 685 1023 10 0.0505 241 521 496 760 8 0.0504 434 132 688 376 3 0.0503 306 391 562 625 6 0.0503 436 134 699 379 3 0.0502 245 448 497 695
DNTYAFt96mcR6IpfPEFMcU8SjNYfXqd3,0 0.0577 376 2 644 197 6 0.0564 377 1 646 193 11 0.0559 370 0 644 192 5 0.0541 373 0 638 196 0 0.0535 381 78 636 306 11 0.0534 184 332 455 564 0 0.0527 184 336 456 572 13 0.0524 442 137 706 372 11 0.0523 432 136 701 367 6 0.0519 387 74 640 306 8 0.0519 380 2 636 193 10 0.0514 381 21 636 247 0 0.0514 254 199 510 443 7 0.0512 381 0 645 195 6 0.0511 193 335 461 569 13 0.0509 388 73 645 308 8 0.0507 188 335 449 572 5 0.0506 432 130 696 369
30x64yicb4XTRRIfOIakZSabZCT3UCUT,8 0.0649 76 796 437 983 11 0.0612 78 798 444 982 7 0.0607 144 802 509 983 5 0.0589 135 800 505 980 0 0.0578 79 798 442 983 3 0.0560 146 799 510 989 10 0.0560 135 802 507 981 13 0.0534 145 802 518 984 2 0.0530 139 804 513 985 6 0.0524 144 803 513 981 11 0.0513 388 421 755 593 13 0.0511 649 1 1023 154 8 0.0506 639 0 1009 150 9 0.0501 82 797 441 984
nD062Em5n05vfjTNkC46pRCCiMaNOLfS,0 0.0507 186 789 431 1020 7 0.0505 321 454 578 698
qosIuL9rvaccWmFmi7SuJ5HjII0fwEXo,8 0.0651 508 323 752 564 11 0.0645 436 327 696 570 5 0.0635 369 509 631 756 8 0.0633 371 655 618 910 8 0.0627 379 449 637 704 7 0.0626 435 520 694 764 11 0.0624 432 587 695 833 11 0.0621 370 513 634 756 0 0.0619 473 351 833 537 3 0.0616 405 416 765 603 0 0.0616 370 511 632 758 10 0.0616 430 393 698 644 11 0.0616 316 395 572 637 3 0.0615 436 521 693 768 0 0.0612 433 586 697 834 7 0.0608 368 657 628 914 5 0.0606 430 585 695 833 0 0.0605 400 415 765 601 10 0.0604 317 395 571 640 11 0.0603 530 482 884 660 13 0.0601 321 454 581 703 7 0.0599 402 415 769 601 11 0.0598 506 266 759 506 11 0.0597 366 658 627 906 5 0.0596 501 323 754 562 10 0.0596 504 327 756 563 6 0.0593 374 513 635 756 5 0.0592 366 652 624 907 3 0.0591 535 482 880 665 3 0.0590 453 264 696 522 6 0.0588 508 325 759 563 0 0.0587 533 480 884 663 10 0.0586 371 517 634 756 10 0.0584 433 587 696 831 6 0.0584 384 391 648 644 7 0.0579 323 390 575 638 8 0.0575 533 481 873 660 6 0.0574 437 585 699 834 7 0.0573 532 480 882 662 13 0.0570 433 391 701 647 13 0.0570 531 482 886 663 8 0.0569 253 449 500 714 11 0.0568 251 456 507 711 13 0.0568 439 587 700 836 8 0.0565 381 324 633 577 5 0.0564 376 323 635 575 0 0.0564 370 654 627 911 0 0.0563 320 389 571 641 8 0.0561 324 387 565 640 12 0.0560 436 519 695 763 13 0.0559 449 266 699 518 12 0.0557 433 390 700 648 9 0.0557 380 453 642 698 6 0.0554 372 654 628 908 6 0.0554 520 204 763 445 6 0.0554 535 482 889 660 3 0.0553 373 658 627 915 13 0.0552 370 657 636 910 7 0.0551 256 452 508 712 6 0.0550 587 271 831 499 3 0.0550 323 392 571 642 5 0.0549 577 269 826 501 2 0.0547 507 328 756 567 12 0.0545 508 325 761 565 5 0.0543 523 481 876 660 9 0.0542 398 417 765 598 2 0.0538 434 588 696 832 3 0.0538 518 209 763 453 0 0.0536 375 271 631 519 0 0.0534 580 208 823 450 3 0.0533 257 454 504 714 8 0.0533 515 206 757 447 7 0.0530 451 265 697 517
O6LAPoNb8D3NM6SbI4QEpiNET4vqy1Cd,11 0.0606 362 5 627 245 13 0.0604 371 3 635 241 0 0.0597 371 4 627 244 8 0.0592 384 78 628 314 5 0.0591 360 0 620 242 6 0.0570 368 6 634 245 11 0.0569 362 791 627 1023 0 0.0563 135 1 493 161 11 0.0546 422 728 692 959 7 0.0543 371 0 632 248 0 0.0543 316 75 573 321 11 0.0539 176 2 444 213 11 0.0534 308 76 571 323 3 0.0534 369 5 628 251 13 0.0524 317 72 579 323 8 0.0520 325 136 566 375 6 0.0518 316 72 577 324 3 0.0508 319 76 573 330 6 0.0507 373 789 630 1019 7 0.0505 545 0 806 211 13 0.0504 184 2 459 212 6 0.0503 149 2 507 156 8 0.0503 141 0 485 158 10 0.0501 367 8 628 240
OKFd9sI0nOnurb30YBNivz3v5mUtxRMr,0 0.0602 246 333 507 575 5 0.0579 439 260 701 503 5 0.0575 574 395 823 629 8 0.0572 69 648 304 891 0 0.0565 319 208 565 445 11 0.0563 243 332 506 571 7 0.0562 239 580 493 814 0 0.0555 582 395 826 632 0 0.0549 64 655 312 895 11 0.0547 441 270 704 506 5 0.0541 372 206 631 436 0 0.0539 248 24 502 258 11 0.0536 73 586 318 820 11 0.0534 232 584 496 806 11 0.0533 773 2 1023 204 8 0.0532 244 331 499 572 6 0.0531 580 399 832 632 11 0.0530 312 208 566 445 8 0.0528 579 396 821 632 11 0.0526 121 667 374 891 6 0.0523 323 209 571 447 8 0.0518 317 207 561 446 11 0.0515 575 399 828 629 13 0.0515 322 209 573 450 6 0.0514 190 576 446 809 3 0.0514 582 399 829 639 5 0.0513 300 584 556 818 6 0.0511 251 330 508 572 0 0.0509 247 711 489 951 0 0.0509 250 141 499 370 7 0.0508 581 397 830 634 5 0.0507 71 579 313 826 8 0.0506 239 583 485 809 0 0.0506 774 3 1023 208 5 0.0506 242 326 500 570 7 0.0505 66 652 316 893 5 0.0502 185 573 441 809
YFTGVJRqxJ9iFYdJG7lFvjZi85jJ0B4d,0 0.0633 7 728 245 972 11 0.0598 7 729 246 969 8 0.0588 181 346 451 579 8 0.0577 14 722 237 968 5 0.0535 5 723 240 968 7 0.0532 15 722 247 971 10 0.0530 12 727 245 968 5 0.0522 178 342 458 577 6 0.0517 181 344 468 575 6 0.0502 12 728 252 969
LMWC7SphjOJj3QV4iRNHX7QccQvqlUIu,11 0.0585 372 466 637 689 5 0.0585 441 345 700 572 11 0.0571 446 407 703 628 0 0.0568 52 5 316 235 11 0.0564 440 669 710 902 11 0.0557 309 519 571 760 11 0.0557 372 586 641 830 0 0.0555 446 667 706 908 11 0.0548 311 397 583 628 7 0.0545 450 347 705 575 2 0.0542 449 357 701 575 11 0.0533 442 282 700 504 0 0.0533 387 408 644 637 5 0.0532 313 584 566 830 3 0.0531 452 349 699 584 5 0.0527 48 2 307 222 8 0.0526 318 584 563 829 0 0.0525 378 586 640 833 13 0.0522 313 341 579 578 8 0.0520 381 347 630 571 5 0.0519 306 450 567 689 5 0.0518 237 499 490 754 13 0.0518 387 408 649 638 0 0.0516 313 521 569 762 10 0.0512 315 461 571 692 7 0.0510 318 454 575 692 8 0.0510 448 406 697 632 8 0.0508 440 278 688 508 13 0.0507 250 506 501 758 7 0.0507 439 451 697 683 6 0.0504 249 505 500 758 6 0.0504 319 397 587 630 5 0.0503 380 404 639 631 11 0.0502 295 803 579 1021
iYCJ8CpQ3RdMLURrXCt483fkxoccZ3qH,7 0.0673 244 780 495 1022 11 0.0663 242 784 489 1019 11 0.0656 246 749 625 916 5 0.0653 239 779 485 1018 8 0.0643 246 778 485 1023 7 0.0623 381 781 621 1019 5 0.0622 434 718 682 946 5 0.0621 245 745 619 916 7 0.0619 253 746 630 918 5 0.0612 374 780 613 1017 8 0.0608 257 745 618 918 0 0.0604 248 708 494 965 11 0.0599 378 786 618 1015 8 0.0593 438 719 681 946 11 0.0591 305 650 559 886 8 0.0589 379 778 612 1020 0 0.0584 376 780 618 1023 6 0.0582 246 784 493 1023 6 0.0576 257 746 630 919 13 0.0568 185 787 434 1023 0 0.0565 308 648 564 892 10 0.0564 251 749 624 917 7 0.0561 441 721 689 948 0 0.0560 437 575 688 801 0 0.0558 435 719 686 949 13 0.0557 383 785 622 1021 2 0.0548 244 785 494 1023 3 0.0547 245 784 490 1023 6 0.0544 382 785 620 1022 11 0.0541 432 724 687 945 10 0.0535 309 653 562 885 6 0.0530 440 721 691 950 7 0.0527 321 575 578 813 7 0.0527 445 575 692 799 10 0.0526 378 782 616 1020 13 0.0524 260 748 632 919 10 0.0523 177 791 423 1023 3 0.0518 380 783 618 1023 9 0.0517 241 783 490 1020 0 0.0514 179 785 425 1023 10 0.0512 435 722 684 949 3 0.0511 256 746 624 921 2 0.0503 252 751 628 920 13 0.0502 442 723 691 949
4w9rnOZNSRe0fM1IDDhNVpJ6vrkwoG8Q,5 0.0623 183 716 431 956 7 0.0599 191 718 435 959 0 0.0593 189 719 433 961 8 0.0567 190 718 427 958 10 0.0564 185 724 431 956 8 0.0560 248 344 481 571 11 0.0553 186 722 436 956 8 0.0526 181 411 434 649 11 0.0523 390 670 763 853 3 0.0508 192 719 432 963 11 0.0508 239 348 491 569 13 0.0504 191 721 443 958 6 0.0502 189 721 437 958 8 0.0501 394 672 749 855
umrcWDIzHmyqMcRuThStlGaUvF6j8yn7,7 0.0551 435 785 694 1023 5 0.0543 430 781 688 1020 8 0.0516 436 784 680 1023 0 0.0512 430 783 694 1023 13 0.0508 440 786 697 1023
fOM1r7xbVeqGw2oF9QLiCkS6ApU3158K,7 0.0647 373 738 639 968 11 0.0631 369 740 635 966 10 0.0631 365 741 633 967 11 0.0631 498 595 757 826 0 0.0628 501 589 754 832 5 0.0615 367 734 628 966 0 0.0614 370 736 635 972 0 0.0593 576 536 827 781 5 0.0591 496 588 752 829 8 0.0591 243 0 493 199 7 0.0590 504 595 758 829 13 0.0589 375 740 642 969 11 0.0588 236 1 503 200 3 0.0583 372 737 633 972 8 0.0579 370 733 629 969 13 0.0575 504 593 763 828 8 0.0573 500 592 751 830 10 0.0560 495 595 755 829 2 0.0559 370 739 635 971 8 0.0559 578 537 822 779 5 0.0557 574 531 823 778 11 0.0557 574 538 828 778 3 0.0553 502 592 754 836 7 0.0551 578 535 828 782 0 0.0549 237 0 496 204 6 0.0549 372 738 637 968 6 0.0547 582 539 829 776 6 0.0546 501 595 757 830 2 0.0541 501 599 757 830 9 0.0532 367 735 632 966 12 0.0528 370 736 637 972 7 0.0519 240 0 501 198 10 0.0518 99 788 363 1006 1 0.0516 367 736 634 970 13 0.0514 579 540 834 781 3 0.0511 245 0 498 206 11 0.0509 509 352 756 581 3 0.0508 581 537 826 788 0 0.0506 511 352 759 581 6 0.0501 240 0 504 199
xeSyEOXmN4TgwzDWOztq4zrbO1uYeq0C,5 0.0676 507 794 756 1011 0 0.0656 322 718 582 967 5 0.0649 209 734 548 910 0 0.0645 209 671 559 852 7 0.0644 285 733 637 912 11 0.0638 322 720 581 959 7 0.0621 213 669 561 851 8 0.0614 285 735 626 911 8 0.0609 515 795 758 1018 7 0.0595 518 797 767 1018 13 0.0594 215 671 570 851 8 0.0592 208 671 547 848 3 0.0590 215 672 556 855 10 0.0588 207 674 561 849 3 0.0588 284 733 636 915 11 0.0584 208 672 561 850 0 0.0583 514 796 762 1021 6 0.0581 282 736 635 911 6 0.0577 518 803 765 1018 11 0.0568 511 796 764 1012 2 0.0564 279 738 633 910 10 0.0554 503 733 772 946 13 0.0552 325 719 588 963 13 0.0551 520 799 772 1018 2 0.0551 215 677 559 852 6 0.0543 216 674 561 849 9 0.0531 272 735 632 908 3 0.0514 516 797 762 1023 11 0.0510 377 321 638 551
W9JuJAH1T21obAbY06rsONV5sTpETGOz,5 0.0642 575 779 819 1018 7 0.0634 512 710 767 957 5 0.0627 313 791 552 1019 5 0.0626 508 709 758 954 7 0.0621 578 780 828 1023 0 0.0620 257 718 494 962 8 0.0616 319 788 552 1022 8 0.0614 575 780 816 1022 11 0.0612 575 783 821 1021 6 0.0600 580 722 832 958 7 0.0598 252 785 498 1023 0 0.0585 318 795 558 1023 8 0.0582 509 711 757 958 11 0.0578 255 720 495 958 0 0.0578 573 782 822 1023 11 0.0574 507 716 761 954 6 0.0574 317 799 560 1023 5 0.0568 252 715 492 957 13 0.0562 584 725 835 959 5 0.0558 184 779 434 1015 13 0.0558 519 786 761 1023 11 0.0557 316 793 556 1021 10 0.0557 256 725 496 958 10 0.0554 579 723 829 954 10 0.0553 316 798 560 1022 8 0.0552 259 716 491 959 2 0.0549 576 785 824 1023 6 0.0548 516 788 756 1023 6 0.0546 258 720 500 960 13 0.0543 319 795 564 1023 0 0.0539 510 712 761 960 3 0.0534 578 785 823 1023 10 0.0532 514 783 755 1021 3 0.0530 512 713 762 963 3 0.0530 319 794 560 1023 3 0.0529 261 715 495 964 9 0.0528 574 783 819 1019 11 0.0523 186 787 439 1015 2 0.0522 318 798 559 1023 2 0.0519 509 716 762 956 8 0.0518 187 785 430 1017 4 0.0517 574 784 825 1023 9 0.0517 314 796 557 1021 1 0.0513 503 706 762 958 6 0.0508 192 789 441 1017 1 0.0507 315 787 558 1023 7 0.0507 197 723 435 955
pGYwVNfykgvcGzaqwUlMOLJiHne4fFVx,8 0.0588 118 794 360 1019 13 0.0574 117 799 377 1023 0 0.0563 115 794 368 1023 5 0.0548 111 791 363 1022 8 0.0538 523 332 763 560 11 0.0535 114 800 367 1018 11 0.0533 520 334 769 559 6 0.0531 116 796 369 1022 5 0.0524 623 348 887 568 0 0.0523 521 337 769 561 13 0.0521 526 331 775 556 0 0.0520 630 355 895 574 11 0.0511 239 734 500 961 8 0.0510 441 404 702 629 5 0.0509 238 727 496 958 7 0.0509 529 331 775 562 11 0.0507 441 405 709 627 10 0.0506 115 798 365 1018 10 0.0504 525 338 774 561
Yhs96vq0DVTW8NkFVl0jHDpFyCkbW3NC,7 0.0655 250 798 505 1022 11 0.0652 249 801 502 1021 8 0.0623 249 799 496 1023 0 0.0613 248 801 501 1023 7 0.0602 380 407 645 635 5 0.0601 246 797 497 1021 8 0.0571 119 789 364 1023 10 0.0567 247 805 505 1022 6 0.0560 253 804 504 1023 0 0.0557 118 792 368 1022 7 0.0554 365 526 621 762 7 0.0541 318 727 573 953 11 0.0538 117 793 370 1019 0 0.0533 316 725 564 962 7 0.0531 125 788 370 1023 9 0.0531 247 801 501 1021 5 0.0531 111 789 363 1022 13 0.0527 250 800 509 1023 8 0.0526 755 147 999 374 2 0.0524 321 798 562 1021 11 0.0518 357 528 618 758 0 0.0516 380 345 652 568 11 0.0514 312 731 569 952 6 0.0513 123 792 375 1023 13 0.0512 119 791 379 1023 10 0.0509 118 796 369 1023 8 0.0505 381 339 632 565 11 0.0505 381 411 646 632 5 0.0502 311 722 561 952 8 0.0501 374 475 624 701 3 0.0501 251 801 503 1023
7bj9ytTjYirDjKIr5ipQ8RYQoZnu8s53,11 0.0547 365 471 635 711 7 0.0546 315 544 568 763 11 0.0542 249 606 502 831 0 0.0539 377 547 633 778 11 0.0538 313 544 568 763 5 0.0538 244 598 490 829 8 0.0534 371 395 618 638 10 0.0531 249 608 500 833 3 0.0523 325 482 581 719 7 0.0521 318 410 576 645 7 0.0521 253 606 505 829 11 0.0512 314 287 558 512 5 0.0511 360 466 625 712 8 0.0505 376 545 621 774 8 0.0503 498 392 758 633
zezyx1fN1g6Q5GzMuulif24jXYhefzNU,11 0.0599 310 719 573 954 8 0.0598 443 600 698 832 11 0.0594 440 600 705 832 6 0.0587 447 18 701 250 0 0.0586 616 411 886 647 0 0.0582 480 401 661 770 11 0.0579 435 789 693 1021 0 0.0577 447 16 695 254 11 0.0577 233 595 489 829 11 0.0574 441 21 698 250 7 0.0574 377 725 638 958 3 0.0563 449 17 697 257 5 0.0563 439 12 693 250 7 0.0562 443 784 696 1023 11 0.0561 616 413 887 642 11 0.0561 480 398 660 764 8 0.0561 180 467 437 701 6 0.0561 375 77 641 309 7 0.0558 236 590 493 829 8 0.0555 318 718 570 953 0 0.0555 373 72 632 310 5 0.0550 439 596 700 831 0 0.0549 178 399 434 640 0 0.0548 315 716 576 954 5 0.0547 435 782 688 1017 3 0.0546 238 599 488 835 0 0.0545 240 596 493 830 5 0.0543 233 592 490 826 7 0.0543 450 17 701 252 5 0.0543 367 72 630 304 13 0.0541 446 602 711 835 6 0.0541 240 597 497 826 0 0.0541 437 785 693 1021 8 0.0541 236 593 483 828 5 0.0541 172 397 432 636 0 0.0539 442 600 706 832 3 0.0539 446 601 704 837 8 0.0539 481 394 655 769 3 0.0539 183 401 433 644 6 0.0538 443 601 708 830 8 0.0538 446 18 691 252 5 0.0537 369 721 628 954 11 0.0536 176 469 443 701 11 0.0536 364 157 631 382 5 0.0534 478 395 657 765 8 0.0533 373 77 628 309 10 0.0532 373 730 634 955 13 0.0530 378 74 642 309 10 0.0528 175 474 443 701 6 0.0528 379 726 634 954 10 0.0526 233 603 489 829 13 0.0524 179 402 439 644 8 0.0524 425 729 683 963 13 0.0522 450 14 703 250 11 0.0521 183 716 448 944 13 0.0519 378 727 642 960 3 0.0519 378 77 635 313 8 0.0519 493 794 738 1022 10 0.0518 435 85 690 311 3 0.0517 377 727 635 964 8 0.0517 622 407 874 644 0 0.0515 186 711 446 949 3 0.0514 441 787 694 1023 7 0.0514 458 398 703 631 7 0.0513 375 152 635 386 8 0.0509 430 154 683 394 0 0.0507 819 412 1023 660 2 0.0506 442 605 706 836 10 0.0503 441 600 702 835 8 0.0502 179 328 417 570 6 0.0502 480 396 663 765
9JwOAYBx5WbYHO02tGue56YHvp1zOMHs,0 0.0600 362 723 624 949 13 0.0576 331 337 585 576 11 0.0563 321 341 581 573 0 0.0554 319 404 578 642 13 0.0548 329 464 584 703 7 0.0547 328 336 582 574 11 0.0544 360 726 626 935 5 0.0540 317 401 572 633 11 0.0539 317 466 581 697 0 0.0539 330 261 590 509 7 0.0537 369 721 626 943 5 0.0536 321 261 582 501 6 0.0535 325 403 583 639 5 0.0533 359 720 624 940 10 0.0532 360 729 622 939 11 0.0532 251 268 512 499 8 0.0529 372 726 618 942 6 0.0527 256 336 506 568 5 0.0524 242 327 496 562 0 0.0523 260 202 516 438 7 0.0518 323 464 582 700 5 0.0516 322 128 592 355 13 0.0515 261 266 522 506 6 0.0510 370 726 628 938 8 0.0507 192 18 419 251 8 0.0505 326 335 567 575 6 0.0501 331 267 595 507 10 0.0500 319 467 575 698
1LCaJLqL3zd0K2t8h5fnkkhjHh1j47TV,11 0.0582 309 284 570 510 5 0.0567 460 547 814 721 11 0.0554 380 341 633 580 8 0.0546 313 281 560 509 8 0.0543 380 342 623 580 11 0.0542 440 269 691 496 13 0.0538 517 262 758 488 0 0.0534 467 554 820 724 8 0.0532 442 264 685 496 0 0.0531 516 329 752 563 3 0.0525 445 265 686 505 11 0.0524 254 398 498 639 11 0.0523 514 330 758 556 8 0.0523 256 327 486 563 5 0.0523 250 324 494 561 6 0.0518 475 552 825 720 11 0.0516 254 223 509 438 11 0.0516 468 556 819 718 5 0.0516 438 333 694 560 5 0.0514 505 198 739 429 10 0.0514 443 272 690 497 11 0.0512 500 202 747 427 10 0.0511 311 287 569 510 2 0.0505 447 342 695 563 8 0.0504 257 217 495 442 10 0.0504 381 343 635 581 0 0.0502 434 198 691 435
w0YMWbIhUKQZiPFtZVuOS2WcuHAFFL5y,11 0.0627 313 400 569 642 6 0.0621 256 339 511 586 11 0.0615 243 4 515 242 8 0.0600 321 130 573 374 5 0.0598 248 334 505 583 11 0.0598 248 265 511 514 11 0.0595 319 131 580 377 8 0.0594 252 5 508 239 7 0.0594 249 193 512 444 5 0.0592 309 68 577 302 13 0.0589 312 3 575 228 6 0.0588 320 399 573 643 8 0.0588 256 395 504 645 11 0.0583 503 471 761 698 10 0.0582 309 345 574 579 0 0.0582 571 200 823 440 8 0.0582 510 470 755 696 6 0.0581 323 267 583 518 11 0.0581 177 340 441 577 8 0.0580 183 338 434 581 5 0.0579 363 396 626 639 0 0.0579 253 333 505 586 7 0.0578 323 128 586 376 5 0.0578 439 320 701 566 13 0.0577 316 341 575 580 8 0.0575 371 403 623 638 7 0.0575 372 402 634 644 8 0.0572 503 588 762 816 3 0.0569 314 0 571 232 7 0.0568 184 338 444 580 10 0.0565 307 4 574 225 13 0.0563 183 10 453 245 13 0.0562 249 74 521 310 11 0.0561 499 585 765 816 0 0.0559 307 1 571 227 7 0.0558 322 267 584 517 0 0.0558 318 395 569 644 0 0.0558 501 589 771 821 5 0.0557 244 128 513 370 0 0.0557 318 266 583 521 6 0.0557 124 344 375 577 0 0.0557 321 129 586 375 5 0.0556 313 263 578 514 5 0.0554 181 254 443 506 8 0.0552 445 324 694 565 11 0.0550 431 529 693 759 8 0.0550 243 194 503 446 10 0.0550 252 270 510 514 13 0.0549 185 341 447 581 13 0.0549 248 197 522 450 11 0.0549 434 411 695 636 6 0.0549 441 405 698 640 11 0.0548 176 199 450 440 3 0.0548 312 342 571 584 7 0.0546 449 328 708 572 3 0.0545 185 7 450 245 6 0.0545 249 198 513 443 0 0.0544 189 256 444 510 0 0.0543 180 9 447 237 3 0.0542 248 197 512 454 7 0.0542 483 606 829 791 10 0.0541 180 344 437 578 7 0.0540 259 395 512 643 7 0.0540 569 716 833 972 7 0.0539 253 3 514 242 0 0.0539 578 462 833 705 8 0.0538 189 129 440 371 5 0.0537 559 708 823 969 6 0.0535 192 262 451 509 5 0.0535 174 5 444 236 5 0.0534 303 452 558 705 0 0.0531 246 66 517 306 8 0.0531 118 270 365 509 9 0.0529 252 396 507 638 5 0.0527 120 133 381 367 6 0.0527 184 5 450 237 0 0.0527 436 409 695 638 3 0.0527 183 343 437 586 2 0.0525 312 345 567 579 6 0.0524 309 1 577 227 9 0.0523 502 586 770 814 0 0.0523 244 190 516 447 11 0.0523 115 0 388 195 13 0.0522 325 136 588 378 3 0.0522 482 607 820 796 10 0.0521 187 138 448 366 7 0.0521 189 129 449 367 13 0.0520 121 277 385 505 6 0.0520 136 138 391 367 0 0.0518 188 128 449 368
IdFQm4GrHEJcnv7Hh74tDjJM5shzzse0,8 0.0578 427 198 675 428 7 0.0564 432 201 694 431 7 0.0546 439 331 720 572 8 0.0546 561 461 807 701 0 0.0542 564 464 813 703 5 0.0529 417 122 685 357 11 0.0521 560 516 819 763 3 0.0519 434 131 690 372 5 0.0513 559 151 830 386 10 0.0512 429 139 692 362 6 0.0512 569 461 816 699 7 0.0511 519 450 774 684 11 0.0510 178 416 449 631 6 0.0508 436 132 697 359 5 0.0507 558 457 810 701 7 0.0503 186 411 446 635
ziNqA5cdAQxs3E4zFttT12A3tPenkSdi,11 0.0601 380 537 642 767 0 0.0598 383 535 641 775 6 0.0575 451 527 698 761 7 0.0571 186 656 441 897 11 0.0563 243 597 503 829 5 0.0563 309 526 569 761 10 0.0561 178 664 437 899 7 0.0560 385 536 641 773 11 0.0559 445 458 699 692 5 0.0544 242 593 496 826 8 0.0543 182 654 432 900 0 0.0543 182 660 442 903 0 0.0541 248 599 501 835 8 0.0539 314 529 565 766 10 0.0538 246 601 499 832 7 0.0538 250 595 503 833 6 0.0537 518 454 757 693 10 0.0536 382 539 637 770 6 0.0535 318 531 579 763 0 0.0535 446 460 698 700 8 0.0534 448 525 683 763 5 0.0534 177 655 435 896 6 0.0532 181 660 444 897 5 0.0531 442 519 686 759 11 0.0531 312 464 573 700 3 0.0530 386 536 641 774 11 0.0527 178 662 440 895 13 0.0523 321 531 580 768 11 0.0518 382 405 634 632 7 0.0516 448 458 698 696 6 0.0514 642 341 876 574 13 0.0513 183 658 446 901 13 0.0511 252 598 505 837 5 0.0510 376 458 633 693 6 0.0509 386 463 645 694 2 0.0509 319 532 579 769 0 0.0508 567 404 812 639 13 0.0507 450 529 697 765 5 0.0506 557 401 812 634 8 0.0506 247 593 493 832 2 0.0502 249 601 505 835 0 0.0501 316 463 574 707 7 0.0501 318 463 577 702
S5wqzohAdAFsn6DZoVSNHs5UKVMD31d1,11 0.0580 436 404 700 635 13 0.0572 373 457 640 695 8 0.0568 297 461 562 698 5 0.0548 290 458 566 696 11 0.0548 362 456 635 693 10 0.0541 298 468 574 698 7 0.0531 443 400 704 638 0 0.0529 370 394 631 634 5 0.0524 438 398 697 635 8 0.0518 58 533 312 782 13 0.0517 447 402 708 639 8 0.0515 372 392 626 631 11 0.0513 50 540 320 779 0 0.0506 297 460 571 700 3 0.0504 442 402 698 644 11 0.0504 439 294 680 522
rF7Xysa1lcN5AsZgd7N8A9YT0uhyClJY,11 0.0622 311 599 561 824 8 0.0582 269 676 625 844 7 0.0577 317 600 565 826 0 0.0561 311 601 559 828 0 0.0555 254 662 506 893 5 0.0550 174 265 432 501 0 0.0548 180 271 440 506 6 0.0547 275 679 640 847 7 0.0547 258 660 509 889 6 0.0544 175 204 443 433 7 0.0543 194 330 448 572 5 0.0540 259 674 626 845 8 0.0534 175 270 427 504 10 0.0531 305 657 562 887 7 0.0525 125 267 384 502 13 0.0525 271 678 645 848 11 0.0521 111 271 382 502 7 0.0514 203 528 447 756 0 0.0506 246 212 501 428
P8jUzA5lJwu0rlWeuzJe9h0DR0mko888,5 0.0669 454 383 692 646 11 0.0668 387 260 656 501 0 0.0654 451 327 702 593 11 0.0653 454 330 704 587 7 0.0644 310 460 572 695 0 0.0642 555 280 824 532 8 0.0641 505 273 758 526 11 0.0639 309 458 569 696 7 0.0637 391 195 665 445 8 0.0637 572 211 821 456 0 0.0634 509 206 774 453 5 0.0632 378 1 633 241 5 0.0626 501 273 758 526 11 0.0623 319 335 585 568 5 0.0620 389 325 643 571 8 0.0615 572 346 822 597 0 0.0611 389 258 655 508 3 0.0607 459 267 709 529 2 0.0606 455 213 716 450 3 0.0603 513 205 773 458 5 0.0601 454 523 694 766 7 0.0600 457 327 705 591 10 0.0600 454 391 697 646 8 0.0597 393 378 637 640 0 0.0594 206 210 576 395 3 0.0587 392 190 658 450 0 0.0586 320 333 586 573 5 0.0586 569 339 825 599 8 0.0585 392 256 650 510 13 0.0583 460 322 709 590 11 0.0582 454 531 701 764 7 0.0582 324 335 590 568 11 0.0579 569 215 831 453 3 0.0578 323 383 569 640 6 0.0577 395 258 659 506 3 0.0577 510 345 756 602 13 0.0576 459 205 725 451 8 0.0575 456 452 695 703 6 0.0575 572 347 835 600 2 0.0575 399 333 651 578 3 0.0572 562 280 823 533 0 0.0571 452 458 702 708 5 0.0571 316 379 564 634 8 0.0571 320 530 565 769 2 0.0569 508 280 762 528 11 0.0569 566 346 831 600 0 0.0568 318 534 570 773 13 0.0567 327 333 591 571 5 0.0563 562 208 822 456 10 0.0563 449 275 712 521 10 0.0561 318 337 582 569 13 0.0559 387 8 644 241 13 0.0559 575 349 836 600 6 0.0554 457 458 707 703 0 0.0554 383 10 635 244 11 0.0549 203 212 576 392 13 0.0549 525 466 771 715 11 0.0547 516 464 767 710 6 0.0545 507 277 769 527 8 0.0544 388 6 631 238 2 0.0544 324 389 571 640 11 0.0541 381 9 636 241 8 0.0540 209 209 556 395 5 0.0539 515 453 757 712 6 0.0538 326 335 588 571 7 0.0536 458 455 702 705 7 0.0536 572 212 830 457 10 0.0536 388 197 663 443 3 0.0536 389 450 636 700 7 0.0535 389 525 636 762 9 0.0532 510 205 776 448 6 0.0532 387 7 643 241 3 0.0531 389 5 635 251 0 0.0530 626 34 869 265 9 0.0529 447 325 703 587 7 0.0524 386 6 642 247 5 0.0524 319 522 567 769
unpxFc1YgN4SQr2H2AVIfoxWISegCCNK,8 0.0608 455 386 685 619 0 0.0586 271 479 655 666 0 0.0585 505 452 754 702 0 0.0583 452 390 693 622 11 0.0581 452 392 694 618 8 0.0568 343 539 700 725 11 0.0567 341 540 706 726 11 0.0566 503 453 753 699 5 0.0563 342 536 704 727 7 0.0561 282 477 658 664 5 0.0554 267 474 648 661 3 0.0551 461 388 691 623 5 0.0551 450 385 688 616 8 0.0551 508 447 747 696 7 0.0551 507 448 755 698 7 0.0550 349 539 717 726 0 0.0548 344 541 710 728 6 0.0543 352 541 722 728 3 0.0543 511 451 753 703 6 0.0543 460 392 697 621 7 0.0541 456 389 695 621 8 0.0541 740 8 984 255 6 0.0536 325 396 572 634 2 0.0533 325 395 563 631 3 0.0532 326 394 566 638 10 0.0521 503 452 752 695 11 0.0518 737 9 999 251 12 0.0516 510 452 754 698 5 0.0515 501 446 747 697 0 0.0512 318 268 566 499 13 0.0512 329 395 573 634 5 0.0512 735 0 993 251 6 0.0508 510 452 757 701 8 0.0506 249 391 490 626 11 0.0504 244 393 501 625 11 0.0504 308 335 573 562 11 0.0501 354 750 637 973 5 0.0501 450 265 700 507
sBJeF8hQfgdZKaJgUSmEcmuctXJ3ZOMz,7 0.0587 455 730 711 960 5 0.0575 241 727 493 965 11 0.0572 305 727 563 954 0 0.0565 451 729 707 964 7 0.0557 308 725 566 961 0 0.0532 305 723 565 963 8 0.0525 76 785 318 1007 3 0.0519 457 733 703 965 11 0.0518 446 735 707 957 6 0.0518 308 727 566 958 8 0.0517 306 724 555 958 11 0.0516 73 794 332 1002 10 0.0511 241 735 490 967 13 0.0510 313 726 567 961 3 0.0507 312 730 562 964 6 0.0504 456 733 709 961 8 0.0504 453 733 695 957 8 0.0502 760 0 1007 201
uanAxA2ZbBkVPAuUsxAhPJojfNNNweu6,7 0.0602 186 722 441 959 11 0.0599 301 541 567 772 11 0.0587 360 471 634 705 7 0.0583 365 469 633 709 0 0.0582 344 670 703 865 8 0.0580 304 470 560 703 11 0.0579 341 673 700 859 0 0.0577 311 727 563 980 11 0.0571 310 396 581 630 11 0.0570 308 734 563 973 0 0.0566 362 398 633 633 0 0.0565 459 611 816 803 5 0.0559 178 716 430 957 5 0.0556 356 469 626 704 6 0.0556 362 400 635 631 11 0.0554 432 389 704 619 7 0.0554 308 538 572 772 0 0.0551 183 716 438 962 7 0.0549 440 386 704 622 8 0.0549 350 421 694 599 7 0.0547 314 395 584 633 5 0.0543 431 386 696 619 3 0.0541 307 540 567 778 3 0.0541 364 473 633 711 11 0.0540 461 608 816 796 6 0.0537 188 720 441 960 13 0.0537 364 473 637 709 6 0.0530 347 672 707 859 8 0.0528 342 671 688 861 13 0.0525 315 730 570 982 5 0.0522 299 535 563 768 5 0.0520 307 724 558 976 13 0.0517 307 543 574 773 11 0.0517 182 722 439 958 13 0.0516 316 397 586 636 10 0.0515 307 735 562 976 11 0.0513 52 2 322 200 0 0.0511 303 467 570 705 10 0.0509 302 545 562 770 3 0.0509 344 673 696 866 8 0.0508 56 0 310 200 13 0.0507 188 719 447 962 5 0.0506 308 396 577 629 10 0.0506 180 722 434 957 3 0.0504 441 391 699 629 8 0.0504 295 356 632 537 3 0.0503 311 732 562 984 5 0.0502 339 670 695 860 13 0.0501 347 672 707 862
j5gRZ72mO8URdG5cO0nkrMknVQDKRHNY,7 0.0507 0 471 244 716
0WqvX5zOokOXUrzPeAC2MY74WTxMCp0q,8 0.0609 383 266 641 506 5 0.0593 247 188 501 432 5 0.0581 299 265 574 505 11 0.0573 296 332 574 570 7 0.0571 385 266 659 510 5 0.0571 362 326 641 570 11 0.0571 173 6 451 231 11 0.0566 376 267 653 507 5 0.0562 234 319 493 559 0 0.0555 254 123 512 371 5 0.0546 181 118 442 366 13 0.0545 185 55 446 305 13 0.0545 243 326 500 568 11 0.0545 247 196 504 433 8 0.0544 185 55 432 300 6 0.0542 383 267 654 509 6 0.0539 367 400 647 651 13 0.0538 257 196 509 438 11 0.0536 305 116 576 358 8 0.0536 246 272 486 507 5 0.0529 367 196 632 432 0 0.0529 306 270 578 511 11 0.0527 171 388 444 624 6 0.0526 309 198 572 429 5 0.0525 169 0 440 237 13 0.0522 314 273 583 511 0 0.0521 183 57 439 303 0 0.0519 374 332 645 575 5 0.0519 306 391 580 641 7 0.0519 192 121 449 367 0 0.0518 234 326 501 568 7 0.0518 438 395 708 652 8 0.0518 305 333 566 567 8 0.0518 188 202 430 442 7 0.0516 254 194 506 436 6 0.0515 300 331 578 571 8 0.0514 368 407 633 651 6 0.0514 181 54 441 301 11 0.0512 182 123 446 365 10 0.0512 303 275 577 509 8 0.0511 309 198 558 426 8 0.0508 243 794 490 1022 5 0.0507 299 106 571 359 0 0.0507 376 205 631 434 0 0.0505 184 203 440 442 6 0.0503 246 273 499 506 6 0.0503 189 202 438 446 3 0.0502 257 120 512 373
k8TxcBSEMiOFF1eyuMmc5sDhr5HJVXeo,3 0.0598 379 344 641 592 5 0.0591 123 784 381 1006 0 0.0590 768 209 1023 459 3 0.0582 447 206 703 450 5 0.0582 764 201 1022 455 11 0.0576 324 354 695 537 0 0.0575 442 206 701 447 11 0.0571 762 211 1023 456 3 0.0570 503 273 756 519 0 0.0564 294 596 562 837 13 0.0561 378 345 643 591 8 0.0559 133 791 378 1007 7 0.0558 300 597 560 832 11 0.0557 444 209 704 445 8 0.0556 770 206 1017 458 0 0.0553 499 275 755 514 8 0.0551 443 203 697 444 8 0.0551 324 351 682 536 11 0.0548 295 603 559 831 12 0.0548 329 353 697 538 0 0.0547 563 196 821 435 5 0.0545 233 517 493 764 5 0.0544 554 269 810 510 5 0.0543 309 454 575 702 5 0.0543 438 203 698 443 10 0.0542 441 207 703 446 8 0.0541 635 203 875 446 10 0.0541 766 211 1023 457 7 0.0539 769 209 1023 459 0 0.0538 436 333 690 583 0 0.0538 636 275 881 516 11 0.0537 630 206 886 447 3 0.0537 131 796 388 1015 6 0.0536 770 205 1023 458 13 0.0535 130 795 396 1012 8 0.0534 502 273 750 513 5 0.0532 488 322 740 570 5 0.0532 292 594 556 830 13 0.0531 310 528 577 769 11 0.0530 129 791 389 1005 13 0.0529 643 274 889 519 2 0.0527 445 209 700 447 3 0.0527 297 602 558 838 3 0.0527 641 273 883 522 3 0.0526 773 205 1023 463 13 0.0525 770 206 1023 464 11 0.0525 313 406 573 650 10 0.0523 325 355 698 536 5 0.0520 317 349 689 536 7 0.0520 446 205 704 445 0 0.0518 125 795 390 1011 13 0.0517 499 329 751 574 11 0.0517 498 277 757 510 2 0.0517 323 357 689 538 6 0.0516 641 271 886 516 3 0.0515 567 343 807 583 8 0.0514 314 461 568 703 6 0.0513 446 205 705 443 7 0.0513 504 274 759 516 8 0.0511 297 597 550 832 0 0.0510 567 340 807 577 0 0.0510 243 521 496 772 7 0.0509 129 793 393 1007 6 0.0508 500 324 743 571 11 0.0507 504 142 775 372 10 0.0507 498 275 754 513 10 0.0506 298 602 558 831 3 0.0505 242 527 499 776 12 0.0505 322 406 578 652 8 0.0503 239 525 487 768 11 0.0501 239 527 496 769
VHysKSsUsSOWfd1LjWfeot4AD26DqQcw,11 0.0561 374 528 638 770 7 0.0558 317 786 562 1019 8 0.0553 248 785 481 1021 13 0.0551 383 527 641 773 7 0.0551 320 602 578 840 0 0.0545 623 0 894 193 3 0.0542 629 0 897 194 11 0.0542 616 2 897 189 13 0.0542 320 604 581 845 5 0.0542 314 593 569 842 7 0.0540 526 510 768 759 8 0.0539 619 0 891 189 5 0.0538 520 573 762 820 11 0.0535 316 602 573 842 11 0.0535 521 516 763 759 0 0.0533 316 602 570 843 8 0.0532 413 0 681 194 13 0.0531 453 587 702 829 13 0.0530 415 0 693 194 11 0.0530 262 482 515 714 0 0.0529 246 791 490 1023 6 0.0528 324 604 573 843 7 0.0525 381 525 643 771 7 0.0525 415 2 693 197 13 0.0522 525 510 767 759 11 0.0522 447 588 698 825 0 0.0522 376 527 635 773 11 0.0521 314 790 558 1018 7 0.0519 382 728 642 963 7 0.0519 453 585 703 829 0 0.0518 583 589 825 826 11 0.0517 587 584 823 819 0 0.0516 266 480 516 718 5 0.0511 444 510 695 763 7 0.0507 192 794 443 1023 8 0.0507 587 583 817 822 0 0.0507 449 587 697 828 0 0.0504 754 3 1023 203 11 0.0504 375 731 633 960
mQn44K3rB0ZhYB4JNr6D4ShJH1muPfru,0 0.0633 374 470 637 718 11 0.0613 376 476 635 713 8 0.0610 375 472 628 717 0 0.0605 501 544 767 788 5 0.0594 369 471 635 714 6 0.0590 380 476 640 716 7 0.0590 379 472 644 716 8 0.0585 431 413 682 643 3 0.0553 378 472 635 721 0 0.0553 572 601 822 861 11 0.0543 501 551 766 780 11 0.0540 571 606 819 849 13 0.0539 381 473 645 714 8 0.0535 502 545 760 786 11 0.0533 497 669 756 891 7 0.0532 507 546 770 788 13 0.0530 506 549 773 786 10 0.0526 376 479 641 715 11 0.0525 243 789 492 1014 2 0.0524 379 478 635 717 6 0.0522 508 549 770 781 5 0.0521 495 542 762 782 9 0.0510 372 472 638 711 3 0.0505 507 543 768 791 7 0.0505 244 783 498 1014
28CnCXQODHMPwX8K318CidbUSQMJnc97,7 0.0603 72 783 313 1010 11 0.0585 73 788 307 1010 7 0.0581 507 781 761 1023 8 0.0574 69 782 301 1011 11 0.0559 450 783 684 1014 5 0.0559 65 784 305 1008 8 0.0553 454 782 676 1020 0 0.0545 63 788 313 1017 5 0.0536 110 0 385 186 5 0.0530 445 780 683 1017 8 0.0517 571 20 800 252 7 0.0515 385 793 628 1023 3 0.0509 573 25 809 259 0 0.0503 379 792 623 1023 3 0.0500 454 787 682 1023
D33ElEoTqwKltQPcUnKAteJeEGkFVJrw,0 0.0634 187 401 435 646 11 0.0619 188 405 436 643 6 0.0615 186 468 432 709 8 0.0615 636 474 886 723 7 0.0611 570 463 831 702 0 0.0604 564 459 829 702 6 0.0602 250 398 500 643 11 0.0602 247 271 498 513 8 0.0601 187 340 426 579 6 0.0591 249 268 498 514 11 0.0590 249 532 505 764 5 0.0589 240 264 490 511 8 0.0586 317 268 562 514 11 0.0584 634 477 894 720 0 0.0583 184 269 434 511 5 0.0580 562 459 824 698 0 0.0580 315 269 571 523 6 0.0580 188 339 434 580 8 0.0577 179 530 426 768 6 0.0577 254 532 509 763 13 0.0574 185 467 434 709 3 0.0571 372 325 633 585 8 0.0569 499 450 759 699 5 0.0568 180 337 427 577 0 0.0568 241 329 491 581 13 0.0567 503 455 773 701 0 0.0564 254 197 502 447 5 0.0564 248 119 513 362 0 0.0563 175 530 430 770 8 0.0562 255 197 492 439 5 0.0562 243 390 494 639 8 0.0560 201 125 441 362 3 0.0557 639 477 892 728 5 0.0556 314 196 570 442 11 0.0553 186 203 445 436 8 0.0550 559 582 812 814 3 0.0549 243 331 491 586 13 0.0549 635 476 895 723 3 0.0545 190 403 435 649 7 0.0544 189 400 436 643 7 0.0543 257 195 502 440 6 0.0543 570 462 831 700 11 0.0543 322 207 574 446 2 0.0542 567 467 825 700 11 0.0539 499 456 770 705 10 0.0538 187 406 432 641 7 0.0537 559 583 825 813 11 0.0536 557 586 823 817 7 0.0533 319 269 572 518 5 0.0532 180 193 437 435 10 0.0530 240 333 489 576 5 0.0529 245 527 499 760 13 0.0529 253 534 510 767 3 0.0528 563 585 820 820 6 0.0528 190 197 445 436 7 0.0526 245 330 490 579 13 0.0525 252 398 503 644 10 0.0525 630 478 892 721 13 0.0525 563 589 824 815 10 0.0522 182 275 430 508 13 0.0521 257 195 510 445 6 0.0520 325 201 573 447 0 0.0520 560 584 823 817 3 0.0518 504 457 769 712 5 0.0518 175 463 424 704 10 0.0517 311 272 573 514 13 0.0516 321 268 576 518 3 0.0515 255 199 501 447 5 0.0514 548 579 819 812 5 0.0513 357 320 627 576 8 0.0512 253 398 491 642 8 0.0512 125 217 370 457 2 0.0510 557 590 819 814 6 0.0508 369 325 634 580 3 0.0508 180 531 429 772 10 0.0506 253 201 502 442 2 0.0505 182 472 430 711 7 0.0504 189 269 434 509 6 0.0504 561 583 821 815 0 0.0503 193 124 452 368 13 0.0503 190 340 437 582 6 0.0501 263 126 520 364
iypKqqNynP6cV4w4MDqxfxDC7PZiWFXC,0 0.0610 373 522 635 771 11 0.0608 371 525 631 769 8 0.0597 376 524 628 765 5 0.0589 444 517 700 761 11 0.0587 302 592 561 831 5 0.0572 363 585 627 827 3 0.0572 452 526 703 772 7 0.0569 448 524 707 768 7 0.0566 303 589 563 835 8 0.0559 305 588 555 830 8 0.0555 445 600 694 833 5 0.0546 297 650 562 889 8 0.0541 370 657 619 895 2 0.0538 369 530 634 765 5 0.0537 502 590 767 837 13 0.0537 370 591 635 834 10 0.0536 364 596 631 833 11 0.0532 436 600 699 836 13 0.0526 508 597 777 839 13 0.0520 451 524 708 764 6 0.0520 447 529 708 763 11 0.0519 379 283 648 511 7 0.0518 384 279 652 512 6 0.0518 370 595 632 831 2 0.0518 442 605 698 835 10 0.0517 446 524 709 763 3 0.0514 368 595 632 837 0 0.0513 441 597 700 840 0 0.0513 303 653 564 899 2 0.0509 255 674 632 852 7 0.0501 511 596 780 844 10 0.0501 503 598 774 842
JXEr1oscL0WPfi4n84h82et1mg59OgFd,8 0.0597 368 0 622 191 0 0.0592 363 0 627 192 13 0.0581 367 0 634 193 11 0.0577 360 0 629 193 11 0.0573 192 644 443 895 11 0.0555 308 788 556 1010 5 0.0548 192 640 445 895 6 0.0547 368 0 635 194 11 0.0546 369 716 628 943 8 0.0546 294 18 547 265 8 0.0539 199 646 441 900 0 0.0533 200 646 450 901 7 0.0523 455 250 706 487 11 0.0521 444 65 719 301 8 0.0518 307 786 550 1014 7 0.0518 365 0 633 195 5 0.0517 445 247 699 480 3 0.0512 369 0 628 197 5 0.0508 356 0 623 190 7 0.0508 310 782 563 1014 10 0.0505 365 5 630 188 0 0.0501 450 254 706 485
m5lLlajmSGzDmz3MZUR3E0w6joO1nsMa,5 0.0588 186 396 444 645 11 0.0574 441 460 690 699 11 0.0559 183 404 448 649 7 0.0547 198 461 449 712 8 0.0545 196 465 439 712 0 0.0544 442 463 691 702 3 0.0544 192 406 446 654 8 0.0540 446 455 686 699 5 0.0539 176 274 424 506 11 0.0535 297 585 554 823 3 0.0534 447 461 692 706 6 0.0530 195 403 451 650 10 0.0526 194 471 447 709 13 0.0520 192 399 451 651 8 0.0519 304 586 545 825 7 0.0519 189 335 438 577 7 0.0518 449 457 695 700 0 0.0513 192 405 448 650 2 0.0511 447 466 692 703 11 0.0511 510 796 764 1023 11 0.0509 173 280 431 504 11 0.0508 558 13 826 240 0 0.0506 300 582 552 828 5 0.0506 559 9 824 243 8 0.0505 575 203 821 455 6 0.0504 447 460 694 698 6 0.0502 191 285 433 509 8 0.0501 187 339 428 579 8 0.0501 584 66 832 301
siSTcdSFUn1hUIXpoWcQOlPER7UVob5P,11 0.0656 197 595 444 840 0 0.0651 252 525 506 776 8 0.0645 310 525 563 775 11 0.0641 308 528 569 776 5 0.0637 248 521 505 773 8 0.0623 127 595 370 843 5 0.0621 194 590 443 839 11 0.0620 187 463 451 705 6 0.0610 251 526 508 774 6 0.0608 197 593 448 844 0 0.0604 196 593 443 844 8 0.0602 196 522 441 776 11 0.0602 122 532 379 769 10 0.0599 194 595 445 839 8 0.0598 256 400 505 642 7 0.0597 311 526 572 778 5 0.0592 183 456 445 705 2 0.0589 251 526 508 778 7 0.0585 196 594 448 843 0 0.0581 189 459 446 709 0 0.0579 254 405 511 644 0 0.0577 121 530 377 775 2 0.0572 196 596 447 844 10 0.0569 248 528 508 773 11 0.0568 247 402 509 639 13 0.0567 254 525 510 777 7 0.0566 253 399 516 644 3 0.0564 199 593 449 846 13 0.0562 199 594 448 845 6 0.0557 124 528 381 772 9 0.0557 306 531 568 772 6 0.0555 251 404 512 643 10 0.0553 188 463 446 704 2 0.0553 251 405 511 642 12 0.0551 198 593 445 842 13 0.0549 255 403 516 644 4 0.0547 249 527 508 775 3 0.0544 253 527 508 778 4 0.0540 197 596 446 843 12 0.0540 253 525 506 775 7 0.0538 190 458 451 708 9 0.0534 196 595 445 840 5 0.0534 120 525 374 770 10 0.0531 249 406 510 640 11 0.0525 177 330 453 559 2 0.0523 190 463 448 709 1 0.0522 188 521 446 775 10 0.0521 121 535 374 770 3 0.0520 189 463 449 713 3 0.0520 253 406 511 649 13 0.0516 189 333 454 568 7 0.0512 123 529 382 773 5 0.0511 177 326 445 560 11 0.0510 253 212 520 447 8 0.0508 190 328 440 566 13 0.0507 129 532 384 775 12 0.0505 191 460 447 709 9 0.0505 189 463 446 705 1 0.0503 307 522 569 778 13 0.0501 136 399 387 643
JVXQUZMuKl50n3daqhlNBKDUXQlOT5gH,5 0.0599 188 710 426 946 0 0.0595 124 715 367 953 7 0.0581 191 716 431 952 10 0.0570 187 717 429 949 11 0.0564 187 716 429 950 8 0.0548 192 712 424 952 11 0.0544 114 411 393 641 6 0.0540 191 716 433 951 11 0.0521 440 389 690 622 7 0.0516 445 381 698 625 11 0.0516 507 458 752 691 0 0.0513 507 460 753 691 13 0.0512 195 715 437 954 3 0.0511 193 712 429 955 8 0.0510 509 457 744 687 2 0.0509 191 717 430 954 7 0.0506 510 455 760 689 0 0.0503 441 387 692 627
IpbFDh3GB22VFCxC3IXMXdPWmMhafDCN,11 0.0635 611 584 886 819 0 0.0619 564 582 824 834 7 0.0618 620 583 892 822 11 0.0593 696 539 955 762 8 0.0591 616 585 882 821 5 0.0576 620 518 881 766 6 0.0562 702 470 939 699 6 0.0561 626 523 883 767 7 0.0560 703 532 957 765 8 0.0557 698 468 927 697 0 0.0557 700 469 937 701 6 0.0556 515 516 764 765 5 0.0553 693 461 935 697 7 0.0548 452 582 708 833 7 0.0546 515 449 768 698 5 0.0545 230 483 484 745 13 0.0544 312 434 573 679 13 0.0543 620 583 892 820 3 0.0542 573 523 825 777 6 0.0538 440 457 698 693 11 0.0538 445 525 705 765 11 0.0537 483 664 754 897 10 0.0536 614 586 888 823 8 0.0532 191 430 444 686 11 0.0528 508 454 764 692 7 0.0523 249 423 515 678 13 0.0521 439 453 700 697 6 0.0521 711 598 964 827 0 0.0520 703 597 962 831 5 0.0520 507 504 756 763 0 0.0515 511 511 758 765 6 0.0514 245 430 517 676 10 0.0513 695 542 956 766 8 0.0512 456 75 684 291 11 0.0509 303 442 567 675 3 0.0508 310 432 564 683 8 0.0504 510 579 752 828 7 0.0504 497 662 760 904 9 0.0504 612 584 891 817 5 0.0503 481 659 748 900 13 0.0501 512 579 767 830 13 0.0501 172 327 446 556 2 0.0501 617 589 884 821 3 0.0501 242 487 483 749
aNWlLqs9MIl7HQcI1Z1q4qEsuSUxT0dP,11 0.0646 298 509 560 751 5 0.0624 172 387 440 633 11 0.0614 369 455 627 680 5 0.0601 242 448 513 694 3 0.0596 308 511 556 759 8 0.0587 179 457 432 707 7 0.0582 252 453 521 695 0 0.0577 172 509 426 761 7 0.0576 182 393 443 633 5 0.0573 307 390 571 626 5 0.0573 165 509 426 755 3 0.0570 314 395 571 634 11 0.0568 166 510 429 757 13 0.0566 181 393 448 641 0 0.0560 299 510 563 758 6 0.0555 253 450 518 698 3 0.0548 177 392 437 641 8 0.0547 370 519 614 746 7 0.0547 175 511 431 757 8 0.0547 312 451 560 684 11 0.0546 173 394 446 633 10 0.0544 246 455 514 695 13 0.0542 174 511 434 759 11 0.0541 429 400 694 615 7 0.0538 318 395 575 629 13 0.0535 313 448 572 687 5 0.0525 183 341 569 527 6 0.0523 317 391 576 628 0 0.0523 320 0 578 195 0 0.0515 188 329 439 573 8 0.0515 188 328 427 572 6 0.0512 202 343 575 532 6 0.0509 446 472 686 688 6 0.0508 174 511 432 759 10 0.0504 314 397 571 628 3 0.0502 169 514 423 762 8 0.0501 372 395 624 622
F1UVcBb4KrRPT7iuq4Ggd5spGLNkCzeB,5 0.0595 543 801 806 1015 5 0.0589 164 671 438 897 5 0.0580 163 787 416 1014 0 0.0559 241 275 493 502 0 0.0559 166 790 422 1019 7 0.0556 246 730 497 952 11 0.0554 241 734 497 949 11 0.0549 169 794 424 1013 7 0.0546 562 802 818 1018 8 0.0544 244 730 486 952 7 0.0541 172 791 424 1016 0 0.0541 242 730 494 956 13 0.0541 172 797 429 1017 3 0.0541 176 674 439 904 11 0.0539 317 346 574 576 8 0.0537 169 671 434 900 10 0.0536 171 679 441 898 8 0.0527 170 791 416 1016 0 0.0527 553 804 812 1021 10 0.0521 242 735 494 952 10 0.0517 168 794 420 1017 6 0.0516 248 280 502 500 8 0.0514 552 801 807 1017 11 0.0512 0 596 238 830 8 0.0508 47 590 295 817 11 0.0508 236 281 502 496 13 0.0507 247 732 499 955
zxq5d7Jh3j2DTwdFqXMmH1OLUFRweQBE,8 0.0639 493 621 738 849 11 0.0612 320 535 573 759 11 0.0609 490 625 744 843 10 0.0607 177 526 441 749 0 0.0597 438 609 684 848 3 0.0591 321 594 568 830 11 0.0589 386 603 634 828 7 0.0586 390 601 636 831 8 0.0586 388 600 627 829 0 0.0585 386 529 634 769 7 0.0585 439 738 692 967 0 0.0582 434 738 688 972 7 0.0578 325 531 576 763 0 0.0577 188 601 565 781 7 0.0574 499 623 744 848 7 0.0572 186 521 447 748 11 0.0567 430 682 686 904 10 0.0565 503 557 750 775 10 0.0561 318 537 569 761 6 0.0560 193 602 573 778 0 0.0559 503 554 754 776 5 0.0559 176 513 439 748 10 0.0559 386 603 631 831 8 0.0558 321 533 567 763 5 0.0557 541 625 806 841 5 0.0554 383 594 630 828 3 0.0552 379 668 628 899 10 0.0550 83 620 435 805 6 0.0550 442 611 686 839 13 0.0549 317 671 566 899 11 0.0545 371 737 628 968 13 0.0542 393 605 635 832 8 0.0542 508 479 747 693 8 0.0541 381 733 623 968 5 0.0540 427 676 680 905 5 0.0539 75 615 430 802 11 0.0539 81 619 442 801 5 0.0539 317 529 568 758 10 0.0539 433 679 682 908 6 0.0539 388 533 637 764 2 0.0538 387 606 637 832 8 0.0538 88 614 428 801 13 0.0534 199 604 573 785 11 0.0534 308 671 562 891 2 0.0534 432 740 691 970 13 0.0531 439 681 686 911 3 0.0527 387 530 634 770 3 0.0527 442 738 686 971 2 0.0524 494 629 742 852 13 0.0524 495 625 748 850 11 0.0521 183 522 444 750 8 0.0520 180 518 437 750 2 0.0516 322 537 577 762 3 0.0515 183 519 441 758 7 0.0514 89 619 444 803 11 0.0509 505 481 759 690 0 0.0508 549 628 812 848 13 0.0508 246 741 509 963 6 0.0507 437 737 690 963 7 0.0505 512 479 758 695 10 0.0504 311 670 559 892 6 0.0503 379 671 629 893
z9ENvoHV7xK2vS6GY4KV8RW847jhkIK5,0 0.0628 561 804 823 1023 5 0.0611 555 798 818 1021 7 0.0590 447 718 699 965 7 0.0589 369 787 628 1023 5 0.0577 359 782 621 1018 11 0.0570 363 791 620 1020 11 0.0563 441 722 700 958 8 0.0558 562 798 816 1022 8 0.0556 442 717 692 960 11 0.0550 329 610 704 794 10 0.0549 366 789 623 1023 0 0.0548 443 719 698 966 11 0.0544 558 804 820 1017 7 0.0543 565 801 830 1023 3 0.0542 449 718 695 967 5 0.0539 440 713 692 961 13 0.0539 449 720 703 964 13 0.0535 371 792 633 1023 13 0.0534 508 461 773 703 0 0.0534 503 459 767 704 13 0.0534 563 802 829 1023 3 0.0533 563 801 821 1023 10 0.0532 443 722 697 961 0 0.0530 436 588 698 821 2 0.0528 562 805 825 1023 7 0.0528 444 585 702 822 8 0.0527 365 785 616 1023 8 0.0524 437 590 692 820 3 0.0524 368 788 627 1023 0 0.0523 589 215 845 453 6 0.0519 447 719 700 963 11 0.0519 573 37 836 252 13 0.0519 444 583 704 820 10 0.0518 435 587 698 819 11 0.0517 502 462 768 696 5 0.0517 500 453 764 701 6 0.0515 442 585 699 822 6 0.0513 508 462 769 700 0 0.0510 362 787 624 1023 10 0.0509 559 807 823 1021 0 0.0509 434 391 692 629 11 0.0506 313 259 584 492 7 0.0501 513 461 770 703 8 0.0501 372 656 638 890 0 0.0501 569 34 832 256
bgcXaaGErMbtkUmEyDIV4hCnv65tJXgr,11 0.0596 439 732 690 961 11 0.0581 249 715 506 942 0 0.0557 439 725 689 966 7 0.0526 441 728 692 968 8 0.0515 440 728 686 965 5 0.0514 434 722 683 960 13 0.0510 437 802 689 1022 7 0.0508 253 784 503 1015
JKSBwfQtSC8YzNafhPbxrzByEAgkcXP3,5 0.0647 314 380 571 634 5 0.0638 314 244 559 496 0 0.0627 318 250 562 496 11 0.0625 318 154 562 383 8 0.0617 189 265 426 517 5 0.0615 171 333 430 576 8 0.0609 258 151 491 385 8 0.0609 500 276 749 515 0 0.0609 246 202 496 437 11 0.0606 311 324 568 574 0 0.0606 389 197 629 432 8 0.0605 246 328 495 575 7 0.0605 319 247 565 498 8 0.0602 319 389 569 634 13 0.0601 182 395 435 639 11 0.0600 256 462 511 700 0 0.0597 181 398 428 637 7 0.0596 258 459 510 704 8 0.0591 574 406 826 641 8 0.0589 377 318 633 569 5 0.0588 254 455 506 706 7 0.0585 242 326 502 576 0 0.0585 247 328 502 574 13 0.0585 582 341 839 579 5 0.0584 567 208 826 464 7 0.0581 319 389 576 635 0 0.0580 498 279 753 519 3 0.0577 246 199 499 442 5 0.0574 375 315 633 570 5 0.0572 574 405 828 643 11 0.0571 243 201 497 435 7 0.0571 388 197 632 437 11 0.0569 174 400 433 636 5 0.0568 497 272 747 516 13 0.0567 575 213 838 467 8 0.0566 178 392 424 639 0 0.0565 378 319 637 572 3 0.0562 318 248 564 501 3 0.0560 244 329 501 581 8 0.0559 263 459 501 699 6 0.0556 326 150 565 388 6 0.0550 181 395 436 639 11 0.0550 568 217 831 463 10 0.0547 242 334 504 571 0 0.0547 193 737 450 966 6 0.0546 320 249 564 494 3 0.0545 572 214 831 466 0 0.0545 576 408 831 644 13 0.0544 189 268 442 519 3 0.0544 182 393 430 647 7 0.0544 380 318 640 570 11 0.0543 182 272 435 514 3 0.0541 321 392 574 640 0 0.0541 567 213 834 467 0 0.0540 257 460 508 706 0 0.0538 318 389 576 637 6 0.0537 321 388 578 631 13 0.0537 503 278 760 516 11 0.0536 501 281 755 511 13 0.0535 262 458 515 708 7 0.0534 179 393 432 641 10 0.0533 313 251 565 493 13 0.0533 388 197 635 430 7 0.0530 503 279 756 517 7 0.0529 572 214 835 465 5 0.0529 383 190 627 434 11 0.0528 185 530 442 769 6 0.0528 574 216 834 466 6 0.0527 501 281 757 518 13 0.0527 379 317 646 571 8 0.0526 133 599 376 839 11 0.0526 190 742 444 958 6 0.0524 247 329 505 573 0 0.0524 199 605 458 844 13 0.0524 250 198 504 441 5 0.0524 188 523 433 773 6 0.0524 251 199 499 435 10 0.0523 261 531 513 757 11 0.0522 578 343 835 576 3 0.0522 263 459 505 709
KV0TcIhwjhlH4Qm8PfnYJXixXRLRg9OO,11 0.0608 0 144 256 381 8 0.0597 16 89 375 274 0 0.0591 22 88 386 275 0 0.0582 0 145 249 381 6 0.0574 24 90 389 273 11 0.0572 11 92 392 274 13 0.0571 373 2 636 247 10 0.0567 13 162 389 338 8 0.0560 438 7 685 249 3 0.0557 5 143 255 388 13 0.0557 18 160 397 343 13 0.0556 304 68 579 312 3 0.0554 438 8 694 256 7 0.0553 24 87 390 275 7 0.0548 0 148 253 384 5 0.0547 427 7 692 247 5 0.0546 0 139 249 380 5 0.0544 13 86 378 276 11 0.0540 431 9 695 243 0 0.0539 364 0 631 250 7 0.0534 440 9 696 249 0 0.0533 188 126 448 374 0 0.0531 11 231 376 418 3 0.0525 22 87 390 280 2 0.0522 17 162 389 341 9 0.0522 17 92 391 272 5 0.0519 50 213 319 450 8 0.0516 181 15 423 249 8 0.0514 13 227 363 418 13 0.0504 82 99 454 284 11 0.0503 183 130 452 367
1xso21fE81mWyMtBkSpI5Yqr0riuMkuC,11 0.0614 487 530 747 773 0 0.0584 490 527 746 778 11 0.0583 565 400 830 638 5 0.0574 429 527 693 769 7 0.0571 562 521 812 770 0 0.0560 369 527 634 771 3 0.0556 565 523 811 777 8 0.0550 435 531 689 769 3 0.0548 444 532 696 774 11 0.0546 421 602 686 836 10 0.0537 438 538 696 767 11 0.0535 439 461 694 698 5 0.0533 559 515 812 769 8 0.0523 560 524 803 766 7 0.0523 441 535 698 771 6 0.0521 440 538 700 769 11 0.0521 369 532 637 765 5 0.0519 638 393 887 632 13 0.0515 565 526 818 767 8 0.0514 381 465 627 701 5 0.0513 371 461 628 701 10 0.0513 565 403 830 639 13 0.0512 442 535 703 768 0 0.0511 638 399 893 635 5 0.0511 309 400 569 632 0 0.0511 508 392 757 634 5 0.0505 357 589 626 832 5 0.0504 289 525 568 750 6 0.0502 566 523 812 766
WsWWpdsEfiiDn6A94AaUzcJCUoy8Xldh,5 0.0666 312 465 580 716 11 0.0659 387 347 647 579 5 0.0623 386 338 642 575 0 0.0600 322 540 581 805 3 0.0595 394 344 646 584 5 0.0593 245 402 512 642 11 0.0591 320 399 584 642 11 0.0590 315 605 580 847 7 0.0587 389 342 649 578 5 0.0582 380 588 645 837 7 0.0580 320 470 586 720 3 0.0576 319 476 582 724 0 0.0575 318 399 587 646 11 0.0572 242 480 506 712 6 0.0572 317 472 588 715 11 0.0571 326 282 577 504 11 0.0570 442 603 710 837 6 0.0565 388 598 651 839 8 0.0565 316 471 575 718 5 0.0564 390 204 644 420 5 0.0560 248 531 506 785 11 0.0560 238 668 505 902 5 0.0559 503 518 764 764 7 0.0556 513 522 772 766 0 0.0550 326 281 574 509 10 0.0550 390 350 648 575 6 0.0548 393 344 648 583 8 0.0546 643 460 890 698 5 0.0546 696 456 961 695 5 0.0545 242 658 507 905 7 0.0545 320 603 580 852 7 0.0544 255 535 512 793 6 0.0544 254 538 517 784 0 0.0541 398 665 769 857 0 0.0539 259 144 497 378 0 0.0539 303 668 571 918 2 0.0539 317 475 586 722 0 0.0536 504 520 768 773 13 0.0534 327 542 586 802 11 0.0534 506 527 766 761 10 0.0532 450 600 711 837 13 0.0532 453 599 713 839 11 0.0531 571 599 817 832 3 0.0530 708 458 964 703 5 0.0530 569 590 818 833 6 0.0529 513 528 773 764 10 0.0529 323 401 585 639 8 0.0528 389 342 640 579 13 0.0527 515 523 770 765 6 0.0524 578 596 825 832 3 0.0522 331 280 575 511 13 0.0521 262 142 500 373 3 0.0521 250 411 512 647 11 0.0521 499 682 766 891 8 0.0521 253 539 502 791 11 0.0520 642 463 901 693 11 0.0518 251 343 516 569 6 0.0518 779 386 1023 621 0 0.0517 247 474 509 718 12 0.0515 319 469 581 720 7 0.0513 334 219 590 436 7 0.0511 450 597 708 838 13 0.0510 251 481 510 717 13 0.0509 334 216 591 439 13 0.0509 325 400 588 646 0 0.0509 573 592 819 837 8 0.0509 245 668 502 906 8 0.0508 320 603 571 849 13 0.0507 578 597 824 837 5 0.0507 636 395 894 636 10 0.0506 244 671 510 905 0 0.0504 396 210 645 430 3 0.0504 441 668 701 903 7 0.0504 250 403 515 642 11 0.0504 255 144 502 372 7 0.0503 642 398 902 635 8 0.0503 448 598 701 837 7 0.0502 707 464 967 693 13 0.0501 387 668 645 900 13 0.0500 250 719 503 957 8 0.0500 510 521 760 766
GpPoQ79c3EPohwPvX2a5cYKVsIpFJb9I,11 0.0607 445 144 694 386 5 0.0605 497 76 749 323 8 0.0601 377 18 632 257 8 0.0589 446 140 686 390 11 0.0585 640 244 922 450 5 0.0581 369 21 630 253 11 0.0575 572 335 832 575 0 0.0574 578 335 832 578 3 0.0570 502 19 754 259 11 0.0569 438 22 696 247 10 0.0569 498 26 756 253 0 0.0568 376 144 635 391 5 0.0563 564 144 821 384 7 0.0562 439 196 688 451 8 0.0560 575 212 818 452 11 0.0560 378 203 626 448 13 0.0559 319 1 579 202 0 0.0555 499 145 758 384 8 0.0555 579 335 825 576 5 0.0554 497 194 753 449 13 0.0554 381 147 638 392 5 0.0552 573 325 830 574 8 0.0552 498 79 744 322 8 0.0551 377 205 619 449 6 0.0550 581 335 840 577 10 0.0548 431 201 689 452 10 0.0547 442 89 697 330 3 0.0545 453 143 694 396 7 0.0541 510 268 756 513 3 0.0538 580 214 833 463 0 0.0537 502 267 753 516 0 0.0535 375 23 639 258 13 0.0534 584 336 841 578 7 0.0533 504 22 757 254 5 0.0532 375 195 622 450 11 0.0532 493 80 755 317 0 0.0532 502 22 755 256 7 0.0530 379 22 640 258 3 0.0530 585 333 834 583 10 0.0530 378 28 640 259 7 0.0526 506 143 758 383 2 0.0526 441 31 694 250 6 0.0524 384 204 630 450 6 0.0522 508 271 759 513 9 0.0521 576 336 833 568 7 0.0517 579 333 839 578 3 0.0513 511 269 757 518 6 0.0513 378 26 643 255 6 0.0513 453 145 698 392 0 0.0512 577 214 834 457 13 0.0512 503 144 760 383 13 0.0510 576 216 839 460 7 0.0508 582 213 836 457 11 0.0507 563 151 828 378 2 0.0506 449 150 693 393 1 0.0504 376 139 631 392 13 0.0501 508 270 762 513
ZAbxkuZlZtj11usf415M9Zq4ZmkzBp2j,11 0.0589 246 718 507 945 0 0.0587 438 273 687 499 8 0.0587 250 715 501 948 11 0.0541 429 346 689 566 5 0.0541 242 713 503 944 11 0.0540 378 796 640 1019 0 0.0539 378 795 640 1023 7 0.0535 433 342 692 569 7 0.0532 250 717 512 950 5 0.0531 375 791 635 1019 8 0.0523 382 790 631 1022 7 0.0522 384 791 644 1023 3 0.0520 435 346 683 576 0 0.0518 308 719 571 958 13 0.0514 376 280 643 502 13 0.0513 383 794 648 1023 0 0.0513 379 151 625 367 13 0.0513 253 717 516 953 7 0.0511 392 216 637 434 8 0.0511 429 343 679 571 0 0.0510 519 356 765 592 3 0.0507 396 216 632 441 11 0.0504 178 393 435 622 13 0.0501 268 139 518 377
aZd1bSIMegi4EcYd4N6x7qDDgWMYleFC,5 0.0619 372 589 626 832 8 0.0618 436 527 686 777 0 0.0617 439 467 688 703 5 0.0614 250 6 513 239 0 0.0613 429 594 684 842 11 0.0609 430 599 687 837 6 0.0607 323 17 588 251 8 0.0599 506 403 759 639 3 0.0589 256 10 518 246 5 0.0585 297 658 567 897 0 0.0584 211 286 564 463 8 0.0584 320 19 573 249 8 0.0582 375 593 624 834 5 0.0582 577 202 836 425 5 0.0581 575 346 826 571 11 0.0577 214 288 565 459 11 0.0577 447 405 710 631 8 0.0577 579 356 825 575 5 0.0576 372 456 632 695 0 0.0575 507 409 764 638 11 0.0573 503 337 767 560 3 0.0569 435 597 688 848 0 0.0567 317 407 573 648 0 0.0565 318 20 580 249 7 0.0565 437 598 690 842 11 0.0562 444 222 719 438 6 0.0561 307 666 578 898 6 0.0561 220 287 572 462 8 0.0561 505 13 743 253 0 0.0560 576 356 829 577 11 0.0560 252 11 522 238 6 0.0560 433 599 690 839 3 0.0559 457 338 717 575 8 0.0559 302 661 563 900 11 0.0555 514 149 770 379 11 0.0552 499 15 749 251 5 0.0552 501 13 747 250 13 0.0551 221 284 571 466 6 0.0550 442 470 695 702 8 0.0549 221 286 550 463 8 0.0549 452 341 706 568 3 0.0548 327 73 598 320 7 0.0547 456 401 711 636 0 0.0547 306 583 573 831 11 0.0547 248 147 529 370 3 0.0546 522 270 773 496 11 0.0545 302 666 570 897 5 0.0544 502 401 761 635 7 0.0544 334 335 594 565 8 0.0544 568 89 812 317 7 0.0543 252 9 521 242 5 0.0543 240 209 512 442 11 0.0543 332 337 592 557 13 0.0542 317 19 593 250 13 0.0542 308 662 584 904 0 0.0541 188 456 427 701 13 0.0539 256 390 518 642 0 0.0538 451 344 708 567 5 0.0538 447 334 707 565 7 0.0537 515 334 767 561 8 0.0537 376 459 628 696 3 0.0536 586 354 829 579 2 0.0536 439 536 691 774 5 0.0535 512 262 768 490 6 0.0534 585 355 833 576 5 0.0533 296 517 557 764 11 0.0533 324 76 603 308 5 0.0533 432 664 687 903 0 0.0533 504 19 752 252 6 0.0532 510 408 767 638 13 0.0531 497 683 757 907 13 0.0529 381 594 639 837 11 0.0529 481 685 755 899 0 0.0528 510 275 773 493 7 0.0528 221 285 564 464 3 0.0527 331 333 596 570 3 0.0527 441 466 693 709 5 0.0527 322 68 592 310 10 0.0527 252 21 519 238 11 0.0526 379 534 635 768 0 0.0525 485 673 753 909 6 0.0524 491 680 755 904 6 0.0524 173 222 504 401 3 0.0523 211 285 564 469
fPxm8ShvWvePAUXzHqsIt6lHbwyChpBK,5 0.0641 174 314 437 563 0 0.0641 182 316 438 566 11 0.0630 240 394 497 634 3 0.0627 255 320 501 570 8 0.0613 255 322 500 564 11 0.0611 187 200 441 437 0 0.0610 187 197 441 436 0 0.0609 243 391 496 636 11 0.0606 509 337 762 578 8 0.0604 190 254 435 501 11 0.0603 181 320 439 566 5 0.0600 567 334 826 570 3 0.0600 188 251 441 504 11 0.0597 120 401 383 640 8 0.0595 510 336 756 581 0 0.0593 512 338 762 579 7 0.0592 516 396 770 650 6 0.0592 579 406 833 649 8 0.0591 181 383 429 627 11 0.0591 311 150 557 378 5 0.0586 237 388 494 631 3 0.0585 514 337 761 585 13 0.0584 195 195 449 441 3 0.0583 308 395 562 640 6 0.0583 514 337 763 580 5 0.0582 181 194 437 432 11 0.0578 233 727 490 955 13 0.0577 580 341 834 573 8 0.0574 305 396 557 636 8 0.0571 573 405 822 653 7 0.0571 578 337 831 575 6 0.0570 194 199 445 437 3 0.0569 239 528 492 775 13 0.0568 258 324 507 567 0 0.0567 175 455 429 688 7 0.0566 190 251 443 498 8 0.0565 313 149 551 381 5 0.0564 231 717 487 952 6 0.0564 183 317 443 568 7 0.0562 255 321 503 564 0 0.0561 238 528 490 768 10 0.0558 512 405 769 649 0 0.0558 311 146 560 378 5 0.0557 508 396 763 645 6 0.0556 242 528 495 768 0 0.0554 573 406 829 648 5 0.0553 307 144 554 376 3 0.0550 577 406 828 656 13 0.0550 516 402 771 649 5 0.0547 116 397 378 639 2 0.0547 189 257 441 499 7 0.0547 183 382 436 624 7 0.0546 307 392 566 634 8 0.0546 238 458 479 698 11 0.0544 571 407 830 650 13 0.0542 185 387 441 631 9 0.0542 508 340 761 576 6 0.0542 319 148 562 378 11 0.0541 232 531 496 769 3 0.0540 183 385 437 632 6 0.0539 311 395 568 633 2 0.0536 511 342 760 579 10 0.0536 189 203 443 437 2 0.0532 256 327 501 562 8 0.0531 241 796 483 1023 12 0.0530 513 335 764 579 1 0.0527 506 336 760 582 1 0.0527 251 319 504 564 11 0.0527 300 458 561 693 10 0.0526 253 331 504 565 8 0.0525 307 522 556 765 6 0.0524 126 402 385 643 0 0.0524 307 454 559 696 13 0.0519 307 396 567 635 6 0.0517 655 333 894 573 2 0.0517 181 387 435 623 3 0.0517 184 134 442 376 11 0.0517 643 337 898 570 7 0.0516 241 528 495 773 9 0.0515 184 258 440 496 8 0.0515 182 135 432 370 7 0.0515 317 146 563 381 13 0.0514 315 150 562 383 5 0.0513 232 522 491 769 7 0.0513 239 795 497 1023 10 0.0512 178 386 438 625 3 0.0511 314 148 558 387 11 0.0510 291 806 552 1020
S1EpIiED3hYU05jGY6uMk6OYDlOR9plO,5 0.0640 239 453 504 714 7 0.0606 306 456 573 712 8 0.0585 306 454 562 709 5 0.0581 305 395 572 646 8 0.0581 243 522 493 780 8 0.0581 379 385 621 643 7 0.0580 244 523 501 781 7 0.0578 376 383 634 648 11 0.0577 307 520 570 771 6 0.0564 251 459 512 715 5 0.0557 369 574 625 825 7 0.0557 308 332 570 579 13 0.0553 311 456 578 711 3 0.0551 306 457 570 714 5 0.0551 363 325 624 569 8 0.0550 308 333 555 580 0 0.0547 246 522 499 782 13 0.0545 249 524 506 781 11 0.0541 436 515 700 751 10 0.0540 241 529 503 778 3 0.0540 376 388 629 650 11 0.0538 308 404 574 647 9 0.0535 300 457 569 701 5 0.0530 489 330 736 572 8 0.0530 379 581 622 826 5 0.0528 169 410 439 640 0 0.0528 370 329 627 575 6 0.0521 318 402 580 648 11 0.0521 234 344 502 577 0 0.0517 312 399 573 653 13 0.0516 377 389 636 648 5 0.0516 229 337 497 580 10 0.0514 246 409 512 648 12 0.0511 251 459 504 718 5 0.0509 435 506 697 749 6 0.0508 434 337 681 579 11 0.0508 367 724 633 959 11 0.0503 366 333 627 571 0 0.0501 380 579 626 830
2mvYTFzgT2j7K2fk9IItPmDBhj6Q4eKe,14 1.0 0 0 1 1
fEUthjcfgI9jNGHwTbxHjZmHipCLLgLc,0 0.0617 372 288 663 515 2 0.0605 372 291 666 511 8 0.0604 317 332 588 583 5 0.0590 367 287 658 511 6 0.0577 317 334 605 582 11 0.0573 315 335 598 577 3 0.0564 318 333 599 584 11 0.0558 374 218 657 440 13 0.0552 321 337 606 580 6 0.0523 170 208 443 436 11 0.0523 177 148 456 365 13 0.0519 170 206 451 440 7 0.0516 375 289 667 516 0 0.0512 257 86 513 311 8 0.0511 122 148 392 381 12 0.0510 374 287 667 516 9 0.0510 370 221 655 434 0 0.0509 451 215 724 452 0 0.0501 178 143 451 374
y8QTJqYiGHeY8OlGBI6U6gUrq09LRSTH,7 0.0506 393 401 648 641
dSADJyJx4tdD4pXjWfHncBHg7lymSIRJ,0 0.0633 500 394 762 650 11 0.0621 499 405 763 643 5 0.0615 502 329 758 573 8 0.0609 431 394 687 642 8 0.0603 505 333 753 572 7 0.0602 436 397 698 641 0 0.0592 504 259 758 497 5 0.0592 246 403 502 642 3 0.0588 431 396 700 645 5 0.0575 426 391 692 640 8 0.0574 253 407 499 647 6 0.0570 433 397 696 641 2 0.0561 504 341 758 571 6 0.0559 506 337 763 576 7 0.0557 505 335 762 574 10 0.0549 500 339 761 573 3 0.0548 499 336 760 578 11 0.0542 375 412 637 639 9 0.0532 501 338 761 568 13 0.0531 504 397 767 651 10 0.0531 252 415 509 643 7 0.0527 255 408 510 645 10 0.0518 427 398 700 640 8 0.0517 366 465 627 707 11 0.0516 250 409 504 641 0 0.0516 376 406 635 644 13 0.0515 258 408 514 647 11 0.0514 504 260 759 494 2 0.0513 430 404 698 642 13 0.0509 427 468 691 718 9 0.0508 368 411 636 640 12 0.0502 507 335 761 573
5H4dkQYeTYNRycp4bzzJvbeW4W8o5hfD,8 0.0639 317 784 555 1020 5 0.0632 311 783 556 1018 7 0.0620 259 729 499 965 5 0.0606 137 791 499 979 7 0.0603 318 786 562 1020 0 0.0603 318 787 560 1023 11 0.0596 314 788 558 1016 5 0.0595 559 780 801 1016 7 0.0591 458 776 692 1014 8 0.0577 254 730 493 961 10 0.0572 251 736 501 962 11 0.0571 249 732 502 957 6 0.0564 316 790 560 1023 5 0.0563 447 773 682 1010 8 0.0552 85 804 425 980 8 0.0552 512 780 740 1013 11 0.0552 452 779 685 1012 0 0.0551 256 728 498 967 0 0.0539 453 779 689 1018 3 0.0539 257 729 497 968 3 0.0539 318 786 561 1023 13 0.0536 318 789 565 1022 6 0.0535 457 784 690 1015 9 0.0532 312 790 561 1017 3 0.0529 514 780 747 1022 7 0.0524 572 780 814 1021 11 0.0516 563 782 805 1014 8 0.0514 755 74 991 312 0 0.0505 564 782 809 1023
eySgJowwAhIrWf4xkPHQpvg8ihO4oRgW,0 0.0594 373 333 628 559 11 0.0593 375 333 626 561 11 0.0583 344 427 711 606 8 0.0569 348 427 704 608 11 0.0562 258 338 503 572 8 0.0561 379 335 624 559 0 0.0555 342 427 712 608 11 0.0552 252 474 516 694 10 0.0548 377 336 631 560 8 0.0547 387 533 638 763 5 0.0544 320 325 566 560 13 0.0537 353 426 723 607 11 0.0537 385 538 651 756 7 0.0536 378 331 631 559 5 0.0532 240 404 511 630 3 0.0531 383 335 627 566 10 0.0529 347 430 716 605 6 0.0529 352 426 712 608 5 0.0529 340 421 701 604 3 0.0528 356 428 712 613 8 0.0526 259 472 505 698 7 0.0526 266 333 507 569 0 0.0526 261 336 502 571 7 0.0513 317 402 578 631 6 0.0511 257 407 518 632 6 0.0509 382 332 629 561 13 0.0509 254 407 519 637 11 0.0500 319 596 588 816
1zJXYjkWtcjb0ooDBVtS7oEJYVvauhiD,8 0.0656 439 202 688 448 11 0.0633 499 212 761 452 0 0.0625 506 279 756 513 11 0.0623 369 202 628 445 8 0.0622 311 139 557 386 8 0.0619 509 276 751 515 8 0.0619 564 200 818 442 8 0.0611 313 274 566 517 0 0.0611 436 203 691 449 7 0.0604 505 207 762 454 3 0.0602 509 209 759 456 5 0.0599 555 197 822 437 0 0.0598 309 135 563 389 6 0.0597 452 670 811 846 5 0.0591 234 253 502 497 0 0.0588 448 670 810 846 11 0.0587 503 345 760 575 7 0.0584 512 342 767 576 8 0.0581 238 199 486 433 5 0.0580 304 133 565 384 6 0.0576 313 139 565 386 11 0.0574 200 402 446 644 13 0.0573 441 206 695 449 10 0.0573 501 213 761 453 6 0.0572 579 278 828 508 5 0.0572 186 330 442 568 11 0.0571 435 279 689 508 0 0.0571 195 334 441 571 0 0.0571 562 203 828 441 3 0.0570 312 140 563 391 3 0.0570 372 202 627 452 11 0.0569 307 140 564 384 0 0.0569 630 554 889 801 11 0.0567 249 335 512 567 8 0.0565 190 331 435 572 7 0.0564 315 136 567 385 2 0.0562 509 283 755 514 7 0.0561 196 330 444 568 8 0.0561 449 668 806 844 7 0.0560 241 198 496 432 6 0.0560 510 209 760 449 3 0.0559 574 278 825 518 8 0.0556 507 410 742 649 0 0.0555 240 198 494 434 7 0.0555 375 199 630 446 11 0.0555 444 670 810 843 5 0.0554 434 200 685 446 10 0.0553 444 670 811 846 0 0.0552 627 410 880 638 13 0.0552 563 208 835 442 13 0.0551 453 670 815 847 3 0.0550 387 0 633 220 7 0.0549 385 0 641 214 13 0.0547 312 139 569 390 0 0.0546 312 270 572 522 5 0.0546 248 454 501 694 7 0.0546 451 668 815 847 11 0.0545 569 278 825 510 6 0.0545 266 390 512 633 0 0.0544 382 0 636 215 3 0.0542 456 669 812 848 5 0.0541 440 666 804 844 3 0.0540 442 279 695 519 10 0.0540 383 5 634 210 10 0.0539 311 143 563 387 13 0.0539 509 279 763 516 6 0.0538 374 200 629 447 3 0.0537 514 344 760 581 8 0.0537 387 2 627 213 2 0.0536 439 209 687 448 1 0.0535 504 274 758 516 6 0.0534 199 334 448 571 7 0.0532 571 275 826 515 10 0.0532 435 281 694 516 11 0.0531 379 2 632 212 2 0.0528 305 209 563 447 9 0.0527 562 208 829 435 6 0.0526 514 343 761 574 5 0.0523 377 0 632 210 11 0.0523 621 195 912 430 6 0.0521 385 0 640 211 8 0.0516 640 266 885 495 7 0.0516 263 385 510 633 0 0.0515 508 416 750 651 6 0.0512 444 276 693 513 9 0.0511 444 669 814 843 6 0.0511 637 196 914 431 10 0.0511 569 284 827 507 5 0.0511 506 337 755 573 13 0.0511 199 335 449 576 10 0.0510 503 346 761 576 13 0.0509 241 201 500 441 3 0.0509 195 336 444 579 11 0.0508 630 345 893 574 5 0.0508 629 337 886 568
sr30Wxjh6zvYQLt0AJyluvyNxmipnp3X,0 0.0616 431 669 691 899 0 0.0612 387 269 641 497 5 0.0611 363 786 611 1019 5 0.0611 387 325 643 569 11 0.0600 390 329 653 567 7 0.0592 396 268 643 497 8 0.0591 372 787 611 1021 5 0.0585 509 333 759 582 7 0.0578 370 792 619 1023 0 0.0577 368 732 612 976 11 0.0575 365 794 616 1021 5 0.0571 307 381 579 628 0 0.0567 453 338 700 581 3 0.0560 394 328 649 576 7 0.0560 461 336 701 579 7 0.0559 440 662 694 897 8 0.0556 394 324 639 572 0 0.0553 380 536 655 767 11 0.0552 456 391 722 633 11 0.0552 368 664 628 895 13 0.0550 376 793 616 1023 6 0.0545 394 271 651 498 7 0.0542 460 475 719 719 6 0.0538 462 338 707 579 7 0.0538 372 603 629 833 0 0.0535 0 671 235 907 0 0.0535 312 325 576 568 13 0.0535 399 389 661 634 11 0.0535 0 669 236 903 13 0.0533 243 792 510 1023 5 0.0532 381 471 651 702 7 0.0529 317 323 577 568 8 0.0528 374 660 619 898 5 0.0527 366 657 623 891 11 0.0526 99 609 380 841 10 0.0526 368 791 616 1021 6 0.0525 375 665 635 895 11 0.0520 578 265 815 492 0 0.0518 510 200 750 428 11 0.0516 313 387 588 628 13 0.0515 462 478 728 716 13 0.0513 327 467 599 707 8 0.0511 243 787 500 1022 13 0.0509 318 326 582 576 3 0.0508 463 394 723 642 0 0.0508 319 466 596 704 8 0.0505 318 386 573 633 6 0.0504 461 479 725 712 13 0.0504 378 667 634 899 8 0.0503 510 256 747 499 11 0.0502 236 789 504 1023 0 0.0501 455 475 719 716 13 0.0500 387 539 663 764 13 0.0500 527 413 783 656
T0AEhvMAi5fyNdQLIARY5D8O3tbIrdvt,11 0.0599 167 792 413 1021 7 0.0598 248 792 488 1021 8 0.0594 246 792 475 1022 5 0.0580 165 782 410 1018 5 0.0579 317 780 555 1019 11 0.0576 765 790 1010 1011 0 0.0568 385 664 639 916 11 0.0559 387 587 639 819 7 0.0557 326 714 573 968 13 0.0545 175 792 425 1023 11 0.0544 318 787 558 1022 0 0.0542 168 786 418 1023 0 0.0537 249 716 491 963 13 0.0527 325 787 565 1023 11 0.0525 242 722 491 957 7 0.0523 698 792 952 1023 11 0.0513 560 582 829 811 8 0.0511 386 665 630 910 8 0.0509 765 788 999 1014 2 0.0507 246 798 484 1023
UQVmKE10goGOwoSpEOJThJ2KyIt30qvN,5 0.0687 273 410 623 596 8 0.0673 379 393 630 638 5 0.0671 435 386 692 629 11 0.0655 373 272 636 502 8 0.0654 377 266 629 505 0 0.0648 439 276 693 501 5 0.0644 435 269 688 500 11 0.0643 351 479 715 672 3 0.0641 452 336 702 571 11 0.0640 310 403 573 644 11 0.0640 447 337 701 565 8 0.0637 309 456 566 700 8 0.0637 453 334 697 568 0 0.0637 378 398 635 639 6 0.0634 249 396 508 644 5 0.0622 351 526 711 728 8 0.0622 247 391 500 645 5 0.0622 507 327 759 564 3 0.0616 358 478 714 677 8 0.0612 372 525 641 766 7 0.0610 511 382 761 625 13 0.0610 315 402 573 644 13 0.0606 444 391 698 631 3 0.0605 378 271 633 508 0 0.0605 246 271 503 516 6 0.0604 439 389 697 632 0 0.0602 308 459 572 701 10 0.0600 277 416 632 598 6 0.0597 440 275 694 500 11 0.0594 241 332 500 579 3 0.0593 314 403 573 648 2 0.0588 243 332 498 579 7 0.0587 377 397 638 637 6 0.0585 373 523 654 765 0 0.0584 514 334 759 566 8 0.0583 244 268 495 516 2 0.0578 440 277 693 502 0 0.0576 373 525 647 769 13 0.0573 300 527 574 768 7 0.0572 246 327 504 580 0 0.0572 246 395 504 646 2 0.0572 311 404 573 645 10 0.0570 438 394 700 629 5 0.0569 238 268 498 510 5 0.0565 360 603 636 856 6 0.0565 513 333 764 567 3 0.0565 394 71 644 313 7 0.0565 381 269 636 505 6 0.0560 308 595 577 851 11 0.0560 251 214 508 447 5 0.0559 296 146 557 373 5 0.0559 382 66 637 306 0 0.0558 389 72 642 310 12 0.0556 380 397 637 638 10 0.0555 439 277 697 501 13 0.0554 393 68 646 308 10 0.0552 240 335 499 580 0 0.0551 302 150 564 381 1 0.0549 434 389 694 631 13 0.0548 514 333 764 569 13 0.0548 370 612 646 859 3 0.0548 306 153 560 380 2 0.0547 379 340 638 573 6 0.0547 247 271 505 513 9 0.0546 379 336 639 568 13 0.0545 442 274 698 501 11 0.0545 297 530 569 766 3 0.0545 245 334 498 586 13 0.0542 247 331 503 585 7 0.0541 308 457 575 700 11 0.0541 553 10 830 244 9 0.0539 437 276 694 496
sL4DJa2XYRFhrN9MdjxMb6TECmW28D2P,5 0.0577 569 30 828 267 11 0.0568 632 227 905 442 5 0.0566 572 461 833 709 5 0.0563 436 19 704 265 5 0.0555 506 91 769 327 7 0.0550 578 36 834 272 11 0.0550 571 528 844 772 11 0.0550 505 405 758 623 11 0.0550 177 346 459 571 11 0.0550 578 278 826 498 8 0.0547 437 0 706 186 8 0.0545 574 30 819 271 6 0.0544 583 35 833 265 3 0.0540 443 2 716 192 0 0.0539 577 471 835 704 3 0.0537 576 36 831 278 5 0.0536 575 273 818 495 0 0.0534 574 34 832 270 8 0.0534 587 216 828 441 11 0.0528 434 1 711 183 10 0.0528 441 31 712 263 13 0.0526 517 30 780 274 8 0.0526 255 19 504 247 7 0.0523 446 0 715 186 7 0.0519 580 465 836 708 8 0.0517 512 95 764 332 6 0.0516 447 26 709 264 3 0.0515 590 218 841 449 11 0.0511 508 32 772 269 0 0.0509 437 0 710 188 3 0.0503 580 466 835 713 0 0.0503 508 410 755 627 7 0.0503 514 401 759 625 5 0.0501 503 396 752 623 11 0.0501 426 465 698 683
tJAVXIbDbpTYPw4kAITHRiEVlv9J49ap,11 0.0605 446 535 697 774 8 0.0602 0 780 235 1018 11 0.0575 0 783 241 1014 11 0.0573 452 415 706 648 0 0.0565 447 540 695 773 11 0.0562 387 338 642 575 11 0.0561 374 589 624 824 0 0.0549 384 272 646 500 8 0.0546 390 269 638 499 3 0.0545 0 781 242 1022 13 0.0543 2 784 247 1021 8 0.0543 447 542 687 771 0 0.0540 0 779 243 1022 6 0.0540 2 780 247 1014 5 0.0540 0 781 238 1016 8 0.0534 456 418 700 648 7 0.0532 387 268 648 498 7 0.0527 1 777 244 1019 6 0.0524 455 419 711 650 6 0.0524 450 543 698 773 3 0.0523 390 271 648 504 5 0.0523 443 530 690 775 5 0.0521 449 412 703 649 13 0.0518 390 271 651 502 6 0.0518 394 339 649 578 8 0.0516 376 589 612 827 7 0.0515 461 467 706 704 3 0.0510 447 540 696 778 2 0.0510 0 783 243 1017 1 0.0509 0 772 241 1016 5 0.0506 369 578 615 831 12 0.0506 0 780 244 1019 13 0.0503 448 538 702 775 7 0.0502 377 584 622 828 10 0.0501 392 344 645 573 5 0.0501 380 265 642 495
U0HIBBV4DVoyhdZI1BAkXUuKOwaWiwjd,5 0.0640 384 275 656 517 8 0.0638 449 206 699 438 5 0.0636 445 200 704 434 0 0.0626 575 332 829 562 0 0.0624 336 269 591 517 8 0.0624 391 279 650 517 8 0.0617 389 142 633 374 11 0.0616 253 398 517 633 8 0.0614 578 401 826 638 6 0.0604 337 270 593 515 0 0.0599 254 334 508 573 8 0.0599 327 204 575 442 0 0.0598 254 203 517 441 8 0.0596 254 332 503 573 0 0.0594 392 205 644 434 5 0.0594 513 273 770 510 11 0.0593 389 283 660 517 11 0.0593 389 144 641 376 8 0.0591 389 398 644 647 8 0.0590 518 276 766 513 5 0.0589 318 199 584 441 11 0.0588 450 210 710 436 11 0.0580 576 407 836 638 11 0.0576 464 80 709 292 5 0.0576 186 322 447 568 13 0.0574 338 271 596 519 0 0.0573 323 137 584 373 7 0.0572 200 262 454 512 5 0.0572 505 396 766 633 3 0.0571 579 330 831 569 6 0.0571 258 333 514 573 0 0.0570 390 401 655 648 13 0.0569 258 334 515 573 11 0.0568 324 204 587 443 11 0.0568 383 405 659 643 13 0.0568 582 407 841 642 0 0.0567 194 265 448 515 11 0.0566 250 275 510 515 2 0.0563 452 405 708 639 6 0.0560 393 142 648 377 6 0.0560 393 397 658 648 11 0.0559 515 284 777 509 3 0.0558 468 147 713 385 8 0.0556 254 137 507 380 5 0.0556 626 398 885 634 0 0.0556 513 405 771 638 0 0.0555 637 400 894 637 0 0.0555 460 151 707 377 11 0.0554 315 536 583 773 7 0.0552 455 399 713 639 10 0.0552 251 279 512 515 7 0.0551 573 330 832 565 5 0.0550 180 202 446 450 6 0.0550 258 200 520 442 5 0.0548 226 786 499 1016 11 0.0548 230 798 499 1015 13 0.0547 624 476 903 715 5 0.0547 254 390 515 634 5 0.0547 382 135 640 372 3 0.0546 519 402 771 642 13 0.0546 456 397 712 640 6 0.0545 581 331 836 561 7 0.0545 256 331 513 572 8 0.0544 620 472 885 717 7 0.0543 396 141 647 378 9 0.0542 384 282 659 509 3 0.0539 396 204 645 441 7 0.0538 396 280 662 517 3 0.0537 238 794 498 1023 2 0.0537 518 288 772 510 13 0.0536 257 201 523 443 7 0.0535 333 201 591 445 13 0.0534 456 207 713 435 7 0.0533 454 209 708 443 2 0.0532 392 287 652 518 13 0.0531 395 142 647 374 10 0.0530 389 285 660 518 3 0.0529 625 474 894 723 6 0.0529 197 263 456 515 13 0.0528 198 265 457 515 6 0.0526 454 208 711 436 11 0.0525 179 205 452 448 0 0.0525 560 208 835 436 8 0.0524 192 263 444 513 6 0.0520 643 400 899 638 10 0.0520 384 407 656 649 7 0.0519 368 657 644 908 3 0.0518 327 135 586 379 11 0.0517 244 592 514 823 6 0.0514 517 403 774 639 12 0.0513 389 399 660 650
c1tXqCzNvgrVoLpuFdI7VBuEI1UjNYWL,5 0.0556 761 310 1023 547 11 0.0551 249 450 523 709 0 0.0547 628 329 901 565 7 0.0542 244 385 518 636 13 0.0541 167 388 450 649 0 0.0538 526 610 787 848 13 0.0538 636 390 909 624 0 0.0538 491 468 763 707 11 0.0537 625 386 902 625 5 0.0534 235 381 513 633 5 0.0532 628 380 899 626 11 0.0531 194 352 574 524 7 0.0525 634 384 906 627 3 0.0514 237 392 517 646 5 0.0509 193 346 575 521 8 0.0508 632 328 888 564 13 0.0504 531 613 791 846 11 0.0501 774 381 1020 623
7d4T2SarHRSHuevgGhBfusFBg7cDtZCk,11 0.0616 650 488 1021 675 0 0.0616 652 485 1022 679 0 0.0601 858 386 1022 766 11 0.0591 861 388 1023 758 6 0.0578 659 485 1023 677 11 0.0575 384 326 642 556 8 0.0573 650 484 1013 677 6 0.0570 314 400 571 637 5 0.0567 305 394 563 634 0 0.0566 180 273 438 513 5 0.0556 178 269 432 507 6 0.0549 250 257 510 498 11 0.0545 176 274 440 505 0 0.0544 246 189 510 439 0 0.0539 314 400 566 636 5 0.0534 640 482 1015 681 8 0.0530 242 254 493 502 13 0.0529 191 210 447 459 11 0.0528 242 189 514 430 5 0.0528 306 258 573 483 7 0.0527 387 325 651 561 5 0.0523 856 371 1020 770 8 0.0515 385 324 637 557 6 0.0512 387 325 652 560 8 0.0511 314 398 559 635 5 0.0509 376 321 641 556 3 0.0509 654 484 1020 682 7 0.0509 661 485 1023 679 8 0.0507 862 385 1021 767 10 0.0503 647 489 1023 675 6 0.0503 325 203 588 435 0 0.0503 384 326 642 557
qhlmacC58SRX8g4kBX3KEEM0IMNEKzV3,11 0.0635 249 386 506 632 3 0.0601 320 329 567 569 8 0.0601 253 388 504 635 0 0.0599 381 592 640 836 11 0.0597 458 454 706 692 7 0.0597 253 270 508 499 7 0.0595 389 331 631 561 8 0.0593 385 593 636 834 11 0.0593 307 660 575 883 0 0.0593 179 261 436 506 13 0.0589 257 453 513 699 11 0.0589 320 450 568 687 11 0.0588 385 399 628 623 0 0.0587 244 324 509 569 5 0.0587 487 718 754 951 11 0.0586 314 331 565 564 8 0.0583 174 325 434 573 5 0.0582 299 587 561 820 0 0.0579 313 523 567 768 5 0.0578 370 518 628 768 5 0.0577 239 323 505 564 7 0.0574 452 393 711 632 8 0.0572 251 267 498 505 7 0.0572 174 329 446 569 8 0.0571 315 329 560 566 6 0.0570 310 659 579 888 5 0.0567 247 447 504 694 11 0.0564 380 595 641 831 10 0.0564 244 332 506 567 7 0.0563 326 396 572 629 5 0.0562 366 666 637 894 3 0.0558 252 391 509 637 0 0.0558 253 451 511 700 11 0.0553 174 330 444 570 2 0.0552 382 596 642 831 11 0.0552 248 270 508 500 13 0.0551 248 327 511 570 5 0.0551 380 329 626 557 0 0.0551 386 335 632 559 6 0.0550 239 593 498 826 8 0.0550 317 522 560 766 0 0.0550 319 395 569 627 6 0.0550 384 593 648 829 3 0.0549 378 669 644 901 7 0.0549 395 452 636 693 0 0.0549 316 267 562 499 13 0.0548 321 520 571 768 3 0.0547 327 452 574 693 3 0.0546 391 397 627 628 13 0.0543 325 394 575 630 5 0.0542 312 268 566 495 6 0.0540 395 450 636 691 8 0.0539 311 659 569 888 7 0.0538 386 591 648 836 0 0.0538 391 454 633 694 6 0.0538 177 329 452 570 3 0.0538 254 270 505 508 13 0.0537 322 268 568 500 6 0.0536 323 332 571 563 3 0.0536 240 594 495 834 2 0.0536 247 332 506 565 7 0.0532 313 658 578 891 5 0.0531 455 443 704 691 11 0.0530 489 733 760 947 13 0.0529 387 591 651 836 13 0.0529 312 658 588 892 3 0.0527 314 200 563 432 2 0.0525 386 341 630 555 8 0.0524 388 395 622 623 2 0.0524 323 456 573 688 3 0.0524 378 522 632 774 13 0.0524 398 451 640 694 11 0.0523 380 729 642 940 5 0.0521 239 194 504 424 8 0.0521 238 591 488 827 2 0.0520 318 276 562 495 8 0.0520 462 449 700 693 10 0.0519 318 278 566 495 13 0.0519 252 191 516 429 5 0.0519 317 391 567 625 8 0.0518 308 200 553 426 0 0.0518 451 399 711 635 10 0.0517 324 399 572 628 10 0.0517 235 594 493 830 0 0.0514 380 720 641 945 10 0.0514 251 453 507 698 3 0.0513 462 450 708 699 6 0.0513 260 267 511 503 7 0.0512 253 451 512 699 11 0.0512 447 341 699 567 5 0.0511 171 259 432 496 6 0.0511 257 388 516 632 13 0.0510 240 593 506 830 11 0.0509 233 593 493 823 8 0.0508 382 726 634 944 11 0.0508 701 611 960 830 6 0.0508 451 337 707 567 7 0.0505 315 522 572 771 0 0.0504 238 591 494 830 6 0.0504 316 520 569 765
LBi1Lh7qtPZqbkfcmMnTnAjkuPrRURrE,5 0.0675 628 346 883 563 11 0.0618 511 405 783 624 5 0.0613 510 396 778 625 8 0.0607 181 473 422 711 11 0.0606 385 461 638 696 5 0.0602 687 411 934 626 5 0.0599 36 491 300 729 7 0.0594 520 404 784 630 8 0.0587 516 401 776 628 8 0.0584 121 528 358 774 11 0.0579 173 478 433 709 3 0.0571 639 352 885 574 11 0.0569 252 400 489 625 3 0.0567 522 406 779 634 13 0.0558 183 478 435 715 11 0.0557 625 285 894 497 8 0.0553 635 349 877 568 8 0.0550 386 201 624 425 7 0.0547 329 390 564 620 3 0.0544 448 208 689 449 5 0.0543 175 466 424 705 0 0.0543 119 528 362 773 5 0.0540 248 389 482 624 13 0.0539 327 392 569 623 6 0.0536 643 347 886 568 0 0.0530 519 408 783 628 13 0.0525 127 536 369 778 11 0.0524 691 414 944 635 3 0.0523 390 465 639 709 8 0.0523 318 144 560 362 6 0.0523 696 293 952 512 8 0.0522 256 397 482 630 6 0.0521 705 412 942 634 3 0.0521 114 471 360 726 6 0.0520 114 475 375 714 11 0.0520 442 211 696 440 13 0.0519 516 405 789 626 0 0.0518 47 422 310 664 3 0.0516 462 16 699 247 6 0.0516 327 392 561 622 7 0.0515 443 207 699 441 13 0.0514 447 209 701 436 7 0.0514 635 348 893 566 5 0.0513 449 11 698 239 7 0.0512 180 471 427 709 5 0.0509 435 201 688 437 7 0.0508 389 461 646 700 2 0.0507 519 412 781 628 8 0.0505 387 465 632 701 0 0.0505 445 213 694 441 3 0.0501 323 392 556 626
fmyysMiSDbn2RFiv4bZJxMdjRmWNj1tJ,8 0.0600 499 526 741 769 11 0.0598 493 532 753 768 5 0.0594 432 524 687 760 7 0.0594 502 530 752 772 6 0.0576 438 530 692 761 8 0.0575 386 533 627 775 7 0.0571 437 783 702 1013 7 0.0566 387 537 639 777 0 0.0562 308 714 572 953 0 0.0556 374 654 648 899 11 0.0555 310 715 571 949 3 0.0552 514 591 756 842 13 0.0551 500 530 755 772 3 0.0549 443 528 686 771 6 0.0542 510 595 764 835 11 0.0541 380 535 637 771 7 0.0537 264 540 510 781 5 0.0534 260 538 500 774 7 0.0532 384 657 653 898 13 0.0525 388 533 643 775 7 0.0523 306 781 558 1014 11 0.0523 257 544 509 775 8 0.0522 304 780 548 1010 0 0.0521 438 526 689 765 6 0.0517 381 654 653 895 5 0.0514 373 650 641 897 8 0.0513 379 654 640 895 0 0.0513 509 594 760 841 5 0.0512 505 592 757 836 10 0.0506 501 529 751 770 8 0.0503 110 210 376 444 5 0.0502 103 209 376 435
VfeIdHijKTuyGrPCvj7U81kRxddtkQ1A,11 0.0576 506 526 780 774 0 0.0572 435 568 699 823 8 0.0561 439 569 693 821 7 0.0560 443 569 703 820 5 0.0557 436 567 700 821 5 0.0542 193 134 455 380 11 0.0537 128 3 390 202 5 0.0535 625 418 889 657 5 0.0523 128 0 388 202 8 0.0521 131 0 380 202 13 0.0517 444 570 704 821 6 0.0516 450 513 706 763 8 0.0515 488 727 744 973 11 0.0515 560 734 816 966 8 0.0515 199 138 449 387 0 0.0513 583 285 851 517 5 0.0513 512 286 767 516 11 0.0512 390 517 644 756 7 0.0511 136 0 395 202 7 0.0507 177 790 431 1023 6 0.0507 132 0 395 205 5 0.0503 486 721 746 970 3 0.0503 135 2 394 208 13 0.0502 597 288 860 516 0 0.0501 0 41 244 271
3XHgaBqoGJDVoDmvrbJSGtO5hoDAFTx6,0 0.0628 320 459 578 712 0 0.0617 436 474 697 710 5 0.0601 312 455 574 706 5 0.0596 374 398 654 632 11 0.0595 374 407 657 636 8 0.0593 310 345 574 586 0 0.0591 311 343 580 591 0 0.0583 380 406 652 639 11 0.0580 434 476 705 705 8 0.0566 619 777 870 998 7 0.0566 317 396 586 651 11 0.0562 307 345 578 584 6 0.0560 321 465 585 708 8 0.0559 320 464 573 709 7 0.0558 442 470 707 710 6 0.0558 442 469 706 710 7 0.0553 621 775 884 996 8 0.0546 380 405 650 635 0 0.0543 498 561 772 800 11 0.0538 316 465 579 708 7 0.0533 508 554 773 803 5 0.0527 557 766 820 993 3 0.0525 383 354 654 585 9 0.0522 315 462 577 703 2 0.0517 320 467 580 711 13 0.0517 320 464 587 709 10 0.0516 380 409 666 634 0 0.0515 614 778 880 998 3 0.0513 324 405 587 659 13 0.0513 443 470 712 706 11 0.0510 613 776 880 994
uoWFoWH1saKtJv2KSkupHsre6g5VRds8,11 0.0577 301 662 559 895 11 0.0557 256 788 495 1018 5 0.0545 253 775 495 1014 8 0.0536 311 664 552 897 7 0.0525 323 785 570 1020 7 0.0525 311 658 569 900 8 0.0522 260 784 490 1019 6 0.0516 313 660 563 898 13 0.0509 267 787 507 1023 5 0.0507 305 652 559 892 0 0.0503 309 660 560 902 11 0.0503 379 787 627 1018
oGpg5lp2Yl1HFG5qoxbaNl8dPsd6LxQa,8 0.0669 137 865 495 1023 5 0.0658 244 777 490 1019 7 0.0640 249 781 493 1022 11 0.0633 246 784 494 1017 0 0.0607 249 783 492 1023 10 0.0593 247 788 493 1019 6 0.0590 251 790 495 1022 11 0.0579 185 710 437 954 9 0.0557 245 786 493 1019 13 0.0555 248 786 500 1023 10 0.0543 186 714 433 958 7 0.0541 377 606 634 821 7 0.0541 193 702 436 959 5 0.0540 183 698 431 957 3 0.0536 249 782 493 1023 6 0.0530 192 710 441 959 8 0.0524 188 706 427 962 0 0.0511 188 704 436 967 11 0.0507 368 605 632 822 0 0.0505 375 610 635 827 2 0.0503 247 787 495 1023
vaKqoBZP6sphXucj7vCJLxAGaRyxn4C3,0 0.0603 168 193 432 433 0 0.0595 247 254 506 495 11 0.0595 244 258 508 492 5 0.0579 166 187 427 429 0 0.0578 238 127 502 361 5 0.0573 248 250 501 490 5 0.0572 237 121 500 360 11 0.0571 166 198 435 428 7 0.0565 253 257 503 494 11 0.0563 236 133 509 356 7 0.0555 173 194 431 432 8 0.0553 242 130 492 361 13 0.0552 174 195 437 435 3 0.0547 251 257 505 499 11 0.0546 318 536 576 755 0 0.0539 502 197 762 415 6 0.0538 173 195 439 433 13 0.0537 254 458 513 701 13 0.0535 252 255 511 498 11 0.0524 249 458 509 695 10 0.0521 89 292 448 469 3 0.0514 171 195 431 435 0 0.0513 252 456 505 700 8 0.0511 252 254 499 494 11 0.0510 325 402 586 638 10 0.0508 170 201 427 428 8 0.0506 173 193 422 432 7 0.0505 336 398 587 640 6 0.0503 254 257 510 492 7 0.0501 246 129 499 359 0 0.0501 330 402 581 641
BdjALECoD53nNRhxwnvFF8wdekBhU8yx,7 0.0615 252 598 499 842 8 0.0608 254 600 490 842 11 0.0600 244 600 495 840 0 0.0586 251 596 498 846 5 0.0578 245 597 493 841 10 0.0550 250 602 497 842 6 0.0541 250 601 501 841 8 0.0510 638 0 873 207 11 0.0510 305 527 554 756 13 0.0510 252 601 505 844 7 0.0507 312 526 555 756
M5k9Pr6Awkq9AJD2wFRyxleC39ZW8QWU,0 0.0651 185 794 431 1023 8 0.0628 186 792 426 1023 7 0.0628 185 792 435 1023 5 0.0624 178 794 425 1021 7 0.0604 243 672 495 904 11 0.0595 183 797 430 1020 0 0.0584 242 672 493 907 10 0.0580 182 801 429 1023 11 0.0576 181 605 444 834 13 0.0560 188 797 439 1023 11 0.0559 237 679 492 903 6 0.0544 185 800 433 1023 7 0.0539 188 597 450 838 8 0.0538 183 601 436 836 0 0.0531 184 599 446 841 8 0.0525 240 677 484 903 3 0.0519 186 794 430 1023 11 0.0517 303 30 562 254 10 0.0517 237 679 493 903 13 0.0512 303 1 576 193 2 0.0510 187 799 431 1023
fIwZbQsScYi8rQGirDIdinzNKwjYQunt,5 0.0642 309 782 555 1018 7 0.0620 313 782 561 1022 8 0.0617 313 781 553 1020 11 0.0607 310 786 557 1018 13 0.0593 383 782 626 1017 7 0.0591 408 730 767 908 11 0.0588 312 736 691 908 0 0.0587 312 782 558 1023 0 0.0585 323 732 689 911 11 0.0577 377 534 628 760 8 0.0577 326 734 680 908 11 0.0575 438 683 801 855 0 0.0573 444 683 806 857 5 0.0569 465 736 824 910 5 0.0560 377 530 624 761 6 0.0556 249 793 501 1019 0 0.0545 383 533 632 768 10 0.0541 310 789 558 1019 8 0.0540 381 531 625 762 13 0.0535 407 732 769 909 8 0.0534 443 682 796 855 10 0.0533 470 741 828 912 7 0.0533 384 527 635 765 3 0.0529 325 731 689 914 6 0.0528 381 787 625 1016 3 0.0527 311 784 558 1023 9 0.0526 309 785 558 1017 0 0.0524 464 452 716 690 13 0.0524 247 790 506 1020 13 0.0522 388 532 637 761 3 0.0521 449 682 803 862 6 0.0519 324 735 698 909 6 0.0518 447 685 809 858 2 0.0517 312 788 561 1021 11 0.0506 330 416 692 600 6 0.0505 382 535 635 761
jZFE1LuXlSbNoa3NxMFJSDUlzhOAhnMB,11 0.0529 302 603 574 843 11 0.0524 709 625 1023 787 8 0.0509 802 477 987 843
Uerl7I3h1N7hvEyHVbUBT1ACGU9nAy3L,5 0.0618 635 0 891 201 8 0.0605 641 0 890 200 8 0.0589 443 385 697 627 7 0.0574 642 0 899 202 5 0.0572 441 378 705 628 8 0.0570 573 467 827 702 3 0.0564 641 2 899 207 7 0.0557 446 383 712 632 10 0.0556 638 2 897 198 7 0.0555 626 602 893 832 11 0.0551 571 468 833 704 0 0.0550 527 0 878 154 0 0.0548 446 386 705 631 7 0.0542 575 467 837 709 13 0.0539 533 0 885 154 13 0.0538 445 383 711 624 5 0.0536 571 462 833 705 8 0.0532 372 454 620 679 11 0.0529 440 387 705 626 7 0.0528 375 451 637 685 0 0.0528 635 541 888 768 6 0.0526 643 2 898 201 3 0.0523 582 469 836 716 11 0.0520 528 2 879 152 0 0.0519 579 469 838 706 7 0.0517 264 397 527 645 0 0.0512 370 453 630 685 10 0.0510 442 391 708 629 13 0.0506 576 471 846 705 5 0.0504 462 0 805 152 5 0.0502 366 447 626 680 5 0.0502 100 457 359 715 1 0.0501 636 0 895 200 2 0.0501 449 334 709 568 13 0.0501 376 454 635 683 0 0.0501 702 624 957 843
zJyqV2AV082bbBTHdMtWGc919oQ8PJgw,0 0.0530 272 341 512 561 13 0.0529 202 404 458 627 5 0.0525 253 203 505 444 0 0.0520 257 212 515 451 11 0.0518 326 220 579 433 8 0.0508 330 218 573 436 7 0.0504 261 206 516 446 13 0.0504 276 341 520 560 13 0.0504 260 206 522 446
f6H4QgvQswbY9scCNh9HTPvGH8LD44lr,5 0.0533 499 397 744 623 6 0.0524 504 404 749 628 11 0.0518 446 337 694 564 0 0.0510 504 406 749 627 11 0.0502 501 406 746 621
XAf6oDAOlqk9aMg6ODigIw9T3DOCX3H2,0 0.0596 503 478 762 725 11 0.0581 442 593 704 829 7 0.0562 509 475 767 721 7 0.0554 253 274 516 515 8 0.0535 503 473 754 719 0 0.0532 443 593 708 831 5 0.0521 245 273 509 510 11 0.0514 245 281 519 511 11 0.0513 570 15 834 248 13 0.0510 507 476 767 721 8 0.0507 697 13 935 247 5 0.0502 691 8 945 240 11 0.0502 573 593 836 832
gAHP3sPG0sYGCKIVvsACtuvjgshFziGZ,11 0.0616 176 724 429 958 0 0.0608 179 720 429 961 7 0.0601 231 770 481 1017 11 0.0591 287 714 548 945 5 0.0584 175 718 426 958 8 0.0573 181 724 424 960 6 0.0566 233 777 478 1014 3 0.0553 185 723 429 966 8 0.0547 509 666 753 893 13 0.0543 236 774 484 1015 0 0.0541 574 598 821 836 7 0.0539 512 663 764 890 6 0.0532 294 715 549 948 8 0.0529 293 714 542 948 7 0.0528 293 708 553 949 11 0.0522 505 665 763 890 10 0.0520 178 725 429 956 0 0.0518 505 662 759 896 2 0.0513 231 778 479 1015 9 0.0511 229 777 480 1010 8 0.0510 573 603 811 832
hopCj7Gn8y6T5wS11Vg0JTtnls0d7UfS,11 0.0593 371 601 640 825 8 0.0575 378 600 631 825 5 0.0550 368 591 633 824 7 0.0549 447 615 714 852 3 0.0546 382 597 636 832 13 0.0536 449 621 718 856 6 0.0529 247 478 500 711 5 0.0526 238 465 493 712 7 0.0523 247 471 501 719 7 0.0523 247 673 519 895 11 0.0521 241 474 495 711 6 0.0519 450 617 713 851 10 0.0517 446 621 716 850 6 0.0515 371 535 637 763 11 0.0511 308 428 563 652 7 0.0508 370 672 645 905
3LUJUSV8gqIACGAxVn5XeQsYAuOAqgYS,7 0.0632 584 722 828 969 11 0.0611 383 533 635 767 11 0.0603 582 725 825 964 13 0.0587 387 401 631 636 8 0.0583 370 272 602 507 0 0.0579 316 204 561 446 7 0.0579 388 530 643 769 0 0.0579 760 409 996 628 13 0.0579 376 269 617 505 8 0.0577 386 533 631 769 3 0.0573 390 531 637 773 11 0.0570 375 145 637 391 5 0.0568 311 200 559 440 13 0.0565 312 133 569 371 0 0.0562 446 161 698 408 10 0.0561 371 276 615 510 8 0.0561 384 404 618 638 3 0.0561 586 725 825 974 5 0.0558 381 523 633 765 3 0.0558 389 402 625 647 6 0.0557 388 531 641 769 11 0.0555 382 405 625 638 8 0.0555 582 721 818 972 10 0.0553 376 150 635 396 5 0.0553 379 396 618 636 5 0.0552 444 206 688 454 13 0.0547 524 721 772 961 6 0.0547 386 402 628 639 10 0.0546 316 213 563 442 13 0.0545 391 530 641 767 5 0.0545 581 716 819 966 8 0.0545 317 206 550 441 3 0.0544 453 270 683 518 7 0.0541 377 274 616 509 10 0.0540 581 727 824 971 0 0.0540 385 532 637 770 11 0.0537 372 276 613 506 7 0.0533 389 400 629 642 0 0.0533 577 779 832 1023 6 0.0531 314 134 564 371 11 0.0531 315 209 565 439 2 0.0526 584 726 826 972 5 0.0525 367 266 608 506 8 0.0524 448 212 681 452 10 0.0523 384 408 626 641 6 0.0520 377 273 614 508 13 0.0518 587 783 833 1023 5 0.0516 512 779 758 1013 6 0.0516 457 212 692 454 7 0.0514 380 141 639 392 10 0.0512 385 534 640 767 3 0.0509 318 207 560 448 5 0.0506 370 134 631 391 11 0.0506 450 216 695 453 3 0.0505 378 141 633 398 8 0.0502 377 142 625 391 10 0.0502 453 220 694 453 1 0.0500 383 528 641 765
FzXaUSuwKz2IPgDSfECMcMmiROEq8efJ,5 0.0636 536 87 803 311 0 0.0636 520 287 766 522 5 0.0604 490 154 751 391 8 0.0601 554 169 809 386 11 0.0600 634 338 886 558 0 0.0582 575 231 825 451 8 0.0581 584 320 830 568 3 0.0572 503 159 759 401 7 0.0569 543 91 809 317 7 0.0569 574 398 831 635 11 0.0566 543 97 808 312 11 0.0564 519 229 763 450 7 0.0564 589 278 839 502 5 0.0564 596 169 878 380 0 0.0563 495 159 754 395 3 0.0561 587 325 836 575 5 0.0558 578 318 828 567 13 0.0551 531 285 769 517 11 0.0550 507 334 758 566 7 0.0536 525 227 761 451 3 0.0535 548 92 807 321 7 0.0531 517 333 761 565 11 0.0530 443 92 692 318 2 0.0527 498 168 759 391 11 0.0525 563 401 825 634 3 0.0520 448 82 689 325 13 0.0518 635 288 888 493 6 0.0516 588 325 841 570 2 0.0515 525 291 768 519 6 0.0513 559 169 819 386 8 0.0512 441 213 684 452 6 0.0510 501 81 758 306 0 0.0506 437 216 690 457 10 0.0504 506 335 761 570
LcJnN9TNRT7bLbreD7e98O0Qx3xEzwtU,0 0.0578 167 453 429 688 11 0.0567 182 789 424 1006 8 0.0559 176 384 425 626 6 0.0550 169 451 433 687 11 0.0535 222 444 493 662 11 0.0534 374 512 617 733 7 0.0531 534 457 773 678 13 0.0531 236 440 499 665 7 0.0528 165 508 435 743 3 0.0528 231 438 490 668 11 0.0520 116 328 393 561 8 0.0512 512 341 750 573 7 0.0510 250 723 488 950 7 0.0509 186 787 425 1013 0 0.0509 114 326 390 569 7 0.0508 382 512 620 738 11 0.0507 528 457 766 674 8 0.0506 532 457 760 678 10 0.0503 173 392 430 627 3 0.0503 381 515 615 745 0 0.0502 250 724 486 957 5 0.0501 170 385 429 624 10 0.0501 772 10 1017 248 11 0.0500 157 515 429 742
0l0yuf96RqmbFBq6dj5JtvxtE7b98mEA,0 0.0610 193 641 463 884 11 0.0603 187 643 460 876 5 0.0584 246 592 509 831 5 0.0572 431 592 686 839 0 0.0570 445 541 698 773 6 0.0563 254 598 515 833 6 0.0562 441 601 695 839 11 0.0545 184 395 430 641 11 0.0545 433 604 693 837 8 0.0543 245 660 504 903 0 0.0543 117 224 382 454 0 0.0542 262 271 522 509 7 0.0538 439 601 699 836 5 0.0538 331 259 581 494 8 0.0538 448 533 692 767 11 0.0534 393 274 638 506 7 0.0531 193 640 462 882 0 0.0531 300 657 565 903 6 0.0531 128 296 378 521 11 0.0528 466 406 721 637 11 0.0527 517 278 770 511 11 0.0526 249 455 510 701 8 0.0520 315 607 567 843 11 0.0517 293 663 564 899 7 0.0516 126 294 380 520 3 0.0515 313 607 578 848 11 0.0515 334 395 599 637 13 0.0510 254 732 520 974 10 0.0508 434 604 692 837 3 0.0507 194 645 459 887 5 0.0507 112 220 373 444 7 0.0507 407 324 661 564 6 0.0506 184 453 428 702 6 0.0504 336 263 594 493 8 0.0501 468 404 711 639 13 0.0500 265 529 526 767
a4H9QYc9gC726vyRNcnPQDOqqTAVOZeM,8 0.0612 439 519 682 769 5 0.0601 180 321 437 553 11 0.0583 264 544 622 725 0 0.0579 312 673 582 903 0 0.0575 442 660 691 906 11 0.0570 439 584 697 840 0 0.0566 435 526 693 771 5 0.0562 439 647 687 905 8 0.0559 433 402 692 644 5 0.0555 624 324 877 569 0 0.0548 255 3 500 236 3 0.0547 448 586 696 849 5 0.0547 256 0 500 236 7 0.0546 446 579 698 842 0 0.0545 374 597 639 836 5 0.0544 234 195 499 432 13 0.0543 446 584 704 841 7 0.0542 184 395 441 632 8 0.0540 442 653 683 904 5 0.0536 374 583 635 836 8 0.0534 263 7 493 234 11 0.0531 628 330 887 567 0 0.0529 435 403 700 646 11 0.0524 243 595 509 841 5 0.0523 312 666 576 903 8 0.0522 379 589 631 835 2 0.0518 445 589 696 843 0 0.0517 631 527 897 766 8 0.0517 206 82 451 325 11 0.0512 627 524 893 763 0 0.0512 507 206 761 450 11 0.0510 252 2 505 230 7 0.0509 439 398 703 642 5 0.0508 240 380 502 633 8 0.0506 270 546 605 730 0 0.0504 629 333 880 570 13 0.0503 337 549 695 731 6 0.0503 448 656 697 903 6 0.0502 248 329 507 567 5 0.0502 431 396 698 642 11 0.0501 242 268 509 495 3 0.0500 675 493 1017 675
UzSpOSt11K8AbTuKogcWWrLPv3oi3hgk,5 0.0660 365 267 628 514 11 0.0650 368 272 633 517 13 0.0626 438 268 703 511 8 0.0624 437 261 696 512 11 0.0620 247 267 503 498 3 0.0614 371 270 633 520 10 0.0609 371 214 633 446 11 0.0609 502 204 761 444 6 0.0606 130 323 379 578 5 0.0601 500 195 758 447 7 0.0599 376 214 633 446 6 0.0598 306 273 562 514 7 0.0595 506 200 764 446 2 0.0595 502 205 760 445 3 0.0592 442 209 702 452 8 0.0592 373 210 627 447 3 0.0590 304 211 565 442 7 0.0588 309 273 563 510 0 0.0585 369 272 633 519 11 0.0584 566 144 832 382 5 0.0584 244 259 501 500 8 0.0584 503 202 756 446 13 0.0582 504 201 765 446 7 0.0579 441 266 701 512 0 0.0577 248 262 500 500 6 0.0577 509 202 765 446 0 0.0574 438 209 700 452 12 0.0572 439 265 699 510 0 0.0570 569 143 831 382 6 0.0568 440 267 700 509 10 0.0567 436 265 700 508 6 0.0566 376 214 632 447 10 0.0564 246 267 501 498 2 0.0560 439 270 698 510 0 0.0559 307 340 564 587 5 0.0559 567 136 828 381 8 0.0557 127 320 370 577 10 0.0556 501 202 762 444 8 0.0556 305 274 556 509 2 0.0556 569 146 834 380 6 0.0555 184 261 437 494 11 0.0555 254 395 514 641 8 0.0549 568 144 824 380 11 0.0545 184 325 437 562 13 0.0541 648 0 906 222 8 0.0541 182 260 433 489 6 0.0541 572 143 838 383 3 0.0538 310 342 565 588 0 0.0537 187 323 435 568 11 0.0537 644 0 896 217 9 0.0535 367 272 631 511 2 0.0534 303 276 559 510 0 0.0533 372 154 643 384 7 0.0532 572 140 838 382 13 0.0532 254 262 507 502 5 0.0530 376 536 640 768 12 0.0530 505 199 762 448 12 0.0529 374 211 635 445 5 0.0529 384 659 628 886 3 0.0528 192 323 434 570 11 0.0528 381 547 642 771 5 0.0526 299 336 564 584 6 0.0525 252 199 496 432 10 0.0524 568 145 835 381 0 0.0520 315 461 570 713 2 0.0515 374 217 627 447 5 0.0512 241 663 499 889 0 0.0512 248 723 510 957 5 0.0511 183 315 438 566 6 0.0510 250 670 507 891 1 0.0510 369 270 632 515 7 0.0507 325 398 579 654 0 0.0507 311 603 565 837 3 0.0507 571 146 830 388 8 0.0505 647 0 881 218 12 0.0505 306 271 564 511 6 0.0505 193 397 442 646 9 0.0503 434 205 697 443 5 0.0502 175 592 443 819 8 0.0501 236 530 499 768 7 0.0500 185 256 442 490
zGRUDbxwkWCvJRLhWlXTDDk7C5NSeXeH,8 0.0565 582 406 823 633 5 0.0552 576 400 826 636 0 0.0540 644 406 893 643 11 0.0539 571 29 811 254 5 0.0522 491 339 761 579 6 0.0513 450 171 713 404 7 0.0513 505 400 771 649 13 0.0509 576 24 817 254 0 0.0509 502 403 763 655 13 0.0508 439 470 712 715 0 0.0507 580 342 836 580 6 0.0506 575 29 816 256 10 0.0505 587 410 836 634 11 0.0504 581 408 829 632 0 0.0503 511 165 762 396 5 0.0502 440 161 707 397 5 0.0501 561 23 802 258
ddQB7SnjDcL0PJLUTSRXZqXSv1sUvybn,11 0.0604 248 466 502 700 5 0.0604 245 401 494 633 8 0.0593 313 471 549 701 7 0.0593 313 467 558 706 8 0.0577 254 404 491 631 8 0.0573 589 480 833 712 11 0.0568 179 411 435 628 6 0.0568 586 412 832 649 7 0.0567 250 401 503 636 7 0.0562 373 664 633 895 0 0.0560 249 404 501 635 13 0.0560 254 465 510 704 5 0.0558 242 577 490 821 8 0.0557 570 327 824 570 7 0.0555 183 456 433 696 3 0.0552 248 408 496 639 11 0.0547 236 341 496 567 5 0.0546 366 658 628 891 0 0.0544 587 484 840 715 8 0.0543 248 519 485 753 5 0.0542 304 464 553 701 5 0.0542 567 322 825 566 5 0.0542 170 333 423 559 6 0.0541 251 408 503 635 11 0.0541 567 333 829 563 5 0.0540 180 453 427 694 6 0.0540 312 471 558 701 10 0.0538 313 516 550 749 0 0.0536 244 522 495 757 0 0.0534 176 337 429 563 10 0.0532 246 409 500 632 7 0.0531 318 576 563 817 5 0.0531 370 789 628 1001 3 0.0531 313 472 553 708 11 0.0527 243 586 493 820 11 0.0526 371 799 629 1003 0 0.0524 311 579 562 817 0 0.0523 181 460 434 697 0 0.0521 573 331 827 570 8 0.0519 317 580 553 816 6 0.0518 186 459 436 694 13 0.0517 249 586 500 826 7 0.0517 377 797 633 1007 11 0.0514 306 662 574 888 8 0.0513 189 459 422 694 2 0.0508 580 414 830 649 2 0.0506 254 469 500 701 8 0.0504 373 667 621 895 13 0.0502 246 340 503 570 7 0.0501 243 656 505 891
sUfWNihyW0fyvVcFiEeRqm5ek9z5wJmX,5 0.0659 188 789 429 1016 11 0.0646 130 791 374 1020 8 0.0627 133 789 368 1022 11 0.0624 159 673 525 844 7 0.0617 133 789 377 1022 5 0.0614 126 719 371 960 0 0.0600 119 663 377 896 5 0.0599 426 798 680 1009 7 0.0598 202 717 443 955 8 0.0591 120 661 372 894 7 0.0588 126 661 379 891 7 0.0587 433 795 689 1014 8 0.0584 262 790 495 1022 11 0.0577 194 720 444 953 11 0.0576 260 794 501 1020 7 0.0576 262 789 505 1021 8 0.0574 253 665 500 896 5 0.0573 256 716 499 955 8 0.0561 436 798 675 1014 10 0.0557 193 797 433 1019 0 0.0557 198 717 443 959 0 0.0556 428 798 685 1019 5 0.0555 178 660 439 888 8 0.0552 64 720 309 964 10 0.0550 126 729 375 959 10 0.0548 182 669 443 890 6 0.0542 195 795 434 1020 13 0.0540 198 793 436 1022 0 0.0540 261 794 502 1023 11 0.0535 64 721 316 962 0 0.0534 63 784 315 1022 8 0.0532 190 595 432 811 6 0.0529 263 722 511 957 11 0.0527 425 800 681 1011 5 0.0525 64 779 310 1018 7 0.0517 194 596 446 808 10 0.0516 62 786 310 1018 3 0.0516 136 789 376 1023 11 0.0514 375 467 621 680 7 0.0513 72 718 321 961 2 0.0511 195 796 434 1021 10 0.0509 259 725 505 957 2 0.0507 131 728 377 964 3 0.0506 434 801 683 1017 10 0.0504 60 663 307 899 1 0.0503 127 785 376 1023 13 0.0503 71 780 321 1021 9 0.0502 189 793 432 1018 3 0.0500 188 662 445 897
LbxIl57UFktdtrZx9tj9hcWiOcRywIaf,11 0.0646 221 285 587 466 0 0.0621 187 201 450 443 8 0.0610 319 400 571 649 6 0.0609 191 199 452 441 8 0.0606 289 347 636 541 11 0.0606 187 202 450 441 0 0.0600 224 282 586 469 8 0.0599 190 197 445 443 6 0.0598 227 281 591 468 11 0.0598 375 337 635 569 5 0.0592 252 332 516 584 7 0.0590 377 401 629 645 3 0.0578 320 337 577 581 0 0.0576 320 334 577 578 5 0.0572 216 279 578 464 13 0.0568 215 344 593 542 13 0.0567 270 412 640 606 7 0.0565 449 345 695 585 3 0.0563 188 200 455 448 11 0.0562 310 403 578 647 13 0.0555 192 198 458 446 3 0.0555 221 283 587 472 6 0.0552 317 403 577 648 7 0.0547 231 280 588 468 7 0.0547 190 197 453 443 5 0.0546 185 196 448 437 10 0.0544 186 202 449 441 5 0.0543 349 346 713 534 10 0.0539 315 404 579 650 7 0.0537 398 263 650 495 1 0.0530 205 342 584 539 2 0.0526 227 287 575 468 0 0.0525 182 5 438 254 11 0.0524 177 9 443 249 3 0.0520 450 274 707 519 10 0.0515 329 271 582 504 11 0.0513 508 345 773 582 8 0.0509 508 273 775 513 9 0.0508 187 202 450 440 9 0.0508 280 347 641 536 12 0.0507 332 269 581 507 6 0.0503 379 335 639 573 6 0.0503 451 276 711 508 2 0.0502 189 203 449 442 13 0.0501 394 263 652 496
phBUHGCDqcGyIBOKhnehohdkLbPztEmy,11 0.0634 435 331 702 567 3 0.0626 445 326 697 575 8 0.0618 372 339 629 567 8 0.0615 445 267 696 508 5 0.0604 444 202 689 441 8 0.0603 370 209 624 443 5 0.0594 308 201 567 441 11 0.0591 440 210 699 443 6 0.0587 448 208 697 444 11 0.0586 177 598 441 830 11 0.0582 308 211 573 440 3 0.0580 451 206 691 449 11 0.0578 316 599 573 828 8 0.0568 307 274 554 507 7 0.0561 445 270 703 509 11 0.0559 268 410 631 597 13 0.0558 325 144 577 377 3 0.0557 313 210 568 446 0 0.0555 439 328 701 568 5 0.0554 435 322 698 564 6 0.0553 242 603 503 841 10 0.0550 368 209 635 444 5 0.0549 314 592 570 829 0 0.0544 445 205 693 446 6 0.0543 371 333 635 570 5 0.0538 293 331 552 567 8 0.0537 178 593 431 831 8 0.0537 322 149 560 377 3 0.0535 275 354 628 542 0 0.0534 266 352 639 538 6 0.0530 306 269 562 511 13 0.0528 370 209 638 448 5 0.0528 169 593 436 830 0 0.0526 311 205 572 446 0 0.0524 177 600 440 834 10 0.0524 443 271 703 505 0 0.0515 322 597 574 833 2 0.0514 448 212 691 444 7 0.0514 307 272 561 509 5 0.0514 296 456 561 700 13 0.0514 311 274 566 512 13 0.0513 442 330 704 570 8 0.0507 323 597 565 829 7 0.0502 178 594 444 828 11 0.0502 236 269 494 496 8 0.0501 246 197 481 438
OeaWb0I1YHdadCtWrTd72vQyanCwpXc0,8 0.0658 337 0 689 155 13 0.0583 274 1 643 149 3 0.0579 338 0 697 158 11 0.0578 313 1 591 189 11 0.0578 446 461 695 694 0 0.0572 273 0 632 148 0 0.0564 439 711 692 964 7 0.0556 508 400 753 639 7 0.0555 337 0 704 157 6 0.0553 322 0 591 189 5 0.0551 321 0 692 154 11 0.0548 558 1 829 187 0 0.0548 465 551 833 731 11 0.0546 491 726 746 955 6 0.0545 455 456 701 692 10 0.0544 319 5 592 184 11 0.0540 372 525 629 760 11 0.0538 452 551 828 727 5 0.0537 430 778 683 1019 8 0.0536 377 523 620 761 3 0.0530 453 460 698 703 7 0.0527 439 787 692 1023 6 0.0526 473 550 837 730 5 0.0525 556 0 830 183 8 0.0524 561 0 825 188 5 0.0524 373 523 626 761 0 0.0523 376 519 629 763 5 0.0523 491 712 742 956 8 0.0522 504 398 741 640 5 0.0520 445 457 698 696 3 0.0519 499 720 747 964 12 0.0519 426 0 707 184 10 0.0517 560 3 833 186 0 0.0517 397 487 780 668 11 0.0515 433 795 684 1022 13 0.0513 455 459 705 697 6 0.0511 382 524 636 760 13 0.0508 380 521 636 764 5 0.0507 455 546 823 729 8 0.0505 495 720 739 959 3 0.0503 380 523 628 767 13 0.0501 443 788 693 1022 0 0.0500 564 0 831 189
eJwmVvp4SA6xv8a0uafPpSernTJJS2VR,0 0.0627 211 347 572 532 0 0.0625 134 408 487 592 8 0.0625 212 414 567 594 8 0.0624 364 284 632 515 6 0.0623 208 414 580 593 13 0.0598 210 414 579 596 11 0.0598 208 351 571 529 7 0.0587 366 285 637 519 3 0.0587 367 289 637 520 0 0.0585 364 286 636 514 5 0.0583 356 281 629 512 5 0.0582 200 411 566 590 11 0.0581 360 288 639 515 11 0.0577 174 399 434 649 3 0.0576 215 352 571 533 6 0.0576 364 286 641 517 7 0.0566 214 347 574 530 7 0.0558 139 408 493 591 2 0.0555 213 352 568 528 10 0.0549 132 412 491 590 8 0.0546 427 541 689 767 3 0.0545 180 398 433 657 13 0.0538 367 287 643 514 6 0.0530 430 542 703 768 13 0.0529 253 458 503 715 2 0.0524 365 292 632 514 11 0.0520 422 543 699 770 10 0.0518 210 354 571 530 7 0.0517 211 473 580 657 8 0.0517 218 285 556 469 0 0.0515 205 472 575 659 10 0.0514 210 478 579 656 0 0.0507 425 539 694 772 12 0.0505 211 414 576 594
fxnZyj3jXPEivJEGxpEMFLYOOuiZMboy,7 0.0577 187 669 432 904 0 0.0556 185 671 430 909 8 0.0543 182 671 421 908 5 0.0530 180 669 422 901 10 0.0527 178 676 430 902 11 0.0516 179 674 429 897
3mh7iyPrQqz8Bxqbkbe2YO3sUlB5EfvD,0 0.0589 0 604 240 844 7 0.0574 324 783 572 1023 5 0.0560 441 788 701 1017 8 0.0551 449 790 693 1019 8 0.0550 1 599 234 842 8 0.0543 324 666 568 900 8 0.0543 1 453 242 703 11 0.0542 685 0 954 187 8 0.0540 384 731 627 964 11 0.0540 446 795 701 1016 0 0.0536 449 730 698 963 13 0.0530 390 787 646 1023 13 0.0530 443 538 695 783 0 0.0528 382 675 635 908 0 0.0526 1 465 248 710 8 0.0525 322 781 560 1023 8 0.0525 457 673 690 901 7 0.0524 450 792 710 1020 11 0.0524 318 785 565 1021 11 0.0523 377 676 634 904 3 0.0523 604 3 932 160 8 0.0520 438 538 675 782 5 0.0518 684 0 949 191 11 0.0516 0 604 238 838 7 0.0516 325 661 582 904 0 0.0514 772 335 1018 574 6 0.0512 384 672 639 903 0 0.0511 381 790 637 1023 8 0.0511 690 1 945 188 6 0.0510 388 789 641 1023 5 0.0509 0 601 231 837 10 0.0508 383 790 637 1023 6 0.0507 690 3 958 190 5 0.0506 448 671 695 901 7 0.0506 0 459 258 707 6 0.0506 428 465 693 707 5 0.0505 314 779 562 1018 3 0.0501 449 793 701 1023 7 0.0501 610 0 936 156 11 0.0500 432 543 691 779
05T7iqWLIK8eWE8jN5iOdaVxy4RAbaRJ,11 0.0652 253 339 509 576 5 0.0651 253 404 511 646 5 0.0639 315 337 570 583 3 0.0639 321 343 572 588 6 0.0633 260 412 516 648 5 0.0622 378 521 636 760 7 0.0617 260 407 513 647 3 0.0602 508 584 765 831 13 0.0600 258 411 519 650 3 0.0599 387 528 641 769 3 0.0599 257 410 510 652 8 0.0596 384 524 633 764 11 0.0593 235 592 501 829 5 0.0593 506 579 763 824 7 0.0593 321 339 575 584 0 0.0589 385 526 638 763 8 0.0589 318 342 566 585 0 0.0586 318 341 572 584 7 0.0585 388 524 639 768 0 0.0583 509 584 762 827 10 0.0578 384 525 641 762 11 0.0577 381 527 638 761 6 0.0575 388 524 643 759 8 0.0574 257 410 505 648 0 0.0573 257 407 513 650 11 0.0572 504 587 765 821 13 0.0570 321 344 579 588 8 0.0567 305 587 562 834 6 0.0562 245 587 505 831 7 0.0562 513 584 766 824 0 0.0561 304 584 571 836 11 0.0561 359 713 625 941 6 0.0556 322 346 578 586 7 0.0556 241 591 501 836 13 0.0555 389 526 643 764 10 0.0553 322 347 573 585 10 0.0551 301 588 575 833 10 0.0550 256 415 510 647 2 0.0547 262 413 510 650 8 0.0543 509 584 757 825 12 0.0537 321 345 574 589 13 0.0536 308 587 579 837 12 0.0535 259 408 513 650 5 0.0526 296 580 567 831 3 0.0525 383 648 642 894 8 0.0525 383 648 628 888 10 0.0524 509 586 768 823 3 0.0523 247 592 503 839 2 0.0522 323 350 570 588 5 0.0520 352 703 622 945 10 0.0515 380 653 643 888 9 0.0515 254 338 506 572 2 0.0514 386 531 639 761 7 0.0506 383 649 642 892 0 0.0505 379 650 637 891
gFO4L7xU6eGBfgVmWg66KdogD463hwfD,11 0.0580 564 482 824 707 0 0.0563 567 479 820 714 8 0.0563 555 593 800 824 0 0.0561 638 612 898 847 6 0.0554 569 480 822 709 8 0.0550 457 6 703 247 8 0.0550 567 477 816 710 5 0.0548 389 3 636 247 7 0.0538 511 465 763 705 11 0.0534 389 5 638 250 0 0.0532 393 8 640 256 11 0.0529 379 131 631 364 7 0.0529 388 128 630 366 13 0.0528 397 4 647 250 8 0.0524 575 336 823 571 0 0.0521 578 341 831 571 13 0.0514 586 271 835 505 5 0.0513 378 123 622 361 10 0.0511 389 78 636 308 10 0.0510 574 413 834 639 5 0.0509 558 537 812 770 13 0.0509 559 593 812 826 6 0.0508 557 595 808 824 8 0.0507 526 265 770 506 3 0.0507 582 337 832 577 3 0.0507 387 128 630 371 11 0.0506 552 595 808 823 11 0.0506 629 336 901 563 6 0.0504 456 6 716 246 8 0.0502 504 397 751 634
txIqnL6dqiGYJw3JnQZ1TNZ4TraI3Ewd,11 0.0655 456 405 697 642 11 0.0622 433 601 677 834 8 0.0617 437 596 675 829 0 0.0613 235 0 506 203 5 0.0612 230 0 497 195 0 0.0604 453 404 699 640 11 0.0603 233 1 502 199 8 0.0590 458 404 692 641 11 0.0589 381 350 631 577 6 0.0586 434 601 683 831 5 0.0586 452 400 695 641 8 0.0586 307 219 561 433 7 0.0584 239 0 506 201 8 0.0580 238 0 499 201 3 0.0579 240 1 502 206 0 0.0573 564 522 817 759 5 0.0570 429 593 675 829 11 0.0569 368 220 638 439 11 0.0568 559 592 827 833 3 0.0567 372 225 634 447 7 0.0564 571 521 818 759 3 0.0562 569 589 824 838 10 0.0562 232 5 502 198 3 0.0562 380 350 632 584 13 0.0561 568 589 832 838 0 0.0560 434 599 677 830 13 0.0559 385 348 641 580 7 0.0559 459 401 702 643 3 0.0558 304 291 576 513 7 0.0557 437 598 683 830 8 0.0556 252 151 497 385 11 0.0552 245 155 506 385 13 0.0551 245 84 517 327 8 0.0550 568 524 808 760 5 0.0550 559 583 823 831 0 0.0550 377 347 634 579 11 0.0549 192 585 456 825 3 0.0548 439 597 679 836 6 0.0546 455 406 701 640 10 0.0543 245 92 510 326 6 0.0542 567 524 816 757 3 0.0541 460 406 696 646 13 0.0541 313 218 577 435 6 0.0539 372 224 639 442 3 0.0539 245 84 508 330 13 0.0539 238 2 510 203 6 0.0537 384 350 641 579 8 0.0537 380 349 626 579 0 0.0536 252 151 507 385 2 0.0533 567 528 815 761 11 0.0532 302 292 575 506 7 0.0532 385 345 637 579 5 0.0532 234 81 506 315 6 0.0529 245 87 518 322 7 0.0528 372 218 639 438 0 0.0525 368 220 633 440 2 0.0524 436 605 680 829 5 0.0519 377 345 629 576 11 0.0517 438 286 696 510 1 0.0516 427 591 678 831 5 0.0516 363 217 630 435 13 0.0515 439 602 683 834 6 0.0512 239 4 508 200 11 0.0507 121 535 388 766 5 0.0506 294 286 573 504 11 0.0506 368 725 639 964 7 0.0505 246 81 511 323 13 0.0505 511 346 761 583 8 0.0503 374 716 634 969 0 0.0500 631 594 899 834
w46OdgqW77oPd2qkwTOOHsmMRmSi2OZ8,11 0.0656 685 411 937 641 6 0.0621 474 350 838 537 5 0.0600 464 347 824 535 8 0.0590 688 406 928 641 7 0.0579 392 71 640 315 7 0.0576 474 352 830 540 3 0.0575 476 353 832 542 8 0.0570 471 352 819 535 0 0.0569 371 141 623 387 11 0.0569 425 472 707 707 11 0.0568 385 74 636 310 0 0.0568 473 351 829 541 0 0.0567 686 406 933 650 6 0.0557 689 405 940 641 3 0.0555 688 408 933 648 11 0.0553 289 479 556 712 11 0.0553 572 44 821 264 5 0.0551 566 38 816 265 11 0.0549 472 354 831 537 11 0.0548 352 423 630 645 13 0.0544 691 407 945 647 6 0.0542 575 42 819 268 5 0.0542 443 15 700 249 13 0.0540 474 351 840 539 10 0.0540 447 22 703 252 13 0.0539 366 538 647 778 8 0.0539 375 135 616 383 11 0.0538 307 10 564 254 3 0.0538 379 139 627 389 5 0.0534 680 403 929 644 11 0.0532 371 209 623 445 6 0.0530 447 19 704 251 3 0.0528 450 21 699 258 7 0.0527 687 408 939 643 7 0.0527 361 360 622 588 11 0.0522 362 538 641 770 2 0.0519 476 355 829 536 8 0.0518 313 8 554 252 8 0.0518 575 43 811 262 13 0.0516 321 7 568 254 13 0.0516 574 40 824 267 0 0.0515 239 11 492 251 5 0.0513 358 526 638 776 8 0.0509 446 19 695 250 8 0.0509 367 535 628 773 13 0.0506 396 73 638 314 3 0.0506 427 405 690 652 10 0.0505 471 354 830 536 8 0.0505 432 475 696 711 6 0.0502 425 406 693 642 7 0.0502 317 10 564 255 0 0.0501 393 19 641 257
yKb6qGhHY3FnX9rTYJTOGdUZLypWxvoX,8 0.0650 253 786 492 1022 5 0.0650 249 786 491 1020 0 0.0638 254 789 495 1023 0 0.0636 199 719 432 964 7 0.0633 253 789 497 1023 7 0.0620 199 720 435 956 5 0.0615 192 717 430 955 11 0.0614 250 792 495 1019 10 0.0596 192 728 435 957 8 0.0595 199 720 431 957 10 0.0585 250 794 500 1022 11 0.0581 195 726 436 954 6 0.0570 252 794 497 1023 3 0.0567 254 789 495 1023 13 0.0558 256 789 501 1023 3 0.0551 197 723 435 962 9 0.0539 248 792 496 1020 9 0.0527 191 721 434 953 0 0.0520 240 273 503 494 11 0.0520 241 276 507 490 11 0.0519 568 804 802 1016 6 0.0512 198 720 439 958 7 0.0505 246 272 509 490 13 0.0501 197 719 443 960 2 0.0501 251 794 497 1023
vyYHh6J2bs1Rfkv0chHURe4By5Kyxdav,0 0.0619 50 0 316 217 11 0.0610 108 0 375 213 5 0.0601 0 24 245 269 8 0.0596 0 25 241 268 11 0.0593 0 31 250 268 6 0.0588 57 1 320 212 11 0.0573 407 480 767 665 7 0.0556 58 0 318 215 11 0.0551 431 749 696 968 3 0.0551 56 1 316 220 2 0.0548 0 31 252 269 5 0.0542 408 475 762 665 13 0.0539 58 4 326 216 11 0.0533 424 337 694 555 10 0.0523 0 30 249 269 3 0.0521 420 482 765 672 0 0.0521 409 482 770 670 3 0.0517 431 336 689 562 8 0.0515 410 480 755 665 1 0.0510 51 0 317 215 5 0.0510 363 781 621 1009 10 0.0507 407 486 768 667 13 0.0505 365 337 637 572 13 0.0504 373 788 638 1016
kbFNfGliGhACnYBy0C5GMrQhQMAwXicm,11 0.0656 240 597 519 827 8 0.0614 248 596 509 830 11 0.0614 309 535 570 762 0 0.0593 381 340 631 569 11 0.0581 371 618 629 837 11 0.0576 259 472 507 698 0 0.0571 261 536 517 766 11 0.0568 178 659 447 890 8 0.0566 312 536 557 764 0 0.0565 313 469 566 696 8 0.0565 260 474 497 698 7 0.0563 248 595 523 830 6 0.0557 264 535 521 767 5 0.0557 299 601 560 826 8 0.0557 291 287 636 475 5 0.0555 384 203 630 448 8 0.0552 381 338 619 567 7 0.0550 391 273 639 510 13 0.0547 306 606 567 832 8 0.0547 375 617 616 842 5 0.0545 372 548 618 774 6 0.0544 380 556 626 775 7 0.0543 376 550 625 773 7 0.0542 265 470 515 698 8 0.0540 379 478 612 696 0 0.0534 379 552 621 775 11 0.0529 376 473 623 692 13 0.0527 390 274 642 510 7 0.0527 188 656 449 890 11 0.0524 378 340 627 566 5 0.0521 311 322 566 563 3 0.0521 378 558 622 780 0 0.0520 515 270 761 500 0 0.0518 291 286 649 480 2 0.0517 390 279 637 510 5 0.0516 180 652 443 889 8 0.0514 185 655 437 891 0 0.0512 182 654 445 893 3 0.0511 392 276 636 516 8 0.0510 322 395 564 627 3 0.0507 249 598 519 837 11 0.0504 391 154 638 379 10 0.0503 258 537 516 768 10 0.0502 388 274 633 511 3 0.0502 396 150 639 390
6st89vTrUziiX68dqO2AIVgTtiP2gdFa,11 0.0555 622 324 873 560 0 0.0512 548 611 807 837 5 0.0506 495 593 748 818 8 0.0506 563 266 815 507
97RYaIbVXNZ2oduoRNCggzkSbbbrRj0W,11 0.0594 192 396 446 645 5 0.0591 192 389 446 642 11 0.0542 439 3 708 225 5 0.0541 112 334 373 573 7 0.0538 461 468 699 706 8 0.0535 323 581 578 833 5 0.0532 515 403 764 642 11 0.0531 254 327 517 561 6 0.0530 447 0 710 224 8 0.0526 199 396 438 651 13 0.0525 201 394 452 651 7 0.0524 529 408 773 645 11 0.0522 110 341 383 571 8 0.0522 522 411 762 642 0 0.0521 199 396 447 650 6 0.0519 203 395 451 648 11 0.0515 173 276 438 508 0 0.0515 455 474 695 705 7 0.0514 203 390 449 648 0 0.0514 523 415 772 645 11 0.0514 454 468 695 699 11 0.0514 314 583 581 829 8 0.0513 460 473 688 704 8 0.0513 443 0 698 227 5 0.0512 452 462 692 700 10 0.0511 458 474 697 706 0 0.0509 438 0 707 225 3 0.0507 198 398 448 654 7 0.0504 318 579 588 836 0 0.0503 321 583 581 835 5 0.0502 252 322 516 562
DSYytsqLjRWBgKBz4w4mq2cWAQttQ0lZ,11 0.0598 239 740 495 966 11 0.0583 440 394 702 637 7 0.0578 445 393 704 640 0 0.0576 441 393 699 642 11 0.0566 375 272 634 507 8 0.0565 444 394 696 637 6 0.0560 508 223 760 452 11 0.0560 302 796 561 1023 11 0.0558 356 733 625 961 0 0.0558 502 219 756 461 5 0.0551 436 389 698 639 5 0.0548 238 731 491 966 10 0.0548 370 339 632 574 11 0.0547 501 792 764 1021 11 0.0546 500 225 761 449 8 0.0544 241 733 489 968 0 0.0541 241 733 497 969 11 0.0539 309 398 585 631 13 0.0534 337 152 595 397 8 0.0534 373 337 626 572 10 0.0534 442 395 703 638 8 0.0532 505 720 753 958 0 0.0530 374 336 628 579 13 0.0528 309 788 573 1023 7 0.0528 506 220 763 455 6 0.0525 446 392 706 640 5 0.0524 367 333 632 573 5 0.0523 427 209 697 448 13 0.0523 446 394 708 642 7 0.0523 448 785 705 1023 7 0.0521 363 730 631 965 13 0.0521 442 219 705 452 5 0.0520 353 721 621 959 11 0.0518 384 163 643 380 7 0.0515 510 722 767 957 6 0.0514 244 734 495 966 5 0.0513 497 712 761 953 0 0.0512 360 726 627 964 13 0.0512 512 719 770 961 0 0.0510 502 718 764 961 13 0.0510 330 276 594 522 8 0.0510 499 219 744 453 11 0.0507 308 103 588 323 6 0.0503 444 165 697 383 3 0.0503 447 394 704 646 7 0.0501 376 269 640 513 3 0.0501 507 220 754 462
hysYTM6wZd427GCmWZIOEcovnSmQPvSt,11 0.0561 293 673 556 882 8 0.0538 246 795 489 1023 11 0.0516 237 447 495 684 11 0.0516 293 795 564 1014 0 0.0515 294 791 564 1021 11 0.0512 245 349 511 566 7 0.0511 299 667 558 884 11 0.0511 240 731 504 954 11 0.0506 358 728 633 945 11 0.0503 292 530 551 761
iw36fv2dGYfNjjfrl8r1fgljaLKEHLL4,11 0.0563 433 603 695 831 0 0.0556 432 602 694 836 8 0.0520 432 602 682 836 11 0.0518 437 465 707 689 5 0.0513 309 259 559 479 5 0.0511 504 661 770 904 0 0.0509 506 660 774 910 11 0.0509 377 402 639 629 11 0.0507 366 539 636 768 11 0.0506 239 336 505 573 5 0.0502 431 599 688 834
nba0WDVKJMZnfD8Z9rsPRfVw7uQ4jTQb,0 0.0680 131 643 377 895 5 0.0642 126 641 374 891 8 0.0642 129 641 371 893 7 0.0637 129 641 375 892 11 0.0629 127 644 376 891 10 0.0612 127 647 374 890 6 0.0607 130 644 378 893 3 0.0586 131 642 375 896 13 0.0551 132 642 380 894 2 0.0536 129 648 375 891 9 0.0520 125 646 377 889 4 0.0514 129 645 379 895 1 0.0507 125 640 375 892 12 0.0505 130 642 376 894
2lwtP9M6ZJSpKTvJGaWg3oH8gfHyrOpp,5 0.0660 442 333 705 566 8 0.0656 504 457 756 706 5 0.0637 368 391 628 625 7 0.0634 308 454 562 701 5 0.0628 373 251 635 492 7 0.0624 447 398 708 641 11 0.0623 365 455 628 685 8 0.0619 442 401 699 637 0 0.0613 306 455 563 700 5 0.0605 496 392 764 639 7 0.0604 435 521 691 764 0 0.0604 375 393 634 630 8 0.0600 389 131 637 371 6 0.0600 502 399 775 645 5 0.0589 246 324 500 564 11 0.0588 249 401 498 640 0 0.0586 379 257 640 500 6 0.0580 372 454 632 688 5 0.0579 301 450 559 697 8 0.0575 382 252 636 498 0 0.0574 385 132 641 374 10 0.0573 366 459 629 690 10 0.0572 251 409 498 643 8 0.0571 367 454 622 688 0 0.0569 451 334 709 570 8 0.0568 254 400 491 643 11 0.0566 445 270 705 513 11 0.0563 386 137 643 370 3 0.0561 443 401 703 643 11 0.0561 297 517 548 754 13 0.0561 383 257 648 498 0 0.0559 202 219 581 410 13 0.0557 377 397 641 627 6 0.0556 452 340 713 568 5 0.0556 382 128 638 370 0 0.0554 430 518 691 763 7 0.0554 311 592 563 825 11 0.0554 441 401 706 635 3 0.0553 385 194 648 439 13 0.0548 453 339 716 568 6 0.0547 255 328 512 566 0 0.0547 505 393 773 646 11 0.0547 499 462 760 704 3 0.0547 450 268 702 525 8 0.0547 432 521 681 760 11 0.0544 430 525 691 759 3 0.0543 254 405 497 650 5 0.0543 181 401 440 653 8 0.0536 307 200 569 433 11 0.0536 233 260 500 494 11 0.0535 306 199 577 431 6 0.0533 436 523 693 759 2 0.0533 447 410 708 642 6 0.0532 312 198 582 434 1 0.0531 361 450 625 689 2 0.0530 254 408 497 647 11 0.0529 182 469 433 711 11 0.0528 174 332 435 582 2 0.0528 298 522 549 759 2 0.0527 382 263 640 497 5 0.0525 303 192 569 431 7 0.0524 451 268 704 520 13 0.0522 254 330 511 570 8 0.0522 177 330 425 586 9 0.0520 368 398 630 625 10 0.0520 508 466 764 705 13 0.0519 508 465 768 705 7 0.0519 238 261 502 496 8 0.0519 238 263 490 495 10 0.0518 390 139 645 369 6 0.0516 383 257 645 501 10 0.0514 442 406 707 640 5 0.0514 368 517 616 755 3 0.0513 506 460 763 712 13 0.0511 324 131 582 374 7 0.0511 190 464 433 714 2 0.0509 239 267 495 498 13 0.0509 312 458 565 698 3 0.0509 437 521 691 764 10 0.0505 435 527 691 762 6 0.0505 388 132 646 376 3 0.0505 239 199 504 436 10 0.0504 380 261 647 494 2 0.0504 310 204 573 435 2 0.0503 368 462 627 691 8 0.0502 181 529 419 769 7 0.0502 310 197 579 438 0 0.0501 176 335 435 585 0 0.0501 189 467 433 716 9 0.0501 305 458 557 693 3 0.0501 319 128 575 374
P16D1HYCOOPeajyROmHu9FX3Mfh2etWy,7 0.0654 355 350 699 529 3 0.0654 355 283 705 470 11 0.0639 348 353 695 527 7 0.0630 280 280 640 465 5 0.0621 274 278 632 464 8 0.0619 283 283 625 468 8 0.0611 354 351 692 528 11 0.0609 242 396 500 639 6 0.0605 284 280 635 467 7 0.0604 312 387 572 634 0 0.0603 351 281 705 470 5 0.0603 347 347 696 526 5 0.0601 238 389 497 640 8 0.0581 311 391 562 631 13 0.0574 181 389 437 635 8 0.0573 177 388 426 631 0 0.0572 173 519 435 758 3 0.0571 247 333 505 582 11 0.0564 556 430 897 601 0 0.0562 502 608 766 846 0 0.0561 233 454 497 695 13 0.0559 251 331 511 580 8 0.0558 235 452 490 692 10 0.0557 244 337 509 575 5 0.0553 559 424 891 605 8 0.0550 175 514 428 753 6 0.0549 250 334 508 577 6 0.0548 351 350 700 529 11 0.0546 120 516 389 751 8 0.0545 446 155 698 392 8 0.0543 437 665 690 900 7 0.0540 236 451 502 694 0 0.0539 245 330 504 576 10 0.0539 279 284 639 464 11 0.0537 231 525 498 764 6 0.0536 438 599 697 836 13 0.0533 288 281 640 471 2 0.0532 352 284 702 467 8 0.0532 505 603 758 839 7 0.0530 561 427 903 605 10 0.0529 351 352 703 527 13 0.0528 565 428 905 604 13 0.0527 358 352 701 529 0 0.0526 313 390 566 634 6 0.0526 126 520 396 756 0 0.0525 177 390 431 630 8 0.0524 560 428 888 603 6 0.0519 180 393 435 631 9 0.0518 343 353 695 524 0 0.0516 431 665 697 906 7 0.0516 363 457 636 701 3 0.0515 178 391 431 639 7 0.0515 178 387 434 629 8 0.0511 361 462 619 696 6 0.0510 370 664 628 901 5 0.0509 506 596 762 838 5 0.0509 172 595 439 828 6 0.0509 236 458 506 694 5 0.0508 230 517 497 763 3 0.0508 563 429 894 610 10 0.0507 228 463 504 694 1 0.0507 345 280 703 466 13 0.0505 441 664 710 903 3 0.0504 316 393 568 639 0 0.0504 558 428 897 609
O9Mvf09JSyq7JanSmIsDUVGU6KjQPmHu,11 0.0560 318 795 565 1019 11 0.0537 262 664 611 838 11 0.0534 589 540 830 774 0 0.0531 332 669 685 852 8 0.0525 324 790 557 1023 13 0.0523 327 799 571 1023 5 0.0520 318 791 560 1018 13 0.0506 595 543 836 777 5 0.0500 322 665 670 846
FBOH35zbDEuRJCzIjCH4YqHLhK5nh5Tr,8 0.0622 180 0 429 196 0 0.0607 180 0 435 203 11 0.0605 611 481 876 702 0 0.0581 568 783 827 1023 5 0.0567 61 0 318 201 0 0.0566 495 710 755 956 0 0.0556 156 459 434 700 6 0.0554 70 2 325 205 5 0.0552 691 479 951 711 0 0.0551 70 3 320 209 5 0.0547 172 0 434 196 7 0.0547 502 775 768 1019 11 0.0546 566 785 824 1020 0 0.0546 614 481 874 707 11 0.0545 68 1 326 204 5 0.0545 493 773 760 1018 0 0.0543 237 344 493 580 8 0.0542 67 0 314 206 11 0.0534 176 3 440 195 3 0.0534 568 784 825 1023 5 0.0532 229 342 490 577 6 0.0530 627 484 881 707 8 0.0529 567 779 815 1020 11 0.0527 231 348 499 581 11 0.0516 493 713 761 951 5 0.0516 612 776 868 1018 6 0.0509 180 0 443 196 0 0.0509 603 663 966 853 8 0.0502 240 343 487 582 3 0.0501 182 0 438 199
Sz7PempqCTtut4vFiPfCLqXwADnI6gyX,13 0.0575 438 0 709 190 8 0.0570 437 1 696 192 11 0.0561 434 2 703 190 5 0.0542 433 0 700 190 3 0.0535 443 0 701 196 6 0.0534 439 0 707 192 10 0.0533 437 6 701 193 0 0.0523 436 1 706 194 7 0.0521 441 0 707 193 11 0.0520 116 804 376 1023 8 0.0518 635 339 872 573 13 0.0517 310 335 576 577 11 0.0508 233 733 506 954 2 0.0501 438 4 701 192
wyEEiuCq18oPnhz68jnWUfmyvLiLlT7F,11 0.0598 391 396 635 633 0 0.0581 393 400 633 637 13 0.0580 397 400 642 639 11 0.0577 326 340 576 570 13 0.0563 335 343 583 580 0 0.0557 330 340 576 577 11 0.0555 636 209 902 433 7 0.0553 399 397 637 637 0 0.0552 254 259 509 507 6 0.0548 172 0 443 192 5 0.0542 243 308 493 556 11 0.0541 188 263 436 504 11 0.0532 169 2 440 193 13 0.0532 451 341 703 569 0 0.0528 0 74 258 318 5 0.0528 313 391 559 631 5 0.0526 491 332 741 563 3 0.0525 321 398 564 640 0 0.0523 498 284 757 518 6 0.0523 449 347 698 570 6 0.0521 320 402 565 635 6 0.0520 648 208 903 436 7 0.0519 196 260 444 506 11 0.0518 252 191 522 431 8 0.0517 444 341 685 571 0 0.0517 180 319 426 567 0 0.0514 639 206 900 444 13 0.0512 204 267 446 510 5 0.0512 164 0 435 192 7 0.0511 333 338 578 574 6 0.0509 298 0 558 197 6 0.0508 201 269 442 508 11 0.0508 497 279 757 510 0 0.0506 173 0 438 197 3 0.0505 175 0 441 197 3 0.0503 298 0 553 202 8 0.0501 177 1 431 192 5 0.0500 8 94 391 285
74rugY1g7WfKJ8NUJYnsP5lMLstdlCSh,11 0.0634 509 365 760 598 5 0.0619 431 353 679 588 11 0.0598 388 89 656 325 3 0.0594 442 359 687 597 7 0.0589 439 358 688 598 0 0.0588 507 363 757 605 13 0.0568 440 360 691 596 10 0.0566 436 359 687 593 11 0.0565 387 198 645 430 0 0.0562 213 0 581 151 8 0.0561 438 358 684 594 7 0.0558 388 11 648 249 11 0.0558 459 32 710 251 6 0.0554 439 358 688 593 5 0.0552 204 0 580 147 8 0.0544 206 0 572 146 5 0.0543 380 11 646 250 11 0.0540 203 0 584 145 0 0.0539 457 28 709 256 5 0.0537 379 123 649 361 11 0.0536 311 19 578 255 10 0.0535 391 200 648 432 7 0.0531 387 128 654 365 8 0.0530 459 28 703 253 8 0.0529 388 129 641 361 0 0.0522 384 132 648 365 6 0.0519 214 0 594 144 12 0.0519 438 358 688 592 13 0.0514 392 195 653 434 5 0.0514 568 0 824 208 3 0.0512 395 83 653 332 10 0.0511 389 92 660 324 9 0.0510 435 358 686 588 8 0.0509 569 0 813 208 3 0.0508 466 27 707 260 2 0.0506 438 361 688 595 6 0.0505 320 16 584 260 7 0.0502 213 0 585 145
YylFZM12t8T3dUDL3LQdtHNxzc0S2qyS,0 0.0555 704 408 949 642 5 0.0554 556 792 826 1019 11 0.0546 351 413 702 590 5 0.0541 521 417 889 605 11 0.0541 693 415 960 636 0 0.0540 563 796 840 1023 7 0.0540 529 419 899 606 7 0.0534 569 790 841 1023 6 0.0523 535 418 902 605 13 0.0521 534 421 906 606 0 0.0516 344 414 705 596 8 0.0515 525 419 881 605 3 0.0501 529 420 892 608
flgQrgLirpv44qRQ2OU0aToZvh64nVlU,8 0.0615 181 455 431 696 11 0.0582 221 460 491 701 0 0.0569 303 389 564 632 5 0.0565 224 456 490 702 6 0.0558 236 409 496 642 11 0.0554 298 394 560 626 13 0.0552 185 400 456 641 5 0.0541 297 387 554 625 13 0.0538 306 387 568 632 0 0.0538 230 458 493 710 11 0.0533 300 525 563 764 7 0.0529 229 457 498 706 3 0.0524 454 257 712 496 8 0.0522 298 460 551 703 10 0.0522 230 413 493 640 6 0.0518 316 332 582 565 3 0.0504 237 409 491 652 5 0.0503 634 286 899 500 5 0.0502 302 516 561 760 3 0.0500 587 350 828 575
ZqCIPUDIesdBWR9FAzq8yMtn5FArL3Qs,5 0.0562 176 458 439 696 0 0.0561 542 609 820 860 0 0.0554 181 463 443 701 11 0.0547 424 718 676 962 11 0.0542 250 397 513 632 11 0.0542 178 461 442 694 11 0.0541 543 605 825 851 6 0.0540 183 462 446 701 8 0.0537 257 394 504 639 8 0.0536 180 458 437 701 0 0.0536 427 711 677 966 11 0.0534 450 258 699 497 11 0.0534 390 324 653 569 5 0.0531 249 391 508 630 13 0.0526 185 462 450 703 5 0.0518 423 709 673 959 0 0.0517 253 397 512 641 10 0.0517 181 464 442 702 13 0.0513 262 396 519 639 7 0.0513 429 716 683 964 8 0.0512 425 713 670 967 3 0.0511 258 462 509 706 0 0.0507 448 260 696 500 8 0.0506 449 256 689 500 5 0.0504 390 12 646 255 3 0.0504 397 323 652 579 10 0.0502 396 329 653 569 7 0.0502 397 320 655 572
rkK92VWzFNrnlNPFxpCvh1XWcXaB0aGN,11 0.0620 380 285 638 521 0 0.0616 308 470 563 702 11 0.0614 305 469 566 700 0 0.0597 297 616 563 839 11 0.0596 257 200 513 446 8 0.0593 379 281 630 521 6 0.0588 382 284 639 522 0 0.0579 255 198 511 448 8 0.0576 296 619 557 836 3 0.0575 313 469 562 702 6 0.0573 331 158 583 399 7 0.0572 443 330 696 573 8 0.0569 313 467 558 700 8 0.0567 324 151 571 402 3 0.0565 382 283 638 529 5 0.0559 435 324 690 571 11 0.0558 293 689 575 890 13 0.0558 382 283 646 520 11 0.0557 237 536 497 770 8 0.0551 244 530 496 771 13 0.0550 328 155 590 400 0 0.0548 441 330 692 575 10 0.0547 441 332 697 572 3 0.0545 299 620 568 840 0 0.0542 238 534 503 774 3 0.0542 329 156 582 409 7 0.0542 313 464 568 698 10 0.0540 242 465 497 692 5 0.0536 306 465 561 699 6 0.0533 247 460 505 696 5 0.0532 252 194 504 442 5 0.0532 288 616 564 838 6 0.0526 299 618 572 836 10 0.0518 326 161 584 403 0 0.0516 367 689 628 908 13 0.0515 315 468 566 703 13 0.0513 246 534 504 774 3 0.0512 244 533 500 774 7 0.0509 302 681 575 895 11 0.0505 249 79 515 315 0 0.0504 249 77 509 317 7 0.0504 264 195 514 448 12 0.0501 388 217 648 465 8 0.0501 382 85 632 321 12 0.0501 246 460 501 700
aC83rKqrlydso8rVI3F3OtboRoNWAEVk,5 0.0677 240 642 496 889 5 0.0675 456 671 815 857 0 0.0663 187 649 436 892 7 0.0658 189 651 437 890 7 0.0658 467 670 823 857 8 0.0647 189 649 432 889 11 0.0636 395 672 761 851 11 0.0636 184 651 437 888 0 0.0632 461 671 820 861 8 0.0619 401 668 756 851 10 0.0617 184 654 435 889 6 0.0615 400 671 763 853 10 0.0605 396 671 760 852 3 0.0596 243 644 500 894 13 0.0592 402 670 769 852 6 0.0586 242 644 502 891 3 0.0577 465 671 823 861 2 0.0575 462 675 820 858 0 0.0572 501 533 746 764 7 0.0557 505 530 749 760 11 0.0557 499 536 747 759 2 0.0555 245 648 499 893 13 0.0553 247 644 506 894 1 0.0546 186 647 436 891 9 0.0542 184 652 438 889 9 0.0534 395 672 760 849 12 0.0533 189 650 438 891 12 0.0531 465 669 821 859 4 0.0526 188 652 438 891 1 0.0524 390 667 762 853 13 0.0521 505 536 752 761 4 0.0517 398 671 766 853 8 0.0505 501 534 740 760
DMRbYkxXBT9a5A6mdrjYzeTVxdIRpj0j,0 0.0631 191 464 450 707 8 0.0616 311 456 560 702 3 0.0608 316 406 567 650 8 0.0605 188 465 435 704 5 0.0603 182 464 439 701 11 0.0602 236 784 490 1013 0 0.0596 309 456 568 704 5 0.0596 304 455 561 705 8 0.0595 286 415 652 597 0 0.0595 374 390 626 635 11 0.0592 374 395 628 632 7 0.0574 310 454 569 704 11 0.0572 186 467 442 697 5 0.0572 244 392 506 635 5 0.0571 128 525 380 772 13 0.0569 189 465 446 706 11 0.0568 374 732 631 959 6 0.0567 245 784 492 1013 11 0.0567 307 458 566 698 7 0.0560 294 413 667 594 7 0.0556 192 461 446 703 3 0.0551 251 468 503 712 13 0.0549 135 533 386 778 0 0.0548 433 718 690 947 0 0.0545 240 774 492 1016 10 0.0543 314 410 570 643 10 0.0538 249 471 503 707 6 0.0532 253 395 513 639 0 0.0530 135 527 381 780 8 0.0529 304 788 556 1018 7 0.0529 137 526 382 775 11 0.0521 130 535 380 771 13 0.0518 309 455 571 706 13 0.0518 378 393 632 637 8 0.0516 437 719 684 945 6 0.0513 184 466 446 701 2 0.0512 309 464 564 705 10 0.0509 133 538 379 774 0 0.0507 630 349 899 592 5 0.0507 298 782 562 1017 0 0.0507 698 4 965 195 6 0.0506 382 729 630 955 13 0.0505 443 717 700 949 10 0.0501 238 787 488 1010
RNO3O001VKhqMjS3dNc4ac5CH3rPsufX,5 0.0665 359 395 637 638 5 0.0656 389 356 746 544 8 0.0645 338 481 681 664 8 0.0639 394 357 741 545 7 0.0624 430 325 697 566 6 0.0619 367 400 639 639 6 0.0619 429 325 695 565 3 0.0614 397 359 753 548 7 0.0610 461 481 817 668 11 0.0608 426 401 694 637 13 0.0599 430 399 697 636 6 0.0598 466 479 817 666 0 0.0595 461 482 814 668 0 0.0594 498 272 755 509 0 0.0591 0 2 242 220 5 0.0590 354 274 623 502 5 0.0589 454 479 811 667 5 0.0586 0 0 240 213 11 0.0585 424 273 692 495 0 0.0584 430 395 694 638 3 0.0580 363 277 628 508 9 0.0579 429 327 694 560 10 0.0576 362 404 642 638 11 0.0570 460 484 817 666 2 0.0569 398 363 743 544 7 0.0567 367 400 644 641 3 0.0564 465 483 816 670 13 0.0561 427 271 697 496 10 0.0560 391 361 750 544 0 0.0555 360 275 625 506 10 0.0555 457 484 813 665 6 0.0554 499 273 758 505 6 0.0552 0 0 245 213 11 0.0551 0 80 228 323 8 0.0550 368 541 625 774 3 0.0550 368 468 639 705 13 0.0546 462 483 819 666 6 0.0541 362 277 625 504 11 0.0537 0 1 243 207 7 0.0535 4 0 247 213 11 0.0534 700 479 955 706 5 0.0533 417 209 678 432 1 0.0527 425 394 692 640 6 0.0525 367 539 634 774 12 0.0525 430 323 699 563 4 0.0525 393 361 756 545 8 0.0525 316 271 565 494 9 0.0522 361 278 627 497 9 0.0521 363 402 637 632 12 0.0518 365 396 643 639 9 0.0515 498 275 755 501 2 0.0514 0 6 244 212 11 0.0513 497 221 768 439 0 0.0511 420 213 684 435 2 0.0508 363 471 633 698 11 0.0502 311 271 573 490 0 0.0502 366 538 633 778 1 0.0502 419 268 690 497
8h1aajuhqZOcLQrvTNNyWVnlzFD3TUEh,11 0.0619 563 131 822 372 3 0.0616 566 131 824 379 0 0.0608 561 130 821 375 11 0.0594 405 103 758 280 5 0.0587 558 122 819 371 5 0.0585 398 99 755 280 3 0.0581 411 102 756 285 5 0.0580 342 32 701 213 7 0.0579 565 126 823 373 8 0.0576 575 200 821 439 0 0.0572 403 102 758 283 6 0.0568 206 381 466 631 11 0.0568 329 1 708 151 7 0.0567 408 100 760 281 0 0.0559 202 385 456 635 8 0.0557 406 102 747 280 5 0.0552 453 481 816 665 6 0.0549 410 101 761 279 8 0.0548 620 79 868 322 10 0.0547 406 104 758 280 0 0.0546 352 35 704 219 10 0.0542 335 1 703 152 10 0.0540 563 132 822 371 11 0.0537 407 294 773 474 0 0.0537 403 293 768 479 0 0.0534 634 406 904 633 6 0.0533 582 198 833 436 2 0.0533 564 135 821 371 5 0.0532 293 72 565 311 3 0.0529 342 0 704 157 7 0.0529 416 289 773 475 6 0.0529 621 82 887 324 6 0.0528 310 74 571 314 0 0.0527 455 490 813 669 13 0.0526 336 0 711 156 8 0.0523 337 0 691 153 5 0.0522 630 401 899 629 8 0.0519 387 194 635 440 3 0.0519 393 195 646 447 11 0.0518 389 195 646 437 11 0.0518 457 491 822 664 7 0.0517 385 129 642 374 2 0.0514 407 104 755 281 0 0.0513 304 75 564 314 8 0.0510 408 290 756 479 0 0.0510 640 264 901 506 2 0.0508 409 295 765 478 0 0.0508 381 129 639 378 9 0.0507 577 205 828 435 13 0.0507 386 66 649 320 11 0.0507 304 140 576 380 5 0.0506 185 381 454 628 5 0.0505 399 286 768 476 8 0.0505 200 377 446 633 7 0.0505 357 34 711 215 11 0.0504 639 267 904 504 13 0.0503 413 291 778 478 6 0.0501 389 126 643 375
jqyczVglBGJNsuk4GP5bbJnGFcu1Mw93,7 0.0645 252 785 507 1023 11 0.0641 248 787 504 1020 5 0.0637 247 781 500 1022 11 0.0619 374 722 628 951 8 0.0614 253 785 500 1023 0 0.0613 249 783 504 1023 7 0.0606 380 717 631 954 8 0.0600 144 0 506 150 11 0.0592 129 0 524 148 6 0.0574 252 789 506 1023 5 0.0568 370 713 622 950 10 0.0568 248 788 504 1022 0 0.0567 376 718 627 958 13 0.0560 253 789 510 1023 8 0.0554 380 720 622 955 9 0.0547 247 788 502 1022 0 0.0540 745 88 1018 332 13 0.0538 142 3 538 150 2 0.0538 252 791 504 1023 8 0.0537 742 85 1008 326 3 0.0536 255 787 503 1023 13 0.0523 747 87 1023 331 13 0.0514 380 721 637 957 2 0.0514 375 724 627 955 0 0.0513 192 0 602 158 6 0.0504 198 0 616 155 10 0.0504 374 724 628 954 11 0.0501 738 88 1018 325
CQHqjXDTi7uwWnpTatyu9xWhEfCdSs75,11 0.0506 500 3 753 199 8 0.0504 502 0 741 204
oj6EtdflxqN8PGn5pKQujoNfV8WEZSYK,11 0.0627 308 589 566 838 8 0.0624 184 571 426 826 5 0.0619 381 0 643 191 11 0.0618 318 468 575 702 8 0.0613 379 17 629 256 7 0.0612 385 0 649 194 11 0.0604 249 520 504 766 11 0.0596 382 3 643 193 6 0.0591 185 577 435 825 7 0.0590 253 515 505 763 11 0.0588 181 578 432 825 11 0.0586 254 409 503 641 5 0.0585 175 509 431 756 13 0.0584 253 521 508 766 0 0.0574 509 346 760 585 8 0.0574 310 588 561 840 6 0.0570 179 445 425 685 0 0.0570 380 0 649 193 8 0.0568 178 447 413 686 7 0.0567 186 569 434 827 5 0.0567 244 578 501 839 5 0.0565 315 522 581 762 3 0.0565 251 521 499 771 5 0.0564 176 383 424 622 10 0.0562 378 4 648 192 6 0.0560 317 591 572 838 7 0.0555 314 588 575 839 10 0.0553 246 593 501 840 13 0.0547 314 587 575 838 9 0.0547 249 517 501 758 0 0.0547 186 573 433 825 7 0.0545 323 465 581 702 3 0.0544 188 576 431 830 7 0.0544 184 388 425 626 3 0.0543 314 590 565 844 8 0.0542 251 518 495 766 13 0.0541 189 579 440 825 9 0.0540 306 588 568 830 9 0.0538 182 576 431 815 12 0.0537 249 583 502 843 2 0.0535 384 6 648 192 11 0.0535 174 452 425 682 8 0.0535 261 407 492 643 6 0.0534 262 409 506 642 6 0.0534 386 23 638 256 9 0.0533 382 0 649 190 5 0.0533 253 188 513 433 0 0.0532 320 526 585 765 6 0.0529 322 470 578 703 6 0.0528 255 520 506 763 3 0.0526 257 410 500 651 13 0.0522 387 2 661 189 5 0.0522 193 267 440 504 8 0.0521 318 471 567 703 3 0.0516 177 449 419 695 7 0.0516 265 190 517 436 10 0.0515 321 534 584 761 3 0.0514 321 469 570 709 13 0.0513 263 407 508 644 8 0.0512 437 399 696 635 13 0.0509 324 470 579 705 11 0.0509 202 205 450 445 3 0.0509 384 17 633 260 6 0.0506 197 334 437 565 10 0.0504 259 203 513 436 2 0.0503 321 533 583 763
ip62jhn46eJl1MIffcSlMqcQ9bhDCUiF,11 0.0632 371 723 632 963 0 0.0597 269 728 636 912 7 0.0594 306 781 563 1023 11 0.0588 300 785 558 1019 7 0.0587 437 720 695 954 0 0.0580 299 784 560 1023 11 0.0571 439 661 705 889 8 0.0569 276 729 627 908 8 0.0562 306 781 552 1019 5 0.0535 298 779 557 1015 11 0.0533 211 731 578 906 0 0.0513 363 472 625 706 6 0.0509 305 789 564 1021 6 0.0509 447 662 707 892 10 0.0508 429 722 689 951 3 0.0507 377 722 627 971 11 0.0506 526 351 777 579 5 0.0505 370 720 631 960
blc7ui6VKyKZgXVjDtJLHIcS9GVH9OgC,0 0.0598 181 211 445 445 5 0.0580 562 0 952 156 0 0.0570 566 1 955 157 11 0.0566 566 2 958 151 8 0.0563 570 0 940 154 6 0.0556 571 1 963 154 0 0.0544 257 155 509 385 8 0.0541 299 463 559 691 13 0.0537 570 0 967 157 0 0.0536 236 336 502 574 3 0.0530 571 2 963 158 0 0.0525 763 20 1012 257 5 0.0522 238 325 499 570 7 0.0521 245 331 502 577 11 0.0521 290 465 568 686 9 0.0518 565 2 957 155 10 0.0513 562 4 953 155 5 0.0511 292 457 566 685 10 0.0501 294 472 568 684
v1c1CCAeV82TnvSxNr8oiQQq23jrLKPp,8 0.0657 387 321 654 554 8 0.0633 265 324 510 573 3 0.0624 270 452 499 692 5 0.0611 260 445 498 685 5 0.0609 432 203 693 426 8 0.0606 381 199 640 411 3 0.0602 325 332 590 568 11 0.0598 384 261 664 477 5 0.0597 257 322 514 567 11 0.0594 498 544 745 764 7 0.0592 267 448 501 691 5 0.0592 381 320 658 551 13 0.0590 323 330 601 562 11 0.0589 259 327 520 571 11 0.0585 247 205 517 452 5 0.0584 307 206 575 433 6 0.0583 269 326 522 572 0 0.0581 762 11 1005 249 8 0.0581 269 452 490 689 3 0.0581 392 259 659 486 5 0.0579 382 133 645 358 0 0.0578 256 266 517 522 0 0.0575 314 209 579 435 7 0.0575 390 322 670 555 11 0.0572 761 11 1004 244 10 0.0570 267 456 499 685 8 0.0570 497 542 740 766 11 0.0570 258 453 500 684 5 0.0567 507 268 762 500 13 0.0565 265 450 505 689 8 0.0562 510 136 759 374 2 0.0560 393 330 662 552 6 0.0559 390 324 668 555 6 0.0557 267 450 501 684 8 0.0556 251 205 504 450 8 0.0556 507 338 764 570 7 0.0556 386 200 654 418 11 0.0553 509 135 771 375 7 0.0550 267 322 523 573 11 0.0550 388 136 650 356 0 0.0549 437 212 694 426 0 0.0549 706 78 939 316 3 0.0549 517 484 766 720 7 0.0548 516 483 772 716 13 0.0547 254 137 527 386 11 0.0546 704 80 942 312 13 0.0546 509 343 775 571 3 0.0546 317 207 583 441 3 0.0545 394 136 651 365 13 0.0544 517 487 774 713 13 0.0541 386 198 657 412 0 0.0541 386 139 645 361 0 0.0541 503 343 770 571 13 0.0540 700 8 943 250 5 0.0540 755 1 1000 247 8 0.0538 573 211 824 454 8 0.0535 314 139 572 368 0 0.0532 252 138 518 385 7 0.0532 385 650 641 890 0 0.0530 506 137 768 377 13 0.0530 441 280 709 490 11 0.0530 128 0 382 217 6 0.0529 516 488 773 716 10 0.0527 381 203 651 414 11 0.0527 378 651 638 889 11 0.0527 263 72 526 316 11 0.0526 568 209 837 458 6 0.0525 272 65 525 316 1 0.0525 693 3 934 247 11 0.0524 637 149 887 385 2 0.0524 696 14 940 244 13 0.0524 518 206 779 439 11 0.0523 565 490 824 713 10 0.0523 265 332 521 570 6 0.0521 699 7 939 248 7 0.0521 699 3 939 246 7 0.0521 319 138 584 371 0 0.0521 497 542 747 765 5 0.0521 493 539 740 760 5 0.0518 505 130 765 375 3 0.0518 765 11 1007 253 5 0.0518 565 482 812 713 8 0.0517 568 484 813 716 8 0.0517 704 76 935 314 6 0.0516 448 135 699 360 5 0.0515 703 72 940 313
vtLu5fJPwzUpy5xbqaRzhEnklflCkXkJ,5 0.0678 574 160 837 383 0 0.0641 575 291 825 520 5 0.0636 505 273 757 505 5 0.0635 511 509 766 753 7 0.0631 513 279 763 507 7 0.0627 376 511 636 752 11 0.0622 517 514 764 752 7 0.0620 520 513 765 753 8 0.0618 498 155 755 388 8 0.0614 573 227 824 439 0 0.0607 578 162 834 385 8 0.0607 506 276 755 506 5 0.0604 435 397 686 636 0 0.0603 518 517 765 753 8 0.0600 373 456 624 685 11 0.0596 508 16 773 250 8 0.0594 258 519 492 756 8 0.0593 574 87 830 317 6 0.0591 440 403 689 639 7 0.0591 449 457 707 696 7 0.0589 316 399 580 631 0 0.0589 500 95 763 327 0 0.0589 505 225 759 447 13 0.0588 453 581 715 818 5 0.0586 189 515 430 765 11 0.0586 251 460 498 699 11 0.0586 307 406 578 633 2 0.0581 500 162 756 389 0 0.0580 444 459 707 695 3 0.0579 524 512 766 760 5 0.0578 645 84 895 304 3 0.0577 378 512 629 758 13 0.0576 522 518 771 751 8 0.0575 518 513 756 753 5 0.0574 303 400 575 630 5 0.0573 504 5 770 250 6 0.0572 578 292 830 515 7 0.0571 504 157 761 390 10 0.0571 501 97 767 327 2 0.0570 511 284 757 510 11 0.0569 442 460 704 694 8 0.0569 316 578 561 823 3 0.0569 445 457 703 701 13 0.0568 445 461 709 697 3 0.0568 458 77 714 315 3 0.0568 579 89 835 323 11 0.0567 445 582 709 818 8 0.0566 446 80 706 308 0 0.0566 643 222 895 433 7 0.0566 262 519 505 753 13 0.0565 505 155 764 388 11 0.0565 368 143 623 373 6 0.0565 504 158 760 386 13 0.0565 575 89 841 319 6 0.0562 524 518 767 753 10 0.0561 507 283 763 509 11 0.0561 314 513 579 745 8 0.0561 369 142 617 372 7 0.0560 512 654 765 888 5 0.0560 242 582 506 818 2 0.0560 520 520 764 753 10 0.0559 518 518 764 751 13 0.0558 370 207 640 448 6 0.0558 577 89 838 314 3 0.0557 508 156 757 395 5 0.0557 435 137 695 376 5 0.0557 248 449 496 699 3 0.0557 579 231 827 446 2 0.0556 445 462 702 695 11 0.0554 500 158 760 390 6 0.0553 325 451 584 687 0 0.0553 384 76 641 302 13 0.0552 316 405 583 634 5 0.0552 500 652 765 888 2 0.0550 510 17 771 249 11 0.0548 570 92 835 316 11 0.0548 568 293 831 512 7 0.0547 451 575 711 821 13 0.0546 514 279 768 508 10 0.0544 434 406 694 638 10 0.0544 509 663 763 889 6 0.0542 259 523 503 752 8 0.0541 640 287 892 503 3 0.0541 310 402 577 637 0 0.0541 261 519 502 756 0 0.0541 511 659 767 890 5 0.0540 438 572 707 817 11 0.0538 293 210 572 444
8UO08jpD14OxydPWJtBsKo3SE2ea7DdR,8 0.0617 567 265 806 514 0 0.0601 559 330 809 577 13 0.0600 560 332 813 578 11 0.0590 559 398 807 628 7 0.0578 561 327 808 578 8 0.0572 630 327 870 568 8 0.0571 563 397 803 631 3 0.0570 563 331 810 582 11 0.0563 372 276 628 505 11 0.0558 565 268 811 513 11 0.0552 338 231 707 402 2 0.0551 562 334 811 577 6 0.0543 565 401 811 630 0 0.0541 504 145 757 386 10 0.0540 559 334 807 576 5 0.0536 332 156 695 346 8 0.0535 376 272 618 504 3 0.0534 420 169 760 350 11 0.0534 627 329 877 569 5 0.0532 557 329 806 577 13 0.0532 472 487 816 661 0 0.0532 692 380 950 617 0 0.0530 575 210 820 459 12 0.0530 565 398 808 632 8 0.0528 344 232 694 403 13 0.0526 509 143 765 385 3 0.0525 350 230 703 405 0 0.0525 338 229 705 405 10 0.0524 638 404 877 629 11 0.0524 503 145 760 381 11 0.0520 335 429 708 593 7 0.0520 642 400 881 633 6 0.0518 635 331 880 571 5 0.0518 570 204 816 453 13 0.0516 351 229 710 405 7 0.0515 471 488 812 662 5 0.0514 635 397 875 631 8 0.0514 345 427 688 593 3 0.0514 377 271 627 508 6 0.0511 350 227 711 405 6 0.0511 509 138 764 384 13 0.0506 643 402 884 632 3 0.0505 579 209 823 462 7 0.0504 351 230 710 402 3 0.0503 345 426 706 597 8 0.0503 416 169 752 346 13 0.0500 577 209 827 455 13 0.0500 347 426 714 596
JLex8HdnDmwRZ7jCPOENXo7GEn6CRJUq,0 0.0644 131 677 499 862 11 0.0613 132 681 497 858 8 0.0602 140 678 492 860 5 0.0574 133 675 486 856 11 0.0562 240 735 499 972 13 0.0557 138 677 502 861 3 0.0557 141 681 498 862 8 0.0557 242 729 498 975 10 0.0550 132 683 494 860 7 0.0547 138 677 500 860 0 0.0543 243 728 502 980 6 0.0536 135 679 503 859 13 0.0533 559 446 834 662 5 0.0531 546 439 814 662 5 0.0530 569 330 817 566 0 0.0526 575 335 825 569 0 0.0525 549 435 823 665 8 0.0519 573 331 819 568 2 0.0514 138 683 494 860 5 0.0513 71 347 325 570 8 0.0513 72 349 319 570 0 0.0513 236 138 492 368 13 0.0512 579 336 838 569 13 0.0511 248 732 507 976 11 0.0511 15 343 280 570 11 0.0511 309 80 570 316 0 0.0508 314 81 570 318 7 0.0503 503 482 761 716 5 0.0501 237 728 498 972
JnoPfxhKlrJ1k6RcROufjGvzkW31dmG4,5 0.0642 128 784 370 1019 8 0.0642 131 786 367 1022 11 0.0598 129 790 375 1022 13 0.0574 134 788 381 1023 0 0.0573 131 790 375 1023 7 0.0563 133 789 375 1023 6 0.0546 135 791 376 1023 10 0.0537 128 792 373 1019 2 0.0524 131 795 374 1023 3 0.0509 136 789 374 1023 4 0.0501 133 796 379 1023
02IEFam0BlSztSMY3YeA9svnDJOxTKDg,0 0.0589 13 792 254 1015 5 0.0566 5 790 249 1012 11 0.0565 9 794 249 1011 11 0.0563 378 396 646 626 5 0.0545 305 382 579 626 8 0.0542 16 788 247 1011 13 0.0541 318 389 590 635 7 0.0537 282 411 645 599 3 0.0533 19 790 250 1020 7 0.0522 15 789 256 1017 8 0.0521 383 388 634 625 6 0.0519 16 793 256 1008 3 0.0515 382 389 646 629 11 0.0513 300 449 578 683 6 0.0507 90 0 441 143 11 0.0507 357 542 732 717 10 0.0507 0 5 254 203 11 0.0506 78 2 438 145 0 0.0505 0 1 253 209 3 0.0503 93 0 437 148 0 0.0501 353 468 726 661
kddWDu6OSo9rz0UyYtJhHGRlrLfPa4rc,11 0.0629 557 610 827 843 5 0.0626 458 415 817 607 8 0.0619 568 458 824 700 13 0.0617 569 463 835 700 8 0.0617 469 419 811 606 6 0.0610 473 417 832 604 8 0.0598 646 523 902 760 11 0.0597 567 396 831 632 0 0.0595 464 416 821 609 5 0.0581 453 543 825 725 5 0.0580 631 520 904 757 3 0.0575 506 527 765 778 11 0.0573 423 536 694 771 8 0.0572 563 609 821 845 0 0.0570 566 527 826 769 7 0.0566 506 525 768 776 8 0.0565 381 410 620 644 3 0.0562 473 420 825 610 5 0.0561 377 464 625 708 6 0.0557 388 469 628 709 2 0.0550 473 424 820 609 0 0.0549 532 477 888 665 10 0.0547 505 531 766 772 8 0.0544 433 535 687 768 7 0.0544 562 605 831 846 0 0.0543 381 408 629 652 6 0.0543 468 545 836 730 7 0.0535 565 459 834 704 11 0.0534 382 409 628 650 2 0.0534 505 534 763 773 7 0.0531 386 468 628 714 7 0.0529 302 531 563 766 8 0.0529 305 536 552 761 3 0.0528 386 409 628 652 6 0.0527 564 604 828 845 10 0.0525 466 422 824 607 6 0.0523 314 586 577 823 2 0.0523 570 466 829 701 12 0.0523 471 418 826 611 7 0.0523 431 591 702 845 5 0.0521 296 526 560 759 13 0.0516 567 608 832 845 5 0.0515 370 582 628 828 3 0.0514 569 606 828 852 13 0.0514 434 532 698 772 6 0.0512 644 523 912 765 13 0.0511 643 525 913 764 0 0.0508 429 532 694 774 10 0.0508 381 412 627 650 0 0.0504 316 585 571 826 13 0.0504 316 590 575 829 9 0.0503 466 421 823 605 10 0.0502 430 600 697 840 9 0.0502 455 549 827 725 3 0.0501 375 522 624 777
CcdOmnsJiZgOdSg8oUeO257182BZ41Dg,11 0.0619 563 408 830 630 11 0.0609 387 324 650 568 5 0.0594 241 460 501 705 0 0.0585 498 402 749 636 8 0.0582 498 400 745 638 8 0.0582 442 329 694 570 11 0.0577 241 466 501 703 6 0.0576 503 402 753 637 5 0.0573 560 335 819 576 11 0.0573 444 402 708 631 0 0.0571 374 588 636 824 0 0.0568 440 335 697 567 8 0.0557 248 462 493 705 6 0.0556 568 339 825 577 0 0.0555 307 464 571 704 8 0.0551 565 334 816 578 5 0.0551 292 580 566 822 6 0.0549 248 466 502 704 3 0.0549 450 401 703 639 10 0.0548 497 405 753 635 3 0.0546 280 478 635 667 11 0.0545 230 595 503 835 8 0.0545 384 393 632 636 0 0.0540 565 339 820 577 5 0.0540 395 472 761 660 10 0.0539 236 536 494 776 11 0.0535 168 402 433 637 6 0.0534 446 333 703 566 11 0.0533 566 280 826 510 3 0.0531 180 473 441 720 8 0.0530 372 517 623 752 7 0.0528 251 463 504 702 7 0.0526 505 399 754 637 10 0.0521 443 336 702 568 0 0.0519 304 653 575 903 7 0.0518 382 457 641 704 5 0.0518 163 396 432 636 11 0.0517 368 586 639 821 10 0.0517 278 478 634 663 7 0.0517 178 399 432 637 13 0.0515 177 466 445 717 8 0.0515 169 396 428 642 5 0.0513 360 514 630 754 9 0.0513 493 401 752 630 13 0.0512 309 462 578 706 12 0.0510 504 401 753 636 5 0.0510 437 327 695 563 0 0.0509 237 530 498 776 6 0.0509 177 404 436 640 11 0.0509 298 652 570 901 3 0.0507 391 323 642 575 3 0.0505 568 405 828 639 6 0.0505 387 393 643 636 8 0.0502 301 582 561 822 12 0.0501 283 475 631 664
9QvskKcG9fAUVR8gzRkCUOZEM8hlrhaB,11 0.0597 260 801 500 1021 8 0.0596 190 795 423 1022 7 0.0588 190 793 435 1023 11 0.0569 327 287 572 500 11 0.0562 186 294 437 510 11 0.0555 186 726 438 962 5 0.0551 259 797 492 1020 13 0.0547 266 801 503 1023 7 0.0543 328 283 576 502 0 0.0539 260 800 496 1023 6 0.0528 264 801 499 1023 11 0.0517 119 792 375 1018 11 0.0516 554 681 829 905 6 0.0515 190 293 441 508 0 0.0512 325 284 575 506 8 0.0511 324 285 564 503 7 0.0511 264 720 513 961 8 0.0511 189 292 427 511 7 0.0509 475 659 856 843
pVTYytSVpjaGXAqYVvZwV6l1YKftGNbT,0 0.0626 8 393 233 642 0 0.0602 72 465 304 714 5 0.0587 6 390 231 641 8 0.0579 10 390 227 640 11 0.0574 9 395 235 637 0 0.0572 0 666 241 899 0 0.0559 0 793 241 1018 5 0.0556 0 661 239 893 11 0.0556 72 467 308 705 8 0.0548 0 786 237 1017 11 0.0547 0 668 245 895 8 0.0538 0 660 242 896 13 0.0537 10 393 240 643 10 0.0537 12 393 233 640 7 0.0534 12 395 235 640 6 0.0534 12 392 238 636 5 0.0532 374 320 638 571 11 0.0530 436 383 696 623 8 0.0529 507 394 752 631 8 0.0528 76 457 297 709 2 0.0523 0 668 249 899 6 0.0517 3 666 247 896 3 0.0515 1 790 242 1023 5 0.0514 71 464 300 708 7 0.0509 511 393 758 634 13 0.0502 76 466 312 713 3 0.0502 15 392 232 643 11 0.0501 1 794 246 1011 2 0.0500 13 399 235 641
wtPHjNO3XGj8L6FRTgi2dT2E5qXzrtUK,5 0.0617 320 667 686 855 0 0.0613 167 271 433 511 11 0.0606 325 670 691 855 6 0.0603 330 673 693 857 11 0.0598 243 410 495 630 11 0.0595 167 273 437 506 0 0.0594 329 667 695 858 7 0.0592 310 658 574 899 8 0.0591 332 667 680 857 7 0.0590 178 330 433 567 0 0.0585 247 412 497 637 11 0.0581 238 599 506 826 8 0.0578 244 597 495 832 0 0.0576 245 201 509 431 0 0.0573 243 593 504 836 7 0.0569 367 589 638 823 11 0.0568 247 719 504 949 8 0.0564 244 784 475 1022 7 0.0561 246 594 508 830 8 0.0555 249 408 489 633 6 0.0549 171 271 441 509 7 0.0549 247 272 513 499 10 0.0548 241 600 501 829 0 0.0548 309 528 563 761 11 0.0545 303 531 568 754 5 0.0544 167 330 428 566 8 0.0542 247 270 503 500 13 0.0540 362 662 635 897 5 0.0538 241 198 504 426 8 0.0534 309 717 567 956 5 0.0534 245 715 498 952 3 0.0532 330 670 692 863 2 0.0531 328 672 689 857 11 0.0528 364 726 634 961 8 0.0528 309 529 556 756 10 0.0528 328 673 688 856 3 0.0524 245 273 510 503 7 0.0522 253 719 508 960 10 0.0521 242 280 510 498 8 0.0520 176 333 425 570 3 0.0520 250 408 494 638 5 0.0515 234 592 497 828 13 0.0515 312 587 582 824 7 0.0513 250 405 499 633 5 0.0511 366 723 628 959 11 0.0509 245 205 512 425 13 0.0508 175 273 442 509 7 0.0506 371 726 640 966 8 0.0506 383 789 613 1023 7 0.0505 311 526 569 756 3 0.0503 241 657 503 907 13 0.0501 244 659 508 903 0 0.0501 249 717 506 961 13 0.0500 374 533 638 754 6 0.0500 372 729 636 966
lUQzNFn4qy91oQ7eRNZDrZeDbf1w5zmj,0 0.0691 310 588 574 833 7 0.0688 193 525 446 767 5 0.0658 245 586 501 834 0 0.0658 190 469 443 712 11 0.0658 309 590 575 827 11 0.0653 436 596 698 828 7 0.0647 251 588 510 835 7 0.0642 444 594 702 828 0 0.0639 438 594 696 835 11 0.0639 239 651 505 893 8 0.0635 192 527 438 768 0 0.0632 244 649 505 897 8 0.0631 251 588 504 835 7 0.0624 259 473 516 707 7 0.0620 310 655 574 901 11 0.0613 507 544 759 766 8 0.0610 308 654 565 903 5 0.0607 315 524 570 759 10 0.0606 187 533 444 769 11 0.0604 256 530 518 758 8 0.0601 181 642 435 887 6 0.0594 310 591 576 834 5 0.0593 435 591 692 833 0 0.0592 124 415 389 638 0 0.0592 322 474 571 703 7 0.0591 326 528 584 759 8 0.0588 440 594 691 831 8 0.0587 326 530 571 759 0 0.0587 508 540 759 774 6 0.0586 244 651 508 894 11 0.0583 191 472 445 705 6 0.0582 440 663 705 913 0 0.0581 254 407 501 636 7 0.0580 185 400 441 634 3 0.0579 193 528 444 772 8 0.0576 259 476 501 707 5 0.0574 302 651 567 901 13 0.0574 325 533 583 761 10 0.0574 306 592 571 830 11 0.0572 303 713 566 954 3 0.0571 249 591 509 839 13 0.0571 252 588 512 835 13 0.0566 194 526 451 769 6 0.0564 191 468 448 708 7 0.0561 512 541 764 765 13 0.0558 311 656 577 905 3 0.0556 440 595 698 837 10 0.0554 435 597 693 832 10 0.0546 253 479 512 706 10 0.0543 177 650 439 881 3 0.0542 324 531 580 766 1 0.0542 187 519 446 769 13 0.0542 442 595 703 836 8 0.0542 506 542 750 770 3 0.0539 310 657 573 907 6 0.0532 125 418 395 636 0 0.0527 183 338 432 578 6 0.0526 446 539 695 770 7 0.0516 193 272 443 497 11 0.0515 124 419 388 632 5 0.0514 503 540 756 768 9 0.0514 435 593 697 831 2 0.0514 439 601 696 834 7 0.0513 308 784 562 1023 12 0.0512 192 525 445 769 6 0.0511 308 714 568 961 8 0.0509 182 405 426 630 12 0.0508 441 592 698 834 2 0.0507 193 534 443 771 9 0.0506 187 527 443 767 6 0.0504 183 338 438 574 2 0.0503 312 596 573 833 11 0.0503 179 338 433 576
8Jjctgx83NwCzM4zh6eu53EMTIhVQKMM,0 0.0660 499 390 767 638 5 0.0635 558 384 815 634 6 0.0621 501 389 766 636 8 0.0614 505 387 758 634 0 0.0604 433 459 697 701 7 0.0598 495 450 758 700 13 0.0593 505 389 770 639 11 0.0588 423 594 704 817 11 0.0586 489 452 751 700 8 0.0585 428 591 695 816 11 0.0580 370 528 638 758 3 0.0580 560 456 810 701 8 0.0574 437 456 689 700 0 0.0573 639 394 897 654 6 0.0572 429 590 707 820 8 0.0572 369 393 616 630 7 0.0571 566 388 823 636 0 0.0568 429 590 700 817 5 0.0567 487 443 748 699 11 0.0565 358 658 650 889 8 0.0558 374 523 628 757 11 0.0558 559 394 820 635 10 0.0556 491 456 753 700 6 0.0554 438 456 701 702 2 0.0550 562 392 818 635 7 0.0548 435 388 697 633 5 0.0543 420 584 699 816 8 0.0543 643 393 888 646 7 0.0540 365 652 654 893 7 0.0540 430 590 711 820 11 0.0539 630 456 881 708 6 0.0538 641 393 900 646 5 0.0536 626 453 878 704 5 0.0526 172 783 425 1010 7 0.0525 184 794 433 1019 3 0.0525 438 457 698 704 2 0.0520 428 395 693 635 2 0.0520 494 454 753 703 7 0.0519 377 458 642 698 9 0.0519 496 389 765 632 3 0.0517 373 524 640 761 10 0.0517 561 393 819 631 6 0.0515 182 794 439 1015 13 0.0513 435 458 706 704 8 0.0511 363 657 641 888 1 0.0511 498 384 765 637 12 0.0511 495 453 756 701 9 0.0509 427 457 700 696 0 0.0508 369 397 628 635 3 0.0508 429 591 702 820 5 0.0507 370 456 634 694 6 0.0506 370 400 626 634 10 0.0506 373 467 636 694 13 0.0505 430 591 709 819 3 0.0505 642 399 893 659 13 0.0504 646 394 902 651 4 0.0503 497 456 758 699 7 0.0502 631 452 888 711 0 0.0501 363 655 644 891
wp4g976qCXfyW4vqXTUPU6GAHVnTPX9P,11 0.0675 309 456 578 704 5 0.0657 439 568 703 825 11 0.0656 248 395 500 643 5 0.0653 242 390 500 644 8 0.0642 314 405 568 648 8 0.0640 320 138 572 366 5 0.0635 576 599 831 833 8 0.0628 243 462 485 712 7 0.0627 450 519 709 772 6 0.0625 249 394 504 646 8 0.0625 321 0 584 191 0 0.0622 443 394 707 644 7 0.0621 449 395 711 646 11 0.0620 238 530 507 782 0 0.0619 321 76 586 312 11 0.0619 388 143 642 380 5 0.0618 372 449 633 705 11 0.0616 447 454 707 702 0 0.0616 385 141 640 380 7 0.0615 313 455 579 707 0 0.0614 450 268 701 496 0 0.0613 374 456 635 705 8 0.0612 258 276 508 514 5 0.0610 312 70 583 308 11 0.0609 258 277 514 514 7 0.0609 318 72 589 312 7 0.0607 251 390 502 644 6 0.0605 312 455 578 706 11 0.0604 452 269 704 492 5 0.0603 253 273 511 513 8 0.0603 445 394 700 640 5 0.0603 454 136 703 363 6 0.0602 391 141 645 379 8 0.0601 453 264 695 495 6 0.0599 467 203 710 429 8 0.0598 581 600 829 832 0 0.0597 580 602 833 835 8 0.0596 443 518 701 765 7 0.0594 261 273 516 514 3 0.0593 450 516 704 775 0 0.0592 445 519 705 771 3 0.0591 323 137 581 374 11 0.0590 169 458 435 719 11 0.0589 440 576 704 823 11 0.0588 580 605 833 833 13 0.0588 309 455 578 703 6 0.0588 174 455 436 719 3 0.0587 382 453 638 708 3 0.0586 257 280 514 524 5 0.0586 251 127 511 366 0 0.0585 246 389 499 647 13 0.0585 383 406 652 644 10 0.0585 311 406 576 648 10 0.0584 385 142 642 377 13 0.0581 584 604 839 834 0 0.0580 511 328 765 567 8 0.0580 366 562 621 820 7 0.0579 582 601 834 836 5 0.0577 294 513 570 767 11 0.0577 521 205 773 440 2 0.0576 583 609 833 835 5 0.0576 164 454 431 716 0 0.0575 526 148 779 379 11 0.0572 512 330 771 562 10 0.0571 461 205 705 430 7 0.0571 174 456 434 717 3 0.0571 457 266 704 499 11 0.0570 256 129 517 369 10 0.0570 242 467 497 713 6 0.0569 260 278 518 514 3 0.0569 449 396 707 646 0 0.0567 171 457 431 720 6 0.0567 385 404 650 645 5 0.0567 447 261 699 491 0 0.0566 637 480 910 724 7 0.0566 369 568 631 825 5 0.0565 311 0 587 194 7 0.0564 390 139 642 380 13 0.0562 467 143 712 363 10 0.0562 440 520 708 769 8 0.0561 463 143 704 368 13 0.0559 448 578 709 825 3 0.0559 588 601 833 838 3 0.0559 466 143 708 372 7 0.0558 455 266 704 497 6 0.0557 536 148 782 378 6 0.0557 577 534 837 773 0 0.0557 317 2 591 195 6 0.0556 642 600 900 828 0 0.0556 571 399 837 640
BjidzPlzQgTEJYXupv723xCr6Zqfv6j8,7 0.0606 262 400 507 635 11 0.0605 240 332 496 573 11 0.0593 326 405 570 630 5 0.0593 256 395 497 630 8 0.0592 310 333 563 578 8 0.0591 261 400 495 635 5 0.0584 233 271 490 510 0 0.0581 244 333 497 575 11 0.0575 303 276 569 510 7 0.0570 244 272 497 512 8 0.0566 240 273 490 514 7 0.0563 337 449 582 689 11 0.0562 178 397 436 642 3 0.0562 244 333 492 581 5 0.0561 375 272 636 511 11 0.0557 387 344 645 583 10 0.0556 317 228 583 455 11 0.0555 260 516 518 744 5 0.0555 388 404 632 642 11 0.0553 455 408 698 639 8 0.0551 383 272 634 516 0 0.0549 309 276 564 511 11 0.0546 239 218 504 451 3 0.0545 244 212 502 458 0 0.0544 179 261 430 509 10 0.0544 240 282 497 510 13 0.0543 246 332 501 579 8 0.0542 193 458 443 701 6 0.0541 248 333 498 577 3 0.0541 309 274 566 517 7 0.0539 267 513 523 746 0 0.0539 184 395 432 643 8 0.0538 177 327 426 577 3 0.0536 387 143 644 392 8 0.0536 395 405 630 643 8 0.0532 386 144 638 386 10 0.0528 261 408 504 632 10 0.0527 398 410 644 646 11 0.0526 376 149 646 382 10 0.0525 312 339 575 577 8 0.0522 184 193 428 446 3 0.0521 260 463 504 693 8 0.0519 316 216 570 455 13 0.0519 387 277 651 516 7 0.0517 314 334 575 580 5 0.0516 376 140 640 382 0 0.0516 329 404 569 633 6 0.0515 263 462 509 688 3 0.0514 183 400 431 648 10 0.0514 384 283 646 515 7 0.0514 189 189 441 443 13 0.0511 458 411 706 643 0 0.0509 257 459 507 690 11 0.0509 444 26 718 244 10 0.0507 175 336 431 573 6 0.0507 248 211 505 451 6 0.0506 333 405 575 636 7 0.0505 395 17 657 265
lepIQ2JLUWOaOrpfTf1ERdzgCrU0kCS1,11 0.0595 388 391 653 638 11 0.0580 317 446 585 703 11 0.0564 249 336 515 576 7 0.0562 452 448 711 694 0 0.0562 381 528 645 772 5 0.0555 251 386 518 635 0 0.0554 317 442 582 709 6 0.0553 446 453 714 691 11 0.0553 379 533 648 766 11 0.0552 318 262 589 506 0 0.0550 317 257 582 508 0 0.0545 254 385 518 636 5 0.0539 431 518 697 758 6 0.0536 592 545 948 730 6 0.0535 323 445 587 704 0 0.0533 448 451 703 695 8 0.0532 391 387 646 639 7 0.0530 323 447 587 709 13 0.0529 324 262 590 512 6 0.0526 324 261 588 505 8 0.0524 385 528 639 769 6 0.0524 383 530 649 768 6 0.0519 258 333 517 577 7 0.0519 321 259 582 508 7 0.0518 257 388 519 636 8 0.0516 320 444 578 706 8 0.0513 367 253 629 499 0 0.0512 588 548 944 733 13 0.0511 391 392 656 639 13 0.0510 385 525 653 768 11 0.0509 547 754 804 972 3 0.0509 369 252 637 504 10 0.0507 438 528 701 755 7 0.0506 389 528 651 771 3 0.0505 441 521 701 766 10 0.0503 252 342 506 579 13 0.0502 256 336 517 586 9 0.0500 379 459 646 695
gRkZDZcWoURIkjNeVSSoXMqFsHov8Ohf,8 0.0593 440 148 693 389 7 0.0589 441 142 706 392 11 0.0584 437 149 701 389 0 0.0579 442 146 701 394 8 0.0575 566 159 788 391 5 0.0567 436 142 698 391 6 0.0561 443 146 705 390 5 0.0550 564 153 795 391 0 0.0542 568 158 792 396 11 0.0540 567 156 795 389 3 0.0539 445 151 700 396 3 0.0539 573 158 796 401 8 0.0538 501 213 744 476 0 0.0531 498 216 751 478 10 0.0529 440 151 702 392 2 0.0516 443 152 701 389
S9iWdIM2FhgG1jKlB85slfPEzR9nxXRE,11 0.0598 367 396 636 626 0 0.0582 324 20 563 255 7 0.0561 322 343 579 572 0 0.0560 538 416 886 606 11 0.0556 320 26 566 247 11 0.0553 367 292 626 517 7 0.0542 427 392 691 620 13 0.0541 322 346 582 577 3 0.0538 316 346 572 579 11 0.0537 303 213 564 434 11 0.0537 534 417 887 602 5 0.0536 232 345 492 575 7 0.0529 569 394 826 643 6 0.0527 240 353 502 581 8 0.0526 310 401 561 636 13 0.0526 244 407 499 647 5 0.0524 531 412 882 601 5 0.0524 300 395 563 634 3 0.0521 429 390 690 626 8 0.0518 536 479 874 667 11 0.0518 236 407 494 640 6 0.0518 613 412 972 604 13 0.0517 430 394 698 620 0 0.0516 426 392 688 623 3 0.0516 311 210 560 439 6 0.0514 324 283 571 509 8 0.0511 368 147 613 385 6 0.0507 309 404 572 637 11 0.0507 239 283 497 503 5 0.0507 236 456 493 695 8 0.0506 243 462 491 699 6 0.0505 383 349 647 576 13 0.0505 245 280 503 510 5 0.0504 298 204 560 430 0 0.0504 244 462 497 703 0 0.0501 321 343 576 576
oXuROrGhbxKPyZLzW8GhQFeSvjuvJw80,3 0.0580 449 0 708 193 0 0.0574 576 391 822 624 11 0.0569 362 2 645 184 8 0.0568 367 0 634 183 5 0.0562 572 389 817 618 11 0.0558 312 528 570 759 0 0.0554 317 525 570 765 13 0.0551 313 0 586 243 0 0.0551 573 285 820 510 5 0.0551 570 281 820 507 6 0.0548 242 534 497 778 8 0.0542 579 386 814 621 5 0.0542 432 0 708 184 0 0.0541 395 594 647 830 6 0.0541 317 597 572 828 5 0.0539 384 585 643 828 0 0.0538 322 673 574 910 8 0.0536 500 19 753 258 11 0.0536 315 675 576 902 7 0.0534 315 1 584 248 11 0.0534 391 590 644 822 8 0.0532 510 281 752 507 3 0.0531 314 528 567 765 13 0.0529 315 527 575 762 11 0.0529 576 392 822 616 8 0.0528 316 65 570 309 8 0.0527 350 668 702 849 0 0.0527 242 454 504 708 11 0.0527 308 63 579 306 6 0.0522 373 0 647 183 8 0.0522 448 535 689 766 7 0.0522 240 532 496 785 0 0.0521 248 600 491 846 8 0.0521 314 598 559 831 7 0.0521 445 2 714 188 8 0.0520 563 80 814 316 11 0.0520 494 23 759 250 10 0.0520 247 603 495 843 11 0.0520 570 287 824 500 13 0.0520 243 454 509 711 10 0.0517 347 674 717 851 13 0.0514 584 288 832 508 13 0.0513 512 0 772 204 7 0.0512 524 390 770 627 11 0.0511 378 461 631 693 11 0.0511 699 413 950 635 13 0.0510 584 394 825 622 11 0.0509 241 740 496 968 11 0.0509 634 337 888 561 8 0.0509 240 453 491 706 11 0.0508 385 145 648 385 5 0.0506 239 377 511 625 3 0.0505 316 1 576 249 11 0.0504 170 468 436 720 5 0.0503 231 527 489 780
3eFwlwhHXvpsNKy7Ecl38hsm42QESiz9,5 0.0612 568 74 816 313 8 0.0606 571 135 814 368 11 0.0597 514 131 762 371 11 0.0591 503 15 744 244 8 0.0583 516 268 758 509 0 0.0579 568 132 819 367 0 0.0575 576 351 829 588 7 0.0568 517 338 762 573 0 0.0566 512 270 764 510 5 0.0566 569 202 818 439 11 0.0563 578 350 830 581 3 0.0556 574 135 819 373 8 0.0554 508 16 736 248 11 0.0547 569 209 826 436 8 0.0547 583 348 821 586 11 0.0547 514 271 765 507 6 0.0547 577 79 822 313 11 0.0546 498 395 751 634 6 0.0546 511 16 745 247 5 0.0541 577 344 821 583 10 0.0540 506 19 744 248 6 0.0540 579 209 824 440 5 0.0540 503 8 739 247 8 0.0538 642 0 887 200 7 0.0536 511 12 749 249 13 0.0533 510 15 751 246 5 0.0529 512 266 758 505 0 0.0529 498 396 751 640 3 0.0529 520 273 763 514 3 0.0528 509 16 744 254 3 0.0528 644 0 894 210 13 0.0528 520 131 762 375 2 0.0527 518 136 759 376 2 0.0527 515 278 765 510 10 0.0525 573 82 817 314 3 0.0524 585 352 827 593 13 0.0524 577 211 829 443 7 0.0524 523 130 762 378 10 0.0523 637 2 893 204 11 0.0522 634 0 896 203 0 0.0519 505 14 742 249 7 0.0513 641 0 900 204 11 0.0508 300 671 565 895 6 0.0508 642 3 898 202 2 0.0507 508 17 743 248 6 0.0504 585 346 832 586 5 0.0502 634 0 894 201 7 0.0501 575 206 825 439 13 0.0501 520 271 767 509
26TGdkDRJ2Hj4e3dqouDgafKq84Ft4Qi,7 0.0639 128 718 373 964 10 0.0625 119 724 370 961 5 0.0610 183 721 440 959 0 0.0606 190 725 444 966 8 0.0598 188 724 437 960 11 0.0582 185 725 444 958 7 0.0579 263 728 511 967 6 0.0563 188 726 447 959 3 0.0562 190 722 442 965 10 0.0550 257 736 512 962 11 0.0539 425 584 682 812 13 0.0521 125 717 379 964 7 0.0504 434 581 687 814 0 0.0501 425 583 683 818
Bbu7FCPTVMkbjs8hwiAW9fNI91kWLdRL,8 0.0611 524 262 760 507 5 0.0606 520 266 761 504 0 0.0588 522 270 768 508 3 0.0579 525 270 769 511 11 0.0569 588 205 835 446 6 0.0561 599 146 837 387 11 0.0561 304 197 575 427 5 0.0561 577 336 821 580 0 0.0560 310 12 572 263 11 0.0557 331 324 581 553 11 0.0556 313 9 569 256 6 0.0552 647 278 874 505 8 0.0552 583 336 818 582 8 0.0552 650 0 902 189 13 0.0550 531 271 769 505 3 0.0548 593 206 835 458 0 0.0547 592 205 835 454 8 0.0544 249 0 497 197 10 0.0543 318 15 571 260 11 0.0542 519 268 770 499 11 0.0540 178 335 432 555 5 0.0538 634 271 866 504 0 0.0536 182 336 428 559 8 0.0536 509 389 744 639 5 0.0535 109 346 371 575 13 0.0535 250 0 508 199 8 0.0533 595 202 824 451 7 0.0533 403 327 648 555 3 0.0529 323 7 570 263 13 0.0529 598 208 840 454 11 0.0526 589 94 846 324 11 0.0526 247 266 514 489 5 0.0525 500 387 743 634 8 0.0522 179 332 419 561 5 0.0522 305 59 565 310 8 0.0519 305 197 562 430 6 0.0519 529 271 771 502 0 0.0518 371 787 631 1005 7 0.0518 320 10 571 260 7 0.0517 596 141 841 387 3 0.0516 637 353 864 590 11 0.0515 367 788 626 1001 7 0.0513 313 196 574 431 2 0.0513 523 272 768 507 11 0.0512 579 340 826 578 8 0.0512 465 13 715 257 10 0.0511 590 208 831 449 0 0.0511 651 3 907 196 7 0.0507 524 268 770 506 6 0.0506 247 1 504 199 0 0.0504 450 398 704 635 13 0.0504 591 343 833 582 7 0.0503 372 783 631 1007 10 0.0502 522 271 768 505 11 0.0502 647 1 911 191
6a3lT1njwi34b20S2GLDWHszqacQnAqO,8 0.0584 111 586 366 848 0 0.0580 112 590 367 848 11 0.0565 121 795 356 1009 8 0.0547 694 682 920 899 11 0.0544 110 592 369 838 8 0.0542 372 19 634 239 11 0.0539 689 613 921 841 11 0.0534 233 154 507 379 7 0.0531 114 581 373 847 6 0.0530 440 0 709 201 6 0.0530 313 19 585 255 7 0.0515 312 0 580 191 5 0.0515 110 586 363 839 3 0.0514 385 0 650 193 5 0.0512 368 13 637 236 11 0.0509 510 474 760 688 5 0.0508 234 150 494 383 11 0.0508 443 2 826 149 8 0.0508 181 799 426 1021 6 0.0507 111 590 372 841 10 0.0507 176 807 431 1013
MPFODsiuzbpQ1No2dydIT3uMvUatWpFR,11 0.0604 314 675 701 852 0 0.0602 314 673 698 858 13 0.0589 333 519 602 765 5 0.0589 430 656 695 899 7 0.0587 450 584 703 835 13 0.0576 268 578 523 826 8 0.0575 446 584 697 833 2 0.0573 444 588 704 830 6 0.0566 265 575 520 822 5 0.0566 315 657 577 892 8 0.0566 368 660 626 896 0 0.0560 327 515 594 766 7 0.0555 385 523 646 763 6 0.0553 315 675 707 856 2 0.0552 382 528 642 759 11 0.0549 186 22 435 250 13 0.0546 392 592 652 832 3 0.0541 372 662 633 900 11 0.0540 382 524 646 755 0 0.0538 263 572 518 827 7 0.0536 265 513 519 755 3 0.0533 446 586 702 839 11 0.0529 252 72 522 304 5 0.0529 324 516 590 759 13 0.0529 325 656 591 897 0 0.0528 256 388 506 612 5 0.0527 256 570 511 819 10 0.0527 443 587 700 830 7 0.0524 373 662 640 899 3 0.0523 266 577 519 831 11 0.0520 260 516 516 746 8 0.0519 266 446 487 678 5 0.0517 257 444 495 681 6 0.0517 329 520 603 761 3 0.0516 382 525 644 766 8 0.0515 383 523 635 760 5 0.0515 322 5 583 240 0 0.0514 255 10 512 247 13 0.0508 338 14 596 241 5 0.0505 490 716 764 969 8 0.0505 26 217 269 469 11 0.0504 22 227 276 469
PHy69JxnnSvrhZwCYMvoZlWPO1E4g8hz,8 0.0668 130 782 362 1019 7 0.0653 131 782 367 1019 5 0.0633 77 865 440 1020 11 0.0630 78 868 448 1022 8 0.0626 252 792 477 1023 7 0.0618 253 791 486 1023 10 0.0615 126 785 365 1017 11 0.0604 247 795 482 1017 8 0.0590 194 722 425 958 6 0.0587 88 871 450 1023 0 0.0584 82 868 444 1023 5 0.0577 187 717 427 954 7 0.0570 193 720 430 956 11 0.0568 186 723 432 950 0 0.0563 251 795 484 1023 0 0.0560 192 721 431 963 5 0.0551 247 789 480 1020 3 0.0545 192 721 429 965 10 0.0545 189 728 430 958 3 0.0545 254 791 484 1023 7 0.0543 453 465 720 710 3 0.0540 131 782 365 1023 13 0.0538 253 795 488 1023 13 0.0532 130 784 375 1021 6 0.0529 254 797 486 1022 9 0.0528 127 783 369 1017 7 0.0524 307 578 569 822 11 0.0516 242 585 499 819 2 0.0512 82 872 444 1023 10 0.0510 251 797 484 1023 0 0.0505 564 462 834 713 5 0.0503 562 453 822 712 8 0.0503 565 460 821 709 13 0.0501 194 721 439 959
wMlYqXl8q1C6cRofQHVkVl1Xm8YmW3W7,11 0.0674 64 791 298 1020 8 0.0637 0 804 305 982 6 0.0628 68 791 303 1019 0 0.0621 0 806 314 986 0 0.0582 512 396 770 641 0 0.0579 305 334 574 574 3 0.0573 68 789 299 1023 11 0.0559 374 338 639 573 5 0.0556 0 803 305 981 8 0.0555 513 393 760 637 5 0.0554 508 390 767 635 2 0.0550 510 334 774 570 13 0.0549 66 790 304 1023 13 0.0546 380 336 645 579 7 0.0544 3 805 317 984 5 0.0544 300 327 567 567 10 0.0541 1 807 312 984 1 0.0535 0 740 301 926 13 0.0534 515 395 776 641 2 0.0522 1 747 305 924 10 0.0518 304 337 567 571 0 0.0517 364 267 636 504 11 0.0516 511 398 771 636 7 0.0514 512 395 772 639 3 0.0512 516 392 770 644 6 0.0512 381 335 642 577 11 0.0512 311 277 574 506 0 0.0507 504 206 772 457 7 0.0501 382 332 637 580 0 0.0501 568 279 832 516
YS1xxWJQm2I8JGT3sQNHzhkPNkwMJxeg,0 0.0615 206 276 568 472 8 0.0611 216 275 554 471 8 0.0590 129 342 385 586 11 0.0584 169 457 436 708 5 0.0583 183 329 445 571 11 0.0582 310 533 567 765 11 0.0580 209 276 567 465 11 0.0580 389 188 646 410 5 0.0579 206 273 558 467 8 0.0561 440 204 698 429 10 0.0556 188 338 449 571 3 0.0549 185 388 450 650 11 0.0548 235 789 497 1009 8 0.0543 502 280 750 497 8 0.0542 167 525 411 772 7 0.0538 216 275 570 472 6 0.0537 188 275 455 506 6 0.0537 176 456 437 708 3 0.0536 200 340 555 540 13 0.0535 185 387 456 645 13 0.0534 194 339 560 538 10 0.0531 364 12 625 240 13 0.0525 135 278 406 512 5 0.0524 167 453 434 704 3 0.0522 396 184 647 419 5 0.0521 379 181 640 412 6 0.0519 251 522 494 763 0 0.0518 387 192 646 412 0 0.0517 180 593 429 836 0 0.0516 129 342 391 589 11 0.0516 428 80 693 297 11 0.0516 172 592 431 832 11 0.0514 131 278 398 507 11 0.0512 359 5 621 238 7 0.0512 185 384 453 643 0 0.0511 310 529 565 768 8 0.0511 425 6 681 241 7 0.0509 189 203 446 435 10 0.0506 173 463 433 708 8 0.0505 375 134 621 354 11 0.0502 312 86 576 313
mRqCmxLHhGETqEKufjMOLQUqVh4mlrCs,8 0.0608 322 787 550 1023 7 0.0601 322 719 566 966 8 0.0587 190 788 426 1021 11 0.0580 317 791 556 1019 5 0.0576 193 705 434 950 7 0.0571 445 653 692 891 7 0.0569 257 789 505 1023 5 0.0568 315 787 554 1017 11 0.0567 187 791 437 1019 8 0.0559 263 714 496 957 0 0.0559 322 793 558 1023 10 0.0545 318 794 558 1022 0 0.0536 264 714 503 960 5 0.0533 441 652 687 892 7 0.0531 199 707 439 950 11 0.0527 438 659 689 888 6 0.0525 319 721 565 968 0 0.0525 442 657 687 899 11 0.0524 304 589 541 821 13 0.0521 321 794 563 1023 10 0.0516 259 719 503 957 11 0.0513 382 336 631 554 6 0.0507 443 658 690 895 7 0.0504 315 589 545 820 8 0.0503 443 656 681 889
93DCWP9wPw3TORkKTdZRE0GFMM9crnGu,5 0.0631 380 330 628 570 8 0.0617 380 333 627 575 3 0.0591 384 336 635 576 0 0.0589 383 333 633 574 11 0.0586 378 336 633 574 11 0.0579 314 276 569 508 5 0.0578 313 267 567 505 7 0.0573 384 334 636 574 6 0.0564 384 335 632 572 0 0.0561 317 269 570 510 6 0.0559 325 273 572 507 13 0.0557 326 271 577 512 8 0.0553 177 789 423 1018 7 0.0552 321 271 572 507 11 0.0551 170 792 434 1012 13 0.0551 386 334 637 577 2 0.0543 385 338 631 575 3 0.0540 321 271 573 511 8 0.0537 318 271 563 508 10 0.0530 320 275 568 507 7 0.0530 169 788 435 1022 10 0.0523 381 339 634 571 0 0.0516 250 195 504 443 5 0.0511 165 786 431 1017 6 0.0508 172 790 436 1015
KV0hGNW7dTuLmH7AK0j6BdKaScXKq1P1,8 0.0650 354 619 693 793 11 0.0635 350 619 702 795 11 0.0606 416 463 702 707 5 0.0596 500 652 768 895 8 0.0590 506 661 757 890 8 0.0589 425 457 696 705 0 0.0589 566 643 825 880 0 0.0584 499 718 758 956 0 0.0578 428 606 778 793 8 0.0574 426 719 682 951 3 0.0567 511 662 769 899 0 0.0566 356 587 620 837 6 0.0565 581 714 824 951 3 0.0564 433 611 777 796 7 0.0563 510 656 772 898 3 0.0561 426 462 707 713 7 0.0559 432 606 785 795 7 0.0558 427 461 710 707 6 0.0554 416 670 772 856 0 0.0553 420 458 703 709 11 0.0551 108 532 364 762 8 0.0551 301 525 556 764 6 0.0550 362 469 638 700 7 0.0549 347 672 709 854 11 0.0544 573 713 821 943 11 0.0544 297 527 559 766 5 0.0541 422 605 776 792 5 0.0541 341 669 699 852 11 0.0538 397 739 754 918 0 0.0537 108 461 365 693 3 0.0535 359 593 623 838 13 0.0535 423 461 713 708 13 0.0535 429 613 785 791 6 0.0535 360 592 627 834 13 0.0532 568 648 827 875 6 0.0532 303 278 557 501 11 0.0528 355 406 636 639 8 0.0527 362 403 627 638 5 0.0526 415 453 700 702 0 0.0525 268 72 502 311 0 0.0524 566 340 832 573 6 0.0523 301 525 567 765 6 0.0518 371 349 637 573 10 0.0517 503 662 765 893 10 0.0517 353 619 707 795 10 0.0516 421 461 707 702 9 0.0515 346 616 703 790 5 0.0515 289 268 551 493 13 0.0514 355 592 630 835 12 0.0513 360 586 624 837 8 0.0509 114 530 358 764 12 0.0509 572 642 826 877 7 0.0507 115 525 368 762 13 0.0504 503 724 763 958 10 0.0501 297 527 566 763 9 0.0501 292 523 562 757
W4YgN7L8VVHXH7DhZRaBzOeDAbMePqTk,5 0.0589 675 0 947 194 5 0.0558 245 272 504 499 5 0.0548 295 201 565 420 10 0.0546 680 1 947 194 11 0.0536 103 0 375 196 11 0.0530 309 807 574 1023 0 0.0529 684 1 950 197 8 0.0529 319 807 561 1023 7 0.0529 312 204 574 427 11 0.0519 678 4 950 190 3 0.0515 260 275 508 509 0 0.0515 249 206 507 435 13 0.0514 755 18 1021 248 13 0.0510 258 275 520 505 0 0.0508 99 4 374 206 7 0.0507 256 275 513 502 10 0.0506 256 282 508 501 6 0.0502 684 0 953 195
OTQvaXMFJkLNGLjYfAAC2Qw2G7RHXwle,11 0.0510 331 385 575 609
cwDrrMoNM6MkQBdWD1irSTdyAhtCRZs1,11 0.0638 497 540 755 774 11 0.0636 230 797 508 1023 8 0.0593 498 539 747 774 5 0.0584 225 793 499 1019 11 0.0580 440 614 698 840 13 0.0573 230 800 516 1023 8 0.0572 232 796 500 1023 7 0.0567 502 539 755 774 11 0.0556 300 730 583 970 7 0.0548 232 795 512 1023 0 0.0544 371 790 632 1023 6 0.0535 499 544 754 778 8 0.0523 442 613 683 842 0 0.0521 495 540 756 780 0 0.0520 228 797 508 1023 6 0.0520 309 683 582 914 10 0.0516 221 803 504 1023 0 0.0516 441 610 695 845 6 0.0514 446 613 698 841 6 0.0513 231 799 510 1021 7 0.0508 447 612 698 844 3 0.0507 231 797 505 1023 11 0.0505 573 624 830 850 5 0.0504 494 536 748 772 8 0.0502 309 684 569 917
FXX0NQC1EJG6EnjGzqbMz0RnXBNY6lu6,11 0.0638 446 404 695 633 3 0.0633 377 396 634 643 7 0.0621 373 397 633 641 0 0.0616 441 597 702 833 8 0.0609 447 401 689 636 5 0.0604 252 208 505 450 13 0.0601 312 395 574 640 7 0.0600 240 390 512 637 11 0.0599 307 397 567 639 5 0.0599 436 592 694 829 0 0.0596 447 463 696 701 11 0.0594 382 457 633 694 11 0.0589 445 532 699 768 8 0.0589 310 395 560 643 7 0.0587 388 527 634 766 6 0.0585 450 404 699 634 6 0.0583 258 214 509 454 8 0.0583 444 529 690 769 11 0.0581 505 467 759 702 7 0.0580 445 775 697 1010 8 0.0578 381 456 627 692 13 0.0576 452 406 699 636 0 0.0574 386 529 633 767 8 0.0574 509 464 748 706 7 0.0573 264 211 510 452 7 0.0573 443 652 698 893 3 0.0572 453 463 699 705 8 0.0572 258 215 497 455 0 0.0572 371 394 631 639 11 0.0572 573 424 836 648 11 0.0571 255 217 508 452 5 0.0570 444 399 691 633 7 0.0569 451 463 696 702 11 0.0567 432 718 691 948 2 0.0565 448 536 697 768 0 0.0558 379 724 637 961 10 0.0557 309 401 567 640 8 0.0555 191 329 432 582 6 0.0554 442 599 701 830 10 0.0552 451 405 693 637 5 0.0552 380 523 630 762 7 0.0552 502 401 759 636 3 0.0551 258 219 506 462 5 0.0546 366 778 633 1012 6 0.0543 310 397 571 641 5 0.0543 305 390 565 638 11 0.0541 312 531 570 771 2 0.0541 449 410 692 636 3 0.0540 508 790 747 1021 2 0.0540 309 396 566 643 11 0.0539 372 789 632 1012 13 0.0538 507 466 761 706 11 0.0537 387 607 636 836 8 0.0536 375 788 627 1012 13 0.0536 190 335 448 584 5 0.0535 430 701 687 952 11 0.0535 501 795 747 1010 3 0.0534 244 393 506 639 5 0.0534 499 783 745 1011 3 0.0533 390 533 635 772 8 0.0532 387 606 628 837 13 0.0530 259 217 513 456 6 0.0529 389 529 635 765 7 0.0528 320 780 575 1015 2 0.0528 384 459 630 694 2 0.0526 314 537 568 774 11 0.0526 181 339 445 578 10 0.0526 511 467 754 705 3 0.0524 445 600 696 836 8 0.0524 311 532 561 769 13 0.0522 442 654 703 896 9 0.0521 370 397 632 633 5 0.0520 182 331 439 578 5 0.0520 504 461 752 702 3 0.0515 378 788 633 1020 9 0.0515 446 465 700 695 6 0.0514 378 787 637 1013 2 0.0514 388 611 637 836 1 0.0513 306 390 564 639 0 0.0510 316 784 572 1014 8 0.0509 580 422 826 654 0 0.0508 187 334 443 581 13 0.0508 512 792 759 1015 13 0.0507 448 529 701 769 13 0.0504 385 721 647 959 0 0.0504 573 423 832 655
EnMfijmGlOW7zGF3AVpyseOS8x2Wo8dZ,5 0.0605 543 784 788 1019 0 0.0581 551 792 795 1023 7 0.0562 553 787 799 1023 11 0.0562 548 791 792 1019 0 0.0548 298 407 553 642 8 0.0540 553 788 788 1023 8 0.0539 296 409 547 644 6 0.0532 298 410 562 647 11 0.0523 368 407 631 637 8 0.0517 562 255 798 493 5 0.0514 556 255 802 492 13 0.0506 298 409 559 645 6 0.0506 567 260 812 494
csamZnhK0COEv9jwbG8NpOXvRtgdz2Fe,5 0.0637 275 358 643 539 8 0.0610 417 418 769 598 5 0.0601 305 461 574 720 5 0.0595 333 416 695 603 0 0.0578 414 479 773 664 8 0.0573 284 363 641 538 3 0.0567 423 419 776 603 6 0.0565 421 418 781 596 2 0.0564 419 423 775 598 6 0.0564 264 389 513 634 0 0.0561 273 413 642 598 11 0.0560 277 362 650 540 5 0.0559 318 584 571 839 11 0.0557 414 423 782 597 5 0.0554 410 472 762 663 0 0.0549 291 292 648 476 11 0.0549 253 393 512 635 3 0.0547 284 361 650 545 8 0.0544 314 467 565 715 8 0.0542 262 389 501 631 2 0.0541 289 365 646 540 5 0.0540 252 384 505 631 13 0.0535 291 361 657 541 7 0.0535 326 588 580 840 10 0.0533 416 423 776 599 11 0.0533 319 591 574 839 7 0.0530 420 420 780 601 6 0.0530 325 589 576 838 13 0.0529 419 419 783 599 7 0.0528 320 466 582 717 6 0.0526 349 288 710 466 6 0.0523 287 358 654 540 3 0.0522 323 590 574 846 13 0.0521 317 469 586 718 10 0.0521 292 298 647 473 7 0.0518 284 360 652 543 7 0.0516 250 520 507 772 7 0.0514 261 389 514 637 8 0.0514 573 473 816 717 8 0.0511 321 587 564 836 2 0.0509 349 290 708 468 3 0.0508 350 289 709 471 13 0.0505 323 589 580 839 3 0.0502 579 474 819 724
uPIeJsDqG3mGUzEilBwlBzeUMa5xFQrS,0 0.0648 0 790 241 1014 11 0.0646 0 792 241 1012 8 0.0610 4 786 238 1011 7 0.0594 4 787 243 1010 5 0.0570 0 787 236 1009 3 0.0561 5 787 238 1015 10 0.0541 4 792 241 1010 13 0.0533 6 788 244 1012 6 0.0523 3 792 242 1009 2 0.0518 3 791 244 1009 1 0.0513 0 781 242 1013 11 0.0506 63 534 303 761 12 0.0503 5 788 240 1013
Fk46vFK1gXYQFDIwMfEzwpwhOWxPo6jQ,11 0.0595 499 469 757 700 5 0.0577 379 10 635 243 8 0.0572 518 327 750 562 6 0.0544 187 14 457 253 5 0.0544 315 118 555 345 8 0.0541 177 400 419 647 11 0.0537 292 557 643 733 11 0.0536 618 480 892 701 5 0.0536 250 13 515 247 8 0.0533 503 465 750 706 11 0.0529 251 17 520 247 13 0.0529 183 12 465 258 7 0.0528 522 392 766 638 5 0.0523 515 322 749 563 6 0.0523 506 469 761 704 5 0.0518 499 461 752 703 13 0.0514 505 464 764 704 11 0.0512 174 402 430 650 0 0.0505 319 132 560 344 8 0.0505 185 13 446 252 11 0.0505 383 796 625 1016 6 0.0503 472 344 716 576 0 0.0502 501 465 758 709
kvrWx6nHc8anDeO7SzUQOLUVtIgZeIdy,0 0.0646 425 138 675 389 8 0.0611 424 137 669 388 11 0.0608 366 135 623 377 7 0.0605 371 270 616 512 0 0.0602 307 138 560 392 5 0.0601 495 134 746 375 8 0.0600 307 142 554 392 11 0.0597 299 209 555 454 7 0.0591 307 206 553 454 11 0.0591 364 274 616 509 3 0.0588 374 136 620 388 0 0.0584 507 592 757 834 0 0.0570 424 262 677 509 11 0.0569 491 277 760 502 11 0.0567 493 138 747 371 7 0.0564 373 134 625 383 5 0.0562 360 198 615 451 0 0.0561 493 214 761 436 2 0.0561 365 212 618 452 11 0.0560 372 395 627 624 10 0.0558 309 147 561 388 5 0.0556 497 272 759 504 8 0.0554 505 590 749 834 0 0.0553 310 272 557 523 3 0.0552 370 272 613 516 8 0.0551 491 210 750 436 3 0.0550 304 207 551 457 5 0.0547 452 0 696 202 5 0.0546 563 207 832 441 11 0.0546 556 214 834 443 8 0.0545 457 0 694 202 2 0.0544 309 146 562 390 0 0.0543 456 2 702 205 8 0.0540 313 273 552 519 7 0.0539 510 590 760 831 6 0.0536 310 143 565 385 8 0.0536 426 261 669 505 10 0.0536 495 139 746 381 13 0.0534 458 0 708 204 13 0.0533 502 141 755 376 2 0.0530 308 277 561 520 11 0.0530 502 595 758 831 7 0.0525 504 276 763 502 11 0.0525 315 600 577 836 5 0.0523 237 150 494 383 10 0.0521 454 2 699 203 10 0.0519 310 278 560 519 6 0.0518 455 4 700 202 5 0.0516 504 590 753 829 2 0.0516 505 597 756 833 9 0.0515 303 140 560 385 11 0.0514 448 0 697 203 13 0.0513 372 135 628 382 7 0.0509 457 0 705 204 2 0.0508 427 147 675 387 6 0.0508 508 593 756 831 10 0.0506 498 280 760 508 13 0.0505 568 216 845 445 13 0.0503 510 594 763 834 13 0.0501 505 280 764 507 3 0.0501 461 2 699 210
mIjEt0xeksZZa0gnLjh1ZaNzy0UbaKiT,7 0.0670 141 673 497 851 0 0.0661 137 673 494 853 5 0.0657 186 698 437 950 11 0.0645 200 670 567 852 5 0.0641 198 669 564 851 8 0.0640 205 670 563 851 8 0.0621 125 705 373 952 6 0.0613 189 703 442 951 11 0.0611 126 656 375 890 3 0.0608 192 648 442 895 3 0.0605 128 706 377 955 13 0.0601 210 671 572 851 10 0.0594 124 656 374 890 10 0.0589 313 655 572 900 3 0.0582 318 651 573 906 13 0.0579 191 701 443 952 6 0.0571 316 653 574 901 1 0.0565 125 699 374 952 2 0.0554 203 673 570 854 2 0.0553 188 704 440 953 12 0.0552 192 699 439 951 9 0.0551 135 675 495 848 1 0.0540 246 650 508 903 4 0.0526 141 676 499 851 12 0.0517 318 650 570 903 6 0.0502 107 479 372 707
kL30TnjhMcRhfr43UXqQk69h37MjtqS4,5 0.0637 184 790 441 1019 8 0.0629 190 793 437 1021 7 0.0626 192 796 451 1023 11 0.0613 186 798 448 1019 7 0.0612 255 723 511 960 5 0.0596 246 718 504 955 0 0.0593 255 723 508 967 13 0.0573 131 795 388 1023 11 0.0568 248 725 506 956 8 0.0560 254 721 500 957 10 0.0559 189 734 448 961 0 0.0559 189 796 445 1023 6 0.0550 129 793 382 1019 3 0.0524 257 721 505 967 2 0.0522 190 801 446 1023 3 0.0506 188 796 445 1023 10 0.0504 122 797 376 1020 13 0.0504 257 724 514 964
yrZjx14KaA5hQC5tZ8tXXvpPWNdtGf4w,0 0.0621 189 266 440 498 6 0.0591 124 274 377 509 5 0.0590 181 263 437 497 11 0.0574 116 275 373 506 6 0.0573 188 330 440 567 11 0.0573 179 333 437 565 13 0.0568 193 263 450 503 11 0.0567 313 278 571 510 7 0.0564 191 263 447 500 7 0.0564 509 322 773 573 8 0.0562 122 268 368 509 8 0.0559 187 327 429 565 0 0.0554 118 199 378 445 3 0.0547 190 266 444 502 7 0.0547 316 273 574 514 10 0.0545 180 335 433 563 8 0.0544 249 268 493 498 10 0.0542 117 276 371 509 6 0.0541 251 269 507 497 11 0.0538 185 201 444 436 7 0.0532 248 327 503 565 0 0.0532 245 325 496 566 5 0.0530 170 384 439 622 6 0.0528 566 379 829 641 7 0.0525 124 195 382 443 0 0.0525 633 387 886 632 8 0.0521 631 387 877 627 8 0.0519 383 278 630 515 0 0.0516 452 277 706 514 8 0.0515 503 321 761 567 0 0.0513 314 275 570 514 5 0.0512 499 320 763 571 8 0.0510 319 339 551 581 3 0.0508 316 278 571 518 0 0.0501 574 318 828 566
7EWDwLIXEk0Us7zMZVeGngl0Uymo6Mo2,7 0.0618 393 459 648 711 3 0.0607 395 396 640 639 8 0.0603 5 543 239 771 11 0.0593 385 395 643 634 5 0.0592 449 462 711 708 8 0.0591 391 396 637 634 11 0.0587 2 549 245 771 6 0.0573 391 392 646 634 8 0.0573 457 469 704 712 5 0.0571 383 389 640 629 0 0.0568 387 460 644 709 7 0.0562 455 519 724 765 7 0.0556 7 543 245 776 11 0.0555 379 526 646 780 5 0.0547 1 541 240 771 10 0.0544 7 551 248 772 11 0.0544 450 470 709 714 0 0.0541 4 551 241 774 8 0.0524 381 528 634 780 6 0.0520 11 547 250 768 3 0.0514 12 542 242 780 13 0.0513 386 526 647 779 2 0.0510 387 399 641 634 5 0.0508 376 514 638 780 10 0.0507 391 464 646 708 6 0.0502 384 525 645 778 3 0.0501 462 474 713 719
XfufhuIEeg5p1LFSpHLr3uC8YfldjJAM,11 0.0645 382 206 641 462 11 0.0644 375 14 638 258 5 0.0638 377 11 636 259 8 0.0638 335 1 683 151 7 0.0635 379 76 632 339 11 0.0633 454 75 698 338 5 0.0622 441 131 695 405 0 0.0617 578 143 827 394 0 0.0614 374 74 633 338 8 0.0612 386 203 634 464 8 0.0611 504 7 758 248 5 0.0610 500 2 767 247 11 0.0605 302 147 571 406 8 0.0603 183 389 421 646 11 0.0600 166 284 446 518 3 0.0598 342 1 691 154 11 0.0597 626 151 895 392 7 0.0596 344 0 704 150 0 0.0592 448 137 698 405 0 0.0592 520 68 772 326 5 0.0592 236 388 498 633 6 0.0591 382 18 642 259 7 0.0590 390 204 644 465 11 0.0588 176 392 431 642 7 0.0587 508 3 769 249 5 0.0587 180 454 423 693 10 0.0585 379 20 638 258 3 0.0583 521 71 772 333 6 0.0582 387 202 645 466 7 0.0581 580 141 829 394 13 0.0580 378 143 642 406 11 0.0576 570 0 835 190 6 0.0574 635 151 899 397 0 0.0573 449 8 700 256 8 0.0571 629 152 887 401 3 0.0570 577 145 828 397 0 0.0569 576 0 834 196 10 0.0568 441 144 697 403 5 0.0568 568 139 822 391 11 0.0565 190 528 431 765 3 0.0564 449 138 697 412 11 0.0562 300 272 570 514 5 0.0559 296 262 568 512 0 0.0559 629 75 888 321 13 0.0559 184 390 437 647 8 0.0558 199 522 424 768 7 0.0555 310 140 574 410 0 0.0555 302 145 573 410 13 0.0555 340 1 706 149 8 0.0554 306 146 566 408 5 0.0552 298 137 570 403 13 0.0551 577 141 832 393 13 0.0550 390 268 649 513 6 0.0549 507 9 770 243 10 0.0548 503 11 765 245 11 0.0548 371 331 640 573 13 0.0546 307 382 583 622 2 0.0542 504 12 769 248 13 0.0542 522 69 775 324 0 0.0541 232 220 503 479 13 0.0540 320 14 595 262 3 0.0540 577 1 836 201 8 0.0537 579 61 825 311 3 0.0535 631 77 889 325 2 0.0535 323 16 584 262 8 0.0535 173 276 437 521 6 0.0534 309 76 579 335 13 0.0532 629 75 895 320 10 0.0531 308 83 574 332 7 0.0530 262 0 522 198
FOn2JKTuFlq4FuFmgjtRawcIDoLSZE9E,0 0.0637 309 405 579 647 11 0.0629 356 405 638 636 8 0.0627 313 409 574 647 11 0.0623 246 396 510 632 3 0.0620 315 407 574 650 8 0.0611 181 388 431 633 7 0.0602 310 405 580 646 0 0.0601 180 392 441 633 5 0.0584 240 386 506 632 0 0.0584 323 291 587 515 5 0.0575 321 330 577 583 11 0.0573 374 516 646 761 11 0.0571 180 338 435 578 6 0.0570 315 407 585 646 7 0.0570 439 414 704 646 13 0.0568 367 459 638 695 7 0.0563 326 284 588 514 7 0.0561 249 328 507 575 11 0.0561 320 293 590 508 11 0.0560 441 87 710 310 8 0.0559 248 332 495 576 10 0.0552 360 408 634 637 5 0.0552 172 333 432 576 0 0.0552 439 420 697 647 0 0.0533 442 84 710 315 3 0.0533 251 332 502 582 5 0.0531 371 504 638 756 5 0.0529 430 152 712 390 6 0.0528 254 331 508 576 10 0.0521 176 344 431 578 6 0.0518 328 288 588 513 2 0.0517 362 410 629 642 2 0.0515 381 524 640 765 8 0.0515 441 594 695 856 11 0.0512 384 12 641 250 13 0.0510 183 335 442 581 2 0.0508 252 400 505 634 8 0.0506 321 294 578 516 3 0.0506 443 418 698 652 11 0.0505 439 594 701 854 3 0.0505 325 291 587 517 6 0.0501 445 81 715 311
pIVbh6ivBYod7WMpQiqoeS5ZX22P0lXy,0 0.0575 441 404 694 626 0 0.0563 441 286 696 502 11 0.0555 443 403 695 624 10 0.0550 442 287 697 499 3 0.0544 521 195 762 437 8 0.0541 515 197 757 429 0 0.0541 183 1 438 204 11 0.0540 633 133 881 361 5 0.0539 513 271 761 497 0 0.0538 511 199 765 434 11 0.0538 179 2 437 202 13 0.0535 192 153 472 389 5 0.0532 439 396 689 621 7 0.0532 519 277 764 500 0 0.0529 636 130 877 366 13 0.0528 249 3 518 246 10 0.0527 515 198 764 434 0 0.0524 513 346 770 569 0 0.0524 309 206 584 433 7 0.0523 442 463 703 690 11 0.0521 448 203 705 426 10 0.0519 181 6 436 199 11 0.0517 376 281 633 506 6 0.0512 449 403 698 625 11 0.0511 515 280 765 496 8 0.0510 440 400 686 627 5 0.0509 631 124 874 362 3 0.0507 183 0 438 208 7 0.0507 376 339 638 564 7 0.0505 638 131 881 361 7 0.0503 184 0 442 202 3 0.0502 445 280 697 511 0 0.0501 374 340 633 565
gSTNWEC8PIGCJw1OtPkLVtKRTouW0xnz,11 0.0662 457 401 706 639 8 0.0654 516 450 765 712 11 0.0650 309 400 562 633 8 0.0649 454 400 698 640 11 0.0645 514 457 771 708 7 0.0618 387 397 630 635 0 0.0612 516 458 768 710 0 0.0609 454 401 701 641 8 0.0605 511 338 757 576 5 0.0604 512 452 762 712 8 0.0602 581 390 821 641 7 0.0599 521 452 772 710 11 0.0592 242 329 507 568 11 0.0592 579 395 830 633 11 0.0589 382 339 643 562 0 0.0587 575 528 817 778 6 0.0586 458 401 707 643 5 0.0585 454 396 701 642 8 0.0580 311 402 554 636 8 0.0580 506 584 755 834 3 0.0573 523 455 768 716 5 0.0573 236 323 504 567 6 0.0571 469 546 820 732 11 0.0570 498 588 761 832 5 0.0569 304 395 558 636 13 0.0568 518 454 776 710 3 0.0567 462 401 703 645 5 0.0564 375 335 634 561 10 0.0564 515 461 770 714 0 0.0561 580 397 828 641 0 0.0560 310 400 563 637 8 0.0558 383 342 632 562 7 0.0557 462 348 715 576 6 0.0557 312 401 565 636 7 0.0555 244 391 499 635 13 0.0553 507 586 767 838 9 0.0552 379 398 629 632 8 0.0549 245 326 496 569 3 0.0545 310 403 560 644 6 0.0538 585 393 833 640 10 0.0538 454 402 706 643 11 0.0535 372 733 647 953 7 0.0535 473 606 822 795 0 0.0534 510 346 761 576 5 0.0533 575 394 824 640 3 0.0533 386 339 638 568 0 0.0532 251 272 504 509 2 0.0529 458 407 702 644 13 0.0528 585 395 834 640 9 0.0527 512 395 764 637 0 0.0525 384 338 637 563 7 0.0525 585 393 829 642 3 0.0524 242 330 503 576 5 0.0523 501 581 753 836 1 0.0520 513 518 764 773 13 0.0520 379 399 634 634 2 0.0519 519 462 767 714 3 0.0519 587 394 828 645 10 0.0518 235 402 496 633 6 0.0516 384 339 641 566 8 0.0515 254 212 491 438 10 0.0515 381 343 640 562 6 0.0515 515 344 767 578 11 0.0514 250 214 504 435 7 0.0513 316 335 575 569 12 0.0511 467 547 816 735 3 0.0509 517 344 762 580 2 0.0507 314 406 557 637 5 0.0506 245 208 494 438 6 0.0501 249 329 507 569 3 0.0501 574 587 827 853
4XiZ2vMxzeTqYgIRrxI3769n8Hm1yLxJ,8 0.0638 181 780 416 1019 11 0.0621 181 784 425 1016 7 0.0610 185 780 426 1021 5 0.0599 176 779 418 1017 11 0.0585 352 796 602 1009 5 0.0576 345 789 600 1010 0 0.0547 180 781 423 1021 7 0.0547 357 791 611 1014 13 0.0547 184 785 430 1022 0 0.0539 351 793 608 1016 13 0.0535 356 795 609 1013 10 0.0533 179 784 424 1021 2 0.0531 183 788 427 1021 6 0.0529 185 788 424 1020 3 0.0529 181 783 424 1023 3 0.0529 353 793 608 1018 8 0.0528 352 791 599 1009 9 0.0514 180 787 422 1018 2 0.0504 353 799 608 1011
AEMzxHhBdOm8gM7bFHvlhNxv3OwRcJ5R,7 0.0552 243 267 508 507 11 0.0537 502 681 753 901 13 0.0528 507 679 758 905 11 0.0517 235 272 510 506 10 0.0509 507 679 747 902 6 0.0508 241 271 510 506 11 0.0504 301 202 580 436 0 0.0504 245 268 508 507 0 0.0503 502 679 752 906
Y9gpzxn3lnEeHONg1YMHJVfcVXVNPCDM,11 0.0585 307 272 569 501 11 0.0563 312 145 574 384 5 0.0554 303 267 566 505 6 0.0546 330 77 590 330 8 0.0538 314 145 567 389 0 0.0536 315 142 572 391 5 0.0536 309 141 571 385 11 0.0534 384 88 652 316 0 0.0532 385 88 648 318 5 0.0530 380 79 645 316 0 0.0529 310 269 563 507 5 0.0528 314 0 578 197 11 0.0520 373 603 621 839 11 0.0520 303 800 556 1021 7 0.0519 321 142 576 385 6 0.0515 316 269 567 506 8 0.0514 242 273 490 506 3 0.0514 316 146 573 393 6 0.0511 248 342 507 576 7 0.0511 316 268 564 507 8 0.0504 398 0 652 203 5 0.0504 234 193 494 425
Rogn22Uo9nhfJQiXOTy4kXx5JqPffzWL,5 0.0633 259 130 511 376 11 0.0593 409 274 655 516 8 0.0581 407 271 642 517 5 0.0571 245 358 623 542 11 0.0562 259 138 517 376 6 0.0553 269 137 520 378 8 0.0542 255 79 501 322 11 0.0542 251 363 628 540 0 0.0530 257 74 511 322 3 0.0528 265 137 514 384 0 0.0527 406 271 656 521 8 0.0525 252 361 615 541 13 0.0525 268 139 522 380 5 0.0522 404 268 647 514 7 0.0522 264 134 519 378 13 0.0519 415 278 656 520 13 0.0518 262 364 636 547 10 0.0510 265 145 515 377 7 0.0502 411 274 659 521
hIYn7MCOySvGelTprk4XBMiFqh7lkYG2,11 0.0655 452 415 705 640 11 0.0627 440 134 705 374 5 0.0626 556 401 822 641 11 0.0619 511 473 769 700 5 0.0615 565 270 825 500 3 0.0613 640 196 894 436 11 0.0612 513 345 768 573 6 0.0606 565 414 831 644 8 0.0604 531 164 865 345 11 0.0601 571 274 829 502 5 0.0599 629 188 893 428 7 0.0597 710 270 969 506 5 0.0589 508 340 760 571 11 0.0589 634 196 898 432 5 0.0588 630 327 898 561 11 0.0588 378 216 642 448 6 0.0588 454 416 708 640 5 0.0587 702 270 964 501 3 0.0586 512 270 767 509 8 0.0585 562 409 819 643 7 0.0585 515 405 773 639 8 0.0585 639 261 895 492 6 0.0584 515 352 772 576 11 0.0583 320 155 585 384 5 0.0583 431 128 702 374 11 0.0579 636 332 902 559 11 0.0578 706 274 970 505 6 0.0577 644 261 905 490 7 0.0576 536 162 876 343 11 0.0575 0 239 270 478 2 0.0573 639 197 897 432 7 0.0573 513 268 769 501 8 0.0571 451 415 699 642 11 0.0571 530 166 871 343 0 0.0571 699 143 958 372 0 0.0569 634 258 901 492 0 0.0569 570 196 828 432 2 0.0569 574 282 830 503 8 0.0569 702 142 952 372 3 0.0568 639 336 899 569 8 0.0568 435 132 702 374 0 0.0567 563 407 825 644 13 0.0566 571 354 830 574 5 0.0566 130 399 370 630 13 0.0565 380 217 645 451 8 0.0564 379 215 632 448 13 0.0563 704 142 966 375 6 0.0562 196 320 442 564 13 0.0560 453 474 713 708 10 0.0557 532 166 875 344 13 0.0557 514 273 776 499 3 0.0557 442 130 706 382 7 0.0557 381 216 642 450 5 0.0555 113 210 382 445 3 0.0553 711 274 965 512 6 0.0553 716 343 974 574 5 0.0551 247 143 517 382 6 0.0551 471 553 831 733 7 0.0549 439 130 705 378 13 0.0548 538 165 881 343 8 0.0547 507 268 764 502 10 0.0547 565 352 827 574 11 0.0546 442 533 712 769 6 0.0546 137 405 372 631 0 0.0545 570 652 823 920 6 0.0545 636 135 893 365 8 0.0543 572 653 812 911 10 0.0542 700 149 958 369 0 0.0542 502 594 760 851 10 0.0540 437 135 711 374 10 0.0538 260 324 503 571 8 0.0538 135 402 364 632 13 0.0538 197 210 460 446 6 0.0537 576 196 833 431 6 0.0537 440 131 711 374 5 0.0536 185 314 435 560 9 0.0536 531 166 877 340 5 0.0536 375 210 638 446
1tmglbbngizweyBWov1hzgicVnpYH1NC,8 0.0663 624 84 872 326 6 0.0604 644 150 887 391 0 0.0602 624 88 883 331 11 0.0587 635 150 887 390 5 0.0582 637 146 882 389 0 0.0569 629 1 880 208 5 0.0565 355 797 622 1018 0 0.0560 650 587 910 839 8 0.0551 654 588 897 831 7 0.0546 641 149 888 390 3 0.0542 644 152 885 394 7 0.0539 365 809 634 1023 0 0.0538 362 810 626 1023 13 0.0534 642 154 895 390 13 0.0533 584 527 845 766 2 0.0527 627 90 881 328 8 0.0524 366 808 614 1020 7 0.0523 654 589 912 836 7 0.0522 627 32 892 270 11 0.0517 580 531 836 763 8 0.0517 630 0 875 206 0 0.0512 505 561 883 738 11 0.0512 624 33 886 261 13 0.0511 585 627 951 806 5 0.0511 645 587 902 832 0 0.0509 656 482 996 675 5 0.0509 619 34 885 264 8 0.0507 658 479 982 671 11 0.0505 654 592 909 829 8 0.0502 577 526 828 765 8 0.0502 0 521 256 775
KksSc81xL1oimWJTY8phTQdpHcweJ9uS,11 0.0656 636 467 883 708 11 0.0625 383 324 633 565 6 0.0620 317 193 578 437 3 0.0618 324 251 573 507 10 0.0606 386 262 635 508 11 0.0604 385 190 638 430 5 0.0602 498 193 751 445 8 0.0602 516 330 753 578 5 0.0601 313 246 571 501 8 0.0599 386 255 624 509 11 0.0593 508 466 764 700 11 0.0593 570 393 834 631 3 0.0592 387 325 633 573 0 0.0591 447 326 699 577 8 0.0591 510 463 758 705 5 0.0590 378 321 627 565 8 0.0590 456 404 691 645 0 0.0589 638 537 876 781 11 0.0589 400 419 764 596 8 0.0584 124 596 376 837 0 0.0583 570 463 825 697 8 0.0580 570 390 823 635 5 0.0578 115 595 380 833 5 0.0577 634 466 879 705 10 0.0576 314 196 574 437 10 0.0576 454 413 699 643 7 0.0575 387 253 639 511 11 0.0573 453 261 703 505 8 0.0572 317 193 566 441 6 0.0571 391 140 638 374 8 0.0571 504 202 749 446 11 0.0571 318 252 572 499 7 0.0570 522 329 767 576 5 0.0569 381 181 634 429 0 0.0568 401 287 780 470 7 0.0566 572 458 825 699 13 0.0563 520 404 772 640 6 0.0562 259 138 507 378 3 0.0562 392 187 636 438 0 0.0561 456 187 706 432 10 0.0559 509 471 764 704 3 0.0558 260 138 503 383 13 0.0557 254 192 510 446 3 0.0557 514 467 768 712 0 0.0556 314 192 574 441 8 0.0555 375 461 614 692 11 0.0555 636 342 901 556 11 0.0554 317 134 575 366 6 0.0554 578 205 821 436 3 0.0553 406 418 764 606 10 0.0553 388 142 636 371 5 0.0553 566 391 830 632 5 0.0551 508 329 760 574 5 0.0550 448 405 696 642 5 0.0549 254 309 494 550 5 0.0548 245 189 498 439 13 0.0547 127 599 390 840 13 0.0545 390 137 642 371 11 0.0545 244 198 501 438 6 0.0544 457 189 710 431 13 0.0544 324 250 579 508 6 0.0544 124 596 388 835 6 0.0543 646 468 884 706 11 0.0542 631 595 878 831 8 0.0542 638 533 872 779 0 0.0542 390 139 635 377 13 0.0541 460 258 708 507 5 0.0538 565 136 808 370 10 0.0537 399 362 770 532 3 0.0537 407 287 779 474 7 0.0537 457 186 709 438 7 0.0537 318 192 578 442 6 0.0537 577 394 836 631 10 0.0537 257 142 503 372 6 0.0537 257 259 503 503 6 0.0536 333 316 570 564 8 0.0536 330 319 556 568 13 0.0535 642 535 884 783 10 0.0535 454 195 707 431 7 0.0534 448 463 705 698 5 0.0533 301 388 552 623 13 0.0532 513 528 773 766 7 0.0531 260 137 509 376 5 0.0531 176 520 436 750 0 0.0530 507 527 772 765 10 0.0530 638 538 876 779 11 0.0530 117 599 383 833
VeFwF0MsewO0zzy4oFoHfGWTcyDaGFfR,8 0.0557 440 15 689 242 13 0.0549 381 6 639 242 11 0.0547 374 7 638 241 3 0.0524 383 7 633 249 7 0.0522 364 661 616 904 5 0.0504 432 14 694 234 0 0.0501 377 8 635 246
1wbn8KNfjjPCZTcs9zmS3055SAdnPftU,8 0.0530 757 0 1015 193 11 0.0520 751 3 1023 188
e5Ju8EvdNomuGqFMBw3yLguxJOBRp7PX,5 0.0611 552 787 819 1013 8 0.0577 561 791 814 1016 6 0.0576 559 793 822 1016 0 0.0560 560 794 822 1021 0 0.0554 249 536 522 782 0 0.0554 390 461 646 720 7 0.0549 258 531 522 774 7 0.0546 503 790 771 1015 11 0.0546 495 792 763 1013 11 0.0543 249 534 521 771 5 0.0542 489 727 753 957 0 0.0536 239 635 513 895 8 0.0533 498 734 749 959 6 0.0533 251 533 521 774 7 0.0531 0 1 256 197 5 0.0529 238 574 507 826 8 0.0526 420 673 753 852 10 0.0521 242 583 510 831 7 0.0515 456 325 713 580 6 0.0514 2 1 264 194 8 0.0511 255 533 514 779 3 0.0510 460 329 711 584 13 0.0510 3 2 267 196 0 0.0507 454 326 706 579 5 0.0507 387 459 640 711 0 0.0501 503 141 760 372
HR60AA4UPx2LA736IIZoWMS7J7FmXUlv,0 0.0617 212 418 562 606 11 0.0598 156 475 513 656 5 0.0587 151 471 508 658 8 0.0584 210 415 551 601 11 0.0584 300 596 569 827 5 0.0583 182 517 431 755 7 0.0577 160 470 516 657 0 0.0577 306 598 567 831 8 0.0575 304 598 558 830 7 0.0573 188 516 434 757 0 0.0569 185 519 432 759 8 0.0565 185 519 425 753 11 0.0562 230 802 497 1022 0 0.0546 252 712 518 957 8 0.0545 232 796 492 1023 6 0.0544 186 520 434 754 7 0.0544 235 795 506 1023 10 0.0540 152 481 511 656 3 0.0533 214 420 558 604 11 0.0530 176 590 441 819 8 0.0530 247 666 506 897 6 0.0526 239 801 505 1023 5 0.0526 227 796 498 1018 11 0.0525 174 726 445 955 3 0.0522 185 523 430 762 7 0.0521 383 595 637 820 11 0.0519 243 667 513 893 5 0.0518 232 591 497 821 6 0.0513 240 593 503 827 7 0.0513 180 723 448 958 10 0.0513 161 799 435 1021 7 0.0513 240 591 504 824 3 0.0511 235 797 501 1023 10 0.0509 211 424 560 599 10 0.0505 180 525 431 753 6 0.0504 216 420 567 601 5 0.0503 112 794 380 1018 11 0.0502 302 733 573 960 13 0.0500 191 519 435 757
yyC97tJ6bgC84Gk0oOKw0iUpKab6CIC4,11 0.0563 370 727 635 968 5 0.0555 490 792 755 1020 0 0.0538 497 797 762 1023 7 0.0528 369 791 637 1023 8 0.0526 372 719 627 971 0 0.0524 366 789 631 1023 7 0.0517 498 796 765 1023 0 0.0506 624 612 905 843 5 0.0503 368 715 631 966
xCkvwxwOCtct6EEPMWbQe5oASS0tzLrQ,11 0.0658 243 473 509 708 0 0.0639 194 462 440 705 5 0.0598 505 313 750 551 8 0.0589 250 473 499 707 6 0.0582 248 473 508 706 5 0.0569 357 414 624 643 11 0.0565 365 421 633 647 0 0.0565 119 532 373 775 8 0.0564 374 416 623 643 8 0.0559 568 0 822 203 5 0.0558 187 461 435 700 3 0.0556 443 340 695 573 11 0.0555 118 456 382 695 0 0.0552 507 324 759 556 11 0.0552 434 342 696 564 3 0.0551 251 468 505 714 8 0.0542 121 453 373 701 6 0.0539 370 420 633 647 3 0.0538 372 416 630 655 13 0.0535 372 421 637 649 8 0.0535 576 75 814 311 0 0.0534 185 281 432 520 8 0.0533 513 316 750 555 6 0.0532 441 339 698 568 5 0.0529 625 0 890 202 11 0.0525 496 264 752 482 0 0.0524 367 418 629 652 2 0.0522 197 468 438 704 13 0.0517 443 343 701 569 5 0.0514 492 189 742 426 3 0.0513 507 263 745 491 0 0.0512 497 197 749 430 10 0.0509 245 476 511 704 7 0.0508 197 460 439 704 13 0.0506 568 0 843 205 5 0.0505 111 532 375 773
musEdwrgIC4rBnf4eJlBkkLAaDONHXwt,5 0.0614 287 400 557 642 7 0.0604 449 401 694 651 5 0.0599 238 327 505 568 11 0.0588 446 404 692 643 13 0.0583 373 408 631 637 6 0.0582 446 404 693 647 8 0.0578 518 403 758 643 11 0.0571 242 331 510 567 11 0.0569 289 405 561 642 5 0.0567 309 271 580 501 6 0.0567 296 405 560 641 0 0.0567 248 327 505 573 8 0.0563 375 408 618 638 3 0.0563 296 404 559 649 11 0.0560 371 459 617 694 13 0.0558 253 329 512 575 8 0.0556 249 327 498 572 3 0.0555 452 403 692 657 11 0.0555 569 273 833 499 0 0.0554 447 344 696 583 5 0.0554 442 398 686 648 0 0.0552 317 272 584 508 6 0.0552 378 461 617 696 7 0.0550 299 402 561 646 0 0.0549 322 78 581 304 7 0.0548 252 329 506 571 0 0.0547 522 405 761 643 7 0.0542 384 334 638 578 8 0.0541 443 344 691 579 10 0.0536 297 407 555 639 11 0.0535 312 276 587 502 5 0.0534 241 201 508 432 0 0.0533 297 399 560 644 10 0.0530 247 336 501 570 6 0.0530 513 344 763 574 11 0.0529 319 76 580 299 11 0.0528 509 350 761 571 11 0.0526 381 338 639 572 5 0.0524 317 70 569 299 0 0.0523 248 203 512 439 3 0.0522 244 332 504 577 8 0.0522 444 470 677 701 5 0.0521 429 0 691 204 13 0.0520 448 469 691 701 10 0.0519 443 473 687 704 3 0.0518 381 461 616 704 7 0.0514 379 459 620 701 2 0.0510 457 285 723 515 0 0.0508 569 275 830 504 6 0.0507 320 277 586 504 7 0.0506 517 342 764 574 11 0.0505 241 139 507 368 8 0.0503 388 272 643 512 3 0.0501 514 347 759 581 0 0.0501 430 0 696 207
5mZFwkyA0mECqy1nGJFvTG0VSQGhq2Be,11 0.0632 494 526 737 760 11 0.0621 312 673 569 899 0 0.0619 432 594 690 836 5 0.0617 307 731 558 960 0 0.0602 314 670 569 904 8 0.0600 317 671 561 900 11 0.0599 243 734 495 961 8 0.0595 435 593 678 832 0 0.0594 247 727 496 964 3 0.0587 367 727 618 970 7 0.0585 371 729 626 965 11 0.0580 431 598 687 831 8 0.0572 497 525 729 763 6 0.0572 317 672 570 901 8 0.0568 252 730 494 961 10 0.0560 310 738 560 963 0 0.0559 310 471 574 712 0 0.0559 492 473 743 709 7 0.0556 248 731 500 962 5 0.0555 486 469 741 706 5 0.0554 367 666 626 904 6 0.0548 496 476 747 705 8 0.0541 336 475 678 657 7 0.0541 495 472 746 707 11 0.0540 338 421 683 597 10 0.0538 495 529 738 761 3 0.0538 250 731 497 966 3 0.0538 433 661 693 907 10 0.0537 374 669 631 905 13 0.0537 436 596 695 833 3 0.0535 496 472 741 714 13 0.0533 374 730 625 969 5 0.0530 426 591 681 830 2 0.0529 367 730 621 967 6 0.0529 245 730 501 962 13 0.0527 496 475 751 706 7 0.0526 437 595 693 832 0 0.0523 368 397 633 634 7 0.0522 314 461 583 709 6 0.0516 433 665 694 906 10 0.0515 432 599 685 830 11 0.0515 309 467 576 711 11 0.0512 185 535 444 775 12 0.0510 496 471 748 708 5 0.0510 334 416 681 595 10 0.0509 368 400 636 635 5 0.0505 306 462 571 707 2 0.0505 434 598 686 831 13 0.0505 253 733 501 964 2 0.0503 248 734 496 964 12 0.0503 437 594 691 834
eCxNbYTWzFM2XtTtJgiS1DRRSattMW3F,8 0.0547 260 80 502 334 5 0.0526 118 341 378 563 7 0.0522 588 410 838 638 13 0.0520 259 79 520 340 6 0.0519 262 80 514 336 5 0.0516 247 209 508 455 11 0.0504 190 75 445 329 8 0.0502 583 408 822 638
Jk9tN1dk1JrQXxsmksY4MZS3dYkwT3Gx,11 0.0659 194 794 442 1020 6 0.0598 367 209 625 445 0 0.0596 358 208 620 449 8 0.0593 195 791 434 1023 7 0.0575 197 792 442 1022 11 0.0572 315 796 566 1022 8 0.0570 10 0 249 220 5 0.0567 193 791 435 1019 13 0.0561 11 0 263 220 6 0.0558 13 3 259 219 5 0.0552 317 788 561 1019 0 0.0551 193 793 442 1023 0 0.0549 259 343 527 584 7 0.0549 322 795 565 1023 8 0.0547 321 794 555 1022 13 0.0541 196 790 442 1023 3 0.0539 254 801 498 1023 11 0.0538 357 210 619 443 11 0.0538 9 4 254 216 5 0.0534 352 206 615 441 10 0.0528 193 795 438 1019 0 0.0527 12 3 253 222 2 0.0526 197 795 440 1023 7 0.0525 363 209 620 444 6 0.0525 247 280 520 509 5 0.0520 5 0 249 214 6 0.0514 320 794 566 1021 5 0.0512 233 276 507 505 13 0.0502 324 795 569 1023 6 0.0501 195 792 441 1023 8 0.0501 365 208 614 446
Dnajqd5rW6Mk7PTWIUdiWlWSe1zNCxtF,7 0.0642 520 338 769 586 0 0.0634 641 336 888 573 8 0.0620 455 262 689 503 11 0.0617 575 341 836 580 0 0.0612 517 341 766 588 8 0.0609 573 338 829 585 7 0.0605 455 262 705 506 11 0.0605 645 405 893 640 13 0.0594 571 397 831 651 5 0.0587 570 336 832 582 5 0.0587 637 399 891 640 3 0.0585 576 339 838 588 8 0.0581 643 399 888 641 6 0.0573 519 338 766 582 7 0.0572 638 332 892 575 3 0.0559 459 264 698 513 13 0.0557 645 338 897 575 2 0.0556 573 342 838 583 5 0.0550 696 362 1023 535 3 0.0550 649 401 895 647 10 0.0549 567 395 826 647 11 0.0549 453 266 701 505 0 0.0548 452 266 700 509 8 0.0547 512 209 768 442 6 0.0545 702 394 947 637 5 0.0544 511 267 765 507 0 0.0544 193 344 432 582 6 0.0541 577 272 841 513 13 0.0540 706 467 957 709 0 0.0539 514 212 783 449 0 0.0534 702 362 1021 537 11 0.0531 700 468 948 709 11 0.0530 638 278 903 507 8 0.0529 700 461 938 710 6 0.0527 455 263 702 503 12 0.0519 571 395 826 652 5 0.0518 630 272 901 506 8 0.0518 701 359 1011 539 10 0.0517 700 361 1022 537 9 0.0516 573 340 835 583 3 0.0511 642 278 903 517 8 0.0510 178 465 425 719 4 0.0510 569 401 828 650 8 0.0508 640 278 893 509 1 0.0506 563 391 826 651 3 0.0503 702 466 949 719
1yiLZnxfL0kBmCIlHhyGJNvMYuGgyJi3,8 0.0566 180 388 425 628 5 0.0556 175 386 430 627 0 0.0555 243 0 492 201 6 0.0549 183 388 435 630 5 0.0545 260 73 506 314 5 0.0544 236 0 492 200 7 0.0544 186 386 435 627 8 0.0542 525 328 758 570 0 0.0540 266 78 506 314 13 0.0533 241 0 501 201 8 0.0533 108 86 360 326 7 0.0529 250 13 506 264 3 0.0526 180 394 432 634 11 0.0521 244 396 502 636 3 0.0519 242 1 497 204 0 0.0518 180 390 432 629 13 0.0516 187 388 443 630 8 0.0516 452 394 689 635 11 0.0514 236 0 499 195 6 0.0510 252 16 507 262 11 0.0507 184 324 438 559 8 0.0505 242 4 490 197 11 0.0504 377 24 643 237 11 0.0501 176 78 443 315
Us3JgpJIbgNVR40aX3w3Mz033bkEzJX7,8 0.0634 73 868 435 1023 5 0.0627 73 867 436 1020 10 0.0625 68 872 440 1023 7 0.0624 82 869 451 1022 0 0.0612 74 870 440 1023 11 0.0591 76 870 446 1022 2 0.0558 82 872 440 1023 0 0.0549 16 1 258 223 11 0.0549 20 4 258 212 6 0.0540 22 2 259 215 3 0.0538 81 873 442 1023 6 0.0533 87 872 444 1021 5 0.0531 17 0 252 215 10 0.0526 17 4 255 217 5 0.0519 125 409 383 650 9 0.0515 75 868 442 1021 8 0.0515 25 0 247 216 11 0.0509 171 405 426 636 3 0.0504 21 0 259 222 13 0.0503 80 871 456 1023
o7QCLNNcTjFMOxzHnkxAaQCr2hh0oj1C,8 0.0638 381 453 626 700 11 0.0607 300 463 564 697 8 0.0595 314 517 558 758 0 0.0591 299 460 566 704 8 0.0579 378 22 629 270 6 0.0577 277 480 638 675 8 0.0577 504 78 748 314 5 0.0575 266 476 621 673 11 0.0572 559 26 826 250 3 0.0562 490 93 813 283 7 0.0559 375 519 632 767 11 0.0553 499 79 757 308 13 0.0551 239 521 512 765 5 0.0550 173 457 433 699 0 0.0548 171 405 439 638 5 0.0547 501 0 759 212 13 0.0547 275 481 643 675 7 0.0547 506 74 757 314 3 0.0546 378 516 625 771 0 0.0545 563 23 821 255 11 0.0545 369 520 624 760 8 0.0539 635 0 881 220 0 0.0536 380 400 634 642 5 0.0534 628 0 885 217 13 0.0533 564 23 830 253 8 0.0531 409 555 754 731 1 0.0523 375 392 632 639 8 0.0520 180 461 427 703 3 0.0520 511 0 761 218 5 0.0516 405 485 769 660 11 0.0516 223 531 501 759 7 0.0514 538 0 895 152 7 0.0512 178 459 438 701 3 0.0510 639 0 883 225 13 0.0510 415 554 769 732 0 0.0509 371 517 627 765 6 0.0505 692 2 945 212 7 0.0505 232 526 503 763 3 0.0504 381 402 637 650 13 0.0502 693 0 953 215 5 0.0502 58 474 322 697 6 0.0501 495 96 820 276
fFXKiH9TsrVZqTZF8QQJf90hjSq0OeVs,0 0.0620 497 591 747 840 5 0.0613 489 587 747 837 11 0.0612 494 592 750 836 11 0.0601 439 518 682 756 0 0.0599 440 519 682 762 7 0.0587 448 518 686 758 5 0.0585 436 514 682 757 2 0.0584 496 597 749 837 6 0.0582 440 592 688 835 8 0.0578 440 516 679 757 0 0.0576 241 0 507 199 7 0.0574 502 590 751 837 8 0.0566 493 589 743 838 5 0.0561 239 0 499 195 0 0.0557 253 137 505 372 6 0.0556 491 660 750 904 13 0.0552 249 0 512 198 11 0.0550 373 596 618 835 3 0.0550 446 519 680 765 11 0.0549 240 0 508 193 2 0.0543 444 525 682 759 13 0.0541 446 518 687 759 10 0.0540 441 519 682 761 3 0.0538 498 592 745 845 8 0.0532 377 591 615 835 13 0.0532 502 591 753 842 5 0.0532 372 585 617 831 6 0.0531 256 134 507 374 7 0.0531 381 593 623 833 11 0.0525 367 460 624 692 5 0.0524 468 720 726 969 11 0.0522 573 86 830 319 11 0.0519 257 342 623 520 6 0.0514 246 0 508 193 0 0.0513 325 73 575 307 6 0.0512 327 70 580 307 9 0.0510 494 588 749 834 9 0.0509 439 515 682 754 8 0.0508 254 138 495 371 0 0.0507 194 67 448 306 8 0.0507 372 466 614 696 8 0.0507 504 76 751 311 11 0.0505 437 15 696 243 0 0.0505 377 594 619 838 10 0.0505 494 594 748 841 8 0.0504 321 0 569 194 6 0.0503 375 525 627 768 7 0.0503 479 723 737 967
biPYbeVadqci3t8PEuNrBZybmE4mGch7,8 0.0617 440 263 683 504 5 0.0588 765 523 1009 765 5 0.0583 708 457 945 703 11 0.0577 710 463 954 702 7 0.0574 443 262 693 506 11 0.0560 438 145 695 372 11 0.0557 441 263 688 504 6 0.0553 444 262 692 505 0 0.0550 712 463 946 709 8 0.0546 775 523 1006 767 8 0.0546 713 453 940 707 5 0.0545 434 256 685 504 3 0.0540 445 266 689 512 8 0.0536 498 529 752 768 0 0.0531 444 264 690 508 0 0.0530 761 395 1005 638 11 0.0526 770 529 1015 760 13 0.0522 718 456 957 712 5 0.0518 645 518 887 765 11 0.0515 422 523 687 765 13 0.0514 778 523 1020 771 13 0.0514 768 390 1013 641 6 0.0510 433 523 693 769 7 0.0509 717 459 955 704 5 0.0509 367 136 634 376 2 0.0505 709 403 945 641 3 0.0504 579 523 827 770 0 0.0504 435 145 692 377 11 0.0503 373 597 634 837 11 0.0503 862 275 1023 623 8 0.0502 374 141 630 376
bpQSZGPl08SXSewFAoo533l5vjiHelZm,0 0.0548 377 279 630 513 11 0.0538 426 795 685 1018 11 0.0514 371 283 632 508 5 0.0513 374 207 630 442 5 0.0503 172 392 453 621 0 0.0501 107 411 387 641
PWT2xiRggOxkyEAW2UzjCqo2JtXlpcdU,8 0.0635 373 406 618 652 11 0.0629 315 344 573 584 11 0.0625 246 408 503 647 5 0.0624 563 336 826 577 5 0.0611 408 399 771 594 0 0.0608 569 338 830 578 0 0.0608 317 338 575 584 5 0.0604 311 339 572 584 0 0.0601 247 405 503 652 7 0.0598 424 403 779 594 11 0.0596 309 473 567 717 3 0.0596 401 355 762 536 5 0.0594 235 275 491 512 8 0.0593 312 471 558 719 6 0.0591 422 403 776 592 6 0.0587 574 339 833 576 6 0.0585 321 343 578 585 8 0.0582 320 342 566 581 5 0.0579 500 263 759 500 5 0.0572 307 466 562 718 8 0.0572 398 354 751 530 3 0.0571 377 407 629 658 0 0.0569 507 266 765 504 6 0.0567 252 406 506 650 7 0.0562 250 405 503 651 13 0.0561 319 344 576 585 5 0.0558 174 330 427 586 11 0.0558 569 343 831 573 6 0.0557 315 470 572 719 5 0.0557 243 403 501 648 0 0.0556 312 471 564 721 11 0.0556 413 406 779 589 0 0.0555 417 405 775 593 8 0.0553 375 534 622 781 7 0.0553 570 341 833 579 7 0.0553 316 467 568 724 13 0.0553 246 472 500 716 11 0.0552 639 283 882 511 8 0.0551 571 340 822 575 8 0.0544 248 408 495 648 11 0.0544 237 281 499 514 0 0.0543 180 336 431 584 3 0.0540 382 536 634 786 7 0.0539 321 341 577 585 8 0.0538 239 277 486 515 0 0.0538 641 276 877 512 13 0.0538 396 356 766 533 3 0.0538 321 272 573 511 11 0.0536 317 600 576 839 11 0.0535 177 342 433 583 0 0.0532 241 279 498 516 3 0.0531 316 470 568 724 13 0.0531 492 417 843 605 3 0.0530 573 344 831 581 13 0.0529 244 281 500 518 2 0.0528 283 357 646 533 10 0.0527 316 346 573 585 3 0.0526 251 407 502 653 7 0.0522 507 267 770 506 10 0.0522 312 476 568 720 6 0.0521 511 266 771 503 9 0.0520 389 353 762 531 12 0.0518 320 339 576 588 6 0.0518 645 280 881 509 10 0.0516 390 355 763 534 10 0.0511 372 409 629 654 9 0.0511 316 341 571 580 5 0.0508 369 528 628 776 11 0.0507 503 272 769 500 6 0.0506 321 595 581 841 6 0.0504 183 336 431 584 2 0.0503 417 409 775 591 13 0.0503 574 277 835 506 9 0.0502 370 405 629 646 11 0.0501 696 346 944 568 2 0.0501 571 345 830 579
KsFBFBGMZ7SoMq6tga7uulghDBnPQItB,11 0.0663 257 343 522 567 11 0.0662 372 391 628 635 8 0.0657 310 395 558 636 8 0.0656 192 407 448 639 8 0.0626 380 331 626 566 0 0.0625 249 400 516 637 8 0.0605 441 385 686 636 7 0.0601 261 340 520 566 5 0.0600 180 402 450 635 11 0.0600 136 340 400 578 8 0.0596 371 458 615 697 3 0.0595 444 323 694 575 5 0.0594 253 333 519 565 11 0.0594 435 329 701 566 3 0.0592 264 342 517 575 3 0.0592 382 388 628 644 6 0.0584 190 403 460 639 0 0.0581 632 458 903 709 8 0.0581 509 449 752 703 8 0.0580 437 262 690 499 11 0.0578 504 391 764 640 3 0.0578 513 389 765 651 5 0.0577 508 146 764 396 5 0.0577 503 383 761 646 7 0.0575 379 388 632 635 0 0.0574 305 333 571 569 13 0.0573 308 397 572 638 6 0.0572 262 339 521 568 0 0.0572 137 341 398 581 5 0.0572 575 335 831 585 7 0.0572 143 337 409 577 8 0.0568 512 329 767 579 0 0.0562 511 455 758 705 5 0.0562 432 321 693 567 0 0.0562 511 153 764 400 11 0.0561 577 344 839 579 8 0.0559 432 73 681 309 11 0.0558 291 470 567 695 11 0.0558 576 454 831 701 6 0.0556 585 339 836 581 5 0.0556 572 449 828 702 0 0.0555 634 334 905 589 7 0.0555 576 395 834 644 11 0.0554 513 154 764 393 11 0.0553 174 474 439 709 0 0.0553 571 395 826 641 2 0.0552 439 332 689 572 3 0.0552 519 153 763 403 3 0.0552 584 341 835 592 0 0.0548 637 214 910 472 8 0.0547 184 529 433 774 8 0.0546 639 462 892 706 7 0.0546 636 458 907 711 13 0.0544 191 406 460 638 0 0.0542 514 273 767 529 5 0.0541 424 68 689 308 8 0.0540 312 535 562 770 7 0.0540 242 460 510 703 3 0.0539 584 456 836 710 0 0.0539 179 475 437 709 7 0.0538 517 453 764 706 0 0.0535 377 388 626 638 10 0.0535 376 392 628 638 7 0.0535 443 323 699 570 13 0.0533 510 393 767 646 5 0.0533 360 447 620 692 5 0.0531 629 266 899 523 3 0.0531 299 466 567 705 13 0.0530 442 328 700 571 6 0.0530 380 330 639 566 6 0.0530 442 387 697 635 6 0.0526 368 459 624 694
TcahZQXhOF3eJJREwPAYfw5fSRS92cLO,11 0.0616 323 334 567 559 11 0.0612 177 349 434 570 0 0.0604 340 151 565 377 11 0.0596 241 400 504 636 11 0.0595 101 464 369 692 7 0.0594 186 342 430 573 0 0.0592 391 92 636 312 0 0.0590 53 410 322 635 6 0.0585 58 409 326 629 7 0.0579 246 394 503 638 8 0.0575 105 458 357 692 8 0.0574 177 400 416 637 11 0.0573 255 278 496 494 5 0.0572 685 352 962 573 8 0.0568 104 352 359 563 7 0.0568 259 272 496 498 8 0.0567 323 336 558 560 0 0.0567 268 214 510 449 3 0.0561 177 402 423 643 5 0.0561 47 405 313 631 7 0.0560 326 333 568 565 11 0.0557 334 214 567 438 11 0.0557 0 426 253 642 11 0.0555 385 154 635 374 8 0.0554 456 159 696 378 5 0.0552 171 343 422 566 13 0.0552 106 355 377 561 5 0.0551 240 393 500 634 8 0.0551 336 215 556 439 11 0.0549 457 14 714 239 10 0.0548 327 273 566 500 5 0.0546 276 348 637 537 5 0.0545 250 270 488 494 13 0.0545 108 463 376 696 5 0.0542 326 206 563 439 0 0.0541 280 351 638 541 7 0.0539 62 465 318 703 8 0.0534 337 98 568 335 8 0.0532 194 287 434 517 5 0.0531 378 150 629 371 0 0.0531 181 345 426 572 6 0.0528 260 279 497 494 13 0.0527 330 271 573 505 6 0.0526 703 360 966 573 6 0.0526 180 403 430 632 5 0.0526 687 203 953 439 10 0.0524 388 161 636 369 13 0.0523 256 339 501 563 6 0.0521 340 212 569 439 13 0.0520 180 406 433 639 3 0.0518 467 157 700 383 11 0.0513 631 342 899 564 3 0.0512 196 290 440 525 7 0.0510 338 211 569 443 10 0.0510 246 405 501 632 5 0.0509 508 162 762 372 3 0.0508 338 95 580 339 3 0.0507 338 213 568 446 7 0.0507 338 94 581 333 0 0.0504 460 160 699 376 0 0.0502 528 224 770 440 6 0.0502 342 98 585 331 2 0.0501 2 427 249 639 7 0.0501 691 205 955 441
3qPWPTZTK1BXcI4AZKjEEi29NMKpBLWN,11 0.0600 442 406 696 632 11 0.0576 238 389 502 628 8 0.0570 442 401 689 635 3 0.0557 248 388 500 637 7 0.0555 447 400 697 635 0 0.0544 441 402 696 636 8 0.0538 247 385 491 633 0 0.0525 244 387 502 637 3 0.0519 448 403 696 641 7 0.0518 245 443 507 692 10 0.0502 442 405 695 633 7 0.0500 180 748 424 956
0ATsRjaBEIx6I3ihZ5KQJvKybet7gSxa,11 0.0560 387 334 648 559 5 0.0553 505 210 751 436 0 0.0545 507 218 756 439 11 0.0534 501 216 758 436 8 0.0530 389 335 640 565 5 0.0527 381 331 640 562 8 0.0522 112 395 363 641 8 0.0517 510 215 751 440 0 0.0515 510 347 755 554 0 0.0515 387 336 645 564 11 0.0501 112 401 379 636
S1T8rvdaCZ00Xd2A1UxXJNTD0MupUWDX,5 0.0636 384 0 643 249 13 0.0626 280 1 644 159 5 0.0590 438 65 711 315 11 0.0583 382 4 647 246 3 0.0580 393 4 645 259 2 0.0572 270 1 631 156 11 0.0561 436 69 714 313 6 0.0543 392 2 652 249 11 0.0542 169 337 449 572 0 0.0540 265 0 633 157 7 0.0539 276 2 641 157 8 0.0539 390 4 639 251 0 0.0534 438 73 713 317 3 0.0528 450 74 713 326 5 0.0527 260 0 512 238 8 0.0517 443 74 708 319 6 0.0514 450 72 721 316 11 0.0506 451 212 714 443 10 0.0503 271 2 633 158 7 0.0502 458 208 717 450 13 0.0501 449 72 720 317 11 0.0500 576 61 843 292
qyMhHUOK1qn5YloMvNvJbtWcNT6En87a,5 0.0648 311 780 562 1019 5 0.0644 184 781 435 1020 11 0.0633 184 784 442 1022 7 0.0629 317 781 568 1023 8 0.0626 132 788 383 1021 11 0.0621 312 785 565 1019 7 0.0611 190 784 443 1023 8 0.0608 205 863 564 1022 8 0.0606 192 714 437 948 6 0.0598 317 788 567 1023 0 0.0594 379 783 632 1023 8 0.0588 382 781 626 1023 10 0.0580 314 788 566 1021 3 0.0562 382 785 633 1023 6 0.0561 191 789 446 1023 2 0.0559 316 786 567 1023 13 0.0556 318 786 571 1023 0 0.0555 191 715 441 950 0 0.0545 129 792 390 1020 0 0.0543 202 865 573 1023 9 0.0532 198 868 572 1021 9 0.0531 377 787 630 1021 13 0.0529 129 793 400 1022 10 0.0525 144 800 508 973 9 0.0519 148 797 510 972 3 0.0510 154 797 509 979
eALZ1smKguwiDybQ6bUr3MVLLIXB5bMT,8 0.0609 571 202 812 442 11 0.0584 436 595 699 824 6 0.0580 584 149 833 399 11 0.0571 565 454 830 686 8 0.0569 448 202 686 427 11 0.0562 572 275 826 501 0 0.0556 572 201 822 445 7 0.0556 449 196 695 431 5 0.0548 558 331 824 566 11 0.0544 577 148 830 402 11 0.0540 309 669 575 896 0 0.0538 320 592 576 838 11 0.0535 507 524 767 749 8 0.0534 564 333 816 566 7 0.0526 573 201 823 444 5 0.0524 567 198 818 443 3 0.0521 580 270 822 509 13 0.0520 571 205 829 447 7 0.0519 619 292 796 643 8 0.0518 569 451 815 689 0 0.0518 449 203 697 429 5 0.0514 445 194 690 425 13 0.0513 508 448 765 684 8 0.0513 521 139 761 374 0 0.0512 0 611 303 803 10 0.0511 581 149 828 402 13 0.0509 568 334 836 568 6 0.0509 579 273 828 503 0 0.0507 565 333 826 569 11 0.0506 445 203 696 427 8 0.0506 323 146 566 370 8 0.0505 508 525 754 751 7 0.0504 322 139 579 369 8 0.0504 324 663 569 896 11 0.0504 316 145 576 368 6 0.0503 452 205 699 426 10 0.0500 578 275 822 503 0 0.0500 435 594 700 825
3WFfn8plIkFMrrQg27GEXVlGHfHxwcbq,11 0.0553 310 720 579 951 11 0.0549 248 779 502 1008 0 0.0537 696 1 945 202 0 0.0533 0 597 153 964 8 0.0529 0 587 145 963 0 0.0512 309 712 581 955 8 0.0510 699 0 937 200 11 0.0509 507 518 758 745 8 0.0501 253 773 497 1010
idDER4Ru86brjhaxycUEbYKnFPoRyFGE,5 0.0625 373 124 638 368 11 0.0622 443 144 706 371 0 0.0608 311 332 573 578 11 0.0603 309 337 577 573 5 0.0602 504 204 767 447 5 0.0597 310 193 575 440 11 0.0594 184 340 446 578 5 0.0585 501 342 754 576 7 0.0583 318 268 581 508 3 0.0582 389 182 645 436 6 0.0576 252 335 507 575 6 0.0572 515 133 776 368 5 0.0572 305 332 571 572 6 0.0570 320 269 586 510 11 0.0568 247 267 517 505 8 0.0566 385 186 635 431 0 0.0566 317 198 574 446 11 0.0565 565 151 832 379 11 0.0563 313 145 573 376 8 0.0561 512 405 757 648 0 0.0558 381 131 644 370 3 0.0556 318 269 579 515 11 0.0552 507 349 760 575 0 0.0552 509 346 755 580 11 0.0550 506 210 772 447 13 0.0549 312 336 581 580 8 0.0548 191 397 441 647 8 0.0547 392 332 642 572 0 0.0545 254 269 514 510 13 0.0544 389 187 650 428 3 0.0544 510 347 756 587 8 0.0542 511 210 764 451 13 0.0541 517 134 783 371 5 0.0540 240 394 501 635 7 0.0540 251 331 507 573 7 0.0539 388 133 648 377 3 0.0539 515 207 771 458 8 0.0538 248 333 495 575 5 0.0537 246 262 512 504 6 0.0536 195 402 451 645 7 0.0533 395 332 654 576 10 0.0533 314 148 574 379 0 0.0533 510 132 770 373 2 0.0530 444 146 706 372 8 0.0529 562 291 821 516 0 0.0528 248 398 504 639 6 0.0526 517 285 778 514 6 0.0525 388 185 651 431 10 0.0524 311 339 576 575 7 0.0523 387 777 624 1018 6 0.0521 393 334 655 572 3 0.0521 392 332 649 580 10 0.0515 244 404 503 636 5 0.0515 563 144 828 378 2 0.0514 511 353 757 578 13 0.0514 192 339 450 588 2 0.0513 509 213 773 449 8 0.0513 568 147 820 380 3 0.0513 246 336 506 580 8 0.0512 318 272 570 509 0 0.0511 246 142 505 383 6 0.0510 257 206 511 455 0 0.0509 523 478 763 723 10 0.0509 442 144 708 372 8 0.0509 251 206 498 453 5 0.0508 555 287 826 511 7 0.0506 512 591 760 848 7 0.0504 197 399 450 644 6 0.0504 570 221 834 447 3 0.0504 255 206 507 456 9 0.0502 378 260 642 489 10 0.0502 253 272 513 508
xTZ0eSfSSF2gIsWT1ITUIqNdjs2I7Qcw,11 0.0624 260 209 522 447 11 0.0615 402 213 657 455 11 0.0604 118 349 388 587 5 0.0604 312 0 569 228 5 0.0601 155 279 516 464 3 0.0588 263 209 521 459 8 0.0587 119 343 378 591 3 0.0586 408 210 656 466 5 0.0585 426 0 709 183 11 0.0577 246 589 504 827 8 0.0577 230 214 578 399 5 0.0575 189 327 444 580 7 0.0571 168 283 521 467 8 0.0569 265 68 517 301 7 0.0565 194 327 449 584 11 0.0563 187 138 452 382 13 0.0560 187 5 441 239 6 0.0558 230 283 593 472 8 0.0549 326 2 569 230 5 0.0548 253 61 518 294 13 0.0547 227 283 598 472 8 0.0544 167 285 506 466 5 0.0544 184 0 425 234 0 0.0544 262 63 527 300 0 0.0536 234 650 501 896 3 0.0535 190 334 446 590 7 0.0533 328 207 588 451 6 0.0532 187 396 445 643 6 0.0532 192 135 456 387 10 0.0531 265 211 521 448 8 0.0531 240 651 493 896 8 0.0528 192 3 427 241 5 0.0526 314 204 579 440 0 0.0526 193 334 446 583 8 0.0526 450 81 702 309 11 0.0525 396 70 660 297 10 0.0524 184 399 440 642 8 0.0522 394 206 646 456 0 0.0520 262 204 519 450 13 0.0520 187 397 448 644 7 0.0519 137 147 390 394 11 0.0519 431 597 695 828 7 0.0519 308 591 566 827 11 0.0516 259 63 529 297 13 0.0512 241 647 508 897 0 0.0510 189 134 450 388 5 0.0509 389 70 655 295 11 0.0508 491 19 765 244 10 0.0508 401 212 657 453 6 0.0506 304 596 559 827 11 0.0505 534 229 775 454 11 0.0505 182 4 437 236 3 0.0503 404 74 659 309 13 0.0502 402 211 668 451 3 0.0501 443 594 694 839 6 0.0501 341 128 602 361
zVP5DxsJxdQor2J2BMATlMF3M7g7dXRM,11 0.0576 382 524 644 764 5 0.0559 694 13 942 252 8 0.0545 529 597 764 828 0 0.0545 698 19 944 259 7 0.0537 389 519 654 765 8 0.0526 384 523 637 768 5 0.0523 520 594 771 828 11 0.0523 518 538 776 757 11 0.0523 255 403 522 634 0 0.0518 246 280 511 503 0 0.0511 384 525 650 770 5 0.0510 443 526 711 763 11 0.0504 245 282 517 496 3 0.0502 400 460 639 711 0 0.0501 531 597 776 832 0 0.0501 313 151 580 401
BbLWehpKvAKHYV8eV191uHWHsJ06jgPe,7 0.0649 323 711 569 953 0 0.0613 321 713 567 953 11 0.0613 312 661 569 896 5 0.0602 259 708 505 951 6 0.0588 323 715 570 952 10 0.0586 262 716 506 951 8 0.0564 383 661 627 896 2 0.0536 322 717 568 954 13 0.0529 267 714 516 954 3 0.0527 325 710 564 957 11 0.0518 378 599 633 823
1Lv2dAu1Xsr96jxn1A3fCEREyGyI42je,11 0.0663 138 671 507 842 11 0.0646 301 600 562 828 0 0.0645 2 688 302 862 8 0.0638 145 671 499 844 0 0.0626 187 657 447 898 8 0.0616 1 687 293 863 11 0.0615 0 690 305 859 7 0.0607 257 661 505 900 5 0.0601 193 710 439 957 10 0.0601 0 691 302 859 8 0.0595 198 713 438 956 10 0.0592 140 672 505 842 11 0.0591 362 666 629 896 7 0.0590 380 606 628 831 8 0.0588 307 601 555 833 0 0.0587 121 592 387 832 7 0.0586 7 688 309 858 5 0.0585 136 667 500 842 0 0.0581 301 599 559 835 5 0.0569 0 686 301 857 13 0.0566 4 687 312 860 11 0.0563 257 788 500 1021 6 0.0560 191 663 452 893 7 0.0551 131 590 392 824 6 0.0550 0 690 307 861 8 0.0544 364 666 624 901 3 0.0543 5 689 303 865 8 0.0538 259 780 493 1022 0 0.0536 259 786 499 1023 5 0.0535 367 605 619 837 13 0.0533 148 671 515 847 10 0.0532 196 718 444 958 5 0.0530 254 780 496 1019 6 0.0528 259 714 510 961 7 0.0524 260 784 503 1023 11 0.0524 258 452 506 667 8 0.0521 263 451 496 669 10 0.0520 302 600 560 831 3 0.0517 148 669 504 849 0 0.0517 261 452 504 669 13 0.0515 262 783 508 1023 12 0.0511 2 688 305 862 2 0.0507 0 692 303 865 6 0.0506 373 611 627 837 5 0.0501 749 587 1000 832
N71IPKb7ZgicvDXCvXtwDTVgNbnZqKKx,11 0.0616 358 601 645 832 11 0.0616 485 614 769 832 11 0.0604 434 731 702 963 0 0.0596 483 614 769 837 13 0.0592 445 730 703 966 0 0.0588 492 731 758 959 8 0.0586 225 795 478 1023 8 0.0582 433 602 696 828 0 0.0576 260 327 503 572 11 0.0575 294 717 564 951 7 0.0573 442 728 703 964 11 0.0573 221 793 487 1018 5 0.0568 431 726 696 961 3 0.0566 498 729 758 959 7 0.0558 372 660 638 898 8 0.0555 369 662 631 897 0 0.0554 360 600 643 838 8 0.0546 495 731 752 958 10 0.0544 440 672 709 897 11 0.0542 372 478 648 708 11 0.0541 255 328 505 564 0 0.0538 384 402 640 646 6 0.0537 433 605 708 828 13 0.0536 437 605 706 830 0 0.0535 126 1 378 228 6 0.0535 442 728 702 963 13 0.0532 375 662 639 903 11 0.0527 440 403 700 643 2 0.0524 440 731 699 965 7 0.0522 433 603 706 830 5 0.0520 50 0 321 224 11 0.0519 573 328 840 575 3 0.0516 489 611 767 838 3 0.0516 362 601 640 841 0 0.0516 81 186 334 411 10 0.0515 56 5 317 227 5 0.0515 477 610 764 832 11 0.0515 116 4 378 218 13 0.0513 443 475 707 710 0 0.0513 226 791 488 1023 13 0.0513 387 403 642 646 6 0.0512 65 1 326 226 3 0.0511 379 476 649 716 5 0.0509 364 657 632 895 6 0.0509 231 798 490 1021 5 0.0508 224 792 485 1018 6 0.0508 204 286 462 526 7 0.0507 311 592 579 819 6 0.0506 372 663 639 897 5 0.0505 255 322 502 564 8 0.0505 0 35 241 287 13 0.0502 203 285 460 526 8 0.0502 300 720 552 952 7 0.0501 302 719 565 951
YlijxdKbVHpTH91uDjauWq9G0RhWfc50,5 0.0597 503 131 771 380 11 0.0584 436 143 703 381 3 0.0572 511 136 774 391 5 0.0567 439 404 695 641 11 0.0566 361 80 636 309 11 0.0563 577 141 833 376 7 0.0560 307 132 572 376 10 0.0560 243 129 499 371 7 0.0556 301 780 568 1007 11 0.0556 240 75 499 310 10 0.0555 441 143 706 383 11 0.0552 297 784 565 1005 8 0.0551 442 79 697 317 5 0.0550 357 774 616 1016 11 0.0549 300 135 569 374 0 0.0547 365 76 635 310 11 0.0546 504 212 777 454 6 0.0543 382 459 644 699 5 0.0542 572 340 826 579 8 0.0541 503 137 762 384 11 0.0540 389 589 645 828 3 0.0539 372 133 633 380 5 0.0539 575 192 832 439 8 0.0538 444 406 697 641 7 0.0538 447 73 708 320 5 0.0537 236 176 482 428 10 0.0537 368 84 636 308 8 0.0535 396 586 635 831 8 0.0535 308 135 561 374 0 0.0534 302 133 568 377 0 0.0528 360 784 623 1015 5 0.0528 364 125 631 373 7 0.0526 386 456 644 700 5 0.0525 437 70 700 317 0 0.0522 440 470 704 714 13 0.0522 374 133 638 376 13 0.0522 313 71 572 316 11 0.0521 377 458 641 697 8 0.0520 125 142 379 376 13 0.0520 515 209 777 456 6 0.0517 246 182 488 430 3 0.0516 584 195 836 454 0 0.0516 241 184 487 430 2 0.0514 369 140 631 375 8 0.0514 299 780 556 1005 13 0.0514 186 131 458 388 7 0.0514 247 67 501 309 6 0.0513 443 138 705 383 5 0.0513 167 250 434 502 7 0.0512 187 129 450 383 5 0.0511 392 583 641 832 8 0.0511 241 182 480 430 3 0.0511 448 411 702 651 7 0.0510 510 135 772 384 0 0.0510 502 353 765 585 11 0.0507 174 136 451 380 9 0.0506 434 141 706 375 11 0.0505 315 654 581 885 10 0.0503 511 212 773 452 3 0.0502 245 123 500 378 6 0.0502 310 131 572 376 8 0.0502 579 196 824 448 13 0.0501 398 591 649 834 13 0.0501 589 275 844 521
d5RSlusXFzk5Yvqh82Dw0vTIXmwe2HS7,0 0.0587 321 274 568 512 8 0.0581 260 269 491 507 0 0.0573 446 337 703 582 0 0.0566 373 393 638 639 13 0.0565 249 201 513 442 11 0.0564 441 274 707 508 6 0.0560 450 337 711 582 8 0.0559 445 331 699 582 11 0.0559 258 269 504 501 7 0.0558 450 335 707 585 6 0.0554 376 395 646 638 5 0.0553 513 390 751 634 11 0.0551 315 338 575 569 5 0.0549 368 389 635 633 0 0.0547 250 203 502 440 5 0.0547 314 269 564 506 6 0.0541 321 336 575 572 8 0.0540 373 391 633 637 11 0.0540 516 400 760 629 10 0.0539 260 273 496 506 3 0.0536 447 334 705 586 11 0.0535 454 455 693 693 0 0.0535 375 217 635 435 8 0.0534 15 482 360 668 11 0.0531 247 139 513 378 5 0.0531 627 0 894 192 8 0.0530 455 449 689 695 6 0.0529 265 269 503 506 8 0.0524 637 0 894 193 13 0.0524 449 335 712 581 5 0.0522 194 257 447 505 8 0.0520 317 335 560 573 8 0.0520 571 36 819 261 0 0.0520 453 449 691 697 0 0.0518 635 2 905 195 6 0.0518 386 271 644 509 5 0.0517 512 271 765 509 13 0.0516 520 401 762 637 7 0.0514 387 268 644 512 11 0.0514 320 212 579 436 3 0.0512 372 393 642 641 5 0.0510 245 132 506 382 5 0.0510 750 0 1012 194 6 0.0510 526 398 766 636 6 0.0510 632 4 909 193 6 0.0507 458 450 698 695 8 0.0507 435 226 689 452 6 0.0506 325 212 576 442 2 0.0506 201 265 452 505 6 0.0506 254 140 516 380 7 0.0503 265 267 503 508 11 0.0503 287 865 651 1023 11 0.0503 188 328 450 571 11 0.0503 516 218 769 436 3 0.0501 261 271 501 514 2 0.0501 443 285 707 513
jxrjUCqmTtZSPlN917XpqP1VpSJjSm97,11 0.0598 307 522 584 752 0 0.0579 316 521 584 757 5 0.0578 106 480 382 716 8 0.0578 517 343 765 573 0 0.0575 315 275 565 511 0 0.0575 66 420 434 603 5 0.0570 58 420 425 596 13 0.0560 321 274 577 505 0 0.0560 582 359 832 588 8 0.0559 307 584 559 821 11 0.0552 375 344 640 568 0 0.0552 379 340 638 577 6 0.0545 68 420 442 599 11 0.0544 515 347 772 571 6 0.0541 451 340 713 563 5 0.0540 576 357 829 582 7 0.0540 519 344 775 572 6 0.0540 114 474 390 720 8 0.0538 111 479 377 721 11 0.0533 452 283 707 503 11 0.0528 317 279 572 502 7 0.0528 380 340 641 573 11 0.0527 113 484 383 717 6 0.0522 590 356 839 584 3 0.0521 453 341 711 571 0 0.0518 111 479 381 725 8 0.0518 379 340 630 572 8 0.0517 67 422 422 599 7 0.0517 318 518 591 755 0 0.0514 507 272 774 509 3 0.0509 388 270 653 510 5 0.0505 445 336 706 563 8 0.0505 317 275 561 508 8 0.0504 446 274 701 509 5 0.0503 309 269 567 503 10 0.0503 374 348 638 569 7 0.0502 73 420 442 599 3 0.0502 587 358 832 589 7 0.0502 114 477 384 721 11 0.0502 67 424 435 596 10 0.0502 319 282 568 501 13 0.0501 381 342 645 574
26cykMScHOhc8wI6gJo5WWpqabMNfu3z,11 0.0615 376 531 637 766 11 0.0613 385 409 645 647 0 0.0606 444 541 702 772 5 0.0601 628 397 898 638 0 0.0594 502 715 763 960 11 0.0584 306 470 570 707 0 0.0583 527 540 891 721 11 0.0582 500 716 758 958 8 0.0576 506 712 753 962 0 0.0576 570 412 833 643 8 0.0568 444 538 694 772 11 0.0566 505 415 762 642 8 0.0562 529 539 881 721 0 0.0558 342 666 702 860 3 0.0555 453 481 707 714 11 0.0555 372 707 619 941 5 0.0554 502 410 761 638 13 0.0554 316 526 579 781 5 0.0552 525 536 886 720 11 0.0548 313 593 582 832 0 0.0548 452 421 705 638 7 0.0544 537 538 896 722 6 0.0542 642 400 904 639 0 0.0541 312 525 575 777 8 0.0539 343 669 689 858 11 0.0538 633 402 900 640 7 0.0536 451 480 711 710 5 0.0533 502 711 757 956 8 0.0533 317 527 564 778 2 0.0532 577 415 832 639 7 0.0530 450 708 692 942 5 0.0530 439 537 697 768 11 0.0528 526 537 887 720 8 0.0527 576 408 825 640 11 0.0526 244 409 498 651 7 0.0521 383 529 643 771 5 0.0521 374 466 633 710 13 0.0519 383 468 644 712 13 0.0519 577 411 837 644 3 0.0518 394 408 643 654 3 0.0518 580 410 831 646 6 0.0517 536 539 896 720 0 0.0516 246 409 496 656 8 0.0515 382 472 630 711 0 0.0515 383 472 640 711 8 0.0509 236 477 487 715 3 0.0509 353 670 702 861 3 0.0509 539 540 889 726 10 0.0508 315 532 572 777 6 0.0505 511 715 765 962 10 0.0503 380 474 639 709 8 0.0503 323 8 582 253 5 0.0502 696 343 965 571 6 0.0501 450 418 712 637
E1uVFwPepn9Jrgx1KTKiRmE6ZNiP97Qh,8 0.0625 176 522 426 770 0 0.0572 175 521 430 774 7 0.0570 128 512 386 767 8 0.0566 750 425 1016 605 11 0.0565 240 458 503 693 6 0.0552 759 422 1023 611 11 0.0546 172 525 433 769 5 0.0541 747 420 1016 607 8 0.0541 246 459 496 695 0 0.0540 244 455 502 698 8 0.0539 247 587 487 819 7 0.0539 185 658 436 898 0 0.0538 247 647 503 886 11 0.0536 179 662 435 897 11 0.0535 754 424 1023 607 11 0.0534 318 343 566 572 11 0.0528 563 159 834 390 5 0.0526 320 336 564 568 3 0.0525 177 527 431 779 8 0.0525 181 659 424 899 5 0.0524 176 454 438 705 13 0.0523 183 459 446 711 10 0.0518 177 667 432 898 7 0.0517 244 509 498 752 3 0.0517 249 460 504 700 7 0.0515 328 341 572 576 10 0.0514 175 531 432 769 11 0.0513 240 587 498 820 3 0.0513 328 342 567 580 0 0.0505 323 339 567 574 6 0.0505 323 344 570 570 0 0.0504 755 424 1023 612 10 0.0503 324 343 574 573 6 0.0500 185 461 446 707 5 0.0500 173 654 436 896
GsTawQxuMIfc85dsdTe9AftJszOy1yd3,0 0.0623 332 334 586 584 8 0.0607 122 541 381 775 11 0.0600 331 337 587 580 8 0.0595 332 335 581 578 5 0.0589 121 537 383 772 7 0.0579 332 336 591 582 0 0.0576 326 674 575 914 5 0.0569 324 331 580 578 7 0.0569 124 541 390 776 6 0.0567 123 544 392 773 0 0.0558 122 541 388 776 6 0.0544 332 339 593 581 3 0.0542 335 336 590 586 8 0.0542 330 675 567 911 11 0.0537 120 544 388 773 10 0.0533 125 543 387 774 11 0.0526 324 740 569 966 13 0.0513 126 545 393 779 2 0.0508 125 548 386 776 5 0.0506 321 731 564 967 9 0.0502 326 337 584 573 2 0.0501 333 341 589 580 13 0.0501 334 337 594 582
vL8xsusFBjMDvZNA6dnW668qkManbc4G,0 0.0603 316 206 584 444 0 0.0595 249 261 507 493 0 0.0555 256 135 514 378 8 0.0549 633 475 888 698 0 0.0545 633 474 898 700 6 0.0535 323 203 589 443 8 0.0534 316 202 577 443 0 0.0534 438 394 694 634 11 0.0533 630 477 894 702 11 0.0528 319 155 585 388 5 0.0528 240 332 500 565 11 0.0523 244 342 501 569 5 0.0520 625 473 892 699 7 0.0519 327 152 588 392 8 0.0518 441 386 688 631 13 0.0516 635 476 904 703 11 0.0514 313 406 568 626 3 0.0513 319 202 588 449 8 0.0513 253 259 501 490 6 0.0511 633 472 898 701 10 0.0506 247 347 503 567 7 0.0506 635 476 900 702 11 0.0506 442 399 696 629 7 0.0504 249 406 498 630 6 0.0504 266 130 519 373 6 0.0501 255 262 511 490
ic0Mh2OrAVuse8ujzfVzhFVuMEt1gE9S,0 0.0619 60 494 316 719 11 0.0591 60 493 319 710 0 0.0589 382 593 626 832 5 0.0587 378 586 626 829 0 0.0586 591 525 838 780 8 0.0580 578 402 814 643 11 0.0574 380 595 629 829 8 0.0565 62 491 309 715 7 0.0561 65 491 320 718 5 0.0560 572 399 820 640 8 0.0553 381 595 622 832 6 0.0541 383 593 632 830 8 0.0539 593 528 831 776 7 0.0536 386 593 633 831 9 0.0536 379 592 628 825 5 0.0532 57 488 315 714 11 0.0527 586 528 838 772 5 0.0526 298 477 557 712 10 0.0522 381 596 628 828 6 0.0522 106 439 282 824 3 0.0521 384 595 628 834 13 0.0518 386 592 635 832 2 0.0512 367 486 629 708 2 0.0511 382 596 629 829 6 0.0511 593 527 839 774 3 0.0509 68 496 318 722 11 0.0507 365 485 627 708 0 0.0507 364 482 626 712 0 0.0506 580 404 826 643 10 0.0505 586 531 838 774 7 0.0504 444 345 698 590
0reZ1RMBKSi0Q5hQOfjEMnhDIOYXkWRU,0 0.0617 309 601 570 830 5 0.0600 367 186 645 415 11 0.0596 374 794 625 1019 11 0.0578 306 662 565 894 7 0.0577 200 653 453 893 7 0.0575 378 791 632 1021 7 0.0572 304 724 562 969 8 0.0572 300 716 548 971 5 0.0572 305 647 556 898 5 0.0559 306 254 576 481 5 0.0559 367 781 618 1016 0 0.0551 247 191 507 426 0 0.0544 304 716 561 970 6 0.0539 320 262 590 484 0 0.0538 315 262 580 486 8 0.0525 313 599 563 828 8 0.0525 372 792 617 1023 11 0.0524 235 727 501 960 8 0.0520 183 727 439 958 2 0.0520 315 608 572 827 8 0.0518 382 404 626 644 0 0.0517 374 792 628 1023 11 0.0515 378 536 630 764 10 0.0514 307 664 562 901 11 0.0512 373 196 644 418 5 0.0511 244 185 501 418 0 0.0510 379 534 627 771 13 0.0507 306 787 564 1023 6 0.0506 316 604 577 825 0 0.0506 375 195 646 422 6 0.0503 307 791 560 1022 13 0.0503 314 602 578 825 13 0.0501 319 258 586 487
w3C1jLlEdVURCf2amQpXeG50Zl5fk6Sa,11 0.0646 183 395 445 649 11 0.0628 314 408 580 641 8 0.0604 183 465 428 725 5 0.0593 243 397 512 634 6 0.0589 250 403 519 638 7 0.0585 250 397 512 638 0 0.0582 186 395 447 652 8 0.0581 322 408 576 642 8 0.0574 107 588 352 833 8 0.0573 191 335 435 581 11 0.0572 108 587 359 828 7 0.0571 317 336 585 574 5 0.0570 179 461 439 720 3 0.0569 247 402 511 644 0 0.0565 108 584 359 831 7 0.0561 446 453 717 701 3 0.0559 316 340 582 582 7 0.0558 190 334 445 580 11 0.0558 371 472 648 709 8 0.0552 378 473 642 712 6 0.0551 181 463 441 723 13 0.0551 317 341 588 578 7 0.0550 183 461 439 723 10 0.0550 188 340 441 581 5 0.0546 306 335 584 571 3 0.0542 314 474 581 724 11 0.0541 559 520 835 758 6 0.0538 313 473 584 720 7 0.0536 113 581 362 834 7 0.0535 313 470 584 721 6 0.0535 196 339 446 580 0 0.0534 564 524 836 763 11 0.0534 172 519 429 780 3 0.0530 185 467 436 730 5 0.0529 183 332 440 574 0 0.0526 314 337 584 577 0 0.0524 444 457 711 700 6 0.0523 316 340 586 575 13 0.0520 251 401 517 638 10 0.0519 314 345 584 575 11 0.0516 186 261 442 496 11 0.0514 298 146 571 380 13 0.0512 184 466 444 722 5 0.0511 435 445 706 698 0 0.0509 180 524 431 782 8 0.0507 580 573 835 823 3 0.0504 570 520 833 772 10 0.0501 239 475 506 717
e8KwhPJVDJhbsbX8CiADU01CP3elVtip,5 0.0666 319 669 682 852 7 0.0659 200 612 572 791 11 0.0652 192 614 566 789 7 0.0651 261 674 627 857 8 0.0646 124 597 376 834 11 0.0644 254 676 621 855 0 0.0638 258 675 622 857 8 0.0630 260 674 615 855 0 0.0628 115 661 373 915 5 0.0621 237 648 497 904 0 0.0616 174 594 442 840 11 0.0615 646 661 889 889 8 0.0614 439 594 699 834 11 0.0614 504 658 766 893 7 0.0613 443 590 709 837 5 0.0610 501 652 762 891 7 0.0604 512 655 769 894 8 0.0604 506 656 760 894 10 0.0603 255 677 622 856 10 0.0598 172 598 439 837 8 0.0597 181 658 433 914 11 0.0595 110 663 372 911 6 0.0593 258 674 626 857 0 0.0593 437 596 707 836 6 0.0593 507 658 767 894 6 0.0592 176 596 443 839 8 0.0591 371 538 628 774 3 0.0588 259 675 624 859 7 0.0572 124 537 386 767 13 0.0566 261 674 628 857 10 0.0566 110 666 373 912 5 0.0565 366 533 634 769 3 0.0562 447 663 704 908 5 0.0562 113 657 366 912 13 0.0560 180 596 448 838 2 0.0559 329 673 686 853 6 0.0556 121 665 375 914 10 0.0553 443 667 705 902 8 0.0552 647 659 881 892 9 0.0552 322 672 686 852 1 0.0551 179 653 437 914 2 0.0549 507 660 767 892 11 0.0545 117 542 381 766 13 0.0545 120 662 378 913 9 0.0544 190 612 566 789 2 0.0543 177 600 438 840 13 0.0540 448 667 710 907 3 0.0539 183 659 438 919 1 0.0536 256 673 621 857 12 0.0535 256 673 625 858 3 0.0533 125 599 380 838 12 0.0532 509 654 767 893 0 0.0531 647 658 888 893 6 0.0531 307 533 569 763 1 0.0530 192 609 569 791 11 0.0526 0 292 269 501 7 0.0523 655 658 892 891 12 0.0522 177 595 443 839 13 0.0521 372 542 642 773 10 0.0520 580 665 837 891 13 0.0517 586 661 843 893 10 0.0517 111 544 378 767 0 0.0515 367 539 638 772 5 0.0513 644 654 885 892 3 0.0511 586 656 838 895 5 0.0509 114 536 378 767 4 0.0507 258 675 626 856 7 0.0507 118 663 374 915 1 0.0507 439 661 704 904
6CEikoDq6KehgpLBc48ZRpOwEMt9QEDN,8 0.0622 262 201 497 434 8 0.0602 364 334 624 569 11 0.0594 262 206 508 435 5 0.0577 137 0 509 150 5 0.0569 260 198 504 429 6 0.0566 268 202 508 435 7 0.0563 368 331 632 572 13 0.0560 366 331 633 572 0 0.0559 262 200 504 438 7 0.0555 265 199 509 430 5 0.0554 360 329 625 571 11 0.0553 248 4 514 250 11 0.0551 362 335 631 566 6 0.0548 146 0 516 150 0 0.0538 362 331 632 574 3 0.0538 363 338 629 574 6 0.0537 275 73 520 317 13 0.0532 260 132 511 372 0 0.0532 260 0 511 251 13 0.0531 258 1 519 256 8 0.0531 258 1 507 249 3 0.0528 265 206 505 442 11 0.0528 232 391 504 636 5 0.0527 229 382 505 637 6 0.0526 368 334 631 571 10 0.0522 361 337 629 570 10 0.0517 143 3 512 150 3 0.0512 259 0 516 257 11 0.0511 245 531 502 756 11 0.0511 318 603 562 829 11 0.0508 186 130 444 376 7 0.0507 260 1 516 251 10 0.0507 266 208 507 432 5 0.0503 192 59 451 307 7 0.0502 256 598 509 834
MYDxIXpbZk5U4ASqbsYmFbkuNEOWM3Oi,8 0.0603 383 261 621 511 13 0.0578 386 267 633 513 8 0.0566 437 329 687 574 6 0.0566 387 265 631 512 7 0.0552 387 265 626 516 5 0.0551 374 194 631 446 0 0.0549 383 266 627 512 8 0.0548 749 660 996 886 13 0.0541 438 198 696 437 0 0.0539 436 197 684 438 11 0.0538 378 201 637 442 2 0.0533 384 205 635 446 11 0.0532 505 208 749 432 11 0.0531 438 329 693 574 3 0.0524 443 264 681 513 7 0.0510 439 198 687 438 8 0.0507 433 195 680 437 6 0.0505 445 331 697 574 13 0.0503 508 284 759 519 11 0.0502 319 397 584 626
y6SvaMEmVrPvnHNpiTqFXrf5YaDosQFc,11 0.0689 518 459 763 692 11 0.0660 449 395 697 633 5 0.0659 437 670 702 907 8 0.0655 529 394 762 629 5 0.0652 377 322 626 569 5 0.0652 444 389 692 632 7 0.0642 507 533 754 761 11 0.0641 439 679 707 907 5 0.0638 496 528 748 757 3 0.0632 507 531 754 767 3 0.0631 444 674 707 915 8 0.0623 449 317 691 565 7 0.0619 436 605 690 834 11 0.0618 380 323 630 567 11 0.0614 305 273 563 508 0 0.0613 452 323 698 569 5 0.0609 369 446 601 685 7 0.0607 451 394 703 634 11 0.0606 369 453 608 688 6 0.0605 436 609 694 831 5 0.0596 306 270 557 509 11 0.0594 582 545 836 779 8 0.0594 444 451 677 681 8 0.0588 499 532 746 759 8 0.0582 439 673 702 912 11 0.0581 525 336 773 565 5 0.0580 519 334 766 565 11 0.0574 372 205 640 431 7 0.0571 385 322 636 568 7 0.0570 373 453 609 684 8 0.0570 310 324 558 575 11 0.0568 307 613 557 825 7 0.0566 310 609 558 819 3 0.0566 374 610 617 838 11 0.0565 190 601 459 824 3 0.0565 456 393 697 637 7 0.0565 532 335 776 566 0 0.0562 385 397 627 633 2 0.0560 457 328 699 566 5 0.0560 436 199 694 423 10 0.0558 452 398 697 635 13 0.0558 310 276 571 515 13 0.0558 385 322 638 571 0 0.0557 442 672 705 909 13 0.0557 447 458 690 689 6 0.0556 502 534 757 757 6 0.0556 451 323 703 566 2 0.0555 388 399 632 634 3 0.0554 390 272 633 519 6 0.0551 313 390 555 637 6 0.0550 444 456 692 682 0 0.0546 313 322 564 575 7 0.0541 382 725 641 965 0 0.0540 245 663 508 888 0 0.0539 520 457 764 694 13 0.0537 251 600 512 811 12 0.0532 444 672 709 906 10 0.0530 309 331 563 577 13 0.0530 532 397 771 635 10 0.0530 443 679 706 902 13 0.0529 375 613 623 832 3 0.0528 375 455 607 694 0 0.0526 579 541 840 784 1 0.0526 443 388 697 633 10 0.0525 521 462 762 691 13 0.0525 506 536 756 763 8 0.0523 308 605 551 826
y9etybiCclhZDGZqfXzfQi92YBOyQuOQ,5 0.0579 385 455 649 703 0 0.0575 397 409 659 658 7 0.0563 398 407 662 652 11 0.0556 401 411 657 649 5 0.0526 326 337 590 580 0 0.0521 334 340 595 589 11 0.0517 382 299 647 515 3 0.0514 407 410 661 658 3 0.0513 386 295 655 523 7 0.0511 380 292 656 521 10 0.0502 396 416 662 648 2 0.0501 391 469 654 709
udCeRXzvQl0C5cPM2TOaGeDyKTMXQSer,14 1.0 0 0 1 1
oViVlFistqAydx99HVLhHGNsw9oLgdcn,8 0.0605 126 794 355 1023 11 0.0595 249 800 488 1019 5 0.0586 120 799 356 1016 7 0.0583 128 799 361 1021 0 0.0582 123 797 360 1023 7 0.0567 256 799 494 1019 0 0.0560 252 800 490 1023 11 0.0560 119 798 358 1020 0 0.0536 181 260 437 498 8 0.0531 255 797 482 1021 6 0.0527 127 800 360 1020 13 0.0525 126 802 366 1023 5 0.0522 816 587 1019 840 11 0.0517 129 326 393 559 5 0.0516 246 797 484 1019 7 0.0510 385 787 618 1010 11 0.0502 380 787 611 1012 0 0.0502 394 350 636 580 6 0.0501 186 328 450 564 5 0.0500 434 787 678 1011
zLTYmPlm4Yg3fpqqPBnRRqxFKnRg6qei,5 0.0659 187 327 434 571 8 0.0622 195 330 431 575 0 0.0602 190 329 437 576 13 0.0598 196 330 442 573 11 0.0596 190 332 438 568 6 0.0591 194 330 439 574 3 0.0587 195 335 437 580 5 0.0587 315 332 574 572 8 0.0582 121 396 377 656 13 0.0581 123 472 394 726 8 0.0573 317 336 568 572 7 0.0571 320 334 583 569 5 0.0565 240 516 499 767 5 0.0560 112 471 381 718 0 0.0560 319 269 569 512 8 0.0559 247 519 494 770 11 0.0558 313 338 579 569 11 0.0556 240 520 506 766 7 0.0555 196 330 436 573 13 0.0552 318 335 585 572 3 0.0551 319 334 576 574 6 0.0551 319 336 578 572 3 0.0544 248 521 501 775 5 0.0543 309 200 560 438 7 0.0542 123 474 388 722 8 0.0536 198 202 424 451 8 0.0534 312 207 552 438 10 0.0533 189 334 434 574 7 0.0529 250 521 501 774 13 0.0526 249 522 507 770 10 0.0526 316 342 578 567 3 0.0525 120 474 382 729 1 0.0519 187 328 434 573 11 0.0517 194 202 436 446 11 0.0516 112 477 386 717 11 0.0516 306 207 565 437 6 0.0511 121 474 393 720 11 0.0506 433 526 681 755 5 0.0503 193 194 429 450
WeAJ3TmiLxBKqVN8nK7M4jljpmS88DMT,8 0.0674 384 670 755 850 11 0.0647 281 601 646 781 11 0.0628 488 669 754 905 8 0.0617 283 604 632 783 11 0.0612 174 345 427 573 5 0.0610 484 667 745 904 7 0.0607 442 592 695 832 5 0.0605 433 592 686 832 0 0.0601 208 600 588 781 11 0.0600 246 659 506 905 7 0.0592 439 720 689 971 6 0.0587 508 725 765 964 0 0.0574 182 387 433 621 6 0.0574 437 595 695 834 0 0.0569 433 592 693 834 7 0.0568 278 671 639 848 8 0.0567 435 721 678 969 7 0.0567 258 390 506 627 0 0.0562 265 670 637 850 5 0.0558 373 655 631 907 8 0.0557 252 654 499 906 8 0.0555 183 384 427 621 13 0.0555 437 596 698 835 6 0.0554 274 673 642 850 10 0.0553 384 675 762 851 13 0.0548 494 669 760 907 10 0.0543 251 398 505 627 7 0.0541 154 598 526 776 10 0.0538 142 602 518 778 13 0.0538 437 723 690 971 2 0.0532 435 600 692 834 11 0.0531 251 398 506 625 5 0.0531 141 594 506 775 3 0.0525 440 592 694 837 8 0.0525 189 278 427 510 13 0.0524 258 393 513 630 5 0.0520 245 653 498 904 0 0.0513 505 719 761 968 7 0.0511 183 340 433 574 10 0.0510 432 723 683 970 5 0.0509 254 389 499 627 3 0.0509 509 719 760 971 10 0.0507 176 350 427 576 0 0.0505 185 278 438 513 3 0.0502 186 342 424 577
erxxS5ikvOSCcKK2lOg1uDLgzGq3u4j6,5 0.0682 315 333 573 578 5 0.0654 316 286 684 477 5 0.0645 242 257 507 502 5 0.0638 293 470 653 664 11 0.0622 452 266 712 510 11 0.0619 325 267 581 509 5 0.0615 237 393 498 637 8 0.0615 328 266 573 509 3 0.0615 319 338 575 584 7 0.0612 312 403 569 653 7 0.0608 386 324 638 578 6 0.0608 375 78 634 305 0 0.0595 452 266 709 510 11 0.0594 308 402 567 648 10 0.0592 241 476 497 709 3 0.0590 326 288 688 480 6 0.0590 457 265 715 512 11 0.0587 507 339 767 582 7 0.0584 456 264 713 513 0 0.0583 438 12 707 250 0 0.0583 326 265 581 508 2 0.0581 453 270 712 510 8 0.0581 450 261 706 513 13 0.0580 445 9 712 248 13 0.0579 302 471 666 664 0 0.0577 380 396 631 650 0 0.0576 507 338 764 586 0 0.0575 247 330 513 575 7 0.0575 251 255 514 504 0 0.0574 373 77 631 306 13 0.0572 330 289 696 479 6 0.0572 384 322 643 574 3 0.0571 300 470 655 665 13 0.0568 321 341 582 581 3 0.0565 454 332 705 589 11 0.0564 367 77 633 305 6 0.0563 312 403 570 648 9 0.0563 448 267 711 508 8 0.0562 500 8 759 241 5 0.0561 447 326 698 581 8 0.0561 371 77 624 302 12 0.0560 329 350 684 544 2 0.0558 382 331 635 575 5 0.0558 331 0 704 155 6 0.0554 513 337 773 583 6 0.0553 505 68 766 296 13 0.0553 511 265 776 512 10 0.0553 452 337 704 586 5 0.0552 368 70 628 304 8 0.0550 381 396 626 648 3 0.0550 341 0 710 158 11 0.0549 251 146 514 381 11 0.0548 573 275 849 516 8 0.0548 339 0 694 154 9 0.0547 290 475 652 658 11 0.0545 498 70 764 293 8 0.0544 192 397 430 643 7 0.0543 375 76 635 307 10 0.0543 326 292 689 479 13 0.0542 258 141 521 388 3 0.0541 246 404 501 646 13 0.0539 454 332 709 583 3 0.0538 512 266 771 519 11 0.0537 236 471 496 710 11 0.0537 309 738 578 960 7 0.0537 217 150 589 339 10 0.0536 174 549 436 762 5 0.0536 249 140 511 383 6 0.0536 249 332 514 575 8 0.0536 252 145 504 383 13 0.0536 319 12 589 261 9 0.0535 376 327 634 570 12 0.0535 454 266 715 512 10 0.0534 322 342 577 579 0 0.0533 225 470 582 662 3 0.0533 246 261 510 507 7 0.0533 498 8 770 242 11 0.0533 242 329 510 568 11 0.0533 333 1 706 153 13 0.0532 245 403 508 642
1mmT3UvLmCLkMAoAtSTilffbNzgTaRB1,11 0.0623 495 403 762 638 11 0.0620 373 332 632 557 0 0.0619 499 399 762 641 8 0.0614 376 327 629 561 5 0.0609 494 394 758 639 8 0.0608 383 458 640 701 11 0.0604 246 463 514 689 0 0.0599 237 0 494 200 7 0.0588 375 327 637 560 6 0.0588 378 397 648 635 13 0.0576 379 400 652 638 3 0.0576 250 466 511 699 6 0.0576 501 400 767 638 8 0.0573 235 205 486 432 5 0.0569 372 394 639 632 7 0.0569 440 394 708 645 2 0.0567 380 462 647 700 3 0.0565 503 401 762 644 0 0.0565 434 332 694 565 6 0.0564 437 332 698 564 6 0.0564 389 521 648 773 0 0.0564 180 213 433 452 11 0.0562 319 528 581 767 8 0.0561 242 1 488 196 6 0.0560 215 491 587 653 3 0.0559 377 330 632 563 8 0.0557 250 464 503 692 3 0.0557 383 459 650 704 5 0.0556 364 270 628 497 13 0.0554 500 403 769 643 6 0.0553 369 272 637 500 8 0.0552 495 324 742 562 8 0.0549 84 400 345 633 5 0.0549 250 457 506 688 12 0.0546 442 401 707 640 7 0.0545 445 520 705 772 8 0.0544 382 587 628 830 5 0.0544 382 517 641 769 11 0.0541 240 0 500 198 5 0.0541 229 200 489 429 0 0.0540 368 269 632 503 8 0.0539 323 530 568 768 2 0.0539 501 405 762 640 0 0.0539 441 586 695 835 11 0.0538 234 206 495 431 7 0.0537 219 487 580 653 0 0.0537 316 460 573 702 10 0.0536 376 402 645 633 7 0.0535 239 202 494 433 0 0.0533 380 396 643 638 7 0.0525 95 403 356 631 5 0.0524 86 403 352 629 2 0.0522 373 335 633 558 2 0.0521 253 469 508 693 13 0.0521 436 333 703 567 10 0.0521 499 401 760 637 3 0.0520 238 204 493 437 5 0.0518 238 0 486 196 7 0.0516 385 588 640 833 2 0.0515 439 526 703 768 13 0.0513 372 272 642 503 6 0.0512 257 529 521 770 1 0.0512 432 391 705 642 11 0.0511 87 404 358 629 8 0.0510 498 577 746 820 10 0.0510 322 534 579 764 9 0.0509 497 401 760 636 13 0.0507 314 466 581 703 3 0.0506 322 529 583 774 0 0.0506 238 139 495 380 6 0.0505 239 206 499 431 13 0.0504 389 525 650 771 7 0.0500 493 325 752 562
EkhPng9li570xhpI6i6nwkDpuDLuikjP,11 0.0605 379 267 637 507 0 0.0568 180 0 442 197 11 0.0566 639 473 886 687 11 0.0555 251 266 517 502 8 0.0554 505 316 750 553 11 0.0551 303 206 576 432 11 0.0549 180 2 443 195 0 0.0546 257 56 508 298 6 0.0542 262 269 516 506 10 0.0542 246 207 508 429 7 0.0540 507 462 768 700 8 0.0535 499 459 759 699 6 0.0534 314 205 576 433 5 0.0533 250 264 510 500 6 0.0528 259 130 508 361 5 0.0525 303 200 568 430 7 0.0525 510 318 757 554 11 0.0521 508 320 755 551 11 0.0518 171 341 442 583 11 0.0516 188 80 451 310 0 0.0516 307 202 569 434 13 0.0515 180 2 449 198 8 0.0515 251 200 504 433 7 0.0512 261 264 516 506 8 0.0510 381 194 626 434 10 0.0509 315 148 566 359 8 0.0508 113 0 371 198 3 0.0501 648 474 884 696 5 0.0501 496 457 759 695 3 0.0501 385 265 637 517 7 0.0501 185 0 438 197 8 0.0501 320 144 558 364 5 0.0501 177 0 436 197 3 0.0500 309 204 574 439
okQIrWn9UNiYkb8D6kOxSxafxVwNnFTe,7 0.0519 450 269 699 515 8 0.0500 441 268 682 514
QL9Zw9aNMKvL05Pb2NS3R1UvqXWcCyo6,7 0.0611 309 785 566 1014 5 0.0597 302 784 558 1009 11 0.0593 316 723 572 939 0 0.0592 306 785 560 1018 5 0.0590 244 709 493 946 8 0.0582 311 783 556 1015 6 0.0569 308 785 562 1014 13 0.0559 314 788 566 1019 3 0.0559 311 784 561 1020 8 0.0542 253 408 507 641 10 0.0540 305 790 561 1015 0 0.0534 371 735 625 960 13 0.0534 255 642 507 882 0 0.0532 249 714 493 954 8 0.0531 246 714 490 949 5 0.0521 240 406 513 638 6 0.0520 248 713 499 948 0 0.0516 249 411 513 645 7 0.0514 250 720 502 945 3 0.0506 251 718 493 955 12 0.0504 310 785 561 1016 0 0.0502 319 655 558 878
aztyquyBMCmZhMYQ2JV4BK52Etz6C3fR,5 0.0579 0 868 355 1020 6 0.0574 10 873 371 1023 8 0.0572 5 870 356 1022 0 0.0561 3 870 366 1023 7 0.0561 11 869 369 1023 13 0.0519 5 874 375 1023 10 0.0519 0 872 364 1023 11 0.0512 0 870 372 1022
deP9HA0mgRbVjpuK5rQwlpR2j68gHEWB,0 0.0587 377 463 632 704 11 0.0570 488 712 748 951 8 0.0567 491 710 742 955 5 0.0563 485 781 738 1019 8 0.0556 378 461 628 704 6 0.0552 381 462 640 704 11 0.0551 373 464 635 700 13 0.0549 495 788 749 1022 7 0.0548 494 709 757 961 5 0.0547 236 440 499 694 0 0.0547 360 710 626 965 8 0.0545 566 584 816 831 11 0.0544 362 717 626 962 5 0.0542 235 320 501 556 5 0.0541 561 582 821 830 0 0.0540 573 656 828 905 0 0.0539 372 587 633 838 8 0.0537 245 324 496 562 11 0.0537 369 589 639 833 11 0.0535 235 448 502 693 8 0.0533 359 713 619 964 0 0.0531 492 709 751 959 11 0.0531 234 325 504 558 7 0.0530 245 446 506 695 7 0.0527 383 459 639 706 11 0.0525 173 381 437 625 5 0.0524 418 704 676 956 6 0.0523 423 712 684 956 11 0.0523 558 586 824 826 6 0.0522 243 450 505 694 6 0.0521 251 325 509 562 11 0.0521 556 789 798 1021 6 0.0520 569 586 826 830 5 0.0519 367 583 633 835 7 0.0519 558 787 809 1023 5 0.0518 175 373 433 624 3 0.0517 381 462 636 709 11 0.0513 646 287 909 518 8 0.0512 372 590 626 832 6 0.0509 377 592 642 834 7 0.0508 573 655 831 904 8 0.0508 183 375 425 631 7 0.0506 375 589 643 834 5 0.0504 575 712 820 959 6 0.0502 489 787 743 1023 8 0.0501 244 448 490 694 10 0.0501 240 332 499 561 0 0.0501 246 325 505 563 7 0.0501 245 323 508 559 13 0.0500 582 720 829 961
rrIn2zKgsEsjGsTIvSQiw82mOBPQIgTc,8 0.0603 245 467 505 705 11 0.0596 371 460 631 696 8 0.0594 313 394 566 625 5 0.0593 237 463 506 703 3 0.0593 317 395 574 629 11 0.0590 311 394 567 621 6 0.0584 373 462 636 699 7 0.0584 315 345 573 568 8 0.0580 373 460 627 698 0 0.0571 373 461 633 702 7 0.0565 310 456 576 694 5 0.0563 310 386 568 622 6 0.0554 317 351 573 572 11 0.0553 303 523 566 764 11 0.0552 313 291 576 505 0 0.0545 309 590 571 841 3 0.0544 246 467 509 709 0 0.0544 248 469 508 709 9 0.0542 303 462 571 690 0 0.0541 314 348 568 572 5 0.0538 372 454 628 697 10 0.0537 311 397 574 624 5 0.0536 300 588 565 837 11 0.0532 310 164 581 380 8 0.0527 370 586 630 827 2 0.0527 310 464 573 694 3 0.0525 379 462 635 704 13 0.0523 310 459 578 696 7 0.0521 311 587 574 838 6 0.0520 305 522 570 766 7 0.0519 248 399 506 632 9 0.0517 311 349 566 565 11 0.0517 427 587 681 814 3 0.0517 322 163 581 387 5 0.0515 307 155 576 382 6 0.0515 252 401 507 636 7 0.0513 307 225 578 454 13 0.0506 307 588 578 837 8 0.0505 314 287 565 511 3 0.0505 320 290 578 511 6 0.0502 320 162 587 384 10 0.0501 302 527 571 765 12 0.0501 311 460 576 698
MlLJEKwEGGczRXoOHAoOcJE0BxBLNhMl,5 0.0610 624 535 868 763 11 0.0597 626 540 873 758 0 0.0592 626 540 874 766 6 0.0591 570 529 817 761 8 0.0586 567 532 810 758 7 0.0585 568 528 818 758 13 0.0583 571 530 820 759 0 0.0581 197 0 577 145 11 0.0569 309 402 576 639 3 0.0562 569 534 815 762 7 0.0562 270 138 516 389 8 0.0562 314 394 566 638 11 0.0562 240 286 493 515 11 0.0559 253 2 647 153 8 0.0558 233 1 481 195 11 0.0553 310 217 561 440 6 0.0553 642 595 886 840 8 0.0552 637 599 875 835 6 0.0552 234 0 494 196 8 0.0550 269 132 505 386 10 0.0549 627 543 873 762 8 0.0549 172 338 420 589 13 0.0549 640 599 889 839 7 0.0547 236 0 492 201 5 0.0547 676 460 922 693 0 0.0547 243 284 493 524 7 0.0544 636 597 886 837 13 0.0539 252 206 506 453 8 0.0539 325 5 558 251 5 0.0539 226 0 483 200 13 0.0533 319 345 583 585 5 0.0532 379 0 624 236 0 0.0532 684 466 925 700 5 0.0531 261 130 508 384 8 0.0531 248 276 484 518 8 0.0530 694 536 919 762 11 0.0525 239 13 508 260 0 0.0515 389 0 626 243 0 0.0514 266 138 512 392 0 0.0514 173 347 430 589 2 0.0513 567 533 816 755 10 0.0512 243 286 494 520 10 0.0512 314 404 580 639 7 0.0511 686 468 933 698 10 0.0511 314 221 562 444 11 0.0511 168 344 429 584 13 0.0511 694 536 937 766 3 0.0511 211 0 575 148 5 0.0510 298 454 566 703 7 0.0509 303 462 571 708 9 0.0509 564 529 816 756 8 0.0507 251 456 493 710 3 0.0505 314 398 577 646 11 0.0505 682 471 930 692
FJGhpHd48aZYE1OZUHFoOD0aV8H5Ah1y,0 0.0600 583 458 848 694 11 0.0583 452 524 705 753 8 0.0574 454 521 698 757 8 0.0569 592 529 837 770 11 0.0568 590 535 844 765 11 0.0557 503 271 762 495 0 0.0547 453 523 705 759 11 0.0543 560 213 818 434 0 0.0542 504 271 757 499 0 0.0533 591 598 850 834 5 0.0529 567 266 817 499 8 0.0520 504 268 751 499 5 0.0519 577 447 839 696 7 0.0517 598 530 850 767 13 0.0513 586 452 852 694 0 0.0512 254 214 508 451 6 0.0509 568 213 821 436 8 0.0507 564 214 809 434 10 0.0503 563 216 813 437 11 0.0502 504 141 769 374 8 0.0502 374 587 622 824 5 0.0502 585 589 840 835 5 0.0501 497 210 746 437 2 0.0501 509 274 760 497 6 0.0500 459 521 705 761
O0tL3LucnIEuR5B3frvIe2rN9uHwULFv,8 0.0648 505 396 758 632 11 0.0621 448 334 710 567 11 0.0618 509 399 760 628 6 0.0610 510 401 769 630 0 0.0608 441 401 708 631 13 0.0592 512 401 770 630 8 0.0584 452 515 694 751 6 0.0571 448 335 717 569 5 0.0569 505 395 757 630 7 0.0567 455 513 705 752 0 0.0564 449 514 704 754 11 0.0557 383 588 639 825 11 0.0556 381 270 642 503 7 0.0556 511 398 765 632 0 0.0550 515 341 769 574 11 0.0549 454 516 702 750 10 0.0548 503 403 764 633 6 0.0537 385 273 643 506 7 0.0537 387 269 642 508 11 0.0535 524 278 778 503 3 0.0534 449 403 711 638 11 0.0533 309 461 570 688 8 0.0532 125 348 378 595 8 0.0531 183 278 436 519 8 0.0528 382 269 631 507 5 0.0528 383 581 632 824 7 0.0525 392 589 642 829 4 0.0523 510 399 767 630 11 0.0522 317 649 579 883 0 0.0520 242 145 502 381 2 0.0520 513 405 763 633 8 0.0518 389 585 628 828 5 0.0518 175 272 441 514 0 0.0516 382 272 637 505 7 0.0515 188 277 444 514 11 0.0515 181 284 444 518 10 0.0515 391 590 635 828 0 0.0510 179 222 447 458 2 0.0509 458 522 703 755 6 0.0508 457 516 706 750 5 0.0508 450 507 698 751 10 0.0505 320 646 578 887 3 0.0505 520 342 772 578 13 0.0505 385 271 652 507 3 0.0503 183 283 443 526 5 0.0503 181 656 445 882 13 0.0502 381 520 636 754 13 0.0502 324 646 585 889 3 0.0501 461 517 701 761
iTmeYBDnZo0BczHIO76C1B3yRZpl0GAe,0 0.0553 549 293 899 480 11 0.0553 596 353 967 542 0 0.0550 596 353 962 550 8 0.0535 550 349 898 533 11 0.0534 305 660 561 884 13 0.0527 558 352 921 533 5 0.0517 556 388 802 635 5 0.0513 568 271 819 520 6 0.0512 571 332 827 570
bxfuxBXiY6JOtrWGvCQTd6aGUMyCh5yi,11 0.0618 256 655 511 892 5 0.0606 291 325 557 557 5 0.0588 187 637 443 881 7 0.0576 265 588 515 824 5 0.0573 242 531 506 772 11 0.0573 244 541 507 776 3 0.0570 300 334 567 565 0 0.0569 190 642 443 886 8 0.0568 263 587 503 822 7 0.0563 191 641 447 885 8 0.0561 193 530 442 766 13 0.0560 155 674 516 847 8 0.0556 247 416 504 651 6 0.0553 193 645 449 886 7 0.0551 194 528 451 768 8 0.0549 188 641 439 884 0 0.0547 262 589 508 826 7 0.0541 349 328 618 552 11 0.0538 305 470 564 710 8 0.0531 353 324 605 551 6 0.0523 370 407 649 636 0 0.0522 264 703 510 948 5 0.0522 353 397 635 629 3 0.0521 266 590 506 829 6 0.0520 300 275 572 491 7 0.0519 248 417 514 653 8 0.0515 262 703 504 945 10 0.0514 189 651 449 883 0 0.0514 194 530 448 772 10 0.0514 261 591 512 822 11 0.0513 362 407 637 638 6 0.0513 267 589 515 822 2 0.0513 263 594 508 821 0 0.0509 308 335 562 563 3 0.0505 369 405 639 643 13 0.0504 199 528 455 764 5 0.0503 235 415 510 646
yK7c9CgYKBh023iXre3CKqZcV0j7b8lN,11 0.0553 249 652 506 876 8 0.0549 250 649 497 880 7 0.0549 257 647 511 876
aXw9rylur35dwtjPH5hEuzwLZui1IiCI,11 0.0570 382 527 651 773 11 0.0554 493 161 751 396 7 0.0551 389 527 658 777 0 0.0547 494 156 748 395 13 0.0545 499 156 756 394 3 0.0544 498 82 762 326 5 0.0543 361 792 602 1021 6 0.0542 499 156 754 395 0 0.0541 380 526 646 778 7 0.0538 497 80 763 323 2 0.0537 381 533 644 775 5 0.0531 492 151 743 396 5 0.0527 374 518 642 770 13 0.0515 390 526 660 774 8 0.0515 491 8 765 260 8 0.0513 495 153 743 394 0 0.0509 564 75 836 307 5 0.0506 298 578 571 835 10 0.0503 498 158 752 396 8 0.0501 377 524 640 777
NXdhGd3JAHlPXlDTbQzQQ5UbzHJmcF81,0 0.0570 321 725 577 965 7 0.0557 385 729 643 957 11 0.0534 445 731 695 956 8 0.0533 325 662 565 900 8 0.0529 384 725 631 956 5 0.0516 317 661 570 899 11 0.0514 319 665 572 903 8 0.0513 250 590 492 844 7 0.0512 326 665 579 903 5 0.0503 379 725 633 954
TwgTRhBeduGW1YLBoYYTgrcZidJfW3wD,5 0.0608 444 406 700 637 0 0.0588 71 659 320 916 8 0.0585 433 720 694 956 11 0.0584 440 345 698 569 11 0.0581 446 540 706 777 11 0.0579 504 607 771 835 5 0.0576 66 651 315 907 8 0.0573 69 656 308 914 8 0.0573 452 472 703 701 7 0.0570 443 775 699 1011 0 0.0561 451 473 713 701 5 0.0557 369 269 629 501 11 0.0556 373 402 637 620 11 0.0555 440 663 699 904 8 0.0554 447 600 700 847 0 0.0554 372 404 640 622 11 0.0547 370 278 631 503 8 0.0545 444 342 694 572 3 0.0544 444 774 691 1015 0 0.0540 429 717 695 960 3 0.0538 450 340 703 578 7 0.0536 513 599 771 837 11 0.0536 64 661 321 908 7 0.0534 445 657 699 906 8 0.0533 374 401 632 624 10 0.0531 443 347 701 568 7 0.0530 450 412 706 638 0 0.0528 508 539 764 780 6 0.0527 442 664 700 905 8 0.0526 375 522 627 762 6 0.0523 375 401 646 620 5 0.0523 445 535 696 779 0 0.0523 441 342 701 574 5 0.0519 434 770 690 1008 10 0.0516 374 404 635 619 11 0.0514 433 779 696 1004 0 0.0513 448 600 708 848 5 0.0512 439 651 689 908 5 0.0512 510 465 770 704 6 0.0511 379 276 642 505 5 0.0509 505 598 763 840 11 0.0506 516 416 769 642 13 0.0505 379 278 642 509 6 0.0505 72 662 324 905 6 0.0504 440 776 697 1012 6 0.0504 510 610 773 835 3 0.0502 442 657 698 913 10 0.0501 73 664 317 910
oab7huHROIFqqiDP3UUd730CZxQKEme1,13 0.0583 578 19 840 240 5 0.0579 637 34 887 247 11 0.0579 502 13 761 233 0 0.0530 643 41 888 255 8 0.0526 338 166 693 350 5 0.0525 572 90 827 320 10 0.0514 508 22 759 234 3 0.0514 584 13 834 249 5 0.0510 501 2 760 233 11 0.0510 643 43 889 250 6 0.0500 583 21 842 240
1oADv09NSiOv3YHn5z7ygo2ZLraWKu9U,11 0.0519 252 316 506 542 0 0.0513 254 312 500 544
MxtByILgdE21nPf9dNcFb9kK2d8KG7FG,11 0.0620 239 335 493 573 0 0.0599 244 276 503 522 6 0.0599 246 274 504 520 8 0.0596 242 333 496 576 5 0.0588 580 0 830 255 5 0.0585 233 329 490 573 11 0.0583 581 4 835 256 11 0.0567 248 225 516 455 3 0.0562 512 2 773 261 0 0.0556 427 219 706 451 10 0.0544 240 281 504 515 7 0.0544 507 1 777 255 2 0.0543 585 5 833 260 5 0.0541 423 208 704 443 7 0.0540 253 219 519 454 5 0.0535 486 68 773 309 2 0.0535 497 83 773 313 8 0.0533 325 399 559 652 8 0.0532 255 219 512 454 5 0.0528 243 218 509 453 13 0.0527 588 2 842 262 8 0.0524 489 74 765 312 0 0.0523 330 399 563 655 3 0.0523 254 220 516 460 13 0.0523 246 336 500 579 7 0.0520 429 213 710 448 8 0.0517 487 220 771 452 3 0.0516 246 334 494 579 5 0.0515 321 399 557 650 7 0.0514 246 332 501 574 2 0.0513 430 226 702 445 0 0.0511 581 4 832 259 13 0.0510 254 222 519 459 11 0.0508 492 76 776 313 12 0.0507 242 278 504 522 6 0.0505 263 404 500 656 10 0.0503 584 5 835 259 11 0.0501 486 226 787 454
TG7rFiiELX383xuqkrRprnA2DhmPloZ8,5 0.0650 360 773 619 1013 7 0.0628 366 775 625 1019 11 0.0622 306 722 558 963 0 0.0609 453 655 697 889 11 0.0608 450 652 696 885 13 0.0607 302 788 558 1023 0 0.0603 363 772 621 1022 8 0.0601 366 773 615 1017 5 0.0582 453 650 691 886 3 0.0577 369 776 621 1023 8 0.0571 453 652 688 889 5 0.0566 494 0 754 205 10 0.0558 453 654 695 885 11 0.0557 511 27 786 261 6 0.0555 295 789 556 1021 10 0.0552 308 725 558 965 7 0.0550 457 652 700 888 2 0.0549 454 657 698 885 2 0.0549 368 780 624 1019 13 0.0541 457 655 699 889 10 0.0541 440 6 708 203 6 0.0534 457 652 701 886 8 0.0534 510 22 771 263 11 0.0533 568 261 835 493 3 0.0532 454 653 696 889 11 0.0523 632 90 887 324 0 0.0523 254 259 512 503 5 0.0523 115 0 371 198 2 0.0522 504 6 758 208 11 0.0514 116 3 378 194 2 0.0513 522 83 780 308 0 0.0512 119 2 375 200 8 0.0509 119 0 365 195 5 0.0506 246 258 506 498 0 0.0505 438 0 711 206 9 0.0504 296 788 549 1019 11 0.0502 247 260 512 498 3 0.0502 120 0 372 201 1 0.0501 361 772 618 1020
9OSXD6gnPJVx0RgIYyREjQuBQLBUL3p5,0 0.0600 232 718 497 958 5 0.0591 224 788 494 1018 11 0.0577 162 785 430 1013 11 0.0574 184 275 436 504 8 0.0553 234 720 486 953 0 0.0550 188 276 430 503 0 0.0545 166 783 432 1019 0 0.0543 399 403 637 634 7 0.0542 169 784 439 1020 11 0.0541 203 739 571 904 11 0.0540 393 405 636 627 8 0.0539 461 404 692 620 0 0.0538 202 671 557 848 5 0.0538 241 668 497 896 8 0.0536 170 783 425 1015 0 0.0534 508 94 768 328 5 0.0525 113 775 379 1011 13 0.0523 171 786 439 1019 6 0.0522 217 738 580 907 7 0.0516 245 672 506 900 6 0.0516 233 797 500 1023 11 0.0505 317 213 575 441 8 0.0504 513 89 757 320 5 0.0504 507 89 765 324 3 0.0504 233 722 493 957 13 0.0501 217 737 582 909
93dTy9Cyl8AuAt6ktBFhremXhXC5duzL,0 0.0583 181 398 445 644 5 0.0582 177 324 444 570 8 0.0574 182 322 435 579 0 0.0542 244 274 497 499 11 0.0540 240 329 512 557 13 0.0524 247 327 518 563 7 0.0523 187 321 446 574 11 0.0523 179 398 449 640 3 0.0508 244 330 512 568 6 0.0506 251 328 515 558 6 0.0503 188 397 451 643 10 0.0501 243 333 513 558
egunVIn2NREl4koruV6l7L0EhbwjWT4E,11 0.0605 248 204 507 436 8 0.0594 249 203 499 442 11 0.0589 372 726 649 967 11 0.0584 453 265 700 505 0 0.0578 183 203 442 450 5 0.0574 246 200 502 437 7 0.0571 311 251 564 501 0 0.0565 308 253 563 503 0 0.0564 452 262 699 508 6 0.0560 312 254 564 502 3 0.0559 250 205 506 443 11 0.0557 322 146 577 373 8 0.0556 446 320 681 582 13 0.0554 517 264 764 513 11 0.0554 179 136 438 371 8 0.0554 186 266 430 506 7 0.0553 448 323 690 582 11 0.0553 304 787 574 1023 13 0.0547 449 325 692 584 10 0.0545 251 209 505 440 11 0.0544 181 269 439 500 5 0.0544 244 321 504 561 6 0.0539 249 323 509 565 11 0.0539 438 398 688 643 13 0.0536 313 255 567 505 5 0.0534 182 263 435 501 0 0.0533 323 144 578 379 7 0.0532 518 263 763 514 7 0.0529 187 201 445 444 7 0.0529 435 722 712 968 8 0.0527 514 261 751 512 8 0.0527 325 145 567 376 13 0.0527 187 270 442 510 0 0.0527 243 324 508 566 10 0.0526 327 150 573 377 11 0.0525 618 134 889 375 8 0.0521 421 667 690 895 0 0.0520 368 783 637 1023 11 0.0520 241 326 509 559 3 0.0519 458 265 697 514 0 0.0519 437 397 686 651 6 0.0518 457 262 702 507 7 0.0517 524 146 775 400 5 0.0516 320 141 570 374 6 0.0516 329 144 576 376 10 0.0516 372 786 630 1021 8 0.0515 185 135 429 376 11 0.0514 516 150 775 391 3 0.0512 446 395 688 654 3 0.0511 324 145 575 382 13 0.0511 213 413 591 605 2 0.0509 317 204 568 436 13 0.0507 328 143 584 378 0 0.0507 309 464 564 727 7 0.0506 328 142 580 376 0 0.0506 420 666 703 899 8 0.0504 251 323 498 563 13 0.0504 186 134 445 377 13 0.0504 522 148 776 393 5 0.0503 518 139 766 391 8 0.0503 377 391 620 647 10 0.0502 457 266 700 507 8 0.0501 312 466 555 718
WzN8b1rLDOnklfdNUD0Vxj8HUuf3Acvh,0 0.0611 327 464 564 715 5 0.0593 323 530 571 783 6 0.0585 331 535 581 786 5 0.0582 315 407 564 656 11 0.0580 327 537 579 785 8 0.0571 628 417 863 652 0 0.0569 319 601 578 852 8 0.0569 332 536 571 785 6 0.0568 323 410 576 660 7 0.0564 326 466 565 715 5 0.0564 197 650 439 896 13 0.0552 324 466 570 714 0 0.0551 581 412 822 656 10 0.0549 194 662 446 896 7 0.0546 203 656 450 897 11 0.0545 582 416 825 648 13 0.0545 266 594 526 839 8 0.0541 322 409 565 661 5 0.0540 573 413 815 649 6 0.0540 205 655 448 898 8 0.0538 261 665 510 907 3 0.0537 322 410 574 670 11 0.0536 318 412 571 661 7 0.0535 266 594 518 837 6 0.0532 585 414 825 646 8 0.0528 242 146 508 385 11 0.0527 308 678 578 911 0 0.0525 451 270 699 510 10 0.0516 258 599 516 836 7 0.0515 264 404 509 652 5 0.0515 306 668 574 915 10 0.0513 327 538 579 786 0 0.0513 232 147 521 389 12 0.0510 322 465 564 712 2 0.0509 450 275 701 506 5 0.0509 232 142 515 382 5 0.0506 445 267 692 504 13 0.0505 201 656 458 899 2 0.0504 321 470 565 715 10 0.0502 318 415 571 658 13 0.0501 319 676 586 918 3 0.0501 332 539 578 793 0 0.0501 265 403 509 650
Lh9xMh3hqQZMlAaiBTZj1q4HqePQkjYd,0 0.0601 514 397 753 639 6 0.0593 439 402 688 632 3 0.0591 437 336 687 575 3 0.0590 515 394 752 645 8 0.0587 510 395 749 639 7 0.0583 441 398 690 636 5 0.0581 432 392 680 630 8 0.0580 550 476 892 657 7 0.0570 280 347 566 588 5 0.0568 269 341 560 581 11 0.0567 510 397 755 641 5 0.0560 547 473 896 656 13 0.0554 515 397 761 640 11 0.0549 548 476 900 656 3 0.0548 457 466 703 709 13 0.0545 281 349 571 589 0 0.0543 552 475 904 657 2 0.0539 510 401 753 638 6 0.0538 555 476 912 656 11 0.0537 372 142 637 373 8 0.0537 377 475 620 707 5 0.0536 340 269 611 502 10 0.0536 509 399 754 636 11 0.0536 431 272 688 500 6 0.0534 353 346 629 572 8 0.0534 352 345 616 574 11 0.0534 451 467 702 706 3 0.0533 280 349 566 596 7 0.0533 377 472 635 710 5 0.0532 387 2 647 249 10 0.0532 429 339 690 570 3 0.0531 351 275 617 515 13 0.0531 377 478 637 709 11 0.0527 270 351 563 584 6 0.0527 232 274 492 516 0 0.0524 174 333 421 577 13 0.0523 553 480 916 659 0 0.0523 429 269 687 500 11 0.0521 356 410 620 642 8 0.0519 292 278 547 506 5 0.0518 218 267 484 507 13 0.0517 437 339 694 570 10 0.0515 278 353 566 584 8 0.0514 375 137 625 376 5 0.0514 227 670 504 905 11 0.0513 113 411 371 642 6 0.0513 436 266 692 500 13 0.0512 379 137 642 378 3 0.0509 378 136 633 381 7 0.0505 350 278 618 506 10 0.0504 346 278 621 509 11 0.0504 229 676 504 906 10 0.0504 375 140 635 377 4 0.0503 510 401 760 640 0 0.0503 453 466 700 703 12 0.0502 512 394 755 638 9 0.0502 507 395 755 633 11 0.0501 171 339 428 570
b9TXajhx4y15T6yPQmz7J4JjCzWZXyY6,0 0.0608 306 0 574 198 11 0.0606 310 530 575 768 5 0.0597 312 451 570 692 0 0.0594 313 527 575 772 11 0.0590 308 386 575 626 8 0.0590 314 531 570 769 11 0.0584 253 452 516 702 7 0.0580 257 449 516 701 5 0.0579 247 521 514 768 8 0.0568 234 0 488 188 11 0.0568 227 1 498 192 3 0.0562 322 455 574 701 7 0.0561 314 531 577 771 5 0.0558 202 0 563 148 5 0.0557 432 396 693 631 5 0.0552 247 382 510 632 11 0.0552 171 400 438 640 6 0.0549 306 0 580 195 8 0.0548 509 400 749 634 3 0.0547 440 400 696 641 3 0.0547 307 0 577 201 13 0.0547 318 530 582 771 11 0.0547 326 802 563 1021 8 0.0546 258 453 505 700 7 0.0544 373 379 635 632 11 0.0543 507 404 753 631 0 0.0543 513 407 754 637 10 0.0542 314 533 576 768 3 0.0541 253 527 514 772 0 0.0540 257 451 513 704 5 0.0537 181 454 445 706 8 0.0535 273 418 613 601 13 0.0535 259 450 520 705 3 0.0533 393 522 646 774 8 0.0530 179 395 426 649 7 0.0530 330 795 572 1022 5 0.0530 506 339 751 574 13 0.0529 311 0 586 199 6 0.0527 516 405 761 635 0 0.0526 312 383 574 627 0 0.0524 442 804 696 1023 10 0.0523 258 459 516 700 5 0.0522 384 519 639 766 10 0.0520 228 2 496 187 6 0.0520 260 451 517 703 7 0.0520 514 404 756 637 2 0.0518 319 536 573 771 7 0.0518 232 0 500 189 7 0.0517 443 802 701 1023 0 0.0516 326 800 570 1023 2 0.0514 260 459 512 702 0 0.0514 243 250 507 497 3 0.0514 329 802 567 1023 3 0.0513 260 324 512 582 2 0.0507 514 412 751 637 8 0.0505 326 800 556 1023 10 0.0504 273 423 629 601 5 0.0503 242 245 497 496 6 0.0502 320 66 571 321 13 0.0502 275 416 642 603 6 0.0502 276 416 635 602
U3HmPDl1DYy0iggcxMZffgsh9Vq7n1Sl,7 0.0629 146 865 504 1023 5 0.0621 136 862 496 1021 11 0.0617 189 788 433 1014 8 0.0615 143 865 492 1023 0 0.0598 143 867 499 1023 10 0.0597 138 871 501 1023 5 0.0562 171 452 426 682 11 0.0561 106 466 370 698 7 0.0557 246 342 518 564 0 0.0555 236 450 486 678 6 0.0555 146 870 500 1023 7 0.0553 236 449 486 677 7 0.0550 126 389 390 636 11 0.0549 231 452 486 673 11 0.0546 165 541 420 759 0 0.0541 707 2 966 208 13 0.0532 144 868 509 1023 0 0.0527 61 778 310 1015 13 0.0525 238 451 493 673 3 0.0525 237 448 488 678 6 0.0523 236 454 494 675 0 0.0518 119 391 385 639 3 0.0518 144 867 499 1023 8 0.0517 239 448 478 673 8 0.0517 716 0 960 202 8 0.0517 173 535 410 759 9 0.0515 138 868 504 1021 2 0.0511 143 870 501 1023 6 0.0509 123 391 392 637 8 0.0509 124 338 386 578 1 0.0504 138 864 498 1023 13 0.0503 713 1 974 205 0 0.0500 242 347 513 563
2fQ9dXs3JGZlwHteDWgEQkMfGfKUMr6G,8 0.0598 411 417 749 602 5 0.0598 452 590 702 821 7 0.0595 460 591 708 823 0 0.0595 445 450 700 707 5 0.0592 241 332 501 581 8 0.0591 456 592 699 823 11 0.0585 457 598 708 820 11 0.0585 504 399 751 644 0 0.0580 454 590 707 826 7 0.0579 453 395 703 653 5 0.0577 374 395 632 646 11 0.0575 303 398 571 642 11 0.0573 170 333 437 580 8 0.0565 574 464 807 702 0 0.0564 576 533 818 776 7 0.0563 299 788 559 1022 0 0.0562 314 336 572 582 7 0.0560 510 652 777 890 7 0.0558 391 652 644 895 13 0.0556 513 401 759 646 0 0.0556 306 457 578 701 11 0.0555 355 544 715 722 5 0.0554 502 396 750 644 10 0.0553 304 402 572 643 0 0.0552 504 658 773 893 11 0.0552 383 659 648 890 7 0.0550 308 397 575 648 8 0.0550 315 339 561 580 8 0.0549 308 454 570 700 2 0.0549 445 403 703 649 10 0.0548 245 340 500 583 8 0.0548 358 542 698 724 5 0.0547 383 646 638 892 11 0.0547 574 467 813 701 0 0.0546 384 650 641 894 0 0.0545 634 396 900 643 11 0.0544 320 600 577 825 2 0.0542 316 341 569 581 6 0.0542 447 653 709 892 7 0.0538 361 541 715 726 13 0.0538 579 466 820 700 11 0.0537 293 791 556 1017 11 0.0536 506 663 773 888 8 0.0536 388 654 637 891 6 0.0535 415 420 761 599 5 0.0534 294 782 552 1017 10 0.0528 446 404 703 653 3 0.0528 310 398 573 652 11 0.0526 567 343 819 571 13 0.0525 308 400 577 648 8 0.0522 320 600 567 825 13 0.0522 576 349 827 575 3 0.0521 418 419 753 604 8 0.0521 172 331 428 584 0 0.0520 296 787 557 1021 11 0.0519 63 280 340 522 5 0.0518 569 461 809 698 6 0.0518 301 790 556 1016 3 0.0518 444 655 703 900 13 0.0517 359 541 719 728 0 0.0517 172 332 436 579 10 0.0515 567 403 820 636 7 0.0513 249 333 503 585 7 0.0512 516 336 762 574 13 0.0511 243 786 509 1015 11 0.0511 637 396 895 645 3 0.0509 577 541 819 784 5 0.0508 351 541 703 726 6 0.0508 317 338 573 579 7 0.0508 323 600 574 826 13 0.0507 387 591 643 827 13 0.0506 367 789 639 1023 0 0.0506 515 808 772 1023 6 0.0506 379 717 636 951 8 0.0506 241 782 492 1010 8 0.0506 506 659 764 892 6 0.0505 388 593 641 823 0 0.0504 316 598 573 832 8 0.0503 308 726 561 952 8 0.0501 369 790 620 1021 3 0.0500 573 398 816 644
sXOPk9Ika6yJDETxP0BowNEh0ZcYb9N7,11 0.0584 239 724 498 955 7 0.0544 395 398 640 629 0 0.0539 325 351 583 581 11 0.0536 388 399 635 627 8 0.0533 393 397 628 628 5 0.0533 384 395 632 626 5 0.0523 236 715 494 950 8 0.0522 247 658 488 899 7 0.0517 332 533 573 765 10 0.0514 296 724 570 958 0 0.0509 242 719 499 960 8 0.0509 302 720 564 958 7 0.0507 471 347 703 588 11 0.0506 259 606 511 835 10 0.0506 241 662 494 896 13 0.0504 326 351 584 579 13 0.0501 246 722 510 961
sTmZLntf5YAqQcr9AUyGnzCGxDJq2iXD,8 0.0638 307 346 565 574 7 0.0637 313 470 576 711 11 0.0621 370 476 632 715 7 0.0621 386 531 640 777 11 0.0617 242 336 505 572 11 0.0614 308 417 573 648 0 0.0610 308 471 572 716 8 0.0604 371 475 626 717 5 0.0604 304 344 575 575 3 0.0600 307 348 574 579 5 0.0599 378 532 633 776 7 0.0588 309 344 578 574 5 0.0585 305 468 565 710 11 0.0581 575 786 822 1007 0 0.0572 576 784 825 1016 5 0.0570 576 780 816 1008 0 0.0570 243 335 507 575 13 0.0569 384 533 645 780 6 0.0568 384 534 643 777 10 0.0566 382 536 637 780 0 0.0566 380 531 638 781 3 0.0565 376 479 632 724 10 0.0561 307 477 569 714 7 0.0560 583 785 826 1017 5 0.0551 232 271 494 504 6 0.0545 311 476 575 715 0 0.0544 662 635 918 844 10 0.0543 307 349 574 574 12 0.0540 384 529 639 780 11 0.0535 653 634 919 842 2 0.0528 383 537 639 780 8 0.0527 579 785 814 1013 13 0.0526 311 473 579 713 13 0.0526 586 789 827 1016 2 0.0525 309 354 577 576 12 0.0524 311 414 573 652 13 0.0519 310 349 582 578 1 0.0513 380 526 637 781 3 0.0507 581 785 824 1019 8 0.0501 238 273 487 508
c1hbRNlpwXAP6oeyte8D6OXTUSupnhUa,8 0.0572 373 399 628 638 8 0.0562 245 402 490 649 8 0.0547 579 226 833 449 11 0.0534 233 739 505 947 5 0.0525 315 332 568 568 8 0.0524 319 336 559 572 5 0.0519 242 399 500 646 0 0.0517 318 334 570 573 11 0.0512 293 796 552 1011 11 0.0506 576 225 845 444 5 0.0505 367 395 638 637 11 0.0504 242 409 501 648 11 0.0500 366 404 642 637
xBBUquu4Qf4HJ67TbWYkYVgTSR2evy6Z,11 0.0650 317 586 572 829 5 0.0630 321 640 576 888 7 0.0628 327 652 583 892 0 0.0619 321 585 576 835 5 0.0612 442 781 694 1019 7 0.0590 455 787 702 1023 7 0.0584 392 722 650 959 11 0.0583 311 708 576 941 8 0.0573 324 649 575 892 7 0.0570 315 785 574 1019 6 0.0570 322 589 580 827 5 0.0566 617 0 876 200 13 0.0565 332 650 582 883 5 0.0563 379 711 637 955 0 0.0559 315 704 577 947 11 0.0556 508 461 766 694 3 0.0554 325 588 571 835 3 0.0549 565 23 812 272 11 0.0548 447 794 696 1021 8 0.0547 386 721 635 961 6 0.0544 323 706 582 945 0 0.0543 505 804 753 1023 1 0.0541 317 585 571 831 5 0.0538 185 394 446 634 8 0.0535 626 0 869 202 3 0.0530 451 790 698 1023 11 0.0528 187 400 449 635 10 0.0528 320 591 575 831 7 0.0527 625 0 881 203 9 0.0526 319 648 577 880 2 0.0522 326 654 580 894 7 0.0519 255 713 525 957 8 0.0505 504 804 742 1023 13 0.0502 263 709 529 956
2tRGjsAIWDU0MttlUszSRPAlqy4K9N9o,8 0.0572 705 592 937 831 6 0.0558 639 592 886 819 5 0.0558 632 584 880 822 11 0.0552 701 596 952 830 0 0.0550 706 592 945 832 11 0.0548 628 673 880 909 13 0.0546 636 591 893 822 8 0.0543 249 447 505 691 11 0.0538 247 449 513 689 11 0.0536 409 478 780 669 0 0.0532 252 447 508 690 8 0.0527 636 675 869 915 7 0.0523 571 587 812 825 5 0.0521 243 447 513 687 0 0.0520 567 590 809 826 6 0.0517 607 537 969 723 0 0.0517 414 476 775 670 11 0.0516 184 129 444 375 5 0.0516 592 537 956 723 8 0.0511 567 589 802 821 13 0.0510 253 213 497 449 2 0.0509 637 594 883 823 10 0.0508 250 456 516 692 7 0.0507 13 410 274 657 11 0.0504 594 541 971 723 8 0.0504 254 213 483 445 0 0.0504 631 669 878 916 7 0.0502 635 676 885 914 10 0.0500 413 478 782 667
Mz7vsZF2quIMmfimQ0bjgBOdeElzRkFa,5 0.0598 296 201 576 437 5 0.0587 503 265 757 500 11 0.0585 240 152 526 387 5 0.0583 237 580 487 832 8 0.0578 240 588 484 834 0 0.0565 305 206 577 438 7 0.0563 244 209 514 450 8 0.0562 243 275 500 507 11 0.0559 177 294 445 531 6 0.0555 251 214 516 449 6 0.0554 387 225 649 449 8 0.0552 511 219 755 448 8 0.0550 379 226 638 450 0 0.0544 240 584 494 843 13 0.0544 384 225 649 449 0 0.0537 301 334 563 572 5 0.0534 235 269 505 507 0 0.0530 183 217 449 454 11 0.0522 233 407 501 640 3 0.0521 307 209 583 443 2 0.0521 383 231 646 451 7 0.0520 386 223 649 454 5 0.0516 565 206 828 435 13 0.0514 308 272 584 509 8 0.0513 374 340 623 569 5 0.0510 374 330 630 570 8 0.0502 237 404 491 642 6 0.0502 187 298 453 530 13 0.0502 381 336 640 573 5 0.0501 372 644 618 886
2SIxbRB8km1SG0JQi3YAxTLGOKGZC9D9,11 0.0639 301 806 561 1022 8 0.0625 306 805 554 1023 11 0.0624 762 12 1014 257 7 0.0623 306 803 567 1023 5 0.0613 764 6 1014 259 5 0.0599 240 725 489 962 5 0.0597 298 799 558 1021 5 0.0589 699 77 943 313 11 0.0581 364 744 616 956 7 0.0579 247 731 494 966 0 0.0575 763 11 1014 263 6 0.0574 766 12 1018 258 10 0.0566 244 736 493 964 7 0.0566 305 668 565 893 13 0.0562 771 11 1019 263 10 0.0561 760 14 1013 259 8 0.0558 246 733 487 966 8 0.0558 766 10 1009 259 0 0.0558 246 731 495 971 11 0.0558 304 670 563 891 11 0.0555 241 734 495 960 8 0.0553 698 78 937 311 3 0.0551 700 81 943 315 3 0.0551 307 804 563 1023 13 0.0551 702 80 950 316 13 0.0550 307 801 568 1023 8 0.0548 368 742 610 960 0 0.0544 305 806 563 1023 3 0.0540 767 11 1015 265 6 0.0539 303 806 562 1023 7 0.0535 371 742 623 962 11 0.0526 696 82 942 311 0 0.0521 307 668 562 900 6 0.0519 246 733 496 964 10 0.0519 303 807 563 1021 0 0.0518 368 744 618 964 7 0.0516 699 3 944 244 0 0.0516 357 578 610 810 2 0.0512 763 13 1017 259 0 0.0510 696 80 942 315 8 0.0509 309 668 552 894 6 0.0507 369 743 623 959 9 0.0502 300 806 565 1021
G5Xt3AD5K9sBqxE03h5ohdDnhLMLKCQr,8 0.0641 683 143 937 376 0 0.0597 683 144 945 379 5 0.0591 765 10 1014 250 5 0.0583 681 143 941 375 0 0.0578 253 289 505 519 11 0.0567 685 146 944 372 7 0.0562 117 808 371 1023 11 0.0554 2 1 256 198 11 0.0551 93 532 379 756 11 0.0548 764 13 1021 249 8 0.0548 770 13 1015 250 6 0.0542 687 143 948 377 0 0.0541 768 14 1019 258 7 0.0538 688 142 946 377 10 0.0536 682 146 942 377 5 0.0531 245 284 498 516 11 0.0524 109 812 370 1021 8 0.0524 7 0 237 200 3 0.0524 257 288 504 522 5 0.0523 112 807 362 1017 11 0.0518 2 539 252 772 3 0.0514 685 147 943 381 6 0.0513 99 532 386 762 13 0.0512 684 146 952 379 6 0.0512 771 14 1023 252 0 0.0503 182 226 442 453 8 0.0502 254 288 496 520 6 0.0502 2 3 251 203
aBTNtGOJrlklPCO3hlzJbiSeXYo8NQSF,8 0.0584 436 531 684 753 8 0.0571 177 663 419 890 7 0.0560 439 532 696 757 0 0.0556 434 530 693 759 11 0.0541 430 532 687 754 11 0.0517 174 667 429 888 11 0.0507 502 455 766 690 8 0.0503 511 457 760 690
oEg2vAWJAxsjWOqJFlZtMssp1f3uMOTG,0 0.0669 186 657 439 903 5 0.0642 180 653 436 901 8 0.0633 188 656 432 901 10 0.0619 122 595 373 824 11 0.0611 180 657 438 904 5 0.0611 326 666 699 851 5 0.0605 119 584 371 823 0 0.0597 126 590 374 828 11 0.0589 325 669 705 851 0 0.0588 333 666 708 855 6 0.0586 186 656 441 902 7 0.0584 185 655 440 905 11 0.0581 119 591 375 822 7 0.0579 126 588 378 825 10 0.0579 181 659 438 902 6 0.0578 125 590 377 825 7 0.0574 340 667 712 852 8 0.0567 335 667 695 851 3 0.0565 188 656 438 907 8 0.0562 126 589 369 824 6 0.0556 334 669 710 852 11 0.0553 128 782 371 1013 13 0.0543 128 651 377 894 3 0.0542 336 669 710 857 11 0.0534 245 476 501 700 13 0.0533 339 669 713 853 3 0.0521 126 588 373 833 10 0.0520 331 671 703 852 1 0.0515 182 651 437 906 2 0.0506 186 660 440 905 9 0.0500 183 657 438 899
N2U13duK0ff6bTiykr4RnXG5Mt5RM14j,7 0.0592 387 1 646 197 8 0.0586 384 0 637 196 11 0.0585 631 477 891 710 3 0.0578 389 0 645 200 13 0.0577 118 354 392 600 11 0.0574 108 351 388 589 5 0.0571 176 398 441 648 0 0.0569 109 351 387 597 3 0.0569 261 388 526 648 8 0.0569 188 401 435 650 0 0.0569 499 461 753 708 11 0.0567 379 1 647 197 13 0.0562 386 1 650 197 11 0.0559 258 386 524 640 11 0.0557 501 462 755 702 5 0.0553 255 456 518 703 0 0.0550 325 462 581 700 11 0.0548 171 195 448 446 5 0.0547 378 0 643 196 0 0.0546 382 0 646 197 11 0.0546 253 255 522 498 5 0.0546 371 532 625 770 7 0.0545 262 458 524 709 7 0.0543 180 520 446 767 0 0.0543 431 543 684 785 8 0.0543 633 473 886 715 10 0.0541 378 3 647 193 11 0.0540 245 525 508 771 11 0.0540 320 459 585 702 6 0.0539 639 475 892 715 0 0.0535 118 485 373 728 7 0.0534 184 401 447 653 13 0.0534 263 460 522 709 6 0.0533 506 460 756 708 11 0.0531 373 729 631 956 10 0.0531 248 530 512 772 0 0.0530 266 387 522 642 5 0.0529 629 473 887 711 11 0.0529 372 539 635 769 13 0.0526 53 434 340 672 11 0.0525 111 486 374 723 8 0.0524 328 460 571 700 11 0.0523 237 726 502 954 3 0.0521 117 354 387 599 8 0.0519 112 146 375 393 5 0.0517 433 392 691 647 3 0.0517 323 462 586 709 5 0.0514 113 477 365 726 0 0.0514 637 479 890 715 6 0.0511 386 0 652 197 8 0.0511 508 391 751 638 6 0.0511 117 348 392 592 0 0.0511 178 192 438 458 5 0.0509 263 411 630 600 0 0.0509 247 582 491 822 5 0.0509 174 190 433 447 10 0.0508 273 420 639 599 3 0.0506 642 477 891 719 7 0.0506 304 657 560 886 5 0.0504 243 576 492 817 7 0.0503 515 389 760 638 3 0.0503 181 529 441 772 0 0.0503 258 256 518 503 0 0.0502 502 328 759 576
aFcvSDJL5maZS7JRrzOcXPJEp4C9RO2I,5 0.0657 374 263 633 505 11 0.0652 319 273 573 505 5 0.0628 302 333 558 582 5 0.0614 246 267 499 509 11 0.0612 445 271 705 510 11 0.0610 240 343 497 582 11 0.0603 390 214 647 438 8 0.0600 231 596 484 841 8 0.0600 319 467 559 713 6 0.0599 368 545 644 784 0 0.0597 322 271 571 509 8 0.0597 374 395 623 638 5 0.0596 220 661 479 910 3 0.0592 312 339 564 590 5 0.0587 306 459 565 717 5 0.0585 329 201 572 432 11 0.0584 304 407 562 643 6 0.0577 245 338 501 585 0 0.0577 368 543 641 788 8 0.0576 242 403 487 643 11 0.0574 309 537 569 784 8 0.0574 380 264 633 511 11 0.0573 262 209 506 443 0 0.0567 241 338 498 587 0 0.0565 440 326 694 571 3 0.0563 443 326 694 575 6 0.0562 308 406 563 644 5 0.0562 452 202 705 438 5 0.0562 545 520 811 765 5 0.0562 389 142 635 361 5 0.0561 295 601 561 856 5 0.0559 234 398 488 642 5 0.0558 362 534 636 786 7 0.0557 443 326 698 569 0 0.0557 306 406 562 649 11 0.0556 235 466 488 706 3 0.0555 258 273 502 519 3 0.0554 316 467 568 719 8 0.0552 355 608 624 837 11 0.0550 230 596 489 839 5 0.0547 230 521 487 775 6 0.0546 265 205 508 443 7 0.0541 311 339 565 587 13 0.0541 378 398 637 641 6 0.0538 305 605 569 852 6 0.0538 178 400 424 634 6 0.0536 391 213 649 439 6 0.0536 439 328 699 568 10 0.0536 243 344 500 583 7 0.0535 243 402 494 644 6 0.0535 323 272 573 506 7 0.0533 228 665 487 914 8 0.0533 255 269 499 513 8 0.0532 300 675 561 921 11 0.0532 175 400 425 633 7 0.0531 254 272 504 515 7 0.0530 375 398 636 644 7 0.0530 466 1 706 207 0 0.0529 262 207 510 448 3 0.0529 244 403 492 648 8 0.0528 178 335 414 578 0 0.0527 305 606 565 858 13 0.0526 248 339 504 589 6 0.0524 239 465 486 706 5 0.0523 320 0 564 204 11 0.0521 361 465 635 706 10 0.0520 363 548 644 782 13 0.0520 329 271 576 508 3 0.0520 341 208 575 447 10 0.0519 223 672 486 907 2 0.0519 321 275 570 506 13 0.0519 442 327 699 566 0 0.0518 392 211 644 440 0 0.0517 179 400 423 637 7 0.0517 520 227 780 453 0 0.0516 509 229 772 457 2 0.0515 459 217 712 442 10 0.0514 321 277 575 505 3 0.0513 233 596 491 850 10 0.0512 393 214 650 436 7 0.0512 177 335 421 579 10 0.0512 448 272 709 508 7 0.0509 337 208 581 437 13 0.0507 227 666 497 914
wy9IkLxAt3rrNyvTszFujWkfPZUASiP8,5 0.0648 191 0 564 142 8 0.0646 203 0 561 143 11 0.0639 196 2 570 143 0 0.0628 201 0 570 144 8 0.0628 312 77 566 315 0 0.0609 310 75 568 318 11 0.0605 308 74 571 316 3 0.0601 198 0 572 146 5 0.0597 639 452 891 701 6 0.0596 203 0 573 144 13 0.0581 314 70 578 319 13 0.0577 629 610 880 842 0 0.0572 113 512 368 756 11 0.0568 621 604 874 839 5 0.0568 305 68 566 315 12 0.0567 202 0 570 144 11 0.0561 638 454 894 699 13 0.0559 205 0 577 146 2 0.0558 202 1 570 144 10 0.0552 197 4 567 141 6 0.0552 315 74 574 316 10 0.0551 312 79 573 317 8 0.0549 624 602 866 847 8 0.0547 644 453 887 703 13 0.0546 649 459 900 705 7 0.0546 202 0 578 143 5 0.0545 618 603 870 843 0 0.0544 642 457 893 705 10 0.0538 625 607 872 847 8 0.0535 516 467 755 721 3 0.0534 314 70 569 322 9 0.0530 198 0 567 141 13 0.0529 176 520 448 767 11 0.0527 107 466 376 698 4 0.0521 200 3 577 143 11 0.0516 169 527 440 760 11 0.0515 176 73 436 321 7 0.0514 626 604 880 847 1 0.0511 192 0 564 144 10 0.0511 644 457 895 704 9 0.0509 307 74 573 309 8 0.0509 182 74 427 327 6 0.0508 523 469 764 718 10 0.0505 181 78 432 325 11 0.0504 111 589 377 823 2 0.0503 312 79 566 316 7 0.0503 524 463 767 719
9Lmpsnvg20jyxLIvnPDdeaSDQd9hKUA2,11 0.0579 375 461 628 706 8 0.0562 382 457 618 706 11 0.0548 623 470 882 705 7 0.0534 383 458 635 704 13 0.0525 628 470 891 710 13 0.0521 380 460 631 707 5 0.0519 619 464 879 704 6 0.0515 382 458 629 706 3 0.0510 382 459 629 711 6 0.0504 633 466 887 708 13 0.0503 572 0 934 164 7 0.0502 628 468 885 708 3 0.0501 634 468 881 712
vMCfjHcOUxRzSL4afpbuHt7qW1FrhGbG,14 1.0 0 0 1 1
bE7WC9JE2YswZcHt6aVLhADgDrZyS88f,11 0.0650 58 468 326 704 8 0.0643 190 778 429 1022 11 0.0610 124 710 368 952 8 0.0608 188 655 433 908 7 0.0604 190 780 437 1023 11 0.0602 190 783 434 1022 0 0.0601 192 781 435 1023 7 0.0600 134 580 381 832 7 0.0598 127 705 371 957 8 0.0592 130 448 378 687 5 0.0591 188 780 431 1019 0 0.0591 123 707 368 955 0 0.0590 126 452 386 691 11 0.0589 127 585 378 827 5 0.0576 184 654 436 906 11 0.0575 185 519 437 759 10 0.0564 186 659 441 907 0 0.0562 126 582 378 830 8 0.0560 312 788 554 1023 8 0.0559 189 516 428 760 6 0.0558 191 783 436 1023 8 0.0555 129 581 370 828 7 0.0553 312 789 567 1023 6 0.0553 126 709 371 953 0 0.0552 189 518 439 763 11 0.0551 310 794 562 1020 11 0.0550 372 510 619 754 3 0.0549 130 446 383 693 13 0.0543 644 2 1023 153 13 0.0541 193 783 438 1023 5 0.0536 631 0 1017 150 8 0.0534 642 0 1011 150 8 0.0534 721 49 1010 222 7 0.0529 194 512 442 760 11 0.0527 181 405 440 627 2 0.0525 188 784 438 1023 11 0.0523 488 596 748 811 10 0.0522 188 786 435 1019 7 0.0520 379 504 624 755 5 0.0520 713 47 1019 223 3 0.0519 192 780 436 1023 0 0.0519 373 510 624 759 5 0.0519 59 463 323 710 11 0.0518 630 1 1022 149 0 0.0516 312 794 563 1023 13 0.0515 191 656 446 911 3 0.0514 192 654 442 913 7 0.0514 499 588 748 813 6 0.0514 64 469 334 711 10 0.0512 61 473 324 709 6 0.0510 128 584 382 831 0 0.0508 637 0 1023 154 7 0.0508 133 446 393 688 13 0.0507 724 49 1023 226 6 0.0505 638 2 1023 152 10 0.0502 179 456 435 681
XpM0G7ksOCcjOFmnJNZydkEg9lcqvWLy,0 0.0595 182 331 443 575 5 0.0592 244 191 507 431 5 0.0591 173 392 438 632 6 0.0588 189 331 445 573 0 0.0583 250 260 518 501 5 0.0581 244 326 514 566 11 0.0573 187 271 441 509 8 0.0571 513 408 757 649 11 0.0571 249 336 516 562 0 0.0567 183 198 434 445 6 0.0562 256 262 521 496 8 0.0562 191 267 440 512 8 0.0556 250 331 508 567 3 0.0551 248 334 518 570 7 0.0549 256 330 519 567 5 0.0546 184 268 440 509 11 0.0534 176 399 437 635 13 0.0533 192 269 450 515 8 0.0531 177 393 432 635 8 0.0531 252 193 503 431 11 0.0531 691 213 953 455 7 0.0530 195 267 447 511 6 0.0525 191 199 442 440 11 0.0525 249 196 512 428 10 0.0523 183 338 442 573 0 0.0522 508 409 765 648 6 0.0516 267 136 514 373 0 0.0515 258 135 506 380 10 0.0513 250 266 516 497
xyOo85Ak2nGXoeGOY4xZUUPWCQhWQgFT,11 0.0571 302 205 572 440 5 0.0570 305 122 577 362 5 0.0558 358 199 630 430 0 0.0548 311 128 581 370 7 0.0529 317 124 582 363 0 0.0527 239 75 511 304 0 0.0526 131 401 388 652 11 0.0522 133 405 396 645 8 0.0516 247 72 500 300 6 0.0509 314 124 583 364 6 0.0508 183 468 441 710 8 0.0508 316 124 575 365 11 0.0508 174 193 449 427 5 0.0507 227 186 507 420
b1x1lLn3lDpgt4YiBweej2CAcge79sDY,11 0.0601 165 464 442 705 0 0.0580 108 454 390 695 5 0.0574 247 516 500 777 13 0.0574 180 464 448 706 11 0.0571 243 526 504 776 11 0.0551 139 419 523 586 6 0.0550 119 454 399 698 8 0.0549 251 524 494 782 0 0.0547 252 527 503 781 11 0.0544 105 539 390 772 0 0.0543 145 418 521 593 0 0.0539 0 1 258 218 5 0.0536 162 461 433 700 11 0.0533 246 787 496 1011 8 0.0529 170 462 434 709 13 0.0528 117 538 394 773 7 0.0525 445 586 698 811 13 0.0522 321 457 578 690 5 0.0519 243 779 492 1015 10 0.0512 248 534 502 778 7 0.0510 116 453 398 695 13 0.0509 155 415 538 593 13 0.0506 253 523 509 784 7 0.0505 319 520 573 768 0 0.0505 509 530 757 763 11 0.0503 315 458 571 686 7 0.0500 515 527 763 757
StbHWb8mJUpGOu4VHShMwNwcqwEWXAgX,11 0.0644 432 277 677 501 11 0.0623 436 414 696 628 8 0.0592 313 448 550 699 0 0.0591 388 326 638 563 7 0.0588 446 340 693 564 5 0.0575 426 273 676 501 8 0.0568 445 338 682 563 11 0.0559 435 546 696 765 0 0.0557 316 393 566 639 11 0.0557 441 786 693 1009 11 0.0556 312 396 571 636 5 0.0554 368 440 622 690 6 0.0552 446 340 695 562 0 0.0550 442 412 699 632 7 0.0549 441 472 704 702 13 0.0544 324 331 580 571 10 0.0544 381 389 636 626 7 0.0540 315 444 561 701 11 0.0539 314 530 571 767 7 0.0539 378 528 630 762 13 0.0536 444 406 704 628 6 0.0536 316 448 562 702 13 0.0526 440 277 686 502 3 0.0526 441 278 679 509 7 0.0523 508 787 772 1020 8 0.0522 441 544 690 770 0 0.0520 439 540 698 772 3 0.0517 445 411 696 639 11 0.0517 484 626 732 836 10 0.0516 317 338 572 566 13 0.0514 439 543 705 773 3 0.0512 441 542 700 774 7 0.0511 489 673 754 893 5 0.0509 545 267 806 503 13 0.0508 320 529 575 779 11 0.0508 547 274 812 508 10 0.0507 314 450 559 697 3 0.0506 444 785 697 1020 10 0.0506 433 278 678 502 3 0.0502 318 398 567 646 8 0.0501 321 333 566 571 5 0.0501 254 439 510 688
xfKAnSNHAdStY6pDjo2r0aMs4vGbfhoy,5 0.0592 756 0 1021 194 7 0.0592 254 531 519 763 0 0.0578 252 607 522 842 11 0.0572 248 531 519 766 0 0.0565 193 144 452 370 8 0.0552 764 0 1016 196 0 0.0548 759 0 1023 201 7 0.0543 341 601 590 830 8 0.0543 187 737 436 951 5 0.0538 317 665 573 894 13 0.0534 184 800 454 1020 3 0.0525 257 530 519 771 7 0.0525 180 799 454 1020 11 0.0520 337 601 585 831 8 0.0519 256 530 507 767 11 0.0518 189 212 460 438 6 0.0518 768 1 1023 196 7 0.0517 189 598 443 828 0 0.0516 328 676 578 902 8 0.0512 341 598 576 830 13 0.0511 257 535 522 768 5 0.0510 247 604 515 834 5 0.0510 176 665 451 889 8 0.0506 198 210 445 442 5 0.0506 235 735 500 963 11 0.0506 758 6 1023 191 8 0.0501 183 596 433 828
WOlF927AWClqI1HzlxS1Xq1bA7AMXHmO,5 0.0579 241 260 492 499 8 0.0577 238 323 484 560 7 0.0556 250 263 500 500 7 0.0553 329 394 580 623 8 0.0538 323 395 570 622 10 0.0537 245 276 498 502 8 0.0536 250 216 485 452 13 0.0536 310 266 575 498 0 0.0526 323 398 579 624 0 0.0523 246 219 495 454 13 0.0521 328 396 586 623 11 0.0514 235 329 493 559 11 0.0506 242 223 491 450 3 0.0505 249 266 496 506 0 0.0504 237 326 492 561 3 0.0503 327 395 575 627 5 0.0501 319 392 578 621
O1YSH8CPJC7rarSdIo4oKJgNPDaZ28R6,11 0.0602 376 394 648 647 8 0.0574 61 597 307 828 11 0.0564 313 527 566 782 11 0.0563 58 599 315 828 11 0.0561 247 461 497 703 7 0.0560 74 682 430 855 0 0.0559 380 389 642 650 0 0.0554 251 460 491 704 8 0.0551 383 390 638 647 3 0.0549 384 390 645 651 10 0.0541 65 687 432 855 7 0.0539 254 521 499 776 0 0.0539 321 523 565 787 13 0.0538 382 395 649 649 8 0.0536 250 460 486 702 7 0.0535 378 392 647 649 8 0.0533 313 787 553 1013 3 0.0526 80 684 437 860 3 0.0523 253 529 494 784 5 0.0523 59 594 310 830 5 0.0519 374 383 640 643 13 0.0517 58 599 320 832 2 0.0512 249 469 493 703 7 0.0510 251 401 499 652 5 0.0507 248 455 491 700 11 0.0505 308 792 562 1014 6 0.0503 71 684 439 854
LRiFb6BhEMZy0YsaSIEuoRVVhxXiZpHA,0 0.0615 0 796 327 983 7 0.0577 245 783 501 1023 5 0.0577 237 783 490 1019 11 0.0572 240 786 497 1021 8 0.0549 243 786 489 1023 8 0.0548 0 792 311 981 6 0.0513 243 789 500 1022 0 0.0508 238 787 496 1023 13 0.0504 246 788 503 1023 11 0.0504 0 798 320 981
imA4Jcq6y2U1hH9js1wuzAMqpo7CkDPq,5 0.0677 181 641 429 886 7 0.0654 189 642 437 887 8 0.0653 183 642 430 886 11 0.0646 182 645 437 885 5 0.0644 34 683 374 863 8 0.0633 23 680 369 864 0 0.0627 182 642 435 889 8 0.0621 116 785 350 1018 0 0.0613 30 682 374 863 6 0.0599 184 646 438 886 11 0.0595 114 792 356 1018 10 0.0589 180 646 433 888 7 0.0582 181 786 422 1010 3 0.0581 189 643 436 891 0 0.0572 118 788 355 1022 11 0.0566 240 784 491 1007 13 0.0564 186 643 440 886 10 0.0564 29 689 374 864 0 0.0561 249 329 498 566 8 0.0561 241 775 481 1007 5 0.0560 233 777 484 1006 13 0.0559 120 795 362 1021 5 0.0544 113 787 353 1016 7 0.0544 36 684 378 861 0 0.0541 196 407 444 645 7 0.0538 202 403 445 639 11 0.0535 196 408 444 638 13 0.0534 244 784 497 1011 11 0.0533 305 333 574 555 1 0.0530 178 638 432 889 6 0.0529 118 795 359 1019 6 0.0528 199 410 445 639 0 0.0507 238 775 490 1009 0 0.0507 307 275 581 496 3 0.0505 121 792 356 1023 11 0.0504 121 355 388 580 2 0.0502 183 651 434 889
I3Ivi5GPuZ5Ohr0YD1c2axjhDjrh1347,5 0.0658 243 786 489 1015 7 0.0651 249 788 495 1017 11 0.0645 247 791 492 1015 8 0.0622 248 787 489 1016 0 0.0618 249 788 494 1018 10 0.0584 246 793 495 1016 6 0.0573 251 793 495 1017 3 0.0559 250 787 495 1023 11 0.0557 177 725 434 955 7 0.0555 190 721 440 956 0 0.0552 184 718 434 957 9 0.0546 247 790 496 1017 13 0.0540 252 792 499 1018 2 0.0529 248 794 496 1021 5 0.0528 176 717 429 955 10 0.0524 178 726 435 953 12 0.0519 253 787 497 1017 8 0.0509 181 720 427 957 1 0.0505 246 786 495 1018
ifYawt4zGHsdkrt8Fzp5EyZaoszG2lGh,11 0.0619 503 342 761 569 0 0.0616 440 345 694 576 5 0.0610 501 335 754 575 5 0.0603 387 330 637 566 8 0.0600 389 331 634 568 11 0.0598 332 334 586 574 0 0.0595 384 264 642 488 0 0.0590 509 284 765 513 0 0.0589 335 331 586 577 13 0.0587 385 395 636 632 8 0.0569 507 336 754 575 7 0.0567 509 339 762 574 11 0.0566 513 216 776 438 3 0.0562 394 331 640 571 2 0.0560 507 343 763 573 7 0.0558 392 258 643 486 3 0.0557 250 521 508 763 10 0.0555 334 338 585 577 8 0.0555 327 394 564 639 2 0.0554 389 340 640 568 5 0.0552 323 391 568 636 6 0.0552 443 346 700 574 13 0.0552 517 285 772 513 8 0.0546 333 261 584 493 13 0.0543 325 454 578 706 0 0.0543 324 454 574 705 13 0.0542 388 258 648 485 8 0.0542 252 517 502 758 5 0.0536 245 516 505 755 11 0.0536 316 460 575 699 5 0.0536 255 262 507 496 5 0.0535 371 465 628 694 6 0.0535 337 334 590 576 3 0.0534 508 340 759 578 10 0.0534 384 263 641 485 6 0.0530 518 284 772 508 8 0.0530 376 466 623 698 13 0.0529 253 516 516 762 6 0.0529 388 261 650 486 7 0.0527 377 468 636 700 3 0.0526 325 396 574 642 10 0.0525 321 461 574 702 0 0.0523 115 349 374 579 12 0.0522 339 332 588 580 13 0.0521 264 265 524 502 7 0.0521 328 395 574 640 10 0.0520 438 350 697 572 6 0.0518 251 520 513 758 5 0.0516 449 208 706 431 0 0.0516 252 517 509 759 3 0.0512 335 263 589 501 7 0.0511 252 520 512 759 0 0.0511 260 265 516 501 10 0.0511 512 288 762 509 11 0.0510 249 519 514 757 3 0.0509 379 468 634 701 0 0.0507 60 477 319 709 6 0.0504 322 458 577 702
60TAo7AXWsECxOXqdi1jFLjSjG2N4hUX,5 0.0552 385 520 652 773 0 0.0524 436 724 692 960 11 0.0520 447 548 715 775 6 0.0510 385 527 663 773 0 0.0509 47 604 313 844 0 0.0506 389 454 652 702 11 0.0501 383 460 655 697
CA6R3zsaEVvlegoQZ1HcnJmGfgGaEaJc,11 0.0551 366 595 627 832 5 0.0527 366 639 632 891 8 0.0520 116 597 362 839 7 0.0508 321 587 577 842 0 0.0502 113 605 370 842
wdwpLa6VFqqmJu16dXhmigYLwxwSJmLb,8 0.0621 585 331 822 567 6 0.0600 640 10 884 250 11 0.0595 447 461 700 687 7 0.0591 243 321 501 564 11 0.0586 245 466 515 701 8 0.0583 637 7 873 249 5 0.0581 241 257 500 503 5 0.0573 581 326 828 566 0 0.0570 239 325 502 561 5 0.0568 434 510 697 755 11 0.0567 239 331 503 561 11 0.0566 234 2 497 198 6 0.0563 443 521 705 754 7 0.0560 640 6 883 253 5 0.0559 232 0 495 199 8 0.0558 250 462 506 702 11 0.0557 631 76 879 312 6 0.0555 244 327 503 564 8 0.0555 571 213 828 452 13 0.0555 254 462 520 703 7 0.0552 500 514 763 758 8 0.0552 241 326 494 565 11 0.0552 582 334 833 561 5 0.0548 244 455 511 703 0 0.0548 243 0 495 202 3 0.0546 237 330 498 573 6 0.0544 241 0 504 199 6 0.0542 250 461 520 701 0 0.0538 640 7 881 252 0 0.0537 248 462 518 703 11 0.0536 245 587 508 837 6 0.0536 254 581 514 837 13 0.0535 243 327 506 566 3 0.0531 251 465 516 707 13 0.0531 241 0 503 202 13 0.0528 636 72 886 314 5 0.0528 634 4 878 250 6 0.0526 637 142 893 376 8 0.0525 495 517 750 755 7 0.0523 256 525 521 784 11 0.0523 299 661 569 902 6 0.0522 370 653 631 898 8 0.0521 248 581 502 837 13 0.0521 497 519 765 750 3 0.0520 592 329 832 575 3 0.0520 317 0 572 201 11 0.0520 233 719 494 954 10 0.0516 246 267 504 503 5 0.0515 363 713 628 964 11 0.0514 632 207 898 441 3 0.0514 452 460 703 701 0 0.0513 251 582 511 839 8 0.0513 318 0 563 199 11 0.0513 435 805 702 1023 0 0.0512 583 335 831 566 13 0.0511 369 652 631 901 8 0.0511 369 722 621 965 10 0.0510 637 12 878 248 11 0.0509 362 581 627 822 5 0.0508 565 143 841 390 8 0.0506 701 63 930 306 0 0.0504 443 463 699 692 5 0.0504 364 568 628 822 7 0.0504 443 801 707 1023 3 0.0503 631 147 892 388 8 0.0503 630 147 877 379 10 0.0500 248 469 516 701
rYBffohTzdMrU3iZ56JFGP7gDZZaF9k8,5 0.0615 306 321 562 565 5 0.0611 172 526 444 769 5 0.0598 181 387 438 632 11 0.0573 308 325 567 563 0 0.0571 311 324 562 567 5 0.0570 109 589 370 831 7 0.0563 174 595 438 836 8 0.0560 114 468 363 725 8 0.0559 186 381 431 639 11 0.0559 111 473 375 720 3 0.0558 252 324 508 574 5 0.0556 235 257 502 501 7 0.0556 506 670 769 897 13 0.0547 119 594 377 836 0 0.0546 183 527 448 774 11 0.0545 312 202 577 445 7 0.0545 313 323 568 567 8 0.0544 312 323 557 564 11 0.0544 161 596 437 832 8 0.0544 365 255 626 484 0 0.0543 557 733 835 960 0 0.0542 239 259 505 505 0 0.0541 374 149 635 381 0 0.0539 501 671 761 900 5 0.0537 496 663 760 895 13 0.0536 183 530 451 775 2 0.0536 312 332 564 566 0 0.0534 188 326 437 581 11 0.0532 185 323 439 575 3 0.0531 188 390 440 640 10 0.0531 240 269 502 504 13 0.0531 312 255 576 503 10 0.0530 181 536 446 773 0 0.0530 117 471 371 721 11 0.0530 373 666 638 895 8 0.0528 179 527 440 775 8 0.0527 503 670 755 896 5 0.0527 361 245 628 486 0 0.0526 367 251 633 490 5 0.0523 366 138 630 379 11 0.0523 237 260 507 500 11 0.0523 559 800 823 1020 13 0.0522 188 390 445 644 8 0.0522 376 147 627 375 7 0.0521 187 386 440 636 11 0.0520 424 214 701 434 7 0.0520 309 662 589 902 5 0.0516 371 654 634 889 6 0.0516 310 258 574 496 8 0.0514 0 652 242 872 13 0.0511 256 325 514 575 3 0.0511 171 601 433 840 3 0.0509 305 257 567 502 2 0.0508 187 392 441 634 2 0.0506 316 206 577 448 8 0.0506 556 732 830 960 5 0.0504 553 791 819 1018 8 0.0504 111 593 365 832 6 0.0502 258 323 512 569 6 0.0502 175 655 434 894 8 0.0501 241 262 495 503 10 0.0501 186 396 439 638 2 0.0501 376 151 635 377 0 0.0501 174 651 440 892
K3x9sQ3ax7nuKVUy3q3DI2VsEchxHyWx,11 0.0642 318 321 580 566 5 0.0628 201 344 569 538 8 0.0604 506 393 750 636 8 0.0601 452 269 702 497 11 0.0591 182 335 447 571 11 0.0588 443 334 694 564 5 0.0584 448 265 701 495 5 0.0582 173 387 439 643 3 0.0575 256 411 624 598 7 0.0575 457 270 709 497 7 0.0575 258 409 626 595 0 0.0573 507 401 756 641 8 0.0571 179 331 438 579 0 0.0568 321 391 580 640 6 0.0565 268 310 524 563 8 0.0563 379 389 630 629 6 0.0562 457 275 712 496 8 0.0561 271 344 610 532 13 0.0558 260 410 633 596 0 0.0555 188 333 443 575 11 0.0555 263 472 654 651 7 0.0553 511 394 762 636 1 0.0551 258 307 518 562 6 0.0551 276 472 657 653 10 0.0551 209 354 571 540 7 0.0549 187 331 446 571 13 0.0545 189 335 448 575 11 0.0537 505 398 756 633 0 0.0534 441 337 696 569 8 0.0534 640 287 884 530 3 0.0533 447 334 694 572 6 0.0531 440 392 697 633 5 0.0529 635 283 886 527 11 0.0526 638 290 892 525 5 0.0519 103 336 375 574 5 0.0517 562 396 800 637 8 0.0516 106 407 369 652 5 0.0513 267 467 647 651 3 0.0511 644 291 891 537 6 0.0510 570 402 811 639 2 0.0509 271 348 618 531 10 0.0509 443 340 697 569 8 0.0509 436 470 677 706 3 0.0508 511 398 754 640 2 0.0506 456 280 705 500 5 0.0503 436 385 687 635 9 0.0501 260 314 519 556 11 0.0501 185 223 444 450
vMTETeziKRywEvIz1t3LFVFfTmYNC7KI,8 0.0583 511 586 757 819 5 0.0578 243 127 508 371 8 0.0578 313 3 571 202 11 0.0574 572 469 829 718 8 0.0571 505 465 755 710 11 0.0566 308 0 576 200 11 0.0563 437 543 707 769 5 0.0561 296 28 567 254 0 0.0560 435 411 710 646 13 0.0555 305 34 576 259 13 0.0551 506 470 768 713 0 0.0544 311 0 578 206 5 0.0532 567 466 820 717 13 0.0531 508 586 771 822 3 0.0526 317 1 579 208 11 0.0524 431 409 708 642 10 0.0518 313 5 578 201 8 0.0518 243 134 505 374 5 0.0512 213 279 556 463 6 0.0511 372 80 634 293 5 0.0511 380 0 637 197 13 0.0506 247 131 525 379 6 0.0503 389 0 646 196 11 0.0503 237 133 518 368
NkWoLGzfaBRzXG0p4Cx0Sq0loheIkXxt,8 0.0639 439 393 685 645 8 0.0639 578 465 836 700 5 0.0639 432 74 696 313 11 0.0637 430 78 701 315 5 0.0630 566 391 831 628 5 0.0623 576 518 834 758 5 0.0614 562 66 827 303 5 0.0611 434 448 689 688 5 0.0610 361 6 629 249 3 0.0605 576 394 831 637 11 0.0604 497 2 766 192 8 0.0604 246 453 503 709 8 0.0601 368 8 625 249 3 0.0601 372 9 632 257 11 0.0601 363 8 630 248 11 0.0596 435 453 690 691 0 0.0595 508 202 752 439 0 0.0595 233 522 506 769 8 0.0594 436 79 696 316 6 0.0593 505 69 758 313 11 0.0592 172 459 414 695 0 0.0591 437 455 690 690 8 0.0590 632 322 879 567 5 0.0586 501 131 761 379 0 0.0585 368 9 632 247 7 0.0583 178 455 416 695 0 0.0580 502 1 762 192 0 0.0580 443 334 698 576 3 0.0577 507 4 766 198 8 0.0577 571 599 820 833 11 0.0577 564 73 832 306 6 0.0575 373 64 629 298 0 0.0573 573 395 831 634 8 0.0573 630 183 878 438 11 0.0573 503 138 761 382 0 0.0570 176 453 415 697 13 0.0570 503 70 764 314 8 0.0569 500 1 759 191 10 0.0568 438 83 699 318 7 0.0568 571 392 834 629 10 0.0568 574 471 841 699 5 0.0568 499 0 763 191 3 0.0567 442 452 691 696 6 0.0567 504 1 766 193 6 0.0566 573 597 828 832 11 0.0566 232 519 506 764 5 0.0565 623 321 885 561 13 0.0564 502 1 771 191 0 0.0563 502 71 758 313 11 0.0562 573 467 841 699 10 0.0562 436 455 693 690 3 0.0561 442 77 701 322 0 0.0561 570 136 826 378 3 0.0561 507 136 763 388 9 0.0560 500 0 768 186 5 0.0559 229 587 501 833 13 0.0558 585 526 846 766 3 0.0557 249 453 508 718 0 0.0557 434 137 702 384 8 0.0557 571 69 826 307 3 0.0556 590 518 838 773 11 0.0556 442 333 699 572 10 0.0556 365 18 630 248 7 0.0555 439 449 691 691 7 0.0554 505 0 767 192 8 0.0552 376 136 628 375 2 0.0551 578 474 838 700 13 0.0551 570 133 833 381 6 0.0548 443 454 696 691 9 0.0548 503 135 760 377 10 0.0547 502 140 760 381 13 0.0546 576 395 841 632 7 0.0546 507 132 762 382 6 0.0545 634 184 892 436 0 0.0544 569 598 824 839 5 0.0544 236 451 504 710 10 0.0543 571 604 820 833 2 0.0543 511 204 755 434 2 0.0542 440 82 700 313 13 0.0542 372 8 638 250 8 0.0542 505 134 755 381 6 0.0541 575 393 837 628 10 0.0540 172 460 413 694 5 0.0540 438 328 694 569 2 0.0537 501 5 763 191 7 0.0536 373 7 636 249 7 0.0535 440 77 702 315 6 0.0534 637 324 893 564
vd3vxMd1WCLCMxd2EaC03fP2eLZ40FYK,0 0.0623 190 320 439 569 11 0.0622 194 195 444 449 11 0.0616 252 324 512 555 5 0.0615 182 320 441 568 8 0.0608 255 319 503 558 8 0.0603 236 0 487 197 13 0.0602 191 322 444 573 5 0.0598 230 0 490 193 8 0.0595 183 391 432 641 6 0.0594 249 185 505 432 11 0.0588 300 398 568 632 5 0.0588 240 57 502 322 3 0.0586 188 323 443 575 0 0.0582 239 0 496 197 3 0.0580 244 253 504 497 0 0.0576 199 197 439 455 6 0.0576 194 321 445 571 7 0.0576 252 391 505 637 6 0.0570 250 62 511 322 7 0.0570 192 319 443 572 10 0.0566 250 397 505 630 10 0.0559 188 327 439 568 8 0.0557 306 398 557 635 5 0.0556 238 251 499 486 5 0.0556 244 387 503 630 13 0.0551 238 2 499 198 13 0.0550 256 392 510 636 8 0.0548 114 328 371 576 8 0.0544 197 192 436 452 6 0.0544 237 0 497 193 13 0.0543 245 253 509 491 0 0.0542 511 401 767 634 3 0.0540 240 0 493 201 11 0.0539 111 334 380 570 10 0.0534 244 257 502 488 0 0.0532 250 391 503 633 3 0.0532 307 394 568 640 11 0.0528 305 1 565 200 7 0.0525 248 251 506 491 8 0.0523 514 400 758 633 11 0.0521 176 397 441 638 11 0.0519 321 353 687 534 6 0.0517 253 392 508 633 6 0.0517 510 468 767 706 5 0.0515 508 396 763 632 11 0.0515 255 125 515 386 7 0.0512 348 414 702 609 8 0.0509 184 62 430 325 0 0.0509 334 418 696 608 5 0.0508 266 471 637 661 5 0.0507 105 389 371 645 11 0.0507 511 400 767 630 0 0.0506 250 62 504 327 5 0.0505 564 476 828 700 8 0.0505 375 0 627 201
T6hu63qKMz8aPTOSNoqILU4B8YORWhWG,8 0.0689 198 62 444 303 0 0.0679 190 195 444 434 8 0.0660 189 189 438 438 5 0.0656 184 189 441 433 11 0.0652 240 202 517 431 11 0.0645 564 470 819 698 8 0.0639 251 268 506 510 0 0.0634 198 63 447 300 11 0.0632 312 283 579 509 0 0.0625 565 468 815 702 8 0.0622 301 78 549 291 11 0.0620 445 455 701 694 8 0.0612 305 205 567 436 5 0.0611 242 61 508 293 0 0.0610 304 78 558 290 0 0.0610 303 209 575 435 7 0.0605 189 124 442 365 11 0.0605 182 1 447 236 6 0.0604 255 130 510 354 11 0.0602 182 259 435 508 5 0.0599 294 207 568 430 3 0.0599 249 200 515 441 5 0.0596 244 269 506 506 7 0.0594 511 467 763 700 13 0.0592 187 2 450 238 13 0.0592 317 284 584 512 13 0.0591 246 204 517 435 3 0.0590 191 0 444 244 7 0.0589 253 272 512 510 5 0.0588 181 0 443 235 5 0.0580 439 0 702 205 7 0.0579 623 475 884 700 5 0.0579 565 464 815 700 8 0.0578 508 466 754 698 10 0.0576 562 475 814 701 6 0.0575 190 0 451 235 0 0.0574 446 455 695 699 10 0.0572 246 209 517 434 0 0.0571 250 272 511 511 8 0.0566 493 272 743 495 0 0.0565 551 337 823 564 11 0.0562 137 69 394 309 8 0.0561 119 2 370 198 5 0.0560 494 267 750 499 7 0.0560 190 0 446 236 8 0.0559 317 339 569 572 3 0.0556 513 466 760 704 3 0.0555 317 280 580 518 10 0.0555 317 286 580 507 7 0.0555 305 206 578 434 5 0.0550 547 331 822 560 0 0.0550 123 1 379 199 2 0.0547 506 473 760 699 8 0.0546 555 334 816 562 10 0.0545 445 457 700 697 6 0.0545 570 474 823 701 11 0.0544 551 340 824 558 7 0.0543 293 122 558 342 13 0.0543 189 258 435 514 11 0.0541 297 79 560 286 3 0.0541 311 77 561 294 7 0.0539 318 341 575 572 1 0.0538 562 462 813 699 0 0.0536 491 275 750 499 6 0.0536 317 286 580 513 3 0.0535 189 261 431 518 5 0.0535 310 337 569 570 10 0.0535 201 67 450 299 13 0.0534 628 480 890 700 2 0.0533 190 5 444 239 5 0.0532 442 451 697 694 12 0.0528 572 467 818 704 6 0.0528 190 263 435 513 11 0.0527 442 1 705 205 11 0.0527 491 278 755 494 9 0.0527 507 466 760 694 2 0.0527 188 196 443 433 13 0.0525 306 78 564 288 10 0.0525 554 342 824 562 5 0.0523 98 663 363 878 13 0.0523 510 467 764 698 8 0.0523 624 474 877 701 10 0.0522 492 278 755 497 0 0.0520 319 339 572 576
oYo6N42jjvQa2mvGbEFpUCqinWHYg1vo,11 0.0590 235 391 493 631 6 0.0555 239 387 495 632 0 0.0550 234 338 498 585 8 0.0534 239 340 488 584 11 0.0531 196 0 567 150 5 0.0525 229 336 491 583 6 0.0523 239 292 505 526 13 0.0517 302 397 567 632 11 0.0508 234 294 499 527 3 0.0506 302 399 560 634 11 0.0502 294 465 563 690 10 0.0501 234 348 496 582
Kl3DY6hliOZpnagDB7wc8tGbOBUyXkHD,5 0.0613 616 669 870 907 11 0.0601 622 604 863 832 5 0.0595 501 400 752 637 5 0.0575 441 271 699 513 8 0.0560 286 411 605 598 6 0.0559 629 604 872 832 3 0.0553 625 601 861 840 7 0.0551 620 675 877 914 0 0.0548 506 409 754 644 0 0.0543 685 682 931 917 8 0.0542 380 273 629 503 6 0.0541 511 413 762 642 8 0.0537 622 600 857 831 7 0.0534 509 408 764 645 5 0.0532 689 594 932 832 13 0.0531 380 208 646 444 0 0.0530 624 600 867 835 6 0.0529 453 284 704 510 5 0.0524 275 400 607 597 0 0.0520 378 271 636 510 5 0.0514 364 200 639 439 11 0.0514 301 469 568 691 8 0.0512 504 408 747 640 5 0.0511 243 273 487 501 5 0.0511 325 12 588 265 7 0.0510 452 277 705 515 11 0.0508 255 16 517 274 13 0.0508 628 605 871 833 0 0.0508 510 287 756 516 11 0.0505 275 413 615 599 11 0.0502 502 414 756 640 6 0.0501 378 211 648 443 7 0.0500 311 464 576 690
2mIwj5Xfyz9YGslysn7ju8IJ2ndlw3E0,5 0.0664 611 398 883 631 8 0.0646 575 458 823 706 0 0.0644 577 590 827 840 11 0.0642 447 407 708 650 7 0.0636 442 730 702 965 0 0.0636 618 400 883 634 11 0.0635 571 397 827 639 0 0.0635 448 402 705 660 8 0.0628 520 593 763 834 11 0.0628 446 537 709 783 13 0.0616 306 786 557 1021 5 0.0616 294 783 550 1012 0 0.0615 448 533 702 787 0 0.0612 514 666 768 902 11 0.0611 572 591 828 836 0 0.0608 382 730 635 967 5 0.0604 434 724 696 958 11 0.0603 440 663 704 893 10 0.0602 614 403 885 632 11 0.0602 307 729 564 952 8 0.0599 443 662 696 895 13 0.0599 453 405 711 654 10 0.0598 576 526 826 770 7 0.0597 582 524 831 769 8 0.0596 578 663 820 909 7 0.0595 578 396 826 642 6 0.0594 578 398 829 639 7 0.0594 578 662 831 907 8 0.0592 385 7 639 252 5 0.0592 509 661 763 898 7 0.0591 457 601 709 837 0 0.0588 300 781 554 1019 7 0.0587 305 782 559 1018 5 0.0586 375 2 645 250 11 0.0586 379 7 650 251 7 0.0580 454 407 709 655 3 0.0578 620 401 887 638 2 0.0576 578 463 829 706 5 0.0576 572 587 823 839 7 0.0576 385 661 648 893 5 0.0574 448 594 704 834 13 0.0573 448 730 703 966 3 0.0568 453 404 706 659 5 0.0568 443 402 702 654 5 0.0567 376 658 641 888 6 0.0567 576 663 828 905 8 0.0566 305 780 549 1016 3 0.0565 509 17 776 255 8 0.0564 447 536 697 783 13 0.0564 518 667 768 902 5 0.0563 495 11 772 245 6 0.0562 453 406 711 654 8 0.0557 384 734 630 961 0 0.0556 307 274 568 515 13 0.0556 579 591 830 841 10 0.0555 571 663 822 905 10 0.0555 450 598 706 831 6 0.0555 383 660 648 888 0 0.0553 255 0 628 152 6 0.0552 449 537 709 781 3 0.0552 391 4 647 257 5 0.0551 299 272 564 510 6 0.0550 580 526 831 769 6 0.0550 521 597 773 832 13 0.0549 255 0 635 151 10 0.0548 442 17 707 246 8 0.0548 451 406 698 657 2 0.0548 385 12 649 253 3 0.0545 522 595 769 839 2 0.0544 577 592 828 841 10 0.0543 379 661 644 888 13 0.0540 580 458 832 703 10 0.0539 298 785 553 1018 6 0.0538 442 730 700 962 13 0.0538 456 600 710 834 6 0.0538 314 726 566 954 9 0.0536 575 458 827 700 13 0.0535 388 661 646 891 2 0.0535 255 2 625 148 3 0.0534 445 663 702 899 3 0.0532 576 662 825 911 8 0.0530 456 70 708 307 5 0.0529 383 205 642 441 11 0.0528 556 15 837 241 0 0.0527 312 656 576 885 0 0.0527 383 13 648 256 6 0.0527 254 0 631 148 6 0.0526 315 278 575 513 8 0.0526 254 1 611 148 12 0.0525 617 398 889 633 10 0.0525 437 730 696 960
CFDrZOOIasyTbfzeorUZ0RldP5jKpuzj,8 0.0629 379 409 628 631 11 0.0613 377 411 634 631 11 0.0581 491 540 839 720 7 0.0572 504 536 841 720 0 0.0571 379 407 639 632 3 0.0559 380 410 640 635 7 0.0546 13 725 256 969 0 0.0540 504 536 833 726 7 0.0538 379 406 642 631 8 0.0536 506 539 824 722 13 0.0533 381 409 642 632 7 0.0532 134 787 385 1023 0 0.0526 565 806 839 1023 5 0.0525 373 403 634 629 6 0.0524 385 408 641 628 8 0.0520 135 787 374 1023 3 0.0511 511 538 835 730 8 0.0509 13 796 250 1021 10 0.0502 379 415 636 630
KEjhV9gPxO5F2e4JZIoAzYGlcz6earWV,7 0.0578 254 608 511 853 11 0.0574 299 344 555 575 8 0.0556 255 282 494 521 13 0.0542 308 341 563 582 0 0.0541 303 339 558 582 11 0.0540 361 276 635 507 0 0.0540 563 544 932 736 8 0.0539 249 544 496 784 6 0.0535 430 606 702 828 13 0.0534 363 595 635 817 5 0.0531 556 540 924 730 11 0.0531 375 410 624 641 11 0.0529 563 547 928 730 11 0.0528 417 343 693 576 0 0.0525 366 274 632 510 8 0.0525 361 592 614 815 5 0.0523 246 275 497 517 8 0.0522 424 265 682 511 6 0.0521 253 279 503 520 11 0.0514 423 610 696 827 7 0.0513 569 545 934 733 7 0.0512 256 275 503 523 6 0.0510 572 543 942 729 5 0.0510 418 263 683 511 7 0.0509 185 533 456 786 3 0.0509 370 278 629 517 7 0.0506 428 609 705 828 0 0.0504 423 604 696 832 8 0.0502 384 409 619 642 13 0.0501 254 549 516 785
lN1OON1HFuOIq9Whf0bmu5LXmBlv9n0R,5 0.0608 185 443 439 688 5 0.0607 175 581 431 827 0 0.0587 338 484 702 665 0 0.0579 376 352 632 576 6 0.0578 184 585 435 826 5 0.0577 101 641 356 876 0 0.0575 518 572 765 823 0 0.0571 273 542 634 729 5 0.0571 267 487 637 670 11 0.0569 251 464 511 705 7 0.0567 191 514 441 758 11 0.0566 178 585 436 826 8 0.0559 299 585 560 815 13 0.0558 175 653 438 895 0 0.0557 106 641 361 880 6 0.0555 112 651 363 877 5 0.0555 248 514 507 759 5 0.0553 284 652 558 896 11 0.0552 374 282 637 516 0 0.0552 183 584 432 828 0 0.0552 287 656 559 897 3 0.0550 258 461 508 712 5 0.0550 310 353 566 567 6 0.0547 291 654 565 896 8 0.0546 521 569 759 822 6 0.0546 257 516 512 758 3 0.0545 189 516 436 764 11 0.0544 101 646 359 877 7 0.0544 290 658 564 900 11 0.0544 515 568 765 818 3 0.0543 284 425 654 606 6 0.0543 195 446 441 692 8 0.0541 283 423 637 600 0 0.0539 258 339 504 570 11 0.0536 284 660 564 894 3 0.0536 251 588 508 826 7 0.0536 172 653 430 897 8 0.0536 109 643 351 879 10 0.0534 372 285 638 517 9 0.0533 181 586 432 819 0 0.0532 192 448 441 693 11 0.0530 250 343 506 566 8 0.0530 172 726 414 958 5 0.0529 517 564 761 821 6 0.0526 318 406 582 634 11 0.0526 313 411 580 632 8 0.0525 238 645 497 888 0 0.0524 315 287 564 505 13 0.0523 295 657 570 895 5 0.0522 370 279 633 513 6 0.0521 377 283 639 517 7 0.0520 279 544 638 729 10 0.0515 172 661 428 890 10 0.0514 287 659 565 893 10 0.0514 188 522 439 759 8 0.0513 190 515 428 756 8 0.0512 347 483 694 660 2 0.0512 381 355 632 574 11 0.0512 162 732 425 956 11 0.0512 51 3 316 202 0 0.0510 118 392 362 632 13 0.0509 522 571 773 826 13 0.0509 191 512 442 763 6 0.0508 349 481 708 664 7 0.0507 381 349 639 574 10 0.0506 255 406 504 629 6 0.0505 522 568 769 823 8 0.0504 299 722 545 952 5 0.0503 182 326 429 558 6 0.0502 260 338 505 569 3 0.0500 524 572 767 830 7 0.0500 259 336 507 569
yX51QZnbG9j3ohNHhdMUoMKShHK5dsIS,11 0.0585 396 789 636 1015 11 0.0571 249 783 504 1019 11 0.0564 515 794 762 1022 7 0.0564 255 782 505 1020 11 0.0549 321 719 573 954 0 0.0540 172 265 439 502 13 0.0537 325 783 574 1023 0 0.0528 322 712 572 961 7 0.0525 401 782 646 1019 7 0.0514 329 714 575 957 5 0.0514 380 713 635 961 11 0.0509 240 202 512 430 5 0.0509 316 773 561 1020 10 0.0508 315 786 568 1022 2 0.0502 250 790 501 1023
lgEmJNyBH9fFMGAFEb5KjT7wIJzhF8De,0 0.0644 494 785 745 1021 5 0.0634 488 783 739 1015 8 0.0616 496 782 740 1020 11 0.0604 490 786 740 1014 7 0.0584 497 787 751 1019 11 0.0584 336 662 701 850 0 0.0572 338 662 705 855 13 0.0568 497 785 750 1020 0 0.0564 312 203 573 432 0 0.0557 375 1 639 197 7 0.0555 345 661 711 850 8 0.0551 377 1 633 195 3 0.0551 495 786 746 1023 11 0.0546 628 331 884 575 5 0.0541 367 0 635 193 11 0.0539 313 331 582 561 6 0.0537 379 0 642 193 11 0.0537 311 206 574 429 11 0.0537 370 2 639 191 13 0.0536 282 344 652 533 13 0.0535 312 205 576 437 7 0.0533 280 343 644 529 7 0.0533 380 0 643 194 3 0.0531 380 0 640 198 3 0.0530 343 663 700 857 6 0.0528 495 788 747 1018 11 0.0526 377 393 643 624 8 0.0525 340 664 690 851 8 0.0524 382 209 630 441 11 0.0521 352 536 707 724 13 0.0519 381 0 644 195 10 0.0518 491 789 742 1018 0 0.0518 376 91 641 324 0 0.0518 315 327 579 565 5 0.0515 306 203 567 431 0 0.0514 570 723 825 953 5 0.0512 154 331 433 565 13 0.0510 322 398 594 640 2 0.0510 495 790 745 1019 5 0.0509 334 660 694 851 3 0.0506 311 203 571 437 7 0.0505 164 332 441 569 13 0.0504 254 465 521 706 5 0.0501 310 325 578 564
ZEmTHg4zGzZx6gd7BKEsgDB3FLX3RXI1,0 0.0573 408 488 766 667 8 0.0549 410 294 763 475 6 0.0533 379 80 644 325 11 0.0527 180 401 438 629 8 0.0527 376 82 634 325 6 0.0525 419 423 774 598 11 0.0522 440 151 711 386 0 0.0518 440 150 712 391 8 0.0517 412 425 756 597 8 0.0516 438 145 705 388 0 0.0516 183 398 437 634 0 0.0514 293 540 653 723 0 0.0514 409 295 774 478 6 0.0513 444 147 716 387 8 0.0511 190 519 439 769 6 0.0511 416 292 779 475 11 0.0509 411 295 775 471 5 0.0505 179 391 440 628 7 0.0505 419 293 775 477 13 0.0501 418 423 775 599
P3QZKHxeP1hKZCAyjkGZ8RqRkBai9j0Z,8 0.0598 313 415 678 600 0 0.0562 237 405 616 595 6 0.0558 503 73 754 297 0 0.0548 435 15 693 251 0 0.0545 325 347 704 538 11 0.0541 434 17 695 247 11 0.0538 436 467 692 704 3 0.0538 505 74 750 302 13 0.0533 506 74 753 300 11 0.0533 312 418 694 600 3 0.0532 446 156 701 398 7 0.0529 317 415 698 601 8 0.0529 503 400 745 652 7 0.0527 519 524 775 767 5 0.0522 489 71 744 293 11 0.0520 433 155 700 384 8 0.0518 434 18 685 250 5 0.0514 317 344 698 534 5 0.0514 233 406 619 589 8 0.0514 366 453 613 706 0 0.0513 380 209 650 445 13 0.0513 514 523 775 769 5 0.0512 435 148 695 388 7 0.0512 441 18 696 250 6 0.0510 444 154 700 389 6 0.0508 316 417 701 598 13 0.0508 385 213 659 442 0 0.0508 504 403 756 656 11 0.0507 510 529 770 767 8 0.0505 513 525 763 769 8 0.0501 380 211 640 445 10 0.0501 328 352 706 535 7 0.0500 443 465 694 704
sV0evjyDMQb5C6UeMkrTI8vb1mwYUPEA,5 0.0592 267 344 623 528 11 0.0578 308 593 558 822 11 0.0576 286 412 654 587 8 0.0574 353 412 703 592 8 0.0567 640 0 1003 151 5 0.0564 246 654 506 889 7 0.0563 291 407 661 588 3 0.0563 274 349 630 533 11 0.0561 493 344 754 571 11 0.0558 250 458 502 687 6 0.0556 254 657 513 892 0 0.0556 294 411 650 586 6 0.0556 276 351 633 530 8 0.0555 496 341 747 575 11 0.0543 244 660 511 888 8 0.0540 309 525 548 764 5 0.0538 250 450 504 687 5 0.0537 169 329 437 559 0 0.0535 643 1 1019 154 10 0.0535 288 417 655 588 7 0.0532 253 658 513 892 0 0.0531 256 457 500 688 0 0.0531 494 284 748 513 11 0.0528 488 469 752 694 13 0.0526 191 408 453 642 8 0.0525 276 352 616 529 8 0.0524 249 656 505 894 5 0.0524 630 0 1014 152 13 0.0521 128 336 393 557 8 0.0521 254 458 495 688 3 0.0520 255 660 507 899 0 0.0518 503 401 760 627 3 0.0517 502 282 745 518 11 0.0513 167 333 448 561 7 0.0511 189 409 452 637 11 0.0508 744 11 1014 247 11 0.0507 566 392 827 626 13 0.0506 253 593 517 820 7 0.0506 318 591 561 825 8 0.0504 174 330 434 563 7 0.0504 500 281 749 511 0 0.0503 253 657 507 894 8 0.0501 495 470 749 698 11 0.0501 237 278 518 501 8 0.0501 575 15 804 241 6 0.0501 443 391 707 636
qeV3MBkKIilSrFNCuslNpsnZMTgw9bgr,5 0.0641 245 719 500 960 8 0.0628 250 718 498 961 0 0.0622 251 719 503 966 11 0.0620 49 281 326 508 7 0.0618 252 720 503 964 11 0.0599 245 722 503 960 10 0.0597 142 803 503 974 8 0.0588 0 278 251 519 11 0.0570 181 662 444 894 3 0.0567 252 718 501 965 0 0.0561 130 793 378 1021 6 0.0554 148 799 510 974 5 0.0552 119 716 375 954 8 0.0551 185 659 433 897 10 0.0551 186 665 438 895 7 0.0550 189 657 444 896 6 0.0550 183 331 443 571 11 0.0545 236 473 497 708 0 0.0543 0 281 261 520 0 0.0543 188 657 439 900 7 0.0542 129 792 384 1023 11 0.0541 313 400 568 623 5 0.0541 182 657 438 897 6 0.0539 0 282 261 516 11 0.0534 175 281 449 505 8 0.0534 182 473 424 715 2 0.0530 250 725 503 963 13 0.0527 253 721 508 963 3 0.0520 188 657 440 903 8 0.0520 316 400 559 626 5 0.0519 0 276 251 516 9 0.0516 244 722 502 959 12 0.0511 252 719 503 962 5 0.0508 312 392 567 625 0 0.0507 316 398 570 629 5 0.0507 175 332 436 568 8 0.0506 182 279 440 508 7 0.0502 214 407 582 593
g6uNsHRIsENNoq14gPMIU3JF10RRABfF,8 0.0534 375 147 635 367 11 0.0531 382 68 645 302 0 0.0530 583 478 839 710 11 0.0527 503 0 764 203 11 0.0523 580 477 832 706 6 0.0521 588 476 840 709 8 0.0521 585 479 829 711 5 0.0501 442 143 699 382
EfzpWsNZDt0MGQESzxJ0Oo0ksMwvw93Z,7 0.0599 116 529 372 768 7 0.0591 185 594 441 821 5 0.0573 219 523 490 758 11 0.0566 112 590 369 815 8 0.0564 114 530 363 764 0 0.0563 358 523 608 760 8 0.0562 226 532 486 760 6 0.0550 113 534 376 767 0 0.0546 120 590 373 818 8 0.0546 171 454 434 697 11 0.0545 305 402 567 636 11 0.0543 172 664 442 893 2 0.0543 296 530 557 762 10 0.0543 116 595 372 818 5 0.0543 295 594 548 817 8 0.0542 395 281 632 527 0 0.0540 513 280 757 515 0 0.0539 236 603 500 830 7 0.0538 518 274 760 507 7 0.0537 175 452 444 699 5 0.0537 115 582 369 816 13 0.0536 230 527 502 764 0 0.0535 293 458 551 693 2 0.0534 235 462 498 698 8 0.0533 452 200 697 437 11 0.0532 227 457 501 695 13 0.0528 298 458 557 694 11 0.0527 290 528 557 760 8 0.0527 301 598 552 823 11 0.0526 231 600 495 825 5 0.0526 292 456 543 688 2 0.0524 173 539 441 768 10 0.0523 512 285 759 510 3 0.0522 171 533 441 773 11 0.0521 509 596 770 822 6 0.0520 224 531 500 763 7 0.0518 245 395 517 636 13 0.0516 363 523 610 763 8 0.0516 360 524 598 762 0 0.0516 452 205 701 444 11 0.0511 108 459 369 699 7 0.0509 443 589 701 819 2 0.0509 74 587 319 808 8 0.0509 309 400 555 639 5 0.0508 446 201 700 435 7 0.0505 304 598 564 824 13 0.0504 458 201 711 441 3 0.0502 231 456 496 702
AY6Cat6FDQ22OVUvJYuZThDfMvui2lyq,0 0.0582 172 401 438 628 8 0.0576 187 454 425 696 5 0.0570 248 526 505 783 11 0.0568 246 536 505 781 11 0.0561 308 605 566 840 3 0.0561 308 280 575 517 0 0.0543 309 278 578 512 7 0.0541 256 531 508 786 0 0.0541 189 0 432 211 0 0.0539 252 532 505 789 11 0.0534 181 462 434 694 0 0.0533 316 600 564 842 5 0.0533 239 392 505 633 3 0.0528 185 459 431 701 11 0.0527 308 356 575 586 3 0.0525 252 532 506 791 11 0.0525 179 784 433 1013 7 0.0524 186 458 435 695 5 0.0524 180 453 433 690 8 0.0522 252 533 495 788 3 0.0518 249 342 513 583 7 0.0514 308 276 582 508 7 0.0512 239 776 492 1004 8 0.0510 446 287 686 509 8 0.0507 251 271 505 503 0 0.0506 279 34 510 273 8 0.0504 311 355 566 588 7 0.0504 316 475 576 714 0 0.0503 445 291 697 514 0 0.0502 329 142 567 383 6 0.0501 313 605 567 842 7 0.0501 317 601 569 846
WIWKNSPx09iZn2jhEAGOnPVX53yEWq4u,11 0.0580 236 395 508 636 11 0.0562 304 528 578 769 5 0.0561 164 391 438 634 8 0.0557 174 399 430 640 3 0.0555 241 396 509 645 7 0.0545 175 396 438 635 6 0.0538 245 394 512 637 5 0.0534 237 317 498 559 5 0.0533 161 517 440 774 5 0.0531 549 0 821 193 0 0.0522 826 264 1023 521 6 0.0521 832 262 1023 522 8 0.0520 241 325 491 564 5 0.0519 825 256 1021 515 11 0.0514 105 417 384 649 8 0.0509 824 263 1017 522 11 0.0506 232 595 502 830 8 0.0502 627 1 889 206 13 0.0502 239 396 513 643 3 0.0502 169 330 442 579
TjJDZu0tGZJl47KxxzusbPImjoMqdrti,11 0.0700 372 662 632 896 7 0.0670 252 719 492 959 7 0.0654 219 667 577 848 5 0.0649 246 717 487 959 0 0.0648 341 664 707 848 11 0.0646 176 720 425 952 8 0.0644 347 667 699 845 0 0.0631 249 718 494 963 7 0.0629 379 658 632 899 0 0.0627 486 748 757 971 7 0.0627 440 730 692 958 5 0.0625 303 655 562 897 8 0.0615 438 730 689 955 8 0.0612 248 720 489 957 11 0.0606 436 731 693 953 6 0.0604 310 660 569 897 5 0.0599 435 729 688 956 6 0.0592 251 721 494 959 10 0.0577 430 678 690 900 3 0.0577 183 717 423 961 7 0.0573 382 539 635 756 10 0.0569 178 724 421 957 11 0.0568 373 542 632 756 8 0.0562 260 594 511 830 10 0.0560 211 672 572 849 0 0.0559 260 591 517 833 3 0.0559 378 657 630 902 3 0.0558 498 688 753 918 13 0.0556 186 722 430 957 1 0.0556 175 711 421 959 3 0.0553 220 667 571 854 11 0.0551 549 747 828 954 12 0.0550 435 674 691 904 13 0.0550 439 732 697 955 8 0.0548 376 543 623 758 10 0.0547 387 605 641 830 2 0.0543 251 723 493 960 5 0.0542 539 745 817 960 6 0.0538 439 733 694 956 1 0.0535 490 682 756 915 12 0.0534 251 717 490 961 7 0.0533 555 745 826 961 13 0.0531 401 674 761 848 8 0.0528 26 672 357 855 13 0.0527 222 671 587 851 8 0.0526 548 749 810 955 12 0.0521 313 659 566 900 2 0.0519 439 736 695 957 2 0.0516 311 663 568 900 2 0.0514 402 679 761 849 9 0.0511 178 720 421 954 0 0.0511 374 536 635 763 5 0.0503 369 539 629 755 11 0.0501 23 679 375 849
vSAA1GBotGrB0djzfgdxS6HgwJCj4jWw,7 0.0663 320 522 563 776 11 0.0626 512 143 761 370 7 0.0618 255 399 518 653 11 0.0616 315 525 561 777 7 0.0607 387 331 642 579 11 0.0605 445 205 705 443 0 0.0602 316 521 558 778 3 0.0599 452 203 706 451 7 0.0597 513 60 762 303 5 0.0593 247 399 511 652 13 0.0590 323 463 586 720 8 0.0587 318 134 565 383 5 0.0586 310 518 558 774 10 0.0583 377 11 655 249 3 0.0581 516 140 763 378 10 0.0578 315 530 564 777 7 0.0577 375 465 630 710 6 0.0577 319 526 565 779 5 0.0572 371 0 639 192 0 0.0569 382 333 642 580 11 0.0567 382 334 644 576 6 0.0566 317 215 574 455 13 0.0564 318 132 578 380 11 0.0564 313 135 576 383 0 0.0564 308 215 571 459 0 0.0562 446 204 702 447 13 0.0561 440 550 700 783 5 0.0560 379 326 637 578 11 0.0555 507 22 765 250 2 0.0555 383 339 639 579 8 0.0553 324 458 570 716 7 0.0552 320 133 574 385 8 0.0552 514 140 754 375 3 0.0551 319 135 576 388 6 0.0550 260 408 519 653 5 0.0549 308 209 567 457 6 0.0549 455 205 707 443 7 0.0548 189 525 451 785 6 0.0548 518 143 764 371 5 0.0547 184 520 444 782 8 0.0546 385 331 634 577 6 0.0546 385 330 647 578 0 0.0546 257 336 512 578 5 0.0544 510 134 757 370 13 0.0544 389 334 647 578 7 0.0544 450 204 707 445 5 0.0543 444 199 700 443 0 0.0543 512 140 760 372 8 0.0542 249 78 496 316 10 0.0542 505 25 766 254 11 0.0541 376 11 659 250 3 0.0539 386 331 641 585 11 0.0537 189 529 449 782 2 0.0536 448 208 703 446 8 0.0536 448 207 697 448 10 0.0536 322 141 574 380 13 0.0533 451 206 708 444 8 0.0532 372 0 634 195 7 0.0530 438 545 693 787 8 0.0530 505 15 758 257 6 0.0529 371 470 634 710 11 0.0526 244 80 509 313 8 0.0525 259 336 504 575 13 0.0523 510 17 769 258 2 0.0523 315 527 561 777 10 0.0521 447 209 703 443 3 0.0520 386 8 654 259 13 0.0519 386 7 657 252 3 0.0519 324 464 580 718 2 0.0517 514 144 763 373 0 0.0517 448 9 718 252 10 0.0516 365 469 631 710 13 0.0514 516 141 768 375 10 0.0513 383 338 642 580 13 0.0509 194 535 453 791 2 0.0508 310 219 568 456 0 0.0508 520 336 749 571 13 0.0508 255 337 522 581 6 0.0505 449 10 723 248 10 0.0504 249 85 504 312 1 0.0503 510 135 760 372 0 0.0500 248 78 506 317
7DMZfF1Z8b5UP1KxC5vmjTFLHj4NnArk,0 0.0584 385 527 645 771 11 0.0576 386 531 646 767 7 0.0571 392 528 648 767 0 0.0556 328 465 580 703 8 0.0538 325 520 574 765 7 0.0537 331 460 583 699 11 0.0531 657 0 1018 152 11 0.0528 747 30 1006 257 11 0.0518 330 464 579 702 13 0.0514 391 529 650 769 8 0.0504 751 145 1016 394 8 0.0504 754 27 995 258 13 0.0502 755 25 1013 264
SlAi1XNxlrFF948dGSdSXAwOpM5C0cLC,8 0.0636 206 796 432 1022 11 0.0621 203 799 438 1018 5 0.0568 198 795 436 1022 11 0.0558 312 661 578 894 11 0.0543 441 790 690 1013 8 0.0542 377 285 616 504 0 0.0541 376 711 629 949 11 0.0541 373 284 625 506 7 0.0540 314 714 571 959 5 0.0538 306 710 562 957 13 0.0534 267 796 500 1023 7 0.0533 258 794 497 1023 11 0.0532 383 670 740 851 5 0.0528 502 782 742 1014 0 0.0526 369 346 631 570 0 0.0525 247 656 513 896 8 0.0524 447 788 682 1016 8 0.0520 310 713 559 957 6 0.0514 314 714 571 959 0 0.0513 257 793 494 1023 6 0.0506 206 803 447 1023 7 0.0503 447 788 697 1018 5 0.0500 435 714 685 935
2G2fs8PLu3ExuigCVVTiBkQfskCseUMV,11 0.0687 325 529 575 758 11 0.0646 441 615 693 840 8 0.0600 327 671 676 846 5 0.0566 319 670 673 848 0 0.0564 326 532 573 761 11 0.0558 63 225 331 454 7 0.0555 519 792 764 1022 8 0.0545 328 530 566 760 0 0.0542 320 671 685 850 8 0.0540 516 791 752 1022 7 0.0538 332 671 687 847 7 0.0535 332 528 578 756 6 0.0531 328 672 689 849 0 0.0529 441 552 687 777 3 0.0525 448 607 693 851 7 0.0524 449 549 696 772 5 0.0520 510 794 754 1018 10 0.0517 320 673 680 850 8 0.0516 65 222 327 459 10 0.0514 327 533 571 758 0 0.0508 510 795 760 1023 11 0.0505 516 793 758 1016 5 0.0505 322 528 565 760
5CgM0ojGMSnU16HkifRDjNwype1nYDxh,7 0.0619 452 333 697 561 11 0.0619 451 395 699 629 0 0.0613 315 532 569 777 5 0.0610 560 317 802 553 0 0.0609 561 322 808 556 11 0.0600 310 453 558 706 7 0.0599 240 384 490 631 5 0.0588 441 331 686 557 11 0.0587 380 521 639 758 5 0.0584 627 265 890 504 3 0.0578 458 392 695 636 7 0.0576 256 514 503 767 5 0.0574 308 452 556 708 5 0.0573 311 590 576 837 5 0.0572 436 206 691 422 11 0.0572 315 339 561 579 11 0.0572 677 404 961 631 8 0.0571 452 394 690 630 8 0.0570 564 317 804 553 5 0.0570 235 383 483 627 7 0.0568 570 322 811 552 11 0.0566 310 594 575 836 11 0.0565 560 323 810 553 13 0.0560 315 455 562 710 5 0.0559 687 335 951 569 7 0.0559 319 330 562 582 8 0.0558 385 460 626 699 7 0.0558 384 397 633 641 0 0.0557 381 462 631 702 7 0.0556 452 456 704 698 6 0.0554 150 0 508 145 8 0.0550 237 388 480 630 5 0.0550 313 333 557 577 11 0.0549 624 270 901 501 8 0.0549 440 266 686 490 13 0.0549 455 397 703 633 8 0.0549 632 264 887 508 13 0.0543 241 388 494 632 8 0.0543 316 591 570 842 0 0.0542 628 269 897 506 0 0.0542 378 591 641 838 11 0.0542 236 391 490 627 10 0.0541 384 465 633 699 2 0.0539 442 276 690 492 0 0.0537 507 213 761 421 6 0.0537 315 595 581 841 5 0.0536 571 204 820 424 8 0.0536 251 513 495 771 5 0.0536 372 399 622 637 6 0.0535 569 325 817 554 0 0.0535 446 337 691 561 3 0.0534 317 341 556 586 11 0.0534 441 267 697 488 2 0.0534 566 328 810 552 3 0.0533 445 268 690 499 13 0.0533 385 519 647 759 3 0.0531 387 461 632 703 10 0.0531 316 541 569 777 11 0.0530 135 1 503 146 5 0.0529 379 518 638 759 0 0.0527 236 450 485 696 11 0.0527 502 2 879 143 6 0.0526 455 394 702 629 5 0.0526 445 454 697 696 3 0.0525 318 535 567 783 8 0.0523 572 204 816 428 6 0.0523 703 342 957 573 1 0.0520 375 393 623 638 8 0.0520 318 340 550 579 10 0.0519 236 395 488 629 7 0.0518 388 516 647 763 10 0.0518 453 398 698 633 13 0.0518 315 592 588 841 3 0.0517 569 322 805 563 8 0.0516 146 2 494 146 7 0.0515 316 589 581 842 1 0.0512 309 445 553 709 0 0.0509 146 0 502 147 2 0.0509 455 403 697 633 8 0.0507 513 2 867 146 13 0.0505 321 338 566 583 6 0.0504 385 524 645 761 7 0.0501 517 205 768 422 6 0.0500 313 456 563 708 13 0.0500 568 324 816 555 9 0.0500 439 334 688 556 0 0.0500 241 332 488 578
UF5u3NuQo3qxJad7RPhRzG5Jexv2770Z,11 0.0628 443 277 699 512 7 0.0618 448 339 700 584 0 0.0608 436 397 688 650 11 0.0602 311 270 580 508 8 0.0600 339 418 692 606 8 0.0600 445 274 692 517 5 0.0597 241 328 501 564 5 0.0596 251 420 622 595 0 0.0594 443 275 697 517 5 0.0593 440 337 692 584 11 0.0587 312 609 556 834 11 0.0586 434 401 689 646 10 0.0585 440 340 700 585 3 0.0580 448 276 697 519 6 0.0576 448 277 701 515 6 0.0575 318 269 583 509 5 0.0575 310 265 575 508 7 0.0573 248 331 503 568 7 0.0569 373 402 633 648 8 0.0567 316 271 569 510 6 0.0558 438 399 691 648 11 0.0557 249 422 631 595 13 0.0556 262 482 639 668 8 0.0556 261 483 612 665 13 0.0553 445 340 703 587 3 0.0546 413 420 776 608 3 0.0546 313 274 580 515 10 0.0545 251 424 630 597 0 0.0545 572 229 816 458 7 0.0541 319 266 582 512 3 0.0539 245 336 500 572 8 0.0534 570 224 806 457 6 0.0534 250 334 506 568 2 0.0533 443 345 697 585 13 0.0532 251 333 510 573 13 0.0532 318 269 586 514 0 0.0528 314 266 581 511 8 0.0525 247 333 495 569 6 0.0525 576 229 822 454 9 0.0520 441 340 697 582 5 0.0519 308 654 556 880 7 0.0517 364 579 604 810 13 0.0517 573 228 824 457 11 0.0513 456 151 710 383 11 0.0513 568 231 819 450 13 0.0512 365 578 611 810 1 0.0510 311 259 576 513 10 0.0509 313 274 577 512 0 0.0507 361 574 603 805 1 0.0504 442 336 697 586 0 0.0503 514 159 766 399 3 0.0502 335 478 697 667 11 0.0501 571 98 833 334 0 0.0500 254 421 627 595
zYYXRJWBvS2zyEwzWanYKU6qYP9JiJEJ,5 0.0691 499 139 756 381 5 0.0671 332 88 696 287 5 0.0664 369 149 634 384 5 0.0640 428 218 695 452 5 0.0634 368 0 634 188 5 0.0629 561 78 831 318 8 0.0624 376 0 629 189 0 0.0622 502 17 760 259 8 0.0617 340 92 683 288 11 0.0612 438 152 699 376 8 0.0612 440 151 690 382 11 0.0611 434 17 694 248 5 0.0611 566 265 830 495 13 0.0610 376 0 643 190 2 0.0608 442 158 695 380 3 0.0604 434 85 696 317 8 0.0598 374 223 631 447 11 0.0597 493 83 762 313 3 0.0594 376 151 640 389 0 0.0594 375 85 634 314 11 0.0592 375 222 639 442 0 0.0592 506 147 755 382 8 0.0590 500 210 755 442 3 0.0589 440 221 700 455 11 0.0587 371 86 631 308 7 0.0587 378 2 639 192 5 0.0586 262 129 518 362 5 0.0585 627 206 906 428 3 0.0584 506 142 760 389 11 0.0583 405 291 785 470 8 0.0583 499 82 755 316 0 0.0579 383 224 639 445 3 0.0576 568 215 833 447 6 0.0576 375 0 639 189 5 0.0576 493 324 754 566 2 0.0574 436 21 689 251 2 0.0574 497 90 763 315 5 0.0572 564 390 838 640 2 0.0571 498 219 766 437 11 0.0570 107 345 387 579 3 0.0568 504 14 763 263 7 0.0568 496 81 764 319 7 0.0568 328 87 574 319 6 0.0567 383 221 642 445 13 0.0567 482 237 845 418 10 0.0567 493 85 760 316 0 0.0566 331 0 702 156 0 0.0562 271 131 521 368 0 0.0562 112 341 377 581 10 0.0562 434 18 696 253 6 0.0561 277 134 527 367 8 0.0560 428 279 695 516 13 0.0556 377 84 640 313 5 0.0555 173 326 430 573 9 0.0554 438 155 696 377 0 0.0554 504 267 758 501 6 0.0552 445 151 703 381 6 0.0549 376 85 636 312 10 0.0549 494 214 763 438 8 0.0547 575 269 827 500 0 0.0547 567 85 834 321 8 0.0546 570 140 818 372 5 0.0545 252 0 520 190 9 0.0544 434 21 696 250 3 0.0544 322 91 569 326 3 0.0544 574 329 839 575 11 0.0542 244 339 503 569 6 0.0540 306 687 576 923 3 0.0539 339 0 705 158 6 0.0539 62 300 335 515 6 0.0537 573 143 829 370 5 0.0536 47 293 323 517 11 0.0535 564 332 840 564 8 0.0535 266 131 515 367 7 0.0535 377 150 639 385
aQrm2WHNVgsxQ0M8ScIRJ5n9RxdP1kXd,11 0.0661 382 717 646 949 5 0.0620 316 777 576 1013 11 0.0609 315 659 579 885 0 0.0607 320 778 581 1017 8 0.0607 321 775 576 1016 7 0.0602 321 775 586 1017 11 0.0599 314 779 580 1015 5 0.0596 383 714 637 948 8 0.0593 387 713 638 951 7 0.0591 389 714 648 948 11 0.0584 343 606 708 788 0 0.0580 386 714 643 950 11 0.0574 499 677 757 901 10 0.0563 380 662 637 889 6 0.0562 383 661 643 892 7 0.0558 275 678 646 849 6 0.0553 446 727 708 964 13 0.0552 324 779 587 1016 8 0.0544 322 660 571 892 10 0.0541 443 729 704 961 5 0.0538 502 673 752 901 2 0.0531 319 785 581 1017 7 0.0529 508 674 760 903 8 0.0528 503 674 747 906 3 0.0525 323 778 583 1022 5 0.0522 315 655 577 887 0 0.0520 505 674 759 905 2 0.0517 386 720 645 951 3 0.0512 388 713 645 955 1 0.0510 381 710 644 953 0 0.0508 320 660 579 891 13 0.0505 507 676 762 904 13 0.0505 390 715 649 950
t10cAFLm3GexPPXQAgmTbByyEchynzDI,5 0.0570 239 404 506 640 5 0.0557 229 521 489 742 6 0.0551 238 526 501 746 0 0.0544 236 525 494 752 0 0.0540 237 139 510 384 11 0.0538 240 413 511 643 11 0.0531 316 345 594 571 8 0.0530 315 211 582 438 6 0.0528 252 408 519 644 5 0.0527 312 337 586 563 5 0.0526 303 207 587 432 5 0.0522 375 660 621 906 5 0.0521 232 131 508 379 13 0.0520 242 138 522 383 0 0.0519 312 606 564 846 13 0.0514 251 410 520 651 5 0.0513 310 596 556 836 8 0.0512 390 335 656 570 7 0.0509 314 212 592 437 7 0.0508 319 341 596 572 8 0.0506 244 140 504 378 13 0.0505 317 606 573 843 0 0.0505 249 408 511 649 11 0.0505 312 608 566 838 2 0.0504 317 607 569 838 5 0.0503 231 269 502 491 7 0.0502 250 410 515 651 3 0.0501 321 339 592 576
dQfWf2QAwp4sCkFFubclhtyPq4pPGamo,7 0.0640 435 713 693 962 11 0.0619 384 278 650 512 11 0.0610 493 665 763 895 8 0.0603 373 216 637 442 11 0.0596 370 667 638 900 5 0.0589 394 672 746 861 11 0.0577 178 2 424 252 0 0.0571 233 1 503 198 5 0.0570 482 774 745 1015 11 0.0568 294 0 559 188 8 0.0566 429 660 686 897 0 0.0562 391 405 629 633 10 0.0561 431 662 692 892 11 0.0560 313 539 570 756 0 0.0558 396 673 749 863 8 0.0558 182 3 418 250 0 0.0556 258 142 512 390 11 0.0556 361 793 622 1020 5 0.0555 357 789 620 1020 8 0.0552 367 789 618 1023 6 0.0552 433 658 694 897 11 0.0551 388 406 634 629 5 0.0550 363 212 634 438 8 0.0549 318 537 560 760 0 0.0549 360 790 624 1023 3 0.0547 433 657 690 900 10 0.0546 316 540 568 756 0 0.0544 325 466 563 686 11 0.0543 317 334 568 559 5 0.0539 250 132 503 384 13 0.0539 402 677 756 861 0 0.0538 256 391 503 622 7 0.0535 260 450 508 687 11 0.0535 486 780 745 1012 11 0.0533 252 389 505 618 7 0.0532 367 789 630 1023 7 0.0528 323 536 570 760 5 0.0527 106 0 369 197 7 0.0526 393 332 638 563 11 0.0526 497 282 759 509 10 0.0526 106 2 368 200 0 0.0525 485 775 750 1023 8 0.0524 489 775 743 1016 5 0.0523 315 71 573 311 13 0.0523 379 217 652 436 13 0.0522 371 794 629 1023 10 0.0519 377 731 633 969 8 0.0519 315 676 563 915 5 0.0517 493 203 757 437 0 0.0516 192 447 445 683 13 0.0515 438 718 693 963 6 0.0514 260 141 516 388 3 0.0514 373 214 643 447 6 0.0513 387 281 653 513 13 0.0513 321 538 576 763 13 0.0512 328 75 586 312 8 0.0512 255 137 501 391 5 0.0512 249 521 504 754 0 0.0511 320 333 565 561 3 0.0510 318 534 569 767 8 0.0510 325 334 559 565 5 0.0509 292 0 553 192 11 0.0508 250 134 510 382 0 0.0508 112 3 371 202 0 0.0506 387 280 647 511 3 0.0502 370 791 626 1023 0 0.0502 562 549 817 771 3 0.0502 488 776 750 1020
9JJeZvr1DRInd3X6uOVGsHBCs5o94vVe,11 0.0581 310 396 565 637 11 0.0566 256 468 505 696 7 0.0556 317 395 571 640 5 0.0541 256 458 501 699 0 0.0540 260 464 502 702 0 0.0531 313 397 561 642 8 0.0527 314 400 554 638 11 0.0521 242 346 490 565 5 0.0516 565 337 838 574 8 0.0509 262 467 494 700
U2rWzZ5asHr1Qs38oBW6PUE9F3ZkVs9x,5 0.0622 431 461 712 719 8 0.0588 382 476 646 725 7 0.0569 372 407 652 645 7 0.0566 435 469 720 725 8 0.0555 435 400 703 631 11 0.0554 431 404 705 628 5 0.0552 304 537 567 773 3 0.0542 438 403 711 641 7 0.0539 437 332 695 556 11 0.0539 375 482 655 725 8 0.0534 500 475 757 709 0 0.0526 433 403 709 637 8 0.0523 308 540 562 778 0 0.0519 310 538 573 786 6 0.0517 437 473 721 719 3 0.0513 495 478 765 723 11 0.0513 304 546 574 776 11 0.0509 379 612 644 849 6 0.0509 311 542 572 778 13 0.0507 442 472 722 721 10 0.0505 437 479 720 721 13 0.0503 0 453 216 702
TTv4nvgoCD0gE1MIqYkgEKdXPP8wZ9Tz,0 0.0623 317 670 578 905 5 0.0607 244 730 503 962 11 0.0605 313 738 564 968 7 0.0594 319 736 569 974 5 0.0591 313 522 570 750 5 0.0589 311 665 573 900 10 0.0588 253 739 507 964 0 0.0587 250 734 508 967 13 0.0586 258 738 513 967 11 0.0560 244 671 511 894 8 0.0558 318 732 560 972 11 0.0557 312 595 577 818 11 0.0556 324 386 578 619 6 0.0548 316 736 569 975 5 0.0540 505 594 759 828 8 0.0540 330 385 567 616 3 0.0539 319 669 579 907 5 0.0538 323 380 574 617 10 0.0537 313 670 574 902 6 0.0535 323 525 576 749 3 0.0534 254 735 509 971 11 0.0533 174 734 442 954 0 0.0533 510 595 761 830 0 0.0532 256 589 511 828 6 0.0532 256 589 516 818 0 0.0531 325 386 576 620 7 0.0530 319 596 576 825 11 0.0530 506 600 764 825 0 0.0529 450 537 698 762 5 0.0526 29 783 291 1017 7 0.0525 184 730 447 956 11 0.0522 447 535 702 755 7 0.0520 327 383 577 624 13 0.0514 261 590 517 826 0 0.0513 319 525 572 758 7 0.0512 254 673 513 902 3 0.0511 330 382 577 624 5 0.0510 249 587 506 819 9 0.0510 312 738 568 967 11 0.0507 628 531 896 771 2 0.0506 518 534 769 763 8 0.0505 389 535 624 752 0 0.0503 35 794 294 1023 7 0.0503 40 787 304 1021 5 0.0502 446 529 699 757 13 0.0501 323 670 582 905 8 0.0501 521 529 762 765 11 0.0501 33 795 293 1021 1 0.0501 245 731 506 966
DhjbdBlIfoDb2ltKHYL8np11Q33ikpyb,11 0.0579 0 793 240 1016 0 0.0537 0 793 236 1021 8 0.0529 0 790 235 1019 11 0.0528 517 334 765 570 5 0.0528 0 788 235 1020 11 0.0524 438 781 699 1017 0 0.0520 689 0 944 210 0 0.0519 524 328 759 574 5 0.0513 437 775 693 1019 6 0.0513 765 0 1023 202 11 0.0504 441 593 691 830 11 0.0503 757 3 1023 204 6 0.0502 0 796 244 1020
Obkfx0dHKYQVli1SoSOKYQWCM9a2RSJx,5 0.0622 374 776 613 1018 7 0.0583 381 779 624 1023 5 0.0564 249 783 484 1018 8 0.0553 379 776 611 1019 7 0.0553 262 788 497 1022 11 0.0549 378 783 615 1019 0 0.0541 389 716 637 961 13 0.0539 384 779 628 1023 5 0.0537 495 782 749 1019 10 0.0535 378 784 623 1023 8 0.0534 254 782 488 1023 8 0.0533 447 713 689 947 5 0.0530 380 651 640 900 11 0.0528 377 277 633 509 10 0.0525 252 792 491 1023 11 0.0524 380 661 643 898 7 0.0521 505 787 761 1022 11 0.0519 242 394 498 624 8 0.0517 494 789 745 1022 7 0.0515 449 711 705 954 3 0.0515 380 781 616 1023 10 0.0514 497 793 765 1023 6 0.0514 383 781 622 1022 6 0.0513 387 657 647 904 0 0.0510 246 393 494 635 0 0.0504 387 599 645 845
r0ogL6Uum4BnlXTuTgmIFcqDla5ZOJrj,14 1.0 0 0 1 1
Ijde2vfJ1w2qlSON59Hm7quMEJbemOkO,8 0.0601 268 411 617 599 5 0.0587 275 346 626 536 0 0.0585 443 286 684 513 11 0.0573 287 351 635 538 0 0.0565 285 351 636 540 7 0.0556 448 287 689 509 8 0.0552 440 287 678 510 5 0.0542 179 392 443 633 0 0.0537 531 412 895 594 3 0.0537 293 350 634 542 7 0.0535 124 401 384 648 8 0.0535 571 399 811 646 13 0.0532 272 409 634 602 11 0.0531 567 402 819 645 5 0.0531 565 393 815 647 11 0.0526 443 289 690 510 10 0.0526 444 288 685 509 11 0.0525 116 412 381 650 8 0.0521 232 541 480 779 7 0.0516 289 349 640 537 3 0.0515 450 287 685 517 6 0.0512 447 292 692 509 8 0.0509 561 0 823 195 5 0.0506 439 212 684 437 13 0.0502 538 416 904 593 6 0.0501 535 413 901 592
u5kjD7PBi3Tmon7RCP2rkaFic0R7Fi2h,0 0.0620 316 589 555 825 5 0.0614 314 525 549 757 5 0.0609 621 794 876 1020 7 0.0608 437 661 693 890 7 0.0591 320 532 558 761 11 0.0578 485 668 753 893 5 0.0577 542 733 793 952 0 0.0576 384 524 625 761 5 0.0573 245 586 496 823 11 0.0573 384 525 625 759 6 0.0572 436 662 693 888 5 0.0569 433 726 676 952 8 0.0568 318 533 543 755 5 0.0567 372 657 627 887 5 0.0565 484 659 744 893 8 0.0561 437 590 671 814 7 0.0559 377 588 625 819 11 0.0558 546 739 801 951 5 0.0557 431 588 672 817 8 0.0550 253 595 493 822 0 0.0547 435 594 677 820 3 0.0546 554 735 799 960 11 0.0546 434 733 687 956 11 0.0546 374 664 635 887 11 0.0545 313 593 558 820 13 0.0543 436 595 682 820 0 0.0541 378 661 630 893 6 0.0539 377 590 624 818 6 0.0537 249 594 508 822 0 0.0536 627 796 884 1023 0 0.0536 618 692 889 917 8 0.0534 489 659 744 893 8 0.0527 381 660 625 886 5 0.0527 32 0 309 193 7 0.0525 247 594 507 827 8 0.0521 110 0 365 197 0 0.0521 488 665 750 899 13 0.0519 494 726 742 958 8 0.0519 440 730 678 952 0 0.0517 548 736 799 959 3 0.0517 492 663 752 900 8 0.0516 631 792 877 1022 7 0.0515 635 796 886 1021 3 0.0509 443 730 684 962 13 0.0508 388 527 629 758 11 0.0507 241 662 505 892 7 0.0506 321 656 575 891 11 0.0506 321 727 563 957 5 0.0504 609 686 884 908 0 0.0501 111 0 382 203
GxaYmzqL4ZChI158LLnMc9tmPn5Lcn2a,5 0.0613 437 393 706 642 11 0.0611 384 783 641 1017 5 0.0611 209 797 568 979 8 0.0603 388 782 635 1021 8 0.0603 178 788 431 1023 5 0.0593 381 777 639 1019 0 0.0591 445 391 715 647 7 0.0589 253 787 507 1023 0 0.0584 384 785 642 1022 11 0.0577 249 790 505 1022 11 0.0577 265 734 646 905 0 0.0576 382 266 645 513 8 0.0575 451 323 716 579 0 0.0574 750 19 1007 246 10 0.0568 446 334 722 577 11 0.0568 384 326 649 571 6 0.0567 178 795 442 1022 13 0.0564 392 327 656 574 5 0.0562 375 321 644 566 8 0.0562 53 0 309 207 7 0.0558 388 780 645 1023 11 0.0555 440 393 716 643 11 0.0553 748 16 1010 235 0 0.0553 52 0 316 210 13 0.0553 256 790 509 1023 0 0.0551 306 727 574 968 8 0.0550 207 738 555 911 11 0.0548 368 609 640 840 8 0.0548 0 89 247 329 11 0.0547 46 1 316 206 5 0.0546 45 0 310 207 3 0.0546 389 780 640 1023 0 0.0545 513 471 767 705 2 0.0544 178 797 436 1023 13 0.0541 54 0 326 211 6 0.0537 206 737 571 910 0 0.0536 379 454 642 705 7 0.0536 210 736 567 909 11 0.0536 377 457 643 700 5 0.0535 0 83 254 329 3 0.0533 457 326 719 586 8 0.0532 372 680 629 909 8 0.0531 384 265 642 508 3 0.0530 218 801 569 986 11 0.0525 447 534 706 771 6 0.0525 388 783 647 1018 8 0.0524 336 336 584 580 5 0.0523 365 675 630 909 8 0.0522 454 464 702 710 9 0.0520 250 789 503 1020 10 0.0520 329 342 588 577 6 0.0519 448 398 719 646 10 0.0516 252 790 503 1022 6 0.0516 373 681 642 905 6 0.0516 52 2 320 209 11 0.0512 0 93 254 333 5 0.0510 741 11 1007 242 6 0.0509 393 324 655 570 11 0.0509 380 213 641 444 9 0.0507 384 783 639 1016 3 0.0505 456 464 708 714 3 0.0504 54 0 316 212 0 0.0502 5 91 253 333 6 0.0502 2 91 259 333 13 0.0502 381 207 647 447 6 0.0501 384 457 643 704 10 0.0500 389 783 642 1019
W3K7PaXEe55mhKooeZ0GnOQLDfoexFzt,11 0.0615 444 201 704 437 8 0.0612 473 230 828 409 11 0.0606 571 209 824 449 0 0.0606 516 211 768 449 8 0.0596 576 278 818 522 11 0.0584 379 131 634 372 5 0.0581 184 152 444 381 7 0.0581 575 204 827 449 0 0.0579 446 140 703 377 11 0.0573 185 157 448 382 11 0.0571 510 277 765 510 0 0.0570 573 281 823 525 8 0.0569 178 214 437 447 7 0.0564 451 200 705 440 8 0.0562 446 138 700 375 5 0.0561 470 225 832 408 3 0.0560 319 136 574 384 0 0.0559 447 266 699 499 7 0.0558 575 343 828 586 11 0.0556 315 203 579 433 8 0.0554 571 402 810 655 10 0.0554 445 141 709 373 5 0.0554 109 213 371 447 5 0.0553 376 123 630 370 3 0.0549 451 138 704 381 6 0.0549 319 131 576 377 11 0.0547 569 346 823 581 13 0.0545 339 221 714 406 5 0.0543 169 275 436 502 10 0.0543 571 210 827 450 7 0.0541 516 272 765 512 8 0.0538 112 285 364 508 8 0.0537 181 340 432 579 3 0.0537 195 158 450 392 3 0.0536 481 229 837 415 8 0.0535 259 149 504 376 5 0.0535 313 194 575 433 6 0.0534 518 210 774 446 11 0.0533 379 262 645 495 0 0.0530 505 339 759 577 11 0.0529 110 218 379 446 6 0.0529 340 222 709 404 13 0.0528 254 203 516 438 1 0.0527 331 218 702 404 7 0.0526 324 197 583 436 7 0.0526 385 127 636 377 0 0.0524 317 135 571 375 8 0.0523 445 265 693 495 8 0.0521 503 341 753 574 6 0.0520 181 281 447 505 0 0.0519 250 202 507 437 11 0.0519 644 454 893 691 6 0.0518 576 280 830 521 11 0.0517 241 265 518 498 0 0.0514 569 403 816 662 13 0.0512 321 132 582 378 3 0.0510 580 278 823 532 8 0.0510 248 266 506 498 13 0.0509 176 280 452 510 13 0.0508 516 207 778 447 6 0.0504 253 203 511 437 5 0.0503 508 268 759 511 10 0.0501 253 153 513 375
UaqvOqDPnTKyNpJpaWqfsCKCeGT9ZiRK,8 0.0630 506 403 748 628 11 0.0626 392 472 764 650 0 0.0615 504 407 751 631 7 0.0570 394 471 771 655 11 0.0565 416 533 682 766 5 0.0562 309 389 580 630 3 0.0547 385 403 640 638 11 0.0541 345 725 630 963 11 0.0537 576 492 958 674 5 0.0533 630 403 881 639 8 0.0532 317 463 579 694 11 0.0532 312 459 589 689 8 0.0531 383 407 628 628 5 0.0523 387 468 756 654 8 0.0522 422 532 673 773 0 0.0521 379 402 638 631 0 0.0519 349 723 628 966 13 0.0517 314 462 594 697 0 0.0513 634 406 888 644 7 0.0512 425 529 686 775 6 0.0510 508 408 758 627 0 0.0505 417 530 683 775 8 0.0503 306 28 544 254
5MSfJtOoS7WiA7c5AxABvhYMc4Xj4uDV,5 0.0627 439 0 794 149 7 0.0613 454 0 806 150 11 0.0610 506 2 762 206 0 0.0605 447 0 802 148 8 0.0589 451 1 789 146 13 0.0575 452 0 810 147 8 0.0568 449 606 687 842 5 0.0563 506 585 759 830 3 0.0559 450 2 798 152 6 0.0557 511 2 764 206 0 0.0556 506 520 760 768 11 0.0554 444 608 694 838 11 0.0548 503 524 761 761 0 0.0546 447 604 694 846 13 0.0525 513 522 768 764 2 0.0525 511 2 759 206 7 0.0524 636 0 901 208 6 0.0523 513 521 763 762 0 0.0519 614 34 866 263 8 0.0518 619 33 853 263 10 0.0518 444 2 799 148 7 0.0518 514 592 764 835 8 0.0517 511 522 755 764 3 0.0514 515 523 763 768 13 0.0513 453 607 698 844 5 0.0512 308 316 566 567 9 0.0507 505 1 762 203 5 0.0507 627 0 892 207 5 0.0506 381 595 628 836 6 0.0505 451 606 695 839 5 0.0503 242 265 492 497 3 0.0501 452 608 691 846
Ntvk1MrELTo079uYtVNIc9QN06CC2gmh,11 0.0620 312 592 564 824 7 0.0606 185 652 436 892 0 0.0588 395 610 764 788 0 0.0587 245 660 501 910 11 0.0586 183 657 433 890 8 0.0585 313 591 561 826 11 0.0579 444 470 690 694 11 0.0578 396 611 761 784 8 0.0577 247 661 493 906 10 0.0573 314 592 569 825 8 0.0560 123 643 370 882 7 0.0555 408 608 768 785 0 0.0554 310 591 568 830 7 0.0553 319 589 574 824 5 0.0553 308 585 565 823 5 0.0551 119 641 368 880 8 0.0549 399 610 756 787 6 0.0548 405 612 761 789 10 0.0547 122 651 377 882 0 0.0547 126 639 377 888 7 0.0545 451 463 698 696 8 0.0542 186 592 428 818 5 0.0542 241 654 495 906 10 0.0537 396 613 763 787 6 0.0534 187 657 437 894 8 0.0533 445 467 682 696 10 0.0528 183 597 440 816 0 0.0524 443 465 692 699 5 0.0520 395 609 756 785 13 0.0520 405 612 778 788 7 0.0520 315 379 571 615 13 0.0516 320 591 578 825 13 0.0508 130 644 388 881 5 0.0506 178 591 434 815 3 0.0503 312 451 558 684 10 0.0503 242 665 503 904 13 0.0501 251 661 509 906
a73J7Ukc4fGYppHelZgYrWiK1qm70CNh,8 0.0655 516 258 754 504 0 0.0628 576 204 818 450 11 0.0627 567 322 818 564 11 0.0627 639 388 887 638 3 0.0625 573 321 819 571 5 0.0623 564 319 814 567 7 0.0622 507 321 755 571 0 0.0620 648 317 888 573 3 0.0616 452 326 705 574 8 0.0613 391 273 633 508 7 0.0603 567 389 820 633 13 0.0598 506 323 757 569 13 0.0597 566 389 822 632 13 0.0595 251 740 512 966 2 0.0591 515 263 758 508 8 0.0590 494 385 738 632 6 0.0588 508 318 753 570 7 0.0586 442 397 700 635 5 0.0585 572 199 815 448 5 0.0585 441 323 696 567 6 0.0582 568 386 819 630 11 0.0581 492 389 747 631 8 0.0581 249 736 498 965 0 0.0579 301 678 571 906 0 0.0578 495 382 746 632 7 0.0575 293 599 644 799 6 0.0575 204 342 579 529 7 0.0574 289 478 640 670 8 0.0574 445 202 689 438 6 0.0573 388 273 644 510 3 0.0571 448 204 694 447 7 0.0569 506 207 755 450 13 0.0569 391 275 646 511 5 0.0568 637 379 881 635 8 0.0568 315 590 564 834 7 0.0566 651 319 887 570 5 0.0566 437 199 690 440 8 0.0565 312 396 570 632 13 0.0564 228 607 513 840 8 0.0564 644 382 877 639 2 0.0563 447 334 697 570 10 0.0563 492 389 744 633 5 0.0562 275 474 624 669 11 0.0562 248 743 505 961 0 0.0560 250 739 506 967 0 0.0559 384 274 639 511 11 0.0559 307 396 579 630 13 0.0558 655 317 893 572 10 0.0558 568 322 817 566 13 0.0558 306 677 578 903 6 0.0557 381 394 638 637 2 0.0557 572 322 819 570 12 0.0557 507 318 754 571 13 0.0555 442 397 701 631 3 0.0555 649 384 886 647 5 0.0554 309 588 568 831 11 0.0553 575 208 822 447 6 0.0550 311 216 568 450 6 0.0550 176 617 444 835 0 0.0549 441 204 694 441 11 0.0548 372 213 631 448 11 0.0547 307 801 561 1019 7 0.0546 308 677 576 899 13 0.0546 582 204 825 452 0 0.0544 244 451 518 694 11 0.0542 305 679 572 898 6 0.0542 656 316 891 570 5 0.0541 241 738 499 960 6 0.0541 251 740 509 965 6 0.0539 579 202 823 447 3 0.0538 579 208 818 455 3 0.0538 386 394 639 642 6 0.0536 446 201 698 440 0 0.0535 377 394 632 637 12 0.0533 566 387 818 634 0 0.0533 183 394 447 633
QaO5B6aNRET0g5p6cu2SAe6gfhp8H5KQ,11 0.0665 434 135 696 376 0 0.0640 501 140 758 381 8 0.0640 441 134 691 379 11 0.0611 568 335 822 561 11 0.0604 625 204 874 442 3 0.0602 445 133 694 383 11 0.0601 434 337 695 567 5 0.0599 564 196 816 444 8 0.0599 631 408 884 634 0 0.0598 630 410 892 639 7 0.0597 507 136 760 381 7 0.0591 569 393 823 629 0 0.0591 571 203 824 443 11 0.0589 507 200 763 439 5 0.0586 626 406 891 634 11 0.0577 567 655 823 891 2 0.0577 504 144 759 381 11 0.0576 630 412 890 632 8 0.0575 511 197 755 441 5 0.0575 497 133 755 382 0 0.0571 564 653 825 894 10 0.0568 630 348 887 567 3 0.0568 516 200 758 448 6 0.0565 571 334 829 564 7 0.0564 635 340 891 567 5 0.0564 564 328 819 566 8 0.0563 568 654 820 894 0 0.0561 569 334 825 568 7 0.0559 572 199 826 440 7 0.0557 371 138 624 376 13 0.0552 633 411 896 635 11 0.0551 299 145 559 387 3 0.0548 637 343 890 575 10 0.0548 559 396 818 628 10 0.0546 567 208 821 442 13 0.0542 440 136 700 378 6 0.0542 632 409 895 634 13 0.0540 571 651 832 895 3 0.0538 570 656 829 900 7 0.0538 571 652 828 894 6 0.0538 442 133 697 378 6 0.0536 571 200 827 440 2 0.0534 571 208 822 445 6 0.0531 573 656 828 897 10 0.0529 565 656 823 894 0 0.0527 368 139 621 376 5 0.0526 437 259 695 498 10 0.0526 501 142 756 381 3 0.0526 306 144 560 389 13 0.0524 509 201 768 444 3 0.0522 627 204 874 447 8 0.0522 624 206 864 442 5 0.0521 360 132 618 374 13 0.0520 572 333 830 566 2 0.0519 562 399 823 631 3 0.0519 451 265 694 505 8 0.0518 307 143 550 384 8 0.0518 441 264 690 495 11 0.0516 367 273 635 501 0 0.0515 442 269 696 500 5 0.0515 564 648 823 892 2 0.0513 367 142 619 376 12 0.0506 442 135 699 381 10 0.0505 369 142 622 376 9 0.0502 567 657 827 891
xZJONMIE9txDJPloQrNElLQCj2p3RvAL,8 0.0613 494 150 750 383 5 0.0607 493 143 757 386 7 0.0592 493 150 762 386 6 0.0586 499 149 761 387 13 0.0579 495 152 762 386 0 0.0578 626 351 890 579 5 0.0559 563 61 813 309 3 0.0554 636 268 890 509 11 0.0554 562 142 822 386 8 0.0544 179 595 429 844 5 0.0542 624 260 888 501 7 0.0540 635 131 879 373 2 0.0536 495 159 755 384 0 0.0536 495 151 756 388 11 0.0536 630 265 892 501 7 0.0531 631 263 892 501 0 0.0530 177 595 438 841 8 0.0530 629 348 880 576 0 0.0529 635 722 862 959 3 0.0526 494 152 761 392 2 0.0524 632 273 890 503 5 0.0522 630 129 874 369 6 0.0522 639 266 897 505 0 0.0519 634 136 873 376 6 0.0518 567 68 823 308 11 0.0517 179 597 435 839 9 0.0516 492 153 757 381 9 0.0514 630 270 888 496 10 0.0514 493 156 759 385 11 0.0513 493 82 760 308 13 0.0511 631 348 898 579 8 0.0510 634 719 857 952 10 0.0506 629 356 891 572 11 0.0503 635 722 863 950 8 0.0500 567 67 807 305
0M2BsmSYs3G7at7swDzwbvvueLExfvgP,11 0.0638 63 733 309 950 5 0.0617 522 667 871 861 11 0.0610 176 808 419 1022 8 0.0590 176 802 413 1023 0 0.0589 571 718 820 953 6 0.0582 575 720 823 948 0 0.0582 172 806 420 1023 8 0.0579 575 719 813 949 0 0.0573 68 735 304 960 11 0.0570 569 724 820 948 0 0.0569 522 674 882 863 7 0.0568 177 803 424 1023 0 0.0566 567 534 817 767 8 0.0565 567 530 812 768 7 0.0562 576 719 825 949 10 0.0559 173 807 420 1021 11 0.0553 567 533 816 765 7 0.0552 71 727 313 958 5 0.0549 170 798 415 1022 13 0.0548 574 721 827 952 5 0.0544 366 781 612 1014 11 0.0543 520 673 881 861 7 0.0542 313 791 565 1023 13 0.0542 178 805 427 1023 10 0.0540 567 533 819 767 5 0.0540 431 731 691 965 6 0.0539 529 672 886 860 13 0.0539 317 391 580 641 5 0.0538 564 526 814 766 3 0.0538 177 804 421 1023 7 0.0537 401 674 765 856 7 0.0537 437 738 699 963 0 0.0536 307 395 574 638 7 0.0535 572 526 821 767 6 0.0535 179 807 421 1023 8 0.0531 525 673 873 861 3 0.0522 577 718 819 954 0 0.0521 434 737 698 968 11 0.0519 307 797 558 1021 13 0.0517 362 478 714 661 6 0.0516 571 531 821 766 11 0.0513 429 743 696 964 10 0.0512 571 724 819 948 10 0.0511 524 674 878 861 3 0.0511 401 797 767 981 0 0.0510 314 279 580 507 8 0.0507 392 797 756 974 2 0.0504 577 725 822 950 6 0.0503 440 738 696 963 0 0.0501 352 480 706 662
Q0KnrKretUfHymJDB6GUxTn8saYG61jZ,0 0.0654 202 676 567 855 11 0.0653 197 677 565 852 5 0.0651 198 675 562 854 8 0.0646 202 675 560 853 10 0.0639 122 655 363 891 10 0.0636 198 678 566 855 7 0.0635 204 676 568 854 0 0.0625 128 653 365 893 7 0.0617 443 599 682 826 7 0.0615 129 650 365 891 3 0.0610 204 677 566 856 8 0.0609 129 652 360 893 3 0.0604 385 593 625 829 6 0.0603 385 591 627 824 11 0.0599 440 605 677 824 11 0.0598 122 654 366 889 9 0.0595 198 677 565 851 8 0.0593 384 591 616 822 5 0.0586 123 649 363 891 6 0.0586 251 649 502 892 13 0.0585 387 591 630 824 3 0.0577 130 652 365 897 2 0.0574 203 680 567 856 13 0.0569 203 677 573 854 12 0.0557 202 676 565 854 0 0.0556 442 601 679 827 1 0.0552 196 673 565 853 12 0.0548 126 652 366 892 6 0.0545 127 653 367 895 9 0.0541 122 653 366 887 10 0.0540 383 594 622 822 13 0.0537 128 653 372 893 4 0.0533 201 680 569 853 1 0.0529 123 647 365 892 5 0.0529 435 599 676 824 1 0.0516 380 583 621 823 2 0.0508 126 656 364 894 9 0.0505 380 592 622 820 4 0.0503 127 657 368 892
rPinsnnrumnp4UQqGxB56rysqkXkLQNq,8 0.0620 186 655 444 887 0 0.0619 187 655 457 890 7 0.0615 192 653 456 886 11 0.0592 251 667 518 893 5 0.0586 71 679 428 853 5 0.0581 364 664 639 903 5 0.0580 247 660 513 892 0 0.0575 381 490 628 700 11 0.0574 385 671 757 845 7 0.0569 376 669 650 904 8 0.0565 374 670 637 904 6 0.0563 372 671 651 903 0 0.0556 443 556 690 786 7 0.0554 385 540 640 762 6 0.0550 79 680 435 852 11 0.0549 73 685 431 851 0 0.0548 312 398 565 623 8 0.0548 380 542 625 764 6 0.0540 253 663 522 895 11 0.0540 384 541 635 762 0 0.0540 372 667 646 908 3 0.0535 186 655 452 891 10 0.0530 249 666 518 893 7 0.0521 449 602 703 835 11 0.0520 309 468 563 683 8 0.0518 444 601 692 835 3 0.0512 372 666 646 909 13 0.0511 261 665 524 896 5 0.0510 438 600 697 834 5 0.0507 378 536 629 759 11 0.0503 255 329 518 558 10 0.0501 69 687 427 855
88Zr668D57G0jwWVW5LeIpD9Ejd5N4la,11 0.0619 251 596 514 832 7 0.0605 255 592 519 835 8 0.0604 135 683 485 850 0 0.0602 253 593 514 836 11 0.0600 379 409 624 643 10 0.0594 126 687 496 851 5 0.0576 243 593 509 830 11 0.0561 148 750 497 916 6 0.0560 253 595 517 833 5 0.0544 148 742 490 916 3 0.0541 252 596 515 839 5 0.0532 369 18 626 260 13 0.0531 138 682 509 855 0 0.0530 382 408 625 647 5 0.0527 439 402 677 642 8 0.0519 382 406 617 645 8 0.0518 304 0 556 201 0 0.0514 151 743 501 919 0 0.0505 297 0 563 207 10 0.0502 48 543 318 767 13 0.0501 387 405 630 644 13 0.0500 304 0 571 202
NXUM3bcuQfi7losA4kpdNv2CkLbCFXJC,5 0.0645 237 386 499 645 8 0.0594 247 331 486 578 3 0.0589 184 395 425 660 8 0.0584 182 391 418 653 13 0.0578 185 401 430 654 11 0.0575 240 394 502 645 6 0.0569 189 393 429 651 5 0.0567 302 331 563 571 0 0.0562 377 332 631 575 13 0.0562 307 395 568 649 11 0.0559 302 337 571 568 8 0.0557 307 395 552 647 0 0.0552 302 390 563 649 0 0.0549 456 279 696 505 7 0.0548 245 389 499 650 11 0.0548 377 387 639 640 13 0.0548 249 332 504 580 6 0.0547 251 334 498 574 10 0.0540 302 399 562 648 3 0.0536 247 333 498 583 6 0.0533 304 394 563 646 3 0.0524 305 396 560 652 5 0.0524 242 273 498 504 11 0.0518 384 273 635 506 5 0.0517 241 508 504 771 11 0.0517 247 275 504 504 8 0.0515 380 330 622 574 10 0.0512 248 336 496 576 8 0.0510 317 276 552 504 7 0.0510 310 332 570 578 13 0.0506 382 330 638 576
kiCMxfr0auflQ3VKgsxKvQkV7ln6tswL,5 0.0639 437 587 698 826 11 0.0629 508 603 766 837 7 0.0611 514 600 767 840 5 0.0611 373 527 636 767 3 0.0605 467 677 833 865 11 0.0601 376 596 640 830 0 0.0601 459 679 833 863 11 0.0601 305 650 569 892 8 0.0597 444 590 696 826 6 0.0593 510 601 767 838 5 0.0593 453 673 831 862 6 0.0592 447 533 707 766 11 0.0588 443 533 705 769 5 0.0583 362 640 629 891 7 0.0579 313 529 577 761 11 0.0579 627 204 899 456 13 0.0578 313 644 576 896 0 0.0578 111 156 388 392 8 0.0575 316 588 563 828 0 0.0570 448 530 705 769 7 0.0569 384 591 638 833 0 0.0569 370 642 627 892 8 0.0567 459 678 827 862 7 0.0566 310 647 568 896 8 0.0566 374 648 623 890 11 0.0565 306 532 579 763 7 0.0565 451 531 707 768 13 0.0564 313 529 583 765 0 0.0563 690 206 956 463 8 0.0557 379 533 635 768 13 0.0547 514 601 770 842 13 0.0543 386 593 642 833 6 0.0542 381 590 640 829 6 0.0540 311 645 573 895 3 0.0539 383 529 640 774 11 0.0536 692 148 958 383 6 0.0533 313 532 579 760 10 0.0532 380 533 639 767 8 0.0527 637 145 894 393 3 0.0527 376 647 631 897 10 0.0525 443 593 701 825 2 0.0524 512 607 765 839 6 0.0518 643 145 905 392 0 0.0515 12 0 382 156 7 0.0514 697 143 961 381 13 0.0513 451 533 708 771 11 0.0511 108 155 391 384 9 0.0510 445 532 705 764 0 0.0507 302 714 559 953 10 0.0507 370 648 630 888 8 0.0506 308 719 548 951 9 0.0506 506 601 766 835 10 0.0505 461 681 837 860 12 0.0504 513 602 767 842 10 0.0503 635 150 899 390
H1pLhvvOvcnB7mSxg7qiILAaTkDetYgl,0 0.0581 3 481 248 721 5 0.0576 52 403 319 636 11 0.0572 9 480 254 711 0 0.0572 5 602 256 846 11 0.0565 637 400 887 620 13 0.0564 315 783 567 1023 13 0.0561 11 480 259 717 11 0.0549 308 787 555 1023 0 0.0547 59 407 324 644 11 0.0539 7 601 259 843 5 0.0536 2 477 242 711 11 0.0535 377 263 640 493 11 0.0533 240 344 513 575 8 0.0533 6 591 252 842 8 0.0532 9 473 247 719 2 0.0524 5 482 253 719 8 0.0523 309 783 547 1018 10 0.0521 7 482 251 713 8 0.0521 384 260 632 497 0 0.0521 243 343 508 583 13 0.0519 385 259 647 498 6 0.0519 650 397 889 622 5 0.0519 567 387 829 611 3 0.0512 13 478 250 721 11 0.0511 314 670 566 895 13 0.0511 70 408 331 642 0 0.0511 379 261 636 497 7 0.0509 374 793 638 1023 7 0.0509 3 593 264 844 6 0.0506 250 342 518 581 0 0.0504 320 668 572 903 8 0.0501 320 667 560 896 6 0.0500 64 403 331 640
db8xUuaELhIANFrBIqfn3w8alnyEmOY4,11 0.0529 312 395 569 625 0 0.0511 316 397 568 632 11 0.0509 544 486 904 667 0 0.0509 547 480 896 670 5 0.0507 466 551 829 728 11 0.0500 369 456 622 693
JEmzx9FbSTUoKQBuBTa9o3YPyXvPXxgg,0 0.0619 635 2 879 209 11 0.0543 296 666 571 890 6 0.0537 635 2 884 205 13 0.0532 638 0 888 207 5 0.0529 633 0 876 204 8 0.0519 635 0 877 205 11 0.0515 634 3 884 205 11 0.0506 0 186 144 572 2 0.0505 633 2 883 205 3 0.0505 639 2 882 210 8 0.0501 300 659 566 895
MsfiL146Kd2pFYL9IsFmnNuzP9kVN8Ej,5 0.0628 560 349 829 589 8 0.0627 333 262 582 490 7 0.0623 453 458 708 708 8 0.0622 382 137 635 388 5 0.0620 507 271 761 516 8 0.0617 460 218 700 456 5 0.0611 428 0 686 247 11 0.0611 380 137 644 385 0 0.0610 435 5 685 249 5 0.0610 639 589 893 834 8 0.0608 565 353 825 588 13 0.0606 435 3 691 246 5 0.0605 452 139 709 387 8 0.0604 316 397 564 640 0 0.0603 643 597 901 841 0 0.0601 265 145 520 401 8 0.0601 450 75 694 321 0 0.0601 513 345 761 584 8 0.0599 572 589 816 828 6 0.0599 572 287 837 519 11 0.0598 640 594 896 834 11 0.0598 332 262 591 491 11 0.0597 564 353 834 586 11 0.0593 451 340 697 580 5 0.0592 447 331 691 580 0 0.0589 377 75 632 319 0 0.0589 498 83 750 321 5 0.0588 107 593 365 828 7 0.0588 254 400 517 648 3 0.0587 514 345 761 589 5 0.0587 248 339 507 573 0 0.0587 334 262 589 488 13 0.0586 381 74 641 318 3 0.0586 455 462 705 713 11 0.0583 429 7 685 247 11 0.0583 189 151 454 384 8 0.0582 451 337 690 583 5 0.0581 564 209 827 445 8 0.0580 218 345 572 537 5 0.0580 313 135 583 382 6 0.0579 435 10 689 247 8 0.0579 451 459 698 709 13 0.0575 516 277 769 516 8 0.0575 629 289 882 509 11 0.0575 313 460 579 708 6 0.0573 462 142 714 387 11 0.0572 451 460 702 704 11 0.0572 512 277 766 515 7 0.0571 518 341 762 582 6 0.0571 455 459 707 711 10 0.0570 337 266 590 488 2 0.0569 512 348 759 585 0 0.0567 573 285 834 520 6 0.0566 511 344 764 586 2 0.0565 462 149 715 386 11 0.0564 496 81 752 319 11 0.0563 629 289 899 509 10 0.0563 512 278 762 515 0 0.0563 194 205 439 451 6 0.0562 578 589 823 829 3 0.0561 388 140 643 390 13 0.0558 568 353 836 591 3 0.0558 465 218 704 459 0 0.0557 454 275 696 513 7 0.0556 269 156 649 346 5 0.0555 448 455 701 706 0 0.0555 525 211 772 451 10 0.0555 375 79 631 320 0 0.0555 451 460 704 712 8 0.0554 266 145 512 399 3 0.0554 439 5 689 253 6 0.0554 327 69 575 318 5 0.0554 328 260 586 489 7 0.0554 504 9 751 260 13 0.0553 498 81 758 324 11 0.0553 576 143 826 386 10 0.0552 434 10 685 248 7 0.0552 328 330 582 566 6 0.0551 454 280 699 514 8 0.0550 326 65 562 317 7 0.0550 576 588 826 828 10 0.0549 256 348 509 576 8 0.0549 514 148 770 391 3 0.0547 577 590 822 834 11 0.0544 320 69 571 317
1lmjttrm4No8xGcSu1Nm7pDbpn8Kb8K2,0 0.0589 584 356 949 539 13 0.0577 318 461 572 705 0 0.0574 503 384 764 638 5 0.0570 577 389 828 638 11 0.0567 313 462 570 698 11 0.0566 291 344 561 570 13 0.0565 512 386 770 638 13 0.0561 580 328 828 571 6 0.0557 581 390 845 637 6 0.0557 294 338 558 572 11 0.0555 584 358 951 537 7 0.0554 510 382 769 639 0 0.0553 634 399 895 638 11 0.0545 635 400 899 635 5 0.0545 289 334 555 569 13 0.0544 371 394 642 644 11 0.0544 502 387 767 636 3 0.0543 577 329 822 572 2 0.0541 576 330 822 567 8 0.0540 582 390 828 636 13 0.0536 712 392 969 641 11 0.0534 235 268 501 497 8 0.0534 254 413 498 653 13 0.0532 571 477 832 719 6 0.0531 440 383 705 640 6 0.0531 593 355 953 538 13 0.0531 296 342 567 576 6 0.0530 253 413 508 655 7 0.0529 576 326 823 569 11 0.0527 303 208 567 430 3 0.0527 513 384 762 641 3 0.0526 365 341 627 588 8 0.0526 366 341 612 582 6 0.0523 312 202 564 430 6 0.0523 246 263 501 503 0 0.0522 315 517 578 756 5 0.0521 701 390 954 634 11 0.0518 442 456 698 700 5 0.0517 245 409 504 653 8 0.0516 383 438 619 692 11 0.0515 313 585 574 811 10 0.0513 505 386 765 637 5 0.0513 429 380 697 637 5 0.0509 367 572 623 810 10 0.0508 242 348 502 575 7 0.0506 450 449 697 705 2 0.0505 505 388 764 636 0 0.0504 297 407 558 641 3 0.0501 318 455 565 703 0 0.0501 568 262 817 509
xbZ0m2h40FPrNYy2wsGalpSjydAogLgr,7 0.0622 448 594 708 823 11 0.0621 504 665 763 897 11 0.0604 444 724 699 960 5 0.0589 500 659 757 900 7 0.0587 506 660 765 901 7 0.0581 449 722 702 963 11 0.0577 444 598 703 822 0 0.0576 501 663 760 904 3 0.0575 508 662 762 907 6 0.0574 509 664 765 903 5 0.0573 437 592 699 822 6 0.0570 451 724 702 964 13 0.0560 452 726 705 965 0 0.0555 442 597 705 828 6 0.0554 445 599 709 826 8 0.0550 438 595 695 825 13 0.0548 448 601 713 828 13 0.0535 511 666 768 904 5 0.0532 443 724 696 959 11 0.0531 585 723 833 945 10 0.0525 504 664 762 901 8 0.0524 504 660 755 903 10 0.0522 439 596 703 826 2 0.0515 507 666 762 902 0 0.0515 582 720 834 953 10 0.0510 445 724 698 962 11 0.0509 565 607 807 822 5 0.0507 580 715 826 945 3 0.0505 442 597 703 832 6 0.0502 569 606 811 828 6 0.0500 591 721 838 950
hkEgbsZcSJKjvFQ9VVoj6PRqnSQhcpGD,5 0.0583 375 585 618 841 11 0.0582 181 343 444 587 8 0.0579 444 526 691 774 11 0.0579 190 529 443 765 7 0.0576 196 527 449 767 7 0.0569 449 527 702 778 11 0.0564 441 531 698 775 8 0.0561 381 590 616 843 11 0.0555 125 616 392 843 0 0.0549 195 601 452 841 5 0.0545 437 520 692 773 8 0.0542 131 611 384 844 0 0.0541 379 514 636 772 5 0.0532 187 521 443 764 0 0.0532 263 15 517 243 6 0.0529 270 19 523 241 8 0.0529 521 460 764 705 5 0.0528 261 11 509 239 6 0.0528 380 590 628 840 11 0.0526 514 462 768 704 7 0.0522 384 590 630 845 7 0.0521 524 458 776 706 9 0.0521 375 593 623 840 8 0.0520 191 527 439 768 11 0.0520 378 594 622 843 11 0.0518 382 458 641 703 13 0.0518 196 529 453 771 13 0.0512 385 521 645 773 10 0.0512 380 594 623 842 13 0.0511 269 15 522 245 5 0.0511 515 455 767 705 2 0.0506 384 527 636 770 6 0.0506 446 528 702 775 5 0.0506 241 348 511 589 3 0.0505 268 21 515 250 0 0.0505 519 463 775 709 11 0.0503 239 278 506 514 7 0.0502 268 11 517 245 8 0.0501 383 457 632 705 10 0.0500 442 529 696 775
DfsnUcgtTuCgbJN9EK5pIkjXDJLEtrm4,11 0.0639 375 406 646 640 8 0.0630 254 465 498 699 5 0.0630 304 408 567 644 0 0.0624 183 465 440 696 7 0.0623 252 468 505 700 3 0.0619 382 404 647 645 3 0.0613 318 470 573 713 8 0.0613 320 535 570 783 6 0.0612 253 469 505 698 5 0.0607 375 457 639 701 5 0.0606 369 339 643 568 7 0.0604 314 412 575 647 5 0.0602 235 336 501 562 11 0.0602 311 472 574 710 8 0.0597 185 407 439 642 8 0.0589 381 458 639 708 3 0.0588 251 412 509 645 11 0.0586 246 413 511 641 6 0.0583 192 407 447 639 0 0.0581 314 471 573 712 0 0.0580 375 343 647 574 0 0.0580 240 340 503 568 7 0.0578 189 409 445 640 5 0.0576 312 535 566 775 6 0.0574 244 337 506 567 8 0.0570 375 338 643 571 5 0.0562 300 265 567 503 13 0.0561 318 468 578 712 7 0.0554 378 342 652 569 6 0.0553 384 458 648 706 11 0.0553 319 598 572 837 5 0.0553 377 203 633 433 10 0.0550 375 408 650 639 7 0.0549 242 340 505 568 6 0.0547 310 268 575 509 11 0.0547 302 274 574 507 6 0.0546 320 537 578 779 6 0.0545 380 339 652 572 10 0.0544 315 472 575 710 8 0.0544 243 338 500 566 2 0.0543 250 416 508 641 5 0.0541 179 406 443 637 3 0.0533 382 264 641 512 7 0.0533 386 461 649 706 11 0.0530 380 533 644 779 10 0.0527 248 413 511 642 3 0.0526 393 533 644 781 0 0.0526 305 269 571 508 0 0.0525 325 596 573 839 5 0.0524 440 517 716 759 7 0.0523 321 537 577 782 13 0.0520 254 409 513 644 0 0.0520 383 210 641 440 3 0.0519 331 597 573 842 13 0.0517 327 597 577 838 13 0.0513 381 404 650 642 13 0.0513 391 531 651 779 10 0.0506 184 469 441 695 3 0.0506 189 467 439 698 9 0.0506 308 410 571 643 13 0.0505 311 268 579 512 2 0.0503 316 477 571 711 12 0.0502 377 343 653 573
T9x6UdmW6PV1qKv2sjLGnt5olFpwf56H,11 0.0537 63 468 325 705 11 0.0533 118 398 377 625 7 0.0526 71 464 324 709 7 0.0523 181 468 445 698 7 0.0519 122 393 377 628 5 0.0517 74 504 319 763 5 0.0506 112 388 371 624 3 0.0504 120 397 372 637 0 0.0503 310 463 570 704 13 0.0502 308 597 592 842 6 0.0501 122 398 380 628 0 0.0501 78 571 331 829 0 0.0501 66 461 317 708
ak9wz8wstCtenKBXO9D5UISHBc4XKYYY,11 0.0631 51 0 320 196 5 0.0605 111 0 371 209 6 0.0603 52 1 317 201 11 0.0593 376 398 640 621 8 0.0579 516 472 757 712 11 0.0574 427 275 707 506 11 0.0570 394 535 641 756 8 0.0561 373 398 633 625 8 0.0561 52 0 308 196 5 0.0557 513 467 758 710 7 0.0550 381 398 646 625 3 0.0548 44 28 312 278 0 0.0545 111 1 375 215 6 0.0544 402 541 647 758 7 0.0542 404 535 645 759 7 0.0540 380 273 660 511 3 0.0537 380 398 640 630 7 0.0535 520 470 768 712 8 0.0533 398 538 636 760 0 0.0529 128 83 488 290 0 0.0528 318 274 582 501 0 0.0527 309 396 568 617 11 0.0521 514 472 763 707 11 0.0521 310 457 558 678 0 0.0520 387 469 636 693 6 0.0519 522 475 768 712 7 0.0519 54 0 315 197 11 0.0519 320 337 578 559 7 0.0518 314 453 560 683 5 0.0517 396 530 637 756 13 0.0511 513 471 770 710 5 0.0511 363 328 641 561 0 0.0507 517 471 762 713 13 0.0507 375 336 657 562 11 0.0504 315 587 563 815 0 0.0503 376 137 635 376 11 0.0503 133 91 492 282 8 0.0502 140 82 478 283 7 0.0502 323 334 582 563 13 0.0501 52 3 326 204 10 0.0500 116 3 379 209 3 0.0500 380 276 653 517
GL7t1VJRXg7FvKsNsqRe7ScX5yGjOWzo,7 0.0616 312 597 584 832 11 0.0580 311 600 574 830 0 0.0578 302 196 564 443 8 0.0576 310 478 554 698 8 0.0575 310 600 566 830 7 0.0574 306 475 569 703 0 0.0569 314 400 566 646 5 0.0567 307 255 564 501 7 0.0561 368 329 625 570 3 0.0560 375 404 625 649 0 0.0559 436 476 686 715 5 0.0557 434 400 686 638 11 0.0549 363 330 622 566 11 0.0543 378 542 642 779 5 0.0540 238 315 493 563 11 0.0540 302 480 566 700 13 0.0538 317 262 573 507 3 0.0531 309 477 561 708 11 0.0530 302 201 565 438 8 0.0528 383 543 634 776 6 0.0528 440 479 694 711 7 0.0527 244 320 499 564 7 0.0527 447 792 694 1014 3 0.0525 385 541 641 788 0 0.0522 367 141 629 379 7 0.0521 444 408 694 645 5 0.0521 247 460 507 693 3 0.0517 446 337 698 587 7 0.0517 312 261 568 501 5 0.0516 376 531 642 774 0 0.0515 256 536 520 781 5 0.0514 437 281 689 513 0 0.0514 363 328 617 574 8 0.0510 367 327 614 567 0 0.0508 505 410 748 640 11 0.0508 314 805 554 1021 0 0.0507 181 398 426 639 5 0.0507 490 621 754 854 0 0.0506 435 287 694 520 7 0.0505 499 625 760 862 5 0.0505 438 789 682 1014 11 0.0503 434 476 692 708 5 0.0502 304 590 576 827 7 0.0502 442 285 699 517 3 0.0501 313 322 558 574
R87VEw3SlWL2S4WxAfciGWm7uzcY812u,8 0.0594 250 782 492 1018 5 0.0584 247 781 496 1017 11 0.0577 251 788 497 1018 7 0.0567 251 781 504 1022 11 0.0566 314 719 568 959 0 0.0551 317 714 567 964 0 0.0546 252 783 498 1023 7 0.0543 320 715 571 962 6 0.0537 251 789 501 1019 13 0.0525 254 787 504 1020 5 0.0525 315 713 563 958 8 0.0521 318 717 563 959 6 0.0518 320 720 572 961 10 0.0505 316 722 567 958 13 0.0501 320 720 577 961
XxAQBTU8tKndrFFCawFrW7jUeGsYPXd4,11 0.0672 121 715 371 952 7 0.0649 272 679 619 851 8 0.0638 266 681 611 851 7 0.0638 179 717 430 961 11 0.0631 240 661 499 894 0 0.0620 124 713 371 956 5 0.0617 174 716 425 955 8 0.0614 180 719 426 962 5 0.0613 261 677 610 851 6 0.0602 241 663 504 896 11 0.0593 334 680 684 852 6 0.0589 181 723 433 961 0 0.0588 335 678 685 855 0 0.0585 243 657 500 900 11 0.0581 296 729 561 962 10 0.0579 261 682 618 852 8 0.0575 376 588 623 817 8 0.0573 235 794 478 1023 11 0.0573 232 801 486 1021 7 0.0570 233 794 488 1023 13 0.0567 266 681 626 852 8 0.0566 299 728 559 965 6 0.0564 302 727 568 965 7 0.0562 302 723 568 965 5 0.0561 294 720 559 961 11 0.0559 299 589 556 817 3 0.0556 181 660 434 905 8 0.0556 244 586 485 813 0 0.0553 304 587 557 824 0 0.0552 369 723 630 964 10 0.0551 176 665 433 898 2 0.0549 268 684 617 853 13 0.0549 182 719 436 960 5 0.0549 228 789 480 1018 7 0.0543 452 596 702 825 3 0.0538 308 663 564 908 6 0.0536 376 591 633 817 12 0.0529 182 659 432 901 3 0.0529 235 726 495 969 5 0.0528 441 593 691 822 10 0.0528 229 728 496 961 13 0.0524 378 588 638 818 13 0.0519 239 799 493 1023 1 0.0515 122 710 367 954 2 0.0515 181 664 433 902 1 0.0513 238 653 501 896 3 0.0507 244 586 494 820 9 0.0505 261 680 612 849 13 0.0504 302 725 571 965 4 0.0503 179 665 438 902 0 0.0500 231 798 487 1023
o6KEcBU9cPer9GUcYicwnTLaL03h96w8,11 0.0657 501 273 762 508 11 0.0639 568 334 827 572 8 0.0625 502 269 755 512 7 0.0617 506 272 763 511 5 0.0605 498 267 754 507 6 0.0603 506 272 766 510 3 0.0601 507 272 760 514 0 0.0595 502 269 760 512 0 0.0593 570 335 824 577 5 0.0589 565 331 820 573 11 0.0583 305 591 570 823 11 0.0581 643 280 894 505 6 0.0581 573 332 827 576 11 0.0579 499 154 755 388 7 0.0576 575 334 829 577 0 0.0569 502 153 753 389 8 0.0567 499 147 746 390 3 0.0565 575 335 822 583 13 0.0562 501 273 765 508 2 0.0558 503 278 760 512 5 0.0554 497 146 749 387 8 0.0554 570 331 816 577 6 0.0546 650 271 896 506 6 0.0545 507 155 759 388 8 0.0542 392 0 642 199 13 0.0542 504 153 760 386 10 0.0542 501 275 763 509 7 0.0540 313 592 571 826 11 0.0539 568 528 820 743 11 0.0539 347 664 632 893 11 0.0534 394 0 651 201 7 0.0534 506 150 756 386 3 0.0533 505 155 751 393 13 0.0530 573 337 829 576 2 0.0529 501 155 755 385 0 0.0529 565 531 824 756 5 0.0529 377 128 647 372 3 0.0527 649 276 889 513 2 0.0523 573 339 826 579 7 0.0520 381 137 648 374 8 0.0519 647 275 884 505 8 0.0518 361 664 622 897 5 0.0517 638 271 887 501 10 0.0515 569 338 826 572 7 0.0508 565 525 828 750 11 0.0507 378 134 649 370 6 0.0506 397 0 656 199 0 0.0505 645 276 889 509 0 0.0503 377 141 650 376 8 0.0502 373 137 640 373
dHM3S49xwTMSxKIUWqTV32Fe9UeWvZrO,11 0.0665 323 334 583 572 11 0.0626 447 343 703 577 5 0.0616 322 272 587 513 0 0.0616 449 284 707 527 11 0.0604 257 275 515 499 0 0.0604 327 336 579 579 11 0.0598 323 210 577 440 8 0.0596 328 211 570 441 0 0.0593 325 208 572 443 5 0.0589 252 326 510 559 7 0.0587 456 283 709 523 11 0.0581 451 151 709 382 5 0.0578 444 280 704 522 5 0.0575 505 145 763 382 7 0.0572 264 204 510 432 0 0.0571 259 276 515 504 5 0.0565 251 200 504 432 11 0.0560 259 398 511 630 7 0.0559 331 274 589 514 7 0.0558 327 144 565 371 8 0.0557 452 148 704 384 0 0.0556 455 149 708 382 5 0.0554 315 136 560 369 3 0.0552 459 151 708 389 7 0.0549 265 394 515 633 8 0.0549 449 340 696 581 6 0.0549 329 334 584 576 6 0.0545 451 341 707 580 5 0.0545 448 81 703 316 3 0.0544 454 338 706 584 6 0.0543 459 153 713 381 5 0.0543 258 459 499 687 6 0.0543 326 208 579 442 0 0.0541 267 400 506 637 8 0.0539 259 140 496 366 7 0.0538 459 149 712 385 6 0.0538 269 399 514 633 10 0.0535 322 146 567 371 6 0.0532 517 210 772 444 6 0.0531 392 91 646 317 0 0.0528 500 473 760 712 3 0.0526 331 210 577 446 11 0.0525 510 214 771 443 0 0.0525 512 212 768 445 3 0.0525 329 335 583 582 13 0.0524 260 135 510 371 3 0.0523 394 89 643 325 10 0.0523 456 88 707 318 8 0.0523 391 90 634 318 10 0.0523 449 346 705 577 11 0.0522 253 136 504 364 6 0.0521 263 273 519 505 0 0.0521 256 134 501 369 11 0.0520 301 794 563 1010 2 0.0520 453 290 711 526 11 0.0518 753 344 1018 587 10 0.0517 512 154 768 385 8 0.0516 327 335 575 577 2 0.0515 455 156 711 384 8 0.0514 564 142 807 378 10 0.0514 451 227 709 450 10 0.0513 328 282 590 513 11 0.0512 387 91 640 317 8 0.0511 263 277 508 503 13 0.0510 327 334 588 578 13 0.0510 320 77 573 310 5 0.0510 489 464 757 703 0 0.0508 318 76 562 313 9 0.0508 448 224 705 439 9 0.0507 324 212 575 434 10 0.0504 256 211 507 434 3 0.0504 518 213 772 451 6 0.0503 203 459 445 679
ytBZkZ259muiFR824MBxHXDoUOlxKmJS,14 1.0 0 0 1 1
14FSowHxaCcKA2r22YSihq5XBBqT6isX,11 0.0617 302 616 575 840 5 0.0583 360 614 640 848 13 0.0573 369 619 647 848 7 0.0572 309 612 575 841 8 0.0560 367 616 633 847 13 0.0544 295 669 571 898 10 0.0543 292 675 565 891 7 0.0539 388 271 643 506 0 0.0539 362 615 642 849 3 0.0538 368 618 641 853 6 0.0528 361 210 630 442 5 0.0519 353 139 632 373 3 0.0519 385 275 639 510 6 0.0514 297 666 575 894 13 0.0514 438 276 706 515 8 0.0513 381 273 626 502 8 0.0507 309 542 563 772 11 0.0507 355 151 636 372 6 0.0501 440 273 698 512 6 0.0501 307 264 559 513
6xEUYKVgN4ZEXH7UGtGx7u9DRUrCk2DG,11 0.0590 381 334 649 574 11 0.0581 377 201 654 437 8 0.0570 68 456 311 688 6 0.0564 37 482 408 660 8 0.0561 558 408 817 642 5 0.0555 371 196 642 436 5 0.0552 66 453 313 686 7 0.0549 444 405 707 644 6 0.0542 134 339 381 573 0 0.0540 558 411 826 643 13 0.0539 31 482 411 659 11 0.0539 438 408 704 637 8 0.0539 383 198 639 443 5 0.0526 555 405 822 641 3 0.0525 42 483 398 666 10 0.0525 379 207 648 440 11 0.0522 452 272 713 507 11 0.0521 27 485 401 658 7 0.0521 456 269 710 517 0 0.0520 451 271 707 511 11 0.0519 239 520 517 760 11 0.0518 557 410 826 641 8 0.0518 442 337 696 581 6 0.0517 384 201 650 443 13 0.0515 383 199 657 443 0 0.0513 377 201 646 440 7 0.0513 30 482 404 663 3 0.0513 383 199 647 448 3 0.0512 449 336 706 588 11 0.0511 363 469 647 711 7 0.0508 384 200 653 443 0 0.0505 437 407 702 643 6 0.0503 429 472 705 705 8 0.0500 124 336 364 577
VKM5d2en8y4b6cVr4yKJGUozKwWImesT,11 0.0571 433 721 711 964 0 0.0555 437 715 718 965 5 0.0550 432 714 710 964 8 0.0547 435 719 707 966 7 0.0519 440 720 718 969 6 0.0514 439 719 715 965
wMTEJwf0UqfLyYHxQvZUifLPXdv8WNX8,5 0.0652 362 334 622 576 11 0.0636 436 206 702 436 5 0.0635 326 288 692 475 3 0.0629 372 338 625 583 11 0.0626 364 338 628 577 6 0.0623 375 268 633 509 8 0.0623 440 273 703 517 7 0.0613 439 202 700 442 3 0.0613 443 271 705 521 11 0.0609 432 407 700 659 8 0.0606 369 341 626 579 10 0.0599 334 296 695 476 6 0.0597 313 341 561 568 13 0.0595 442 272 708 518 10 0.0593 431 344 701 579 3 0.0590 507 336 772 587 7 0.0589 435 341 702 587 11 0.0586 502 339 775 579 6 0.0581 439 407 702 661 11 0.0579 306 269 566 504 2 0.0577 442 277 706 517 0 0.0574 367 337 627 582 5 0.0573 429 402 692 659 13 0.0570 314 341 566 569 6 0.0567 507 336 778 581 5 0.0567 497 334 764 579 0 0.0565 502 335 771 587 3 0.0565 442 405 697 665 8 0.0565 504 336 770 582 7 0.0564 373 272 634 511 6 0.0557 440 202 698 440 11 0.0557 442 86 699 311 0 0.0555 438 204 698 441 5 0.0550 439 9 691 253 12 0.0549 433 339 703 585 13 0.0549 438 409 703 663 2 0.0549 368 343 627 580 10 0.0542 374 140 636 371 11 0.0542 205 3 569 150 9 0.0541 371 269 634 504 1 0.0540 365 336 626 579 2 0.0538 503 340 772 582 8 0.0538 310 267 559 506 7 0.0537 503 400 768 646 1 0.0537 436 269 706 516 13 0.0536 505 337 774 583 0 0.0536 376 136 634 371 8 0.0536 436 407 694 659 3 0.0535 442 143 700 378 0 0.0534 433 405 698 661 0 0.0531 306 263 564 509 5 0.0531 369 127 630 367 7 0.0530 379 135 640 371 12 0.0529 375 267 637 512 13 0.0524 380 132 642 370 7 0.0523 309 341 561 570 3 0.0521 312 265 562 510 5 0.0521 240 265 504 496 2 0.0521 312 268 563 506 8 0.0520 215 0 559 152 2 0.0519 435 410 699 661 4 0.0518 375 275 638 510 6 0.0516 378 134 632 372 5 0.0516 560 395 829 649 11 0.0515 374 138 634 368 4 0.0515 310 344 563 571 1 0.0512 428 403 698 660 13 0.0511 509 199 775 432 10 0.0511 498 405 768 641 9 0.0505 307 338 557 564 8 0.0503 440 143 691 371 8 0.0503 446 16 687 256
tb1kpdQoDQZY6v83CBJnrQFxnZ3nPH33,8 0.0587 253 0 504 196 7 0.0571 519 640 764 893 5 0.0563 246 577 498 831 11 0.0559 244 1 515 193 11 0.0556 248 583 503 829 5 0.0553 450 652 700 904 8 0.0548 515 641 754 895 5 0.0544 185 455 434 698 8 0.0535 250 584 494 827 6 0.0534 192 458 440 698 11 0.0528 513 645 761 890 3 0.0528 257 0 512 201 6 0.0526 517 645 764 894 6 0.0525 251 586 504 829 11 0.0523 187 462 435 699 13 0.0523 252 583 506 833 6 0.0522 256 0 512 193 13 0.0519 253 1 517 194 0 0.0519 578 714 834 965 0 0.0516 514 643 761 896 7 0.0514 192 456 436 698 7 0.0503 253 579 505 832 13 0.0503 183 78 457 340 10 0.0501 514 643 761 892 5 0.0501 383 586 623 838 8 0.0500 319 663 561 904
blkjLKTFJyxr3XCS5GSsNAQKf9Nh9gCc,5 0.0606 456 396 702 637 0 0.0591 453 466 709 706 11 0.0591 453 465 709 704 5 0.0571 245 271 501 502 0 0.0556 582 470 846 700 0 0.0556 327 330 581 563 0 0.0555 392 524 647 767 5 0.0554 573 465 844 694 7 0.0552 457 461 711 703 6 0.0548 462 402 713 638 2 0.0545 515 459 774 695 6 0.0544 397 464 649 699 11 0.0542 327 336 585 558 8 0.0531 453 461 704 705 6 0.0526 585 468 851 698 0 0.0523 450 603 700 843 6 0.0514 331 332 584 561 13 0.0513 396 466 648 706 5 0.0513 444 524 704 761 13 0.0512 584 469 853 698 10 0.0508 395 469 639 706 2 0.0507 451 535 709 765 8 0.0506 578 466 837 696 0 0.0502 171 402 434 639
tTRshWNzvqaS9lLGgz0CcEktn3zPm58L,0 0.0621 445 274 701 518 11 0.0604 325 271 581 509 11 0.0595 252 600 519 830 7 0.0594 249 537 519 774 0 0.0584 317 608 576 847 5 0.0581 249 595 511 834 0 0.0576 345 230 717 419 3 0.0575 359 291 708 482 6 0.0573 353 291 712 479 8 0.0573 351 293 694 477 0 0.0570 384 350 638 592 11 0.0569 250 209 503 442 5 0.0567 202 271 574 467 5 0.0567 441 271 697 517 8 0.0567 390 354 631 588 7 0.0565 367 523 634 772 13 0.0564 390 280 648 523 0 0.0560 244 536 514 777 7 0.0554 355 292 713 480 11 0.0552 263 329 519 575 8 0.0552 302 532 559 774 10 0.0550 392 209 641 456 7 0.0549 320 609 579 846 11 0.0546 387 356 642 586 13 0.0545 218 278 589 471 0 0.0539 251 203 500 450 5 0.0535 379 349 637 589 11 0.0534 382 612 643 840 6 0.0533 385 353 641 588 5 0.0533 257 319 518 576 6 0.0532 268 325 522 577 5 0.0531 232 466 507 711 0 0.0531 265 324 518 577 3 0.0531 245 539 514 778 5 0.0530 385 201 635 456 6 0.0529 250 540 520 772 3 0.0526 266 325 519 583 0 0.0526 365 526 630 773 3 0.0523 391 351 642 591 7 0.0519 255 392 511 642 13 0.0518 267 325 522 583 8 0.0518 252 208 493 445 13 0.0517 261 599 526 839 0 0.0517 524 201 777 446 3 0.0514 368 525 631 777 10 0.0514 385 356 642 587 10 0.0514 253 604 515 834 11 0.0512 237 471 512 705 6 0.0512 368 525 639 767 8 0.0511 310 395 562 644 10 0.0510 211 283 580 467 2 0.0507 351 299 704 481 7 0.0505 325 335 577 584 5 0.0504 520 196 774 445 7 0.0503 264 258 515 501 6 0.0503 321 610 582 839 11 0.0503 319 136 574 368
xAgwc1YO1tkCt3hel9KKAQrmu6UOnVuV,11 0.0613 241 328 493 570 5 0.0612 439 273 689 516 7 0.0605 247 329 496 570 11 0.0604 378 206 633 436 8 0.0597 248 328 487 567 0 0.0596 381 201 630 442 7 0.0595 382 204 632 440 8 0.0594 380 202 626 435 5 0.0594 314 202 570 447 5 0.0593 241 321 493 567 3 0.0589 448 278 694 521 8 0.0586 444 277 690 514 11 0.0585 507 280 762 518 7 0.0584 444 278 696 519 0 0.0582 247 262 509 511 0 0.0582 509 281 759 522 11 0.0580 624 224 882 462 6 0.0580 381 205 637 438 6 0.0572 446 280 698 516 3 0.0572 383 202 633 441 3 0.0562 251 262 510 510 10 0.0561 377 208 629 440 13 0.0560 318 211 580 448 10 0.0556 442 279 694 517 8 0.0554 315 536 577 757 0 0.0553 118 780 357 1013 2 0.0551 446 284 695 515 11 0.0549 249 208 511 445 11 0.0549 391 466 655 705 0 0.0548 440 789 696 1019 7 0.0547 446 790 697 1015 6 0.0537 259 209 517 451 11 0.0536 442 789 692 1012 13 0.0535 251 263 513 510 10 0.0533 246 268 511 509 2 0.0529 382 210 629 438 0 0.0528 389 461 653 708 13 0.0528 124 789 369 1013 5 0.0527 437 788 691 1014 13 0.0527 444 278 699 518 8 0.0527 119 784 350 1008 7 0.0522 256 208 514 447 8 0.0522 633 223 873 459 0 0.0522 313 534 586 764 0 0.0521 628 220 877 462 10 0.0521 114 790 356 1007 6 0.0521 633 223 886 461 9 0.0520 377 204 633 432 5 0.0520 115 781 353 1009 2 0.0519 255 213 509 449 8 0.0518 256 209 501 450 2 0.0518 246 335 494 570 8 0.0513 443 790 686 1015 9 0.0512 440 279 694 513 1 0.0509 244 260 506 509 8 0.0504 392 461 648 704
fYoPjDSSkcwzDg3lZ9eutvxtQujlKsVO,8 0.0560 250 478 493 705 11 0.0550 241 414 491 641 3 0.0543 247 411 487 650 6 0.0513 247 481 499 702 11 0.0510 553 488 826 705 5 0.0506 550 478 820 707 11 0.0503 305 482 559 707
70n6JLzKjPn54YZ3RDhcriDCqs753jSw,7 0.0658 325 329 579 565 11 0.0645 318 331 577 567 5 0.0634 315 264 567 502 3 0.0619 321 270 571 512 8 0.0611 323 331 572 568 0 0.0585 320 333 580 569 11 0.0571 241 265 507 493 13 0.0567 325 334 583 569 8 0.0561 298 481 649 661 0 0.0559 244 270 502 495 13 0.0559 304 482 669 659 6 0.0558 319 272 574 507 11 0.0554 295 482 656 660 1 0.0548 316 264 570 507 7 0.0547 248 260 507 495 7 0.0539 314 528 572 780 0 0.0536 300 479 658 662 0 0.0534 387 522 638 778 11 0.0532 382 528 637 772 5 0.0530 384 524 634 775 5 0.0525 292 480 648 657 7 0.0524 305 479 661 661 13 0.0522 252 268 510 500 5 0.0522 248 322 498 561 13 0.0511 393 526 644 777 2 0.0510 325 337 576 569 8 0.0508 248 264 499 497 12 0.0508 326 334 579 567 8 0.0502 385 528 631 777 10 0.0502 449 540 698 771
MR3cR5oPvYoTSVQaW6dye8SOLTcUwR1o,0 0.0623 181 412 436 652 0 0.0591 304 582 559 822 11 0.0587 177 417 440 646 5 0.0581 115 678 376 932 0 0.0575 391 553 780 735 10 0.0574 177 418 435 648 11 0.0571 429 599 694 827 8 0.0566 180 410 429 650 5 0.0562 294 585 556 814 11 0.0562 244 779 514 1006 0 0.0561 431 597 693 835 8 0.0561 298 583 555 817 11 0.0558 385 556 779 731 11 0.0550 295 586 560 816 7 0.0547 183 411 439 651 5 0.0546 178 412 432 648 6 0.0542 184 414 438 652 7 0.0541 436 595 700 830 13 0.0540 185 413 445 655 3 0.0540 183 415 433 655 7 0.0537 304 584 562 823 5 0.0526 242 769 507 1008 10 0.0518 300 586 561 818 3 0.0517 432 599 690 836 7 0.0516 397 553 783 730 6 0.0515 252 779 509 1004 8 0.0512 241 776 500 1004 13 0.0512 436 593 697 831 3 0.0510 304 589 560 826 13 0.0509 306 582 565 818 5 0.0504 424 597 688 826 8 0.0501 433 596 683 829
XfL9fpVOMKkzoNNyWuxua3n26JAYTkkV,14 1.0 0 0 1 1
KRcz1gp5k8BYmbmLECwrvrKSZNTTMaQM,7 0.0629 180 594 440 832 11 0.0615 174 599 438 830 5 0.0612 113 591 375 825 8 0.0610 116 591 372 828 0 0.0607 186 529 444 765 0 0.0606 117 591 384 828 3 0.0602 117 594 379 830 6 0.0592 177 596 441 832 10 0.0586 114 598 376 826 5 0.0578 181 527 438 760 8 0.0574 185 530 435 763 10 0.0564 180 536 442 760 13 0.0545 122 593 384 828 2 0.0522 179 599 442 831 9 0.0521 175 596 440 829 3 0.0520 185 531 445 765 11 0.0511 514 290 772 508 1 0.0505 176 590 442 832 13 0.0501 189 530 449 765
iSgI5H03qqHCrR6doMU23OCEJeJ3fazA,11 0.0587 457 335 707 573 5 0.0578 451 328 703 579 8 0.0575 454 337 700 576 7 0.0571 463 335 709 582 13 0.0565 456 338 716 575 3 0.0556 391 0 648 248 6 0.0551 460 339 710 578 13 0.0548 385 2 652 243 0 0.0548 456 334 707 577 11 0.0525 377 2 645 243 10 0.0522 449 405 714 654 3 0.0517 459 334 708 584 6 0.0505 384 1 654 243 6 0.0502 523 79 772 314
vmjMup4lAXwoWDUe0Q1Xs9DHsGtAYot3,11 0.0619 435 451 695 691 7 0.0602 446 520 696 760 11 0.0597 511 397 774 641 7 0.0586 566 527 816 781 7 0.0581 492 597 746 838 11 0.0580 494 535 752 765 13 0.0577 385 386 650 619 8 0.0575 511 397 770 641 8 0.0575 560 531 804 781 7 0.0573 380 453 639 686 5 0.0568 372 380 640 614 0 0.0562 445 334 704 574 3 0.0560 440 446 691 701 5 0.0560 497 463 763 707 11 0.0557 378 384 646 615 11 0.0553 562 479 826 714 13 0.0551 443 449 697 694 8 0.0551 445 334 695 572 5 0.0548 483 597 736 838 7 0.0538 321 333 585 563 0 0.0534 513 396 777 644 8 0.0533 440 449 686 693 8 0.0529 489 598 732 840 0 0.0529 488 601 741 841 11 0.0529 315 453 582 687 3 0.0528 380 385 644 623 2 0.0527 437 459 689 692 11 0.0524 373 522 642 749 10 0.0524 503 469 769 707 11 0.0523 436 599 692 826 3 0.0522 499 535 747 778 0 0.0521 436 448 691 698 6 0.0518 443 395 704 638 7 0.0517 258 386 522 638 13 0.0515 237 0 520 242 13 0.0514 516 397 781 640 0 0.0512 560 530 814 783 7 0.0510 583 405 837 644 13 0.0509 380 518 644 755 3 0.0509 319 452 579 699 3 0.0509 518 400 774 649 10 0.0507 440 394 700 636 10 0.0506 565 534 811 781 2 0.0506 500 541 749 768 5 0.0504 311 447 578 688 6 0.0502 585 411 836 639 5 0.0500 225 0 504 238
Rq6fQviYkDxX67xy66ELp7F9e6EyOaWz,0 0.0578 194 2 454 214 8 0.0573 189 0 446 210 13 0.0556 199 1 461 212 5 0.0555 65 0 320 205 11 0.0543 188 1 454 213 7 0.0535 393 415 657 637 11 0.0534 72 2 323 202 0 0.0529 70 0 328 212 6 0.0521 72 2 329 208 7 0.0514 72 0 329 210 8 0.0514 73 0 317 205 5 0.0507 189 0 448 210 11 0.0503 386 419 652 637
6cGAXWwVsXsHbGSKMu1HjvQym3lNb0No,6 0.0581 545 594 901 790 11 0.0580 532 595 901 786 8 0.0576 505 585 756 837 11 0.0575 558 661 834 888 11 0.0571 426 527 693 766 5 0.0567 563 651 831 891 0 0.0557 505 585 760 841 5 0.0549 506 581 759 835 8 0.0549 428 524 683 768 5 0.0548 642 581 910 841 5 0.0545 426 519 688 767 0 0.0544 425 523 690 771 13 0.0538 509 585 768 839 6 0.0528 431 524 697 767 13 0.0527 377 518 633 768 7 0.0525 566 657 836 894 0 0.0524 561 658 839 897 2 0.0524 430 527 693 765 13 0.0523 570 658 843 893 11 0.0522 445 1 705 199 7 0.0521 510 584 764 837 11 0.0519 366 462 636 692 3 0.0518 507 591 762 845 2 0.0517 506 592 762 836 0 0.0516 306 524 565 772 6 0.0513 570 658 839 894 8 0.0513 444 0 699 199 3 0.0513 430 528 691 773 8 0.0512 565 656 826 892 7 0.0508 436 522 693 768 0 0.0507 370 459 634 698 3 0.0505 567 660 835 898
KfuE7sEiSCaQAF4TSdZGnYLw1aXyOpvH,11 0.0604 371 603 632 831 11 0.0583 373 471 632 692 8 0.0569 375 668 630 903 0 0.0552 433 620 695 846 5 0.0550 319 674 685 861 13 0.0529 437 620 701 847 7 0.0527 379 668 643 904 3 0.0525 379 668 641 909 0 0.0524 380 229 628 460 6 0.0523 375 602 634 833 13 0.0518 269 674 636 859 0 0.0511 369 467 634 701 11 0.0501 502 616 759 832
7lQqRG9g7KqX8X4jMTke7SCd5dt5EluZ,11 0.0546 307 720 560 949 0 0.0542 307 719 558 955 8 0.0535 313 715 550 948 7 0.0533 313 716 566 950 0 0.0527 503 342 756 571 7 0.0526 457 393 710 624 13 0.0519 507 400 765 632 11 0.0519 176 396 428 636 8 0.0519 510 336 745 562 11 0.0514 450 392 704 627 7 0.0510 181 389 433 636 0 0.0505 252 315 502 562 10 0.0503 176 402 430 629
XvxB7gd3FhklYuKbat8afXsNoVeYNBGz,8 0.0507 368 63 618 306
ceaYadYSl7rSf1pea0Gj2p78yVciO6FX,0 0.0645 245 663 509 909 11 0.0601 175 671 449 901 7 0.0597 249 659 516 906 8 0.0596 246 661 505 905 5 0.0584 173 662 440 903 3 0.0567 183 668 448 907 6 0.0558 179 668 453 904 11 0.0555 257 604 512 842 10 0.0555 176 671 446 903 6 0.0513 258 602 523 841 1 0.0507 175 666 447 906 13 0.0506 262 603 523 840 2 0.0506 245 668 508 909 0 0.0504 631 3 890 202 5 0.0503 251 595 508 837
gE4rvsRyQiwsSz5McYRuZx4Voc3I9f3n,11 0.0582 570 395 832 628 0 0.0581 499 342 750 576 8 0.0577 577 394 821 632 11 0.0570 497 345 755 571 7 0.0570 503 341 758 574 6 0.0569 504 340 755 576 8 0.0569 506 270 741 498 6 0.0566 578 393 831 634 3 0.0560 500 342 755 579 5 0.0554 499 267 741 496 5 0.0546 316 130 575 366 7 0.0546 576 393 834 634 13 0.0544 578 395 833 634 5 0.0542 570 388 825 632 0 0.0538 576 395 829 634 6 0.0535 575 597 843 829 7 0.0534 497 462 758 704 3 0.0531 578 395 830 639 13 0.0527 325 187 580 437 5 0.0527 304 318 558 559 8 0.0527 491 461 744 704 2 0.0523 500 349 752 575 11 0.0522 484 465 755 700 13 0.0520 497 461 760 705 11 0.0520 304 328 564 560 8 0.0520 6 0 334 150 0 0.0518 321 137 581 373 6 0.0516 311 323 563 562 11 0.0516 0 1 353 149 8 0.0516 574 592 831 827 13 0.0515 317 325 565 562 8 0.0512 315 326 551 560 11 0.0512 574 598 835 823 13 0.0511 503 270 753 502 3 0.0511 493 462 754 710 0 0.0510 3 0 352 152 11 0.0507 315 193 571 430 13 0.0503 526 0 882 155 0 0.0502 352 27 718 213 7 0.0502 578 593 841 826 8 0.0501 323 190 563 430
o5LTloP85hGK2L3NawtrZNQhPwpxjUQf,11 0.0614 569 346 825 575 8 0.0595 573 338 817 577 3 0.0581 576 342 823 583 0 0.0579 568 342 828 579 7 0.0578 577 340 826 581 5 0.0566 252 185 503 436 5 0.0558 639 401 893 640 11 0.0554 430 0 708 227 5 0.0552 322 72 580 327 11 0.0552 633 409 897 639 8 0.0548 311 14 568 260 5 0.0546 569 334 821 576 5 0.0532 431 0 708 230 11 0.0530 318 415 684 603 0 0.0528 437 1 715 233 11 0.0527 251 72 504 314 5 0.0525 183 70 436 314 8 0.0525 255 70 494 316 0 0.0525 325 417 683 608 8 0.0522 439 0 702 233 6 0.0520 579 344 830 578 7 0.0516 314 12 578 262 8 0.0515 329 417 671 603 13 0.0515 311 17 583 259 3 0.0511 440 0 713 237 5 0.0511 575 74 834 290 7 0.0510 642 408 898 644 8 0.0508 327 146 580 387 13 0.0508 205 292 566 485 10 0.0508 570 343 827 578 11 0.0504 237 721 503 951 5 0.0503 175 349 552 532 13 0.0503 646 413 905 645 7 0.0503 256 190 511 439 5 0.0501 317 413 679 602 6 0.0501 439 0 721 230
mEWR4ZfCzDCJdZ4mdyDwOD8OfckWi3VT,7 0.0507 322 516 573 751
gqr83hjNOaJLPoFCfvazcOt9sh1GnkmG,11 0.0648 385 197 630 431 8 0.0623 382 264 621 497 11 0.0621 381 337 633 570 5 0.0609 507 263 762 511 8 0.0609 511 267 760 511 13 0.0607 385 194 635 434 6 0.0604 326 203 577 440 6 0.0604 510 335 765 575 5 0.0604 382 68 640 305 13 0.0600 585 522 866 768 13 0.0599 507 585 780 829 3 0.0595 511 337 763 579 7 0.0594 441 340 692 577 8 0.0593 327 141 579 382 6 0.0591 506 456 767 697 11 0.0590 504 337 769 569 11 0.0589 501 460 767 694 8 0.0589 439 341 684 574 0 0.0588 506 335 762 573 11 0.0588 386 430 755 600 2 0.0587 326 140 585 384 3 0.0587 507 457 765 702 5 0.0585 497 581 771 827 7 0.0583 381 266 628 500 7 0.0582 508 458 767 699 13 0.0581 255 204 513 443 3 0.0577 383 263 628 503 5 0.0577 182 269 442 505 11 0.0574 575 282 833 512 5 0.0573 318 134 581 380 11 0.0573 503 586 779 825 0 0.0572 383 192 628 433 0 0.0571 190 270 446 511 13 0.0570 504 456 769 696 6 0.0566 195 271 448 509 10 0.0565 324 145 589 381 8 0.0565 322 324 568 562 0 0.0564 580 458 843 700 6 0.0563 262 134 519 370 2 0.0561 507 588 778 830 5 0.0561 497 451 760 694 5 0.0559 247 201 502 437 8 0.0555 503 456 759 696 11 0.0553 509 149 769 390 6 0.0553 321 323 579 563 7 0.0551 513 269 766 514 3 0.0550 327 139 584 387 5 0.0546 311 320 574 561 0 0.0546 573 594 844 830 11 0.0546 386 81 652 307 6 0.0546 515 144 772 389 3 0.0545 322 324 577 569 8 0.0545 391 78 634 301 6 0.0543 584 279 832 514 7 0.0541 328 142 588 385 0 0.0540 392 73 646 311 13 0.0540 265 60 526 310 2 0.0540 391 77 646 305 0 0.0539 577 216 818 447 6 0.0539 391 75 653 306 0 0.0539 317 324 577 566 8 0.0538 253 206 501 442 0 0.0537 505 520 775 765 0 0.0537 253 204 507 441 11 0.0537 248 208 509 437 7 0.0537 507 587 777 832 5 0.0535 434 333 689 574 2 0.0534 254 205 506 440 7 0.0534 256 204 510 440 0 0.0534 512 145 767 393 11 0.0532 184 275 447 507 3 0.0530 582 283 829 524 6 0.0530 509 586 779 828 2 0.0529 436 345 692 574 13 0.0527 512 147 775 393 0 0.0527 647 522 916 766 10 0.0526 381 336 633 571 11 0.0526 645 520 924 756 0 0.0525 436 408 697 635 8 0.0524 512 145 762 393 13 0.0524 437 342 697 575 13 0.0523 324 325 581 567 11 0.0522 255 66 516 306 8 0.0522 505 584 771 831 13 0.0521 511 269 769 512 8 0.0521 578 218 814 445 5 0.0520 505 140 763 390
hEhKkRXGftuh8YiksRnbSg9lYljM2893,0 0.0609 425 720 684 961 8 0.0606 428 719 678 959 7 0.0597 431 721 687 956 11 0.0592 368 729 636 960 3 0.0589 431 719 679 956 11 0.0588 320 525 579 762 11 0.0585 430 584 685 816 5 0.0581 421 715 681 952 7 0.0581 324 469 576 712 11 0.0579 291 796 549 1022 8 0.0579 430 581 679 816 5 0.0579 315 516 572 759 0 0.0577 431 580 681 820 13 0.0574 374 585 634 819 5 0.0574 307 399 564 643 0 0.0569 321 462 573 714 5 0.0566 284 793 545 1021 13 0.0566 377 730 636 964 11 0.0564 409 543 775 722 6 0.0555 435 584 690 813 10 0.0555 423 720 681 953 10 0.0554 432 583 687 814 8 0.0554 320 521 575 760 6 0.0553 250 339 518 583 5 0.0553 239 337 505 579 7 0.0550 297 795 552 1023 6 0.0548 323 464 579 709 0 0.0547 313 339 574 587 7 0.0541 436 581 688 818 6 0.0539 424 541 783 721 5 0.0539 426 576 679 813 8 0.0535 294 791 544 1023 3 0.0533 347 670 706 859 7 0.0529 317 593 587 824 12 0.0528 427 719 685 956 11 0.0527 313 406 570 645 13 0.0526 322 404 574 649 13 0.0526 298 797 557 1023 2 0.0524 428 723 685 957 0 0.0523 256 273 515 511 6 0.0522 375 728 635 960 13 0.0518 418 544 783 721 10 0.0517 320 523 579 759 3 0.0514 296 792 551 1023 8 0.0514 315 402 565 649 3 0.0514 325 521 577 767 0 0.0508 562 744 826 955 0 0.0508 424 475 783 657 5 0.0507 315 270 584 509 8 0.0504 247 339 504 586 6 0.0504 227 797 490 1021 2 0.0503 314 407 574 646 7 0.0503 251 341 513 586
H2aMJAKwAE3vlr1Do7pHJIW5YQM8WPMc,5 0.0651 111 780 365 1019 7 0.0644 115 783 373 1023 11 0.0597 111 785 371 1021 6 0.0584 118 785 371 1023 11 0.0582 367 797 620 1020 8 0.0582 115 783 364 1023 0 0.0582 366 797 619 1023 5 0.0578 364 791 615 1023 10 0.0573 367 800 622 1022 11 0.0572 301 729 571 952 10 0.0566 113 787 368 1023 0 0.0555 116 782 367 1023 8 0.0554 368 795 611 1023 3 0.0552 371 797 621 1023 7 0.0543 368 792 624 1023 8 0.0535 304 725 565 956 13 0.0535 119 784 379 1023 3 0.0528 116 787 370 1023 0 0.0528 303 723 568 957 9 0.0518 115 784 370 1021 13 0.0514 372 796 627 1023 5 0.0513 427 520 691 773 7 0.0513 306 723 574 956 6 0.0512 436 525 698 772 11 0.0509 424 526 698 767 11 0.0504 355 464 623 707 10 0.0504 300 728 575 954 0 0.0503 431 526 695 772 6 0.0501 370 799 623 1023
nvJAAxJftSPr5chX8F4ukUI2VdSNBgHR,11 0.0647 628 454 900 698 8 0.0635 627 396 894 635 5 0.0634 438 73 700 322 6 0.0632 636 397 908 632 5 0.0630 310 192 575 431 11 0.0626 570 581 836 830 5 0.0624 429 197 683 443 5 0.0623 314 327 576 575 11 0.0616 702 521 968 758 8 0.0613 381 261 631 499 11 0.0612 247 397 520 643 11 0.0612 384 328 646 570 11 0.0610 555 280 827 508 11 0.0608 692 401 965 631 6 0.0606 650 522 905 767 8 0.0605 501 266 747 504 5 0.0601 507 146 766 385 8 0.0601 567 214 823 447 5 0.0600 639 516 899 764 11 0.0599 306 141 583 378 7 0.0599 512 329 761 575 8 0.0598 509 145 759 385 5 0.0596 180 391 441 640 0 0.0595 306 464 587 709 7 0.0594 631 454 901 700 7 0.0594 374 198 634 442 11 0.0593 433 205 686 445 6 0.0592 317 141 581 377 5 0.0590 266 476 632 658 11 0.0588 342 483 691 665 8 0.0588 365 138 628 378 0 0.0587 258 253 518 505 3 0.0586 385 0 656 199 5 0.0586 509 10 777 250 5 0.0583 431 329 687 572 5 0.0583 567 575 836 826 0 0.0582 572 584 835 833 7 0.0580 406 484 768 667 8 0.0580 181 391 431 646 3 0.0579 318 328 579 585 0 0.0579 253 532 514 791 2 0.0579 435 211 686 444 11 0.0575 433 3 712 185 0 0.0574 504 268 751 504 5 0.0574 497 258 754 501 10 0.0574 511 531 769 770 7 0.0574 331 356 698 543 7 0.0574 516 527 773 773 8 0.0573 256 327 505 578 8 0.0573 642 524 895 770 7 0.0573 260 253 518 501 5 0.0570 250 254 514 503 11 0.0570 249 530 515 790 3 0.0569 385 260 638 502 8 0.0569 626 273 898 504 10 0.0568 434 4 710 183 10 0.0567 642 527 897 764 8 0.0567 400 484 749 663 7 0.0567 514 211 760 448 0 0.0567 398 484 760 664 10 0.0566 439 80 705 323 13 0.0565 336 423 689 602 5 0.0565 624 390 895 634 8 0.0565 329 357 682 542 0 0.0565 311 139 582 375 0 0.0563 512 150 765 386 3 0.0563 771 396 1020 632 8 0.0563 440 76 699 323 3 0.0562 649 523 901 774 0 0.0562 336 423 688 604 3 0.0562 439 336 690 581 0 0.0561 766 393 1022 625 0 0.0559 436 2 707 186 8 0.0558 513 12 776 252 6 0.0557 447 17 710 258 6 0.0557 333 16 590 259 8 0.0557 702 460 961 694 3 0.0557 581 582 836 837
8mNvByz90EZaXhVjiSIf3UHzhH4IoOlx,0 0.0643 513 779 763 1020 8 0.0636 510 779 758 1017 8 0.0627 511 657 749 899 6 0.0623 513 660 761 899 11 0.0621 509 660 760 898 11 0.0615 513 781 768 1016 11 0.0611 377 341 655 570 8 0.0605 381 335 647 572 5 0.0603 507 778 759 1017 0 0.0595 196 661 450 901 8 0.0595 191 794 435 1023 0 0.0591 510 658 753 902 7 0.0586 514 780 769 1020 13 0.0578 195 794 453 1023 8 0.0576 196 663 441 900 7 0.0573 514 659 759 901 11 0.0571 657 12 902 256 11 0.0570 196 664 452 893 0 0.0564 186 796 442 1022 6 0.0562 264 615 514 835 13 0.0561 513 782 772 1021 11 0.0560 380 119 661 350 11 0.0560 579 604 819 834 5 0.0557 508 655 749 901 7 0.0554 207 595 452 825 2 0.0552 515 781 764 1017 0 0.0548 62 658 309 901 5 0.0546 185 786 439 1020 7 0.0545 197 791 446 1022 0 0.0545 581 606 814 840 6 0.0541 202 661 449 898 8 0.0540 328 408 567 648 11 0.0540 190 795 442 1023 5 0.0539 368 257 639 479 0 0.0539 707 19 950 260 7 0.0538 395 407 658 647 6 0.0537 201 794 443 1021 6 0.0537 515 784 767 1020 8 0.0536 263 619 503 836 2 0.0535 192 797 441 1023 5 0.0533 259 614 507 834 5 0.0531 193 656 443 897 3 0.0531 266 616 510 843 0 0.0531 375 261 650 484 11 0.0529 447 59 719 282 10 0.0528 510 662 757 897 8 0.0527 583 603 808 838 6 0.0527 584 605 824 839 11 0.0525 63 658 316 894 11 0.0525 502 146 780 368 10 0.0525 189 796 443 1019 3 0.0522 202 664 446 905 3 0.0522 518 780 763 1023 3 0.0522 383 340 652 580 11 0.0518 326 414 576 647 11 0.0517 259 619 513 830 13 0.0517 514 660 764 901 2 0.0516 514 664 755 902 7 0.0515 654 10 911 253 0 0.0514 268 613 512 838 10 0.0513 383 342 659 570 0 0.0511 648 82 889 329 13 0.0511 382 341 664 570 0 0.0510 148 595 391 827 5 0.0509 377 117 645 345 11 0.0508 748 28 1016 264 7 0.0508 270 533 513 762 6 0.0507 579 17 833 236 3 0.0506 198 795 440 1023 0 0.0506 509 215 776 424 2 0.0506 197 665 446 897 0 0.0506 273 475 517 723 11 0.0506 143 594 393 817 10 0.0506 511 783 767 1015 10 0.0504 198 669 447 896 8 0.0504 709 12 939 251 7 0.0502 379 263 655 488 8 0.0502 436 130 710 354 5 0.0502 492 0 760 221 3 0.0502 516 655 755 903 13 0.0501 709 16 961 252
C5jmTX4yD2ujn4MD3ajjEfrfZdUrsJQw,0 0.0554 498 336 757 577 5 0.0552 502 215 768 439 8 0.0549 494 336 752 579 11 0.0538 430 335 697 574 10 0.0532 497 342 759 578 7 0.0528 504 336 759 578 5 0.0523 495 331 752 576 3 0.0522 502 340 759 585 0 0.0521 509 221 769 442 10 0.0517 504 225 776 441 8 0.0516 510 534 752 766 11 0.0515 504 540 768 765 0 0.0511 363 268 637 513 8 0.0511 309 332 540 572 8 0.0511 504 220 763 442 7 0.0506 508 216 779 440 6 0.0504 510 220 780 440 6 0.0503 503 337 761 576 7 0.0501 502 462 757 708
QlBwEsN1XG26kqFllQ2KTUGAp3BFdQrU,0 0.0598 509 598 754 834 5 0.0582 503 596 751 828 0 0.0577 507 393 758 638 5 0.0568 373 671 641 904 0 0.0564 391 594 646 831 0 0.0558 395 550 770 735 8 0.0553 394 548 753 733 11 0.0553 385 551 772 728 8 0.0547 447 388 699 621 5 0.0545 388 546 764 732 0 0.0545 440 675 697 900 0 0.0544 378 457 642 692 7 0.0543 516 600 757 833 7 0.0542 512 390 760 634 5 0.0541 561 667 811 894 3 0.0528 402 550 765 734 8 0.0528 509 600 744 830 13 0.0527 392 533 650 770 11 0.0527 449 602 700 821 8 0.0522 567 343 812 564 7 0.0522 401 549 774 734 5 0.0521 506 385 754 633 8 0.0515 382 459 630 685 7 0.0513 295 811 567 1023 13 0.0512 298 811 576 1023 5 0.0507 290 805 557 1021 7 0.0507 446 677 703 902 11 0.0506 506 394 761 633 3 0.0505 512 600 750 834 3 0.0505 516 390 755 641 6 0.0502 453 600 702 824 11 0.0501 376 457 642 684 13 0.0501 456 602 704 826
1fS6rwtD9eC9isTdMQ0CRA4toxHnkG77,11 0.0538 314 462 582 705 8 0.0533 361 549 622 784 8 0.0510 316 465 573 707
VQxgvTTVhpJ9TS540VCBLePBUw3IthyO,7 0.0647 187 515 450 761 8 0.0646 249 585 502 823 5 0.0636 239 506 502 748 8 0.0630 313 523 566 755 11 0.0628 241 510 505 747 7 0.0627 316 518 575 762 7 0.0618 253 581 513 823 0 0.0614 244 509 508 755 8 0.0608 445 463 701 706 8 0.0603 323 0 579 254 11 0.0591 445 467 708 702 5 0.0588 371 525 638 756 11 0.0580 370 530 642 760 8 0.0579 184 521 436 758 6 0.0573 249 514 509 750 13 0.0568 319 521 579 759 8 0.0565 509 529 759 773 0 0.0561 448 465 708 707 13 0.0554 256 585 517 823 0 0.0549 374 528 644 762 11 0.0543 500 610 770 840 13 0.0542 192 520 453 758 6 0.0541 375 533 640 762 3 0.0538 248 512 503 759 5 0.0538 497 600 764 842 10 0.0536 448 467 711 707 11 0.0536 128 1 504 140 3 0.0536 378 531 642 768 10 0.0533 379 533 643 763 0 0.0533 503 607 768 846 5 0.0528 384 0 658 247 8 0.0524 135 0 488 139 5 0.0523 444 460 701 702 13 0.0520 323 0 596 251 7 0.0514 450 462 711 706 5 0.0514 123 0 488 137 7 0.0513 503 605 774 845 10 0.0512 247 518 506 753 6 0.0510 450 468 709 705 0 0.0508 393 2 663 254 9 0.0505 246 511 503 747 13 0.0505 450 466 713 705 11 0.0503 317 4 593 252 13 0.0502 141 1 510 143
22CHLKHnT8E8B6jwr4hcM4nohYqrhuVx,5 0.0612 197 860 561 1020 11 0.0600 235 328 512 542 7 0.0596 379 789 627 1018 11 0.0594 235 195 505 422 11 0.0590 198 864 569 1020 5 0.0589 246 723 494 949 10 0.0582 198 866 568 1023 0 0.0581 0 363 362 538 11 0.0576 248 729 504 949 11 0.0572 209 422 563 592 7 0.0563 201 861 575 1022 8 0.0560 377 788 615 1023 11 0.0558 374 792 625 1019 6 0.0557 202 866 569 1023 0 0.0556 168 340 441 562 5 0.0555 161 402 430 627 0 0.0554 373 790 625 1023 0 0.0551 202 863 566 1023 3 0.0547 274 353 615 533 10 0.0546 251 732 496 950 11 0.0542 0 364 360 531 8 0.0541 5 357 351 537 8 0.0540 204 862 559 1023 0 0.0540 255 724 499 956 11 0.0540 390 330 644 546 7 0.0539 198 721 448 952 0 0.0535 272 350 617 533 5 0.0534 372 790 618 1018 8 0.0534 252 725 492 950 8 0.0534 171 335 431 560 7 0.0532 275 349 617 531 10 0.0530 379 796 621 1021 13 0.0529 176 339 448 565 5 0.0528 233 322 504 541 11 0.0528 109 425 391 638 0 0.0526 214 287 564 469 5 0.0523 119 790 372 1015 13 0.0522 160 231 528 408 13 0.0516 380 792 629 1023 5 0.0515 104 475 380 709 7 0.0515 131 789 385 1018 7 0.0513 247 136 503 374 11 0.0513 456 399 712 621 13 0.0512 275 351 621 533 0 0.0511 212 420 563 599 0 0.0511 121 714 376 956 10 0.0510 236 334 508 545 0 0.0509 107 422 385 642 6 0.0507 117 423 392 640 7 0.0507 215 286 564 464 5 0.0505 0 359 347 532 8 0.0504 179 664 433 903 6 0.0503 379 796 627 1022 13 0.0501 198 865 577 1023
xMS0lYDTFFzJdoX5QqPSsjcAnt6QotEb,5 0.0638 314 331 559 563 11 0.0614 315 266 565 503 8 0.0609 253 389 492 629 5 0.0606 310 198 562 448 8 0.0597 382 277 623 513 11 0.0593 251 394 502 630 8 0.0591 316 201 562 453 5 0.0588 377 272 625 512 0 0.0586 315 204 568 453 11 0.0585 305 146 563 385 6 0.0584 382 278 632 517 8 0.0580 320 337 555 563 0 0.0578 319 337 561 566 5 0.0576 248 385 497 627 10 0.0572 318 340 565 567 0 0.0568 381 277 628 516 6 0.0567 318 205 573 453 10 0.0566 306 471 566 698 10 0.0566 382 282 633 515 13 0.0563 384 276 636 517 10 0.0556 254 258 493 499 10 0.0554 254 397 502 630 0 0.0552 621 599 865 824 11 0.0551 183 331 435 571 3 0.0546 385 277 630 521 6 0.0546 316 338 562 567 5 0.0544 303 459 557 695 8 0.0542 309 464 553 697 0 0.0541 257 394 496 630 7 0.0541 322 261 564 505 11 0.0537 302 467 564 698 0 0.0536 193 328 428 574 3 0.0530 322 336 559 572 2 0.0528 384 282 630 514 13 0.0526 319 201 575 453 8 0.0522 620 594 855 824 3 0.0520 318 205 568 458 13 0.0519 256 327 499 566 8 0.0518 188 327 423 574 11 0.0516 617 594 863 824 7 0.0515 255 388 500 630 3 0.0515 257 392 497 637 5 0.0514 616 589 859 823 8 0.0513 347 25 683 209 2 0.0513 319 208 567 449 5 0.0512 182 324 425 568 5 0.0511 341 27 691 208 3 0.0509 351 30 698 216 13 0.0508 622 595 867 827 2 0.0506 623 601 866 827 13 0.0506 312 465 567 702 7 0.0504 624 592 868 824 6 0.0504 255 391 500 629 8 0.0501 193 459 421 711
n2HAq8D0PzqDbAAkOg6jVi8yQnTxQIVD,8 0.0669 508 335 749 571 0 0.0663 504 267 747 502 5 0.0640 504 264 745 502 7 0.0631 513 335 755 569 7 0.0626 439 394 687 627 11 0.0623 435 395 680 624 8 0.0622 434 395 678 629 5 0.0611 761 0 1018 207 11 0.0606 505 337 753 566 3 0.0598 438 395 681 633 0 0.0597 433 394 683 630 5 0.0596 301 214 566 453 2 0.0590 509 273 748 499 3 0.0582 508 271 746 509 8 0.0572 765 0 1014 207 6 0.0571 508 269 751 503 13 0.0568 507 270 755 500 8 0.0566 251 386 491 631 8 0.0564 303 218 560 451 5 0.0561 434 389 679 629 8 0.0554 116 142 364 381 3 0.0554 317 382 564 641 6 0.0553 704 0 956 203 6 0.0552 439 396 685 626 0 0.0551 303 216 569 453 13 0.0551 381 387 622 623 0 0.0549 761 1 1019 209 2 0.0547 435 401 683 626 5 0.0542 315 377 562 632 8 0.0541 235 145 493 382 10 0.0539 505 271 750 504 13 0.0533 306 216 577 457 11 0.0528 700 1 960 197 8 0.0527 180 199 426 447 3 0.0527 303 219 570 460 3 0.0525 766 0 1020 211 7 0.0524 320 378 567 637 0 0.0521 317 441 570 698 7 0.0520 307 211 572 456 11 0.0516 313 384 564 635 10 0.0514 303 223 575 454 2 0.0512 306 223 567 454 7 0.0511 198 391 449 633 3 0.0510 236 145 503 392 0 0.0509 232 147 500 387 13 0.0507 259 382 508 636 8 0.0506 321 440 559 695 9 0.0506 503 269 752 498 4 0.0505 505 272 755 502 13 0.0504 768 1 1023 209 11 0.0503 227 146 498 386 10 0.0501 377 392 621 623 1 0.0500 502 266 751 501
7X4lGBx1Zc6oDX842SKgLxmrqsK2jtck,11 0.0619 364 454 631 695 0 0.0615 327 423 688 608 0 0.0603 434 654 703 904 8 0.0601 372 652 624 898 8 0.0600 368 515 632 756 8 0.0599 435 584 689 826 8 0.0599 373 331 613 575 11 0.0598 374 277 625 513 11 0.0594 433 588 700 823 7 0.0592 445 393 691 637 11 0.0590 440 395 687 632 5 0.0585 431 452 689 693 6 0.0580 444 394 690 635 7 0.0580 439 584 698 826 11 0.0578 304 334 562 577 5 0.0577 368 392 622 637 0 0.0576 378 580 638 826 7 0.0576 381 274 629 516 13 0.0574 445 394 692 637 0 0.0573 384 212 641 448 11 0.0573 311 208 580 441 5 0.0572 251 398 514 649 13 0.0572 369 513 645 762 5 0.0571 370 274 620 514 7 0.0568 315 392 566 641 8 0.0565 383 213 629 450 11 0.0564 377 153 635 376 13 0.0564 378 279 631 516 11 0.0562 370 657 634 892 5 0.0561 434 583 696 824 10 0.0554 377 583 639 822 3 0.0552 334 425 683 611 10 0.0549 434 459 691 694 11 0.0549 300 528 575 764 0 0.0548 514 483 867 666 6 0.0547 376 333 621 576 6 0.0546 438 585 699 824 6 0.0542 372 512 642 758 11 0.0541 506 481 866 663 8 0.0541 325 152 575 382 7 0.0540 319 205 583 440 5 0.0540 509 479 857 663 13 0.0539 310 332 567 582 3 0.0537 435 587 695 833 7 0.0535 387 153 641 373 10 0.0532 372 281 626 515 8 0.0532 304 586 565 834 7 0.0530 304 524 577 764 6 0.0528 260 402 521 650 5 0.0526 308 205 577 440 6 0.0526 377 654 636 895 0 0.0525 305 654 572 905 11 0.0524 174 348 442 578 8 0.0524 256 399 507 650 13 0.0524 438 585 703 831 9 0.0523 432 454 689 692 6 0.0523 383 217 640 446 0 0.0521 309 280 576 519 3 0.0519 491 660 757 908 6 0.0519 522 482 865 664 7 0.0518 374 653 635 896 13 0.0517 315 209 587 448 5 0.0517 247 282 510 517 5 0.0517 368 652 632 895 1 0.0516 429 451 689 692 10 0.0515 376 161 635 377 8 0.0515 489 657 749 901 0 0.0515 302 525 571 766 8 0.0512 512 483 856 667 0 0.0512 248 344 509 589 2 0.0512 368 518 641 756 11 0.0510 480 660 758 895 3 0.0504 374 655 635 902 5 0.0503 483 654 757 899 13 0.0502 303 586 579 839 2 0.0502 438 590 697 824
HbbyJeP18SkIP5MIG8sKgwtNf7wIZLMH,8 0.0605 128 320 381 561 8 0.0602 187 401 436 635 0 0.0589 310 457 563 695 11 0.0588 14 279 259 494 11 0.0585 180 408 449 630 0 0.0574 128 326 386 560 0 0.0572 187 407 444 633 8 0.0568 16 272 253 495 7 0.0560 190 400 448 632 0 0.0557 8 277 261 502 11 0.0549 378 458 620 687 7 0.0547 326 388 564 613 5 0.0545 209 428 572 603 10 0.0542 248 538 510 767 6 0.0538 183 405 448 635 3 0.0536 186 403 442 639 8 0.0535 120 457 373 714 7 0.0535 133 325 395 555 0 0.0534 252 532 514 770 7 0.0531 383 459 626 687 13 0.0530 383 465 627 691 8 0.0530 256 321 490 539 8 0.0524 382 460 612 688 13 0.0517 302 421 661 599 5 0.0516 9 277 253 498 13 0.0516 132 325 397 562 6 0.0512 125 325 391 561 11 0.0512 118 464 385 700 3 0.0506 380 461 625 696 10 0.0505 181 412 444 633 7 0.0505 19 272 266 493 5 0.0504 180 329 441 553 2 0.0503 188 340 444 553 3 0.0503 323 388 565 617 0 0.0502 251 322 499 544
iQnsvVCqYP5r5V7hZO2V8BH9WehPZmCA,8 0.0639 260 19 527 259 11 0.0590 250 23 536 255 8 0.0582 153 2 507 147 0 0.0581 249 0 515 193 5 0.0574 240 0 509 190 13 0.0558 252 2 520 194 6 0.0550 248 1 519 193 6 0.0538 327 84 591 303 11 0.0537 143 1 516 146 5 0.0532 246 76 517 314 11 0.0526 569 599 823 833 7 0.0524 251 0 520 195 13 0.0523 259 80 531 321 8 0.0518 575 599 816 835 11 0.0514 177 795 423 1019 3 0.0510 330 82 587 313 8 0.0506 253 157 506 395 7 0.0504 177 790 431 1022 13 0.0504 573 712 834 972 8 0.0503 200 80 452 324
HQWQUrWqi7s3bwdCWsCZ02I7KSY1rnu3,5 0.0557 353 731 633 960 8 0.0551 422 736 683 968 7 0.0528 367 737 643 964 0 0.0526 419 738 693 970 3 0.0501 507 10 754 260 5 0.0500 493 10 753 245
qmN2voHNPcalfdc8WtucFEu0qSPICOot,5 0.0595 305 515 560 762 0 0.0594 382 462 634 708 7 0.0587 516 461 775 693 8 0.0586 509 460 763 694 5 0.0583 507 458 768 689 0 0.0579 311 515 564 769 5 0.0574 375 462 633 702 10 0.0557 514 468 773 692 11 0.0553 376 467 634 704 2 0.0553 314 527 564 766 11 0.0552 306 522 565 762 5 0.0549 306 396 570 641 13 0.0544 316 522 571 769 11 0.0543 381 602 640 839 0 0.0542 512 464 770 695 10 0.0541 380 475 634 702 3 0.0540 452 473 707 710 11 0.0539 508 464 771 691 7 0.0536 386 531 636 775 8 0.0532 378 466 627 707 8 0.0530 310 521 557 766 13 0.0530 516 463 777 692 0 0.0526 311 397 572 647 11 0.0524 450 533 704 765 10 0.0522 309 527 562 766 6 0.0518 314 521 568 766 11 0.0518 308 400 569 641 13 0.0517 383 467 640 704 7 0.0515 376 401 640 643 8 0.0514 313 399 564 643 3 0.0513 312 525 562 770 6 0.0512 511 463 776 695 11 0.0505 521 602 774 823 7 0.0505 317 462 571 712 2 0.0504 381 472 635 707 13 0.0502 388 603 644 842
8F0sx01jDQqtjQDFF72cvhTJVhfdOPOW,0 0.0648 434 1 710 184 8 0.0631 254 204 513 444 8 0.0621 308 75 564 314 11 0.0609 432 1 711 181 8 0.0607 379 137 634 384 11 0.0607 124 198 383 439 0 0.0604 316 136 573 368 3 0.0604 437 1 705 191 3 0.0602 443 66 699 320 0 0.0598 187 132 443 375 0 0.0597 256 200 522 440 11 0.0590 352 153 703 343 8 0.0588 438 70 694 315 5 0.0587 429 68 697 315 7 0.0586 438 398 695 627 11 0.0584 185 8 441 244 11 0.0584 187 136 446 373 11 0.0583 254 206 524 437 0 0.0582 436 69 701 315 8 0.0581 436 1 702 185 7 0.0578 435 0 710 188 11 0.0575 442 458 691 687 7 0.0575 260 201 521 444 11 0.0574 378 338 639 567 0 0.0573 130 195 379 443 5 0.0568 429 0 701 183 3 0.0560 131 193 378 448 8 0.0559 191 133 440 378 7 0.0555 197 132 445 373 11 0.0553 383 204 645 443 6 0.0551 312 74 577 310 13 0.0550 309 71 579 311 3 0.0549 390 138 639 388 5 0.0549 250 199 518 438 7 0.0548 134 193 384 443 6 0.0547 258 206 524 442 6 0.0545 197 137 449 373 5 0.0544 123 189 378 439 3 0.0541 260 203 522 445 0 0.0541 382 204 646 448 10 0.0541 436 77 706 313 7 0.0540 440 67 704 317 8 0.0540 436 399 682 627 0 0.0539 432 401 694 632 10 0.0538 189 139 442 376 11 0.0536 250 76 514 316 13 0.0534 382 338 646 570 13 0.0532 257 203 529 441 10 0.0531 254 209 522 441 3 0.0529 381 265 642 510 2 0.0528 386 146 644 381 10 0.0528 433 8 711 185 10 0.0527 304 79 574 311 5 0.0527 430 392 687 627 13 0.0526 134 190 391 440 11 0.0526 239 789 493 1007 11 0.0524 544 820 806 1019 7 0.0523 252 16 513 255 3 0.0520 312 73 569 317 6 0.0519 438 401 697 630 8 0.0519 550 818 792 1019 13 0.0516 383 204 652 446 7 0.0516 319 133 575 370 8 0.0516 374 265 634 505 0 0.0513 503 142 764 382 9 0.0513 431 0 709 184 6 0.0511 134 198 387 443 3 0.0511 197 135 443 379 6 0.0508 386 208 648 447 7 0.0508 553 817 816 1023 5 0.0507 483 806 750 1018 7 0.0506 387 202 648 445 10 0.0506 378 339 640 573 8 0.0506 500 138 760 383 7 0.0501 244 785 500 1013
5vAZBNTqpJgJpBzNyuwy0xuhI6L83b4v,8 0.0673 188 787 425 1021 7 0.0631 254 720 505 965 11 0.0617 307 719 565 962 8 0.0609 253 722 498 964 5 0.0608 249 720 498 962 7 0.0605 580 783 820 1019 0 0.0605 252 723 503 969 5 0.0604 571 782 811 1014 11 0.0593 185 791 434 1020 7 0.0593 187 789 436 1020 8 0.0590 574 781 807 1020 11 0.0586 577 784 815 1015 0 0.0583 187 789 432 1022 7 0.0580 319 659 575 899 0 0.0573 575 781 814 1023 5 0.0572 183 788 429 1018 10 0.0571 250 726 505 964 0 0.0571 315 661 573 905 8 0.0570 189 653 433 881 8 0.0561 318 663 564 899 5 0.0553 312 662 567 900 13 0.0540 581 786 820 1023 6 0.0536 578 792 815 1021 2 0.0536 311 722 567 963 10 0.0534 312 666 573 900 0 0.0534 188 652 442 887 6 0.0533 252 726 507 966 11 0.0531 438 589 684 817 7 0.0522 190 651 443 880 7 0.0522 445 584 688 817 2 0.0516 576 787 817 1019 2 0.0515 188 798 435 1023 10 0.0515 189 662 441 881 8 0.0514 261 595 493 827 13 0.0513 188 796 442 1022 0 0.0513 257 593 503 835 0 0.0511 437 583 685 823 3 0.0510 253 722 501 973 10 0.0509 185 798 431 1022 3 0.0509 579 782 816 1023 0 0.0505 247 377 491 617 11 0.0504 314 313 570 535 13 0.0502 321 311 578 541 0 0.0501 316 314 566 539
0pgqys1nvYRVg0KgYh9NWkNytm3InRJs,7 0.0665 195 650 442 898 5 0.0655 181 711 425 956 8 0.0652 114 775 354 1019 0 0.0635 131 648 379 893 8 0.0624 135 649 371 893 5 0.0612 112 776 358 1013 11 0.0609 189 654 441 892 7 0.0599 116 776 363 1020 11 0.0592 70 656 325 886 10 0.0570 191 657 443 897 3 0.0569 197 652 442 902 6 0.0569 133 653 380 893 0 0.0555 111 778 358 1019 7 0.0529 80 647 320 897 13 0.0526 188 712 433 961 8 0.0520 16 697 252 956 2 0.0519 112 783 363 1020 10 0.0518 121 712 363 954 2 0.0516 185 717 430 960 0 0.0516 23 651 264 890 13 0.0512 114 779 367 1022 7 0.0508 579 741 816 973 11 0.0504 573 742 816 966
2os1XtqmC4hZNJm4S9DxUKhPuc0iarHX,11 0.0638 558 328 824 562 7 0.0608 507 572 766 819 11 0.0592 568 461 823 694 8 0.0592 297 417 557 642 8 0.0585 575 462 818 696 0 0.0575 502 649 757 885 8 0.0569 560 325 820 565 11 0.0568 502 575 761 812 6 0.0567 563 326 830 566 0 0.0563 560 327 828 565 8 0.0561 505 576 754 811 5 0.0553 565 453 823 696 0 0.0553 572 462 824 700 7 0.0551 573 460 828 701 5 0.0548 553 324 824 566 5 0.0545 502 645 759 883 10 0.0544 570 464 825 696 13 0.0542 573 462 831 695 3 0.0537 561 328 823 572 3 0.0535 576 461 824 703 10 0.0535 501 656 761 881 13 0.0534 564 330 832 565 6 0.0534 573 463 831 696 13 0.0533 508 652 761 882 6 0.0532 506 573 767 811 13 0.0530 440 518 717 770 7 0.0525 565 326 830 570 11 0.0521 179 355 457 584 7 0.0520 578 729 819 961 0 0.0519 574 727 815 961 0 0.0518 504 793 760 1023 13 0.0516 297 415 575 646 11 0.0515 290 419 567 642 8 0.0514 506 720 747 949 6 0.0509 295 419 570 641 0 0.0502 437 519 705 772 5 0.0502 567 723 805 956
1uOA8cnL8WGDT30kgAh8bop9g5v5PFrL,5 0.0616 244 126 497 367 5 0.0596 377 584 626 837 8 0.0577 193 127 433 386 0 0.0575 377 592 627 841 7 0.0571 386 592 631 840 11 0.0567 379 592 633 837 6 0.0558 245 78 497 304 8 0.0552 386 589 621 839 0 0.0548 307 522 550 757 11 0.0548 244 128 502 364 6 0.0546 318 595 568 825 5 0.0543 305 519 549 752 0 0.0539 312 679 590 902 13 0.0539 241 76 500 306 0 0.0538 185 11 436 249 0 0.0536 433 662 690 894 2 0.0536 382 600 628 843 8 0.0536 243 78 485 301 11 0.0532 176 14 439 245 7 0.0530 442 662 697 893 8 0.0522 317 674 576 898 11 0.0519 310 678 589 899 3 0.0519 386 590 629 843 13 0.0518 325 0 588 203 0 0.0518 248 128 502 371 11 0.0517 307 528 556 749 8 0.0515 566 533 814 762 8 0.0511 315 527 543 758 11 0.0510 565 538 830 758 7 0.0510 313 524 550 755 8 0.0509 183 12 431 245 8 0.0507 309 141 568 370 7 0.0501 250 602 501 833
gOjm1uuxGqvNJ7PlLjLERXoK47WrjGjY,8 0.0638 250 326 500 578 11 0.0634 321 414 703 599 8 0.0626 326 414 694 601 11 0.0621 266 342 641 527 3 0.0613 270 341 638 534 5 0.0613 187 415 559 597 11 0.0604 232 388 501 636 0 0.0601 325 412 699 603 8 0.0594 179 391 435 648 3 0.0583 197 418 562 602 7 0.0582 239 384 502 640 10 0.0578 197 422 562 596 6 0.0572 271 340 642 531 0 0.0568 441 462 702 721 0 0.0567 184 213 434 463 13 0.0566 201 417 563 602 11 0.0564 437 464 703 719 7 0.0564 271 340 645 531 8 0.0562 242 456 506 706 0 0.0557 580 343 842 579 7 0.0556 334 413 708 603 10 0.0552 371 404 642 646 6 0.0551 327 413 706 603 5 0.0551 252 191 503 440 10 0.0548 267 345 639 529 0 0.0547 176 388 441 645 8 0.0544 373 462 636 714 0 0.0544 202 347 571 534 11 0.0543 304 462 578 706 11 0.0543 577 339 844 575 6 0.0542 583 339 843 580 11 0.0538 178 213 439 458 5 0.0533 569 338 835 574 8 0.0527 503 275 752 519 13 0.0526 273 343 646 534 6 0.0526 445 459 706 718 6 0.0522 183 332 443 587 3 0.0516 385 20 626 256 8 0.0516 580 338 831 580 13 0.0516 505 278 767 519 13 0.0514 256 196 514 444 8 0.0514 261 194 498 439 5 0.0510 426 16 689 240 5 0.0510 439 459 699 719 10 0.0510 236 462 516 705 7 0.0508 510 278 764 519 7 0.0505 447 463 708 719 2 0.0505 373 405 644 646 2 0.0505 198 421 557 599 3 0.0505 452 463 702 725 3 0.0505 507 278 761 526 0 0.0505 237 455 513 706 9 0.0502 318 414 701 599
QI6fiIFqoTl5TopIHEPhTntjqYJglJcY,5 0.0639 377 604 635 842 5 0.0633 250 654 511 900 0 0.0616 441 607 701 850 7 0.0612 255 659 523 900 11 0.0607 443 610 702 847 13 0.0601 628 0 900 204 11 0.0598 246 581 510 814 3 0.0592 382 607 641 847 6 0.0591 256 655 522 899 8 0.0588 258 655 513 899 0 0.0577 254 657 521 903 8 0.0561 441 606 694 849 0 0.0556 189 516 444 761 11 0.0554 187 517 443 757 10 0.0551 443 608 699 844 3 0.0550 257 658 516 905 2 0.0550 385 612 641 841 13 0.0548 310 715 584 963 0 0.0546 564 0 830 190 11 0.0544 313 509 580 740 8 0.0535 191 511 440 756 8 0.0532 314 507 572 743 13 0.0531 447 607 704 849 7 0.0528 448 607 704 851 0 0.0526 310 508 583 749 13 0.0522 317 599 590 840 10 0.0518 311 603 579 833 11 0.0512 308 719 581 956 3 0.0509 453 536 705 777 3 0.0509 575 23 830 263 5 0.0506 617 0 881 200 10 0.0506 184 519 441 757 6 0.0505 627 2 891 202 3 0.0504 318 508 581 750 13 0.0503 243 505 507 749 8 0.0502 564 0 818 190 10 0.0502 625 4 888 202 11 0.0502 625 2 890 200 5 0.0500 163 450 428 697
ZSCTDKNwEhoWXIyIW7cI2IIddlUr2qq9,11 0.0603 443 535 697 776 8 0.0586 447 535 687 776 7 0.0582 400 463 658 708 10 0.0571 445 537 695 777 0 0.0564 446 536 697 779 5 0.0560 392 464 649 706 13 0.0550 392 534 649 775 6 0.0549 228 803 490 1020 0 0.0545 226 804 487 1023 3 0.0543 401 467 654 714 6 0.0539 443 538 702 774 8 0.0533 229 798 485 1022 5 0.0533 223 798 484 1018 11 0.0512 228 805 485 1021 7 0.0510 232 802 493 1022 13 0.0508 232 806 495 1023 2 0.0500 398 473 657 710
xy4s86JrlEal6ZH6rAHIl3Kno8eJc1Th,5 0.0682 501 776 745 1018 7 0.0643 506 776 753 1021 8 0.0628 504 775 743 1020 5 0.0624 117 715 365 955 8 0.0621 124 716 368 956 11 0.0604 502 778 748 1016 11 0.0603 122 720 371 954 0 0.0601 501 778 748 1022 0 0.0600 121 717 374 958 7 0.0596 120 716 374 959 0 0.0586 249 386 502 624 0 0.0574 255 597 509 842 13 0.0570 121 802 375 1023 8 0.0569 256 599 498 834 6 0.0564 506 782 752 1021 9 0.0564 501 779 747 1016 11 0.0563 314 595 568 829 13 0.0563 506 780 751 1022 2 0.0560 504 783 750 1019 10 0.0559 504 781 748 1022 3 0.0558 505 779 747 1023 7 0.0556 457 341 698 565 8 0.0553 247 384 490 623 0 0.0552 453 339 697 570 6 0.0549 124 721 375 959 7 0.0548 319 393 568 635 11 0.0544 241 389 503 623 8 0.0542 458 341 687 563 10 0.0539 252 606 507 834 13 0.0537 389 333 634 560 7 0.0527 261 598 511 835 0 0.0523 387 405 633 641 13 0.0521 320 400 571 635 5 0.0519 248 599 502 833 10 0.0519 118 726 371 958 1 0.0518 500 773 748 1023 3 0.0510 123 719 373 965 13 0.0510 257 601 515 837 11 0.0506 380 332 625 559 3 0.0506 249 389 503 628 5 0.0505 244 381 498 624
Y732UF8IJEmOYDTZ8zy28F95C3NhKljn,7 0.0676 185 526 441 769 8 0.0662 310 535 564 769 11 0.0658 183 529 440 769 11 0.0647 306 535 568 766 8 0.0638 182 526 434 769 5 0.0638 488 529 767 768 5 0.0637 180 525 436 766 11 0.0632 429 468 698 701 0 0.0629 184 526 441 772 5 0.0627 301 528 563 766 3 0.0627 314 532 567 775 8 0.0621 256 410 500 640 6 0.0617 310 533 570 767 5 0.0616 184 333 431 571 11 0.0616 490 537 766 771 8 0.0614 191 335 427 577 11 0.0610 540 483 894 666 6 0.0602 381 593 620 827 6 0.0600 182 527 446 769 5 0.0597 534 479 895 662 8 0.0597 495 533 759 770 11 0.0593 476 425 829 600 3 0.0591 185 527 440 775 5 0.0589 421 459 697 701 7 0.0588 311 529 569 769 8 0.0584 378 594 613 832 0 0.0584 309 530 565 770 11 0.0583 249 413 508 641 7 0.0581 540 483 899 667 5 0.0581 244 409 503 637 8 0.0578 542 483 888 663 3 0.0577 253 409 507 648 3 0.0574 377 468 639 709 6 0.0571 374 467 644 702 8 0.0571 376 469 636 701 0 0.0570 189 338 436 577 0 0.0570 475 424 831 604 13 0.0568 311 536 572 768 13 0.0565 444 535 715 768 8 0.0561 477 423 824 601 0 0.0561 537 482 896 668 5 0.0560 236 735 500 961 3 0.0557 190 339 434 581 3 0.0557 442 532 706 775 0 0.0556 251 409 510 642 6 0.0556 253 411 513 638 3 0.0554 480 424 829 605 13 0.0554 190 336 441 578 5 0.0554 749 511 1002 752 0 0.0553 372 467 640 704 7 0.0551 253 406 511 641 10 0.0551 477 427 833 602 13 0.0548 376 471 645 704 5 0.0548 469 423 827 599 0 0.0546 440 534 704 771 13 0.0546 188 527 444 771 11 0.0545 372 597 620 826 13 0.0545 377 597 624 825 7 0.0545 438 533 708 768 10 0.0544 431 466 701 704 7 0.0544 188 335 439 577 11 0.0542 185 339 438 575 3 0.0542 544 483 896 671 13 0.0541 254 412 513 645 11 0.0540 241 282 497 504 0 0.0538 378 595 618 831 10 0.0537 308 535 569 768 7 0.0537 378 593 624 830 7 0.0536 376 467 644 703 2 0.0535 187 533 443 772 3 0.0535 382 596 619 834 10 0.0534 534 485 896 666 7 0.0533 478 425 838 603 10 0.0530 191 344 435 574 6 0.0530 190 339 439 575 10 0.0528 182 533 441 770 8 0.0525 251 280 485 504 9 0.0525 180 529 438 766 6 0.0523 500 534 768 771 6 0.0522 545 482 902 663 13 0.0521 442 401 707 636 12 0.0519 185 528 439 771 1 0.0517 180 525 437 771 6 0.0513 484 425 839 601 12 0.0513 311 534 568 768 2 0.0512 539 486 896 665 13 0.0510 248 282 500 509 2 0.0509 498 539 765 772 10 0.0507 491 536 767 771
IsQPL0sS07115V6sqqBgFPCvOWybxiEY,5 0.0668 307 326 564 566 3 0.0652 313 331 568 572 11 0.0637 308 333 570 564 0 0.0632 244 328 494 565 7 0.0624 314 330 570 569 6 0.0615 324 205 569 437 3 0.0614 382 393 636 635 0 0.0614 375 398 635 630 8 0.0610 441 458 710 704 5 0.0607 315 196 563 434 0 0.0601 307 272 563 512 5 0.0600 372 392 631 628 8 0.0599 244 329 489 561 11 0.0596 437 459 711 704 8 0.0595 376 395 632 630 6 0.0594 313 392 568 629 5 0.0593 512 465 758 706 5 0.0588 238 393 489 626 6 0.0587 244 327 495 563 2 0.0587 312 336 566 568 8 0.0587 308 274 557 509 0 0.0580 255 192 514 437 6 0.0575 370 336 636 567 7 0.0575 442 512 706 772 11 0.0568 374 209 635 440 7 0.0566 387 451 646 697 8 0.0565 563 0 812 197 13 0.0563 248 328 499 564 6 0.0562 445 393 714 628 7 0.0559 444 389 718 632 0 0.0559 516 473 763 705 3 0.0558 246 400 489 632 3 0.0557 377 206 633 449 6 0.0555 390 452 647 691 8 0.0554 570 570 806 814 11 0.0553 251 196 516 434 8 0.0553 449 579 699 834 3 0.0549 512 403 765 640 11 0.0548 504 403 767 632 10 0.0546 312 397 569 630 10 0.0546 304 278 565 512 6 0.0541 516 472 765 706 2 0.0539 562 6 823 198 10 0.0537 243 335 493 565 5 0.0537 510 570 755 824 13 0.0536 369 338 642 566 5 0.0535 380 139 629 377 7 0.0533 381 206 637 443 12 0.0532 311 330 570 570 13 0.0531 389 452 649 693 8 0.0531 378 206 623 441 10 0.0528 369 340 637 565 2 0.0527 388 456 643 689 13 0.0526 324 203 574 440 7 0.0525 441 637 696 897 2 0.0525 323 205 563 434 1 0.0524 261 418 627 607 13 0.0523 518 578 763 826 6 0.0522 391 148 636 378 0 0.0522 378 205 630 444 6 0.0521 518 577 763 827 10 0.0521 440 462 715 705 7 0.0519 512 0 758 201 8 0.0519 504 400 759 630 0 0.0518 564 0 820 203 9 0.0518 439 459 709 698 13 0.0518 628 0 885 208 12 0.0512 376 396 637 635 9 0.0512 370 397 636 624 11 0.0510 563 570 818 815 13 0.0509 512 477 767 704 2 0.0508 445 401 712 629 2 0.0505 442 522 701 769 11 0.0505 447 580 704 838 6 0.0503 565 1 826 198 13 0.0503 393 146 643 378
2FFNfnEGuTi3P3C9OEOtoxSeigs3gLmY,11 0.0541 436 733 702 954 11 0.0540 378 662 640 888 0 0.0535 392 384 642 631 11 0.0526 367 787 633 1019 11 0.0522 371 450 649 692 5 0.0515 366 781 628 1018 0 0.0514 438 728 705 962 0 0.0514 314 321 565 565
WhuGRZFVLYC2wYx1BltaJL0GnTMeBdq9,11 0.0630 1 549 235 766 0 0.0624 0 549 231 768 0 0.0596 6 794 253 1023 5 0.0596 447 194 695 427 11 0.0575 452 202 699 431 7 0.0574 1 543 233 769 5 0.0572 10 474 235 698 11 0.0557 8 732 248 954 8 0.0556 3 540 226 767 3 0.0554 6 543 232 771 6 0.0554 3 544 241 766 0 0.0552 449 199 698 434 3 0.0551 457 201 701 438 13 0.0540 4 547 241 770 10 0.0538 454 206 700 432 5 0.0530 457 329 691 556 8 0.0528 9 789 250 1023 7 0.0525 11 729 252 957 7 0.0523 456 198 699 433 11 0.0519 461 340 694 562 8 0.0519 451 201 691 435 10 0.0518 5 548 233 769 5 0.0516 6 729 243 952 13 0.0514 453 200 707 433 2 0.0512 454 206 696 435 6 0.0510 15 797 256 1019 2 0.0507 1 553 234 770 6 0.0505 456 200 703 433 2 0.0503 11 801 259 1023 13 0.0502 467 339 700 565
rNyIUbWjowF49grlLtOEHBtNCrHBRREv,0 0.0631 60 604 313 838 11 0.0624 64 603 310 832 8 0.0615 68 600 303 836 5 0.0587 62 601 307 837 11 0.0585 385 336 643 573 0 0.0584 385 390 633 643 7 0.0580 67 601 309 836 3 0.0578 380 271 647 506 8 0.0577 387 330 640 572 3 0.0575 70 601 310 843 0 0.0562 430 268 696 505 5 0.0560 302 263 574 497 11 0.0560 379 460 638 699 0 0.0557 310 464 569 718 8 0.0556 384 461 626 701 7 0.0554 440 330 701 575 13 0.0546 383 272 658 500 6 0.0545 387 394 638 639 3 0.0544 387 395 635 646 10 0.0543 67 604 310 836 7 0.0542 377 265 651 500 5 0.0535 423 258 694 502 5 0.0535 303 468 564 710 2 0.0535 68 610 311 837 13 0.0535 64 604 313 839 7 0.0525 384 392 636 644 0 0.0522 430 632 700 837 3 0.0521 445 335 699 578 6 0.0519 381 267 655 500 2 0.0517 428 273 698 505 6 0.0514 67 604 312 834 0 0.0512 309 608 584 856 1 0.0507 61 598 308 835 0 0.0503 311 267 578 505 8 0.0502 317 267 570 503 11 0.0500 309 271 577 506
zN5QSZMmJLaRBKUr1XxQiKapdZcT116q,11 0.0572 399 334 654 558 8 0.0538 461 340 709 576 7 0.0530 470 341 720 571 8 0.0511 159 0 487 146 11 0.0505 514 412 772 635
3LDWTfXa0UdvD9iC3wKkse8d8qCD1PIB,0 0.0559 316 670 573 903 11 0.0558 308 670 571 898 11 0.0556 238 340 511 572 11 0.0555 512 389 767 623 8 0.0552 624 0 874 206 0 0.0552 386 596 640 828 11 0.0550 378 327 647 555 8 0.0547 317 667 562 902 8 0.0541 168 332 428 584 6 0.0526 633 0 885 205 11 0.0524 381 595 641 826 10 0.0524 625 4 883 203 5 0.0522 624 0 880 204 11 0.0518 303 406 573 636 8 0.0517 392 596 631 827 0 0.0517 429 454 691 707 0 0.0514 634 0 880 206 5 0.0514 239 261 495 496 13 0.0514 381 671 643 898 7 0.0513 448 388 708 635 7 0.0511 317 723 573 966 8 0.0507 509 386 755 626 8 0.0505 376 328 634 558 0 0.0503 181 205 434 443 5 0.0503 311 589 565 824 7 0.0502 384 322 646 558 8 0.0502 251 406 491 644 11 0.0500 430 454 695 698
hgY7wr47RLLVYXKDoBv7wvykCovMQZgq,5 0.0612 398 476 742 661 0 0.0612 582 342 830 581 11 0.0610 561 468 833 700 8 0.0605 504 397 771 637 11 0.0605 601 431 958 606 5 0.0603 583 338 830 579 8 0.0603 536 488 862 672 3 0.0602 610 495 949 685 5 0.0594 555 457 829 699 6 0.0591 582 402 839 637 11 0.0589 769 469 1023 696 3 0.0589 579 404 832 644 6 0.0586 411 480 749 661 11 0.0582 584 345 834 576 5 0.0581 291 579 552 832 7 0.0581 408 479 750 664 6 0.0579 509 330 766 570 0 0.0576 773 469 1023 699 8 0.0574 586 340 825 577 11 0.0573 399 482 744 660 7 0.0571 581 402 835 639 13 0.0571 580 401 840 640 11 0.0567 290 592 554 832 3 0.0562 507 331 762 575 5 0.0556 766 458 1022 699 0 0.0555 504 397 775 641 3 0.0552 775 463 1021 706 3 0.0547 566 519 824 762 6 0.0541 564 517 834 754 10 0.0540 500 400 778 635 3 0.0539 375 533 712 725 11 0.0533 456 71 713 301 8 0.0531 773 465 1013 699 7 0.0530 773 465 1023 700 8 0.0530 369 532 700 719 2 0.0529 552 427 889 604 6 0.0527 300 589 560 830 2 0.0526 604 498 955 681 7 0.0526 508 331 763 569 11 0.0526 405 353 765 532 7 0.0524 609 494 956 680 12 0.0524 506 400 779 637 13 0.0523 565 522 833 760 13 0.0523 433 464 719 694 8 0.0521 406 351 750 534 11 0.0520 316 66 569 309 10 0.0519 604 497 954 679 10 0.0516 367 538 713 719 0 0.0516 403 352 758 538 0 0.0515 577 219 831 445 5 0.0514 575 213 828 439 8 0.0511 250 13 480 255 10 0.0510 585 347 832 576 2 0.0509 504 336 761 566 11 0.0509 578 221 833 438 11 0.0508 507 152 763 369 0 0.0507 295 589 551 830 4 0.0505 504 404 782 636 2 0.0504 425 463 710 692 8 0.0504 512 150 756 374 10 0.0501 298 597 560 834 12 0.0500 535 491 875 671
GRjxQYAbYMQstpxUkWU3UsNv0lICysaS,5 0.0586 319 200 574 431 5 0.0582 299 791 539 1018 11 0.0579 298 800 543 1021 0 0.0575 325 206 581 437 11 0.0575 189 136 443 382 8 0.0559 298 795 535 1022 11 0.0558 319 206 584 433 6 0.0554 262 199 516 438 11 0.0554 290 665 550 886 8 0.0548 366 735 610 960 0 0.0546 198 137 437 389 7 0.0544 299 798 547 1023 5 0.0544 260 75 514 325 5 0.0542 364 723 615 956 13 0.0540 304 799 557 1023 11 0.0537 251 277 508 516 3 0.0535 325 205 581 444 5 0.0535 248 277 498 513 7 0.0535 121 779 381 1000 11 0.0534 259 83 520 323 8 0.0533 265 20 515 253 7 0.0531 327 203 585 438 5 0.0527 496 86 764 315 5 0.0521 189 132 435 380 8 0.0520 255 200 503 439 0 0.0519 297 798 542 1023 6 0.0516 272 82 528 328 13 0.0514 198 138 445 391 5 0.0514 287 659 550 887 3 0.0513 302 799 547 1023 0 0.0512 266 81 519 328 7 0.0511 257 275 507 520 11 0.0509 366 737 616 956 6 0.0509 201 138 442 390 10 0.0508 297 801 543 1022 13 0.0505 503 92 775 316 7 0.0504 271 78 523 326 11 0.0503 118 781 378 995
7iUyuSzMZ3cwFmHkpdyCB1hBXUPnqaej,11 0.0593 768 458 1018 688 5 0.0590 128 662 383 894 0 0.0580 171 332 428 571 5 0.0557 773 385 1020 616 5 0.0550 254 318 506 549 11 0.0548 298 728 567 961 0 0.0545 246 723 509 961 11 0.0540 252 323 512 547 11 0.0539 117 723 377 949 0 0.0535 133 667 385 900 3 0.0533 136 672 384 903 11 0.0532 695 397 943 631 8 0.0531 307 726 560 965 6 0.0525 120 723 379 950 8 0.0522 134 668 378 897 0 0.0520 241 192 501 422 0 0.0519 368 719 638 955 5 0.0518 241 721 505 956 13 0.0515 259 324 515 553 5 0.0515 76 794 447 975 8 0.0514 87 798 439 975 13 0.0513 90 799 465 981 0 0.0512 769 452 1015 695 7 0.0512 247 726 513 961 7 0.0510 136 669 389 900 7 0.0508 769 455 1017 689 8 0.0508 173 326 416 565 3 0.0505 257 325 508 555 7 0.0505 694 391 944 634 11 0.0504 432 735 699 952 3 0.0502 771 455 1016 701 3 0.0502 373 721 635 960
ni169z1PI5jeYoJOrNaXq3mC3up1l9fK,8 0.0648 450 333 696 575 0 0.0648 447 336 702 576 5 0.0637 498 199 749 434 5 0.0637 168 406 429 643 8 0.0631 503 206 745 437 11 0.0628 627 649 880 891 7 0.0626 254 413 508 649 11 0.0622 246 362 515 587 6 0.0621 390 348 659 588 7 0.0619 390 344 657 588 0 0.0619 631 643 882 892 5 0.0615 384 342 653 583 0 0.0610 181 340 447 584 11 0.0607 386 349 654 585 8 0.0603 182 340 442 585 7 0.0600 187 345 450 579 0 0.0599 386 191 653 428 11 0.0599 687 589 955 827 0 0.0597 377 416 643 649 7 0.0596 317 273 582 516 6 0.0595 508 206 759 433 10 0.0593 318 408 586 636 11 0.0593 385 1 649 201 6 0.0592 320 274 591 513 8 0.0590 378 415 641 650 11 0.0589 572 584 830 820 0 0.0587 319 335 589 575 0 0.0587 505 207 753 437 5 0.0585 244 354 513 580 5 0.0585 507 328 753 568 8 0.0584 321 336 585 573 5 0.0583 452 123 715 358 6 0.0583 390 197 656 426 8 0.0581 462 131 711 360 6 0.0575 253 363 522 585 5 0.0574 311 269 581 510 2 0.0571 379 421 646 650 11 0.0569 524 465 774 709 5 0.0568 378 187 647 427 2 0.0567 389 278 654 518 11 0.0566 173 413 433 646 8 0.0565 387 196 644 427 11 0.0564 386 194 650 429 13 0.0562 636 645 893 896 11 0.0562 314 272 582 517 11 0.0560 464 134 719 357 3 0.0560 514 207 755 442 0 0.0560 689 583 953 828 8 0.0556 514 396 752 640 11 0.0556 766 528 1023 767 3 0.0555 251 416 502 655 8 0.0553 578 580 827 820 3 0.0552 392 0 648 208 13 0.0550 190 345 455 582 11 0.0549 504 209 753 433 0 0.0548 385 1 650 199 5 0.0547 559 254 821 493 6 0.0547 518 334 762 567 10 0.0546 314 276 579 513 8 0.0545 245 412 500 649 7 0.0544 385 0 655 203 2 0.0542 320 341 587 578 5 0.0542 627 643 881 887 0 0.0541 767 525 1023 768 8 0.0541 634 642 879 894 0 0.0539 461 133 718 360 10 0.0539 385 199 648 427 8 0.0539 244 279 504 517 6 0.0538 774 526 1023 766 10 0.0538 686 587 949 826 13 0.0537 391 3 655 199 7 0.0537 388 190 653 432 3 0.0537 393 275 655 520 12 0.0536 391 346 657 587 9 0.0536 386 347 654 580 6 0.0535 636 643 888 892 7 0.0534 465 130 721 364 6 0.0532 695 586 957 825 3 0.0531 324 339 589 579 3 0.0531 384 417 647 653 5 0.0531 684 580 951 823 10 0.0530 462 135 719 356 2 0.0530 177 417 433 645 0 0.0530 517 396 758 642 8 0.0530 44 421 296 648 11 0.0529 512 333 759 568
qA0GAsrk34LKJBib2DkBQAlcVY7vLwEn,11 0.0626 387 272 647 520 5 0.0612 255 333 509 587 5 0.0609 448 211 702 446 11 0.0606 452 221 707 448 11 0.0603 565 343 819 576 7 0.0598 459 277 708 519 8 0.0595 453 276 698 521 5 0.0594 185 393 432 654 11 0.0592 253 337 512 588 5 0.0590 562 337 814 581 3 0.0587 511 333 756 583 0 0.0585 511 282 759 519 11 0.0581 633 220 899 450 11 0.0579 183 397 433 658 0 0.0574 450 220 705 447 0 0.0573 386 273 646 523 8 0.0570 189 337 428 584 0 0.0570 513 142 766 369 11 0.0568 513 142 769 368 5 0.0567 444 325 692 575 7 0.0565 192 395 435 660 7 0.0565 391 204 647 450 0 0.0563 311 219 573 448 6 0.0562 268 398 516 665 3 0.0560 328 337 573 598 6 0.0557 458 220 712 448 11 0.0556 181 276 440 521 8 0.0555 565 271 819 514 2 0.0552 508 289 761 517 8 0.0552 511 138 761 368 3 0.0548 569 273 826 521 6 0.0547 394 272 652 521 11 0.0546 621 436 901 657 8 0.0546 386 204 632 449 7 0.0544 318 287 581 531 11 0.0543 312 219 575 443 0 0.0543 187 276 440 523 0 0.0542 394 143 655 368 13 0.0539 393 274 650 522 7 0.0538 571 274 829 517 13 0.0538 328 341 581 596 6 0.0537 571 274 830 513 2 0.0535 450 228 704 447 8 0.0534 319 293 567 524 2 0.0533 566 347 820 581 8 0.0530 264 401 505 664 9 0.0530 380 277 644 514 0 0.0530 324 340 576 593 3 0.0529 256 276 509 529 10 0.0527 188 400 435 660 3 0.0526 635 352 905 586 13 0.0525 194 397 438 664 9 0.0524 446 221 704 441 3 0.0523 267 400 511 668 0 0.0523 187 400 433 659 0 0.0523 637 220 896 459 8 0.0523 624 437 894 667 3 0.0522 190 343 435 591 5 0.0521 191 522 450 776 7 0.0519 188 272 442 525 9 0.0519 507 280 759 511 10 0.0518 386 274 645 525 6 0.0518 192 335 436 586 5 0.0518 179 272 438 519 6 0.0517 628 433 908 666 6 0.0516 641 219 897 455 13 0.0516 568 342 825 582 10 0.0516 564 345 821 580 13 0.0513 514 278 764 519 11 0.0513 394 140 659 365 6 0.0510 258 274 511 520 10 0.0510 252 282 507 518 11 0.0510 188 528 449 777 7 0.0509 638 216 901 454 2 0.0509 448 339 696 580 5 0.0509 306 213 564 444 8 0.0507 635 220 885 455 11 0.0507 588 85 849 319
HRI2L7MHHgPov0MfkehbVkUlvspg0FE4,0 0.0652 374 267 629 509 7 0.0632 379 331 632 578 8 0.0624 426 336 685 579 11 0.0621 428 396 684 636 0 0.0618 428 392 681 638 13 0.0608 380 401 633 635 11 0.0594 381 522 637 768 0 0.0593 313 457 560 707 3 0.0593 429 337 691 584 5 0.0590 422 334 688 577 8 0.0589 374 269 623 510 0 0.0586 308 339 566 577 6 0.0584 314 340 570 575 7 0.0582 317 455 565 710 7 0.0578 449 515 695 771 8 0.0576 314 458 554 707 13 0.0573 451 459 695 712 6 0.0572 381 399 631 633 3 0.0571 311 342 565 581 13 0.0571 314 341 572 578 5 0.0570 567 327 830 572 13 0.0568 318 459 566 709 8 0.0567 449 456 684 711 5 0.0567 308 455 558 704 8 0.0566 309 338 560 577 5 0.0565 302 338 563 572 0 0.0565 445 515 686 773 3 0.0563 376 273 630 513 0 0.0558 384 152 642 381 5 0.0557 443 455 689 709 6 0.0556 450 460 695 712 5 0.0556 368 265 629 505 10 0.0554 425 340 693 575 10 0.0552 448 462 694 709 6 0.0550 313 459 563 705 2 0.0549 429 346 690 578 11 0.0547 312 272 569 505 0 0.0546 320 93 581 324 10 0.0545 305 347 566 576 11 0.0544 380 78 644 308 8 0.0543 388 522 629 768 11 0.0543 310 461 558 704 13 0.0541 376 271 637 510 6 0.0541 378 273 633 509 8 0.0539 381 142 638 382 7 0.0537 317 267 572 506 7 0.0537 574 333 839 575 10 0.0534 312 463 563 709 3 0.0534 452 458 691 716 2 0.0529 313 343 562 574 9 0.0526 375 399 626 627 10 0.0523 374 276 630 506 2 0.0521 317 462 560 705 12 0.0518 431 336 691 579 11 0.0509 567 337 836 570 13 0.0508 385 147 649 382 2 0.0507 451 463 692 709 0 0.0504 569 332 838 571 3 0.0503 316 460 557 708 5 0.0502 378 144 643 377 1 0.0501 372 329 632 574 2 0.0500 377 274 627 505
aL2PlGelYyOq36aasnPZ6iAzAmvEHO93,5 0.0592 373 2 648 231 3 0.0562 451 0 712 198 0 0.0559 456 526 713 774 8 0.0552 442 2 705 189 7 0.0551 461 523 718 768 0 0.0545 439 0 716 191 7 0.0530 444 0 718 190 8 0.0519 561 156 812 383 8 0.0517 457 525 702 770 0 0.0512 561 157 819 384 6 0.0511 443 1 720 191 13 0.0507 463 523 717 770 5 0.0503 508 147 761 378
muWJkksjo7gUMPztVOVzWYOSVddEjOuy,8 0.0567 452 484 698 705 11 0.0556 439 554 699 765 7 0.0550 460 481 710 706 5 0.0549 372 209 645 418 8 0.0547 380 206 640 421 11 0.0545 247 150 502 375 0 0.0539 443 552 702 764 8 0.0538 373 329 619 563 11 0.0525 304 336 564 566 6 0.0520 197 274 457 512 0 0.0520 314 271 569 501 7 0.0511 378 329 625 566 5 0.0507 432 323 685 568 7 0.0502 316 266 574 501 0 0.0501 242 212 499 444
qmwWZJCbfPZcotZ94ksGNmPCCsTeGIhe,11 0.0644 567 3 827 191 5 0.0640 644 343 910 564 7 0.0636 188 384 441 634 0 0.0631 197 434 437 692 0 0.0630 506 519 757 778 5 0.0629 243 395 502 641 5 0.0626 171 320 427 563 11 0.0624 570 517 820 765 5 0.0623 559 140 821 375 5 0.0618 574 582 815 828 13 0.0618 247 339 507 575 8 0.0613 377 281 621 511 0 0.0612 565 85 822 317 6 0.0610 652 349 913 566 6 0.0610 318 339 572 579 7 0.0610 573 513 821 768 11 0.0610 452 581 700 835 8 0.0610 320 339 558 576 8 0.0601 507 133 745 368 7 0.0601 568 0 833 194 0 0.0601 499 3 769 194 11 0.0598 645 351 915 564 3 0.0598 178 331 428 572 0 0.0598 576 586 817 832 8 0.0596 198 430 424 686 0 0.0592 507 189 760 425 8 0.0592 575 587 813 830 11 0.0591 507 321 763 560 0 0.0587 374 280 632 517 8 0.0583 505 517 753 775 3 0.0582 198 434 433 694 7 0.0581 322 402 569 645 10 0.0578 242 340 501 575 11 0.0577 240 339 504 572 3 0.0576 575 15 824 264 8 0.0576 508 13 755 250 8 0.0574 182 328 424 563 7 0.0574 507 578 757 831 0 0.0574 178 324 432 566 7 0.0573 380 278 635 515 10 0.0573 564 2 828 193 11 0.0571 502 188 759 424 6 0.0569 574 517 821 768 0 0.0569 512 321 762 563 0 0.0567 452 451 699 700 5 0.0566 308 332 564 578 6 0.0566 252 406 510 640 2 0.0565 394 399 634 632 0 0.0564 508 657 761 905 5 0.0564 328 453 571 698 6 0.0563 568 146 828 375 7 0.0562 566 79 823 317 8 0.0562 575 208 818 437 3 0.0562 513 134 752 373 8 0.0562 568 80 815 314 13 0.0561 576 521 824 768 8 0.0561 509 652 752 901 0 0.0559 391 393 638 637 11 0.0559 316 402 563 641 10 0.0558 563 86 821 315 5 0.0558 565 16 823 258 11 0.0558 454 453 700 694 0 0.0558 392 527 640 778 13 0.0557 323 402 571 649 2 0.0557 506 192 762 422 3 0.0556 398 388 640 642 11 0.0555 503 656 759 896 3 0.0553 316 336 567 582 0 0.0552 649 351 916 569 0 0.0552 333 456 569 705 6 0.0548 566 2 835 193 11 0.0548 563 83 822 313 3 0.0548 578 207 826 441 7 0.0547 518 251 761 488 6 0.0544 180 332 437 565 9 0.0543 195 434 435 681 13 0.0541 567 0 838 195 13 0.0540 264 461 503 706
TIVaQ4kirtad9QFUcZOuVNspaJUHdT9r,5 0.0670 370 406 636 644 11 0.0663 315 533 578 764 0 0.0648 312 396 568 642 11 0.0644 502 599 770 839 11 0.0642 242 467 508 711 11 0.0635 435 540 716 770 11 0.0629 313 400 567 642 5 0.0623 241 390 496 644 6 0.0618 313 398 571 638 11 0.0615 380 477 646 703 8 0.0609 243 465 500 711 7 0.0597 353 610 698 796 5 0.0597 178 521 437 768 8 0.0591 246 273 495 498 8 0.0590 312 399 563 642 0 0.0589 381 475 644 707 0 0.0587 436 537 712 776 3 0.0586 307 324 559 569 6 0.0586 246 464 511 709 0 0.0585 243 460 508 714 5 0.0584 433 537 709 769 3 0.0582 243 398 500 651 3 0.0579 507 597 766 849 6 0.0579 318 528 579 762 0 0.0578 506 601 767 845 8 0.0576 437 537 704 772 7 0.0575 314 398 567 642 13 0.0573 318 468 576 701 2 0.0567 246 404 495 642 3 0.0567 383 476 644 712 5 0.0567 299 259 557 489 3 0.0566 254 532 510 777 7 0.0566 253 529 513 774 8 0.0565 379 474 639 705 5 0.0565 502 594 765 837 8 0.0564 502 599 761 843 7 0.0564 249 329 504 573 3 0.0563 439 537 711 779 8 0.0563 314 529 569 764 6 0.0562 381 478 652 700 6 0.0560 353 610 700 795 3 0.0560 369 269 635 499 7 0.0559 386 476 645 707 11 0.0558 363 272 634 492 13 0.0555 257 528 517 772 2 0.0554 367 350 626 567 6 0.0553 251 331 507 571 13 0.0553 360 610 701 796 0 0.0551 362 273 630 495 11 0.0550 258 606 512 836 11 0.0549 370 674 642 897 10 0.0547 182 529 441 769 2 0.0547 438 544 714 769 13 0.0546 308 326 563 565 8 0.0545 260 602 503 832 6 0.0543 369 344 632 565 3 0.0543 168 458 420 712 8 0.0543 116 580 365 831 10 0.0541 380 479 644 702 0 0.0540 176 268 436 498 6 0.0539 308 264 564 491 13 0.0538 170 457 427 708 13 0.0538 195 592 454 834 13 0.0537 247 394 502 647 11 0.0535 238 271 505 501 6 0.0534 192 587 454 828 10 0.0532 303 329 559 561 0 0.0530 368 669 643 902 10 0.0528 317 535 575 762 11 0.0528 111 526 376 767 7 0.0528 308 261 562 493 10 0.0526 421 605 759 782 12 0.0523 315 465 577 698 2 0.0523 315 473 573 701 8 0.0522 182 208 428 446 10 0.0520 114 588 371 830 3 0.0519 309 199 571 437 0 0.0519 240 205 503 441 7 0.0519 491 600 849 791
PD5MO0X7FIexKrD12Oob8riOJ5rbUSuy,11 0.0506 373 341 640 572
QITXrGjzshYnFE4biTrP0SYDcTxbeudx,5 0.0614 56 341 319 566 8 0.0611 121 359 382 590 5 0.0597 174 350 444 581 6 0.0574 186 353 450 581 11 0.0571 118 364 397 585 8 0.0569 389 343 635 576 11 0.0568 447 345 705 571 11 0.0563 402 214 658 443 8 0.0550 128 470 382 710 0 0.0549 390 341 644 577 5 0.0546 312 282 576 506 0 0.0545 125 362 391 589 11 0.0544 316 142 578 351 8 0.0541 317 287 567 509 7 0.0539 126 358 391 587 3 0.0539 182 353 444 588 5 0.0535 386 335 638 577 6 0.0532 65 343 330 573 0 0.0526 320 287 582 507 8 0.0525 179 202 429 427 11 0.0522 314 285 583 504 0 0.0520 400 215 654 448 6 0.0519 392 345 646 576 6 0.0518 323 287 582 508 11 0.0517 254 58 520 295 5 0.0513 175 198 436 423 10 0.0512 124 370 393 589 11 0.0511 122 472 393 705 7 0.0510 185 269 450 500 3 0.0508 451 343 707 581 2 0.0508 392 349 641 579 7 0.0508 131 465 395 708 11 0.0507 179 201 445 420 7 0.0504 73 532 323 765 10 0.0503 182 282 446 501 7 0.0503 393 339 646 582
CdbG687PWs1l5TqqJDZWfdkqBcP3gwJ3,0 0.0675 248 0 498 253 5 0.0668 243 0 489 250 11 0.0612 246 0 502 247 5 0.0605 243 128 515 377 0 0.0600 252 133 516 378 6 0.0599 251 1 499 246 3 0.0596 252 0 497 254 5 0.0595 179 69 437 320 11 0.0593 182 75 445 316 8 0.0587 246 0 494 253 7 0.0583 252 135 525 379 7 0.0581 249 0 499 251 10 0.0576 246 5 497 248 7 0.0574 184 75 447 322 13 0.0573 252 60 516 309 8 0.0570 252 131 508 378 8 0.0566 184 75 436 323 10 0.0564 183 83 441 317 0 0.0558 184 76 443 321 3 0.0548 189 73 445 327 11 0.0541 244 135 523 375 2 0.0532 251 2 497 251 6 0.0531 254 130 528 376 13 0.0521 253 208 534 447 12 0.0520 249 0 499 250 2 0.0516 186 80 447 323 13 0.0516 315 119 593 366 10 0.0508 249 141 520 378 6 0.0504 187 73 449 319
jD2z4fjUrGjjRy6Yqo2YOjdePU2PQoku,6 0.0547 368 349 644 583 11 0.0538 368 537 640 777 8 0.0537 762 0 1013 205 8 0.0536 369 351 627 581 3 0.0536 371 350 636 587 7 0.0534 438 586 700 832 0 0.0533 362 348 638 583 0 0.0532 761 0 1023 207 13 0.0527 315 282 573 508 3 0.0526 314 282 565 514 11 0.0525 359 353 638 582 11 0.0522 307 285 568 504 5 0.0522 306 275 563 502 11 0.0521 755 3 1023 201 6 0.0516 314 284 569 507 8 0.0512 372 534 627 773 7 0.0504 315 280 570 506 13 0.0504 764 0 1023 206 0 0.0503 361 218 607 452 7 0.0501 368 347 642 584
XZVekoUkqOPgIupay6HVK6gSLwJUJKQ5,11 0.0562 656 20 919 244 13 0.0559 638 71 886 320 8 0.0557 571 17 807 255 7 0.0550 570 16 817 257 5 0.0524 566 14 808 257 11 0.0517 182 791 426 1013 3 0.0516 573 21 814 262 6 0.0514 570 20 817 256 8 0.0512 635 67 868 317 5 0.0509 632 67 873 317 0 0.0508 571 16 812 260
gCktUfb98XynPwnN1G4vDyVgKTvDPdPi,0 0.0668 118 676 375 904 11 0.0655 0 613 316 790 5 0.0626 125 600 369 834 0 0.0626 0 615 314 793 8 0.0617 3 613 309 792 11 0.0601 117 675 371 901 11 0.0594 245 660 508 884 6 0.0594 10 545 244 770 8 0.0587 123 672 371 908 7 0.0586 131 604 374 836 0 0.0581 248 657 511 890 7 0.0578 4 595 249 836 3 0.0576 8 591 249 840 6 0.0574 75 600 317 835 10 0.0570 0 613 316 791 5 0.0567 244 655 504 883 6 0.0565 247 655 513 885 13 0.0562 132 604 377 840 3 0.0559 133 601 369 845 8 0.0554 250 656 506 890 6 0.0538 121 675 376 902 11 0.0536 370 469 625 691 2 0.0534 0 618 319 792 13 0.0533 256 655 515 890 2 0.0531 120 677 375 905 7 0.0527 253 657 512 891 10 0.0526 251 662 506 884 3 0.0525 253 658 505 893 4 0.0520 1 614 320 793 9 0.0509 124 603 372 834 5 0.0501 375 463 620 690
2jsSTGARlw2gbWHFniLXigdUPXr4ypam,11 0.0615 366 648 635 886 0 0.0576 375 703 629 946 11 0.0574 313 779 569 1013 11 0.0561 373 531 634 766 8 0.0557 381 704 625 945 8 0.0550 317 774 565 1016 5 0.0550 376 766 624 1008 7 0.0549 319 776 575 1022 8 0.0543 377 475 628 706 11 0.0537 445 473 710 709 13 0.0531 319 776 573 1018 0 0.0523 474 490 841 662 7 0.0519 382 701 635 946 5 0.0517 442 467 709 708 7 0.0514 452 469 716 707 13 0.0512 382 586 643 828 0 0.0503 319 779 571 1019 9 0.0502 377 773 627 1001 3 0.0502 452 477 713 715 13 0.0501 382 702 637 946 5 0.0500 234 768 502 1015
pfm0AtRUTF55XftURdcQvL4z81R8ohvk,5 0.0611 507 357 759 592 0 0.0605 252 134 514 385 11 0.0603 302 130 572 373 8 0.0581 562 288 807 519 5 0.0576 170 129 445 374 7 0.0563 260 195 525 438 11 0.0549 172 135 455 377 3 0.0545 257 132 516 394 8 0.0543 517 359 757 593 5 0.0543 248 265 516 498 8 0.0540 507 213 748 453 7 0.0538 449 140 697 378 0 0.0535 561 222 803 461 5 0.0530 441 133 693 378 5 0.0526 555 214 795 456 0 0.0525 253 267 523 502 5 0.0523 306 193 572 436 11 0.0522 251 267 521 498 13 0.0518 259 133 524 389 3 0.0516 517 285 757 517 11 0.0513 190 2 442 216 11 0.0512 246 391 511 622 11 0.0512 438 142 698 373 0 0.0511 443 140 694 378 6 0.0510 309 130 569 377 7 0.0509 456 343 708 582 2 0.0509 308 137 566 377 11 0.0506 554 219 804 456 7 0.0505 512 284 764 510 6 0.0503 562 222 805 460 13 0.0502 260 264 529 507 11 0.0502 447 348 701 577 8 0.0502 556 143 788 375 8 0.0500 256 263 511 504
ClNwse6tJOtfmIHUO9ag0U2KoDtqaLig,5 0.0602 366 648 627 887 13 0.0596 376 655 635 895 11 0.0596 297 664 560 891 8 0.0590 237 459 491 721 7 0.0577 185 656 447 889 0 0.0572 367 650 628 894 6 0.0572 245 668 508 900 11 0.0561 228 729 497 956 11 0.0556 252 400 503 636 13 0.0555 245 669 506 904 7 0.0553 436 725 693 969 5 0.0552 237 664 496 897 7 0.0543 245 458 506 724 5 0.0537 430 800 674 1018 5 0.0535 300 784 552 1016 7 0.0534 297 663 563 895 11 0.0534 431 734 685 967 10 0.0534 370 654 632 890 13 0.0533 265 402 505 640 8 0.0533 370 650 625 893 0 0.0532 444 328 691 571 11 0.0531 186 658 442 889 6 0.0527 373 655 635 891 8 0.0527 436 720 681 965 8 0.0526 574 527 821 755 3 0.0526 244 669 501 911 5 0.0524 230 463 500 720 13 0.0517 599 413 964 601 0 0.0517 591 413 952 598 5 0.0516 373 59 640 294 0 0.0515 242 462 504 725 8 0.0514 450 329 682 566 13 0.0514 580 530 837 754 3 0.0511 578 529 831 760 10 0.0511 245 673 499 896 6 0.0510 446 323 697 569 3 0.0509 447 326 696 575 0 0.0508 572 530 832 756 8 0.0508 186 658 436 888 7 0.0508 450 323 697 569 3 0.0505 371 655 630 898 11 0.0504 567 529 830 753 11 0.0503 585 414 952 597 6 0.0502 577 529 834 752 6 0.0502 441 807 678 1023 11 0.0501 443 330 693 571
FvRPgGGdE5yJptfZcRuJeIcwk7y3TD8j,0 0.0582 412 482 772 662 5 0.0571 405 472 771 661 11 0.0571 313 539 568 772 11 0.0568 368 469 633 706 0 0.0566 652 321 885 567 5 0.0565 182 583 442 827 3 0.0555 420 480 773 667 5 0.0554 308 528 563 771 7 0.0551 416 477 780 663 7 0.0550 314 471 578 720 6 0.0550 355 538 726 723 6 0.0546 248 413 500 650 7 0.0544 260 601 514 848 11 0.0543 650 323 891 558 6 0.0543 416 481 780 660 8 0.0541 371 464 625 702 8 0.0540 314 535 558 773 11 0.0539 5 417 256 637 6 0.0539 377 340 636 576 11 0.0533 422 541 788 719 0 0.0532 313 592 566 841 0 0.0532 9 413 255 646 5 0.0531 646 318 882 563 9 0.0531 407 478 772 657 0 0.0530 256 480 506 731 11 0.0529 709 388 960 629 8 0.0521 653 323 876 561 7 0.0520 370 585 636 832 8 0.0518 190 590 437 831 8 0.0514 372 343 624 572 10 0.0514 410 481 776 665 8 0.0512 423 536 777 718 13 0.0512 373 469 642 705 6 0.0510 659 316 890 562 13 0.0510 433 538 804 717 3 0.0509 376 341 637 583 11 0.0509 368 342 634 577 3 0.0506 315 538 567 781 7 0.0505 374 340 637 582 0 0.0505 714 387 955 636 5 0.0504 362 333 632 576 10 0.0502 4 423 255 636 13 0.0502 257 479 514 732
pTxrdZtwUg3APk6y02MyBPYlRa6acs5F,0 0.0636 241 593 498 833 11 0.0634 175 337 437 576 8 0.0617 170 656 420 891 5 0.0606 175 395 442 638 7 0.0605 186 525 436 770 13 0.0598 123 404 406 655 5 0.0598 233 668 489 895 11 0.0594 179 530 434 768 11 0.0589 230 736 498 950 11 0.0586 248 463 511 703 0 0.0586 183 529 434 772 8 0.0583 244 595 491 828 7 0.0582 187 397 445 642 6 0.0582 186 587 437 825 5 0.0580 248 461 506 704 0 0.0580 254 465 506 706 13 0.0578 172 656 432 890 5 0.0575 299 610 565 844 0 0.0567 171 653 428 893 8 0.0567 128 468 372 723 0 0.0566 321 538 581 781 5 0.0566 230 784 490 1013 7 0.0565 256 463 510 706 5 0.0564 175 582 433 823 5 0.0563 630 0 883 205 7 0.0561 242 676 496 899 11 0.0561 296 805 555 1021 11 0.0560 631 470 902 702 13 0.0558 122 532 377 775 11 0.0556 253 263 510 500 8 0.0555 185 394 437 645 5 0.0553 571 278 828 498 6 0.0553 257 462 514 706 6 0.0552 242 674 498 895 6 0.0550 186 336 442 582 0 0.0550 634 468 900 700 3 0.0547 256 465 510 712 8 0.0544 577 281 822 500 3 0.0543 240 675 494 902 0 0.0543 235 725 496 955 8 0.0541 237 731 492 951 7 0.0540 236 794 500 1021 0 0.0539 184 399 444 642 8 0.0538 636 0 878 202 5 0.0537 125 468 375 718 13 0.0537 239 731 506 954 11 0.0537 241 598 500 830 5 0.0535 691 474 953 710 0 0.0532 311 1 571 198 11 0.0531 167 658 425 888 8 0.0528 258 461 500 706 0 0.0527 123 283 396 521 6 0.0526 641 466 901 703 13 0.0524 129 287 407 522 7 0.0524 641 1 889 205 6 0.0521 262 264 509 505 3 0.0520 239 793 495 1023 6 0.0518 305 799 559 1019 11 0.0517 637 215 899 442 8 0.0517 636 470 890 703 13 0.0516 636 473 907 703 10 0.0514 122 288 394 516 5 0.0514 251 262 499 498 8 0.0513 302 802 546 1020 0 0.0512 637 0 887 206 3 0.0511 641 468 901 709 10 0.0510 700 489 957 706 6 0.0508 310 616 573 841 8 0.0507 122 280 387 524 10 0.0507 627 539 893 766 7 0.0506 325 537 584 779 3 0.0506 182 341 436 587 11 0.0506 631 2 887 202 11 0.0505 307 0 577 190 2 0.0505 174 661 427 892 8 0.0504 56 402 329 654 10 0.0504 241 676 491 898 3 0.0503 638 0 888 207 3 0.0502 182 591 436 831 13 0.0501 247 598 505 831 8 0.0501 257 266 495 507 5 0.0501 46 400 335 650
OE9QPA0lJDHaYfKdOSGrQfCKB40sE9bm,13 0.0529 379 11 639 238 5 0.0525 259 189 538 417
pjRgdJfvpuasjQEA1g2UlYP9tQDM9EKI,7 0.0630 519 786 761 1017 0 0.0602 0 783 230 1023 11 0.0601 0 788 227 1023 8 0.0594 0 778 221 1023 5 0.0588 0 778 220 1020 11 0.0569 512 791 752 1013 6 0.0551 1 786 232 1020 8 0.0539 515 790 743 1019 10 0.0535 3 785 226 1023 11 0.0530 309 274 571 494 7 0.0519 398 264 645 484 8 0.0517 394 264 636 483 0 0.0515 380 325 633 546 7 0.0512 4 721 240 959 2 0.0512 0 790 230 1022 3 0.0512 1 781 225 1023 5 0.0507 511 783 746 1014 0 0.0506 511 791 753 1021 0 0.0503 398 197 647 416
EOtYOXZ0ErD8IMK5YlP05dLhgVrq0sJP,0 0.0608 187 330 438 575 11 0.0581 312 335 577 577 0 0.0574 378 59 639 306 5 0.0564 179 328 440 569 8 0.0564 276 343 612 527 11 0.0560 512 72 762 303 0 0.0558 115 402 378 653 13 0.0555 388 5 645 247 7 0.0555 451 62 705 297 11 0.0549 184 328 442 573 3 0.0548 504 141 752 378 11 0.0538 110 402 382 656 8 0.0536 191 326 432 575 3 0.0534 522 20 759 259 13 0.0533 192 328 446 576 13 0.0532 179 451 444 707 7 0.0531 190 329 445 573 8 0.0530 319 74 564 313 13 0.0530 322 75 581 315 6 0.0528 191 327 445 571 3 0.0527 390 3 642 254 3 0.0526 278 344 629 534 0 0.0525 232 79 493 308 7 0.0522 499 140 755 371 0 0.0521 98 518 372 765 5 0.0520 370 52 636 301 7 0.0519 317 331 582 578 11 0.0518 332 0 710 141 10 0.0517 187 337 439 571 6 0.0516 456 17 707 255 0 0.0516 510 75 758 307 6 0.0515 119 400 384 653 5 0.0514 268 340 621 523 11 0.0513 252 399 518 645 8 0.0513 510 71 750 310 3 0.0511 192 330 440 583 5 0.0511 90 512 365 761 7 0.0510 320 8 578 261 7 0.0509 341 0 713 144 8 0.0506 338 0 693 143 5 0.0505 491 135 750 368 11 0.0502 427 461 714 674 8 0.0502 102 461 359 713
Nlial3KxdjFqjJOF6BCwGJwQrylY8u4s,0 0.0522 702 381 942 628 11 0.0521 335 370 700 537 8 0.0519 339 365 688 539 11 0.0512 628 530 889 775 3 0.0511 344 369 702 542 11 0.0510 703 389 950 616 0 0.0505 330 368 697 543 7 0.0501 339 368 707 541
TFuutmj3SV7ON2RVaAW1czTlip8VagrG,11 0.0609 380 356 758 538 0 0.0602 313 286 685 468 6 0.0593 502 270 764 517 8 0.0592 572 336 821 570 8 0.0588 375 292 740 470 7 0.0578 393 355 760 541 11 0.0571 565 339 828 568 6 0.0571 575 335 830 568 5 0.0571 305 284 679 466 7 0.0567 318 285 691 467 8 0.0560 560 456 808 696 6 0.0557 317 288 689 467 5 0.0556 555 453 810 697 0 0.0555 569 335 826 570 10 0.0550 305 289 682 466 0 0.0550 387 355 756 540 5 0.0549 565 333 821 567 6 0.0548 563 457 817 698 3 0.0547 574 336 829 578 3 0.0544 377 293 751 472 13 0.0542 506 328 767 572 11 0.0539 556 458 813 694 11 0.0526 251 141 509 365 5 0.0525 495 267 756 516 13 0.0520 564 458 822 698 2 0.0518 387 359 756 540 5 0.0513 318 0 576 228 10 0.0510 382 356 758 537 0 0.0508 563 456 814 700 13 0.0508 381 294 760 470 7 0.0505 560 459 816 704 13 0.0503 576 279 831 511 9 0.0500 435 269 702 508
IrEQzD7rJwppvkSXfyxRNLoE7VqvVGbX,5 0.0658 377 339 632 577 0 0.0635 373 278 634 515 8 0.0630 409 481 762 663 8 0.0625 378 276 626 517 0 0.0621 398 400 644 650 5 0.0618 311 274 560 517 5 0.0615 446 398 708 643 8 0.0605 315 202 548 448 5 0.0604 374 451 634 700 5 0.0600 367 205 624 439 8 0.0598 332 414 689 594 11 0.0596 370 278 630 512 3 0.0591 316 203 561 454 3 0.0586 210 207 452 465 0 0.0580 313 344 571 589 11 0.0579 310 204 562 448 8 0.0578 272 285 516 527 11 0.0576 216 293 463 531 7 0.0576 209 205 454 461 11 0.0574 309 343 569 582 6 0.0560 374 280 638 514 7 0.0559 451 401 712 650 0 0.0558 378 144 638 378 6 0.0556 269 289 531 526 5 0.0554 207 286 456 538 7 0.0554 385 341 636 581 11 0.0554 380 142 640 373 0 0.0553 307 205 559 448 3 0.0552 457 457 708 711 8 0.0551 388 143 628 377 0 0.0544 211 289 464 540 13 0.0540 385 340 643 582 5 0.0539 313 398 562 641 10 0.0538 374 281 634 515 8 0.0538 202 347 455 587 13 0.0537 373 210 636 442 3 0.0536 388 141 644 383 8 0.0535 454 525 703 768 3 0.0535 376 276 629 522 10 0.0533 329 418 700 592 8 0.0528 205 210 439 459 2 0.0524 277 295 524 528 2 0.0521 206 213 450 456 0 0.0520 314 465 575 700 11 0.0517 404 482 770 661 13 0.0517 456 401 715 648 7 0.0516 379 205 629 443 2 0.0516 334 423 694 592 7 0.0515 383 453 636 705 6 0.0514 330 416 709 592 6 0.0513 204 205 456 456 6 0.0512 313 203 566 448 7 0.0512 316 275 567 519 2 0.0510 314 207 558 449 13 0.0504 212 287 470 539 6 0.0502 386 453 644 700
oEEEPcjcNlgbJ1oi1cyIQUGXW6iVmCKQ,0 0.0656 305 723 567 962 11 0.0638 234 716 502 943 11 0.0620 317 741 685 915 8 0.0612 207 734 551 914 7 0.0595 256 650 517 879 8 0.0593 370 664 626 884 7 0.0592 328 738 688 915 8 0.0587 331 615 690 793 8 0.0560 393 397 646 634 13 0.0556 326 740 690 915 11 0.0552 534 424 782 653 6 0.0550 381 597 643 822 11 0.0549 329 614 700 789 3 0.0549 324 739 684 918 5 0.0545 319 737 677 913 11 0.0545 397 402 649 635 0 0.0544 333 616 705 793 11 0.0544 247 412 508 644 7 0.0543 323 586 582 818 13 0.0542 252 598 526 824 10 0.0540 315 658 570 882 11 0.0537 567 555 826 773 6 0.0536 257 655 519 880 0 0.0535 520 1 909 146 13 0.0534 524 0 913 144 5 0.0534 232 710 493 947 11 0.0534 311 477 568 711 0 0.0532 531 424 781 650 11 0.0532 637 3 897 203 3 0.0531 241 713 498 956 8 0.0530 571 553 816 774 6 0.0530 327 740 691 914 0 0.0528 249 598 517 822 13 0.0526 340 614 709 794 5 0.0525 308 470 563 709 6 0.0521 334 551 707 721 10 0.0518 237 714 497 949 0 0.0518 575 554 823 776 5 0.0516 373 591 638 820 13 0.0513 243 712 508 952 7 0.0512 401 396 658 634 5 0.0511 454 0 821 147 10 0.0509 395 403 650 635 0 0.0507 400 403 652 635 10 0.0507 329 552 701 722 5 0.0506 243 594 508 818 3 0.0506 339 614 700 797 8 0.0505 529 421 771 653 6 0.0503 526 0 909 143
Ny9NUwcLZqkL4XmZeoHYkHEQ68nPV8jt,11 0.0633 306 338 564 573 6 0.0618 450 344 703 579 8 0.0598 446 344 693 582 8 0.0595 237 324 482 556 3 0.0595 447 400 699 649 11 0.0593 445 345 700 581 6 0.0593 318 272 570 513 5 0.0587 312 268 566 509 6 0.0584 365 408 633 640 7 0.0582 450 342 702 584 11 0.0580 384 282 627 516 11 0.0574 466 483 822 665 11 0.0572 240 266 496 500 5 0.0572 171 793 431 1013 5 0.0569 465 478 819 669 5 0.0569 241 203 505 451 5 0.0569 227 325 484 551 3 0.0569 317 272 568 522 0 0.0563 250 205 507 457 8 0.0561 468 482 809 665 5 0.0559 445 338 698 584 0 0.0558 447 343 699 581 13 0.0553 313 337 567 580 8 0.0553 316 271 562 509 6 0.0553 470 482 826 667 7 0.0552 471 482 827 669 13 0.0551 451 345 705 586 2 0.0548 451 345 702 580 8 0.0546 233 802 488 1023 6 0.0543 253 206 512 457 7 0.0543 315 213 569 452 11 0.0541 359 410 627 639 6 0.0539 237 324 491 556 6 0.0537 184 798 440 1014 0 0.0534 233 325 489 557 8 0.0529 361 409 619 642 0 0.0527 386 282 625 519 11 0.0527 309 216 568 450 7 0.0526 387 282 630 519 8 0.0525 254 205 502 450 13 0.0524 472 484 831 668 11 0.0522 123 256 386 499 0 0.0519 463 484 823 669 10 0.0518 233 333 493 554 7 0.0517 367 404 630 643 7 0.0517 246 264 497 504 7 0.0513 237 800 505 1023 13 0.0513 187 254 442 510 5 0.0513 371 209 629 442 5 0.0512 357 402 623 641 13 0.0512 389 282 636 520 5 0.0509 292 810 545 1020 10 0.0508 447 344 703 580 3 0.0507 235 327 486 562 10 0.0505 319 276 572 509 8 0.0505 120 322 377 575 11 0.0503 231 400 492 624 0 0.0502 119 329 383 575
LKJYy7j0DEx01zRyPehI2jWPfCM1PvhF,11 0.0606 232 660 512 889 8 0.0576 578 139 822 399 7 0.0568 242 656 517 891 0 0.0564 253 679 618 848 8 0.0557 239 659 502 893 7 0.0545 283 608 635 780 11 0.0538 272 609 631 780 5 0.0534 233 653 507 891 11 0.0532 573 146 828 396 13 0.0531 577 149 838 400 0 0.0530 575 149 830 400 11 0.0530 312 678 684 839 5 0.0521 573 143 823 397 11 0.0516 419 809 674 1020 7 0.0515 327 674 692 842 3 0.0514 579 145 832 405 10 0.0510 232 662 510 892 5 0.0509 309 676 676 843 8 0.0508 276 99 626 287 11 0.0504 271 100 622 286 7 0.0503 426 802 684 1023 11 0.0502 172 727 440 964 6 0.0501 261 678 619 844
pKfoNZnJD62clq0lCXxCoPj6KdSUQXdh,11 0.0604 391 388 635 622 11 0.0581 503 393 753 630 8 0.0576 447 392 682 631 11 0.0546 319 607 584 832 5 0.0545 317 605 574 831 0 0.0538 322 609 578 843 13 0.0536 388 467 638 703 6 0.0531 453 396 694 633 7 0.0531 452 393 691 632 8 0.0527 383 465 621 701 0 0.0525 322 382 579 627 0 0.0525 380 468 629 700 13 0.0520 331 608 589 840 8 0.0517 327 385 571 623 0 0.0514 501 395 752 633 5 0.0513 444 388 685 629 3 0.0512 328 608 580 846 13 0.0509 450 395 698 632 5 0.0505 314 457 566 694 3 0.0502 394 391 632 631
IS1g5YcAxgE20F7Zupz98S98mvBnwldZ,5 0.0602 373 610 635 843 11 0.0598 446 612 703 826 11 0.0595 374 670 636 900 0 0.0583 375 668 635 904 3 0.0579 380 666 636 909 8 0.0576 374 719 616 960 10 0.0572 316 666 577 895 7 0.0571 373 720 625 960 11 0.0569 301 727 562 955 11 0.0568 325 599 590 829 0 0.0567 449 613 705 833 5 0.0563 367 717 615 957 3 0.0555 449 611 704 836 13 0.0552 323 670 583 902 6 0.0551 332 596 592 831 8 0.0546 380 611 635 846 6 0.0532 450 612 706 831 6 0.0524 379 668 636 903 3 0.0523 311 722 563 962 7 0.0521 379 613 641 847 1 0.0520 312 661 576 897 6 0.0515 306 724 565 959 11 0.0515 453 457 691 688 13 0.0508 455 614 704 834
41rLBMKb2RjqFGosgndJoekwTfK3mVVH,11 0.0548 298 728 564 962 7 0.0545 318 401 566 621 8 0.0524 126 402 385 629 0 0.0514 315 403 564 622 11 0.0508 40 410 326 636 11 0.0504 307 338 572 549 5 0.0503 43 408 320 639
UxgdtzhKtVnREyTidkeSvpGhbbRT8EkE,11 0.0570 559 781 815 1013 11 0.0568 682 564 952 762 5 0.0567 553 774 809 1013 8 0.0562 364 0 624 193 13 0.0549 567 781 822 1021 11 0.0547 312 405 557 640 0 0.0545 560 776 818 1020 7 0.0528 563 778 820 1021 3 0.0528 368 0 631 198 8 0.0528 561 775 809 1017 6 0.0517 566 781 822 1017 11 0.0514 435 345 676 566 8 0.0504 319 398 548 636
2lI8rnW4KK5xJmM1Xfv1WnOYpDIt8THY,6 0.0529 510 338 766 580 7 0.0525 119 796 380 1019 0 0.0515 483 590 759 837 5 0.0509 268 728 641 910 11 0.0509 265 734 649 911 0 0.0505 121 730 384 966 7 0.0504 511 338 768 582 7 0.0502 184 671 435 898 8 0.0501 487 591 747 831
ewj8X5vJG2C2guLFedUJqg6W6gksTsIs,0 0.0582 256 330 501 568 5 0.0578 179 447 446 699 0 0.0577 187 453 445 701 11 0.0572 258 488 634 665 0 0.0564 580 337 834 574 6 0.0554 191 452 445 700 11 0.0553 250 399 505 629 8 0.0546 186 447 435 699 0 0.0544 265 484 638 672 7 0.0542 200 487 563 666 8 0.0540 250 396 496 634 6 0.0538 254 397 506 631 10 0.0536 186 457 441 698 11 0.0534 166 783 420 1015 13 0.0533 197 488 566 672 11 0.0528 232 582 496 811 7 0.0526 144 343 392 572 8 0.0526 304 468 550 701 11 0.0525 187 457 445 696 11 0.0523 580 402 831 641 10 0.0521 248 402 504 632 7 0.0520 261 327 503 565 8 0.0515 241 646 492 883 3 0.0514 250 462 499 707 11 0.0511 140 345 388 573 5 0.0508 133 337 382 570 8 0.0508 297 582 550 816 13 0.0503 587 338 848 572 0 0.0503 237 781 491 1021
BvIHJK2cmeHBTz2QWD43HiHZjMc7mAMo,6 0.0672 185 1 445 200 5 0.0639 180 0 432 203 0 0.0615 188 0 436 209 8 0.0594 187 0 432 204 8 0.0592 510 782 754 1019 5 0.0590 498 780 752 1014 8 0.0578 38 0 306 215 7 0.0570 506 784 764 1021 0 0.0562 503 788 762 1022 13 0.0558 509 783 763 1021 11 0.0557 553 594 820 835 6 0.0557 40 2 320 214 5 0.0556 760 26 1012 265 11 0.0551 564 716 827 955 6 0.0545 504 785 758 1018 11 0.0540 503 790 757 1015 3 0.0536 507 784 756 1023 5 0.0535 29 0 305 211 8 0.0533 630 0 887 195 11 0.0532 183 3 435 200 0 0.0526 767 34 1016 268 5 0.0522 362 782 639 1016 13 0.0521 189 0 451 204 0 0.0514 557 594 820 839 3 0.0513 186 0 438 209 13 0.0510 572 715 832 961 7 0.0510 572 715 830 959 8 0.0508 767 33 1003 263 6 0.0503 573 715 824 957
U4UOsRiXWlEJ3QhKgBPgCmV7EtH6QKQ9,8 0.0637 441 335 685 572 8 0.0617 569 603 814 840 0 0.0607 301 340 557 589 7 0.0603 444 333 698 575 11 0.0598 438 338 692 571 8 0.0587 306 343 550 582 5 0.0580 248 202 490 453 11 0.0573 299 345 557 581 6 0.0565 442 336 695 575 0 0.0564 502 333 760 572 0 0.0563 565 603 822 841 13 0.0553 507 332 766 571 3 0.0552 445 339 694 579 5 0.0551 561 601 813 835 11 0.0551 296 796 548 1015 5 0.0535 498 325 752 571 7 0.0531 282 415 650 593 10 0.0527 358 791 612 1017 6 0.0527 280 416 651 593 11 0.0524 251 208 497 449 8 0.0522 254 207 484 451 10 0.0521 300 348 557 586 11 0.0515 565 605 817 833 10 0.0512 436 337 693 574 9 0.0509 433 332 690 567 8 0.0509 359 788 606 1019 0 0.0504 253 205 495 457 3 0.0504 245 789 492 1014 7 0.0502 367 789 620 1016 5 0.0500 265 411 643 595
fGNc6fXko5bxcsYlre8hbZmFXEORvXHV,5 0.0622 556 389 812 626 7 0.0586 503 328 762 578 11 0.0583 560 394 820 624 5 0.0573 299 203 564 435 0 0.0569 497 327 757 579 8 0.0562 428 352 765 535 8 0.0561 563 390 812 630 5 0.0559 569 264 811 504 11 0.0555 413 290 785 472 0 0.0554 576 266 815 508 3 0.0546 505 331 764 581 11 0.0544 682 395 947 617 7 0.0542 307 672 662 859 0 0.0541 182 203 447 441 13 0.0540 565 390 825 629 11 0.0539 288 673 658 859 6 0.0534 505 329 766 575 8 0.0534 312 210 559 438 5 0.0527 289 665 651 859 3 0.0522 297 672 651 863 0 0.0521 250 134 507 370 11 0.0521 302 212 571 439 13 0.0515 301 670 670 860 6 0.0511 579 264 822 504 10 0.0510 295 679 655 855 0 0.0510 306 205 568 441 10 0.0509 561 395 818 627 13 0.0509 242 203 503 437 0 0.0506 297 670 655 859 2 0.0506 499 334 760 578 5 0.0505 677 386 939 618 3 0.0504 309 208 568 447 6 0.0500 302 673 661 858
qaFdq4HtEoPzgVRkG0F1TsgBNBjTbg5O,11 0.0539 450 476 700 701 5 0.0538 585 523 837 758 3 0.0536 454 403 692 656 8 0.0534 509 405 741 647 0 0.0533 452 475 696 707 7 0.0532 458 402 696 646 5 0.0530 569 402 820 640 0 0.0529 331 456 588 694 7 0.0525 133 634 380 886 11 0.0522 569 471 827 697 0 0.0521 584 529 836 759 8 0.0520 184 565 432 831 7 0.0515 452 537 709 773 8 0.0515 323 10 586 249 7 0.0514 274 585 523 839 8 0.0506 334 456 570 696 6 0.0505 458 477 703 704 8 0.0503 578 335 812 568 8 0.0502 450 472 688 706
K5Sel5zvR1el0zDJlNqAKrT7THV96JdA,11 0.0560 440 403 710 640 5 0.0553 357 592 631 833 11 0.0519 306 474 589 700 8 0.0516 362 661 633 894 7 0.0513 447 399 712 648 8 0.0510 442 400 697 644 3 0.0506 447 399 706 651 11 0.0506 265 598 632 781
R0pg4dzvcfLGTXH5jEEIorjVfwewzWEX,0 0.0656 420 545 783 731 0 0.0638 503 593 765 836 6 0.0638 263 334 503 581 11 0.0633 510 522 767 767 11 0.0633 447 454 699 699 7 0.0626 449 585 708 840 8 0.0623 503 590 759 834 11 0.0623 318 460 573 703 8 0.0622 321 460 564 703 0 0.0614 182 511 439 769 8 0.0608 186 508 428 773 11 0.0606 565 592 827 824 8 0.0600 420 541 770 731 11 0.0596 442 587 704 837 3 0.0596 506 591 765 840 7 0.0592 425 543 788 732 11 0.0591 325 586 592 838 11 0.0588 179 512 439 769 0 0.0586 390 596 651 843 5 0.0580 500 587 762 835 2 0.0577 505 593 767 834 0 0.0576 630 523 896 777 10 0.0574 501 594 764 835 3 0.0574 450 660 709 913 13 0.0573 188 510 445 766 6 0.0572 508 589 768 833 11 0.0571 581 734 831 959 5 0.0571 314 516 576 760 0 0.0571 568 664 837 902 11 0.0571 637 467 904 704 10 0.0570 387 600 647 841 11 0.0570 255 343 502 580 3 0.0568 326 458 573 707 8 0.0567 443 660 703 906 5 0.0567 252 334 500 576 6 0.0565 451 452 701 700 6 0.0565 323 457 576 699 5 0.0564 415 541 778 730 5 0.0563 381 589 646 838 5 0.0561 637 461 895 703 13 0.0560 574 592 829 830 7 0.0560 572 592 826 832 13 0.0556 323 523 586 765 10 0.0555 447 526 703 769 8 0.0555 260 339 489 579 3 0.0554 427 544 783 736 8 0.0552 643 464 894 706 3 0.0550 258 340 499 587 8 0.0544 507 731 751 966 10 0.0543 384 463 641 701 2 0.0542 424 546 781 731 7 0.0542 329 589 597 839 13 0.0542 265 340 506 581 5 0.0542 379 454 638 697 0 0.0540 319 521 582 763 13 0.0539 451 585 709 839 10 0.0538 320 531 581 765 3 0.0537 189 510 437 772 6 0.0534 380 525 646 764 2 0.0533 187 515 442 771 3 0.0531 576 659 837 904 5 0.0530 504 725 750 966 1 0.0528 440 583 703 837 6 0.0527 448 659 709 907 9 0.0527 444 586 705 834 7 0.0527 185 509 443 769 13 0.0523 385 462 642 700 11 0.0521 504 798 757 1022 5 0.0520 174 509 434 764 3 0.0519 511 732 757 977 7 0.0519 511 729 761 972 8 0.0519 327 584 583 836 13 0.0518 517 521 770 770 0 0.0517 256 339 499 583 7 0.0516 261 334 504 577 10 0.0513 569 665 838 900 13 0.0512 647 466 906 708 2 0.0510 328 589 590 842 8 0.0510 573 658 830 897 12 0.0510 505 589 767 835 10 0.0509 258 345 502 578 6 0.0508 644 463 903 706 7 0.0508 322 458 578 704 13 0.0507 514 734 761 968 5 0.0506 567 653 830 899
sYKe0ZKqejAn5gSoVWSpxTfmLX7b9uVr,5 0.0599 105 401 382 645 5 0.0591 182 339 449 580 0 0.0582 185 258 452 521 8 0.0581 363 0 700 153 5 0.0576 113 262 377 514 11 0.0570 353 1 714 151 8 0.0562 127 262 378 520 11 0.0558 629 483 888 699 8 0.0557 116 397 384 651 0 0.0552 361 0 710 153 0 0.0552 118 335 388 579 6 0.0552 118 399 395 648 0 0.0551 190 142 446 394 7 0.0550 192 405 452 645 7 0.0547 371 0 719 155 6 0.0542 360 0 717 154 5 0.0538 186 486 453 716 13 0.0537 125 331 391 581 11 0.0537 190 343 449 582 0 0.0536 193 408 450 642 0 0.0535 308 10 558 252 5 0.0534 629 478 886 698 8 0.0533 194 339 447 588 8 0.0533 200 487 446 721 0 0.0532 772 275 1022 511 8 0.0532 585 464 822 701 8 0.0531 306 9 551 255 3 0.0529 367 0 707 159 11 0.0527 298 12 555 251 11 0.0526 584 405 831 636 13 0.0526 194 407 454 643 8 0.0525 188 201 445 450 11 0.0524 639 341 897 566 6 0.0523 198 343 459 586 8 0.0521 130 138 371 383 7 0.0519 124 478 390 721 8 0.0519 526 384 761 629 11 0.0518 108 407 390 644 6 0.0518 125 267 392 520 5 0.0517 122 136 372 383 7 0.0514 188 255 455 520 3 0.0513 191 409 449 651 5 0.0511 637 340 893 568 5 0.0504 178 200 447 448 5 0.0503 349 0 703 150 0 0.0503 582 468 833 702 11 0.0501 116 267 389 516
Q5e8r4qinyY5fYsY7IhQmbWtc2IFm6k0,0 0.0615 501 746 756 980 11 0.0614 434 757 700 976 5 0.0605 370 0 637 243 7 0.0586 507 747 759 978 5 0.0575 496 744 750 975 3 0.0571 506 746 752 982 8 0.0560 504 745 747 978 0 0.0555 570 684 832 913 8 0.0554 379 10 630 242 11 0.0540 323 214 581 435 5 0.0539 322 209 573 435 0 0.0537 380 731 642 977 11 0.0537 288 0 557 196 8 0.0535 244 143 486 383 3 0.0534 378 8 637 249 13 0.0533 445 755 708 980 0 0.0526 328 214 579 437 8 0.0525 321 80 561 314 11 0.0525 311 733 563 960 6 0.0524 505 747 759 978 0 0.0523 243 147 495 383 10 0.0522 383 738 638 969 13 0.0521 320 10 587 247 7 0.0521 295 0 562 197 7 0.0517 386 737 645 976 6 0.0515 298 0 566 195 2 0.0513 295 3 557 196 5 0.0513 318 75 563 311 11 0.0513 336 664 708 855 5 0.0511 375 732 635 967 11 0.0504 568 687 831 903 0 0.0504 291 1 562 198 3 0.0502 246 1 499 201 6 0.0501 387 734 648 971
PXE4R4v56OjEjw0Y443vGlDlnVmFxBXp,8 0.0631 315 403 570 637 5 0.0630 181 333 448 569 11 0.0614 255 343 518 578 0 0.0594 315 399 577 637 7 0.0593 317 396 585 639 8 0.0591 282 544 632 726 11 0.0582 267 668 617 854 7 0.0582 191 331 451 572 10 0.0582 315 404 580 636 3 0.0579 255 343 515 582 8 0.0571 188 398 436 635 11 0.0563 284 540 647 726 5 0.0560 115 394 373 641 11 0.0559 187 399 447 631 10 0.0556 281 545 646 728 5 0.0554 257 205 515 450 8 0.0554 323 206 576 445 7 0.0551 271 668 621 855 0 0.0549 324 208 589 451 6 0.0547 259 343 520 578 13 0.0546 315 398 584 640 7 0.0537 128 400 378 646 11 0.0535 352 785 622 1013 11 0.0532 323 209 591 446 0 0.0531 280 538 643 729 5 0.0529 310 396 576 635 7 0.0529 264 207 523 451 5 0.0529 276 536 641 727 7 0.0529 283 539 651 727 6 0.0525 275 671 619 860 3 0.0523 263 212 517 455 3 0.0519 286 542 637 732 8 0.0515 266 673 607 855 11 0.0513 174 773 430 998 5 0.0513 262 665 616 854 3 0.0509 189 402 445 639 5 0.0508 326 136 587 388 13 0.0507 192 398 453 637 0 0.0506 269 666 614 856 2 0.0506 258 346 517 581 6 0.0506 193 399 447 632 0 0.0506 387 147 642 383 10 0.0505 321 211 590 447 6 0.0500 267 209 522 447
aFeqketFWgV2RW4j7NOTDsHnFAeMQZPe,5 0.0619 198 345 563 528 11 0.0601 277 352 641 538 7 0.0578 258 269 515 527 8 0.0576 187 85 431 333 8 0.0574 280 354 632 539 3 0.0565 285 355 640 544 0 0.0556 254 272 512 532 5 0.0555 249 14 490 262 0 0.0554 184 88 437 335 11 0.0553 248 16 494 260 5 0.0552 255 209 519 451 6 0.0547 211 348 572 532 8 0.0547 434 394 690 631 8 0.0545 259 12 487 264 5 0.0543 516 219 761 446 5 0.0542 180 82 431 329 11 0.0542 198 152 454 395 7 0.0541 522 222 772 447 11 0.0531 621 415 904 640 0 0.0530 255 16 492 263 3 0.0530 203 159 456 405 10 0.0524 204 352 567 532 7 0.0524 388 202 643 436 0 0.0521 516 223 767 448 6 0.0519 437 395 700 630 2 0.0518 208 351 565 531 7 0.0516 438 393 701 633 11 0.0516 312 208 580 437 0 0.0515 434 399 697 633 11 0.0514 436 398 696 630 8 0.0513 516 220 760 446 13 0.0513 283 353 648 540 13 0.0511 256 18 498 264 13 0.0509 188 81 443 335 11 0.0508 516 227 771 444 7 0.0505 207 149 459 396 10 0.0505 183 93 439 331 6 0.0502 452 213 694 433 3 0.0502 315 209 581 447
TtRRfEqUmEOxTka3zIbIRDdrTI5pruLF,8 0.0614 555 0 816 190 11 0.0581 498 396 757 635 5 0.0581 551 0 818 190 0 0.0575 558 4 821 190 11 0.0570 553 2 820 188 3 0.0568 558 2 825 199 7 0.0558 504 393 759 635 13 0.0553 559 0 828 189 7 0.0545 559 1 826 194 11 0.0539 425 670 703 906 8 0.0538 502 396 749 637 10 0.0535 555 3 825 190 0 0.0525 497 399 755 638 3 0.0525 503 400 753 643 6 0.0522 563 1 821 191 8 0.0511 588 259 809 499 6 0.0505 504 395 761 637 12 0.0501 555 0 826 193
8fflPymzWSZVF7O6ea3f1wdC6gml3d94,14 1.0 0 0 1 1
XQHQvafdfpzZxuwg5OYmYHoOoaNnPLGb,5 0.0680 262 868 626 1020 0 0.0642 204 867 568 1023 8 0.0641 203 867 562 1023 11 0.0634 200 868 567 1021 7 0.0628 79 869 445 1023 10 0.0626 70 876 439 1023 5 0.0619 72 867 434 1021 10 0.0612 265 870 631 1023 5 0.0600 329 803 686 977 6 0.0596 206 872 569 1023 7 0.0578 337 803 697 979 11 0.0570 328 804 691 976 8 0.0566 331 806 679 978 2 0.0564 204 871 569 1023 10 0.0561 329 808 691 976 6 0.0560 333 806 690 979 13 0.0552 273 872 636 1023 0 0.0548 333 803 689 981 3 0.0537 271 869 633 1023 1 0.0535 202 865 564 1023 9 0.0524 263 869 634 1021 13 0.0516 335 805 695 978 8 0.0514 316 143 555 388 12 0.0513 274 867 629 1023 9 0.0510 325 804 692 976
wSJaFnjiiJHUwkgZJ6Av9oMUHr8VxyXF,11 0.0619 308 662 572 893 0 0.0596 308 658 571 897 11 0.0594 370 788 624 1011 8 0.0587 256 650 505 894 7 0.0583 370 787 628 1015 5 0.0580 362 779 617 1013 13 0.0567 258 656 521 895 8 0.0563 366 785 617 1014 11 0.0559 447 597 698 831 5 0.0557 251 650 510 895 11 0.0547 243 721 510 957 11 0.0542 435 410 703 627 0 0.0541 366 785 623 1018 6 0.0539 313 659 576 896 13 0.0539 371 789 630 1015 7 0.0537 313 660 576 897 8 0.0522 448 595 686 839 6 0.0519 373 789 625 1014 10 0.0517 367 787 626 1015 0 0.0513 449 596 694 839 7 0.0507 249 718 514 961 10 0.0505 251 655 511 895 6 0.0501 454 597 702 835 3 0.0501 371 787 625 1021
6OqqZVPlzVuox1khMHgkUNQQ6Ko4Us2K,5 0.0645 304 317 559 559 8 0.0627 578 462 819 712 5 0.0621 535 484 886 665 5 0.0618 435 328 692 554 0 0.0618 374 277 636 509 11 0.0615 578 464 828 706 8 0.0591 513 396 763 635 8 0.0590 437 329 692 561 7 0.0589 445 331 700 558 11 0.0585 291 385 565 626 5 0.0579 368 383 621 623 0 0.0578 638 467 888 710 2 0.0577 541 493 892 665 3 0.0576 386 327 636 571 3 0.0574 516 399 768 644 7 0.0574 302 440 563 689 11 0.0573 638 426 1008 599 11 0.0570 445 437 711 690 7 0.0569 523 394 775 636 6 0.0567 313 320 568 562 11 0.0567 381 328 640 561 5 0.0567 315 207 563 445 3 0.0564 299 383 561 632 7 0.0562 377 385 631 629 0 0.0561 244 266 493 506 0 0.0559 386 511 648 768 8 0.0559 298 380 556 627 7 0.0558 313 323 565 562 0 0.0555 580 408 827 635 2 0.0555 386 334 636 562 13 0.0555 316 323 566 564 3 0.0554 582 465 833 718 11 0.0553 384 509 646 757 5 0.0552 288 437 555 686 5 0.0550 229 506 487 751 10 0.0549 517 402 771 632 0 0.0549 372 384 632 630 10 0.0546 634 472 885 705 0 0.0544 640 420 1001 604 7 0.0543 544 488 890 664 13 0.0543 588 522 845 771 0 0.0541 320 211 569 449 13 0.0541 307 441 566 692 6 0.0538 521 401 775 632 0 0.0534 172 392 426 643 0 0.0533 299 438 559 693 7 0.0532 236 380 495 632 10 0.0531 384 332 639 564 0 0.0530 514 335 772 564 5 0.0529 437 496 711 757 2 0.0527 443 401 703 621 8 0.0520 564 334 813 563 8 0.0520 237 510 483 758 6 0.0519 640 467 894 709 6 0.0519 374 381 638 626 11 0.0515 230 512 490 753 7 0.0515 393 508 649 768 7 0.0514 632 532 877 768 7 0.0513 249 265 496 502 13 0.0512 518 401 778 631 6 0.0511 237 382 501 632 6 0.0511 324 213 572 447 6 0.0511 651 423 1010 600 13 0.0505 378 387 635 631 2 0.0504 447 515 712 762 11 0.0504 166 395 432 641 13 0.0503 443 333 705 559 8 0.0502 199 281 549 470 11 0.0500 445 594 710 849
BuwwK0fCAJKoyH9fdtW8vGbW9OX2rvjP,11 0.0612 273 353 653 527 11 0.0608 316 405 569 646 5 0.0606 400 478 765 667 0 0.0603 405 482 765 667 0 0.0601 575 399 824 635 6 0.0593 322 403 572 647 3 0.0591 410 483 771 667 6 0.0583 578 399 826 633 8 0.0581 278 352 642 527 11 0.0575 306 262 562 488 5 0.0574 314 399 567 645 0 0.0574 276 351 650 531 8 0.0572 404 482 759 664 3 0.0566 579 403 824 638 11 0.0566 574 403 824 630 3 0.0565 320 405 570 652 11 0.0564 405 485 770 663 8 0.0558 577 400 816 634 6 0.0558 310 528 562 769 8 0.0555 319 404 565 645 13 0.0551 282 350 659 530 10 0.0551 310 338 565 565 7 0.0549 569 463 823 698 6 0.0547 412 481 772 665 13 0.0546 569 465 831 699 7 0.0544 320 399 571 647 0 0.0543 319 403 570 646 5 0.0541 311 201 566 439 8 0.0539 320 210 563 441 6 0.0537 313 257 565 493 11 0.0537 243 462 491 704 7 0.0533 280 351 654 529 0 0.0530 311 256 557 494 6 0.0528 251 460 496 705 8 0.0525 246 461 486 703 6 0.0524 247 586 494 837 13 0.0520 320 405 575 649 11 0.0518 304 528 560 770 6 0.0517 281 351 659 529 5 0.0514 302 523 561 768 7 0.0511 247 459 492 706 2 0.0509 406 485 772 664 2 0.0506 319 407 569 646 0 0.0504 247 462 490 710 6 0.0503 324 149 581 398 0 0.0502 310 525 561 772 10 0.0500 405 485 767 662 8 0.0500 324 0 671 157
H3Frw8LtfnqdiAdSxlM3CAzm9FGFhIdk,8 0.0613 383 283 623 515 0 0.0606 382 286 624 516 5 0.0605 305 209 566 441 11 0.0602 497 404 757 637 6 0.0602 383 284 626 516 3 0.0597 503 401 762 645 5 0.0595 377 280 623 512 0 0.0592 505 458 754 695 5 0.0592 495 397 756 639 11 0.0592 578 456 821 679 0 0.0591 256 288 503 526 7 0.0588 384 281 630 517 3 0.0579 381 284 624 520 8 0.0571 318 214 562 442 11 0.0571 379 286 627 512 8 0.0569 500 400 754 638 11 0.0568 253 292 500 521 13 0.0561 506 457 758 696 3 0.0558 586 456 824 687 8 0.0557 259 290 497 522 6 0.0557 317 217 570 445 6 0.0556 508 459 757 696 8 0.0554 583 455 818 679 7 0.0552 317 214 569 447 6 0.0549 260 290 506 520 0 0.0548 507 348 766 582 7 0.0547 509 456 758 697 5 0.0545 248 281 500 517 10 0.0542 505 459 754 695 0 0.0540 315 215 567 448 9 0.0537 379 286 626 510 13 0.0535 321 218 575 448 11 0.0531 367 596 630 840 13 0.0531 560 399 816 629 11 0.0529 311 219 564 443 10 0.0526 380 287 630 515 3 0.0525 316 215 567 454 13 0.0525 386 283 631 515 6 0.0523 511 349 768 580 7 0.0520 561 395 817 628 10 0.0520 256 297 503 522 11 0.0520 376 148 635 377 13 0.0518 262 288 509 523 11 0.0515 250 148 505 376 8 0.0514 438 806 674 1021 2 0.0511 507 463 753 694 9 0.0507 497 403 756 637 7 0.0506 255 285 508 522 10 0.0506 556 399 812 628 11 0.0506 371 801 623 1021 3 0.0504 257 287 501 529 11 0.0501 251 5 512 248
g31itXpu0guxlpkQ4i2vmnCBupKrKVxW,0 0.0549 182 596 441 835 7 0.0548 185 783 440 1016 8 0.0536 187 783 429 1015 8 0.0532 759 335 991 558 0 0.0531 757 333 1001 561 5 0.0531 178 595 432 831 8 0.0518 186 598 428 833 11 0.0513 185 787 437 1014 5 0.0508 183 781 428 1011
doPmPzfepKfo2PUGsufRHjZP4qolASwD,11 0.0632 66 532 323 773 0 0.0622 138 602 407 852 5 0.0621 291 330 563 572 11 0.0612 43 674 331 907 8 0.0609 61 600 315 857 11 0.0603 367 277 639 514 11 0.0603 133 601 404 841 7 0.0596 69 533 324 782 8 0.0595 74 466 310 710 7 0.0595 373 270 640 516 5 0.0589 68 463 315 707 3 0.0586 365 217 627 459 0 0.0584 68 532 324 786 0 0.0574 56 738 318 963 6 0.0570 370 269 641 521 6 0.0566 69 532 325 779 13 0.0566 309 260 575 510 0 0.0566 427 205 686 456 5 0.0565 129 595 398 845 0 0.0561 298 330 564 577 3 0.0560 57 666 325 912 10 0.0560 134 537 397 777 8 0.0559 368 346 631 584 3 0.0558 441 151 690 391 5 0.0557 359 214 625 451 11 0.0553 297 334 563 571 8 0.0552 47 793 293 1012 7 0.0551 302 332 565 574 5 0.0551 429 263 698 524 0 0.0548 303 466 563 711 7 0.0547 46 673 334 911 6 0.0547 304 333 571 576 5 0.0547 54 731 314 961 2 0.0545 298 338 562 574 3 0.0545 438 270 697 528 11 0.0544 45 797 302 1008 2 0.0543 305 472 564 708 11 0.0539 301 465 564 705 6 0.0536 307 466 568 708 13 0.0534 441 271 705 526 7 0.0531 205 595 465 845 11 0.0530 444 91 707 312 10 0.0529 431 213 689 455 6 0.0527 138 598 405 848 12 0.0526 303 331 568 578 11 0.0526 381 534 626 777 3 0.0525 364 348 636 588 8 0.0524 437 269 692 522 8 0.0522 305 467 560 710 8 0.0519 369 219 618 455 8 0.0514 437 153 687 385 3 0.0507 306 469 562 716 2 0.0506 367 276 634 516 3 0.0505 139 531 397 784 12 0.0505 371 272 639 515 10 0.0504 59 608 318 856 7 0.0504 309 463 565 711 10 0.0503 305 472 562 708 0 0.0503 381 532 626 783 13 0.0500 371 342 645 588
LhNh4wEEvOazlLEAvMlvf9vzTvYo7FFp,8 0.0599 628 276 870 506 11 0.0576 311 655 577 890 11 0.0571 379 729 643 954 0 0.0564 315 652 575 895 3 0.0564 378 663 639 897 5 0.0561 311 648 568 891 0 0.0557 383 727 642 954 7 0.0549 317 653 578 893 7 0.0549 560 273 812 502 11 0.0546 423 667 695 881 7 0.0544 380 728 650 954 3 0.0536 319 723 578 959 13 0.0535 318 652 580 897 5 0.0530 556 272 807 505 11 0.0526 559 276 808 501 8 0.0526 318 653 566 893 0 0.0522 631 274 885 504 10 0.0517 312 656 574 892 5 0.0515 423 663 686 882 10 0.0502 379 730 641 954 6 0.0500 564 276 815 506
vrgxb0pg1X1Ew7TVIhz7XlphiFQaCRwN,5 0.0636 301 326 562 563 0 0.0629 381 272 640 503 8 0.0619 442 334 696 574 11 0.0605 379 275 643 495 6 0.0602 440 334 708 574 6 0.0600 308 329 567 564 7 0.0599 446 395 701 642 5 0.0599 432 333 696 572 0 0.0599 317 219 568 430 8 0.0597 508 400 757 649 11 0.0596 441 399 699 638 5 0.0595 375 270 638 498 11 0.0591 434 668 704 890 0 0.0591 303 328 565 563 8 0.0589 383 269 634 502 11 0.0587 382 531 642 772 11 0.0585 498 476 768 714 5 0.0583 494 469 764 716 0 0.0581 249 397 501 641 7 0.0581 380 328 639 567 8 0.0576 319 391 560 638 3 0.0575 444 462 706 707 0 0.0574 513 402 763 653 11 0.0572 314 396 570 633 0 0.0572 334 414 710 600 5 0.0571 247 390 495 640 5 0.0571 315 215 562 425 8 0.0570 581 335 826 567 8 0.0570 385 526 634 773 6 0.0570 381 273 647 500 6 0.0566 443 457 707 703 11 0.0565 518 340 772 565 3 0.0562 332 415 711 602 13 0.0561 386 272 649 502 3 0.0561 380 271 644 507 6 0.0560 328 457 576 713 7 0.0559 320 393 570 637 0 0.0558 382 526 639 778 7 0.0558 393 211 643 431 0 0.0557 324 455 573 715 5 0.0555 573 328 828 565 7 0.0555 523 339 774 573 11 0.0551 242 282 506 504 5 0.0550 319 455 567 712 13 0.0549 320 391 574 641 6 0.0546 381 661 647 898 13 0.0546 250 278 513 512 0 0.0545 320 655 581 897 13 0.0543 445 459 709 704 7 0.0542 503 473 774 721 2 0.0541 512 407 765 649 5 0.0540 518 768 765 1009 2 0.0539 253 399 499 643 13 0.0537 322 219 577 430 10 0.0536 441 465 705 699 8 0.0536 246 339 490 577 6 0.0535 253 395 501 639 13 0.0535 443 334 710 575 6 0.0533 322 219 573 428 3 0.0531 325 458 573 717 5 0.0530 495 658 759 890 5 0.0530 379 522 637 777 13 0.0530 386 526 647 777 10 0.0529 373 333 637 565 7 0.0528 380 789 629 1023 6 0.0528 386 524 645 777 7 0.0527 313 276 567 505 8 0.0527 381 786 618 1020 13 0.0526 382 786 635 1023 0 0.0526 438 666 704 897 8 0.0526 441 666 698 895 8 0.0525 323 657 573 894 13 0.0525 381 661 654 901 11 0.0525 311 222 568 425 7 0.0524 442 662 710 899 3 0.0523 305 331 565 568 10 0.0521 242 348 495 574 5 0.0518 371 658 640 897 6 0.0518 378 787 630 1023
gBnVLYKFAEwxKwy4x8Gk2bMSVza7oweU,8 0.0571 319 468 562 709 11 0.0567 310 284 583 510 6 0.0559 317 399 574 641 11 0.0545 349 656 627 878 0 0.0544 313 280 581 512 10 0.0539 348 654 627 879 8 0.0528 319 282 571 509 11 0.0527 312 406 570 637 0 0.0525 177 346 429 579 5 0.0525 346 651 620 879 3 0.0525 352 651 630 885 0 0.0524 423 658 693 891 5 0.0523 167 343 432 574 11 0.0519 245 210 501 439 3 0.0517 320 280 581 517 8 0.0512 431 398 690 634 6 0.0510 436 394 702 635 0 0.0503 318 405 569 641 11 0.0500 172 347 437 570
8AleqHlZadA8jnMhBLENz70dlbAKxW1x,8 0.0659 504 588 757 823 11 0.0616 506 587 767 821 0 0.0598 576 591 834 840 5 0.0597 249 129 502 373 5 0.0595 172 385 439 639 8 0.0590 181 266 427 526 5 0.0589 174 269 433 520 11 0.0588 174 389 443 639 7 0.0580 384 664 635 892 7 0.0579 185 207 438 455 11 0.0572 246 136 512 364 8 0.0571 381 662 624 898 7 0.0570 509 586 772 823 0 0.0569 185 325 442 580 7 0.0569 190 323 442 576 11 0.0567 176 269 436 521 11 0.0566 441 720 695 955 0 0.0559 252 135 502 370 7 0.0552 258 133 506 370 5 0.0550 573 588 831 834 0 0.0550 502 663 766 905 0 0.0549 181 214 431 460 11 0.0549 378 663 633 894 6 0.0547 256 138 510 377 3 0.0544 515 587 768 830 6 0.0544 509 589 771 823 3 0.0541 323 128 580 361 5 0.0537 501 661 762 901 8 0.0536 180 382 434 644 8 0.0536 442 716 687 957 6 0.0535 186 271 440 524 8 0.0534 247 205 496 448 0 0.0532 437 592 694 824 13 0.0531 181 386 451 643 8 0.0530 58 341 321 588 7 0.0529 448 721 702 956 5 0.0527 438 591 690 823 13 0.0527 62 349 341 588 5 0.0526 294 0 551 205 11 0.0526 317 720 564 959 3 0.0525 181 389 439 648 7 0.0518 65 344 334 585 5 0.0516 319 189 582 421 6 0.0515 325 191 592 427 11 0.0514 235 794 493 1014 6 0.0512 179 390 448 644 8 0.0510 246 75 480 301 2 0.0510 578 598 834 837 10 0.0508 180 396 441 638 7 0.0507 325 186 591 426 10 0.0505 576 596 832 836 10 0.0504 443 723 695 958 0 0.0504 324 193 585 423 10 0.0502 252 141 507 368 8 0.0501 300 2 543 205 11 0.0500 315 193 591 423
cenGBVVG48LxY6ITMhgqNrU1LHxlvqG5,11 0.0638 444 473 698 693 8 0.0604 447 472 692 695 0 0.0587 182 655 446 891 11 0.0582 309 599 574 831 0 0.0580 313 599 575 838 0 0.0572 460 553 714 781 11 0.0561 237 663 511 889 8 0.0559 186 652 436 889 11 0.0556 354 674 642 894 7 0.0551 246 659 513 891 7 0.0542 318 600 577 835 8 0.0537 316 600 567 836 7 0.0536 464 558 719 780 10 0.0534 244 593 508 829 6 0.0531 320 600 579 836 5 0.0526 306 597 573 835 0 0.0523 364 670 644 898 6 0.0520 247 660 511 891 5 0.0514 455 550 712 777 7 0.0511 450 470 701 693 3 0.0509 318 601 580 838 6 0.0503 459 558 715 779 5 0.0502 239 656 504 888 8 0.0501 363 670 632 897 13 0.0501 248 660 516 895 3 0.0500 245 663 512 896
4q6GIwFTNxT7HgQkJekJHQHjSvuX2cu4,11 0.0638 305 349 578 584 8 0.0623 514 449 769 691 0 0.0610 513 456 773 693 5 0.0609 305 343 572 586 11 0.0602 505 1 757 197 5 0.0598 373 459 637 707 3 0.0590 511 0 758 203 8 0.0588 444 0 699 200 13 0.0587 310 346 582 589 11 0.0585 440 461 708 697 7 0.0581 444 396 710 646 5 0.0574 503 452 770 688 0 0.0571 379 332 642 581 6 0.0567 312 347 581 588 7 0.0562 312 346 579 587 8 0.0558 309 348 570 587 5 0.0556 438 197 701 449 0 0.0551 505 1 755 202 5 0.0551 244 263 505 506 11 0.0551 453 260 711 505 5 0.0551 443 326 699 575 11 0.0550 567 472 829 690 0 0.0550 378 460 641 703 10 0.0544 374 398 643 638 3 0.0542 381 333 640 590 11 0.0541 502 385 761 630 8 0.0541 376 459 635 703 0 0.0539 500 326 753 568 6 0.0539 450 0 714 197 8 0.0532 569 528 807 762 13 0.0532 450 0 715 194 5 0.0531 420 799 680 1019 11 0.0529 171 340 432 564 13 0.0529 511 386 767 637 6 0.0529 301 798 559 1020 10 0.0527 438 463 711 700 8 0.0527 570 0 815 205 3 0.0525 463 255 708 519 3 0.0523 444 396 706 654 11 0.0522 360 807 620 1023 0 0.0521 563 533 812 763 8 0.0521 434 95 697 326 5 0.0521 497 0 750 200 8 0.0519 366 802 611 1023 6 0.0516 441 457 714 701 3 0.0516 506 80 765 328 6 0.0515 253 270 508 511 13 0.0515 449 460 717 701 2 0.0512 311 353 576 585 6 0.0511 450 327 710 578 11 0.0510 244 270 508 506 7 0.0508 508 0 761 202 5 0.0505 167 333 427 560 8 0.0504 457 255 698 506 10 0.0503 505 389 763 635 10 0.0503 564 4 826 198 8 0.0502 245 268 494 511 5 0.0502 425 84 702 327
I4TDBKFSnQQ6CTySGEp7cAlx52JfsVD3,7 0.0569 255 711 514 956 11 0.0541 246 716 507 951 0 0.0539 249 712 508 956
76oOc5hZp7yWYWpPEHogiVWzwUyTQY08,11 0.0519 563 154 820 376 7 0.0512 503 795 762 1016 11 0.0511 82 670 468 836 8 0.0506 496 208 745 434 10 0.0501 84 673 464 839
MV7DVzVFHmJFhnk2U0gNPgOjsVa76DyR,6 0.0531 437 280 699 520 3 0.0527 436 281 692 530 7 0.0523 439 282 699 519 11 0.0521 356 297 628 518 13 0.0506 437 285 703 520
PtxAyByEfs3BHeg0QO9cPtGtwXJvl18A,5 0.0644 178 528 438 768 7 0.0637 123 531 378 773 8 0.0631 182 389 428 639 5 0.0627 175 389 433 637 7 0.0627 190 459 439 701 0 0.0619 194 334 437 585 11 0.0618 244 594 504 834 11 0.0618 181 532 440 766 8 0.0617 117 464 373 707 7 0.0612 186 600 442 843 7 0.0611 259 396 514 648 5 0.0607 242 261 491 487 11 0.0606 242 731 492 958 5 0.0603 112 462 375 705 11 0.0603 179 394 437 632 11 0.0602 377 521 641 738 11 0.0602 246 458 514 690 5 0.0599 314 587 583 821 6 0.0597 119 468 385 708 0 0.0596 244 599 503 842 7 0.0596 248 529 506 776 11 0.0591 310 654 571 890 0 0.0589 249 265 497 492 8 0.0587 183 528 433 771 5 0.0587 247 452 509 695 11 0.0587 114 470 382 702 7 0.0586 196 331 438 583 11 0.0580 536 408 771 648 0 0.0580 383 518 639 742 8 0.0576 570 347 812 579 8 0.0575 256 327 494 568 0 0.0572 315 656 572 894 3 0.0570 125 532 375 780 7 0.0566 242 731 502 965 0 0.0564 119 534 372 777 0 0.0559 241 730 496 960 11 0.0558 250 328 506 564 0 0.0557 184 465 436 708 6 0.0555 188 534 446 776 8 0.0555 185 265 433 507 6 0.0555 184 392 441 641 5 0.0552 375 514 632 742 11 0.0551 181 269 438 503 3 0.0550 184 395 439 642 10 0.0550 181 466 437 706 7 0.0550 316 655 577 896 0 0.0547 254 399 513 646 8 0.0544 253 455 502 697 8 0.0544 311 657 567 895 13 0.0543 249 530 511 775 6 0.0543 858 393 1023 747 6 0.0540 184 266 439 508 3 0.0537 247 601 500 843 10 0.0537 244 540 506 774 8 0.0537 188 661 433 905 8 0.0536 241 597 497 837 5 0.0535 126 271 390 503 2 0.0534 247 604 504 836 5 0.0533 379 673 627 900 5 0.0532 184 660 436 898 2 0.0531 117 534 376 776 3 0.0530 251 458 510 703 11 0.0530 384 383 651 622 9 0.0529 178 466 439 697 6 0.0529 253 458 515 696 13 0.0527 183 393 444 639 2 0.0527 183 469 436 705 0 0.0525 523 464 765 714 3 0.0524 258 327 503 573 7 0.0524 388 517 643 744 8 0.0523 293 788 530 1017 0 0.0522 851 396 1023 752 7 0.0521 526 461 774 706 7 0.0521 253 261 501 490 8 0.0519 456 344 696 574 2 0.0519 192 337 440 585 13 0.0519 119 467 386 710 6 0.0518 257 328 507 567 6 0.0517 315 659 578 892 13 0.0517 195 669 446 905 3 0.0515 379 517 634 750 13 0.0514 528 464 774 707 6 0.0512 645 334 903 581 0 0.0511 640 333 898 583 7 0.0511 468 399 718 640 10 0.0510 246 272 500 488 13 0.0508 247 741 505 961
5UoYpTZ1dKWlXpfYvoxSKD4aLT27LsWq,0 0.0613 253 716 506 948 8 0.0599 255 713 498 947 5 0.0579 248 713 501 942 11 0.0578 246 720 508 943 7 0.0571 255 715 506 946 3 0.0547 256 715 504 948 13 0.0545 259 716 510 948 7 0.0516 448 203 694 430 6 0.0512 255 719 510 948 11 0.0509 442 202 694 425 0 0.0509 444 201 688 430 10 0.0506 252 721 506 945
2Q03ogM22olU7bl08H4zv55r3yjtGsBd,0 0.0633 238 214 500 451 11 0.0588 310 321 550 544 0 0.0580 378 212 643 439 7 0.0576 384 211 642 441 5 0.0574 376 209 631 436 5 0.0562 234 266 485 495 11 0.0561 365 395 615 621 8 0.0560 379 207 634 439 11 0.0560 308 216 567 442 8 0.0560 317 315 544 549 5 0.0552 310 313 547 543 5 0.0550 363 386 613 622 8 0.0549 430 401 674 630 6 0.0546 317 215 572 446 0 0.0545 246 332 490 563 13 0.0544 320 316 558 551 11 0.0542 431 466 684 694 7 0.0539 317 319 554 550 0 0.0537 297 148 562 378 13 0.0537 317 212 578 447 5 0.0535 106 429 274 817 3 0.0531 442 402 678 637 7 0.0527 248 215 500 449 3 0.0527 384 211 636 440 11 0.0526 234 276 486 497 11 0.0522 108 447 277 806 8 0.0522 241 211 491 451 3 0.0521 113 443 277 822 11 0.0521 498 399 748 623 0 0.0521 105 441 277 816 8 0.0520 108 442 267 812 5 0.0519 291 141 551 369 0 0.0518 197 653 569 837 7 0.0517 110 437 276 815 11 0.0517 245 394 501 620 8 0.0515 370 458 624 698 6 0.0514 244 273 493 502 8 0.0510 559 523 793 759 5 0.0510 188 653 559 833 0 0.0506 366 389 617 627 7 0.0506 369 394 619 631 3 0.0502 315 317 549 551 5 0.0501 246 382 498 622 8 0.0501 202 651 551 832 2 0.0500 387 218 640 437
XstzMdPd37VFJiktUMDyybShKYmYAtlu,11 0.0559 455 397 711 639 13 0.0554 178 1 420 252 8 0.0550 449 326 694 567 11 0.0539 515 336 766 562 13 0.0531 523 335 771 563 5 0.0521 296 3 550 252 7 0.0519 461 394 714 644 11 0.0518 229 799 491 1018 5 0.0517 514 325 756 563 11 0.0514 106 14 351 252 13 0.0509 460 400 719 642 6 0.0507 183 6 418 252 0 0.0505 454 400 713 642 0 0.0504 180 6 413 256 5 0.0504 451 388 705 641 8 0.0504 179 5 408 253
Dpl6B4dHLAf9tnxZdw8vFYStKQjmyLgs,11 0.0500 564 596 805 827
TqfcpMA6R6fCSl0WbU7n7tJlT2JHo9eS,0 0.0573 648 355 995 548 11 0.0555 382 200 637 442 0 0.0543 591 415 932 609 13 0.0541 598 349 948 536 6 0.0541 384 201 639 443 7 0.0539 445 136 700 376 8 0.0531 382 195 629 444 11 0.0531 642 359 1009 544 5 0.0527 425 792 681 1019 7 0.0525 386 197 641 448 8 0.0522 646 354 984 544 5 0.0522 374 191 628 440 5 0.0521 635 352 997 545 5 0.0518 437 131 693 371 0 0.0514 566 467 828 707 11 0.0511 488 474 753 706 2 0.0507 652 359 998 547 3 0.0506 386 195 632 452 0 0.0505 377 137 635 372
5Y5cGZtq2gwWlbakJzUIhr5Gb55i3SVK,8 0.0697 71 685 424 857 11 0.0682 71 685 428 857 0 0.0673 311 656 565 901 7 0.0653 313 655 566 900 7 0.0651 148 678 506 857 5 0.0648 141 676 496 855 11 0.0642 251 658 506 892 5 0.0638 308 654 560 898 10 0.0633 124 669 383 893 0 0.0629 193 662 446 899 6 0.0624 134 719 382 955 7 0.0615 132 715 379 958 5 0.0614 130 714 377 955 8 0.0604 315 657 560 897 11 0.0602 313 597 561 828 0 0.0601 133 717 378 956 10 0.0594 252 656 504 892 3 0.0588 195 661 447 901 3 0.0586 314 656 563 903 3 0.0584 134 714 379 961 0 0.0583 252 594 501 833 8 0.0582 253 596 494 825 13 0.0582 77 684 436 859 6 0.0578 253 655 507 894 0 0.0572 59 668 319 897 2 0.0569 314 661 563 902 10 0.0560 314 597 564 829 13 0.0555 256 655 509 895 9 0.0554 140 679 499 854 5 0.0548 60 663 314 894 2 0.0546 147 681 499 859 6 0.0546 314 596 566 827 1 0.0545 129 713 376 954 1 0.0545 59 663 316 894 1 0.0544 310 654 560 902 13 0.0536 318 595 570 828 1 0.0535 190 657 444 898 0 0.0535 619 279 882 513 11 0.0530 243 540 499 766 3 0.0527 252 595 500 837 12 0.0527 133 716 378 955 5 0.0524 617 339 879 572 12 0.0514 313 655 563 901 4 0.0514 194 664 448 898 9 0.0508 127 717 380 954 9 0.0505 308 661 565 897 2 0.0504 132 722 378 955 11 0.0501 616 279 881 503
lGyTnywI5naClW5m4dzNIKPkV9iamVDj,7 0.0653 384 661 633 902 7 0.0617 317 590 565 829 11 0.0603 313 592 565 825 8 0.0580 121 789 364 1022 7 0.0579 317 732 567 979 7 0.0578 123 789 375 1023 5 0.0577 116 791 368 1021 11 0.0560 118 793 372 1018 5 0.0559 314 586 557 828 10 0.0558 208 672 582 845 8 0.0557 317 593 554 827 0 0.0556 209 669 574 848 0 0.0553 383 665 627 910 10 0.0552 119 798 371 1021 11 0.0543 380 669 630 898 6 0.0530 380 604 635 831 8 0.0530 384 663 622 904 5 0.0527 308 727 562 974 11 0.0524 311 737 566 973 11 0.0522 450 611 687 826 0 0.0520 60 793 307 1023 13 0.0518 213 670 594 846 8 0.0516 310 734 557 978 13 0.0514 120 793 376 1023 3 0.0514 315 594 562 836 6 0.0512 123 797 373 1023 5 0.0511 379 658 625 899 7 0.0508 453 599 694 831 0 0.0506 118 721 369 957 3 0.0502 388 667 629 910
nLdIhZ1ZAJnkDZ1OUbU8uxwUR1QicWRb,5 0.0608 389 29 643 257 11 0.0569 240 787 497 1010 11 0.0568 392 35 648 257 5 0.0562 375 148 637 363 11 0.0547 247 328 505 562 8 0.0546 183 262 432 504 7 0.0545 191 785 447 1009 11 0.0530 365 785 629 1010 13 0.0525 251 267 510 502 3 0.0524 407 37 647 266 11 0.0523 375 154 644 363 11 0.0522 173 406 431 644 7 0.0519 304 783 564 1021 8 0.0518 395 35 639 263 5 0.0516 258 150 515 385 0 0.0515 181 263 444 508 7 0.0509 183 399 436 645 8 0.0505 253 214 503 449 11 0.0505 239 691 515 899 0 0.0505 238 783 501 1014 8 0.0505 253 328 491 561 5 0.0502 361 774 624 1012 11 0.0502 180 262 444 499 0 0.0500 366 781 631 1015
zCrktYWDSfqkC6bztcCkqXqdwAJLss1Z,0 0.0601 185 209 435 448 11 0.0591 180 215 438 445 11 0.0574 298 790 554 1013 11 0.0541 166 348 435 573 0 0.0541 252 135 511 382 5 0.0537 179 205 433 447 0 0.0534 428 786 690 1020 7 0.0533 183 277 436 520 7 0.0527 304 787 558 1017 11 0.0526 178 2 444 195 6 0.0524 194 140 447 395 0 0.0524 300 785 558 1016 13 0.0524 183 279 440 522 11 0.0518 424 791 686 1013 7 0.0517 557 786 825 1018 0 0.0516 173 344 432 578 0 0.0512 554 792 821 1019 13 0.0512 194 136 453 392 13 0.0511 305 786 565 1016 0 0.0510 238 279 510 521 8 0.0509 239 213 495 447 6 0.0506 183 277 434 517 0 0.0505 562 682 836 911 5 0.0503 248 128 513 379 8 0.0503 302 785 547 1014 5 0.0503 295 783 552 1012 5 0.0501 165 341 423 571
CJOhI0Tof6yeNHIzi2usWZmiDRG7wB77,5 0.0626 504 388 756 631 0 0.0624 512 331 762 572 0 0.0623 647 548 1005 730 8 0.0605 533 545 884 724 8 0.0601 510 390 755 629 11 0.0594 642 548 1009 727 11 0.0590 530 488 891 659 11 0.0589 511 331 766 569 7 0.0585 463 545 822 728 11 0.0583 380 199 638 438 0 0.0582 457 482 818 658 8 0.0572 645 594 1000 790 6 0.0572 536 486 897 659 6 0.0571 511 391 761 632 13 0.0571 463 481 828 658 7 0.0569 512 390 762 632 7 0.0569 535 483 888 662 3 0.0569 511 393 759 636 6 0.0563 654 548 1015 728 11 0.0562 456 549 825 726 0 0.0561 378 194 636 443 5 0.0560 245 601 497 838 5 0.0558 450 544 817 726 2 0.0556 458 486 820 659 8 0.0554 382 193 627 442 7 0.0553 647 596 1019 787 11 0.0551 245 607 500 845 8 0.0551 249 602 493 841 5 0.0546 635 460 891 712 7 0.0542 252 603 504 842 11 0.0535 241 134 512 365 0 0.0535 248 604 501 846 6 0.0534 328 196 581 445 8 0.0534 508 264 751 513 10 0.0533 507 394 759 633 0 0.0532 398 599 777 779 3 0.0531 460 548 821 731 6 0.0529 468 545 827 726 10 0.0527 642 465 891 709 3 0.0521 385 196 633 446 9 0.0520 505 392 759 627 3 0.0519 508 268 755 518 3 0.0519 643 463 889 721 13 0.0518 329 191 587 444 5 0.0513 375 194 630 438 6 0.0513 249 604 505 841 7 0.0512 331 193 583 444 6 0.0512 507 266 761 513 13 0.0509 506 265 763 512 5 0.0509 498 266 752 511 12 0.0508 510 391 762 629 10 0.0505 326 203 581 442 2 0.0504 381 203 633 441 10 0.0501 250 608 502 839 3 0.0500 237 669 489 905
DoKisGjBEFzLQ6dmPl9mjry4r4PCoypY,11 0.0553 564 407 835 627 0 0.0552 517 413 772 650 8 0.0552 517 408 760 647 5 0.0539 298 642 572 889 11 0.0531 639 472 911 693 11 0.0527 358 725 630 953 6 0.0521 306 645 576 890 8 0.0517 344 480 684 661 6 0.0517 521 414 773 647 11 0.0516 696 541 951 761 0 0.0513 634 662 904 901 11 0.0511 233 717 509 954 11 0.0509 516 344 769 562 11 0.0509 634 664 900 890 0 0.0506 644 475 909 701 7 0.0506 184 712 452 946 7 0.0506 521 415 772 649 11 0.0505 373 584 631 823 13 0.0504 522 417 776 647 5 0.0503 634 468 904 695 0 0.0502 301 702 571 953 8 0.0502 641 470 898 697 5 0.0501 558 402 826 627
YZqtXhFjCfAdpurGubRF6FcWO959jRld,11 0.0624 174 649 428 889 7 0.0615 179 647 431 888 8 0.0605 175 648 423 890 0 0.0589 177 648 433 894 7 0.0574 322 587 581 820 10 0.0568 172 650 429 886 11 0.0563 320 589 576 821 0 0.0558 320 589 578 826 13 0.0558 183 646 438 892 5 0.0558 170 646 426 886 7 0.0538 250 519 502 759 8 0.0530 320 588 569 821 5 0.0528 313 583 576 819 8 0.0525 451 654 694 882 0 0.0520 249 520 499 760 5 0.0518 451 648 701 883 3 0.0517 178 649 428 898 11 0.0513 190 523 436 756 11 0.0511 448 589 705 806 7 0.0511 186 315 439 550 3 0.0510 321 589 580 832 11 0.0510 177 323 442 544 7 0.0509 458 650 709 883 6 0.0508 176 650 432 890 10 0.0507 316 594 578 821 0 0.0500 454 655 705 885 13 0.0500 322 590 587 822
zOAhFEU0PpL8qkr4yJJD2eIt8tdrfBSM,8 0.0678 306 586 555 820 11 0.0658 295 658 564 892 5 0.0652 237 654 497 899 11 0.0647 249 609 622 789 0 0.0643 302 654 564 898 0 0.0633 184 587 436 834 7 0.0630 244 656 502 900 8 0.0630 365 662 628 893 5 0.0622 178 587 437 827 5 0.0615 359 664 625 891 11 0.0614 176 654 442 898 0 0.0613 257 608 623 792 8 0.0612 244 653 497 900 7 0.0604 378 590 637 821 10 0.0601 173 658 441 900 8 0.0599 183 592 431 829 10 0.0591 301 723 557 951 10 0.0590 251 672 624 843 6 0.0589 258 671 631 844 7 0.0587 186 591 443 826 13 0.0582 306 718 564 953 13 0.0581 258 670 634 844 5 0.0574 250 608 613 788 6 0.0571 304 724 561 953 13 0.0570 182 653 446 902 12 0.0565 258 669 627 846 5 0.0560 724 233 1018 409 3 0.0559 179 656 441 905 6 0.0555 183 593 439 830 0 0.0547 722 237 1021 414 9 0.0539 176 651 441 898 3 0.0539 364 665 631 898 3 0.0537 244 589 499 832 2 0.0537 362 668 633 890 2 0.0532 242 658 502 901 8 0.0532 726 233 1014 411 11 0.0531 726 235 1023 409 2 0.0521 184 594 437 831 9 0.0513 247 670 628 841 3 0.0512 305 719 558 958 0 0.0507 572 130 845 378 12 0.0501 306 718 560 955 2 0.0501 251 612 624 791
DmfVBUbnjfpCMDy3PGWVJnWo9Ym6k76G,5 0.0627 181 405 442 642 5 0.0626 229 563 497 817 7 0.0609 254 515 521 764 8 0.0601 303 579 564 827 0 0.0599 429 596 703 833 5 0.0595 308 516 579 767 8 0.0575 187 406 432 646 5 0.0573 425 592 695 830 0 0.0573 325 453 589 694 8 0.0571 443 523 692 770 11 0.0569 251 463 520 694 6 0.0569 236 570 502 821 13 0.0569 257 516 526 765 5 0.0566 289 634 567 892 0 0.0566 439 466 700 700 11 0.0566 231 571 501 819 11 0.0563 442 527 697 763 11 0.0561 184 410 442 643 7 0.0557 452 525 699 769 0 0.0557 378 524 638 771 11 0.0557 313 522 585 765 0 0.0555 188 410 441 645 3 0.0555 250 465 522 703 7 0.0553 180 570 438 835 11 0.0551 579 483 841 708 0 0.0549 336 347 587 578 7 0.0542 361 587 639 835 7 0.0539 466 389 711 632 11 0.0538 293 643 569 893 0 0.0537 254 516 518 761 3 0.0534 299 582 572 833 6 0.0534 299 639 573 894 6 0.0530 317 522 586 766 6 0.0530 449 525 697 771 10 0.0529 250 524 519 761 8 0.0528 362 648 632 899 8 0.0527 182 577 429 837 3 0.0526 186 412 440 652 6 0.0526 190 410 445 644 13 0.0523 326 455 601 696 6 0.0522 255 463 521 694 3 0.0519 190 532 448 779 8 0.0517 582 474 830 712 7 0.0516 185 336 437 582 8 0.0515 326 454 582 696 0 0.0514 580 478 839 715 0 0.0513 182 576 439 837 5 0.0512 166 626 434 897 13 0.0511 433 598 708 835 8 0.0506 293 708 553 966 11 0.0504 634 348 899 577 2 0.0503 441 472 702 702 11 0.0502 260 339 522 561 3 0.0502 590 476 837 717 2 0.0501 188 413 441 645
wV9GkZybot1amrV93u1W7ym7Z5EQ3OLQ,5 0.0671 179 439 441 698 11 0.0665 250 387 509 637 8 0.0658 378 393 628 630 8 0.0655 310 448 566 692 11 0.0648 376 395 636 627 5 0.0642 248 382 510 634 7 0.0637 310 516 576 761 11 0.0633 305 330 571 565 7 0.0633 186 442 440 701 11 0.0629 305 590 572 825 11 0.0627 181 443 441 700 0 0.0624 375 390 636 631 7 0.0621 254 385 511 636 6 0.0619 310 391 577 631 11 0.0615 250 267 509 498 3 0.0610 310 520 574 765 13 0.0610 253 454 509 702 7 0.0610 188 322 448 564 3 0.0606 248 456 508 707 8 0.0604 310 588 565 829 11 0.0603 357 670 628 882 6 0.0602 185 522 440 778 6 0.0601 250 455 509 703 3 0.0600 268 356 628 542 0 0.0597 360 595 627 826 5 0.0595 423 80 689 304 10 0.0592 252 392 509 633 8 0.0592 250 265 500 497 11 0.0588 178 323 449 564 5 0.0587 248 261 508 494 5 0.0585 372 388 633 627 5 0.0584 173 320 447 561 0 0.0583 251 385 510 637 6 0.0581 371 457 633 695 11 0.0580 324 160 575 390 11 0.0580 421 605 687 819 13 0.0579 371 456 636 694 11 0.0579 425 468 691 694 5 0.0576 319 153 566 389 3 0.0575 182 387 449 641 2 0.0575 248 459 506 704 6 0.0575 181 385 450 639 13 0.0572 183 388 455 640 7 0.0570 253 263 510 499 13 0.0569 312 390 578 631 8 0.0567 181 441 436 703 13 0.0564 255 324 516 564 13 0.0563 370 596 634 824 8 0.0561 181 322 439 568 3 0.0560 369 600 629 830 13 0.0560 189 522 444 778 0 0.0559 181 442 442 702 8 0.0557 431 468 683 700 7 0.0556 381 390 638 631 0 0.0555 185 320 445 566 5 0.0554 303 582 566 827 2 0.0553 310 392 573 633 1 0.0551 242 449 505 700 10 0.0551 269 360 624 537 7 0.0550 364 598 632 826 10 0.0547 307 591 572 826 3 0.0546 183 526 438 780 10 0.0545 181 448 442 699 3 0.0543 251 267 512 502 6 0.0542 434 87 696 305 10 0.0542 250 270 507 495 0 0.0542 427 657 698 882 7 0.0539 434 463 696 700 8 0.0538 364 667 624 884 0 0.0536 250 264 509 499 0 0.0533 352 718 628 945 12 0.0533 314 385 573 632 0 0.0533 427 463 690 700 5 0.0532 354 663 629 884 1 0.0532 174 380 448 635 6 0.0532 328 160 576 392 8 0.0530 319 159 563 393 9 0.0529 306 389 571 624
LB91e3EWIMg4ni7Mmgr1QSKuVecBjPAC,5 0.0624 246 399 505 643 11 0.0624 308 338 571 571 6 0.0618 254 403 510 645 11 0.0610 248 402 503 642 7 0.0597 184 398 441 652 8 0.0592 252 404 501 647 0 0.0589 378 405 634 642 5 0.0588 370 401 630 640 11 0.0584 375 407 633 639 11 0.0577 437 342 694 572 0 0.0574 249 403 505 648 5 0.0573 169 339 428 581 7 0.0572 380 403 639 645 11 0.0572 170 346 432 582 5 0.0571 306 333 568 574 7 0.0565 250 337 500 579 6 0.0565 379 408 635 639 9 0.0560 249 404 507 641 0 0.0560 311 335 571 575 13 0.0559 182 400 445 652 3 0.0556 311 338 569 581 3 0.0554 250 407 505 651 6 0.0554 180 346 434 587 3 0.0553 377 408 635 646 6 0.0552 315 338 576 572 5 0.0550 235 276 500 513 10 0.0550 249 408 505 644 8 0.0548 379 408 628 641 8 0.0543 174 343 421 587 10 0.0539 377 412 633 639 11 0.0536 237 279 501 511 13 0.0532 379 405 637 639 3 0.0531 442 337 693 578 0 0.0531 701 478 958 730 5 0.0525 435 332 692 574 0 0.0524 436 340 694 576 11 0.0524 690 428 962 660 2 0.0523 253 408 502 646 1 0.0521 250 397 506 645 12 0.0519 253 403 505 648 7 0.0518 444 338 700 578 7 0.0517 327 271 580 509 3 0.0517 174 349 429 589 0 0.0515 174 344 430 584 13 0.0514 247 341 502 582 6 0.0514 250 280 500 517 9 0.0514 370 407 633 635 8 0.0511 311 336 564 575 10 0.0509 310 344 572 573 12 0.0506 378 405 635 643 10 0.0504 171 349 427 584 8 0.0504 242 279 488 519
U3dI96l63EroKSFhBoNlVrWv4Hfy1loA,11 0.0666 251 716 506 956 11 0.0634 318 592 568 830 11 0.0633 248 536 501 765 5 0.0632 323 518 568 761 7 0.0627 183 604 444 841 7 0.0619 254 536 505 769 0 0.0618 640 532 893 777 6 0.0614 581 533 837 780 11 0.0613 325 789 572 1020 5 0.0605 576 529 827 778 8 0.0603 645 595 885 839 8 0.0597 181 666 445 904 7 0.0595 581 532 832 779 5 0.0593 175 595 442 835 11 0.0591 639 537 895 776 8 0.0591 114 608 372 846 6 0.0590 186 605 447 835 8 0.0587 580 533 825 777 8 0.0583 183 542 432 779 0 0.0579 112 605 381 848 6 0.0578 322 595 575 830 3 0.0577 330 788 574 1023 10 0.0573 181 609 446 839 6 0.0573 257 538 504 764 5 0.0572 321 716 574 964 3 0.0569 323 592 569 839 0 0.0569 327 528 571 768 10 0.0565 641 536 892 775 0 0.0563 255 604 507 843 7 0.0561 325 594 573 833 8 0.0560 253 603 502 839 0 0.0557 181 666 450 908 8 0.0555 329 527 565 762 3 0.0552 184 607 442 843 6 0.0549 646 598 899 837 10 0.0542 328 794 574 1020 8 0.0540 324 790 568 1019 11 0.0539 112 612 380 841 13 0.0538 644 532 898 779 7 0.0537 328 789 578 1019 0 0.0536 327 726 581 965 0 0.0532 187 539 441 781 13 0.0531 184 605 452 837 5 0.0530 640 594 884 837 3 0.0527 578 533 832 783 7 0.0524 255 718 512 959 13 0.0524 335 788 582 1019 10 0.0524 254 541 503 764 2 0.0523 323 597 570 827 7 0.0521 643 598 892 837 9 0.0517 177 603 439 832 2 0.0516 643 538 891 772 3 0.0515 257 539 496 772 6 0.0513 261 718 509 956 2 0.0511 186 612 445 841 10 0.0511 325 601 573 826 5 0.0510 179 467 441 714 3 0.0505 645 596 889 842 3 0.0504 261 719 507 964
5ueUoRoMMXzGAsQmUgMsGDiojuSXgMJZ,8 0.0688 295 268 555 493 5 0.0661 224 264 491 505 3 0.0646 235 272 495 515 11 0.0639 244 160 506 391 0 0.0636 186 220 447 461 11 0.0625 200 421 553 609 6 0.0624 293 328 564 569 6 0.0624 234 270 494 507 11 0.0618 583 507 819 754 8 0.0617 184 344 429 594 8 0.0612 192 150 440 397 3 0.0611 276 417 612 610 11 0.0606 230 273 492 508 6 0.0598 247 158 507 389 8 0.0590 255 75 499 316 8 0.0590 275 416 601 607 0 0.0589 586 509 819 761 3 0.0585 300 217 576 452 5 0.0582 287 208 572 442 13 0.0582 295 401 575 644 7 0.0580 250 152 509 388 0 0.0579 245 154 505 392 7 0.0578 294 330 566 569 13 0.0576 240 217 504 452 5 0.0569 234 398 499 636 13 0.0566 245 327 507 574 0 0.0566 118 300 375 534 10 0.0563 246 332 499 570 2 0.0561 232 275 489 508 8 0.0553 585 506 811 757 10 0.0552 183 230 449 461 7 0.0549 589 506 825 760 13 0.0549 580 571 831 820 11 0.0545 112 305 377 531 7 0.0542 368 259 637 488 11 0.0539 238 474 503 704 2 0.0539 245 161 500 393 0 0.0538 366 262 632 490 7 0.0536 187 221 452 459 6 0.0535 580 571 826 820 3 0.0535 185 349 438 595 12 0.0530 242 214 502 453 5 0.0527 110 297 369 527 6 0.0527 185 346 438 589 11 0.0527 359 405 632 639 8 0.0527 372 206 636 434 7 0.0526 182 344 437 590 8 0.0523 192 739 419 967 10 0.0523 242 162 505 389 5 0.0522 644 508 881 734 6 0.0522 366 264 635 487 3 0.0521 314 473 566 712 3 0.0521 591 511 820 768 6 0.0520 657 518 889 735 13 0.0519 584 456 825 694 9 0.0519 233 272 493 500 5 0.0518 243 72 505 313 13 0.0516 253 79 517 318 12 0.0516 247 327 498 573 11 0.0516 636 412 882 633 10 0.0515 299 407 565 636 13 0.0511 402 0 667 192 0 0.0511 505 211 759 420 13 0.0508 363 475 638 713 10 0.0508 290 274 566 497 0 0.0507 430 538 695 777 8 0.0507 128 798 362 1016 13 0.0506 374 209 660 432 11 0.0505 564 336 821 567
llSLS9EfEaWfyPk0M6CSGz8clveawQ8Y,8 0.0603 362 792 625 1010 7 0.0585 229 789 489 1023 11 0.0582 439 461 703 682 11 0.0566 226 793 484 1016 0 0.0561 431 731 709 949 8 0.0561 228 790 477 1018 8 0.0557 281 681 643 875 11 0.0554 279 682 655 877 8 0.0553 314 473 571 702 0 0.0551 359 792 635 1014 11 0.0545 277 545 656 723 5 0.0543 223 784 481 1013 11 0.0541 361 796 632 1010 5 0.0538 353 784 627 1010 7 0.0537 447 399 698 637 7 0.0534 291 680 659 878 7 0.0530 361 791 635 1017 0 0.0528 493 822 750 1023 0 0.0528 9 350 264 588 6 0.0525 363 790 633 1012 11 0.0520 576 397 825 631 7 0.0519 435 735 712 949 5 0.0518 281 673 650 874 0 0.0518 442 399 694 640 8 0.0516 444 398 686 638 7 0.0514 443 521 707 747 6 0.0513 446 458 705 687 7 0.0513 382 591 648 825 3 0.0513 445 403 694 647 0 0.0511 577 342 828 575 13 0.0509 297 791 569 1018 5 0.0508 305 469 577 700 3 0.0507 365 793 635 1017 0 0.0505 282 680 660 879 0 0.0503 279 538 650 730 6 0.0501 231 793 488 1014 10 0.0500 224 792 486 1018
dORKUwbYzGi9DrIZTe4avCfTgXBnfZph,11 0.0694 371 792 626 1020 7 0.0615 371 788 629 1020 5 0.0610 367 785 619 1018 6 0.0582 376 793 626 1019 8 0.0579 371 787 620 1023 0 0.0556 254 734 504 964 13 0.0553 374 794 631 1023 10 0.0546 373 787 623 1019 2 0.0543 371 793 629 1023 13 0.0538 258 740 511 964 5 0.0536 759 3 1022 254 11 0.0531 54 416 322 634 11 0.0526 177 404 454 628 3 0.0524 374 789 625 1023 2 0.0508 254 740 509 965 0 0.0505 368 785 626 1021
IvnCUIRiBJpZpFb3xGpAHRvQj5j90Se8,11 0.0576 470 547 827 726 8 0.0563 477 548 825 733 8 0.0557 169 399 426 650 5 0.0551 251 393 506 640 0 0.0540 467 549 830 735 11 0.0534 199 728 448 966 7 0.0528 480 546 840 732 10 0.0524 473 551 831 737 8 0.0520 440 4 696 241 11 0.0515 249 323 507 555 0 0.0513 255 1 516 204 3 0.0512 250 321 503 563 6 0.0510 262 397 513 639 13 0.0510 260 396 518 645 6 0.0502 486 547 831 735
O8CCccdbCtaRs7KkQnl0ZeoH8iTLvrJk,7 0.0633 213 867 580 1023 11 0.0630 206 869 572 1020 0 0.0625 209 870 573 1023 8 0.0625 141 868 504 1023 5 0.0621 204 867 567 1020 10 0.0612 135 872 511 1023 8 0.0571 317 783 558 1023 6 0.0561 147 872 512 1023 2 0.0551 145 874 507 1023 10 0.0545 315 791 562 1022 13 0.0527 142 870 523 1023 13 0.0526 317 789 570 1023 9 0.0521 202 869 573 1020 3 0.0518 212 869 574 1023 11 0.0517 325 344 585 569 6 0.0516 318 792 568 1023
ALPc3O20YXa9FXK22I50lLPlCsTf0f5T,11 0.0598 394 390 646 626 5 0.0593 250 340 507 577 6 0.0571 394 393 649 629 11 0.0564 253 342 513 579 5 0.0558 561 317 819 561 11 0.0558 511 402 760 639 3 0.0557 386 461 634 712 8 0.0556 394 389 639 631 13 0.0553 260 342 517 588 5 0.0550 386 387 638 627 0 0.0546 179 278 437 520 11 0.0542 179 278 440 512 0 0.0540 395 391 642 632 7 0.0539 518 398 761 645 7 0.0538 398 387 651 633 8 0.0537 508 398 753 644 5 0.0536 508 394 752 644 0 0.0530 256 339 514 587 0 0.0530 509 405 757 645 0 0.0528 567 471 820 710 11 0.0527 562 152 831 384 6 0.0526 256 342 518 583 11 0.0525 450 466 696 709 8 0.0525 501 276 762 504 11 0.0523 562 323 820 558 7 0.0522 257 339 515 585 8 0.0511 472 539 822 726 6 0.0511 452 465 699 716 6 0.0511 513 402 763 645 11 0.0510 391 267 656 494 0 0.0510 446 467 693 717 8 0.0509 260 340 504 585 5 0.0503 566 466 811 709
oi7id4bSYRndHfyO6dGxxW8YkuQl6TSk,5 0.0647 190 705 434 952 11 0.0646 270 672 635 846 11 0.0638 166 347 447 570 11 0.0625 187 790 422 1020 0 0.0621 251 653 506 918 8 0.0619 176 466 410 700 7 0.0619 125 712 371 959 5 0.0618 243 794 478 1018 7 0.0616 282 671 635 845 7 0.0615 187 786 427 1023 13 0.0608 193 789 428 1023 11 0.0605 444 586 700 819 8 0.0604 189 782 419 1023 5 0.0602 267 666 629 847 10 0.0598 183 661 445 899 8 0.0596 121 657 368 897 10 0.0594 275 675 632 846 10 0.0588 120 717 369 958 5 0.0587 120 777 361 1012 11 0.0586 185 657 444 900 11 0.0585 243 471 484 694 7 0.0583 257 712 511 971 8 0.0582 258 714 504 968 0 0.0581 193 588 436 839 7 0.0577 189 652 446 900 0 0.0575 284 605 644 791 8 0.0573 193 590 430 833 11 0.0568 252 718 505 966 0 0.0568 243 468 484 697 5 0.0565 188 590 430 834 6 0.0563 447 592 707 821 0 0.0560 122 654 370 901 8 0.0558 445 585 693 820 11 0.0556 183 535 426 763 6 0.0555 194 715 438 959 11 0.0554 120 715 367 960 0 0.0554 174 406 424 636 11 0.0553 291 542 642 723 13 0.0552 257 714 514 969 2 0.0551 123 784 366 1020 13 0.0549 286 608 654 787 8 0.0547 286 608 634 788 11 0.0547 302 805 545 1020 10 0.0546 184 790 422 1023 3 0.0546 280 671 636 852 7 0.0545 245 468 488 696 11 0.0541 108 423 374 637 7 0.0541 441 647 705 891 6 0.0538 130 784 368 1020 6 0.0537 280 674 637 847 8 0.0536 306 455 550 690 3 0.0534 189 790 424 1023 10 0.0534 179 538 426 766 0 0.0532 248 799 484 1023 0 0.0532 249 339 514 576 10 0.0531 243 474 483 693 7 0.0528 186 529 430 762 6 0.0527 171 407 425 632 11 0.0527 459 677 825 852 3 0.0527 246 469 487 698 3 0.0526 190 655 445 906 0 0.0525 106 471 351 699 11 0.0524 302 401 563 617 13 0.0522 128 713 378 960 5 0.0522 428 647 699 890 6 0.0521 125 659 375 897 7 0.0521 298 539 653 723 13 0.0518 177 404 432 637 0 0.0518 123 780 363 1020 11 0.0517 46 350 322 576 12 0.0517 129 712 368 961 7 0.0517 308 394 567 623 6 0.0517 194 593 438 835 13 0.0516 191 654 451 901 12 0.0515 191 655 447 905 8 0.0514 248 403 484 631 10 0.0514 255 721 506 966 7 0.0510 175 402 426 637
brP0ZT9WVLZyvKDAWQaVVnGztf9Wweik,11 0.0612 241 669 496 899 11 0.0579 303 733 561 951 8 0.0574 176 580 422 828 8 0.0558 135 788 377 1016 11 0.0558 170 585 430 826 11 0.0554 133 791 387 1015 5 0.0553 170 575 429 826 8 0.0547 431 152 694 367 5 0.0539 426 145 696 369 0 0.0532 178 576 431 834 6 0.0528 437 154 710 369 11 0.0528 428 151 706 366 6 0.0522 178 577 436 828 6 0.0522 191 726 442 957 8 0.0521 246 664 488 902 0 0.0520 188 726 439 959 5 0.0519 501 66 771 303 3 0.0516 436 152 704 378 0 0.0515 363 143 627 361 5 0.0513 184 724 436 953 7 0.0509 367 134 630 368 11 0.0506 371 64 625 289 11 0.0504 505 75 774 296 3 0.0502 178 579 426 835 13 0.0502 433 157 707 367
t6QnWdvNLwsXG9Au5PImZ5GGrtt4UodD,8 0.0628 423 348 683 593 11 0.0624 319 368 692 552 5 0.0604 494 326 755 574 0 0.0599 316 368 684 555 3 0.0591 502 402 754 649 8 0.0585 498 403 751 645 5 0.0581 568 268 814 514 6 0.0569 401 372 751 553 11 0.0559 492 407 757 640 6 0.0556 570 341 821 585 7 0.0553 429 405 691 646 0 0.0546 498 405 756 648 11 0.0546 562 345 821 583 10 0.0542 435 276 695 522 0 0.0542 570 341 817 588 2 0.0541 499 340 757 575 3 0.0535 512 269 759 515 5 0.0535 333 224 690 412 0 0.0532 509 270 760 511 8 0.0531 334 308 672 485 8 0.0530 429 476 676 714 8 0.0528 338 231 684 411 3 0.0522 436 474 689 719 3 0.0521 501 533 756 785 8 0.0521 569 343 812 586 5 0.0521 498 459 753 711 5 0.0519 422 397 684 639 2 0.0519 437 280 694 519 11 0.0518 427 479 690 710 11 0.0516 342 231 698 415 13 0.0515 499 334 761 574 8 0.0514 508 269 756 509 13 0.0512 429 405 695 641 13 0.0511 503 466 762 715 7 0.0509 438 278 695 523 3 0.0508 343 304 681 492 12 0.0507 401 367 751 553 7 0.0507 504 466 760 718 1 0.0506 489 333 759 576 10 0.0503 388 202 640 434 0 0.0501 386 199 634 436
k7DIUHHL8y1pzh7EABFqKldGx3Ju5GHC,8 0.0619 510 459 755 699 11 0.0607 433 461 689 700 7 0.0596 513 459 766 703 5 0.0582 508 454 756 700 11 0.0570 108 416 384 623 13 0.0566 510 467 769 703 11 0.0554 168 463 436 701 0 0.0546 185 403 436 636 0 0.0540 431 466 689 705 10 0.0537 509 462 764 704 7 0.0528 109 478 378 710 6 0.0525 57 480 334 715 3 0.0516 437 464 686 707 6 0.0516 513 461 768 701 11 0.0508 366 399 614 635 11 0.0507 195 282 453 502 8 0.0505 110 476 366 714 0 0.0502 178 67 422 308 11 0.0502 179 67 431 302 11 0.0502 52 483 331 712
9G9bZx9myR5oeDCQeQylWwXOpbehJeAE,5 0.0619 250 135 512 369 5 0.0612 626 212 899 435 8 0.0610 566 208 810 432 8 0.0601 314 77 560 300 8 0.0594 382 147 643 372 6 0.0590 644 220 903 434 7 0.0588 592 387 836 642 5 0.0586 307 70 568 303 11 0.0585 639 379 907 633 8 0.0585 627 280 885 508 7 0.0581 571 282 820 512 3 0.0577 574 286 817 518 8 0.0573 330 201 566 426 11 0.0572 250 74 511 313 5 0.0570 564 280 818 508 11 0.0568 382 150 648 374 5 0.0564 369 5 628 245 13 0.0563 378 9 637 244 0 0.0556 298 12 568 251 5 0.0553 317 197 573 429 5 0.0553 556 145 819 356 11 0.0549 625 281 896 506 7 0.0544 329 139 583 366 8 0.0543 441 84 701 302 8 0.0542 513 144 764 367 3 0.0541 452 83 706 312 6 0.0541 653 381 913 632 8 0.0540 261 144 504 369 0 0.0538 568 282 820 511 13 0.0535 262 70 522 314 2 0.0534 377 13 630 248 11 0.0531 512 222 767 442 10 0.0530 644 386 906 630 8 0.0530 514 283 760 515 11 0.0524 194 145 448 369 7 0.0524 203 143 450 365 3 0.0523 390 143 646 380 11 0.0522 500 81 778 298 8 0.0522 373 6 624 247 0 0.0520 591 388 838 642 5 0.0520 504 215 759 440 6 0.0518 263 138 518 371 13 0.0518 328 139 590 365 2 0.0517 256 77 514 314 0 0.0516 381 147 648 374 7 0.0515 260 72 517 312 7 0.0513 563 151 821 360 7 0.0511 634 216 902 440 3 0.0511 380 6 630 251 3 0.0511 599 389 833 650 13 0.0510 449 87 713 301 5 0.0509 588 380 838 634 13 0.0509 204 142 453 371 0 0.0507 624 158 894 372 6 0.0507 317 74 575 303 11 0.0507 264 202 510 427 10 0.0507 255 80 509 310 0 0.0506 266 204 508 434 0 0.0505 196 145 446 374 6 0.0503 379 9 638 244 13 0.0502 641 327 904 574 8 0.0501 623 157 882 372 3 0.0501 629 158 891 378 3 0.0500 525 144 771 375
GQG3F9pIDI5kHXRfgE17Qkb5KJYB3Tkv,8 0.0597 250 537 492 764 5 0.0577 387 526 636 757 0 0.0576 103 0 370 202 0 0.0570 245 595 513 838 7 0.0568 242 654 517 896 5 0.0561 313 452 567 697 8 0.0560 311 402 550 636 11 0.0556 301 410 561 637 0 0.0553 328 533 572 768 0 0.0553 17 799 268 1023 8 0.0550 105 0 358 196 11 0.0546 242 538 500 765 5 0.0545 15 798 262 1022 5 0.0544 314 602 569 833 10 0.0543 325 538 574 767 8 0.0538 393 531 634 761 5 0.0534 234 650 502 892 7 0.0533 392 533 644 765 0 0.0531 309 407 559 640 7 0.0526 248 535 505 766 5 0.0524 240 528 492 764 11 0.0523 313 610 577 838 8 0.0520 243 658 506 897 11 0.0519 108 2 366 198 13 0.0518 251 534 506 770 11 0.0516 233 659 509 891 8 0.0515 23 799 251 1020 5 0.0515 103 0 361 199 8 0.0514 322 610 565 839 10 0.0512 53 5 309 203 6 0.0511 332 534 579 767 11 0.0510 386 533 644 761 7 0.0508 315 460 574 702 6 0.0506 310 404 564 638 13 0.0506 24 803 269 1023
llE2u34d9Pvr9gKjKeZDdcc2F8IIekWX,11 0.0638 253 536 501 771 5 0.0634 254 531 497 773 7 0.0626 258 530 502 774 0 0.0617 255 533 505 778 8 0.0616 256 532 497 774 10 0.0575 254 537 500 773 3 0.0569 258 532 498 780 7 0.0567 322 458 568 696 0 0.0559 318 461 569 700 11 0.0551 497 711 762 942 6 0.0549 252 533 505 774 8 0.0540 320 461 559 696 7 0.0532 502 710 765 942 8 0.0532 498 643 752 879 0 0.0527 436 713 692 954 11 0.0524 314 463 565 695 13 0.0518 259 531 506 774 0 0.0514 499 647 762 881 8 0.0512 438 708 686 955 0 0.0505 378 395 625 627 3 0.0505 506 646 760 883 1 0.0503 251 526 501 776 5 0.0502 313 460 561 696 2 0.0501 257 542 503 777 5 0.0500 495 648 756 874
KE47MiLiExoa0Cp4cPE3RZim0xPOS1Zp,8 0.0568 438 652 687 895 3 0.0551 417 0 764 146 11 0.0548 431 657 692 898 8 0.0531 408 1 746 141 5 0.0527 309 0 596 180 5 0.0522 403 0 762 139 5 0.0520 367 224 718 408 8 0.0520 316 3 592 180 5 0.0516 430 645 690 890 13 0.0506 439 658 696 899 8 0.0503 596 538 825 770 11 0.0500 590 543 836 768
w4j1ZkTxHBv9NKmbkXZSkPiq4yu9CwtX,7 0.0568 441 777 691 1014 6 0.0568 250 317 502 567 11 0.0564 434 782 683 1013 11 0.0560 309 790 561 1021 7 0.0554 241 787 499 1022 11 0.0550 243 379 502 623 0 0.0550 325 345 574 570 5 0.0549 241 375 499 621 0 0.0546 169 336 433 586 8 0.0544 184 387 429 642 7 0.0538 183 389 437 639 11 0.0536 175 789 435 1017 0 0.0530 248 258 507 497 8 0.0529 243 321 489 568 6 0.0523 185 388 440 640 0 0.0523 393 463 648 702 13 0.0522 250 381 509 629 0 0.0521 439 780 686 1016 7 0.0519 330 345 577 571 6 0.0519 642 216 886 451 3 0.0513 246 384 504 632 0 0.0511 245 526 502 772 5 0.0509 324 0 578 229 0 0.0507 179 782 437 1023 5 0.0503 328 270 579 493 11 0.0502 326 277 589 492 11 0.0502 390 462 650 700
foDA4HhRfQC1iBVWNbvxBE2GweoGWKO1,0 0.0619 316 37 562 264 11 0.0595 315 42 560 263 10 0.0588 434 25 696 257 7 0.0587 324 40 568 263 5 0.0585 432 15 690 256 11 0.0582 433 24 695 255 0 0.0580 434 22 695 261 11 0.0578 359 599 635 837 0 0.0575 361 675 641 905 5 0.0574 565 73 818 318 8 0.0572 436 18 689 259 8 0.0570 324 40 558 263 5 0.0562 355 673 636 905 11 0.0561 239 793 509 1017 5 0.0553 312 32 558 261 0 0.0552 375 533 641 774 11 0.0545 308 728 585 955 11 0.0543 641 1 906 200 6 0.0538 345 669 695 854 11 0.0538 564 152 829 377 3 0.0533 508 19 756 265 0 0.0532 568 78 820 320 8 0.0530 569 81 812 322 7 0.0528 511 19 756 258 8 0.0526 339 668 680 855 8 0.0526 640 0 893 201 0 0.0526 241 787 512 1017 13 0.0526 571 83 825 324 13 0.0523 507 18 759 261 10 0.0522 318 40 562 262 7 0.0521 369 596 639 840 3 0.0521 361 675 644 910 3 0.0520 573 82 823 325 7 0.0519 395 82 638 316 10 0.0518 567 83 818 318 5 0.0516 563 209 826 430 3 0.0505 380 533 644 777 7 0.0504 246 787 513 1020 10 0.0503 641 3 901 200 3 0.0503 327 41 563 267 10 0.0501 337 673 696 855
dfpyq8YW51SwTP2lKeeNubINXkwYuq5K,5 0.0581 239 250 499 491 8 0.0568 177 315 428 565 5 0.0558 171 312 431 553 11 0.0557 239 261 501 489 6 0.0549 246 257 503 497 8 0.0548 246 259 490 496 11 0.0547 512 524 771 758 0 0.0543 573 420 827 641 11 0.0540 239 794 495 1018 3 0.0534 245 261 499 500 11 0.0529 426 663 689 890 7 0.0529 247 254 502 494 13 0.0521 250 324 506 569 11 0.0520 376 262 641 482 0 0.0519 510 525 775 764 7 0.0518 243 789 498 1020 5 0.0515 573 412 819 637 11 0.0513 353 726 622 950 0 0.0512 520 351 769 560 11 0.0512 173 317 438 554 5 0.0512 184 188 426 436 11 0.0511 573 418 829 635 0 0.0511 248 256 501 497 5 0.0510 512 519 769 763 10 0.0509 243 264 498 494 7 0.0501 436 659 695 893 6 0.0501 326 203 588 431
XzAybi3Oeg2rmqoq134fIOdPksfrKnee,8 0.0556 502 337 756 578 11 0.0556 497 401 747 631 7 0.0548 503 398 750 635 11 0.0537 345 352 701 531 8 0.0531 341 351 686 534 7 0.0530 445 336 694 570 3 0.0526 501 399 744 640 0 0.0517 503 340 763 577 3 0.0512 441 340 686 573 0 0.0501 344 349 700 533 5 0.0500 336 347 692 531
wxkjCf2G9dpwtrpRf7oJ9YiTIoAxLcz8,14 1.0 0 0 1 1
45zhCRu9u5cj9k1Nf8SVKeYDqigEKKOk,5 0.0549 492 474 852 661 11 0.0544 387 136 644 374 5 0.0542 307 196 579 435 8 0.0541 376 202 632 437 7 0.0532 506 477 864 668 11 0.0530 501 464 770 693 7 0.0525 450 400 713 634 8 0.0522 512 335 761 554 11 0.0521 313 208 584 437 8 0.0513 376 334 631 571 5 0.0512 380 123 634 375 11 0.0510 510 338 771 552 13 0.0509 507 479 866 666 6 0.0509 502 476 864 662 0 0.0507 504 462 773 700 8 0.0505 504 460 766 697 6 0.0504 321 202 585 437 3 0.0504 378 202 636 448 0 0.0500 511 337 765 557
NESD63XXlVVWd1wVKOBfFWn8R3awaKSk,0 0.0636 756 787 1010 1018 5 0.0624 0 788 239 1023 8 0.0617 756 785 1007 1015 11 0.0614 755 787 1015 1011 0 0.0609 0 793 242 1023 11 0.0607 0 797 243 1017 5 0.0606 755 784 1009 1014 8 0.0591 626 782 874 1021 7 0.0587 688 783 937 1022 8 0.0586 4 790 238 1022 11 0.0585 321 533 572 768 6 0.0581 0 799 244 1020 6 0.0580 761 790 1018 1014 11 0.0576 317 400 571 639 0 0.0575 380 338 641 577 5 0.0566 618 780 878 1018 5 0.0560 371 336 638 574 8 0.0558 391 539 636 776 8 0.0557 377 336 636 576 3 0.0554 0 789 242 1023 7 0.0554 316 332 582 574 11 0.0554 436 680 692 903 7 0.0553 3 792 244 1022 0 0.0549 317 392 569 643 0 0.0547 756 659 1019 900 13 0.0547 0 795 248 1023 8 0.0542 319 391 559 641 11 0.0540 625 787 880 1018 6 0.0539 629 788 888 1019 13 0.0534 761 787 1022 1016 8 0.0534 444 674 688 908 13 0.0530 320 329 589 572 7 0.0529 521 787 789 1002 0 0.0529 317 247 584 483 0 0.0527 315 527 573 773 0 0.0526 620 787 883 1022 11 0.0524 378 212 648 445 2 0.0523 377 346 642 576 1 0.0522 0 784 241 1023 5 0.0521 374 143 638 367 3 0.0521 317 328 576 580 5 0.0520 754 652 1018 899 3 0.0518 763 787 1011 1019 5 0.0518 429 670 689 899 7 0.0517 393 540 644 773 8 0.0517 756 659 1014 895 11 0.0517 444 553 709 780 8 0.0515 319 248 577 486 5 0.0514 307 247 580 479 3 0.0514 573 785 832 1017 10 0.0512 688 788 936 1021 13 0.0509 323 188 592 418 11 0.0509 376 343 643 575 6 0.0508 390 627 647 844 3 0.0507 389 403 631 657 2 0.0505 759 796 1017 1014 7 0.0505 318 462 565 701 0 0.0504 385 627 643 852 3 0.0502 437 340 696 588 8 0.0501 512 790 775 1005
CZODdXf5YtjNiwY01LuBv5CMTeCG8yq5,5 0.0666 363 783 616 1020 11 0.0642 369 786 617 1018 11 0.0627 432 663 704 887 8 0.0626 368 782 616 1023 7 0.0619 372 784 622 1022 11 0.0619 299 726 565 949 7 0.0616 510 724 774 958 10 0.0606 366 788 619 1022 0 0.0598 368 783 622 1023 0 0.0597 434 718 704 961 6 0.0586 440 721 703 957 5 0.0583 427 718 695 957 11 0.0583 503 600 763 826 0 0.0582 433 606 705 833 13 0.0582 306 789 562 1021 5 0.0578 501 659 767 888 6 0.0575 371 788 623 1022 0 0.0574 508 663 777 891 8 0.0574 438 720 695 958 3 0.0570 370 783 620 1023 3 0.0569 311 674 576 906 3 0.0566 436 660 699 895 7 0.0565 380 663 645 892 11 0.0564 330 544 594 772 3 0.0560 511 595 759 832 8 0.0557 375 664 637 892 7 0.0557 510 596 766 826 8 0.0554 302 725 558 950 5 0.0553 293 721 560 949 9 0.0553 299 788 555 1018 0 0.0552 300 725 565 954 3 0.0551 388 540 646 782 10 0.0550 434 663 701 888 8 0.0550 66 357 320 583 11 0.0549 502 726 768 956 2 0.0547 373 790 620 1023 0 0.0543 319 604 582 841 13 0.0542 440 721 707 960 8 0.0541 381 541 634 775 8 0.0540 380 408 620 640 0 0.0539 68 360 330 587 10 0.0537 297 727 563 951 7 0.0536 303 725 568 952 6 0.0534 511 663 777 889 8 0.0532 508 660 765 892 6 0.0532 321 608 586 838 6 0.0522 70 361 331 587 10 0.0522 445 538 706 769 6 0.0521 440 610 705 834 2 0.0520 437 723 703 957 13 0.0515 256 719 514 944 8 0.0515 187 662 440 894 9 0.0514 368 722 634 949 7 0.0512 386 538 646 775 8 0.0511 438 608 695 832 1 0.0509 367 779 622 1023 12 0.0507 439 718 704 959 5 0.0506 258 530 516 769 13 0.0505 76 356 337 584 13 0.0505 321 605 590 841 5 0.0503 181 656 444 891 3 0.0502 507 724 771 961 5 0.0501 62 353 324 584 12 0.0500 373 784 621 1023
kE6x3JeMWmknK6P3K5lHRwH0gsQovE9c,7 0.0659 196 649 439 897 7 0.0631 260 708 500 960 11 0.0623 191 652 437 897 8 0.0618 192 650 429 898 5 0.0617 189 647 434 896 8 0.0614 258 705 492 960 5 0.0600 254 706 494 956 11 0.0599 243 593 504 825 7 0.0598 317 643 572 892 0 0.0595 258 708 498 961 8 0.0583 311 647 562 894 0 0.0580 192 648 436 901 11 0.0580 312 649 566 890 0 0.0579 245 589 502 828 8 0.0578 243 588 493 825 13 0.0577 260 711 503 958 0 0.0574 312 645 569 896 5 0.0572 309 643 565 890 10 0.0572 190 654 438 897 7 0.0568 249 587 503 829 13 0.0564 318 647 577 892 13 0.0556 677 37 1023 220 10 0.0552 255 713 501 957 7 0.0552 385 589 643 827 10 0.0544 311 648 571 893 0 0.0544 668 38 1023 222 6 0.0536 259 709 500 959 13 0.0536 195 651 444 897 0 0.0536 380 593 640 829 11 0.0533 228 460 505 682 3 0.0529 261 706 498 964 2 0.0528 259 715 499 959 7 0.0527 312 516 574 753 5 0.0524 234 536 502 767 6 0.0519 195 654 440 897 3 0.0517 194 651 435 903 11 0.0514 663 39 1023 216 13 0.0514 383 594 649 825 2 0.0513 317 656 568 891 8 0.0509 671 37 1010 217 10 0.0507 243 593 503 826 8 0.0506 379 592 630 825 5 0.0505 378 585 631 823 11 0.0504 378 593 642 821 0 0.0503 309 524 571 752 3 0.0501 317 644 570 901
GX2VPiIApOhNI7amFdLXvxYFRPZjsRaB,0 0.0539 2 540 241 783 8 0.0535 349 91 665 273 11 0.0535 0 539 246 774
4MAziZjpgGBBnmKdDU8A8hejSi63t3oX,11 0.0565 435 584 705 834 7 0.0554 447 582 714 840 5 0.0546 434 575 704 838 11 0.0537 491 658 770 900 10 0.0521 435 584 706 841 8 0.0520 441 583 700 835 5 0.0519 492 649 765 905 8 0.0515 500 659 763 902 6 0.0509 444 580 710 839 13 0.0508 507 660 774 907 0 0.0505 438 582 707 839
WeOyL965kzAa8PnXrCgcqhFTlIiSoXZW,8 0.0572 565 209 824 436 5 0.0569 562 208 828 437 8 0.0561 571 70 814 305 6 0.0557 571 213 834 434 0 0.0546 563 214 832 435 11 0.0533 561 214 834 431 11 0.0531 569 72 828 304 3 0.0530 570 212 830 441 0 0.0528 570 2 821 204 8 0.0527 445 204 700 441 0 0.0522 699 16 950 249 6 0.0518 507 133 769 367 8 0.0517 498 134 754 370 5 0.0514 569 69 820 303 7 0.0510 567 212 834 437 6 0.0508 451 205 713 438 13 0.0504 570 213 840 437 6 0.0502 575 74 828 304 11 0.0501 445 206 710 437 5 0.0501 495 131 762 368
PzvUqTUec6UmuzY7r297UnpFuXLlETTx,5 0.0590 567 455 823 700 11 0.0571 570 465 827 697 0 0.0570 573 461 826 700 11 0.0565 337 427 688 608 8 0.0562 397 477 726 655 8 0.0547 574 459 818 698 5 0.0536 568 326 814 569 6 0.0532 396 476 748 656 11 0.0526 567 338 818 566 6 0.0523 574 462 827 698 3 0.0523 574 465 827 705 3 0.0517 398 478 736 660 11 0.0514 457 155 703 381 13 0.0511 390 141 650 379 5 0.0510 317 0 559 245 5 0.0506 380 472 733 658 11 0.0503 242 396 504 615 7 0.0503 573 459 829 703
bpgkn4G3IpFxLtnqQcApoDCgplfayCL2,5 0.0624 242 783 483 1018 7 0.0618 309 785 554 1021 8 0.0607 247 783 483 1022 7 0.0605 189 786 435 1023 11 0.0604 185 733 437 968 0 0.0604 382 395 623 635 8 0.0596 250 409 495 649 11 0.0593 252 412 499 648 8 0.0580 122 782 369 1022 7 0.0575 188 466 441 707 8 0.0573 181 522 431 759 8 0.0570 381 399 618 630 13 0.0566 126 785 386 1023 0 0.0565 257 409 498 652 8 0.0562 74 667 431 843 11 0.0559 378 401 627 633 0 0.0553 255 725 500 969 5 0.0552 115 779 372 1019 7 0.0550 82 670 450 843 7 0.0545 258 408 500 653 13 0.0544 252 789 496 1023 6 0.0542 257 414 501 647 6 0.0540 249 791 491 1023 11 0.0540 184 471 439 703 0 0.0538 189 525 440 763 10 0.0531 189 734 432 970 7 0.0526 384 398 628 635 2 0.0524 186 787 434 1023 5 0.0519 183 520 437 757 6 0.0516 383 403 628 633 0 0.0514 183 784 431 1021 0 0.0513 128 468 380 700 2 0.0512 309 789 554 1023 3 0.0512 385 400 625 640 0 0.0512 69 734 446 912 6 0.0510 125 786 380 1023
sTIktrx89YrOLMC4rdbAgOfgsSnFbydp,11 0.0609 381 202 651 431 11 0.0604 309 132 580 369 5 0.0594 306 196 572 439 0 0.0583 316 203 578 442 0 0.0581 320 456 576 713 13 0.0577 322 272 580 505 8 0.0575 316 130 568 372 8 0.0574 397 262 642 500 11 0.0574 256 529 529 766 11 0.0569 311 272 579 501 5 0.0567 438 200 693 432 8 0.0563 310 666 580 895 7 0.0561 262 527 529 769 11 0.0560 387 339 655 571 0 0.0559 242 661 511 905 6 0.0557 244 662 513 900 7 0.0553 316 201 581 443 11 0.0553 243 198 505 441 8 0.0552 243 736 497 966 5 0.0551 301 600 566 838 13 0.0549 387 203 660 431 0 0.0548 305 604 577 842 8 0.0548 174 784 417 1018 13 0.0545 259 601 535 844 0 0.0544 444 205 701 435 5 0.0542 260 391 517 633 3 0.0540 388 198 651 436 13 0.0540 270 395 525 642 13 0.0539 317 131 588 371 8 0.0538 249 274 492 512 6 0.0538 266 392 524 640 7 0.0536 394 263 656 502 0 0.0535 399 404 650 636 11 0.0535 261 398 524 639 10 0.0535 313 211 579 443 7 0.0534 268 395 525 643 5 0.0533 240 273 499 507 6 0.0531 261 529 533 765 10 0.0529 261 456 521 700 2 0.0529 443 213 701 432 0 0.0527 320 335 579 578 6 0.0527 320 132 580 370 6 0.0525 309 604 580 839 5 0.0524 305 62 578 300 5 0.0523 236 660 502 902 5 0.0521 395 400 647 627 0 0.0521 249 279 501 513 6 0.0519 399 265 656 499 11 0.0518 242 664 512 901 5 0.0518 253 523 524 763 7 0.0517 393 531 639 763 6 0.0516 253 199 511 443 0 0.0516 452 472 697 709 0 0.0515 387 532 634 764 0 0.0515 375 671 636 905 11 0.0515 305 603 576 837 13 0.0515 396 340 659 574 7 0.0514 248 275 509 514 7 0.0512 406 405 657 636 13 0.0511 255 196 512 445 7 0.0510 389 134 660 369 2 0.0510 261 532 530 768 0 0.0509 386 136 654 370 13 0.0509 330 527 598 762 8 0.0509 323 524 584 759 3 0.0508 320 267 577 508 3 0.0508 266 458 519 709 0 0.0504 304 729 572 968 5 0.0503 387 526 630 761 10 0.0502 394 268 652 499 0 0.0502 170 781 433 1016
0ZZ4oQp7lTubXliRLVVWT4y6EcRbJmt8,13 0.0589 436 785 707 1023 11 0.0588 371 720 640 962 11 0.0575 487 592 761 837 13 0.0575 315 718 566 965 0 0.0573 495 594 762 843 11 0.0572 312 653 571 884 5 0.0571 421 781 699 1016 0 0.0569 308 716 561 965 11 0.0567 430 790 698 1019 11 0.0565 554 802 812 1018 7 0.0562 558 802 821 1022 13 0.0561 387 651 652 896 5 0.0561 486 588 760 837 5 0.0560 374 595 642 836 0 0.0559 556 804 816 1022 3 0.0559 562 803 813 1023 7 0.0558 433 785 708 1020 3 0.0557 434 788 704 1023 0 0.0557 430 785 703 1023 8 0.0553 376 714 634 964 8 0.0549 555 546 818 782 5 0.0548 549 797 809 1014 10 0.0548 429 789 700 1019 8 0.0547 310 591 572 823 7 0.0547 317 647 575 887 0 0.0545 383 651 647 896 8 0.0544 433 785 694 1022 13 0.0536 561 805 820 1023 8 0.0534 557 804 804 1022 13 0.0532 496 591 769 839 13 0.0531 318 592 585 825 10 0.0528 446 656 713 888 13 0.0524 257 650 517 884 6 0.0523 494 591 763 837 2 0.0521 493 593 767 837 10 0.0520 370 717 642 961 6 0.0520 387 652 647 893 6 0.0519 251 647 516 882 8 0.0518 447 652 708 897 2 0.0517 315 652 572 887 0 0.0513 309 592 577 826 3 0.0513 561 546 827 788 3 0.0510 452 654 715 899 10 0.0508 315 653 573 885 6 0.0507 316 593 578 821 7 0.0506 449 650 717 895 7 0.0504 560 545 831 783
Z4KHyH5CHwK4cLoctnAxbGk6wdcg7hnk,11 0.0546 373 671 636 905 0 0.0542 442 463 697 693 8 0.0537 378 663 630 909 11 0.0531 441 461 697 691 7 0.0524 379 596 638 843 8 0.0523 443 464 692 690 0 0.0523 377 409 628 638 11 0.0521 375 408 630 637 7 0.0519 445 460 705 689 0 0.0513 377 666 640 907 7 0.0512 380 405 631 634 8 0.0501 379 406 621 637 5 0.0500 376 402 627 631
NvO7OmYX4uu5VfqzCWchZW1ul8ORAozz,0 0.0679 509 330 767 573 8 0.0665 511 327 760 572 5 0.0652 575 509 828 769 0 0.0652 506 213 761 453 8 0.0650 503 211 753 450 5 0.0642 502 205 759 451 5 0.0636 504 324 761 570 8 0.0635 580 508 822 771 0 0.0613 579 514 831 772 11 0.0611 506 215 761 450 3 0.0610 563 328 826 569 11 0.0593 509 333 767 568 13 0.0593 512 329 770 573 7 0.0581 329 547 703 736 7 0.0581 511 327 766 574 7 0.0580 506 211 761 455 11 0.0577 576 515 833 771 11 0.0576 381 547 750 729 13 0.0575 585 516 836 772 3 0.0574 586 515 831 780 3 0.0573 507 214 761 458 10 0.0568 438 520 700 766 10 0.0565 508 331 764 573 5 0.0565 297 218 659 411 7 0.0563 584 514 834 775 8 0.0562 385 544 738 727 5 0.0560 378 537 749 725 10 0.0560 579 519 832 774 2 0.0560 510 334 763 571 2 0.0555 506 219 759 452 2 0.0554 579 519 830 775 13 0.0554 506 213 767 451 13 0.0551 378 516 642 759 3 0.0549 443 513 700 771 0 0.0549 383 544 749 728 11 0.0545 694 603 944 821 7 0.0543 196 446 438 692 6 0.0543 512 329 768 571 9 0.0542 506 214 761 448 8 0.0542 327 460 569 696 0 0.0541 265 452 519 696 11 0.0540 534 99 789 315 6 0.0540 519 154 770 380 8 0.0540 300 223 647 410 10 0.0538 502 215 760 452 0 0.0537 691 604 939 829 11 0.0537 452 7 715 241 7 0.0537 324 456 587 693 0 0.0535 463 80 719 308 13 0.0533 308 223 675 413 1 0.0533 505 326 764 574 6 0.0531 581 517 831 772 6 0.0530 443 518 699 765 2 0.0529 439 519 696 764 13 0.0529 442 585 703 823 5 0.0528 456 69 714 305 2 0.0526 308 229 664 411 11 0.0525 262 454 518 691 9 0.0524 510 330 765 566 3 0.0522 322 458 582 702 11 0.0521 298 224 669 411 12 0.0516 585 514 832 776 2 0.0516 325 464 576 695 0 0.0514 299 221 664 414 5 0.0513 365 578 638 828 5 0.0513 690 593 935 820 13 0.0510 465 79 728 307 10 0.0507 370 588 641 835 7 0.0507 307 599 581 850 4 0.0506 510 334 768 574 1 0.0505 497 210 759 456 7 0.0503 313 224 668 410 10 0.0502 322 466 580 695 3 0.0502 543 100 790 320 10 0.0501 459 79 721 306
Nz5Daw30dSJ4a8qS1rVsCVFGguFbs6lV,0 0.0610 416 293 776 484 11 0.0600 439 215 692 443 0 0.0591 570 216 816 463 7 0.0584 587 516 840 754 0 0.0584 412 420 771 607 11 0.0580 635 469 896 708 5 0.0575 579 512 836 755 8 0.0573 444 211 685 446 11 0.0572 412 358 774 543 5 0.0571 282 475 644 660 5 0.0571 346 411 708 599 0 0.0570 697 411 948 656 3 0.0567 589 518 842 761 6 0.0566 509 337 760 575 6 0.0562 442 212 694 446 8 0.0562 418 355 763 541 11 0.0555 287 481 651 661 6 0.0555 356 414 716 601 13 0.0555 419 489 777 671 5 0.0553 570 214 812 463 8 0.0553 419 487 765 671 8 0.0552 356 416 701 598 7 0.0551 424 490 778 671 6 0.0550 577 217 822 463 0 0.0546 422 544 794 734 13 0.0542 587 516 848 757 13 0.0541 357 415 715 601 13 0.0539 251 466 502 705 3 0.0538 357 416 715 603 0 0.0536 243 468 500 699 5 0.0536 513 147 752 390 8 0.0534 636 465 888 710 0 0.0533 515 152 759 394 6 0.0532 294 478 659 662 7 0.0530 510 338 758 573 3 0.0530 422 490 778 676 11 0.0529 569 219 820 460 6 0.0529 643 465 901 712 10 0.0528 416 489 774 671 11 0.0527 512 152 761 389 10 0.0527 417 356 770 543 3 0.0525 426 292 775 487 7 0.0523 448 143 703 382 6 0.0523 256 404 502 634 8 0.0522 383 285 619 516 7 0.0520 458 280 701 502 8 0.0519 573 216 810 462 5 0.0519 236 330 489 564 10 0.0518 251 406 500 633 10 0.0518 384 151 645 387 2 0.0515 412 360 770 542 8 0.0515 515 151 753 393 7 0.0512 251 463 500 700 3 0.0512 512 339 758 579 6 0.0510 520 151 761 392 6 0.0509 381 281 630 517 13 0.0508 444 215 696 447 8 0.0505 360 524 622 752 5 0.0504 437 208 684 444 2 0.0503 573 224 819 460
ZOSwolUohy6s6Ulp0cqAQ68iKk3oOJBP,7 0.0639 377 720 626 964 11 0.0586 371 723 624 959 0 0.0580 378 668 634 898 6 0.0572 3 1 246 207 13 0.0571 380 722 630 963 5 0.0570 368 717 618 957 8 0.0566 376 721 619 960 8 0.0565 86 0 436 143 5 0.0562 486 736 754 971 11 0.0558 73 2 456 144 8 0.0553 1 0 233 209 11 0.0550 0 3 241 207 5 0.0540 0 0 240 206 7 0.0535 487 794 752 1023 13 0.0533 489 800 752 1023 6 0.0533 378 722 627 961 0 0.0531 0 0 244 213 10 0.0527 0 4 240 210 3 0.0523 379 671 631 897 0 0.0520 484 796 744 1023 10 0.0520 372 725 623 959 11 0.0517 481 797 743 1021 0 0.0516 499 674 775 911 2 0.0515 374 725 626 964 13 0.0511 84 1 460 147 8 0.0508 487 796 736 1020 5 0.0508 71 0 445 145 0 0.0507 85 0 454 149 13 0.0506 3 0 251 214 11 0.0505 498 677 775 905
gBQ9opBo7Ob9Quw5d6bkkKYUs4BXKYxg,5 0.0604 429 336 685 570 11 0.0587 382 342 640 576 0 0.0582 433 344 686 574 7 0.0580 434 345 692 570 6 0.0545 386 338 646 578 8 0.0533 383 337 636 580 3 0.0521 387 340 642 588 8 0.0517 505 315 738 551 5 0.0509 309 335 567 575 2 0.0505 384 346 642 578
mcryw0Hv0D9Lq7qkMgL0yRIzm7CE9luY,8 0.0653 251 719 500 960 5 0.0632 245 788 497 1020 5 0.0625 297 715 564 959 7 0.0620 389 802 637 1023 11 0.0611 384 803 631 1019 0 0.0608 304 718 569 964 5 0.0605 384 799 628 1020 7 0.0605 255 791 505 1023 11 0.0598 250 790 500 1020 6 0.0590 265 735 638 911 11 0.0589 259 736 624 907 8 0.0580 310 654 573 892 7 0.0579 306 718 573 962 13 0.0576 257 797 505 1023 8 0.0569 370 732 627 964 10 0.0566 299 721 570 960 5 0.0565 250 653 509 881 0 0.0563 386 800 631 1023 8 0.0561 188 794 429 1023 0 0.0556 252 792 502 1023 6 0.0550 391 806 637 1023 13 0.0549 393 805 636 1023 6 0.0548 258 794 505 1023 8 0.0538 133 670 496 847 10 0.0536 249 795 500 1023 10 0.0534 254 659 515 883 13 0.0531 305 724 578 962 10 0.0525 388 804 633 1021 3 0.0524 392 801 631 1023 0 0.0520 434 736 696 965 2 0.0513 253 794 500 1023 5 0.0513 429 736 691 954 2 0.0505 303 724 569 961 3 0.0502 253 792 503 1023
5A377eqqJvwMccInbwQWxWzhbQ9OMIJs,11 0.0636 291 595 557 822 11 0.0616 459 462 718 694 5 0.0608 442 599 702 834 6 0.0599 449 611 710 833 8 0.0584 443 604 691 834 8 0.0579 453 389 702 639 11 0.0578 298 717 574 951 3 0.0578 519 610 762 842 11 0.0576 424 728 708 964 8 0.0574 189 271 433 508 8 0.0572 175 603 415 835 11 0.0570 233 658 499 890 11 0.0570 444 608 704 837 5 0.0562 522 537 763 764 11 0.0555 185 274 444 504 6 0.0547 461 464 720 696 5 0.0547 448 326 695 581 5 0.0546 433 225 694 455 7 0.0545 376 603 633 827 11 0.0544 619 223 888 452 11 0.0543 589 480 836 714 11 0.0543 529 393 775 633 8 0.0542 528 467 763 697 7 0.0540 297 665 565 899 11 0.0540 172 603 426 829 7 0.0537 514 613 767 832 8 0.0537 299 598 550 827 0 0.0535 515 611 761 837 6 0.0535 524 548 770 764 11 0.0531 457 157 712 378 8 0.0527 438 223 687 455 11 0.0526 446 326 705 582 7 0.0523 173 660 437 895 5 0.0521 370 718 644 951 7 0.0520 375 725 653 955 7 0.0518 453 325 707 585 5 0.0518 173 592 423 831 0 0.0516 457 462 715 694 10 0.0515 458 467 714 695 3 0.0515 379 599 629 834 0 0.0515 190 273 443 507 5 0.0515 457 457 707 693 0 0.0515 427 727 709 965 11 0.0514 522 546 768 762 8 0.0513 429 725 698 967 13 0.0509 520 612 763 835 3 0.0509 189 275 442 514 5 0.0507 181 268 438 505 8 0.0505 577 271 809 521 0 0.0505 441 227 697 458 0 0.0504 450 330 701 583 5 0.0503 293 588 554 819 0 0.0501 529 396 774 638 2 0.0500 457 395 710 639
jFCj3OwKyXxwuVKRR5qCiV2oFRlpWHIM,11 0.0568 308 273 582 509 0 0.0560 312 339 573 588 11 0.0557 309 408 568 652 5 0.0556 308 343 571 584 8 0.0553 315 342 565 588 13 0.0544 313 403 571 661 6 0.0540 316 346 580 588 3 0.0538 310 409 568 663 0 0.0537 247 265 519 501 0 0.0531 239 399 505 653 7 0.0530 313 271 578 511 7 0.0526 312 407 567 656 11 0.0522 244 348 514 579 13 0.0513 314 272 587 516 8 0.0512 238 400 497 648 5 0.0501 234 402 504 643
D5olp8DggTwuqWagSiTgqdQ2You6UCGN,8 0.0594 46 0 291 220 6 0.0592 46 1 308 217 8 0.0567 455 395 694 634 11 0.0563 453 401 703 631 0 0.0555 451 397 702 635 0 0.0550 244 396 503 631 7 0.0549 454 398 701 636 0 0.0546 99 0 356 235 5 0.0541 369 388 631 628 5 0.0538 186 395 449 632 8 0.0535 583 610 808 849 10 0.0534 454 399 703 633 0 0.0527 567 342 816 585 11 0.0526 503 340 763 567 13 0.0519 457 397 708 635 5 0.0517 41 0 297 218 6 0.0516 516 407 762 641 11 0.0516 580 609 817 849 8 0.0511 568 340 810 585 10 0.0511 119 483 389 710 0 0.0510 585 544 825 785 0 0.0508 436 276 699 510 11 0.0506 371 336 635 562 0 0.0506 319 343 557 575 3 0.0506 459 396 698 638 13 0.0504 192 402 464 638
FWfMlciWLc9ELykXsQGWxXZmzHN1I4QD,5 0.0586 372 594 632 838 5 0.0581 487 591 766 840 8 0.0569 427 404 682 637 5 0.0568 549 514 822 762 13 0.0565 439 521 702 774 8 0.0563 496 594 762 845 13 0.0558 383 602 643 840 5 0.0557 409 337 677 565 8 0.0557 312 412 563 638 11 0.0556 198 1 551 155 8 0.0552 434 519 688 779 13 0.0549 556 524 835 761 5 0.0549 402 469 769 657 8 0.0549 554 521 820 764 7 0.0547 311 410 573 635 10 0.0545 491 599 768 846 5 0.0545 431 513 694 775 13 0.0545 498 599 774 842 11 0.0543 550 519 830 762 6 0.0543 328 598 584 838 13 0.0542 318 522 577 762 0 0.0540 496 524 769 778 7 0.0540 437 518 696 779 0 0.0540 497 386 756 625 6 0.0539 504 384 761 623 6 0.0539 437 520 703 776 11 0.0537 296 343 561 565 7 0.0537 413 471 774 658 11 0.0534 431 522 695 774 10 0.0532 554 523 828 764 11 0.0531 411 341 685 566 3 0.0531 416 472 767 661 11 0.0528 490 596 767 842 0 0.0527 415 340 682 570 0 0.0526 627 520 894 765 10 0.0525 436 524 695 778 5 0.0525 310 516 563 760 3 0.0522 442 520 696 781 7 0.0522 419 338 685 566 0 0.0522 374 520 632 774 2 0.0522 436 526 691 776 8 0.0521 557 394 816 621 2 0.0521 377 604 634 842 11 0.0520 374 602 636 841 5 0.0517 195 0 541 153 8 0.0516 376 599 629 843 6 0.0516 384 674 645 916 13 0.0515 429 407 699 640 7 0.0514 496 594 772 844 13 0.0512 314 414 577 637 6 0.0512 497 595 776 842 13 0.0512 564 396 831 622 0 0.0512 198 0 549 157 3 0.0512 372 409 626 641 2 0.0511 556 525 825 763 10 0.0511 412 472 775 659 11 0.0511 557 396 826 620 6 0.0509 556 520 831 764 10 0.0507 237 420 499 637 7 0.0507 382 598 639 846 0 0.0504 323 597 578 843 5 0.0504 295 335 555 562 8 0.0504 246 469 492 688 8 0.0502 313 521 559 763 7 0.0502 554 518 830 765 2 0.0501 494 600 769 846 8 0.0501 369 342 615 568 5 0.0500 234 408 494 632
nnr7yCgExLhvfEGiCq0CnQTb9j3rHA50,11 0.0634 371 737 634 967 13 0.0624 321 792 573 1023 0 0.0618 451 597 701 833 0 0.0615 508 530 778 764 0 0.0613 493 738 765 968 7 0.0602 385 791 638 1023 7 0.0597 568 788 836 1023 0 0.0597 380 789 635 1023 8 0.0595 387 788 628 1023 5 0.0594 492 674 764 904 11 0.0593 490 741 767 962 11 0.0592 438 670 701 898 5 0.0590 309 785 562 1019 5 0.0588 504 525 770 758 7 0.0583 457 598 704 831 6 0.0579 455 597 706 828 0 0.0578 386 539 637 777 5 0.0571 558 786 828 1017 13 0.0566 457 596 704 829 7 0.0564 386 538 640 769 5 0.0563 447 590 698 827 3 0.0561 455 598 701 834 8 0.0560 454 598 694 826 11 0.0558 505 534 777 759 3 0.0556 386 791 635 1023 6 0.0556 513 532 779 764 7 0.0554 511 532 780 760 11 0.0551 324 330 567 558 10 0.0548 314 790 565 1023 13 0.0548 323 668 569 892 6 0.0543 387 792 636 1022 7 0.0539 323 598 563 823 8 0.0539 510 531 768 760 13 0.0539 500 740 771 965 0 0.0538 309 725 555 962 11 0.0538 245 735 490 959 13 0.0536 514 532 782 762 11 0.0534 316 667 560 889 13 0.0532 253 736 497 961 2 0.0532 496 743 768 967 3 0.0531 566 792 834 1023 2 0.0529 453 603 702 830 7 0.0528 500 681 772 907 8 0.0528 565 789 822 1021 6 0.0525 498 680 776 903 8 0.0524 385 538 626 770 5 0.0524 377 530 632 765 11 0.0524 400 397 645 635 13 0.0524 568 791 843 1021 8 0.0523 257 319 478 555 10 0.0522 508 531 775 761 8 0.0521 196 659 430 883 11 0.0520 386 537 633 768 3 0.0519 498 679 767 909 7 0.0518 252 733 495 958 0 0.0518 559 668 839 898 5 0.0518 315 591 555 816 8 0.0517 311 730 550 958 10 0.0514 436 669 699 898 5 0.0512 248 319 483 554 13 0.0511 390 539 640 770 11 0.0510 393 268 635 491 3 0.0510 388 542 636 777 6 0.0508 313 729 560 961 3 0.0506 253 327 484 565 1 0.0504 315 780 566 1023 7 0.0504 327 326 566 560 2 0.0501 318 792 565 1023 0 0.0500 401 399 647 638
0SaYKvBUKPuubsnic8Qb5XUry3GKdXBt,5 0.0689 253 782 494 1020 11 0.0680 190 668 445 904 5 0.0676 194 713 439 954 0 0.0665 256 661 506 909 8 0.0664 258 781 497 1021 11 0.0658 192 784 435 1013 7 0.0657 193 785 436 1018 11 0.0653 312 589 565 830 0 0.0651 257 786 498 1022 11 0.0651 372 522 621 743 7 0.0643 257 663 508 906 10 0.0635 254 664 506 905 0 0.0633 131 671 371 911 0 0.0632 315 588 567 835 7 0.0632 315 585 568 833 7 0.0631 189 597 445 840 6 0.0625 199 717 443 954 8 0.0623 258 660 503 907 8 0.0623 130 671 370 912 11 0.0620 125 606 382 843 3 0.0614 260 661 508 909 10 0.0611 130 676 371 909 8 0.0607 317 590 558 831 13 0.0604 133 671 380 911 5 0.0602 311 584 563 830 10 0.0602 257 788 497 1019 0 0.0600 186 599 441 842 3 0.0598 136 670 375 913 8 0.0597 187 598 439 840 6 0.0596 316 589 571 830 7 0.0594 133 673 376 911 13 0.0589 194 787 438 1018 8 0.0589 768 531 1017 771 3 0.0583 316 588 568 836 6 0.0581 256 789 498 1023 2 0.0579 258 787 498 1022 6 0.0579 188 599 446 839 3 0.0577 259 784 497 1023 5 0.0577 184 598 440 835 9 0.0575 190 669 443 901 10 0.0574 185 601 442 839 9 0.0568 191 786 436 1015 11 0.0568 763 540 1023 768 13 0.0567 258 663 511 908 6 0.0564 768 535 1023 770 8 0.0563 372 523 608 743 13 0.0562 192 600 449 841 2 0.0561 198 719 441 956 10 0.0559 315 591 566 831 8 0.0559 59 601 311 845 12 0.0559 199 715 441 954 7 0.0559 373 519 621 743 0 0.0557 371 522 621 748 1 0.0555 254 780 497 1023 7 0.0553 770 534 1023 769 1 0.0551 253 657 507 906 3 0.0550 373 523 619 753 3 0.0549 765 536 1023 771 0 0.0548 709 808 960 1023 2 0.0546 314 594 565 834 5 0.0541 759 536 1022 766 13 0.0539 317 590 571 831 5 0.0538 368 518 615 744 3 0.0538 191 600 445 843 9 0.0531 122 602 380 840 13 0.0530 767 535 1023 771 0 0.0529 765 533 1023 770 6 0.0529 375 524 624 743 1 0.0528 184 596 444 838 2 0.0527 373 530 617 747 12 0.0526 259 783 497 1022 4 0.0519 196 720 443 955 10 0.0512 373 527 618 743 0 0.0512 63 605 313 847 7 0.0511 72 602 320 847 12 0.0510 191 601 444 841 12 0.0506 317 587 566 832 10 0.0506 761 539 1023 769 4 0.0501 314 592 570 833
jwahOBIMzKEAlcnxv9BIDb99Y9dlTtTD,11 0.0570 6 791 236 1022 6 0.0563 125 1 392 209 11 0.0546 117 3 390 208 8 0.0544 11 788 229 1020 5 0.0524 117 0 385 213 8 0.0521 123 0 381 211 0 0.0514 87 0 440 153 7 0.0514 12 790 241 1023 0 0.0514 7 792 237 1023 6 0.0507 40 33 310 262
jzZq085OxJLoqbWtD09BEVYZLCcGRRUF,8 0.0646 307 388 562 633 0 0.0644 304 452 565 698 8 0.0633 192 447 439 700 11 0.0628 303 457 566 696 0 0.0624 309 329 567 579 8 0.0622 192 584 445 834 11 0.0620 246 596 504 838 5 0.0617 236 387 512 632 6 0.0613 319 585 573 835 0 0.0607 191 455 450 699 5 0.0606 311 506 566 758 6 0.0601 370 449 632 692 0 0.0601 312 584 574 838 5 0.0598 312 277 571 520 5 0.0594 239 590 504 835 0 0.0593 389 278 638 522 7 0.0588 322 276 579 525 13 0.0587 319 279 586 524 11 0.0587 430 459 682 690 11 0.0586 376 337 627 575 6 0.0586 248 518 509 762 6 0.0582 212 354 584 530 11 0.0581 178 516 440 761 7 0.0578 309 391 570 634 3 0.0577 370 447 627 696 2 0.0576 245 523 504 763 8 0.0574 314 589 564 836 11 0.0573 380 603 644 844 7 0.0570 316 508 574 762 8 0.0569 124 514 377 765 13 0.0569 307 394 576 632 7 0.0562 249 590 510 840 11 0.0560 205 357 573 531 0 0.0554 382 513 646 762 8 0.0553 383 210 638 460 13 0.0552 318 513 577 759 5 0.0548 363 664 623 914 10 0.0545 374 337 629 575 0 0.0545 124 515 386 763 13 0.0544 240 456 509 702 0 0.0542 193 583 457 840 13 0.0541 248 597 511 840 8 0.0540 464 264 707 515 10 0.0540 205 359 569 532 10 0.0540 237 466 504 704 0 0.0539 313 195 584 448 10 0.0536 312 590 575 835 3 0.0534 248 595 507 842 6 0.0533 193 448 453 696 3 0.0529 238 459 504 708 3 0.0526 243 339 513 583 5 0.0525 439 515 709 768 12 0.0524 307 453 567 698 9 0.0524 311 587 572 834 8 0.0523 446 521 697 769 3 0.0523 384 601 644 853 12 0.0521 379 337 626 583 2 0.0520 314 592 570 837 13 0.0519 386 602 650 844 12 0.0519 314 586 574 839 8 0.0515 321 277 566 526 3 0.0512 374 335 630 580 7 0.0512 387 209 652 459 10 0.0512 303 398 568 633 13 0.0512 466 266 719 510 2 0.0511 306 459 565 695 8 0.0511 375 671 619 917 10 0.0510 189 588 454 833
0XZn3YeCkVoZbwJMn0TgglbJW71kcKcZ,8 0.0629 379 598 622 823 11 0.0611 441 600 693 828 8 0.0593 499 601 752 827 0 0.0587 446 599 689 831 8 0.0582 501 0 763 245 5 0.0574 499 0 768 243 5 0.0568 161 596 421 820 7 0.0566 170 597 421 825 13 0.0566 571 71 836 306 7 0.0565 448 597 696 832 5 0.0563 561 70 829 301 7 0.0562 309 598 563 827 0 0.0559 380 16 647 256 8 0.0555 383 9 639 250 11 0.0554 299 594 561 826 11 0.0552 366 661 624 894 5 0.0551 294 590 558 826 3 0.0547 381 598 625 831 13 0.0545 508 0 773 246 8 0.0544 569 72 821 306 8 0.0535 170 591 414 825 8 0.0533 301 663 558 903 11 0.0532 374 15 645 251 13 0.0532 389 8 650 252 13 0.0531 237 790 514 1019 11 0.0531 564 74 830 303 7 0.0531 509 2 771 246 5 0.0529 641 16 891 250 5 0.0529 440 595 690 829 5 0.0529 375 8 643 250 11 0.0528 498 6 769 243 0 0.0524 500 2 770 248 3 0.0523 506 5 772 250 6 0.0520 381 594 627 824 3 0.0519 571 76 828 312 7 0.0516 385 12 651 253 11 0.0515 113 590 355 823 6 0.0515 571 74 831 304 13 0.0515 447 600 695 832 0 0.0514 714 12 953 252 5 0.0512 367 656 622 895 10 0.0507 381 21 646 255 10 0.0507 374 598 628 827 7 0.0506 377 659 632 897 3 0.0505 122 593 349 835 7 0.0501 336 391 583 640
zwipTQea32I2Ghfyu6Ato29XoixaBQVD,8 0.0563 359 415 687 599 8 0.0558 231 446 480 696 0 0.0558 562 350 824 575 0 0.0543 513 279 756 501 11 0.0533 562 351 830 571 0 0.0526 350 416 694 602 5 0.0520 349 411 696 599 10 0.0518 352 421 703 600 11 0.0514 632 405 900 630 3 0.0513 568 350 828 582 5 0.0509 560 342 823 574 11 0.0507 352 418 695 598 6 0.0505 568 345 830 576
Yix18dSyn1t91L1jDpek1amoGzUVY3n0,8 0.0673 187 786 425 1023 7 0.0672 136 675 504 850 5 0.0664 122 701 368 947 0 0.0658 188 708 432 960 7 0.0647 125 703 373 950 5 0.0646 181 784 426 1020 8 0.0642 136 675 493 851 10 0.0638 126 655 379 895 11 0.0635 303 593 559 834 11 0.0634 177 652 435 896 8 0.0625 125 704 366 948 0 0.0621 181 587 434 830 7 0.0616 185 785 432 1023 7 0.0611 311 590 562 834 3 0.0610 181 649 434 900 11 0.0603 183 790 431 1019 6 0.0598 186 711 435 957 10 0.0594 179 594 435 826 8 0.0583 306 591 552 833 0 0.0575 305 590 561 837 3 0.0571 186 788 430 1023 13 0.0566 187 788 436 1023 11 0.0566 362 531 623 756 9 0.0566 121 706 373 945 11 0.0560 296 460 556 694 13 0.0557 126 704 376 948 10 0.0555 239 660 498 900 5 0.0554 304 588 557 835 2 0.0554 123 709 370 948 2 0.0543 136 682 504 851 6 0.0538 180 592 437 828 1 0.0533 181 783 431 1023 12 0.0531 125 703 370 947 3 0.0531 310 595 561 843 1 0.0528 177 645 433 899 2 0.0526 183 793 430 1023 10 0.0522 307 595 559 836 8 0.0522 298 461 548 695 7 0.0521 306 458 561 695 7 0.0518 373 529 628 759 0 0.0513 297 458 559 700 9 0.0513 180 789 432 1021 4 0.0508 125 709 374 949 6 0.0508 309 595 565 834 2 0.0505 307 600 560 834
hkPdsWX9sX6AeiIwCEdKwUCNgSfUCwvv,5 0.0566 356 795 611 1021 0 0.0534 572 332 835 575 6 0.0531 497 263 746 503 8 0.0529 189 0 427 213 11 0.0529 321 674 574 889 0 0.0527 319 670 570 899 3 0.0523 373 800 611 1023 7 0.0522 368 799 621 1023 3 0.0521 378 592 634 840 13 0.0520 756 397 1023 641 0 0.0520 367 594 635 835 13 0.0518 312 795 572 1023 5 0.0518 568 332 827 570 5 0.0518 329 656 711 852 8 0.0518 370 798 605 1023 10 0.0517 263 676 648 855 6 0.0517 576 331 835 573 8 0.0515 334 663 695 858 5 0.0513 490 261 738 501 0 0.0513 494 265 743 504 7 0.0509 497 264 748 501 11 0.0506 372 597 635 829 0 0.0504 0 439 157 833 3 0.0500 498 271 745 511
zO1YRnVL45fYGieSjsAGvs4kZgUQeh2x,5 0.0643 303 332 559 567 5 0.0626 327 408 692 602 8 0.0599 339 417 689 600 0 0.0576 330 414 704 606 11 0.0575 331 417 699 601 13 0.0574 315 340 568 569 8 0.0570 311 342 556 565 11 0.0557 307 340 564 567 3 0.0550 338 416 699 606 7 0.0542 341 416 704 605 3 0.0539 310 339 562 572 6 0.0535 337 415 706 604 2 0.0533 340 418 693 603 6 0.0529 313 340 567 569 10 0.0528 264 411 652 597 0 0.0527 309 338 566 571 2 0.0526 315 344 559 566 7 0.0521 314 338 565 570 9 0.0505 330 415 698 599
HK40ThDKUlT2bP2sCMTcjJABId9gbree,0 0.0640 507 212 748 444 0 0.0618 584 144 823 378 10 0.0612 570 211 822 446 11 0.0612 572 207 822 447 8 0.0606 497 330 743 575 8 0.0606 569 207 814 446 5 0.0603 578 138 826 376 7 0.0602 509 268 758 511 0 0.0597 498 332 749 578 7 0.0592 452 336 698 583 2 0.0590 500 335 747 576 11 0.0588 505 270 756 507 5 0.0588 450 86 693 313 13 0.0588 570 210 828 449 7 0.0587 570 207 820 448 10 0.0581 443 339 694 585 13 0.0579 522 151 762 382 13 0.0579 503 335 752 574 8 0.0577 519 148 752 378 10 0.0576 504 274 756 510 3 0.0575 576 208 821 454 8 0.0574 455 93 693 316 2 0.0574 572 214 822 450 7 0.0572 450 212 690 452 11 0.0570 521 149 762 378 0 0.0568 455 94 695 317 0 0.0567 368 217 630 460 11 0.0565 447 337 692 583 5 0.0564 505 207 744 439 11 0.0563 459 96 699 315 3 0.0561 505 331 747 576 8 0.0558 443 211 682 448 7 0.0557 460 92 698 322 10 0.0557 440 215 689 450 5 0.0557 496 328 743 571 3 0.0556 526 150 758 385 6 0.0551 503 333 750 575 3 0.0548 463 94 699 323 6 0.0548 576 210 824 448 2 0.0544 461 98 695 315 13 0.0542 462 94 705 315 6 0.0539 462 90 699 315 11 0.0538 447 213 685 447 10 0.0536 518 153 759 381 2 0.0533 448 218 684 450 3 0.0531 451 218 686 455 13 0.0530 447 216 692 450 11 0.0529 240 815 493 1023 2 0.0528 521 152 756 382 6 0.0526 526 148 759 379 8 0.0522 315 459 561 694 1 0.0521 495 325 747 575 10 0.0514 305 404 557 631 9 0.0512 498 332 744 572 10 0.0512 453 100 700 318 12 0.0511 451 338 698 584 11 0.0510 307 401 555 627 12 0.0508 574 208 821 450 6 0.0503 449 214 689 449
hMRpjWm48cQDS9xXG8gQtKW00Hy4gDCT,5 0.0616 380 779 616 1020 7 0.0616 444 728 687 966 11 0.0611 438 733 683 964 8 0.0589 384 782 614 1022 11 0.0576 579 718 835 938 5 0.0544 500 786 730 1013 13 0.0541 387 785 626 1023 0 0.0540 381 783 621 1023 6 0.0532 442 733 685 966 2 0.0526 382 789 623 1022 8 0.0524 560 655 820 884 10 0.0511 384 787 621 1023 7 0.0511 587 717 838 939 3 0.0509 386 782 623 1023
4DQA1b4WV7r6Mv6YZjbljrR61sGrtK2B,11 0.0598 629 446 875 708 11 0.0591 692 389 946 636 0 0.0561 630 440 874 714 7 0.0558 693 385 952 634 7 0.0555 484 417 843 607 7 0.0554 632 443 878 709 13 0.0553 634 444 886 707 5 0.0544 690 381 946 634 6 0.0535 635 444 881 707 11 0.0531 747 459 1016 699 0 0.0531 694 389 944 636 7 0.0528 753 455 1021 696 10 0.0527 628 446 879 707 6 0.0525 699 387 949 634 8 0.0525 633 443 869 711 3 0.0520 694 390 947 639 8 0.0520 691 385 935 635 0 0.0520 477 418 836 606 0 0.0518 750 458 1018 702 8 0.0511 753 452 1005 702 2 0.0509 694 390 944 634 5 0.0502 746 451 1013 699
bIJPMS2pwdfgiQqaJGfxm610ekN3DymN,7 0.0563 572 449 842 703 5 0.0537 568 449 831 699 11 0.0535 559 724 810 958 11 0.0530 569 454 834 702 0 0.0529 571 458 839 705 7 0.0529 506 209 760 451 11 0.0528 504 215 757 450 8 0.0524 503 210 752 451 0 0.0520 556 721 808 965 8 0.0519 576 450 831 700 8 0.0518 566 720 806 963 5 0.0514 503 209 754 452 11 0.0512 319 801 570 1022 7 0.0510 562 718 818 965 13 0.0509 565 726 813 964 3 0.0506 507 214 753 458 10 0.0502 502 219 759 453 0 0.0502 503 217 757 456
7Hy7ZV1lQYbpNAj0kBTEMzLhWN2OwEEI,11 0.0637 237 595 502 830 11 0.0619 177 657 432 896 8 0.0610 177 654 425 897 7 0.0609 309 591 569 826 11 0.0606 369 593 632 828 8 0.0602 375 588 624 827 5 0.0600 299 586 564 823 11 0.0599 311 521 566 756 0 0.0594 239 590 504 836 8 0.0593 241 593 495 829 0 0.0593 175 655 433 901 10 0.0592 312 524 569 757 0 0.0591 370 588 632 833 8 0.0580 313 521 559 756 0 0.0570 314 520 571 762 5 0.0566 237 653 499 905 10 0.0564 174 660 430 899 5 0.0563 315 455 568 688 7 0.0562 323 461 571 691 7 0.0561 250 524 508 760 6 0.0558 180 658 434 897 6 0.0555 243 596 505 830 10 0.0554 367 593 632 829 7 0.0550 181 655 434 898 10 0.0550 237 598 501 832 5 0.0546 245 521 503 757 11 0.0543 688 807 972 1014 13 0.0543 318 521 576 758 13 0.0543 375 590 638 831 6 0.0536 372 589 634 831 11 0.0534 250 458 504 691 3 0.0532 371 590 634 835 6 0.0532 317 524 571 757 13 0.0523 182 655 438 899 3 0.0518 240 595 502 836 3 0.0516 179 657 432 903 13 0.0515 245 593 511 833 10 0.0512 252 462 502 694 3 0.0511 323 463 570 700 9 0.0503 235 594 502 826
JEN6KyQXO4mwro73kaN9B2On37r461gr,5 0.0637 206 349 579 547 0 0.0623 320 258 579 509 11 0.0617 187 276 446 511 11 0.0610 250 336 506 582 8 0.0605 192 278 439 518 11 0.0605 177 457 434 699 11 0.0605 173 587 434 833 8 0.0595 130 345 377 591 8 0.0594 118 460 375 714 5 0.0594 113 460 381 709 5 0.0590 181 395 439 640 5 0.0588 111 583 371 830 8 0.0578 258 335 500 585 6 0.0577 190 277 448 518 10 0.0575 252 342 508 582 0 0.0575 242 200 499 445 8 0.0573 122 208 372 454 0 0.0573 128 348 384 591 7 0.0572 179 583 438 836 6 0.0569 190 398 443 644 0 0.0568 188 281 446 519 6 0.0568 254 337 509 586 10 0.0568 183 406 440 638 6 0.0566 179 584 438 836 13 0.0561 191 341 446 582 8 0.0559 112 585 364 832 11 0.0559 240 203 504 435 11 0.0554 378 584 638 817 7 0.0552 122 461 384 713 7 0.0552 260 267 521 519 3 0.0551 254 337 509 593 11 0.0550 319 261 583 501 11 0.0549 516 801 772 1023 13 0.0548 182 453 437 706 13 0.0547 322 258 592 508 0 0.0546 424 1 694 199 5 0.0545 237 198 497 437 7 0.0545 189 397 441 642 10 0.0543 180 523 443 772 0 0.0539 119 216 383 456 11 0.0538 420 1 691 198 0 0.0536 119 462 382 712 8 0.0536 244 201 488 445 13 0.0532 180 584 441 837 5 0.0531 236 580 493 830 11 0.0526 392 335 662 584 8 0.0523 243 587 487 830 0 0.0523 509 731 776 969 8 0.0521 571 415 814 651 2 0.0520 126 350 384 590 3 0.0520 121 466 384 722 13 0.0520 525 797 779 1023 11 0.0520 63 366 331 591 10 0.0519 185 283 445 513 5 0.0518 566 411 820 649 0 0.0517 571 417 822 655 12 0.0517 190 344 444 582 8 0.0517 594 805 824 1020 11 0.0516 382 136 636 369 11 0.0516 568 416 824 649 0 0.0513 316 124 572 364 0 0.0513 394 336 660 589 3 0.0512 178 589 433 839 3 0.0510 189 283 446 522 3 0.0509 187 401 439 651 7 0.0509 451 522 705 759 11 0.0507 294 13 585 265 8 0.0507 429 0 683 198 10 0.0505 242 209 498 439 6 0.0504 383 586 637 822 7 0.0504 523 797 775 1023 11 0.0504 446 525 699 757 13 0.0503 64 364 339 598 9 0.0502 184 342 441 575 12 0.0502 122 528 375 777 13 0.0502 246 201 510 444 12 0.0501 183 455 433 706
NMEfL27aEk6maZCVd9G0IkUavmXyND91,0 0.0635 772 726 1023 965 5 0.0622 431 790 692 1020 7 0.0620 441 788 703 1023 11 0.0615 435 795 695 1020 8 0.0604 342 422 691 603 11 0.0601 380 407 641 649 8 0.0592 437 791 690 1023 5 0.0591 768 726 1020 965 13 0.0587 440 794 703 1023 7 0.0580 386 406 640 652 0 0.0574 0 0 257 222 6 0.0572 346 422 707 601 5 0.0570 376 271 630 513 8 0.0569 381 273 627 511 8 0.0568 4 0 244 214 8 0.0563 768 732 1018 966 7 0.0562 775 731 1023 962 11 0.0553 311 274 576 509 11 0.0552 251 141 515 379 10 0.0551 341 425 701 601 0 0.0549 339 422 700 604 0 0.0549 436 793 699 1023 0 0.0547 310 69 571 316 5 0.0546 0 0 253 218 3 0.0543 776 734 1022 974 6 0.0543 435 799 700 1022 6 0.0543 2 0 262 218 0 0.0542 256 138 509 385 10 0.0542 381 279 639 515 8 0.0540 308 204 563 445 11 0.0538 381 135 637 379 13 0.0538 386 407 639 651 2 0.0537 773 734 1023 966 2 0.0537 435 797 701 1023 5 0.0536 327 419 699 601 13 0.0534 385 276 643 517 0 0.0534 380 275 634 516 0 0.0532 124 2 384 225 11 0.0530 768 731 1023 965 6 0.0528 386 277 643 516 3 0.0526 438 790 697 1023 7 0.0525 382 278 639 518 13 0.0525 3 2 267 219 3 0.0525 351 422 700 606 3 0.0524 384 274 637 521 8 0.0524 255 137 503 383 5 0.0524 319 127 573 384 3 0.0522 131 42 388 265 2 0.0522 386 280 634 516 8 0.0521 127 43 378 257 2 0.0514 381 410 636 650 0 0.0514 380 133 639 381 13 0.0511 774 728 1023 969 13 0.0509 259 142 521 387 6 0.0508 313 206 579 445 0 0.0502 446 200 691 455 10 0.0502 313 212 576 444
LxRbnKioOSKCZNwAcUGM8kBOWDyR2skl,8 0.0677 372 400 631 637 11 0.0627 366 401 640 636 5 0.0620 365 394 637 637 13 0.0607 373 461 639 700 5 0.0606 301 510 572 753 7 0.0602 372 399 642 637 3 0.0602 311 457 579 705 7 0.0599 257 464 527 720 0 0.0593 372 396 640 637 6 0.0588 375 462 634 699 10 0.0578 369 467 634 700 3 0.0575 446 0 714 194 8 0.0568 370 523 634 758 8 0.0568 440 0 704 189 7 0.0567 371 525 641 764 2 0.0566 372 465 632 701 1 0.0562 368 394 639 637 9 0.0557 371 462 638 697 13 0.0557 259 461 528 716 6 0.0552 256 462 524 716 5 0.0548 430 0 707 185 0 0.0537 265 75 520 320 11 0.0533 368 525 639 758 8 0.0532 262 138 498 377 13 0.0530 444 0 718 187 11 0.0524 436 2 716 187 12 0.0524 369 397 640 640 5 0.0522 255 132 505 376 7 0.0521 442 3 715 188 11 0.0520 262 76 522 318 2 0.0520 259 466 522 719 0 0.0520 435 0 713 189 0 0.0517 367 525 640 762 8 0.0515 316 591 566 829 6 0.0514 375 602 641 839 13 0.0512 260 134 514 381 10 0.0507 252 470 523 719 5 0.0507 362 598 631 833
9dk2SWH07Jm7F4esf4ZHxSnCkMKkB1bW,5 0.0692 184 586 436 823 5 0.0654 247 519 496 759 11 0.0646 126 587 377 825 8 0.0636 183 647 437 893 11 0.0634 179 651 442 888 0 0.0627 132 671 500 852 7 0.0623 133 583 376 829 8 0.0616 128 584 371 830 13 0.0615 130 585 382 830 10 0.0606 127 587 377 828 11 0.0605 247 525 498 758 10 0.0603 186 525 435 759 8 0.0602 248 523 494 760 0 0.0598 125 521 376 761 6 0.0592 130 587 375 829 3 0.0592 133 672 499 852 0 0.0591 249 522 499 763 5 0.0589 122 523 373 759 6 0.0589 188 523 437 760 10 0.0578 181 653 442 890 5 0.0575 190 457 436 697 13 0.0575 191 522 444 764 7 0.0575 191 519 437 762 8 0.0574 118 461 367 700 10 0.0570 254 466 507 700 7 0.0560 261 460 506 702 11 0.0559 191 460 440 699 2 0.0557 187 590 439 826 3 0.0557 250 521 498 764 12 0.0557 189 587 438 828 11 0.0555 257 405 508 636 6 0.0552 257 465 509 700 1 0.0539 128 668 497 850 7 0.0537 126 463 374 700 6 0.0535 123 465 376 697 3 0.0535 126 524 375 765 9 0.0532 183 587 439 822 2 0.0529 249 528 498 762 12 0.0528 251 522 495 763 4 0.0525 130 674 505 851 2 0.0524 124 527 375 764 5 0.0523 184 723 431 960 7 0.0520 187 725 440 964 10 0.0516 119 467 372 698 8 0.0516 256 403 501 636 9 0.0515 245 523 498 758 0 0.0510 258 404 511 642 12 0.0508 126 525 372 763 7 0.0505 193 397 441 643 3 0.0502 187 727 435 967 13 0.0501 262 465 511 702
ySbJkYAz3mgZvaXP93n2UERLuxwqLNkD,5 0.0610 238 595 508 845 11 0.0594 240 604 507 845 13 0.0582 251 603 517 850 8 0.0579 251 601 504 849 6 0.0570 248 602 511 847 11 0.0563 176 470 432 688 13 0.0551 181 466 440 693 10 0.0546 245 608 510 844 7 0.0545 180 464 432 691 10 0.0543 175 471 434 688 7 0.0542 246 601 515 848 0 0.0542 246 595 508 852 11 0.0541 251 412 500 622 3 0.0541 243 605 510 852 5 0.0535 173 458 430 688 6 0.0535 183 465 435 690 8 0.0532 179 461 426 694 0 0.0531 245 473 501 705 1 0.0521 243 595 511 847 9 0.0518 245 600 506 842 12 0.0516 250 601 513 848 3 0.0504 178 465 432 694 2 0.0503 180 469 432 691
KbMSL1roEFQi9pnxWnyLrSkoLtVVbcX2,5 0.0540 370 0 641 194 7 0.0538 195 269 455 521 11 0.0532 292 801 553 1023 11 0.0527 189 272 456 517 0 0.0525 194 272 451 519 11 0.0517 435 1 714 192 11 0.0515 251 205 506 428 13 0.0514 199 269 461 522 8 0.0512 448 0 705 195 7 0.0512 259 203 503 430 5 0.0509 386 72 640 313 5 0.0506 251 205 497 426
PIJ4NpXLKcouweyCvggGtDieigvFPucm,5 0.0655 383 584 646 832 7 0.0647 397 529 649 772 7 0.0638 458 464 704 708 11 0.0632 387 589 646 836 8 0.0628 393 529 636 767 8 0.0619 455 465 692 705 5 0.0609 317 525 568 765 11 0.0608 450 529 697 768 7 0.0600 392 401 636 648 5 0.0600 383 461 626 706 7 0.0599 319 469 570 712 0 0.0584 386 591 645 836 10 0.0571 451 529 694 769 5 0.0571 514 463 753 709 8 0.0570 319 473 553 705 11 0.0570 385 466 629 710 0 0.0570 513 531 758 766 6 0.0568 517 529 759 764 6 0.0568 389 589 652 833 0 0.0568 387 467 630 710 3 0.0568 519 526 753 768 6 0.0566 254 533 513 772 8 0.0560 388 404 621 644 13 0.0558 459 463 707 706 0 0.0551 452 399 695 651 5 0.0547 446 391 691 644 11 0.0547 320 531 571 768 11 0.0547 515 470 758 710 10 0.0544 519 472 758 711 8 0.0543 309 341 559 580 0 0.0540 321 532 571 771 11 0.0539 450 398 694 648 2 0.0537 516 531 753 764 3 0.0536 393 592 645 841 2 0.0532 389 596 646 836 9 0.0527 384 593 644 828 13 0.0523 396 530 650 770 9 0.0522 454 466 698 702 7 0.0522 312 339 576 579 10 0.0520 387 468 627 708 12 0.0519 455 524 698 770 10 0.0516 453 403 695 648 2 0.0515 388 409 623 652 5 0.0515 242 466 492 705 10 0.0513 386 594 648 837 12 0.0508 389 588 650 836 7 0.0507 505 0 778 189 8 0.0505 257 534 502 765 5 0.0503 494 0 766 183
a7Qn0QI0JVA85zI7CRYNpsQPDSKlzo6N,11 0.0540 496 791 761 1009 0 0.0517 0 788 234 1010 7 0.0513 499 783 769 1013
rYVfrqwVWC42PnS9ePQyOn2bvxReH3eA,13 0.0561 760 0 1023 216 5 0.0560 691 0 1015 162 10 0.0557 758 0 1020 214 6 0.0555 759 1 1023 210 0 0.0547 698 2 1023 166 8 0.0544 699 0 1015 164 11 0.0528 759 3 1022 210 6 0.0507 765 85 1009 316
h5mMeWONJ8Cp4eVJtPsFe1LSFNlJUtQd,8 0.0559 166 459 409 697 8 0.0557 102 525 360 766 11 0.0555 303 294 568 520 5 0.0554 224 451 471 699 6 0.0543 306 286 571 521 11 0.0543 227 459 475 701 5 0.0539 298 282 563 519 11 0.0538 311 587 570 833 11 0.0531 362 415 627 643 11 0.0526 180 595 437 839 10 0.0522 98 534 368 765 13 0.0518 234 460 480 707 6 0.0514 169 460 420 698 8 0.0513 308 353 550 585 0 0.0507 181 527 442 771 3 0.0507 236 458 472 708 13 0.0505 309 291 578 528 5 0.0503 378 665 726 857 6 0.0502 318 586 572 833
TkC6mGwsM4LtiNkcvviFqLc0ej9AEMx2,0 0.0549 127 719 370 950 8 0.0527 125 715 361 943 7 0.0500 132 717 374 946
3TuTU5Lkyr5Y49Wk4d9y8BXsL0vQlu09,5 0.0672 289 785 537 1021 11 0.0633 170 802 408 1018 8 0.0632 290 789 537 1022 0 0.0615 351 862 709 1023 8 0.0610 172 802 404 1023 5 0.0608 341 860 697 1023 8 0.0592 351 860 695 1023 3 0.0576 297 790 543 1023 10 0.0561 350 865 708 1023 8 0.0557 451 408 696 649 10 0.0554 288 794 543 1023 11 0.0554 376 592 638 823 5 0.0554 162 736 405 975 0 0.0553 454 409 705 646 11 0.0551 287 792 540 1022 13 0.0550 367 789 626 1019 0 0.0549 644 513 876 763 0 0.0547 165 742 412 980 6 0.0546 364 788 626 1012 5 0.0546 356 731 625 965 0 0.0542 583 411 824 648 5 0.0540 448 405 699 642 11 0.0539 449 407 707 644 7 0.0538 363 787 623 1020 3 0.0535 180 803 406 1023 11 0.0533 347 862 701 1021 0 0.0532 295 731 568 972 3 0.0531 365 657 631 903 13 0.0529 371 660 639 900 7 0.0525 383 591 642 829 8 0.0522 377 591 631 826 8 0.0521 578 409 818 647 0 0.0521 379 592 636 828 7 0.0519 457 409 707 644 11 0.0518 354 739 633 966 11 0.0517 578 411 827 642 11 0.0516 641 515 880 753 8 0.0515 435 273 692 507 8 0.0514 361 736 628 970 6 0.0510 238 799 489 1022 13 0.0507 449 353 709 591 5 0.0507 372 586 632 824 13 0.0505 237 795 489 1023 6 0.0502 460 410 708 646
Pjz6DrovtPmMmANqKR5s2LDphT5zahry,11 0.0607 309 459 577 700 0 0.0588 445 464 700 703 11 0.0580 233 598 499 839 11 0.0571 443 466 706 699 0 0.0570 249 146 495 387 5 0.0569 233 592 497 839 6 0.0565 235 596 503 838 5 0.0564 307 452 571 705 13 0.0564 245 525 514 774 7 0.0561 450 462 704 701 8 0.0558 261 204 495 432 8 0.0558 235 598 495 839 0 0.0553 326 204 590 441 8 0.0553 322 153 567 382 11 0.0552 251 403 507 628 0 0.0551 237 594 501 843 7 0.0551 311 456 572 701 8 0.0550 308 458 565 699 13 0.0546 263 203 515 435 7 0.0546 237 595 504 843 10 0.0546 258 343 509 564 5 0.0546 444 456 699 702 11 0.0545 320 280 580 513 0 0.0543 310 458 571 704 5 0.0542 252 198 504 432 7 0.0539 261 334 516 564 3 0.0539 382 454 640 701 5 0.0536 252 331 510 562 7 0.0536 327 200 590 443 11 0.0535 362 2 711 147 0 0.0534 387 334 643 569 11 0.0533 253 208 511 432 13 0.0533 258 400 514 636 11 0.0531 278 682 570 901 3 0.0530 327 204 587 450 0 0.0529 366 0 711 146 13 0.0526 311 456 581 706 3 0.0524 236 598 498 845 8 0.0524 444 465 695 700 6 0.0523 382 452 643 695 11 0.0523 391 222 651 443 8 0.0523 260 77 492 317 13 0.0522 238 666 512 906 11 0.0520 382 395 637 628 8 0.0519 389 217 642 446 10 0.0516 307 462 574 699 8 0.0515 368 1 700 148 10 0.0514 258 214 504 434 0 0.0510 256 337 513 564 0 0.0507 286 676 571 903 8 0.0506 319 278 569 515 11 0.0503 320 156 576 380 3 0.0501 246 453 509 707 13 0.0500 261 82 512 320
k8yKbDHjq1bQb6qkmPiTqX6pn7xs2LCQ,6 0.0572 770 0 1023 196 11 0.0571 697 2 950 207 8 0.0558 506 219 750 441 7 0.0552 122 427 389 657 0 0.0550 505 219 761 440 0 0.0548 567 285 823 501 0 0.0545 697 0 946 207 11 0.0541 566 287 829 494 11 0.0541 700 356 970 573 0 0.0539 652 155 891 380 11 0.0537 296 790 563 1020 11 0.0533 653 153 902 373 8 0.0530 712 24 942 260 5 0.0526 637 229 889 451 8 0.0525 565 285 812 500 5 0.0523 563 279 817 499 0 0.0521 177 0 444 197 11 0.0521 758 279 1020 513 0 0.0520 297 786 564 1023 5 0.0519 501 215 753 441 0 0.0519 758 276 1010 520 7 0.0518 700 0 952 206 0 0.0515 114 437 385 661 6 0.0514 650 235 895 454 11 0.0514 114 434 393 656 8 0.0514 300 788 558 1023 0 0.0512 702 86 950 320 13 0.0510 770 0 1023 200 13 0.0510 647 22 899 254 10 0.0510 768 5 1019 198 8 0.0509 654 148 885 377 11 0.0506 174 2 446 194 5 0.0504 690 0 948 206 0 0.0501 0 354 261 582 3 0.0500 570 289 823 505
2yN4GsAVNhoqZIxGnGhDxf0Udnc6JgXG,11 0.0614 0 287 256 515 0 0.0598 383 133 633 367 0 0.0591 0 49 265 265 5 0.0572 0 283 252 517 5 0.0571 568 411 830 642 0 0.0569 0 288 257 521 0 0.0565 0 162 255 384 11 0.0562 379 130 642 362 11 0.0561 0 156 260 380 5 0.0558 622 0 1009 145 8 0.0557 695 0 945 199 7 0.0553 380 198 628 430 13 0.0548 695 2 960 203 0 0.0547 694 0 955 207 5 0.0545 375 126 632 366 5 0.0544 0 41 261 256 8 0.0542 0 102 244 317 5 0.0542 0 152 254 378 8 0.0539 0 284 249 518 3 0.0538 4 43 262 268 11 0.0534 0 47 272 256 11 0.0527 689 2 956 198 7 0.0524 516 793 771 1020 6 0.0523 1 287 263 516 8 0.0519 385 133 628 364 7 0.0518 518 418 778 649 7 0.0518 2 282 264 512 8 0.0516 575 412 827 642 11 0.0514 364 273 627 502 8 0.0511 16 0 271 216 2 0.0508 625 3 1019 145 10 0.0507 0 162 256 383 3 0.0506 696 2 957 204 13 0.0506 374 198 638 428 2 0.0505 372 204 626 427 10 0.0505 691 5 950 201 13 0.0504 1 287 265 520 3 0.0502 6 287 257 522 13 0.0502 515 796 769 1023 11 0.0501 679 113 938 330
kI0v6YvX7iH8hLrB9xJOWcYmhNIbFg7S,11 0.0624 373 775 620 1012 7 0.0615 511 721 763 972 5 0.0610 372 767 619 1012 11 0.0604 505 727 758 967 11 0.0601 421 676 690 904 8 0.0591 374 772 616 1013 7 0.0588 376 769 626 1016 13 0.0581 379 774 631 1014 8 0.0578 487 675 750 904 8 0.0577 184 144 430 381 5 0.0576 484 668 758 910 11 0.0573 178 145 444 378 7 0.0569 428 671 697 910 3 0.0562 490 674 755 914 0 0.0555 375 771 619 1016 6 0.0553 377 772 624 1015 10 0.0550 371 777 621 1013 6 0.0549 427 674 691 907 3 0.0549 572 768 816 1017 3 0.0548 376 770 624 1020 13 0.0546 512 725 769 970 8 0.0546 570 770 808 1012 2 0.0546 376 778 620 1014 0 0.0545 488 672 757 914 10 0.0540 484 678 761 914 9 0.0529 370 774 622 1010 13 0.0525 430 674 699 906 0 0.0524 267 323 510 541 5 0.0524 565 768 816 1008 7 0.0518 186 140 445 379 7 0.0507 270 320 509 536 6 0.0507 508 726 758 970 11 0.0505 266 322 507 535 0 0.0500 181 141 440 386
pukjjQp3DxVh8exIXtztiC1s838ufdxC,8 0.0630 217 474 551 660 11 0.0623 314 341 579 572 0 0.0621 209 416 565 603 5 0.0617 251 335 508 571 8 0.0613 277 415 612 601 7 0.0604 323 336 582 574 11 0.0601 259 278 518 504 3 0.0592 208 421 565 607 0 0.0589 261 274 518 506 6 0.0585 278 415 625 600 11 0.0581 212 473 563 660 8 0.0576 309 531 563 775 6 0.0569 315 472 576 709 5 0.0567 208 524 562 719 6 0.0567 435 467 698 711 5 0.0566 265 137 507 374 3 0.0560 259 278 518 513 11 0.0557 268 144 510 371 11 0.0554 426 472 698 709 8 0.0553 184 265 432 508 13 0.0549 320 341 588 572 11 0.0547 181 205 433 445 7 0.0547 318 468 579 713 5 0.0547 176 265 438 505 13 0.0544 221 474 571 662 8 0.0542 433 470 688 712 5 0.0537 233 587 502 832 6 0.0537 227 602 563 784 0 0.0534 217 525 561 721 7 0.0533 264 271 522 507 10 0.0532 275 418 627 601 6 0.0529 260 277 521 505 1 0.0528 276 410 620 603 11 0.0526 301 531 573 776 8 0.0525 257 204 496 444 8 0.0525 181 518 443 775 7 0.0524 186 515 458 784 0 0.0522 437 467 696 714 5 0.0520 431 465 693 714 10 0.0519 431 478 701 711 12 0.0519 260 338 508 573 2 0.0519 220 477 556 663 9 0.0518 277 414 616 598 11 0.0518 396 140 643 367 13 0.0516 310 529 578 774 7 0.0516 435 466 703 713 11 0.0515 238 783 488 1011 13 0.0514 264 72 506 318 7 0.0514 276 141 511 376 0 0.0514 321 189 573 433 12 0.0514 220 471 560 661 11 0.0513 181 521 453 776 8 0.0511 265 77 493 317 7 0.0507 240 777 499 1011 0 0.0505 115 284 368 517 11 0.0504 319 86 568 306 1 0.0502 212 467 557 663 10 0.0501 182 272 440 509
CQ7HrwDkr6KrFwf1SiaLuUda0WxMXMgk,3 0.0582 388 0 641 203 5 0.0580 182 394 443 636 8 0.0571 262 87 507 326 11 0.0563 188 333 452 573 7 0.0559 410 0 786 150 7 0.0557 201 268 455 502 11 0.0554 250 400 514 631 5 0.0553 377 0 636 192 5 0.0552 170 513 438 762 13 0.0552 254 82 523 332 13 0.0552 201 272 459 506 5 0.0543 191 268 444 496 7 0.0542 204 141 464 379 11 0.0538 249 11 523 261 13 0.0537 251 458 518 694 6 0.0531 208 141 464 381 11 0.0527 181 464 446 694 7 0.0524 257 397 513 633 7 0.0524 254 517 508 763 11 0.0524 369 731 621 957 0 0.0522 256 397 512 636 0 0.0519 196 335 450 578 11 0.0519 196 145 460 375 11 0.0518 246 520 503 758 0 0.0518 446 338 698 574 11 0.0517 382 1 643 196 0 0.0517 257 5 519 263 6 0.0517 257 401 516 632 0 0.0516 502 160 759 391 8 0.0514 195 332 444 578 11 0.0513 638 158 900 395 7 0.0511 190 462 447 698 0 0.0510 385 1 640 200 11 0.0509 566 231 827 448 3 0.0508 253 401 512 637 0 0.0507 249 519 507 765 3 0.0506 260 11 519 268 0 0.0505 388 516 637 755 0 0.0504 566 232 828 454 5 0.0503 498 155 755 389 8 0.0502 186 463 436 699 8 0.0502 705 85 940 310 13 0.0502 388 520 644 750 6 0.0501 387 0 647 193
07hNGJivSCHhBlus2sC7O5CK5nObVRWk,8 0.0629 216 675 559 851 11 0.0627 209 678 567 850 5 0.0625 210 675 561 849 0 0.0601 217 675 565 852 7 0.0593 218 677 569 851 3 0.0565 268 671 622 851 6 0.0564 218 677 568 849 13 0.0549 269 671 627 848 0 0.0538 566 796 823 1023 10 0.0538 215 678 567 850 8 0.0538 568 793 815 1022 11 0.0534 568 797 819 1018 5 0.0530 564 796 818 1020 12 0.0506 217 677 568 856 7 0.0506 571 793 829 1023
M0tHozExkpATax2L3RRHzxTzwikmVHRK,11 0.0602 221 662 503 888 7 0.0580 242 588 507 824 5 0.0579 219 656 500 885 8 0.0579 228 661 500 892 7 0.0572 161 654 445 884 13 0.0544 230 660 512 890 6 0.0543 230 658 508 888 0 0.0534 587 567 946 740 5 0.0532 578 564 945 740 3 0.0526 245 591 504 831 7 0.0524 591 567 957 741 11 0.0522 574 512 834 748 11 0.0517 348 735 626 955 0 0.0504 158 646 438 887 2 0.0504 240 592 506 826 10 0.0504 242 590 501 823 6 0.0501 598 566 949 742
mTaACP4LZfSwaWtSqyrk7sqdWHO1BKNK,8 0.0541 440 337 681 569 0 0.0514 381 128 629 378 0 0.0510 343 349 698 536
JiJ5xJlkUnUDRtjY7ZnHb2r8KVR4dCA5,8 0.0603 387 445 646 678 11 0.0600 320 468 582 701 5 0.0584 380 444 649 677 5 0.0581 172 647 431 891 5 0.0566 236 594 499 828 8 0.0566 173 653 422 892 11 0.0559 222 660 497 887 7 0.0557 177 649 431 895 0 0.0549 325 466 583 703 11 0.0546 184 530 450 768 0 0.0540 179 649 429 896 0 0.0538 197 146 432 375 5 0.0538 363 329 634 546 6 0.0533 188 595 439 835 3 0.0533 175 655 428 899 5 0.0531 246 455 508 694 7 0.0528 242 597 503 836 11 0.0527 299 591 577 812 7 0.0526 389 448 660 682 5 0.0526 191 140 429 369 11 0.0523 583 415 830 658 0 0.0521 311 335 574 564 8 0.0521 365 329 632 548 11 0.0517 192 147 434 372 6 0.0517 387 454 654 682 5 0.0514 582 403 821 659 0 0.0513 243 596 503 834 3 0.0509 328 470 583 710 6 0.0508 243 531 511 767 11 0.0505 306 338 570 564 0 0.0503 490 346 763 565 7 0.0501 307 528 580 768
2WHQ1bNFgIYNzUvTrpkdavCorJsiRfd0,0 0.0661 267 737 638 925 8 0.0652 251 666 506 893 11 0.0645 267 740 638 921 5 0.0637 194 672 563 856 0 0.0630 187 598 442 831 11 0.0623 499 725 757 947 5 0.0621 498 717 754 946 7 0.0620 203 675 570 857 7 0.0614 507 720 761 949 8 0.0613 187 596 436 829 0 0.0612 500 723 760 952 7 0.0606 275 736 645 925 3 0.0605 275 737 638 927 11 0.0605 238 789 484 1022 10 0.0598 193 679 568 856 6 0.0597 178 666 438 890 3 0.0595 190 599 441 833 11 0.0593 519 596 762 836 8 0.0592 169 729 418 965 5 0.0590 265 734 633 924 11 0.0589 187 599 442 825 6 0.0588 240 784 486 1023 8 0.0579 240 784 479 1023 8 0.0576 501 719 752 951 6 0.0573 202 739 585 919 7 0.0571 223 803 594 986 6 0.0568 505 722 759 949 3 0.0566 504 720 755 953 13 0.0565 244 785 492 1023 5 0.0565 377 384 632 628 11 0.0565 449 270 716 498 13 0.0562 180 667 439 892 8 0.0561 511 385 752 626 0 0.0558 213 805 588 985 11 0.0555 381 385 636 628 10 0.0553 500 722 757 949 5 0.0553 446 266 710 496 6 0.0553 463 535 700 771 0 0.0552 452 273 714 500 13 0.0550 506 721 765 949 8 0.0550 387 388 621 633 11 0.0550 457 529 692 772 13 0.0549 386 457 635 695 0 0.0547 169 728 424 967 5 0.0546 622 744 867 948 8 0.0543 450 271 706 503 6 0.0542 456 400 713 635 5 0.0542 316 219 678 402 6 0.0542 521 258 776 481 5 0.0542 448 457 698 700 2 0.0540 239 791 485 1023 6 0.0540 524 597 765 840 2 0.0539 177 671 434 892 3 0.0537 244 786 483 1023 5 0.0537 169 725 421 964 7 0.0534 462 530 695 773 5 0.0533 213 800 577 983 3 0.0531 515 326 767 556 13 0.0530 206 741 589 920 0 0.0529 510 387 764 625 2 0.0527 270 742 643 924 10 0.0525 384 390 634 629 8 0.0525 518 594 755 839 7 0.0525 454 271 717 502 11 0.0524 167 732 426 963 0 0.0524 388 453 630 693 7 0.0523 527 593 765 842 10 0.0522 268 738 644 923 8 0.0521 330 224 674 405 8 0.0519 454 460 689 706 12 0.0518 250 729 500 973 13 0.0518 450 338 723 566 9 0.0517 185 598 439 823 12 0.0513 189 598 442 828 0 0.0513 325 223 683 406 7 0.0513 388 387 634 630 9 0.0511 261 737 642 922 9 0.0507 500 718 759 947 12 0.0507 504 721 760 950 6 0.0507 389 458 631 690 5 0.0506 516 587 759 838 2 0.0506 503 725 758 947 0 0.0504 459 528 694 774 3 0.0504 173 733 423 970 1 0.0504 195 736 575 923 6 0.0502 202 270 459 509 11 0.0502 325 227 688 404 3 0.0502 456 466 703 710
m1Jy6Pc7kxZnZSUq5YbAoxLhZHbPYtfH,5 0.0580 547 785 803 1020 8 0.0560 554 792 799 1023 13 0.0554 319 7 591 257 0 0.0553 581 345 827 574 11 0.0549 425 799 698 1022 5 0.0549 576 336 829 571 0 0.0547 312 8 583 259 5 0.0545 424 791 687 1021 11 0.0543 579 342 834 569 5 0.0542 677 0 1018 157 11 0.0538 560 84 821 314 7 0.0536 556 791 815 1023 11 0.0525 562 738 819 969 5 0.0521 125 525 390 766 8 0.0519 583 338 824 571 8 0.0519 425 796 685 1023 8 0.0517 323 6 571 254 11 0.0515 125 529 395 767 5 0.0514 383 0 643 191 8 0.0514 132 523 383 770 8 0.0512 508 79 759 322 6 0.0510 135 528 394 774 0 0.0506 552 793 809 1023 5 0.0506 558 79 819 316 3 0.0503 566 738 816 979 6 0.0502 562 739 821 973
hafsg1h8XhFncttWcLjQpnSey5LDi8WK,11 0.0619 175 337 445 572 0 0.0618 250 141 508 384 11 0.0616 638 336 891 581 5 0.0616 183 201 436 441 6 0.0613 255 144 512 383 5 0.0606 444 141 726 375 5 0.0605 635 331 891 581 8 0.0601 132 142 382 394 11 0.0599 243 268 518 502 8 0.0599 380 180 647 432 11 0.0596 450 143 726 376 0 0.0593 190 205 440 447 8 0.0592 638 335 883 585 11 0.0592 187 141 444 378 0 0.0585 177 335 442 577 8 0.0585 249 271 506 509 5 0.0585 249 135 505 378 5 0.0582 309 56 559 300 11 0.0579 311 135 583 375 6 0.0578 190 205 444 446 0 0.0576 638 337 896 583 0 0.0570 312 64 564 307 7 0.0569 198 139 445 383 8 0.0569 111 335 373 573 7 0.0567 457 193 729 445 0 0.0565 381 128 652 366 13 0.0563 200 141 450 386 6 0.0559 254 268 520 504 3 0.0553 457 70 716 310 13 0.0553 138 215 403 460 3 0.0547 644 338 895 588 11 0.0547 591 214 856 449 7 0.0546 252 269 518 505 11 0.0546 518 73 785 311 0 0.0540 191 71 437 322 11 0.0539 377 59 633 291 8 0.0537 193 73 430 322 0 0.0537 245 267 515 509 3 0.0536 251 206 508 451 10 0.0536 376 188 655 429 2 0.0533 643 341 891 585 8 0.0532 183 509 440 762 13 0.0532 456 149 738 377 7 0.0529 138 217 398 458 6 0.0529 457 147 734 377 0 0.0527 451 199 728 442 10 0.0524 637 339 890 582 8 0.0524 521 206 785 462 5 0.0524 242 261 512 503 3 0.0522 381 185 649 441 5 0.0522 113 267 387 503 10 0.0521 126 152 386 388 6 0.0521 183 335 449 577 5 0.0520 584 210 848 449 13 0.0520 645 337 901 582 5 0.0519 185 66 433 315 11 0.0518 184 517 445 759 10 0.0518 246 212 508 441 8 0.0516 448 69 711 301 7 0.0516 186 512 449 765 7 0.0515 644 336 897 585 2 0.0514 458 208 726 439 10 0.0513 188 79 436 318 6 0.0513 644 338 895 583 10 0.0512 380 65 635 289 7 0.0512 317 137 584 379 11 0.0512 311 517 567 758 6 0.0511 528 79 791 310 13 0.0511 191 516 456 762 13 0.0510 599 218 865 456 7 0.0510 453 69 720 305 13 0.0510 317 517 576 763 0 0.0510 114 397 375 631 7 0.0509 313 514 573 759 11 0.0508 243 70 502 303 6 0.0508 315 63 571 307 13 0.0507 528 78 795 313 0 0.0507 451 71 717 303 13 0.0505 249 66 506 312 3 0.0504 197 138 444 391 8 0.0504 313 513 561 758 3 0.0503 182 268 442 511
CAHUaKFVhI2x3Z0dhxaOSbC3ZO8zZISs,8 0.0667 190 787 428 1023 7 0.0649 187 721 440 964 5 0.0643 186 788 429 1020 7 0.0635 258 788 506 1022 8 0.0631 322 784 557 1023 5 0.0628 314 787 559 1017 5 0.0612 122 721 366 959 11 0.0609 251 719 509 965 11 0.0606 189 790 432 1020 8 0.0601 122 725 364 958 0 0.0600 187 720 439 967 11 0.0598 310 598 566 833 5 0.0591 249 714 507 964 8 0.0590 254 717 505 967 6 0.0582 252 719 511 968 13 0.0582 193 792 438 1023 11 0.0578 123 726 371 958 11 0.0578 318 789 562 1020 10 0.0576 122 729 371 960 10 0.0572 256 792 503 1021 6 0.0568 192 794 434 1023 0 0.0567 317 790 565 1023 6 0.0561 320 793 567 1023 7 0.0559 312 597 566 833 2 0.0552 319 792 567 1023 13 0.0550 127 724 378 962 2 0.0548 252 721 511 969 0 0.0546 309 597 564 840 13 0.0545 324 790 570 1023 3 0.0542 322 788 566 1023 2 0.0540 189 793 432 1023 3 0.0539 129 723 370 964 6 0.0537 124 726 373 959 9 0.0536 187 792 434 1020 11 0.0534 439 197 684 435 9 0.0533 315 790 563 1021 13 0.0533 256 718 516 971 3 0.0530 255 717 510 974 8 0.0529 309 595 556 835 3 0.0528 193 789 435 1023 9 0.0528 248 720 509 964 1 0.0522 253 783 504 1023 5 0.0514 303 592 560 832 9 0.0503 120 726 373 955 1 0.0500 118 720 368 959
PfnSQYTo8My4eIMdmxUf4ElbbwHujLrR,11 0.0584 565 443 823 690 8 0.0583 566 440 816 692 8 0.0572 247 280 494 518 5 0.0554 239 275 495 514 5 0.0553 629 592 874 821 7 0.0553 573 442 824 693 7 0.0550 103 516 365 756 0 0.0540 237 221 503 457 0 0.0539 564 447 821 692 5 0.0539 562 441 818 691 8 0.0538 636 596 864 821 13 0.0530 638 601 881 823 3 0.0529 570 445 822 702 8 0.0528 65 596 305 828 8 0.0527 247 156 510 392 8 0.0522 101 518 348 752 5 0.0520 298 144 585 381 7 0.0520 67 591 316 832 11 0.0518 694 453 944 682 0 0.0518 310 153 586 387 13 0.0511 568 445 829 691 0 0.0509 264 23 510 258 0 0.0509 632 596 876 822 7 0.0507 639 597 877 821 5 0.0505 57 590 313 828 10 0.0503 567 448 823 691 7 0.0502 247 221 512 454 6 0.0502 233 348 499 575 8 0.0502 428 454 683 710 0 0.0502 230 346 494 577 6 0.0501 568 444 825 691 11 0.0501 243 288 505 514
22FJH8agBFw8OF0xNf9paJlRosz8lDhG,11 0.0654 643 351 900 573 11 0.0650 516 471 773 698 6 0.0622 632 207 893 448 5 0.0622 571 322 831 554 11 0.0603 427 407 705 641 11 0.0603 557 206 824 435 8 0.0594 563 146 809 375 11 0.0591 687 214 950 450 3 0.0589 641 283 902 522 8 0.0589 566 273 823 501 0 0.0586 644 352 895 575 0 0.0585 516 471 773 704 2 0.0582 584 400 842 625 7 0.0581 569 272 833 500 5 0.0567 146 412 523 592 13 0.0567 588 397 843 624 5 0.0562 556 202 820 438 10 0.0560 638 287 898 513 0 0.0559 429 410 706 649 7 0.0558 646 351 901 575 7 0.0551 159 414 524 595 7 0.0551 519 469 775 700 11 0.0547 162 417 427 639 8 0.0546 428 408 701 653 6 0.0546 435 412 714 646 5 0.0545 506 390 760 634 3 0.0545 558 205 822 445 8 0.0542 582 393 835 628 2 0.0541 566 278 830 496 2 0.0540 509 335 773 568 7 0.0537 433 407 706 644 11 0.0536 379 335 651 569 6 0.0534 171 417 431 643 2 0.0533 515 477 780 705 0 0.0533 629 206 889 450 11 0.0532 371 137 655 364 7 0.0531 511 326 772 571 0 0.0531 380 338 649 577 5 0.0526 370 0 633 192 13 0.0525 520 471 778 700 3 0.0524 514 397 768 640 6 0.0522 525 472 781 702 6 0.0521 591 393 842 626 0 0.0519 563 147 821 378 0 0.0518 508 330 769 574 7 0.0517 255 138 507 372 8 0.0516 165 414 416 642 13 0.0515 169 420 434 648 8 0.0512 516 469 769 706 5 0.0511 683 209 945 450 6 0.0511 510 264 779 494 13 0.0511 570 276 836 499 6 0.0509 570 149 825 371 11 0.0509 566 96 813 316 9 0.0509 515 472 774 700 13 0.0508 379 2 642 196 0 0.0505 251 341 504 569 3 0.0505 380 133 648 372 2 0.0504 431 420 709 645 8 0.0504 377 337 639 579 13 0.0504 432 410 718 643 9 0.0504 571 327 830 554 8 0.0503 441 268 704 502 0 0.0501 168 417 425 642 10 0.0501 374 143 655 362
6Wh93cgqMWL2IxhCy6YhjMlB8oCSNRpG,0 0.0665 0 550 313 727 11 0.0661 0 554 313 725 8 0.0642 0 551 307 728 5 0.0640 0 550 311 727 6 0.0639 0 550 317 727 0 0.0630 247 595 502 830 3 0.0628 3 552 315 730 7 0.0627 3 551 317 728 0 0.0619 304 671 557 901 13 0.0598 1 553 320 729 11 0.0583 302 674 556 895 10 0.0560 0 551 311 727 5 0.0553 244 592 498 824 11 0.0549 244 596 502 827 2 0.0549 3 554 313 727 9 0.0543 0 554 313 725 13 0.0542 252 596 506 829 12 0.0540 0 550 314 727 7 0.0540 248 596 506 830 13 0.0535 312 670 562 901 1 0.0535 0 548 314 727 8 0.0531 247 595 496 828 13 0.0529 629 528 902 792 6 0.0527 248 596 503 826 2 0.0527 251 599 501 830 5 0.0523 301 668 549 898 2 0.0518 309 675 558 899 10 0.0518 249 600 502 827 3 0.0517 247 596 500 837 6 0.0516 309 672 558 898 0 0.0502 623 520 892 791
xH4bhm5sZGuLZYlYiZeFE0MnEg3igfJY,7 0.0612 184 703 432 959 0 0.0611 186 700 431 959 11 0.0581 182 660 439 898 7 0.0572 386 588 649 825 11 0.0564 383 589 640 825 13 0.0558 386 588 652 825 8 0.0558 184 700 424 954 7 0.0553 459 524 702 760 10 0.0552 182 663 440 896 6 0.0543 188 706 435 956 11 0.0541 178 335 434 570 5 0.0539 179 698 425 953 11 0.0535 514 528 756 759 0 0.0532 379 586 645 828 8 0.0531 380 582 637 825 8 0.0531 511 523 751 762 0 0.0527 236 260 500 485 5 0.0527 377 582 638 820 5 0.0526 177 326 430 569 10 0.0521 381 590 642 826 11 0.0520 237 263 504 481 0 0.0520 513 527 760 764 6 0.0512 184 335 435 570 7 0.0507 185 331 435 571 6 0.0504 382 592 649 827 3 0.0502 185 662 442 909
MlZ38Dwjiqjx3wWYur0ztEGOhb33EDY0,8 0.0629 451 452 692 695 11 0.0622 407 599 766 787 11 0.0619 308 592 566 836 11 0.0614 451 455 695 695 6 0.0597 453 453 699 696 11 0.0596 299 450 567 689 0 0.0595 412 598 767 792 7 0.0592 457 453 699 697 0 0.0590 400 481 766 667 8 0.0584 306 450 561 689 8 0.0584 313 589 562 838 5 0.0582 449 448 693 696 8 0.0581 420 597 757 788 0 0.0580 331 543 709 727 7 0.0577 308 448 570 691 0 0.0570 304 448 569 690 7 0.0570 315 588 573 838 5 0.0567 300 442 563 689 7 0.0567 387 513 641 755 11 0.0567 172 337 432 578 6 0.0567 418 597 769 791 11 0.0566 250 269 505 505 11 0.0566 634 223 901 436 5 0.0565 381 507 634 753 8 0.0564 386 514 631 751 10 0.0562 383 516 636 755 6 0.0559 307 450 569 690 3 0.0552 386 514 639 758 13 0.0551 457 456 702 694 7 0.0551 419 597 771 791 2 0.0550 455 460 697 697 10 0.0550 450 455 696 699 8 0.0549 570 592 823 835 13 0.0546 310 449 570 690 10 0.0545 310 593 572 838 5 0.0545 307 585 567 835 13 0.0545 391 514 640 753 3 0.0543 315 592 569 842 3 0.0543 306 450 567 695 5 0.0542 411 595 760 788 3 0.0542 455 455 698 701 13 0.0541 183 336 438 586 3 0.0538 422 599 766 793 13 0.0538 421 599 769 789 11 0.0534 519 148 792 375 1 0.0532 300 443 565 690 10 0.0530 306 454 568 690 13 0.0529 316 590 573 840 9 0.0528 303 448 565 682 10 0.0525 417 599 766 791 2 0.0522 385 517 633 752 10 0.0520 181 341 431 582 0 0.0520 180 334 432 582 0 0.0518 316 668 572 913 2 0.0518 307 452 564 688 5 0.0516 176 328 432 581 9 0.0514 383 515 637 747 6 0.0514 314 0 572 191 8 0.0512 567 345 819 584 1 0.0510 449 449 698 697 6 0.0508 319 666 577 907 11 0.0507 300 2 572 191 10 0.0506 252 274 501 509 2 0.0506 416 600 765 789 9 0.0505 449 453 698 694 12 0.0502 458 453 699 696 8 0.0500 181 335 425 583
bFexecGcqzeKJvoBCW2mxlLmePtwrwnc,11 0.0693 439 332 693 572 8 0.0692 429 200 686 444 11 0.0669 438 474 692 710 7 0.0664 310 403 568 645 11 0.0656 309 335 572 572 11 0.0653 375 402 625 642 0 0.0651 267 421 626 606 7 0.0649 446 328 697 574 7 0.0649 320 273 573 517 0 0.0646 430 202 693 444 5 0.0643 437 327 693 574 11 0.0642 508 539 763 770 8 0.0638 440 327 691 573 0 0.0635 440 329 696 575 8 0.0633 310 333 567 572 8 0.0627 503 464 757 708 0 0.0624 399 489 755 665 5 0.0623 373 400 624 641 8 0.0621 312 207 563 449 8 0.0620 375 400 622 639 5 0.0616 321 283 683 474 3 0.0615 332 354 686 541 6 0.0614 383 271 643 519 11 0.0613 311 205 575 445 10 0.0605 328 290 687 475 5 0.0602 500 462 753 707 11 0.0600 432 205 694 441 0 0.0600 562 272 831 502 3 0.0597 309 404 565 647 5 0.0596 306 330 571 573 13 0.0593 332 356 691 537 7 0.0590 435 203 695 443 11 0.0588 245 403 506 650 5 0.0584 241 401 503 650 2 0.0583 382 273 635 517 6 0.0582 406 488 759 663 10 0.0581 264 423 625 605 0 0.0578 508 539 763 773 5 0.0574 557 267 830 501 6 0.0570 337 224 697 409 6 0.0567 511 539 767 773 6 0.0566 270 421 629 605 2 0.0565 432 207 690 442 13 0.0561 401 488 763 664 6 0.0560 252 279 507 524 8 0.0558 515 612 757 836 10 0.0557 503 468 758 707 12 0.0556 442 328 696 575 3 0.0554 433 206 690 448 13 0.0553 434 205 697 443 6 0.0553 571 272 834 500 13 0.0552 380 401 632 640 1 0.0551 394 484 749 665 1 0.0549 327 353 682 538 12 0.0549 380 401 628 643 8 0.0548 564 271 822 497 9 0.0547 380 269 637 512 2 0.0546 507 470 762 707 0 0.0546 246 276 505 524 0 0.0544 312 205 575 449 7 0.0542 508 462 761 711 2 0.0541 268 422 625 606 3 0.0539 508 467 760 711 9 0.0538 376 400 625 638 3 0.0537 569 273 830 506 11 0.0533 564 276 829 497 11 0.0529 639 609 892 826 7 0.0529 244 202 499 450 13 0.0528 570 272 838 502
pTGHxfl7QNUx0tIXPQQw8MHfhXYaeieD,11 0.0597 116 267 371 485 7 0.0593 516 735 763 966 5 0.0573 115 262 366 486 6 0.0567 127 267 372 490 0 0.0562 515 736 757 970 8 0.0559 107 334 357 562 11 0.0556 512 742 763 959 5 0.0555 506 737 753 959 11 0.0552 172 197 444 431 0 0.0550 170 262 439 496 8 0.0537 180 194 431 436 8 0.0535 513 738 753 963 10 0.0529 121 270 366 489 0 0.0521 468 407 718 630 3 0.0520 519 737 762 969 0 0.0513 108 331 367 564 5 0.0512 171 188 431 433 7 0.0507 127 264 371 490 7 0.0507 477 404 717 625 7 0.0507 182 192 445 436
Yv1WXW3fpBewSZ0eilbbWScwaIglExq6,11 0.0633 246 779 493 1013 7 0.0620 249 777 497 1018 5 0.0617 246 774 490 1012 8 0.0614 180 782 432 1015 13 0.0588 539 2 896 148 5 0.0570 520 0 879 146 0 0.0569 648 0 1020 153 10 0.0563 251 786 496 1012 8 0.0554 629 6 877 251 11 0.0554 648 2 1023 148 11 0.0552 625 12 887 247 0 0.0549 253 775 498 1017 6 0.0543 250 782 500 1015 0 0.0541 624 12 885 254 13 0.0529 253 778 503 1017 3 0.0524 251 779 493 1022 5 0.0515 114 780 372 1003 8 0.0512 654 0 1017 148 6 0.0502 654 1 1023 149 2 0.0500 528 4 890 146
6Zm7dlMTsSma2RD2OmSXHkGkRL1gkbcM,8 0.0643 571 401 821 636 0 0.0617 510 146 763 387 8 0.0616 578 264 820 506 0 0.0612 508 398 758 633 0 0.0611 329 73 574 316 0 0.0609 247 327 513 570 5 0.0606 245 254 503 497 8 0.0604 403 228 762 412 0 0.0603 195 255 451 501 5 0.0597 564 391 827 637 11 0.0597 247 329 516 565 11 0.0597 320 205 594 442 8 0.0596 505 327 749 559 5 0.0595 244 387 504 642 5 0.0592 572 258 824 504 11 0.0588 328 74 575 313 5 0.0586 395 227 763 409 13 0.0583 332 73 585 315 11 0.0583 398 232 771 409 0 0.0580 262 137 515 380 11 0.0580 380 271 646 509 0 0.0580 577 265 826 507 6 0.0577 575 400 833 638 5 0.0576 566 131 827 374 7 0.0572 255 257 509 499 5 0.0572 377 264 640 509 5 0.0570 258 137 513 376 8 0.0570 251 324 505 569 0 0.0569 320 203 594 444 7 0.0568 571 399 832 642 8 0.0568 383 269 637 509 3 0.0567 576 403 833 644 13 0.0566 253 325 519 572 6 0.0565 324 260 592 504 11 0.0561 567 402 834 637 7 0.0561 384 268 647 514 3 0.0559 253 258 508 506 5 0.0559 302 326 574 572 7 0.0556 450 138 712 385 3 0.0556 336 143 585 384 11 0.0556 498 330 757 557 11 0.0554 510 83 772 317 11 0.0553 194 255 455 496 7 0.0553 520 201 768 452 0 0.0553 450 10 701 245 8 0.0550 264 203 501 441 13 0.0550 323 262 594 508 7 0.0550 330 70 579 316 3 0.0549 199 331 453 588 7 0.0549 197 329 452 578 6 0.0549 267 199 512 441 7 0.0549 453 6 705 244 0 0.0548 628 402 893 643 3 0.0547 520 203 768 456 7 0.0547 509 325 756 561 7 0.0547 516 77 774 317 8 0.0546 331 147 572 378 3 0.0545 575 138 828 382 10 0.0544 502 329 756 559 6 0.0544 580 135 833 377 8 0.0542 198 254 442 503 3 0.0542 453 140 708 389 3 0.0541 385 267 646 516 2 0.0541 402 236 770 411 11 0.0541 262 137 514 374 3 0.0538 511 325 755 567 6 0.0535 585 263 830 506 2 0.0534 332 152 579 382 6 0.0534 509 328 761 561 13 0.0533 579 205 839 445 11 0.0532 626 196 898 427 11 0.0531 448 10 701 240 5 0.0531 325 69 576 314 8 0.0530 454 7 692 239 0 0.0530 246 460 503 702 6 0.0527 398 204 657 446 11 0.0527 571 267 828 503 6 0.0526 336 145 590 378 8 0.0525 635 139 881 376 8 0.0525 312 393 556 641 6 0.0524 201 257 455 504 10 0.0524 568 403 835 641
taNwHns1EjF88jUSdGRI4hRs2ZYv8zlw,3 0.0630 454 411 699 663 7 0.0628 456 409 703 658 11 0.0607 281 420 640 600 3 0.0607 282 421 638 603 11 0.0600 305 647 556 889 11 0.0599 449 412 699 655 5 0.0596 271 416 635 599 0 0.0593 450 408 699 658 5 0.0592 445 408 695 658 8 0.0589 376 664 624 895 8 0.0587 450 409 695 659 7 0.0583 286 418 646 602 11 0.0581 374 791 638 1014 8 0.0578 306 595 544 835 6 0.0576 454 408 702 658 0 0.0572 283 479 650 664 11 0.0566 242 787 491 1013 6 0.0559 135 200 385 435 5 0.0555 373 656 633 894 7 0.0555 446 787 706 1022 8 0.0555 282 421 630 599 13 0.0550 286 419 647 601 13 0.0550 451 409 705 657 13 0.0548 137 273 387 519 10 0.0544 281 423 644 600 6 0.0542 378 664 635 894 6 0.0542 200 135 453 375 0 0.0542 133 271 380 515 8 0.0541 134 197 371 436 2 0.0539 284 422 636 600 7 0.0539 315 648 563 894 5 0.0539 126 268 375 509 0 0.0534 310 648 562 893 13 0.0533 384 788 648 1017 10 0.0528 451 414 701 660 7 0.0527 382 713 637 956 3 0.0526 381 665 627 902 6 0.0526 286 420 645 599 11 0.0524 129 274 381 515 12 0.0522 454 411 703 660 0 0.0522 374 712 631 956 9 0.0521 278 419 635 595 5 0.0520 305 587 548 832 5 0.0520 190 128 440 372 7 0.0520 245 781 498 1018 10 0.0517 131 279 379 512 8 0.0513 196 135 441 376 12 0.0509 283 419 636 601 0 0.0508 80 219 438 402 8 0.0504 440 793 690 1018 7 0.0504 135 269 382 512 0 0.0503 441 794 703 1021
Eh20c5IIohJtFbi4CvM2EnNFo0J9RcMV,5 0.0644 118 723 369 958 7 0.0632 123 724 372 962 8 0.0627 120 724 366 960 10 0.0624 120 731 372 959 11 0.0602 119 725 372 957 0 0.0576 123 724 372 963 3 0.0571 124 722 370 965 6 0.0570 123 726 376 959 13 0.0556 122 725 377 959 2 0.0519 123 728 371 958 11 0.0506 326 440 573 671 12 0.0505 124 724 372 959 1 0.0500 117 719 369 957
45WiWIDYcJBnH7TJdIPEhuW3HphTpGH6,8 0.0582 254 257 508 485 5 0.0572 257 207 504 444 11 0.0567 172 453 436 698 8 0.0558 126 271 372 523 11 0.0557 256 159 501 382 5 0.0557 245 444 508 689 7 0.0555 256 316 519 552 11 0.0553 122 279 382 517 8 0.0551 180 453 425 698 11 0.0549 250 321 521 551 8 0.0549 438 715 704 959 8 0.0546 181 207 424 446 0 0.0545 126 280 376 520 0 0.0545 259 208 511 445 11 0.0544 449 12 696 247 0 0.0539 181 455 437 699 7 0.0539 443 713 719 959 3 0.0539 252 325 516 560 5 0.0531 248 316 513 548 5 0.0529 434 706 709 956 5 0.0528 119 273 372 516 6 0.0528 396 3 640 235 5 0.0524 304 696 573 942 3 0.0523 460 11 693 253 5 0.0517 444 1 692 244 11 0.0515 431 717 713 955 6 0.0515 440 713 715 957 8 0.0514 265 157 489 385 5 0.0514 479 151 761 367 11 0.0513 173 208 435 442 7 0.0510 127 272 382 522 7 0.0509 261 206 510 445 6 0.0508 311 698 579 942 2 0.0508 452 19 696 248 11 0.0508 305 704 579 941 7 0.0507 254 449 516 698 0 0.0506 436 707 715 960 0 0.0506 254 321 522 550 3 0.0503 261 212 508 452 0 0.0501 756 0 1019 200
y7jZUHssTesPHHCeaeHipVpi6GbdxP5e,5 0.0647 235 435 499 690 0 0.0642 381 274 632 499 8 0.0639 242 443 496 689 11 0.0627 312 336 568 566 11 0.0620 440 348 694 570 5 0.0613 364 451 617 693 5 0.0612 248 322 498 566 8 0.0608 373 456 616 692 7 0.0605 241 441 503 695 3 0.0604 384 339 633 572 7 0.0603 451 394 703 636 11 0.0602 366 400 630 632 0 0.0601 373 398 631 636 0 0.0601 315 335 569 571 7 0.0599 381 339 633 571 11 0.0595 377 273 636 495 8 0.0593 448 399 691 632 11 0.0592 243 390 504 633 5 0.0591 375 334 630 568 6 0.0587 319 334 570 570 7 0.0585 370 454 625 700 0 0.0585 240 440 502 692 13 0.0583 242 441 506 697 6 0.0578 251 387 506 635 5 0.0574 313 266 567 493 5 0.0571 443 390 696 631 10 0.0569 247 393 504 636 13 0.0568 319 336 573 571 8 0.0568 252 328 493 567 3 0.0567 250 393 505 638 3 0.0567 450 396 699 637 8 0.0567 380 340 623 567 3 0.0564 319 271 572 499 13 0.0563 371 455 625 697 7 0.0563 504 469 764 711 6 0.0562 367 454 624 696 11 0.0558 496 472 756 709 6 0.0553 448 347 697 575 2 0.0552 250 392 502 634 0 0.0548 501 472 756 711 8 0.0541 248 574 500 816 10 0.0541 315 337 564 569 0 0.0541 254 269 508 504 1 0.0540 246 385 504 633 7 0.0539 253 325 501 567 8 0.0539 505 474 746 708 1 0.0538 312 332 567 570 6 0.0534 385 272 637 498 7 0.0533 320 266 575 496 0 0.0533 314 2 579 201 2 0.0531 316 340 564 568 6 0.0531 259 267 512 503 5 0.0531 237 569 505 816 10 0.0531 368 398 630 634 5 0.0530 494 465 753 709 13 0.0527 254 576 517 822 13 0.0527 448 347 698 574 8 0.0526 317 270 564 495 6 0.0523 505 473 757 708 11 0.0521 257 661 516 886 12 0.0521 250 390 506 634 7 0.0519 251 578 514 821 11 0.0519 244 16 517 248 6 0.0518 318 3 585 202 11 0.0517 240 505 509 753 1 0.0516 370 393 629 634 9 0.0515 367 396 633 629 0 0.0514 319 101 576 330 11 0.0512 376 0 641 193 10 0.0511 444 349 695 572 6 0.0510 252 507 512 757 5 0.0508 376 0 636 191 9 0.0508 248 389 505 628 10 0.0508 253 274 505 501 11 0.0507 308 734 563 962 3 0.0506 247 509 505 761 13 0.0505 506 468 765 709 8 0.0505 320 3 574 202 11 0.0505 253 268 509 501 5 0.0504 171 274 433 510 8 0.0502 308 727 560 963 10 0.0500 243 513 509 759
D4O7Y0PGfNbruDT9mSA3xx9hmpRMiUvE,5 0.0585 373 649 638 896 11 0.0574 376 661 642 902 13 0.0561 382 740 644 969 11 0.0561 293 600 557 837 8 0.0553 381 654 632 900 5 0.0547 288 589 550 831 11 0.0546 287 471 567 698 7 0.0542 445 721 721 959 7 0.0539 389 778 628 1016 5 0.0530 383 770 621 1014 8 0.0529 299 594 550 838 7 0.0526 384 598 647 843 8 0.0525 443 725 704 953 11 0.0517 377 347 629 578 13 0.0514 381 601 652 842 8 0.0510 237 524 488 782 7 0.0508 239 522 501 781 3 0.0508 297 598 553 842 5 0.0503 279 460 558 694 6 0.0502 292 465 572 697
wFLUrZygMoC95ClVcQIi0jJQC12azVJc,5 0.0607 257 63 511 300 0 0.0605 4 438 252 676 0 0.0600 243 0 500 201 0 0.0597 494 607 761 841 5 0.0593 492 603 756 837 11 0.0593 390 322 655 556 3 0.0585 395 316 656 563 6 0.0583 266 66 521 305 8 0.0581 265 67 512 303 5 0.0576 248 261 526 508 7 0.0576 271 65 518 303 8 0.0575 254 269 519 510 11 0.0574 304 3 565 195 8 0.0570 6 431 242 671 6 0.0564 311 0 571 200 3 0.0563 255 272 532 519 11 0.0561 262 70 522 301 8 0.0560 247 0 493 200 11 0.0558 250 270 534 509 8 0.0556 505 538 749 771 8 0.0554 384 382 643 620 6 0.0553 493 606 761 840 5 0.0552 187 111 443 358 11 0.0544 492 610 761 836 5 0.0541 384 312 651 554 8 0.0541 116 282 368 535 6 0.0540 140 64 409 312 7 0.0540 313 0 572 198 7 0.0539 499 603 761 839 0 0.0538 262 66 518 304 13 0.0537 311 0 571 197 7 0.0537 393 318 660 558 8 0.0536 443 460 703 699 8 0.0530 138 67 397 313 7 0.0529 444 458 711 703 5 0.0528 0 436 243 669 11 0.0528 183 193 445 435 11 0.0526 2 441 255 663 0 0.0524 56 368 310 613 0 0.0523 194 115 449 365 10 0.0522 494 608 760 839 8 0.0521 186 191 434 444 11 0.0521 115 290 383 526 13 0.0520 270 68 525 303 5 0.0520 636 343 886 567 7 0.0518 186 269 451 524 3 0.0515 311 0 566 203 13 0.0514 384 381 655 621 13 0.0514 254 270 536 518 7 0.0508 194 111 450 364 9 0.0507 243 0 501 195 8 0.0507 643 347 884 569 0 0.0507 642 352 887 571 6 0.0505 444 462 717 702 13 0.0503 6 436 260 669 13 0.0502 647 350 896 567 6 0.0502 8 436 258 672 11 0.0500 438 464 709 698
923xfcG5CrP33nzc3sc1N9Cx9okwe9hT,14 1.0 0 0 1 1
vmhX1TLnTqG0mizcFOzvvMf6H9C3Fe6h,11 0.0602 632 401 889 650 0 0.0598 315 206 568 442 6 0.0597 322 274 576 517 11 0.0585 318 274 570 515 8 0.0577 635 402 881 646 0 0.0572 0 674 266 917 10 0.0561 239 284 490 513 3 0.0552 318 277 572 523 5 0.0551 235 276 490 510 0 0.0543 239 279 496 515 13 0.0542 322 276 575 519 6 0.0538 639 405 897 646 11 0.0534 308 142 571 376 7 0.0534 320 272 574 516 8 0.0532 320 273 562 515 0 0.0531 635 402 889 648 11 0.0530 0 677 263 900 13 0.0529 636 405 893 647 5 0.0528 632 398 887 645 5 0.0525 311 199 566 437 0 0.0516 301 77 562 313 11 0.0510 167 285 432 521 2 0.0501 320 277 569 514
eDSaNPNtsgD6EUhPKpYGsF0PskxszK3s,11 0.0641 448 554 710 789 5 0.0611 436 780 690 1018 8 0.0608 445 550 700 792 8 0.0603 383 668 640 900 8 0.0603 447 788 686 1017 11 0.0595 381 611 646 847 5 0.0590 493 607 767 845 7 0.0581 447 786 698 1022 11 0.0579 442 788 693 1016 7 0.0569 389 607 648 844 5 0.0567 377 600 637 848 8 0.0567 251 345 507 581 3 0.0564 384 607 641 854 7 0.0561 349 745 719 920 0 0.0554 499 609 771 848 11 0.0550 340 747 718 917 6 0.0548 501 614 776 845 0 0.0547 444 787 696 1023 3 0.0542 453 547 706 797 7 0.0541 456 547 711 788 11 0.0541 380 272 653 501 2 0.0540 449 554 706 791 6 0.0540 443 787 697 1018 13 0.0536 386 608 648 849 5 0.0534 336 740 707 918 6 0.0534 382 608 645 847 5 0.0531 241 343 510 579 0 0.0530 343 744 711 922 5 0.0529 373 264 648 500 11 0.0528 138 671 495 842 0 0.0525 384 271 651 500 11 0.0520 178 342 452 577 3 0.0518 447 786 692 1023 0 0.0518 636 612 901 843 13 0.0517 577 618 842 852 7 0.0517 252 346 520 583 10 0.0516 449 550 709 790 0 0.0516 382 606 641 850 0 0.0515 248 347 517 583 10 0.0512 383 611 643 846 0 0.0512 753 214 1016 463 2 0.0510 384 616 643 852 0 0.0505 566 343 814 594 6 0.0504 255 345 519 579 7 0.0503 386 268 657 504 13 0.0501 392 271 659 505 6 0.0501 145 668 497 843 6 0.0500 329 276 594 512
hIhKrm71kVNPUiJCsDgM16N0d0XTOeir,8 0.0664 199 610 560 791 5 0.0652 192 611 560 789 0 0.0642 197 609 567 792 7 0.0633 200 610 570 791 13 0.0628 200 612 572 789 11 0.0626 198 611 565 789 10 0.0610 199 613 564 789 3 0.0596 201 612 568 793 6 0.0589 198 613 572 790 2 0.0588 200 614 564 793 9 0.0572 198 614 564 789 1 0.0537 193 609 562 792 12 0.0533 208 610 564 792 4 0.0521 198 613 567 792
wrooZaL6v8yGg5GRMNeOyk7coiF7QoZH,11 0.0682 509 532 754 769 8 0.0653 508 531 751 774 6 0.0632 512 533 756 774 0 0.0626 566 411 817 646 13 0.0610 509 536 760 774 13 0.0609 568 412 826 645 8 0.0607 637 523 874 765 8 0.0606 568 405 815 646 11 0.0598 565 411 819 645 7 0.0594 511 527 755 777 6 0.0591 574 412 821 644 0 0.0590 505 534 753 771 0 0.0581 632 531 882 762 11 0.0578 634 462 888 698 3 0.0573 512 531 756 777 11 0.0560 625 344 891 574 5 0.0558 560 338 822 581 5 0.0553 628 460 881 695 8 0.0551 253 33 508 262 11 0.0549 228 511 499 759 3 0.0549 635 342 886 583 1 0.0547 507 526 750 773 7 0.0546 570 407 818 649 5 0.0542 505 528 749 771 3 0.0540 572 411 816 650 7 0.0539 234 506 502 759 11 0.0536 378 788 627 1017 6 0.0533 645 465 893 695 13 0.0532 637 532 890 766 1 0.0529 563 403 819 644 5 0.0522 374 334 638 575 3 0.0521 643 527 880 771 10 0.0517 508 534 752 777 8 0.0515 229 509 487 760 13 0.0515 253 28 523 268 0 0.0512 708 598 947 827 7 0.0509 382 786 634 1018 6 0.0508 639 340 893 577 0 0.0505 623 279 888 517 5 0.0504 246 24 516 263 0 0.0503 379 338 644 577 2 0.0503 512 539 753 778 7 0.0500 634 526 882 769 2 0.0500 570 414 821 645
ChLvvjQ1qX8th7FaXL7xmat5SrmYLfPN,7 0.0637 400 480 764 669 0 0.0633 443 331 704 568 11 0.0625 431 464 692 705 13 0.0616 631 588 898 839 5 0.0614 430 454 690 703 6 0.0612 373 398 633 640 8 0.0607 571 523 816 775 5 0.0603 507 391 763 634 11 0.0600 508 396 767 630 0 0.0591 511 394 768 633 6 0.0591 444 328 708 566 6 0.0590 436 461 697 707 0 0.0590 511 274 772 511 11 0.0589 440 330 705 564 11 0.0587 367 402 630 636 7 0.0586 512 332 771 576 8 0.0585 509 396 761 632 5 0.0584 562 520 821 772 5 0.0583 700 528 940 773 5 0.0579 507 271 767 509 8 0.0579 445 267 698 497 5 0.0575 438 324 699 566 5 0.0574 366 395 626 639 13 0.0573 377 465 633 707 0 0.0572 565 525 823 775 10 0.0571 434 400 700 639 13 0.0571 573 524 832 774 0 0.0568 393 551 766 738 11 0.0567 702 533 944 772 7 0.0567 570 525 830 772 13 0.0566 512 398 771 633 13 0.0564 709 529 949 776 13 0.0562 318 404 575 641 8 0.0561 704 532 935 773 2 0.0561 440 404 701 638 7 0.0559 453 267 710 498 6 0.0558 512 272 773 507 7 0.0557 314 403 570 637 11 0.0555 306 533 564 769 11 0.0555 564 525 824 773 9 0.0554 437 398 702 634 7 0.0553 284 353 659 532 11 0.0549 508 272 771 504 3 0.0548 447 269 705 505 6 0.0546 512 394 771 633 7 0.0546 573 395 831 645 0 0.0544 704 528 941 775 8 0.0544 398 548 759 738 9 0.0544 446 268 705 494 13 0.0542 451 268 711 499 8 0.0542 374 462 621 704 2 0.0541 512 340 769 574 10 0.0538 506 277 769 508 0 0.0533 368 462 624 708 6 0.0533 709 531 945 772 7 0.0530 461 601 707 843 5 0.0530 304 461 557 708 6 0.0529 314 531 568 769 8 0.0528 331 417 697 594 13 0.0528 463 603 708 844 3 0.0527 378 464 627 710 3 0.0527 441 400 700 642 2 0.0522 449 273 706 501 9 0.0518 506 335 770 569 13 0.0517 573 654 820 908 2 0.0515 373 469 627 705 10 0.0513 310 405 566 639 10 0.0512 563 525 825 773 12 0.0511 450 267 710 497 2 0.0511 399 554 774 737
Gs6f8Zgk2MUvoQJCKuM7VlQNQHvivBsZ,7 0.0595 516 406 777 634 5 0.0591 571 270 827 510 11 0.0583 570 274 836 511 11 0.0582 648 409 903 639 8 0.0581 510 406 770 638 8 0.0580 127 136 370 380 11 0.0580 245 198 515 441 8 0.0576 572 271 824 514 5 0.0572 646 408 900 639 0 0.0570 645 346 899 574 3 0.0568 514 407 773 642 11 0.0567 514 344 781 574 11 0.0564 175 271 445 512 5 0.0563 242 338 507 582 11 0.0562 185 131 445 366 13 0.0559 579 274 835 516 5 0.0558 506 404 767 636 11 0.0552 324 271 591 510 5 0.0548 115 128 370 376 7 0.0546 516 271 783 506 0 0.0546 574 274 833 515 2 0.0546 575 278 834 514 10 0.0545 517 346 781 575 3 0.0544 129 135 377 384 6 0.0541 511 405 777 638 3 0.0539 577 273 833 518 11 0.0538 394 196 661 431 11 0.0538 519 202 781 431 0 0.0538 511 406 773 640 11 0.0537 319 137 586 366 8 0.0535 186 195 436 440 6 0.0534 653 347 900 572 11 0.0532 242 344 513 582 13 0.0530 514 408 778 636 6 0.0528 255 129 513 374 5 0.0527 170 265 437 510 5 0.0524 240 196 507 436 11 0.0524 629 167 893 390 8 0.0523 632 172 881 393 13 0.0523 252 341 516 590 6 0.0523 578 272 836 512 11 0.0522 451 277 722 508 8 0.0520 644 343 890 577 3 0.0520 253 130 509 378 8 0.0517 249 277 495 521 13 0.0517 186 194 452 441 13 0.0517 195 61 449 303 8 0.0516 451 274 711 513 13 0.0513 16 161 393 350 0 0.0511 449 279 719 514 7 0.0510 191 126 446 369 0 0.0508 81 165 455 341 10 0.0508 646 417 901 642 3 0.0507 653 411 903 649 5 0.0507 626 164 890 388 3 0.0505 184 195 448 443 10 0.0505 575 275 831 513 7 0.0505 186 265 447 514 6 0.0503 637 168 898 390 6 0.0503 128 131 378 376 7 0.0502 251 198 517 444 8 0.0501 180 342 430 591 8 0.0500 198 66 436 300 2 0.0500 126 139 374 377
cWHbVrEmtV1bGCg5zJfItDXAtoJlsnRq,11 0.0626 207 867 570 1022 7 0.0616 207 864 582 1023 5 0.0616 203 862 570 1019 5 0.0610 252 729 495 966 8 0.0605 208 867 565 1022 7 0.0601 259 731 500 968 11 0.0598 255 735 498 961 10 0.0596 202 871 574 1021 6 0.0583 214 870 580 1023 8 0.0575 257 735 490 968 10 0.0572 255 740 498 966 0 0.0567 208 868 574 1023 0 0.0557 258 730 499 972 0 0.0545 516 342 777 587 9 0.0537 206 868 574 1021 13 0.0527 256 738 504 969 11 0.0522 503 275 770 505 2 0.0518 210 871 575 1023 3 0.0503 258 732 500 975 6 0.0501 257 737 502 966
Bz5tTobSLFulykFrWjIzoPsn2A73ua17,11 0.0609 302 532 580 771 8 0.0596 309 533 572 771 8 0.0572 251 398 495 637 5 0.0572 241 519 503 770 7 0.0571 251 391 506 637 8 0.0571 380 328 631 562 11 0.0569 240 462 506 704 11 0.0569 570 150 825 371 5 0.0568 243 388 503 634 5 0.0568 501 140 753 375 3 0.0568 250 399 505 643 7 0.0567 384 325 640 564 11 0.0561 246 321 517 563 11 0.0560 376 328 641 559 11 0.0559 446 150 701 382 13 0.0556 309 529 585 773 10 0.0555 247 402 504 638 5 0.0554 632 461 881 694 3 0.0548 579 146 820 384 0 0.0548 306 527 579 774 5 0.0545 302 590 576 832 8 0.0543 393 3 641 245 8 0.0543 577 147 810 379 10 0.0542 452 154 702 384 11 0.0541 385 5 645 240 7 0.0540 395 3 656 245 8 0.0540 447 149 695 382 0 0.0539 251 394 503 638 0 0.0534 572 149 820 379 8 0.0532 251 589 501 835 6 0.0528 247 462 509 705 3 0.0525 381 327 639 565 1 0.0524 304 521 578 773 0 0.0519 379 328 640 561 10 0.0518 378 331 643 558 7 0.0518 310 526 583 774 13 0.0516 577 149 829 381 5 0.0514 564 85 827 313 5 0.0513 375 323 636 558 10 0.0512 303 535 580 776 3 0.0509 306 533 577 777 5 0.0506 246 261 509 503 13 0.0506 250 459 509 710 0 0.0506 393 6 648 244 11 0.0505 173 521 439 779 9 0.0504 243 399 505 631 5 0.0503 385 0 645 242 6 0.0503 513 147 763 371
xZf8Zs0rjJmlj1igiR1F8FHlyqm8fiyF,7 0.0590 513 338 754 567 11 0.0559 505 344 756 565 8 0.0543 184 460 414 688 8 0.0537 512 340 744 566 8 0.0536 491 34 752 270 5 0.0530 506 269 761 502 5 0.0527 562 346 823 571 0 0.0519 568 353 827 575 0 0.0518 166 344 428 562 0 0.0518 511 278 762 504 8 0.0513 119 350 357 575 11 0.0507 555 411 826 635 0 0.0506 506 402 756 639 11 0.0506 191 403 442 627 7 0.0501 442 394 699 633 11 0.0500 519 210 774 443
Hd9ya0DM1u6BLTD1XyM7Cvo97gkklzqe,5 0.0620 629 402 876 639 3 0.0585 451 0 710 195 6 0.0577 437 512 698 753 8 0.0573 633 404 875 643 7 0.0571 448 0 716 191 6 0.0570 638 406 883 641 8 0.0565 504 330 740 570 0 0.0565 504 337 747 575 0 0.0562 630 403 880 641 6 0.0561 376 455 627 696 11 0.0559 436 336 683 559 11 0.0559 629 406 880 640 0 0.0555 444 0 706 191 7 0.0553 634 407 882 642 3 0.0548 507 334 747 577 0 0.0547 565 280 814 512 11 0.0547 441 2 710 189 5 0.0544 300 512 561 754 8 0.0542 378 453 619 697 8 0.0542 444 0 700 190 8 0.0540 310 520 554 757 13 0.0536 635 408 887 644 6 0.0535 571 279 817 509 8 0.0533 570 22 818 259 5 0.0532 439 0 707 188 5 0.0528 428 509 693 754 10 0.0527 443 5 711 189 3 0.0527 637 410 880 646 7 0.0525 507 335 747 570 7 0.0525 378 451 628 701 8 0.0524 435 510 689 756 5 0.0522 501 330 743 569 6 0.0522 449 1 713 188 8 0.0520 570 276 804 510 0 0.0520 376 453 623 701 11 0.0520 372 454 622 696 13 0.0520 570 28 839 259 5 0.0520 370 450 622 695 6 0.0519 507 338 750 571 11 0.0516 429 515 694 753 13 0.0515 508 335 753 571 0 0.0514 433 512 694 760 0 0.0514 305 515 562 762 2 0.0514 506 343 748 572 7 0.0513 570 793 820 1023 11 0.0512 301 518 562 750 10 0.0511 307 523 560 755 0 0.0509 188 327 444 576 0 0.0506 249 69 502 318 11 0.0506 565 280 814 505 10 0.0505 632 411 881 641 13 0.0505 573 279 820 512 10 0.0504 374 459 626 695 11 0.0503 249 68 504 311 13 0.0502 310 516 566 761 5 0.0502 181 325 434 572 6 0.0502 312 517 562 756
JY0a1KQRyAeoxsSZh2VgVZVoigNDDMKl,0 0.0640 489 592 758 834 11 0.0611 503 461 767 687 7 0.0599 434 385 700 620 0 0.0596 505 462 766 692 7 0.0581 504 514 763 758 8 0.0577 502 520 751 757 11 0.0570 432 582 702 826 3 0.0562 433 391 699 625 3 0.0559 509 461 765 696 8 0.0558 433 387 687 618 5 0.0556 498 514 757 757 3 0.0555 496 588 757 836 11 0.0555 435 389 695 618 0 0.0553 434 517 701 759 7 0.0546 441 578 705 830 11 0.0541 353 460 621 701 0 0.0535 430 390 699 622 13 0.0529 506 518 764 759 8 0.0528 438 580 693 826 13 0.0523 433 390 704 619 6 0.0517 503 521 763 757 13 0.0517 442 580 708 832 6 0.0505 435 390 702 617 10 0.0504 493 592 757 830 8 0.0502 358 525 624 765
XcmsoVDQ8uZBCUyeUgLVevpqi1qjmXrx,13 0.0558 373 137 629 367 11 0.0554 432 406 694 637 13 0.0544 438 408 700 641 8 0.0541 247 407 501 644 8 0.0538 376 405 625 638 6 0.0538 373 133 631 370 3 0.0532 436 409 695 645 10 0.0526 375 406 632 637 11 0.0522 301 407 569 643 13 0.0518 312 405 576 641 5 0.0518 416 451 684 698 7 0.0513 438 403 694 641 6 0.0513 441 406 697 640 3 0.0506 308 407 568 646 0 0.0503 373 129 626 373 11 0.0503 417 532 694 764 5 0.0501 363 124 625 367 10 0.0500 371 136 625 366
z2ij0WsQphI8ZBaSJjy3H5NFaTl28g35,11 0.0668 278 420 638 594 11 0.0623 243 322 497 558 11 0.0615 370 788 630 1015 11 0.0609 546 433 895 608 5 0.0595 273 416 635 596 5 0.0580 241 319 494 557 0 0.0575 303 13 581 241 7 0.0572 286 414 646 598 3 0.0569 288 420 636 600 5 0.0568 544 429 888 609 8 0.0566 367 677 617 917 0 0.0565 545 433 889 611 0 0.0564 366 676 626 919 8 0.0563 548 431 881 610 0 0.0563 282 420 636 599 7 0.0561 375 786 638 1017 3 0.0556 366 679 624 923 8 0.0553 281 416 632 597 11 0.0551 362 678 629 914 6 0.0550 555 435 896 609 13 0.0550 364 676 629 918 10 0.0549 245 328 496 560 7 0.0543 368 677 631 917 11 0.0539 578 2 832 204 0 0.0538 249 322 496 566 10 0.0536 277 421 638 595 13 0.0532 555 435 903 609 6 0.0531 282 418 642 598 7 0.0528 549 432 896 610 6 0.0526 367 677 629 915 8 0.0525 303 15 575 237 13 0.0524 253 320 501 569 3 0.0523 251 321 496 567 8 0.0521 582 0 822 205 5 0.0520 358 674 622 912 7 0.0520 250 319 499 561 5 0.0518 365 784 629 1010 10 0.0518 367 681 626 914 12 0.0516 283 420 641 597 3 0.0515 556 432 891 612 8 0.0514 248 320 492 565 9 0.0513 273 418 638 591 3 0.0513 374 785 633 1023 13 0.0511 377 789 638 1023 10 0.0511 545 434 888 606 2 0.0510 364 686 622 919 0 0.0510 372 785 634 1020 13 0.0507 307 16 592 241 8 0.0506 372 783 624 1019 6 0.0502 310 88 588 309 2 0.0502 545 438 888 611
1iet6TgokjgvXbnSpCPEwCaWhoZKkdz7,8 0.0570 124 471 374 714 11 0.0569 518 278 778 496 11 0.0564 245 334 509 567 11 0.0564 181 402 434 638 6 0.0557 194 466 444 716 0 0.0555 195 472 439 719 5 0.0554 573 333 816 569 0 0.0553 248 396 498 646 11 0.0552 576 338 827 566 11 0.0551 448 218 717 440 0 0.0548 509 327 770 571 8 0.0546 509 323 764 569 5 0.0545 189 464 435 713 8 0.0541 563 229 809 447 11 0.0540 442 332 708 564 11 0.0533 302 392 575 638 7 0.0532 196 468 440 715 8 0.0531 571 388 822 638 8 0.0529 442 264 705 504 5 0.0529 241 392 495 641 10 0.0528 247 399 497 642 0 0.0521 610 387 876 628 11 0.0518 457 9 703 241 0 0.0518 309 328 578 575 2 0.0517 191 473 438 716 5 0.0516 516 273 766 499 0 0.0515 310 213 576 441 7 0.0513 249 393 499 645 13 0.0513 196 467 446 718 6 0.0510 629 340 874 561 5 0.0510 499 396 754 642 13 0.0509 249 395 505 648 8 0.0509 184 398 421 645 7 0.0507 514 323 774 566 5 0.0502 305 325 572 565 10 0.0502 191 472 441 713 6 0.0501 451 270 723 502 11 0.0501 311 209 581 436 11 0.0500 380 137 640 366 8 0.0500 432 405 693 645
iSMytJtWObj7V5BKcheKrSFCSHraLAUK,8 0.0617 581 779 808 1022 8 0.0605 248 788 487 1023 7 0.0603 585 778 821 1021 5 0.0598 504 712 755 959 5 0.0593 579 778 813 1020 11 0.0590 579 779 814 1020 7 0.0583 193 794 438 1022 11 0.0579 257 677 616 848 6 0.0578 572 722 820 958 11 0.0574 246 793 495 1020 11 0.0562 504 720 759 958 0 0.0561 580 781 816 1023 0 0.0560 258 676 619 854 5 0.0560 242 786 493 1018 8 0.0556 240 339 488 562 0 0.0555 246 789 495 1023 7 0.0553 311 657 567 897 13 0.0551 585 783 822 1023 8 0.0550 242 659 489 893 6 0.0549 435 724 697 962 8 0.0547 505 720 756 960 7 0.0547 510 715 767 962 3 0.0547 583 783 817 1023 7 0.0545 244 715 503 959 11 0.0542 185 659 442 885 9 0.0541 580 779 813 1020 7 0.0538 443 658 707 898 8 0.0536 370 669 628 899 11 0.0535 435 666 702 895 0 0.0533 306 717 563 970 7 0.0532 373 718 635 972 11 0.0531 304 722 560 961 10 0.0525 580 783 813 1021 0 0.0523 503 718 758 964 10 0.0523 259 678 620 849 0 0.0523 0 801 345 996 8 0.0521 306 718 553 966 2 0.0520 582 783 816 1023 3 0.0518 510 719 762 967 5 0.0516 303 715 558 962 6 0.0514 249 796 498 1023 13 0.0513 510 721 769 959 13 0.0508 329 673 691 850 11 0.0508 227 294 512 505 0 0.0507 237 292 505 507 13 0.0505 247 792 501 1023 6 0.0502 308 724 566 966
exEHjv8YXVrL9GX2dtgJVsFQ1Jq3cXE2,8 0.0625 566 387 809 637 5 0.0596 489 0 760 191 11 0.0593 422 398 684 642 0 0.0588 565 389 818 640 8 0.0587 306 0 640 161 11 0.0586 249 357 503 586 8 0.0584 493 0 755 192 8 0.0583 427 395 677 641 0 0.0577 498 0 759 192 8 0.0575 313 135 563 369 3 0.0575 500 0 760 196 11 0.0570 562 390 817 641 7 0.0560 256 350 504 585 5 0.0558 562 385 813 641 8 0.0557 256 352 495 583 3 0.0553 430 396 685 650 7 0.0553 429 397 688 642 7 0.0552 565 389 819 640 13 0.0550 498 1 767 192 6 0.0550 500 0 763 193 6 0.0548 568 389 817 639 5 0.0546 303 0 643 160 6 0.0546 428 397 686 644 0 0.0546 251 348 502 587 10 0.0544 424 397 688 644 13 0.0542 426 399 691 643 13 0.0538 253 282 512 512 5 0.0531 240 274 503 505 2 0.0531 564 395 815 639 11 0.0528 494 21 760 258 6 0.0528 251 451 504 688 6 0.0528 254 353 507 583 11 0.0527 312 468 581 695 13 0.0526 563 391 821 641 0 0.0524 424 396 682 642 7 0.0524 501 0 763 195 9 0.0524 493 2 761 188 5 0.0522 703 436 934 682 11 0.0522 648 529 900 762 13 0.0520 312 133 583 369 0 0.0520 702 440 936 685 10 0.0516 559 394 815 639 0 0.0512 647 599 895 841 3 0.0509 567 391 815 644 11 0.0508 305 138 572 365 6 0.0507 315 3 657 161 2 0.0507 423 403 679 640 5 0.0504 642 589 891 833 10 0.0501 252 358 505 587 8 0.0500 651 521 887 764
zCG5yaCIDLMA4zcnauh7dBcOmtlFtLFt,11 0.0619 270 474 634 652 5 0.0581 144 358 513 537 11 0.0575 216 346 582 525 5 0.0573 270 470 628 653 11 0.0569 616 393 880 630 3 0.0558 280 477 628 656 11 0.0546 177 397 452 630 8 0.0544 222 346 567 530 7 0.0541 185 520 447 768 7 0.0538 172 656 430 903 5 0.0536 616 383 876 631 10 0.0536 278 480 633 650 7 0.0531 282 471 638 655 8 0.0531 279 476 622 653 11 0.0528 177 525 450 764 13 0.0525 282 474 642 656 6 0.0524 193 462 452 700 8 0.0523 181 523 436 767 8 0.0522 182 396 438 636 6 0.0521 283 476 637 653 0 0.0518 277 473 634 651 5 0.0517 179 515 445 764 3 0.0515 191 465 447 707 13 0.0513 193 462 457 704 6 0.0513 161 364 518 545 11 0.0510 299 777 557 1012 8 0.0507 623 390 874 636 7 0.0505 259 256 517 492 5 0.0504 165 254 425 475 3 0.0504 623 392 881 643
cFT23v10lLk3Blu0nvOUWEvfAtp6FYaQ,5 0.0614 391 409 641 643 11 0.0603 324 278 575 510 5 0.0595 381 529 633 775 5 0.0588 509 332 759 573 8 0.0578 395 344 646 577 0 0.0574 505 280 764 514 7 0.0571 402 345 659 575 0 0.0570 193 455 452 695 5 0.0570 321 275 569 506 0 0.0569 323 536 586 767 8 0.0566 514 336 756 578 7 0.0566 327 276 577 511 5 0.0563 385 663 639 907 7 0.0562 581 336 842 585 0 0.0561 581 342 838 590 6 0.0559 584 339 844 588 11 0.0558 395 345 650 576 0 0.0558 325 280 577 513 11 0.0557 580 343 840 585 8 0.0553 278 592 630 790 0 0.0548 447 598 698 836 5 0.0547 314 462 577 696 0 0.0541 323 408 581 643 11 0.0536 249 331 513 569 2 0.0534 516 343 762 577 11 0.0533 276 592 638 785 3 0.0532 327 284 576 517 8 0.0531 384 477 637 708 7 0.0529 194 451 455 695 3 0.0529 518 336 761 585 6 0.0529 397 417 648 646 2 0.0528 328 287 578 512 6 0.0527 324 589 581 832 11 0.0527 188 458 451 696 11 0.0526 448 466 695 700 0 0.0525 449 466 695 701 6 0.0525 455 340 709 575 11 0.0523 177 276 445 509 3 0.0520 406 346 652 582 3 0.0520 327 592 580 839 7 0.0518 456 462 702 699 6 0.0518 258 331 526 569 7 0.0516 252 327 516 570 2 0.0516 397 351 654 579 8 0.0515 324 275 570 516 8 0.0514 187 222 444 462 3 0.0513 394 671 642 913 11 0.0512 318 467 580 698 13 0.0512 390 535 641 778 6 0.0511 247 471 523 700 8 0.0508 322 405 573 640 10 0.0507 579 351 841 583 7 0.0506 506 278 766 510 2 0.0505 323 412 580 641 10 0.0504 330 288 577 508 2 0.0502 386 544 640 778 7 0.0501 325 405 584 640
Ttp9WGbWRWKlREu2k3xQcVIeNLxBqF9F,5 0.0605 496 800 746 1021 11 0.0605 309 726 558 957 8 0.0600 501 796 747 1023 11 0.0598 499 799 750 1018 7 0.0596 506 798 759 1023 7 0.0596 315 722 564 960 8 0.0593 258 722 486 964 0 0.0589 260 719 494 969 7 0.0587 197 721 436 961 0 0.0582 496 800 756 1023 5 0.0579 190 714 431 958 11 0.0574 314 529 583 760 0 0.0567 316 529 584 766 11 0.0567 193 726 432 958 11 0.0565 218 406 501 618 8 0.0554 318 523 573 764 13 0.0553 180 400 454 620 5 0.0551 250 513 507 751 10 0.0550 188 727 434 959 5 0.0544 306 720 555 957 13 0.0538 506 801 759 1023 3 0.0535 504 799 755 1023 5 0.0533 225 396 495 619 3 0.0531 252 520 509 755 6 0.0527 257 724 496 964 10 0.0519 501 800 752 1022 13 0.0519 316 726 567 960 5 0.0517 310 450 569 675 5 0.0513 118 465 377 707 10 0.0513 308 728 563 958 11 0.0511 172 467 442 686 3 0.0511 314 723 562 967 7 0.0510 319 523 590 764 13 0.0506 320 460 578 680 6 0.0503 184 467 445 689 0 0.0502 229 408 505 622 6 0.0500 503 803 753 1023
EFoUSH8f756dcopHGmORbzcei9Nc2Itv,7 0.0580 520 393 774 648 0 0.0552 516 395 768 648 11 0.0544 516 400 771 646 8 0.0541 513 398 763 648 5 0.0539 442 382 709 639 3 0.0533 453 393 713 645 6 0.0532 450 390 719 634 11 0.0525 374 388 646 625 13 0.0524 517 395 779 647 11 0.0515 358 798 618 1023 5 0.0515 358 787 611 1017 7 0.0514 381 384 649 628 7 0.0508 237 322 493 563 7 0.0504 366 795 622 1023 8 0.0502 186 0 449 194
XawdQC7gFpOYr4ilu0SudrGWXzvdY5tZ,0 0.0607 308 213 577 450 0 0.0600 246 281 504 512 8 0.0596 385 283 632 519 11 0.0595 383 282 637 517 7 0.0591 315 212 577 449 7 0.0584 388 343 635 585 0 0.0577 382 282 637 521 5 0.0575 385 405 638 658 8 0.0572 315 214 575 448 5 0.0568 306 149 575 388 3 0.0567 391 285 636 524 11 0.0563 385 412 641 658 0 0.0561 302 603 564 838 5 0.0560 427 142 693 346 5 0.0559 438 219 701 450 11 0.0559 311 470 569 708 5 0.0558 380 277 631 516 2 0.0555 437 289 681 516 8 0.0555 387 412 634 657 3 0.0552 449 222 703 458 0 0.0552 389 411 643 663 8 0.0550 441 220 698 450 11 0.0549 178 608 439 832 11 0.0544 314 215 579 449 3 0.0541 320 213 577 453 7 0.0539 323 406 578 645 0 0.0538 438 221 704 454 0 0.0538 510 285 747 528 10 0.0534 384 288 641 517 7 0.0531 264 341 521 578 8 0.0530 245 598 496 831 8 0.0530 304 524 556 771 11 0.0526 433 148 702 348 6 0.0524 392 343 639 586 8 0.0523 315 111 574 333 0 0.0522 369 528 624 779 10 0.0520 317 161 584 394 7 0.0516 308 521 566 772 11 0.0515 240 532 506 768 11 0.0514 300 608 563 834 11 0.0513 445 225 707 452 8 0.0511 433 142 693 346 3 0.0511 391 414 641 666 5 0.0509 309 462 563 710 0 0.0507 809 530 1023 779 10 0.0507 445 228 710 451 5 0.0505 519 337 750 575 6 0.0503 315 215 585 448 13 0.0501 386 343 637 587
LlMAqa7ELXyWE13TwIUdtlUN4wzK8xmX,5 0.0628 297 387 560 636 11 0.0595 240 455 502 703 5 0.0593 250 581 496 823 11 0.0592 298 396 565 634 3 0.0591 320 411 688 607 8 0.0590 385 258 630 504 10 0.0579 301 395 563 637 11 0.0577 335 356 699 534 11 0.0573 307 519 570 763 10 0.0572 244 457 500 703 7 0.0571 304 393 565 638 13 0.0570 250 451 504 704 5 0.0567 303 515 564 760 0 0.0564 253 584 500 829 7 0.0564 340 353 700 540 5 0.0562 377 252 638 504 7 0.0561 313 520 573 765 8 0.0560 248 450 492 702 8 0.0559 303 391 558 634 8 0.0559 313 519 562 762 13 0.0553 313 332 568 579 0 0.0553 333 352 695 542 0 0.0551 244 453 499 705 13 0.0546 383 533 644 770 0 0.0545 307 521 567 765 8 0.0545 451 206 699 442 3 0.0544 247 451 500 710 8 0.0537 246 333 489 575 3 0.0532 353 291 715 480 10 0.0531 310 525 569 762 6 0.0527 312 331 568 574 13 0.0522 260 582 508 826 2 0.0518 321 416 689 603 2 0.0517 247 455 496 705 6 0.0516 453 266 704 508 10 0.0514 379 262 639 507 0 0.0510 180 333 428 572 0 0.0510 379 193 634 444 3 0.0510 313 520 568 769 8 0.0509 261 582 496 827 11 0.0509 446 211 709 441 2 0.0507 351 296 712 476 6 0.0506 385 531 642 769 11 0.0503 375 580 648 824 13 0.0502 381 658 649 907 13 0.0502 452 266 710 510 8 0.0502 383 577 637 826 11 0.0501 251 583 503 826 5 0.0500 376 574 640 821
N8bix9YbW4MIM7cxYpvjlwsibe6hZkxz,11 0.0671 256 136 514 378 8 0.0669 324 65 572 310 11 0.0666 388 72 640 309 8 0.0654 261 137 504 379 8 0.0629 506 252 749 477 5 0.0626 317 62 574 310 0 0.0625 257 135 512 379 5 0.0614 184 197 440 441 7 0.0610 324 66 577 312 3 0.0607 397 67 638 313 8 0.0598 388 6 643 253 7 0.0597 260 133 512 381 11 0.0595 248 0 510 196 13 0.0592 395 71 647 307 8 0.0591 195 201 432 446 6 0.0591 263 135 516 376 0 0.0590 192 200 440 446 6 0.0588 326 68 584 310 11 0.0585 188 201 441 444 8 0.0584 253 0 505 196 13 0.0582 256 201 511 440 13 0.0582 250 74 521 321 0 0.0581 324 67 578 311 8 0.0578 381 327 633 580 11 0.0577 250 274 511 504 7 0.0575 193 200 444 446 9 0.0574 389 69 639 305 5 0.0574 252 130 509 376 2 0.0573 252 77 513 326 13 0.0572 192 137 446 385 0 0.0562 388 9 649 253 5 0.0561 381 6 644 253 13 0.0561 323 6 592 250 10 0.0561 320 73 579 309 0 0.0560 248 2 512 196 3 0.0559 262 133 514 383 5 0.0558 509 252 750 478 10 0.0557 189 207 442 443 9 0.0556 317 4 585 247 11 0.0555 178 77 444 316 6 0.0550 392 9 654 253 7 0.0550 389 8 650 256 10 0.0549 257 143 512 379 10 0.0546 179 84 443 314 10 0.0544 384 14 647 251 5 0.0541 175 74 442 314 8 0.0538 257 275 500 505 10 0.0538 247 3 508 192 0 0.0535 253 268 508 508 2 0.0535 194 140 443 386 6 0.0533 192 201 446 445 8 0.0533 511 386 748 626 2 0.0532 392 75 639 311 8 0.0532 183 80 433 318 3 0.0531 321 4 584 258 6 0.0528 258 2 516 195 2 0.0526 251 3 509 196 0 0.0525 510 257 754 481 0 0.0524 182 79 444 319 6 0.0523 255 272 511 503 11 0.0522 507 258 753 481 13 0.0518 124 222 387 457 1 0.0518 314 0 585 252 4 0.0516 323 70 584 310 10 0.0516 510 262 756 483 2 0.0512 256 203 503 444 1 0.0511 253 132 508 381 9 0.0509 248 73 515 318 7 0.0508 514 256 758 482 12 0.0507 325 66 582 312 9 0.0505 251 200 506 437 3 0.0505 519 255 751 488 11 0.0503 509 392 754 628
yWM5Xb2pwHaKPAdJQgGc4j5hp7T2J4B2,5 0.0652 166 398 426 636 13 0.0626 175 401 434 640 0 0.0622 176 261 436 506 11 0.0612 567 394 820 635 6 0.0607 181 324 436 568 11 0.0605 118 335 383 574 0 0.0599 505 399 759 642 8 0.0591 173 398 422 640 11 0.0589 239 322 503 563 5 0.0581 237 318 497 563 8 0.0578 508 395 755 640 11 0.0577 176 263 438 499 7 0.0567 174 401 432 640 7 0.0566 515 399 761 644 3 0.0565 173 403 429 643 6 0.0565 170 461 437 703 11 0.0564 304 399 571 624 8 0.0563 373 394 629 634 13 0.0559 312 397 575 629 5 0.0558 173 259 428 497 6 0.0554 243 391 507 633 11 0.0550 620 460 903 700 13 0.0549 243 460 507 703 11 0.0549 568 277 826 504 11 0.0547 500 338 757 566 5 0.0546 242 202 501 433 0 0.0546 316 318 573 559 11 0.0545 362 465 629 700 7 0.0544 247 317 503 570 0 0.0544 245 207 509 438 6 0.0543 141 285 513 471 3 0.0542 308 397 571 634 5 0.0540 155 518 429 751 5 0.0540 618 453 897 701 13 0.0539 247 323 509 568 13 0.0539 181 263 444 503 5 0.0539 507 396 754 643 8 0.0536 241 459 496 700 8 0.0535 245 320 495 568 0 0.0535 295 459 562 694 11 0.0534 231 464 503 698 2 0.0534 122 333 380 577 11 0.0531 638 336 894 563 11 0.0527 101 536 368 770 8 0.0527 168 521 418 759 0 0.0526 173 401 430 639 0 0.0526 371 398 633 633 7 0.0525 180 259 438 504 0 0.0523 565 336 818 572 3 0.0523 515 400 758 647 10 0.0522 172 406 427 637 7 0.0522 372 462 630 708 13 0.0520 573 396 824 640 7 0.0520 311 394 574 631 10 0.0517 131 351 505 527 11 0.0516 244 206 509 433 6 0.0514 319 316 578 557 7 0.0513 239 457 506 705 6 0.0511 375 396 639 633 5 0.0511 300 391 566 627 3 0.0511 499 274 751 517 13 0.0509 579 279 832 511 5 0.0509 562 332 815 569 13 0.0505 115 535 375 773 3 0.0503 242 462 504 705 13 0.0503 371 461 632 704 1 0.0502 166 398 430 637 12 0.0501 174 403 428 639 11 0.0501 313 256 584 485 8 0.0501 496 270 746 508 10 0.0501 505 337 755 573 2 0.0501 512 400 760 640
gX4bVPqzpCUjEbBEkDpJKzbfIxEwiKRZ,5 0.0628 506 328 748 563 8 0.0594 573 325 805 547 11 0.0587 511 337 755 563 0 0.0575 574 330 811 549 11 0.0564 247 350 512 583 7 0.0563 514 334 758 565 8 0.0555 251 345 500 583 5 0.0554 245 345 507 582 8 0.0547 174 294 426 530 13 0.0546 253 347 515 588 3 0.0542 517 336 757 571 3 0.0534 434 406 689 656 11 0.0532 426 408 693 642 11 0.0528 561 276 810 495 5 0.0515 168 291 432 525 8 0.0515 116 356 370 596 6 0.0514 511 286 754 510 13 0.0506 177 652 455 882 8 0.0503 431 413 679 647 7 0.0502 120 351 380 592 13 0.0501 512 340 763 559
RGsBCfK5ataBFELUjavBIevEIXzAgbtl,11 0.0632 377 271 633 501 11 0.0619 243 272 506 509 0 0.0619 326 211 576 460 7 0.0612 249 267 506 510 8 0.0611 247 271 497 512 8 0.0607 381 271 621 503 11 0.0603 563 345 822 567 5 0.0595 48 0 312 191 5 0.0594 242 265 497 510 0 0.0591 512 340 761 572 0 0.0589 576 401 837 638 3 0.0583 248 270 505 515 0 0.0582 566 276 824 508 0 0.0581 243 267 501 514 6 0.0581 249 271 508 511 6 0.0577 54 2 324 190 5 0.0577 375 263 627 503 8 0.0577 805 0 982 380 7 0.0575 331 209 579 454 5 0.0570 801 0 986 387 0 0.0566 762 134 1014 388 13 0.0564 382 269 638 503 0 0.0564 50 0 320 195 10 0.0561 241 276 503 511 6 0.0560 386 273 639 503 11 0.0559 801 6 989 378 3 0.0559 381 271 633 513 8 0.0555 50 0 312 191 6 0.0555 763 136 1015 384 8 0.0554 565 278 817 510 8 0.0553 510 340 755 572 5 0.0549 439 207 697 447 8 0.0549 576 395 826 639 13 0.0548 763 133 1017 390 6 0.0546 517 342 766 567 5 0.0545 507 334 756 569 13 0.0544 245 269 509 514 13 0.0539 568 280 831 510 8 0.0535 445 211 693 448 11 0.0535 759 200 1019 458 11 0.0532 690 134 951 377 10 0.0529 322 213 574 453 2 0.0527 250 276 502 513 8 0.0525 695 134 940 377 13 0.0524 449 214 709 448 11 0.0520 443 213 701 445 5 0.0516 758 192 1014 456 5 0.0512 563 277 818 507 3 0.0512 516 341 763 579 3 0.0511 572 280 823 516 7 0.0510 569 342 823 571 10 0.0509 803 8 985 384 3 0.0509 804 3 988 391 11 0.0508 53 1 323 188 2 0.0508 762 138 1015 385 3 0.0507 52 2 321 196 8 0.0506 762 196 1008 461 10 0.0504 694 136 945 379 10 0.0503 760 199 1016 459 7 0.0502 764 131 1014 385
d7keUVKWXitsn7qj1Clde7Pt0PyODB1W,11 0.0618 253 198 508 446 8 0.0595 260 197 498 448 8 0.0582 382 132 638 376 5 0.0578 253 191 503 444 0 0.0573 256 193 507 451 13 0.0571 572 0 836 194 8 0.0568 563 589 808 834 6 0.0562 573 0 832 195 6 0.0559 260 198 507 449 7 0.0556 573 0 829 197 5 0.0555 439 58 698 302 5 0.0555 558 584 809 830 11 0.0551 556 592 815 832 6 0.0547 252 337 503 576 0 0.0545 562 589 816 837 7 0.0545 257 131 519 379 5 0.0545 562 0 822 194 6 0.0545 562 591 817 833 3 0.0544 567 590 813 841 8 0.0541 444 68 695 307 11 0.0541 564 1 827 196 11 0.0541 377 132 650 374 11 0.0541 189 142 447 379 3 0.0535 255 340 494 583 6 0.0534 204 464 440 701 13 0.0533 566 594 818 833 0 0.0533 381 124 645 376 11 0.0531 242 342 502 574 5 0.0530 238 329 497 571 11 0.0529 441 67 705 307 0 0.0528 567 1 824 193 3 0.0527 199 408 430 644 3 0.0527 261 199 502 457 13 0.0524 251 408 503 636 8 0.0522 570 0 816 194 7 0.0521 565 588 820 837 7 0.0521 197 213 441 454 3 0.0520 450 65 705 315 3 0.0519 574 0 826 203 10 0.0516 562 592 815 834 6 0.0516 449 66 707 306 13 0.0516 200 466 442 703 7 0.0513 191 402 438 638 0 0.0513 188 142 445 383 10 0.0511 370 73 641 305 3 0.0510 388 128 647 380 5 0.0509 375 122 643 370 0 0.0508 623 391 906 608 5 0.0504 566 346 832 579 11 0.0502 189 410 441 641
o2k4Yi4wx3y01ykb3oZu5uOeIjH4qqUD,0 0.0578 187 657 438 908 0 0.0558 128 729 364 968 7 0.0557 190 657 441 905 11 0.0553 702 2 1023 161 8 0.0553 130 724 361 968 8 0.0542 188 658 431 905 13 0.0542 712 0 1023 163 11 0.0540 126 726 368 965 8 0.0535 707 0 1014 161 11 0.0530 184 661 439 905 5 0.0529 704 0 1020 159 5 0.0527 196 722 432 958 0 0.0522 164 134 443 377 11 0.0520 109 215 396 451 8 0.0517 121 594 365 826 7 0.0514 126 594 380 826 8 0.0511 121 208 383 455 6 0.0507 202 727 444 962 6 0.0506 707 1 1023 160 0 0.0504 705 1 1023 164 10 0.0503 706 4 1022 160 7 0.0500 245 524 507 766
tl5eXwyhq0KMJyO2Uqdize7MqX91uZHB,14 1.0 0 0 1 1
GitMZYtJndfHp985tQnhYQWVV0SxCgKu,11 0.0540 377 599 636 837 8 0.0537 375 726 625 960 11 0.0531 632 149 880 375 7 0.0520 373 730 637 964 13 0.0511 375 155 634 386 11 0.0505 369 731 628 957 7 0.0504 376 151 628 390 8 0.0502 375 277 623 506
R0m733jqzETsq0LG0KuLLA39SEZX3ePY,5 0.0691 314 714 567 957 0 0.0656 326 667 578 905 5 0.0637 378 785 624 1020 0 0.0637 385 788 627 1023 11 0.0630 326 670 577 896 7 0.0630 383 786 631 1023 8 0.0628 384 783 622 1023 7 0.0615 322 718 573 961 5 0.0610 566 716 816 961 10 0.0610 324 673 577 900 7 0.0609 391 604 625 837 8 0.0607 328 668 572 900 6 0.0605 383 792 629 1023 7 0.0600 572 722 828 964 11 0.0597 381 789 626 1019 11 0.0595 390 607 620 832 11 0.0590 512 599 756 830 8 0.0590 620 613 861 824 11 0.0590 567 723 823 961 13 0.0586 387 790 631 1023 11 0.0585 619 615 872 823 6 0.0584 321 721 575 960 0 0.0583 514 597 757 833 10 0.0582 381 791 628 1021 6 0.0581 571 723 823 966 0 0.0579 131 726 385 993 8 0.0579 567 719 818 963 3 0.0578 323 717 573 961 7 0.0578 517 599 760 830 5 0.0571 442 596 684 826 10 0.0570 389 609 621 834 5 0.0569 576 592 814 825 8 0.0567 135 0 384 196 13 0.0566 330 668 582 901 8 0.0565 445 597 684 825 0 0.0564 569 720 821 967 13 0.0562 137 720 391 985 6 0.0559 515 602 761 831 0 0.0557 622 614 871 825 10 0.0557 128 730 380 987 0 0.0557 132 1 391 201 7 0.0555 626 613 873 826 11 0.0554 127 1 396 197 6 0.0551 389 614 627 832 11 0.0549 135 726 384 980 13 0.0545 395 609 629 834 6 0.0539 622 615 872 826 2 0.0538 320 721 571 960 3 0.0536 382 786 629 1023 1 0.0536 317 715 568 958 3 0.0535 623 615 869 832 2 0.0534 382 790 629 1023 3 0.0534 571 720 823 969 13 0.0533 518 601 764 831 13 0.0532 574 723 828 965 10 0.0530 567 723 822 962 11 0.0528 518 465 764 689 9 0.0527 315 720 570 956 8 0.0523 139 721 375 988 9 0.0523 379 790 628 1022 1 0.0522 380 782 628 1023 7 0.0521 521 460 767 689 10 0.0519 514 600 752 827 2 0.0519 569 723 823 965 11 0.0518 448 531 691 763 5 0.0514 127 0 388 197 12 0.0510 324 716 571 959 2 0.0509 391 615 624 839 10 0.0508 128 6 393 195 7 0.0507 449 532 697 764 3 0.0505 390 606 623 843 12 0.0504 387 787 627 1023 5 0.0500 513 525 754 759
DzginI5SOo7gXqYRIppzhL9kz3IryBD4,0 0.0605 0 492 256 728 11 0.0599 451 330 697 565 8 0.0578 388 275 634 505 0 0.0573 326 270 572 511 5 0.0573 376 273 636 502 11 0.0568 470 550 828 731 8 0.0567 313 331 555 564 0 0.0566 451 329 694 566 11 0.0563 762 3 1023 195 5 0.0556 0 422 255 652 3 0.0552 458 327 692 572 11 0.0546 319 201 585 445 8 0.0545 320 556 666 734 6 0.0545 383 201 645 440 13 0.0543 331 272 581 515 13 0.0543 386 202 650 443 0 0.0542 765 1 1021 198 6 0.0539 330 273 573 508 11 0.0536 0 498 259 722 8 0.0535 765 0 1012 199 10 0.0534 0 499 260 721 5 0.0534 467 541 825 728 10 0.0533 330 278 575 510 0 0.0533 472 548 828 732 5 0.0532 307 324 558 562 10 0.0532 388 341 639 568 7 0.0527 385 275 642 510 0 0.0527 377 202 640 445 10 0.0525 385 207 645 442 8 0.0523 472 547 821 729 11 0.0520 309 334 565 566 8 0.0519 0 419 251 656 3 0.0516 332 201 583 452 6 0.0515 389 337 642 567 6 0.0512 482 546 831 730 8 0.0512 327 201 576 444 5 0.0512 317 193 578 438 7 0.0511 326 198 584 449 13 0.0507 390 339 648 573 11 0.0505 251 267 504 504 10 0.0503 458 271 703 503 0 0.0502 60 584 285 814 13 0.0501 768 0 1023 200
bDb2og4nrTq7UV48fF223C0wouyQWExs,5 0.0599 616 137 883 385 0 0.0598 629 701 899 923 8 0.0561 629 148 872 383 7 0.0554 639 746 897 994 5 0.0537 188 354 437 579 13 0.0535 630 145 893 389 6 0.0533 632 140 889 382 3 0.0531 628 144 887 394 0 0.0526 192 354 440 587 11 0.0521 638 749 890 983 6 0.0519 196 359 446 586 13 0.0518 196 354 449 589 6 0.0510 630 700 899 923 0 0.0509 625 142 882 388 8 0.0507 194 352 435 585 5 0.0506 623 252 879 502 5 0.0502 618 607 884 841 8 0.0500 137 286 377 530
Vh9fb5tWdhmeWxPCGpiben3FejgDQ2bI,5 0.0645 560 682 816 885 11 0.0637 560 684 820 882 11 0.0608 248 330 504 570 5 0.0608 253 386 497 624 0 0.0607 317 394 562 625 11 0.0602 333 278 585 520 0 0.0588 564 683 821 889 8 0.0583 252 330 496 571 0 0.0578 251 325 506 574 6 0.0577 502 676 769 893 6 0.0576 259 390 501 624 13 0.0572 260 388 506 626 7 0.0572 260 388 504 625 11 0.0568 314 395 566 618 8 0.0561 501 680 761 894 13 0.0560 570 683 823 886 0 0.0560 320 224 576 460 11 0.0557 250 225 507 460 10 0.0555 248 330 502 569 3 0.0555 259 389 502 626 11 0.0547 634 351 892 580 6 0.0546 257 273 502 521 3 0.0546 504 678 768 897 6 0.0541 619 683 880 892 7 0.0538 505 677 770 897 5 0.0535 183 508 452 759 5 0.0534 316 327 565 571 5 0.0533 247 267 494 520 7 0.0531 253 269 506 523 6 0.0523 322 335 570 570 8 0.0523 154 666 501 847 2 0.0522 259 396 499 625 8 0.0522 186 511 441 758 7 0.0520 325 221 580 457 8 0.0519 251 224 493 463 8 0.0519 561 195 814 432 8 0.0516 319 393 556 617 9 0.0514 252 391 498 618 8 0.0513 367 243 615 464 8 0.0513 615 681 870 895 0 0.0511 185 513 453 761 13 0.0509 254 270 505 525 10 0.0509 333 278 579 520 3 0.0505 392 274 634 521 1 0.0504 559 681 815 886 8 0.0503 636 346 882 581 10 0.0503 311 396 563 619 6 0.0501 189 512 455 760
eycRsynQuDGkzCDhmKAZ7unEUnyAtnOD,8 0.0602 313 333 559 565 11 0.0596 240 603 500 840 0 0.0592 240 0 496 203 8 0.0585 244 0 491 200 8 0.0582 318 460 569 705 11 0.0571 237 1 499 199 13 0.0565 245 0 504 203 11 0.0563 346 155 696 337 8 0.0559 352 156 695 339 7 0.0556 376 520 642 748 6 0.0551 257 537 516 769 11 0.0547 362 590 635 821 11 0.0543 310 467 575 704 10 0.0542 313 467 577 703 10 0.0540 325 87 589 312 13 0.0540 255 411 511 637 0 0.0539 314 457 576 708 7 0.0536 317 15 578 252 6 0.0536 319 14 579 255 5 0.0536 339 151 693 338 11 0.0532 180 483 441 716 13 0.0530 189 478 447 718 0 0.0530 253 588 499 843 0 0.0530 345 158 704 342 5 0.0526 302 328 564 562 13 0.0525 312 464 581 707 6 0.0524 353 156 709 340 0 0.0523 252 409 502 636 8 0.0522 310 596 559 834 10 0.0520 249 608 496 839 6 0.0516 314 464 581 705 8 0.0514 187 478 428 720 0 0.0514 185 476 439 720 7 0.0514 352 155 704 340 3 0.0513 355 157 702 343 0 0.0511 312 334 570 571 7 0.0511 192 474 442 718 13 0.0511 354 155 709 342 8 0.0510 253 408 492 632 7 0.0510 312 594 569 834 13 0.0509 316 336 577 570 8 0.0508 255 531 498 769 7 0.0508 310 334 571 568 7 0.0507 252 407 503 632 10 0.0505 311 339 575 568 11 0.0504 307 338 571 567 13 0.0504 259 535 513 771 6 0.0501 189 480 444 717 5 0.0500 235 0 489 197
5pH5GZAIitAP14L0TrxhQkY6qju175dH,8 0.0555 119 724 380 956 11 0.0530 115 725 395 953 5 0.0504 118 721 387 950
vPRfLPsigBAS7C4kJy3B5hkb2VIE60z6,5 0.0553 374 0 637 254 6 0.0551 249 255 517 500 0 0.0547 246 258 510 498 5 0.0544 243 320 508 557 0 0.0543 302 378 576 623 6 0.0543 306 382 582 623 11 0.0536 245 322 513 559 6 0.0525 260 137 510 388 7 0.0517 249 375 511 626 11 0.0517 322 74 584 320 5 0.0515 228 455 515 709 8 0.0514 251 322 502 563 13 0.0512 305 383 582 626 5 0.0506 236 188 503 428 5 0.0503 376 125 653 359 0 0.0502 377 3 643 262
6vKcwiV1BFaIBA4TU2buODR1YIp3dWrN,11 0.0606 446 528 705 767 0 0.0579 444 467 695 709 7 0.0577 452 527 711 767 13 0.0569 441 401 695 637 8 0.0565 444 464 689 707 5 0.0565 432 393 687 633 7 0.0559 441 397 694 635 3 0.0558 439 399 693 641 0 0.0556 495 329 755 562 0 0.0554 443 596 705 827 11 0.0543 436 397 692 634 8 0.0537 443 594 697 825 10 0.0531 446 529 706 766 10 0.0528 436 399 693 634 2 0.0527 437 401 691 634 6 0.0524 444 467 699 710 11 0.0524 492 333 757 557 13 0.0519 500 335 761 561 13 0.0518 452 527 710 768 11 0.0518 431 669 699 894 0 0.0518 551 814 814 1023 6 0.0513 500 329 760 559 3 0.0511 451 528 704 773 7 0.0510 440 667 703 896 9 0.0507 442 467 698 703 2 0.0505 448 531 703 768 5 0.0504 436 258 694 493 11 0.0503 370 738 630 962 7 0.0503 384 595 642 830 8 0.0503 399 414 756 598 5 0.0501 544 809 807 1022 5 0.0500 442 524 701 765 8 0.0500 111 823 375 1023
IvDUGZzn49btZ3SQI9BKEvMtPrnd6uUj,0 0.0641 565 401 834 649 8 0.0641 564 398 829 647 6 0.0638 570 342 834 578 5 0.0632 561 337 827 579 11 0.0620 566 403 833 648 5 0.0612 502 268 764 519 11 0.0610 375 257 649 513 0 0.0608 257 211 518 443 7 0.0607 449 0 701 211 3 0.0606 571 345 833 585 11 0.0602 338 421 695 610 13 0.0601 347 422 704 611 8 0.0600 378 258 641 514 3 0.0595 419 287 772 485 0 0.0592 568 288 836 520 8 0.0590 341 420 689 611 8 0.0586 571 280 830 521 6 0.0585 512 274 775 517 7 0.0585 567 400 831 651 0 0.0580 406 353 762 542 7 0.0577 346 422 703 614 2 0.0577 567 405 832 646 2 0.0572 408 355 760 541 7 0.0569 410 292 777 481 0 0.0566 341 421 702 613 6 0.0566 380 332 640 578 5 0.0566 440 0 701 209 0 0.0564 315 130 586 369 11 0.0564 257 211 521 437 7 0.0562 327 199 598 433 5 0.0558 251 210 510 440 5 0.0558 574 57 832 305 0 0.0558 187 147 457 387 5 0.0557 374 115 637 360 3 0.0554 388 124 640 375 10 0.0553 364 399 636 642 0 0.0553 445 2 700 214 10 0.0552 564 403 835 645 6 0.0552 447 1 707 211 11 0.0549 568 289 839 515 6 0.0545 322 134 591 369 11 0.0544 441 2 699 210 7 0.0543 580 60 837 306 5 0.0542 370 254 647 509 11 0.0540 311 135 589 367 8 0.0540 187 143 445 384 10 0.0538 406 356 766 540 3 0.0536 349 422 699 616 11 0.0536 575 63 834 307 8 0.0535 586 143 837 387 3 0.0534 448 2 699 215 0 0.0533 585 147 847 386 7 0.0533 382 123 642 366 13 0.0532 380 262 654 517 5 0.0529 337 419 695 610 13 0.0529 568 401 838 647 9 0.0525 562 344 830 576 13 0.0522 448 0 707 210 6 0.0520 583 63 840 307 12 0.0520 569 340 831 580 2 0.0519 443 9 694 213 3 0.0519 328 201 593 441 8 0.0516 186 577 428 841 11 0.0516 182 148 457 384 8 0.0515 447 0 691 209 6 0.0515 262 216 520 437 2 0.0515 343 423 696 612 8 0.0514 243 455 488 705 11 0.0513 317 0 584 219 10 0.0510 440 8 701 212 5 0.0509 174 144 443 382
If2EJquFITr6vkv8wEZHgAd9tDdCEPoJ,11 0.0634 323 145 583 373 5 0.0626 241 198 501 442 11 0.0626 233 270 506 503 5 0.0612 165 273 432 514 5 0.0608 316 67 565 303 3 0.0602 252 139 507 388 7 0.0598 249 199 510 446 11 0.0594 375 1 624 240 5 0.0593 559 65 813 299 8 0.0591 253 140 501 384 0 0.0589 378 3 627 243 8 0.0586 380 2 618 240 8 0.0584 174 339 429 582 11 0.0584 444 78 702 305 5 0.0581 442 69 700 305 5 0.0580 494 0 751 228 6 0.0580 254 137 511 383 6 0.0579 381 4 629 239 0 0.0579 325 146 581 376 0 0.0578 240 202 507 447 13 0.0576 252 139 518 386 8 0.0575 240 270 497 508 5 0.0575 375 0 622 240 11 0.0575 496 141 775 361 11 0.0573 506 325 766 561 6 0.0571 452 76 706 309 10 0.0570 250 142 508 380 6 0.0567 324 74 574 305 6 0.0564 179 276 442 519 8 0.0560 511 320 760 564 11 0.0559 249 66 501 305 3 0.0559 237 271 502 511 13 0.0557 213 286 574 470 11 0.0557 185 141 448 385 11 0.0555 191 1 451 204 0 0.0553 197 1 453 205 13 0.0552 385 0 629 241 8 0.0552 324 75 563 303 10 0.0550 390 142 648 364 3 0.0548 385 2 625 246 7 0.0548 512 70 759 304 13 0.0547 324 72 578 304 11 0.0547 494 4 753 229 7 0.0546 328 142 587 376 8 0.0544 449 74 693 307 0 0.0544 254 66 504 309 8 0.0542 497 0 746 229 0 0.0541 172 278 437 519 5 0.0540 506 319 758 564 13 0.0540 392 138 657 367 7 0.0540 383 0 628 242 7 0.0539 257 62 504 310 6 0.0538 498 4 760 227 3 0.0536 323 71 571 311 2 0.0532 251 144 507 383 10 0.0531 321 76 571 300 10 0.0531 237 273 501 505 2 0.0529 379 7 624 239 5 0.0529 564 195 827 436 13 0.0527 176 338 444 584 13 0.0527 512 322 766 565 3 0.0527 393 134 650 374 0 0.0527 496 3 755 230 8 0.0522 564 70 807 302 11 0.0519 170 337 439 575 2 0.0518 175 278 436 516 10 0.0518 382 8 626 244 7 0.0518 178 271 438 518 0 0.0514 510 326 764 567 8 0.0514 195 0 445 203 13 0.0512 197 0 459 205 5 0.0510 164 459 442 701 11 0.0510 633 140 894 369 3 0.0510 510 72 760 310 13 0.0507 501 2 760 231 3 0.0506 514 320 762 571 13 0.0505 509 142 777 367 10 0.0505 505 142 767 365
XHGBTYkgxj0aLXLZ3iKjCioHU7tQybyK,5 0.0586 311 382 556 634 7 0.0561 316 386 565 638 0 0.0561 313 385 562 636 11 0.0553 380 335 639 567 8 0.0552 314 322 555 561 5 0.0544 381 329 633 566 6 0.0535 317 387 566 635 11 0.0534 241 384 492 626 8 0.0525 246 385 484 630 11 0.0520 174 732 435 948 0 0.0515 382 338 637 570 13 0.0515 315 387 569 637 3 0.0512 250 387 491 639 11 0.0509 306 787 556 1010 13 0.0502 383 338 646 572 5 0.0502 245 319 498 568 6 0.0501 389 335 644 569
3H85YH7qRaCHX2SMtztpZoqQZSasqTxP,0 0.0621 116 468 367 701 5 0.0604 68 0 432 149 0 0.0603 73 1 441 152 8 0.0577 111 0 371 198 13 0.0570 120 471 375 704 11 0.0567 109 469 371 699 13 0.0563 187 537 440 778 3 0.0552 323 336 563 570 11 0.0551 298 491 675 672 6 0.0547 323 336 567 562 11 0.0547 65 1 444 146 11 0.0541 183 540 438 771 5 0.0540 313 335 558 558 3 0.0536 310 488 676 676 11 0.0534 317 339 566 562 5 0.0531 104 462 362 700 0 0.0531 189 536 436 776 5 0.0530 180 530 430 771 8 0.0529 193 534 421 775 8 0.0525 319 338 553 563 0 0.0525 319 339 564 565 10 0.0517 321 343 562 560 13 0.0516 321 339 571 567 6 0.0516 76 0 442 148 7 0.0514 321 337 565 562 7 0.0512 190 536 432 775 3 0.0511 187 539 433 781 6 0.0510 305 491 687 674 7 0.0508 74 0 435 149 11 0.0504 338 673 699 850 8 0.0504 323 13 558 252 10 0.0503 71 3 435 149 0 0.0503 346 417 714 611 11 0.0503 344 415 711 608 3 0.0502 78 0 436 151 8 0.0501 303 489 662 674
UUPHUmtLVAV2BMM84fhTA6qtPFoUGCNd,11 0.0592 318 393 580 637 5 0.0579 251 593 504 830 11 0.0573 567 271 833 497 6 0.0573 258 600 512 835 6 0.0570 328 394 582 637 0 0.0565 395 336 644 579 5 0.0562 260 331 508 569 0 0.0560 256 596 507 836 7 0.0556 259 392 514 634 11 0.0556 264 338 514 567 5 0.0553 572 325 831 562 7 0.0552 399 333 649 578 11 0.0551 391 334 647 576 5 0.0550 391 329 642 581 6 0.0549 274 336 515 569 11 0.0547 368 736 625 955 8 0.0538 578 328 824 563 0 0.0538 322 391 579 637 11 0.0537 251 601 509 831 6 0.0533 398 336 649 578 5 0.0532 316 388 575 638 5 0.0531 425 777 689 1010 0 0.0531 314 659 563 911 7 0.0531 258 601 514 832 3 0.0530 369 733 631 971 11 0.0530 232 733 496 958 3 0.0530 579 332 830 569 8 0.0529 188 281 441 522 3 0.0529 312 665 563 914 11 0.0528 425 793 693 1011 6 0.0527 319 663 567 904 0 0.0526 194 217 436 453 3 0.0524 267 336 513 578 11 0.0524 188 284 451 515 11 0.0523 174 24 440 265 7 0.0521 273 266 510 504 5 0.0520 248 462 506 702 5 0.0519 632 398 898 634 0 0.0518 249 470 507 706 5 0.0518 307 658 558 906 7 0.0517 432 785 706 1017 5 0.0513 370 518 630 776 8 0.0509 191 393 439 650 6 0.0509 262 470 511 702 0 0.0508 577 332 835 566 11 0.0508 311 668 561 900 10 0.0507 577 331 833 564 0 0.0507 268 336 512 570 2 0.0507 254 395 513 637 5 0.0505 501 257 755 500 0 0.0504 505 263 760 505 10 0.0503 506 265 760 502 7 0.0503 201 339 444 573 0 0.0502 369 730 630 964 11 0.0502 192 402 447 640 8 0.0502 395 334 637 582 6 0.0501 511 262 767 503 8 0.0500 317 660 553 905 7 0.0500 239 733 498 964
6Za49dMY29kSUp0Ts1Euw3cyhzdTtGce,5 0.0628 366 791 624 1021 13 0.0581 377 795 632 1023 7 0.0577 430 791 697 1023 8 0.0573 128 787 364 1023 0 0.0571 424 790 693 1023 11 0.0566 425 791 690 1019 5 0.0564 434 729 702 976 8 0.0562 431 789 685 1021 0 0.0560 120 791 373 1023 5 0.0551 310 729 560 961 3 0.0544 432 790 692 1023 11 0.0533 314 732 564 960 11 0.0529 123 791 369 1020 6 0.0527 432 793 697 1019 10 0.0518 428 793 691 1023 8 0.0516 320 731 558 963 5 0.0507 176 394 450 624 7 0.0507 130 782 375 1019 10 0.0506 314 734 565 964
Avs2bPWlQJd8yDBjdQkTSnXDDe8kcRm3,5 0.0653 307 590 562 836 11 0.0642 444 611 701 847 8 0.0633 180 653 438 896 11 0.0630 308 595 562 838 8 0.0614 312 666 569 900 11 0.0613 378 668 632 899 0 0.0611 382 602 635 847 5 0.0610 369 521 628 766 6 0.0610 311 599 569 837 5 0.0607 180 650 440 893 11 0.0604 370 527 630 768 7 0.0601 386 602 638 844 10 0.0599 307 598 566 838 7 0.0591 317 521 576 765 11 0.0589 310 457 573 697 6 0.0587 386 666 638 899 0 0.0587 182 655 445 901 0 0.0587 314 522 573 767 7 0.0586 241 662 510 899 11 0.0586 439 464 697 702 13 0.0584 315 593 572 839 0 0.0581 494 673 768 902 11 0.0579 239 663 504 895 8 0.0577 382 602 629 841 0 0.0573 441 533 699 778 3 0.0571 313 667 576 907 0 0.0567 309 664 573 903 6 0.0563 245 663 509 898 13 0.0558 249 663 515 900 3 0.0555 452 612 703 857 5 0.0554 378 660 636 900 6 0.0553 375 530 633 764 11 0.0547 437 340 697 564 6 0.0546 187 591 450 837 10 0.0545 373 532 633 767 13 0.0544 379 525 637 770 0 0.0543 374 457 635 698 11 0.0541 299 341 573 554 9 0.0540 309 595 566 833 3 0.0538 375 530 633 773 11 0.0537 505 392 757 620 3 0.0537 312 458 574 703 13 0.0533 391 667 642 907 3 0.0531 186 658 444 900 9 0.0530 248 532 509 771 13 0.0528 318 454 581 701 7 0.0525 440 334 709 572 10 0.0525 383 670 638 900 8 0.0524 441 463 692 700 8 0.0522 184 520 438 769 6 0.0522 316 455 580 696 7 0.0521 443 458 703 707 10 0.0520 450 614 707 850 0 0.0520 438 401 698 628 3 0.0520 515 391 756 629 10 0.0517 186 595 449 838 8 0.0517 508 386 748 617 7 0.0516 493 668 776 904 8 0.0516 446 671 700 909 6 0.0511 444 466 701 701 3 0.0510 251 535 507 784 3 0.0509 443 463 699 712 5 0.0505 437 452 700 700 10 0.0503 239 667 508 897 2 0.0502 384 608 634 843 11 0.0502 439 727 704 956 2 0.0501 315 528 571 765
75TXiblfPY3U9GKK0vXWMrMmkb9a86qB,11 0.0635 247 719 508 945 11 0.0606 300 786 564 1020 8 0.0599 255 717 500 950 7 0.0560 255 716 512 950 0 0.0552 185 707 442 945 5 0.0552 181 706 436 941 6 0.0537 251 719 510 948 7 0.0537 303 783 567 1021 8 0.0535 306 783 553 1018 0 0.0533 246 783 505 1023 5 0.0524 244 780 500 1018 8 0.0521 193 662 433 896 13 0.0515 248 785 514 1023
AxdwlDM3mYpJcazUmtqLDvAM8YzyN5yN,5 0.0636 426 75 698 313 11 0.0623 491 10 760 234 11 0.0595 424 84 701 307 7 0.0587 440 2 700 235 3 0.0583 439 0 699 242 6 0.0574 436 0 700 233 0 0.0566 436 0 696 234 11 0.0549 305 201 574 436 13 0.0545 435 0 701 232 0 0.0543 241 254 503 499 8 0.0541 360 133 624 361 8 0.0539 437 1 691 234 10 0.0537 369 75 637 295 10 0.0536 436 7 696 231 13 0.0534 374 69 643 299 0 0.0527 360 132 632 361 13 0.0526 587 299 838 521 9 0.0525 424 87 705 308 2 0.0517 437 7 696 234 3 0.0511 576 10 832 256 6 0.0511 374 68 637 295 7 0.0509 365 130 634 367 5 0.0506 517 143 779 378 11 0.0506 582 238 843 459 3 0.0504 365 133 632 367 8 0.0503 239 185 491 423 11 0.0501 516 150 783 374 5 0.0501 309 193 569 434
zfxWebbeqBPYEltlfZMv03iVWwXR9HRU,5 0.0634 316 336 581 578 5 0.0631 452 397 696 631 13 0.0621 326 341 589 581 0 0.0608 329 265 584 501 0 0.0602 458 400 702 636 0 0.0598 389 332 647 574 5 0.0596 245 267 515 510 11 0.0593 327 271 588 503 5 0.0586 377 268 638 499 11 0.0585 389 391 641 633 0 0.0581 394 459 641 709 0 0.0573 316 394 583 645 6 0.0572 394 336 653 572 7 0.0572 461 401 705 634 7 0.0564 324 340 586 584 8 0.0556 388 331 643 575 3 0.0555 322 338 585 585 5 0.0554 390 456 637 701 0 0.0550 322 534 579 777 7 0.0550 384 272 642 506 5 0.0549 173 338 437 577 8 0.0549 317 392 576 643 0 0.0544 805 525 983 907 13 0.0543 320 471 588 708 11 0.0542 804 521 990 898 2 0.0541 379 278 643 505 8 0.0540 455 400 696 635 3 0.0540 383 273 641 510 10 0.0538 321 344 584 578 7 0.0533 399 459 643 708 11 0.0533 379 206 643 434 6 0.0532 458 403 708 634 6 0.0531 220 298 580 482 8 0.0529 807 519 980 903 4 0.0525 322 343 588 582 5 0.0525 308 184 587 418 8 0.0525 327 264 579 505 11 0.0524 244 336 517 580 8 0.0524 395 456 637 711 6 0.0522 396 459 646 707 13 0.0522 189 345 452 587 3 0.0522 455 345 703 574 9 0.0521 388 335 649 567 6 0.0521 386 208 649 436 6 0.0519 318 395 591 642 0 0.0518 247 330 517 583 5 0.0517 439 199 690 432 12 0.0516 326 339 585 581 13 0.0515 389 274 649 505 10 0.0512 381 277 642 502 11 0.0510 496 284 741 501 7 0.0509 449 199 695 437 7 0.0506 215 295 573 481 2 0.0505 391 393 647 632 11 0.0502 315 541 584 773 8 0.0501 250 332 505 582 11 0.0501 519 411 760 627 13 0.0501 221 297 582 484 11 0.0500 246 209 526 438
5aLt44jpIwh5Ax5bY6OBDZSbOhadpsis,8 0.0623 162 508 415 759 5 0.0617 232 391 494 630 8 0.0613 316 273 558 507 11 0.0612 226 477 491 701 0 0.0604 252 9 509 250 6 0.0603 318 272 570 506 5 0.0593 308 267 566 502 8 0.0585 237 333 489 566 8 0.0585 170 391 423 639 0 0.0581 164 511 418 757 0 0.0579 324 201 569 447 3 0.0578 232 470 486 707 5 0.0572 247 3 506 241 8 0.0571 381 211 618 452 0 0.0569 168 394 428 640 8 0.0569 259 4 506 246 0 0.0568 256 131 507 376 6 0.0566 239 395 501 634 7 0.0564 163 450 425 694 11 0.0562 394 137 642 377 8 0.0560 243 203 485 438 11 0.0560 421 311 679 550 5 0.0559 158 447 418 689 3 0.0557 316 273 568 510 0 0.0556 426 784 685 1023 11 0.0556 309 275 571 504 5 0.0552 252 123 505 371 5 0.0551 445 136 705 378 8 0.0550 91 0 432 152 7 0.0550 258 7 513 243 13 0.0550 265 59 520 305 11 0.0549 99 464 369 695 11 0.0549 620 736 880 962 7 0.0549 231 533 488 767 6 0.0548 386 208 628 451 6 0.0546 166 452 427 693 3 0.0546 258 129 511 383 5 0.0545 224 530 481 766 13 0.0545 319 269 574 508 11 0.0544 251 11 513 245 2 0.0542 163 456 422 694 3 0.0542 386 209 624 458 11 0.0541 290 549 553 769 0 0.0538 237 335 496 566 6 0.0537 302 483 561 710 5 0.0536 382 0 634 242 11 0.0535 254 132 510 373 8 0.0533 428 309 664 561 11 0.0533 424 787 684 1017 0 0.0533 394 134 640 381 3 0.0531 313 408 567 649 2 0.0530 187 23 448 252 3 0.0530 298 545 551 776 13 0.0529 235 333 504 567 3 0.0529 237 337 497 568 7 0.0526 327 200 570 443 5 0.0525 292 476 556 706 3 0.0525 330 0 578 246 5 0.0524 170 327 424 562 0 0.0524 83 0 444 155 8 0.0523 617 731 866 964 6 0.0523 334 134 583 373 3 0.0522 191 19 449 257 6 0.0520 248 198 496 437 6 0.0519 454 146 712 380 13 0.0519 339 137 587 371 7 0.0518 239 394 499 635 10 0.0518 238 404 498 634 10 0.0518 330 7 582 235 8 0.0515 430 785 674 1019 7 0.0513 176 328 430 567 5 0.0512 117 23 385 254 13 0.0511 331 1 591 235 6 0.0511 230 536 486 765 6 0.0511 431 783 687 1023 13 0.0511 248 200 498 440 5 0.0511 629 663 884 904
wIYUVljp46hmULTA5hjJjy3m5TbXYoTq,8 0.0551 514 383 772 632 11 0.0536 516 388 777 628 8 0.0526 647 541 899 771 0 0.0518 642 540 907 769 11 0.0515 644 542 906 763 0 0.0504 513 389 781 635 3 0.0502 519 388 779 639 11 0.0501 563 668 835 906
LAIxr60wCCiQWo2omu8q19dBbFjOprPQ,5 0.0624 301 382 560 631 11 0.0615 390 391 636 624 0 0.0595 392 389 635 627 8 0.0584 242 378 488 623 13 0.0583 317 459 585 706 5 0.0582 386 454 639 705 11 0.0577 236 382 499 624 0 0.0577 237 451 499 706 7 0.0577 394 389 639 628 0 0.0575 455 471 708 710 7 0.0570 257 328 506 564 8 0.0569 456 530 701 770 8 0.0565 391 460 634 705 6 0.0564 455 530 714 767 3 0.0563 392 386 635 630 11 0.0562 451 534 711 769 5 0.0559 235 448 498 701 13 0.0557 242 382 502 627 13 0.0554 246 506 506 761 0 0.0554 386 521 640 783 3 0.0554 305 321 561 571 11 0.0553 305 325 564 561 7 0.0552 461 470 711 709 5 0.0550 509 568 761 813 6 0.0547 310 389 566 630 13 0.0546 310 321 568 569 13 0.0544 398 390 641 628 8 0.0544 309 321 552 563 7 0.0541 517 577 771 814 8 0.0540 504 657 739 875 0 0.0538 509 577 764 815 3 0.0537 238 454 501 709 10 0.0534 391 398 637 624 11 0.0531 177 523 445 748 6 0.0529 254 327 504 566 0 0.0528 250 326 503 564 6 0.0524 392 465 644 699 8 0.0522 121 402 361 641 13 0.0519 518 577 768 814 11 0.0518 122 406 382 633 7 0.0516 390 523 644 785 5 0.0514 312 510 572 766 10 0.0513 308 328 562 564 10 0.0512 239 461 502 701 7 0.0512 238 454 504 707 9 0.0510 388 391 632 623 6 0.0508 242 456 506 702 8 0.0506 560 728 803 956 3 0.0503 460 470 708 713 2 0.0503 396 397 634 624 5 0.0501 306 248 562 497
wl80rzoB8x7q7P3x7RQVciHB2AXoDga5,14 1.0 0 0 1 1
wm0PdJVjudgxlq7eaexmsshhUiSqiNoT,11 0.0562 691 550 937 778 11 0.0548 769 475 1013 715 0 0.0539 693 546 931 790 5 0.0529 168 794 416 1021 8 0.0527 174 801 410 1022 13 0.0522 176 729 443 966 8 0.0522 690 544 925 783 0 0.0519 178 726 437 968 6 0.0512 107 736 383 966 3 0.0511 179 731 436 971 7 0.0503 176 729 440 966 8 0.0503 119 0 365 196
YcGTvR2Oo20dEuKB4BqEXlqsUPHkGuwM,7 0.0679 187 647 442 895 8 0.0672 124 715 369 959 7 0.0664 127 717 373 958 11 0.0661 122 718 375 956 8 0.0651 187 648 439 895 0 0.0650 188 712 439 960 5 0.0643 122 715 369 955 5 0.0642 182 646 439 893 0 0.0640 118 651 374 897 10 0.0638 183 653 442 894 0 0.0629 249 648 509 900 11 0.0629 184 651 441 894 11 0.0626 247 714 497 952 6 0.0616 125 718 375 960 3 0.0606 188 649 443 898 8 0.0596 252 709 493 958 10 0.0594 123 722 374 956 6 0.0593 251 714 501 957 3 0.0588 128 717 372 964 6 0.0572 187 651 444 893 13 0.0568 253 649 513 899 13 0.0553 190 713 445 960 1 0.0548 184 646 442 894 2 0.0544 127 720 373 959 1 0.0533 121 715 371 956 13 0.0524 122 650 379 899 9 0.0518 121 720 374 956 2 0.0517 187 655 442 895 9 0.0514 183 652 442 892 12 0.0505 187 649 443 895 4 0.0502 125 721 376 958 12 0.0502 125 716 373 959
7pyWQHL2DILQxhOh7loRP7cfsgenMwCe,11 0.0544 226 336 501 562 7 0.0535 233 332 501 565 7 0.0533 312 800 554 1021 0 0.0525 223 277 510 511 5 0.0516 220 272 503 509 5 0.0516 160 334 420 561 0 0.0509 304 340 569 570 5 0.0509 237 386 493 621 11 0.0505 160 276 443 500 8 0.0504 225 273 494 513 8 0.0504 168 335 412 562 11 0.0504 305 805 545 1017 8 0.0500 112 405 364 642 7 0.0500 125 793 374 1023
YCrPB9qlw6Wqi94PhnZqIobEVGx0veeU,11 0.0654 381 782 635 1017 7 0.0596 321 270 576 513 7 0.0592 386 781 639 1023 5 0.0575 376 775 632 1018 3 0.0573 327 274 576 518 0 0.0566 323 271 575 513 8 0.0558 383 780 628 1023 11 0.0558 380 132 648 362 0 0.0552 381 778 635 1023 5 0.0550 316 266 574 511 6 0.0549 387 782 636 1022 13 0.0546 388 783 642 1023 3 0.0544 385 779 634 1023 8 0.0542 329 220 576 456 13 0.0539 327 272 584 517 11 0.0536 323 219 590 457 10 0.0534 382 782 638 1022 6 0.0532 320 341 569 576 11 0.0531 377 657 640 895 6 0.0529 334 218 588 457 8 0.0527 317 344 557 575 10 0.0526 326 223 589 460 11 0.0525 452 397 698 631 3 0.0522 391 135 642 371 0 0.0522 373 136 642 370 6 0.0521 462 387 703 632 11 0.0521 443 208 707 434 5 0.0521 440 253 690 495 11 0.0521 312 347 565 575 2 0.0517 385 784 636 1021 5 0.0516 617 514 885 761 9 0.0507 380 782 635 1017 7 0.0505 461 388 699 635 7 0.0503 448 262 695 500 3 0.0502 390 393 638 635
zs00odIHLtYeYBiEMhnq3GsBYkEmLA7h,11 0.0603 644 585 891 829 8 0.0590 193 459 429 704 7 0.0587 199 0 453 231 8 0.0586 216 343 440 585 11 0.0580 187 4 453 234 11 0.0579 310 400 571 635 5 0.0577 204 338 452 582 5 0.0574 185 453 434 701 7 0.0573 519 406 785 652 0 0.0572 188 0 448 231 7 0.0571 648 580 899 833 8 0.0571 259 132 517 382 0 0.0565 650 581 892 826 6 0.0564 651 583 898 831 13 0.0563 138 402 395 638 8 0.0560 652 581 884 828 6 0.0556 198 0 455 231 11 0.0555 193 411 453 649 5 0.0554 183 0 449 233 8 0.0554 194 0 445 233 13 0.0548 196 0 457 232 7 0.0547 197 131 457 369 0 0.0546 136 398 385 642 11 0.0542 184 137 452 371 0 0.0542 188 131 452 371 13 0.0539 214 344 459 585 2 0.0537 194 3 449 234 13 0.0536 198 135 457 372 5 0.0535 244 131 526 378 3 0.0534 195 0 448 238 3 0.0530 202 411 446 662 0 0.0528 572 808 819 1023 0 0.0526 212 340 452 588 6 0.0525 142 401 393 641 7 0.0523 188 453 440 701 13 0.0520 650 584 900 827 5 0.0516 655 512 903 759 8 0.0516 652 461 887 695 10 0.0514 193 7 448 228 10 0.0513 122 473 374 702 5 0.0513 313 333 583 566 6 0.0512 215 341 457 584 8 0.0512 324 337 571 565 8 0.0510 316 461 562 697 7 0.0510 211 336 454 582 5 0.0508 511 401 774 653 7 0.0507 325 340 592 566 13 0.0505 317 461 579 699 11 0.0505 651 465 901 700 3 0.0504 652 582 892 835 13 0.0502 450 461 717 698 11 0.0500 439 467 706 698
VyOwS6gwwPB9LsK9gWHG3CFnfL2ctVaQ,7 0.0668 372 796 620 1023 5 0.0643 362 796 614 1022 0 0.0641 78 863 440 1023 0 0.0625 370 528 635 767 0 0.0624 344 665 695 855 8 0.0607 78 864 430 1022 11 0.0607 365 800 612 1019 8 0.0599 369 796 611 1023 6 0.0596 83 867 437 1022 7 0.0580 81 862 444 1023 11 0.0571 327 540 692 729 0 0.0569 367 798 616 1023 5 0.0566 68 861 434 1022 13 0.0558 372 801 620 1023 7 0.0558 373 673 644 914 11 0.0557 73 865 442 1021 6 0.0555 369 802 619 1023 10 0.0548 367 803 615 1022 11 0.0547 365 676 640 907 6 0.0547 373 676 647 911 13 0.0540 364 599 641 830 5 0.0535 361 673 637 909 7 0.0533 313 587 589 840 3 0.0530 370 800 616 1023 13 0.0527 342 544 701 734 10 0.0525 69 866 435 1023 8 0.0524 331 539 683 729 6 0.0520 373 527 641 764 9 0.0519 366 801 617 1020 9 0.0518 74 866 442 1022 10 0.0513 364 678 640 909 10 0.0512 240 736 498 957 2 0.0508 369 803 619 1023 8 0.0506 367 677 634 909 13 0.0503 75 865 448 1023
SuXQ6ReCfP6BqyhZRRZiPnVkrZXvz6Za,5 0.0624 562 310 827 555 5 0.0609 175 345 436 579 11 0.0600 183 408 444 645 5 0.0598 559 453 806 688 8 0.0595 369 197 622 434 11 0.0590 239 202 510 438 11 0.0590 620 355 903 577 11 0.0589 368 197 636 435 0 0.0586 256 450 505 710 5 0.0584 242 253 495 502 0 0.0584 563 463 813 690 0 0.0584 255 331 509 580 11 0.0583 511 406 762 634 5 0.0580 252 394 510 638 8 0.0572 246 202 497 441 7 0.0571 511 403 764 636 6 0.0570 568 461 815 691 0 0.0566 297 204 561 438 6 0.0563 248 200 510 442 11 0.0563 300 131 573 356 3 0.0562 570 315 835 561 7 0.0558 258 331 509 577 0 0.0558 443 462 708 694 8 0.0555 256 336 499 578 0 0.0555 565 321 832 552 11 0.0553 249 336 510 573 5 0.0553 493 202 756 440 13 0.0551 188 407 451 654 8 0.0549 564 459 804 687 11 0.0549 178 278 444 515 5 0.0548 236 115 501 369 7 0.0547 262 449 506 707 8 0.0546 445 460 699 691 11 0.0546 187 27 436 255 0 0.0545 114 468 356 707 11 0.0540 497 207 766 437 5 0.0538 102 402 367 638 13 0.0538 572 322 842 556 3 0.0538 511 401 763 643 6 0.0534 307 128 582 359 8 0.0533 565 319 823 554 11 0.0532 106 472 362 704 7 0.0530 183 275 447 518 6 0.0529 577 324 836 554 5 0.0529 180 461 433 716 2 0.0529 510 414 761 636 13 0.0528 366 200 641 436 13 0.0526 567 459 818 688 8 0.0526 184 402 434 652 10 0.0525 559 461 811 687 3 0.0525 374 193 634 442 13 0.0524 249 261 508 509 7 0.0523 315 529 583 763 0 0.0522 197 131 447 388 0 0.0522 188 26 435 256 6 0.0519 446 461 715 694 3 0.0518 182 352 436 591 0 0.0518 497 209 761 442 10 0.0513 185 413 442 647 6 0.0513 111 409 379 641 8 0.0511 105 465 348 711 2 0.0511 567 327 831 551 7 0.0509 120 356 385 588 6 0.0508 184 351 442 582 3 0.0507 245 201 506 448 8 0.0506 497 202 755 442 0 0.0505 183 277 443 520 0 0.0504 123 359 377 589 6 0.0504 191 465 443 718 8 0.0504 304 130 561 356 2 0.0504 188 471 436 718 3 0.0503 256 400 509 649 10 0.0503 108 481 359 705 5 0.0502 0 540 235 768 5 0.0501 372 117 637 343
U1gVnCwHWnNJDcg0czE3aaxNjTDNOQop,8 0.0661 621 795 877 1023 11 0.0641 616 800 880 1020 0 0.0624 681 737 926 952 13 0.0619 620 798 890 1023 5 0.0618 610 793 878 1023 6 0.0612 648 545 905 775 0 0.0612 640 543 899 778 7 0.0602 617 797 889 1023 11 0.0600 642 547 902 771 11 0.0600 671 745 923 950 3 0.0598 620 797 880 1023 6 0.0593 617 801 888 1022 6 0.0581 680 739 928 949 11 0.0575 282 409 643 590 8 0.0573 638 479 898 713 8 0.0570 288 407 636 593 13 0.0568 287 407 651 594 3 0.0568 646 545 902 779 0 0.0559 623 798 884 1023 10 0.0556 643 550 899 771 5 0.0550 639 540 897 772 6 0.0549 292 407 646 590 5 0.0540 176 713 436 957 13 0.0533 640 477 909 714 2 0.0532 645 550 900 776 10 0.0530 251 345 495 577 8 0.0529 255 335 489 578 7 0.0523 646 544 903 774 3 0.0521 291 404 643 596 13 0.0520 680 743 931 951 9 0.0519 614 800 882 1022 5 0.0516 272 402 636 592 0 0.0514 285 405 639 595 7 0.0513 288 406 648 592 9 0.0512 633 481 903 706 8 0.0511 381 279 611 509 6 0.0511 322 279 559 509 8 0.0510 184 714 429 964 5 0.0508 746 799 1004 1022 12 0.0508 644 546 902 776 5 0.0507 369 267 614 510 12 0.0507 676 743 926 954 8 0.0507 500 89 753 304 11 0.0506 176 719 440 964
fOkhQ2tGsGPNtoGREsuyLxrISqeLPvt7,5 0.0602 781 608 1023 845 0 0.0565 642 1 898 197 0 0.0565 788 612 1023 846 11 0.0563 789 611 1023 845 8 0.0558 789 605 1018 847 0 0.0550 380 87 645 312 0 0.0550 332 10 581 245 6 0.0545 785 611 1023 845 2 0.0544 787 619 1023 848 7 0.0538 786 610 1023 848 0 0.0533 316 153 572 393 0 0.0532 763 1 1023 191 11 0.0530 640 3 898 195 10 0.0529 786 615 1023 846 13 0.0519 762 0 1023 190 5 0.0516 691 682 954 919 8 0.0514 316 156 566 387 13 0.0513 786 613 1023 848 6 0.0513 381 84 652 306 8 0.0510 378 84 637 306 6 0.0509 698 688 963 921 10 0.0508 695 689 952 923 3 0.0508 791 612 1021 851 0 0.0507 699 684 959 923 11 0.0504 753 6 1023 191 5 0.0502 756 0 1019 190 8 0.0501 270 82 499 313 10 0.0501 759 7 1023 190
HiJrdUhrgkRtL1mr2PLHPSpBLSZQ26Ry,5 0.0626 378 210 638 442 7 0.0625 383 269 640 504 8 0.0621 328 262 568 509 0 0.0614 387 212 642 442 0 0.0614 444 274 700 503 5 0.0609 507 229 765 458 7 0.0605 271 264 508 507 8 0.0594 386 211 636 443 5 0.0592 552 345 818 563 10 0.0589 323 271 575 510 2 0.0588 444 281 701 503 3 0.0584 378 269 635 508 11 0.0583 324 271 575 506 5 0.0581 319 263 571 505 0 0.0580 558 350 818 563 8 0.0575 324 133 569 351 0 0.0575 445 147 710 375 5 0.0574 440 143 707 374 5 0.0572 265 198 517 429 11 0.0571 446 274 699 500 8 0.0566 287 481 631 665 11 0.0565 387 211 640 443 11 0.0561 321 135 577 350 10 0.0560 381 217 642 444 11 0.0555 447 151 710 374 0 0.0555 325 263 573 511 6 0.0554 329 267 576 506 11 0.0553 270 205 519 428 7 0.0552 328 134 577 350 2 0.0550 386 219 638 443 13 0.0548 380 265 641 506 0 0.0546 325 135 576 350 3 0.0545 518 234 772 466 0 0.0544 318 455 572 696 11 0.0544 279 482 640 667 6 0.0542 517 234 771 458 0 0.0541 274 202 518 434 8 0.0541 275 202 511 432 6 0.0539 288 483 651 668 3 0.0538 383 141 639 372 13 0.0536 264 261 513 509 0 0.0531 540 467 810 687 13 0.0528 509 284 774 512 7 0.0525 203 201 457 443 3 0.0524 316 460 569 700 5 0.0523 538 462 805 684 10 0.0519 315 466 574 697 6 0.0519 450 152 713 376 13 0.0519 323 459 582 698 7 0.0518 318 456 577 697 8 0.0518 559 347 815 559 5 0.0518 316 132 574 347 6 0.0517 391 214 643 441 10 0.0516 439 278 703 506 5 0.0513 310 447 569 694 10 0.0513 321 138 575 348 8 0.0510 446 149 704 378 8 0.0509 513 234 764 457 6 0.0508 566 350 822 562 11 0.0507 540 468 813 682 3 0.0507 269 269 510 513 7 0.0506 511 281 770 513 7 0.0505 446 148 711 375 12 0.0503 444 273 703 505 10 0.0502 544 468 812 682 10 0.0500 270 210 518 428
VdSS6d3izJyG186pK26ZnTvz0lU5SaNt,5 0.0638 69 801 434 976 8 0.0579 76 801 422 976 10 0.0567 72 807 430 975 7 0.0549 81 802 437 976 0 0.0543 76 803 432 979 0 0.0524 373 461 626 684 11 0.0518 72 804 437 972 11 0.0517 373 461 625 678 11 0.0512 0 420 264 616
PB1re6NecNaVjf1ejy4lm6qLQuITpuL9,6 0.0651 251 327 512 577 5 0.0631 304 321 568 576 11 0.0621 248 402 506 647 6 0.0619 313 392 578 644 5 0.0616 243 262 502 509 8 0.0610 315 322 562 579 0 0.0607 249 327 511 578 5 0.0604 243 394 505 644 8 0.0601 252 398 499 648 3 0.0598 311 395 574 649 11 0.0595 242 272 506 511 13 0.0589 310 323 576 580 2 0.0587 250 333 507 575 8 0.0585 249 269 496 511 13 0.0582 246 265 511 513 3 0.0579 248 330 507 580 5 0.0577 188 196 440 432 7 0.0574 250 328 511 576 11 0.0573 192 205 443 430 8 0.0573 192 203 435 432 0 0.0569 253 202 500 439 13 0.0564 253 396 511 652 6 0.0563 136 276 390 506 7 0.0561 312 394 578 643 7 0.0556 369 317 632 577 5 0.0553 184 324 436 569 11 0.0553 243 533 512 770 3 0.0550 370 320 628 582 0 0.0549 184 268 442 505 0 0.0548 367 316 630 578 3 0.0544 252 205 502 442 11 0.0543 305 327 571 579 7 0.0540 254 202 501 438 10 0.0539 312 402 580 639 7 0.0534 187 266 442 503 10 0.0534 198 145 438 364 10 0.0532 246 275 505 507 8 0.0528 126 273 377 508 13 0.0528 195 203 450 433 9 0.0527 307 329 573 575 6 0.0527 250 531 521 767 2 0.0526 185 272 442 503 12 0.0525 248 332 508 577 6 0.0524 371 315 634 577 1 0.0523 305 322 568 576 11 0.0523 129 279 389 503 3 0.0522 185 268 443 508 12 0.0521 311 394 577 642 6 0.0520 254 204 504 438 9 0.0512 245 271 506 506 13 0.0511 137 276 393 505 6 0.0509 321 151 575 381 7 0.0506 322 146 572 382 4 0.0503 245 336 512 578 8 0.0501 252 135 483 369
EDjpR5RgLKc5vktU6Zxzf0PMVhw2zkrH,8 0.0582 371 455 630 706 8 0.0573 254 586 492 839 5 0.0573 362 450 631 707 11 0.0567 234 524 494 760 5 0.0567 241 584 493 837 6 0.0565 248 395 501 634 11 0.0564 239 400 501 630 3 0.0563 380 402 634 644 0 0.0552 252 665 631 861 3 0.0547 298 457 571 708 8 0.0544 184 530 416 765 11 0.0543 300 655 564 890 11 0.0542 317 337 580 560 11 0.0541 296 463 574 701 0 0.0540 181 531 424 765 11 0.0540 181 339 435 566 7 0.0539 302 456 572 705 11 0.0538 374 408 634 637 0 0.0536 364 461 638 711 3 0.0535 321 330 578 568 11 0.0535 258 265 499 480 8 0.0534 375 583 636 826 8 0.0534 242 456 488 697 5 0.0529 313 323 575 560 0 0.0527 320 332 581 566 5 0.0522 228 453 491 693 6 0.0522 187 335 434 569 3 0.0520 237 519 490 766 0 0.0518 182 337 432 568 6 0.0517 251 586 502 840 10 0.0516 310 584 579 827 3 0.0515 365 516 639 773 13 0.0515 375 459 643 709 6 0.0514 323 330 580 565 13 0.0514 322 332 584 566 13 0.0513 244 460 506 697 0 0.0509 239 460 498 698 6 0.0503 303 452 572 702 7 0.0502 322 327 580 561 6 0.0501 378 401 633 638 7 0.0500 380 400 634 639
59hBipb9jJaXIMwgt4VkumdTvQCI9pe9,11 0.0540 249 384 511 623 0 0.0515 81 1 469 148
OGzsLQXZF1shbX0RCAcwcL2iHJx1JZ8h,8 0.0577 317 643 562 874 11 0.0577 381 642 642 870 8 0.0555 388 580 638 807 7 0.0544 320 641 574 879 6 0.0537 388 582 652 806 5 0.0532 315 640 569 874 0 0.0531 388 582 650 810 0 0.0525 234 403 492 628 5 0.0524 384 578 648 807 0 0.0523 386 699 634 931 8 0.0515 464 485 713 697 13 0.0513 389 639 647 874 11 0.0510 462 490 727 693 5 0.0509 464 482 721 697 3 0.0503 389 583 652 810 11 0.0501 318 712 572 934
WU7rakpFhBtggFogKDSjz0wm2vQb0Rwv,6 0.0621 695 0 956 198 11 0.0613 570 8 820 254 5 0.0611 179 397 433 638 3 0.0610 643 17 887 266 8 0.0604 572 6 810 253 0 0.0597 191 334 431 578 8 0.0589 188 331 427 584 5 0.0585 686 0 945 197 11 0.0583 179 400 441 640 7 0.0578 185 395 442 643 11 0.0568 181 199 444 438 11 0.0567 690 0 951 201 7 0.0563 573 3 822 252 8 0.0558 688 0 940 196 5 0.0557 184 273 434 516 7 0.0556 690 0 954 196 6 0.0556 577 7 821 253 6 0.0553 189 401 441 645 13 0.0552 130 342 389 577 5 0.0548 261 322 504 561 11 0.0548 262 329 509 560 5 0.0548 120 336 373 571 0 0.0546 256 277 498 513 8 0.0542 268 394 506 631 0 0.0536 692 2 948 201 11 0.0532 236 803 485 1023 5 0.0530 370 1 618 253 8 0.0530 256 277 490 513 3 0.0530 191 337 436 586 5 0.0527 569 1 815 254 7 0.0526 236 799 489 1023 3 0.0524 268 396 520 639 0 0.0522 571 9 819 254 2 0.0522 574 12 817 256 8 0.0519 186 196 428 439 0 0.0518 263 394 518 630 11 0.0512 122 341 384 569 9 0.0509 690 0 951 193 8 0.0509 119 396 366 644 10 0.0506 573 12 819 253 8 0.0506 239 799 478 1022 8 0.0505 129 271 377 509 13 0.0503 572 11 825 253 6 0.0502 386 9 632 250 7 0.0501 195 272 440 520 6 0.0501 194 279 441 521
5KBD8Rp8XW4SFydhn1jgdP3NpgkUmcrf,8 0.0672 761 780 1012 1016 5 0.0651 761 777 1014 1013 0 0.0632 763 783 1013 1019 2 0.0621 765 786 1017 1018 0 0.0615 369 490 644 711 7 0.0610 765 780 1018 1019 11 0.0601 758 782 1018 1015 8 0.0600 687 735 935 958 8 0.0592 773 463 1017 686 6 0.0591 764 781 1021 1015 0 0.0587 0 419 263 645 10 0.0586 757 782 1018 1016 11 0.0586 367 490 649 706 3 0.0585 773 466 1016 692 10 0.0585 0 424 262 641 0 0.0584 769 464 1018 689 5 0.0581 0 411 258 639 10 0.0577 768 465 1019 685 11 0.0576 64 479 332 712 7 0.0572 774 460 1023 688 2 0.0572 692 743 946 961 11 0.0570 767 465 1019 683 5 0.0568 767 461 1017 685 11 0.0566 0 422 261 637 6 0.0565 3 418 263 638 6 0.0564 773 464 1021 687 0 0.0560 65 478 329 722 7 0.0558 3 416 266 642 3 0.0557 764 780 1014 1021 8 0.0556 1 416 255 641 8 0.0551 69 479 323 719 11 0.0549 687 738 948 956 10 0.0545 366 488 649 708 3 0.0544 3 419 260 646 5 0.0544 688 731 944 958 1 0.0543 759 779 1015 1017 13 0.0539 774 463 1023 689 8 0.0538 370 487 637 709 0 0.0537 689 736 942 962 2 0.0530 772 468 1020 687 7 0.0530 331 412 595 644 10 0.0529 67 482 330 718 5 0.0527 63 477 325 717 7 0.0518 70 477 332 719 6 0.0517 70 478 332 715 9 0.0512 762 784 1018 1014 0 0.0512 327 351 705 538 13 0.0512 383 410 658 643 13 0.0511 69 479 335 718 13 0.0511 762 783 1023 1018 5 0.0506 627 786 876 1012 10 0.0505 684 738 941 960 6 0.0505 695 737 948 957 5 0.0502 367 485 642 707 3 0.0502 378 411 647 645 13 0.0501 692 735 953 961 7 0.0500 694 738 946 959
VTCi9Yphzqln3Ak2YMlobkypIvOZDEjo,0 0.0627 316 455 559 702 0 0.0625 624 534 879 775 0 0.0624 512 672 892 856 11 0.0621 251 460 506 703 11 0.0617 505 529 753 762 7 0.0617 378 530 629 760 11 0.0614 370 396 634 635 5 0.0609 249 452 503 705 0 0.0608 373 532 625 765 11 0.0599 623 536 880 770 11 0.0595 373 531 623 759 0 0.0591 565 472 817 713 7 0.0589 337 477 703 660 8 0.0587 518 674 884 854 7 0.0585 630 531 882 772 11 0.0584 515 674 892 851 8 0.0580 247 390 493 638 13 0.0577 257 458 513 709 8 0.0576 316 454 554 696 10 0.0570 314 459 557 699 3 0.0566 376 394 631 640 7 0.0563 527 673 896 850 6 0.0561 253 456 512 707 8 0.0560 374 532 619 760 7 0.0557 569 469 822 710 0 0.0556 249 396 502 640 0 0.0554 375 393 632 639 8 0.0554 566 529 811 769 5 0.0552 374 455 629 696 2 0.0549 379 464 632 700 3 0.0549 317 455 560 703 10 0.0546 566 533 813 771 13 0.0543 336 480 706 658 6 0.0541 377 458 636 700 10 0.0533 371 536 623 760 8 0.0533 378 391 626 634 5 0.0533 563 529 811 767 6 0.0531 572 533 819 771 10 0.0530 250 400 498 638 8 0.0528 126 26 372 252 7 0.0527 148 485 498 669 3 0.0525 375 533 623 763 5 0.0523 211 359 575 538 13 0.0522 378 533 632 761 8 0.0522 754 18 987 244 8 0.0521 5 31 254 271 6 0.0520 748 1 1011 199 11 0.0520 118 30 381 252 12 0.0512 317 457 564 700 10 0.0512 376 398 631 634 5 0.0509 744 0 1004 197 3 0.0508 523 671 889 855 0 0.0506 123 30 378 256 5 0.0506 510 671 884 850 2 0.0505 573 535 818 771 3 0.0501 512 529 753 768 9 0.0500 313 455 559 692 5 0.0500 119 23 375 252 2 0.0500 257 465 506 706
O6ecj1sRIEYhcefiSbaxaRJD1oiM3QSQ,11 0.0570 305 269 572 496 5 0.0568 304 262 565 493 0 0.0542 307 267 569 494 10 0.0521 309 277 565 492 13 0.0520 313 270 579 499 8 0.0510 309 274 557 494 7 0.0503 312 267 573 493
G3bXtRdiIS8TLYlydphOrUV047geYbN1,7 0.0589 243 787 488 1023 0 0.0572 572 334 835 566 5 0.0567 237 782 478 1020 8 0.0565 245 782 474 1022 8 0.0564 377 9 634 253 0 0.0556 242 784 483 1023 11 0.0554 198 1 563 153 11 0.0554 237 788 479 1020 3 0.0544 206 0 571 159 0 0.0541 497 786 753 1023 7 0.0539 505 785 758 1019 6 0.0534 581 403 848 640 5 0.0532 491 782 745 1015 0 0.0530 199 0 565 159 5 0.0530 191 0 558 156 6 0.0528 207 0 572 155 3 0.0526 385 7 648 261 13 0.0523 247 790 488 1023 5 0.0522 91 779 349 1020 3 0.0519 576 400 839 645 0 0.0516 436 225 696 442 11 0.0515 572 405 843 638 0 0.0514 313 711 560 950 11 0.0513 442 15 708 249 8 0.0512 109 779 343 1023 11 0.0509 494 785 743 1015 10 0.0508 240 791 481 1023 3 0.0508 245 786 483 1023 8 0.0507 576 400 835 640 5 0.0506 370 5 641 251 13 0.0503 576 404 847 643 0 0.0503 634 408 892 640 11 0.0501 308 714 561 942 8 0.0501 500 781 742 1020 5 0.0500 240 453 492 684
9P3pwcAyQ1DTLj44PBLqbcSXzSD3vX6I,3 0.0615 502 327 757 573 5 0.0596 562 395 819 626 11 0.0593 496 330 761 565 6 0.0583 434 338 695 570 11 0.0583 270 288 628 463 7 0.0577 568 399 824 626 5 0.0570 495 322 751 568 8 0.0570 499 328 751 567 11 0.0567 571 269 844 502 7 0.0566 2 728 339 913 11 0.0566 562 399 825 621 0 0.0561 561 457 823 693 8 0.0560 565 398 816 624 0 0.0560 566 323 831 565 3 0.0559 570 400 825 630 5 0.0551 490 447 749 695 11 0.0549 237 662 496 894 5 0.0549 294 663 559 898 8 0.0547 280 285 621 464 8 0.0546 372 600 629 837 7 0.0543 500 449 755 695 8 0.0543 499 448 747 694 0 0.0542 499 386 754 625 5 0.0541 347 282 695 466 13 0.0540 503 388 760 628 3 0.0540 358 287 702 472 7 0.0539 501 326 757 570 11 0.0539 493 455 751 694 0 0.0539 273 286 627 468 0 0.0534 116 345 359 587 11 0.0532 169 601 430 827 6 0.0531 357 285 707 467 11 0.0530 364 334 618 559 5 0.0529 570 261 832 510 6 0.0523 172 650 434 884 7 0.0523 176 649 429 885 5 0.0522 554 526 818 754 6 0.0521 432 455 705 696 0 0.0521 495 522 755 770 0 0.0519 555 599 818 837 8 0.0519 369 331 610 559 0 0.0516 363 666 627 908 6 0.0515 566 457 828 687 7 0.0515 277 285 632 469 8 0.0513 562 532 817 754 13 0.0512 356 287 711 469 13 0.0511 239 658 506 896 0 0.0509 179 272 421 520 11 0.0505 557 535 826 750 8 0.0504 428 518 690 761 3 0.0503 576 271 837 516 10 0.0501 238 608 506 835 10 0.0501 495 456 756 694 0 0.0501 490 670 754 906 8 0.0500 242 604 495 840 11 0.0500 366 604 639 835
2B4yxC8huzRRDEv2Qf5vPYTuEGxP3Y4b,11 0.0622 444 453 704 693 0 0.0617 383 457 643 709 8 0.0595 134 786 368 1023 5 0.0587 126 788 372 1017 8 0.0576 450 446 695 699 11 0.0574 126 790 376 1019 11 0.0569 381 531 646 773 5 0.0563 443 520 706 768 6 0.0562 380 664 649 886 11 0.0561 309 464 566 706 11 0.0558 503 521 761 760 8 0.0554 508 520 749 764 0 0.0552 60 775 304 1022 5 0.0550 379 455 637 699 11 0.0542 321 662 579 895 13 0.0541 131 787 382 1023 7 0.0541 324 657 583 902 7 0.0539 387 459 644 707 13 0.0538 450 456 708 699 6 0.0538 386 463 648 703 11 0.0536 567 464 826 692 5 0.0536 379 589 651 836 6 0.0536 65 776 308 1017 6 0.0536 325 728 576 971 7 0.0536 449 528 714 777 6 0.0535 511 522 766 759 10 0.0534 129 791 373 1019 8 0.0534 385 530 635 775 7 0.0530 131 790 378 1022 5 0.0530 563 453 817 692 8 0.0530 569 453 811 696 0 0.0529 450 527 710 776 3 0.0529 387 599 650 848 0 0.0529 258 652 516 891 3 0.0528 133 790 376 1023 5 0.0527 314 723 566 968 8 0.0523 324 729 562 974 11 0.0521 435 607 712 841 11 0.0519 27 670 367 857 0 0.0517 329 584 583 838 7 0.0516 384 782 640 1023 6 0.0516 574 458 829 694 11 0.0516 63 725 317 961 13 0.0513 387 533 651 773 0 0.0512 323 726 578 974 2 0.0512 447 457 704 699 7 0.0511 319 524 566 767 11 0.0509 644 277 900 521 0 0.0508 90 676 444 860 10 0.0505 325 598 583 832 8 0.0502 327 589 575 840 3 0.0502 452 454 704 699 3 0.0500 577 458 822 703
wT5OdxhPzD0Lmnd86EdbK2sLnux931bR,8 0.0618 253 398 519 650 11 0.0618 247 403 529 642 11 0.0604 330 415 691 592 5 0.0586 744 0 1007 190 7 0.0580 299 522 577 761 7 0.0579 333 412 691 595 0 0.0576 323 320 574 560 11 0.0575 319 321 575 552 8 0.0575 324 317 565 558 7 0.0574 327 317 574 559 0 0.0573 251 401 524 651 7 0.0573 246 596 506 830 5 0.0573 304 391 570 627 8 0.0566 336 412 674 595 11 0.0566 309 791 562 1017 0 0.0559 373 469 642 701 7 0.0553 314 788 570 1018 11 0.0546 309 202 581 450 0 0.0545 333 414 692 596 0 0.0543 308 201 579 454 5 0.0541 307 196 571 452 13 0.0540 302 465 574 702 8 0.0540 310 200 570 453 8 0.0537 747 0 1000 190 7 0.0536 315 201 581 452 11 0.0536 361 536 649 758 13 0.0532 326 319 581 561 10 0.0528 304 399 571 628 0 0.0527 247 601 502 832 6 0.0527 325 320 577 558 0 0.0527 299 523 576 763 8 0.0522 366 535 640 761 3 0.0520 308 392 572 633 10 0.0518 311 207 580 453 0 0.0515 374 604 636 828 11 0.0514 243 603 507 829 6 0.0514 254 401 530 646 5 0.0512 292 520 573 756 13 0.0512 336 415 698 598 13 0.0508 315 203 585 457 7 0.0506 377 601 646 829 10 0.0505 368 476 637 698 8 0.0504 314 786 553 1017 5 0.0502 366 466 638 696 3 0.0502 315 201 575 459 11 0.0502 743 2 1017 192
ZCtgXVFVKnw95oq8vqBZuoDygIL1VF96,8 0.0618 191 531 441 780 0 0.0600 185 529 450 785 11 0.0595 169 388 435 637 0 0.0594 128 453 379 708 11 0.0585 182 532 445 778 13 0.0579 189 535 456 781 5 0.0574 184 527 444 779 7 0.0568 308 462 563 697 7 0.0566 186 530 448 786 13 0.0565 252 460 506 701 11 0.0559 689 324 943 554 7 0.0557 438 466 700 694 6 0.0553 439 465 702 691 5 0.0551 242 454 497 698 11 0.0549 302 464 562 693 11 0.0545 431 469 699 689 8 0.0541 247 459 491 700 0 0.0540 427 535 699 772 8 0.0540 319 530 566 766 8 0.0540 122 329 368 582 7 0.0539 236 387 495 635 0 0.0537 248 457 501 703 7 0.0537 374 531 639 771 13 0.0535 440 470 704 698 11 0.0534 363 599 630 833 8 0.0534 123 457 368 708 6 0.0533 190 532 451 776 8 0.0530 372 469 619 696 7 0.0530 127 449 380 710 7 0.0521 440 598 696 839 13 0.0521 127 452 385 706 10 0.0518 433 535 695 771 6 0.0515 437 598 698 834 6 0.0513 130 455 380 705 3 0.0510 190 535 444 785 3 0.0509 438 535 696 780 5 0.0508 173 381 435 637 0 0.0508 692 324 940 554 3 0.0505 237 394 483 642 6 0.0504 241 395 493 632 6 0.0504 309 461 560 690 11 0.0503 177 266 445 518 8 0.0503 695 321 932 553 5 0.0502 307 523 570 765 0 0.0501 310 530 572 772
haIZ9TgEYTdevZY6XmkYw26YuixBLIhU,6 0.0632 112 471 364 714 0 0.0575 108 470 358 712 11 0.0575 235 393 490 625 13 0.0573 59 481 319 727 8 0.0566 242 389 480 624 5 0.0562 235 385 486 624 10 0.0543 238 396 489 625 0 0.0543 240 391 491 629 7 0.0542 242 387 494 629 11 0.0541 371 787 618 1002 13 0.0540 244 391 496 630 7 0.0538 111 467 362 711 5 0.0528 104 470 351 706 11 0.0525 102 473 358 712 8 0.0524 110 473 352 713 0 0.0522 433 797 679 1023 0 0.0522 568 414 843 649 8 0.0521 320 331 558 564 3 0.0520 112 473 353 718 11 0.0520 312 334 567 561 13 0.0514 105 416 369 647 3 0.0506 242 390 485 631
0ScqEu24LwrHBL2RZZCQRdKfK226MFkz,11 0.0615 251 2 514 193 8 0.0594 316 150 571 375 6 0.0576 261 151 520 394 0 0.0576 253 1 508 198 11 0.0573 254 158 519 394 11 0.0571 316 224 587 450 3 0.0569 321 214 584 456 8 0.0568 255 0 503 196 11 0.0566 308 84 575 311 11 0.0564 374 0 642 189 0 0.0560 258 217 515 476 8 0.0559 615 333 878 571 0 0.0558 645 596 905 822 0 0.0555 308 83 574 315 6 0.0552 624 330 891 569 7 0.0550 258 0 510 195 3 0.0550 652 594 905 830 8 0.0549 264 225 508 469 8 0.0545 253 85 508 324 5 0.0543 639 588 899 818 3 0.0542 320 79 577 319 5 0.0541 253 218 514 466 6 0.0540 200 8 462 270 11 0.0539 643 594 903 821 3 0.0538 257 0 512 199 5 0.0537 251 6 514 267 5 0.0536 608 327 886 568 8 0.0534 378 0 636 191 11 0.0533 163 732 435 947 11 0.0533 616 331 888 568 6 0.0530 314 81 580 314 5 0.0528 168 802 435 1016 11 0.0527 394 354 765 536 13 0.0526 381 1 651 191 5 0.0526 488 208 749 430 8 0.0526 402 348 756 537 0 0.0524 377 3 644 195 13 0.0523 256 10 522 270 7 0.0519 161 286 335 669 6 0.0519 322 219 588 451 11 0.0518 156 291 333 665 0 0.0518 320 354 578 590 8 0.0516 494 216 747 431 11 0.0516 498 3 773 191 2 0.0512 651 599 906 822 5 0.0511 152 273 333 668 5 0.0511 372 0 637 189 0 0.0511 157 289 330 675 0 0.0510 198 140 448 393 8 0.0508 648 593 896 821 8 0.0508 128 798 382 1022 10 0.0507 375 4 641 190 3 0.0505 382 0 646 195 0 0.0503 494 217 754 436 3 0.0501 260 151 516 399 0 0.0501 396 348 757 539 8 0.0500 190 462 434 709
pSvCJAUUmtWVHmRfgBUT4KyWJkuonhtH,11 0.0679 181 664 437 903 0 0.0674 252 660 502 909 7 0.0655 184 661 438 906 5 0.0654 187 710 434 958 10 0.0654 181 668 435 904 7 0.0632 319 595 567 844 8 0.0617 190 712 434 959 5 0.0613 443 786 685 1022 6 0.0612 191 716 439 960 8 0.0598 448 784 682 1022 11 0.0589 254 599 499 840 10 0.0587 252 603 496 841 2 0.0583 190 717 436 961 3 0.0578 192 712 436 966 0 0.0578 185 598 438 841 8 0.0569 185 598 427 837 13 0.0568 253 662 508 904 0 0.0567 447 788 688 1023 7 0.0566 452 786 693 1023 11 0.0562 446 787 685 1020 9 0.0554 186 713 437 957 12 0.0550 190 711 436 960 7 0.0549 384 525 633 761 8 0.0547 37 788 368 975 6 0.0546 43 796 381 973 7 0.0543 256 535 501 778 5 0.0542 181 597 432 834 8 0.0539 380 527 618 760 0 0.0539 33 793 379 976 0 0.0539 318 597 567 849 5 0.0533 310 592 562 837 11 0.0530 378 530 628 760 1 0.0529 187 708 437 960 10 0.0528 34 794 380 971 13 0.0523 186 598 442 840 13 0.0523 317 598 574 842 6 0.0522 450 793 689 1021 13 0.0520 451 788 695 1023 11 0.0520 183 396 441 627 8 0.0520 317 597 556 841 3 0.0519 451 788 690 1023 8 0.0518 253 538 487 778 4 0.0516 188 716 439 960 11 0.0514 33 794 386 971 0 0.0511 393 453 630 689 3 0.0510 188 600 433 843 7 0.0508 247 383 506 624 11 0.0505 231 329 504 557 11 0.0505 438 608 692 825 0 0.0504 254 540 502 782 11 0.0503 249 461 499 705
U6DJt3TIjhFyf5CBtXf9dF8Saya6f0Di,5 0.0646 553 273 805 509 8 0.0617 502 319 754 566 11 0.0597 122 791 384 1019 11 0.0589 505 324 765 570 8 0.0587 561 400 807 632 7 0.0576 507 255 770 503 0 0.0556 508 321 763 567 11 0.0554 560 402 815 633 11 0.0549 508 65 763 298 0 0.0549 564 406 815 635 7 0.0547 566 402 817 633 11 0.0545 635 532 891 759 13 0.0543 378 0 652 225 8 0.0543 570 200 817 437 8 0.0540 380 2 639 227 0 0.0535 375 0 644 225 3 0.0535 562 277 810 520 11 0.0534 369 5 650 220 6 0.0534 562 278 816 506 0 0.0533 504 72 760 301 8 0.0532 132 794 373 1019 5 0.0531 557 395 806 630 3 0.0530 377 0 649 232 13 0.0528 510 323 766 564 7 0.0525 127 720 384 973 7 0.0524 379 1 652 226 0 0.0522 499 175 771 420 5 0.0520 496 108 749 360 8 0.0516 623 473 871 691 0 0.0513 125 721 380 968 5 0.0512 622 463 874 694 3 0.0512 565 404 811 640 0 0.0507 624 473 879 697 6 0.0507 567 402 818 635 11 0.0507 571 204 830 434 13 0.0506 566 401 817 630 2 0.0500 500 406 757 642
7MxFpSUqt6HMlm6cmb4io1GzCMIj4jcW,5 0.0710 138 865 501 1021 8 0.0657 143 864 501 1023 5 0.0650 183 715 435 958 7 0.0650 254 711 503 962 7 0.0635 146 866 510 1023 0 0.0635 146 868 507 1023 8 0.0631 253 711 497 961 5 0.0629 315 705 568 956 11 0.0629 142 868 503 1022 0 0.0626 321 708 573 964 7 0.0614 190 658 439 897 7 0.0614 312 652 570 892 0 0.0613 254 656 504 899 7 0.0612 381 713 644 969 6 0.0611 148 870 509 1023 11 0.0608 185 722 439 960 10 0.0605 139 871 508 1023 11 0.0599 249 660 501 894 0 0.0597 187 718 437 964 10 0.0594 182 725 437 957 11 0.0590 318 712 571 958 8 0.0583 312 659 561 894 5 0.0582 246 653 500 891 8 0.0574 380 717 632 970 2 0.0573 142 870 504 1023 8 0.0571 185 662 430 900 9 0.0568 140 868 509 1022 3 0.0565 189 719 437 964 6 0.0560 252 714 506 959 3 0.0558 254 657 502 899 13 0.0557 189 721 446 962 10 0.0557 250 664 503 892 3 0.0546 146 867 508 1023 0 0.0543 445 727 705 972 13 0.0542 149 870 513 1023 13 0.0539 324 710 579 964 2 0.0538 255 716 503 962 3 0.0537 323 711 574 966 6 0.0537 380 719 643 968 10 0.0535 319 715 573 956 7 0.0530 257 579 505 817 9 0.0523 181 722 440 956 11 0.0521 445 730 699 963 12 0.0517 149 866 509 1023 5 0.0516 438 724 693 962 4 0.0509 140 869 511 1023 11 0.0507 187 600 445 832 13 0.0504 258 659 508 897 5 0.0503 112 409 373 631
eEF3yCRtc4uSRpqkBDLPaWzxD3WdJoV9,11 0.0596 372 341 639 576 3 0.0596 373 342 638 586 0 0.0594 376 339 638 580 7 0.0586 374 342 641 582 5 0.0579 368 332 632 576 7 0.0574 310 276 577 512 3 0.0567 304 274 572 519 2 0.0561 373 346 633 576 5 0.0557 300 267 571 513 11 0.0557 301 281 575 510 0 0.0556 575 338 833 573 0 0.0553 303 272 577 515 11 0.0548 443 397 706 630 11 0.0547 572 341 839 567 5 0.0544 439 390 699 631 8 0.0539 310 278 568 510 8 0.0530 388 393 633 633 7 0.0529 445 397 709 635 5 0.0525 573 330 829 570 5 0.0522 638 454 898 699 0 0.0521 447 402 705 636 6 0.0510 309 276 578 508 2 0.0509 577 346 840 570 3 0.0508 445 400 711 639 13 0.0506 375 343 645 581
zH6840OCIAidiNvQyEkF5Hx5B6ImKTVY,8 0.0605 639 601 878 839 11 0.0588 637 603 886 839 0 0.0588 639 602 884 840 6 0.0563 447 596 701 834 13 0.0557 450 595 708 837 5 0.0557 439 592 696 832 5 0.0554 636 596 882 840 0 0.0554 446 592 701 836 8 0.0550 444 594 696 835 8 0.0549 706 547 943 784 3 0.0548 446 596 702 838 0 0.0548 710 548 951 786 11 0.0544 442 595 702 832 6 0.0542 644 603 888 839 13 0.0540 642 603 891 842 7 0.0534 449 596 701 837 8 0.0529 429 199 689 422 11 0.0528 705 549 954 785 2 0.0527 639 606 888 841 5 0.0526 709 676 955 907 2 0.0525 445 598 703 834 13 0.0523 739 618 1023 795 8 0.0523 714 681 952 908 10 0.0522 634 603 887 841 3 0.0522 641 601 886 844 7 0.0518 591 602 961 782 7 0.0514 66 405 319 638 11 0.0514 709 683 963 904 11 0.0513 429 195 700 420 12 0.0509 641 601 887 844 7 0.0508 433 194 698 422 5 0.0504 704 544 945 785 10 0.0503 443 597 700 834
S2n2aPdxw7TvU5503o4nzCoZLNXX8rEq,5 0.0691 229 391 507 644 11 0.0691 231 396 507 643 8 0.0640 58 480 307 715 7 0.0635 251 324 507 568 0 0.0618 235 392 509 646 11 0.0612 320 270 584 510 8 0.0610 232 391 502 646 11 0.0604 438 337 707 568 5 0.0596 53 479 308 717 0 0.0595 58 485 317 717 7 0.0588 61 480 318 716 13 0.0582 60 480 320 713 10 0.0572 231 401 506 642 11 0.0568 56 485 312 713 6 0.0567 248 326 509 575 13 0.0567 249 324 513 575 6 0.0563 62 481 318 714 0 0.0559 323 264 584 514 6 0.0557 329 269 586 511 8 0.0555 323 267 573 515 3 0.0551 231 398 509 651 5 0.0550 317 264 579 510 3 0.0547 323 271 580 519 7 0.0545 331 266 581 511 0 0.0541 285 537 555 770 8 0.0536 63 347 326 588 11 0.0535 248 135 516 375 5 0.0534 574 203 833 433 11 0.0532 285 545 548 766 2 0.0532 233 399 510 645 0 0.0530 436 331 706 574 5 0.0529 369 0 640 186 0 0.0528 66 350 336 586 12 0.0527 248 326 505 571 1 0.0525 229 390 504 644 9 0.0521 244 325 505 565 3 0.0518 62 485 314 722 13 0.0512 377 1 648 188 0 0.0510 248 134 513 380 13 0.0510 296 537 561 768 7 0.0510 290 538 555 770 3 0.0509 290 542 551 773 6 0.0509 291 540 556 766 13 0.0509 73 349 340 585 11 0.0508 514 287 776 508 8 0.0507 289 537 542 766 3 0.0506 444 334 708 578 7 0.0505 442 333 709 572 11 0.0503 382 17 649 250
DOyI8E0F9Hkcj2GPopsFDnrD533JTj53,5 0.0607 384 524 625 767 5 0.0589 245 587 501 815 0 0.0586 390 526 629 773 0 0.0565 247 662 503 897 11 0.0564 245 591 503 816 7 0.0563 390 601 644 842 0 0.0554 258 521 497 768 11 0.0544 384 601 643 837 8 0.0540 252 591 494 821 8 0.0539 389 600 633 835 11 0.0536 576 326 847 566 7 0.0532 388 466 627 709 6 0.0532 254 591 507 817 7 0.0526 255 592 508 819 11 0.0526 384 468 626 702 8 0.0520 384 466 613 704 11 0.0519 176 669 440 894 5 0.0515 757 16 1021 269 11 0.0515 238 737 500 959 5 0.0514 238 734 501 957 10 0.0513 251 597 498 823 5 0.0512 0 154 218 391 3 0.0507 390 531 630 775 13 0.0505 392 469 632 707
4MkKrYOj3fW4lSze2H8AO60zinOpz2hQ,5 0.0660 438 793 693 1019 7 0.0623 446 798 705 1023 0 0.0617 498 526 747 756 11 0.0612 366 527 627 768 11 0.0593 560 604 806 843 8 0.0589 371 527 622 769 11 0.0584 447 462 691 696 5 0.0582 446 458 685 699 8 0.0581 501 522 742 754 11 0.0579 437 801 697 1021 11 0.0579 244 259 494 504 7 0.0578 374 524 629 770 11 0.0578 363 742 633 963 5 0.0577 361 733 632 962 7 0.0574 503 521 748 753 0 0.0574 565 601 802 846 0 0.0571 368 526 626 772 3 0.0565 375 529 622 774 13 0.0563 639 405 876 649 7 0.0562 369 740 639 965 13 0.0562 378 456 638 706 0 0.0561 633 408 871 649 2 0.0556 446 529 694 762 11 0.0553 625 280 889 501 8 0.0552 564 601 797 843 0 0.0552 383 395 633 650 3 0.0551 453 463 689 706 11 0.0551 379 75 652 311 5 0.0547 366 523 624 768 6 0.0545 251 256 496 507 11 0.0544 318 137 577 380 6 0.0544 443 800 704 1020 0 0.0543 442 802 704 1023 7 0.0541 248 251 496 507 8 0.0540 445 800 690 1020 5 0.0539 242 253 491 505 0 0.0539 245 255 494 508 8 0.0538 382 397 628 650 13 0.0537 501 525 753 756 6 0.0534 267 138 499 383 11 0.0534 391 259 652 519 13 0.0534 450 800 709 1023 7 0.0533 388 394 638 655 10 0.0533 304 536 557 767 13 0.0530 457 403 706 647 6 0.0528 447 522 700 758 13 0.0526 323 257 580 509 13 0.0525 374 740 643 967 0 0.0524 628 280 886 507 3 0.0523 642 408 871 652 13 0.0522 327 136 591 385 10 0.0520 376 460 635 703 8 0.0520 248 257 485 508 11 0.0519 582 354 832 580 13 0.0519 319 12 593 252 10 0.0519 443 527 693 762 8 0.0518 369 739 627 966 2 0.0516 448 804 699 1023 2 0.0515 382 463 633 705 0 0.0514 374 18 636 245 6 0.0514 378 457 636 700 8 0.0512 323 136 568 383 3 0.0511 634 278 887 510 8 0.0510 586 344 823 583 1 0.0510 374 452 628 703 11 0.0509 307 13 582 248 3 0.0508 446 799 699 1023 12 0.0507 504 524 749 754 5 0.0507 315 129 572 376 6 0.0506 593 348 836 580 5 0.0502 634 401 862 642 10 0.0502 242 262 491 505 6 0.0501 456 400 704 646 3 0.0501 371 737 639 971 0 0.0501 389 260 649 521 10 0.0500 552 541 799 774 11 0.0500 118 2 373 205 6 0.0500 634 276 891 502
OHadLWXpSE0EGDa1rwgPXC5NfZTlRSp9,5 0.0525 169 374 430 608
03kM0F3rnlwTWn3rvmUfzr2xRsvjugge,8 0.0694 116 533 365 757 7 0.0675 118 529 375 754 8 0.0674 112 649 359 893 0 0.0673 189 583 439 836 7 0.0672 191 582 438 831 7 0.0671 117 651 365 894 8 0.0670 190 583 434 832 5 0.0668 186 580 434 829 11 0.0664 248 585 501 829 5 0.0640 115 531 370 755 5 0.0636 113 648 360 892 0 0.0634 115 649 362 895 0 0.0624 118 533 370 757 11 0.0622 180 540 431 770 3 0.0620 190 583 437 836 11 0.0608 112 652 365 894 6 0.0606 188 585 439 829 10 0.0583 249 584 501 832 13 0.0580 253 583 506 833 6 0.0575 118 536 377 756 11 0.0573 113 473 371 691 10 0.0560 181 542 432 770 10 0.0558 109 654 362 892 6 0.0556 117 653 365 892 3 0.0555 118 537 367 760 2 0.0550 189 589 438 831 3 0.0547 118 651 359 899 2 0.0536 116 658 363 896 12 0.0522 190 584 439 832 9 0.0522 186 584 437 828 1 0.0516 186 578 436 832 1 0.0510 112 644 363 891 12 0.0507 117 650 364 895 4 0.0503 189 587 440 833
8tQSwcO3GXOkgYIgaAOkp60Oz4UeM0xZ,5 0.0586 568 0 829 201 11 0.0556 575 1 835 201 3 0.0553 575 0 834 210 8 0.0553 309 417 617 609 13 0.0551 632 0 901 210 8 0.0551 575 0 824 204 0 0.0549 351 220 736 402 11 0.0542 316 785 551 1003 6 0.0538 633 1 893 203 7 0.0531 321 778 555 1009 0 0.0531 459 1 820 148 13 0.0529 314 415 642 609 0 0.0528 631 2 892 204 11 0.0525 304 418 632 604 11 0.0524 383 189 652 411 8 0.0520 361 484 695 667 2 0.0520 579 6 838 199 6 0.0518 466 1 821 150 6 0.0517 367 220 744 398 11 0.0514 244 150 509 361 11 0.0514 280 542 646 717 8 0.0511 382 188 638 405 11 0.0502 432 464 704 696 8 0.0500 319 779 546 1006
NTCKzvzGvu7Qkh1MiNaxf35P0Ii9lUgc,11 0.0618 377 734 615 964 5 0.0605 436 711 678 956 11 0.0587 382 453 645 697 7 0.0585 373 802 617 1016 3 0.0575 446 725 687 967 7 0.0561 393 451 650 699 5 0.0559 380 444 641 700 11 0.0552 435 802 681 1022 11 0.0550 317 389 573 626 7 0.0548 449 723 694 962 7 0.0548 383 314 627 555 0 0.0543 384 449 642 699 0 0.0538 376 318 625 554 11 0.0537 309 528 585 783 13 0.0529 393 387 644 622 8 0.0524 283 349 605 536 6 0.0523 444 724 693 955 8 0.0521 393 386 632 619 8 0.0519 441 722 678 960 10 0.0516 388 389 641 621 5 0.0514 373 309 620 556 11 0.0510 298 808 542 1023 5 0.0510 365 791 609 1012 6 0.0507 393 388 642 624 3 0.0505 282 351 622 539 0 0.0502 438 723 687 961
G8AAO15jQlA9apY1nG5yfqm5frnQ0zFM,11 0.0636 373 666 647 891 0 0.0635 364 731 641 969 11 0.0627 304 735 570 957 11 0.0615 426 793 690 1018 5 0.0611 352 804 623 1022 0 0.0610 383 591 642 829 7 0.0609 429 793 695 1023 0 0.0606 289 809 561 1023 13 0.0606 430 726 705 961 5 0.0593 426 647 699 886 13 0.0592 366 806 626 1023 0 0.0589 493 651 763 888 8 0.0588 363 800 618 1023 11 0.0585 549 555 729 905 3 0.0584 377 661 645 899 7 0.0583 556 553 726 908 11 0.0582 385 532 640 752 0 0.0579 570 573 807 810 5 0.0578 549 540 723 906 8 0.0567 431 723 693 961 8 0.0564 376 663 633 893 10 0.0562 514 586 763 818 13 0.0559 572 581 813 810 13 0.0558 309 735 572 964 5 0.0557 299 732 563 959 6 0.0554 497 657 766 884 13 0.0554 496 657 771 888 3 0.0552 364 807 624 1023 10 0.0550 381 597 640 821 7 0.0549 435 656 704 886 5 0.0545 0 663 229 892 6 0.0544 430 794 695 1022 11 0.0544 0 669 237 892 8 0.0541 305 730 562 962 3 0.0537 494 653 762 891 8 0.0536 0 665 232 895 10 0.0535 0 673 241 894 8 0.0535 554 549 722 909 3 0.0535 312 732 567 966 0 0.0534 390 476 640 705 13 0.0531 0 666 244 894 8 0.0531 386 529 630 755 3 0.0531 392 532 639 761 13 0.0530 390 531 641 756 0 0.0529 0 666 232 898 3 0.0526 2 666 231 897 6 0.0525 575 580 811 810 7 0.0520 503 733 767 971 7 0.0518 1 666 240 897 3 0.0516 391 405 643 640 10 0.0516 302 736 565 958 11 0.0516 491 734 768 966 7 0.0516 293 809 565 1023 10 0.0515 514 475 754 701 6 0.0514 379 663 648 889 13 0.0511 391 406 642 636 5 0.0510 493 719 764 968 6 0.0509 1 669 243 889 2 0.0508 5 673 241 895 0 0.0507 381 337 631 577 10 0.0505 391 475 638 700 7 0.0502 394 474 642 704
5XjKDeXOlw0wLjFdfb68MIiq57KHnRZd,0 0.0659 183 332 433 579 0 0.0625 568 394 815 641 5 0.0614 239 330 493 576 8 0.0614 637 456 879 713 11 0.0610 636 466 889 713 0 0.0609 237 269 493 508 8 0.0598 360 662 710 841 0 0.0598 333 408 581 646 6 0.0598 248 335 502 578 11 0.0598 181 335 431 573 5 0.0589 557 463 813 708 6 0.0583 647 392 889 637 0 0.0582 361 665 722 846 7 0.0580 186 331 434 579 6 0.0579 565 464 822 707 5 0.0573 329 403 575 640 13 0.0571 563 463 825 708 13 0.0570 186 332 436 579 11 0.0570 0 737 310 916 5 0.0568 167 260 414 503 0 0.0564 467 546 843 725 8 0.0563 183 329 427 576 11 0.0562 362 666 724 843 3 0.0560 249 335 498 580 8 0.0560 564 618 819 846 5 0.0556 634 389 883 642 13 0.0554 247 201 501 435 11 0.0554 333 408 584 642 8 0.0553 237 270 486 506 6 0.0552 246 202 498 433 7 0.0552 566 463 818 709 2 0.0547 245 337 494 579 5 0.0547 354 661 717 842 10 0.0544 168 271 415 507 3 0.0540 566 465 818 715 8 0.0540 469 543 835 722 0 0.0540 2 802 242 1023 7 0.0539 238 270 496 505 7 0.0539 337 407 586 645 7 0.0537 426 668 782 852 11 0.0536 230 269 491 498 6 0.0536 361 663 730 843 5 0.0535 381 268 633 501 5 0.0534 235 197 486 429 11 0.0534 563 399 815 639 10 0.0533 244 340 495 579 0 0.0532 704 400 947 643 6 0.0531 173 268 424 505 5 0.0530 625 525 870 783 8 0.0530 287 721 544 967 8 0.0529 337 403 574 646 2 0.0528 563 470 819 709 0 0.0528 174 200 431 452 8 0.0528 565 392 807 641 11 0.0527 170 202 430 442 5 0.0527 363 782 616 1020 0 0.0525 317 139 566 378 11 0.0525 700 403 953 637 6 0.0523 337 405 588 647 0 0.0522 0 734 306 918 0 0.0521 389 273 638 507 11 0.0521 0 807 243 1021 13 0.0521 644 395 893 642 2 0.0518 242 205 493 436 7 0.0518 392 274 644 509 9 0.0512 181 332 427 571 0 0.0510 639 336 889 582 11 0.0510 560 622 833 850 12 0.0509 565 466 817 711 13 0.0509 367 668 730 845 3 0.0508 366 664 725 849 10 0.0508 334 411 586 645 10 0.0505 522 483 889 663 6 0.0503 2 738 305 916 8 0.0501 393 271 634 506
T0dQY2FONAFJD2dmAfQUNa936K6YnE2T,11 0.0617 147 675 518 844 8 0.0604 242 665 491 895 7 0.0597 157 671 517 846 0 0.0577 317 258 590 504 5 0.0577 240 663 493 894 11 0.0576 181 723 439 963 0 0.0567 242 664 498 897 8 0.0567 184 720 433 963 5 0.0563 182 720 432 962 7 0.0556 187 791 435 1022 13 0.0555 186 794 437 1023 6 0.0548 220 670 586 847 0 0.0536 184 721 440 965 3 0.0532 246 666 499 901 13 0.0527 194 669 448 905 8 0.0524 120 795 363 1021 11 0.0524 117 801 373 1022 3 0.0520 187 793 433 1023 3 0.0509 322 252 583 501 2 0.0507 245 671 500 896 10 0.0507 184 795 432 1021 10 0.0502 190 672 440 901 7 0.0502 320 254 589 500
Wa3oZGR1HBQXNOdRmjQKEAblihEkEoGh,0 0.0658 451 364 810 541 0 0.0651 495 661 762 901 5 0.0648 480 785 742 1021 0 0.0640 484 787 746 1023 11 0.0617 494 662 762 895 7 0.0609 489 789 752 1023 11 0.0600 447 365 818 540 8 0.0598 487 789 740 1023 11 0.0594 374 346 640 569 0 0.0593 395 299 759 478 7 0.0586 501 659 768 902 0 0.0585 377 344 636 573 8 0.0582 497 661 756 898 5 0.0578 389 460 643 702 3 0.0577 490 791 750 1023 0 0.0577 393 465 647 707 8 0.0576 451 357 801 542 11 0.0576 390 466 644 702 5 0.0570 374 338 632 570 0 0.0569 513 16 772 248 5 0.0567 440 361 809 539 7 0.0566 395 463 647 707 8 0.0559 391 296 746 477 13 0.0553 455 365 822 542 2 0.0553 486 794 753 1023 13 0.0552 449 670 712 906 13 0.0551 491 792 754 1023 8 0.0551 378 340 627 574 3 0.0550 498 662 764 906 6 0.0550 501 663 768 897 5 0.0541 382 298 757 472 8 0.0539 445 8 700 237 13 0.0538 382 345 642 579 5 0.0537 492 658 758 897 13 0.0532 452 7 714 240 5 0.0531 511 10 769 243 11 0.0530 390 299 766 473 6 0.0530 385 413 639 643 2 0.0530 501 663 765 895 9 0.0526 489 735 748 965 7 0.0526 381 342 637 575 6 0.0526 458 363 820 541 6 0.0526 490 794 752 1022 11 0.0522 440 15 712 239 8 0.0520 394 464 638 705 6 0.0517 403 300 764 477 13 0.0514 397 467 648 708 13 0.0513 398 302 771 478 10 0.0513 390 467 645 707 3 0.0508 401 300 759 478 10 0.0507 445 672 709 903 3 0.0507 517 14 771 251 3 0.0505 379 345 639 577 2 0.0505 379 345 638 571 7 0.0500 454 363 813 543
2KPuu12Rcub2Qd4j96b1IE1mZg5azeKj,8 0.0665 43 0 310 200 0 0.0634 38 0 311 205 5 0.0616 36 0 307 200 6 0.0614 41 0 314 203 0 0.0585 511 352 762 573 11 0.0576 388 403 637 619 11 0.0575 42 2 317 199 11 0.0570 251 796 503 1019 13 0.0559 45 0 320 201 10 0.0559 42 2 315 203 0 0.0555 386 401 637 630 10 0.0552 309 275 574 496 5 0.0551 304 264 574 494 3 0.0548 45 0 313 208 0 0.0547 501 212 761 451 0 0.0546 317 464 573 697 5 0.0543 367 190 639 429 13 0.0541 376 195 653 435 7 0.0538 374 195 649 434 10 0.0537 384 408 636 621 5 0.0535 500 207 761 448 11 0.0532 498 212 767 448 0 0.0530 309 268 575 499 5 0.0529 448 405 703 629 13 0.0529 389 406 642 626 11 0.0528 311 468 574 690 7 0.0528 44 0 314 203 0 0.0527 370 194 643 435 8 0.0526 186 2 437 205 13 0.0526 314 269 585 498 11 0.0526 371 196 647 431 7 0.0524 320 465 576 696 7 0.0524 255 798 509 1023 8 0.0521 256 794 493 1023 7 0.0521 392 403 640 624 11 0.0520 175 6 447 202 8 0.0520 389 405 629 623 10 0.0515 370 199 649 431 5 0.0513 248 791 497 1019 1 0.0511 37 0 310 201 5 0.0511 172 0 435 209 11 0.0508 309 270 578 491 2 0.0507 391 414 638 624 13 0.0506 321 467 577 696 5 0.0504 747 8 1002 263 6 0.0504 181 0 449 205 8 0.0503 312 271 566 495 6 0.0503 258 796 504 1023 8 0.0502 752 13 994 263
pgIcrimUvv6mnIcgj7w95p5F43PHN6IU,5 0.0592 119 788 360 1018 7 0.0571 128 791 369 1023 8 0.0567 126 792 358 1021 13 0.0514 126 798 378 1023 6 0.0511 130 797 371 1018 11 0.0503 125 797 372 1019 0 0.0500 127 792 366 1023
dAFhxW83W2HLyp7EDYqcBLw2HdYrAn6k,11 0.0655 493 124 753 374 0 0.0650 559 129 818 383 8 0.0644 625 89 864 337 11 0.0633 570 200 820 453 7 0.0618 493 120 752 375 0 0.0618 501 202 762 450 0 0.0607 571 266 816 517 5 0.0592 570 196 815 453 11 0.0592 622 95 871 334 0 0.0592 648 205 882 457 3 0.0580 502 202 765 456 11 0.0579 422 351 772 529 2 0.0578 503 206 769 448 8 0.0574 500 201 761 450 3 0.0573 564 131 816 387 0 0.0569 371 125 635 362 6 0.0568 562 134 820 381 5 0.0563 630 459 880 701 8 0.0563 648 205 875 456 13 0.0562 562 130 822 385 5 0.0560 620 92 867 333 10 0.0557 561 135 814 381 2 0.0556 573 272 816 517 8 0.0556 574 271 811 517 11 0.0552 638 277 878 510 8 0.0551 422 353 765 534 5 0.0551 490 119 746 371 11 0.0550 370 128 637 363 7 0.0550 625 90 869 336 8 0.0546 373 123 626 364 2 0.0545 374 286 644 509 8 0.0540 368 282 638 509 8 0.0540 631 463 872 697 7 0.0538 421 350 776 535 3 0.0535 576 271 817 522 7 0.0535 575 267 821 521 2 0.0533 424 357 773 533 9 0.0531 500 200 766 447 5 0.0530 363 277 640 507 3 0.0528 425 353 769 538 6 0.0527 427 351 780 533 11 0.0526 630 468 879 700 13 0.0526 578 269 822 516 13 0.0525 375 279 652 512 7 0.0525 373 279 648 512 0 0.0522 367 281 643 511 7 0.0518 653 207 886 460 3 0.0518 652 209 884 464 6 0.0517 578 268 824 516 0 0.0517 415 353 771 538 5 0.0516 415 346 765 534 11 0.0516 367 281 645 508 0 0.0515 633 338 874 571 4 0.0515 562 133 820 384 5 0.0513 698 149 930 396 3 0.0511 378 125 636 368 13 0.0509 653 208 890 460 9 0.0509 574 271 817 511 5 0.0507 635 270 873 508 7 0.0506 374 126 637 364 1 0.0504 556 126 816 382 10 0.0503 649 212 882 455 12 0.0503 573 197 822 456
edoGifI2MDMJA70leV4zQYJUMryPCyzG,11 0.0541 512 390 764 639 11 0.0541 446 334 703 573 7 0.0528 524 389 771 641 11 0.0525 187 783 432 1007 5 0.0521 508 381 761 636 8 0.0515 513 386 759 641 7 0.0513 377 602 641 842 11 0.0513 373 608 637 840 11 0.0511 510 531 759 760 7 0.0506 517 527 767 762 8 0.0504 189 783 424 1009 8 0.0503 447 327 694 576
AVQzdQ2oSNuSMwImnRs12FuE5Nm7dTOY,0 0.0502 563 330 814 556
sqecAWkeUUS9IW7vvXpFf64MZ8DXQvWp,11 0.0606 315 343 579 556 11 0.0593 574 531 824 772 11 0.0586 374 788 625 1015 11 0.0563 178 475 451 697 0 0.0553 374 789 624 1023 8 0.0550 191 348 448 571 0 0.0547 254 796 496 1023 11 0.0545 188 352 453 570 11 0.0543 248 797 498 1019 13 0.0543 264 344 521 567 7 0.0541 324 339 584 559 8 0.0535 253 796 487 1021 0 0.0531 189 348 459 577 7 0.0529 193 800 434 1023 10 0.0523 187 359 457 566 10 0.0522 179 477 453 695 13 0.0519 372 717 623 952 11 0.0518 249 280 517 491 6 0.0518 372 717 617 950 7 0.0517 448 790 689 1019 8 0.0516 375 787 614 1019 7 0.0513 576 526 832 770 3 0.0513 319 341 580 562 8 0.0510 318 337 571 558 8 0.0508 183 474 445 696 7 0.0507 184 470 458 696 7 0.0507 196 274 461 501 13 0.0507 449 794 692 1023 5 0.0505 182 347 451 569 5 0.0505 184 797 425 1022 7 0.0502 370 718 620 949 5 0.0501 438 788 680 1014
muvvnFXRbHm2DUyCqjmtkuGFUHNOoGp5,11 0.0642 389 135 644 379 8 0.0640 324 130 575 378 6 0.0630 393 131 648 383 0 0.0630 393 132 644 384 5 0.0629 319 125 581 378 13 0.0627 376 197 639 440 11 0.0620 315 200 579 449 8 0.0618 396 68 641 316 3 0.0617 397 131 646 382 8 0.0617 263 190 507 443 11 0.0613 325 68 580 314 8 0.0612 372 401 614 637 8 0.0609 308 270 570 506 7 0.0609 322 6 579 254 3 0.0609 325 6 575 261 5 0.0602 239 394 502 636 0 0.0602 328 70 582 314 5 0.0602 392 66 645 314 0 0.0600 317 200 583 453 10 0.0598 373 204 635 443 5 0.0597 247 253 507 495 0 0.0593 259 128 511 385 6 0.0591 468 75 718 327 11 0.0590 254 129 508 382 5 0.0584 177 461 441 700 11 0.0581 463 75 717 323 7 0.0579 326 128 583 383 13 0.0578 363 342 624 571 8 0.0576 246 404 489 637 10 0.0574 396 74 648 316 8 0.0574 320 6 571 253 7 0.0573 400 66 650 319 0 0.0573 305 334 573 582 10 0.0572 319 10 574 256 3 0.0572 324 199 582 457 13 0.0571 322 8 582 257 7 0.0570 267 579 513 834 0 0.0569 507 213 757 448 3 0.0568 472 73 718 332 6 0.0567 323 198 584 451 9 0.0566 322 130 583 377 6 0.0560 331 69 585 314 13 0.0560 512 158 771 392 7 0.0559 253 466 513 703 5 0.0554 317 1 575 255 11 0.0554 263 580 510 835 5 0.0554 506 147 760 390 7 0.0552 255 330 516 574 10 0.0551 304 411 564 640 13 0.0551 400 69 653 316 3 0.0551 260 125 507 391 5 0.0550 641 526 893 774 10 0.0548 304 273 577 509 2 0.0548 358 271 620 503 10 0.0547 262 192 515 444 12 0.0547 372 200 636 443 8 0.0546 246 72 497 317 11 0.0545 509 157 768 388 6 0.0544 263 129 512 382 7 0.0544 370 403 628 641 2 0.0540 321 10 575 258 5 0.0540 261 573 510 828 0 0.0539 466 74 713 327 13 0.0537 267 187 519 443 6 0.0536 515 158 766 391 11 0.0536 248 473 507 704 7 0.0535 505 14 761 251 2 0.0533 392 138 641 383 8 0.0533 510 154 757 392 1 0.0532 369 194 630 442 12 0.0531 398 68 652 318 6 0.0529 310 407 566 642 2 0.0527 258 129 505 386 13 0.0526 257 469 514 705 0 0.0525 647 525 899 774 6 0.0525 189 470 446 702 7 0.0523 209 243 455 495
2N1AjGfRnV62fZ7cCBR86F0Jd4w8Cibp,11 0.0598 425 793 674 1020 0 0.0598 480 793 736 1023 11 0.0592 322 668 709 848 5 0.0586 477 790 729 1022 8 0.0581 480 789 731 1022 5 0.0576 359 790 610 1020 0 0.0572 0 794 237 1023 7 0.0570 429 788 682 1023 11 0.0560 574 326 835 551 13 0.0560 370 796 625 1023 13 0.0557 487 796 744 1023 6 0.0554 431 795 677 1018 8 0.0547 368 792 610 1022 9 0.0545 363 795 619 1019 3 0.0543 431 792 675 1023 11 0.0542 493 732 739 973 10 0.0537 428 792 679 1021 5 0.0534 572 319 830 554 7 0.0525 578 324 835 556 0 0.0524 577 324 832 562 0 0.0524 329 666 709 855 8 0.0521 327 668 692 850 0 0.0520 366 793 614 1023 6 0.0516 3 798 242 1021 6 0.0515 333 669 717 851 11 0.0515 0 795 237 1020 11 0.0503 558 207 825 429 13 0.0502 336 668 715 849
pkhJ4ygB2AA0SAdk7H5zga2d7agRVDOe,11 0.0658 395 587 649 831 5 0.0599 686 0 862 369 5 0.0575 312 581 576 834 8 0.0562 689 0 860 366 13 0.0560 689 5 870 372 7 0.0555 398 584 656 837 0 0.0553 393 586 650 833 0 0.0553 690 0 864 367 3 0.0552 400 584 652 840 8 0.0548 455 653 690 893 11 0.0535 458 655 702 898 5 0.0532 759 7 1011 251 6 0.0530 691 0 866 370 11 0.0528 761 16 1013 249 11 0.0520 685 3 866 362 2 0.0519 319 590 583 837 0 0.0513 763 15 1012 254 13 0.0503 767 11 1018 256 11 0.0503 752 137 1007 376 5 0.0503 460 588 691 821 11 0.0502 181 595 443 839 8 0.0501 184 590 434 834
ZLZxBTljqNAgUM6e5i0kWIqurgBwVHm5,11 0.0670 296 346 560 575 11 0.0648 357 207 619 449 5 0.0647 235 339 493 568 3 0.0636 360 340 618 580 11 0.0633 359 407 618 632 8 0.0629 310 206 548 448 5 0.0623 301 267 556 505 8 0.0621 379 139 626 381 8 0.0621 360 342 612 573 5 0.0619 177 405 435 648 8 0.0615 429 266 679 507 6 0.0614 363 204 619 449 5 0.0613 351 337 616 571 3 0.0608 385 141 627 389 5 0.0607 421 263 680 506 11 0.0607 425 271 688 507 0 0.0602 428 341 688 577 8 0.0599 253 465 491 690 5 0.0597 376 131 626 380 11 0.0596 344 163 702 346 8 0.0595 240 344 491 571 0 0.0592 182 408 438 654 7 0.0592 300 343 558 576 0 0.0587 430 201 693 452 11 0.0587 418 477 682 716 11 0.0585 300 470 560 701 7 0.0585 430 267 689 510 3 0.0584 312 207 552 454 2 0.0580 241 349 494 571 6 0.0579 359 340 621 572 6 0.0577 252 401 509 631 0 0.0572 303 401 559 633 11 0.0571 237 270 495 505 0 0.0570 379 139 631 380 0 0.0570 237 344 495 570 8 0.0570 362 473 605 704 6 0.0570 363 471 616 703 7 0.0570 385 138 633 382 3 0.0570 427 410 686 653 13 0.0568 312 205 565 447 13 0.0566 434 198 700 452 0 0.0565 360 277 620 509 0 0.0564 490 459 758 709 3 0.0564 255 464 494 697 8 0.0563 491 459 752 705 10 0.0562 309 275 563 508 6 0.0561 491 462 761 707 6 0.0560 429 268 688 508 6 0.0559 427 411 689 645 6 0.0558 311 135 554 379 8 0.0558 426 410 679 647 3 0.0557 362 470 614 712 13 0.0557 364 278 628 510 7 0.0557 361 403 619 635 13 0.0549 243 345 503 571 11 0.0549 180 474 430 706 7 0.0548 421 474 680 720 7 0.0548 312 204 558 448 3 0.0548 242 345 496 578 0 0.0546 120 331 378 585 6 0.0545 189 470 431 707 11 0.0545 176 350 438 587 8 0.0543 414 584 674 835 11 0.0543 413 588 685 830 3 0.0542 493 461 759 714 6 0.0542 244 200 494 447 13 0.0542 187 411 446 654 5 0.0541 484 454 753 708 13 0.0541 307 402 566 636 0 0.0539 308 204 555 448 5 0.0537 237 196 488 440 10 0.0535 427 344 690 576 7 0.0532 495 393 761 635 9 0.0529 360 206 616 443 13 0.0526 430 342 693 580 7 0.0525 418 584 685 839 5 0.0524 635 576 884 810 13 0.0523 490 463 766 711 2 0.0521 186 416 435 652 2 0.0521 310 275 558 507 2 0.0520 306 407 559 632 0 0.0518 416 590 679 837 3 0.0516 419 587 681 841 8 0.0515 243 130 483 377
6ZA1raUcq16s7qDd6zNa67rMqMdpRlY6,11 0.0674 317 278 586 513 5 0.0654 238 330 502 577 0 0.0647 441 345 696 581 0 0.0634 379 396 625 649 11 0.0633 242 334 501 577 0 0.0625 390 266 642 504 8 0.0625 318 346 569 589 5 0.0622 307 397 560 656 8 0.0620 392 265 638 502 11 0.0620 309 399 563 655 7 0.0616 316 345 577 591 5 0.0615 129 382 383 637 11 0.0615 571 73 827 308 11 0.0610 459 276 712 506 3 0.0607 382 333 635 583 5 0.0606 315 273 582 512 7 0.0603 463 272 712 507 11 0.0602 244 213 510 445 8 0.0601 445 342 692 581 0 0.0600 241 407 499 655 8 0.0598 242 405 489 651 0 0.0595 247 270 513 517 8 0.0595 560 143 822 385 7 0.0594 182 325 450 579 11 0.0591 573 207 835 446 6 0.0591 317 345 578 588 13 0.0586 319 278 591 517 0 0.0583 510 275 755 518 5 0.0583 626 144 888 391 10 0.0582 389 268 647 502 6 0.0581 183 332 448 581 3 0.0580 243 337 505 580 13 0.0579 243 402 503 654 3 0.0577 313 401 567 658 11 0.0573 189 400 449 654 8 0.0572 248 269 508 517 3 0.0571 637 149 890 398 13 0.0570 567 147 833 386 2 0.0570 310 403 566 657 6 0.0566 638 148 890 391 12 0.0564 380 395 629 648 10 0.0562 313 345 574 587 6 0.0562 248 273 519 515 4 0.0560 312 400 566 657 10 0.0559 440 348 702 581 7 0.0557 243 402 501 653 13 0.0555 184 331 454 583 5 0.0555 242 210 505 444 3 0.0555 512 274 753 524 8 0.0554 570 270 822 516 6 0.0552 393 269 650 503 10 0.0549 191 403 446 658 3 0.0548 194 405 453 658 6 0.0547 241 406 500 654 2 0.0546 247 336 503 580 5 0.0544 492 336 749 571 6 0.0544 443 347 705 579 10 0.0542 245 274 514 516 9 0.0538 309 398 565 653 0 0.0537 183 329 446 582 7 0.0537 522 203 770 453 0 0.0535 636 80 892 316 4 0.0534 243 336 506 579 2 0.0534 319 281 585 516 0 0.0533 259 154 512 392 0 0.0530 558 143 825 383 8 0.0529 698 150 936 385 6 0.0528 576 333 833 570 2 0.0527 458 282 711 510 13 0.0526 574 275 834 511 5 0.0526 567 68 825 309 9 0.0526 243 334 500 573 13 0.0525 461 277 717 505 0 0.0524 696 151 940 387 3 0.0523 575 72 828 317 11 0.0522 628 281 903 525
i9ZbXTE4exwk5Ub2YVYOOIOnGOPzaai5,8 0.0659 249 715 497 949 11 0.0629 305 725 570 953 7 0.0600 249 715 503 949 8 0.0588 369 727 623 957 0 0.0577 248 717 502 953 5 0.0571 240 716 494 948 0 0.0571 366 725 630 960 7 0.0570 370 726 634 958 6 0.0566 309 722 572 954 5 0.0545 362 725 625 957 10 0.0544 241 719 499 949 3 0.0542 370 728 628 964 13 0.0523 248 719 509 952 3 0.0511 251 716 501 954 10 0.0504 363 730 630 958
5Vy6RlfNTcardUH1dowgFl1pZlQdsjJ6,8 0.0579 310 392 559 616 0 0.0568 239 264 505 494 0 0.0565 314 390 567 616 11 0.0562 311 394 569 611 0 0.0560 389 336 648 574 11 0.0558 124 664 392 901 7 0.0557 320 388 569 615 11 0.0549 317 536 572 765 11 0.0548 248 603 508 841 11 0.0541 388 335 648 566 5 0.0540 307 385 564 612 11 0.0537 230 183 503 424 6 0.0536 314 396 574 615 11 0.0532 379 461 625 690 0 0.0531 510 337 769 580 10 0.0528 308 396 566 613 8 0.0528 240 260 495 491 13 0.0521 246 263 509 493 5 0.0521 386 331 642 568 5 0.0519 237 258 499 489 11 0.0515 510 286 768 509 7 0.0510 384 457 630 695 0 0.0501 379 461 624 696 0 0.0501 125 664 388 905
vxlrkFYOnUR7r8rbPGi7tZWAEkRRzNhx,7 0.0687 253 651 510 899 10 0.0658 249 655 508 897 5 0.0647 248 650 505 898 8 0.0643 187 609 437 835 0 0.0642 252 652 507 902 8 0.0639 254 654 504 897 10 0.0635 119 655 372 886 7 0.0632 126 649 376 888 11 0.0620 249 655 508 897 11 0.0606 119 654 375 886 3 0.0591 254 653 507 902 6 0.0588 251 653 508 899 0 0.0583 760 200 1017 446 8 0.0581 760 194 1012 444 13 0.0577 189 659 445 897 6 0.0575 764 200 1020 444 5 0.0570 117 646 372 886 0 0.0555 124 649 373 889 9 0.0554 182 660 440 891 1 0.0549 249 650 505 900 7 0.0548 765 196 1023 442 6 0.0547 125 650 375 891 11 0.0544 757 197 1017 442 5 0.0544 761 194 1015 443 2 0.0536 252 658 506 901 10 0.0524 761 202 1016 445 3 0.0524 125 652 375 893 9 0.0517 758 197 1015 443 12 0.0517 187 657 440 895 13 0.0516 767 197 1023 444 3 0.0504 760 202 1016 450 2 0.0504 763 203 1019 442 4 0.0501 253 655 509 899
QW0jlQIeBIOgejVHFkdTh9K6UBt6HGKP,11 0.0610 379 527 635 757 7 0.0608 446 738 694 975 5 0.0604 553 727 813 967 11 0.0586 371 732 631 960 11 0.0583 500 528 750 759 0 0.0582 382 525 635 765 5 0.0573 431 731 688 965 7 0.0570 563 733 821 973 0 0.0568 501 527 750 765 13 0.0561 387 528 639 762 7 0.0559 385 528 637 764 11 0.0558 380 402 645 635 11 0.0558 555 737 818 973 5 0.0549 377 526 630 756 3 0.0549 383 526 633 765 8 0.0546 557 733 811 972 0 0.0545 381 400 647 642 8 0.0544 503 527 743 763 5 0.0542 565 518 806 752 8 0.0540 383 527 627 761 3 0.0535 560 732 818 978 0 0.0532 560 730 818 975 13 0.0531 447 742 697 974 0 0.0530 439 735 692 973 6 0.0529 388 468 644 709 7 0.0527 342 424 706 610 13 0.0524 563 739 826 977 2 0.0516 561 740 822 973 10 0.0515 506 528 750 763 8 0.0515 384 401 636 640 2 0.0511 504 534 754 764 13 0.0509 507 529 755 764 3 0.0509 446 737 691 978 6 0.0508 506 529 751 761 10 0.0507 382 529 631 758 5 0.0504 375 398 638 635 8 0.0503 441 739 685 972 6 0.0503 562 732 822 972 7 0.0503 507 525 752 763 13 0.0502 387 402 651 641
vkgQn09V9JuKwjAc0dRGWWlWsW1AScae,7 0.0581 189 721 435 955 5 0.0576 181 714 428 952 0 0.0540 188 719 431 960 8 0.0533 120 539 372 774 11 0.0531 188 663 444 891 8 0.0529 163 738 498 912 11 0.0519 779 270 1023 504 11 0.0516 118 542 384 771 8 0.0513 782 271 1014 510 13 0.0513 784 271 1023 510 10 0.0511 185 728 433 954 3 0.0501 188 720 431 963
L9trm9a8kg6JT6GuC9JYTyLy66sspY5r,5 0.0632 186 262 442 503 11 0.0603 588 351 830 579 8 0.0602 191 204 429 443 8 0.0596 174 321 434 575 11 0.0590 260 269 522 509 11 0.0576 130 135 385 367 0 0.0572 175 323 447 576 7 0.0569 265 267 523 514 11 0.0565 190 205 443 442 11 0.0562 161 398 437 646 5 0.0559 121 191 380 442 8 0.0558 135 131 373 374 0 0.0555 584 353 830 579 8 0.0555 264 268 509 512 3 0.0552 192 204 439 450 8 0.0549 589 344 824 580 5 0.0548 254 200 514 438 5 0.0546 163 392 432 644 3 0.0546 265 266 517 515 7 0.0545 195 202 438 444 13 0.0537 135 133 384 378 6 0.0529 194 206 441 443 6 0.0528 593 354 832 577 5 0.0526 582 345 823 579 0 0.0525 190 202 437 445 7 0.0524 177 319 442 576 0 0.0522 442 532 688 764 0 0.0520 626 293 903 502 0 0.0514 265 268 524 512 3 0.0512 178 324 442 582 11 0.0512 263 136 526 373 3 0.0511 591 352 829 586 13 0.0511 178 321 451 578 0 0.0509 186 72 424 317 6 0.0507 268 270 526 511 13 0.0504 265 269 532 515 3 0.0501 134 132 382 381
m8pEgc2VnqZ3jdojx8mJuBT4XvvIJ8sf,8 0.0572 373 591 616 830 0 0.0571 371 588 622 828 13 0.0561 375 589 632 829 11 0.0560 371 593 624 827 5 0.0559 369 587 622 829 6 0.0552 378 592 627 828 7 0.0534 378 591 628 830 3 0.0523 376 591 625 834 0 0.0511 371 721 630 959 10 0.0509 375 596 625 830 8 0.0508 310 530 554 764 7 0.0502 372 725 636 955 11 0.0502 369 727 630 952 13 0.0501 311 528 574 767
IZlluQfRC9u2dxX32HBYS0OdUw5pD6zT,0 0.0565 567 403 814 639 11 0.0544 716 471 953 697 6 0.0543 572 399 824 634 0 0.0542 716 469 951 703 5 0.0539 560 397 813 636 11 0.0539 565 406 819 634 5 0.0516 711 462 948 697 8 0.0510 563 402 811 637
rz5VtvrksGiQvbnJLST17Cb53XGsJiOR,7 0.0513 315 263 575 480 3 0.0509 315 268 569 488
Y3xc8ZmVPAw40EYpXx6LReIjWDwfPEM2,7 0.0614 456 527 703 770 8 0.0611 381 594 624 835 7 0.0599 385 595 635 836 13 0.0593 459 529 705 765 11 0.0588 375 594 632 833 0 0.0588 452 528 700 770 7 0.0586 320 523 573 770 8 0.0585 462 459 704 703 11 0.0583 377 461 627 693 0 0.0583 379 592 629 840 7 0.0583 460 394 713 640 7 0.0582 384 460 630 700 11 0.0582 442 672 815 850 11 0.0572 297 660 561 895 5 0.0568 447 521 698 765 7 0.0566 451 668 821 852 0 0.0564 381 461 630 699 0 0.0561 444 671 814 854 5 0.0559 313 586 565 830 0 0.0558 456 396 715 643 13 0.0558 387 594 638 836 8 0.0552 448 672 802 852 5 0.0550 452 388 709 638 11 0.0550 313 526 570 771 7 0.0540 382 325 642 563 8 0.0539 460 320 707 560 0 0.0538 375 261 651 495 11 0.0537 379 328 641 560 7 0.0536 306 660 563 899 8 0.0536 243 528 499 783 5 0.0535 440 667 806 852 0 0.0534 380 142 649 383 6 0.0533 461 327 722 561 10 0.0533 377 594 633 833 6 0.0532 494 657 753 887 10 0.0531 453 530 699 767 11 0.0531 294 223 579 447 2 0.0528 378 531 626 772 6 0.0525 461 460 712 703 5 0.0524 376 454 625 694 3 0.0522 456 526 700 774 13 0.0521 453 671 823 854 8 0.0521 303 660 550 898 3 0.0518 452 670 818 856 0 0.0518 318 525 570 772 13 0.0517 388 263 664 495 3 0.0513 384 594 630 844 6 0.0511 382 595 634 836 0 0.0509 305 658 558 901 13 0.0505 462 323 723 560 2 0.0504 464 466 710 707 5 0.0503 377 321 639 561
avviMHgQh4wq0kpQKwLoGf4nJU93HwEQ,11 0.0548 252 598 496 836 11 0.0547 513 409 776 641 11 0.0545 117 665 380 899 7 0.0541 432 594 703 839 5 0.0541 501 9 753 246 7 0.0531 121 659 381 906 8 0.0521 306 549 559 797 13 0.0520 240 663 503 899 11 0.0518 377 544 652 776 8 0.0517 517 401 770 643 7 0.0511 522 403 785 644 5 0.0511 177 658 431 894 6 0.0510 125 659 378 906 0 0.0509 515 406 779 647 8 0.0508 186 665 427 898 3 0.0506 522 406 776 648 5 0.0504 510 397 774 640 13 0.0502 309 603 573 850 7 0.0500 572 598 839 841
1zAFnxhin7fBzTvma9Xg4fAeQHsRstPJ,0 0.0581 364 797 634 1023 11 0.0581 432 395 690 648 13 0.0572 310 0 579 197 11 0.0570 304 1 573 194 7 0.0563 441 339 689 595 8 0.0562 433 398 682 651 8 0.0557 554 0 812 194 5 0.0555 546 0 816 196 6 0.0553 310 0 575 198 5 0.0549 255 327 508 565 3 0.0544 437 0 693 196 11 0.0544 358 801 627 1021 6 0.0543 250 82 512 323 8 0.0540 312 0 563 194 0 0.0538 434 1 692 194 8 0.0537 501 339 747 584 0 0.0535 309 0 571 197 2 0.0533 441 408 689 652 11 0.0533 500 337 759 578 5 0.0531 353 791 626 1020 3 0.0531 311 0 573 199 5 0.0530 232 14 498 257 11 0.0530 431 2 693 193 7 0.0529 262 330 513 568 5 0.0528 427 0 689 192 0 0.0528 437 401 690 652 6 0.0526 440 398 692 650 5 0.0524 434 395 686 650 8 0.0524 366 798 624 1022 8 0.0523 433 0 681 193 6 0.0522 262 260 507 502 7 0.0520 377 1 631 198 0 0.0520 555 1 819 199 6 0.0519 437 0 698 192 10 0.0516 259 343 507 568 13 0.0515 371 795 640 1023 3 0.0515 443 401 690 658 11 0.0512 255 332 513 564 0 0.0512 504 342 756 584 7 0.0511 189 138 455 392 3 0.0510 557 1 821 204 11 0.0505 372 269 640 515 6 0.0504 189 145 452 390 10 0.0503 432 5 691 192 7 0.0502 384 262 641 519 7 0.0501 307 786 576 1023
uPKm3OW8yp4AJcCuOSeXxSvrJwbAGClQ,0 0.0604 366 279 626 518 11 0.0603 360 397 623 642 5 0.0601 359 94 622 324 11 0.0595 362 95 628 321 8 0.0590 377 214 634 448 8 0.0589 434 342 687 578 5 0.0588 428 339 687 577 3 0.0586 366 399 624 649 7 0.0582 379 152 646 387 0 0.0576 375 152 640 384 0 0.0576 432 346 692 582 11 0.0575 436 155 710 383 11 0.0571 364 276 624 518 8 0.0571 437 151 701 385 7 0.0568 369 330 626 575 13 0.0568 380 212 647 452 3 0.0567 365 99 630 331 11 0.0567 432 343 688 575 5 0.0564 307 276 566 513 2 0.0563 367 336 626 575 3 0.0561 443 150 709 392 8 0.0560 360 100 618 323 3 0.0559 370 278 625 521 13 0.0552 366 331 631 575 6 0.0550 368 99 630 323 11 0.0547 428 473 699 709 2 0.0544 377 155 640 382 7 0.0544 432 413 688 652 13 0.0542 363 470 624 710 5 0.0541 374 208 633 450 8 0.0540 362 400 617 644 13 0.0540 368 99 635 324 6 0.0539 436 344 693 575 5 0.0538 433 148 704 385 0 0.0536 361 395 625 646 10 0.0535 362 333 627 574 3 0.0533 439 343 691 585 5 0.0532 357 390 617 642 8 0.0529 433 474 692 713 13 0.0529 431 413 694 653 10 0.0529 376 213 640 449 6 0.0527 369 277 625 518 10 0.0526 428 413 691 652 10 0.0517 358 472 624 704 9 0.0513 365 276 623 516 6 0.0512 443 151 711 388 13 0.0506 443 150 715 390 3 0.0503 432 472 698 721 9 0.0503 373 150 644 379 6 0.0502 366 395 627 643 11 0.0501 445 1 697 200 10 0.0500 437 154 709 384
78xYUS2YlkWyI5wTuZ9Xg9nYJJzz6Ofb,11 0.0596 257 396 509 626 5 0.0553 256 388 502 623 13 0.0547 268 397 512 630 3 0.0532 266 395 506 634 8 0.0530 185 19 412 243 7 0.0513 468 471 720 698 7 0.0513 263 393 508 629 11 0.0511 464 473 720 695 0 0.0511 261 395 506 628 8 0.0508 262 392 497 627 8 0.0508 464 470 709 694 11 0.0502 181 22 421 243
ZrwNRTdhpJhaBXKJGTkBbxWXcNODR9h5,0 0.0636 382 461 633 706 0 0.0624 389 598 640 842 0 0.0602 327 532 572 774 0 0.0601 30 418 374 605 0 0.0594 0 176 237 408 11 0.0591 328 603 571 832 5 0.0588 330 596 570 836 7 0.0583 332 535 573 771 0 0.0577 310 407 570 647 7 0.0576 389 460 638 707 5 0.0563 20 413 372 602 6 0.0561 387 600 639 839 8 0.0558 26 412 362 601 13 0.0558 335 534 578 771 11 0.0555 382 464 636 700 6 0.0551 330 539 575 772 7 0.0551 392 598 644 840 11 0.0547 23 415 374 598 11 0.0545 307 412 572 643 8 0.0542 385 530 626 775 7 0.0541 322 665 569 892 11 0.0540 0 180 247 399 6 0.0536 384 466 639 705 7 0.0535 243 343 512 593 0 0.0534 753 454 1023 709 5 0.0531 15 471 257 725 13 0.0531 384 461 640 700 0 0.0529 18 480 261 724 2 0.0528 331 605 573 837 5 0.0527 386 522 631 777 6 0.0525 311 413 576 645 0 0.0525 387 340 643 582 0 0.0524 319 664 565 895 13 0.0522 391 596 645 837 8 0.0521 755 451 1016 702 13 0.0520 32 413 383 603 11 0.0519 18 477 262 717 6 0.0516 5 176 249 400 8 0.0515 332 602 564 835 3 0.0515 34 414 376 609 11 0.0514 377 667 631 899 6 0.0511 29 414 378 604 10 0.0510 21 479 260 722 3 0.0506 6 180 243 405 10 0.0504 330 536 571 770 10 0.0504 305 415 572 643 7 0.0502 754 452 1023 703 10 0.0501 27 418 372 601 8 0.0501 0 171 231 402 8 0.0501 313 347 565 584
MAG9aXA0wt2WFaUlSBqHlbs69p14Omsd,11 0.0621 436 591 689 837 5 0.0589 433 588 685 837 0 0.0581 439 591 689 841 8 0.0573 441 590 684 838 10 0.0548 439 591 691 838 11 0.0547 243 517 496 760 7 0.0536 442 589 693 840 13 0.0534 444 590 693 841 6 0.0528 440 590 693 841 8 0.0526 247 513 490 761 2 0.0525 439 593 691 834 0 0.0522 250 512 499 767 11 0.0518 360 727 623 958 5 0.0517 356 718 619 955 3 0.0514 441 590 691 843 11 0.0514 110 387 368 625 5 0.0513 305 524 561 764 13 0.0513 318 529 569 771 8 0.0508 364 721 615 959 0 0.0506 362 720 624 963 8 0.0504 129 251 363 489
qK2yVjjOWiqrtYFLWAWVJI30mx3zNpil,13 0.0509 623 1 902 202
KFaMI2hk8DFuj9lNQnpkddYiBguhnOeW,5 0.0537 555 779 809 1016 11 0.0521 562 796 815 1013 5 0.0506 570 472 808 695
aKGVCFsiFNjnj4p2lsrMyhFVbb9qNBYk,11 0.0577 450 599 699 827 5 0.0566 489 264 753 504 6 0.0561 500 272 759 505 13 0.0558 516 419 777 631 8 0.0546 454 595 691 837 6 0.0532 533 358 870 542 3 0.0530 501 272 756 514 11 0.0530 372 349 646 574 8 0.0529 376 349 635 574 11 0.0529 492 274 757 505 6 0.0529 456 596 704 831 8 0.0529 494 272 748 506 2 0.0523 497 280 758 503 8 0.0523 528 363 857 546 7 0.0520 498 271 758 505 11 0.0519 4 606 200 857 0 0.0519 448 599 707 835 0 0.0517 0 597 202 861 3 0.0515 1 604 199 866 3 0.0512 378 350 648 581 13 0.0511 425 354 780 537 0 0.0511 497 273 753 508 6 0.0507 378 347 648 574 8 0.0503 0 590 191 859 7 0.0500 376 345 647 573 7 0.0500 458 597 705 837 11 0.0500 304 660 573 891
p7KYn2ur516hNWNDgp8ZEY9uAb1vPP06,8 0.0605 379 595 620 839 0 0.0591 378 589 629 843 11 0.0575 376 596 631 839 7 0.0565 247 788 499 1023 0 0.0554 176 203 445 439 8 0.0553 254 663 497 898 7 0.0551 312 587 564 831 13 0.0550 383 598 632 843 11 0.0548 314 525 569 760 11 0.0547 242 793 495 1019 6 0.0546 378 594 633 837 11 0.0544 246 665 510 902 11 0.0538 244 270 505 506 7 0.0536 253 662 508 902 0 0.0534 320 521 569 766 5 0.0530 236 786 492 1019 8 0.0530 319 525 559 761 0 0.0529 252 657 505 905 11 0.0528 114 792 361 1020 11 0.0528 173 332 439 572 5 0.0526 305 582 560 827 5 0.0524 247 658 501 901 0 0.0523 120 792 361 1023 7 0.0521 123 788 366 1023 3 0.0520 381 595 629 847 11 0.0517 175 206 448 436 11 0.0515 236 402 496 646 5 0.0514 365 723 628 968 13 0.0514 321 526 574 764 0 0.0512 246 268 504 509 7 0.0510 377 671 634 912 10 0.0509 249 667 505 897 6 0.0508 373 730 638 965 8 0.0508 123 789 354 1022 6 0.0508 178 265 448 512 8 0.0506 246 789 487 1017 13 0.0506 126 792 367 1023 6 0.0505 251 666 513 899 10 0.0502 308 588 563 826 7 0.0501 249 267 505 508
UMizvmsYagAAWZ1jA7UlglWWkStCqx7w,11 0.0571 454 593 711 827 7 0.0567 458 588 718 828 11 0.0552 445 319 694 554 7 0.0539 322 594 581 834 11 0.0535 306 328 578 558 11 0.0530 312 216 581 437 11 0.0525 174 601 436 832 6 0.0524 320 219 579 445 11 0.0520 315 596 576 831 8 0.0519 456 590 706 829 3 0.0519 375 264 641 492 7 0.0516 310 724 565 955 11 0.0515 380 392 635 610 6 0.0513 436 265 701 488 7 0.0511 377 262 643 484 6 0.0511 460 592 720 829 5 0.0511 451 590 709 822 7 0.0509 456 461 706 694 13 0.0508 438 264 705 491 8 0.0504 442 322 691 560 13 0.0503 458 470 713 696 13 0.0502 461 596 723 830 7 0.0502 443 319 700 562 6 0.0500 383 142 638 370
sssOiFfAlEuye07lzS7CZ6zJpLJRlTFu,8 0.0658 0 602 241 846 0 0.0625 0 607 246 847 11 0.0612 0 608 245 843 5 0.0608 0 604 240 843 7 0.0598 502 790 760 1023 11 0.0598 394 396 660 636 6 0.0597 3 607 249 844 7 0.0585 0 607 245 848 7 0.0578 389 466 637 697 8 0.0574 501 793 746 1023 0 0.0565 500 794 758 1023 5 0.0565 495 790 750 1021 11 0.0554 499 796 752 1023 11 0.0550 569 728 814 965 8 0.0547 446 474 700 698 11 0.0546 56 553 307 778 7 0.0546 387 343 653 584 0 0.0546 387 464 634 698 2 0.0543 0 612 248 844 3 0.0539 3 604 245 848 6 0.0539 503 795 758 1023 13 0.0539 0 608 250 847 5 0.0536 566 723 809 967 8 0.0535 58 546 300 781 0 0.0534 569 726 815 971 3 0.0534 503 794 756 1023 1 0.0530 0 600 244 846 10 0.0527 0 609 246 846 7 0.0525 441 731 687 965 6 0.0523 65 553 312 779 13 0.0521 504 794 763 1023 6 0.0517 400 399 667 642 5 0.0516 54 546 298 779 5 0.0516 381 334 651 576 5 0.0515 382 457 634 689 0 0.0514 386 342 652 582 2 0.0513 501 798 755 1022 13 0.0510 573 729 820 971 2 0.0507 402 405 663 640 0 0.0505 437 731 681 970 9 0.0504 495 793 754 1021
oMrYmxiVczLln7wJXsgpgYVCQvPkcHK1,0 0.0640 568 524 837 776 5 0.0623 567 576 829 825 11 0.0608 567 526 835 768 7 0.0606 573 579 836 828 13 0.0596 574 526 841 775 8 0.0591 570 524 832 773 6 0.0588 570 526 839 774 3 0.0581 572 581 833 831 2 0.0569 572 528 837 771 11 0.0566 319 400 580 638 1 0.0566 568 577 832 827 11 0.0547 368 604 630 844 0 0.0545 397 455 639 701 10 0.0542 569 527 835 773 11 0.0533 309 531 578 771 0 0.0532 322 399 576 643 11 0.0532 396 454 640 694 8 0.0528 324 398 566 641 8 0.0525 372 606 626 844 8 0.0524 400 451 633 699 11 0.0521 322 274 584 505 9 0.0521 570 522 834 768 5 0.0519 364 598 628 845 13 0.0519 252 395 524 646 11 0.0516 240 335 518 565 8 0.0514 389 198 641 420 8 0.0514 750 1 1004 202 0 0.0509 755 1 1012 203 5 0.0508 247 389 515 638 7 0.0506 376 607 635 846 8 0.0506 250 334 503 568 0 0.0505 312 529 580 778 7 0.0503 317 531 581 773 0 0.0502 244 333 515 571
1YcdyiNzvrHCwdtGTWZ9tqzw53srIJR6,11 0.0579 307 295 588 517 7 0.0556 312 343 587 580 0 0.0529 307 343 579 578 8 0.0522 309 344 568 574 0 0.0521 382 409 644 643 7 0.0520 383 404 651 639 8 0.0515 368 280 639 515 11 0.0513 302 403 580 637 13 0.0510 314 288 590 520 6 0.0510 310 347 585 581 10 0.0510 278 297 621 479 0 0.0507 367 282 648 517 3 0.0507 389 405 644 646 5 0.0503 304 288 581 519
zITwg4mH6Y1xmgLsUId8XQnCLQCs08Qd,8 0.0654 374 220 633 452 8 0.0652 572 0 822 197 11 0.0652 561 10 834 250 0 0.0648 313 71 580 322 8 0.0631 372 78 636 324 11 0.0622 439 80 705 318 3 0.0622 568 9 834 259 0 0.0617 331 204 578 443 0 0.0613 439 80 703 318 5 0.0609 569 0 827 194 3 0.0607 446 77 705 323 13 0.0604 444 81 709 317 7 0.0598 575 0 829 197 7 0.0596 333 204 583 441 8 0.0595 379 335 634 566 7 0.0594 441 80 704 320 8 0.0590 263 208 499 437 5 0.0589 434 75 700 317 0 0.0588 113 456 372 696 10 0.0588 569 2 827 195 0 0.0587 572 0 828 194 13 0.0587 379 149 650 395 0 0.0586 257 150 514 386 11 0.0582 327 207 579 443 13 0.0582 318 71 589 318 0 0.0581 575 338 825 572 6 0.0579 576 2 833 193 5 0.0577 254 202 504 434 11 0.0574 251 454 496 679 5 0.0569 365 145 639 390 11 0.0563 182 792 435 1020 3 0.0562 379 147 644 403 5 0.0562 187 447 437 682 6 0.0562 442 81 708 317 5 0.0561 570 329 820 572 5 0.0558 110 389 380 624 6 0.0557 378 151 649 393 0 0.0556 625 610 878 834 6 0.0555 381 337 643 569 13 0.0555 561 14 839 254 2 0.0549 370 83 640 327 5 0.0546 183 789 435 1017 10 0.0545 439 82 704 319 7 0.0541 195 447 441 682 8 0.0541 192 451 430 685 3 0.0538 318 71 584 323 11 0.0537 254 150 513 385 13 0.0536 259 149 520 385 11 0.0535 309 74 582 316 2 0.0533 575 341 823 572 12 0.0531 563 10 834 256 2 0.0531 373 223 638 453 8 0.0530 577 332 819 571 9 0.0528 572 1 834 194 7 0.0528 260 147 519 381 11 0.0527 113 460 377 699 2 0.0525 571 6 831 195 5 0.0522 307 68 577 311 13 0.0520 579 337 830 571 3 0.0520 193 453 437 692 4 0.0518 563 15 837 254 1 0.0518 432 73 701 321 5 0.0516 367 331 638 568 7 0.0516 313 71 582 317 4 0.0515 440 84 710 317 11 0.0514 626 613 876 829 10 0.0512 374 154 642 395 6 0.0510 263 151 518 383 8 0.0510 190 792 427 1023 9 0.0508 437 83 702 313 11 0.0508 377 341 640 567 8 0.0506 115 391 373 631 13 0.0505 122 397 389 627 7 0.0504 383 333 644 569 0 0.0503 188 793 439 1023 12 0.0502 438 80 704 319 8 0.0502 247 15 501 268 12 0.0501 373 218 641 456
GKn9Ac8p3XqZmGc4v079S24pukeXgjC6,7 0.0700 209 668 581 850 7 0.0682 159 611 512 791 7 0.0676 256 716 500 955 0 0.0668 184 655 439 901 8 0.0665 207 668 570 849 5 0.0654 183 654 438 901 8 0.0652 126 800 371 1023 11 0.0650 185 656 441 900 10 0.0647 182 659 440 900 8 0.0646 318 712 562 956 11 0.0642 121 803 382 1017 0 0.0635 151 611 506 794 8 0.0634 127 590 374 818 11 0.0634 255 718 498 951 11 0.0628 148 613 509 791 0 0.0624 320 717 565 960 6 0.0604 321 718 568 959 3 0.0598 188 656 439 904 7 0.0582 132 802 381 1023 3 0.0580 129 592 381 824 6 0.0580 186 658 444 900 6 0.0573 130 592 385 818 13 0.0569 257 719 503 956 10 0.0566 130 529 388 753 10 0.0565 252 718 499 954 13 0.0561 128 588 394 820 8 0.0561 197 527 442 758 13 0.0550 189 657 448 900 1 0.0550 184 653 439 901 0 0.0546 520 728 877 921 5 0.0544 121 797 376 1020 3 0.0538 323 712 566 961 2 0.0537 254 721 499 954 9 0.0532 182 656 440 898 13 0.0523 127 807 385 1023 2 0.0516 187 662 439 904 5 0.0509 129 523 384 754 3 0.0509 201 529 446 762 12 0.0505 321 715 566 959 11 0.0505 520 732 884 917
gVhiof7CTyIq035VQTzfyxTHt1WU7wXQ,8 0.0655 251 788 481 1022 7 0.0651 253 711 500 962 8 0.0627 316 662 558 902 8 0.0619 192 707 424 956 10 0.0611 190 713 430 955 11 0.0609 310 719 561 956 5 0.0606 181 789 421 1020 7 0.0599 184 791 427 1023 11 0.0593 246 790 486 1021 6 0.0591 366 672 631 903 0 0.0587 248 790 485 1023 11 0.0580 188 707 434 953 13 0.0573 252 791 492 1023 6 0.0572 195 709 436 957 0 0.0572 313 717 562 964 5 0.0569 309 657 563 901 13 0.0554 369 674 632 901 0 0.0551 319 592 576 834 10 0.0547 122 654 371 896 6 0.0546 320 596 579 829 3 0.0545 369 671 630 910 11 0.0529 315 593 571 828 10 0.0528 312 721 561 957 3 0.0528 193 707 434 964 13 0.0527 324 596 578 826 13 0.0523 191 708 438 955 0 0.0513 193 707 433 959 2 0.0506 184 795 427 1023 3 0.0504 250 790 488 1023 9 0.0502 183 792 423 1020 7 0.0502 69 656 324 901
0aDZItZj5KSsPbBetiwRapOZIB8llkA6,7 0.0596 386 713 638 964 5 0.0577 308 714 559 956 0 0.0577 312 712 563 965 8 0.0559 384 717 628 963 11 0.0543 383 719 635 959 10 0.0533 307 723 560 960 13 0.0512 389 718 646 964 6 0.0506 313 719 564 965
2fJQOC0Z11NM93DmtETCRs4nOusuAL8W,0 0.0588 457 479 819 668 7 0.0572 426 520 687 767 3 0.0568 433 469 684 714 6 0.0567 372 413 633 645 6 0.0557 364 530 629 771 7 0.0557 465 478 823 666 5 0.0553 416 515 681 765 8 0.0551 427 521 674 766 8 0.0551 431 406 679 643 11 0.0549 424 470 689 705 5 0.0546 425 404 685 640 0 0.0538 371 413 628 646 13 0.0537 432 471 694 710 11 0.0534 427 346 689 578 5 0.0533 352 582 610 842 0 0.0530 4 0 247 211 6 0.0525 467 476 827 664 5 0.0525 422 279 674 512 0 0.0524 427 523 686 771 5 0.0518 0 0 247 211 7 0.0513 362 591 625 849 5 0.0507 300 405 552 638 3 0.0505 362 534 623 778 6 0.0504 434 343 693 578 10 0.0504 458 480 820 665 0 0.0501 243 0 487 212
0gGZeShITA7Ir9Fpzmu3USQWpi7HZNke,0 0.0550 230 132 499 378 0 0.0536 422 591 695 824 0 0.0501 297 67 556 307
zPs312RKy4dIUAEtFxVxPKKZErNRNslc,11 0.0653 296 740 553 975 5 0.0650 292 795 542 1022 5 0.0641 428 782 682 1023 7 0.0633 436 788 691 1023 8 0.0627 173 800 413 1021 0 0.0627 305 666 568 911 0 0.0621 369 737 632 981 5 0.0619 233 726 490 965 7 0.0616 301 738 557 980 11 0.0615 431 791 683 1018 11 0.0613 183 736 437 968 5 0.0612 170 800 414 1020 8 0.0608 299 798 539 1023 13 0.0606 439 789 692 1022 13 0.0598 304 801 549 1023 0 0.0596 500 536 751 778 11 0.0595 371 673 638 901 0 0.0594 238 728 493 969 8 0.0589 438 786 677 1023 8 0.0589 248 667 506 904 3 0.0586 252 668 511 906 6 0.0585 252 669 515 903 0 0.0582 501 737 759 971 5 0.0581 191 680 555 854 3 0.0578 437 789 683 1023 0 0.0577 370 589 635 836 13 0.0568 252 670 515 906 6 0.0568 299 802 546 1022 7 0.0566 376 669 641 904 7 0.0565 177 805 425 1023 0 0.0564 174 803 420 1023 11 0.0559 498 535 755 772 5 0.0558 365 590 629 832 11 0.0550 364 523 627 760 6 0.0546 175 806 422 1020 10 0.0544 265 683 629 854 0 0.0544 378 461 632 709 3 0.0543 439 674 703 916 0 0.0542 312 522 564 763 9 0.0542 299 800 544 1021 13 0.0542 370 593 640 837 5 0.0541 429 672 703 910 11 0.0539 443 389 690 627 2 0.0538 437 794 686 1023 11 0.0535 497 740 759 963 13 0.0533 174 805 424 1023 8 0.0532 371 593 630 835 3 0.0531 188 737 431 978 7 0.0530 502 733 764 971 6 0.0527 434 789 689 1022 13 0.0526 436 677 709 912 10 0.0524 305 530 559 760 0 0.0524 505 400 742 628 6 0.0524 377 668 642 901 8 0.0523 449 332 683 571 5 0.0522 302 520 559 755 10 0.0521 435 683 703 907 8 0.0521 433 676 699 909 7 0.0521 372 519 628 765 10 0.0520 233 734 493 961 10 0.0520 435 791 683 1023 2 0.0519 182 742 433 975 2 0.0519 300 803 546 1023 9 0.0518 245 670 507 898 3 0.0518 370 593 634 840 3 0.0514 451 338 691 578 10 0.0513 296 803 542 1022 7 0.0506 449 390 694 629 1 0.0504 430 785 686 1023 9 0.0504 431 790 686 1020 2 0.0503 306 672 570 907 7 0.0502 517 461 765 705 8 0.0502 500 535 746 774 12 0.0500 251 668 510 906
qnLXSqPDaPKpWo1bjkMrOs5hvVpUkC3W,5 0.0563 112 528 373 767 11 0.0561 113 462 373 706 5 0.0532 387 794 629 1022 0 0.0515 117 455 369 712 0 0.0503 53 337 307 588
lOzifUfvq2th2atOG6KMeyANhfdZAtt0,8 0.0648 178 786 429 1023 5 0.0640 173 783 427 1020 7 0.0634 178 789 438 1023 13 0.0611 183 791 439 1023 10 0.0608 234 787 491 1023 11 0.0605 177 793 433 1021 0 0.0597 311 264 566 506 8 0.0586 368 780 631 1023 11 0.0585 368 785 636 1020 0 0.0583 388 325 640 571 11 0.0583 310 333 577 577 11 0.0581 506 677 758 887 0 0.0576 237 781 489 1022 13 0.0574 374 784 643 1023 11 0.0572 377 260 638 502 7 0.0571 371 781 643 1023 6 0.0569 192 724 441 958 5 0.0565 360 779 635 1018 0 0.0556 366 782 635 1023 5 0.0553 255 268 504 509 0 0.0552 503 609 759 844 7 0.0547 315 266 571 509 13 0.0546 317 332 583 580 11 0.0540 387 395 645 630 8 0.0538 390 322 632 573 0 0.0538 316 391 575 637 0 0.0537 453 540 711 772 11 0.0531 452 542 713 762 13 0.0530 377 258 644 502 6 0.0527 317 268 573 508 3 0.0527 181 791 434 1023 3 0.0525 374 782 640 1023 0 0.0525 254 205 505 432 6 0.0523 371 784 637 1023 10 0.0521 369 784 639 1023 10 0.0517 311 270 563 505 5 0.0513 309 327 568 577 8 0.0513 504 606 752 843 7 0.0511 392 324 644 571 8 0.0511 314 265 556 508 7 0.0511 257 336 517 588 6 0.0510 262 342 521 591 2 0.0509 314 269 564 506 6 0.0508 390 323 649 573 11 0.0507 246 397 506 634 2 0.0506 179 793 430 1023 5 0.0503 191 205 435 439 1 0.0503 235 778 490 1023 3 0.0500 392 327 642 580 5 0.0500 437 338 695 571
YVvldUPnPvFGZD5wzGpwtfMkKzHCBvPv,7 0.0544 250 337 508 584 7 0.0544 251 194 522 451 11 0.0542 243 343 513 579 5 0.0542 237 338 508 581 8 0.0536 302 203 562 442 8 0.0534 247 341 500 586 6 0.0533 307 202 575 441 5 0.0532 241 195 517 452 11 0.0531 178 197 449 437 13 0.0531 305 199 582 442 0 0.0526 371 334 637 564 8 0.0521 185 192 441 441 3 0.0521 248 339 510 587 13 0.0518 250 337 515 587 11 0.0514 295 206 575 436 6 0.0513 250 338 515 583 8 0.0513 366 263 628 502 0 0.0513 302 203 573 442 3 0.0511 248 199 518 459 2 0.0509 303 210 570 441 13 0.0509 189 191 457 442 6 0.0505 189 193 451 443 8 0.0502 497 151 749 387 3 0.0502 372 266 635 507 7 0.0500 374 331 639 563
Yvecp6JhGWr0UWITQ0ChLvLAY7TT0cuo,8 0.0691 7 657 249 892 5 0.0665 309 787 554 1021 5 0.0645 185 792 436 1019 7 0.0645 323 663 578 899 8 0.0626 128 782 389 1023 8 0.0626 314 788 552 1023 7 0.0623 256 780 497 1023 0 0.0617 258 719 506 953 11 0.0611 310 790 556 1019 8 0.0601 379 667 631 906 0 0.0600 5 660 254 897 7 0.0598 450 675 714 907 13 0.0596 315 792 562 1023 11 0.0591 183 794 440 1017 11 0.0590 250 717 508 948 5 0.0588 250 713 503 950 6 0.0582 320 723 566 959 11 0.0578 510 680 766 894 0 0.0574 313 791 557 1023 11 0.0568 377 670 638 900 10 0.0568 185 726 435 959 5 0.0568 573 786 821 1019 7 0.0567 191 715 440 961 11 0.0565 577 792 826 1014 0 0.0563 124 790 390 1023 8 0.0561 259 715 500 950 8 0.0554 579 787 812 1016 10 0.0552 314 794 555 1021 6 0.0544 256 789 495 1022 13 0.0542 190 796 446 1021 11 0.0542 5 662 256 888 3 0.0540 12 656 254 898 3 0.0539 314 789 557 1023 0 0.0538 444 675 709 909 7 0.0538 8 650 256 892 0 0.0531 629 729 881 970 13 0.0530 322 665 581 898 5 0.0529 437 671 700 904 10 0.0529 315 669 575 894 6 0.0529 378 671 642 905 10 0.0528 7 663 254 894 1 0.0527 308 783 556 1023 5 0.0525 0 655 253 894 7 0.0524 581 785 825 1023 9 0.0520 247 783 495 1019 6 0.0520 10 661 260 893 3 0.0520 380 670 640 911 8 0.0515 507 680 753 899 6 0.0515 580 795 827 1018 6 0.0514 194 721 441 960 2 0.0512 312 795 559 1023 5 0.0512 371 1 630 223 3 0.0507 514 677 764 906 2 0.0504 256 721 508 955 3 0.0501 583 786 825 1023 0 0.0501 373 5 638 229 10 0.0500 116 795 390 1021
EHXckdYW2fdKtFYhKMN5pyWe2rNrR4bZ,11 0.0604 172 268 437 500 8 0.0599 172 265 425 509 5 0.0573 165 332 429 571 0 0.0556 304 460 576 711 11 0.0553 298 594 569 828 8 0.0548 253 201 498 439 5 0.0538 178 514 442 783 0 0.0536 567 157 851 369 11 0.0531 248 205 512 433 5 0.0529 243 594 510 839 11 0.0528 101 349 383 579 0 0.0520 303 593 563 834 5 0.0519 242 269 507 509 7 0.0518 255 520 519 775 10 0.0516 303 596 563 831 7 0.0515 176 335 436 574 3 0.0514 175 270 432 512 8 0.0510 181 525 433 785 6 0.0510 179 268 439 507 5 0.0508 304 394 586 644 5 0.0508 382 325 645 563 5 0.0506 170 206 426 442 8 0.0506 252 602 503 845 11 0.0504 571 160 850 366 11 0.0504 306 402 587 641 3 0.0503 386 331 654 572 13 0.0503 309 594 573 835 13 0.0501 177 272 440 510
SORuSSpY5W6H2i6amRa6Tqn88s1jb5Gm,0 0.0625 692 409 948 652 11 0.0621 692 411 954 650 5 0.0559 686 407 948 648 0 0.0559 443 336 689 577 11 0.0558 436 403 697 634 6 0.0545 698 407 953 649 8 0.0542 272 342 497 570 3 0.0540 443 400 695 644 6 0.0539 448 333 694 574 5 0.0535 431 395 689 636 8 0.0529 696 410 940 650 13 0.0522 377 474 639 713 7 0.0520 694 407 950 652 0 0.0520 688 525 944 774 7 0.0520 357 420 715 601 3 0.0517 696 410 947 659 3 0.0516 388 349 629 579 0 0.0515 193 297 444 534 8 0.0514 351 420 698 601 8 0.0514 375 474 626 710 5 0.0511 319 345 572 579 3 0.0509 379 472 635 717 13 0.0509 352 418 719 603 11 0.0508 378 351 632 571 6 0.0507 269 339 510 571 13 0.0502 272 339 512 574 13 0.0501 696 408 959 655
JVtMgLDwtkttnEs2zHNmjaikAX05jrz9,0 0.0573 292 478 562 702 11 0.0566 239 478 507 702 0 0.0559 242 407 505 642 6 0.0537 346 474 624 695 3 0.0537 377 335 638 579 11 0.0533 267 668 630 840 3 0.0531 248 474 504 708 5 0.0530 234 403 503 635 11 0.0522 348 396 630 621 7 0.0522 243 411 508 639 8 0.0518 348 473 613 694 7 0.0514 439 399 698 624 0 0.0511 175 355 422 586 11 0.0510 502 395 765 624 0 0.0506 357 394 627 620 2 0.0505 243 483 507 705
0fB9jFMxK7Lc3tzVJFAIZXzaebnYKh1E,0 0.0598 450 557 693 780 0 0.0543 394 622 640 838 5 0.0540 390 611 640 836 5 0.0540 448 544 691 775 7 0.0531 457 552 700 775 8 0.0527 449 556 686 775 11 0.0526 314 610 582 833 6 0.0503 453 557 702 774
nOUzRCTZRT7NfgUtDw2jfcN4Pg5m0qSo,11 0.0614 365 541 627 766 7 0.0607 301 537 567 771 11 0.0587 223 405 493 630 8 0.0582 313 604 556 843 11 0.0581 309 604 561 835 8 0.0578 371 542 621 766 11 0.0565 282 477 557 708 5 0.0562 363 537 629 765 8 0.0557 232 400 485 630 11 0.0548 342 410 616 628 7 0.0545 365 470 641 705 8 0.0543 288 475 549 707 6 0.0539 371 543 631 768 13 0.0538 314 602 572 845 7 0.0532 275 401 547 631 0 0.0531 368 544 628 771 8 0.0531 350 411 604 624 5 0.0527 307 598 560 836 13 0.0526 372 542 638 772 3 0.0518 311 607 563 851 10 0.0513 367 544 631 769 0 0.0512 309 603 562 844 0 0.0510 232 404 494 634 5 0.0509 281 471 558 707 3 0.0508 370 546 626 776 0 0.0502 250 140 507 380
KUwUbpkNjvk8TLh4HdL18epYeJ37By2O,3 0.0612 440 326 701 577 0 0.0609 249 274 509 509 5 0.0597 495 317 747 563 11 0.0597 437 330 701 570 11 0.0593 381 401 633 637 3 0.0593 385 397 636 645 7 0.0591 444 392 690 637 5 0.0590 377 322 645 567 8 0.0589 436 324 694 574 0 0.0587 316 390 570 638 13 0.0585 318 388 573 640 5 0.0583 310 387 566 633 0 0.0581 384 326 648 570 5 0.0580 243 269 501 508 8 0.0576 257 329 506 576 11 0.0572 244 401 506 640 8 0.0566 248 458 505 711 7 0.0565 248 397 510 646 12 0.0561 384 325 650 570 7 0.0559 247 270 509 513 6 0.0556 385 395 639 641 6 0.0556 250 270 510 513 11 0.0554 428 203 699 439 13 0.0554 388 329 656 570 7 0.0552 506 322 755 567 0 0.0552 503 324 750 562 11 0.0551 238 275 507 505 5 0.0549 377 189 645 431 0 0.0546 386 195 653 438 8 0.0545 558 331 800 565 10 0.0542 246 405 504 643 11 0.0541 507 397 753 640 0 0.0537 372 461 640 707 8 0.0537 112 466 362 710 8 0.0536 510 391 742 640 3 0.0534 252 401 508 649 0 0.0534 248 460 511 712 6 0.0528 255 396 505 648 8 0.0525 500 264 740 499 8 0.0524 385 194 644 434 11 0.0522 311 466 573 702 6 0.0521 505 322 758 564 7 0.0519 432 201 700 443 2 0.0519 248 274 503 508 13 0.0518 390 198 659 436 3 0.0518 432 198 697 448 7 0.0516 376 461 640 707 3 0.0514 248 275 507 516 10 0.0513 117 474 370 707 5 0.0513 241 458 508 707 2 0.0510 314 394 569 635 8 0.0508 250 205 493 435 10 0.0507 382 329 651 567 11 0.0507 505 142 763 374 5 0.0505 113 461 369 705 11 0.0505 556 334 812 562 2 0.0505 430 206 698 439 1 0.0505 379 321 647 571 8 0.0504 379 460 626 702 10 0.0503 382 201 652 437 2 0.0503 381 329 649 568 11 0.0503 114 474 372 702 13 0.0501 315 141 572 376 0 0.0500 235 141 494 373
VQCDJUr9dgGkUlx3a68xpS7XppUEvyy7,5 0.0646 306 601 572 844 0 0.0641 318 514 577 771 0 0.0629 385 589 639 843 5 0.0601 388 515 639 766 8 0.0598 387 594 634 842 11 0.0592 385 596 642 839 3 0.0579 375 657 633 907 8 0.0578 260 658 517 896 10 0.0570 384 597 640 836 2 0.0567 386 596 639 839 7 0.0567 309 605 578 849 6 0.0565 309 602 582 841 11 0.0564 313 447 573 697 8 0.0561 320 519 570 766 13 0.0559 312 604 583 849 11 0.0554 255 660 523 893 13 0.0551 395 521 646 772 10 0.0546 313 527 579 765 7 0.0541 395 521 647 772 9 0.0540 388 520 642 765 5 0.0538 312 442 574 692 0 0.0535 250 595 514 843 0 0.0535 255 446 515 707 6 0.0526 390 521 649 769 13 0.0523 321 452 580 698 12 0.0516 388 592 640 841 2 0.0515 317 524 577 770 8 0.0512 256 450 504 701 11 0.0511 236 521 508 760 7 0.0509 370 3 638 231 10 0.0508 238 604 512 838 11 0.0507 493 1 762 192 6 0.0507 318 447 585 697 3 0.0506 395 520 646 774 8 0.0505 186 592 439 835 5 0.0503 236 513 504 756
h78B62VuLNrtqfjSlUQD2zaeQRSU33sX,5 0.0607 356 134 616 378 8 0.0601 304 138 554 386 11 0.0595 359 216 632 454 11 0.0573 243 404 492 641 11 0.0573 350 603 710 782 11 0.0564 297 349 562 579 5 0.0560 295 201 562 449 6 0.0557 305 344 562 576 6 0.0553 247 400 497 636 11 0.0552 238 139 511 375 8 0.0550 184 0 436 222 8 0.0549 367 213 622 457 8 0.0544 302 276 552 510 6 0.0542 304 139 559 386 8 0.0539 248 400 486 638 3 0.0539 366 138 621 385 0 0.0536 186 406 435 637 11 0.0536 246 265 494 503 5 0.0527 9 776 234 1000 6 0.0526 370 214 632 457 13 0.0525 304 206 569 453 13 0.0525 392 590 655 839 6 0.0524 360 600 712 783 3 0.0522 301 205 558 459 0 0.0520 388 589 647 837 6 0.0518 254 260 497 498 6 0.0517 365 402 627 639 5 0.0514 492 138 748 377 8 0.0513 430 142 682 380 7 0.0511 373 80 635 310 5 0.0510 296 337 561 577 0 0.0508 301 138 562 387 5 0.0508 305 67 569 288 8 0.0508 365 407 616 640 5 0.0506 431 209 695 453 8 0.0506 390 589 641 836 13 0.0505 248 139 514 377 10 0.0504 361 139 623 377 3 0.0504 248 401 494 645 10 0.0502 12 783 241 1003 10 0.0502 246 405 493 639 5 0.0501 236 133 508 369
dBnTy8sTlikh1SS0MGRHbuvNV6cVnFQP,0 0.0666 390 532 655 779 0 0.0600 321 588 581 842 0 0.0595 441 456 695 697 5 0.0588 378 466 646 706 13 0.0581 448 456 700 698 8 0.0577 391 533 648 777 0 0.0577 0 732 231 958 13 0.0576 392 531 657 778 7 0.0570 394 531 658 782 5 0.0570 445 379 703 620 8 0.0569 441 451 691 697 11 0.0568 0 733 232 950 6 0.0564 323 591 585 838 13 0.0560 388 390 648 634 6 0.0558 385 466 654 706 11 0.0553 321 526 587 762 7 0.0553 320 466 585 706 7 0.0551 444 454 697 697 10 0.0551 319 527 583 762 0 0.0548 514 381 764 623 5 0.0547 246 589 508 819 5 0.0544 493 448 760 692 8 0.0544 321 593 576 837 13 0.0541 519 382 776 623 11 0.0539 54 783 306 1004 11 0.0539 384 388 648 627 11 0.0538 318 666 588 894 0 0.0536 393 266 642 501 11 0.0536 709 433 1023 599 8 0.0534 1 724 222 955 0 0.0533 313 463 585 710 5 0.0531 309 393 573 633 11 0.0530 495 450 764 696 11 0.0529 309 333 575 558 11 0.0528 394 269 646 497 6 0.0526 456 386 711 623 2 0.0526 391 537 653 777 6 0.0522 319 394 577 637 10 0.0521 247 594 507 820 5 0.0520 320 657 578 896 13 0.0519 324 589 588 838 7 0.0518 327 659 590 902 6 0.0517 507 451 765 695 0 0.0516 312 328 575 563 13 0.0515 318 467 589 711 7 0.0514 256 589 513 822 8 0.0511 330 354 696 540 2 0.0511 443 458 699 695 3 0.0510 521 380 766 627 3 0.0508 324 522 585 770 3 0.0508 391 331 649 574 5 0.0507 449 272 707 505 0 0.0507 125 4 385 226 11 0.0504 436 527 698 763 5 0.0503 310 256 568 491 8 0.0502 392 261 638 499 11 0.0502 245 593 516 815
k0DulHwoIDRj38tlx2fBb9pgod4nHWLR,0 0.0613 507 525 772 769 8 0.0600 498 571 755 815 11 0.0591 380 733 632 961 8 0.0588 320 724 574 961 6 0.0580 384 448 645 695 6 0.0580 444 511 705 769 0 0.0567 385 729 631 964 8 0.0564 382 576 619 813 11 0.0562 379 578 625 813 5 0.0558 373 443 634 692 11 0.0553 306 658 571 886 0 0.0551 442 446 706 697 10 0.0550 380 584 628 813 5 0.0546 375 571 620 807 7 0.0546 445 441 712 706 6 0.0545 314 657 572 886 8 0.0542 505 456 773 700 11 0.0542 501 458 778 698 8 0.0537 381 449 631 694 11 0.0533 305 516 549 754 13 0.0533 449 511 707 769 5 0.0532 495 566 756 811 5 0.0528 497 450 775 697 8 0.0527 391 802 625 1019 5 0.0526 305 653 573 878 7 0.0526 387 576 632 814 5 0.0524 382 796 628 1013 7 0.0524 505 522 780 772 13 0.0523 511 457 787 698 11 0.0521 441 517 698 768 7 0.0521 317 659 577 884 13 0.0519 386 449 648 696 11 0.0517 245 722 525 958 3 0.0516 512 523 772 776 11 0.0514 440 810 693 1023 11 0.0513 377 449 639 693 10 0.0510 500 583 764 817 8 0.0510 241 786 499 1015 0 0.0510 381 576 628 814 6 0.0508 312 517 549 755 10 0.0507 314 663 573 887 7 0.0506 390 735 640 958 6 0.0505 390 801 627 1021 13 0.0500 255 723 532 964
oFZciBvgvslKHLyUxnT9N5jeScG6DGIF,8 0.0662 188 789 425 1022 7 0.0646 187 792 432 1023 5 0.0638 183 790 424 1020 11 0.0619 185 793 430 1020 0 0.0616 186 793 428 1023 6 0.0591 248 795 494 1023 0 0.0573 251 387 501 632 13 0.0573 250 792 499 1023 7 0.0571 335 258 572 485 11 0.0568 327 328 570 561 11 0.0553 187 309 437 557 0 0.0553 432 669 684 911 10 0.0549 184 797 429 1020 11 0.0548 248 386 497 630 5 0.0547 188 249 435 495 7 0.0543 252 383 504 628 3 0.0538 190 794 430 1023 7 0.0537 192 300 439 560 11 0.0537 429 670 682 902 2 0.0535 187 796 429 1023 9 0.0523 184 794 430 1022 11 0.0523 185 199 441 430 8 0.0518 433 667 676 904 8 0.0515 253 383 486 627 13 0.0515 195 198 447 436 7 0.0512 436 666 690 905 0 0.0510 192 308 440 561 0 0.0510 326 328 573 566 6 0.0510 196 258 449 498 13 0.0506 335 267 576 486 1 0.0504 241 783 495 1023 7 0.0503 401 332 648 565 3 0.0502 254 388 497 637
3NunA36fHlvIYJQ54NCd1Umk9tH77fqN,11 0.0551 370 349 626 578 8 0.0519 251 414 491 647 8 0.0507 375 349 618 578 11 0.0506 242 413 499 649 7 0.0506 377 348 633 577 0 0.0504 371 347 628 579 11 0.0502 303 532 564 767
Y9naYcZ3i3V9kCnS8lG81FNg7T4g5o5U,7 0.0651 248 707 503 958 5 0.0649 245 705 498 956 8 0.0637 131 664 377 904 0 0.0635 249 708 501 961 11 0.0629 246 709 502 955 8 0.0627 255 659 502 897 10 0.0622 245 712 502 956 7 0.0620 136 663 390 904 10 0.0615 126 670 381 902 5 0.0609 126 664 380 902 11 0.0596 127 669 385 900 6 0.0581 248 711 503 961 3 0.0580 252 707 501 962 7 0.0559 250 598 506 824 0 0.0557 131 666 384 907 1 0.0554 247 703 502 960 5 0.0554 239 598 497 823 6 0.0553 132 669 386 903 11 0.0551 244 602 503 821 13 0.0549 250 709 507 960 5 0.0540 671 713 921 916 2 0.0539 248 712 502 959 9 0.0531 243 708 502 954 3 0.0531 136 665 381 908 10 0.0529 243 603 504 825 8 0.0524 250 551 500 776 0 0.0513 685 719 927 922 0 0.0512 247 598 504 831 11 0.0510 676 717 929 917 13 0.0510 134 666 393 904 12 0.0508 251 707 502 960 6 0.0501 682 718 932 920
IqskdKmtzDjFOWrXHKH6TiMRC531AGu8,7 0.0654 185 657 442 902 5 0.0643 178 657 436 901 0 0.0636 184 598 435 834 8 0.0635 183 657 436 904 11 0.0634 179 660 441 902 5 0.0619 241 597 500 835 8 0.0613 246 600 497 836 11 0.0609 505 591 757 831 6 0.0609 185 660 442 903 7 0.0608 248 597 504 837 5 0.0607 617 743 877 975 11 0.0602 243 603 503 838 10 0.0600 178 604 435 828 7 0.0598 445 590 701 834 3 0.0589 185 658 439 903 8 0.0589 507 590 750 830 6 0.0589 246 602 507 836 6 0.0584 508 591 760 834 5 0.0584 439 586 695 832 0 0.0578 506 587 754 835 0 0.0575 619 742 883 980 11 0.0573 619 746 883 974 8 0.0570 621 744 877 977 13 0.0562 185 659 446 903 12 0.0554 185 658 442 903 3 0.0548 511 590 757 838 2 0.0546 246 604 505 837 7 0.0543 623 745 887 979 2 0.0540 185 661 439 903 6 0.0536 623 748 885 979 13 0.0531 508 591 763 836 10 0.0529 440 592 698 833 2 0.0526 442 597 698 836 13 0.0525 248 602 510 840 9 0.0509 180 598 432 828 1 0.0506 182 656 441 900 12 0.0504 247 600 503 838
zzbKXfUuvpiGy7LLdoe71idOEz4Ji2Ou,5 0.0604 493 580 748 826 11 0.0596 439 336 686 573 8 0.0593 499 580 747 826 0 0.0571 450 287 688 516 5 0.0567 377 76 633 312 6 0.0566 370 394 631 642 3 0.0555 457 289 686 519 0 0.0555 384 82 640 316 3 0.0554 388 81 640 317 6 0.0552 386 81 644 314 7 0.0549 447 330 691 580 11 0.0545 362 399 621 643 0 0.0544 503 583 753 832 8 0.0544 368 392 620 643 5 0.0543 362 390 622 639 7 0.0541 369 392 631 646 11 0.0541 381 86 643 315 8 0.0539 443 333 681 575 8 0.0537 382 84 633 312 0 0.0526 370 392 627 646 6 0.0526 446 337 691 579 11 0.0525 616 530 885 773 11 0.0524 496 585 753 827 0 0.0523 625 531 884 776 13 0.0522 446 334 694 577 13 0.0519 372 395 631 644 7 0.0517 397 14 657 256 13 0.0515 399 15 658 252 7 0.0514 508 581 756 831 3 0.0507 369 398 628 648 3 0.0504 505 584 750 832
nC84zng1TRx9iTJurv9WU2dDchYqggbt,8 0.0637 15 798 248 1023 0 0.0614 396 405 645 655 0 0.0607 3 804 254 1023 11 0.0599 10 804 252 1020 5 0.0582 7 801 242 1020 7 0.0573 11 802 252 1023 11 0.0549 448 473 706 704 5 0.0545 308 341 570 578 1 0.0543 5 794 251 1023 13 0.0542 13 804 258 1023 6 0.0530 14 805 256 1021 2 0.0524 11 806 256 1023 13 0.0521 317 412 592 657 8 0.0516 313 411 572 656 7 0.0514 323 278 581 511 0 0.0508 326 280 578 508 5 0.0502 382 402 636 646 6 0.0501 318 414 589 653
TTClCl0Somh5ylbeXbIhE5W5mNcJmAcG,5 0.0598 373 0 643 251 7 0.0593 245 333 509 579 8 0.0575 245 332 497 577 13 0.0561 384 63 664 306 11 0.0555 246 88 509 335 5 0.0552 241 326 503 577 11 0.0545 370 6 644 253 8 0.0544 519 338 751 566 8 0.0538 311 204 569 438 7 0.0537 304 0 569 187 11 0.0536 441 334 703 559 6 0.0532 245 262 500 505 11 0.0530 183 392 452 651 3 0.0526 379 322 644 576 7 0.0524 248 452 515 710 5 0.0521 518 327 754 564 3 0.0517 246 335 501 586 5 0.0516 252 137 521 390 0 0.0516 513 777 751 1016 5 0.0514 312 265 570 508 6 0.0513 300 2 571 188 7 0.0512 248 203 518 457 11 0.0509 239 211 515 450 8 0.0508 375 324 634 569 0 0.0507 518 339 756 566 6 0.0506 451 335 708 562 7 0.0503 357 410 717 593
ippkUiVMT0NiWGkEz29tqox87RgvzkrP,11 0.0625 452 460 699 694 7 0.0623 519 466 763 709 5 0.0615 571 285 816 510 5 0.0597 511 460 751 705 0 0.0593 325 381 571 629 8 0.0591 574 288 815 507 5 0.0591 439 391 697 626 7 0.0589 448 395 705 631 5 0.0587 377 327 647 556 5 0.0585 383 444 627 690 0 0.0584 435 271 699 495 8 0.0582 516 466 754 706 11 0.0581 437 272 702 492 6 0.0577 443 344 703 572 2 0.0577 445 402 701 630 8 0.0576 444 396 695 629 3 0.0574 390 450 634 697 11 0.0569 503 347 757 569 6 0.0565 458 462 701 698 11 0.0563 312 450 570 691 6 0.0562 578 291 825 508 3 0.0561 519 467 756 715 9 0.0560 434 275 697 490 7 0.0560 390 449 637 699 8 0.0557 391 449 623 694 0 0.0553 516 469 757 712 3 0.0551 449 396 706 633 0 0.0549 505 345 754 572 13 0.0544 507 344 764 568 11 0.0544 571 292 824 506 0 0.0542 576 287 822 508 0 0.0539 392 452 633 695 11 0.0538 515 533 758 771 5 0.0536 246 442 503 699 5 0.0532 451 532 695 767 5 0.0528 316 378 566 624 13 0.0527 458 459 705 698 7 0.0526 257 447 508 701 11 0.0526 369 144 636 366 5 0.0524 304 522 572 773 8 0.0523 438 270 690 497 10 0.0522 388 454 632 692 0 0.0520 257 447 507 700 13 0.0520 321 452 578 699 7 0.0519 454 535 706 774 2 0.0518 518 473 758 709 8 0.0518 257 449 499 703 6 0.0516 517 530 761 772 11 0.0516 371 521 633 764 7 0.0516 379 143 635 370 6 0.0513 319 450 573 695 2 0.0511 437 278 697 495 3 0.0511 386 333 653 563 3 0.0510 456 538 703 778 8 0.0509 312 531 567 773 7 0.0509 324 382 574 629 7 0.0507 391 330 655 563 13 0.0506 253 535 512 778 3 0.0504 312 530 579 780 5 0.0504 369 135 629 367 7 0.0503 579 289 826 512 6 0.0502 378 522 633 764 0 0.0502 454 540 700 774
p3FGXZgYMVRwKbdjGyKxRn3mbMuKOX3Y,11 0.0583 183 285 448 518 7 0.0579 179 331 443 577 0 0.0579 243 323 512 568 8 0.0573 182 334 432 578 6 0.0567 228 342 578 534 8 0.0559 116 392 370 639 11 0.0557 440 415 699 635 13 0.0554 183 334 445 578 0 0.0550 574 351 840 571 5 0.0549 175 441 444 711 5 0.0548 171 331 432 572 5 0.0545 572 340 834 572 5 0.0543 238 266 508 493 8 0.0541 180 448 437 713 5 0.0538 436 409 691 634 0 0.0532 632 0 894 207 11 0.0529 172 448 454 705 3 0.0529 183 449 452 720 0 0.0528 506 413 762 627 3 0.0526 181 338 441 585 8 0.0523 504 343 758 567 3 0.0522 248 274 514 507 0 0.0520 311 450 572 704 11 0.0518 569 346 839 566 8 0.0518 315 448 564 704 0 0.0517 579 485 836 705 11 0.0515 634 3 896 203 8 0.0513 435 410 691 637 0 0.0512 118 339 389 574 7 0.0511 509 407 768 626 5 0.0508 308 448 566 699 6 0.0507 639 0 898 206 13 0.0507 181 446 458 716 6 0.0506 122 393 384 640 11 0.0505 510 478 770 695 13 0.0505 510 407 774 627 3 0.0503 444 413 703 644 0 0.0503 312 263 576 489 11 0.0502 309 451 574 702 3 0.0501 638 1 897 209 6 0.0500 445 418 699 639
klvwscRZsXeKQNidHhlO3Ky8zhPc8G8G,11 0.0569 118 337 386 570 8 0.0568 322 592 569 834 8 0.0563 179 396 432 636 5 0.0563 164 645 436 890 11 0.0559 246 535 510 770 10 0.0554 242 538 511 774 10 0.0552 164 655 438 889 0 0.0549 249 532 515 776 0 0.0549 321 590 578 837 5 0.0546 171 395 443 642 8 0.0544 168 653 432 890 5 0.0541 115 329 383 573 11 0.0539 167 654 436 886 0 0.0538 175 650 442 893 13 0.0537 228 341 518 573 8 0.0537 248 535 501 771 11 0.0536 320 590 576 831 5 0.0536 242 587 505 832 8 0.0536 371 721 624 961 0 0.0525 225 341 506 573 6 0.0518 250 594 507 831 11 0.0515 313 446 568 687 10 0.0515 178 347 446 582 2 0.0515 239 656 506 892 0 0.0513 369 722 631 962 6 0.0512 127 335 390 571 7 0.0509 253 591 517 837 7 0.0507 179 340 450 584 6 0.0505 314 654 575 893
bbWmeUXjDxbS9LoCGI0qBOgw1M1HBWgV,5 0.0622 198 0 456 201 8 0.0611 265 0 508 206 0 0.0609 266 1 514 209 13 0.0578 271 0 518 206 2 0.0576 137 3 398 201 6 0.0572 267 2 517 206 11 0.0566 134 0 396 198 11 0.0565 402 608 769 787 7 0.0562 271 0 516 206 11 0.0558 265 2 516 204 13 0.0557 140 0 403 204 7 0.0557 299 547 660 718 11 0.0554 344 528 627 752 0 0.0549 238 297 504 528 0 0.0548 139 2 394 200 2 0.0546 266 3 517 204 5 0.0544 234 288 496 519 8 0.0531 417 608 757 788 7 0.0529 416 605 779 789 3 0.0528 268 1 514 209 7 0.0527 195 784 456 1022 8 0.0523 304 549 641 718 6 0.0523 138 1 401 200 8 0.0522 136 0 388 203 5 0.0518 403 596 764 785 3 0.0515 140 0 396 208 8 0.0513 120 791 370 1018 11 0.0510 233 300 503 518 8 0.0509 243 294 494 524 10 0.0505 202 4 454 205 0 0.0503 295 549 651 721
gnLEdcgRuxl1qFltRzry2xG2NIPI5iPg,11 0.0627 755 16 1021 258 8 0.0609 763 12 1012 260 0 0.0602 757 16 1019 264 11 0.0600 58 3 318 199 11 0.0598 184 4 447 208 0 0.0589 0 416 248 638 11 0.0586 45 336 310 563 5 0.0584 760 7 1017 261 11 0.0576 0 414 247 629 13 0.0563 767 16 1023 261 8 0.0549 0 410 239 633 7 0.0544 0 413 248 634 8 0.0543 67 0 310 202 8 0.0538 50 335 300 569 5 0.0538 0 412 242 631 6 0.0537 183 585 431 809 7 0.0537 179 581 424 810 13 0.0536 4 415 249 634 0 0.0532 45 337 309 573 13 0.0532 182 585 431 807 6 0.0531 66 1 318 201 10 0.0526 703 52 1023 223 2 0.0523 0 422 249 634 6 0.0521 137 725 399 950 3 0.0520 764 14 1023 266 0 0.0518 132 727 392 950 3 0.0518 2 412 244 641 11 0.0518 134 726 394 945 10 0.0517 175 595 422 803 0 0.0516 60 2 315 208 0 0.0516 179 587 421 809 0 0.0515 247 451 500 684 10 0.0514 0 418 245 635 8 0.0513 196 5 440 212 13 0.0513 67 0 324 204 5 0.0512 44 334 304 564 0 0.0510 117 390 371 630 11 0.0510 173 588 422 804 5 0.0506 106 447 363 684 6 0.0505 51 333 319 568 7 0.0505 714 53 1023 223 2 0.0503 710 55 1023 224 3 0.0502 68 0 318 207
LbACLWsUL69rY2wurHTUB89A2jxdzWK8,11 0.0541 512 789 740 1017 5 0.0535 510 785 736 1013 11 0.0507 195 1 575 141
bz28RbVsfgaO3uSB5wHjm3GrHvTSVqgQ,7 0.0598 458 469 715 721 11 0.0578 443 602 692 839 8 0.0573 386 594 634 830 0 0.0569 520 409 776 650 11 0.0564 519 537 765 764 6 0.0561 385 399 657 635 5 0.0561 453 470 705 719 7 0.0549 389 595 645 830 7 0.0548 383 391 655 635 0 0.0547 447 540 711 789 8 0.0543 589 591 818 832 3 0.0543 395 336 666 572 3 0.0542 442 598 692 847 5 0.0534 376 389 649 635 5 0.0534 516 401 772 648 6 0.0533 388 596 647 829 11 0.0532 381 536 638 777 8 0.0532 522 463 757 707 5 0.0532 384 588 635 828 0 0.0526 381 397 653 640 11 0.0525 369 128 639 354 8 0.0523 383 465 636 714 11 0.0523 446 192 721 422 3 0.0522 315 271 581 510 13 0.0520 448 599 699 843 13 0.0519 467 401 734 642 3 0.0518 381 197 658 436 10 0.0517 385 539 635 779 13 0.0515 311 277 587 509 5 0.0511 306 264 575 501 8 0.0509 394 337 660 566 11 0.0509 389 340 666 564 5 0.0507 560 187 811 429 11 0.0507 521 271 781 507 3 0.0505 384 468 645 722 3 0.0504 470 405 726 653 6 0.0504 471 349 740 579 8 0.0503 315 216 582 447 0 0.0502 584 525 832 774 13 0.0502 521 534 774 769
vltSMOFBd9IkSrRFwvdPRSlspPOmjwL3,0 0.0555 301 281 547 513 5 0.0543 294 283 543 510 8 0.0538 243 539 490 781 6 0.0532 311 348 562 576 5 0.0527 224 666 499 908 0 0.0527 179 272 423 511 8 0.0524 252 404 493 652 11 0.0522 310 414 564 641 8 0.0519 315 347 554 576 3 0.0514 303 288 547 520 5 0.0512 304 404 561 639 8 0.0512 249 282 488 512 3 0.0512 374 426 621 661 11 0.0512 302 545 564 776 11 0.0511 190 795 446 1016 7 0.0510 247 591 515 828 8 0.0508 235 670 490 908 8 0.0505 304 213 546 434 13 0.0503 313 349 569 581 11 0.0503 170 336 429 572 11 0.0500 300 291 549 510
RYQSEvtLQYBBQ8jOfCFy2f0OKAOzje75,6 0.0536 436 609 703 835 11 0.0532 359 607 643 827 11 0.0530 420 544 718 770 7 0.0530 431 608 707 844 5 0.0511 279 588 574 829 0 0.0501 359 536 645 772 7 0.0500 64 341 315 580
2qtiB8i0bse0OTLgBHhsF59ykz5w0eAQ,5 0.0615 692 455 956 690 13 0.0607 583 523 830 771 11 0.0603 697 461 960 690 0 0.0602 635 583 897 834 5 0.0598 572 576 823 831 8 0.0589 699 458 951 692 5 0.0581 691 594 960 827 11 0.0580 635 316 906 541 7 0.0579 699 458 959 691 5 0.0578 161 398 415 640 3 0.0577 583 523 824 776 11 0.0576 576 520 825 765 8 0.0575 172 397 408 646 8 0.0572 574 582 819 832 3 0.0572 376 135 646 387 0 0.0569 108 406 359 648 13 0.0566 174 403 423 649 11 0.0563 692 603 965 828 5 0.0561 503 442 745 690 8 0.0559 651 523 899 771 0 0.0557 576 521 821 773 13 0.0553 514 455 755 696 7 0.0549 579 519 825 771 5 0.0549 235 324 500 564 11 0.0547 168 401 418 643 13 0.0544 641 585 904 833 6 0.0544 702 461 961 691 10 0.0541 697 463 958 691 8 0.0541 570 318 810 553 3 0.0539 700 461 960 699 11 0.0538 502 0 767 204 8 0.0538 388 81 637 323 7 0.0538 114 403 370 647 13 0.0537 391 10 648 255 6 0.0534 573 320 818 555 10 0.0533 502 4 768 202 3 0.0532 450 13 703 271 5 0.0530 438 10 699 258 0 0.0527 506 0 767 205 0 0.0523 242 329 506 567 10 0.0522 236 335 510 568 3 0.0521 637 585 898 835 7 0.0521 635 584 898 831 0 0.0521 637 320 903 547 11 0.0521 237 332 507 567 6 0.0520 644 583 901 829 6 0.0520 586 521 827 768 13 0.0519 248 331 514 569 10 0.0519 579 522 821 771 2 0.0518 579 524 825 769 5 0.0515 638 310 900 541 7 0.0514 258 257 511 500 7 0.0514 572 317 820 552 11 0.0512 249 598 493 837 7 0.0512 505 0 773 206 0 0.0511 373 136 645 381 7 0.0507 374 136 642 382 13 0.0505 374 136 648 384 6 0.0505 509 0 773 202 11 0.0505 369 141 644 380 6 0.0504 514 453 752 694 10 0.0503 570 325 818 550 6 0.0502 175 399 420 648 11 0.0502 501 324 755 547 6 0.0501 243 330 507 570
fhl06ECMij8DBpR5KibWztLoLroUVTCB,7 0.0596 186 647 442 884 11 0.0567 179 655 439 882 0 0.0524 183 652 439 892 8 0.0517 183 653 428 885
1bsual7gCYILbKXGZKDw5o71nst5PWQ3,0 0.0625 248 657 501 889 11 0.0608 297 717 558 946 5 0.0605 305 653 561 880 5 0.0599 172 715 429 946 7 0.0595 251 657 503 885 0 0.0592 179 718 434 955 8 0.0589 250 656 496 885 13 0.0578 253 657 506 887 0 0.0561 324 595 565 828 11 0.0559 171 718 435 949 11 0.0558 445 722 692 942 11 0.0557 433 603 691 822 8 0.0557 304 715 553 948 7 0.0557 178 717 439 949 10 0.0557 320 596 565 823 11 0.0552 193 598 452 825 0 0.0549 437 604 692 827 7 0.0547 325 593 569 825 11 0.0547 320 592 566 825 5 0.0546 189 596 448 824 10 0.0544 245 661 499 882 5 0.0544 372 714 623 944 13 0.0541 182 717 441 952 0 0.0538 447 723 693 953 3 0.0537 308 654 566 889 10 0.0535 444 725 691 949 11 0.0532 263 517 507 750 6 0.0531 247 658 503 885 10 0.0527 170 723 431 949 2 0.0526 300 722 563 949 8 0.0521 179 716 427 951 8 0.0520 322 593 560 826 6 0.0519 177 719 438 951 8 0.0519 266 521 500 753 11 0.0517 112 789 367 1018 3 0.0516 159 676 498 858 8 0.0514 492 165 742 411 0 0.0513 263 522 508 759 10 0.0511 438 605 685 824 8 0.0509 117 787 353 1023 10 0.0508 268 523 505 752 11 0.0507 489 168 754 408 7 0.0506 444 603 693 823 0 0.0503 116 789 363 1023 7 0.0501 268 517 510 755
VXkhjsVb8NYhwfb3fnxN6m1ux8k2I7zR,0 0.0667 367 789 618 1023 11 0.0622 249 731 495 952 8 0.0614 188 729 419 955 5 0.0614 181 730 416 954 7 0.0603 371 786 622 1019 5 0.0593 364 783 611 1014 8 0.0591 372 783 613 1019 7 0.0583 190 733 423 956 0 0.0578 187 735 418 961 11 0.0578 367 791 617 1016 3 0.0576 373 788 618 1022 13 0.0567 374 789 623 1022 13 0.0566 379 354 642 575 0 0.0562 431 750 703 960 11 0.0552 309 679 575 892 6 0.0551 55 786 299 1009 11 0.0551 300 348 567 567 3 0.0550 190 730 421 965 10 0.0545 308 740 568 959 5 0.0542 295 340 561 563 3 0.0542 304 346 565 576 6 0.0540 249 729 496 953 11 0.0539 123 731 360 948 13 0.0536 256 730 499 955 10 0.0535 188 735 419 955 11 0.0531 428 357 710 574 6 0.0530 126 730 364 944 7 0.0525 53 783 304 1010 13 0.0525 321 678 581 900 6 0.0522 372 792 620 1019 10 0.0521 304 349 567 567 8 0.0520 378 353 632 574 6 0.0520 308 344 571 568 11 0.0511 426 755 703 954 1 0.0511 368 782 619 1023 5 0.0510 45 780 296 1008 0 0.0507 428 353 709 579 3 0.0502 5 786 239 1022
MW3m1CsyPGb9KWNwFcNtw1jpP8htYaik,5 0.0594 170 389 442 632 5 0.0563 178 261 435 488 5 0.0555 825 70 1017 336 0 0.0546 823 144 1023 397 8 0.0543 825 80 1016 331 0 0.0543 188 269 438 492 7 0.0537 827 137 1023 393 6 0.0534 189 266 446 491 13 0.0525 520 457 784 699 7 0.0522 189 259 443 491 11 0.0522 515 459 781 695 11 0.0515 176 392 446 631 6 0.0511 186 392 447 638 8 0.0511 514 455 772 700 0 0.0505 514 458 775 700 8 0.0505 184 0 437 188 8 0.0501 185 262 430 493 6 0.0501 830 75 1023 331
om3UZdRDwMzupkkszvezsMra0BDrWcx5,8 0.0648 442 78 699 313 8 0.0625 509 12 762 247 11 0.0619 510 9 771 247 5 0.0612 509 119 764 356 11 0.0608 442 80 707 312 6 0.0603 519 10 772 246 5 0.0601 508 3 768 246 10 0.0585 510 75 765 309 3 0.0581 377 65 644 310 7 0.0573 445 75 704 320 3 0.0572 517 75 766 315 3 0.0571 512 194 756 434 5 0.0571 174 348 448 579 11 0.0568 272 0 639 157 11 0.0567 372 135 637 366 6 0.0566 446 78 712 315 0 0.0566 510 12 767 245 0 0.0564 439 81 704 314 2 0.0561 512 14 768 245 7 0.0560 516 7 772 246 8 0.0558 377 136 630 365 11 0.0554 256 521 516 762 13 0.0551 267 520 519 767 7 0.0549 254 261 522 505 5 0.0544 361 125 632 364 7 0.0540 190 345 450 581 0 0.0538 253 264 521 508 5 0.0538 511 265 760 492 11 0.0536 185 356 451 583 0 0.0536 268 0 633 160 8 0.0532 183 348 440 587 5 0.0530 576 197 851 432 12 0.0530 512 10 773 246 0 0.0530 325 466 581 709 5 0.0529 271 0 626 156 5 0.0528 242 260 521 505 13 0.0527 447 81 712 313 11 0.0527 505 198 759 422 0 0.0525 372 137 636 366 1 0.0525 434 73 703 318 8 0.0524 254 266 512 508 6 0.0523 189 358 453 581 0 0.0523 183 347 446 583 10 0.0523 372 73 648 307 7 0.0522 439 397 694 633 8 0.0522 280 0 627 158 9 0.0522 510 7 769 241 11 0.0521 428 468 694 698 3 0.0519 440 399 690 638 13 0.0517 514 8 774 242 13 0.0517 286 0 644 159 11 0.0516 250 270 525 503 8 0.0512 264 521 507 771 0 0.0511 506 197 751 424 2 0.0509 372 74 641 309 8 0.0508 330 473 574 708 8 0.0508 519 273 755 490 11 0.0506 358 533 633 753 7 0.0504 286 2 636 159 3 0.0504 583 140 850 377 1 0.0503 506 5 768 246 6 0.0502 257 271 525 507
cawwInTRBPAIdBsn5FvCAlnQO13pk1VI,13 0.0572 319 788 564 1023 5 0.0539 306 783 552 1019 7 0.0537 319 784 558 1023 11 0.0533 309 788 555 1020 8 0.0524 240 792 477 1023 0 0.0515 313 785 556 1023 11 0.0511 394 277 664 515 0 0.0505 394 276 662 519 5 0.0503 375 721 639 968
0XhrAdfcx1EeyWla5o3TuvDHT64Qvk8u,8 0.0634 312 533 567 779 8 0.0632 383 472 626 707 7 0.0610 445 526 712 751 8 0.0604 448 530 700 750 7 0.0588 322 479 578 723 11 0.0581 379 473 637 702 8 0.0570 389 594 635 830 0 0.0563 438 591 708 827 11 0.0539 311 537 575 774 11 0.0536 383 594 644 824 0 0.0534 319 576 573 832 0 0.0533 389 524 633 762 3 0.0530 386 470 636 715 2 0.0529 313 541 575 783 5 0.0526 363 100 651 287 5 0.0526 436 522 709 749 10 0.0526 445 535 711 748 0 0.0521 243 643 505 877 7 0.0519 386 590 648 825 5 0.0517 307 529 571 774 13 0.0506 443 530 711 750 8 0.0505 373 113 639 285 11 0.0503 301 663 568 887
Vt0uqwIElomSBx9MbyeJc0m23bmBJG0i,14 1.0 0 0 1 1
d4SUGz5fH341SpdpPGhVK9lyMwRqYGG2,0 0.0633 0 787 247 1018 6 0.0614 23 1 379 146 8 0.0612 5 784 243 1017 0 0.0590 123 0 388 216 11 0.0570 18 2 383 145 6 0.0569 1 786 252 1014 8 0.0567 18 0 370 147 3 0.0562 2 784 244 1021 5 0.0560 0 783 241 1013 13 0.0556 20 1 389 150 11 0.0551 0 787 249 1015 7 0.0551 2 784 248 1016 1 0.0541 0 781 248 1017 3 0.0538 24 1 382 151 2 0.0535 0 790 249 1016 8 0.0535 123 35 377 276 2 0.0534 505 614 757 830 0 0.0527 500 610 753 833 11 0.0521 182 4 460 209 5 0.0520 118 0 383 207 5 0.0518 502 531 759 778 6 0.0514 127 40 392 276 13 0.0509 126 36 398 276 13 0.0507 508 539 771 782 0 0.0506 571 536 833 772 8 0.0506 573 534 825 768 10 0.0502 19 3 378 146 11 0.0500 624 542 890 776
bzjcIvfRcXUMjSGuEAdWeuWIvyYtfifo,8 0.0558 865 18 1017 400 11 0.0539 383 164 632 395 0 0.0538 509 398 758 624 5 0.0535 567 479 820 705 0 0.0533 385 161 627 400 2 0.0532 509 477 766 691 5 0.0525 446 389 702 615 5 0.0524 378 157 623 399 8 0.0520 503 465 753 687 13 0.0520 337 167 585 392 13 0.0510 507 337 759 566 7 0.0509 510 535 772 762 8 0.0504 455 392 698 617 6 0.0501 335 168 585 393
0Hy66TNlbr770w3zx6zGflHZVMfnNFpg,8 0.0520 492 601 738 823 11 0.0516 498 600 744 822 8 0.0515 555 523 805 740 13 0.0506 442 528 702 751 11 0.0504 436 527 695 749 8 0.0504 435 525 689 751
DHZcZm3OHZIiYo00iWfrKiYrk3iEfSol,5 0.0590 425 6 686 246 0 0.0571 513 341 765 581 0 0.0571 376 7 633 242 7 0.0548 437 11 693 252 8 0.0545 381 7 623 238 5 0.0539 467 0 829 146 8 0.0535 429 278 690 505 0 0.0532 429 281 696 508 13 0.0529 435 9 696 248 5 0.0523 352 211 619 431 5 0.0521 423 277 692 505 13 0.0521 277 468 637 653 3 0.0515 384 13 633 243 11 0.0505 428 14 692 247 13 0.0503 1 12 246 256 11 0.0502 271 468 628 651
2SMKj7qo7JX3MQljuzCpvinpeennJJfy,11 0.0621 566 534 827 772 0 0.0620 567 535 829 774 11 0.0615 490 720 747 944 11 0.0609 399 676 755 852 11 0.0599 500 468 760 708 0 0.0592 501 468 758 713 7 0.0587 508 466 762 711 8 0.0584 494 532 752 771 8 0.0581 401 674 743 854 7 0.0569 520 332 773 591 5 0.0566 399 671 749 855 8 0.0561 513 395 755 649 11 0.0560 377 330 628 567 0 0.0559 517 338 766 592 5 0.0558 551 720 805 957 0 0.0556 559 720 814 962 3 0.0552 408 676 757 861 5 0.0551 512 390 763 652 11 0.0550 315 409 572 653 8 0.0549 379 547 622 784 10 0.0549 513 399 764 649 0 0.0549 405 672 756 856 7 0.0548 571 535 830 774 7 0.0545 410 675 761 856 7 0.0541 381 328 631 569 11 0.0540 376 546 631 782 11 0.0537 431 795 687 1015 3 0.0537 500 532 762 780 3 0.0530 560 723 810 964 11 0.0529 515 338 766 590 10 0.0529 405 677 752 855 0 0.0527 379 546 632 787 5 0.0526 567 530 823 772 10 0.0524 497 535 759 769 6 0.0518 572 540 831 772 6 0.0517 517 397 767 649 8 0.0515 434 345 683 583 13 0.0514 499 717 751 950 5 0.0513 380 399 629 646 3 0.0512 387 406 630 652 6 0.0510 409 673 757 855 7 0.0508 560 725 816 957 8 0.0508 556 724 805 958 7 0.0507 383 546 635 785 3 0.0505 521 395 765 656 8 0.0504 380 407 620 645 13 0.0503 573 535 832 777 6 0.0503 443 472 702 713 2 0.0503 571 538 831 773
JDHmO39LbrmfsOegmyBpsb0VClsLFnGK,11 0.0685 645 275 890 515 11 0.0649 438 517 697 760 5 0.0635 567 263 820 508 11 0.0629 568 200 822 445 0 0.0626 645 273 888 519 5 0.0621 238 453 494 692 11 0.0619 226 521 495 762 5 0.0608 558 398 815 630 7 0.0600 649 219 899 463 11 0.0599 648 158 898 390 0 0.0597 648 157 894 393 2 0.0596 570 204 823 447 7 0.0596 443 517 699 767 3 0.0595 649 275 886 523 11 0.0593 559 404 823 626 6 0.0592 650 276 893 516 7 0.0591 572 270 826 509 8 0.0589 437 519 687 766 3 0.0588 447 460 694 704 8 0.0585 645 273 884 516 2 0.0585 647 279 892 515 11 0.0585 445 408 698 638 5 0.0583 297 517 556 768 0 0.0583 438 517 694 767 11 0.0581 255 611 623 796 8 0.0580 245 455 491 693 13 0.0579 248 453 501 696 5 0.0578 443 401 691 639 8 0.0577 305 524 553 770 3 0.0577 303 524 559 772 0 0.0576 448 411 698 641 6 0.0576 650 159 899 392 5 0.0575 642 155 892 389 8 0.0575 567 197 814 446 8 0.0575 566 461 824 691 3 0.0573 513 406 756 640 13 0.0573 305 518 563 769 11 0.0572 505 469 764 689 0 0.0570 242 455 498 693 3 0.0570 568 199 820 451 0 0.0569 565 199 820 445 13 0.0568 650 272 895 520 13 0.0567 571 200 828 448 6 0.0562 302 522 566 766 10 0.0560 643 224 894 464 2 0.0559 720 156 969 390 3 0.0559 244 456 495 694 8 0.0559 167 523 419 766 7 0.0558 246 453 500 695 2 0.0556 449 414 699 640 7 0.0555 305 520 562 771 8 0.0555 651 156 887 391 6 0.0555 246 457 499 690 6 0.0552 571 202 824 446 5 0.0549 435 510 691 767 6 0.0548 573 464 833 690 2 0.0545 567 411 821 629 0 0.0545 373 577 631 842 7 0.0545 452 409 700 642 0 0.0545 510 469 761 695 11 0.0543 155 589 421 826 8 0.0542 372 580 628 845 3 0.0542 651 159 894 397 13 0.0542 650 158 903 397 0 0.0542 301 521 562 770 10 0.0540 242 459 495 691 10 0.0539 302 528 557 768 0 0.0534 563 404 818 631 13 0.0533 441 516 702 765 3 0.0532 574 464 829 698 5 0.0532 165 522 425 760 7 0.0530 377 576 638 844 6 0.0529 376 581 639 843 0 0.0529 0 4 251 222 13 0.0529 226 574 492 834 13 0.0528 447 407 703 641 7 0.0528 567 405 822 630 7 0.0528 512 469 767 692 6 0.0526 440 519 697 766 9 0.0524 441 408 694 638 7 0.0524 724 149 966 391 6 0.0523 449 409 700 641 8 0.0520 0 0 241 216 1 0.0515 240 452 493 694 5 0.0515 0 0 245 214 12 0.0514 649 276 890 514 12 0.0513 448 407 700 643 10 0.0511 442 462 695 698 10 0.0510 371 587 637 842 5 0.0510 313 666 692 856
ex2KYtmQtVhW8gXPH4p6apltjxggWP9Q,11 0.0666 306 709 559 948 5 0.0640 244 791 493 1019 7 0.0629 314 781 566 1022 8 0.0623 317 778 557 1023 11 0.0620 246 795 497 1019 0 0.0620 310 706 561 952 8 0.0608 258 706 500 953 7 0.0599 260 708 504 950 6 0.0595 252 798 503 1020 11 0.0575 241 278 510 504 13 0.0575 319 785 568 1023 10 0.0569 259 711 503 950 10 0.0568 369 724 625 954 5 0.0566 367 723 623 956 11 0.0557 124 283 385 501 0 0.0554 248 791 497 1023 11 0.0554 312 595 568 821 3 0.0552 248 795 499 1023 7 0.0533 263 585 510 819 5 0.0528 308 656 560 890 8 0.0527 256 589 494 822 0 0.0526 256 585 504 827 11 0.0526 318 396 579 628 13 0.0511 374 726 630 961 13 0.0507 316 658 572 895 6 0.0505 372 727 628 961 3 0.0504 373 723 624 966 2 0.0504 316 786 567 1023 3 0.0503 316 656 566 899 13 0.0503 128 278 388 509 8 0.0502 127 279 372 505 2 0.0501 372 726 629 957
q0OSyhcw9fx3k5A7yat4P02N80MRXN0K,7 0.0663 191 657 440 890 0 0.0656 179 713 443 953 11 0.0645 370 666 629 899 8 0.0626 258 740 614 915 5 0.0623 306 658 565 902 7 0.0619 313 662 570 901 5 0.0617 175 712 438 952 8 0.0616 180 715 438 952 11 0.0611 245 663 504 891 11 0.0608 176 716 442 950 0 0.0607 255 740 621 916 8 0.0603 311 608 553 841 3 0.0598 311 663 569 908 3 0.0577 180 715 443 957 13 0.0573 256 741 631 918 10 0.0563 249 742 623 914 2 0.0562 253 743 623 915 6 0.0562 250 658 508 894 0 0.0561 309 608 560 846 6 0.0559 375 663 634 900 10 0.0557 186 664 437 890 13 0.0554 179 713 447 954 2 0.0549 179 720 443 956 6 0.0543 179 714 444 953 1 0.0535 247 736 619 915 12 0.0534 255 740 624 917 11 0.0523 552 669 824 885 12 0.0515 180 714 443 954 2 0.0514 310 615 561 846 10 0.0512 307 614 561 842 0 0.0512 551 717 806 949 5 0.0507 303 528 561 770
qpCnn6HcXSDgqMiApsbxVZnbCri2tuPs,11 0.0653 512 409 763 648 11 0.0641 383 333 643 573 0 0.0630 401 416 761 597 8 0.0626 450 278 705 516 7 0.0623 390 329 647 578 0 0.0622 337 480 688 662 11 0.0619 473 352 831 532 11 0.0612 248 330 510 575 8 0.0611 379 398 633 647 7 0.0607 457 277 713 515 11 0.0607 332 481 687 658 5 0.0601 245 385 505 649 6 0.0601 279 415 641 597 8 0.0598 319 324 571 573 3 0.0598 412 353 768 538 6 0.0594 589 214 834 458 8 0.0593 581 218 823 462 7 0.0590 321 394 581 646 11 0.0583 313 264 584 507 6 0.0580 486 352 833 532 0 0.0579 320 324 579 574 5 0.0576 314 321 575 573 0 0.0575 387 271 652 510 5 0.0575 373 393 635 646 11 0.0569 578 217 832 459 5 0.0566 384 267 648 508 2 0.0561 386 336 643 576 11 0.0561 171 455 438 697 6 0.0561 591 422 832 657 8 0.0559 175 455 434 698 5 0.0559 510 400 762 649 10 0.0558 438 400 701 639 2 0.0557 358 461 630 708 2 0.0557 454 285 712 512 0 0.0556 478 353 824 533 10 0.0555 275 418 636 597 13 0.0554 318 392 583 647 8 0.0554 582 423 825 663 6 0.0550 338 478 695 659 3 0.0550 380 399 642 650 0 0.0549 249 389 510 648 0 0.0547 502 557 762 791 7 0.0545 257 327 514 578 13 0.0545 387 330 650 577 5 0.0545 577 212 827 459 9 0.0544 334 477 692 656 12 0.0543 380 398 642 647 8 0.0542 250 395 500 647 0 0.0541 250 132 508 363 0 0.0540 495 16 751 242 13 0.0537 515 407 769 648 13 0.0537 254 329 518 581 0 0.0537 256 264 518 503 5 0.0533 474 347 822 533 3 0.0532 321 325 579 578 8 0.0530 504 558 755 787 0 0.0528 571 148 811 393 0 0.0528 177 456 441 696 3 0.0528 583 222 830 470 7 0.0527 180 398 448 646 10 0.0527 451 281 710 513 6 0.0525 262 266 518 504 13 0.0524 483 353 834 533
u7cGzX2gLoQFpap6UfkNCQuTfh1vJloL,0 0.0625 713 825 979 1023 11 0.0621 259 88 515 329 0 0.0602 612 693 894 934 8 0.0578 560 655 806 889 7 0.0576 322 208 579 434 7 0.0576 623 749 905 984 8 0.0570 564 535 817 774 6 0.0561 325 160 599 388 11 0.0556 621 757 905 981 11 0.0556 560 590 813 827 5 0.0554 563 526 818 775 5 0.0554 308 726 547 943 7 0.0552 316 798 565 1020 0 0.0552 240 212 494 439 11 0.0552 237 215 502 436 8 0.0551 439 625 682 865 8 0.0548 262 84 505 328 13 0.0544 568 540 833 776 0 0.0543 261 87 507 333 5 0.0543 238 207 491 432 0 0.0538 563 536 828 779 11 0.0538 317 163 598 388 6 0.0536 260 85 518 325 7 0.0530 564 532 830 775 0 0.0527 312 732 551 951 0 0.0521 319 160 592 386 8 0.0521 242 211 492 437 5 0.0520 613 688 890 932 5 0.0516 435 610 684 863 6 0.0513 243 212 498 436 6 0.0512 621 700 898 931 8 0.0512 373 733 606 959 7 0.0511 564 653 820 891 7 0.0510 253 139 516 380 3 0.0508 252 142 513 386 11 0.0507 308 737 554 944 10 0.0504 241 218 499 436 10 0.0503 561 546 833 776
ifC5RMKVApPp1yburVFJ5p50jz8GB3B3,11 0.0603 373 2 645 195 7 0.0581 379 0 645 198 11 0.0561 648 470 916 696 6 0.0560 377 0 648 194 0 0.0558 501 461 779 710 8 0.0553 501 458 774 706 8 0.0541 378 0 635 196 11 0.0540 495 461 778 704 6 0.0539 505 461 784 706 0 0.0537 376 0 643 193 5 0.0533 118 421 370 657 13 0.0533 375 8 649 262 3 0.0531 378 0 640 202 5 0.0529 369 0 636 191 0 0.0527 647 470 918 700 5 0.0524 226 389 495 638 10 0.0517 375 4 643 193 11 0.0517 420 604 690 825 13 0.0508 506 458 789 705 6 0.0508 441 393 702 637 3 0.0506 506 459 778 716 11 0.0505 291 455 563 695 8 0.0505 423 600 682 827 13 0.0501 299 453 577 700
US7g9Amf01feEa35OXq1yWU0LFVnyiSl,8 0.0646 501 60 751 327 11 0.0621 308 402 572 632 0 0.0620 632 2 892 205 11 0.0620 505 12 766 259 7 0.0616 508 6 765 262 5 0.0606 357 136 632 394 7 0.0604 310 400 569 633 5 0.0603 498 60 752 323 11 0.0597 632 0 890 202 6 0.0595 245 390 499 628 8 0.0594 166 448 428 691 3 0.0591 310 400 567 641 5 0.0590 630 0 883 202 11 0.0589 226 468 494 698 5 0.0589 305 396 567 633 8 0.0589 312 400 560 632 11 0.0587 640 88 888 318 8 0.0586 401 0 754 145 5 0.0584 244 335 502 571 5 0.0580 426 260 702 509 11 0.0580 428 149 694 401 0 0.0579 640 88 889 321 8 0.0579 641 86 882 319 13 0.0578 366 143 640 394 8 0.0578 431 147 685 399 5 0.0577 395 0 765 144 3 0.0575 508 64 757 329 0 0.0572 240 388 494 629 5 0.0571 638 84 886 318 0 0.0570 506 9 766 260 11 0.0570 248 345 505 569 8 0.0564 252 340 495 571 13 0.0562 506 10 768 263 6 0.0562 503 62 761 323 7 0.0562 252 340 504 568 11 0.0558 298 210 572 435 7 0.0558 229 466 491 699 3 0.0556 440 146 692 406 8 0.0555 636 0 881 206 6 0.0554 637 3 893 204 0 0.0554 366 142 633 394 3 0.0554 254 341 501 580 3 0.0554 309 202 572 443 11 0.0554 362 268 639 500 3 0.0553 378 329 636 567 10 0.0549 403 7 772 147 6 0.0546 316 331 575 569 10 0.0544 638 90 885 324 8 0.0544 301 206 560 434 10 0.0544 433 153 697 403 10 0.0542 306 403 569 631 5 0.0542 220 463 490 696 3 0.0541 227 464 490 704 11 0.0541 192 805 442 1018 0 0.0536 248 208 499 452 8 0.0536 369 331 625 559 0 0.0536 315 331 570 570 13 0.0535 637 0 895 207 6 0.0533 309 148 581 382 6 0.0533 251 272 503 511 7 0.0533 634 0 889 203 6 0.0533 438 147 694 397 7 0.0532 437 145 695 400 7 0.0531 372 328 642 559 3 0.0530 637 3 889 210 0 0.0528 501 135 759 394 6 0.0525 300 463 566 696 10 0.0525 633 4 887 204 13 0.0525 312 403 575 640 0 0.0524 161 454 438 688 13 0.0524 161 455 445 691 6 0.0523 164 453 445 684 2 0.0523 505 18 763 263 3 0.0523 646 90 892 325 1 0.0520 635 81 887 323 11 0.0518 141 212 392 456 13 0.0517 505 140 759 392 12 0.0515 503 64 760 330 6 0.0513 641 88 890 317 13 0.0512 253 340 506 576 2 0.0512 241 395 495 628 0 0.0511 370 266 636 501 12 0.0510 368 142 636 396 13 0.0508 372 271 638 501 0 0.0508 302 466 565 697 8 0.0507 147 811 385 1021 1 0.0505 499 4 764 261 3 0.0505 405 0 760 148
2885WVsa32xGU8AfOTReYSgJjP3l0tea,5 0.0619 387 408 636 645 0 0.0614 394 415 637 652 5 0.0611 502 335 755 577 11 0.0601 388 412 636 648 11 0.0594 459 475 719 720 11 0.0594 385 656 636 897 0 0.0592 185 664 442 915 8 0.0581 66 791 298 1019 5 0.0580 454 471 716 716 0 0.0578 459 474 718 721 7 0.0577 245 777 492 1013 8 0.0573 191 663 439 911 5 0.0573 62 794 298 1021 7 0.0569 449 408 709 645 8 0.0569 386 655 634 898 0 0.0566 651 537 891 790 11 0.0563 68 799 312 1017 8 0.0561 458 475 712 721 3 0.0560 464 475 718 726 7 0.0560 522 468 786 721 5 0.0560 242 775 483 1007 8 0.0558 396 414 632 649 7 0.0553 510 345 765 578 11 0.0550 428 736 692 961 3 0.0548 440 334 681 574 7 0.0547 388 655 644 900 3 0.0546 396 416 636 654 0 0.0546 385 655 638 901 8 0.0544 434 332 676 567 11 0.0543 504 347 756 579 6 0.0543 69 800 311 1021 11 0.0542 254 712 502 946 8 0.0541 431 735 687 965 3 0.0534 246 782 488 1016 0 0.0534 429 734 693 969 7 0.0532 431 734 698 963 6 0.0530 439 335 691 567 2 0.0526 436 339 681 567 13 0.0526 247 781 496 1014 7 0.0525 194 663 448 910 11 0.0524 644 540 893 783 7 0.0522 373 340 622 572 0 0.0521 585 467 849 709 0 0.0519 62 795 309 1023 0 0.0519 503 346 756 578 6 0.0516 193 666 445 911 6 0.0515 588 466 853 710 5 0.0514 379 648 634 894 7 0.0514 66 792 304 1023 5 0.0510 186 660 437 908 3 0.0510 589 469 848 718 11 0.0507 581 469 850 708 5 0.0507 425 724 688 960 10 0.0506 240 786 490 1012 5 0.0505 578 465 845 707 6 0.0505 247 784 489 1013 10 0.0504 447 416 708 642 13 0.0503 190 665 449 913
85RlGUoGBO12dOQBb568mcIsDXMR5CSr,11 0.0586 119 728 371 958 7 0.0560 89 739 463 912 8 0.0556 92 741 438 913 5 0.0552 118 721 363 958 11 0.0534 187 661 446 904 7 0.0522 245 593 506 825 8 0.0515 241 598 490 826 0 0.0513 123 726 369 964 10 0.0511 120 733 367 961 0 0.0509 195 658 447 910 10 0.0509 190 664 447 904 11 0.0508 237 597 499 828 6 0.0505 126 727 372 961 11 0.0505 234 449 495 685
G6ng95JnXGwtpqbpX8km7r7XmNDckb4Z,0 0.0615 570 529 827 763 7 0.0607 498 531 766 781 8 0.0603 432 459 690 700 5 0.0599 561 593 818 825 0 0.0592 442 591 708 840 11 0.0587 490 534 760 777 8 0.0586 440 591 700 835 11 0.0584 358 469 641 696 8 0.0576 569 595 817 822 8 0.0572 421 333 685 562 5 0.0571 565 467 819 701 6 0.0564 570 603 826 825 11 0.0558 564 406 820 631 10 0.0558 569 476 825 699 11 0.0557 565 599 823 821 11 0.0551 229 283 494 502 7 0.0551 576 469 828 702 13 0.0551 497 465 765 705 6 0.0550 443 588 707 835 11 0.0549 348 336 627 565 3 0.0548 571 404 821 639 6 0.0544 573 402 824 631 0 0.0543 430 461 696 704 3 0.0543 499 534 760 783 0 0.0540 417 337 692 564 10 0.0540 565 601 824 825 7 0.0539 437 460 703 708 5 0.0539 438 582 706 836 8 0.0534 363 528 623 757 8 0.0534 572 468 816 700 11 0.0534 417 397 688 631 13 0.0532 377 582 645 832 11 0.0530 291 405 571 627 8 0.0529 359 404 624 623 5 0.0528 628 400 882 639 5 0.0526 423 453 697 699 5 0.0525 490 806 738 1020 11 0.0524 633 469 887 706 7 0.0518 425 337 701 565 3 0.0510 438 461 697 710 13 0.0510 366 469 648 696 1 0.0506 566 593 821 826 11 0.0506 491 340 759 559 10 0.0504 441 595 708 834 13 0.0504 573 532 832 759 2 0.0502 443 594 704 838 11 0.0501 299 526 569 769
BoYqPczjsaOariUFxtm3hn9kLv5Ox0Fy,5 0.0577 0 583 261 824 5 0.0560 58 794 313 1015 8 0.0554 58 803 309 1017 13 0.0551 9 590 273 823 0 0.0539 0 530 261 768 11 0.0531 333 601 714 792 11 0.0525 323 384 572 615 11 0.0525 239 522 497 757 0 0.0524 332 598 719 794 0 0.0521 57 364 314 599 11 0.0520 398 671 762 856 8 0.0515 333 601 707 791 8 0.0513 405 672 754 852 0 0.0512 400 670 764 861 6 0.0508 2 530 262 762 11 0.0507 0 531 263 756 11 0.0505 49 802 324 1018 3 0.0504 10 592 266 832 7 0.0502 8 593 270 829
68Mx6zlGuxy3Nc4eHgm7gRkt2E2dEQGI,10 0.0593 204 613 448 840 8 0.0579 58 787 295 1023 8 0.0577 316 317 553 562 11 0.0574 311 320 567 560 3 0.0559 65 792 301 1023 5 0.0557 56 785 301 1020 11 0.0554 310 532 563 766 5 0.0552 204 597 443 840 0 0.0551 396 672 773 854 6 0.0547 64 792 309 1019 5 0.0546 306 520 558 768 0 0.0544 60 792 306 1023 13 0.0544 58 789 313 1023 0 0.0541 380 536 637 779 11 0.0539 56 793 311 1021 7 0.0535 315 318 566 562 6 0.0531 208 605 452 840 6 0.0527 318 316 567 565 11 0.0524 205 608 447 841 11 0.0524 294 151 572 369 10 0.0514 309 532 563 770 13 0.0511 316 526 573 772 9 0.0511 56 790 307 1019 7 0.0510 59 785 306 1023 0 0.0509 213 607 443 840 7 0.0507 402 607 767 793 7 0.0506 314 527 570 769 13 0.0504 386 331 651 567 13 0.0502 211 606 456 840 11 0.0500 381 476 651 709 11 0.0500 394 672 764 848
cUQuj8oMLbikF45BBhWizS99VNJiY2KK,11 0.0698 644 458 899 708 0 0.0655 568 587 824 836 0 0.0640 127 331 374 578 11 0.0639 116 402 373 631 5 0.0635 776 517 1022 762 5 0.0634 119 328 377 578 0 0.0626 194 251 447 489 8 0.0623 564 582 818 833 0 0.0621 641 460 898 706 11 0.0620 780 524 1023 759 7 0.0617 195 381 440 639 8 0.0616 642 454 892 706 6 0.0614 655 393 902 625 11 0.0609 566 584 825 832 6 0.0607 198 385 437 638 5 0.0603 185 249 446 489 13 0.0602 571 585 829 832 0 0.0600 575 402 833 644 6 0.0599 264 260 525 485 0 0.0595 193 386 437 638 7 0.0593 566 584 827 837 5 0.0591 637 456 897 702 5 0.0589 564 583 820 832 8 0.0588 196 256 439 487 2 0.0585 572 589 826 834 7 0.0581 198 250 448 488 6 0.0580 314 330 584 566 0 0.0578 262 191 514 429 11 0.0576 190 256 449 486 11 0.0574 579 399 835 644 6 0.0574 576 584 830 830 3 0.0573 573 583 825 839 5 0.0572 573 395 833 642 8 0.0567 577 398 825 640 0 0.0564 780 524 1020 767 13 0.0563 646 460 904 707 7 0.0562 642 456 899 708 3 0.0561 647 460 900 712 6 0.0561 194 195 440 430 13 0.0561 122 398 377 635 8 0.0560 314 330 567 564 2 0.0559 191 391 437 635 8 0.0556 253 126 498 357 3 0.0554 193 389 438 644 7 0.0553 576 397 834 644 10 0.0550 565 587 825 835 8 0.0550 126 329 368 578 8 0.0549 429 11 675 230 10 0.0548 780 530 1019 759 8 0.0548 197 386 428 638 3 0.0547 581 400 836 651 11 0.0547 306 339 581 565 2 0.0545 123 336 375 579 8 0.0545 780 521 1013 766 0 0.0544 178 129 431 372 4 0.0543 567 587 831 834 13 0.0541 264 195 523 426 10 0.0538 641 461 895 703 7 0.0537 315 331 584 569 5 0.0534 297 323 579 565 6 0.0534 718 459 968 682 0 0.0533 314 330 578 571 7 0.0530 322 530 572 773 13 0.0529 312 333 589 564 11 0.0529 426 13 683 224 5 0.0529 427 8 682 226 3 0.0526 433 13 684 236 7 0.0525 265 194 518 427 5 0.0524 121 788 380 1003 13 0.0522 431 13 689 226 2 0.0520 580 405 836 640 7 0.0518 782 522 1023 759 5 0.0518 253 186 514 425 11 0.0517 246 125 505 355 5 0.0516 512 328 772 578 9 0.0515 777 523 1023 758 11 0.0515 320 536 571 766 13 0.0513 196 256 454 491 0 0.0513 322 528 568 773 13 0.0513 580 402 838 645 10 0.0510 577 404 830 639 0 0.0510 427 14 683 231 6 0.0510 785 526 1023 761 2 0.0509 649 464 901 703 13 0.0508 313 58 566 288 2 0.0508 196 258 445 490 0 0.0507 517 338 774 579 3 0.0504 199 257 448 496 6 0.0502 435 14 687 227 10 0.0502 190 393 436 636 13 0.0501 322 534 576 771 11 0.0501 130 794 381 1001
GpOeOKkfEN4usetvLYaUSJ6ATy1hbnlg,11 0.0638 383 529 639 758 5 0.0600 275 346 632 529 7 0.0597 316 465 569 697 11 0.0579 312 467 571 696 7 0.0578 280 349 638 534 11 0.0572 276 352 636 532 11 0.0572 753 398 1007 631 8 0.0567 754 395 1002 634 7 0.0564 390 526 640 758 0 0.0562 379 466 633 707 8 0.0559 238 332 493 570 11 0.0552 255 526 513 761 13 0.0547 282 352 643 536 3 0.0540 284 352 634 538 8 0.0536 309 467 560 700 0 0.0535 283 351 635 535 8 0.0532 384 529 629 759 0 0.0530 749 398 1009 637 3 0.0530 381 469 630 709 10 0.0529 282 357 636 529 5 0.0528 310 463 563 695 2 0.0525 380 473 633 704 0 0.0524 250 266 500 507 11 0.0520 245 268 502 503 6 0.0519 319 528 579 755 13 0.0515 317 524 583 758 6 0.0515 755 393 1016 632 3 0.0514 755 399 1004 638 5 0.0514 749 392 1008 633 10 0.0512 312 474 568 696 10 0.0510 751 406 1008 634 2 0.0507 280 355 633 532 13 0.0502 249 267 506 511
TUnhJGmhqQNg7bDdQHja7FudPhp5RPjx,11 0.0585 772 585 1019 811 8 0.0577 780 583 1005 812 13 0.0549 116 470 368 712 11 0.0547 110 472 369 705 0 0.0541 686 588 925 819 5 0.0541 185 459 427 688 3 0.0538 682 592 929 828 11 0.0535 250 133 497 382 11 0.0534 181 526 432 756 0 0.0530 110 469 361 710 5 0.0526 675 590 925 817 7 0.0524 569 785 818 1023 8 0.0519 111 466 353 711 6 0.0518 689 590 931 816 7 0.0517 112 467 365 707 5 0.0517 255 124 491 384 7 0.0515 778 584 1018 810 13 0.0510 253 524 509 755 13 0.0504 384 580 646 819 11 0.0503 232 589 500 821
9rsi6yXpMJZjazlyBcqWmStiInlgY5HS,11 0.0571 295 788 564 1010 5 0.0567 290 778 556 1009 11 0.0563 393 675 769 853 7 0.0557 303 783 568 1014 10 0.0556 293 789 563 1011 13 0.0554 302 785 572 1017 5 0.0541 388 667 763 854 6 0.0530 301 783 566 1011 6 0.0527 401 673 773 857 0 0.0519 397 673 767 856 8 0.0519 299 782 558 1010 3 0.0514 300 784 564 1017 8 0.0508 396 673 759 855
QlGXMf5HKrypEMi0DKr2GPALT1tnn78h,8 0.0595 577 321 826 567 5 0.0592 170 805 430 1019 5 0.0585 625 515 897 762 3 0.0584 578 321 839 574 3 0.0582 581 512 828 763 8 0.0580 520 264 758 509 5 0.0575 573 317 830 570 0 0.0574 579 511 830 762 11 0.0564 579 514 828 759 0 0.0564 574 323 835 571 8 0.0561 577 511 821 758 5 0.0557 381 53 648 294 2 0.0554 578 515 829 756 8 0.0544 624 0 885 208 7 0.0544 583 510 831 756 6 0.0544 584 511 833 756 7 0.0541 522 260 768 510 7 0.0539 177 810 441 1023 13 0.0537 637 517 905 766 11 0.0531 574 324 839 567 3 0.0527 174 812 434 1023 6 0.0522 179 813 438 1020 13 0.0521 574 320 840 571 8 0.0520 239 808 474 1021 5 0.0519 563 187 825 444 6 0.0514 525 263 772 508 13 0.0513 570 577 834 824 11 0.0513 514 264 770 507 13 0.0513 626 0 903 212 9 0.0511 573 324 840 564 10 0.0509 575 515 828 759 0 0.0508 625 4 893 214 10 0.0506 575 325 837 569 5 0.0501 619 0 886 208
lNIxnvtlMuz4czUzS2twNZ1AHwc0XhqV,5 0.0593 124 780 366 1016 7 0.0590 128 787 376 1014 10 0.0537 124 791 367 1016 11 0.0524 126 786 374 1013 8 0.0521 128 787 364 1019 5 0.0521 698 0 952 196 0 0.0516 126 791 371 1020 6 0.0500 130 790 373 1017
ooTYPtxp1sgJuCo3m0WpfAQOpQaqZbLx,7 0.0616 192 728 444 969 8 0.0586 191 728 434 972 0 0.0572 189 725 442 973 11 0.0572 185 730 443 970 5 0.0557 181 726 436 968 0 0.0548 481 226 742 441 10 0.0529 184 734 441 967 8 0.0514 66 203 314 438 11 0.0511 180 214 458 433 11 0.0509 460 350 705 573
zvxtg78jqID5nf5k6i8x0cu9ljWBQstb,5 0.0661 180 579 433 829 7 0.0649 326 580 580 824 11 0.0644 319 582 577 824 5 0.0635 321 576 571 824 7 0.0634 259 523 515 763 0 0.0626 322 579 578 828 8 0.0625 184 582 432 829 0 0.0619 180 583 437 833 0 0.0613 255 523 509 765 11 0.0609 313 458 564 700 11 0.0606 444 466 701 698 7 0.0602 212 488 584 662 5 0.0602 252 520 503 763 11 0.0600 176 585 437 827 6 0.0598 325 580 579 826 0 0.0595 320 458 565 704 8 0.0591 326 578 571 826 5 0.0590 444 462 692 697 6 0.0590 184 584 440 829 10 0.0590 246 581 505 821 5 0.0590 315 452 559 701 7 0.0588 184 581 440 826 0 0.0586 446 466 701 700 11 0.0584 253 527 509 763 8 0.0580 259 523 502 763 7 0.0578 452 465 706 697 3 0.0576 327 580 578 827 13 0.0574 252 581 512 823 3 0.0574 181 583 435 834 11 0.0569 563 548 822 760 8 0.0569 319 457 557 700 5 0.0567 555 609 810 826 10 0.0561 325 517 578 760 8 0.0559 562 611 806 827 6 0.0559 256 528 514 765 2 0.0557 248 584 506 823 3 0.0555 257 526 509 767 8 0.0552 447 468 694 699 6 0.0548 448 470 704 701 0 0.0535 566 553 816 765 6 0.0534 319 460 569 702 6 0.0534 562 615 818 830 13 0.0533 328 519 585 763 1 0.0532 320 576 576 826 4 0.0532 325 583 581 828 12 0.0527 185 581 438 835 7 0.0524 566 548 823 763 9 0.0524 320 581 575 825 2 0.0523 328 522 580 761 13 0.0519 567 551 828 767 10 0.0519 449 469 697 699 3 0.0518 321 460 565 707 10 0.0517 559 615 812 828 3 0.0516 451 471 700 705 1 0.0513 180 578 436 829 13 0.0512 452 468 707 703 2 0.0509 451 473 701 700 3 0.0505 564 610 814 833 12 0.0501 323 576 575 828
u2PH3TfT193XDSdyLf77yX6sBc9a1EZj,5 0.0597 440 763 674 1017 5 0.0581 241 399 493 632 0 0.0575 525 343 761 581 11 0.0568 516 280 758 496 0 0.0561 252 67 515 317 8 0.0561 344 467 702 655 3 0.0558 447 768 682 1023 5 0.0556 522 337 758 574 0 0.0556 247 402 500 639 8 0.0553 252 470 493 707 11 0.0550 244 408 499 635 5 0.0549 333 466 714 650 5 0.0545 567 276 813 501 11 0.0544 336 470 713 649 6 0.0540 532 342 763 577 8 0.0539 527 340 757 581 7 0.0539 447 765 686 1017 0 0.0539 254 191 504 436 11 0.0537 442 773 678 1015 3 0.0536 578 283 817 506 11 0.0534 255 134 518 375 3 0.0531 248 405 497 641 6 0.0530 442 775 688 1018 7 0.0525 252 401 499 636 0 0.0523 565 416 819 648 0 0.0521 342 466 720 656 11 0.0518 564 415 819 643 0 0.0517 640 278 885 511 13 0.0517 582 362 828 589 11 0.0517 376 718 623 948 5 0.0516 559 409 816 644 6 0.0513 261 189 504 430 13 0.0512 259 188 513 436 2 0.0511 527 347 761 578 8 0.0511 263 134 508 380 7 0.0510 532 345 762 580 5 0.0502 253 125 513 375 10 0.0502 251 477 502 707 2 0.0501 449 780 681 1017 13 0.0500 252 475 507 712
dEmw1JHw0LT5DtRGSVa0v2EzTenV7UT3,8 0.0569 198 606 455 844 11 0.0562 372 536 636 759 11 0.0557 516 406 759 634 11 0.0549 439 461 694 687 7 0.0543 207 598 466 840 0 0.0538 515 414 763 637 0 0.0538 298 2 565 252 5 0.0533 313 186 578 418 8 0.0524 327 602 580 830 11 0.0520 196 607 461 839 11 0.0519 310 267 581 497 7 0.0519 328 602 593 829 13 0.0518 382 539 647 763 13 0.0516 257 620 529 840 0 0.0515 201 600 466 845 8 0.0514 458 408 690 634 6 0.0514 377 538 642 759 11 0.0513 319 606 585 827 6 0.0512 206 608 466 839 11 0.0512 291 5 565 248 7 0.0508 323 189 578 423 3 0.0507 380 539 638 767 8 0.0503 302 3 554 250 0 0.0501 432 68 702 305 0 0.0501 322 603 587 833
TLCmYkhyhcycVGewqsSgoxw8OnlRinE1,7 0.0693 260 601 515 838 7 0.0669 255 709 511 954 5 0.0668 185 713 432 956 0 0.0665 187 653 441 895 7 0.0659 189 654 443 895 5 0.0651 249 655 504 899 8 0.0649 253 656 501 898 11 0.0647 186 654 442 891 0 0.0645 256 602 513 839 11 0.0636 257 603 513 835 8 0.0631 114 645 362 880 5 0.0627 184 594 444 828 11 0.0623 253 709 510 950 6 0.0622 189 654 443 894 6 0.0621 258 602 514 838 8 0.0616 185 712 433 956 0 0.0606 254 708 507 954 3 0.0604 192 654 442 897 8 0.0602 189 595 442 829 3 0.0601 260 603 514 842 6 0.0589 257 709 510 953 10 0.0588 250 660 504 899 7 0.0583 190 539 451 773 11 0.0577 116 592 376 817 10 0.0576 185 599 447 828 2 0.0574 186 720 438 960 0 0.0570 186 538 446 777 13 0.0568 256 656 509 901 1 0.0559 251 652 505 901 5 0.0558 114 641 361 881 10 0.0556 254 542 507 776 2 0.0552 254 661 505 903 12 0.0550 190 652 441 894 3 0.0547 260 710 509 956 10 0.0542 183 718 437 958 13 0.0541 189 718 442 957 6 0.0537 187 540 450 772 10 0.0535 112 651 364 880 3 0.0535 122 591 371 825 1 0.0534 187 592 446 829 0 0.0533 108 715 367 964 13 0.0529 192 595 453 830 9 0.0529 248 657 506 898 2 0.0528 190 602 448 831 11 0.0524 109 713 366 957 13 0.0520 118 648 371 880 12 0.0518 261 602 515 839 12 0.0515 256 706 508 952 4 0.0512 254 710 513 954 1 0.0508 183 709 434 958
ypN10IQlwRUn3XVCIgtYT2gG5rHThPtQ,8 0.0606 388 246 653 508 11 0.0603 448 248 729 490 11 0.0592 384 314 653 563 5 0.0584 377 310 642 559 0 0.0560 386 310 649 568 13 0.0558 390 312 657 570 5 0.0553 436 242 724 484 8 0.0551 391 388 638 647 6 0.0542 388 314 660 568 7 0.0539 512 315 765 565 7 0.0538 381 204 659 440 0 0.0532 369 200 658 446 5 0.0527 388 445 634 694 0 0.0523 394 448 636 698 8 0.0518 312 313 556 573 11 0.0518 453 383 699 629 0 0.0518 324 388 572 644 6 0.0517 452 249 736 499 2 0.0517 452 255 728 494 7 0.0516 391 311 654 568 3 0.0515 391 250 665 511 13 0.0506 397 451 648 696 6 0.0504 556 329 816 575 8 0.0501 554 250 817 502 11 0.0501 376 535 641 766
NxA3cMwsIafr1shaXmrgCc42NuYSIqGo,11 0.0595 637 210 899 435 5 0.0593 296 205 560 438 8 0.0588 308 148 570 387 11 0.0582 236 143 506 377 11 0.0581 375 144 644 387 0 0.0579 240 337 496 574 7 0.0573 242 332 496 580 0 0.0570 238 142 506 379 0 0.0568 376 142 640 393 5 0.0566 233 138 502 376 11 0.0563 233 339 490 576 11 0.0562 296 212 567 441 8 0.0561 639 209 890 435 0 0.0560 638 207 900 435 0 0.0554 297 263 558 496 8 0.0553 571 385 815 634 5 0.0552 232 327 488 577 5 0.0551 374 137 639 385 5 0.0548 444 667 697 911 5 0.0547 564 384 818 635 2 0.0545 245 147 504 378 5 0.0544 311 77 575 322 11 0.0543 566 138 824 372 6 0.0541 643 209 904 437 11 0.0538 627 342 897 567 0 0.0537 513 452 762 688 8 0.0537 304 263 548 496 0 0.0537 316 410 567 642 11 0.0537 312 409 565 639 6 0.0534 576 390 828 634 7 0.0534 247 141 509 377 6 0.0533 243 142 513 377 2 0.0530 302 218 564 441 5 0.0529 557 188 837 422 0 0.0525 383 475 636 710 0 0.0521 313 83 578 327 7 0.0520 376 204 627 439 13 0.0517 632 279 897 503 2 0.0517 319 89 581 324 5 0.0516 621 273 885 501 8 0.0515 397 603 644 822 8 0.0514 448 670 693 916 8 0.0510 370 82 630 326 0 0.0510 569 136 828 374 5 0.0509 308 400 557 644 2 0.0509 627 281 888 502 0 0.0509 308 623 588 846 7 0.0508 227 460 492 691 8 0.0507 240 331 485 576 7 0.0507 319 82 586 324 6 0.0505 382 146 646 392 13 0.0505 248 139 514 377 0 0.0504 446 669 702 917 0 0.0504 758 0 1017 196 0 0.0504 394 340 633 588 11 0.0504 313 87 578 324 5 0.0503 391 600 646 820 2 0.0503 379 150 641 387 0 0.0503 516 329 755 570 3 0.0502 302 212 566 448 13 0.0500 304 213 570 444
nQQ2ff7CI7FjLHXtlnLCPs2tCivDVDdA,8 0.0669 180 785 422 1022 7 0.0662 136 718 376 954 8 0.0659 133 715 370 954 5 0.0645 175 785 423 1019 5 0.0636 127 717 371 953 8 0.0632 119 592 374 838 0 0.0630 133 720 374 955 7 0.0626 182 787 429 1022 0 0.0625 182 788 427 1023 11 0.0622 121 591 385 839 11 0.0615 180 789 427 1020 7 0.0603 123 586 385 841 11 0.0594 177 524 435 761 11 0.0593 131 719 378 952 10 0.0590 130 724 378 952 0 0.0588 122 590 382 842 10 0.0575 181 793 429 1020 9 0.0567 179 792 428 1021 9 0.0563 130 721 375 954 5 0.0559 119 585 379 839 6 0.0559 134 722 379 954 3 0.0552 121 660 380 904 2 0.0552 132 723 374 955 6 0.0549 183 794 429 1023 13 0.0540 182 789 433 1023 13 0.0537 132 718 384 955 2 0.0537 182 793 428 1022 3 0.0525 183 789 428 1023 6 0.0517 124 591 384 839 0 0.0515 176 521 434 769 8 0.0515 177 529 423 762 7 0.0508 182 518 437 769 12 0.0507 132 716 377 956 10 0.0502 119 596 380 839
23KHVIxeWTN28No737ZZURLJrrsKBZv1,7 0.0614 450 647 690 895 5 0.0610 385 709 623 957 7 0.0607 391 712 630 964 5 0.0604 179 716 434 955 7 0.0603 314 658 562 904 7 0.0598 251 716 501 964 6 0.0595 388 715 629 962 11 0.0591 386 715 625 958 11 0.0590 309 661 560 900 8 0.0588 251 714 496 959 10 0.0585 181 722 435 954 0 0.0579 314 657 559 907 0 0.0576 185 718 436 959 0 0.0569 449 652 687 896 7 0.0567 130 712 377 952 8 0.0565 388 711 621 960 6 0.0562 249 717 502 959 11 0.0562 445 655 690 891 5 0.0558 308 655 558 903 13 0.0558 389 712 634 961 0 0.0552 389 711 626 963 11 0.0550 123 716 375 950 5 0.0550 443 648 684 892 3 0.0542 251 711 500 965 7 0.0537 373 594 626 832 3 0.0536 391 711 628 967 10 0.0535 387 716 628 959 8 0.0535 128 714 367 951 6 0.0532 448 656 693 892 8 0.0527 449 654 680 893 11 0.0524 367 598 624 833 13 0.0515 252 715 507 960 13 0.0511 448 655 695 896 2 0.0508 249 720 500 961 6 0.0506 130 716 379 951 9 0.0505 383 714 626 957 2 0.0505 387 715 627 962 3 0.0502 451 653 690 901 12 0.0501 390 710 627 962
TH8FXQwiTESA0XqCwCFthF6zfWx3bXVc,11 0.0654 122 732 376 957 0 0.0637 127 792 360 1023 5 0.0566 123 782 356 1015 11 0.0562 16 785 270 1013 7 0.0562 310 682 564 908 6 0.0561 131 787 364 1017 7 0.0558 131 785 364 1016 3 0.0557 136 790 360 1023 8 0.0552 133 785 353 1017 11 0.0547 305 688 565 905 5 0.0547 300 679 556 907 10 0.0539 304 687 560 906 10 0.0536 150 669 383 894 0 0.0530 17 784 263 1013 3 0.0529 305 682 562 914 11 0.0529 0 2 255 204 8 0.0529 0 0 243 201 13 0.0527 3 1 259 205 7 0.0525 152 660 391 900 0 0.0525 4 0 250 205 6 0.0524 311 684 564 904 5 0.0522 143 655 381 894 10 0.0520 0 4 252 202 13 0.0519 130 789 366 1015 11 0.0517 494 405 754 642 6 0.0515 581 415 821 642 0 0.0515 309 680 561 912 7 0.0514 2 0 256 204 8 0.0513 307 685 553 906 11 0.0501 322 424 697 600
LaOzSqVkffPXBXsuO5adM0QnKLby7qrv,5 0.0603 349 791 620 1018 7 0.0601 359 794 631 1023 11 0.0587 353 798 623 1019 0 0.0569 350 666 702 864 11 0.0563 340 741 697 918 8 0.0560 359 793 616 1023 5 0.0559 410 671 754 866 3 0.0558 359 796 626 1023 8 0.0556 0 0 244 211 7 0.0554 350 737 698 919 0 0.0552 356 794 626 1023 11 0.0550 0 31 242 269 8 0.0544 346 739 677 920 3 0.0532 345 736 691 925 6 0.0532 353 667 702 861 11 0.0530 645 549 902 779 5 0.0524 242 390 501 610 11 0.0524 409 677 764 869 13 0.0521 325 396 594 617 13 0.0518 3 27 250 271 8 0.0517 326 300 574 533 0 0.0516 244 245 501 470 6 0.0516 363 731 639 963 0 0.0515 1 0 250 217 5 0.0515 0 1 247 213 13 0.0512 242 789 500 1023 10 0.0512 353 799 626 1023 3 0.0511 3 29 241 277 6 0.0511 300 794 560 1022 13 0.0511 361 796 633 1023 11 0.0510 251 665 521 887 5 0.0509 269 588 528 829 7 0.0508 0 25 244 272 11 0.0508 391 463 656 693 3 0.0508 255 662 515 904 11 0.0506 233 790 494 1020 5 0.0505 0 99 247 319 0 0.0504 131 324 383 549 5 0.0503 225 783 488 1013 6 0.0502 1 4 256 213 2 0.0501 358 799 626 1023 7 0.0500 238 788 498 1020 5 0.0500 322 465 589 693
gmy7DM6xE9sqcl39S3YP7hQUl1rjGnJx,5 0.0685 181 779 433 1016 8 0.0667 184 778 434 1018 7 0.0661 154 797 500 981 0 0.0640 250 779 498 1021 6 0.0620 185 785 435 1019 11 0.0610 183 781 435 1016 3 0.0594 251 779 498 1023 10 0.0592 147 801 500 976 13 0.0591 187 782 440 1017 2 0.0578 149 800 500 980 12 0.0560 150 797 501 980 9 0.0558 182 781 438 1017 4 0.0514 183 784 437 1018 1 0.0513 181 778 435 1017 11 0.0509 64 615 328 834 7 0.0504 76 609 332 835
1isEflXRjrElhoYA9WA0BgM69pEXUVsv,8 0.0612 8 583 248 828 0 0.0611 0 790 252 1023 11 0.0589 434 810 684 1021 0 0.0580 699 558 953 804 0 0.0569 0 664 259 900 8 0.0568 3 785 244 1017 11 0.0561 0 591 255 828 5 0.0560 431 805 683 1020 8 0.0558 370 797 604 1020 5 0.0555 0 582 250 826 3 0.0550 441 809 679 1023 5 0.0550 0 788 242 1017 6 0.0546 370 800 617 1018 8 0.0545 699 562 942 803 13 0.0543 369 803 622 1023 3 0.0540 9 583 256 833 6 0.0536 0 793 253 1018 6 0.0534 6 586 261 828 11 0.0530 695 563 957 798 6 0.0527 379 674 630 904 10 0.0527 0 794 252 1020 7 0.0525 375 745 619 969 7 0.0524 435 810 686 1023 11 0.0523 372 744 618 965 11 0.0519 0 795 247 1018 5 0.0518 370 737 608 962 3 0.0517 379 676 629 913 8 0.0515 69 649 314 908 11 0.0511 61 658 324 899 5 0.0510 689 559 947 806 5 0.0508 291 791 544 1017 7 0.0507 0 661 263 902 11 0.0501 0 3 244 207
EJ42WMEldhDArN2rynHI3WZ42ugVVB5J,11 0.0634 1 535 250 764 8 0.0624 9 486 237 709 0 0.0612 2 536 251 764 11 0.0608 380 258 647 504 8 0.0598 381 256 642 504 8 0.0595 186 519 431 761 0 0.0586 186 524 442 759 7 0.0585 456 201 725 455 3 0.0581 442 266 700 514 0 0.0578 510 393 766 628 7 0.0574 4 531 252 764 3 0.0573 9 537 256 769 0 0.0573 508 263 771 505 6 0.0570 8 536 257 761 5 0.0567 388 518 632 767 7 0.0563 244 455 511 702 11 0.0561 521 201 775 441 5 0.0561 180 519 437 756 5 0.0555 507 388 758 626 11 0.0555 500 327 764 558 6 0.0554 443 268 707 509 5 0.0550 508 257 766 503 0 0.0548 582 198 822 435 2 0.0547 439 272 702 511 11 0.0545 385 465 654 706 7 0.0544 382 257 650 505 10 0.0544 506 396 763 627 11 0.0542 182 522 438 753 5 0.0541 307 456 574 701 13 0.0539 395 467 663 709 5 0.0538 375 252 641 498 0 0.0538 4 277 244 523 8 0.0536 511 264 764 502 13 0.0535 444 268 712 512 5 0.0534 0 530 249 765 8 0.0534 127 269 383 500 0 0.0531 579 326 822 564 6 0.0531 326 265 585 519 10 0.0530 438 269 706 509 0 0.0526 242 460 505 700 5 0.0524 242 328 507 561 3 0.0523 521 197 775 447 13 0.0522 5 538 257 764 5 0.0522 576 324 816 559 0 0.0522 252 331 515 565 1 0.0519 2 528 250 766 13 0.0517 188 519 447 762 8 0.0516 578 329 815 561 11 0.0516 319 524 581 770 13 0.0515 263 592 513 838 0 0.0515 17 414 256 652 7 0.0514 392 463 655 706 3 0.0514 323 267 581 524 5 0.0514 252 582 502 829 11 0.0511 16 407 254 647 7 0.0509 253 334 519 567 8 0.0508 511 391 757 628 6 0.0508 577 258 826 497 10 0.0508 389 469 650 706 10 0.0508 2 539 249 763 0 0.0508 323 525 584 775 2 0.0507 11 485 251 712 3 0.0507 187 521 438 766 8 0.0504 391 459 643 708 5 0.0503 579 196 819 432 0 0.0502 122 270 399 503 13 0.0501 73 272 334 516
HMeW6WGHg7m0poh6V9e5jnTgxAFMMSD2,8 0.0686 194 784 430 1022 5 0.0661 189 785 431 1021 11 0.0655 193 719 441 965 7 0.0646 194 786 438 1023 0 0.0643 196 716 438 969 7 0.0643 261 719 508 972 11 0.0620 316 719 570 965 5 0.0615 255 718 503 967 6 0.0615 197 719 442 968 11 0.0609 188 604 440 826 10 0.0596 191 790 435 1023 8 0.0595 259 719 502 968 6 0.0591 318 718 572 968 0 0.0590 190 600 437 828 13 0.0589 196 789 439 1023 0 0.0588 317 717 567 970 8 0.0572 190 600 428 825 2 0.0571 192 790 435 1023 13 0.0571 261 722 512 972 2 0.0560 257 724 507 971 7 0.0558 196 601 441 826 1 0.0557 190 783 434 1023 10 0.0556 256 724 506 969 9 0.0546 192 789 435 1021 3 0.0544 195 788 436 1023 12 0.0536 197 717 439 969 1 0.0524 252 714 504 973 4 0.0514 192 788 439 1023 3 0.0504 262 719 506 975
CZlLxuHhReIpwbcsS3Jit6r5Jx2UzDcy,0 0.0649 0 674 242 912 8 0.0616 1 666 242 911 7 0.0595 309 806 568 1023 11 0.0591 0 617 259 843 5 0.0588 0 664 241 912 0 0.0581 47 739 312 982 11 0.0580 448 524 706 768 11 0.0576 305 810 561 1021 3 0.0566 3 670 246 918 8 0.0564 448 519 694 772 11 0.0563 49 739 311 980 7 0.0561 391 527 648 775 0 0.0556 118 671 386 907 7 0.0554 3 668 247 917 5 0.0553 298 807 558 1021 6 0.0551 391 525 647 773 11 0.0546 121 664 382 897 0 0.0546 518 526 762 770 0 0.0544 0 511 266 722 6 0.0543 366 682 637 914 3 0.0541 51 737 309 986 5 0.0538 440 516 701 771 8 0.0538 376 605 628 842 5 0.0533 313 598 579 850 6 0.0531 50 738 318 973 5 0.0530 114 735 375 973 8 0.0529 310 810 553 1021 6 0.0529 3 671 251 907 13 0.0529 396 473 649 710 11 0.0528 369 604 641 839 7 0.0521 325 600 583 853 9 0.0521 0 671 248 908 6 0.0519 309 810 567 1020 5 0.0516 119 604 385 847 6 0.0512 519 527 769 764 3 0.0511 308 811 559 1023 0 0.0508 392 523 647 777 10 0.0506 318 606 578 848 3 0.0505 449 524 707 778 0 0.0505 324 597 582 853 10 0.0504 115 745 378 972 2 0.0504 1 677 251 914 13 0.0503 322 599 589 853 8 0.0503 317 526 573 779 8 0.0502 697 0 942 195 10 0.0500 395 476 639 706
cxwpvQo6DmZaMwHUvmJXv3BpeaBMqClw,0 0.0649 601 343 973 535 0 0.0614 520 342 784 587 8 0.0599 602 341 954 535 5 0.0595 596 344 962 533 7 0.0580 525 337 784 581 11 0.0576 768 398 1023 637 5 0.0572 520 335 772 582 8 0.0566 527 339 771 581 2 0.0566 526 347 780 584 11 0.0565 596 347 973 533 0 0.0551 307 526 567 758 11 0.0545 136 805 385 1021 0 0.0543 458 271 712 508 0 0.0542 770 397 1022 645 7 0.0540 609 344 974 535 8 0.0536 139 810 373 1023 13 0.0531 527 344 789 579 8 0.0530 194 461 444 706 6 0.0530 190 460 457 706 13 0.0530 245 399 513 631 6 0.0530 607 343 976 531 8 0.0529 247 399 497 628 11 0.0527 306 525 563 755 6 0.0525 530 339 784 581 8 0.0519 770 388 1016 642 0 0.0516 248 450 505 693 11 0.0516 238 403 505 626 7 0.0515 314 519 572 754 5 0.0514 456 264 702 508 11 0.0513 216 346 552 530 8 0.0512 313 522 557 753 13 0.0511 613 341 981 537 11 0.0510 523 341 779 580 5 0.0510 212 338 547 529 10 0.0508 513 278 766 511 7 0.0507 246 394 510 631 5 0.0505 764 391 1022 637 8 0.0502 463 267 700 504 10 0.0500 136 813 377 1021
H8pyJMYq4IcLPSZraSKLsCzbJWmd145s,0 0.0613 389 460 628 704 11 0.0598 313 457 569 698 6 0.0587 382 537 626 764 8 0.0586 377 535 616 764 8 0.0577 448 273 684 503 0 0.0577 445 279 690 504 6 0.0575 319 456 568 701 8 0.0573 317 452 561 698 8 0.0570 391 333 625 568 0 0.0565 317 390 554 639 11 0.0564 376 538 623 763 11 0.0563 446 398 702 634 3 0.0562 377 537 623 770 7 0.0558 320 452 569 698 5 0.0555 443 276 688 503 5 0.0555 384 457 627 701 3 0.0552 455 277 690 510 6 0.0544 393 335 638 570 0 0.0542 393 334 633 572 10 0.0541 312 460 567 696 11 0.0535 315 333 563 570 7 0.0535 382 532 626 766 11 0.0532 444 279 691 503 8 0.0531 452 391 695 635 5 0.0529 311 387 555 635 13 0.0529 452 277 698 506 5 0.0526 302 271 557 505 0 0.0524 448 396 699 635 6 0.0523 451 395 704 633 6 0.0521 451 281 697 507 5 0.0520 443 393 696 629 13 0.0520 319 392 563 640 2 0.0517 318 459 568 699 3 0.0517 316 456 567 702 0 0.0517 374 215 633 445 10 0.0516 451 399 704 631 3 0.0514 382 215 632 447 5 0.0512 369 209 627 439 0 0.0512 310 279 560 509 10 0.0512 452 281 695 505 6 0.0510 378 213 638 447 13 0.0508 381 535 632 768 13 0.0507 394 335 640 572 10 0.0507 375 540 626 762 8 0.0506 378 214 622 439 0 0.0506 507 163 756 389 7 0.0505 450 275 694 506 12 0.0500 378 535 625 765 11 0.0500 510 167 761 389
n3QIKu3k4HsCW2t6EAoApV9zkQoyxekV,11 0.0606 497 2 770 195 8 0.0601 499 0 762 200 8 0.0598 3 5 228 241 3 0.0593 504 0 770 203 11 0.0589 432 69 704 315 3 0.0588 442 66 703 323 8 0.0587 433 66 693 320 8 0.0586 97 0 430 148 5 0.0584 0 1 231 245 6 0.0583 505 0 773 198 11 0.0573 352 218 617 450 5 0.0569 497 0 768 199 3 0.0561 0 9 235 248 0 0.0560 560 2 826 198 11 0.0558 91 3 448 144 11 0.0557 0 12 240 241 0 0.0556 433 67 699 319 5 0.0550 90 0 437 148 13 0.0548 562 0 833 196 13 0.0548 98 0 456 150 0 0.0547 92 1 441 149 8 0.0546 575 81 817 340 10 0.0543 353 218 616 453 7 0.0541 501 0 769 201 7 0.0539 439 68 703 323 11 0.0537 570 86 826 333 13 0.0536 507 74 772 329 10 0.0532 499 3 770 198 0 0.0531 718 461 966 695 13 0.0531 369 274 627 511 6 0.0530 3 7 239 241 6 0.0529 510 74 768 326 7 0.0526 0 9 235 243 8 0.0523 363 272 614 507 2 0.0522 500 5 768 198 5 0.0521 430 60 697 319 3 0.0520 357 214 614 456 13 0.0519 3 9 245 248 6 0.0519 369 270 626 505 6 0.0518 102 0 449 146 13 0.0517 303 200 576 450 7 0.0515 366 273 623 506 0 0.0514 572 85 820 341 0 0.0512 577 212 819 460 5 0.0511 357 265 615 503 6 0.0510 726 462 975 694 10 0.0509 434 69 701 318 12 0.0508 499 1 771 201 6 0.0507 584 280 827 515 0 0.0504 0 8 233 245 6 0.0504 302 203 572 445 3 0.0504 579 85 827 348 8 0.0502 627 0 879 209 11 0.0502 258 346 635 528 5 0.0502 111 469 371 695 10 0.0501 0 11 232 244
KZekz9RRs0mNzgKIiOk8YOyt0X7zhwa9,0 0.0572 700 0 950 208 5 0.0564 513 128 759 365 5 0.0549 697 0 944 203 6 0.0538 703 0 949 204 8 0.0538 640 79 885 291 11 0.0537 312 407 573 646 2 0.0534 693 33 938 244 8 0.0531 700 0 943 203 7 0.0528 317 405 578 649 7 0.0522 240 456 504 716 11 0.0522 234 461 500 713 13 0.0521 133 535 393 773 8 0.0513 511 136 751 370 5 0.0512 232 453 495 714 5 0.0511 639 72 890 291 11 0.0510 579 139 830 362 8 0.0509 240 458 491 713 13 0.0509 693 28 946 248 11 0.0507 371 473 639 707 11 0.0505 639 80 895 292 11 0.0501 252 341 519 573 5 0.0500 308 403 565 645
E5QW5japeWgX4mqFNy1E419Qha3Wa966,11 0.0630 182 784 436 1019 7 0.0614 185 715 440 951 11 0.0608 320 782 559 1009 7 0.0608 123 784 374 1023 8 0.0595 121 785 364 1021 7 0.0593 320 780 565 1013 8 0.0590 317 785 552 1016 5 0.0585 180 777 427 1018 11 0.0570 177 664 450 884 0 0.0566 119 786 369 1022 8 0.0557 243 719 489 953 6 0.0552 183 786 437 1023 2 0.0545 182 788 437 1023 13 0.0543 123 792 376 1023 7 0.0528 136 655 385 879 8 0.0525 175 663 434 888 0 0.0524 183 720 438 954 5 0.0523 312 777 556 1011 10 0.0518 182 786 436 1020 0 0.0517 313 784 559 1018 5 0.0516 239 715 490 949 0 0.0510 260 539 504 762 6 0.0509 320 788 564 1016 13 0.0509 320 787 567 1017 3 0.0509 319 783 562 1023
DuUtg2VJgxNVYZW6P2fEwO5HX8LiiCu9,5 0.0591 181 397 430 645 11 0.0573 251 405 508 640 11 0.0572 321 460 584 692 8 0.0566 184 394 427 649 8 0.0557 254 465 504 715 0 0.0556 319 523 579 759 5 0.0551 247 335 496 570 0 0.0551 251 401 505 647 0 0.0547 498 280 733 501 3 0.0546 503 278 731 505 13 0.0545 302 485 656 675 6 0.0544 258 401 508 644 11 0.0542 638 273 894 499 5 0.0541 494 272 725 498 11 0.0540 318 346 583 574 11 0.0537 174 464 439 716 5 0.0536 637 323 886 562 5 0.0535 317 391 577 641 3 0.0534 322 346 583 583 7 0.0533 324 341 589 577 7 0.0532 188 397 436 642 0 0.0529 317 342 584 581 6 0.0528 303 490 658 674 5 0.0527 247 461 506 712 8 0.0526 497 274 725 502 3 0.0526 645 276 892 513 13 0.0525 256 402 515 651 8 0.0522 321 345 573 579 10 0.0521 253 469 514 712 11 0.0519 250 543 517 779 11 0.0515 499 353 741 577 13 0.0512 382 342 641 571 0 0.0511 642 277 891 506 0 0.0511 432 473 701 706 7 0.0508 304 142 576 386 7 0.0507 505 274 738 497 0 0.0506 574 335 811 563 0 0.0506 383 606 635 836 6 0.0506 324 346 587 577 7 0.0503 257 465 514 714
kUl719mJBRnrdvAkwxSdeFQBTlw05jdW,8 0.0604 575 593 816 833 6 0.0601 251 331 504 577 8 0.0582 517 469 769 719 11 0.0568 244 273 503 504 0 0.0566 246 274 499 512 5 0.0556 175 339 420 585 11 0.0552 516 474 773 712 11 0.0551 441 338 709 565 8 0.0548 250 272 490 511 11 0.0541 506 596 769 834 8 0.0541 639 540 876 774 8 0.0538 439 334 699 573 8 0.0536 184 337 420 596 0 0.0536 183 343 424 598 11 0.0536 309 339 585 575 11 0.0536 577 342 835 574 13 0.0532 529 401 790 649 7 0.0529 458 467 718 711 11 0.0528 502 265 764 498 7 0.0526 578 590 824 835 5 0.0526 570 589 819 830 11 0.0524 452 141 725 365 10 0.0524 513 596 768 837 5 0.0523 382 519 643 770 2 0.0522 443 340 705 568 7 0.0520 252 329 502 576 5 0.0520 243 269 493 503 0 0.0520 576 596 825 832 11 0.0517 178 343 428 590 8 0.0516 450 141 713 366 5 0.0514 443 141 712 364 0 0.0514 498 205 764 434 0 0.0513 313 336 579 584 13 0.0512 445 332 714 568 6 0.0511 455 470 720 712 3 0.0510 444 334 708 577 5 0.0510 311 328 575 576 3 0.0510 582 595 821 840 0 0.0508 250 139 509 389 11 0.0508 309 516 581 762 13 0.0507 319 333 591 582 13 0.0506 249 271 510 513 5 0.0506 635 534 881 772 6 0.0505 583 530 832 766 3 0.0504 506 265 764 513 7 0.0503 449 334 713 570 6 0.0503 252 198 506 442 10 0.0502 449 149 722 364 8 0.0501 500 262 756 506 8 0.0500 577 338 826 582
vPkAtWeUrrc9ebXnDXIqAnVNqkVBTCgP,11 0.0588 317 593 573 835 11 0.0566 52 24 324 250 8 0.0559 53 23 306 256 5 0.0558 314 587 571 836 8 0.0544 376 590 625 833 10 0.0542 315 592 573 834 5 0.0542 52 16 314 253 0 0.0540 55 19 316 256 8 0.0539 0 403 246 637 7 0.0534 381 587 638 838 0 0.0533 376 588 636 840 11 0.0531 234 669 503 903 11 0.0528 245 530 512 773 7 0.0524 307 664 571 907 11 0.0521 380 520 643 762 5 0.0516 0 405 246 636 10 0.0512 241 535 514 773 3 0.0510 61 19 316 257 13 0.0507 60 22 324 255 6 0.0507 376 587 638 834 5 0.0506 224 664 500 902 8 0.0504 236 667 499 906
WQ3WcPFA45QdyfLXdNTehydkv0sASPnb,7 0.0637 204 743 566 912 7 0.0629 250 781 504 1023 5 0.0623 381 775 628 1019 0 0.0621 201 743 558 916 8 0.0613 203 743 554 914 0 0.0609 317 780 566 1023 8 0.0607 318 777 559 1022 5 0.0605 243 775 494 1020 0 0.0604 453 783 696 1023 7 0.0603 458 781 700 1023 5 0.0599 312 705 560 954 8 0.0596 454 779 689 1021 11 0.0591 316 782 564 1020 11 0.0588 246 715 499 955 10 0.0577 195 744 562 911 11 0.0577 455 785 693 1021 8 0.0577 236 391 494 619 11 0.0566 183 786 436 1021 6 0.0560 387 787 637 1023 13 0.0558 459 783 702 1023 3 0.0557 202 744 563 917 8 0.0556 185 783 433 1021 13 0.0556 320 782 572 1023 6 0.0550 200 744 564 914 8 0.0549 44 350 304 566 13 0.0541 251 712 506 961 3 0.0539 456 785 696 1023 6 0.0536 252 786 503 1023 10 0.0529 455 783 695 1021 10 0.0526 180 786 441 1023 0 0.0524 185 782 441 1023 9 0.0523 243 788 498 1018 7 0.0523 234 385 505 619 2 0.0521 457 788 697 1023 9 0.0518 453 784 693 1018 5 0.0518 46 343 305 568 3 0.0517 249 783 502 1023 2 0.0514 320 785 567 1023 13 0.0513 187 787 448 1023 5 0.0512 230 384 500 621 2 0.0507 201 747 559 916 11 0.0506 230 396 502 620 1 0.0503 198 740 562 913 8 0.0502 308 338 566 561 12 0.0502 204 742 562 913
DX9xGucu6F85itEpAw4NkKPCAXYci4en,0 0.0663 443 460 691 699 5 0.0652 505 143 768 391 13 0.0646 508 146 776 390 6 0.0632 582 144 842 383 0 0.0631 574 205 830 449 6 0.0631 446 462 694 704 11 0.0625 440 461 689 698 3 0.0613 512 217 770 467 8 0.0609 572 204 824 447 5 0.0608 441 203 699 455 6 0.0602 521 528 771 773 11 0.0602 636 330 893 572 6 0.0598 450 586 708 828 8 0.0597 375 588 620 818 5 0.0595 631 322 889 570 8 0.0595 446 458 686 702 11 0.0594 573 145 840 383 11 0.0594 447 585 704 824 6 0.0592 515 214 772 462 3 0.0587 527 88 770 317 8 0.0587 444 271 697 523 3 0.0586 455 136 701 389 0 0.0585 446 273 702 526 3 0.0584 581 144 837 390 7 0.0584 511 145 772 393 5 0.0583 445 576 703 824 11 0.0582 518 532 768 768 7 0.0582 446 207 705 458 0 0.0582 521 529 766 770 13 0.0580 452 531 710 767 10 0.0578 442 461 693 700 8 0.0578 521 527 763 769 8 0.0576 386 138 625 392 6 0.0572 455 135 706 383 11 0.0571 519 90 769 311 5 0.0570 439 451 686 699 7 0.0567 639 327 899 575 6 0.0564 642 327 896 573 13 0.0564 378 592 641 820 11 0.0563 441 271 702 522 0 0.0563 645 101 901 324 0 0.0562 383 204 640 460 0 0.0562 640 326 896 574 11 0.0561 508 217 773 460 3 0.0560 447 457 693 705 0 0.0559 191 347 439 588 8 0.0559 311 464 552 695 11 0.0558 448 134 705 385 13 0.0556 518 598 771 833 5 0.0556 445 72 697 310 5 0.0556 377 136 632 393 8 0.0555 452 76 693 310 7 0.0554 447 455 695 703 13 0.0552 642 330 900 573 2 0.0551 510 150 768 392 6 0.0550 525 87 771 309 7 0.0550 526 523 772 769 10 0.0549 450 79 701 314 3 0.0548 643 326 894 579 10 0.0548 570 207 831 446 0 0.0548 449 80 700 311 13 0.0544 450 208 710 457 8 0.0544 642 324 885 573 11 0.0543 304 463 561 697 13 0.0543 456 80 707 311 10 0.0543 516 532 771 769 10 0.0542 446 210 705 459 6 0.0542 387 199 644 456 2 0.0542 448 210 699 459 3 0.0540 456 583 706 832 9 0.0539 571 207 829 445 9 0.0539 443 274 700 518 5 0.0539 576 80 833 309 6 0.0538 450 269 706 526 3 0.0538 524 528 768 774 7 0.0538 453 582 707 828 0 0.0530 449 585 701 826 0 0.0529 308 465 562 698 7 0.0528 386 141 636 395 11 0.0528 444 14 710 253 3 0.0527 391 203 640 461 6 0.0526 653 101 912 322 10 0.0526 637 332 891 569 12 0.0524 574 207 833 447 9 0.0522 447 529 705 766 7 0.0520 452 78 700 312 11 0.0519 383 205 640 455
jM8EWriuOMY4G1lwr9G0mNGLuCgOjSmc,8 0.0639 417 789 674 1022 11 0.0639 360 794 619 1020 11 0.0636 399 539 769 725 7 0.0631 420 789 683 1023 11 0.0628 302 727 564 954 0 0.0615 399 536 769 729 0 0.0603 458 609 819 793 11 0.0600 484 794 744 1022 0 0.0597 417 790 679 1023 5 0.0596 410 788 673 1023 11 0.0591 450 611 824 790 10 0.0587 364 728 626 962 7 0.0583 264 805 618 983 5 0.0582 295 781 555 1017 3 0.0576 418 792 678 1023 6 0.0575 417 795 683 1022 6 0.0574 302 786 562 1015 0 0.0571 305 722 563 960 13 0.0570 421 792 685 1023 8 0.0570 301 783 553 1016 11 0.0569 452 344 704 583 6 0.0568 409 537 775 728 0 0.0567 313 537 571 778 7 0.0567 515 459 769 704 5 0.0562 323 539 691 724 11 0.0554 323 481 699 666 3 0.0553 408 539 773 730 13 0.0552 331 482 708 670 11 0.0549 311 537 570 774 13 0.0547 307 787 563 1020 8 0.0545 514 462 761 700 11 0.0545 581 405 845 645 0 0.0544 324 481 701 670 3 0.0542 304 784 558 1022 7 0.0540 316 536 575 777 2 0.0540 419 793 681 1023 9 0.0537 418 791 682 1019 13 0.0537 315 538 579 780 13 0.0534 409 539 777 728 7 0.0532 331 479 705 671 11 0.0529 124 805 371 1020 13 0.0529 465 610 827 794 3 0.0527 315 537 571 781 6 0.0526 128 805 372 1023 3 0.0523 331 483 704 674 9 0.0523 399 540 767 724 10 0.0522 310 540 571 777 0 0.0522 455 346 699 589 5 0.0521 507 458 766 700 2 0.0520 402 542 772 726 8 0.0519 328 480 692 669 8 0.0519 458 609 811 794 8 0.0518 313 537 564 777 10 0.0518 457 610 818 794 10 0.0515 573 464 831 710 6 0.0512 465 612 824 793 5 0.0512 455 607 821 792 2 0.0512 304 786 561 1019 3 0.0512 464 609 823 795 6 0.0510 315 537 573 778 10 0.0508 399 541 768 727 0 0.0505 585 407 840 650 6 0.0505 459 344 704 587 1 0.0504 357 785 618 1023 9 0.0503 299 786 560 1013 8 0.0500 122 797 365 1023
N7DIRXA76PlcVgSSoaseyEShPzWe6Ykx,8 0.0554 0 283 228 500 0 0.0533 0 288 326 478 11 0.0526 237 284 507 516 0 0.0517 175 210 459 438 0 0.0516 173 464 435 703 11 0.0515 322 677 582 895 11 0.0511 320 796 578 1017 7 0.0504 325 794 585 1019 11 0.0504 122 363 390 583 0 0.0501 240 283 502 523
MZpeTJFUurAeovw3ALEK0menjDqwS7SA,5 0.0607 185 251 442 506 5 0.0598 176 383 431 638 8 0.0595 249 252 500 497 13 0.0594 186 391 439 645 5 0.0593 435 783 687 1020 11 0.0586 182 320 443 572 7 0.0585 190 313 444 572 8 0.0582 187 317 432 575 3 0.0581 188 322 439 580 7 0.0581 510 796 765 1023 11 0.0576 249 253 508 492 8 0.0573 185 442 421 698 6 0.0568 194 192 457 444 13 0.0565 192 257 451 514 7 0.0561 256 247 508 496 3 0.0551 184 451 431 707 11 0.0549 506 799 762 1020 3 0.0549 253 255 504 502 7 0.0547 187 444 435 699 8 0.0546 502 795 754 1021 6 0.0545 192 316 443 575 13 0.0545 508 799 770 1023 5 0.0537 249 457 499 699 11 0.0535 249 463 500 696 5 0.0526 555 790 804 1023 6 0.0523 507 800 763 1021 0 0.0522 503 799 763 1023 0 0.0520 515 677 760 902 11 0.0519 441 523 695 764 0 0.0518 187 191 452 448 8 0.0517 514 671 751 897 0 0.0515 295 519 562 762 13 0.0513 258 464 504 702 8 0.0511 494 463 742 698 11 0.0510 494 465 752 693 5 0.0510 500 721 752 958 8 0.0507 372 720 624 954 2 0.0506 190 193 453 440 5 0.0503 240 577 515 842 10 0.0502 189 261 443 509 10 0.0501 253 466 498 702 0 0.0501 188 316 441 575 7 0.0501 446 403 703 633
erphXJ46B0FnAVVMCJeJ1cbkDXTbDD3j,5 0.0697 189 530 443 766 11 0.0668 252 597 510 838 8 0.0667 189 591 441 826 7 0.0664 192 531 451 768 5 0.0661 247 595 505 836 0 0.0659 250 657 510 910 0 0.0650 146 616 514 793 5 0.0635 249 466 498 701 11 0.0629 329 665 695 851 6 0.0629 278 605 640 784 11 0.0626 185 655 439 901 3 0.0624 254 596 510 843 5 0.0621 184 652 433 902 8 0.0619 187 476 433 707 7 0.0619 282 601 645 785 11 0.0619 192 532 447 765 8 0.0617 332 663 687 852 3 0.0615 194 533 447 771 6 0.0615 250 659 511 909 7 0.0615 188 654 440 905 8 0.0614 278 602 631 785 8 0.0612 254 657 502 908 6 0.0605 188 593 448 828 11 0.0605 256 470 500 701 0 0.0598 330 665 694 855 13 0.0590 191 590 451 827 10 0.0589 187 594 446 826 0 0.0586 192 470 442 709 7 0.0586 257 468 506 703 6 0.0580 331 667 694 853 5 0.0579 326 662 684 852 7 0.0579 338 664 700 853 3 0.0575 189 654 436 906 10 0.0574 276 606 637 782 3 0.0565 258 470 501 711 6 0.0565 190 472 446 704 2 0.0559 262 547 509 778 13 0.0559 255 657 514 910 13 0.0550 338 665 706 854 13 0.0547 282 604 650 787 10 0.0547 187 480 441 706 9 0.0546 189 532 446 766 10 0.0545 327 666 693 852 2 0.0544 334 668 694 853 10 0.0537 249 661 508 906 2 0.0529 253 661 509 907 3 0.0528 334 664 695 857 12 0.0525 195 533 449 768 1 0.0524 188 530 448 769 2 0.0518 192 477 440 708 9 0.0517 183 655 436 899 4 0.0506 188 593 447 829 13 0.0505 190 474 448 709 9 0.0503 251 470 502 703 1 0.0503 186 650 438 903
5nkQ5YEuEg2DfBrtVNythvdjyBK8I8Y9,5 0.0557 643 396 900 621 5 0.0556 584 271 841 505 5 0.0544 458 205 696 437 0 0.0539 588 281 843 507 8 0.0529 594 274 835 508 11 0.0524 647 398 898 620 13 0.0523 597 282 851 508 11 0.0518 455 268 696 501 0 0.0517 454 271 698 507
K3l7RsPjW6HUZBjn4S7SdwsLdHKeHe9z,5 0.0627 442 276 697 520 8 0.0610 378 208 633 436 8 0.0609 446 282 693 518 5 0.0609 265 349 642 544 8 0.0601 374 332 624 566 11 0.0587 444 285 700 515 0 0.0586 308 135 559 362 11 0.0585 376 211 642 436 11 0.0584 293 272 564 497 0 0.0583 378 209 637 440 5 0.0579 372 202 635 439 6 0.0576 381 207 644 437 5 0.0569 303 131 556 357 6 0.0568 256 140 509 375 5 0.0567 504 207 763 448 8 0.0566 216 222 562 408 0 0.0566 213 286 576 478 0 0.0563 446 285 696 521 3 0.0563 448 283 700 526 5 0.0562 236 207 508 436 13 0.0557 255 142 511 375 7 0.0557 380 210 639 442 8 0.0555 309 134 553 360 8 0.0549 300 271 554 498 11 0.0548 579 276 819 515 0 0.0546 452 145 716 383 0 0.0545 509 214 766 453 0 0.0544 270 356 645 544 3 0.0544 379 210 641 445 0 0.0544 132 199 384 450 2 0.0543 243 213 507 438 10 0.0543 309 135 559 358 2 0.0538 446 288 700 515 11 0.0538 509 218 767 446 6 0.0536 278 297 640 483 5 0.0529 683 0 939 199 6 0.0528 451 282 707 517 0 0.0528 196 137 444 384 7 0.0528 256 141 505 375 13 0.0526 303 209 569 441 13 0.0526 518 289 762 526 7 0.0524 517 286 759 529 8 0.0522 643 272 871 505 2 0.0521 197 139 442 376 7 0.0521 298 271 564 502 6 0.0519 189 194 447 441 8 0.0518 686 0 934 202 8 0.0518 510 214 759 447 10 0.0515 451 147 717 376 3 0.0515 586 278 818 525 1 0.0514 297 206 561 443 5 0.0510 635 272 877 498 11 0.0510 574 147 831 381 5 0.0509 0 135 239 367 7 0.0509 456 141 721 379 6 0.0508 516 215 770 447 11 0.0508 644 413 883 642 5 0.0508 191 132 439 375 8 0.0508 0 170 310 344 3 0.0506 247 213 508 444 0 0.0506 584 276 818 525 11 0.0505 194 138 446 375 11 0.0505 676 1 946 195 13 0.0505 380 140 649 363 11 0.0505 345 805 624 1022 3 0.0504 452 145 720 385 2 0.0502 309 139 557 360 7 0.0501 4 167 329 346
gfSrsJHkxvhzREkLRitWZ8n9p7ghta5H,8 0.0648 270 414 619 601 5 0.0627 256 411 629 597 7 0.0607 308 431 581 695 5 0.0603 182 330 431 570 3 0.0591 317 434 577 699 11 0.0590 305 387 565 636 5 0.0588 251 264 496 504 0 0.0588 309 384 570 637 7 0.0586 193 279 435 513 0 0.0585 384 328 637 570 7 0.0576 314 335 578 577 6 0.0568 254 324 507 574 11 0.0560 382 330 636 568 7 0.0546 188 384 445 628 0 0.0545 316 269 568 506 8 0.0541 189 333 426 572 13 0.0536 274 415 639 604 1 0.0534 263 411 626 601 5 0.0530 183 205 435 440 7 0.0529 386 501 647 746 8 0.0528 339 480 691 663 11 0.0528 315 271 570 504 11 0.0527 187 287 436 513 8 0.0527 257 269 489 505 8 0.0522 266 500 512 762 11 0.0517 175 393 446 627 0 0.0516 190 281 436 517 3 0.0510 247 372 500 641 6 0.0508 388 327 639 569 2 0.0507 267 419 627 601
DCNfh3wKNbBHSFuA9Is2QAhORAyxZ7Jb,11 0.0613 456 517 703 772 0 0.0610 393 396 640 642 7 0.0600 393 524 645 776 7 0.0599 393 398 640 643 0 0.0594 396 262 641 503 5 0.0594 385 390 632 637 5 0.0593 387 518 638 772 2 0.0592 447 348 695 568 11 0.0591 463 406 703 633 5 0.0581 454 456 700 702 6 0.0579 391 457 644 702 3 0.0579 392 524 645 781 11 0.0577 374 585 634 837 7 0.0576 462 460 709 709 8 0.0576 391 521 635 775 2 0.0574 397 272 644 501 6 0.0569 456 517 707 773 11 0.0568 386 457 639 702 8 0.0564 390 395 630 642 6 0.0563 450 274 697 498 5 0.0560 444 263 687 497 5 0.0559 239 195 503 437 0 0.0557 331 457 586 716 2 0.0556 389 463 639 706 11 0.0552 394 260 643 494 6 0.0551 320 526 583 770 8 0.0549 445 336 686 570 0 0.0548 447 579 690 834 3 0.0546 451 270 693 510 0 0.0544 321 330 590 575 13 0.0544 389 395 646 639 0 0.0544 313 196 579 424 3 0.0543 461 463 708 714 7 0.0541 245 406 504 658 7 0.0540 447 338 698 568 11 0.0540 319 395 588 634 13 0.0540 322 527 588 773 5 0.0539 313 255 580 485 5 0.0538 236 399 499 656 8 0.0538 311 597 559 843 0 0.0537 461 463 705 709 8 0.0537 459 459 699 708 6 0.0536 326 262 587 487 6 0.0536 517 405 763 637 7 0.0535 517 396 762 636 6 0.0531 247 404 510 652 2 0.0530 458 520 705 771 7 0.0530 400 263 643 502 5 0.0529 242 534 505 773 13 0.0528 462 462 714 706 11 0.0527 306 141 577 364 0 0.0527 573 414 834 647 10 0.0526 379 586 630 836 8 0.0523 328 461 577 712 3 0.0523 327 334 590 574 9 0.0523 439 342 689 561 3 0.0522 390 399 640 644 6 0.0521 396 336 646 570 8 0.0520 384 200 630 440 7 0.0516 250 539 514 782 13 0.0513 450 575 698 837 7 0.0512 257 265 507 503 13 0.0512 446 339 703 564 8 0.0511 244 407 493 653 8 0.0511 512 393 750 639 0 0.0510 251 267 511 503 10 0.0508 456 519 703 772 6 0.0508 253 197 509 438 13 0.0507 517 398 765 636 8 0.0506 320 333 574 573 7 0.0505 325 330 591 574 8 0.0501 248 537 502 777 13 0.0501 254 140 518 375 0 0.0501 243 402 507 656 3 0.0500 385 200 641 447
Mqm9idk5kaYXwh1p40uihYuoVmwT1Oj2,8 0.0587 192 73 433 319 7 0.0560 449 760 712 1009 0 0.0555 246 75 496 312 11 0.0542 183 76 440 315 5 0.0537 242 71 491 307 11 0.0537 249 176 510 406 8 0.0535 453 338 698 580 10 0.0533 188 81 437 316 6 0.0533 250 74 501 310 0 0.0533 252 177 505 410 0 0.0532 0 441 260 658 5 0.0531 429 652 684 887 7 0.0522 251 72 498 310 8 0.0519 704 0 951 195 11 0.0517 444 766 702 1009 8 0.0514 1 149 261 386 5 0.0513 62 132 328 371 5 0.0508 697 0 960 195 5 0.0506 367 721 611 964 11 0.0504 695 2 962 199 0 0.0503 130 126 386 365 0 0.0502 705 0 958 197
0HbvenByCXcQPrvml7842bMPt7vCugZw,8 0.0648 375 592 628 829 0 0.0630 250 600 515 842 11 0.0630 371 597 636 830 7 0.0620 341 609 716 789 8 0.0619 491 601 743 828 11 0.0605 248 603 516 836 5 0.0599 371 590 631 829 0 0.0599 374 597 636 833 7 0.0596 121 560 384 776 8 0.0585 249 599 506 838 11 0.0583 493 601 754 828 0 0.0580 489 602 752 832 3 0.0572 374 595 636 836 6 0.0571 341 614 714 788 5 0.0570 249 545 503 776 10 0.0567 249 602 512 838 10 0.0561 339 612 704 790 7 0.0559 254 548 511 780 2 0.0558 375 603 638 832 3 0.0558 496 601 749 835 11 0.0554 303 406 565 637 5 0.0549 489 599 746 827 10 0.0543 119 565 379 773 13 0.0542 253 601 519 842 11 0.0541 248 486 508 709 8 0.0539 377 285 632 512 2 0.0536 253 554 509 782 2 0.0529 494 606 756 826 13 0.0524 376 597 642 830 5 0.0522 113 559 373 772 3 0.0522 250 602 513 843 0 0.0520 248 485 508 713 0 0.0519 376 285 645 510 5 0.0518 373 280 642 509 6 0.0517 252 551 509 777 1 0.0516 370 590 638 833 8 0.0515 250 485 495 708 11 0.0509 0 475 253 696 8 0.0509 306 409 551 637 1 0.0507 488 596 751 831 13 0.0503 496 603 758 832 0 0.0502 312 340 566 568 5 0.0501 302 402 560 637 12 0.0501 498 600 755 831 12 0.0500 379 594 638 833
vGEmdYZg28oK1nz97hGYTpGLQEZtMmly,5 0.0548 197 575 444 826 7 0.0538 200 578 449 828 11 0.0535 254 533 516 767 0 0.0531 204 580 450 833 8 0.0528 202 579 437 825 0 0.0526 317 484 572 721 5 0.0512 298 591 564 832 11 0.0506 240 650 520 888 0 0.0504 306 595 569 838 7 0.0503 247 650 520 896
dvKbQjffhU8V7FiQiWqsiBOfU7HKTzWX,11 0.0626 119 788 379 1015 5 0.0617 120 782 376 1011 3 0.0591 382 345 627 565 11 0.0584 347 547 611 785 8 0.0583 129 787 369 1017 5 0.0582 298 329 556 553 11 0.0567 304 336 560 554 8 0.0561 355 546 606 789 3 0.0559 128 790 380 1022 10 0.0551 308 340 562 556 0 0.0546 351 545 615 789 7 0.0540 309 328 565 555 8 0.0538 308 330 552 559 6 0.0535 127 788 379 1015 0 0.0532 123 786 381 1019 13 0.0526 128 785 383 1019 7 0.0524 122 784 381 1017 3 0.0513 356 549 615 790 0 0.0510 379 345 625 566 5 0.0508 343 541 610 781 6 0.0501 308 333 564 559
A0YbxteUcFmEe7jNhd4Cj4yHN1Y2W5ym,7 0.0580 508 258 762 510 0 0.0569 446 538 708 786 13 0.0566 377 408 647 642 8 0.0557 373 401 633 640 8 0.0541 434 471 693 703 5 0.0539 304 397 574 639 11 0.0537 425 136 687 379 5 0.0537 422 129 685 374 7 0.0535 432 206 690 447 13 0.0531 509 261 764 510 11 0.0530 505 338 763 573 13 0.0530 440 338 696 575 6 0.0530 437 333 698 575 7 0.0529 454 535 713 778 5 0.0529 0 670 351 855 3 0.0529 511 259 756 515 13 0.0525 384 264 641 509 11 0.0523 324 475 590 711 8 0.0523 503 257 747 507 0 0.0522 502 262 754 509 8 0.0520 326 470 575 714 11 0.0520 437 474 704 700 5 0.0520 435 0 688 228 5 0.0519 430 331 686 574 5 0.0519 499 254 753 507 3 0.0519 431 206 690 453 13 0.0518 439 478 707 707 6 0.0518 7 676 370 856 7 0.0516 446 397 703 639 10 0.0514 373 478 646 711 3 0.0514 582 341 824 585 6 0.0511 374 475 646 710 11 0.0511 374 407 647 640 0 0.0509 375 404 638 644 5 0.0508 501 596 744 834 5 0.0507 435 468 697 706 11 0.0506 431 266 698 502 13 0.0502 580 346 833 579 8 0.0502 378 549 625 783 6 0.0502 505 258 761 509 13 0.0501 308 333 571 581 13 0.0501 508 406 770 641 6 0.0501 509 402 773 642 0 0.0501 327 470 582 716 6 0.0501 370 194 634 443
AX8DUwvRLuG0ls0TcfuBM3qtaxP5RcrV,11 0.0531 382 315 630 533 0 0.0518 381 316 631 539 8 0.0501 387 317 621 536
CECh8kC9TXAAhZDFYI0mY6XWqQT2I0tr,11 0.0550 350 678 619 895 5 0.0529 174 651 441 874 11 0.0525 298 593 558 819 8 0.0522 253 466 493 713 11 0.0518 245 468 504 709 11 0.0515 172 662 450 877 0 0.0508 567 795 818 1021 13 0.0505 632 412 896 638 11 0.0503 626 409 884 637 6 0.0503 568 795 824 1016
l7UJMDzFwOQmJ42Ru1Ynt6vvHHUCieho,11 0.0605 436 540 704 768 0 0.0595 383 464 635 695 7 0.0587 441 538 707 770 5 0.0585 436 459 695 689 11 0.0584 322 328 579 569 11 0.0579 293 546 571 769 5 0.0576 250 308 513 556 8 0.0575 370 541 625 762 7 0.0569 373 606 634 834 11 0.0563 189 336 460 573 11 0.0560 364 608 631 825 11 0.0560 505 463 769 690 5 0.0559 248 471 514 716 10 0.0556 382 468 637 694 6 0.0554 445 465 709 693 0 0.0553 305 593 559 836 11 0.0552 376 463 635 693 0 0.0550 505 463 770 694 11 0.0546 284 663 559 886 0 0.0545 190 468 449 721 8 0.0539 505 462 764 696 5 0.0539 191 396 457 645 5 0.0539 365 531 628 761 8 0.0536 308 598 554 833 7 0.0534 190 588 451 842 0 0.0534 328 327 578 570 10 0.0531 439 544 705 769 7 0.0531 293 659 565 889 7 0.0524 511 463 774 693 13 0.0520 321 469 581 709 6 0.0518 451 605 701 834 6 0.0518 192 588 451 836 5 0.0517 235 591 497 830 0 0.0516 353 663 634 889 8 0.0516 331 328 570 570 6 0.0516 707 349 953 569 13 0.0515 444 463 707 693 3 0.0514 444 538 700 777 7 0.0514 334 321 581 572 10 0.0512 301 551 568 775 11 0.0510 698 350 952 569 0 0.0510 443 603 699 836 8 0.0509 248 664 503 896 13 0.0508 332 328 583 574 2 0.0506 306 552 569 775 2 0.0505 446 471 704 694 7 0.0503 303 545 572 777 0 0.0503 245 663 508 900 7 0.0503 384 465 637 695 8 0.0502 256 481 506 718 10 0.0501 368 609 632 830 6 0.0501 376 541 637 763
NW3VRo2yaabIuGQs1AyVsVxW9nvx7dXH,0 0.0679 644 204 900 438 11 0.0651 639 279 898 500 0 0.0648 506 459 765 711 11 0.0648 573 455 826 701 5 0.0637 504 450 760 707 0 0.0636 628 343 901 573 8 0.0634 508 454 760 708 0 0.0632 643 90 881 323 8 0.0629 561 329 819 564 0 0.0625 515 147 768 379 13 0.0624 577 456 830 701 6 0.0623 583 135 844 373 11 0.0618 575 206 830 432 8 0.0616 511 199 757 428 11 0.0615 561 333 826 560 0 0.0615 441 399 705 642 5 0.0613 644 123 895 371 3 0.0612 514 453 765 714 8 0.0611 443 398 698 642 3 0.0609 650 206 907 440 6 0.0609 518 202 768 425 11 0.0606 647 135 902 369 11 0.0606 504 273 764 497 11 0.0604 508 524 765 769 0 0.0604 566 264 830 499 5 0.0604 557 327 824 561 7 0.0601 509 458 768 712 10 0.0600 507 526 766 770 11 0.0599 442 400 707 642 11 0.0599 517 148 768 376 0 0.0596 499 330 751 573 5 0.0594 633 272 896 500 3 0.0591 580 135 836 383 7 0.0588 447 397 709 644 2 0.0586 509 277 762 502 6 0.0584 566 334 827 564 8 0.0584 579 134 826 376 5 0.0582 569 198 826 434 7 0.0581 564 332 824 564 10 0.0579 439 403 705 644 2 0.0577 509 459 766 708 3 0.0575 573 267 830 502 8 0.0575 642 275 890 502 10 0.0570 570 457 824 702 6 0.0568 513 524 766 771 2 0.0568 563 338 827 564 3 0.0566 447 397 705 647 13 0.0566 515 526 768 771 6 0.0565 578 455 830 704 6 0.0561 653 203 908 435 9 0.0561 506 456 764 705 6 0.0556 445 398 705 641 9 0.0555 442 399 703 639 10 0.0552 559 335 822 562 7 0.0550 639 275 896 503 7 0.0550 518 144 769 379 3 0.0548 516 200 768 435 4 0.0547 574 456 829 701 13 0.0545 582 134 843 378 2 0.0544 582 140 837 376 12 0.0541 575 451 827 705 13 0.0539 575 267 838 501 10 0.0538 580 138 838 375 13 0.0538 499 335 754 569 2 0.0537 448 338 699 572 7 0.0534 650 129 906 370 5 0.0532 498 266 759 500 9 0.0531 500 335 749 566 1 0.0524 569 448 824 702 1 0.0524 506 518 763 772 13 0.0521 514 200 773 429 3 0.0519 636 346 906 579 12 0.0517 566 330 826 565 2 0.0514 640 281 897 501 12 0.0514 582 138 839 376 13 0.0510 653 204 911 440 10 0.0508 639 281 893 501 12 0.0508 512 521 765 772
knLRd1Nl9Ml05CSiyWMFNtzBjwgQvBlO,11 0.0660 249 784 495 1020 7 0.0644 252 783 497 1023 5 0.0631 247 782 489 1020 7 0.0629 322 719 575 966 8 0.0627 251 780 491 1023 11 0.0621 316 721 574 960 0 0.0613 251 784 492 1023 0 0.0606 321 721 571 967 11 0.0593 496 733 752 961 13 0.0592 254 785 500 1023 5 0.0586 315 719 567 962 0 0.0579 497 730 750 966 10 0.0571 249 788 494 1022 6 0.0570 251 788 494 1023 11 0.0569 362 456 624 681 7 0.0568 502 733 756 960 0 0.0567 0 3 252 213 8 0.0567 320 719 567 964 10 0.0565 317 727 571 962 6 0.0564 321 721 574 964 13 0.0553 322 720 579 967 5 0.0553 493 730 744 959 9 0.0547 249 785 496 1021 2 0.0545 250 786 495 1023 6 0.0543 500 735 752 964 3 0.0536 253 783 495 1023 7 0.0530 386 390 636 620 8 0.0527 495 729 745 959 2 0.0522 319 724 572 966 8 0.0521 382 396 625 617 0 0.0513 381 391 637 621 1 0.0506 247 779 495 1023 3 0.0506 323 720 572 972 13 0.0504 501 732 758 962 12 0.0500 254 782 494 1023
gTdYUeLTB35lMpFDrrOhRVndFSRXoofZ,5 0.0623 253 198 508 437 8 0.0607 245 267 502 505 13 0.0581 189 332 450 585 5 0.0577 175 328 444 576 0 0.0574 254 199 507 436 8 0.0570 303 331 558 568 8 0.0563 569 277 821 505 5 0.0558 313 141 572 368 11 0.0553 294 333 568 566 5 0.0551 304 263 582 506 0 0.0546 316 144 575 368 11 0.0543 569 281 831 503 5 0.0543 567 267 823 508 6 0.0541 263 204 513 434 11 0.0539 173 335 446 575 7 0.0538 247 331 510 574 13 0.0535 302 330 575 574 8 0.0535 181 328 431 583 8 0.0527 321 148 560 363 5 0.0527 122 208 396 443 3 0.0527 258 204 507 441 7 0.0526 371 331 647 564 0 0.0523 309 263 584 509 5 0.0523 118 405 373 651 0 0.0522 130 211 398 449 0 0.0522 566 279 834 509 7 0.0521 573 274 836 506 10 0.0520 240 272 513 503 6 0.0520 321 150 577 363 7 0.0519 190 396 450 640 3 0.0516 310 272 587 515 3 0.0515 245 338 511 580 6 0.0511 315 270 586 507 0 0.0510 182 332 444 581 3 0.0507 573 277 823 515 11 0.0507 119 414 378 645 11 0.0506 10 546 394 722
ClwovwtoFQvsalh8we8SBHF9wpsBbZ8y,5 0.0597 45 527 310 772 0 0.0596 112 473 380 710 0 0.0590 44 527 314 776 5 0.0582 226 395 492 632 11 0.0573 47 531 316 769 0 0.0571 231 394 494 637 8 0.0564 46 524 310 776 6 0.0558 48 527 318 771 7 0.0553 49 528 315 775 11 0.0545 229 398 495 631 8 0.0545 116 468 375 708 11 0.0542 434 661 701 892 11 0.0538 421 801 692 1016 11 0.0533 367 721 634 954 5 0.0533 110 472 376 707 7 0.0530 116 470 380 711 10 0.0530 46 534 314 773 11 0.0530 113 474 381 705 6 0.0523 371 658 633 892 6 0.0523 115 468 382 706 6 0.0514 379 784 634 1008 7 0.0510 428 795 695 1021 6 0.0510 238 393 496 636 0 0.0509 563 661 829 904 3 0.0506 430 796 689 1023 8 0.0505 236 392 487 635 7 0.0505 234 395 496 633 3 0.0505 55 527 314 779
hjk9WEQgTs9mAMzcJo3omGSoDqNeKkyt,11 0.0573 249 351 509 586 0 0.0560 238 271 498 508 5 0.0559 249 344 503 580 8 0.0557 259 349 498 586 10 0.0541 256 356 509 584 8 0.0531 119 782 361 1012 6 0.0528 261 352 516 584 5 0.0517 124 406 383 622 7 0.0514 253 349 510 587 8 0.0512 371 260 621 505 6 0.0503 374 262 639 503
Licyag52zGglnwDKnmP7XoaUqlHi8lSo,7 0.0624 251 676 501 906 0 0.0620 247 677 500 907 8 0.0609 246 678 491 903 8 0.0608 130 733 372 970 11 0.0606 245 678 501 898 5 0.0595 131 727 373 967 11 0.0576 132 735 380 963 5 0.0576 242 672 494 904 6 0.0548 251 680 502 902 7 0.0544 139 733 376 970 0 0.0535 131 731 375 972 10 0.0532 244 680 501 905 3 0.0525 249 678 501 911 6 0.0514 136 735 380 964 2 0.0507 251 687 503 908
llfvSOYV4MlRSg75nRsiNazZ5Hq5UrhV,5 0.0628 197 461 567 661 8 0.0597 284 467 612 666 5 0.0596 500 463 762 702 11 0.0595 278 470 622 664 8 0.0593 441 398 686 637 0 0.0592 506 472 765 705 7 0.0590 511 399 764 643 6 0.0589 209 466 579 662 11 0.0589 440 403 692 640 13 0.0588 211 464 582 663 3 0.0587 447 398 695 645 11 0.0584 498 473 767 702 8 0.0584 513 339 755 571 0 0.0583 279 469 622 668 8 0.0582 503 472 757 700 0 0.0582 385 280 633 511 5 0.0576 436 393 691 636 0 0.0571 514 342 764 573 6 0.0568 506 471 770 705 11 0.0567 385 336 631 573 0 0.0564 444 400 690 640 5 0.0562 230 339 487 566 11 0.0561 511 345 767 570 8 0.0561 386 330 626 574 5 0.0559 509 336 759 572 3 0.0553 279 470 628 669 7 0.0550 388 275 636 509 10 0.0545 505 475 767 700 3 0.0545 517 342 766 578 3 0.0544 387 281 631 514 3 0.0544 507 469 766 707 13 0.0542 239 344 498 575 6 0.0539 516 342 767 573 6 0.0529 447 398 695 642 6 0.0526 389 279 636 507 11 0.0525 234 347 491 568 13 0.0525 376 408 635 649 5 0.0525 379 327 631 569 10 0.0524 444 405 699 637 7 0.0520 378 406 626 651 13 0.0518 390 277 642 508 10 0.0517 278 473 627 665 0 0.0515 231 344 493 575 13 0.0515 508 400 764 643 9 0.0510 503 401 759 635 12 0.0509 505 469 768 703 2 0.0502 504 474 763 702 9 0.0502 275 469 625 663
mjL8VJB6Fer681iRJ6rqGtunriChUuqQ,11 0.0634 310 401 567 635 5 0.0633 299 518 569 777 11 0.0623 281 542 623 724 11 0.0614 305 588 568 838 11 0.0611 430 464 691 695 8 0.0608 247 466 501 714 0 0.0607 373 452 632 695 3 0.0585 250 400 500 644 6 0.0583 306 521 578 779 7 0.0579 304 519 579 776 13 0.0574 251 464 516 720 8 0.0574 374 591 623 835 0 0.0572 440 520 692 768 6 0.0569 375 591 633 838 5 0.0566 245 318 496 568 7 0.0564 376 589 634 838 5 0.0562 305 395 561 634 6 0.0562 314 401 569 637 11 0.0562 248 328 502 568 3 0.0559 282 545 624 727 8 0.0558 312 401 557 636 13 0.0556 378 585 636 838 11 0.0555 239 0 510 232 7 0.0554 252 394 506 638 7 0.0553 442 519 701 766 0 0.0553 247 462 508 713 3 0.0551 379 398 638 640 6 0.0551 441 523 701 766 10 0.0551 278 545 626 725 5 0.0550 367 450 629 693 6 0.0548 431 664 702 900 8 0.0546 374 454 626 693 7 0.0542 375 453 636 696 11 0.0541 502 399 759 638 0 0.0533 374 587 626 838 8 0.0532 250 326 492 568 3 0.0532 443 523 695 766 5 0.0530 426 655 692 897 13 0.0529 374 452 639 697 9 0.0528 369 590 632 830 10 0.0528 438 524 697 766 10 0.0527 304 593 572 841 13 0.0526 445 520 705 765 5 0.0525 435 516 693 763 11 0.0522 555 469 822 708 11 0.0520 423 664 694 900 5 0.0519 434 0 709 192 3 0.0519 373 592 631 841 0 0.0518 250 323 499 568 10 0.0517 312 403 567 636 2 0.0517 368 529 629 767 11 0.0517 499 3 763 194 0 0.0516 426 664 691 903 8 0.0516 442 519 688 762 0 0.0512 444 398 700 637 8 0.0511 444 397 692 633 3 0.0510 314 337 568 576 6 0.0509 256 325 501 571 7 0.0508 434 660 705 900 3 0.0505 449 0 709 194 8 0.0505 572 16 819 256 3 0.0503 512 395 757 649 8 0.0502 431 662 691 896 7 0.0501 451 395 704 632 12 0.0501 370 522 631 770
xtgfY5CvRshoZsEKszZFGtkLsYOl1qxM,11 0.0642 500 10 755 248 5 0.0624 471 0 817 157 3 0.0621 507 9 758 255 13 0.0609 578 15 830 252 7 0.0606 577 12 827 252 5 0.0602 441 521 698 767 5 0.0601 506 60 762 311 3 0.0601 389 70 635 314 5 0.0599 249 155 624 336 6 0.0598 504 12 760 251 8 0.0596 383 73 628 311 0 0.0596 447 524 700 769 2 0.0593 574 18 824 253 0 0.0593 474 0 819 157 11 0.0593 310 584 567 827 11 0.0588 253 461 499 704 7 0.0585 450 524 704 768 8 0.0583 478 1 810 157 13 0.0578 386 72 640 310 8 0.0575 313 587 562 828 5 0.0573 298 202 570 447 7 0.0568 311 586 573 830 11 0.0567 379 74 635 307 8 0.0563 194 334 426 576 11 0.0562 442 527 700 765 0 0.0562 378 72 632 311 6 0.0560 447 524 703 767 8 0.0560 256 160 611 337 13 0.0559 311 583 575 830 3 0.0553 256 130 500 394 11 0.0552 560 799 821 1023 7 0.0552 615 793 888 1023 10 0.0552 442 526 703 767 7 0.0551 384 73 634 309 8 0.0550 446 524 693 765 10 0.0549 383 75 634 311 13 0.0546 252 208 512 459 5 0.0545 184 332 434 573 5 0.0545 301 579 563 826 8 0.0545 245 529 487 763 12 0.0545 576 14 826 253 7 0.0544 197 336 436 573 11 0.0543 193 341 440 575 10 0.0543 306 589 568 824 10 0.0543 502 13 756 251 5 0.0543 572 137 835 387 4 0.0542 477 3 825 159 1 0.0542 567 11 820 251 0 0.0542 313 585 567 828 7 0.0538 253 206 504 457 5 0.0537 187 204 440 461 9 0.0537 477 0 819 155 3 0.0536 196 343 436 583 9 0.0535 441 525 701 764 13 0.0532 249 528 501 765 0 0.0530 246 524 492 765 3 0.0529 313 585 569 833 3 0.0525 450 525 702 773 2 0.0524 383 78 634 312 8 0.0524 311 207 561 450 6 0.0523 316 586 572 826 6 0.0522 385 72 637 309 11 0.0521 246 209 502 455 9 0.0521 513 67 763 305 3 0.0519 563 800 822 1023 8 0.0515 312 465 558 697 6 0.0514 247 529 497 763 6 0.0513 199 284 444 518 8 0.0513 559 799 814 1023 11 0.0509 252 163 624 335 0 0.0509 196 208 442 466 6 0.0508 619 796 886 1022
NuPSawb4q9h9UoDqa0ZZKR0OgpsUUp0E,8 0.0670 74 867 431 1023 5 0.0662 195 868 559 1022 0 0.0653 203 871 565 1023 7 0.0635 205 868 567 1023 11 0.0615 199 870 563 1021 8 0.0612 246 787 492 1019 10 0.0610 198 873 564 1023 5 0.0595 123 778 366 1011 11 0.0575 127 783 369 1009 13 0.0565 249 790 504 1021 2 0.0564 202 873 564 1023 6 0.0557 205 874 567 1023 3 0.0538 82 873 433 1023 1 0.0534 200 868 561 1023 11 0.0532 309 736 562 960 9 0.0529 196 871 564 1022 7 0.0527 315 731 559 968 3 0.0521 249 786 495 1023 13 0.0518 130 783 380 1015 5 0.0517 308 728 556 967 8 0.0513 766 159 1007 394 8 0.0504 777 10 1007 250
0k1CBinR3dW46u7rqr6Xg48csPdVRwFX,11 0.0585 5 337 262 572 8 0.0574 0 400 254 652 0 0.0565 8 332 261 579 13 0.0563 4 404 269 658 5 0.0541 1 331 257 573 7 0.0534 12 333 265 574 6 0.0534 0 403 265 655 3 0.0518 13 334 261 581 5 0.0518 382 140 629 358 11 0.0509 52 414 323 645 11 0.0504 383 149 640 357 10 0.0502 5 337 261 574 8 0.0501 521 265 760 501
67JQ5kG3XiPrvhW94zkWlDS4zWSP5rMP,6 0.0630 256 195 502 437 11 0.0607 436 219 689 449 11 0.0592 363 353 627 581 0 0.0586 432 282 689 515 0 0.0582 509 224 760 462 7 0.0572 437 287 690 517 3 0.0572 442 286 684 522 0 0.0564 247 262 497 499 5 0.0563 241 260 493 495 8 0.0557 251 261 489 498 6 0.0553 443 152 693 388 3 0.0552 373 351 622 587 3 0.0550 447 153 689 395 8 0.0550 435 284 683 513 11 0.0549 234 331 495 561 6 0.0546 439 286 692 516 11 0.0542 249 197 503 434 0 0.0542 442 150 688 391 0 0.0542 365 350 623 584 8 0.0539 446 149 682 391 8 0.0537 369 353 618 582 11 0.0530 504 156 753 391 6 0.0529 371 351 627 585 13 0.0529 252 259 504 500 7 0.0529 256 191 501 436 11 0.0528 178 268 431 500 3 0.0528 253 263 496 503 5 0.0524 429 341 684 577 7 0.0524 372 354 627 585 13 0.0517 369 350 633 585 3 0.0510 517 228 758 468 10 0.0510 254 201 500 437 0 0.0509 190 193 437 437 5 0.0509 436 148 687 387 10 0.0508 441 158 693 390 7 0.0507 444 151 694 390 8 0.0506 512 224 757 458 13 0.0504 435 285 696 515
1HYOUQcojWjwEYWVUHKIs1WcosnZKkiE,11 0.0685 514 401 774 639 11 0.0649 561 337 823 563 11 0.0640 575 472 812 704 11 0.0638 623 407 884 642 5 0.0635 240 328 503 567 5 0.0631 318 265 564 500 6 0.0629 449 465 711 711 8 0.0627 449 463 700 709 8 0.0627 512 401 769 642 7 0.0623 518 468 765 712 11 0.0620 502 529 752 768 0 0.0615 324 271 566 503 6 0.0612 250 334 505 572 0 0.0609 450 464 703 711 0 0.0608 622 546 867 784 11 0.0604 244 332 506 568 8 0.0604 576 470 810 709 8 0.0602 625 404 881 645 11 0.0600 497 274 768 500 5 0.0598 624 403 886 643 0 0.0590 515 403 772 643 11 0.0589 320 272 570 500 6 0.0588 327 274 570 504 8 0.0587 444 337 708 570 0 0.0583 576 474 813 712 5 0.0580 386 327 639 557 0 0.0573 393 333 643 558 0 0.0570 564 338 820 569 8 0.0568 388 265 629 488 5 0.0568 627 275 888 513 11 0.0568 626 280 891 510 8 0.0566 244 331 498 575 13 0.0566 447 534 712 793 7 0.0565 326 271 572 505 7 0.0564 448 396 711 639 7 0.0564 448 536 707 787 7 0.0562 396 328 650 562 5 0.0558 509 464 754 713 10 0.0556 243 339 504 570 8 0.0555 625 549 859 782 0 0.0554 248 334 502 572 3 0.0554 247 335 506 576 10 0.0552 625 412 886 641 8 0.0551 326 208 567 431 13 0.0550 247 332 509 574 5 0.0550 558 334 816 567 0 0.0550 328 140 581 373 5 0.0550 244 199 496 426 0 0.0550 629 280 891 517 13 0.0549 513 468 769 713 11 0.0548 621 552 866 777 0 0.0548 625 407 888 644 7 0.0544 511 329 775 564 6 0.0543 450 340 719 571 8 0.0542 632 279 883 515 3 0.0542 323 271 570 508 10 0.0541 446 540 706 791 13 0.0540 391 330 656 558 11 0.0540 247 203 502 428 7 0.0539 580 404 823 639 5 0.0538 440 393 697 638 3 0.0536 393 329 647 567 5 0.0536 170 260 442 504 6 0.0534 579 472 818 709 13 0.0534 446 394 716 636 2 0.0534 452 469 705 711 7 0.0533 250 330 506 571 3 0.0532 576 403 821 645 11 0.0531 372 739 631 964 10 0.0530 514 409 775 642 13 0.0530 380 736 641 968 10 0.0530 318 207 574 431 13 0.0528 698 411 951 651 11 0.0527 705 214 957 440 6 0.0527 253 202 502 429 6 0.0526 703 404 951 646 6 0.0524 182 265 454 512 3 0.0523 699 406 947 650 5 0.0523 443 533 697 787 3 0.0522 633 281 889 521 2 0.0521 517 405 775 640 2 0.0520 245 339 504 570 3 0.0520 502 273 761 511 11 0.0517 325 138 583 364 0 0.0517 252 202 498 435 3 0.0515 449 537 702 795 13 0.0514 325 271 577 505 5 0.0513 615 544 862 779
dlAdM6f5rK5Jno712EDOcJOweLm05zHy,11 0.0653 174 527 448 761 11 0.0646 252 468 520 717 7 0.0639 569 337 820 578 3 0.0627 572 336 820 579 8 0.0626 568 336 813 571 11 0.0623 569 395 830 630 5 0.0616 568 391 824 629 6 0.0610 507 394 753 637 11 0.0606 592 364 953 537 8 0.0598 189 457 439 705 11 0.0596 188 331 441 573 6 0.0589 373 592 637 822 8 0.0588 251 534 514 777 3 0.0588 437 270 696 527 11 0.0586 502 338 756 574 5 0.0585 256 394 507 648 0 0.0584 502 338 756 578 3 0.0583 266 397 509 658 13 0.0581 370 586 636 822 6 0.0580 441 459 690 692 13 0.0578 575 394 834 634 7 0.0578 250 533 521 779 0 0.0578 189 267 437 507 11 0.0577 192 210 449 441 11 0.0575 369 590 630 822 7 0.0575 190 457 449 705 3 0.0575 373 461 620 702 0 0.0574 262 398 512 653 8 0.0573 270 334 499 583 8 0.0570 433 334 681 580 5 0.0570 498 333 751 575 11 0.0570 372 342 638 588 13 0.0569 439 523 697 753 8 0.0568 194 266 432 506 8 0.0568 317 467 567 711 7 0.0567 265 403 515 651 13 0.0566 247 529 525 779 11 0.0564 364 462 620 698 6 0.0564 555 433 908 608 3 0.0563 381 338 635 598 6 0.0563 255 533 523 780 7 0.0562 436 336 690 581 8 0.0558 579 464 818 701 11 0.0557 120 282 380 505 2 0.0556 508 288 758 521 0 0.0556 365 461 621 702 13 0.0554 508 338 760 577 0 0.0554 189 457 447 707 0 0.0551 122 333 375 581 3 0.0550 192 458 444 710 5 0.0550 368 337 631 589 11 0.0548 434 277 698 517 5 0.0547 360 456 617 692 10 0.0546 262 406 516 651 7 0.0545 444 206 697 444 5 0.0544 238 528 515 774 7 0.0543 574 470 833 702 11 0.0543 434 524 694 752 3 0.0541 250 536 517 783 10 0.0541 506 283 759 521 10 0.0540 376 347 637 592 0 0.0540 374 341 636 594 13 0.0540 189 454 453 708 7 0.0539 367 463 624 699 5 0.0538 379 82 629 300 6 0.0538 512 281 762 519 6 0.0537 126 328 382 580 5 0.0536 513 212 759 455 7 0.0533 372 588 637 827 5 0.0533 183 322 437 573 8 0.0532 441 459 679 692 8 0.0532 122 329 369 580 0 0.0532 248 530 517 782 2 0.0531 490 436 831 610 6 0.0531 194 267 443 505 13 0.0530 381 343 641 593 5 0.0530 430 515 689 749 7 0.0529 192 325 445 576 3 0.0529 374 594 629 832
BVcIrocT32Yc7PZ5Lqyqake2cK0ZIhqy,5 0.0687 237 340 505 576 8 0.0667 186 400 433 642 6 0.0652 250 347 517 575 5 0.0652 443 272 705 507 5 0.0646 181 396 437 644 8 0.0643 374 337 642 576 11 0.0641 374 341 650 577 5 0.0635 368 335 640 575 0 0.0631 242 344 512 576 11 0.0631 243 349 512 575 8 0.0621 246 348 502 577 0 0.0618 375 339 644 575 0 0.0608 185 401 442 643 6 0.0604 189 401 440 643 3 0.0601 241 347 513 582 7 0.0593 197 443 451 696 3 0.0592 192 447 446 700 7 0.0591 380 338 648 581 0 0.0590 255 218 520 433 5 0.0589 374 220 645 432 5 0.0587 503 218 764 439 11 0.0582 182 403 439 642 0 0.0582 176 270 440 493 13 0.0581 246 344 516 579 8 0.0580 445 273 700 505 11 0.0580 448 277 712 507 6 0.0577 377 342 652 577 5 0.0577 246 217 511 427 10 0.0574 182 403 438 643 11 0.0572 175 272 440 489 7 0.0566 187 333 447 564 13 0.0563 191 398 443 646 10 0.0562 243 351 509 574 8 0.0560 177 268 434 491 7 0.0556 519 289 773 517 5 0.0555 169 266 433 489 6 0.0549 261 220 529 431 6 0.0543 455 283 715 507 3 0.0542 175 273 441 500 2 0.0541 196 449 447 696 3 0.0538 377 338 649 582 13 0.0536 376 338 655 575 2 0.0529 444 348 711 578 11 0.0522 252 219 520 429 1 0.0518 239 342 506 578 0 0.0517 448 276 705 507 6 0.0517 183 275 443 493 9 0.0515 437 344 711 576 8 0.0514 253 220 509 428 6 0.0513 387 229 657 428 8 0.0511 501 220 759 437 12 0.0509 246 344 511 579 0 0.0509 501 222 767 439 2 0.0506 189 336 444 565 3 0.0506 519 292 773 520 2 0.0506 382 287 650 498 9 0.0505 184 401 438 637 13 0.0504 184 273 449 496 11 0.0504 378 224 654 429 12 0.0503 188 400 437 643 0 0.0501 380 224 647 432 10 0.0500 175 275 437 491
McGUAvHB5gD4dGfsCOA05GYw4xXxnZ2C,13 0.0540 313 155 588 394 8 0.0536 649 460 892 698 0 0.0523 650 461 900 705 7 0.0518 649 465 903 701 8 0.0512 369 70 626 290 7 0.0508 370 69 637 288 11 0.0503 646 463 904 703
ceavsq78rK88jMzEVSmweWDfYJOVEB87,11 0.0548 550 806 829 1020 8 0.0546 170 384 426 628 7 0.0543 506 792 768 1023 7 0.0543 171 385 438 631 5 0.0543 311 0 582 250 5 0.0540 166 382 431 626 11 0.0536 159 458 432 702 6 0.0530 6 555 250 766 11 0.0520 571 600 818 835 8 0.0519 501 799 751 1023 11 0.0517 633 450 906 688 6 0.0516 172 385 437 629 5 0.0513 0 548 244 770 8 0.0507 322 0 578 257 6 0.0506 504 800 763 1023 7 0.0506 331 0 591 260 5 0.0504 496 789 758 1022 11 0.0504 0 559 252 763
UDkwP4vvClCEFijeUuBWacp32pyURW54,8 0.0553 430 668 670 895 11 0.0552 372 415 631 638 11 0.0551 373 541 641 772 8 0.0551 454 206 695 450 11 0.0550 381 208 628 441 8 0.0549 377 413 621 639 8 0.0547 377 542 632 774 0 0.0542 376 406 632 644 5 0.0540 314 200 576 434 0 0.0540 508 687 764 907 3 0.0539 390 209 634 445 11 0.0538 423 667 679 894 11 0.0538 650 3 916 199 11 0.0536 442 335 699 573 11 0.0536 316 269 575 513 5 0.0532 368 406 628 638 6 0.0529 450 333 704 572 0 0.0528 380 537 638 776 13 0.0526 429 663 686 899 7 0.0526 381 538 645 776 8 0.0525 322 270 571 512 0 0.0523 448 332 701 577 7 0.0521 377 409 634 639 0 0.0517 321 138 563 364 7 0.0516 449 332 705 572 0 0.0515 650 364 905 601 7 0.0515 321 266 580 514 10 0.0514 377 540 640 775 5 0.0513 440 326 698 569 7 0.0512 511 683 769 908 7 0.0511 386 204 635 439 11 0.0511 321 141 570 365 8 0.0510 450 335 691 571 13 0.0507 376 411 636 641 6 0.0506 378 411 634 639 3 0.0503 431 664 681 900 10 0.0503 460 210 706 452 3 0.0502 451 336 702 580 0 0.0502 323 266 578 512
aYVqkr8NM6HpyrqR2PWsQWxzKHoOV9a3,11 0.0591 186 530 445 769 0 0.0590 116 4 383 211 6 0.0568 124 784 366 1016 5 0.0550 111 782 362 1013 13 0.0545 122 784 377 1015 8 0.0538 120 781 358 1016 7 0.0528 196 717 447 957 0 0.0525 122 782 362 1017 11 0.0525 188 725 448 958 13 0.0524 190 533 453 775 8 0.0522 186 523 438 777 11 0.0521 115 789 365 1013 0 0.0519 192 718 442 963 8 0.0517 125 1 376 206 0 0.0516 189 527 444 774 7 0.0515 125 783 367 1017 5 0.0513 182 527 444 772 11 0.0510 319 281 575 501 7 0.0510 321 668 571 912 11 0.0510 312 672 572 911 13 0.0501 119 0 393 205
3bhNVx9PK5oYFgpenXvcdhxZr1j4R25K,8 0.0587 381 271 634 505 8 0.0584 379 411 742 592 7 0.0578 385 267 645 508 11 0.0566 309 728 561 960 3 0.0561 382 275 633 510 11 0.0558 312 272 574 504 0 0.0557 379 272 638 507 8 0.0555 318 343 566 579 7 0.0553 386 408 762 594 7 0.0543 318 340 577 585 5 0.0542 258 279 630 465 6 0.0539 317 341 580 579 11 0.0537 378 412 751 594 7 0.0533 444 769 692 1008 11 0.0528 196 792 450 1021 13 0.0525 316 347 581 583 0 0.0524 381 413 752 596 6 0.0517 203 798 450 1021 13 0.0509 449 773 702 1007 6 0.0509 386 271 644 508 0 0.0509 308 788 568 1015 6 0.0507 388 138 646 364 3 0.0505 387 412 752 602 5 0.0504 368 74 632 305 5 0.0503 436 759 687 1006 10 0.0502 381 275 641 506 13 0.0501 382 411 766 595
9fAR2i9ZLlWGyZ4ZV6xQBwrFw0OyxcE0,11 0.0551 502 407 763 636 13 0.0547 242 24 505 264 0 0.0545 434 391 693 633 0 0.0543 247 0 500 209 0 0.0541 119 19 369 271 8 0.0537 380 394 624 631 11 0.0535 442 465 689 707 13 0.0532 507 412 769 642 11 0.0531 242 2 502 205 11 0.0529 374 391 625 631 0 0.0525 66 780 316 1020 10 0.0521 248 6 499 203 8 0.0520 449 469 688 712 7 0.0519 72 773 319 1015 8 0.0517 251 0 489 205 5 0.0516 498 402 761 642 6 0.0515 249 0 504 203 6 0.0513 452 466 700 713 8 0.0509 116 16 358 273 11 0.0508 444 337 687 555 13 0.0507 450 336 694 558 8 0.0507 312 334 564 569 8 0.0506 501 409 754 639 5 0.0506 303 268 563 499 13 0.0502 452 465 699 713 0 0.0501 431 272 686 489
STDkZXoKn4Atwq1kyERRL0DW55TzXqzl,5 0.0667 426 583 682 828 8 0.0645 323 265 576 497 0 0.0624 379 327 623 573 7 0.0607 516 323 769 568 5 0.0607 368 259 618 494 11 0.0606 505 269 760 507 11 0.0600 121 591 388 827 8 0.0592 245 390 489 633 7 0.0588 376 260 626 496 5 0.0587 299 657 556 894 5 0.0577 485 527 748 762 7 0.0576 239 266 507 501 5 0.0575 500 260 758 507 0 0.0574 382 200 631 434 11 0.0574 512 400 766 639 5 0.0572 121 588 383 822 11 0.0572 320 267 579 497 5 0.0571 637 267 891 496 7 0.0563 508 196 761 434 0 0.0561 377 656 619 895 0 0.0560 242 329 505 564 6 0.0560 450 271 702 504 13 0.0558 317 331 584 565 5 0.0557 511 390 764 641 5 0.0554 229 265 497 501 3 0.0554 456 326 701 578 8 0.0546 132 588 383 828 0 0.0544 642 273 890 501 11 0.0544 177 275 450 514 11 0.0543 237 215 504 439 0 0.0543 125 589 389 829 0 0.0542 237 209 507 441 6 0.0538 515 328 770 574 10 0.0537 511 330 764 573 3 0.0537 238 271 501 507 13 0.0537 515 325 767 569 3 0.0535 378 264 625 503 13 0.0534 378 263 632 500 6 0.0533 125 588 389 829 2 0.0532 452 333 699 569 7 0.0531 251 392 503 637 10 0.0530 445 270 696 503 6 0.0529 323 267 590 502 5 0.0529 239 388 494 632 8 0.0527 580 268 819 508 2 0.0526 239 275 504 508 11 0.0526 635 273 892 493 5 0.0524 373 387 632 637 0 0.0523 514 328 760 576 3 0.0519 521 399 770 648 5 0.0518 567 209 826 447 2 0.0518 516 401 768 639 0 0.0517 436 595 681 831 11 0.0516 379 396 634 641 9 0.0516 368 267 622 490 8 0.0516 578 149 828 392 6 0.0515 582 274 833 509 10 0.0514 581 276 827 507 0 0.0514 448 268 693 506 2 0.0512 434 600 686 831 11 0.0512 305 667 558 890 3 0.0510 128 591 390 836 10 0.0510 236 273 503 501 7 0.0510 316 327 582 564 5 0.0509 434 144 710 384 11 0.0508 386 200 629 432 2 0.0507 315 332 576 566 8 0.0507 512 323 758 570 7 0.0507 310 668 566 894 2 0.0507 492 534 753 762 13 0.0507 582 268 836 512 3 0.0507 642 225 900 453 7 0.0506 184 332 448 574 7 0.0506 583 267 833 506 2 0.0504 387 468 642 711 3 0.0504 387 393 638 650 8 0.0503 487 526 744 763 9 0.0501 510 325 765 567
AYguWhFMiS5pEvaTxM8RDjE31ourCHYM,7 0.0535 254 797 508 1021 7 0.0530 319 474 583 713 0 0.0530 275 543 650 730 5 0.0528 245 793 497 1017 13 0.0524 322 477 588 713 11 0.0516 249 799 506 1020 11 0.0509 311 478 583 709 8 0.0507 319 472 568 709 8 0.0501 255 798 496 1022
BNFcfU0uJSH7dAJWulDDBTZZISVhcyV0,8 0.0623 249 646 504 888 11 0.0623 122 717 371 955 11 0.0620 185 650 443 892 11 0.0606 299 650 571 885 7 0.0594 193 649 446 898 0 0.0592 248 646 511 892 8 0.0589 190 712 426 960 7 0.0587 251 595 511 821 5 0.0583 184 647 439 895 10 0.0582 181 599 436 833 0 0.0581 123 647 378 892 8 0.0576 128 642 369 890 6 0.0564 126 650 379 891 11 0.0562 398 329 640 544 5 0.0561 121 714 368 953 5 0.0558 252 664 635 839 0 0.0557 186 715 433 963 11 0.0555 254 391 501 623 10 0.0551 245 651 514 890 0 0.0550 397 330 643 550 7 0.0549 127 716 374 959 7 0.0548 402 325 647 546 11 0.0534 213 279 558 464 13 0.0530 192 647 449 897 6 0.0525 249 649 514 891 3 0.0524 307 648 570 893 3 0.0520 186 593 438 836 13 0.0520 307 650 576 890 8 0.0516 400 323 633 545 11 0.0505 182 335 434 570 6 0.0505 186 716 435 962 7 0.0504 256 264 513 499
eGyAibNweSp6qur2M24oZHC4n4cdznys,5 0.0590 754 782 1003 1021 8 0.0587 762 782 1004 1023 5 0.0576 772 580 1022 825 11 0.0569 775 591 1023 822 0 0.0566 759 785 1004 1023 8 0.0564 108 0 360 197 5 0.0547 104 0 369 198 0 0.0546 775 589 1021 827 8 0.0542 777 587 1018 824 11 0.0539 104 2 373 194 11 0.0535 759 784 1009 1018 6 0.0534 761 786 1011 1021 6 0.0520 114 1 376 198 6 0.0517 780 585 1023 821 0 0.0515 110 0 370 201 2 0.0501 759 795 1010 1023
paLZfUsCjeVnYr6EXJri796cpTEeQQaL,11 0.0525 697 406 949 640
GJdFRnDqY6VrLbe15FVdo1qBPO4EqWXO,11 0.0650 317 394 575 631 7 0.0628 327 337 583 578 7 0.0616 253 390 508 639 6 0.0612 322 390 577 635 8 0.0610 322 392 567 634 3 0.0609 322 391 578 639 5 0.0599 247 386 506 637 7 0.0599 390 276 637 516 13 0.0597 323 390 581 634 11 0.0597 248 453 506 692 8 0.0585 327 278 577 513 5 0.0584 320 333 580 574 7 0.0583 254 270 519 517 8 0.0581 177 454 420 699 6 0.0580 255 447 505 696 8 0.0579 314 521 566 760 11 0.0577 309 524 575 756 11 0.0574 182 391 443 629 11 0.0572 322 282 583 512 13 0.0567 254 447 511 697 8 0.0565 253 340 501 582 5 0.0563 238 510 500 760 5 0.0563 173 451 427 698 0 0.0558 326 335 579 577 0 0.0552 318 450 565 692 13 0.0550 328 281 593 515 13 0.0550 321 517 576 758 3 0.0550 253 452 507 701 3 0.0546 326 283 586 523 0 0.0545 249 270 513 517 10 0.0544 250 455 505 697 6 0.0543 188 388 445 634 12 0.0542 325 337 581 576 0 0.0542 250 389 502 639 3 0.0541 455 286 697 517 10 0.0541 317 395 578 631 9 0.0537 321 283 582 509 9 0.0536 250 394 508 636 5 0.0535 499 280 748 511 7 0.0532 247 516 507 769 7 0.0531 179 451 430 699 6 0.0527 330 282 586 513 3 0.0527 319 522 574 764 8 0.0522 447 285 689 510 10 0.0521 179 394 440 632 1 0.0521 316 385 572 632 11 0.0521 446 285 699 510 2 0.0518 388 288 629 516 2 0.0518 251 397 500 638 6 0.0515 180 517 431 761 2 0.0514 502 293 754 513 11 0.0510 173 517 432 758 12 0.0510 254 390 509 642 5 0.0509 246 267 514 513 3 0.0509 183 389 444 639 2 0.0502 182 456 427 698 10 0.0502 315 527 575 758 6 0.0501 317 519 577 761
vtEKNC9aG6Z4mPbvWwmy4Qyvi89JB3Mr,8 0.0580 182 7 420 254 11 0.0579 294 786 556 1017 6 0.0561 647 0 894 205 8 0.0559 295 781 547 1019 11 0.0556 8 0 391 146 11 0.0552 637 3 893 201 7 0.0551 644 0 896 205 5 0.0541 630 0 888 202 8 0.0538 12 0 371 148 10 0.0533 636 4 892 204 6 0.0533 17 0 390 146 7 0.0529 22 0 389 146 13 0.0524 641 1 899 206 3 0.0522 644 0 892 212 7 0.0518 299 782 561 1020 5 0.0518 7 0 384 144 11 0.0514 178 12 426 245 5 0.0511 292 776 549 1012 13 0.0508 181 13 431 253 8 0.0508 639 0 883 206 11 0.0506 634 84 896 308 6 0.0502 300 784 559 1019 8 0.0501 637 82 885 314
CMnQR1BXyp5ZFbU2YzsbcVUUJmQ3wZgR,11 0.0567 570 143 832 376 5 0.0542 381 4 633 238 0 0.0523 638 145 891 379 7 0.0514 586 201 843 447 8 0.0513 572 143 819 379 7 0.0509 587 316 839 565 8 0.0504 501 75 746 300 10 0.0503 456 6 710 231 5 0.0501 498 126 760 363 0 0.0500 635 34 880 261
yunoOsJCBHUfh9AZWPQpGKvT7RmVEqOX,11 0.0624 382 387 645 630 5 0.0613 304 73 575 306 11 0.0602 263 332 504 573 11 0.0593 317 447 572 689 11 0.0592 433 597 704 833 5 0.0592 275 411 634 598 0 0.0592 435 593 704 836 3 0.0587 283 419 641 602 7 0.0582 382 451 643 689 3 0.0576 312 77 576 315 11 0.0575 196 260 442 497 11 0.0574 368 525 635 759 11 0.0574 316 593 576 830 13 0.0566 237 149 517 379 7 0.0565 240 87 520 330 5 0.0561 317 510 573 755 8 0.0560 308 82 567 312 8 0.0557 368 597 629 831 6 0.0556 437 517 702 754 3 0.0552 503 0 765 196 13 0.0552 312 83 585 306 8 0.0552 437 518 688 754 13 0.0551 376 525 641 760 5 0.0551 490 0 765 188 0 0.0548 181 200 429 445 13 0.0546 322 447 577 694 6 0.0545 322 593 583 833 7 0.0544 202 255 442 502 6 0.0544 381 454 643 687 7 0.0544 320 592 584 834 5 0.0541 442 382 696 619 7 0.0541 451 387 704 621 7 0.0540 442 592 706 835 2 0.0540 439 597 703 832 0 0.0540 235 146 502 380 7 0.0540 435 724 705 966 5 0.0539 261 325 497 571 8 0.0539 284 419 625 599 5 0.0539 235 140 503 378 0 0.0537 318 449 571 695 8 0.0536 322 518 567 757 5 0.0536 365 590 632 831 2 0.0536 264 402 514 637 0 0.0536 196 322 435 570 13 0.0535 201 319 442 573 13 0.0534 321 594 585 834 2 0.0531 373 529 633 756 13 0.0529 440 593 712 835 5 0.0529 432 509 691 753 5 0.0527 248 452 507 698 0 0.0524 318 593 579 834 3 0.0524 439 595 704 840 5 0.0522 196 251 433 496 8 0.0519 237 152 496 380 6 0.0519 315 79 586 306 8 0.0518 200 316 426 568 3 0.0518 321 521 576 763 11 0.0516 308 80 576 303 0 0.0516 430 719 703 970 5 0.0515 182 373 438 626 5 0.0515 240 595 509 834 0 0.0515 448 394 701 624 8 0.0515 448 391 690 621 10 0.0515 386 387 644 630 7 0.0512 267 328 507 574 13 0.0511 444 455 709 688 9 0.0510 377 452 641 684 6 0.0509 450 394 707 622 3 0.0509 452 392 702 630 10 0.0508 375 528 634 759 8 0.0507 252 458 500 702 8 0.0507 374 718 629 958 7 0.0505 318 717 585 956 1 0.0505 279 415 633 598 11 0.0502 229 151 507 377 11 0.0500 430 729 702 965
2fVYt8KsHPJGuESxooNBYXuw6WiOEcnN,0 0.0602 143 1 501 146 11 0.0600 298 793 551 1022 11 0.0559 321 334 590 575 7 0.0558 376 778 629 1018 10 0.0554 299 795 555 1023 13 0.0549 375 783 632 1020 11 0.0548 414 415 774 600 5 0.0544 203 0 568 142 8 0.0544 145 1 490 144 0 0.0539 295 788 553 1023 6 0.0536 304 794 560 1020 6 0.0534 214 0 584 141 3 0.0532 213 0 579 147 11 0.0529 204 0 578 141 7 0.0528 588 779 817 1009 5 0.0513 363 777 621 1017 0 0.0513 312 135 572 369 3 0.0506 373 777 627 1023 8 0.0504 301 784 552 1023 13 0.0503 445 359 703 581 8 0.0500 266 345 616 535
qJ1q9CxJQR3TqgMcWEaC739wMxddDQkJ,8 0.0558 699 13 936 258 13 0.0548 584 0 839 210 8 0.0537 575 0 819 209 13 0.0505 707 0 965 208 5 0.0505 753 0 1013 201 0 0.0505 704 3 954 209
BtkVmVSERVlfR8zHiCgGDJPyke1SWFKC,7 0.0566 383 329 641 579 6 0.0555 381 329 640 577 7 0.0514 382 457 627 704 8 0.0512 379 328 631 573 7 0.0511 300 393 572 638 0 0.0502 382 327 637 579 0 0.0501 311 598 574 842
HnFaswLC49Wf0cO7AEmCPEWV19kR5Dl2,11 0.0597 302 596 571 822 8 0.0583 373 205 632 448 11 0.0581 359 684 634 911 11 0.0570 253 659 512 894 7 0.0568 247 720 497 957 5 0.0565 240 718 493 955 3 0.0559 313 672 578 910 8 0.0559 112 775 360 1018 11 0.0554 372 211 643 450 5 0.0552 487 784 762 1017 5 0.0548 195 638 439 885 6 0.0546 320 665 579 905 0 0.0545 453 216 720 452 11 0.0542 488 790 765 1020 7 0.0539 491 789 776 1023 5 0.0539 353 733 626 972 7 0.0538 203 643 444 882 0 0.0533 491 791 768 1023 11 0.0533 184 721 430 956 10 0.0533 255 659 510 895 5 0.0531 301 587 565 827 8 0.0531 249 719 490 959 0 0.0530 280 223 651 406 8 0.0527 495 787 755 1023 3 0.0527 374 209 639 454 11 0.0526 108 776 366 1015 7 0.0524 117 777 370 1015 0 0.0523 108 778 367 1019 13 0.0523 128 726 371 964 6 0.0523 424 681 691 916 7 0.0521 318 668 581 905 6 0.0520 374 599 634 839 6 0.0518 377 207 647 452 7 0.0517 375 206 647 451 5 0.0516 369 207 639 449 13 0.0515 253 721 502 965 10 0.0513 302 734 561 965 0 0.0512 242 717 495 961 13 0.0510 373 601 642 843 6 0.0509 247 715 498 961 0 0.0509 314 667 576 909 5 0.0503 117 719 363 952 3 0.0502 419 744 689 978 11 0.0500 121 659 381 884
IkAVak87rE1ZW2neyAGVJXjbPRQK81uL,0 0.0619 251 397 502 646 5 0.0617 246 395 499 645 7 0.0603 193 585 443 829 3 0.0603 378 409 640 652 11 0.0599 186 399 436 641 5 0.0595 216 341 557 530 0 0.0594 319 340 579 574 11 0.0592 320 410 575 649 8 0.0586 188 398 428 643 7 0.0583 255 398 503 647 0 0.0582 185 270 452 514 11 0.0570 449 406 704 639 5 0.0568 170 459 425 702 3 0.0563 253 399 500 651 8 0.0562 257 332 505 574 11 0.0557 254 334 517 576 11 0.0555 190 273 453 510 7 0.0554 379 408 640 648 7 0.0553 181 463 431 706 0 0.0552 375 407 639 648 6 0.0550 190 400 439 644 7 0.0549 191 328 449 582 13 0.0548 253 398 505 647 6 0.0546 325 407 575 653 10 0.0541 324 414 575 652 11 0.0538 379 354 646 571 7 0.0534 324 337 580 577 8 0.0532 194 269 443 512 6 0.0531 255 336 518 577 5 0.0528 370 402 635 646 3 0.0524 224 344 562 537 0 0.0523 176 463 429 710 5 0.0523 250 66 497 307 13 0.0521 187 328 454 582 2 0.0520 255 405 498 647 11 0.0520 180 525 440 757 3 0.0520 180 466 426 710 13 0.0516 377 408 645 646 5 0.0513 186 581 441 825 7 0.0513 452 351 710 582 11 0.0512 309 669 555 889 0 0.0511 242 2 504 255 0 0.0510 182 133 443 373 10 0.0510 181 528 440 761 5 0.0508 179 133 438 370 9 0.0505 319 411 570 648 10 0.0504 185 403 435 645 8 0.0504 256 78 492 306 11 0.0504 239 10 505 253 8 0.0503 375 411 628 648 0 0.0503 448 353 702 581 6 0.0502 193 274 457 510 13 0.0501 182 463 433 709
Qk5V2lChdI6WlWnqCXYRq2V9cDcU96Lt,11 0.0602 509 389 762 623 5 0.0596 503 383 758 626 8 0.0593 503 389 758 623 7 0.0579 512 386 767 629 13 0.0562 508 391 770 621 6 0.0560 510 392 766 626 3 0.0557 512 388 762 635 0 0.0542 507 392 765 627 8 0.0524 474 0 807 155 5 0.0522 476 0 810 155 2 0.0519 511 400 764 628 11 0.0516 478 0 816 157 10 0.0514 502 392 762 628 0 0.0510 442 272 699 501 6 0.0508 484 0 821 156 3 0.0505 481 0 821 161 5 0.0505 557 274 809 504
QMEVuXxMElS2KQ2YxaAzAK2GcVUKrx1w,8 0.0620 199 0 438 205 11 0.0597 192 2 444 207 5 0.0570 9 0 360 147 8 0.0556 9 0 354 147 11 0.0546 10 3 367 147 8 0.0539 316 661 547 888 0 0.0533 199 0 441 205 0 0.0525 12 0 361 150 11 0.0525 309 660 552 886 6 0.0509 18 1 367 146 10 0.0509 195 8 445 202 11 0.0505 241 150 503 390 11 0.0504 383 467 634 690 3 0.0502 13 0 363 153
E0udFiLGa9EoeBQ4yG9mN0IKtMbLJQBU,11 0.0629 559 582 830 827 0 0.0617 560 584 828 832 5 0.0605 551 655 813 895 11 0.0578 349 604 704 785 0 0.0576 616 669 882 900 3 0.0573 568 579 826 835 6 0.0572 563 580 836 829 8 0.0571 554 656 809 891 11 0.0554 619 666 881 896 11 0.0554 361 662 637 903 5 0.0552 621 584 895 829 13 0.0547 514 579 781 830 8 0.0546 614 736 870 974 0 0.0545 563 402 828 639 0 0.0542 351 603 701 787 7 0.0542 564 578 832 827 5 0.0541 556 509 826 759 7 0.0534 366 659 642 908 8 0.0530 633 588 894 830 5 0.0529 341 599 695 784 10 0.0527 557 660 815 894 8 0.0525 243 545 473 772 6 0.0520 363 533 718 715 5 0.0520 357 655 633 905 5 0.0519 235 545 475 765 11 0.0517 298 63 557 303 8 0.0516 386 519 638 756 11 0.0514 395 482 751 666 6 0.0513 378 586 653 832 2 0.0511 564 589 831 830 3 0.0510 377 590 648 844 13 0.0506 309 601 578 836 8 0.0504 567 515 821 759 13 0.0502 631 588 905 830 0 0.0500 364 660 636 908
oKy2TdUOPgHhagf98CpKszU85vpapWT3,5 0.0631 364 197 627 434 0 0.0619 508 473 758 718 11 0.0616 508 474 758 715 5 0.0615 380 401 641 645 0 0.0614 572 413 824 639 0 0.0614 384 407 648 655 0 0.0606 513 326 770 576 2 0.0603 386 410 649 651 5 0.0600 438 124 698 365 5 0.0596 308 461 572 706 7 0.0595 389 336 654 581 8 0.0594 60 0 313 203 5 0.0593 504 394 759 640 8 0.0590 11 774 245 1017 0 0.0587 8 775 257 1018 11 0.0584 379 466 641 715 0 0.0580 370 202 629 439 7 0.0577 387 466 646 717 2 0.0575 512 402 768 640 11 0.0575 5 778 254 1017 7 0.0574 513 471 762 713 11 0.0572 59 3 320 199 11 0.0572 508 209 768 439 0 0.0570 242 204 514 450 0 0.0570 394 544 641 789 11 0.0569 513 329 768 573 0 0.0568 505 205 765 445 7 0.0562 377 202 632 440 11 0.0561 575 413 821 635 11 0.0559 372 204 635 439 5 0.0557 53 0 316 205 11 0.0557 504 607 763 835 10 0.0557 58 2 320 205 8 0.0556 443 458 698 710 5 0.0556 503 202 762 438 5 0.0555 250 587 505 834 6 0.0554 375 204 636 440 2 0.0548 372 208 631 436 11 0.0547 247 537 514 777 11 0.0547 383 334 651 577 8 0.0546 399 540 633 785 5 0.0546 391 540 635 779 6 0.0545 448 463 711 707 7 0.0543 516 325 773 575 11 0.0542 306 406 576 645 5 0.0542 123 598 383 837 6 0.0541 314 467 587 712 3 0.0538 507 398 763 649 0 0.0538 312 464 581 714 13 0.0538 389 336 658 581 13 0.0537 387 466 648 720 0 0.0537 55 0 322 210 13 0.0533 375 204 640 441 5 0.0532 5 773 251 1017 5 0.0531 235 406 502 640 6 0.0530 514 205 773 440 6 0.0529 391 335 658 579 0 0.0528 580 144 829 386 8 0.0525 515 323 763 575 6 0.0525 13 777 260 1013 7 0.0525 313 403 576 646 6 0.0524 245 414 514 643 8 0.0524 586 206 827 438 5 0.0524 678 20 933 254 6 0.0523 520 325 775 572 7 0.0523 514 203 772 442 0 0.0521 635 347 880 571 11 0.0521 245 202 515 443 10 0.0520 380 412 647 647 10 0.0518 10 727 256 962 1 0.0517 7 766 254 1018 6 0.0515 258 585 510 841 7 0.0515 509 599 772 837 9 0.0515 381 335 647 571 6 0.0515 400 547 648 784 3 0.0514 374 203 635 444 8 0.0514 371 202 625 439 7 0.0514 256 586 509 839 5 0.0512 496 593 755 836 3 0.0511 386 405 647 656 7 0.0511 61 0 323 208 5 0.0511 244 196 503 440 13 0.0509 514 600 771 835 3 0.0509 510 206 767 447 0 0.0508 391 670 642 911 8 0.0507 577 408 813 636 2 0.0507 310 468 580 707 7 0.0507 15 775 254 1020 13 0.0506 62 2 328 209 7 0.0506 581 276 832 505 8 0.0505 508 602 753 840 10 0.0505 681 25 931 253 11 0.0505 575 284 832 501 0 0.0504 254 590 507 841
rQEOvJ9XYYltxOLx6I0qUJAPiGZRtRmH,11 0.0607 303 279 572 512 8 0.0605 373 142 618 378 11 0.0602 300 149 566 387 0 0.0599 368 137 621 381 5 0.0583 569 130 827 376 11 0.0573 351 351 633 574 11 0.0563 296 420 567 644 11 0.0558 425 273 696 508 6 0.0555 377 82 631 315 11 0.0553 232 345 495 574 3 0.0552 377 140 622 383 7 0.0551 437 269 700 511 0 0.0550 294 205 562 447 6 0.0547 306 147 570 387 8 0.0542 125 526 374 779 11 0.0542 365 629 633 853 7 0.0541 582 133 833 374 8 0.0540 297 207 553 444 0 0.0539 679 481 936 710 13 0.0538 310 278 576 513 0 0.0536 365 628 629 859 8 0.0535 6 522 247 768 8 0.0531 571 136 821 371 7 0.0530 311 488 583 722 5 0.0530 366 78 626 312 10 0.0529 635 138 882 389 13 0.0529 304 147 574 389 11 0.0529 371 85 629 316 11 0.0528 7 526 255 764 0 0.0528 572 132 830 372 11 0.0528 570 138 834 371 8 0.0526 390 10 620 245 3 0.0524 578 133 830 377 7 0.0523 374 140 626 378 8 0.0523 368 629 623 855 8 0.0522 375 271 626 505 8 0.0521 305 337 558 569 7 0.0521 395 13 630 248 5 0.0516 295 142 564 384 0 0.0515 372 268 632 506 10 0.0514 371 144 627 380 8 0.0514 182 466 436 703 5 0.0512 761 129 1009 381 7 0.0511 312 278 570 511 13 0.0509 374 630 635 855 8 0.0509 245 407 496 644 10 0.0508 4 527 253 766 7 0.0506 362 348 636 572 10 0.0504 308 284 569 509 13 0.0503 637 133 893 394 11 0.0503 127 529 380 776 3 0.0502 377 270 631 512 10 0.0502 231 347 489 573 5 0.0502 241 478 506 713 11 0.0501 181 469 440 700
HWuj669X82o7T3ewTP8rglLfSpjqtrEB,7 0.0617 75 866 440 1022 8 0.0612 73 869 425 1023 10 0.0606 66 873 433 1023 11 0.0601 71 868 437 1020 5 0.0562 69 864 430 1020 0 0.0555 73 871 434 1023
2fecGFOAZLEK4quv2W2VcpxAOpQ5Wdtz,11 0.0640 380 295 639 520 3 0.0616 499 400 755 645 8 0.0611 388 345 631 587 11 0.0610 490 405 757 641 3 0.0590 385 346 641 595 7 0.0581 385 345 642 589 8 0.0578 446 278 695 509 7 0.0563 449 280 710 511 0 0.0559 320 335 576 580 13 0.0558 387 343 647 590 7 0.0558 496 402 762 642 0 0.0555 492 402 756 642 3 0.0550 447 281 704 520 5 0.0549 317 335 572 575 5 0.0545 437 276 701 508 6 0.0543 495 398 759 644 8 0.0542 492 400 750 641 13 0.0534 496 401 762 641 6 0.0533 383 347 642 589 3 0.0527 317 277 569 522 10 0.0526 492 404 759 642 11 0.0526 265 537 631 719 5 0.0523 487 396 753 639 6 0.0509 318 277 574 514 10 0.0502 324 339 577 578
vxzenhd5Aqy8JqLFvhrp3DnruqJ9EnAA,0 0.0632 59 796 306 1023 11 0.0632 61 796 303 1019 8 0.0628 123 783 366 1023 7 0.0625 186 791 432 1017 0 0.0617 310 588 561 828 5 0.0607 117 784 365 1018 11 0.0598 182 791 428 1014 13 0.0593 124 790 378 1023 0 0.0589 184 790 425 1015 0 0.0582 255 657 505 899 7 0.0575 65 791 305 1023 11 0.0575 315 656 569 896 7 0.0573 313 585 564 826 8 0.0572 251 659 496 895 2 0.0571 62 797 306 1023 11 0.0569 309 528 564 756 10 0.0561 179 790 426 1012 5 0.0560 260 713 501 945 8 0.0559 308 588 552 824 0 0.0557 691 85 937 321 3 0.0556 66 795 304 1023 6 0.0555 64 797 307 1022 7 0.0555 328 711 575 949 6 0.0551 187 789 430 1016 1 0.0545 60 786 304 1023 0 0.0538 325 712 572 952 8 0.0535 327 712 567 948 7 0.0532 256 657 509 895 10 0.0530 317 657 570 898 13 0.0528 329 713 580 946 9 0.0519 124 789 371 1019 6 0.0515 321 656 572 898 2 0.0513 186 792 428 1023 11 0.0512 689 87 940 310 10 0.0508 62 797 299 1022 3 0.0506 189 790 428 1020 4 0.0504 62 799 308 1023
V7cY33HBTkZtGEAPNRQN5zHSkA7sZu8O,8 0.0622 373 145 627 369 7 0.0609 377 85 643 323 11 0.0606 369 145 635 371 3 0.0604 376 143 635 375 11 0.0604 247 18 517 264 8 0.0602 270 263 521 497 0 0.0598 247 10 516 267 0 0.0596 374 141 636 373 5 0.0580 365 138 631 370 11 0.0580 197 277 454 495 5 0.0579 262 258 529 496 11 0.0579 249 207 519 433 8 0.0569 245 378 500 609 6 0.0567 504 83 764 315 11 0.0567 502 3 759 202 11 0.0566 239 381 515 605 10 0.0566 366 146 636 370 0 0.0565 501 0 757 201 7 0.0562 379 197 642 429 13 0.0558 373 143 642 374 6 0.0558 378 197 635 429 5 0.0557 238 374 508 608 5 0.0555 242 6 509 261 6 0.0553 274 262 532 498 7 0.0548 274 259 533 494 5 0.0548 493 78 756 311 8 0.0545 255 15 508 265 0 0.0544 499 82 760 314 7 0.0544 501 0 757 203 6 0.0544 246 136 518 378 3 0.0543 274 261 533 502 5 0.0542 232 128 516 374 9 0.0541 375 91 643 314 8 0.0539 502 154 753 379 13 0.0537 254 16 525 266 0 0.0536 243 135 514 380 6 0.0534 378 87 642 323 3 0.0533 252 16 513 269 13 0.0532 271 260 538 501 7 0.0530 244 132 522 377 6 0.0530 501 1 762 202 7 0.0526 252 15 520 267 10 0.0525 251 208 516 436 0 0.0523 268 259 530 500 3 0.0523 500 0 755 211 6 0.0514 254 17 522 263 3 0.0513 245 136 517 383 7 0.0511 501 81 762 313 11 0.0511 499 86 761 312 10 0.0510 497 87 763 312 0 0.0509 197 332 447 568 5 0.0508 497 0 752 199 13 0.0507 501 86 770 315 8 0.0505 247 139 506 376 6 0.0505 186 389 438 616 10 0.0504 496 0 757 200 3 0.0503 503 84 760 321 13 0.0503 243 135 525 381 2 0.0501 376 91 635 320 2 0.0500 250 18 514 264 0 0.0500 509 213 767 434
suIDxZNcVgR7Oz4ZZq7C9pcCS2xIe91B,8 0.0540 565 333 830 555
demdHKhandH5yHfick8gzEY0Mf9dmyza,5 0.0672 311 450 566 697 0 0.0669 0 211 249 445 11 0.0663 314 453 567 698 0 0.0649 250 519 514 762 8 0.0644 315 448 561 706 0 0.0633 314 450 568 700 8 0.0621 0 211 240 445 2 0.0620 317 339 575 573 11 0.0619 181 442 445 683 3 0.0617 317 452 570 702 5 0.0614 255 583 519 822 0 0.0613 383 525 634 780 0 0.0613 697 1 949 204 2 0.0610 316 459 570 700 8 0.0608 307 271 567 518 5 0.0604 0 138 234 371 11 0.0603 248 518 511 758 7 0.0602 318 455 571 699 8 0.0602 122 250 364 503 2 0.0597 254 525 514 763 11 0.0596 382 525 632 776 8 0.0594 384 520 627 781 2 0.0593 332 596 585 834 5 0.0591 375 332 619 576 7 0.0589 253 521 515 763 0 0.0588 378 338 624 578 13 0.0587 258 519 519 760 7 0.0586 189 444 448 687 8 0.0586 252 516 504 765 10 0.0586 246 452 501 685 8 0.0584 190 373 433 621 13 0.0584 0 206 254 449 5 0.0580 114 244 370 502 7 0.0580 384 523 636 779 11 0.0579 307 272 573 520 6 0.0579 700 0 957 198 3 0.0578 313 333 573 574 5 0.0577 183 439 443 686 7 0.0576 0 208 252 451 0 0.0576 185 377 447 624 5 0.0574 435 455 683 698 11 0.0570 0 211 247 446 0 0.0569 196 253 451 511 5 0.0568 364 203 626 446 0 0.0567 505 654 769 896 2 0.0567 373 266 629 514 0 0.0564 442 460 683 704 8 0.0563 699 0 946 198 7 0.0563 312 332 576 574 6 0.0562 385 527 641 778 5 0.0561 435 580 691 830 8 0.0559 378 335 618 580 0 0.0559 306 274 576 518 11 0.0557 111 252 377 499 3 0.0557 2 212 250 451 5 0.0556 690 0 946 200 3 0.0555 444 582 694 841 6 0.0552 255 519 518 758 0 0.0551 106 201 363 445 11 0.0551 693 1 950 196 6 0.0549 1 142 244 375 13 0.0548 189 380 452 625 5 0.0548 438 267 687 517 0 0.0548 369 207 631 447 10 0.0546 379 467 632 711 11 0.0546 504 655 764 892 11 0.0544 439 273 691 517 0 0.0544 0 72 234 304 13 0.0544 314 335 580 572 10 0.0543 198 321 447 556 6 0.0542 442 462 693 700 5 0.0542 242 313 502 558 13 0.0540 698 0 958 201 9 0.0540 310 336 572 567 10 0.0538 312 339 573 570 3 0.0537 700 2 950 207 6 0.0535 314 339 578 569 6 0.0535 309 220 572 452
dTrCeB0OUPQRsNe3QJqzPolVeXVsGq3E,11 0.0578 0 20 256 252 8 0.0529 5 18 246 251 0 0.0521 6 15 252 254 5 0.0515 0 11 251 255 11 0.0514 299 351 577 575 8 0.0514 251 334 503 573 3 0.0511 4 15 254 259 0 0.0508 249 335 503 570 7 0.0505 197 330 460 578 10 0.0504 0 18 252 250
BGb8imb6AqztZRmQeaQBhfUdFkE8filn,5 0.0707 183 782 427 1020 8 0.0698 188 781 428 1023 11 0.0672 204 675 561 849 7 0.0641 131 652 378 890 10 0.0639 206 678 560 850 0 0.0639 187 785 430 1023 7 0.0636 188 785 434 1023 0 0.0634 208 673 563 856 0 0.0630 128 652 378 893 11 0.0618 185 785 430 1020 5 0.0615 125 650 375 891 8 0.0607 75 678 420 855 10 0.0605 125 656 375 887 7 0.0600 212 673 562 851 5 0.0596 201 674 558 850 13 0.0593 253 786 502 1023 11 0.0593 127 654 377 887 10 0.0588 186 788 432 1022 3 0.0586 212 673 562 856 6 0.0582 187 789 432 1023 2 0.0578 187 789 431 1023 3 0.0577 130 654 377 894 7 0.0575 470 397 710 627 11 0.0572 460 398 704 627 1 0.0564 248 779 496 1023 6 0.0556 131 656 379 891 9 0.0555 185 788 432 1022 3 0.0554 254 784 499 1023 13 0.0546 208 674 570 851 0 0.0535 380 346 635 556 6 0.0535 209 677 565 850 13 0.0529 131 652 385 891 12 0.0523 190 783 431 1023 2 0.0521 208 679 560 853 4 0.0521 187 787 434 1023 9 0.0518 125 655 381 888 11 0.0517 385 342 631 548 9 0.0515 202 675 559 848 12 0.0505 129 652 379 891 1 0.0504 125 649 378 890
oAvHpi9miaB5SGCWVkx0agexImCRYhpw,3 0.0581 501 277 754 504 5 0.0569 579 323 836 573 0 0.0569 498 278 752 500 8 0.0565 500 273 747 500 5 0.0564 494 268 746 499 8 0.0562 4 654 236 901 11 0.0559 0 663 244 900 0 0.0549 0 660 241 905 11 0.0543 497 280 755 497 6 0.0542 503 276 758 498 7 0.0542 5 659 249 906 11 0.0536 578 335 843 568 8 0.0535 440 129 697 361 7 0.0533 497 276 757 501 13 0.0528 434 411 694 643 5 0.0523 433 128 700 357 0 0.0516 584 330 837 576 5 0.0516 425 406 684 640 3 0.0514 11 661 243 909 0 0.0513 440 135 704 364 13 0.0509 443 135 710 363 0 0.0507 4 2 256 220 8 0.0507 434 406 681 641 7 0.0507 441 132 704 369 8 0.0504 1 0 251 214 6 0.0502 591 332 845 575 13 0.0502 499 279 760 499
icajV2HRWufIkMrh5dNIhQP9XBS4wOXX,11 0.0588 247 790 498 1020 0 0.0573 247 788 500 1023 8 0.0552 188 783 431 1022 7 0.0550 251 786 505 1021 11 0.0547 184 720 437 949 5 0.0539 182 783 438 1018 0 0.0525 186 713 438 957 7 0.0524 187 719 439 954 13 0.0518 189 788 444 1023 10 0.0506 181 722 437 954 8 0.0506 113 713 358 948
00eCz0yTwisqK7dgZKrdhLh4cMP9FewR,11 0.0653 507 520 758 756 11 0.0645 126 690 486 865 7 0.0639 132 688 486 865 11 0.0638 441 592 688 837 8 0.0636 128 686 475 865 0 0.0627 504 520 757 761 11 0.0627 309 647 562 893 7 0.0626 513 592 758 834 0 0.0610 312 645 559 900 8 0.0609 315 646 556 895 5 0.0606 127 687 475 865 8 0.0605 506 518 751 757 11 0.0604 635 537 893 749 0 0.0603 129 689 481 866 5 0.0602 504 590 752 834 0 0.0601 383 588 633 844 10 0.0589 505 593 754 836 7 0.0585 315 644 560 898 8 0.0585 444 592 684 838 7 0.0578 453 529 696 765 3 0.0577 640 533 887 755 7 0.0575 641 532 892 757 10 0.0572 121 693 482 864 6 0.0569 131 692 487 864 0 0.0567 634 537 892 755 5 0.0564 631 533 887 753 6 0.0559 312 648 560 897 6 0.0551 508 592 756 836 10 0.0548 444 535 690 767 13 0.0544 316 645 565 898 5 0.0544 442 530 687 766 3 0.0542 511 517 756 763 10 0.0539 312 648 559 895 13 0.0539 513 517 762 762 2 0.0538 445 537 693 768 5 0.0536 311 643 553 894 10 0.0533 382 593 632 838 13 0.0533 387 589 642 844 3 0.0533 127 690 487 867 3 0.0526 313 647 561 899 7 0.0526 389 588 636 840 13 0.0525 131 689 491 866 8 0.0521 634 534 880 754 2 0.0514 124 694 484 868 5 0.0513 381 584 627 840 2 0.0511 312 650 558 899 2 0.0509 384 595 634 843 9 0.0509 127 690 482 863 3 0.0508 446 591 690 843 6 0.0506 386 589 634 842 2 0.0506 508 598 757 836 1 0.0501 378 580 633 842
4xNQvU50ZlvLzxzBGcSnMcgv933gVoEK,0 0.0580 763 9 1018 247 11 0.0556 450 726 702 955 11 0.0546 762 8 1021 239 5 0.0539 759 2 1013 241 7 0.0535 449 775 694 1009 8 0.0530 766 5 1011 239 0 0.0502 445 782 688 1007 8 0.0502 454 729 694 959
f2Gu6XxLwE9IGGCaZx8R0sAPdVFE8Cu6,0 0.0626 248 205 501 446 11 0.0620 174 201 435 443 11 0.0598 244 152 508 385 11 0.0595 246 272 504 509 8 0.0592 179 198 427 443 7 0.0590 251 147 510 384 11 0.0585 425 730 692 951 3 0.0583 311 163 578 391 5 0.0570 241 145 505 382 11 0.0565 318 227 578 451 8 0.0564 311 163 568 391 7 0.0561 254 265 505 512 6 0.0556 250 149 507 383 5 0.0553 172 198 430 438 7 0.0553 432 723 691 954 11 0.0544 634 405 902 627 8 0.0544 252 265 495 510 10 0.0544 176 149 433 381 7 0.0542 180 200 437 441 0 0.0540 424 724 690 956 11 0.0537 374 531 632 762 0 0.0536 317 272 571 510 0 0.0536 177 147 434 383 0 0.0534 310 407 569 641 3 0.0533 384 106 650 338 0 0.0532 380 469 633 705 3 0.0532 501 724 753 963 7 0.0532 567 314 837 552 5 0.0531 558 308 824 551 13 0.0530 382 526 633 767 7 0.0530 412 671 768 857 13 0.0530 250 146 514 389 10 0.0529 247 213 501 442 8 0.0528 377 529 620 763 13 0.0526 308 407 571 643 5 0.0525 243 264 501 507 6 0.0524 385 109 649 332 2 0.0524 179 148 436 384 11 0.0522 302 407 567 636 0 0.0521 634 402 891 628 11 0.0521 395 677 769 855 6 0.0520 251 267 506 510 0 0.0520 251 85 511 323 5 0.0519 626 396 890 627 6 0.0519 182 200 436 441 11 0.0519 562 321 834 554 7 0.0516 322 217 580 454 7 0.0515 638 398 901 625 7 0.0514 385 107 651 330 8 0.0511 496 727 741 955 0 0.0511 562 317 827 552 8 0.0511 310 407 556 639 8 0.0511 391 676 749 858 5 0.0508 422 724 683 952 11 0.0508 448 223 698 449 7 0.0508 386 526 632 765 7 0.0507 446 458 702 695 3 0.0505 337 674 706 862 13 0.0505 252 263 507 514 13 0.0505 325 220 583 458 3 0.0504 392 219 633 453 10 0.0504 248 91 514 320 12 0.0504 250 148 511 385 10 0.0501 186 271 437 509 6 0.0500 323 220 580 451 11 0.0500 434 466 698 694
VVW96ltsY3ZII8JveLG7QdAyLa6SUw9a,11 0.0607 315 342 577 563 8 0.0596 242 272 506 506 11 0.0581 371 792 624 1012 11 0.0575 238 270 516 505 0 0.0572 318 342 571 569 13 0.0570 325 151 596 394 11 0.0567 314 221 592 453 5 0.0563 366 786 617 1014 7 0.0561 376 791 630 1014 7 0.0559 386 341 636 570 10 0.0558 775 10 1021 254 5 0.0558 238 265 507 506 7 0.0555 247 268 518 506 8 0.0554 321 159 579 395 0 0.0551 318 220 585 450 0 0.0547 243 271 513 507 11 0.0546 311 725 566 956 13 0.0545 246 268 518 511 7 0.0541 321 721 570 958 5 0.0540 777 1 1022 252 6 0.0539 244 267 517 505 5 0.0538 314 337 570 567 8 0.0532 375 788 616 1014 6 0.0531 326 153 594 395 7 0.0529 217 413 575 594 3 0.0527 241 270 513 511 8 0.0526 212 416 561 596 0 0.0524 371 791 626 1018 3 0.0523 319 343 572 574 11 0.0522 383 289 647 506 5 0.0522 310 214 583 451 6 0.0521 320 342 577 567 0 0.0521 240 151 521 389 3 0.0519 320 153 589 401 0 0.0514 775 9 1020 256 11 0.0514 772 11 1023 251 2 0.0510 246 273 513 506 5 0.0509 307 717 558 957 8 0.0508 780 4 1014 248 10 0.0503 241 273 515 506 0 0.0503 385 290 641 513
plyAuPXFVqlNN9ZosSdjpBpUv2lSQyTS,11 0.0585 373 412 639 633 8 0.0578 318 281 563 504 8 0.0557 329 404 564 632 11 0.0552 314 284 577 508 7 0.0542 326 401 582 632 11 0.0535 258 655 525 883 8 0.0533 370 343 621 565 0 0.0525 313 463 570 700 8 0.0522 248 329 493 565 0 0.0522 248 400 507 629 11 0.0519 308 163 565 395 3 0.0518 317 279 572 514 13 0.0515 265 217 517 455 6 0.0513 313 157 566 395 5 0.0512 313 272 572 505 0 0.0511 245 268 500 511 5 0.0509 252 212 500 452 8 0.0505 307 153 550 395 0 0.0504 320 220 568 452 8 0.0504 379 475 625 701 13 0.0501 324 335 578 566 6 0.0500 320 280 577 509 11 0.0500 311 463 569 694
XEZLWZNgEhiScn4o6FUVlkYncSlx0May,5 0.0605 479 340 769 576 5 0.0603 356 389 621 631 11 0.0600 303 329 576 560 7 0.0595 486 341 775 576 8 0.0585 485 345 761 576 11 0.0584 384 262 644 474 8 0.0582 353 455 616 687 0 0.0569 355 397 625 636 11 0.0565 484 346 771 576 7 0.0563 361 394 625 630 11 0.0563 362 523 627 750 11 0.0556 380 144 631 363 7 0.0556 388 258 646 477 0 0.0556 487 346 768 584 10 0.0551 489 351 773 574 6 0.0549 485 347 774 580 5 0.0549 537 269 828 499 7 0.0547 309 325 577 558 5 0.0547 384 188 634 406 10 0.0546 371 333 628 557 11 0.0544 317 78 565 314 8 0.0543 385 262 639 477 3 0.0542 392 263 646 483 0 0.0537 359 522 628 754 3 0.0533 500 282 775 514 0 0.0529 382 142 629 366 7 0.0527 552 407 831 645 6 0.0524 375 332 631 557 7 0.0522 297 459 560 689 0 0.0522 384 264 644 483 7 0.0521 367 522 629 747 7 0.0519 382 141 630 366 8 0.0516 517 222 765 437 11 0.0515 324 203 574 421 11 0.0514 545 275 837 500 11 0.0513 240 407 514 647 13 0.0513 487 348 778 576 8 0.0513 326 145 562 376 8 0.0510 238 333 504 560 0 0.0507 293 463 555 694 3 0.0506 388 141 631 371 10 0.0506 390 199 641 408 0 0.0503 190 340 454 573 11 0.0501 184 342 459 567
hG9Uk1bQ4qLj3wMBrvTRkvoAeCW0pvSN,7 0.0678 211 799 575 973 8 0.0643 319 784 556 1023 5 0.0642 252 707 490 952 8 0.0608 451 780 678 1021 0 0.0602 255 712 492 959 11 0.0602 253 714 493 951 11 0.0601 315 789 557 1020 7 0.0591 455 781 690 1021 8 0.0587 257 711 489 952 10 0.0582 204 802 572 973 3 0.0562 258 711 492 959 13 0.0552 320 791 565 1023 0 0.0547 385 785 630 1023 5 0.0546 381 780 623 1018 6 0.0545 206 800 576 974 13 0.0542 258 711 500 955 0 0.0537 247 395 509 629 11 0.0531 450 782 684 1019 2 0.0530 259 718 491 954 7 0.0527 253 391 512 631 6 0.0524 388 789 633 1023 0 0.0522 391 346 642 568 11 0.0521 244 398 510 628 10 0.0514 385 787 629 1021 7 0.0509 395 341 642 565 5 0.0503 240 387 506 628
32IGDgRcmMuJ0jxFkMNmiidvXu0vFFaE,0 0.0554 248 448 495 681 5 0.0552 241 314 492 552 8 0.0552 820 8 1017 255 0 0.0545 118 459 362 714 0 0.0544 247 325 496 559 11 0.0537 244 447 499 677 11 0.0532 117 461 369 704 11 0.0525 244 325 497 554 0 0.0525 184 264 426 509 11 0.0522 640 471 899 704 5 0.0520 317 192 567 436 10 0.0516 820 11 1023 256 0 0.0516 321 197 570 440 0 0.0511 118 330 368 572 6 0.0508 249 320 499 560 7 0.0504 119 457 365 708 11 0.0504 317 199 572 434 3 0.0504 249 323 495 561 6 0.0501 121 461 370 710
sQPejyJCF2bVnzTs7WU3Hd4BAO4igm40,11 0.0575 252 394 499 632 8 0.0544 256 391 492 634 11 0.0539 366 348 626 577 0 0.0515 255 386 497 634 11 0.0502 264 110 518 321
Mss03HyV9pwOEc0h8DY7Wh3oYe8jsjiZ,8 0.0654 499 392 742 646 11 0.0652 507 334 754 577 11 0.0652 308 335 575 569 11 0.0648 440 397 688 643 11 0.0644 241 396 512 642 5 0.0636 308 331 570 571 0 0.0630 385 336 638 583 11 0.0620 577 389 828 630 8 0.0618 376 396 629 648 7 0.0614 311 394 572 645 5 0.0612 436 274 696 519 13 0.0602 447 339 694 582 13 0.0599 310 395 575 648 5 0.0598 236 390 506 643 0 0.0598 446 460 699 712 7 0.0598 504 396 751 646 8 0.0597 244 395 503 642 0 0.0596 305 393 571 640 5 0.0594 372 395 630 643 11 0.0593 127 356 493 529 6 0.0590 447 338 690 581 11 0.0590 568 282 827 510 0 0.0587 250 334 506 572 5 0.0584 567 272 819 511 13 0.0584 375 471 642 720 0 0.0580 577 386 822 631 2 0.0578 444 344 689 581 11 0.0577 500 459 757 701 11 0.0574 370 469 634 714 8 0.0574 311 335 567 568 3 0.0573 305 396 571 648 6 0.0572 316 333 575 570 11 0.0571 247 198 517 428 3 0.0570 580 386 824 636 3 0.0567 441 277 700 525 5 0.0564 573 386 819 629 9 0.0561 434 284 700 518 6 0.0560 380 398 638 645 0 0.0557 148 291 496 468 5 0.0557 140 285 489 465 3 0.0557 442 393 688 651 10 0.0553 247 336 503 570 3 0.0551 571 277 824 518 6 0.0549 448 458 705 709 7 0.0548 253 331 508 571 6 0.0548 246 393 510 642 5 0.0547 247 191 513 430 8 0.0543 135 355 486 534 8 0.0542 571 275 816 513 10 0.0542 306 400 569 639 11 0.0542 259 68 516 293 0 0.0542 251 196 515 436 13 0.0541 134 354 499 537 13 0.0541 583 391 829 633 0 0.0540 573 279 821 513 2 0.0539 502 404 748 645 6 0.0537 257 196 518 429 10 0.0537 380 341 639 580 3 0.0535 246 334 504 580 8 0.0530 197 72 444 315 6 0.0529 198 65 458 315 6 0.0525 134 354 493 535 5 0.0525 495 450 748 699 13 0.0524 577 281 829 512 2 0.0523 379 402 633 646 10 0.0519 510 336 754 580 12 0.0515 446 336 690 581 10 0.0515 140 291 496 466 0 0.0510 267 73 513 296 2 0.0508 573 282 825 511 9 0.0508 575 391 824 628 2 0.0505 316 336 571 570 4 0.0503 506 336 757 578 3 0.0503 372 469 634 723 4 0.0503 383 340 645 583 3 0.0501 505 458 750 708 9 0.0500 305 395 569 638
ebBomuAb1K8J05AeRWnWZDjuD4HlO7lI,3 0.0636 511 193 751 427 5 0.0629 310 137 580 375 8 0.0622 574 588 825 829 11 0.0622 572 593 833 825 11 0.0617 392 206 650 436 11 0.0614 503 200 756 418 0 0.0608 390 264 636 500 7 0.0607 574 592 833 828 11 0.0603 641 481 900 713 3 0.0601 397 262 639 503 6 0.0600 648 478 906 717 5 0.0599 619 602 888 832 5 0.0598 318 262 571 506 11 0.0593 441 402 697 634 11 0.0592 246 338 505 573 5 0.0583 387 200 645 435 5 0.0580 248 206 504 446 7 0.0579 186 340 443 577 6 0.0578 628 602 896 835 7 0.0576 395 263 642 497 5 0.0576 439 398 696 636 0 0.0575 505 194 752 421 11 0.0573 317 262 574 506 0 0.0573 441 405 696 637 8 0.0573 314 336 571 581 0 0.0572 620 605 891 840 5 0.0571 244 333 501 574 5 0.0569 377 68 630 305 3 0.0569 576 591 834 835 5 0.0567 500 190 752 417 0 0.0566 322 201 576 447 7 0.0565 386 74 637 307 7 0.0562 450 203 697 428 8 0.0562 324 200 569 445 8 0.0561 507 192 749 420 6 0.0560 328 263 577 505 10 0.0558 250 214 506 449 10 0.0558 449 210 700 429 7 0.0557 447 400 703 639 0 0.0557 641 478 901 717 0 0.0556 309 332 577 584 3 0.0556 330 200 579 450 8 0.0556 441 401 693 636 6 0.0554 187 291 439 515 0 0.0553 255 274 499 512 6 0.0552 703 204 958 441 13 0.0551 578 594 840 832 8 0.0548 390 260 631 499 7 0.0547 642 479 903 715 13 0.0545 256 213 510 453 5 0.0545 637 472 898 711 2 0.0543 573 596 836 828 11 0.0543 251 206 509 446 6 0.0543 253 339 511 573 3 0.0542 391 72 633 314 13 0.0542 319 142 587 378 3 0.0540 185 344 438 588 2 0.0540 317 144 577 378 13 0.0539 647 480 909 719 10 0.0538 312 78 584 327 8 0.0535 384 75 625 308 6 0.0534 509 196 759 419 7 0.0534 258 278 500 507 13 0.0534 390 74 637 310 11 0.0534 311 140 584 375 8 0.0533 258 278 493 509 11 0.0531 377 78 635 306 8 0.0531 186 343 438 579 2 0.0531 248 398 504 634 10 0.0530 442 406 699 636 0 0.0530 183 344 438 579 10 0.0529 310 339 579 577 10 0.0528 392 271 641 495 2 0.0527 259 279 496 508 2 0.0527 392 266 641 497 13 0.0526 191 293 442 519 0 0.0526 693 201 959 444 6 0.0524 259 210 509 449 7 0.0523 325 202 578 446 6 0.0522 321 139 585 376 5 0.0522 231 67 505 325 6 0.0521 445 404 702 635 7 0.0521 316 336 582 578 5 0.0521 182 283 433 513 5 0.0520 380 450 622 698 10 0.0519 574 594 832 827 13 0.0516 243 77 513 333 6 0.0516 397 205 654 437 3 0.0515 447 402 700 643 3 0.0514 258 277 500 516 2 0.0514 384 79 631 307 13 0.0511 510 196 760 420 6 0.0509 387 73 634 307 2 0.0509 452 472 697 700
0JRsuJ4y5uImlmj1PxJwIcOiTxQqlswb,0 0.0587 693 0 957 195 11 0.0584 308 281 584 487 0 0.0580 313 414 580 641 5 0.0576 298 339 573 562 7 0.0565 310 411 589 639 11 0.0564 243 411 524 635 3 0.0560 314 275 585 492 5 0.0558 691 0 954 192 11 0.0556 693 3 961 187 11 0.0553 173 275 442 484 3 0.0548 316 410 584 644 10 0.0546 693 5 957 191 6 0.0540 308 351 585 566 5 0.0534 262 458 524 691 8 0.0528 698 0 955 191 2 0.0528 314 285 585 486 0 0.0527 361 339 620 559 6 0.0526 699 0 962 191 9 0.0515 299 350 576 558 13 0.0514 315 279 594 486 8 0.0514 308 410 569 636 5 0.0513 178 339 443 560 2 0.0512 310 419 588 639 2 0.0509 362 348 628 555 7 0.0505 361 339 626 555 3 0.0503 696 0 960 195 0 0.0502 328 520 579 759 8 0.0501 305 275 574 488 12 0.0501 309 344 580 565 7 0.0500 186 344 448 562
b1rgYhnJIFVkFmtdkY2hYEWdglvbqmyp,13 0.0546 102 753 371 988 5 0.0543 0 12 230 263 11 0.0541 317 402 581 634 0 0.0537 118 0 377 200 0 0.0532 0 17 231 268 13 0.0523 327 402 585 641 13 0.0521 443 281 722 512 6 0.0516 0 17 234 267 11 0.0511 639 294 905 507 8 0.0509 2 11 222 263 10 0.0508 113 1 377 195 5 0.0507 114 0 374 197 10 0.0506 0 18 231 263 5 0.0501 317 395 577 634
31CVjzOTyIHthMCqfwEcZOsE4yyOvuzt,3 0.0565 446 145 702 393 0 0.0561 314 142 581 389 8 0.0560 441 89 695 318 0 0.0553 195 404 435 642 8 0.0552 195 401 423 641 11 0.0547 440 147 703 385 11 0.0526 308 145 584 383 5 0.0526 431 140 700 383 8 0.0525 723 340 965 575 0 0.0525 436 143 701 388 13 0.0522 381 146 651 391 8 0.0522 347 224 703 411 7 0.0522 441 144 705 389 11 0.0519 228 811 492 1023 0 0.0516 197 285 439 514 0 0.0516 503 231 759 449 8 0.0515 316 80 578 330 7 0.0511 202 278 443 511 8 0.0510 199 282 429 510 5 0.0510 552 282 819 507 5 0.0509 260 203 512 442 5 0.0502 188 398 434 640 5 0.0501 502 84 766 312
u7UbhmtXaeZGWSVKTwRE5zUOmyPy0Wxn,7 0.0630 432 724 699 964 5 0.0626 490 713 748 957 0 0.0620 500 657 765 899 11 0.0618 498 658 764 894 11 0.0608 427 728 693 962 8 0.0604 497 715 747 959 0 0.0597 429 724 695 968 3 0.0586 498 718 752 965 7 0.0578 505 655 768 893 6 0.0570 503 656 767 898 10 0.0569 425 726 693 962 13 0.0561 435 727 699 966 2 0.0552 493 721 755 963 6 0.0552 431 726 698 964 13 0.0548 504 655 771 898 12 0.0541 497 716 755 962 10 0.0539 497 657 763 893 11 0.0534 253 266 515 505 2 0.0524 430 664 699 894 9 0.0519 498 656 764 891 7 0.0509 195 271 455 503 9 0.0504 429 727 698 959 5 0.0501 187 265 447 499
nPHTydQnHmP54h7KmfDVTOYtlgPyyypi,7 0.0594 199 721 445 961 0 0.0584 251 598 508 833 11 0.0582 192 722 444 959 11 0.0579 185 605 459 835 5 0.0578 190 718 439 958 0 0.0576 246 386 494 616 8 0.0569 133 663 382 893 11 0.0567 245 390 497 613 0 0.0567 257 720 502 957 11 0.0563 176 323 441 561 8 0.0561 195 720 436 958 7 0.0561 250 386 500 619 11 0.0558 250 533 501 751 6 0.0557 139 666 393 894 7 0.0556 253 530 506 754 6 0.0551 199 724 445 960 7 0.0548 191 602 459 836 5 0.0543 243 382 490 613 8 0.0541 248 387 487 614 10 0.0537 131 668 393 895 11 0.0533 319 716 567 947 6 0.0531 253 604 509 830 5 0.0530 194 542 585 728 8 0.0529 120 327 368 570 5 0.0527 114 327 372 566 13 0.0526 257 724 509 956 5 0.0526 315 710 562 944 11 0.0523 177 471 443 698 0 0.0523 319 667 571 897 3 0.0523 253 528 504 758 5 0.0523 247 596 501 827 7 0.0523 324 667 574 897 8 0.0522 183 604 445 831 10 0.0520 249 602 505 831 8 0.0515 180 468 434 699 13 0.0513 248 391 500 620 0 0.0511 255 275 504 497 13 0.0508 257 530 507 754 7 0.0503 256 273 512 500 9 0.0502 190 724 442 957 6 0.0502 188 323 446 563 10 0.0501 246 389 494 615 11 0.0501 250 274 510 493
fEVYjNRwI2xwa6KtjQSUxZiaji06hEzh,0 0.0652 2 770 245 1021 8 0.0621 6 767 236 1016 11 0.0599 72 772 316 1012 6 0.0592 9 773 251 1017 8 0.0589 78 658 319 914 7 0.0587 8 768 248 1018 5 0.0586 1 769 240 1016 3 0.0571 7 768 244 1020 11 0.0571 73 664 330 916 6 0.0569 396 469 637 702 11 0.0562 390 473 637 701 8 0.0558 377 527 617 763 0 0.0554 393 466 632 707 11 0.0551 135 607 392 839 2 0.0547 7 776 245 1018 0 0.0546 376 218 638 444 11 0.0544 452 142 719 375 0 0.0543 73 663 326 916 11 0.0541 496 451 759 704 0 0.0539 641 339 890 573 6 0.0538 78 662 334 917 10 0.0529 393 474 634 702 11 0.0524 639 342 897 566 6 0.0519 384 218 643 443 11 0.0517 61 541 321 771 0 0.0516 453 139 716 375 5 0.0516 369 215 634 438 13 0.0516 7 772 253 1018 3 0.0515 459 136 714 381 5 0.0515 370 523 619 763 13 0.0512 397 467 639 705 8 0.0512 458 140 706 373 5 0.0511 138 765 376 1003 3 0.0511 648 340 894 576 11 0.0507 372 221 641 440 7 0.0507 645 336 892 570 7 0.0505 73 598 328 844 8 0.0505 502 444 749 702 13 0.0503 391 151 653 381 8 0.0503 142 605 378 843 0 0.0500 139 774 383 1011
sKkxSVSjfmsmJHGmLdkM2SAaXCH2U91r,8 0.0559 334 14 580 254 5 0.0546 356 525 629 777 11 0.0544 250 14 508 246 11 0.0541 271 480 626 663 8 0.0540 315 265 563 517 8 0.0537 136 1 499 151 5 0.0535 328 11 583 251 0 0.0531 311 267 569 522 11 0.0530 435 9 705 228 5 0.0527 320 144 582 378 5 0.0521 363 660 623 908 5 0.0521 125 339 386 582 13 0.0518 348 85 597 311 7 0.0516 312 262 574 520 7 0.0514 201 345 448 594 11 0.0514 0 361 257 584 8 0.0513 0 352 241 596 8 0.0512 443 3 696 230 0 0.0511 253 13 508 250 5 0.0510 129 0 504 148 13 0.0509 103 353 460 546 11 0.0507 343 85 589 308 7 0.0506 313 602 571 846 11 0.0504 306 271 570 513 5 0.0504 269 475 624 667 5 0.0502 0 355 243 591 3 0.0501 285 481 631 669
vzxmStMHaoesXsCeGKOp6t4XQCuoWAgV,11 0.0678 251 585 505 829 7 0.0667 255 584 506 831 11 0.0666 439 594 698 835 5 0.0619 436 590 689 836 5 0.0618 250 581 501 827 0 0.0617 190 588 445 831 8 0.0612 191 587 439 832 13 0.0611 194 590 451 834 0 0.0604 434 592 696 839 6 0.0597 191 589 447 832 7 0.0585 442 592 698 839 10 0.0581 505 598 757 829 6 0.0580 441 592 699 838 11 0.0577 311 468 570 699 10 0.0575 251 589 504 829 8 0.0575 436 591 689 839 2 0.0573 254 589 506 832 3 0.0572 256 584 505 834 2 0.0564 440 595 696 837 3 0.0562 441 590 695 838 13 0.0548 441 593 700 841 9 0.0531 251 586 503 827 7 0.0526 319 466 572 701 12 0.0522 442 592 695 841 8 0.0517 494 709 743 952 1 0.0515 434 589 692 838 0 0.0512 317 466 570 704 12 0.0511 254 586 503 831 1 0.0507 251 580 505 831
cbGm2NnQAmSFrlmVJSQLPHdI6SOr7vOm,11 0.0643 257 475 637 650 5 0.0631 253 471 631 651 5 0.0622 329 539 689 722 8 0.0603 336 546 686 722 8 0.0588 266 476 634 652 0 0.0584 0 454 255 711 0 0.0583 420 547 773 725 6 0.0577 266 476 649 652 0 0.0572 275 413 662 591 13 0.0570 251 470 519 711 3 0.0568 251 467 507 713 2 0.0568 334 548 696 724 11 0.0567 331 545 693 723 6 0.0565 336 544 704 723 5 0.0562 0 452 248 709 7 0.0561 252 463 517 707 9 0.0558 330 545 693 720 7 0.0558 338 545 703 724 3 0.0558 339 543 696 725 0 0.0551 379 597 629 845 11 0.0550 378 600 629 841 13 0.0547 4 454 265 708 6 0.0542 3 394 268 645 11 0.0541 0 461 258 705 0 0.0537 446 342 705 565 7 0.0536 381 598 634 843 8 0.0535 377 598 621 838 2 0.0534 267 481 637 654 11 0.0531 446 341 705 566 5 0.0529 372 592 623 838 13 0.0529 337 545 701 724 3 0.0526 284 414 661 595 10 0.0521 0 466 256 704 8 0.0520 449 339 701 564 12 0.0520 340 543 694 724 6 0.0519 455 341 711 565 2 0.0518 373 603 631 842 9 0.0516 259 477 636 648 10 0.0515 262 477 640 651 7 0.0515 281 412 669 590 7 0.0510 452 341 709 566 3 0.0508 381 603 629 846 7 0.0505 1 457 260 708 3 0.0505 453 339 705 573 12 0.0503 267 478 638 653 5 0.0502 379 185 625 432 8 0.0501 0 455 249 708
TTXwPYQUz9nK7e7eb7XdjZQHAgKt1OMk,8 0.0643 134 787 367 1023 5 0.0622 248 789 498 1017 0 0.0604 131 792 372 1021 6 0.0588 198 797 442 1019 10 0.0584 128 795 369 1023 5 0.0578 126 787 366 1018 7 0.0576 195 794 446 1023 8 0.0574 255 790 499 1020 11 0.0570 128 794 372 1018 11 0.0567 252 793 508 1016 13 0.0561 194 797 447 1020 0 0.0557 254 793 507 1019 3 0.0549 195 798 442 1023 10 0.0538 251 797 507 1017 7 0.0532 313 785 575 1015 6 0.0528 269 726 519 957 9 0.0519 131 793 371 1020 2 0.0515 134 799 371 1023 11 0.0509 372 794 623 1011 3 0.0508 311 786 571 1021
f2LLzD5ooRUY411o4mplSJGFEWzOOKkK,11 0.0584 312 192 570 429 0 0.0580 498 595 747 834 11 0.0561 239 258 497 496 7 0.0558 442 400 704 637 3 0.0558 444 467 701 710 5 0.0557 305 783 552 1020 0 0.0556 312 192 570 436 8 0.0556 364 718 623 970 8 0.0555 495 594 739 832 8 0.0553 313 783 544 1022 11 0.0552 438 472 700 698 7 0.0552 373 652 647 914 0 0.0550 442 466 698 705 0 0.0550 368 519 635 765 6 0.0550 510 463 766 698 7 0.0550 511 461 766 701 5 0.0549 490 590 744 833 6 0.0549 440 402 705 636 0 0.0549 561 533 813 759 11 0.0545 255 117 510 362 13 0.0534 320 191 579 433 8 0.0534 442 465 691 706 8 0.0532 556 531 806 757 11 0.0532 440 339 699 567 0 0.0531 521 405 770 636 6 0.0531 318 192 571 431 0 0.0529 443 340 696 572 8 0.0528 444 338 691 570 5 0.0528 437 463 695 702 11 0.0526 551 536 811 759 6 0.0526 376 464 633 704 13 0.0524 444 469 702 706 7 0.0522 376 523 638 766 5 0.0522 550 527 808 759 11 0.0522 516 409 773 632 13 0.0520 373 524 641 766 8 0.0520 364 591 628 837 11 0.0517 362 593 637 834 5 0.0516 309 185 563 428 3 0.0514 521 406 773 643 5 0.0513 437 333 690 568 8 0.0513 242 256 491 505 6 0.0512 315 784 561 1023 8 0.0508 315 193 563 434 3 0.0508 319 785 559 1023 8 0.0506 198 781 436 1023 8 0.0505 518 402 766 634 5 0.0505 235 255 492 496 0 0.0504 241 258 496 505 6 0.0504 501 596 753 832 6 0.0503 245 259 503 503 5 0.0502 184 776 439 1018 0 0.0502 317 586 576 839 11 0.0502 310 787 554 1019 3 0.0501 500 598 747 841 7 0.0500 503 593 753 837 13 0.0500 502 599 754 832
eNbfhFXSUTynj9ODmSqHx2KfWyOtC1h4,8 0.0610 383 203 629 440 11 0.0601 381 202 643 435 0 0.0589 379 137 639 377 11 0.0588 500 137 752 358 8 0.0588 492 265 755 496 0 0.0586 496 348 762 574 8 0.0578 497 137 746 364 7 0.0578 387 202 645 443 11 0.0572 489 347 761 566 0 0.0568 499 138 752 365 6 0.0567 384 208 645 438 13 0.0564 383 136 649 372 3 0.0560 497 265 761 500 3 0.0559 389 132 639 384 0 0.0555 315 205 575 446 6 0.0554 507 143 757 366 3 0.0554 506 136 752 368 5 0.0552 375 131 636 376 11 0.0551 606 463 880 695 11 0.0550 175 800 438 1019 5 0.0549 308 201 569 441 10 0.0544 381 140 643 376 11 0.0539 254 214 507 450 10 0.0539 498 148 755 361 5 0.0536 252 289 504 539 7 0.0535 208 204 451 446 8 0.0533 323 140 571 379 5 0.0529 493 135 747 360 5 0.0523 488 340 763 566 13 0.0522 319 208 581 447 5 0.0518 171 797 435 1015 10 0.0514 318 209 575 444 7 0.0514 494 270 767 495 8 0.0514 120 796 374 1017 13 0.0513 498 142 756 357 6 0.0512 326 141 584 381 1 0.0511 378 196 637 439 10 0.0511 491 282 763 489 9 0.0511 377 208 638 433 0 0.0506 510 3 771 213 13 0.0505 257 68 514 304 11 0.0504 548 596 811 839 8 0.0502 249 71 496 304 13 0.0501 260 303 516 544
JULa1sIsyJCDH5L7DWKTWvaMNrpt4kei,11 0.0603 247 661 501 897 8 0.0591 189 526 442 766 11 0.0586 182 598 443 828 0 0.0585 383 667 632 895 11 0.0585 371 481 652 707 10 0.0584 238 599 502 835 11 0.0583 512 410 765 643 5 0.0581 186 524 448 766 7 0.0579 249 662 506 901 8 0.0579 313 779 554 1017 0 0.0574 377 547 642 768 0 0.0570 259 466 514 706 11 0.0568 249 536 514 766 0 0.0568 244 593 500 839 7 0.0565 193 523 449 768 5 0.0563 244 657 497 898 11 0.0562 309 784 561 1019 6 0.0559 312 477 580 712 5 0.0557 255 464 511 705 8 0.0556 247 661 497 899 8 0.0553 258 467 506 706 0 0.0551 188 524 447 769 10 0.0550 188 528 446 764 7 0.0550 518 405 771 643 7 0.0547 311 785 567 1021 11 0.0545 241 402 504 634 6 0.0544 516 406 774 642 8 0.0544 620 483 876 718 7 0.0543 312 475 582 718 0 0.0541 514 407 764 649 13 0.0540 251 535 516 773 8 0.0540 512 406 754 649 6 0.0540 314 659 577 896 10 0.0538 257 470 511 703 5 0.0536 302 778 555 1018 0 0.0533 309 783 566 1021 11 0.0532 374 719 629 946 6 0.0531 310 783 566 1019 11 0.0527 444 671 694 885 3 0.0526 193 528 453 774 8 0.0522 351 873 704 1022 8 0.0522 377 715 623 949 13 0.0522 182 594 447 837 5 0.0520 380 662 627 894 13 0.0519 311 782 569 1023 8 0.0518 380 481 638 712 3 0.0515 383 480 649 718 0 0.0515 441 726 701 955 7 0.0514 381 548 646 770 7 0.0514 248 401 505 640 0 0.0512 344 872 716 1023 3 0.0511 250 663 502 906 13 0.0511 317 661 582 901 6 0.0511 383 546 647 763 11 0.0510 453 773 700 1007 13 0.0509 378 483 650 713 0 0.0509 617 483 886 720 12 0.0507 194 524 452 769 11 0.0505 610 488 886 712 9 0.0505 238 595 500 831 6 0.0504 248 401 503 637 7 0.0503 387 666 640 896 5 0.0503 443 762 693 1009 3 0.0501 263 469 516 713 6 0.0500 348 874 722 1023
b1kJ6LuLswDmfeUqarzCCdILn5OX0vVn,5 0.0689 185 779 430 1019 7 0.0676 188 714 436 955 0 0.0670 187 713 432 956 8 0.0665 188 778 432 1022 10 0.0647 128 727 373 955 8 0.0646 128 724 369 958 5 0.0646 125 722 370 959 11 0.0643 186 783 433 1018 11 0.0630 126 726 374 956 0 0.0625 308 586 557 824 10 0.0619 182 668 443 890 6 0.0614 187 784 432 1022 5 0.0610 178 663 440 892 8 0.0609 185 666 436 891 0 0.0603 513 583 767 818 6 0.0601 130 726 374 957 3 0.0600 190 712 434 957 7 0.0599 308 585 562 819 6 0.0597 183 666 445 891 11 0.0596 308 588 556 820 10 0.0593 185 784 433 1018 8 0.0592 280 613 643 793 5 0.0590 306 583 551 817 11 0.0589 510 584 762 812 13 0.0588 190 784 437 1022 9 0.0586 125 726 374 953 11 0.0578 684 603 957 830 11 0.0576 180 668 441 892 0 0.0575 0 788 336 980 8 0.0560 514 580 760 813 2 0.0556 187 785 433 1023 13 0.0555 129 724 378 958 0 0.0552 691 597 950 837 6 0.0552 311 592 560 820 9 0.0550 184 783 435 1021 12 0.0547 129 723 371 957 11 0.0543 433 537 689 758 13 0.0541 695 602 959 835 7 0.0541 5 787 346 978 0 0.0541 434 536 691 766 8 0.0540 631 596 880 831 3 0.0534 310 592 559 826 13 0.0532 283 614 665 794 13 0.0532 187 666 449 895 3 0.0529 9 789 340 981 1 0.0527 184 711 434 952 6 0.0526 512 583 768 814 10 0.0524 307 591 557 821 12 0.0516 187 780 434 1021 7 0.0514 516 579 766 812 2 0.0511 280 616 652 796 4 0.0511 187 785 435 1021 9 0.0509 180 668 441 889 5 0.0506 506 580 757 812 8 0.0504 435 535 682 759 7 0.0504 632 596 892 831 7 0.0502 438 531 694 759 2 0.0502 129 730 371 958 10 0.0502 622 602 890 832 12 0.0502 186 664 443 895
HTb3IhS4VqSCpHycywGEVhjWrn3PDOwB,11 0.0586 310 721 560 963 0 0.0575 376 657 632 911 11 0.0574 377 657 630 906 0 0.0565 313 719 561 967 0 0.0556 319 590 565 833 7 0.0539 390 515 642 767 5 0.0538 376 650 626 908 5 0.0534 312 712 555 962 8 0.0530 312 718 554 965 5 0.0530 252 592 499 834 11 0.0524 382 521 637 764 11 0.0523 251 599 500 835 10 0.0518 254 601 502 836 7 0.0514 260 597 508 839 8 0.0509 379 658 625 909 13 0.0507 260 599 512 841 0 0.0507 380 519 636 770 0 0.0502 448 598 695 851 6 0.0502 259 598 508 838
dMXq5Bzdq3ObiMgNbEvFWuOLi2zDWHcY,11 0.0651 700 420 1023 602 6 0.0614 710 418 1023 600 8 0.0607 626 616 880 835 5 0.0598 624 612 886 835 5 0.0591 697 415 1022 599 11 0.0582 0 600 256 836 8 0.0578 705 417 1015 602 0 0.0574 379 468 643 704 8 0.0573 559 722 812 969 5 0.0569 560 717 818 965 11 0.0569 625 619 887 831 0 0.0568 304 535 577 767 7 0.0566 630 615 887 836 0 0.0565 320 393 573 633 0 0.0565 768 277 1022 519 0 0.0564 704 419 1023 602 5 0.0561 304 466 567 698 5 0.0560 502 158 767 383 11 0.0557 455 407 714 637 6 0.0554 631 617 890 835 5 0.0553 689 482 964 715 0 0.0552 0 596 248 844 13 0.0552 445 466 709 712 0 0.0551 449 402 710 638 11 0.0550 384 331 647 555 11 0.0548 689 490 968 715 8 0.0547 0 596 243 840 13 0.0547 390 330 652 560 8 0.0546 241 456 488 693 7 0.0546 568 721 828 967 0 0.0545 312 261 562 502 11 0.0545 368 201 635 437 0 0.0545 628 619 886 838 11 0.0544 114 408 390 637 10 0.0544 707 422 1023 599 0 0.0544 386 326 646 559 13 0.0543 434 188 698 427 0 0.0541 563 723 825 973 5 0.0541 762 270 1020 512 0 0.0541 246 463 496 690 5 0.0541 378 394 644 631 11 0.0541 562 727 822 963 11 0.0540 239 389 506 628 8 0.0540 696 489 956 722 7 0.0539 443 470 701 713 6 0.0539 247 337 501 578 0 0.0539 123 404 385 644 8 0.0538 430 672 690 903 7 0.0538 4 596 251 843 5 0.0538 0 592 247 841 11 0.0537 760 276 1023 513 6 0.0537 126 408 390 641 7 0.0536 436 674 706 905 3 0.0535 4 600 252 850 0 0.0534 244 334 498 578 11 0.0532 432 676 703 904 13 0.0532 704 418 1023 603 11 0.0531 511 205 767 432 8 0.0531 187 523 430 763 3 0.0531 700 488 967 725 8 0.0528 507 162 762 384 2 0.0526 1 604 254 838 6 0.0526 699 486 971 719 10 0.0523 435 196 695 426 2 0.0523 710 423 1023 602 6 0.0522 773 274 1023 511 7 0.0522 703 418 1023 602 5 0.0521 430 463 695 705 11 0.0520 183 531 441 759 8 0.0519 120 403 379 643 3 0.0519 704 420 1023 607 5 0.0517 430 665 700 904 7 0.0517 309 533 575 769 2 0.0517 310 475 566 699 10 0.0517 0 603 255 839 7 0.0516 191 524 442 759 7 0.0516 768 273 1023 516 13 0.0514 629 617 894 835 2 0.0513 632 623 892 836 13 0.0513 3 595 258 839 3 0.0513 633 615 885 841 3 0.0513 130 407 385 649 5 0.0513 115 398 378 640 3 0.0513 389 326 645 566 6 0.0513 324 395 581 634 0 0.0512 185 530 438 763 6 0.0512 564 726 825 966 7 0.0512 380 197 636 438 8 0.0512 770 271 1014 515 13 0.0511 369 528 648 773 0 0.0510 578 217 821 444 0 0.0509 376 199 633 443 6 0.0508 446 466 707 709 10 0.0507 768 277 1021 516
2eMxYnpss3jDFHhztGsCUFB2yirafO2e,8 0.0600 102 0 447 143 10 0.0597 311 395 567 620 11 0.0594 371 465 638 699 11 0.0582 118 51 395 283 0 0.0579 90 0 448 145 8 0.0577 639 0 888 196 8 0.0576 128 44 385 287 8 0.0574 256 388 496 626 0 0.0568 120 48 392 290 7 0.0565 315 382 569 623 5 0.0561 562 0 824 192 8 0.0558 187 460 434 697 8 0.0551 324 455 569 691 11 0.0551 88 2 459 137 0 0.0551 255 389 503 625 11 0.0545 313 388 564 623 7 0.0540 639 0 902 194 5 0.0539 179 457 442 694 13 0.0539 689 0 1023 156 5 0.0539 676 0 1021 156 5 0.0538 249 518 521 772 5 0.0538 247 387 501 622 8 0.0536 251 524 515 770 11 0.0532 247 466 513 696 3 0.0531 689 0 1023 161 11 0.0530 682 3 1023 156 0 0.0528 695 10 941 242 10 0.0526 250 533 528 771 6 0.0524 637 0 905 195 10 0.0518 630 3 900 196 5 0.0516 86 0 450 139 13 0.0513 316 387 570 630 3 0.0510 318 390 566 630 0 0.0510 323 456 578 691 5 0.0509 318 451 575 692 7 0.0506 189 461 446 695 11 0.0506 241 605 531 831 10 0.0505 373 471 639 702 8 0.0504 433 467 691 706 13 0.0502 125 47 401 286
RmkfqZNmoYOtLZyv9gpooLdWUYlKHyIY,5 0.0606 568 277 832 515 11 0.0602 635 225 901 451 11 0.0600 442 329 703 558 6 0.0597 503 325 766 565 11 0.0593 570 285 838 510 7 0.0588 504 321 767 562 0 0.0586 507 281 771 514 0 0.0578 516 399 765 639 5 0.0573 583 392 837 638 11 0.0571 517 221 775 447 8 0.0567 575 337 827 574 5 0.0566 448 267 702 506 11 0.0566 512 398 769 635 0 0.0564 451 218 702 442 3 0.0562 512 280 771 519 8 0.0562 518 219 770 451 11 0.0561 453 466 705 692 2 0.0558 520 226 775 452 0 0.0555 570 343 835 576 3 0.0550 577 342 834 579 13 0.0546 577 282 842 514 6 0.0545 593 398 844 640 0 0.0544 636 222 898 461 8 0.0543 449 272 702 506 6 0.0542 644 221 902 459 5 0.0539 635 218 895 458 2 0.0538 574 288 837 514 8 0.0535 521 393 760 638 6 0.0533 522 221 778 448 8 0.0533 642 222 892 459 10 0.0531 570 286 836 515 5 0.0531 514 215 771 447 6 0.0528 462 459 708 693 0 0.0527 454 461 706 696 11 0.0526 702 156 955 380 7 0.0524 523 218 776 448 13 0.0520 594 396 845 640 13 0.0516 446 324 710 561 3 0.0515 455 220 704 449 10 0.0513 448 274 706 507 7 0.0511 639 224 903 460 7 0.0510 450 780 689 1005 8 0.0509 487 712 725 951 7 0.0507 462 460 709 696 2 0.0505 450 281 708 508 10 0.0500 635 226 897 457
kelsdl23q6QmkGwdFrjrksw81Xt4GjcJ,6 0.0586 384 389 642 638 5 0.0580 355 407 702 593 11 0.0571 442 459 711 694 6 0.0566 447 455 716 697 0 0.0564 361 412 711 597 5 0.0561 299 464 557 705 11 0.0560 303 406 559 643 7 0.0555 304 468 567 709 7 0.0555 364 411 714 596 11 0.0554 392 522 647 764 5 0.0552 236 404 483 640 7 0.0550 459 520 715 768 13 0.0548 400 519 651 763 10 0.0545 442 403 715 645 6 0.0544 306 470 569 706 3 0.0543 365 411 712 600 8 0.0541 446 457 701 694 0 0.0539 455 608 779 792 8 0.0539 308 403 553 643 6 0.0539 243 409 489 642 13 0.0537 453 457 715 695 7 0.0537 315 592 587 843 5 0.0533 106 288 373 521 0 0.0532 113 291 375 530 5 0.0530 444 601 777 789 3 0.0529 239 408 484 649 3 0.0528 391 457 641 705 13 0.0528 317 595 587 833 0 0.0526 241 403 487 647 8 0.0525 462 582 698 821 8 0.0524 444 348 695 577 11 0.0523 310 597 578 837 5 0.0522 239 535 498 771 7 0.0520 242 402 491 642 6 0.0519 316 591 586 838 13 0.0517 386 390 645 641 5 0.0515 306 590 571 834 7 0.0515 120 291 381 525 0 0.0513 464 278 712 514 11 0.0511 430 674 763 852 10 0.0510 305 408 559 642 8 0.0508 241 604 505 839 6 0.0508 396 275 640 513 7 0.0508 454 642 715 888 6 0.0507 450 646 714 887 13 0.0507 461 610 786 791 5 0.0504 387 270 633 506 12 0.0502 446 401 713 644 8 0.0500 391 276 629 512
r2zZKlkBNdSbB7f3RQ093jXMSKwBYRLF,11 0.0657 441 794 700 1013 5 0.0607 555 797 796 1016 11 0.0596 558 802 799 1019 0 0.0575 441 790 703 1015 5 0.0574 434 785 695 1011 0 0.0571 561 799 805 1023 8 0.0556 561 799 795 1023 8 0.0552 443 790 695 1017 10 0.0552 440 791 699 1013 7 0.0548 445 790 708 1016 8 0.0548 363 334 610 569 7 0.0543 564 797 810 1023 11 0.0543 355 337 620 567 6 0.0541 445 793 703 1016 3 0.0536 444 789 701 1021 13 0.0527 448 793 709 1019 5 0.0525 357 329 619 567 7 0.0518 365 334 622 572 13 0.0517 566 802 809 1023 11 0.0516 304 781 566 1010 0 0.0515 126 1 375 213 3 0.0514 363 340 619 575 8 0.0512 129 0 367 208 5 0.0512 314 0 578 200 11 0.0511 313 1 584 203 13 0.0510 322 0 590 204 10 0.0508 557 801 802 1022 0 0.0506 324 0 581 201 6 0.0504 561 801 804 1023 7 0.0502 311 777 575 1010 0 0.0500 360 335 620 572
tCjQQeoSYv0IlX5DCKynoBH6augSmCzl,11 0.0619 371 797 622 1018 5 0.0610 496 525 760 767 5 0.0603 366 791 621 1021 8 0.0603 374 788 619 1023 0 0.0596 431 520 702 761 13 0.0595 374 793 632 1023 5 0.0592 563 452 829 694 5 0.0589 431 462 692 695 0 0.0587 499 462 766 700 8 0.0573 500 529 748 770 0 0.0571 497 592 757 827 3 0.0568 436 518 697 764 3 0.0566 446 409 700 637 11 0.0565 430 525 701 758 0 0.0564 369 793 623 1023 7 0.0564 375 794 628 1023 13 0.0561 440 524 705 760 6 0.0558 374 795 626 1023 8 0.0554 438 464 686 695 3 0.0552 373 794 625 1023 0 0.0549 367 464 630 705 11 0.0549 441 414 701 628 6 0.0549 440 467 701 695 7 0.0548 446 412 701 632 5 0.0547 433 347 691 563 3 0.0545 501 589 749 830 7 0.0545 435 522 701 759 13 0.0543 451 412 704 630 13 0.0543 374 464 635 703 7 0.0542 497 591 757 820 5 0.0539 501 401 767 622 5 0.0539 355 523 620 762 10 0.0536 368 794 625 1023 0 0.0529 248 42 517 262 0 0.0525 573 401 841 630 7 0.0525 506 463 764 693 10 0.0519 435 524 701 760 8 0.0519 510 407 762 621 5 0.0518 361 391 619 617 2 0.0518 372 796 624 1022 7 0.0518 372 464 633 701 0 0.0517 508 341 767 554 8 0.0516 568 454 817 696 6 0.0515 371 398 630 618 2 0.0514 444 417 699 630 0 0.0513 565 532 826 780 3 0.0513 369 466 626 705 10 0.0513 676 401 941 635 11 0.0511 626 398 893 630 11 0.0510 507 341 767 546 9 0.0507 368 793 627 1020 8 0.0507 119 0 370 211 11 0.0504 436 279 697 504 7 0.0500 755 449 1006 706
mdE33xACG5RuDClOSb46C3SH2eUELJmu,5 0.0677 187 707 435 958 7 0.0668 192 710 437 959 0 0.0631 185 656 429 897 8 0.0628 254 709 491 964 5 0.0625 318 709 562 965 0 0.0620 314 659 559 908 11 0.0618 187 711 438 957 8 0.0616 186 659 423 894 7 0.0614 323 712 567 969 10 0.0604 246 659 497 902 11 0.0592 319 715 563 967 6 0.0591 192 713 440 959 3 0.0586 193 709 435 963 6 0.0581 322 717 567 968 2 0.0566 190 715 437 958 3 0.0559 325 714 565 973 10 0.0555 370 665 623 898 13 0.0552 192 712 444 960 9 0.0547 188 713 438 956 13 0.0539 324 713 572 970 2 0.0532 321 718 566 968 12 0.0531 192 709 437 959 10 0.0506 309 603 551 831 12 0.0503 325 712 565 968
eZXZXJdaOABOZS1fGtD9cleBuYdc6Kga,11 0.0582 313 591 570 833 11 0.0570 370 660 636 889 8 0.0568 375 658 630 892 7 0.0559 511 396 759 635 5 0.0557 625 400 875 632 6 0.0553 376 658 636 896 5 0.0545 501 389 752 629 5 0.0545 304 649 570 891 7 0.0541 379 523 641 770 11 0.0537 504 401 756 634 8 0.0537 508 451 758 695 5 0.0537 420 789 685 1018 8 0.0534 431 723 693 964 5 0.0531 371 582 629 829 6 0.0529 511 397 758 637 0 0.0527 373 658 637 896 7 0.0525 320 591 575 839 8 0.0524 321 594 564 835 0 0.0524 508 397 756 638 13 0.0523 379 656 645 895 11 0.0520 371 524 639 764 7 0.0515 378 657 641 897 8 0.0509 381 525 630 764 3 0.0507 512 399 755 642 13 0.0507 383 521 647 771 8 0.0506 629 400 871 635 11 0.0505 433 730 702 964 11 0.0501 624 403 879 636 5 0.0501 117 337 373 573
DFdBXKFEv0jtbeGm83gxFzm9pQlLh4hA,5 0.0684 138 867 498 1021 8 0.0670 136 868 494 1023 7 0.0645 142 867 504 1023 10 0.0638 135 872 503 1023 0 0.0613 139 870 503 1023 11 0.0602 138 870 502 1022 6 0.0582 145 873 504 1022 9 0.0572 137 871 502 1021 5 0.0564 243 715 492 955 7 0.0559 193 718 433 952 2 0.0558 139 873 500 1023 0 0.0551 191 719 432 954 5 0.0551 639 0 1013 146 10 0.0550 244 724 497 954 11 0.0548 246 720 499 955 3 0.0543 144 869 499 1023 11 0.0532 575 792 815 1013 8 0.0530 191 720 426 949 0 0.0528 644 0 1019 149 13 0.0526 124 792 373 1023 8 0.0522 577 788 809 1020 0 0.0515 572 790 815 1022 7 0.0513 578 787 821 1019 5 0.0511 115 714 364 951 13 0.0509 648 1 1023 149 0 0.0506 71 2 342 206 1 0.0505 138 868 501 1023 4 0.0504 135 871 508 1023
RxZXaJatTV3BL7fz1C1LhfKV7tBSTmoY,10 0.0566 358 11 633 242 13 0.0565 364 6 639 244 6 0.0545 599 299 836 521 5 0.0544 352 0 625 243 3 0.0533 367 2 631 251 8 0.0533 362 3 623 247 0 0.0525 361 2 631 247 11 0.0525 352 64 636 307 11 0.0516 304 402 561 631 8 0.0506 590 298 821 522 8 0.0505 313 405 552 634 11 0.0503 282 6 564 239 11 0.0502 429 6 699 237 7 0.0501 367 4 633 243
lYDV62huq2hXbfl0rmuzymc5b7G3wybW,11 0.0586 379 338 635 573 13 0.0568 381 336 644 574 5 0.0563 305 316 565 579 7 0.0556 314 538 567 769 0 0.0549 384 597 622 833 11 0.0543 380 602 625 827 8 0.0536 376 337 629 570 10 0.0535 379 603 627 832 6 0.0535 383 339 640 573 11 0.0530 307 541 559 770 7 0.0529 312 325 573 579 5 0.0528 374 388 637 636 0 0.0525 379 338 636 574 11 0.0523 303 390 563 640 7 0.0519 388 596 628 831 0 0.0518 310 536 558 772 6 0.0517 328 132 587 363 3 0.0514 384 342 639 578 8 0.0510 310 536 553 769 7 0.0509 249 386 500 639 10 0.0508 377 339 638 572 11 0.0507 246 311 498 571 3 0.0504 257 263 510 522 6 0.0503 387 599 627 830 6 0.0503 314 537 562 769
T4DPILzz6TrYMpiSaUUZTZqPMmTDrYuN,5 0.0662 371 136 630 379 3 0.0661 377 140 632 385 11 0.0640 373 208 635 439 5 0.0638 640 385 882 615 0 0.0631 652 467 896 695 8 0.0629 375 141 626 382 13 0.0625 377 139 637 383 5 0.0622 366 260 635 494 11 0.0621 512 224 772 446 3 0.0618 442 81 700 327 5 0.0617 497 86 773 334 0 0.0616 513 223 766 452 11 0.0616 440 81 700 320 13 0.0614 512 154 765 394 11 0.0613 651 468 900 690 8 0.0610 373 267 637 497 5 0.0605 184 470 430 708 11 0.0603 316 143 580 374 0 0.0602 318 138 581 376 3 0.0598 376 266 641 500 6 0.0597 661 467 901 690 7 0.0597 378 205 636 441 8 0.0595 514 157 754 393 3 0.0595 514 154 760 400 8 0.0590 439 82 690 324 8 0.0589 652 464 890 692 5 0.0588 509 216 766 449 10 0.0586 436 82 697 324 5 0.0586 243 341 509 564 7 0.0583 319 139 582 371 0 0.0583 375 205 632 442 5 0.0582 240 135 507 372 0 0.0580 257 204 511 427 11 0.0580 303 276 581 492 11 0.0579 252 207 518 423 10 0.0578 372 209 634 441 6 0.0577 319 199 577 433 8 0.0577 249 141 498 376 0 0.0576 439 79 701 324 3 0.0575 650 392 885 621 7 0.0574 447 330 696 563 3 0.0573 449 329 697 568 5 0.0570 440 322 687 562 2 0.0569 376 209 630 441 6 0.0568 448 327 694 559 6 0.0566 296 358 628 540 6 0.0565 254 270 517 488 6 0.0564 200 205 453 427 13 0.0564 253 139 516 380 0 0.0563 443 331 690 560 7 0.0563 443 77 700 323 11 0.0557 441 333 695 559 3 0.0556 251 140 509 382 6 0.0556 520 221 770 449 6 0.0555 190 477 434 708 7 0.0555 257 201 512 422 0 0.0553 194 333 439 554 9 0.0552 376 144 631 376 8 0.0551 446 330 691 562 7 0.0551 647 387 888 618 0 0.0549 192 148 442 380 11 0.0547 248 350 515 563 8 0.0546 253 270 507 490 6 0.0546 197 332 443 549 7 0.0544 513 151 765 395 13 0.0543 654 466 906 690 12 0.0542 376 204 635 440 10 0.0539 510 156 762 391 0 0.0537 721 521 963 770 13 0.0536 442 78 704 324 13 0.0536 375 267 644 498 3 0.0534 249 350 511 572 8 0.0534 308 339 569 563 0 0.0532 304 271 576 497 6 0.0532 242 413 498 644 2 0.0531 320 146 578 374 9 0.0530 439 81 701 317 10 0.0530 304 276 578 493
jYNmJi42SpoX5W0b5A7m6QQb64QvUEZg,8 0.0640 562 671 799 901 11 0.0630 576 603 813 836 0 0.0623 560 670 806 905 7 0.0617 443 777 680 1011 8 0.0610 516 592 752 827 5 0.0607 384 134 649 366 8 0.0605 493 716 731 949 5 0.0593 559 668 801 903 0 0.0588 516 595 758 829 3 0.0582 388 14 641 251 5 0.0581 379 8 635 246 11 0.0581 377 16 642 246 11 0.0578 507 661 756 889 5 0.0572 502 146 761 366 8 0.0571 627 604 888 845 11 0.0570 521 473 759 711 6 0.0565 522 597 762 830 8 0.0562 521 474 753 713 5 0.0557 515 589 751 829 13 0.0546 521 212 779 425 0 0.0546 520 477 758 714 3 0.0545 397 140 659 377 7 0.0544 556 784 811 1003 11 0.0544 435 782 675 1012 7 0.0542 565 670 807 909 7 0.0542 519 590 761 831 0 0.0542 315 22 571 253 5 0.0540 434 766 673 1010 8 0.0539 394 143 646 368 6 0.0539 496 720 744 950 8 0.0539 382 11 632 247 8 0.0537 553 786 800 996 5 0.0537 239 315 506 552 0 0.0537 239 261 501 495 7 0.0536 528 471 764 712 6 0.0533 247 264 506 495 0 0.0533 629 603 897 846 10 0.0533 513 596 757 829 11 0.0532 447 340 718 568 3 0.0530 583 606 811 843 10 0.0529 383 19 640 243 11 0.0529 547 732 806 963 6 0.0526 439 785 680 1007 11 0.0526 318 148 582 378 11 0.0524 243 317 514 553 3 0.0523 499 770 737 1002 3 0.0520 324 83 574 322 8 0.0518 445 341 705 571 8 0.0517 433 780 668 1008 6 0.0514 393 82 653 309 8 0.0512 624 725 870 957 0 0.0511 180 399 445 633 11 0.0510 246 207 509 442 6 0.0510 329 148 583 381 5 0.0508 632 548 884 792 3 0.0508 515 660 755 899 2 0.0507 512 666 755 893 13 0.0505 518 594 766 828 11 0.0504 505 151 766 365 6 0.0503 526 476 764 715 8 0.0503 521 208 765 427 2 0.0502 581 608 814 836
JR1kDkiQBwA1QjSh3x5gV2GhZOoen5mX,0 0.0563 190 405 443 644 6 0.0561 193 408 444 641 11 0.0550 347 470 622 696 13 0.0546 310 408 570 645 11 0.0542 249 405 499 636 5 0.0535 248 462 498 706 5 0.0531 300 401 558 634 11 0.0526 418 400 683 633 0 0.0523 177 528 429 781 11 0.0523 305 343 559 574 0 0.0520 418 397 679 636 6 0.0518 246 530 503 771 8 0.0516 254 400 491 636 3 0.0516 426 400 682 638 0 0.0513 246 330 490 573 11 0.0513 242 531 499 773 5 0.0512 413 334 676 567 0 0.0511 420 280 689 509 0 0.0509 262 65 518 310 0 0.0509 254 464 505 713 8 0.0507 360 405 616 638 3 0.0505 355 468 616 702 7 0.0504 424 398 685 637 5 0.0501 182 404 435 637 10 0.0501 175 527 429 781
ZEjVXjtacR8fkvEqGtCeN8jjpR70gTtb,0 0.0594 61 0 318 211 6 0.0578 0 2 252 210 8 0.0552 4 0 242 209 0 0.0546 1 39 242 286 11 0.0544 0 3 250 206 5 0.0532 0 34 234 280 8 0.0526 691 210 942 455 3 0.0517 2 2 250 215 7 0.0506 317 797 557 1023
M2psIhVlitX3BzFJZv5NSaHeCLtDn30Y,7 0.0545 10 522 258 777 11 0.0534 6 526 261 771 8 0.0530 10 521 251 771 5 0.0518 3 515 254 773 3 0.0512 12 525 260 779 6 0.0508 61 577 325 832 8 0.0502 171 143 428 372
tasNGSswIFKwdYbJIJo23KiDrB0s0nHW,11 0.0690 327 669 708 848 11 0.0676 435 737 709 970 11 0.0662 550 597 810 840 0 0.0654 454 606 818 794 0 0.0651 491 669 762 910 11 0.0649 312 732 570 962 7 0.0649 442 732 711 973 7 0.0631 332 667 712 852 8 0.0626 491 668 754 909 8 0.0623 553 596 803 842 5 0.0610 547 593 806 838 6 0.0608 461 609 822 792 7 0.0604 317 728 577 965 10 0.0603 454 610 812 790 3 0.0603 454 673 812 860 0 0.0594 383 724 643 971 0 0.0594 379 463 634 706 10 0.0594 435 683 697 908 13 0.0590 334 666 717 851 13 0.0582 447 737 712 973 5 0.0582 536 728 805 969 8 0.0582 317 727 567 968 7 0.0578 557 596 812 839 5 0.0576 310 730 564 960 13 0.0575 321 732 576 970 11 0.0574 379 466 635 703 6 0.0565 333 668 714 852 6 0.0562 441 735 714 972 3 0.0559 444 734 707 975 2 0.0558 554 602 812 842 13 0.0550 458 607 828 792 8 0.0548 379 462 626 705 8 0.0547 628 757 883 970 2 0.0538 495 734 766 967 10 0.0533 542 677 808 917 7 0.0530 384 464 638 704 3 0.0528 317 729 569 969 10 0.0524 380 467 633 702 12 0.0520 459 606 820 793 13 0.0519 383 464 638 706 3 0.0518 382 466 634 711 7 0.0516 628 758 888 973 9 0.0516 325 666 709 846 1 0.0504 486 666 760 906 5 0.0504 373 462 630 699 11 0.0504 619 761 890 968 9 0.0504 451 607 811 789
zPAAV29ttCZ7rsod9Rv88oOuXJuB8VAo,11 0.0611 304 670 563 905 8 0.0571 315 666 557 905 11 0.0568 372 599 638 835 0 0.0544 308 663 564 910 5 0.0519 640 329 876 561 0 0.0516 373 597 637 838 13 0.0512 253 667 502 902 6 0.0511 649 332 884 566 5 0.0510 365 658 627 903 6 0.0509 260 344 521 583 5 0.0507 246 399 512 643 8 0.0507 378 598 626 836 8 0.0507 648 331 871 561 0 0.0501 256 343 519 583 11 0.0501 251 346 522 579
M9TrralzFe08kQYs53P2hEOeG4QEEVlr,7 0.0545 248 787 494 1017 8 0.0526 244 789 481 1020 7 0.0517 243 535 593 728 8 0.0513 233 539 570 728
k9R8fPLndCJwLx62LDE0yFxxFsOUyma7,8 0.0603 312 3 567 198 13 0.0596 320 1 577 195 11 0.0595 321 74 578 311 11 0.0595 305 0 573 194 8 0.0585 327 79 573 313 6 0.0581 315 1 578 198 5 0.0578 309 0 568 193 0 0.0568 323 76 576 316 0 0.0565 245 19 509 264 3 0.0563 328 147 561 385 3 0.0563 321 2 568 202 7 0.0561 313 0 574 199 5 0.0549 252 326 505 567 7 0.0546 326 72 579 314 10 0.0543 316 5 569 197 8 0.0542 427 397 674 639 8 0.0541 254 141 492 377 8 0.0533 184 327 431 580 13 0.0533 195 389 448 653 5 0.0533 185 387 439 648 6 0.0530 327 73 582 315 7 0.0530 186 324 443 577 10 0.0529 312 336 569 570 6 0.0528 258 330 506 574 6 0.0528 192 394 445 654 2 0.0527 314 4 570 197 0 0.0525 180 326 438 579 8 0.0525 448 210 701 452 11 0.0523 248 203 494 427 3 0.0520 192 396 438 662 0 0.0519 252 141 502 382 11 0.0518 179 329 444 575 5 0.0516 320 68 573 309 11 0.0516 442 215 708 446 0 0.0510 445 211 708 451 13 0.0510 330 77 585 310 11 0.0509 304 331 572 570 7 0.0508 454 207 713 455 11 0.0507 575 228 820 459 9 0.0507 308 0 570 192 8 0.0503 310 333 557 570 8 0.0502 577 225 811 462 0 0.0501 253 269 502 518 0 0.0500 580 226 818 461
gmvtjFLMaL9u20uEfAz98lxNiZrpdhpp,5 0.0589 312 665 705 853 11 0.0576 552 659 836 883 8 0.0563 419 647 677 881 5 0.0558 493 573 756 818 5 0.0558 502 794 759 1020 5 0.0556 364 572 629 812 13 0.0556 558 595 828 819 8 0.0553 559 591 813 819 5 0.0551 552 652 827 888 13 0.0545 501 653 765 893 11 0.0542 370 679 752 863 3 0.0539 499 649 756 902 11 0.0535 556 533 821 765 11 0.0528 506 800 762 1020 7 0.0520 559 590 822 820 10 0.0520 556 595 824 819 11 0.0518 623 590 887 822 5 0.0517 177 653 454 878 5 0.0516 624 583 879 822 5 0.0516 389 733 758 918 7 0.0515 382 676 761 868 11 0.0512 321 609 700 795 6 0.0510 558 661 837 890 6 0.0510 424 646 689 879 0 0.0509 557 592 823 822 8 0.0509 494 530 751 766 5 0.0508 425 462 695 698 7 0.0507 440 578 696 815 13 0.0507 197 660 467 887 11 0.0505 431 471 699 698 5 0.0504 609 454 884 696 6 0.0501 583 819 849 1023 0 0.0500 494 654 755 896
yWuqbLo8sKYf0p6AXWcFjV1BKpDhR25z,5 0.0599 380 459 616 707 11 0.0598 0 747 237 979 8 0.0593 0 745 228 975 0 0.0593 379 464 621 713 5 0.0575 0 738 230 977 3 0.0567 0 746 231 986 11 0.0567 377 466 625 703 0 0.0558 509 540 753 768 0 0.0552 0 746 231 982 7 0.0545 510 537 757 767 8 0.0540 385 465 614 710 13 0.0536 515 540 755 768 6 0.0535 0 745 240 973 6 0.0535 382 463 627 706 8 0.0531 512 534 742 766 8 0.0529 337 787 587 1019 11 0.0526 507 540 753 765 5 0.0525 311 537 562 764 6 0.0519 333 791 600 1019 2 0.0513 382 470 622 705 7 0.0507 384 463 624 707 13 0.0504 384 465 625 713 11 0.0503 449 600 697 831 7 0.0503 2 742 238 981 3 0.0503 513 539 751 773 3 0.0502 383 465 622 714
16GGwVoMrU3wKFKU5z0COwCKsjwitDuU,7 0.0621 175 597 439 824 11 0.0618 236 662 507 893 0 0.0611 175 596 429 824 7 0.0610 246 660 512 897 5 0.0597 241 660 506 891 0 0.0597 240 659 505 896 8 0.0590 245 661 503 893 5 0.0575 167 594 430 819 11 0.0575 167 597 430 821 5 0.0574 392 9 631 245 8 0.0564 173 601 425 821 6 0.0561 174 601 433 821 11 0.0553 253 783 501 1019 8 0.0545 353 725 625 961 2 0.0543 243 664 510 896 5 0.0527 492 0 753 235 11 0.0522 448 334 716 570 6 0.0517 247 662 511 893 0 0.0516 396 17 633 244 11 0.0509 390 18 637 247 10 0.0506 242 665 508 892 3 0.0506 173 596 429 828 6 0.0502 453 6 703 233 3 0.0501 247 661 504 897 2 0.0500 172 599 438 825 3 0.0500 407 17 635 255
uHOt3Q8XXyTM0IM9ftH1Yvj6Lp8teyiG,11 0.0544 381 534 646 754 0 0.0540 252 392 523 634 11 0.0533 246 399 526 633 0 0.0532 382 532 642 759 5 0.0527 380 524 640 756 11 0.0524 326 675 690 852 5 0.0520 198 511 456 762 11 0.0520 313 328 581 567 0 0.0517 198 520 468 769 0 0.0515 324 457 583 695 7 0.0513 255 458 520 696 0 0.0512 363 666 634 898 11 0.0510 319 457 586 691 6 0.0509 253 397 525 634 11 0.0508 198 519 464 760 7 0.0507 336 672 693 855 8 0.0504 137 576 392 829 7 0.0503 390 530 646 755 11 0.0502 398 290 665 507 8 0.0501 203 516 453 764
oCh5dKk5d9VC7PSZuzCHNXQTmJALRvcl,5 0.0547 369 70 637 302 11 0.0540 218 791 494 1019 8 0.0528 224 787 482 1021 13 0.0525 224 787 506 1023 5 0.0519 440 6 704 236 7 0.0517 473 597 854 785 11 0.0510 457 601 844 784 13 0.0510 465 601 852 787 8 0.0507 383 75 628 301 0 0.0506 772 469 1016 706 0 0.0506 465 598 840 790 5 0.0500 457 594 835 786 8 0.0500 472 600 833 785
r3GEiNejOgLoqXP4fvx7mkTa8jAXU7R6,8 0.0508 575 18 806 249
NaujTwUI5nM8ne6kPDvjKLFiZ2WIQRqn,8 0.0636 187 782 431 1023 0 0.0631 245 583 508 823 0 0.0630 183 655 435 900 5 0.0628 180 783 431 1021 11 0.0617 236 785 493 1018 0 0.0613 312 770 577 1017 0 0.0612 183 786 440 1023 8 0.0594 188 595 438 834 0 0.0593 307 648 574 887 5 0.0593 305 766 568 1014 7 0.0590 248 579 510 822 13 0.0586 183 781 440 1023 11 0.0584 186 598 447 828 5 0.0584 242 582 503 820 3 0.0573 188 786 434 1023 7 0.0572 237 784 494 1020 8 0.0571 315 770 568 1014 5 0.0571 299 645 565 884 10 0.0569 185 791 433 1020 9 0.0569 181 783 434 1017 11 0.0566 378 776 630 1007 6 0.0564 248 584 508 820 6 0.0564 185 787 439 1021 5 0.0561 225 711 489 952 7 0.0560 309 649 575 887 6 0.0559 315 770 578 1013 10 0.0554 233 723 492 950 10 0.0553 242 587 509 821 0 0.0551 186 421 446 667 7 0.0550 190 420 450 664 10 0.0541 311 776 575 1010 8 0.0540 233 712 487 955 3 0.0540 316 771 568 1022 7 0.0539 185 655 437 897 13 0.0538 190 595 451 837 6 0.0536 185 656 436 897 11 0.0535 301 715 576 950 10 0.0534 303 655 575 883 1 0.0533 183 781 433 1023 3 0.0532 193 597 445 839 5 0.0532 436 779 687 1017 13 0.0531 319 768 578 1016 2 0.0531 186 787 435 1023 5 0.0530 180 420 444 670 6 0.0522 306 648 576 883 2 0.0517 245 588 507 819 9 0.0512 178 656 436 891 13 0.0509 306 649 578 887 12 0.0509 189 784 437 1023 8 0.0509 183 422 437 663 6 0.0508 191 424 449 663 11 0.0501 373 658 631 881
UNZbHIzZTLaDW4KIpYvzMKHYpn4hej0W,11 0.0563 173 148 452 358 0 0.0562 319 458 572 699 8 0.0559 315 401 559 633 11 0.0559 311 404 574 634 3 0.0559 316 402 570 639 11 0.0557 573 317 824 557 8 0.0557 119 24 358 254 5 0.0553 305 331 552 564 8 0.0552 320 599 564 837 0 0.0548 253 523 506 776 11 0.0548 317 529 581 768 13 0.0547 322 526 585 769 5 0.0545 319 524 578 766 8 0.0544 574 315 816 562 11 0.0539 302 267 555 481 7 0.0539 321 458 576 702 10 0.0535 310 338 551 563 8 0.0534 238 659 494 902 0 0.0533 309 333 552 566 13 0.0532 305 262 558 489 11 0.0531 120 28 372 247 5 0.0530 256 593 504 844 5 0.0529 246 451 507 696 6 0.0520 252 522 506 774 7 0.0518 247 385 510 624 0 0.0518 322 599 574 839 7 0.0517 304 263 549 484 8 0.0515 249 522 497 774 2 0.0515 247 460 511 699 3 0.0514 123 27 368 256 7 0.0514 262 598 510 847 10 0.0513 320 603 571 836 11 0.0512 689 394 964 613 11 0.0510 255 600 506 846 6 0.0506 314 337 559 567 0 0.0506 514 322 755 572 8 0.0505 185 79 437 312 3 0.0504 305 263 547 491 10 0.0503 319 463 570 697 5 0.0500 115 20 362 247
4OPuciU1DBQZJA7kWMFPeCZ58q2bI7w7,8 0.0635 373 345 629 586 8 0.0614 119 383 361 635 5 0.0608 169 436 423 694 11 0.0596 424 280 691 516 13 0.0586 444 403 714 644 13 0.0586 373 349 639 589 11 0.0582 238 399 494 639 6 0.0582 527 480 881 662 7 0.0581 439 398 712 644 7 0.0581 525 480 886 665 3 0.0581 437 337 706 588 10 0.0578 239 400 491 637 0 0.0574 368 342 635 593 8 0.0571 243 395 486 641 0 0.0570 517 480 882 664 5 0.0570 514 475 870 664 8 0.0568 443 399 701 641 8 0.0563 429 276 679 518 13 0.0563 297 408 566 644 7 0.0562 429 278 691 519 0 0.0561 370 208 630 461 0 0.0560 178 384 428 641 13 0.0558 433 284 696 518 11 0.0557 434 402 706 640 7 0.0549 236 453 501 710 8 0.0548 521 480 871 661 11 0.0547 476 213 761 434 5 0.0546 429 330 700 580 0 0.0543 478 207 759 436 8 0.0543 126 513 365 760 13 0.0542 530 480 885 664 6 0.0541 244 399 496 644 3 0.0541 525 481 877 669 3 0.0540 371 283 629 527 6 0.0537 126 386 374 636 1 0.0536 365 341 633 588 8 0.0532 375 209 620 456 11 0.0532 123 388 372 634 6 0.0530 134 514 377 760 7 0.0529 140 442 371 696 7 0.0527 484 207 755 438 6 0.0527 365 285 629 517 11 0.0525 518 481 878 662 10 0.0523 434 338 704 584 10 0.0522 120 393 368 630 8 0.0522 552 205 809 422 6 0.0517 438 401 708 643 0 0.0516 230 455 497 713 11 0.0515 288 475 560 703 13 0.0513 185 386 430 643 1 0.0513 422 275 689 518 5 0.0513 357 280 623 516 3 0.0511 244 397 495 649 2 0.0511 429 283 689 515 5 0.0511 473 206 758 430 2 0.0510 178 446 426 697 3 0.0504 434 209 691 460
LO7iABIoas7qCaMfEEW0VNrqH453ZvhP,5 0.0592 438 668 704 908 7 0.0592 368 732 646 969 6 0.0584 378 609 648 838 0 0.0584 375 604 644 847 5 0.0579 369 603 639 843 11 0.0577 300 676 581 900 0 0.0576 428 733 696 972 8 0.0573 366 787 619 1021 11 0.0561 361 738 644 965 13 0.0560 320 596 584 840 5 0.0559 361 783 624 1020 11 0.0559 331 540 587 773 6 0.0559 432 732 695 967 0 0.0557 333 468 580 707 11 0.0544 438 674 714 904 8 0.0540 430 731 685 967 13 0.0539 384 679 651 913 13 0.0538 370 789 633 1023 6 0.0534 334 539 591 772 3 0.0532 431 734 692 974 10 0.0531 364 790 627 1023 7 0.0530 320 597 581 844 11 0.0524 323 260 587 503 11 0.0521 331 403 584 640 8 0.0521 447 600 700 837 5 0.0519 301 204 567 431 8 0.0517 315 594 574 840 11 0.0516 392 472 646 703 0 0.0514 330 263 589 511 7 0.0514 400 541 654 787 0 0.0512 304 668 579 911 10 0.0509 330 537 582 771 13 0.0509 401 539 653 784 10 0.0507 301 674 575 904 8 0.0506 332 256 580 509 7 0.0505 334 469 581 702 5 0.0504 325 398 578 639 5 0.0501 298 669 574 905
nNWyXRyiFdGJB7jGy8Zf0i0DE9CXKVul,11 0.0581 411 801 680 1013 7 0.0572 414 797 689 1017 6 0.0553 257 330 516 569 11 0.0553 384 342 649 573 13 0.0548 253 404 501 648 11 0.0548 245 405 499 640 3 0.0547 418 798 680 1019 5 0.0547 407 791 678 1013 0 0.0546 257 329 514 571 8 0.0540 307 792 550 1021 11 0.0529 428 698 681 918 0 0.0521 452 619 701 860 7 0.0521 435 696 689 923 3 0.0519 393 274 659 508 7 0.0518 308 791 563 1023 0 0.0515 363 798 628 1023 5 0.0512 251 325 508 565 11 0.0510 460 412 720 628 7 0.0506 321 333 587 570 11 0.0505 513 547 788 768 8 0.0505 415 800 676 1015 8 0.0504 257 326 504 572 6 0.0503 368 796 633 1020 0 0.0503 387 342 652 578 5 0.0500 382 270 657 496 7 0.0500 450 342 715 563
IeYccNhAyRfjORTY9mt0qCYUA9MCs6Uv,11 0.0642 496 466 760 693 5 0.0621 497 461 753 694 0 0.0617 508 520 759 768 8 0.0609 509 519 753 764 7 0.0604 510 519 759 767 8 0.0604 432 459 683 704 6 0.0602 501 465 761 694 7 0.0595 566 457 814 695 5 0.0590 428 525 684 778 13 0.0588 509 522 762 768 3 0.0582 512 521 757 770 0 0.0577 563 461 811 694 6 0.0575 437 526 691 779 11 0.0570 429 530 688 779 10 0.0567 506 521 758 766 8 0.0564 564 458 807 692 8 0.0562 418 671 679 898 5 0.0560 435 396 696 629 7 0.0558 432 464 691 707 0 0.0555 498 396 759 626 0 0.0554 429 462 688 705 13 0.0548 566 460 821 697 5 0.0538 407 666 683 895 3 0.0530 432 463 690 710 8 0.0529 361 594 612 841 13 0.0529 430 465 697 708 3 0.0525 569 456 811 699 12 0.0524 511 519 761 765 7 0.0521 502 392 759 628 11 0.0520 410 673 686 896 2 0.0519 436 533 689 776 1 0.0516 503 516 757 769 9 0.0513 433 530 687 775 10 0.0509 560 462 811 693 10 0.0506 427 465 692 710 7 0.0503 418 670 693 901 8 0.0500 502 391 751 625 8 0.0500 309 522 540 775
GTRLpezWJi2Vma8yvgkPpSh0PXkk9Pc2,11 0.0583 313 323 582 550 0 0.0571 180 472 433 701 11 0.0559 164 411 434 637 8 0.0549 180 464 423 703 11 0.0547 384 456 653 698 11 0.0539 317 204 564 423 5 0.0538 171 465 428 698 0 0.0534 312 143 561 367 11 0.0523 247 461 516 703 0 0.0521 249 528 512 777 11 0.0519 390 268 651 488 0 0.0516 253 201 492 436 0 0.0515 331 589 586 837 11 0.0514 326 588 593 829 7 0.0513 255 458 517 707 0 0.0513 56 423 328 657 5 0.0512 239 329 487 558 13 0.0506 390 454 656 705 5 0.0506 326 581 582 828 13 0.0505 321 72 580 317 11 0.0504 546 16 810 231 8 0.0502 252 268 481 495 6 0.0501 179 465 435 705 0 0.0501 374 711 628 951
eXBAe7MRhbU49hjPBzAcc5GodsrxPgfn,11 0.0627 433 449 692 703 7 0.0595 507 446 760 697 5 0.0592 498 510 755 762 8 0.0589 503 446 750 695 8 0.0582 436 518 686 769 11 0.0582 498 520 757 763 5 0.0581 371 512 621 769 8 0.0579 372 449 626 706 7 0.0568 440 519 694 771 11 0.0567 560 459 820 693 0 0.0565 434 448 692 702 0 0.0564 502 516 758 765 13 0.0562 436 447 698 701 5 0.0560 618 445 867 690 3 0.0560 438 449 694 706 5 0.0558 430 442 687 701 13 0.0555 505 519 763 762 6 0.0555 505 446 763 698 8 0.0553 613 531 869 763 10 0.0551 437 522 692 766 3 0.0551 567 458 823 702 11 0.0550 373 519 626 766 0 0.0548 373 518 625 768 9 0.0543 501 448 760 690 0 0.0543 632 606 892 847 7 0.0541 375 449 637 707 6 0.0539 440 521 696 772 6 0.0536 616 531 887 767 3 0.0535 505 518 758 766 11 0.0532 430 234 697 442 11 0.0531 629 605 892 845 11 0.0530 302 398 567 643 7 0.0527 627 450 870 691 12 0.0527 436 447 692 702 9 0.0526 434 521 693 763 10 0.0525 501 450 757 694 0 0.0523 563 456 821 698 1 0.0523 499 442 756 696 5 0.0519 627 601 882 845 9 0.0517 370 451 635 699 2 0.0509 501 522 757 761 10 0.0508 374 455 633 704 3 0.0500 376 519 626 775
uhIc59NWxqT2lFUdreB8SbQVQunRJRqy,5 0.0610 235 397 496 622 11 0.0591 222 255 506 492 11 0.0589 383 598 641 842 5 0.0568 381 589 640 840 7 0.0557 246 402 507 623 11 0.0540 253 599 511 846 8 0.0540 178 258 428 514 5 0.0538 166 256 433 511 0 0.0533 232 253 501 490 13 0.0530 333 598 585 857 5 0.0524 248 595 507 845 0 0.0523 389 595 642 844 7 0.0518 394 591 647 844 7 0.0514 258 596 515 852 8 0.0511 244 397 494 624 6 0.0509 327 598 583 855 5 0.0508 746 48 1006 301 13 0.0505 234 251 512 492 8 0.0503 388 592 635 842
lF6jlwFRKmw1W1jRwQMND1UzRHk7jLgj,8 0.0563 440 80 694 313 3 0.0559 449 16 702 257 11 0.0552 441 15 701 248 5 0.0546 441 9 701 252 6 0.0545 447 77 707 313 0 0.0543 441 17 700 255 7 0.0533 305 785 569 1021 0 0.0530 499 594 763 826 5 0.0529 364 122 632 361 7 0.0522 626 804 887 1023 11 0.0515 562 799 822 1021 6 0.0514 504 589 765 824 7 0.0514 446 13 704 252 11 0.0512 302 789 563 1019 11 0.0509 364 128 639 362 11 0.0508 433 795 702 1018 11 0.0502 375 461 644 695 5 0.0502 378 509 636 758 11 0.0501 378 587 649 822
pp5iItmjMZIlMsSp8I1JkbR0KtDxyq35,11 0.0583 266 744 638 907 5 0.0553 271 740 627 908 0 0.0550 223 415 604 604 8 0.0538 279 743 625 911 0 0.0535 379 528 630 773 0 0.0531 333 740 696 914 11 0.0516 219 417 604 600
8OwUac6lIIjWdhApJ1RL668yviS4Cb5r,0 0.0643 377 0 646 196 5 0.0627 626 525 871 748 6 0.0621 638 458 898 693 5 0.0615 374 0 639 192 8 0.0601 248 12 493 248 8 0.0590 635 458 882 694 11 0.0586 375 0 648 192 11 0.0582 623 526 877 752 8 0.0580 380 0 639 194 7 0.0574 123 780 377 1023 7 0.0565 379 0 650 195 13 0.0561 635 531 883 753 13 0.0555 380 0 653 197 0 0.0549 189 715 444 974 5 0.0548 577 396 821 645 11 0.0548 246 13 499 247 3 0.0544 638 460 894 699 10 0.0542 370 1 648 191 0 0.0539 119 784 370 1023 7 0.0536 583 401 829 648 6 0.0535 252 14 503 247 0 0.0535 576 402 829 646 3 0.0534 379 0 646 200 5 0.0531 482 714 751 959 11 0.0529 577 402 827 646 0 0.0528 631 532 878 753 2 0.0528 582 404 828 649 2 0.0527 377 4 645 194 7 0.0525 253 10 502 251 11 0.0524 120 786 372 1023 7 0.0519 193 718 449 971 8 0.0517 522 578 762 812 11 0.0516 189 723 444 964 6 0.0514 381 0 648 194 8 0.0501 186 718 434 970 11 0.0500 486 727 753 961
RBU0b0MsZAvq1GGlc42vusou05MoZTjR,5 0.0621 196 783 441 1014 11 0.0600 129 789 381 1015 0 0.0595 244 398 497 644 0 0.0592 129 790 384 1020 8 0.0591 132 785 376 1022 7 0.0590 134 786 382 1019 6 0.0589 132 788 385 1020 11 0.0586 635 205 882 440 0 0.0579 439 508 701 766 11 0.0578 376 516 638 776 0 0.0577 379 390 631 634 8 0.0570 444 505 695 759 8 0.0567 498 581 753 822 11 0.0561 492 456 753 698 8 0.0559 242 391 491 648 11 0.0556 438 585 709 833 10 0.0555 196 789 447 1012 3 0.0551 501 457 755 707 11 0.0551 237 399 501 641 5 0.0549 235 393 492 641 11 0.0547 376 392 631 632 5 0.0545 558 456 815 710 0 0.0545 639 270 888 515 3 0.0544 577 328 825 574 13 0.0543 248 400 504 648 5 0.0542 559 781 813 1020 0 0.0539 562 395 822 638 8 0.0538 429 655 694 908 5 0.0535 374 384 628 632 6 0.0533 565 461 824 708 7 0.0533 501 456 755 703 7 0.0530 499 581 763 827 7 0.0529 316 390 566 634 0 0.0528 384 260 642 498 0 0.0527 437 183 709 420 5 0.0526 313 775 560 1017 5 0.0525 569 319 819 568 8 0.0525 637 208 876 440 8 0.0525 438 782 684 1023 11 0.0523 379 264 643 493 3 0.0521 380 391 633 639 2 0.0518 495 463 751 701 3 0.0517 640 209 884 447 6 0.0517 247 396 505 645 13 0.0517 570 789 823 1023 11 0.0516 564 791 817 1018 5 0.0515 437 502 699 763 5 0.0514 433 171 709 415 2 0.0514 131 793 382 1017 7 0.0512 176 409 454 649 8 0.0511 382 388 623 633 0 0.0510 494 584 761 828 6 0.0510 443 505 706 763 8 0.0508 637 352 881 601 8 0.0507 321 778 561 1023 11 0.0506 439 184 714 418 13 0.0506 130 786 388 1022 13 0.0506 638 207 890 443 6 0.0505 381 389 636 633 8 0.0505 561 788 810 1023 3 0.0504 133 789 381 1023 11 0.0503 480 721 757 959 7 0.0502 642 271 893 512 2 0.0501 567 400 822 640
pmvmkGg8x7pqbtcTIN8Fk8J5PrgCeo05,7 0.0606 517 337 776 566 8 0.0595 317 464 568 700 11 0.0586 445 327 710 559 7 0.0585 513 786 757 1021 11 0.0584 309 466 573 702 7 0.0584 516 138 760 388 11 0.0583 506 790 747 1018 7 0.0578 384 786 636 1021 0 0.0576 515 136 754 389 8 0.0576 384 395 632 624 7 0.0573 451 395 709 622 5 0.0565 627 403 885 625 11 0.0563 437 135 692 380 5 0.0563 509 335 767 565 8 0.0562 381 783 622 1021 8 0.0557 441 136 685 386 8 0.0556 446 326 702 561 0 0.0554 512 267 764 503 11 0.0553 380 788 627 1019 5 0.0551 567 794 810 1017 11 0.0551 695 413 954 630 8 0.0549 573 794 808 1023 3 0.0548 518 339 769 573 6 0.0548 576 801 821 1023 13 0.0547 518 338 776 566 13 0.0546 517 142 763 387 11 0.0544 172 523 449 753 7 0.0542 242 454 508 699 3 0.0541 453 397 706 624 5 0.0541 442 393 705 620 11 0.0540 753 276 1016 511 0 0.0539 446 329 710 561 10 0.0539 317 472 573 699 0 0.0536 635 347 893 571 11 0.0536 634 220 894 452 0 0.0535 378 787 629 1023 3 0.0531 517 141 755 392 11 0.0531 634 350 894 565 5 0.0530 375 782 623 1018 10 0.0529 447 399 705 620 8 0.0528 739 205 993 437 8 0.0526 634 402 885 626 0 0.0525 237 460 504 701 8 0.0524 635 215 883 454 7 0.0523 635 402 893 623 0 0.0522 381 396 642 626 11 0.0521 379 397 636 624 6 0.0518 514 339 777 566 5 0.0516 315 457 573 696 6 0.0516 182 458 464 689 7 0.0515 370 513 627 752 5 0.0514 750 273 1011 515 0 0.0514 697 414 951 636 13 0.0513 639 403 899 629 6 0.0510 443 134 698 382 5 0.0509 758 18 1007 267 2 0.0508 450 333 713 560 7 0.0508 646 783 898 1021 0 0.0505 502 789 753 1023 5 0.0505 511 135 751 381 5 0.0504 563 205 818 443 8 0.0502 511 267 759 503 13 0.0502 384 787 637 1023 0 0.0501 753 334 1009 575 13 0.0501 579 797 826 1022
t1B9tUR6JsL5lgJAAoksJvVTumSGVOOb,8 0.0706 4 683 302 863 11 0.0672 0 690 313 862 0 0.0641 137 680 508 860 0 0.0636 0 688 311 862 10 0.0624 133 680 503 857 11 0.0624 275 670 630 842 5 0.0623 132 679 501 854 7 0.0616 144 680 511 857 8 0.0603 142 679 499 855 6 0.0597 1 688 318 861 7 0.0590 4 686 309 862 11 0.0588 252 589 499 819 5 0.0582 0 682 305 862 3 0.0581 2 684 312 865 6 0.0579 141 683 510 856 3 0.0577 144 680 509 859 13 0.0576 144 680 515 858 1 0.0570 0 684 311 862 2 0.0537 143 685 508 857 11 0.0535 375 529 625 758 2 0.0532 2 691 314 863 9 0.0528 137 683 506 856 9 0.0527 0 689 312 862 13 0.0527 3 687 317 865 10 0.0521 1 687 307 864 1 0.0508 135 677 507 858
IsWk0dC7YL9wnePnrLO4FLc83RQOT9aE,8 0.0575 637 0 886 203 11 0.0572 244 514 485 756 5 0.0560 246 582 493 821 0 0.0557 250 584 500 828 13 0.0544 640 0 906 205 6 0.0543 639 1 900 201 5 0.0542 635 0 892 202 0 0.0540 636 1 897 201 11 0.0537 309 593 573 826 11 0.0525 241 404 495 651 5 0.0521 248 449 490 705 0 0.0519 251 453 494 709 0 0.0517 316 653 579 903 11 0.0512 698 1 953 197 8 0.0511 249 454 483 704 11 0.0506 385 523 628 755 0 0.0506 313 522 565 767 5 0.0505 315 651 575 896 8 0.0501 253 586 493 825
oZBC5Y7P3HLClCMiEttmlj2VnIOap2Jj,8 0.0569 568 319 818 558 0 0.0561 572 323 827 559 5 0.0555 563 318 821 557 0 0.0530 2 298 230 533 6 0.0522 573 321 830 557 11 0.0521 1 304 239 523 0 0.0518 486 687 767 911 11 0.0512 565 319 824 557 11 0.0508 486 686 766 904 5 0.0507 482 681 755 911 10 0.0501 0 309 237 524
ihbtvfyPMfJb4l7CimhlBJuUjcwsJXTN,11 0.0576 325 724 594 941 11 0.0557 388 520 634 764 7 0.0550 258 393 509 624 0 0.0538 386 521 637 767 7 0.0535 390 519 640 765 7 0.0534 272 717 537 946 0 0.0529 255 395 509 624 11 0.0524 327 395 574 616 13 0.0521 390 519 645 766 5 0.0513 255 392 506 620 10 0.0509 254 404 508 620 13 0.0508 274 719 544 948 13 0.0503 332 398 584 618 8 0.0502 259 394 503 619
rQ8I4gNlJeuZIxAtIXIph6cL3nWQKKyS,0 0.0539 520 411 765 642 11 0.0531 379 122 642 354 0 0.0526 316 138 568 372 8 0.0519 632 88 866 307 8 0.0517 454 394 689 619 5 0.0515 688 4 940 245 8 0.0514 386 120 631 356 5 0.0508 448 383 695 619 5 0.0507 429 134 692 366 11 0.0506 522 408 766 640
bV29ILCbZLyDK57qr97GBd0Kyf1L7BkH,11 0.0601 504 457 757 696 7 0.0587 518 392 763 634 8 0.0580 504 457 747 701 5 0.0576 499 449 753 702 5 0.0574 318 450 588 703 3 0.0572 506 458 757 707 6 0.0567 515 393 761 635 6 0.0561 464 465 719 709 11 0.0558 385 463 652 708 0 0.0557 509 393 757 635 13 0.0552 508 457 760 696 0 0.0549 459 464 714 713 8 0.0541 391 459 643 713 7 0.0535 469 464 716 713 6 0.0529 396 397 647 636 11 0.0523 305 324 563 570 7 0.0522 395 398 644 642 10 0.0518 501 458 756 703 0 0.0508 389 399 639 644 0 0.0503 322 589 595 832 5 0.0503 318 587 588 825 9 0.0502 507 460 760 696 13 0.0502 331 454 595 708
VLimWx4XlD6cbzCbWK8JEfpIFdp1601O,0 0.0533 577 201 825 452 11 0.0530 375 392 643 638 11 0.0525 513 535 764 768 8 0.0517 579 202 815 447 7 0.0516 383 387 647 642 0 0.0513 510 532 761 769 0 0.0513 381 385 641 642 0 0.0506 566 328 825 574 8 0.0504 514 532 754 767 8 0.0503 433 272 693 513 8 0.0503 568 330 817 570
emqxirs1GVEBkTOEvlsosivw9q3ptF6W,8 0.0575 448 534 694 782 8 0.0543 614 542 861 786 7 0.0532 454 530 703 778 11 0.0531 181 346 429 584 0 0.0526 450 533 702 779 11 0.0523 443 536 701 772 8 0.0521 570 325 827 561 11 0.0520 569 327 834 560 11 0.0516 609 545 876 784 5 0.0516 563 321 830 560 13 0.0515 448 530 710 776 5 0.0515 322 64 574 292 6 0.0513 449 530 706 781 0 0.0513 569 326 834 567 5 0.0512 445 527 695 775 8 0.0511 552 608 782 837 6 0.0509 576 325 840 561 7 0.0502 505 611 760 848
UloBsEYL11kTQ2nwIiVwZO9rOQ1XWzqe,0 0.0648 122 658 373 897 11 0.0641 120 657 369 895 7 0.0634 124 654 374 897 8 0.0610 125 655 365 896 5 0.0596 118 656 366 893 7 0.0591 120 535 362 774 11 0.0585 251 658 507 908 10 0.0571 191 666 438 909 6 0.0569 124 660 373 897 0 0.0568 251 658 508 913 10 0.0567 250 595 505 837 8 0.0556 254 656 503 909 7 0.0555 255 590 511 836 10 0.0554 113 544 356 768 11 0.0552 114 540 360 771 8 0.0550 118 540 351 771 13 0.0546 127 656 376 898 3 0.0543 125 659 369 902 0 0.0534 121 536 361 778 5 0.0528 249 656 500 907 6 0.0522 255 661 512 911 6 0.0518 118 541 363 771 5 0.0512 112 535 357 767 2 0.0508 125 662 371 897
cXEvhju6eLhGC77NhphJKHK7eNvT4dXM,7 0.0617 453 544 698 773 0 0.0597 505 539 755 767 0 0.0592 431 615 694 849 11 0.0589 446 544 696 768 8 0.0588 437 617 689 844 5 0.0576 500 538 747 757 0 0.0574 380 535 636 779 7 0.0571 382 476 633 712 13 0.0569 385 481 635 711 5 0.0563 426 613 690 840 3 0.0562 453 542 696 776 7 0.0558 520 468 754 699 0 0.0550 451 472 696 710 11 0.0549 316 403 563 624 10 0.0547 449 545 697 771 13 0.0540 323 403 565 629 13 0.0539 452 544 699 770 11 0.0537 517 469 751 696 8 0.0536 323 398 550 628 5 0.0534 375 536 633 770 8 0.0530 522 464 743 699 8 0.0524 383 475 619 711 6 0.0524 451 541 702 768 2 0.0523 449 549 698 771 13 0.0523 524 469 756 699 5 0.0520 447 471 687 699 7 0.0517 321 398 563 630 0 0.0516 319 461 568 699 11 0.0515 643 474 889 702 5 0.0515 315 465 564 691 11 0.0511 376 478 632 708 0 0.0507 635 535 889 771 10 0.0503 380 479 627 708
l36erNcgPymKmZUrhRE0MPNGGfthaWo8,8 0.0645 437 462 692 708 11 0.0633 433 460 697 702 5 0.0626 493 270 760 505 5 0.0613 362 268 625 506 8 0.0605 497 278 760 507 11 0.0598 308 472 567 707 8 0.0598 314 470 562 710 6 0.0594 439 459 699 706 0 0.0591 438 461 700 708 0 0.0591 498 277 764 509 5 0.0589 362 458 627 703 13 0.0589 372 465 636 712 6 0.0588 312 471 568 710 7 0.0586 500 278 765 513 6 0.0585 372 276 631 509 13 0.0579 373 277 636 511 0 0.0578 372 273 631 513 6 0.0576 499 276 763 509 3 0.0575 370 465 631 714 3 0.0574 500 277 760 515 8 0.0574 446 133 693 379 11 0.0574 365 276 630 505 2 0.0572 370 470 630 707 11 0.0571 494 279 763 510 11 0.0567 446 136 702 377 0 0.0566 310 468 564 716 2 0.0565 372 279 626 508 5 0.0563 443 128 696 375 13 0.0557 449 132 708 379 7 0.0555 451 136 700 380 7 0.0552 372 465 634 708 3 0.0551 450 133 698 384 2 0.0549 500 282 761 508 0 0.0548 446 134 700 381 8 0.0545 369 274 624 508 7 0.0540 372 275 634 509 1 0.0540 365 460 629 711 13 0.0537 498 278 769 511 10 0.0533 312 475 566 711 3 0.0533 368 276 628 514 9 0.0530 495 278 765 505 10 0.0529 367 277 630 508 6 0.0525 452 133 702 379 12 0.0521 314 469 567 712 10 0.0521 494 277 762 507 10 0.0519 447 137 700 376 2 0.0505 446 139 700 376 12 0.0504 497 273 764 511 9 0.0501 364 464 630 701
Ls44HYvV9hzc0HDyXZvjvLNJyESNoe3B,5 0.0600 362 752 623 986 11 0.0600 512 466 764 703 7 0.0579 517 463 766 706 13 0.0578 376 759 633 994 11 0.0577 327 457 585 686 11 0.0573 381 602 639 831 11 0.0570 251 335 507 571 0 0.0570 380 674 638 914 11 0.0563 522 431 884 604 7 0.0563 371 754 633 991 3 0.0562 381 675 641 915 11 0.0561 446 397 703 633 10 0.0553 367 756 629 987 0 0.0552 516 462 762 708 13 0.0552 519 467 766 708 5 0.0546 571 387 836 631 5 0.0544 247 403 501 639 6 0.0544 372 756 632 986 0 0.0543 321 525 581 764 8 0.0539 370 752 622 990 5 0.0538 373 0 640 231 8 0.0538 518 395 769 640 11 0.0538 364 759 629 985 10 0.0537 381 1 646 231 0 0.0537 312 405 573 640 0 0.0537 251 260 506 505 13 0.0536 287 676 656 866 6 0.0535 523 397 779 639 6 0.0533 286 674 652 860 11 0.0530 379 1 652 229 10 0.0529 511 466 760 706 12 0.0523 381 675 638 912 8 0.0521 391 0 636 231 7 0.0519 384 601 638 837 6 0.0518 327 528 584 762 7 0.0517 454 394 705 638 8 0.0517 252 406 499 643 13 0.0516 578 396 849 637 7 0.0515 255 405 508 642 7 0.0515 324 527 580 764 6 0.0513 584 459 836 704 6 0.0513 454 459 703 701 8 0.0513 322 525 572 763 3 0.0511 575 34 817 259 0 0.0509 449 394 702 638 5 0.0507 308 334 566 568 11 0.0505 186 206 448 439 3 0.0503 387 533 639 776 3 0.0502 392 0 653 236 11 0.0501 572 33 820 244 0 0.0501 378 1 647 238 8 0.0500 257 262 497 505
veYAg0YqJ3WJytbfKpjHhJIm41KRCZhg,5 0.0626 247 794 498 1018 5 0.0604 626 0 874 202 13 0.0603 637 0 888 206 8 0.0597 252 795 498 1017 7 0.0587 251 797 505 1020 8 0.0585 629 0 874 202 0 0.0584 315 797 570 1023 11 0.0571 314 802 567 1019 0 0.0569 626 1 881 207 10 0.0562 250 802 505 1021 11 0.0551 628 0 883 199 2 0.0547 631 1 884 202 6 0.0547 634 1 884 203 10 0.0546 627 1 880 203 13 0.0544 319 804 574 1023 3 0.0530 632 0 883 209 5 0.0525 238 378 488 616 8 0.0516 325 326 560 559 6 0.0514 204 334 446 583 7 0.0507 630 1 880 205 6 0.0506 317 806 571 1023 11 0.0501 192 338 447 579 3 0.0501 253 798 504 1023
MgZfP4bY04QfnEosSpSZdKtHGgKLPDXN,8 0.0711 127 793 368 1023 5 0.0682 182 785 431 1023 8 0.0652 253 790 498 1023 11 0.0647 191 661 446 887 7 0.0638 186 785 437 1023 11 0.0628 248 793 502 1021 0 0.0625 190 715 435 962 0 0.0620 312 721 571 974 0 0.0616 248 654 506 904 8 0.0605 51 337 319 568 5 0.0605 128 715 368 968 0 0.0603 253 792 503 1023 6 0.0601 185 791 437 1023 5 0.0600 252 713 504 962 13 0.0589 256 794 509 1023 10 0.0585 184 791 436 1020 10 0.0584 254 719 509 960 8 0.0583 118 397 378 624 8 0.0582 190 716 430 959 5 0.0580 47 337 318 563 7 0.0580 259 716 508 963 8 0.0578 252 654 502 899 11 0.0573 56 405 319 635 5 0.0572 588 0 939 159 2 0.0570 128 799 373 1023 11 0.0566 309 726 571 963 13 0.0566 653 0 1023 153 3 0.0564 190 714 434 964 0 0.0562 177 402 447 625 11 0.0561 126 796 373 1021 13 0.0561 127 796 382 1023 5 0.0560 185 654 438 892 6 0.0558 107 336 389 569 11 0.0557 102 341 384 562 3 0.0554 253 791 503 1023 0 0.0554 129 797 372 1023 0 0.0553 320 668 697 852 7 0.0551 194 655 443 891 8 0.0548 313 722 566 966 3 0.0537 130 797 373 1023 11 0.0537 324 673 694 844 9 0.0536 183 788 437 1022 6 0.0528 256 721 511 962 3 0.0527 119 396 382 627 2 0.0524 251 796 506 1023 2 0.0523 190 718 439 957 0 0.0523 50 340 324 568 10 0.0519 189 660 441 890 7 0.0519 183 396 451 622 3 0.0516 317 721 571 971 0 0.0516 593 2 948 165 13 0.0515 193 714 443 960 6 0.0513 179 400 451 622 3 0.0512 252 654 506 903 7 0.0509 115 463 374 692 8 0.0504 601 0 934 159 11 0.0503 173 402 452 618 6 0.0503 61 405 330 640 2 0.0501 111 345 381 566
I7HaHoMkYEz6nkwtUynsQokZgie9xjqf,5 0.0682 186 778 430 1018 8 0.0675 189 779 431 1021 7 0.0661 129 778 374 1017 11 0.0648 187 781 434 1017 7 0.0643 190 715 433 955 8 0.0638 312 785 556 1023 0 0.0634 190 781 433 1021 0 0.0627 127 712 369 954 5 0.0623 121 708 366 949 11 0.0621 373 789 623 1019 0 0.0619 370 665 626 898 10 0.0612 126 782 371 1013 7 0.0608 374 661 630 894 7 0.0608 377 786 628 1023 8 0.0605 127 712 364 951 0 0.0604 311 788 562 1023 11 0.0601 368 668 629 890 6 0.0601 190 786 434 1022 3 0.0600 192 779 432 1023 11 0.0600 124 714 370 949 13 0.0598 253 789 500 1023 7 0.0597 251 787 499 1023 5 0.0596 307 785 556 1019 10 0.0596 248 790 495 1021 5 0.0592 366 717 620 958 11 0.0590 303 600 560 832 10 0.0589 186 720 435 953 0 0.0581 307 600 562 837 13 0.0574 190 716 439 954 11 0.0572 318 467 567 704 10 0.0572 270 677 631 850 8 0.0570 370 720 621 959 9 0.0567 127 778 373 1014 8 0.0567 271 675 620 850 0 0.0564 441 598 700 832 10 0.0561 372 789 622 1019 13 0.0559 378 791 629 1022 7 0.0557 447 593 706 827 13 0.0556 130 780 378 1016 11 0.0555 442 599 700 824 2 0.0555 189 785 434 1022 9 0.0552 184 717 433 950 6 0.0552 371 723 628 961 5 0.0548 268 672 620 849 3 0.0547 313 787 561 1023 6 0.0545 129 716 374 953 1 0.0544 184 710 431 953 11 0.0543 175 471 433 695 0 0.0542 321 464 569 704 3 0.0542 129 713 369 956 6 0.0541 308 602 564 835 7 0.0541 311 597 566 836 6 0.0540 312 795 562 1023 13 0.0537 274 676 639 851 11 0.0533 236 546 496 770 3 0.0531 371 664 626 901 8 0.0530 239 541 486 769 1 0.0529 308 781 561 1023 8 0.0519 175 464 428 692 2 0.0518 371 671 624 894 0 0.0518 241 542 502 774 7 0.0517 239 538 504 771 9 0.0517 246 789 494 1021 3 0.0515 246 470 498 709 12 0.0514 191 715 434 953 5 0.0514 233 536 495 769 1 0.0512 127 775 370 1017 3 0.0511 309 602 562 842 2 0.0511 311 792 562 1023 12 0.0509 131 776 371 1016 3 0.0508 318 400 575 638 9 0.0507 370 787 622 1020 11 0.0507 387 404 644 631 4 0.0506 129 782 375 1016 6 0.0505 320 466 573 704
MmAqH0LLbyg86cP6Xef4TzwrJbz7GNuZ,5 0.0638 575 327 831 571 8 0.0614 569 452 809 704 11 0.0591 564 456 818 701 0 0.0586 569 457 818 705 11 0.0579 514 259 784 501 5 0.0575 565 450 815 705 6 0.0570 582 397 836 640 11 0.0567 575 332 835 570 5 0.0558 513 256 778 507 8 0.0558 515 255 774 508 8 0.0553 578 328 828 574 7 0.0547 516 333 776 580 0 0.0543 639 331 883 572 5 0.0538 577 204 830 431 6 0.0531 586 264 841 505 10 0.0530 576 398 828 636 6 0.0529 644 333 890 573 3 0.0525 581 396 830 648 3 0.0524 641 332 884 580 0 0.0521 509 338 771 584 3 0.0518 523 262 778 515 2 0.0513 510 343 775 585 6 0.0512 462 275 729 505 11 0.0511 451 20 696 245 7 0.0508 582 266 837 506 11 0.0508 445 202 717 420 8 0.0508 439 200 707 422 5 0.0505 240 334 505 573 13 0.0503 448 204 724 415 2 0.0502 457 285 724 507
8UVEVM9DfJtpTh3WldfMYKufKRvCRGcS,11 0.0568 559 1 830 198 3 0.0567 568 0 831 206 5 0.0565 558 0 829 197 8 0.0557 566 0 827 198 10 0.0517 566 4 832 199 0 0.0510 566 1 834 200 13 0.0508 567 0 840 198 9 0.0505 561 0 834 195 2 0.0500 565 3 832 198
CttjhuCiwo5qMHhL2BOGi6EjUyBvHk9J,11 0.0649 0 718 253 950 0 0.0647 0 715 252 956 8 0.0635 5 776 242 1018 5 0.0605 0 777 242 1015 3 0.0574 3 777 245 1023 13 0.0568 1 780 253 1020 6 0.0564 3 781 254 1011 7 0.0555 2 777 250 1020 2 0.0542 0 783 250 1018 0 0.0538 437 325 699 561 5 0.0525 504 777 744 1008 6 0.0521 441 323 705 559 5 0.0519 430 322 696 554 13 0.0517 444 329 710 562 0 0.0510 432 194 688 428 10 0.0509 2 717 249 954 1 0.0509 0 774 246 1017 0 0.0508 453 728 693 951 8 0.0502 456 729 683 950
sV8yZoXolQVwBPHYXb2mFjxu04SvhiML,11 0.0542 123 649 368 872 11 0.0528 563 30 828 251 8 0.0520 625 0 883 206 8 0.0514 127 639 364 874 8 0.0511 561 87 819 322 11 0.0506 240 77 496 313 6 0.0504 628 4 894 210
jf9b81uwfDXLb2gUQ35gjcDx1si9LDXA,8 0.0658 305 519 571 770 5 0.0657 301 462 570 717 8 0.0608 319 407 572 648 5 0.0602 322 339 571 576 11 0.0591 370 525 635 772 7 0.0590 374 457 638 718 5 0.0586 432 472 695 711 10 0.0585 371 466 641 714 3 0.0580 304 471 568 726 11 0.0573 380 412 647 647 5 0.0573 375 404 644 644 7 0.0567 429 588 690 836 5 0.0565 422 585 683 831 6 0.0563 373 459 640 714 13 0.0563 251 420 517 658 0 0.0561 318 407 576 650 5 0.0558 295 580 559 835 3 0.0556 386 410 650 654 11 0.0546 321 347 579 577 11 0.0542 302 590 564 838 0 0.0542 306 517 579 773 13 0.0541 376 524 643 773 0 0.0540 435 536 690 771 3 0.0540 327 346 580 583 11 0.0538 244 426 509 652 8 0.0537 440 533 683 764 7 0.0532 228 485 563 671 5 0.0531 168 465 425 705 6 0.0530 364 580 629 832 6 0.0530 237 473 511 713 0 0.0529 448 422 702 656 8 0.0527 165 518 426 760 8 0.0526 446 421 697 650 11 0.0525 378 651 634 887 8 0.0524 441 648 691 887 7 0.0517 449 419 711 653 13 0.0515 385 409 655 651 10 0.0515 235 480 506 715 9 0.0514 301 468 566 712 13 0.0511 304 589 572 840 8 0.0511 94 456 361 693 10 0.0510 362 587 629 834 10 0.0509 446 424 712 647 13 0.0505 327 343 586 584 6 0.0505 451 419 710 651 13 0.0503 388 652 645 892 5 0.0503 307 140 551 372 11 0.0501 776 460 1022 694
P3MJ0HONrUaf0CpApb6bVPfNSZGm9Fmk,8 0.0558 866 0 1020 388 11 0.0551 863 14 1023 383 8 0.0549 762 8 1004 255 0 0.0530 865 9 1022 389 13 0.0525 870 1 1023 389 11 0.0522 343 551 683 728 6 0.0513 867 6 1023 383 5 0.0511 863 1 1023 381 11 0.0511 273 484 629 663 8 0.0511 348 551 678 731
4Q3Gt4UuSJetNuBF2Ll8ztoP8Kk0GOe5,8 0.0587 374 10 636 257 5 0.0586 570 322 823 568 13 0.0576 343 0 697 155 5 0.0572 369 6 637 256 13 0.0571 509 21 774 257 3 0.0560 341 0 685 158 11 0.0556 372 12 644 256 7 0.0555 347 1 693 155 0 0.0555 373 81 639 316 8 0.0555 505 24 760 261 0 0.0547 504 27 766 259 3 0.0544 510 26 766 264 11 0.0542 502 25 768 256 7 0.0541 574 328 831 563 0 0.0537 573 330 822 566 0 0.0537 334 1 693 157 8 0.0532 576 326 818 564 8 0.0524 240 0 491 248 5 0.0521 498 24 764 257 10 0.0518 372 12 646 261 8 0.0511 540 544 888 729 6 0.0511 312 63 564 300 2 0.0508 341 1 690 153 7 0.0508 509 27 772 262 13 0.0507 314 60 573 298 11 0.0506 535 549 896 729 11 0.0504 568 333 828 561
cm1TaBZ0NrY5CRF09i80hPlc8aIRNE5D,0 0.0591 57 674 314 912 7 0.0590 246 656 512 887 11 0.0587 53 676 318 910 0 0.0583 243 661 508 891 11 0.0578 231 793 481 1009 5 0.0576 238 653 499 885 8 0.0571 235 787 475 1013 11 0.0568 238 663 506 885 7 0.0555 63 672 321 911 11 0.0554 0 471 154 817 8 0.0551 58 670 306 911 10 0.0551 239 662 504 889 6 0.0547 186 665 444 894 8 0.0544 245 662 496 890 7 0.0532 236 788 487 1015 5 0.0521 228 781 479 1010 13 0.0517 186 664 452 896 13 0.0515 61 673 327 913 0 0.0509 0 468 153 833 13 0.0506 240 789 493 1012 3 0.0503 180 662 442 900
yNyDMCLcJAwrahDwpqxBJHRZhrktd2ne,11 0.0621 509 473 763 705 0 0.0581 516 416 775 638 0 0.0579 585 358 834 581 11 0.0571 587 355 838 579 6 0.0570 257 346 514 573 5 0.0568 306 336 563 559 0 0.0567 252 344 511 573 7 0.0558 389 344 647 561 11 0.0553 381 345 645 560 8 0.0544 512 414 768 641 3 0.0536 311 341 567 569 8 0.0535 585 353 828 584 7 0.0534 254 340 513 575 11 0.0533 254 343 509 572 8 0.0531 384 346 636 561 11 0.0525 185 413 448 646 6 0.0523 519 414 780 641 6 0.0522 390 344 652 560 3 0.0521 519 410 778 645 5 0.0520 509 409 769 636 5 0.0520 582 351 829 577 0 0.0517 383 346 647 562 13 0.0516 466 0 727 234 6 0.0516 195 413 453 646 2 0.0515 516 422 776 642 13 0.0515 592 354 844 584 13 0.0514 518 413 787 640 11 0.0512 368 663 648 898 13 0.0511 316 342 575 563 7 0.0510 521 412 783 639 8 0.0510 255 344 500 572 0 0.0506 188 409 449 646 0 0.0506 394 1 643 241 11 0.0505 624 1 896 213 3 0.0504 636 0 895 219 2 0.0501 588 359 839 582
MYrTMIogmKBlMI4j3CtSJxV6J4QFzPe5,6 0.0619 494 397 751 643 5 0.0618 427 517 686 767 8 0.0615 492 392 744 641 7 0.0611 496 394 752 642 11 0.0606 491 466 753 706 5 0.0604 560 520 810 750 6 0.0603 435 338 689 570 7 0.0594 434 337 690 570 6 0.0593 348 475 702 663 8 0.0592 350 474 695 661 3 0.0589 493 396 749 645 5 0.0587 340 470 697 661 11 0.0578 351 599 726 793 13 0.0575 567 525 821 750 6 0.0575 433 524 692 771 13 0.0574 432 524 694 772 8 0.0573 373 204 633 431 5 0.0572 630 466 883 697 5 0.0571 426 333 685 567 8 0.0568 568 526 807 750 8 0.0565 360 599 720 796 8 0.0564 431 334 682 567 11 0.0562 240 276 504 496 0 0.0561 635 470 888 702 0 0.0560 448 275 703 508 0 0.0559 352 600 726 794 13 0.0559 345 476 712 663 2 0.0558 354 413 700 598 6 0.0557 512 284 770 518 11 0.0556 348 412 696 599 6 0.0556 565 525 818 754 11 0.0556 564 528 814 748 10 0.0554 428 526 690 771 10 0.0554 491 465 751 705 0 0.0554 493 393 749 643 0 0.0554 565 528 816 752 13 0.0553 221 411 581 600 9 0.0553 428 335 689 567 8 0.0551 506 283 757 518 11 0.0546 634 472 891 695 7 0.0543 379 520 639 770 7 0.0542 348 473 706 663 8 0.0542 634 470 877 699 10 0.0542 428 337 689 567 11 0.0542 371 278 639 501 3 0.0538 434 525 690 774 13 0.0538 224 285 586 471 3 0.0537 349 474 706 665 6 0.0537 373 274 640 505 5 0.0536 502 280 759 518 6 0.0536 640 470 891 699 5 0.0534 362 267 631 499 0 0.0532 348 474 701 662 5 0.0531 208 408 570 597 7 0.0531 568 524 816 756 10 0.0527 366 274 640 502 3 0.0526 568 528 812 757 12 0.0523 380 518 634 771 11 0.0523 777 463 1017 694 2 0.0523 433 528 691 769 3 0.0523 431 337 689 573 6 0.0522 774 329 1023 577 5 0.0522 295 192 563 424 11 0.0519 180 198 432 429 6 0.0519 463 211 719 436 0 0.0518 246 193 504 437 1 0.0516 428 518 689 771 11 0.0516 504 288 766 512 9 0.0515 364 273 639 497 12 0.0514 352 474 706 663 1 0.0514 427 332 687 570 12 0.0513 494 397 751 642 8 0.0513 218 411 564 595 13 0.0513 430 336 695 571
6CzMTmDTzGxEivI3QTKjKPKCpWNGoLjS,7 0.0584 261 716 503 960 8 0.0580 262 712 492 960 5 0.0579 257 709 496 958 11 0.0579 250 655 505 899 0 0.0573 260 716 502 964 11 0.0551 523 667 891 857 10 0.0540 248 658 504 898 8 0.0526 530 669 875 860 5 0.0525 529 663 880 857 13 0.0519 263 719 509 964 0 0.0507 534 669 885 865 7 0.0502 299 219 642 405
6yToYAEiHnTrz2ZqRZd4gOa7SejuicZZ,11 0.0613 110 6 360 236 8 0.0606 114 5 348 234 0 0.0598 0 84 235 327 0 0.0589 59 0 315 201 11 0.0572 57 76 308 318 5 0.0557 105 0 354 234 0 0.0554 314 27 569 242 8 0.0551 189 79 429 315 11 0.0551 315 27 566 239 5 0.0551 0 18 234 256 6 0.0549 112 2 362 228 8 0.0546 3 25 228 257 13 0.0544 319 26 577 239 8 0.0543 322 23 562 242 10 0.0537 110 11 353 232 8 0.0536 60 73 297 319 3 0.0532 112 5 354 239 6 0.0530 0 3 256 205 6 0.0519 0 85 239 325 11 0.0517 183 83 432 313 11 0.0514 363 672 634 897 3 0.0508 323 26 568 249 10 0.0508 0 29 237 258 7 0.0503 317 24 574 242 7 0.0501 2 84 242 328
q92Dvdh1w3909u5rOYTLzOkQ38ci0hIG,0 0.0652 0 343 244 593 11 0.0640 0 160 242 381 7 0.0601 0 346 242 591 11 0.0598 0 352 243 589 3 0.0598 8 157 243 386 0 0.0597 1 158 241 383 8 0.0575 3 157 232 378 8 0.0569 4 344 236 590 5 0.0560 379 580 631 828 5 0.0559 381 281 635 508 7 0.0554 2 484 237 726 0 0.0553 0 482 230 728 11 0.0550 387 285 639 509 7 0.0546 3 157 242 382 11 0.0545 443 597 693 835 3 0.0545 4 346 244 593 5 0.0543 307 642 567 894 11 0.0543 0 488 233 725 6 0.0542 4 348 250 587 13 0.0541 2 158 247 379 5 0.0541 0 345 241 595 13 0.0533 2 348 251 594 8 0.0530 1 479 226 722 13 0.0529 280 666 634 848 5 0.0529 0 483 231 730 0 0.0528 308 647 576 898 8 0.0521 381 588 631 830 0 0.0521 381 586 639 832 7 0.0519 385 583 643 832 0 0.0519 421 144 663 362 7 0.0517 469 283 729 508 10 0.0514 0 350 244 590 5 0.0513 464 336 720 569 11 0.0511 367 655 629 895 5 0.0510 0 151 240 383 7 0.0508 312 648 578 900 10 0.0507 0 488 235 725 6 0.0504 384 586 644 830 2 0.0503 1 353 246 590
tFVlmZkMMqg7Cgz0Pz7hFfgKHbQYOwCz,11 0.0597 395 201 647 439 0 0.0570 393 198 644 443 11 0.0568 443 272 702 506 8 0.0568 394 195 641 443 6 0.0544 449 274 709 506 0 0.0544 445 271 702 506 13 0.0539 445 272 706 509 8 0.0538 442 267 697 506 5 0.0536 439 266 698 505 8 0.0526 510 339 752 568 0 0.0525 381 458 629 704 0 0.0524 511 339 758 569 10 0.0523 444 276 703 507 3 0.0520 449 269 700 513 7 0.0515 447 269 703 509 10 0.0514 392 206 645 442 13 0.0513 396 199 652 442 3 0.0513 517 336 758 576 0 0.0513 337 416 707 598 10 0.0510 514 343 762 568 13 0.0508 512 341 766 570 6 0.0507 345 416 710 596 3 0.0506 499 0 868 154 8 0.0505 117 805 351 1023 5 0.0504 483 0 859 150 11 0.0502 381 456 626 696 6 0.0501 399 202 651 442
PNd7Zvl3KpHPFCuIau6TmOIshsj7osMY,11 0.0655 314 135 568 368 5 0.0636 249 198 509 441 7 0.0634 315 132 569 372 8 0.0628 308 204 562 441 0 0.0627 308 207 569 442 11 0.0627 316 13 567 264 5 0.0615 316 3 561 265 7 0.0614 255 200 517 442 0 0.0612 309 67 555 325 3 0.0609 315 134 568 373 11 0.0607 252 201 513 438 6 0.0602 318 133 571 370 5 0.0586 310 128 563 370 2 0.0584 255 206 512 440 13 0.0580 255 200 519 441 3 0.0579 253 204 512 444 2 0.0576 314 137 565 372 8 0.0574 311 68 550 319 10 0.0571 309 213 569 437 3 0.0570 325 7 562 267 13 0.0570 316 132 573 371 5 0.0565 239 74 496 318 11 0.0564 242 81 499 317 12 0.0559 312 207 571 440 13 0.0557 323 7 570 263 6 0.0555 258 202 517 440 13 0.0553 245 77 504 319 7 0.0552 327 9 570 266 8 0.0552 379 0 616 243 8 0.0551 177 202 430 448 11 0.0547 176 140 436 384 6 0.0546 323 10 571 260 0 0.0544 175 198 437 452 0 0.0541 377 1 624 246 2 0.0537 323 15 566 263 2 0.0533 244 84 496 324 10 0.0532 243 86 497 320 13 0.0530 185 142 441 386 8 0.0526 246 20 490 256 10 0.0526 320 14 566 263 12 0.0521 313 68 561 322 6 0.0518 249 78 502 318 1 0.0513 308 205 567 442 9 0.0508 251 201 512 437 9 0.0508 314 132 568 368 4 0.0504 312 211 572 439
5jFwgweLZ1NQ2xwFHpynmVDb9zFbX9PS,11 0.0657 558 514 808 762 8 0.0646 562 513 802 761 6 0.0631 568 516 811 763 7 0.0620 565 516 808 766 8 0.0608 234 612 490 856 5 0.0606 560 510 805 764 11 0.0604 311 611 683 799 11 0.0602 375 207 638 442 11 0.0601 81 0 433 146 8 0.0596 319 611 679 799 6 0.0594 437 588 698 834 10 0.0594 433 587 693 831 7 0.0593 319 607 689 803 0 0.0588 316 610 677 801 0 0.0584 78 0 434 152 3 0.0581 569 515 808 770 5 0.0579 304 0 552 235 6 0.0578 352 483 700 671 0 0.0577 562 515 806 763 7 0.0576 619 599 893 840 5 0.0575 567 401 827 648 5 0.0574 374 142 637 380 0 0.0572 310 3 556 236 13 0.0571 566 516 811 761 5 0.0570 430 577 690 832 0 0.0567 569 409 832 647 10 0.0562 561 517 806 760 5 0.0560 344 480 688 671 11 0.0559 346 663 629 894 11 0.0559 307 5 558 234 8 0.0556 81 0 420 146 6 0.0555 310 85 560 314 8 0.0554 383 202 627 441 11 0.0551 306 140 572 377 11 0.0548 568 408 833 643 3 0.0547 385 202 637 448 6 0.0547 575 405 836 643 10 0.0546 321 545 694 731 0 0.0545 382 203 636 448 7 0.0544 385 204 639 446 12 0.0544 565 515 808 764 13 0.0543 435 585 698 832 5 0.0539 98 0 368 196 6 0.0537 386 200 640 447 11 0.0536 345 486 691 668 8 0.0535 346 485 687 666 11 0.0533 231 613 494 854 13 0.0532 385 200 642 444 7 0.0531 360 660 635 901 11 0.0526 693 607 968 841 10 0.0526 620 601 895 839 0 0.0526 240 607 497 861 2 0.0521 565 521 810 763 3 0.0520 577 409 836 655 3 0.0520 438 583 693 840 11 0.0518 447 161 705 382 10 0.0518 382 209 640 445 13 0.0516 316 135 579 379 8 0.0515 319 140 563 376 13 0.0515 629 601 902 839 8 0.0514 567 406 823 642 3 0.0511 320 137 569 386 11 0.0510 226 71 502 307 10 0.0510 354 663 635 894 4 0.0509 564 518 811 760 13 0.0509 316 0 564 236 13 0.0507 328 543 704 731 1 0.0507 323 539 692 731 8 0.0507 314 2 549 232 7 0.0506 570 404 832 648 7 0.0506 242 608 502 857 5 0.0505 351 650 625 893 6 0.0505 240 614 499 854 0 0.0504 357 662 626 896 1 0.0503 559 510 804 762 7 0.0502 320 139 575 382
afD8gK08TVMAQEO2HFvwdlBFAcqUmsle,7 0.0642 188 726 437 966 5 0.0603 184 724 430 964 0 0.0603 187 721 433 970 11 0.0583 184 728 434 965 10 0.0550 182 734 433 966 8 0.0535 189 728 427 967 7 0.0533 239 337 493 566 13 0.0517 190 729 443 969 8 0.0507 236 337 480 566 6 0.0504 187 731 435 969 0 0.0503 240 340 492 566
ts0uBMVX6LOhCr71XWvyDoOGmvdFwXTZ,5 0.0686 356 781 618 1018 0 0.0626 371 727 630 970 13 0.0624 367 785 626 1023 5 0.0611 489 789 746 1011 8 0.0610 365 780 615 1020 7 0.0610 365 783 627 1022 10 0.0594 359 784 622 1023 5 0.0591 304 595 570 826 11 0.0588 406 283 668 504 11 0.0588 510 336 763 561 11 0.0585 371 731 629 965 0 0.0581 310 599 573 836 0 0.0579 581 387 828 628 0 0.0574 510 334 760 565 3 0.0573 365 783 624 1023 8 0.0571 512 331 753 565 0 0.0567 498 739 750 961 7 0.0565 412 277 671 507 8 0.0560 393 340 637 572 11 0.0560 450 388 702 629 8 0.0558 501 791 741 1014 8 0.0558 583 384 817 629 5 0.0550 578 384 820 628 5 0.0550 507 331 753 564 6 0.0549 500 797 755 1012 7 0.0548 500 789 757 1018 2 0.0546 372 731 631 969 6 0.0536 363 785 624 1021 10 0.0534 511 337 759 562 6 0.0531 460 330 707 565 5 0.0530 399 274 661 506 13 0.0528 503 794 756 1012 13 0.0528 458 390 709 635 0 0.0527 388 345 643 572 3 0.0527 396 344 649 578 11 0.0527 493 742 746 953 11 0.0524 306 600 574 826 3 0.0524 500 792 747 1021 3 0.0522 517 335 762 570 11 0.0522 577 385 830 627 10 0.0520 307 600 569 829 1 0.0520 358 776 620 1023 6 0.0519 313 600 575 828 7 0.0514 451 448 702 696 9 0.0512 422 796 685 1019 12 0.0506 364 782 622 1023 3 0.0505 310 600 572 837 13 0.0504 586 391 835 633 3 0.0503 589 388 827 635 10 0.0503 451 388 699 631 13 0.0501 315 601 580 833
GKSs6VFlCBIsYRYSPc0dmk4E5X1wPkMt,5 0.0612 251 268 497 511 3 0.0605 320 288 576 517 13 0.0590 323 283 582 511 0 0.0589 425 6 682 251 8 0.0581 324 287 568 512 11 0.0577 315 342 567 584 7 0.0575 257 273 503 512 11 0.0575 250 276 501 508 8 0.0564 302 21 547 256 3 0.0564 261 208 501 453 7 0.0561 332 219 572 455 6 0.0561 332 224 575 456 11 0.0558 294 18 557 258 6 0.0557 259 275 504 512 0 0.0556 302 16 559 259 8 0.0556 265 208 494 450 13 0.0555 262 202 512 448 5 0.0555 321 215 569 451 11 0.0552 328 226 572 450 6 0.0551 431 282 692 513 6 0.0550 246 17 510 238 8 0.0548 176 26 430 260 8 0.0547 432 281 683 514 5 0.0546 311 334 563 582 8 0.0543 563 511 820 772 8 0.0542 309 411 563 650 5 0.0541 163 21 434 254 6 0.0538 308 75 568 315 3 0.0536 431 283 693 521 7 0.0535 421 342 681 585 0 0.0535 325 143 574 387 13 0.0533 308 75 577 320 11 0.0530 559 512 827 767 5 0.0527 255 127 511 376 13 0.0526 420 344 682 582 8 0.0525 330 145 563 383 8 0.0525 495 348 746 578 0 0.0522 255 271 500 513 6 0.0522 515 223 779 460 5 0.0521 412 0 669 242 11 0.0520 255 135 513 374 5 0.0519 496 283 751 520 0 0.0518 316 337 566 587 6 0.0517 426 6 687 238 0 0.0510 460 134 707 380 5 0.0506 376 138 632 384 11 0.0506 477 402 755 631 3 0.0505 309 412 566 656 8 0.0505 510 220 766 464 3 0.0503 327 144 573 392
VHulnC3nfsWisw53Ggeoq4KFFvkvakAZ,7 0.0672 190 783 435 1023 5 0.0652 186 780 427 1020 11 0.0640 188 785 432 1019 11 0.0636 214 728 586 900 8 0.0620 189 782 429 1023 10 0.0598 187 788 433 1020 7 0.0595 229 726 589 904 13 0.0589 192 787 439 1023 0 0.0573 188 781 430 1023 6 0.0567 190 787 433 1023 2 0.0558 191 787 434 1023 0 0.0554 219 726 585 908 5 0.0545 215 724 578 903 9 0.0539 189 783 432 1022 8 0.0537 223 727 575 904 8 0.0533 186 661 432 890 6 0.0525 225 728 586 904 1 0.0516 186 776 431 1023 10 0.0516 178 670 438 891
oRykNgrl0Ej2by83nIQcyshWObxsSRCB,11 0.0630 432 272 673 499 11 0.0605 319 139 587 363 3 0.0597 316 138 585 371 0 0.0596 433 270 671 503 6 0.0582 435 271 675 503 5 0.0577 311 129 577 361 7 0.0569 317 135 589 365 13 0.0569 258 1 518 200 5 0.0568 302 397 573 650 7 0.0568 438 265 675 501 11 0.0566 312 340 572 568 8 0.0561 319 137 580 363 5 0.0555 430 260 671 498 0 0.0545 316 136 584 366 11 0.0544 439 406 704 648 11 0.0530 248 1 509 198 8 0.0528 256 0 502 199 2 0.0527 248 3 512 200 7 0.0523 317 399 578 654 8 0.0523 115 592 355 819 8 0.0520 317 339 562 573 5 0.0519 235 274 497 510 0 0.0517 311 397 574 655 6 0.0517 322 216 583 437 6 0.0513 319 339 578 571 6 0.0513 256 4 519 200 0 0.0512 252 0 505 199 8 0.0509 252 384 493 636 8 0.0508 251 279 490 511 3 0.0504 317 338 577 577 7 0.0503 252 1 517 200 5 0.0503 108 593 359 814 3 0.0502 437 269 673 506 11 0.0501 246 385 497 634
SVQCoNtEV9phonidLT3LnXg1s3sg1ekB,5 0.0636 246 393 509 629 6 0.0623 251 399 509 632 11 0.0609 217 412 584 595 6 0.0589 259 542 631 734 11 0.0586 245 458 501 695 8 0.0564 252 455 494 699 10 0.0564 247 456 498 699 13 0.0564 253 453 505 700 5 0.0560 240 511 502 762 13 0.0555 317 507 572 765 3 0.0552 249 459 502 703 0 0.0551 251 400 511 636 7 0.0547 253 453 503 700 7 0.0540 318 507 567 763 2 0.0540 252 402 507 630 9 0.0536 250 454 500 696 11 0.0536 311 513 567 758 13 0.0535 226 413 591 601 0 0.0529 315 504 563 763 0 0.0522 379 674 762 866 11 0.0521 373 678 758 862 8 0.0519 226 415 567 595 5 0.0514 370 512 628 765 10 0.0512 219 414 578 597 8 0.0511 318 510 559 761 3 0.0509 224 414 583 602 13 0.0509 371 581 640 826 7 0.0507 227 411 586 596 8 0.0503 371 583 622 823
t3lC2YNCZqGDncqfTgfasMjoZYKot5xC,8 0.0609 514 331 761 565 8 0.0590 510 208 762 448 0 0.0585 513 271 771 510 5 0.0580 574 275 833 517 0 0.0577 635 206 884 436 11 0.0572 636 205 888 427 3 0.0568 518 331 764 572 7 0.0567 439 0 699 197 11 0.0564 579 283 838 512 0 0.0560 575 351 838 585 0 0.0559 502 151 754 377 11 0.0558 434 1 694 194 8 0.0557 579 141 819 375 5 0.0555 436 0 691 195 11 0.0555 578 138 828 369 11 0.0554 455 272 715 504 8 0.0553 643 205 878 433 3 0.0549 586 278 838 524 6 0.0545 586 280 844 517 8 0.0545 583 280 832 518 6 0.0545 438 0 699 197 0 0.0542 439 0 697 202 11 0.0542 514 211 769 440 5 0.0536 576 134 823 372 11 0.0530 300 2 564 196 13 0.0530 585 282 845 520 11 0.0530 637 346 903 572 2 0.0529 571 219 830 443 6 0.0529 643 206 889 430 7 0.0527 520 330 768 564 3 0.0525 442 1 693 204 11 0.0522 255 315 511 557 6 0.0521 310 0 567 196 7 0.0521 305 2 565 197 13 0.0521 441 0 701 198 5 0.0517 304 0 562 193 5 0.0515 634 203 879 432 3 0.0515 517 210 768 454 3 0.0514 644 207 886 441 8 0.0513 644 345 896 577 5 0.0511 637 338 901 576 13 0.0511 309 1 572 196 8 0.0510 444 2 686 195 6 0.0509 583 136 833 373 0 0.0508 306 0 565 196 8 0.0507 308 0 557 196 3 0.0505 584 142 827 381 7 0.0505 581 135 833 371 6 0.0504 457 270 720 504
0U27WMF5eJdZvkpIAECCWeRHz2Qn7310,11 0.0665 415 478 764 659 5 0.0643 273 470 635 654 8 0.0640 286 474 636 656 11 0.0636 243 394 497 629 5 0.0630 298 518 571 772 11 0.0626 310 331 576 562 0 0.0625 248 458 504 708 11 0.0619 303 467 574 706 5 0.0612 248 589 505 838 8 0.0610 304 523 570 773 5 0.0604 423 448 699 703 11 0.0601 243 524 508 774 13 0.0600 310 468 580 707 10 0.0596 181 537 444 773 11 0.0596 694 486 957 732 8 0.0592 419 536 753 720 13 0.0591 250 392 501 632 11 0.0589 188 457 444 701 0 0.0588 373 404 648 644 8 0.0583 562 457 812 701 7 0.0582 345 593 712 782 0 0.0582 304 520 574 776 5 0.0580 240 327 493 562 8 0.0579 252 594 502 842 10 0.0576 302 526 575 769 7 0.0575 252 591 513 842 6 0.0575 244 525 513 774 6 0.0574 312 590 583 838 11 0.0574 367 526 636 779 10 0.0574 245 465 500 704 10 0.0569 423 538 759 721 5 0.0567 558 456 818 699 6 0.0565 250 395 502 632 6 0.0565 194 461 445 702 7 0.0564 287 473 645 658 7 0.0563 247 332 501 564 13 0.0562 549 592 910 797 5 0.0558 236 130 496 373 7 0.0558 497 537 832 731 11 0.0557 235 283 500 500 3 0.0556 245 333 493 569 7 0.0555 456 267 704 492 6 0.0555 304 468 578 705 3 0.0555 308 398 568 646 5 0.0552 179 528 442 770 8 0.0552 251 140 490 374 13 0.0552 372 528 641 779 0 0.0551 625 464 898 714 10 0.0550 251 598 511 836 3 0.0549 381 269 630 499 10 0.0548 178 393 428 623 11 0.0548 308 200 573 427 6 0.0548 432 460 704 703 5 0.0547 483 586 834 785 11 0.0546 240 144 502 371 8 0.0545 245 334 488 565 5 0.0544 364 266 632 490 13 0.0544 197 458 451 707 8 0.0544 380 330 635 562 8 0.0543 181 385 424 626 7 0.0542 187 531 453 774 8 0.0542 300 668 570 906 10 0.0541 563 462 820 699 5 0.0540 170 381 428 619 3 0.0539 426 536 757 726 10 0.0538 309 406 571 640 0 0.0538 190 528 447 778 11 0.0536 370 271 633 492 6 0.0536 244 280 499 504 10 0.0534 248 342 497 565 0 0.0533 181 383 431 626 8 0.0533 381 138 626 359 13 0.0531 496 537 833 727 6 0.0531 565 461 821 700 0 0.0530 513 283 748 502
eOE0xgFn6qX6GlodyJQPtzT0jaf8h1LJ,7 0.0620 237 538 511 768 11 0.0596 238 661 502 887 11 0.0587 232 542 504 765 7 0.0587 188 655 442 883 11 0.0566 358 669 630 896 8 0.0560 188 654 426 886 13 0.0544 240 539 512 770 8 0.0543 236 539 496 765 5 0.0540 231 537 502 764 8 0.0533 436 728 682 963 7 0.0529 372 728 634 967 0 0.0527 234 538 507 770 10 0.0525 234 545 505 767 0 0.0519 240 662 503 891 8 0.0516 361 667 619 898 3 0.0514 244 663 500 894 0 0.0513 361 667 628 900 5 0.0511 359 663 623 894 0 0.0509 432 728 690 969 11 0.0508 429 730 694 962 13 0.0507 370 670 634 900 5 0.0506 429 729 686 959 3 0.0504 235 543 503 772
oZAQb58gPqvnf0iIhAeicMSJb4nAcEA6,8 0.0662 193 787 431 1023 5 0.0633 186 788 431 1020 7 0.0628 190 790 439 1023 11 0.0625 190 789 437 1020 8 0.0624 320 788 562 1023 0 0.0623 189 791 436 1022 5 0.0589 311 790 564 1017 13 0.0583 259 797 511 1023 7 0.0582 316 792 572 1023 11 0.0582 315 795 570 1019 0 0.0560 316 795 569 1023 10 0.0558 189 793 436 1022 6 0.0556 255 797 510 1023 2 0.0554 188 793 437 1023 3 0.0548 260 796 509 1023 1 0.0527 186 785 434 1023 9 0.0514 189 792 437 1021 10 0.0510 316 796 570 1020
SolMIbQtg4iUrr2aP9VU32Bad01ZuHlg,0 0.0660 272 673 622 848 11 0.0660 268 675 624 846 10 0.0643 12 675 380 855 7 0.0625 335 663 695 840 8 0.0624 13 672 373 856 0 0.0621 6 672 386 857 8 0.0620 273 675 615 846 11 0.0607 57 681 440 864 11 0.0600 371 720 636 950 11 0.0599 427 662 704 889 8 0.0599 216 748 557 917 7 0.0587 510 778 769 1011 7 0.0587 259 586 506 831 11 0.0587 208 750 573 916 0 0.0582 216 747 575 920 7 0.0580 378 716 639 955 7 0.0575 68 681 447 865 5 0.0575 315 709 569 947 11 0.0573 309 532 569 769 5 0.0566 4 672 381 855 10 0.0565 269 678 624 846 5 0.0563 312 586 568 830 8 0.0562 432 658 693 892 8 0.0560 376 716 625 953 13 0.0559 320 792 578 1023 7 0.0554 388 523 637 762 3 0.0553 332 663 690 844 5 0.0553 240 658 496 897 11 0.0551 373 458 631 681 0 0.0551 382 525 635 766 0 0.0551 376 717 633 959 13 0.0549 258 710 510 947 8 0.0547 383 526 628 763 6 0.0545 304 659 570 894 11 0.0544 502 785 760 1008 13 0.0541 280 673 630 848 6 0.0539 381 591 642 832 11 0.0536 314 792 574 1019 5 0.0533 427 658 695 892 10 0.0533 309 537 567 769 10 0.0530 183 717 449 939 0 0.0530 555 231 822 457 5 0.0529 498 781 756 1008 6 0.0528 507 785 764 1013 6 0.0527 430 661 705 895 7 0.0526 258 711 510 949 5 0.0525 374 780 626 1015 13 0.0524 15 670 391 855 10 0.0520 437 721 696 952 2 0.0520 271 677 624 848 2 0.0520 17 678 387 859 5 0.0519 239 787 505 1012 11 0.0519 503 608 764 831 8 0.0515 504 779 750 1011 8 0.0513 319 787 566 1020 11 0.0512 437 526 697 747 9 0.0511 240 664 500 895 3 0.0508 508 779 761 1016 0 0.0507 316 212 574 444 7 0.0506 504 659 769 889 3 0.0505 441 719 695 959 7 0.0503 320 790 581 1023 5 0.0503 378 525 631 762 10 0.0502 318 716 576 946 3 0.0501 13 673 384 862
nRKrkLtfyWffljK3Cc8qBCy8ZkbbJbnw,13 0.0644 454 387 713 632 8 0.0640 385 370 637 630 5 0.0627 312 326 579 579 11 0.0620 380 375 644 625 5 0.0620 446 383 704 628 13 0.0619 314 388 579 642 7 0.0618 387 374 645 626 0 0.0613 379 439 654 687 6 0.0611 323 331 583 586 7 0.0609 315 454 595 697 8 0.0604 514 395 761 641 11 0.0602 516 399 765 635 5 0.0600 322 580 592 816 7 0.0598 250 328 510 579 11 0.0594 308 458 590 698 0 0.0593 513 395 766 639 0 0.0588 318 272 577 518 3 0.0588 386 372 641 632 8 0.0588 316 452 578 703 10 0.0585 318 334 575 579 7 0.0583 253 524 515 759 0 0.0582 249 523 512 764 6 0.0582 272 282 645 466 5 0.0579 307 450 581 697 7 0.0571 582 397 828 635 2 0.0567 388 379 641 625 11 0.0567 245 529 516 757 7 0.0566 323 270 577 511 0 0.0566 243 326 511 581 3 0.0564 519 399 765 645 8 0.0563 385 516 636 758 5 0.0561 246 522 505 756 11 0.0560 322 716 579 941 7 0.0560 386 520 654 756 5 0.0559 321 709 578 945 10 0.0558 311 458 588 699 5 0.0557 251 274 632 463 13 0.0557 518 457 774 691 6 0.0555 255 525 517 760 13 0.0542 317 524 601 764 7 0.0541 457 456 722 697 11 0.0540 577 331 833 558 6 0.0539 520 399 769 638 6 0.0538 316 455 592 704 5 0.0535 575 393 823 633 6 0.0535 586 325 834 562 11 0.0532 264 282 638 463 11 0.0530 380 522 648 755 3 0.0529 332 712 582 953 3 0.0529 317 453 589 705 8 0.0528 255 526 504 762 10 0.0526 330 590 596 817 6 0.0525 332 583 605 816 12 0.0524 311 388 573 643 10 0.0523 249 531 512 757 0 0.0522 385 589 651 826 8 0.0522 327 716 570 949 2 0.0521 313 462 586 699 13 0.0519 268 280 649 470 8 0.0514 263 279 628 467 12 0.0512 455 386 712 636 9 0.0510 446 388 709 630 3 0.0506 252 528 515 763 10 0.0505 514 404 770 638 13 0.0502 457 535 707 768 7 0.0500 326 714 584 950
cFmrUR7pc7o3Noy8xiPojjiA64HzyaSv,11 0.0651 377 325 633 552 8 0.0626 380 450 624 696 8 0.0619 377 326 625 555 11 0.0615 473 354 838 528 5 0.0612 474 350 834 532 8 0.0609 251 370 493 611 0 0.0606 382 382 636 621 7 0.0605 451 279 707 511 8 0.0602 480 356 831 530 7 0.0602 386 382 642 622 7 0.0602 488 355 845 532 11 0.0598 379 452 635 698 11 0.0587 303 267 567 502 0 0.0587 317 433 565 674 6 0.0582 449 281 704 511 3 0.0582 383 328 631 561 13 0.0575 383 381 644 623 10 0.0575 313 324 568 545 7 0.0573 314 315 568 548 0 0.0572 479 354 839 531 7 0.0564 385 523 645 772 10 0.0563 248 380 499 609 13 0.0562 482 356 847 531 9 0.0554 315 372 567 601 5 0.0553 380 379 634 623 0 0.0552 376 524 642 771 0 0.0551 380 274 634 505 7 0.0550 249 370 502 613 0 0.0550 247 371 500 616 5 0.0549 246 367 496 612 3 0.0549 485 354 836 534 8 0.0549 309 525 557 761 5 0.0549 313 433 562 673 8 0.0546 306 266 558 503 7 0.0543 319 431 568 673 0 0.0541 248 525 509 771 0 0.0541 448 211 703 441 5 0.0538 373 521 635 771 10 0.0538 384 391 639 622 13 0.0538 251 372 504 613 13 0.0535 316 318 573 549 11 0.0534 294 590 564 835 11 0.0530 378 205 639 435 13 0.0529 380 524 647 769 5 0.0529 442 204 698 437 5 0.0528 311 312 564 548 6 0.0526 458 154 708 388 6 0.0526 313 267 568 501 10 0.0525 475 356 837 531 12 0.0522 446 333 696 566 8 0.0520 241 595 499 826 3 0.0520 383 528 639 776 3 0.0519 307 269 563 508 3 0.0519 383 209 635 444 6 0.0519 380 529 642 769 11 0.0517 246 444 501 681 7 0.0516 239 239 497 490 7 0.0515 240 593 513 832 10 0.0512 445 210 703 439 6 0.0510 239 598 512 830 0 0.0508 184 599 443 820 2 0.0506 481 358 839 530 13 0.0505 304 584 573 834 10 0.0504 376 531 640 771 11 0.0503 448 155 707 380 6 0.0502 320 372 574 608 5 0.0502 240 522 499 762 7 0.0502 386 201 640 439 10 0.0501 318 442 566 672 12 0.0501 320 317 567 553
qzRukR2kUUht875mke15HbSNYjxXSiAt,8 0.0635 504 336 770 580 11 0.0621 433 543 711 778 11 0.0616 361 606 627 841 11 0.0609 233 685 494 910 11 0.0602 469 484 832 661 7 0.0596 429 599 702 843 8 0.0588 427 602 688 839 0 0.0587 437 481 707 721 7 0.0583 513 339 779 581 7 0.0571 419 546 769 728 0 0.0567 425 599 697 845 5 0.0564 503 336 766 581 11 0.0563 445 348 716 577 8 0.0562 436 481 700 717 8 0.0557 350 664 614 895 8 0.0556 337 421 674 601 7 0.0556 445 277 714 511 6 0.0556 432 599 700 842 5 0.0554 431 533 705 779 8 0.0552 240 678 494 911 0 0.0548 345 660 620 899 0 0.0546 505 341 775 585 3 0.0540 442 480 709 722 8 0.0537 315 273 565 505 8 0.0535 437 278 702 511 5 0.0534 466 478 820 662 0 0.0534 236 679 498 918 11 0.0532 419 738 677 970 5 0.0525 234 674 495 910 13 0.0522 506 339 781 578 0 0.0519 314 271 579 512 0 0.0518 337 418 683 601 13 0.0518 354 660 633 899 6 0.0517 355 663 625 896 7 0.0517 353 660 628 897 6 0.0517 440 480 713 717 11 0.0514 369 212 660 440 5 0.0514 339 654 617 895 6 0.0513 510 345 785 585 3 0.0511 429 600 696 848 7 0.0511 424 731 687 973 0 0.0511 418 732 683 973 0 0.0511 437 280 712 511 13 0.0510 428 598 705 844 13 0.0510 300 723 561 964 7 0.0509 244 682 504 912 3 0.0508 514 339 775 588 7 0.0505 342 421 692 601 5 0.0505 437 273 703 509 5 0.0501 415 729 676 971
g2KfDlsFNrW5RXwA0Z60CxMZLuCaWav8,5 0.0648 253 672 621 849 8 0.0643 373 590 621 828 7 0.0638 376 589 630 829 0 0.0633 373 588 630 831 0 0.0608 315 651 568 905 11 0.0605 372 591 627 827 13 0.0586 258 673 639 853 10 0.0581 370 592 627 828 6 0.0571 315 652 567 899 11 0.0567 310 656 565 899 10 0.0564 312 655 564 900 6 0.0550 374 592 629 827 3 0.0548 257 674 631 853 2 0.0526 373 595 628 832 12 0.0522 377 591 628 830 1 0.0517 369 586 626 830 12 0.0515 317 653 566 902 11 0.0512 242 602 500 831 9 0.0509 251 674 623 848 7 0.0508 243 600 503 833 2 0.0505 312 656 564 902 10 0.0504 239 603 498 833
emtdYSPqQR5TTVcrd4Mx4cXUYhdIqNNo,5 0.0555 355 799 601 1011 8 0.0550 136 672 487 840 11 0.0539 125 676 509 838 11 0.0539 197 735 570 907 10 0.0535 64 677 426 839 11 0.0519 376 462 628 694 11 0.0516 359 804 609 1012 13 0.0507 138 674 514 843 11 0.0504 363 588 617 813 11 0.0503 253 783 510 1006
nYGVuWV7Zzw4rQe2Y2MlfEhIvtHLkDbL,8 0.0634 433 267 691 502 8 0.0607 509 152 755 382 8 0.0604 315 280 566 507 5 0.0592 566 94 831 312 5 0.0583 366 266 639 497 3 0.0579 444 12 701 259 5 0.0578 509 150 759 379 5 0.0575 460 0 825 152 3 0.0575 518 91 770 320 7 0.0567 438 265 700 505 10 0.0565 434 166 696 382 13 0.0564 509 23 783 252 0 0.0563 439 267 696 506 13 0.0559 376 270 651 501 8 0.0559 503 22 768 256 5 0.0558 305 335 564 561 6 0.0550 579 96 837 313 13 0.0550 313 341 575 565 7 0.0549 442 16 704 254 7 0.0547 472 0 829 155 3 0.0546 441 267 694 509 6 0.0544 537 1 894 149 11 0.0543 436 270 696 504 10 0.0543 320 421 572 639 7 0.0541 321 415 572 637 5 0.0541 436 328 702 555 0 0.0539 312 278 575 512 11 0.0538 180 654 442 889 11 0.0536 501 25 778 252 11 0.0533 511 157 763 379 8 0.0530 318 416 562 639 8 0.0526 576 95 822 316 11 0.0526 311 283 578 508 11 0.0524 638 30 904 256 6 0.0524 374 272 644 498 13 0.0524 303 213 585 443 6 0.0522 446 336 708 558 3 0.0520 317 284 576 514 3 0.0520 578 21 844 261 6 0.0519 322 420 578 639 10 0.0518 510 95 774 315 6 0.0518 523 156 764 378 10 0.0516 437 275 701 500 13 0.0514 521 157 770 382 6 0.0514 448 16 706 251 10 0.0512 506 4 778 191 2 0.0512 514 161 763 379 13 0.0509 449 336 712 558 7 0.0507 438 161 693 387 5 0.0507 634 28 898 254 5 0.0507 294 207 572 440 0 0.0507 313 418 569 640 6 0.0506 643 33 907 253 0 0.0504 575 102 829 318 3 0.0504 440 157 694 390 3 0.0504 319 418 568 644 7 0.0504 577 95 834 318 0 0.0503 511 155 760 381 11 0.0502 316 418 570 637
38GxW8FRqq7eAYzMcJqswerrCNEu5HEL,11 0.0671 196 672 565 851 0 0.0660 200 671 568 853 5 0.0638 184 710 433 957 8 0.0636 140 675 497 854 7 0.0629 144 676 506 852 8 0.0627 240 790 476 1023 7 0.0625 191 711 441 961 0 0.0625 187 710 442 961 10 0.0614 131 679 501 853 11 0.0613 185 713 439 958 11 0.0612 250 535 504 773 6 0.0609 190 714 444 960 5 0.0605 236 790 478 1021 3 0.0600 142 675 503 856 6 0.0597 242 796 484 1023 5 0.0596 123 581 374 831 11 0.0592 119 649 379 894 5 0.0592 192 669 556 851 7 0.0591 242 790 487 1023 0 0.0587 116 647 379 898 10 0.0587 186 715 439 959 11 0.0586 300 806 535 1018 10 0.0584 190 544 439 770 10 0.0582 309 594 566 832 8 0.0582 310 591 560 833 6 0.0581 202 673 572 852 13 0.0580 243 794 487 1023 8 0.0579 124 704 368 958 0 0.0577 211 540 580 735 3 0.0571 191 711 439 965 0 0.0559 126 528 378 762 11 0.0552 378 410 632 633 7 0.0549 339 669 697 848 13 0.0547 204 670 572 852 13 0.0545 121 645 381 901 13 0.0545 190 710 445 960 2 0.0544 199 604 576 792 6 0.0543 124 651 381 897 2 0.0538 187 662 444 900 3 0.0531 243 791 485 1023 11 0.0530 125 528 377 757 7 0.0526 129 523 381 759 13 0.0526 270 602 645 790 7 0.0525 214 537 583 734 3 0.0522 272 601 636 793 0 0.0522 381 412 634 639 6 0.0521 267 604 643 791 2 0.0516 181 796 432 1023 2 0.0508 250 721 509 966 10 0.0507 238 794 482 1022 12 0.0506 190 710 439 962 10 0.0502 56 534 311 765
t8MeVUYo6uNFv1TYlu0pKM1pKOze7QdH,0 0.0556 3 478 271 736 5 0.0550 294 388 564 622 8 0.0539 305 395 557 622 13 0.0537 303 341 572 571 11 0.0530 362 400 646 617 11 0.0524 295 343 565 568 13 0.0516 240 407 515 642 11 0.0513 305 459 569 700 5 0.0507 226 329 493 559 5 0.0503 420 273 692 514
AkdL7SbkU5GbeX6giPGuLgFS8zI3sCos,11 0.0572 249 325 512 562 5 0.0564 177 382 443 618 5 0.0554 316 0 594 191 0 0.0548 388 732 752 914 0 0.0542 309 675 710 851 5 0.0541 443 0 725 179 11 0.0534 241 0 516 195 11 0.0534 303 675 709 846 11 0.0528 181 385 445 617 8 0.0528 454 0 719 184 13 0.0527 326 0 606 193 11 0.0526 385 733 754 909 13 0.0518 455 0 737 182 0 0.0516 177 387 443 623 11 0.0514 228 795 483 1022 11 0.0513 363 797 632 1013 0 0.0510 251 638 513 895 5 0.0506 310 668 699 850 3 0.0504 334 0 601 200 7 0.0503 401 732 758 912
4aal9qxkBY56EPo5sc7203hUKxYOfI7g,0 0.0544 173 413 439 646 8 0.0541 275 661 629 855 0 0.0520 106 483 387 706 0 0.0502 428 597 691 836
wp2cRpfCwoswKVS9T4quUsubV1eKPZ3a,11 0.0629 580 469 827 695 7 0.0606 186 262 436 508 11 0.0604 182 265 436 506 5 0.0592 577 259 826 495 5 0.0590 179 262 433 507 11 0.0588 574 336 826 559 8 0.0586 455 210 713 436 8 0.0585 579 470 820 702 11 0.0581 245 201 498 440 0 0.0577 181 265 435 508 11 0.0577 526 408 773 627 8 0.0576 180 330 420 570 8 0.0575 576 335 818 567 11 0.0574 454 286 724 498 7 0.0573 526 456 767 692 6 0.0571 586 468 826 703 0 0.0569 241 201 495 441 11 0.0566 382 733 637 963 3 0.0565 183 268 436 513 5 0.0564 382 196 656 425 5 0.0560 302 157 556 379 8 0.0559 124 395 372 639 13 0.0557 184 264 440 512 5 0.0556 449 282 713 494 8 0.0554 513 271 768 504 6 0.0553 249 200 498 441 5 0.0553 193 403 442 639 6 0.0552 186 266 436 510 8 0.0551 385 146 636 371 13 0.0548 583 408 836 629 8 0.0547 247 199 491 442 13 0.0543 590 265 840 493 0 0.0542 581 471 829 700 8 0.0541 525 406 763 636 8 0.0537 385 663 618 891 11 0.0537 193 407 443 638 3 0.0535 247 202 495 448 0 0.0534 514 273 775 503 7 0.0533 522 334 776 565 13 0.0531 243 200 501 444 8 0.0530 453 346 711 572 5 0.0528 575 405 823 630 3 0.0528 587 408 833 638 10 0.0528 454 294 722 498 7 0.0527 457 283 721 500 7 0.0526 248 199 497 445 11 0.0525 386 199 662 422 3 0.0525 519 273 774 512 7 0.0523 392 659 632 888 6 0.0521 76 332 334 576 3 0.0518 461 412 721 652 0 0.0517 195 410 445 640 7 0.0516 378 779 643 1005 5 0.0516 60 269 328 508 10 0.0514 521 462 761 690 6 0.0514 523 342 777 567 3 0.0512 393 197 655 435 13 0.0509 521 337 776 561 11 0.0507 433 14 690 251 5 0.0507 375 76 635 316 10 0.0505 239 156 489 384 13 0.0505 525 458 770 689 10 0.0504 121 403 378 639 0 0.0504 454 350 719 570 0 0.0503 66 275 333 508 10 0.0502 177 337 426 570 13 0.0502 579 16 835 250 11 0.0502 59 272 335 503 2 0.0502 524 467 765 695 0 0.0501 577 336 825 566 9 0.0501 179 331 426 566
k7i2x72uRhWn57N9SswXgbzgWXEnQAgS,0 0.0630 321 144 572 389 5 0.0630 241 582 504 828 11 0.0624 105 576 384 823 8 0.0622 203 104 561 283 11 0.0620 322 146 575 386 11 0.0610 246 532 507 764 5 0.0607 320 138 569 385 0 0.0602 309 9 571 253 0 0.0600 316 447 577 695 8 0.0600 111 572 377 828 0 0.0599 441 272 686 508 8 0.0595 384 202 627 445 0 0.0591 314 268 563 502 8 0.0591 374 334 620 562 0 0.0584 247 75 510 322 11 0.0581 244 78 508 321 5 0.0580 238 77 503 318 11 0.0576 314 453 580 687 5 0.0575 105 573 380 826 5 0.0574 450 446 709 693 0 0.0573 372 339 624 561 6 0.0572 4 529 266 783 5 0.0572 434 640 703 890 5 0.0572 310 261 559 498 0 0.0571 375 585 638 830 3 0.0571 329 142 574 392 5 0.0570 492 204 747 441 0 0.0569 250 531 508 773 5 0.0568 298 10 563 247 11 0.0567 395 88 653 320 0 0.0565 395 85 651 325 8 0.0565 397 84 646 323 13 0.0563 327 662 721 844 13 0.0562 262 134 519 392 5 0.0562 184 519 439 759 10 0.0560 377 274 627 501 5 0.0560 0 527 258 785 11 0.0559 440 271 693 505 2 0.0559 377 276 622 501 11 0.0559 126 462 394 707 5 0.0559 370 331 621 557 5 0.0557 565 447 814 698 8 0.0554 0 531 256 787 7 0.0553 457 585 713 835 3 0.0553 455 143 703 386 11 0.0553 371 335 631 560 10 0.0553 324 146 576 386 8 0.0553 444 265 687 505 8 0.0552 388 456 644 705 6 0.0547 313 588 571 828 7 0.0547 256 534 510 769 7 0.0546 205 399 454 641 11 0.0546 316 663 707 841 11 0.0546 0 532 268 780 11 0.0545 198 401 452 637 0 0.0544 570 526 823 771 0 0.0544 113 579 382 829 13 0.0543 1 532 272 788 3 0.0542 113 578 383 840 13 0.0541 202 101 589 287 5 0.0541 246 453 499 692 8 0.0541 326 660 696 842 6 0.0541 325 202 572 453 0 0.0541 210 324 455 565 11 0.0539 385 525 648 764 11 0.0538 313 267 569 499 7 0.0538 320 326 570 560 8 0.0537 317 266 558 503 7 0.0537 324 203 571 449 5 0.0533 308 521 567 756 13 0.0532 380 270 628 502 6 0.0532 323 76 583 318 5 0.0531 389 79 648 320 6 0.0531 575 523 827 770 0 0.0530 0 533 263 786 10 0.0530 261 202 510 448 0 0.0530 455 452 718 700
gNIMVhzanjGah5fYWD263B7DMuRC9yfJ,11 0.0632 263 664 620 841 11 0.0584 318 531 576 766 11 0.0576 189 596 446 838 7 0.0560 277 662 621 841 5 0.0547 263 659 610 840 8 0.0545 242 661 493 905 6 0.0538 248 665 500 905 0 0.0529 244 657 497 911 7 0.0522 324 531 579 766 8 0.0509 258 540 504 767 10 0.0506 245 663 496 902
evpiaTUqgi1UhzOKnP7nMO0Qo4EZRERK,5 0.0592 570 456 853 694 11 0.0569 179 795 443 1014 8 0.0564 193 220 435 454 8 0.0550 510 342 747 575 11 0.0544 578 534 853 764 11 0.0544 512 346 755 576 3 0.0542 264 221 509 453 8 0.0539 125 280 360 515 6 0.0538 763 216 1013 453 5 0.0538 630 545 901 773 8 0.0535 573 404 842 644 0 0.0532 575 409 850 646 8 0.0528 120 786 367 1010 11 0.0528 753 220 1008 451 7 0.0526 517 343 761 572 8 0.0525 583 528 845 769 0 0.0523 512 344 752 576 0 0.0517 262 219 509 451 7 0.0514 264 216 514 451 11 0.0514 259 223 509 448 5 0.0513 508 337 752 572 11 0.0512 575 408 850 642 2 0.0511 574 410 847 646 2 0.0510 756 222 1012 454 7 0.0508 122 783 380 1011 7 0.0504 496 482 845 651 10 0.0504 514 347 758 578 10 0.0504 583 538 854 768 6 0.0500 123 784 378 1012 0 0.0500 558 546 885 722
n7HAgbxEda5UvLd7LLd7iG1Qd5hUiI7X,11 0.0604 315 596 577 836 5 0.0594 513 395 773 636 11 0.0591 516 401 779 637 5 0.0587 637 467 900 692 0 0.0581 384 474 643 718 8 0.0580 438 670 696 896 8 0.0579 311 599 565 833 0 0.0575 388 595 650 825 11 0.0570 382 474 643 713 7 0.0570 464 330 718 573 0 0.0564 513 338 770 578 7 0.0564 315 336 575 578 11 0.0563 304 401 568 641 11 0.0563 446 606 703 830 8 0.0563 519 455 771 704 0 0.0561 518 460 779 704 8 0.0561 306 403 558 645 11 0.0560 460 334 714 571 6 0.0560 261 274 508 514 5 0.0559 300 396 564 643 0 0.0557 312 335 569 578 8 0.0556 581 404 831 637 8 0.0553 174 410 431 652 8 0.0551 513 335 767 575 5 0.0549 393 267 650 502 2 0.0545 519 408 779 639 5 0.0544 244 335 494 573 3 0.0543 457 391 708 634 2 0.0542 463 338 714 573 8 0.0542 385 472 636 713 5 0.0539 439 664 700 900 6 0.0537 241 404 501 649 8 0.0536 249 338 489 580 7 0.0536 382 653 639 887 11 0.0535 395 268 656 504 5 0.0533 377 468 640 713 7 0.0532 455 454 714 694 8 0.0532 635 341 898 577 0 0.0529 239 402 498 653 6 0.0529 574 341 839 567 5 0.0528 455 326 708 571 6 0.0527 319 336 577 577 7 0.0527 239 402 498 650 11 0.0525 171 412 436 652 3 0.0524 239 409 494 660 11 0.0524 246 338 498 577 5 0.0523 167 407 435 648 6 0.0523 304 470 580 712 0 0.0521 439 670 707 897 13 0.0521 586 406 844 636 13 0.0520 314 340 575 578 13 0.0520 456 460 715 691 10 0.0519 311 342 570 574 8 0.0519 501 726 755 955 0 0.0519 631 344 905 576 7 0.0517 402 272 657 509 10 0.0517 461 336 714 573 3 0.0517 401 272 653 517 5 0.0515 563 266 825 489 7 0.0513 305 470 576 713 7 0.0513 261 270 505 513 0 0.0512 256 273 502 514 9 0.0512 455 334 714 569 6 0.0512 466 332 720 575 10 0.0510 236 411 496 647 8 0.0506 257 74 483 327 8 0.0505 646 473 896 696 7 0.0504 525 399 781 638 13 0.0504 322 652 589 895 11 0.0503 642 404 916 633 6 0.0503 391 595 655 825 5 0.0503 248 201 497 434 8 0.0502 318 269 560 502 13 0.0500 517 336 779 574
aYUDN3rhmpEGGRi0ZhLTxkTU2J6fUTPK,7 0.0555 188 800 434 1023 5 0.0543 181 795 429 1021 11 0.0537 182 802 431 1020 8 0.0526 186 799 425 1022 0 0.0510 186 800 433 1023 10 0.0507 184 805 434 1019
r0j1HBlNsRGfaeKV7hMkXbYI6WjmkDr7,5 0.0615 249 780 496 1020 8 0.0606 254 779 492 1021 11 0.0591 116 787 367 1019 8 0.0585 122 785 360 1022 11 0.0585 250 784 499 1020 7 0.0584 254 782 500 1021 0 0.0576 253 779 499 1023 10 0.0574 250 784 500 1022 10 0.0568 115 789 368 1021 7 0.0564 123 783 371 1023 13 0.0553 256 785 508 1023 5 0.0547 115 782 362 1023 0 0.0543 120 784 367 1021 6 0.0539 254 787 503 1023 13 0.0534 119 790 376 1023 2 0.0506 255 788 498 1023
ZIjK4xhKEEQTgLbS7CEGSfV0ahFy9dvb,0 0.0617 110 670 382 901 0 0.0608 0 659 228 899 5 0.0604 307 140 569 374 5 0.0599 0 655 227 892 6 0.0588 111 667 388 894 5 0.0581 175 330 440 577 7 0.0581 107 668 389 898 6 0.0579 2 659 233 892 8 0.0577 112 670 380 898 0 0.0570 182 334 440 575 0 0.0570 315 84 571 323 11 0.0566 0 665 229 891 3 0.0561 262 329 518 584 11 0.0561 251 589 510 832 5 0.0557 102 664 376 893 0 0.0556 372 194 638 434 8 0.0555 0 660 226 894 6 0.0553 265 330 520 576 8 0.0545 371 195 628 432 13 0.0544 0 664 237 896 6 0.0539 315 144 577 376 0 0.0531 233 149 502 382 0 0.0531 248 584 507 835 11 0.0529 177 339 444 573 11 0.0528 105 671 381 893 13 0.0527 263 331 521 582 2 0.0525 257 334 514 581 13 0.0525 314 144 582 378 6 0.0524 252 586 515 831 11 0.0521 364 196 639 430 5 0.0516 436 141 698 380 6 0.0513 446 200 708 439 5 0.0510 254 392 513 637 2 0.0510 372 200 636 432 5 0.0510 242 582 499 828 13 0.0507 108 669 391 900 3 0.0507 5 660 230 900 13 0.0507 252 586 516 837 10 0.0506 0 664 233 896 11 0.0505 165 213 429 448 0 0.0504 166 215 429 452 7 0.0502 1 662 236 898 7 0.0502 248 588 510 833 10 0.0501 104 674 384 893 8 0.0501 263 330 505 580
AAj1EvpYtWGzJx4JhpZta2zO6uBEwqHQ,0 0.0599 378 596 632 837 11 0.0591 373 673 633 907 11 0.0578 303 589 568 823 5 0.0578 376 591 626 830 7 0.0572 382 523 629 755 11 0.0558 380 524 627 753 8 0.0550 372 670 626 908 5 0.0548 500 728 745 977 7 0.0547 507 732 758 979 0 0.0540 380 453 631 688 7 0.0539 381 389 637 624 11 0.0539 501 735 752 973 11 0.0538 307 406 568 639 7 0.0537 380 669 638 913 11 0.0533 437 594 685 819 6 0.0530 377 674 637 910 8 0.0527 303 588 560 825 0 0.0526 309 533 565 770 7 0.0526 311 587 574 825 7 0.0524 445 591 689 823 6 0.0522 507 736 756 979 11 0.0521 234 658 495 905 11 0.0514 376 339 632 566 5 0.0514 303 528 563 765 0 0.0513 311 656 576 909 5 0.0512 307 652 569 900 13 0.0508 509 739 760 980 7 0.0508 314 457 570 686 0 0.0506 502 733 750 980
v02D9Y2VJBhHaDVrw4ec4h66stuW8222,7 0.0611 311 595 569 822 0 0.0606 305 596 567 830 8 0.0587 311 598 556 823 11 0.0586 389 669 754 854 0 0.0581 380 669 754 856 0 0.0580 178 601 429 840 8 0.0560 387 667 743 853 7 0.0557 394 667 758 853 11 0.0556 307 598 566 823 5 0.0553 307 591 559 825 11 0.0548 175 612 433 834 8 0.0541 178 606 424 833 5 0.0538 382 664 744 854 6 0.0536 332 667 705 841 7 0.0527 178 605 434 834 10 0.0526 303 600 567 823 5 0.0525 173 601 427 830 6 0.0520 177 605 434 832 11 0.0517 561 548 827 779 3 0.0516 330 665 697 847 13 0.0513 332 667 709 844 10 0.0510 388 668 757 854
4HtSpuSeEKSyEr0jatw0oIj1rAV95P7y,0 0.0583 561 675 825 906 11 0.0578 565 680 822 899 7 0.0570 572 676 827 898 0 0.0556 626 532 872 762 8 0.0548 566 675 817 902 5 0.0544 563 671 820 898 8 0.0526 453 446 692 684 10 0.0520 567 680 823 900 13 0.0518 571 676 831 907 11 0.0518 185 802 433 1019 11 0.0508 447 453 697 682 7 0.0507 580 466 828 697 8 0.0506 577 463 817 698
gwBAiWOYzEiAm3VVeQsdblHz6YrZAmO4,11 0.0638 336 420 706 601 8 0.0627 261 423 626 601 0 0.0622 377 275 627 516 7 0.0616 349 421 715 604 8 0.0612 378 277 622 514 11 0.0611 258 412 505 661 10 0.0610 324 339 575 587 6 0.0607 325 335 575 589 7 0.0605 414 484 783 666 0 0.0600 338 420 712 603 5 0.0597 319 336 572 587 11 0.0588 405 553 767 729 13 0.0588 328 339 577 589 13 0.0587 418 551 774 730 3 0.0587 328 338 573 592 8 0.0587 346 484 709 664 8 0.0585 256 461 498 726 8 0.0582 419 550 764 730 5 0.0580 334 479 708 663 3 0.0580 353 481 710 667 11 0.0580 375 277 628 513 2 0.0578 341 424 707 602 6 0.0576 259 408 510 661 13 0.0574 382 278 631 516 5 0.0570 409 545 764 729 7 0.0569 382 279 633 514 7 0.0569 261 407 507 660 3 0.0568 424 549 770 732 5 0.0567 252 458 504 722 10 0.0567 343 483 715 664 0 0.0564 562 155 824 374 0 0.0562 256 409 505 665 0 0.0559 409 551 767 732 0 0.0558 250 273 497 516 10 0.0557 413 551 774 731 8 0.0555 253 277 488 515 13 0.0555 255 277 504 518 6 0.0554 408 483 778 665 3 0.0549 257 465 502 729 3 0.0549 383 278 631 522 11 0.0548 248 278 497 512 13 0.0544 258 460 511 728 6 0.0541 252 278 500 515 2 0.0540 378 278 625 516 9 0.0538 406 484 775 660 8 0.0532 568 154 817 372 7 0.0532 256 272 504 511 2 0.0529 416 553 764 729 1 0.0528 255 421 630 603 9 0.0526 376 277 629 509 9 0.0524 255 422 627 599 3 0.0524 570 158 823 379 5 0.0524 561 150 821 369 5 0.0523 244 269 496 511 12 0.0522 262 422 636 602 4 0.0520 377 278 631 512 11 0.0518 115 423 366 657 11 0.0516 565 156 827 373 11 0.0515 703 399 947 618 1 0.0513 402 482 777 666 6 0.0513 572 155 833 369 0 0.0512 115 418 364 659 0 0.0509 264 125 518 377 7 0.0508 122 417 366 661 2 0.0505 256 467 509 724 3 0.0501 253 280 500 520
NdneqTLPAavbuQSV3nsuPieAv2qzrI2C,5 0.0603 0 665 240 905 5 0.0602 114 0 379 229 11 0.0599 765 517 1023 766 6 0.0597 3 675 250 906 0 0.0584 764 518 1020 775 13 0.0574 59 4 327 221 8 0.0574 765 514 1020 771 8 0.0561 1 8 193 267 0 0.0557 116 3 391 234 8 0.0551 4 667 239 904 6 0.0545 123 1 397 229 0 0.0533 1 670 242 910 6 0.0532 765 513 1023 768 7 0.0532 770 511 1023 770 10 0.0528 119 4 392 223 0 0.0526 0 16 203 274 5 0.0525 760 512 1022 768 8 0.0524 54 0 309 221 3 0.0519 771 519 1023 777 13 0.0516 7 20 212 268 5 0.0515 0 11 196 262 2 0.0512 766 522 1023 771 5 0.0510 506 386 763 607 11 0.0509 1 675 241 906 11 0.0508 118 5 386 227 3 0.0507 10 674 242 914 7 0.0505 55 1 318 221 7 0.0503 4 668 247 910
Dx5GcxMxBLZkHiVp5eZQRNedQdqBbDfj,0 0.0617 187 34 587 219 11 0.0575 455 53 710 283 5 0.0567 133 0 511 155 11 0.0562 134 0 518 153 0 0.0561 573 219 832 454 0 0.0560 521 871 900 1023 11 0.0553 628 158 890 395 13 0.0549 449 0 718 226 6 0.0546 125 466 399 710 0 0.0543 435 122 694 351 0 0.0540 576 2 823 206 8 0.0538 210 94 577 286 11 0.0534 518 873 895 1021 6 0.0533 458 51 714 281 11 0.0532 572 0 824 203 8 0.0532 138 0 506 156 13 0.0526 322 0 584 245 0 0.0524 383 0 650 231 3 0.0523 645 88 889 327 5 0.0523 381 0 650 225 8 0.0522 433 124 685 354 11 0.0521 257 77 514 313 7 0.0521 384 125 650 363 6 0.0520 333 50 596 300 11 0.0518 115 471 397 704 0 0.0516 263 135 515 381 13 0.0516 589 76 842 305 3 0.0515 391 0 650 236 8 0.0512 120 465 385 710 13 0.0512 144 1 525 157 13 0.0512 384 123 654 362 7 0.0508 457 57 713 285 6 0.0507 143 0 523 154 3 0.0505 461 55 711 290 3 0.0504 574 152 835 395 8 0.0502 523 873 886 1022 8 0.0502 269 31 653 218 5 0.0500 513 868 896 1021
EuON3YMSH6H2oRHWWiDQUuFDgCeKtE0D,5 0.0523 306 142 573 372 6 0.0508 317 147 576 377 8 0.0504 284 150 620 339
dCBrXfR7x7WY0DCid7YAQlUvIHY8sCeo,11 0.0605 626 795 878 1019 5 0.0604 625 790 876 1020 7 0.0593 556 780 827 1023 8 0.0581 627 792 873 1023 8 0.0573 488 778 741 1021 11 0.0572 743 3 1014 189 11 0.0571 485 779 745 1019 0 0.0569 626 793 879 1023 7 0.0561 245 789 500 1023 5 0.0558 550 737 811 971 3 0.0553 450 5 704 259 0 0.0551 643 595 884 839 5 0.0550 752 795 1006 1019 8 0.0540 445 7 695 251 0 0.0540 0 543 240 780 0 0.0536 745 5 1012 193 11 0.0536 373 5 636 251 8 0.0530 244 786 486 1023 8 0.0529 745 0 1008 190 3 0.0527 565 0 816 209 5 0.0526 439 4 698 247 11 0.0525 0 543 244 774 0 0.0522 483 778 752 1023 10 0.0521 744 1 1013 189 13 0.0521 653 530 900 788 3 0.0519 559 743 813 980 13 0.0519 632 795 887 1023 5 0.0518 741 0 1011 192 6 0.0517 556 783 819 1021 6 0.0513 751 0 1017 190 8 0.0511 4 538 233 777 11 0.0510 559 0 820 202 13 0.0509 455 133 716 364 5 0.0507 0 538 234 773 5 0.0507 619 0 880 202 9 0.0507 551 782 821 1014 8 0.0507 310 0 554 200 6 0.0506 8 540 247 776 6 0.0505 450 7 709 247 13 0.0504 451 11 708 252 8 0.0503 558 0 807 203 10 0.0503 553 744 813 975 7 0.0503 377 735 625 975 0 0.0503 764 800 1009 1023 6 0.0500 313 0 565 197 8 0.0500 764 796 1007 1023
Br9LgbrtNGUCP28sNeenznC86ESK6LMk,0 0.0619 250 215 516 443 11 0.0614 177 780 431 1013 10 0.0587 115 780 370 1020 6 0.0584 123 776 373 1021 7 0.0583 120 774 376 1022 8 0.0582 185 775 425 1020 11 0.0580 304 785 555 1018 0 0.0578 178 280 447 517 11 0.0575 250 215 515 441 8 0.0575 181 147 441 380 8 0.0572 258 270 497 508 8 0.0569 195 403 434 644 5 0.0566 180 339 444 583 13 0.0559 188 775 440 1021 0 0.0557 172 150 450 384 5 0.0553 174 144 445 379 5 0.0551 186 708 435 953 7 0.0549 255 209 519 443 11 0.0548 180 350 447 580 13 0.0543 254 273 519 515 5 0.0540 114 773 366 1015 8 0.0539 112 220 382 457 7 0.0537 195 404 449 643 7 0.0535 193 712 442 958 3 0.0534 180 149 450 387 13 0.0531 186 347 456 589 13 0.0528 173 208 454 443 6 0.0528 191 711 439 957 8 0.0522 311 785 548 1023 5 0.0521 248 269 506 508 11 0.0519 193 470 446 702 0 0.0519 193 406 443 644 3 0.0518 183 779 432 1023 3 0.0515 256 210 516 446 5 0.0513 249 585 501 821 11 0.0512 104 226 393 454 13 0.0511 200 467 450 706 11 0.0511 519 140 774 378 11 0.0511 249 590 502 819 0 0.0509 523 137 771 378 7 0.0506 376 782 629 1023 11 0.0506 174 150 447 380 5 0.0505 300 782 555 1018
N3iLQu6Ee25Ry7oL7WN11UahsYoAt1wG,0 0.0648 502 407 762 644 11 0.0611 501 408 764 639 8 0.0604 503 474 764 714 7 0.0585 507 402 768 641 8 0.0582 437 397 693 646 11 0.0581 576 474 841 706 13 0.0571 506 472 774 715 0 0.0566 507 537 776 778 13 0.0563 439 397 707 646 6 0.0562 463 479 819 656 11 0.0558 505 541 774 771 5 0.0552 499 399 758 642 6 0.0550 507 537 779 775 10 0.0549 434 401 698 644 0 0.0544 581 475 842 712 5 0.0543 502 534 770 772 7 0.0543 511 537 780 777 2 0.0540 504 478 769 712 10 0.0535 501 478 768 713 13 0.0534 589 544 850 776 3 0.0533 506 406 763 646 8 0.0533 495 210 744 445 8 0.0531 590 547 836 776 7 0.0529 505 212 758 446 5 0.0528 572 469 835 707 7 0.0526 573 278 848 507 11 0.0526 370 333 634 565 8 0.0514 565 281 828 507 0 0.0513 371 329 629 574 0 0.0513 568 278 840 514 11 0.0512 241 1 514 199 11 0.0512 243 338 505 560 5 0.0507 497 207 748 443 13 0.0505 375 330 637 570 11 0.0504 563 281 840 509 0 0.0502 502 153 758 385 11 0.0501 494 212 756 446 3 0.0501 584 473 838 717
ZHmrsrkC4DknwW0ldDcv5zO7mNaHWviV,8 0.0639 444 196 697 444 11 0.0622 569 517 828 757 7 0.0609 320 133 579 377 0 0.0607 442 197 704 445 10 0.0607 373 261 640 511 8 0.0601 443 331 698 585 11 0.0596 438 394 706 649 0 0.0596 314 197 579 447 5 0.0594 309 132 574 372 11 0.0594 439 197 706 443 6 0.0593 332 291 691 472 8 0.0592 574 519 821 758 8 0.0591 382 133 631 380 5 0.0591 442 264 699 518 5 0.0590 377 196 636 450 11 0.0586 380 136 637 379 10 0.0582 381 136 638 379 7 0.0577 318 258 577 510 6 0.0575 444 330 708 583 6 0.0575 262 262 512 498 3 0.0574 384 202 640 457 2 0.0574 445 335 703 583 0 0.0572 443 332 703 585 13 0.0572 446 269 706 521 11 0.0569 373 260 640 510 0 0.0568 381 134 636 384 11 0.0567 307 330 573 576 10 0.0565 441 334 704 586 10 0.0565 306 332 567 576 3 0.0564 447 268 703 526 10 0.0562 443 197 705 444 8 0.0559 316 329 565 577 6 0.0558 383 133 638 382 7 0.0557 447 194 706 450 0 0.0557 310 330 571 580 10 0.0556 253 268 507 502 12 0.0556 384 202 639 452 5 0.0554 307 0 584 200 8 0.0553 316 196 575 445 7 0.0552 311 0 590 203 13 0.0550 384 201 643 454 5 0.0550 435 394 703 647 11 0.0549 308 1 593 201 11 0.0547 255 398 497 633 6 0.0547 312 328 576 576 7 0.0545 445 328 705 588 2 0.0542 381 204 638 450 7 0.0541 262 396 495 635 11 0.0541 567 271 837 502 3 0.0540 318 264 577 515 3 0.0540 311 3 586 210 13 0.0539 319 133 584 379 0 0.0539 256 397 493 640 7 0.0539 570 518 833 761 9 0.0538 380 136 637 374 11 0.0537 504 140 774 371 8 0.0536 315 1 580 199 5 0.0536 250 392 493 638 3 0.0535 451 132 706 376 8 0.0532 258 395 486 638 8 0.0532 509 142 762 372 6 0.0532 578 518 833 757 7 0.0531 203 269 448 512 0 0.0531 370 405 638 652 5 0.0530 505 459 764 704 0 0.0530 311 0 587 203 9 0.0529 442 334 706 582 3 0.0529 320 137 578 384 5 0.0528 620 446 889 698 5 0.0525 438 127 698 370 3 0.0524 518 212 772 452 10 0.0523 624 456 891 698 10 0.0523 510 144 768 369 11 0.0522 311 474 574 711 9 0.0522 376 262 643 506
11KKhKbHF9KZ96ARotfLqItPuUuPF2uE,0 0.0662 189 10 433 251 11 0.0653 185 11 434 249 8 0.0639 252 13 497 272 8 0.0638 192 134 448 380 6 0.0636 191 13 434 250 8 0.0636 143 451 385 710 5 0.0635 247 13 499 267 3 0.0631 255 15 502 274 11 0.0627 181 134 458 376 0 0.0626 192 202 446 440 11 0.0621 309 522 570 770 0 0.0615 193 321 458 582 10 0.0607 436 6 699 191 8 0.0606 325 321 575 569 11 0.0605 323 394 583 638 11 0.0601 244 59 511 315 11 0.0596 141 458 393 708 0 0.0594 327 327 588 569 13 0.0593 195 320 465 581 11 0.0592 247 451 507 706 3 0.0590 327 328 588 576 5 0.0590 183 261 465 508 5 0.0589 243 129 519 377 8 0.0587 253 451 499 714 8 0.0586 194 321 449 578 11 0.0586 316 139 586 383 7 0.0585 252 59 511 318 11 0.0584 192 325 458 576 11 0.0581 435 2 701 192 3 0.0579 256 131 520 387 0 0.0578 377 402 629 654 7 0.0577 378 403 633 650 8 0.0576 130 197 391 452 7 0.0576 193 202 453 441 13 0.0576 254 134 523 380 0 0.0575 249 57 511 319 3 0.0574 436 1 700 200 6 0.0574 253 57 516 315 7 0.0574 256 255 530 501 6 0.0573 331 260 590 491 8 0.0572 435 0 694 195 2 0.0571 254 23 502 270 8 0.0569 376 399 622 650 7 0.0569 194 10 434 250 11 0.0569 322 258 590 501 8 0.0568 252 252 520 500 0 0.0567 436 2 694 194 7 0.0565 196 321 461 577 7 0.0564 326 326 590 572 6 0.0562 433 68 704 306 5 0.0560 370 397 627 645 5 0.0560 182 379 450 641 13 0.0560 193 204 453 443 3 0.0560 193 321 459 587 0 0.0558 196 452 444 709 13 0.0558 257 254 536 503 6 0.0556 258 328 534 573 3 0.0554 380 403 631 655 6 0.0553 254 446 512 713 5 0.0553 321 323 585 565 8 0.0551 319 522 562 773 11 0.0550 424 71 699 307 9 0.0550 428 0 701 187 6 0.0549 194 131 457 377 11 0.0549 123 202 402 450 7 0.0548 439 0 701 193 10 0.0544 326 399 585 635 5 0.0544 430 0 692 192 13 0.0544 330 327 594 569 0 0.0543 314 139 582 379 6 0.0543 133 200 406 452 3 0.0543 196 453 444 713 6 0.0543 327 394 589 633 13 0.0541 198 454 447 709 12 0.0540 255 13 499 270 6 0.0538 261 202 529 430 0 0.0537 424 73 695 311 8 0.0535 320 139 573 380 3 0.0534 195 202 451 450 10 0.0532 427 80 700 308 13 0.0532 189 12 440 252 10 0.0530 187 17 432 248 11 0.0529 237 595 497 830 3 0.0528 326 197 588 438 3 0.0526 388 135 651 378 7 0.0523 200 450 444 706
gtCBLKcDVLrViKAFlcJcBvhjB8OLCPWH,11 0.0635 306 338 570 572 8 0.0631 178 391 430 633 8 0.0623 390 271 642 502 7 0.0614 190 337 443 580 8 0.0612 315 338 566 575 7 0.0612 307 338 576 578 0 0.0609 188 277 445 521 11 0.0606 184 345 444 577 0 0.0595 176 393 441 638 5 0.0594 377 347 641 559 3 0.0585 316 339 575 578 5 0.0583 242 457 506 701 5 0.0581 238 332 510 572 0 0.0578 309 339 572 578 11 0.0569 391 277 648 499 7 0.0565 184 521 448 768 10 0.0563 310 280 584 503 0 0.0562 181 518 445 771 8 0.0559 249 461 499 699 13 0.0559 314 340 576 576 7 0.0558 387 390 658 624 3 0.0557 190 341 439 586 11 0.0556 247 535 512 765 11 0.0555 391 391 647 619 11 0.0554 185 458 450 694 13 0.0554 252 534 515 769 6 0.0553 388 352 649 566 7 0.0553 248 264 522 508 3 0.0553 249 265 515 512 8 0.0551 195 273 437 518 0 0.0549 247 458 512 707 11 0.0548 243 270 518 506 6 0.0541 250 267 518 505 10 0.0539 244 343 512 575 5 0.0538 172 383 433 634 3 0.0538 398 393 653 628 5 0.0537 178 513 435 764 13 0.0537 252 267 522 509 7 0.0533 392 275 660 504 0 0.0532 390 279 653 502 13 0.0531 194 340 446 583 8 0.0529 390 391 646 620 8 0.0526 181 520 435 765 3 0.0521 395 276 649 505 6 0.0518 124 280 392 523 5 0.0517 240 600 503 831 6 0.0517 120 403 394 637 11 0.0517 189 206 456 427 13 0.0516 191 453 452 698 0 0.0514 245 603 508 838 6 0.0513 183 521 448 764 10 0.0512 248 469 512 701 6 0.0512 243 387 514 633 8 0.0511 248 605 501 835 5 0.0510 305 266 574 499 9 0.0509 186 454 441 685 10 0.0505 381 356 650 563 3 0.0502 250 533 504 774 1 0.0501 306 330 571 575 6 0.0501 252 607 509 830
5NlljxhRDDjcUXty475ggyIoC1XvvhYs,11 0.0606 388 452 653 690 5 0.0580 485 782 732 1018 13 0.0577 389 454 654 693 11 0.0577 432 795 683 1020 0 0.0576 489 783 739 1023 13 0.0575 438 795 688 1023 7 0.0572 436 791 688 1023 8 0.0565 501 733 743 973 8 0.0557 435 790 675 1022 0 0.0554 494 680 752 900 3 0.0552 435 793 685 1023 6 0.0546 379 535 641 762 6 0.0544 437 794 686 1021 10 0.0536 433 794 684 1022 8 0.0533 369 537 629 766 7 0.0524 394 450 655 694 5 0.0519 369 531 633 760 0 0.0517 391 453 649 693 11 0.0515 498 737 753 970 3 0.0513 382 399 641 637 10 0.0507 371 537 635 764 8 0.0507 370 0 617 203 7 0.0503 505 729 762 975
kYsELQWs6RsFv42odiwtGFTfFOKWbCsQ,11 0.0558 495 460 752 692 7 0.0541 431 415 767 598 3 0.0538 430 417 758 600 8 0.0537 508 390 755 627 7 0.0535 387 339 644 569 13 0.0534 514 389 770 626 11 0.0529 237 274 506 508 5 0.0528 377 331 640 569 8 0.0524 388 338 636 569 11 0.0518 378 345 642 568 5 0.0509 507 383 759 627 6 0.0507 511 393 762 629 5 0.0504 238 263 498 503 10 0.0502 509 395 762 627 10 0.0500 384 351 643 570
RYZbRarJxZGzkqKgHmxprpJo1bdmjxcV,8 0.0665 329 870 689 1023 5 0.0647 317 869 689 1021 0 0.0640 325 871 695 1023 7 0.0629 330 870 701 1023 11 0.0624 324 872 692 1021 0 0.0612 512 353 759 576 0 0.0599 446 268 698 498 10 0.0595 325 873 694 1023 11 0.0585 510 350 758 568 3 0.0577 332 873 694 1023 6 0.0571 330 875 697 1023 13 0.0569 331 875 701 1023 5 0.0568 569 259 824 492 0 0.0551 504 215 762 433 1 0.0551 324 867 693 1023 5 0.0547 508 349 749 568 5 0.0542 438 265 689 493 11 0.0536 444 266 700 490 9 0.0534 325 873 694 1021 8 0.0532 454 322 701 562 11 0.0531 574 262 833 486 7 0.0530 333 394 593 630 7 0.0528 451 262 704 496 3 0.0528 516 285 756 510 11 0.0527 262 471 523 699 11 0.0524 326 394 589 626 12 0.0523 332 869 693 1023 13 0.0521 333 395 594 630 7 0.0521 513 348 760 569 2 0.0517 328 874 696 1023 0 0.0515 575 262 830 496 8 0.0515 441 201 698 427 0 0.0515 330 394 588 630 8 0.0510 333 392 576 629 5 0.0508 322 389 584 626 5 0.0508 257 463 517 699 6 0.0503 451 272 705 496 5 0.0503 499 213 758 428 11 0.0500 575 610 825 819
uxedfaq24vJtP8eAE4PEsz8TNenztisb,8 0.0595 376 311 638 560 11 0.0588 395 601 648 830 0 0.0579 378 311 650 559 8 0.0578 112 21 361 251 8 0.0572 577 524 834 783 11 0.0564 107 24 374 249 11 0.0561 318 663 572 894 0 0.0554 248 324 519 564 5 0.0552 447 599 702 839 5 0.0550 369 313 646 554 11 0.0549 743 2 1018 196 8 0.0546 392 603 641 832 0 0.0546 107 23 366 251 13 0.0540 378 315 657 561 0 0.0532 576 527 841 784 13 0.0531 111 24 379 254 6 0.0530 382 315 653 559 7 0.0528 400 599 655 830 7 0.0526 381 316 654 558 6 0.0526 459 600 714 843 11 0.0525 315 10 571 250 3 0.0524 112 23 365 260 0 0.0523 388 601 652 835 11 0.0523 373 257 651 491 11 0.0522 570 526 842 779 13 0.0519 574 530 849 781 7 0.0518 111 21 367 252 3 0.0518 407 670 650 906 11 0.0517 306 325 578 554 8 0.0516 749 0 1009 198 13 0.0515 460 601 714 840 11 0.0514 455 202 717 429 13 0.0514 454 202 727 433 8 0.0514 455 198 706 432 5 0.0511 570 463 828 709 10 0.0511 396 604 654 828 10 0.0511 747 0 1015 200 7 0.0511 581 466 839 710 2 0.0510 380 322 651 563 5 0.0508 107 15 360 252 5 0.0508 370 184 642 416 6 0.0507 456 201 725 429 6 0.0504 748 2 1017 199 6 0.0502 577 525 850 781
KKYtFt7fvT4XmIWrAjtRhjt4Jux5OgTq,11 0.0628 375 600 642 842 11 0.0617 372 467 631 691 7 0.0577 309 401 566 631 8 0.0565 439 604 690 843 11 0.0564 311 528 581 758 0 0.0559 308 401 565 630 7 0.0558 378 471 629 698 8 0.0557 375 546 627 769 5 0.0557 191 340 567 533 5 0.0548 370 461 622 694 7 0.0538 443 602 705 846 11 0.0533 196 347 572 531 5 0.0521 304 394 560 627 8 0.0518 307 402 559 627 0 0.0514 375 470 625 697 10 0.0513 302 469 556 684 0 0.0513 200 346 568 539 3 0.0509 312 400 565 635 13 0.0505 313 527 586 757 3 0.0501 381 470 628 703 6 0.0501 374 470 632 694 6 0.0501 441 608 703 844 13 0.0500 443 605 707 847
6mzI0IZzNSzlthgVnwOqboo53JKvedpx,5 0.0627 178 267 448 504 11 0.0603 181 269 445 509 11 0.0586 248 337 507 573 8 0.0561 249 337 501 573 6 0.0558 189 270 450 510 7 0.0554 193 202 443 445 5 0.0551 244 330 507 571 13 0.0547 323 408 588 641 0 0.0542 244 156 516 380 6 0.0540 250 338 513 572 11 0.0537 242 157 516 379 8 0.0532 183 266 436 508 0 0.0529 250 335 508 574 5 0.0525 174 399 429 637 0 0.0519 187 209 441 448 0 0.0518 326 408 580 640 5 0.0514 240 149 516 381 3 0.0512 249 340 510 575 3 0.0512 185 272 442 514 7 0.0511 247 150 518 382 8 0.0511 245 157 505 382 8 0.0508 177 400 422 644 13 0.0508 251 337 513 576 11 0.0506 174 404 433 643 7 0.0503 253 332 510 571
FdezR4GYfUV2Un1MO66Y1BQ828lSN8Vw,5 0.0664 142 867 500 1021 8 0.0660 145 868 501 1023 7 0.0627 151 869 509 1023 0 0.0625 146 869 505 1023 11 0.0623 143 870 504 1020 0 0.0607 251 722 498 963 10 0.0603 140 872 506 1023 5 0.0599 242 719 495 957 6 0.0593 152 873 506 1023 7 0.0580 253 722 501 959 10 0.0579 246 731 499 957 8 0.0573 251 724 493 958 2 0.0563 145 873 501 1023 11 0.0553 247 727 500 954 9 0.0546 140 869 506 1021 3 0.0546 154 870 505 1023 3 0.0541 252 721 497 965 13 0.0540 149 871 514 1023 11 0.0538 443 731 688 959 5 0.0531 627 0 881 202 13 0.0528 252 724 506 962 7 0.0512 452 727 692 961 9 0.0511 243 726 499 955 1 0.0508 144 867 501 1023
pm84WIirxfj4wmfu8kjknqugqzg2zwYN,11 0.0634 365 345 634 575 11 0.0633 379 9 645 242 8 0.0621 382 8 635 242 5 0.0621 251 450 513 698 11 0.0620 255 283 506 516 11 0.0620 306 471 580 704 11 0.0613 360 215 634 442 8 0.0609 260 454 508 701 5 0.0608 247 330 507 578 5 0.0605 298 205 568 446 11 0.0604 307 77 578 312 7 0.0603 371 341 634 576 11 0.0599 379 523 647 759 0 0.0599 256 451 513 702 13 0.0599 313 469 585 707 7 0.0597 257 333 509 578 11 0.0595 570 670 842 907 3 0.0592 257 451 511 703 8 0.0592 366 213 625 443 8 0.0590 257 334 500 580 6 0.0590 312 212 572 450 5 0.0588 378 5 634 242 8 0.0583 183 394 429 645 8 0.0583 309 145 559 378 3 0.0582 370 339 631 581 0 0.0581 252 333 507 581 7 0.0578 310 472 582 706 13 0.0576 304 272 567 521 3 0.0574 301 274 561 522 0 0.0574 381 10 639 247 0 0.0573 249 6 509 244 7 0.0571 383 524 651 765 5 0.0570 173 393 437 638 6 0.0570 257 334 510 580 7 0.0569 442 598 717 844 6 0.0568 260 453 516 700 3 0.0567 314 145 569 386 8 0.0566 381 523 640 763 7 0.0566 385 8 645 244 7 0.0566 508 676 774 916 8 0.0566 251 9 499 239 6 0.0565 373 339 633 578 8 0.0560 371 342 624 578 5 0.0558 376 519 650 758 3 0.0558 388 6 635 251 5 0.0557 362 333 632 572 3 0.0557 370 212 633 449 3 0.0556 386 525 644 770 7 0.0556 368 212 634 444 11 0.0556 439 599 711 841 6 0.0554 140 276 388 499 11 0.0554 246 8 510 242 6 0.0552 186 397 443 641 13 0.0552 386 5 640 240 11 0.0552 248 537 510 774 6 0.0549 317 76 578 314 13 0.0549 369 210 640 443 0 0.0547 310 532 589 771 7 0.0547 193 452 446 699 13 0.0546 261 531 514 774 2 0.0543 259 457 510 697 5 0.0542 303 73 572 310 8 0.0542 191 274 432 513 7 0.0541 312 143 569 381 0 0.0541 132 273 376 503 8 0.0541 572 665 832 911 0 0.0539 312 76 574 312 0 0.0539 256 203 516 446 13 0.0536 311 140 574 382 8 0.0533 441 598 702 844 10 0.0533 313 82 580 309 5 0.0532 439 592 711 839 11 0.0532 179 403 440 641 7 0.0529 314 601 591 847 13 0.0526 375 343 638 578 11 0.0526 309 599 587 840 3 0.0526 258 6 510 248 5 0.0526 184 273 439 508 6 0.0525 382 527 652 760 10 0.0524 382 12 645 243 0 0.0524 368 337 630 580 2 0.0524 383 14 637 245 6 0.0523 443 605 716 840 10 0.0523 442 607 712 841 13 0.0522 195 450 451 705 5 0.0522 497 666 768 910 7 0.0521 255 533 508 773 10 0.0521 367 344 637 578
b7XnYvCbW6okljVPmuGn9NnWXs2s0Wa7,0 0.0618 432 453 680 713 8 0.0613 438 522 684 769 11 0.0604 371 410 635 640 6 0.0592 332 268 577 509 11 0.0589 324 341 572 568 6 0.0588 370 467 629 712 3 0.0587 438 456 679 711 5 0.0584 428 453 677 710 8 0.0577 329 339 563 571 13 0.0575 371 466 634 714 11 0.0569 363 586 644 830 7 0.0567 373 466 631 709 8 0.0567 369 464 622 709 5 0.0560 298 478 560 705 5 0.0559 322 335 568 569 8 0.0559 381 205 626 444 0 0.0557 379 201 635 445 0 0.0557 329 337 568 573 8 0.0555 365 585 631 831 13 0.0551 331 337 577 574 0 0.0542 0 784 240 1015 3 0.0542 331 340 571 575 11 0.0540 313 207 575 447 13 0.0534 440 524 698 771 5 0.0534 238 388 504 622 10 0.0533 435 526 695 769 10 0.0531 368 472 628 709 11 0.0530 0 784 235 1007 6 0.0527 316 408 571 633 2 0.0527 438 527 691 767 12 0.0524 436 460 685 711 3 0.0521 385 205 635 448 6 0.0517 371 585 644 831 7 0.0516 334 339 572 570 13 0.0515 382 202 646 445 7 0.0513 443 522 695 770 8 0.0509 250 390 504 626 11 0.0505 245 397 507 625 6 0.0505 385 203 641 441 5 0.0504 372 199 630 437 2 0.0503 372 590 640 832 5 0.0501 362 652 628 893 10 0.0500 329 345 573 571
4RjZUJPOrjfzrWy8FGQiwuL4lZhUGnGF,8 0.0610 303 276 561 516 11 0.0592 412 534 683 771 11 0.0590 482 539 839 723 5 0.0574 295 274 568 517 11 0.0555 298 283 571 518 3 0.0539 300 278 567 523 7 0.0534 309 274 576 518 0 0.0532 299 279 575 521 13 0.0530 306 275 579 517 11 0.0525 199 215 444 437 0 0.0522 204 216 440 445 10 0.0517 299 284 574 520 6 0.0512 301 282 575 520 5 0.0505 199 207 437 439 8 0.0505 184 0 441 187 8 0.0503 419 532 674 771
dkNISE9Tm1EA5F7BQdCjpxGyMghdPMrD,5 0.0570 517 154 771 386 8 0.0556 525 157 769 384 0 0.0556 502 2 770 209 11 0.0545 519 159 776 383 3 0.0544 509 0 768 215 6 0.0544 263 274 520 519 5 0.0540 254 272 512 519 8 0.0540 308 266 565 505 0 0.0539 641 224 893 458 11 0.0525 308 269 578 509 6 0.0516 525 156 779 385 8 0.0508 67 0 309 198 0 0.0507 522 158 776 385 3 0.0505 528 158 775 392 7 0.0501 262 271 516 517
ToyhoGAYVnOz3fJ48XgmHnnroP9NwEzA,0 0.0631 188 662 437 897 11 0.0609 185 664 437 894 7 0.0600 192 661 440 894 5 0.0597 187 660 432 895 10 0.0596 187 667 436 895 6 0.0591 192 663 437 897 8 0.0556 191 661 431 896 3 0.0553 191 662 438 898 13 0.0545 193 660 443 897 9 0.0518 185 664 435 892 1 0.0505 186 657 437 897
hzzKyu68IPkDvVz3UzeP2Ai761VVZRKm,5 0.0597 227 651 488 893 6 0.0550 235 655 488 896 5 0.0545 623 524 878 766 11 0.0537 180 535 442 773 0 0.0531 627 534 883 770 11 0.0526 193 0 471 221 11 0.0524 242 468 499 697 7 0.0519 252 518 512 773 6 0.0515 632 534 886 768 8 0.0512 92 728 347 958 11 0.0509 624 532 882 769 7 0.0506 179 472 441 706 13 0.0503 246 586 500 839
Wq8luFUl0bzxfpR2a0FzMRksOE0FCGo3,7 0.0530 463 583 717 840 11 0.0526 382 586 651 831 0 0.0517 515 530 754 772 8 0.0510 385 586 637 833 11 0.0508 459 520 715 769 11 0.0504 439 205 704 436 5 0.0504 381 580 644 834
oorcrC9OAhBbWnyHROlXgIk5shYzwsQv,0 0.0615 435 279 689 507 11 0.0610 386 335 637 559 0 0.0593 382 200 642 437 11 0.0581 568 402 812 626 0 0.0576 326 275 577 518 8 0.0564 440 343 689 569 7 0.0556 391 332 642 558 11 0.0556 384 203 642 435 5 0.0555 383 328 635 559 11 0.0553 300 675 570 893 8 0.0553 386 268 639 494 3 0.0552 392 337 641 564 2 0.0550 390 273 649 489 3 0.0550 304 670 566 902 6 0.0549 387 334 642 561 8 0.0548 570 399 807 625 6 0.0544 329 203 587 432 11 0.0540 124 529 368 772 7 0.0537 304 674 570 896 5 0.0537 564 395 807 625 0 0.0531 302 669 564 899 7 0.0530 384 198 640 435 3 0.0517 445 209 694 444 11 0.0515 119 410 367 644 13 0.0509 245 675 511 896 6 0.0507 573 401 813 628 0 0.0505 570 395 810 630 8 0.0505 320 204 574 434 13 0.0505 307 602 578 834 10 0.0504 390 273 646 494 10 0.0504 242 677 502 892 2 0.0504 323 209 583 433 8 0.0502 329 1 572 195 8 0.0502 330 335 571 580 5 0.0502 378 196 638 430 3 0.0501 575 401 809 632
Nd62DiMIpGECoVEQXH5rm8z1ijkC06k9,7 0.0643 443 408 703 650 5 0.0617 309 471 577 702 11 0.0613 366 474 632 708 0 0.0605 436 345 693 584 5 0.0604 434 339 691 580 8 0.0589 506 275 754 511 11 0.0589 439 411 698 649 0 0.0589 370 407 631 645 8 0.0588 439 344 689 585 8 0.0585 379 519 623 768 7 0.0584 371 474 634 712 7 0.0580 441 267 698 509 5 0.0580 266 409 633 599 0 0.0577 310 335 575 567 11 0.0572 241 477 505 704 8 0.0572 371 408 625 644 6 0.0571 372 474 632 711 5 0.0568 502 271 755 511 11 0.0567 313 342 577 563 0 0.0567 372 276 635 505 8 0.0565 303 583 566 819 13 0.0563 253 525 520 764 3 0.0561 374 473 632 714 6 0.0558 380 280 641 506 3 0.0557 277 344 625 543 5 0.0557 300 581 569 819 13 0.0557 274 412 645 605 6 0.0557 315 411 583 640 0 0.0555 379 524 632 770 7 0.0553 278 409 637 602 6 0.0552 441 410 701 653 5 0.0551 240 334 503 564 11 0.0549 485 526 752 765 10 0.0547 369 478 633 706 11 0.0546 374 282 639 504 3 0.0545 240 411 503 649 6 0.0544 491 524 761 767 3 0.0544 443 410 702 654 0 0.0542 506 275 759 512 8 0.0541 374 283 628 503 6 0.0539 253 474 508 706 7 0.0537 248 474 511 704 11 0.0530 247 266 514 482 10 0.0529 373 284 641 503 6 0.0528 511 279 765 510 7 0.0527 492 519 760 767 10 0.0527 435 411 704 648 0 0.0525 490 525 754 767 13 0.0525 385 521 637 769 3 0.0524 492 526 756 771 11 0.0523 375 586 636 822 9 0.0522 435 344 699 579 0 0.0521 249 528 515 763 0 0.0520 441 211 686 436 10 0.0518 311 416 581 639 2 0.0514 251 477 504 703 8 0.0514 491 521 748 765 9 0.0514 366 409 634 639 5 0.0513 365 273 630 499 8 0.0511 253 263 499 483 0 0.0511 246 263 512 488 12 0.0509 371 474 633 713 3 0.0507 381 582 641 828 13 0.0507 489 524 764 766 0 0.0505 369 718 636 946 8 0.0505 216 404 567 590 11 0.0505 502 280 761 510 5 0.0504 484 515 753 762 13 0.0503 331 0 589 232 6 0.0503 381 584 638 826 2 0.0500 374 414 631 642
EBPpJnTKuCTg7C2yWMC3tT4rjVMhj1DD,11 0.0558 615 206 890 442 13 0.0528 564 201 836 425 11 0.0526 569 280 835 509 0 0.0520 614 277 889 524 8 0.0518 614 206 873 446 11 0.0514 555 129 835 348 11 0.0508 696 153 961 382 6 0.0507 504 346 777 573 0 0.0503 502 346 767 575 7 0.0502 506 341 772 579
iHqtVNSRodeKd1bbFUyjLQnoXpRvzVs8,8 0.0647 76 869 431 1023 11 0.0621 73 871 444 1021 5 0.0611 70 867 433 1019 10 0.0592 66 872 442 1023 7 0.0590 78 870 444 1023 0 0.0580 75 871 440 1023 6 0.0563 78 873 441 1023 2 0.0542 78 875 440 1023 13 0.0519 75 872 450 1023
IzgJtLQHXtsfAQwDFSj4gaxgWGrCDuML,6 0.0519 577 451 824 697 6 0.0513 707 442 961 696
NSEEt74jNYaIjxgT394qChRNOUrrRDLj,7 0.0672 377 788 627 1022 11 0.0665 385 725 634 963 0 0.0654 374 786 623 1023 5 0.0642 372 784 618 1021 7 0.0637 444 722 699 960 8 0.0634 378 784 618 1023 5 0.0619 435 720 691 958 6 0.0595 378 793 625 1023 8 0.0585 441 723 691 960 0 0.0585 439 720 694 963 2 0.0571 378 791 625 1023 10 0.0570 375 790 623 1021 13 0.0565 380 790 627 1023 6 0.0564 440 726 697 961 9 0.0554 375 790 622 1022 3 0.0552 380 788 624 1023 13 0.0526 444 727 700 965 2 0.0518 441 727 698 963 4 0.0514 376 789 627 1023 10 0.0511 438 728 697 959 1 0.0509 373 784 622 1023 12 0.0502 381 785 621 1023
YUwCoTEpzUxpPgcJJHJJtJrawSySB6IW,11 0.0656 505 600 755 829 8 0.0585 184 726 420 953 0 0.0573 501 596 756 835 5 0.0563 177 725 422 952 11 0.0561 438 657 698 887 8 0.0560 47 671 297 891 7 0.0554 447 715 702 952 7 0.0550 507 653 766 891 11 0.0539 177 730 426 950 13 0.0538 48 674 316 895 8 0.0535 503 652 750 888 11 0.0530 49 678 310 888 7 0.0521 55 675 306 888 7 0.0521 185 727 432 952 0 0.0519 47 671 309 895 0 0.0519 179 727 431 959 6 0.0517 510 599 760 832 13 0.0516 186 729 431 956 5 0.0515 49 671 299 891 5 0.0511 501 593 751 833
Qy1XHzHJUPzo1K0N2NGhrNebqWa6rYBF,0 0.0578 253 481 504 713 8 0.0555 313 478 552 706 13 0.0532 311 481 568 711 0 0.0529 634 0 1023 153 5 0.0526 305 476 554 707 8 0.0524 638 0 1008 151 0 0.0519 373 476 622 697 0 0.0513 312 397 562 635 7 0.0507 308 479 564 709
Mp5LeH21TYR9QkJ2Xh2oyGyh4cx5V0GR,8 0.0515 283 671 625 842 5 0.0505 813 3 1021 266
ZXwG2hxhj7jJapKrmjCg41v0pI27a5zg,5 0.0630 371 142 619 371 8 0.0630 315 141 559 382 7 0.0616 377 142 628 374 11 0.0604 372 145 622 372 8 0.0598 375 205 619 450 0 0.0596 376 209 623 452 13 0.0594 316 144 573 384 3 0.0581 377 143 625 377 10 0.0580 373 143 625 371 0 0.0571 315 142 564 383 11 0.0570 241 590 500 841 11 0.0568 432 598 700 825 5 0.0554 294 79 553 298 11 0.0551 366 275 620 510 0 0.0544 319 343 570 589 6 0.0542 319 147 567 383 5 0.0541 248 406 504 642 11 0.0541 301 85 555 299 5 0.0537 108 779 360 1005 8 0.0536 318 342 560 583 2 0.0534 318 147 563 384 0 0.0531 435 597 700 830 8 0.0531 252 473 502 708 9 0.0531 371 208 625 443 3 0.0529 182 588 425 848 11 0.0527 162 534 434 770 3 0.0527 372 271 622 517 8 0.0526 168 530 423 773 7 0.0526 255 408 507 647 10 0.0525 368 276 623 510 7 0.0524 249 528 507 769 10 0.0523 249 478 511 708 13 0.0522 376 206 629 450 7 0.0522 305 81 560 303 11 0.0521 107 790 362 1003 5 0.0520 367 260 616 512 0 0.0519 446 284 689 516 2 0.0518 375 212 623 447 7 0.0517 372 269 624 513 13 0.0517 440 599 705 830 5 0.0514 314 335 566 585 8 0.0513 438 598 688 827 7 0.0513 440 597 706 825 3 0.0513 443 599 698 832 8 0.0512 318 533 571 757 0 0.0512 314 528 579 763 0 0.0512 113 781 362 1012 3 0.0511 307 83 555 306 5 0.0510 432 590 694 825 11 0.0510 246 411 509 642 3 0.0509 306 589 563 832 12 0.0508 316 142 567 384 8 0.0507 110 785 354 1007 7 0.0503 112 781 365 1011 0 0.0503 249 472 506 709
ldfUufIeMJB63gEJZCH7A22fDp9ZZAM3,5 0.0653 268 218 623 412 8 0.0633 320 148 567 379 5 0.0624 356 288 700 475 8 0.0621 387 85 640 323 0 0.0615 420 231 762 412 0 0.0606 505 0 772 195 8 0.0603 366 292 698 475 13 0.0602 317 215 575 446 13 0.0598 387 85 653 321 0 0.0596 384 87 646 327 7 0.0596 379 204 639 444 5 0.0595 507 201 760 440 8 0.0595 505 0 759 194 3 0.0593 506 0 771 197 8 0.0592 417 229 754 411 5 0.0591 497 0 763 192 11 0.0590 441 13 712 254 11 0.0589 501 148 767 375 5 0.0587 377 83 643 322 6 0.0584 450 11 715 255 0 0.0583 282 280 642 472 0 0.0583 513 275 760 508 11 0.0582 381 86 647 322 6 0.0581 506 145 768 378 11 0.0577 313 149 576 382 10 0.0575 309 83 572 318 5 0.0573 250 284 496 511 3 0.0573 445 135 705 379 6 0.0570 388 87 650 323 7 0.0569 515 272 762 509 0 0.0566 316 146 576 383 13 0.0566 510 86 778 326 7 0.0565 506 0 772 195 11 0.0564 279 281 644 467 10 0.0563 372 211 636 443 6 0.0563 285 283 651 471 13 0.0560 507 0 780 190 8 0.0560 202 136 441 383 0 0.0559 503 86 770 327 3 0.0557 516 274 759 513 7 0.0555 443 134 705 378 8 0.0554 259 10 505 263 2 0.0554 387 91 644 326 8 0.0554 250 212 491 448 6 0.0552 517 273 762 508 3 0.0549 319 148 574 387 5 0.0549 429 352 774 530 10 0.0545 438 139 704 373 8 0.0539 437 359 773 528 8 0.0539 509 86 761 326 11 0.0532 372 362 713 541 5 0.0532 247 75 501 313 6 0.0529 321 152 577 381 11 0.0529 249 81 505 317 13 0.0527 422 229 766 411 11 0.0525 511 275 762 502 1 0.0525 377 139 638 382 5 0.0524 502 81 763 325 6 0.0522 261 12 517 259 12 0.0520 456 79 720 322 2 0.0518 506 4 769 191 13 0.0517 257 147 509 394 1 0.0516 359 290 708 479
ObOKGqlKPidmAKcT8H8TxJ7unZA21r1q,11 0.0621 187 720 444 955 7 0.0605 256 708 513 949 0 0.0596 251 710 509 952 8 0.0566 253 712 500 952 8 0.0564 243 340 486 568 8 0.0556 187 401 438 640 5 0.0554 182 710 441 957 0 0.0550 243 339 496 571 5 0.0547 235 331 495 570 11 0.0543 237 342 499 568 6 0.0541 191 717 448 960 11 0.0532 446 803 692 1018 6 0.0528 245 338 503 568 2 0.0527 253 717 509 954 10 0.0516 251 713 507 951 13 0.0509 246 344 505 573 3 0.0503 192 716 446 965 13 0.0502 255 712 513 957 7 0.0502 245 336 500 570 7 0.0501 451 794 700 1021
vEKIibKoG3EtYMEqm9xkdgW05qipHYez,8 0.0661 143 870 504 1023 5 0.0661 138 870 501 1022 0 0.0657 143 872 507 1023 11 0.0630 211 869 577 1020 7 0.0622 148 871 514 1023 10 0.0614 210 870 578 1023 5 0.0611 122 726 371 967 8 0.0592 127 731 369 967 0 0.0592 124 727 375 970 11 0.0589 125 731 376 964 6 0.0587 150 875 513 1023 13 0.0587 149 874 518 1023 9 0.0567 139 873 508 1022 2 0.0566 213 871 577 1023 7 0.0564 130 728 380 966 3 0.0547 148 872 509 1023 10 0.0535 121 734 375 966 1 0.0529 209 866 575 1023 6 0.0525 129 732 378 969 11 0.0521 312 412 572 638 12 0.0516 148 871 509 1023 13 0.0512 127 733 384 968
HRJh0gwuDojScOZgPUQ3QzXorbQPehKz,8 0.0586 514 520 759 763 0 0.0573 500 725 757 961 8 0.0572 529 403 765 632 0 0.0558 637 529 900 762 5 0.0558 171 449 430 698 5 0.0557 494 721 753 955 11 0.0550 420 732 699 957 0 0.0545 508 522 766 765 5 0.0542 633 458 893 703 8 0.0541 497 726 748 955 11 0.0537 253 464 517 697 11 0.0536 509 522 764 758 5 0.0534 523 398 766 627 7 0.0530 254 515 515 773 0 0.0525 355 720 633 962 11 0.0524 300 726 563 951 3 0.0522 536 402 770 635 5 0.0518 508 516 760 759 13 0.0516 506 729 765 958 11 0.0515 173 523 443 769 0 0.0513 525 407 771 632 11 0.0511 256 582 516 830 6 0.0509 518 520 769 761 3 0.0508 516 521 764 768 11 0.0507 532 336 784 568 7 0.0505 519 521 770 762 0 0.0503 256 465 509 700 10 0.0501 508 520 765 764 10 0.0500 252 530 510 773
FfDhvvaWHmmP8WAEciNbXjnPMDLc91Lt,11 0.0638 313 662 564 899 5 0.0632 252 714 501 952 0 0.0630 319 658 563 904 8 0.0617 320 658 557 903 7 0.0609 325 716 574 953 10 0.0600 315 661 563 899 6 0.0592 326 715 574 954 3 0.0586 320 658 564 904 13 0.0561 258 720 510 956 2 0.0557 258 721 506 956 12 0.0527 326 715 572 954 1 0.0519 255 712 501 953
BHh91J5yOOGn4qifkkgEgEWxKERj2is9,0 0.0602 0 475 229 706 5 0.0573 510 78 760 295 13 0.0566 451 271 718 495 8 0.0560 450 266 698 496 11 0.0558 0 481 233 702 5 0.0556 368 788 617 1019 0 0.0552 446 268 708 497 11 0.0541 443 273 707 493 5 0.0540 557 382 824 638 6 0.0539 524 84 768 295 8 0.0538 579 85 808 307 7 0.0534 449 269 708 501 6 0.0533 521 277 779 508 11 0.0532 440 391 710 630 0 0.0532 643 224 882 452 11 0.0530 574 214 820 431 11 0.0527 511 82 767 297 8 0.0527 1 475 225 702 0 0.0524 444 388 713 635 10 0.0520 2 483 228 704 8 0.0512 384 598 625 835 7 0.0509 521 80 768 303 6 0.0509 362 670 614 900 7 0.0509 3 475 229 701 13 0.0508 448 386 720 636 3 0.0508 519 274 773 517 8 0.0507 577 209 808 438 5 0.0506 426 728 680 961 5 0.0503 432 319 707 568 5 0.0502 511 265 768 507 8 0.0501 382 454 641 695
0xO0oUHgtMtfx8OEjIGVT17fgcrNDFQN,5 0.0666 248 334 518 575 11 0.0655 312 204 581 431 11 0.0642 315 526 569 759 5 0.0633 241 210 501 435 11 0.0625 251 276 513 512 5 0.0622 177 272 445 500 6 0.0622 252 213 509 440 8 0.0614 188 336 449 578 11 0.0609 237 139 504 368 11 0.0607 377 137 648 363 8 0.0600 304 469 548 689 0 0.0596 243 213 505 442 5 0.0595 316 269 579 503 8 0.0593 255 275 504 515 0 0.0591 378 529 630 771 8 0.0591 319 202 574 438 7 0.0587 319 202 580 436 5 0.0586 369 130 640 361 0 0.0583 145 340 500 521 11 0.0582 448 521 700 762 3 0.0579 389 193 647 435 6 0.0578 150 340 508 520 11 0.0577 379 470 630 698 0 0.0576 382 407 643 646 5 0.0576 383 337 646 572 7 0.0575 376 606 620 826 6 0.0574 313 139 585 368 8 0.0572 383 527 624 765 5 0.0572 380 673 622 905 0 0.0571 315 335 582 570 0 0.0570 309 139 579 371 11 0.0569 370 607 621 830 6 0.0569 327 273 591 507 0 0.0568 304 467 560 690 8 0.0566 381 404 640 648 7 0.0565 183 273 446 504 11 0.0564 249 392 520 630 7 0.0563 385 467 630 697 3 0.0562 322 272 584 514 7 0.0561 246 139 503 370 8 0.0561 450 465 702 712 8 0.0560 319 333 573 573 0 0.0559 451 469 706 710 7 0.0559 318 333 582 572 8 0.0556 379 137 641 369 13 0.0556 188 280 455 509 8 0.0554 244 141 496 375 7 0.0554 392 271 655 504 10 0.0553 250 278 512 508 11 0.0553 388 272 656 501 5 0.0551 173 395 448 633 2 0.0550 247 219 503 440 8 0.0549 174 208 425 441 5 0.0549 359 791 621 1021 5 0.0545 376 467 619 695 10 0.0543 187 343 455 573 2 0.0541 382 536 628 761 13 0.0541 391 198 654 424 13 0.0539 257 340 529 582 3 0.0539 377 604 616 835 11 0.0539 444 209 715 431 11 0.0538 368 802 625 1021 0 0.0537 389 271 650 505 13 0.0536 315 142 586 369 3 0.0535 315 138 577 376 5 0.0534 440 200 712 431 3 0.0534 254 391 513 640 7 0.0532 371 795 632 1023 0 0.0532 381 682 621 909 6 0.0531 257 391 525 635 8 0.0530 367 796 617 1023 11 0.0530 434 21 701 248 3 0.0529 394 340 653 584 2 0.0529 184 281 446 506 3 0.0528 247 213 504 447 8 0.0527 390 268 646 505 10 0.0527 380 472 627 698 7 0.0527 254 390 519 635 10 0.0526 241 147 501 371 10 0.0526 175 217 429 439 3 0.0525 454 282 718 515 10 0.0524 380 141 649 367 7 0.0520 458 515 702 762 0 0.0519 385 84 652 314
ynsrBO9LxS9w1XpEQ9C0CjUovO9eCu8d,8 0.0567 56 0 310 200 0 0.0555 56 2 317 208 11 0.0551 381 677 640 894 8 0.0547 382 674 635 900 11 0.0544 387 516 641 758 5 0.0530 748 453 1022 689 7 0.0526 309 664 597 888 13 0.0524 249 732 522 953 11 0.0521 451 601 703 822 5 0.0518 301 655 586 883 11 0.0517 48 4 322 199 0 0.0515 380 591 641 823 5 0.0513 438 672 694 897 7 0.0505 448 677 706 898 6 0.0505 62 0 319 200 8 0.0504 762 457 1011 694 8 0.0502 248 728 504 950 11 0.0501 387 340 646 566 3 0.0500 383 675 643 907
1HJDbpiNgS8qddjFtUDEJD7xXo6AT0VS,8 0.0643 80 870 438 1023 0 0.0620 77 873 439 1023 5 0.0617 78 871 436 1021 10 0.0601 75 876 442 1023 8 0.0595 246 399 506 631 11 0.0595 77 875 445 1021 7 0.0592 82 872 449 1023 6 0.0589 87 876 442 1023 11 0.0582 246 401 509 626 2 0.0577 80 874 440 1023 13 0.0552 80 875 454 1023 7 0.0528 253 395 514 630 3 0.0524 85 874 441 1023 9 0.0522 77 872 441 1023 7 0.0516 64 459 321 698 5 0.0500 251 319 499 554
Ma0m1P49LTLAhqICq9D6L56KIWPyrn81,8 0.0647 386 340 635 576 8 0.0621 501 333 749 571 3 0.0616 319 398 561 649 5 0.0615 368 399 630 644 11 0.0612 311 461 571 722 5 0.0612 399 282 776 472 5 0.0604 330 350 695 542 8 0.0602 380 462 631 720 11 0.0598 439 343 700 572 3 0.0596 438 337 700 578 6 0.0596 377 401 637 644 8 0.0596 414 287 772 473 11 0.0593 373 409 633 644 7 0.0587 377 401 637 646 0 0.0586 505 278 762 518 10 0.0581 383 341 643 579 8 0.0581 317 401 555 641 6 0.0579 319 459 574 720 11 0.0574 497 399 755 647 0 0.0574 377 407 635 641 3 0.0573 485 289 833 479 11 0.0572 379 538 635 785 7 0.0571 384 533 639 780 0 0.0566 446 209 699 451 13 0.0564 263 351 624 538 10 0.0563 444 280 698 510 5 0.0557 306 455 568 715 13 0.0557 439 398 700 641 9 0.0556 372 408 634 638 0 0.0555 310 327 566 572 11 0.0553 505 279 764 516 3 0.0552 382 464 641 728 11 0.0551 444 215 702 445 0 0.0551 498 395 751 647 10 0.0549 474 365 838 545 11 0.0549 307 330 567 569 7 0.0548 348 352 704 543 13 0.0547 506 280 767 518 8 0.0545 576 213 822 449 6 0.0543 502 395 753 647 2 0.0541 507 284 758 518 10 0.0538 313 403 565 643 13 0.0536 321 401 566 645 5 0.0535 410 480 766 662 7 0.0534 417 223 783 404 3 0.0532 448 210 695 455 11 0.0531 577 211 829 449 8 0.0530 324 531 558 784 11 0.0527 0 32 245 257 7 0.0526 439 462 715 716 0 0.0524 318 463 571 720 8 0.0523 0 27 234 258 7 0.0522 485 287 845 473 6 0.0521 313 323 567 572 6 0.0520 387 530 640 782 11 0.0519 416 163 782 343 13 0.0519 447 211 703 449 0 0.0515 0 30 239 261 5 0.0513 370 528 632 777 10 0.0511 361 481 709 668 0 0.0509 383 535 631 782 6 0.0509 391 280 643 516 13 0.0507 384 537 641 785 0 0.0507 578 213 830 453
PghQQ0ZZikvrjoR6G4aZYQ9CAsPD1KOt,8 0.0637 247 788 484 1018 5 0.0615 240 786 488 1013 8 0.0599 252 651 503 893 7 0.0589 388 732 645 969 7 0.0587 311 785 565 1023 7 0.0586 60 620 444 785 11 0.0582 496 724 763 957 7 0.0580 505 720 767 959 11 0.0577 319 730 573 962 10 0.0573 51 621 435 783 0 0.0571 255 654 508 892 8 0.0571 57 618 435 780 3 0.0567 311 786 559 1023 10 0.0567 306 790 561 1022 5 0.0566 56 618 433 783 13 0.0565 318 660 580 895 5 0.0562 250 651 500 885 0 0.0561 498 722 761 962 0 0.0558 247 788 488 1022 11 0.0556 247 793 488 1020 13 0.0554 251 792 497 1022 7 0.0552 317 657 578 893 11 0.0547 250 657 506 889 10 0.0543 380 739 641 966 8 0.0537 321 726 568 967 11 0.0536 377 285 624 512 3 0.0534 317 658 574 898 8 0.0527 502 724 756 961 0 0.0526 393 396 648 639 6 0.0526 254 654 507 892 3 0.0524 389 735 640 972 10 0.0524 252 660 503 890 11 0.0522 389 400 646 635 5 0.0521 493 721 754 957 0 0.0520 322 724 571 969 6 0.0519 312 788 561 1023 5 0.0516 313 721 572 959 3 0.0513 507 721 761 963 10 0.0512 496 725 761 960 13 0.0509 59 620 457 786 11 0.0509 0 472 249 695 7 0.0508 259 718 511 956 9 0.0508 306 787 557 1017 6 0.0507 57 620 446 783 13 0.0505 391 736 648 971 6 0.0504 503 723 762 962 11 0.0503 54 622 442 780 3 0.0500 257 720 503 962 8 0.0500 398 395 640 637 13 0.0500 507 723 769 963
QE6dRlcW5fnXRCS3Dmx2uhFqKtimvCDD,11 0.0610 242 401 505 634 5 0.0602 356 378 625 628 0 0.0592 249 396 505 636 3 0.0591 368 384 634 634 3 0.0584 376 272 634 517 5 0.0581 239 391 502 629 5 0.0576 434 445 698 696 11 0.0568 370 277 633 508 8 0.0564 377 446 629 697 8 0.0564 248 394 500 633 6 0.0564 282 424 632 606 5 0.0556 365 270 623 506 3 0.0555 246 395 501 638 0 0.0555 343 487 695 665 11 0.0553 305 455 576 702 5 0.0553 307 138 558 363 7 0.0545 248 395 505 633 7 0.0542 378 446 642 700 7 0.0541 376 275 636 512 0 0.0536 251 522 499 772 11 0.0533 375 519 643 766 0 0.0532 372 211 622 449 13 0.0531 377 443 641 700 3 0.0529 381 517 638 776 6 0.0526 345 483 696 668 7 0.0525 449 518 709 763 0 0.0525 632 596 881 830 5 0.0525 630 452 886 703 3 0.0525 313 453 570 710 5 0.0522 322 584 573 850 5 0.0521 337 0 710 158 5 0.0520 764 777 1010 1023 5 0.0520 245 514 499 767 8 0.0519 313 144 554 365 8 0.0518 372 217 611 445 13 0.0516 773 776 1023 1023 13 0.0515 256 456 514 702 2 0.0512 281 430 629 605 0 0.0511 632 459 893 704 10 0.0511 371 278 633 513 0 0.0509 707 732 952 985 11 0.0509 600 550 958 731 13 0.0508 378 217 628 448 13 0.0507 319 142 571 368 6 0.0507 375 220 627 447 8 0.0507 313 513 558 775 11 0.0507 628 593 882 824 11 0.0507 429 385 700 628 10 0.0506 241 400 506 631 10 0.0504 429 384 701 632 13 0.0501 318 513 574 775
7wpQGxhBwrO2NIA5jU2tImKnQkzn4DiJ,11 0.0652 568 347 828 559 5 0.0623 186 324 443 580 0 0.0616 193 328 446 583 5 0.0599 250 394 504 648 8 0.0599 637 361 894 577 5 0.0597 568 342 821 559 11 0.0593 189 387 443 643 11 0.0591 563 797 819 1022 5 0.0587 333 207 587 434 7 0.0584 575 345 833 564 7 0.0581 565 794 822 1023 7 0.0580 196 384 444 648 11 0.0579 243 519 510 768 8 0.0575 117 393 365 649 5 0.0575 560 789 811 1022 6 0.0569 124 395 378 646 13 0.0567 256 397 510 653 0 0.0565 576 351 827 562 3 0.0562 190 334 444 588 7 0.0561 438 787 698 1023 6 0.0560 194 325 443 581 6 0.0559 257 400 509 652 11 0.0558 326 342 571 587 0 0.0557 120 393 376 649 7 0.0557 231 671 509 905 0 0.0557 259 395 504 654 0 0.0557 263 272 506 515 10 0.0556 573 352 825 561 3 0.0555 578 346 827 567 7 0.0553 114 321 381 582 5 0.0553 629 274 885 514 5 0.0550 372 652 621 900 6 0.0550 638 279 889 517 8 0.0548 446 0 696 193 5 0.0546 114 392 372 646 8 0.0546 317 151 574 374 0 0.0544 560 800 820 1023 8 0.0542 263 331 491 582 13 0.0542 639 362 907 575 0 0.0541 249 519 510 773 5 0.0541 441 0 700 193 0 0.0541 188 208 449 453 6 0.0541 575 348 829 561 13 0.0540 194 327 449 585 3 0.0539 447 2 703 198 3 0.0537 255 399 508 659 0 0.0537 333 341 574 591 2 0.0536 253 460 504 707 0 0.0536 318 152 582 374 9 0.0535 572 348 831 555 5 0.0535 313 89 582 318 13 0.0534 235 672 516 904 0 0.0533 635 281 888 515 3 0.0532 118 402 375 655 5 0.0530 426 779 687 1018 11 0.0530 229 674 505 901 11 0.0529 187 270 450 513 13 0.0529 378 19 645 258 6 0.0528 250 523 510 769 8 0.0528 229 667 499 901 11 0.0527 424 18 696 242 3 0.0526 330 279 581 526 7 0.0524 265 330 503 582 7 0.0523 378 663 631 905 5 0.0523 241 517 501 764 6 0.0521 333 342 578 588 6 0.0518 324 94 591 321 6 0.0516 263 268 509 514 0 0.0515 227 668 506 908 3 0.0511 561 796 818 1023 9 0.0511 189 393 442 642 11 0.0511 108 326 381 577 8 0.0511 558 796 808 1023 11 0.0510 313 152 581 374 12 0.0509 194 388 445 647 0 0.0509 386 86 637 305 3 0.0509 248 524 507 775 8 0.0508 369 727 611 968 0 0.0507 442 3 705 196 2 0.0507 575 350 830 564 10 0.0507 630 286 886 512 7 0.0506 194 266 454 514 0 0.0506 115 272 395 513 5 0.0503 222 663 498 899 8 0.0503 251 454 493 709 6 0.0503 338 209 594 437 13 0.0503 571 284 821 513 6 0.0502 563 800 821 1023
0MdrwTP27rv8bG1NWnTHPLXJiqwMJd8a,0 0.0551 659 0 1023 155 5 0.0540 660 0 1018 151 8 0.0518 667 0 1011 151 13 0.0518 665 2 1023 154 7 0.0511 318 658 579 894 10 0.0509 661 4 1023 152 11 0.0508 384 728 640 956 6 0.0504 663 1 1023 149 8 0.0502 312 659 566 895
DiYuRK47Ycb4Wlj85hu5301486dZsaUB,8 0.0648 338 673 700 857 5 0.0623 334 671 702 856 8 0.0622 186 791 422 1023 11 0.0617 337 675 706 855 10 0.0601 341 676 705 858 7 0.0595 346 672 707 858 13 0.0593 342 674 714 858 0 0.0593 340 674 706 860 3 0.0572 345 673 706 862 6 0.0567 342 675 705 858 5 0.0562 184 792 424 1020 11 0.0560 187 796 430 1023 2 0.0553 338 676 702 858 7 0.0530 189 793 433 1023 12 0.0522 346 673 707 859 1 0.0516 331 669 701 859 6 0.0507 190 801 432 1023 10 0.0502 187 797 430 1020
CDOHdUeoVTRmfQBEazNgVl6vJNbwD278,8 0.0633 382 781 618 1021 7 0.0629 383 787 626 1021 0 0.0608 382 786 624 1023 5 0.0600 378 784 618 1019 7 0.0593 203 789 449 1016 11 0.0586 381 788 620 1020 8 0.0572 259 729 500 963 10 0.0566 379 790 623 1020 10 0.0565 317 735 572 957 8 0.0564 199 789 436 1019 11 0.0563 254 732 510 961 13 0.0558 385 788 628 1023 5 0.0552 196 783 437 1016 6 0.0551 384 793 625 1023 6 0.0520 204 794 449 1014 9 0.0512 379 789 619 1018 3 0.0505 384 787 624 1023 10 0.0505 192 792 442 1018
DZzoitrfPYsY7tbU1HDgqJrpuNfoCqfS,5 0.0608 168 470 437 702 11 0.0592 316 394 576 627 5 0.0566 243 391 510 622 5 0.0548 247 521 505 771 6 0.0544 250 399 516 625 5 0.0538 47 467 318 708 7 0.0531 250 392 510 623 5 0.0531 0 544 250 780 8 0.0525 317 393 568 631 8 0.0523 248 461 497 702 0 0.0517 319 395 576 630 3 0.0512 248 398 509 630 11 0.0511 247 461 509 700 6 0.0505 179 475 443 710 0 0.0504 252 463 507 702
AlxdWcu94IJjbZU21yjdgdGD9xTuMsON,5 0.0613 442 353 704 576 3 0.0595 454 358 709 582 11 0.0595 448 360 706 573 7 0.0578 451 361 712 581 0 0.0571 269 346 635 539 11 0.0557 303 470 572 710 5 0.0557 260 342 623 535 0 0.0556 185 479 444 712 11 0.0556 264 350 632 535 8 0.0555 446 356 702 576 6 0.0547 435 296 704 507 6 0.0539 270 346 638 536 0 0.0538 500 309 756 512 7 0.0532 251 460 507 712 8 0.0522 246 458 497 710 13 0.0519 251 462 515 713 0 0.0518 308 463 575 718 8 0.0517 269 346 617 537 11 0.0515 179 479 448 705 2 0.0515 452 363 707 578 13 0.0506 451 357 713 577 10 0.0503 447 361 716 573 3 0.0502 272 347 623 542
LfRsQ4ql3lpvwfckM21esoDl4gvqKwki,11 0.0634 427 343 694 570 8 0.0623 119 351 377 588 0 0.0620 490 358 760 588 6 0.0611 436 342 696 574 0 0.0591 384 341 625 568 5 0.0588 575 277 827 511 3 0.0587 433 338 696 578 7 0.0576 497 354 763 586 5 0.0571 262 331 505 568 5 0.0567 377 334 624 565 5 0.0566 486 347 749 581 7 0.0564 387 336 630 564 7 0.0561 446 280 703 508 3 0.0557 518 287 770 516 6 0.0555 197 328 445 574 11 0.0553 309 663 594 889 11 0.0553 510 290 771 508 7 0.0549 427 406 687 634 0 0.0544 268 338 503 572 13 0.0536 425 404 695 635 5 0.0529 435 274 694 505 8 0.0528 438 278 690 508 8 0.0527 274 334 498 572 8 0.0525 489 353 752 588 6 0.0517 262 266 512 508 11 0.0514 370 407 619 626 0 0.0514 255 208 514 436 8 0.0513 579 278 824 514 5 0.0511 244 204 510 433 8 0.0507 424 409 675 634 11 0.0506 264 387 504 621 2 0.0506 425 411 688 633 11 0.0505 387 268 638 488 5 0.0505 490 0 766 187 11 0.0505 254 270 511 502 11 0.0503 454 218 718 431 7 0.0502 271 332 509 568 13 0.0502 272 386 508 627 13 0.0502 193 329 443 575 6 0.0501 519 289 781 509
CA2W215OuEfALzpa6pgnTGdkBMYydAPw,8 0.0596 121 805 365 1023 11 0.0582 315 673 690 842 11 0.0576 217 736 578 897 11 0.0574 502 790 750 1018 7 0.0563 505 787 751 1021 7 0.0561 319 672 692 844 0 0.0552 106 681 373 925 11 0.0551 113 807 367 1020 6 0.0550 373 673 636 899 8 0.0545 507 782 740 1022 8 0.0544 220 735 564 901 11 0.0539 101 681 369 920 8 0.0539 107 677 360 924 11 0.0538 315 791 559 1019 0 0.0536 219 732 577 904 0 0.0533 576 790 828 1023 7 0.0531 443 730 688 958 3 0.0527 505 784 748 1023 5 0.0526 172 724 426 960 5 0.0524 309 670 680 843 11 0.0521 438 730 687 956 5 0.0519 496 785 743 1019 8 0.0519 320 673 677 843 7 0.0517 383 788 623 1023 8 0.0516 320 788 552 1021 13 0.0509 507 791 753 1023
U3vK2zWtoib8teELKrb8C9E7UbLifCpv,11 0.0612 309 669 586 898 11 0.0606 509 519 769 748 5 0.0605 203 469 578 658 5 0.0597 239 517 500 757 0 0.0596 517 461 773 692 0 0.0596 569 569 828 812 5 0.0594 421 655 687 895 6 0.0589 172 517 435 758 11 0.0587 304 522 570 755 0 0.0585 424 521 684 757 3 0.0585 505 645 757 907 11 0.0584 367 590 631 821 0 0.0584 307 521 570 759 5 0.0583 306 577 569 820 8 0.0583 502 646 750 901 5 0.0583 280 341 641 530 0 0.0583 331 683 710 861 5 0.0582 513 455 769 691 11 0.0582 375 329 637 568 5 0.0580 565 568 823 808 0 0.0579 304 267 581 508 8 0.0579 251 656 506 895 0 0.0579 308 389 568 635 0 0.0578 499 649 758 899 8 0.0577 378 325 629 571 5 0.0575 419 511 680 755 11 0.0575 448 397 706 636 8 0.0574 574 568 820 809 8 0.0571 329 680 696 861 11 0.0571 245 585 506 829 7 0.0570 433 664 692 900 0 0.0570 449 399 702 639 8 0.0569 449 392 696 638 3 0.0565 515 517 770 758 7 0.0564 253 582 512 828 7 0.0563 443 453 698 697 2 0.0563 329 684 705 860 13 0.0562 377 589 633 824 8 0.0561 307 268 571 504 0 0.0560 375 329 635 575 6 0.0558 514 516 772 751 7 0.0558 170 516 436 754 11 0.0557 303 390 571 627 7 0.0557 453 339 704 583 10 0.0557 162 523 429 752 11 0.0557 235 711 504 953 11 0.0557 236 456 504 690 7 0.0555 249 450 505 696 10 0.0555 308 673 585 897 8 0.0554 424 517 677 758 0 0.0553 164 518 431 755 6 0.0549 294 408 655 596 11 0.0548 748 5 1017 241 6 0.0548 248 453 508 697 11 0.0547 525 343 788 594 8 0.0544 371 201 629 434 13 0.0542 511 577 766 827 3 0.0541 335 681 706 864 7 0.0540 511 581 765 825 13 0.0540 314 520 575 764 6 0.0536 315 582 579 817 8 0.0535 528 343 777 599 13 0.0534 316 710 580 954 5 0.0534 261 226 620 402 3 0.0533 385 386 634 642 11 0.0531 279 286 639 467 6 0.0531 252 333 510 571 11 0.0531 161 522 435 754 0 0.0530 528 346 788 602 8 0.0530 216 469 568 661 10 0.0529 287 288 638 470 13 0.0529 430 519 688 755 7 0.0529 381 275 640 514
aDCwzh7iUY45DxDtX6scYt7AFO3LLnzA,0 0.0593 171 454 428 698 5 0.0592 176 533 449 768 0 0.0587 125 533 383 771 8 0.0574 128 534 379 771 7 0.0569 129 534 388 768 6 0.0569 386 147 633 375 8 0.0567 194 609 442 849 10 0.0562 127 541 384 766 11 0.0555 302 293 587 530 11 0.0554 180 539 453 765 11 0.0550 237 669 504 897 7 0.0549 241 468 500 704 5 0.0549 376 139 620 371 0 0.0542 383 145 625 378 11 0.0540 382 146 628 373 6 0.0539 308 290 587 532 5 0.0537 231 401 503 640 7 0.0537 312 289 582 532 0 0.0535 247 545 513 778 0 0.0534 305 290 583 537 8 0.0533 233 470 489 706 8 0.0532 299 727 553 965 5 0.0527 134 605 381 847 3 0.0524 387 143 628 382 3 0.0523 360 794 617 1019 8 0.0522 311 291 580 531 7 0.0521 317 680 583 915 11 0.0521 353 797 618 1012 13 0.0520 238 472 505 704 10 0.0519 245 552 512 770 5 0.0518 418 790 680 1004 8 0.0516 393 70 630 298 6 0.0516 180 538 456 770 3 0.0514 308 291 580 538 11 0.0512 299 417 583 637 0 0.0509 357 792 619 1017 7 0.0507 430 795 690 1010 13 0.0505 366 791 627 1014 5 0.0505 249 605 504 838 5 0.0503 297 284 575 528 13 0.0500 309 292 591 536
3xa5gIQVht3paH2n0XVHQ98xYYuRiSc1,8 0.0639 250 16 484 273 11 0.0614 122 0 393 201 0 0.0612 393 6 642 246 8 0.0606 125 0 384 201 11 0.0605 310 135 585 370 0 0.0599 247 16 490 271 3 0.0597 249 16 491 276 6 0.0592 323 78 578 312 7 0.0592 392 7 643 243 0 0.0587 127 0 389 201 8 0.0584 517 1 787 203 13 0.0582 396 7 650 237 3 0.0582 326 75 575 317 6 0.0579 253 16 497 270 5 0.0578 307 70 566 309 11 0.0578 384 78 641 305 3 0.0576 128 3 388 205 3 0.0575 397 4 643 248 3 0.0573 519 1 795 212 13 0.0571 250 19 494 269 5 0.0569 384 0 637 241 7 0.0568 247 17 491 271 8 0.0568 396 4 636 243 13 0.0567 518 0 805 201 8 0.0564 523 401 776 646 5 0.0564 122 0 387 198 5 0.0561 242 15 486 267 11 0.0560 303 532 577 765 5 0.0560 519 397 780 644 11 0.0558 519 3 798 203 13 0.0558 129 4 395 203 0 0.0557 316 137 580 374 8 0.0557 310 528 566 771 8 0.0552 322 82 565 311 0 0.0544 509 0 798 209 10 0.0543 125 4 391 199 13 0.0543 318 135 598 366 11 0.0538 241 21 490 271 7 0.0534 123 0 391 203 11 0.0533 516 405 786 643 8 0.0533 524 295 772 532 6 0.0527 395 6 650 242 5 0.0526 511 0 789 202 0 0.0523 527 344 782 586 6 0.0522 128 2 392 199 1 0.0519 242 13 487 273 13 0.0517 310 528 585 776 2 0.0516 521 6 793 205 10 0.0515 393 9 648 245 2 0.0514 127 2 388 200 6 0.0510 523 3 802 200 10 0.0510 249 25 489 269 9 0.0509 243 20 490 268 2 0.0509 248 23 490 270 10 0.0509 319 84 575 308 2 0.0509 391 12 642 244 10 0.0506 524 406 788 643 7 0.0506 518 0 797 206 12 0.0505 249 20 493 273 6 0.0502 313 530 585 772 0 0.0501 307 527 576 772 13 0.0500 523 405 791 644
k9KXiRZxrzaeh4rSvd5YspFNRp9alka3,0 0.0648 443 460 693 705 8 0.0631 443 461 688 704 5 0.0625 439 455 688 706 7 0.0594 447 457 698 708 11 0.0578 443 461 693 702 13 0.0560 506 468 755 706 2 0.0545 446 465 689 704 3 0.0543 447 459 692 711 6 0.0543 445 459 694 708 10 0.0520 441 461 694 705 8 0.0515 170 477 427 707 9 0.0508 438 459 694 704
q4od3t1vDsj4d1lmw18JiyfqRVjyBCiD,11 0.0552 746 3 1015 197 0 0.0529 239 524 491 779 11 0.0518 432 3 712 243 7 0.0515 238 522 490 779
YjrU7xLI6PXZiyfLNsYO7T05PFFbj9nr,7 0.0646 187 720 434 958 11 0.0638 183 722 434 956 10 0.0635 183 726 435 955 0 0.0624 185 723 434 962 5 0.0614 180 718 431 958 8 0.0604 184 723 428 957 6 0.0563 188 724 437 957 3 0.0553 190 723 434 964 11 0.0540 174 404 445 643 11 0.0538 181 596 447 830 11 0.0525 181 267 449 502 0 0.0523 237 471 497 701 0 0.0521 235 609 507 837 13 0.0519 184 402 443 648 2 0.0519 188 729 434 960 5 0.0516 171 328 438 580 7 0.0513 240 604 510 834 9 0.0511 183 720 436 953 6 0.0511 182 401 443 647 3 0.0509 180 403 439 652 0 0.0505 173 331 440 585 13 0.0502 187 721 441 960 7 0.0502 182 332 445 580
IRL6ZdXCeo01cwQKkv6AVWpBNs78OiEm,5 0.0585 297 647 556 894 5 0.0581 256 131 503 374 8 0.0577 193 135 425 375 11 0.0567 187 393 438 631 11 0.0566 307 590 563 834 7 0.0559 303 656 564 898 5 0.0555 193 285 439 528 11 0.0551 190 76 435 301 8 0.0548 204 283 433 536 11 0.0545 252 139 506 373 8 0.0542 311 592 556 834 11 0.0537 245 656 504 900 7 0.0534 332 134 575 381 11 0.0533 254 283 511 525 7 0.0532 247 514 519 763 11 0.0531 260 19 499 239 5 0.0531 184 389 438 631 8 0.0527 261 208 499 460 11 0.0527 251 466 515 698 8 0.0525 267 13 494 245 10 0.0525 263 217 511 457 11 0.0525 345 480 711 650 13 0.0525 251 587 518 842 6 0.0524 204 287 444 534 8 0.0521 352 478 700 651 10 0.0521 295 658 561 895 13 0.0519 207 285 451 535 3 0.0518 201 291 445 540 5 0.0514 570 8 814 252 7 0.0511 195 131 436 369 5 0.0509 260 13 496 239 0 0.0509 343 479 716 653 8 0.0506 255 466 508 701 7 0.0503 204 282 447 531 0 0.0502 197 286 444 538 8 0.0502 247 652 497 900 13 0.0501 264 16 510 241
hPi4rZkjH5GHUu0yF5W5D2qT08M79SoV,11 0.0626 318 342 571 583 8 0.0602 190 383 445 633 8 0.0590 309 472 565 704 10 0.0589 252 412 522 640 5 0.0587 184 382 455 636 3 0.0585 257 328 521 583 11 0.0583 307 476 571 704 3 0.0582 323 406 576 654 8 0.0582 257 329 511 575 7 0.0582 248 403 525 645 10 0.0578 310 478 574 703 13 0.0578 319 406 581 645 0 0.0577 426 561 713 786 0 0.0568 317 341 569 587 7 0.0568 259 263 518 510 5 0.0565 315 401 577 645 0 0.0560 374 479 647 710 6 0.0559 315 478 574 703 0 0.0558 259 266 514 511 10 0.0555 323 349 571 580 11 0.0555 256 269 518 508 0 0.0550 355 618 633 845 8 0.0548 380 409 638 647 11 0.0548 380 411 646 646 6 0.0540 258 409 523 641 13 0.0537 261 328 527 580 5 0.0533 245 467 520 710 8 0.0531 201 254 439 487 5 0.0530 178 526 438 760 5 0.0527 192 253 445 489 8 0.0526 369 548 629 776 7 0.0525 381 275 627 521 3 0.0523 254 476 518 716 10 0.0521 191 322 448 558 3 0.0520 189 387 454 643 8 0.0518 182 527 434 762 7 0.0514 387 408 651 647 0 0.0513 297 544 564 777 0 0.0510 199 206 451 428 6 0.0510 247 617 514 840 9 0.0505 314 407 573 644 0 0.0503 379 281 623 521 10 0.0502 385 417 647 644 11 0.0502 183 466 456 698 6 0.0501 264 268 518 509
fSlHhLD7K7NLWjvBqzakWaSaKFDrCAvI,8 0.0625 171 0 418 201 0 0.0614 187 0 571 158 5 0.0591 185 0 566 154 7 0.0579 89 2 444 156 0 0.0576 248 25 499 266 0 0.0576 108 1 366 210 13 0.0575 170 0 434 202 8 0.0573 251 20 489 258 11 0.0566 186 1 570 151 5 0.0560 104 0 358 201 3 0.0554 187 0 570 159 10 0.0546 104 8 369 205 2 0.0543 186 3 569 157 5 0.0542 326 64 575 302 10 0.0540 178 5 572 153 3 0.0525 441 0 713 200 11 0.0522 432 0 718 189 6 0.0516 190 2 578 153 5 0.0515 433 0 715 186 8 0.0514 332 68 567 306 6 0.0512 110 2 371 205 6 0.0511 249 27 504 257 11 0.0510 243 24 499 258
uKWAPPHzPkPKaTBVnLYrTJwDhLMOOgqt,11 0.0609 177 669 440 894 11 0.0590 249 594 505 828 0 0.0579 178 666 441 905 5 0.0571 246 586 502 828 8 0.0569 182 666 433 898 8 0.0558 248 594 501 831 0 0.0554 249 592 509 833 11 0.0548 245 470 506 715 11 0.0544 316 664 572 898 8 0.0535 323 663 567 896 7 0.0528 177 342 407 564 8 0.0520 429 452 680 689 7 0.0513 255 592 512 832 5 0.0512 313 652 573 896 11 0.0509 428 449 687 688 11 0.0509 421 684 690 892 7 0.0508 176 665 447 898 7 0.0503 436 448 693 691 0 0.0503 321 665 575 903 6 0.0502 179 669 443 899
uPWG3BoZfRGYJ5Whn9sCqJ9qcRpwUqt4,7 0.0650 249 400 497 655 0 0.0633 632 357 891 573 5 0.0633 630 349 889 571 5 0.0614 57 583 310 835 11 0.0611 60 591 316 833 8 0.0610 191 400 429 644 11 0.0597 175 536 433 782 5 0.0594 171 529 429 782 7 0.0592 314 277 562 513 8 0.0589 634 355 883 574 0 0.0588 190 398 437 647 0 0.0584 175 530 434 785 11 0.0583 308 283 560 515 5 0.0581 436 138 695 366 11 0.0579 245 407 494 655 8 0.0578 59 588 309 836 13 0.0574 645 280 896 501 3 0.0568 62 588 310 843 11 0.0565 636 354 888 574 7 0.0565 67 588 318 834 7 0.0563 182 530 436 785 8 0.0563 174 533 426 782 6 0.0562 649 276 892 496 8 0.0561 373 157 623 378 0 0.0559 562 2 822 191 0 0.0558 445 459 696 709 2 0.0557 638 360 892 572 6 0.0557 178 535 438 781 8 0.0557 241 332 484 569 5 0.0557 238 400 494 652 8 0.0556 563 0 817 189 11 0.0555 445 460 698 705 8 0.0553 309 280 550 512 6 0.0552 452 458 705 706 6 0.0549 192 402 443 644 7 0.0548 185 333 435 568 3 0.0548 642 279 890 507 10 0.0547 630 360 890 571 0 0.0547 0 345 252 592 7 0.0547 452 456 701 705 10 0.0543 242 409 496 654 10 0.0543 62 594 310 837 5 0.0542 303 272 556 517 3 0.0541 506 0 768 195 3 0.0541 176 534 434 789 9 0.0541 175 532 433 776 6 0.0537 242 336 500 573 6 0.0537 312 281 561 518 7 0.0533 385 156 637 378 3 0.0533 451 459 699 712 3 0.0532 243 404 492 662 13 0.0530 61 587 321 835 11 0.0529 310 164 577 382 8 0.0525 448 456 689 706 11 0.0523 0 344 256 585 2 0.0523 190 406 436 646 13 0.0522 1 345 261 582 0 0.0522 313 278 558 518 13 0.0521 244 404 499 657 11 0.0520 558 2 826 189 10 0.0520 174 540 431 784 2 0.0520 66 594 314 834 0 0.0519 440 148 695 370 5 0.0519 589 465 839 709 3 0.0518 448 145 693 378 13 0.0517 177 531 441 785 0 0.0516 597 479 841 716 5 0.0516 504 73 767 314 5 0.0515 0 337 249 586 5 0.0514 555 0 823 186 7 0.0511 564 0 830 189 6 0.0509 65 587 317 835 5 0.0509 440 450 695 707 3 0.0508 310 281 558 522 10 0.0507 496 6 766 192 13 0.0506 639 427 899 646 5 0.0506 305 150 566 379 5 0.0505 171 332 430 568 11 0.0505 440 146 695 370 10 0.0504 508 86 768 316 6 0.0503 2 344 259 582 3 0.0503 515 81 766 322 11 0.0502 179 343 433 570 2 0.0501 443 151 689 369 2 0.0501 180 538 432 781
HTEYpIujWswKqtOcq09QUM2sIdss8YA9,7 0.0656 380 598 627 831 11 0.0652 370 667 630 885 8 0.0647 376 663 626 888 11 0.0645 437 597 695 823 11 0.0636 269 611 631 792 7 0.0632 455 664 710 888 8 0.0632 206 676 562 854 0 0.0631 377 598 627 834 0 0.0615 453 666 707 890 7 0.0614 505 591 755 819 5 0.0612 375 597 624 830 0 0.0607 201 676 576 856 8 0.0603 440 592 686 824 6 0.0601 271 609 635 795 0 0.0601 447 612 808 798 11 0.0600 513 671 762 889 8 0.0600 272 610 620 792 10 0.0597 371 666 629 888 11 0.0593 112 649 377 872 3 0.0592 379 597 624 834 6 0.0588 203 675 578 856 10 0.0585 439 598 690 822 2 0.0572 379 602 625 830 13 0.0570 266 671 642 854 10 0.0568 267 613 629 793 5 0.0558 447 662 703 885 8 0.0547 518 663 754 893 9 0.0546 368 664 629 885 6 0.0544 444 593 694 824 13 0.0541 456 664 713 885 9 0.0538 265 610 631 792 3 0.0538 457 663 703 888 12 0.0538 374 663 634 889 8 0.0537 116 644 369 876 5 0.0532 443 610 804 794 1 0.0532 370 659 632 889 3 0.0524 453 612 807 799 10 0.0523 197 680 570 854 4 0.0519 378 600 628 830 10 0.0516 512 676 759 887 0 0.0513 114 648 376 874 13 0.0509 506 594 762 820 5 0.0506 111 640 368 873 12 0.0504 273 609 633 795 2 0.0503 455 668 706 886 9 0.0501 437 593 693 819
QlG9yTGtp9YDrH6E1l87YM2yYfQXsyuK,11 0.0581 314 663 569 891 11 0.0563 244 732 484 959 11 0.0560 379 738 629 968 5 0.0553 378 731 622 969 7 0.0548 323 663 568 892 8 0.0538 384 733 619 973 7 0.0537 388 733 632 971 11 0.0535 444 395 695 625 0 0.0530 569 471 823 692 11 0.0529 568 466 824 685 8 0.0528 249 727 480 960 11 0.0525 376 605 637 820 6 0.0522 249 728 485 960 7 0.0520 250 729 487 960 10 0.0518 383 735 626 972 10 0.0507 245 734 484 959 0 0.0505 248 727 480 962 5 0.0502 314 661 560 891 3 0.0502 387 734 627 978 3 0.0502 323 663 565 902
MsRAJWN1JX6ZnytRDSbU5jjVhV3S5zWp,14 1.0 0 0 1 1
z5C9j2J1L8FFgeUmBzYuNkn6ABWozQc7,11 0.0631 577 142 832 370 0 0.0618 642 219 891 458 5 0.0607 517 334 761 566 0 0.0596 665 396 898 637 0 0.0591 523 276 776 513 0 0.0590 586 459 838 703 11 0.0587 590 335 838 572 6 0.0577 527 339 775 569 8 0.0575 581 219 828 459 5 0.0575 502 213 765 437 11 0.0572 383 779 637 1014 0 0.0572 594 333 837 580 7 0.0571 636 144 879 377 5 0.0567 632 141 878 376 8 0.0567 64 809 310 1021 6 0.0566 650 3 906 202 2 0.0565 523 284 781 512 5 0.0565 689 21 944 255 6 0.0563 602 283 845 519 6 0.0563 636 81 881 307 5 0.0562 589 277 834 518 11 0.0561 522 280 775 505 6 0.0559 582 147 833 373 13 0.0558 588 225 845 456 11 0.0557 581 456 834 701 0 0.0556 452 202 720 443 13 0.0554 458 205 728 440 11 0.0551 708 337 959 572 8 0.0550 593 332 831 580 6 0.0549 602 400 843 642 11 0.0548 630 79 879 302 3 0.0548 646 222 890 459 2 0.0546 452 209 718 444 8 0.0546 389 777 627 1022 5 0.0545 444 780 695 1022 13 0.0542 649 0 911 204 8 0.0542 570 6 818 249 5 0.0539 578 451 834 696 6 0.0539 650 222 895 448 5 0.0538 564 9 825 247 7 0.0536 585 76 829 305 11 0.0536 370 524 625 757 5 0.0535 55 808 310 1021 0 0.0534 62 816 321 1023 8 0.0533 636 76 868 305 6 0.0526 326 463 571 712 10 0.0524 576 146 828 371 6 0.0523 770 0 1023 201 2 0.0523 373 525 632 761 8 0.0523 452 198 710 448 13 0.0523 601 338 847 581 10 0.0523 643 1 900 200 6 0.0521 393 776 644 1019 0 0.0520 573 11 831 251 13 0.0520 382 521 631 763 7 0.0520 380 521 627 759 0 0.0519 699 24 947 255 7 0.0519 453 785 706 1023 0 0.0519 373 523 627 762 13 0.0516 634 78 890 306 6 0.0515 511 219 781 440 11 0.0515 764 3 1023 199 7 0.0515 588 453 840 701 0 0.0514 500 134 764 360 8 0.0514 497 131 752 365 0 0.0514 510 793 764 1023 13 0.0513 771 0 1023 205 7 0.0510 596 275 841 522 3 0.0510 634 19 881 264 11 0.0509 450 202 718 438 0 0.0507 377 123 646 369 13 0.0507 590 459 844 698 0 0.0507 388 771 639 1023 11 0.0506 573 12 828 244 7 0.0506 526 335 766 573 5 0.0505 384 196 651 434 3 0.0503 453 201 715 446
uSixiHm76d43d9f2hJJzXtdNRCcOuJgY,5 0.0680 320 403 573 641 11 0.0645 386 340 635 574 5 0.0639 388 523 643 775 8 0.0626 249 457 498 709 11 0.0625 322 407 577 639 11 0.0618 452 413 704 638 5 0.0613 243 335 497 569 8 0.0610 324 406 571 641 8 0.0606 185 526 432 778 5 0.0606 441 353 696 583 8 0.0604 443 360 694 585 3 0.0603 321 409 580 648 7 0.0603 396 406 651 644 0 0.0603 320 532 590 786 0 0.0602 325 406 580 643 5 0.0600 247 453 501 708 3 0.0597 390 275 638 508 8 0.0594 321 533 581 783 0 0.0591 321 277 576 507 0 0.0589 389 338 635 579 8 0.0589 395 462 643 700 0 0.0588 398 464 651 703 11 0.0585 250 460 505 705 7 0.0580 251 589 507 838 7 0.0580 327 462 587 710 11 0.0579 244 339 505 569 13 0.0577 255 459 511 712 6 0.0576 327 406 584 638 5 0.0575 330 599 579 847 7 0.0574 395 529 649 779 13 0.0573 323 351 578 587 0 0.0569 185 531 439 781 7 0.0568 320 351 572 584 7 0.0567 189 526 441 778 3 0.0564 451 357 700 590 13 0.0564 256 277 515 509 3 0.0563 400 465 653 707 5 0.0562 315 274 573 504 11 0.0562 316 279 579 506 11 0.0561 319 533 585 784 8 0.0558 250 592 497 841 6 0.0558 254 454 510 709 0 0.0558 248 338 504 570 7 0.0555 245 399 506 640 3 0.0554 324 536 587 785 0 0.0554 252 592 507 843 7 0.0551 385 273 643 505 8 0.0550 244 335 494 570 6 0.0550 255 591 509 834 13 0.0548 189 531 447 780 6 0.0544 185 529 443 779 3 0.0542 252 458 506 713 6 0.0541 446 358 704 584 6 0.0540 326 276 585 504 6 0.0534 250 338 507 567 13 0.0533 401 533 653 778 0 0.0532 254 457 506 708 11 0.0531 186 532 438 777 5 0.0529 182 526 434 779 8 0.0528 385 277 632 504 2 0.0526 326 538 591 787 13 0.0525 255 597 512 840 10 0.0521 244 343 501 568 6 0.0520 296 538 663 724 10 0.0519 399 415 655 643 0 0.0519 421 21 665 255 10 0.0519 317 538 592 786 7 0.0514 256 277 509 504 3 0.0514 247 340 501 575 9 0.0511 324 465 582 704 5 0.0510 387 664 748 853 10 0.0505 249 600 508 838 2 0.0505 324 408 578 643 11 0.0505 250 595 501 837 11 0.0500 531 605 780 829
JyUcy8NPpx14r4boY2t5AO71izEt2mDu,5 0.0622 560 207 815 442 8 0.0613 564 209 812 442 8 0.0607 304 0 557 195 11 0.0600 497 726 754 968 11 0.0593 566 143 819 375 5 0.0593 557 330 800 564 7 0.0593 572 141 820 378 11 0.0592 302 0 568 201 8 0.0585 499 721 749 971 5 0.0581 623 280 887 513 0 0.0574 567 216 817 441 3 0.0569 307 0 564 207 6 0.0569 572 144 823 372 3 0.0568 574 142 817 382 0 0.0567 509 275 761 508 8 0.0566 560 331 797 564 7 0.0564 512 270 765 509 2 0.0560 508 277 766 506 5 0.0555 492 717 752 965 5 0.0552 370 15 637 246 10 0.0551 564 216 818 443 8 0.0547 372 194 640 426 11 0.0543 506 270 764 506 3 0.0539 569 331 799 575 8 0.0537 460 382 702 635 8 0.0536 631 286 884 518 5 0.0536 365 180 650 428 5 0.0535 626 386 883 624 0 0.0535 305 0 565 198 13 0.0527 509 724 764 971 6 0.0527 306 4 570 195 13 0.0521 306 0 575 201 11 0.0520 622 341 881 557 13 0.0519 376 192 660 433 0 0.0519 370 188 649 431 13 0.0516 572 144 825 375 6 0.0515 503 723 759 969 1 0.0513 559 208 817 445 8 0.0511 398 323 638 566 7 0.0509 381 20 640 250 7 0.0508 377 186 654 434 7 0.0506 503 724 760 972 9 0.0506 567 140 821 371 3 0.0503 377 187 652 437
0Tp2XykzNTri9wP2w5AUb4Tlo32tuTsN,8 0.0639 522 453 770 701 8 0.0629 378 389 637 630 11 0.0629 449 454 711 695 5 0.0625 238 446 508 692 5 0.0621 501 326 772 558 8 0.0621 504 327 769 562 11 0.0620 524 518 777 771 5 0.0618 370 386 641 625 11 0.0616 504 330 778 555 13 0.0616 316 453 585 698 7 0.0610 377 389 650 628 0 0.0609 526 523 779 775 7 0.0608 207 411 583 595 8 0.0607 422 0 667 197 0 0.0607 561 671 834 903 13 0.0606 212 410 592 595 11 0.0604 375 390 648 626 0 0.0601 187 515 442 755 11 0.0600 302 453 577 693 0 0.0597 448 457 711 702 5 0.0594 518 454 772 697 13 0.0586 181 445 447 695 7 0.0585 573 594 824 830 11 0.0585 559 671 834 899 6 0.0583 572 598 825 829 3 0.0581 378 389 645 636 11 0.0580 182 517 447 747 5 0.0579 558 666 827 901 8 0.0576 460 515 704 771 6 0.0574 529 459 782 698 8 0.0570 312 450 566 700 0 0.0568 502 791 757 1023 8 0.0567 516 584 767 827 7 0.0567 455 455 712 699 0 0.0566 306 453 581 695 5 0.0564 373 525 635 769 0 0.0564 203 410 582 593 6 0.0563 592 336 838 570 11 0.0561 505 794 755 1021 13 0.0560 389 528 648 771 5 0.0560 499 783 750 1020 8 0.0559 504 14 746 254 13 0.0558 571 595 827 830 0 0.0558 373 390 650 630 0 0.0557 375 528 646 774 7 0.0556 192 515 446 755 3 0.0555 458 455 707 708 7 0.0552 561 23 806 255 7 0.0552 514 662 776 903 2 0.0551 381 530 643 772 13 0.0551 457 459 715 698 6 0.0550 456 592 716 834 3 0.0550 513 327 778 570 5 0.0550 448 581 705 833 8 0.0549 495 200 763 443 6 0.0548 514 662 778 900 7 0.0546 508 790 759 1023 11 0.0546 569 210 833 445 3 0.0544 202 411 582 596 8 0.0542 568 670 829 902 8 0.0542 213 411 570 594 5 0.0541 180 512 439 751 2 0.0540 519 589 775 827 10 0.0539 514 585 771 829 11 0.0538 377 526 641 768 5 0.0535 446 709 706 952 7 0.0535 458 587 714 835 8 0.0533 389 590 639 843 9 0.0533 566 596 824 825 11 0.0530 451 664 708 896 8 0.0530 451 662 709 899 6 0.0527 380 391 653 626 13 0.0526 461 590 713 836 2 0.0526 457 461 707 702 7 0.0526 586 334 840 566 10 0.0525 375 393 648 629 5 0.0525 0 0 226 220 10 0.0525 309 458 576 694 13 0.0525 201 574 462 822 0 0.0520 420 0 677 198 10 0.0519 559 670 829 900 8 0.0518 446 778 691 1013 6 0.0518 507 792 759 1023 5 0.0518 556 22 801 251 7 0.0517 424 0 680 200
0NfCSsK8qtlyks1zPtKvc7mdpgjQ44E5,11 0.0603 318 787 567 1014 8 0.0583 205 873 566 1022 0 0.0571 321 784 571 1020 5 0.0570 316 780 564 1015 7 0.0566 212 872 586 1023 10 0.0565 200 876 581 1023 5 0.0556 116 789 374 1017 7 0.0548 132 793 380 1023 11 0.0547 325 661 590 895 11 0.0534 126 798 372 1017 5 0.0520 746 0 1021 189 11 0.0520 312 534 578 773 11 0.0510 423 526 694 763 3 0.0510 322 786 568 1023 13 0.0510 207 876 587 1023 6 0.0509 212 875 587 1023 8 0.0507 127 794 367 1023 2 0.0501 214 878 579 1023
vHuzjXOvyhTeT7eW0zsikP8Oi7YhvQqv,8 0.0535 453 329 693 567 8 0.0523 372 391 629 640 11 0.0521 371 395 640 638 11 0.0519 504 791 748 1018
JUaBn6i5y2udyN6dVgF2VrNrd1rpD2z4,11 0.0654 295 594 555 815 0 0.0625 184 590 444 840 5 0.0621 437 152 702 378 0 0.0614 300 655 552 882 8 0.0609 304 658 546 881 7 0.0606 303 593 559 823 8 0.0599 189 591 439 840 11 0.0597 186 596 441 833 5 0.0593 690 271 936 511 7 0.0592 193 524 460 776 11 0.0588 683 208 939 432 11 0.0586 243 151 507 366 5 0.0571 188 519 453 773 0 0.0569 443 212 703 438 8 0.0569 443 210 696 436 0 0.0563 557 152 825 367 0 0.0562 684 207 938 436 3 0.0560 303 596 554 829 8 0.0559 194 729 430 959 5 0.0558 558 268 823 498 0 0.0555 239 144 502 377 11 0.0554 369 139 632 355 6 0.0553 188 596 445 837 11 0.0552 556 154 825 362 5 0.0548 293 587 555 821 5 0.0545 752 335 1015 574 6 0.0543 694 206 941 436 10 0.0543 182 597 443 834 13 0.0542 189 594 451 837 6 0.0542 768 344 1023 572 2 0.0541 440 224 703 437 13 0.0540 301 593 563 819 5 0.0539 555 143 822 367 7 0.0538 251 146 507 366 11 0.0537 302 729 551 945 11 0.0535 757 346 1023 576 13 0.0534 690 205 951 435 11 0.0534 319 5 578 245 13 0.0533 566 151 835 365 6 0.0533 303 657 550 879 11 0.0532 685 404 937 624 6 0.0531 693 405 936 624 11 0.0529 186 733 437 959 5 0.0529 682 399 925 622 6 0.0529 451 161 704 381 0 0.0528 370 135 628 364 7 0.0527 187 729 439 962 5 0.0527 315 0 574 243 13 0.0526 191 729 443 964 11 0.0523 562 274 832 496 6 0.0521 573 90 832 300 0 0.0521 185 727 435 964 5 0.0517 237 141 496 372 10 0.0517 370 144 629 355 8 0.0516 559 273 825 500 8 0.0516 769 275 1012 517 3 0.0515 374 133 630 368 8 0.0515 244 145 490 370 10 0.0514 296 599 556 819 8 0.0514 688 339 928 574 3 0.0512 377 0 641 205 3 0.0512 193 597 443 840 1 0.0510 184 590 445 836 6 0.0509 378 0 641 199 8 0.0509 324 4 567 246 7 0.0508 444 215 704 437 3 0.0506 447 211 701 441 13 0.0506 373 3 640 199 0 0.0505 685 405 936 627 13 0.0504 319 136 584 360 7 0.0503 685 202 946 434 8 0.0503 374 137 618 359
T4ttkkJ6rglh6GCl8sjmytczoTaHjJcb,5 0.0638 124 708 366 953 5 0.0634 188 785 429 1020 8 0.0629 192 785 427 1023 7 0.0619 129 710 370 956 11 0.0618 126 711 370 951 11 0.0614 188 788 432 1019 0 0.0610 204 668 564 846 8 0.0608 128 709 367 953 7 0.0606 191 786 435 1022 6 0.0597 129 712 372 953 10 0.0595 125 715 369 951 0 0.0591 127 708 368 956 3 0.0588 131 707 371 960 5 0.0587 312 714 558 962 10 0.0587 195 668 566 845 8 0.0587 201 668 552 841 7 0.0583 319 719 567 969 11 0.0580 0 601 261 825 7 0.0579 204 667 567 844 0 0.0577 119 585 375 821 0 0.0574 190 789 431 1023 5 0.0572 194 666 558 843 11 0.0572 313 719 562 959 3 0.0570 200 668 567 847 5 0.0567 115 585 370 817 0 0.0566 590 1 967 150 8 0.0566 317 717 556 964 11 0.0566 117 589 374 817 6 0.0564 200 669 569 844 13 0.0562 126 711 373 955 8 0.0562 115 587 368 818 6 0.0560 317 720 566 967 0 0.0559 316 718 563 971 11 0.0559 198 668 564 841 6 0.0558 2 596 264 828 10 0.0557 191 793 432 1020 6 0.0555 192 793 434 1023 0 0.0554 771 21 1020 261 3 0.0553 192 787 433 1023 13 0.0552 192 789 437 1023 10 0.0550 115 593 374 820 5 0.0548 586 0 963 146 13 0.0548 206 667 570 843 6 0.0544 118 590 378 822 8 0.0543 771 18 1009 257 7 0.0543 123 584 375 823 8 0.0541 0 594 251 822 2 0.0539 189 792 433 1023 13 0.0539 598 0 979 149 5 0.0536 768 15 1015 256 12 0.0532 128 708 369 954 2 0.0532 128 713 370 954 11 0.0529 769 20 1017 255 11 0.0528 586 2 969 146 2 0.0528 196 670 563 846 13 0.0528 1 597 271 828 7 0.0526 1 598 264 826 8 0.0522 598 0 962 147 0 0.0518 310 533 564 758 10 0.0518 0 600 259 826 10 0.0515 313 720 565 963 13 0.0513 777 16 1023 262 10 0.0513 588 3 970 150 13 0.0513 320 719 569 967 9 0.0512 123 710 371 950 3 0.0511 320 718 563 972 0 0.0510 0 599 257 827 5 0.0508 0 594 254 822 9 0.0505 187 790 433 1021 6 0.0504 592 1 978 146 1 0.0501 189 662 561 843 8 0.0501 120 461 364 699 13 0.0501 120 588 385 821
46ANJgWxUkyJSuYi4UYdoE9J8WWcalxn,7 0.0586 342 603 701 784 0 0.0567 438 593 695 835 7 0.0567 407 665 759 853 5 0.0555 387 665 748 852 11 0.0542 172 591 437 818 0 0.0541 562 663 816 902 8 0.0538 178 588 426 819 11 0.0538 332 607 697 783 8 0.0528 397 667 745 851 8 0.0525 339 605 685 783 11 0.0524 269 472 639 653 11 0.0523 561 664 824 892 0 0.0523 274 470 643 658 0 0.0520 242 383 500 627 6 0.0519 442 593 700 829 10 0.0518 273 476 640 656 10 0.0515 330 609 693 783 0 0.0513 247 590 502 833 11 0.0509 393 670 757 849 8 0.0507 246 384 493 623 7 0.0506 345 0 717 155 7 0.0503 280 467 645 654 7 0.0503 248 588 507 827 0 0.0503 334 2 711 156 10 0.0502 245 597 504 826 7 0.0500 570 660 822 896 7 0.0500 249 380 505 622
eBfrov6Wxd7dfp78NgLBo1FCzZjZVRD4,0 0.0640 182 725 442 969 11 0.0627 185 726 441 965 11 0.0625 391 337 650 568 8 0.0613 186 722 437 968 10 0.0597 181 730 442 964 5 0.0596 449 334 709 577 7 0.0594 186 725 447 963 0 0.0591 395 272 660 510 11 0.0586 439 405 707 636 8 0.0579 456 339 704 577 2 0.0575 183 728 442 966 11 0.0573 751 523 1012 762 5 0.0573 241 341 505 570 8 0.0573 401 270 649 510 5 0.0567 314 264 574 496 0 0.0565 453 341 713 580 5 0.0561 745 575 1017 828 0 0.0560 318 196 576 436 0 0.0559 393 140 656 374 13 0.0556 255 194 516 435 5 0.0556 181 720 437 964 0 0.0555 747 522 1014 766 6 0.0554 325 195 578 434 3 0.0554 124 732 372 977 5 0.0552 560 280 818 516 6 0.0552 402 273 661 506 13 0.0550 398 333 655 570 6 0.0550 385 401 649 633 13 0.0546 329 268 584 504 5 0.0546 375 397 643 633 11 0.0545 319 268 579 498 7 0.0543 459 342 715 581 13 0.0543 185 725 448 967 6 0.0541 460 341 717 578 8 0.0538 385 403 635 635 11 0.0536 387 143 657 372 13 0.0534 753 524 1022 765 6 0.0530 253 345 513 574 13 0.0529 394 139 663 376 6 0.0528 188 722 447 963 13 0.0524 449 402 712 637 0 0.0523 378 401 645 635 3 0.0522 456 343 711 583 5 0.0522 245 187 504 428 7 0.0521 399 274 658 510 3 0.0521 396 272 658 512 9 0.0520 182 725 440 961 7 0.0520 247 346 512 575 10 0.0517 750 528 1014 761 13 0.0514 250 349 517 576 8 0.0510 570 286 812 516 10 0.0510 321 202 574 435 7 0.0509 322 194 576 436 2 0.0508 752 527 1019 763 8 0.0507 748 519 1005 763 5 0.0506 383 137 647 370 8 0.0501 394 135 643 376 7 0.0501 384 402 648 635
dXV5t5DrL0r71MVUm5FmgbAAjjRn00Ok,5 0.0595 494 783 746 1014 0 0.0589 508 459 752 691 0 0.0581 497 787 753 1020 11 0.0581 455 677 819 848 11 0.0573 593 529 830 767 0 0.0573 592 528 829 772 6 0.0572 586 462 830 691 0 0.0571 454 675 822 849 6 0.0567 461 675 829 848 11 0.0567 442 466 699 699 6 0.0562 450 466 701 706 7 0.0558 466 675 828 849 5 0.0557 331 0 705 152 8 0.0557 341 0 692 152 7 0.0556 450 464 702 705 5 0.0555 448 671 814 846 11 0.0552 490 2 762 192 8 0.0551 445 466 692 702 8 0.0551 495 787 744 1016 8 0.0548 459 676 813 847 10 0.0547 335 1 708 152 3 0.0541 496 1 761 198 11 0.0541 549 810 807 1023 5 0.0541 575 456 822 687 8 0.0537 594 529 822 773 13 0.0534 495 0 767 193 13 0.0529 510 457 760 692 6 0.0528 378 9 645 255 13 0.0525 283 1 648 153 13 0.0520 462 675 829 848 7 0.0517 501 787 756 1019 3 0.0516 382 0 647 198 0 0.0516 375 2 641 194 13 0.0510 596 530 837 773 3 0.0501 462 675 824 853
B3QHEl6nPMeaqTNTx0CZpqzXiXrEDZCa,5 0.0659 304 334 565 578 8 0.0644 375 331 631 567 0 0.0618 309 335 571 580 11 0.0615 399 417 757 602 11 0.0611 307 339 569 580 6 0.0609 280 411 654 594 3 0.0606 376 329 634 571 3 0.0599 407 414 756 606 7 0.0598 268 355 644 543 10 0.0595 317 270 569 515 8 0.0594 405 416 748 603 11 0.0586 311 202 571 443 0 0.0583 379 267 635 508 5 0.0582 373 267 631 505 5 0.0580 305 195 569 442 7 0.0577 404 415 759 606 0 0.0576 401 416 751 604 5 0.0573 477 416 821 597 13 0.0573 251 467 502 721 11 0.0571 377 269 638 506 0 0.0569 256 204 511 453 2 0.0565 266 357 633 540 6 0.0564 319 266 574 514 11 0.0563 572 447 826 701 6 0.0562 489 417 829 597 5 0.0562 240 460 494 714 6 0.0561 249 466 501 717 10 0.0559 255 210 508 451 13 0.0558 260 205 518 449 13 0.0555 314 337 575 581 7 0.0551 251 464 499 722 8 0.0550 250 469 489 715 5 0.0549 437 324 701 562 7 0.0548 308 399 575 649 13 0.0547 405 416 759 606 10 0.0544 442 331 709 564 3 0.0542 251 464 495 721 6 0.0540 257 208 512 450 13 0.0540 250 606 514 848 0 0.0539 573 444 821 709 11 0.0539 243 470 496 716 9 0.0538 370 330 635 565 2 0.0537 307 402 569 646 11 0.0537 243 608 507 845 5 0.0536 239 600 500 843 2 0.0536 400 418 753 603 8 0.0533 368 456 626 702 5 0.0529 359 448 632 701 0 0.0526 248 464 497 718 7 0.0520 250 603 507 850 7 0.0519 261 204 513 451 9 0.0518 245 466 494 711 8 0.0518 258 206 502 450 7 0.0515 578 442 829 707 6 0.0514 439 448 703 708 13 0.0513 382 267 638 505 10 0.0513 275 415 649 593 4 0.0510 268 358 641 541 12 0.0508 401 415 754 604 8 0.0506 250 603 496 847 9 0.0505 399 416 757 601 12 0.0502 306 398 571 649
dkiwy1F1213R9E1NZu2wNiFYFxUdcTpV,11 0.0611 368 592 629 831 11 0.0600 247 2 505 196 13 0.0590 188 14 449 248 0 0.0576 241 0 500 197 8 0.0575 138 678 485 860 0 0.0573 195 672 573 858 8 0.0569 371 592 621 832 7 0.0567 374 589 633 832 8 0.0559 324 728 678 913 0 0.0557 371 593 629 832 11 0.0557 327 732 697 907 8 0.0555 246 0 497 197 5 0.0551 240 0 498 194 0 0.0551 194 80 455 330 7 0.0546 338 728 706 913 3 0.0544 249 1 502 201 11 0.0542 442 534 689 767 11 0.0541 195 87 454 329 2 0.0540 372 597 629 831 7 0.0539 247 2 508 198 5 0.0539 134 675 492 859 6 0.0536 372 593 631 835 0 0.0536 261 289 514 512 8 0.0534 199 79 444 334 0 0.0532 747 9 994 246 5 0.0530 367 589 623 829 0 0.0527 328 729 692 914 13 0.0524 259 672 641 854 6 0.0522 250 3 510 195 0 0.0520 401 290 656 522 11 0.0518 112 157 386 385 8 0.0517 448 529 679 771 10 0.0516 244 1 503 194 11 0.0515 132 683 504 859 8 0.0512 400 288 644 516 7 0.0511 402 287 656 520 13 0.0510 443 598 701 837 7 0.0508 320 221 588 456 0 0.0507 186 333 446 572 13 0.0507 118 150 393 392 5 0.0506 398 284 650 517 5 0.0504 743 3 992 244 7 0.0504 255 146 532 387 7 0.0504 264 287 515 513 10 0.0503 260 85 525 318 5 0.0503 322 727 684 911 11 0.0503 749 9 994 240 8 0.0502 313 222 575 454
Lxu1RXMoocmYOITh9ngIVXVtywWeRUDv,8 0.0643 191 727 439 961 11 0.0641 186 730 449 958 7 0.0621 196 726 445 960 7 0.0593 328 725 583 961 11 0.0591 572 344 821 570 5 0.0587 187 723 442 956 5 0.0579 570 340 815 570 11 0.0573 241 668 513 893 11 0.0570 319 729 580 957 0 0.0568 575 344 824 573 8 0.0564 439 801 671 1022 10 0.0561 191 733 446 956 8 0.0559 576 340 811 575 7 0.0554 448 802 685 1019 0 0.0553 195 726 446 963 0 0.0548 239 252 504 488 11 0.0537 511 412 778 635 5 0.0535 505 179 749 403 2 0.0534 578 350 822 569 3 0.0533 196 725 443 966 8 0.0533 251 668 499 897 7 0.0532 577 345 824 571 7 0.0532 252 666 514 895 6 0.0532 195 730 449 957 11 0.0528 378 659 636 882 5 0.0528 496 799 736 1019 3 0.0527 578 345 824 577 11 0.0526 438 802 679 1018 0 0.0524 469 399 721 626 8 0.0524 511 250 752 476 13 0.0524 249 252 513 490 5 0.0523 319 254 573 483 0 0.0515 310 121 572 371 8 0.0514 467 393 711 623 10 0.0512 249 670 511 895 0 0.0510 324 729 577 969 8 0.0509 327 728 569 960 13 0.0509 197 728 452 959 11 0.0509 308 121 577 371 7 0.0508 246 247 506 488 7 0.0506 510 182 757 407 5 0.0504 512 405 770 638 11 0.0503 382 388 643 612 11 0.0501 509 186 755 403
2ZPVeBD59W8KZRqmjYPI0o0WixSmAW7U,0 0.0585 574 416 841 651 11 0.0580 445 400 703 637 5 0.0568 564 520 822 763 11 0.0545 309 396 568 636 11 0.0540 571 527 823 759 0 0.0539 641 535 895 775 7 0.0530 452 400 709 638 6 0.0524 579 416 841 645 6 0.0524 568 522 827 767 11 0.0522 575 419 839 645 5 0.0516 274 338 645 523 3 0.0516 571 524 826 773 5 0.0516 570 412 835 645 11 0.0515 278 342 645 524 3 0.0509 453 401 703 642 8 0.0507 528 547 887 735 13 0.0504 316 396 575 644 7 0.0503 318 393 571 642
IL4kwZFC9ZTf0a1vPhiGAs1ntTsLreVb,0 0.0591 570 401 826 633 11 0.0565 356 665 626 908 10 0.0564 567 401 825 632 7 0.0564 301 662 569 912 13 0.0561 305 658 572 910 5 0.0560 564 396 823 627 5 0.0558 355 654 622 909 0 0.0555 360 661 624 914 11 0.0555 566 401 829 629 13 0.0545 573 400 834 633 6 0.0541 302 658 569 905 8 0.0536 365 664 619 911 8 0.0525 570 398 821 631 0 0.0517 508 335 768 576 11 0.0516 179 341 434 556 3 0.0514 573 397 829 635 7 0.0514 572 397 830 630 13 0.0506 511 331 774 573 6 0.0505 573 399 830 631 3 0.0503 364 661 626 919 8 0.0500 563 271 822 503
P7q2ckDKfCwzSRcYUbkMGHKeYI464JKx,11 0.0668 391 608 648 842 7 0.0619 395 604 649 848 11 0.0617 442 462 690 701 0 0.0600 390 604 647 848 8 0.0597 390 601 638 847 3 0.0593 393 603 646 850 5 0.0587 389 527 639 765 6 0.0586 394 530 647 766 11 0.0572 382 138 642 367 8 0.0565 440 460 682 703 5 0.0558 378 134 633 364 5 0.0557 447 595 713 847 7 0.0556 386 468 634 699 3 0.0554 388 138 638 373 2 0.0552 394 534 646 767 13 0.0541 385 468 637 696 7 0.0538 460 526 712 779 8 0.0528 317 789 551 1019 10 0.0525 391 607 648 842 11 0.0524 312 78 565 308 8 0.0522 385 135 632 366 3 0.0521 382 466 631 703 0 0.0520 378 139 640 367 7 0.0520 316 795 565 1021 0 0.0519 382 463 633 698 5 0.0519 304 790 556 1014 7 0.0515 383 138 644 374 0 0.0512 454 527 709 780 10 0.0512 442 464 690 702 13 0.0512 395 604 654 847 6 0.0503 452 603 722 847 3 0.0502 457 524 707 781
bWo6KwRqpj2vBcApoZXHyhOo9u2jVhoS,8 0.0572 319 0 568 201 11 0.0568 311 1 575 200 6 0.0552 319 0 576 201 5 0.0549 432 11 700 236 13 0.0546 320 3 582 202 5 0.0544 311 0 572 198 3 0.0533 387 17 656 248 7 0.0519 443 451 708 696 10 0.0513 313 5 575 198 8 0.0510 623 0 885 203 11 0.0505 576 528 830 756 11 0.0504 422 518 686 761 0 0.0502 316 0 574 200 7 0.0501 316 0 579 200
GEUfmZIJUR14ApxrHKtP1loVaqOZRmME,11 0.0559 262 391 526 636 8 0.0523 202 388 447 641 13 0.0508 511 0 777 193 11 0.0502 186 330 453 569 0 0.0502 508 4 766 194
Bg99w1Xcr4BTCdSes8BY0BGHkeLLAsWe,8 0.0638 150 672 480 853 11 0.0623 140 676 486 850 11 0.0622 501 588 759 828 11 0.0620 379 394 639 625 0 0.0615 320 444 570 685 5 0.0611 142 671 481 852 0 0.0611 195 595 458 833 0 0.0605 505 583 754 832 0 0.0593 384 390 640 630 7 0.0580 201 591 460 830 8 0.0574 324 374 565 610 8 0.0571 505 585 749 831 5 0.0566 340 415 695 600 3 0.0565 155 674 489 855 6 0.0561 196 595 462 830 5 0.0561 324 522 574 762 11 0.0557 322 323 565 552 10 0.0555 504 586 754 829 8 0.0555 326 528 572 762 8 0.0549 572 534 806 770 6 0.0549 509 587 756 832 0 0.0544 324 322 566 561 3 0.0541 392 393 641 634 5 0.0541 243 366 498 611 0 0.0539 244 371 499 617 11 0.0536 326 529 578 761 7 0.0536 326 526 583 761 13 0.0535 507 582 762 830 8 0.0535 386 453 633 688 10 0.0533 255 599 526 835 2 0.0531 330 533 578 763 7 0.0530 387 391 646 627 13 0.0529 150 671 492 852 3 0.0525 331 328 567 565 13 0.0524 325 445 578 683 11 0.0517 240 375 500 612 8 0.0515 245 450 490 688 10 0.0513 631 524 880 775 10 0.0510 327 531 581 762 11 0.0510 364 722 618 953 3 0.0509 507 584 753 836 8 0.0509 816 516 1018 764 11 0.0508 430 787 674 1010 0 0.0508 366 718 622 960 7 0.0507 509 583 761 832 10 0.0507 386 457 643 689 13 0.0504 373 717 628 960 6 0.0501 331 529 584 762
vT3dz1jFlgsWKGOt7NlpP3IOOLovzZrj,11 0.0622 442 466 696 714 0 0.0609 444 467 698 717 5 0.0590 512 457 764 715 7 0.0589 445 462 704 719 6 0.0583 445 469 702 718 7 0.0580 245 457 513 700 8 0.0576 444 465 689 714 0 0.0574 244 458 508 702 11 0.0571 239 460 507 699 0 0.0568 563 470 828 718 10 0.0564 442 468 700 715 3 0.0564 445 467 698 723 13 0.0561 517 463 775 716 3 0.0555 246 459 507 705 11 0.0555 172 524 437 761 11 0.0553 561 473 827 713 8 0.0552 244 458 502 698 3 0.0551 177 522 436 770 6 0.0542 563 474 828 718 7 0.0537 175 521 445 763 5 0.0533 238 451 503 698 7 0.0531 566 471 832 717 8 0.0530 176 522 428 761 10 0.0526 171 531 440 761 10 0.0524 239 461 511 697 0 0.0523 176 525 437 767 2 0.0520 445 469 697 716 8 0.0516 564 471 817 715 10 0.0516 562 475 828 716 1 0.0515 444 457 699 716 9 0.0514 440 465 696 713 13 0.0506 246 456 517 700 2 0.0505 242 462 506 703 6 0.0502 244 458 513 698 13 0.0502 179 518 446 762
k2v7u2JrPyqRPkriaEgDoOWN11hq1THW,5 0.0692 508 780 753 1012 11 0.0644 321 672 689 851 11 0.0642 510 674 782 907 0 0.0617 321 671 690 854 0 0.0615 504 724 757 963 11 0.0609 511 781 755 1010 8 0.0608 326 671 683 853 5 0.0602 435 717 681 959 7 0.0598 329 670 693 852 6 0.0592 330 673 695 855 0 0.0592 190 645 450 889 11 0.0591 433 722 689 960 6 0.0590 441 724 692 966 8 0.0589 437 720 684 965 11 0.0586 189 649 453 882 5 0.0582 319 669 680 852 7 0.0582 510 724 763 958 10 0.0581 190 588 440 817 10 0.0580 503 724 757 960 10 0.0579 324 674 683 852 8 0.0577 511 777 751 1014 0 0.0570 0 679 305 854 11 0.0569 0 680 307 849 8 0.0568 519 674 777 913 5 0.0566 511 670 778 912 3 0.0556 328 673 690 859 0 0.0555 579 788 828 1023 13 0.0554 329 673 698 853 7 0.0553 195 646 449 885 13 0.0547 516 784 761 1016 13 0.0544 441 722 694 967 8 0.0543 192 582 434 819 7 0.0536 71 577 323 819 6 0.0536 194 586 446 819 8 0.0532 184 327 433 550 5 0.0531 186 644 444 886 7 0.0527 383 720 633 973 10 0.0525 381 721 629 972 0 0.0524 320 457 559 688 6 0.0524 517 677 783 914 5 0.0523 367 775 613 1019 8 0.0518 4 674 294 852 6 0.0518 168 265 442 490 11 0.0515 160 269 438 487 1 0.0515 317 668 688 855 3 0.0514 192 586 441 826 3 0.0511 441 722 688 972 0 0.0509 112 275 377 500 2 0.0509 1 683 306 855 13 0.0508 376 785 628 1023 13 0.0506 193 645 458 889 2 0.0505 327 675 690 853 11 0.0505 308 728 564 968 10 0.0502 53 673 427 845 2 0.0500 506 726 759 956
1B8mJEJK7pvy30543fFKSpHsGK8Mns89,7 0.0652 432 784 687 1023 8 0.0642 556 780 786 1017 5 0.0637 490 778 729 1019 8 0.0626 430 784 678 1023 11 0.0618 303 729 576 962 0 0.0617 497 730 746 971 5 0.0615 352 779 619 1023 0 0.0610 312 592 570 833 11 0.0609 393 746 748 919 13 0.0597 307 665 576 908 0 0.0597 241 389 509 636 0 0.0593 310 461 564 705 6 0.0590 430 789 689 1019 11 0.0586 313 597 572 825 5 0.0584 311 532 562 764 11 0.0582 243 453 508 686 3 0.0582 361 786 622 1023 11 0.0581 385 339 644 576 13 0.0580 363 785 626 1021 7 0.0579 317 596 570 830 6 0.0577 249 451 510 688 5 0.0574 318 677 687 856 0 0.0572 357 784 621 1023 8 0.0572 293 781 549 1023 13 0.0571 240 729 516 970 7 0.0570 557 782 797 1017 10 0.0568 393 747 749 919 11 0.0567 242 335 509 568 13 0.0566 496 784 737 1022 10 0.0562 301 730 573 960 7 0.0562 294 782 559 1023 11 0.0562 491 786 731 1019 3 0.0560 493 783 734 1023 7 0.0560 309 390 571 639 6 0.0559 241 724 511 968 7 0.0558 253 516 510 754 2 0.0556 359 788 622 1023 8 0.0554 314 462 558 700 5 0.0553 239 384 506 630 10 0.0552 492 788 734 1022 8 0.0551 681 788 918 1017 6 0.0547 401 746 750 920 2 0.0547 246 456 506 689 2 0.0546 331 748 695 925 10 0.0545 320 680 692 856 13 0.0544 319 537 572 771 0 0.0543 308 330 576 566 8 0.0543 303 663 569 904 13 0.0542 248 452 510 692 8 0.0541 433 669 685 902 9 0.0537 429 787 687 1021 0 0.0536 677 790 922 1021 3 0.0534 327 678 694 860 10 0.0533 241 390 506 631 11 0.0532 384 472 636 715 11 0.0531 612 779 851 1005 13 0.0531 440 673 696 903 2 0.0530 239 733 509 969 6 0.0529 558 786 795 1009 5 0.0528 558 723 804 958 6 0.0524 318 535 572 767 2 0.0524 314 597 572 829 10 0.0523 245 520 505 753 7 0.0522 195 391 460 635 0 0.0521 246 262 505 500 5 0.0519 306 325 572 563 6 0.0518 253 333 512 571 5 0.0517 496 661 750 893
saF7OKFUWJlWyc6OGljHzKSM35z1oX0r,11 0.0646 315 601 569 839 7 0.0639 378 592 632 836 11 0.0628 310 469 570 711 5 0.0625 371 588 626 834 0 0.0607 318 598 567 843 8 0.0606 313 669 554 905 5 0.0601 241 583 499 838 7 0.0594 250 585 503 839 8 0.0586 374 593 623 834 3 0.0578 374 664 621 905 5 0.0577 307 663 557 905 10 0.0573 244 596 498 839 0 0.0566 316 467 565 713 8 0.0562 181 714 432 962 8 0.0561 244 589 496 837 6 0.0556 317 603 573 838 11 0.0554 244 522 497 769 8 0.0551 304 531 554 769 7 0.0551 314 669 563 902 10 0.0545 6 603 247 831 10 0.0540 304 538 558 772 3 0.0538 315 469 567 715 8 0.0535 62 600 293 832 0 0.0534 248 514 495 773 9 0.0533 300 526 557 764 0 0.0532 2 595 245 839 10 0.0528 372 601 627 835 11 0.0524 2 600 245 834 5 0.0523 0 592 240 834 6 0.0520 314 473 573 709 0 0.0520 312 730 569 965 11 0.0519 366 276 617 502 13 0.0516 377 596 635 836 2 0.0515 246 593 505 844 13 0.0511 6 595 245 835 7 0.0510 8 597 246 838 6 0.0509 4 594 251 833 12 0.0504 321 598 568 843 13 0.0500 315 468 577 710
SibvPDJs8Mv0KzA3NLWjD8y5pZCxkpJE,0 0.0555 190 279 431 521 11 0.0547 194 208 434 449 8 0.0525 194 205 421 452 13 0.0517 194 280 441 521 5 0.0513 185 276 427 514 11 0.0503 186 796 446 1010
m78iBtFqsheZby6gXpXAaZfwWDYSUAaw,8 0.0587 254 197 483 435 11 0.0576 238 408 502 641 6 0.0568 316 405 574 636 11 0.0566 249 205 490 433 8 0.0565 331 345 569 574 7 0.0559 254 197 494 435 11 0.0554 274 360 639 534 0 0.0550 439 353 682 572 6 0.0548 324 274 573 509 13 0.0544 331 345 584 578 0 0.0543 215 414 567 598 6 0.0541 253 337 501 575 10 0.0539 241 411 502 642 6 0.0539 252 201 494 439 6 0.0537 384 345 636 581 0 0.0535 187 282 431 526 8 0.0535 188 280 423 524 3 0.0534 370 470 628 702 3 0.0533 328 344 575 583 5 0.0531 184 340 428 581 6 0.0529 245 466 496 702 13 0.0528 370 472 635 701 0 0.0528 427 465 681 691 11 0.0528 185 345 433 584 13 0.0527 252 269 505 511 8 0.0525 314 464 551 697 7 0.0525 388 343 639 582 8 0.0524 384 272 623 511 5 0.0522 236 399 499 639 5 0.0522 174 206 422 446 5 0.0520 375 341 630 576 11 0.0520 290 541 559 762 8 0.0518 114 585 339 835 7 0.0518 372 469 633 697 8 0.0517 426 462 669 688 13 0.0513 247 405 510 646 6 0.0512 446 408 693 634 5 0.0511 436 267 690 510 8 0.0508 179 142 417 376 6 0.0508 179 398 432 645 5 0.0507 244 264 494 503 0 0.0506 310 463 558 699 3 0.0505 246 405 500 648 11 0.0505 373 407 646 635 8 0.0505 183 449 428 702 7 0.0505 387 198 634 445 0 0.0505 318 198 556 442 11 0.0503 509 475 757 690
C1O1xdupzegpzDnTUrHavJikfYMx4T7t,8 0.0582 309 403 574 645 8 0.0575 306 531 557 768 0 0.0566 105 0 387 189 11 0.0565 0 193 213 438 8 0.0560 375 353 637 576 5 0.0550 0 187 211 440 8 0.0549 105 0 380 189 5 0.0546 103 0 381 185 0 0.0543 309 452 568 704 11 0.0540 301 455 569 698 13 0.0531 111 3 395 192 11 0.0523 105 3 383 189 10 0.0519 104 1 384 184 6 0.0516 111 4 386 189 3 0.0516 107 0 387 196 3 0.0514 1 191 216 448 6 0.0514 310 408 587 645 13 0.0512 309 454 575 700 6 0.0512 0 194 216 443 11 0.0506 369 352 648 578 7 0.0502 308 400 588 644
9xQMu8P05DUeG8UmpTDVtUvlqKcTWXxl,8 0.0663 248 478 500 710 8 0.0662 296 548 642 739 11 0.0646 380 593 635 841 0 0.0646 325 472 575 705 11 0.0637 250 528 500 766 7 0.0635 313 590 564 831 5 0.0625 244 474 501 709 5 0.0625 248 583 502 835 11 0.0622 169 476 439 711 7 0.0620 259 526 504 767 7 0.0616 392 530 645 775 7 0.0604 327 471 578 705 11 0.0604 441 542 698 772 0 0.0600 132 0 515 153 0 0.0598 390 536 641 778 8 0.0596 249 657 500 904 11 0.0596 250 414 521 636 0 0.0594 256 413 517 640 6 0.0593 321 525 567 762 11 0.0592 244 657 507 899 5 0.0591 234 338 515 573 5 0.0591 391 480 634 711 8 0.0588 381 655 635 902 5 0.0587 380 589 632 840 7 0.0583 257 411 522 643 5 0.0583 560 465 829 695 10 0.0583 389 536 645 776 10 0.0580 322 477 579 703 5 0.0575 305 652 568 893 8 0.0572 326 415 577 639 13 0.0571 188 394 453 644 6 0.0569 191 397 448 642 3 0.0565 382 657 641 907 0 0.0565 377 660 643 905 13 0.0563 251 477 512 711 7 0.0562 380 654 646 901 6 0.0561 388 595 639 844 6 0.0561 397 489 638 713 7 0.0561 175 472 440 718 3 0.0560 185 394 447 648 0 0.0560 258 528 503 769 11 0.0558 367 800 615 1023 0 0.0557 451 599 700 833 13 0.0557 386 591 641 840 11 0.0556 443 727 691 959 3 0.0555 323 525 565 764 5 0.0550 323 410 579 639 3 0.0550 255 591 505 840 10 0.0549 254 534 504 769 0 0.0549 184 329 446 584 7 0.0548 254 656 510 899 5 0.0546 493 413 752 641 8 0.0546 506 483 750 715 5 0.0543 321 70 573 305 8 0.0543 177 525 425 773 8 0.0538 333 76 574 307 2 0.0536 312 597 559 836 13 0.0535 257 8 516 255 7 0.0535 374 799 619 1023 5 0.0534 185 0 444 199 6 0.0532 257 590 509 837 3 0.0532 458 595 696 835 10 0.0530 505 492 762 714 10 0.0530 310 597 562 836 0 0.0530 247 655 510 902 0 0.0530 334 78 580 309 11 0.0530 561 468 836 698 13 0.0528 314 655 574 896 3 0.0528 331 414 580 647 11 0.0528 186 2 450 202 8 0.0526 186 393 440 640 8 0.0526 133 3 500 149 6 0.0525 330 417 584 642 7 0.0524 184 587 438 837 0 0.0524 176 478 438 715 6 0.0522 249 343 520 577 5 0.0521 362 793 612 1019 13 0.0521 330 415 588 638
BTbghKJpWAlBlaF7YfqmVMiJsnDhSOBB,11 0.0551 634 654 893 889 6 0.0535 638 654 902 889 11 0.0522 447 330 705 558 0 0.0516 634 656 896 892 3 0.0514 452 327 704 566 5 0.0514 240 320 513 564 8 0.0507 450 328 696 559 7 0.0506 451 330 706 560
ArmbBM0NV1aMon2c1c21V5ZuioGOHWXj,8 0.0649 395 77 639 297 0 0.0621 268 68 518 312 8 0.0621 264 133 510 368 5 0.0613 326 0 579 235 0 0.0609 335 0 582 233 11 0.0601 317 72 575 300 8 0.0599 340 0 570 232 11 0.0593 261 136 521 369 0 0.0583 395 79 647 302 6 0.0572 267 135 529 367 8 0.0568 323 200 569 428 7 0.0566 265 134 533 370 11 0.0565 246 259 510 496 0 0.0559 258 191 523 435 11 0.0557 320 200 580 431 13 0.0550 269 132 535 368 6 0.0548 334 1 585 235 11 0.0542 448 91 717 312 5 0.0541 443 79 711 308 3 0.0539 333 0 579 240 6 0.0536 198 256 452 486 7 0.0536 332 0 586 237 8 0.0535 255 255 498 493 13 0.0532 326 68 586 299 5 0.0530 257 60 513 312 0 0.0530 378 281 638 517 6 0.0521 324 269 581 509 5 0.0518 242 323 498 564 8 0.0517 306 483 555 714 3 0.0512 457 81 714 317 5 0.0509 185 250 443 484 7 0.0506 396 80 655 306 6 0.0503 396 78 653 303
nQHpSJ1LGwfzAUF2GwvZxzMoG1Ya1ByX,11 0.0624 564 378 822 621 5 0.0622 561 449 817 700 5 0.0620 564 307 830 566 8 0.0616 566 378 813 623 5 0.0607 181 386 419 617 0 0.0607 567 455 825 699 0 0.0600 503 323 764 562 8 0.0596 502 317 756 563 6 0.0595 566 378 824 624 7 0.0587 567 454 829 701 3 0.0569 567 381 822 629 13 0.0560 568 456 830 700 0 0.0557 185 391 420 623 11 0.0546 181 460 423 697 11 0.0545 561 262 832 505 7 0.0540 506 320 766 565 11 0.0531 291 464 560 688 3 0.0530 186 394 419 629 2 0.0525 565 461 822 700 5 0.0524 379 12 637 224 5 0.0519 436 324 695 570 7 0.0517 188 459 422 697 13 0.0517 261 0 523 204 5 0.0516 558 198 838 447 7 0.0514 369 798 643 1023 3 0.0514 445 330 697 581 8 0.0509 192 459 415 696 9 0.0509 500 323 760 557 8 0.0507 299 464 547 690 0 0.0506 504 212 767 450 0 0.0505 249 3 518 205 10 0.0502 564 460 826 698
3JlSg6gOPSeiWysCdk4PiSlfTg7JM2fx,11 0.0618 365 264 619 494 8 0.0606 379 147 627 381 11 0.0604 379 146 638 379 7 0.0593 322 247 573 498 11 0.0590 345 478 715 658 11 0.0578 249 387 509 630 5 0.0574 306 315 567 558 6 0.0571 326 130 590 384 3 0.0567 393 91 645 336 7 0.0566 354 476 721 661 8 0.0564 366 266 613 495 7 0.0559 378 325 632 565 3 0.0557 369 265 620 505 13 0.0557 320 126 590 386 11 0.0557 367 534 629 773 5 0.0556 308 193 574 435 8 0.0553 497 459 751 703 0 0.0552 373 329 629 565 5 0.0551 368 384 632 628 6 0.0550 314 320 573 559 5 0.0549 248 381 504 632 0 0.0549 381 144 634 382 7 0.0547 257 384 505 636 0 0.0546 346 477 716 663 13 0.0545 309 386 573 634 7 0.0543 547 531 825 767 8 0.0540 550 528 811 764 13 0.0537 551 533 826 765 8 0.0536 373 389 628 630 8 0.0535 383 18 632 258 0 0.0534 252 388 511 637 11 0.0533 373 19 641 254 5 0.0529 303 446 570 700 7 0.0528 377 534 628 778 13 0.0527 317 516 581 766 13 0.0527 321 253 578 500 13 0.0524 160 0 521 161 0 0.0522 150 2 509 157 11 0.0522 248 515 510 768 5 0.0522 384 88 644 329 13 0.0521 376 330 636 564 6 0.0520 311 453 576 698 8 0.0520 310 453 563 696 10 0.0519 315 199 578 439 2 0.0519 376 464 638 705 10 0.0519 372 334 631 563 8 0.0516 254 384 499 633 6 0.0516 341 414 707 598 3 0.0513 375 390 633 634 0 0.0512 320 252 573 498 11 0.0511 151 2 511 156 6 0.0511 272 78 630 271 6 0.0510 377 533 630 773 13 0.0509 499 455 770 705 10 0.0507 375 468 639 707 0 0.0502 379 20 639 256 5 0.0502 542 526 813 764
Cjtrn1Gbp8jItgH3NoGqsWkCB02pEJ41,8 0.0582 442 714 687 960 11 0.0557 442 717 695 956 11 0.0536 178 731 458 964 7 0.0532 512 713 761 951 13 0.0525 512 710 762 955 0 0.0525 509 709 756 956 5 0.0518 440 710 690 957 10 0.0511 506 714 757 954
jfDuQlB1RjBwI9uZ5dGoLUrBKifDU9Uu,0 0.0571 69 795 451 972 11 0.0563 311 667 563 892 8 0.0550 69 794 438 967 7 0.0546 318 660 567 896 5 0.0533 65 790 443 968 7 0.0530 82 790 455 966 5 0.0525 308 659 556 894 0 0.0525 313 662 566 900 8 0.0514 317 665 552 895 10 0.0513 62 798 451 968 11 0.0503 71 795 456 964 11 0.0501 60 214 334 436 6 0.0501 80 796 458 966
OgBMd0k2rvEX1Ns9aV1UwFZSdJsw3UC7,11 0.0580 487 487 758 705 7 0.0561 311 462 565 709 8 0.0559 373 467 624 706 0 0.0556 497 542 749 775 11 0.0554 448 595 694 830 8 0.0546 685 70 934 311 6 0.0546 451 593 697 831 8 0.0546 433 531 680 761 7 0.0544 439 526 692 768 0 0.0543 682 71 940 314 5 0.0543 682 65 939 312 8 0.0543 380 152 638 382 11 0.0543 681 72 940 308 5 0.0537 370 464 628 710 0 0.0537 374 390 626 641 3 0.0537 454 596 691 838 6 0.0534 373 532 632 767 6 0.0534 306 465 566 708 8 0.0530 304 392 551 631 11 0.0529 374 468 630 711 6 0.0527 686 72 942 310 0 0.0526 308 466 561 713 0 0.0523 753 144 1015 398 13 0.0518 203 218 476 477 11 0.0516 305 534 563 777 11 0.0515 252 275 508 488 7 0.0514 319 599 572 841 11 0.0513 377 154 650 380 8 0.0513 491 483 752 703 0 0.0510 372 534 628 768 11 0.0510 576 203 825 455 0 0.0508 509 197 756 443 6 0.0508 377 391 630 641 6 0.0508 493 486 760 706 6 0.0507 319 603 570 842 11 0.0507 432 396 690 636 11 0.0506 750 151 1014 397 8 0.0504 312 604 552 840 5 0.0503 300 529 560 776 11 0.0501 301 397 562 635 13 0.0501 376 530 637 764 13 0.0500 375 392 635 639
MR5SrlcLK3qu20GlSkO6LA6IGFfaEKFh,6 0.0596 260 397 522 639 5 0.0594 249 394 513 635 11 0.0591 306 529 572 768 11 0.0581 308 402 576 641 8 0.0579 187 326 441 584 7 0.0575 190 329 452 578 8 0.0575 316 401 566 641 5 0.0575 249 512 511 759 7 0.0569 257 448 519 700 0 0.0567 253 454 516 701 3 0.0565 314 402 579 647 8 0.0565 314 528 561 767 6 0.0565 190 330 455 582 0 0.0564 185 332 447 581 13 0.0564 316 456 575 703 10 0.0562 309 537 572 766 5 0.0562 192 341 571 522 8 0.0562 453 462 693 700 11 0.0560 185 332 450 581 10 0.0558 250 457 515 698 7 0.0555 284 343 638 531 11 0.0555 273 347 633 528 11 0.0551 372 463 636 702 3 0.0550 278 347 633 535 6 0.0549 258 519 515 765 6 0.0547 11 0 372 155 3 0.0541 459 463 703 708 2 0.0539 452 468 702 700 8 0.0538 191 449 438 711 13 0.0535 328 599 580 832 13 0.0534 189 333 452 586 7 0.0533 453 460 705 699 5 0.0533 444 459 698 696 0 0.0533 312 529 571 769 13 0.0533 272 411 637 595 2 0.0526 314 407 574 644 6 0.0525 327 335 584 577 6 0.0523 450 404 692 645 8 0.0522 7 0 349 159 11 0.0518 318 669 583 902 3 0.0518 191 333 450 591 0 0.0515 264 410 633 591 13 0.0514 194 451 452 712 8 0.0513 252 258 506 509 0 0.0513 446 404 686 644 0 0.0513 254 261 514 509 13 0.0513 446 406 696 644 5 0.0510 116 395 384 629 10 0.0509 453 466 701 701 0 0.0509 6 0 366 163 13 0.0508 306 4 572 198 10 0.0508 186 339 446 580 7 0.0506 323 598 579 826 5 0.0506 297 0 557 195 11 0.0506 295 3 565 195 6 0.0501 330 600 574 830
HWnIoeiV4Cs95gWU4GJWswibWbJgS3Hg,8 0.0643 0 0 250 211 11 0.0601 266 151 507 392 8 0.0599 42 79 286 312 0 0.0586 384 325 636 555 8 0.0586 385 326 631 555 0 0.0584 263 153 506 400 5 0.0581 367 133 642 377 5 0.0580 375 263 632 503 11 0.0579 374 141 643 379 5 0.0572 0 0 256 214 0 0.0571 2 1 257 219 7 0.0570 381 138 648 385 5 0.0569 61 775 303 1013 11 0.0569 0 3 256 214 11 0.0563 372 271 637 501 0 0.0562 66 783 310 1018 11 0.0561 192 780 439 1004 6 0.0561 64 1 323 215 3 0.0559 386 269 635 509 13 0.0559 319 210 582 449 6 0.0559 386 326 644 556 11 0.0558 64 778 307 1014 3 0.0556 0 0 257 223 13 0.0555 380 138 654 382 11 0.0548 47 79 293 310 5 0.0546 40 78 291 315 8 0.0545 198 779 435 1010 8 0.0545 67 773 301 1019 7 0.0542 383 266 637 507 7 0.0536 457 396 707 623 3 0.0534 384 143 647 391 8 0.0531 318 210 566 449 10 0.0530 0 5 259 214 5 0.0530 309 203 571 444 6 0.0530 69 781 307 1016 7 0.0530 198 777 446 1007 13 0.0529 0 0 267 212 0 0.0527 374 141 643 388 0 0.0527 47 85 298 318 8 0.0525 494 209 742 453 10 0.0520 63 782 304 1013 11 0.0520 385 402 642 627 7 0.0519 491 208 753 460 5 0.0519 483 202 744 455 13 0.0519 384 272 641 505 7 0.0519 2 0 265 214 0 0.0515 496 341 756 566 7 0.0515 52 76 305 313 7 0.0514 75 713 311 962 11 0.0512 306 785 560 1013 8 0.0511 452 399 697 624 5 0.0511 314 324 559 550 0 0.0511 250 334 501 575 3 0.0509 505 344 755 569 7 0.0508 196 200 456 446 5 0.0507 188 777 436 1004 8 0.0503 189 201 441 448 0 0.0503 487 210 747 457 9 0.0503 59 777 311 1009 0 0.0502 328 392 574 621 3 0.0500 73 780 304 1023 10 0.0500 388 331 642 552
INIawagjytola8QCkqUwIQG9SCWYCB49,5 0.0633 198 277 572 464 0 0.0603 446 331 698 573 11 0.0596 398 205 662 439 7 0.0593 339 198 605 448 5 0.0593 441 330 700 569 3 0.0590 337 203 602 449 11 0.0589 445 332 700 568 13 0.0583 259 271 526 520 8 0.0580 448 329 695 571 0 0.0577 387 395 637 643 8 0.0576 388 394 631 640 0 0.0575 331 202 600 442 8 0.0572 335 206 589 445 11 0.0571 380 399 639 639 11 0.0567 251 276 519 515 6 0.0566 385 398 640 643 5 0.0554 382 393 636 640 7 0.0551 258 272 522 519 7 0.0547 450 330 704 572 8 0.0545 330 458 575 701 5 0.0544 243 117 517 357 5 0.0543 378 270 639 508 13 0.0543 390 394 642 643 3 0.0540 452 330 702 577 13 0.0539 385 273 649 513 6 0.0538 448 336 706 572 8 0.0536 395 115 654 350 6 0.0532 261 275 522 516 11 0.0527 377 0 636 216 11 0.0527 295 790 568 1019 6 0.0524 338 205 605 441 5 0.0521 685 214 933 463 9 0.0521 384 206 661 430 6 0.0519 702 220 938 461 10 0.0518 448 335 703 571 6 0.0518 643 155 876 386 10 0.0515 255 206 523 433 0 0.0510 370 525 634 765 7 0.0510 254 119 519 359 2 0.0505 449 337 699 570 8 0.0502 318 588 573 833
2lHx9HjEKoof9wITtxHuc9y036QOhrSc,0 0.0615 631 807 890 1023 11 0.0546 379 259 651 476 10 0.0533 635 812 886 1021 5 0.0532 628 804 883 1019 11 0.0523 635 806 886 1021 0 0.0507 312 337 570 560 8 0.0505 636 802 880 1022 7 0.0502 637 804 894 1023 11 0.0501 307 338 573 551
ARIAWDVDwnQ7LhjOzRk0siLvVMDvw8JX,11 0.0614 387 262 654 505 8 0.0611 493 682 757 916 11 0.0601 427 604 688 837 11 0.0598 499 543 742 781 6 0.0582 434 606 686 837 3 0.0582 325 320 588 584 5 0.0580 427 597 681 835 8 0.0576 504 546 736 781 11 0.0576 486 687 767 912 3 0.0572 392 263 653 514 11 0.0566 309 136 598 369 11 0.0566 174 131 433 367 3 0.0564 434 602 685 843 8 0.0560 324 314 577 572 0 0.0559 318 314 588 571 5 0.0552 486 677 764 914 11 0.0552 121 214 381 451 13 0.0551 327 318 596 574 5 0.0549 382 260 649 503 7 0.0546 326 317 592 571 3 0.0543 507 543 740 786 0 0.0543 486 611 749 847 13 0.0542 487 614 757 849 8 0.0542 127 206 374 460 6 0.0542 503 545 745 780 7 0.0541 427 795 697 1023 5 0.0538 175 129 428 365 7 0.0538 193 254 460 506 5 0.0537 246 247 520 493 8 0.0536 431 605 679 836 8 0.0535 387 260 644 507 7 0.0535 439 544 682 773 7 0.0533 395 203 654 446 3 0.0530 493 682 767 920 0 0.0529 247 195 507 439 6 0.0529 491 685 771 914 13 0.0528 136 148 384 382 5 0.0527 119 204 380 450 0 0.0526 131 147 375 380 5 0.0523 498 539 737 777 7 0.0522 187 129 439 371 5 0.0522 480 798 743 1022 11 0.0521 242 197 509 439 13 0.0521 391 207 658 442 5 0.0520 307 137 587 368 8 0.0520 180 132 423 375 7 0.0517 495 683 772 918 13 0.0514 252 197 512 446 11 0.0514 295 728 563 961 3 0.0513 255 253 521 507 6 0.0511 323 258 600 505 8 0.0508 320 200 575 445 10 0.0508 125 145 374 377 10 0.0507 438 546 679 770 2 0.0506 249 200 500 444 13 0.0506 491 808 761 1023 2 0.0503 506 550 747 781 3 0.0502 131 276 387 532 11 0.0502 328 4 607 248 9 0.0501 313 262 585 498
6k6rYD8WPB5uJlp3pHGzmOFdXToS3KmS,13 0.0617 251 0 520 193 11 0.0607 308 5 570 248 8 0.0603 250 0 506 189 8 0.0588 252 146 504 393 0 0.0586 309 6 570 252 8 0.0584 443 8 697 261 11 0.0582 438 10 707 253 7 0.0580 185 61 447 314 7 0.0579 254 0 520 195 11 0.0576 246 79 515 322 5 0.0576 305 1 569 252 6 0.0574 251 11 517 262 6 0.0573 386 12 643 266 13 0.0572 252 78 523 327 7 0.0570 256 140 515 395 3 0.0569 317 67 577 315 5 0.0565 182 192 444 454 6 0.0563 258 147 514 394 3 0.0557 514 15 769 261 0 0.0553 442 8 702 258 11 0.0548 176 136 441 390 3 0.0546 461 75 715 342 11 0.0545 249 209 510 454 3 0.0543 187 67 440 320 10 0.0542 248 14 512 261 3 0.0541 252 2 513 196 8 0.0540 184 65 434 313 6 0.0539 459 74 720 333 11 0.0537 303 406 557 623 8 0.0537 186 195 436 459 5 0.0534 517 0 883 151 7 0.0533 447 9 710 257 6 0.0529 483 41 834 215 9 0.0526 308 70 577 307 8 0.0526 245 277 488 521 3 0.0525 252 145 513 399 7 0.0525 190 328 435 579 7 0.0522 316 65 581 314 11 0.0522 128 8 385 255 6 0.0521 245 280 503 522 0 0.0521 251 79 515 324 11 0.0520 240 341 492 571 11 0.0520 521 1 888 153 8 0.0520 312 405 548 627 5 0.0519 445 68 709 331 10 0.0518 251 149 515 391 13 0.0518 134 7 395 259 8 0.0517 574 530 822 764 5 0.0517 573 69 839 303 11 0.0515 568 532 831 761 5 0.0514 181 59 436 312 13 0.0512 384 10 647 260 13 0.0512 254 205 515 462 10 0.0510 381 16 639 262 11 0.0509 355 490 634 708 6 0.0509 138 9 390 256 5 0.0508 180 325 435 575 2 0.0508 382 18 639 265 8 0.0506 504 261 750 495 9 0.0502 245 2 513 189 5 0.0501 565 527 824 760 2 0.0500 252 5 511 192
3ZeQZhXEfa0AynXU2QxYkby7ogps0qv6,5 0.0673 253 389 512 644 11 0.0673 382 406 635 650 7 0.0657 386 404 637 654 11 0.0649 265 333 523 572 8 0.0639 449 405 695 643 5 0.0636 211 349 583 537 3 0.0629 256 395 513 650 6 0.0625 384 407 637 654 8 0.0623 297 471 562 711 8 0.0621 215 351 573 539 0 0.0611 451 407 697 645 3 0.0610 215 353 585 542 6 0.0605 325 337 579 576 7 0.0605 260 392 515 645 11 0.0605 236 462 506 710 10 0.0605 383 409 638 653 0 0.0602 314 403 571 649 5 0.0597 446 403 696 642 7 0.0597 330 333 580 580 5 0.0592 171 460 444 710 13 0.0590 217 351 595 540 13 0.0590 300 469 576 711 3 0.0587 385 404 635 657 6 0.0586 257 393 513 643 10 0.0585 255 398 511 644 13 0.0582 381 403 640 653 10 0.0580 213 357 583 539 2 0.0580 455 412 698 643 11 0.0578 182 271 442 500 6 0.0575 200 332 450 573 9 0.0574 311 406 573 643 11 0.0568 414 555 770 734 13 0.0566 420 554 781 734 5 0.0559 182 264 438 505 2 0.0559 269 489 628 672 0 0.0558 185 272 441 503 12 0.0557 316 406 574 649 0 0.0556 192 397 449 646 8 0.0556 239 525 493 782 0 0.0553 416 554 772 735 3 0.0550 188 274 444 515 8 0.0547 342 548 711 733 7 0.0544 201 328 451 571 7 0.0544 236 525 503 782 6 0.0544 420 555 773 734 5 0.0542 335 545 716 732 9 0.0538 266 333 517 574 7 0.0536 181 460 442 712 2 0.0534 271 338 519 579 1 0.0534 252 390 509 645 7 0.0531 344 549 727 736 1 0.0529 379 401 634 654 6 0.0529 177 465 445 714 8 0.0522 185 272 435 508 9 0.0521 447 407 699 641 3 0.0520 348 551 720 738 3 0.0516 178 468 444 718 11 0.0515 293 538 558 780 9 0.0515 236 462 504 705 13 0.0514 183 461 453 716 12 0.0514 271 333 522 576 4 0.0512 258 398 513 646 12 0.0506 240 459 505 713 10 0.0505 414 558 777 735 1 0.0504 321 329 574 577 2 0.0501 343 554 722 732
Xm5Hr6Dp8Tow7e5GDAqn1xKWD05Rcvuc,11 0.0633 310 582 580 827 11 0.0633 369 461 634 691 8 0.0632 303 391 569 626 8 0.0631 251 522 499 766 6 0.0631 250 526 508 769 8 0.0627 319 577 573 836 5 0.0624 378 524 639 762 5 0.0624 235 400 509 638 5 0.0620 309 574 574 830 6 0.0609 310 457 574 696 5 0.0604 245 519 499 766 6 0.0597 317 581 582 836 3 0.0595 373 459 631 696 0 0.0595 244 401 513 643 11 0.0594 249 527 503 764 13 0.0594 319 581 586 834 5 0.0594 434 452 701 692 5 0.0591 440 587 703 835 7 0.0587 374 455 638 694 7 0.0586 444 525 709 771 3 0.0585 307 521 572 765 8 0.0583 377 459 624 692 7 0.0582 379 590 644 836 11 0.0580 296 395 581 624 0 0.0575 253 526 504 769 5 0.0573 359 385 631 617 13 0.0573 250 524 508 771 7 0.0569 308 521 574 764 6 0.0565 186 458 451 707 11 0.0565 373 658 642 896 8 0.0564 182 450 440 708 13 0.0560 308 457 579 698 5 0.0558 369 643 637 897 6 0.0557 444 597 715 839 0 0.0556 317 580 579 833 6 0.0555 385 532 643 766 7 0.0554 445 402 707 630 7 0.0554 309 656 580 905 3 0.0553 380 590 643 838 11 0.0551 446 598 708 837 7 0.0550 514 469 772 699 10 0.0550 247 530 504 766 3 0.0549 300 396 581 629 3 0.0548 446 403 699 636 7 0.0548 302 387 586 627 6 0.0547 366 393 639 619 10 0.0547 305 462 572 695 3 0.0546 448 530 702 775 0 0.0545 365 395 637 622 7 0.0543 251 457 507 702 8 0.0542 449 594 701 840 10 0.0540 313 586 580 833 6 0.0538 442 466 712 693 10 0.0538 441 533 706 768 11 0.0537 180 457 448 702 13 0.0537 515 473 774 692 2 0.0534 252 532 502 771 13 0.0533 384 658 655 902 6 0.0533 519 409 774 638 13 0.0530 387 531 650 767 0 0.0529 385 532 642 764 0 0.0524 517 477 767 702 2 0.0523 314 588 578 837 8 0.0523 442 403 691 629 8 0.0522 381 658 635 899 5 0.0521 563 454 817 689 0 0.0515 451 598 712 841 11 0.0514 439 405 702 624 13 0.0514 453 596 719 839 9 0.0513 243 465 509 698 8 0.0512 308 274 561 496 13 0.0510 442 403 712 625 11 0.0509 304 273 575 496 3 0.0509 311 655 577 910 1 0.0508 247 522 498 766 5 0.0506 0 100 227 320 8 0.0505 516 470 757 694 0 0.0504 376 660 644 901 8 0.0503 305 141 562 377 10 0.0502 704 545 947 763
xgo7rtBGr39Xo2T6HzKGZ7DuOU9YKL1g,11 0.0612 363 270 633 504 13 0.0566 256 347 507 581 8 0.0553 366 271 623 507 11 0.0539 249 346 501 576 8 0.0537 251 345 495 581 5 0.0530 244 338 499 573 7 0.0528 256 342 501 580 7 0.0522 368 268 633 507 0 0.0514 363 263 631 504 3 0.0507 368 269 628 514 3 0.0504 254 346 501 588 5 0.0502 360 262 625 500
X0Yu1D2OjmVIcGtdw8aOMyl96bgb9fmm,0 0.0607 387 602 649 836 5 0.0573 391 470 640 693 5 0.0568 383 595 638 829 11 0.0551 389 602 649 829 11 0.0530 382 324 638 541 7 0.0528 392 600 655 832 0 0.0527 503 603 746 817 8 0.0509 382 323 629 543 5 0.0509 378 323 638 546 7 0.0506 401 476 656 698 8 0.0505 387 599 637 830 0 0.0503 381 325 640 546 6 0.0502 391 610 656 832
MD5dd9mE8oVuSVpcxHcA6nRVMRDUoSzI,7 0.0510 306 456 564 690
N5tQ8yAqR3kRVeZWiHizWn9pkjhywz9v,11 0.0672 241 590 503 832 11 0.0660 304 658 568 899 7 0.0659 247 589 503 833 0 0.0656 310 515 566 766 0 0.0650 244 588 505 835 11 0.0648 309 520 565 763 5 0.0642 304 583 562 827 0 0.0641 174 654 435 909 5 0.0635 235 653 498 903 0 0.0635 308 657 568 903 11 0.0629 170 659 434 905 7 0.0626 311 656 571 900 10 0.0625 241 592 502 830 8 0.0624 311 586 560 828 7 0.0621 175 657 435 908 8 0.0620 64 681 419 852 6 0.0612 240 657 503 906 8 0.0607 241 655 499 905 6 0.0601 311 587 567 830 7 0.0601 314 519 567 762 3 0.0596 310 586 567 834 8 0.0591 324 455 562 695 5 0.0587 60 678 424 853 10 0.0584 307 522 564 760 10 0.0581 304 659 567 899 5 0.0581 244 524 498 764 3 0.0580 243 656 502 909 13 0.0577 312 588 570 829 10 0.0576 170 661 432 905 8 0.0573 249 525 496 766 3 0.0564 249 526 503 772 6 0.0559 249 526 507 767 13 0.0558 245 656 506 905 2 0.0556 311 591 565 831 12 0.0549 241 655 503 905 12 0.0548 311 584 568 830 2 0.0540 241 658 503 905 4 0.0538 245 592 506 833 1 0.0536 241 583 503 833 13 0.0535 252 525 509 768 11 0.0535 385 393 633 620 2 0.0532 250 528 503 768 6 0.0530 71 683 430 853 0 0.0529 386 391 633 626 5 0.0528 317 452 565 691 1 0.0527 305 652 567 902 9 0.0527 169 658 432 903 13 0.0525 70 680 441 853 3 0.0523 325 457 570 699 13 0.0518 325 453 574 698 1 0.0508 171 653 433 907 3 0.0507 68 683 429 857 9 0.0506 308 586 563 827 4 0.0503 173 662 436 908 1 0.0503 308 514 563 763 8 0.0503 390 391 621 623 2 0.0501 322 459 570 696 6 0.0500 324 456 574 697
Z01Jtgy1ZzFYsKGAdX574eSVFJmNCkHq,0 0.0632 373 795 629 1023 0 0.0618 0 800 249 1023 8 0.0597 0 796 240 1022 5 0.0593 367 795 624 1019 11 0.0588 1 798 249 1021 5 0.0587 241 449 493 692 7 0.0568 438 796 709 1023 11 0.0566 381 398 646 637 13 0.0562 385 471 645 713 7 0.0554 2 793 253 1022 11 0.0553 373 798 627 1018 5 0.0548 378 465 637 711 6 0.0547 1 803 251 1022 7 0.0547 255 453 498 697 7 0.0546 385 470 642 710 13 0.0541 311 790 570 1021 11 0.0536 249 458 500 693 0 0.0536 383 466 641 712 8 0.0536 250 453 489 695 8 0.0532 379 793 621 1023 5 0.0528 0 797 241 1023 3 0.0526 384 397 648 647 13 0.0523 393 739 652 972 6 0.0520 388 393 649 641 5 0.0520 168 390 427 632 2 0.0518 1 801 253 1022 3 0.0518 391 734 646 977 6 0.0516 308 787 562 1016 10 0.0515 370 799 628 1021 3 0.0510 248 457 495 703 5 0.0507 313 711 560 949 11 0.0503 315 716 562 949 8 0.0502 383 468 629 711
wTGGsjDElEFx91ODQiOSpiunlPMsAfW7,5 0.0641 301 784 549 1019 11 0.0624 304 789 550 1022 7 0.0619 308 789 559 1023 11 0.0605 375 675 649 890 10 0.0604 307 793 553 1021 13 0.0594 311 790 562 1023 8 0.0593 310 785 548 1023 0 0.0576 320 731 570 965 10 0.0560 378 676 646 893 3 0.0560 380 675 646 900 0 0.0559 83 0 425 148 3 0.0557 309 790 554 1023 7 0.0555 383 674 649 894 0 0.0544 377 673 648 895 5 0.0542 375 670 641 893 11 0.0542 75 2 428 144 8 0.0539 375 675 637 892 6 0.0538 308 792 558 1022 8 0.0527 378 0 634 189 1 0.0524 304 783 553 1023 8 0.0520 84 1 411 147 2 0.0513 309 791 553 1023 13 0.0512 382 676 650 894 9 0.0511 304 790 553 1020
nBeFOiT4xTobF9ZQTCXwFwBP4hhasbSM,8 0.0612 320 1 565 201 0 0.0606 319 0 572 203 8 0.0577 117 339 382 575 13 0.0576 318 0 578 200 11 0.0572 313 2 576 201 11 0.0567 181 333 454 562 8 0.0564 564 341 815 577 0 0.0550 182 268 442 507 5 0.0545 629 741 878 964 6 0.0540 319 0 574 198 0 0.0537 118 345 388 576 3 0.0537 318 0 571 207 11 0.0526 579 474 830 711 7 0.0524 251 331 513 569 7 0.0523 317 0 573 202 11 0.0522 379 67 653 316 10 0.0520 380 135 656 366 2 0.0520 314 4 568 201 5 0.0519 568 213 820 444 7 0.0519 573 344 827 578 5 0.0517 311 0 567 199 0 0.0517 573 275 832 509 13 0.0516 565 18 831 252 8 0.0515 581 472 824 719 11 0.0506 567 345 825 572 8 0.0506 178 264 434 507 13 0.0506 443 64 725 314 5 0.0503 561 342 818 577 0 0.0502 633 746 885 975 5 0.0500 176 332 447 562
ThyO6YhcXIMrZkRuPvM44J6UBfyG1NuG,11 0.0631 575 598 821 828 11 0.0629 503 452 739 686 7 0.0624 511 399 749 634 8 0.0609 586 538 811 768 5 0.0600 299 456 561 692 5 0.0598 498 448 739 686 8 0.0597 372 525 624 763 11 0.0595 308 525 565 756 8 0.0589 505 451 737 687 8 0.0583 311 461 556 692 11 0.0578 498 343 741 574 0 0.0576 499 342 745 578 8 0.0575 501 339 739 575 6 0.0574 374 528 636 764 5 0.0573 365 522 628 764 5 0.0572 499 276 752 523 3 0.0571 514 402 741 638 7 0.0569 374 522 630 767 11 0.0568 310 398 566 633 0 0.0568 573 470 820 707 8 0.0567 290 0 635 140 5 0.0565 279 0 642 139 6 0.0564 504 455 745 689 11 0.0563 198 2 576 141 13 0.0554 507 454 750 687 0 0.0552 369 524 631 767 3 0.0545 289 0 649 143 5 0.0545 241 389 493 626 0 0.0542 579 600 824 832 7 0.0541 319 396 570 634 13 0.0541 373 529 638 771 13 0.0540 310 461 571 696 2 0.0540 370 531 628 768 10 0.0538 369 528 631 770 8 0.0535 504 207 752 462 10 0.0533 502 456 742 691 7 0.0530 288 1 657 140 3 0.0529 509 285 754 535 6 0.0529 311 461 565 694 3 0.0529 308 460 560 699 0 0.0528 210 1 571 141 7 0.0528 509 282 762 529 3 0.0528 374 526 628 771 0 0.0528 308 458 565 695 7 0.0521 579 465 821 704 6 0.0516 213 0 577 140 11 0.0515 632 422 886 660 6 0.0513 589 539 818 769 10 0.0512 306 463 565 693 3 0.0511 579 467 813 711 2 0.0509 505 294 759 523 6 0.0508 441 281 706 522 13 0.0503 504 341 751 573 11 0.0500 501 212 759 455
MoWln0ts4DLSht9Vps8UKkmTtmQg4WuA,14 1.0 0 0 1 1
nPTBOfFVdQV5a9JbYTWv1NLTmTtHy2Tf,5 0.0645 232 332 504 561 0 0.0638 177 341 433 582 6 0.0629 179 339 437 580 8 0.0622 172 403 434 653 6 0.0605 241 412 509 646 5 0.0594 162 401 439 650 5 0.0591 495 805 759 1021 6 0.0585 308 335 583 569 11 0.0581 173 342 434 578 13 0.0576 244 415 511 649 8 0.0576 103 453 347 698 8 0.0565 573 540 819 778 0 0.0559 237 271 495 501 0 0.0555 107 400 363 651 6 0.0552 172 466 438 709 7 0.0551 169 403 442 653 3 0.0549 308 337 580 575 8 0.0548 244 340 498 563 13 0.0548 310 343 590 572 0 0.0545 635 817 904 1023 3 0.0544 171 405 436 658 5 0.0543 563 535 823 778 11 0.0542 164 466 435 706 11 0.0542 567 536 825 779 5 0.0541 296 265 568 500 13 0.0536 170 465 434 710 11 0.0530 302 342 584 569 11 0.0530 235 416 507 643 0 0.0529 169 461 435 712 13 0.0526 176 341 440 584 5 0.0524 297 409 574 639 7 0.0522 572 820 832 1023 6 0.0522 241 272 498 497 6 0.0518 569 827 834 1020 3 0.0516 580 539 824 786 0 0.0515 573 539 827 780 10 0.0515 168 414 439 653 0 0.0514 245 409 507 647 7 0.0512 241 339 510 566 8 0.0509 644 609 878 838 11 0.0509 568 824 824 1023 13 0.0509 575 826 838 1023 7 0.0505 652 537 898 764 11 0.0504 641 610 891 837 2 0.0502 572 544 826 782 11 0.0500 97 401 367 643
J9Iir1KtBBEGppYKXKpnyC4ALbqmN8oh,11 0.0663 306 776 569 1003 7 0.0638 312 774 571 1009 0 0.0623 314 456 577 689 5 0.0615 315 519 571 754 0 0.0607 385 649 629 894 8 0.0604 451 413 701 648 7 0.0604 442 772 684 1007 5 0.0603 304 766 568 1005 11 0.0601 448 416 704 644 0 0.0601 308 770 568 1010 6 0.0601 317 451 584 689 11 0.0592 299 397 570 629 5 0.0591 569 412 829 639 5 0.0588 380 639 624 888 11 0.0583 431 775 676 1000 5 0.0581 299 388 563 628 11 0.0579 382 700 618 936 7 0.0578 389 698 622 939 8 0.0578 311 769 563 1006 11 0.0576 312 526 576 752 11 0.0569 565 420 834 641 5 0.0569 448 413 702 644 6 0.0567 457 416 709 648 8 0.0566 303 393 564 633 0 0.0564 451 419 703 647 5 0.0564 429 763 679 1005 13 0.0562 313 772 575 1005 0 0.0557 247 543 510 770 0 0.0556 238 407 500 639 3 0.0552 323 525 574 761 3 0.0551 380 763 615 1006 6 0.0550 387 767 623 1002 6 0.0545 246 401 505 638 6 0.0545 574 417 835 643 3 0.0541 458 417 704 654 5 0.0538 42 783 297 1021 7 0.0537 322 522 580 757 10 0.0537 307 777 569 1006 2 0.0537 320 531 576 753 7 0.0535 573 415 838 645 0 0.0533 434 770 682 1013 8 0.0533 387 697 611 941 5 0.0532 245 459 500 695 10 0.0530 454 419 708 646 2 0.0529 450 424 704 645 8 0.0526 568 417 827 644 8 0.0526 251 465 498 696 7 0.0520 457 414 708 648 13 0.0520 307 393 576 634 6 0.0520 249 541 513 766 0 0.0517 42 788 307 1023 11 0.0517 243 466 506 693 11 0.0517 443 645 711 870 10 0.0516 572 421 833 641 8 0.0515 46 778 293 1023 13 0.0515 454 415 711 645 8 0.0513 320 523 571 755 2 0.0513 248 470 505 697 13 0.0512 324 522 579 758 13 0.0511 394 648 637 891 10 0.0510 301 399 571 632 2 0.0510 386 703 618 941 3 0.0508 304 395 569 638 0 0.0506 570 417 832 643 6 0.0503 387 651 636 885 2 0.0501 305 398 566 631 7 0.0501 458 645 710 877
ij0IKHi9tjsnnUSmRJbjqJKIsxlmwJaC,11 0.0630 398 522 644 746 5 0.0574 398 514 636 748 2 0.0555 307 600 575 827 3 0.0551 404 519 636 759 0 0.0546 402 526 642 751 8 0.0541 402 522 634 749 11 0.0535 261 529 513 755 5 0.0527 303 583 569 824 8 0.0523 511 0 754 196 8 0.0518 309 592 566 825 3 0.0515 510 16 774 261 5 0.0513 518 412 764 641 13 0.0511 503 71 771 306 11 0.0510 464 406 717 616 11 0.0507 504 20 767 249 5 0.0505 255 447 517 694 5 0.0501 499 17 765 251 0 0.0501 508 1 766 200 7 0.0500 389 674 640 916
yDPfV9ku6wQae6gtAMmkudXpcaUoRPK9,5 0.0580 502 267 762 506 0 0.0562 128 669 496 854 8 0.0561 561 278 812 504 7 0.0560 509 272 769 508 8 0.0556 128 669 482 848 5 0.0554 123 669 485 849 3 0.0551 513 272 764 510 6 0.0550 130 671 499 850 0 0.0549 562 277 820 509 11 0.0540 561 280 821 503 6 0.0536 565 278 825 508 11 0.0533 357 261 637 497 7 0.0529 131 667 498 851 6 0.0524 513 215 768 444 11 0.0523 123 671 496 850 8 0.0521 505 212 755 441 11 0.0520 129 269 388 518 5 0.0514 499 154 761 389 11 0.0513 504 219 767 439 10 0.0502 358 258 640 499
zsvGNePHqmxnY6nXqFU07IuylXTLOs4A,5 0.0567 367 458 635 699 5 0.0567 214 473 561 661 5 0.0567 768 763 1012 1009 11 0.0565 773 768 1023 1005 11 0.0564 743 2 1019 187 11 0.0557 190 468 462 706 8 0.0548 368 464 631 702 0 0.0546 195 460 471 710 8 0.0538 219 478 551 667 0 0.0537 768 764 1021 1013 13 0.0528 750 0 1023 192 0 0.0527 746 1 1018 193 13 0.0527 451 603 693 842 0 0.0525 321 523 585 771 10 0.0523 736 20 999 256 8 0.0522 771 766 1013 1010 7 0.0519 224 477 570 666 13 0.0516 323 522 589 765 3 0.0514 241 152 511 389 7 0.0513 452 603 689 837 7 0.0512 389 533 636 774 0 0.0510 178 282 429 508 11 0.0510 372 467 637 697 11 0.0507 280 605 655 794 5 0.0505 274 600 653 794 10 0.0505 225 488 574 664 5 0.0503 739 0 1017 187 7 0.0502 443 480 717 717 6 0.0502 241 154 508 380
L3RoXkOXY4X9rpPxpxj7l5ko6nMxCfU1,11 0.0670 250 652 499 894 7 0.0642 256 651 503 894 0 0.0639 254 650 500 896 5 0.0623 185 643 425 887 10 0.0607 249 655 498 893 8 0.0595 254 648 492 891 3 0.0584 255 649 499 899 11 0.0563 276 350 631 529 7 0.0556 304 278 580 502 8 0.0548 281 350 621 530 13 0.0544 258 648 505 895 6 0.0541 255 652 501 896 0 0.0518 279 350 636 533 5 0.0509 276 345 629 528 2 0.0508 189 653 427 896 11 0.0507 56 282 351 500 5 0.0501 54 272 341 500 12 0.0500 191 647 430 893
MqldWZu7VGh5z8XHCOsifbF25tQz1GeD,10 0.0547 566 730 830 954 5 0.0544 437 339 698 562 7 0.0542 620 789 876 1023 8 0.0535 175 404 414 642 11 0.0534 562 794 814 1018 3 0.0532 389 120 640 373 8 0.0529 611 793 858 1022 8 0.0523 246 464 477 700 13 0.0517 319 469 570 701 0 0.0514 569 726 829 956 0 0.0514 254 276 505 520 0 0.0513 619 797 873 1023 7 0.0511 371 283 637 514 5 0.0510 611 789 867 1023 11 0.0507 632 655 890 893 10 0.0505 634 663 888 895 5 0.0503 241 277 504 509 6 0.0500 634 722 898 956
6k5qNusxEtGGtXUw1UwFTCBisjLAx9uD,11 0.0624 317 609 574 842 8 0.0572 313 611 566 839 0 0.0560 187 606 427 847 0 0.0553 170 0 436 208 8 0.0548 569 410 816 639 0 0.0545 317 607 575 842 11 0.0545 186 610 427 840 11 0.0541 248 535 504 767 7 0.0535 377 731 634 960 13 0.0535 317 611 580 843 5 0.0531 566 403 822 644 5 0.0530 635 541 890 771 5 0.0529 167 0 429 203 0 0.0528 556 278 829 513 8 0.0527 171 0 428 209 7 0.0526 318 609 578 843 0 0.0526 250 535 506 773 5 0.0525 318 603 575 841 2 0.0522 322 621 575 841 6 0.0520 450 726 702 951 8 0.0520 446 724 688 950 8 0.0519 638 356 869 576 0 0.0514 638 360 877 577 8 0.0511 187 605 417 842 5 0.0509 633 355 875 576 6 0.0505 173 0 443 205 2 0.0503 562 359 819 578 3 0.0502 193 23 448 274 7 0.0502 194 605 435 843 11 0.0501 638 363 885 575
7shNviWbOe0rrcW6zZoZ8cVr5HrTdroI,0 0.0655 243 326 505 569 0 0.0637 184 403 429 640 5 0.0632 231 259 495 495 8 0.0622 241 259 493 502 11 0.0618 308 266 567 495 0 0.0614 309 262 567 501 8 0.0614 290 354 629 533 0 0.0611 183 194 432 445 11 0.0604 238 324 503 564 5 0.0598 303 328 577 565 7 0.0596 314 260 568 498 11 0.0595 179 402 427 634 7 0.0586 180 399 432 636 8 0.0585 311 201 564 433 5 0.0584 349 414 694 598 3 0.0583 310 265 568 504 5 0.0579 177 398 424 633 8 0.0579 111 410 360 654 6 0.0578 355 419 703 600 6 0.0571 312 333 584 570 0 0.0571 111 461 368 712 3 0.0570 243 325 503 573 3 0.0568 183 401 425 643 6 0.0568 410 356 759 534 5 0.0568 399 350 744 531 8 0.0565 171 322 421 576 7 0.0560 442 390 706 625 6 0.0559 185 401 432 635 5 0.0559 300 199 566 427 13 0.0555 443 458 706 685 3 0.0555 249 194 503 431 6 0.0555 238 263 504 499 7 0.0555 242 322 507 568 0 0.0552 403 357 753 531 7 0.0550 251 190 502 423 11 0.0550 111 461 368 705 8 0.0547 351 420 689 597 11 0.0547 348 423 700 597 13 0.0545 312 261 574 500 2 0.0542 240 329 501 566 13 0.0540 184 399 435 639 10 0.0538 306 337 585 567 10 0.0534 348 424 705 600 0 0.0534 357 421 701 600 2 0.0532 180 406 426 637 13 0.0529 245 321 510 567 11 0.0528 243 194 504 423 5 0.0525 177 188 428 435 3 0.0520 412 359 754 536 7 0.0520 112 456 374 710 13 0.0516 435 329 706 558 10 0.0508 304 208 574 430 6 0.0507 117 457 372 709
yg7B1t1DO9tMk2uJV0SkqA82y97SPZHa,0 0.0613 315 204 567 450 11 0.0612 366 346 633 573 8 0.0605 434 335 683 581 5 0.0604 315 350 692 534 3 0.0602 436 338 690 584 0 0.0600 505 275 757 515 8 0.0593 371 412 625 650 11 0.0592 316 208 570 444 8 0.0592 311 332 550 572 0 0.0591 309 334 558 574 13 0.0586 372 342 635 576 6 0.0583 510 335 767 576 0 0.0580 433 335 689 583 0 0.0575 370 411 633 652 11 0.0575 242 341 499 571 8 0.0574 320 203 562 448 7 0.0573 385 195 638 448 11 0.0572 364 482 630 708 7 0.0571 328 354 704 537 6 0.0571 371 341 631 575 0 0.0569 494 401 753 656 5 0.0566 238 332 492 569 8 0.0565 507 275 748 514 8 0.0560 438 200 686 442 3 0.0559 498 402 756 659 0 0.0558 436 202 693 444 7 0.0557 256 197 511 435 0 0.0555 184 324 442 574 8 0.0552 494 401 747 654 11 0.0552 437 204 693 441 11 0.0551 504 279 761 512 10 0.0548 368 421 634 648 11 0.0548 422 411 692 652 10 0.0548 309 342 557 571 3 0.0547 309 336 558 576 10 0.0546 433 342 692 581 6 0.0544 320 204 574 446 3 0.0539 371 418 634 653 8 0.0537 253 259 500 502 5 0.0536 418 403 683 654 7 0.0535 428 409 690 656 13 0.0533 428 407 693 658 6 0.0532 491 466 752 714 13 0.0531 255 199 519 440 3 0.0531 510 279 757 519 5 0.0531 499 335 759 580 13 0.0529 441 199 701 441 3 0.0529 443 201 691 447 10 0.0528 317 210 572 446 5 0.0527 312 198 567 446 13 0.0524 254 335 505 575 7 0.0524 509 277 762 514 13 0.0522 509 277 762 516 6 0.0522 252 333 508 571 3 0.0521 319 201 569 452 2 0.0519 310 339 555 573 11 0.0512 643 346 881 568 0 0.0505 568 201 818 447 10 0.0505 439 206 697 442 5 0.0504 561 265 806 511 0 0.0504 648 344 879 575 13 0.0504 315 463 571 704 6 0.0502 573 264 814 511 2 0.0502 433 343 688 580 5 0.0500 434 196 690 440
tHQmC2vMHlv8g4hg5jHXOExJyykFpFnq,5 0.0558 248 277 503 513 5 0.0551 332 0 570 209 13 0.0550 257 282 515 523 8 0.0541 257 281 500 520 0 0.0539 252 276 508 525 11 0.0530 240 0 496 207 13 0.0524 251 5 501 210 6 0.0523 251 2 499 209 6 0.0518 258 285 513 521 11 0.0515 249 285 510 520 0 0.0513 247 2 493 209 11 0.0508 358 291 634 513 3 0.0507 344 0 577 222 8 0.0506 252 0 488 205
4CAygOIXZkUe1rc2vh2c0stQBxChQ2vG,11 0.0613 364 593 626 817 5 0.0587 317 527 569 773 11 0.0578 247 595 504 831 8 0.0576 366 650 612 888 11 0.0575 361 463 630 700 0 0.0569 370 589 621 820 13 0.0559 321 533 579 775 8 0.0556 441 587 675 823 5 0.0552 436 446 695 702 6 0.0548 372 526 634 763 3 0.0545 374 526 629 767 0 0.0541 438 456 693 704 5 0.0539 246 589 499 832 8 0.0539 371 526 622 763 7 0.0537 321 534 575 776 11 0.0536 331 191 579 431 13 0.0532 367 461 638 701 7 0.0529 253 593 505 833 0 0.0527 692 521 949 761 10 0.0527 318 535 574 771 8 0.0526 439 457 687 701 3 0.0525 442 585 681 829 3 0.0525 315 593 574 829 13 0.0519 251 591 512 835 2 0.0516 369 593 622 820 5 0.0513 364 391 635 634 8 0.0512 337 191 569 436 8 0.0512 304 467 558 711 6 0.0506 369 648 624 884 7 0.0506 339 188 583 433 3 0.0503 443 458 695 710 11 0.0503 691 529 948 754 10 0.0501 248 592 503 830 6 0.0500 442 457 697 703
EZF22DsE4uJfFjb3HubBRqUkfuR7eZNp,5 0.0644 368 782 619 1018 0 0.0609 515 345 765 582 8 0.0597 375 792 618 1019 7 0.0590 309 795 565 1023 0 0.0585 374 333 642 580 0 0.0555 374 791 624 1023 11 0.0550 428 281 702 515 6 0.0544 505 285 762 509 7 0.0544 378 333 649 578 11 0.0542 506 212 770 434 13 0.0540 381 796 628 1022 6 0.0540 310 799 563 1023 7 0.0536 428 793 679 1019 11 0.0535 373 792 618 1020 5 0.0528 234 796 492 1017 6 0.0526 445 346 708 584 0 0.0526 508 212 765 437 0 0.0525 374 152 639 388 10 0.0524 372 795 628 1023 13 0.0524 377 338 651 583 11 0.0523 632 220 876 440 0 0.0521 306 725 562 958 0 0.0517 242 802 501 1023 6 0.0511 429 798 678 1014 8 0.0511 429 275 695 519 8 0.0506 242 802 490 1023 11 0.0506 376 452 647 708 11 0.0505 241 803 496 1019 5 0.0504 423 277 692 512 5 0.0501 297 717 558 953 11 0.0501 297 726 558 954
jFKxAWABOrF6h1JAThC9cUx6tn73gUEh,11 0.0593 0 1 271 198 8 0.0579 2 0 259 198 0 0.0573 2 3 268 204 11 0.0566 573 555 835 769 8 0.0559 0 89 245 313 5 0.0553 756 0 1018 197 5 0.0546 581 0 930 153 0 0.0545 110 786 364 1023 7 0.0535 315 669 582 900 8 0.0529 694 20 927 257 8 0.0529 576 554 826 775 13 0.0528 595 0 950 156 11 0.0524 759 0 1023 192 11 0.0524 122 0 387 196 8 0.0521 108 785 353 1023 0 0.0521 763 1 1023 201 11 0.0519 0 93 254 314 13 0.0518 318 665 589 901 8 0.0516 130 0 372 201 13 0.0514 761 1 1023 199 11 0.0512 311 668 576 897 8 0.0512 765 0 1014 197 11 0.0507 230 217 500 432 13 0.0505 1 0 276 201 8 0.0502 241 212 491 433 11 0.0501 589 2 943 148
CYe2bR63OjZk07ECbDEng21Tsz2iFkyw,0 0.0607 178 282 434 510 11 0.0590 231 340 494 569 6 0.0573 239 337 495 571 0 0.0571 184 22 428 254 5 0.0571 170 331 438 565 8 0.0569 567 269 817 511 0 0.0561 568 268 827 509 11 0.0560 238 464 498 706 13 0.0555 239 338 496 573 8 0.0553 174 336 431 569 7 0.0553 245 461 499 708 0 0.0551 243 462 498 709 5 0.0548 564 265 822 510 3 0.0548 239 385 491 630 8 0.0548 192 21 419 248 6 0.0545 568 333 833 567 11 0.0540 566 338 832 567 3 0.0538 571 336 834 574 0 0.0537 383 672 624 912 0 0.0535 247 100 492 325 6 0.0534 454 276 723 515 13 0.0533 570 335 838 571 0 0.0529 316 393 563 634 2 0.0529 515 276 780 503 8 0.0528 509 336 766 575 7 0.0527 304 332 563 565 5 0.0526 183 75 425 308 5 0.0524 442 267 711 515 11 0.0524 187 154 442 374 7 0.0524 179 333 444 568 7 0.0521 192 19 431 246 11 0.0520 312 398 568 634 11 0.0519 454 275 719 515 11 0.0519 373 331 638 563 5 0.0519 309 389 561 631 11 0.0519 185 24 430 247 5 0.0517 239 458 495 702 2 0.0515 238 343 488 572 7 0.0515 570 332 834 569 0 0.0513 54 12 302 259 10 0.0512 566 341 830 568 6 0.0511 570 209 843 451 0 0.0511 389 266 651 508 10 0.0509 171 340 438 566 8 0.0508 305 335 551 565 6 0.0508 375 332 640 565 8 0.0507 191 217 433 448 5 0.0507 368 324 628 563 13 0.0507 373 333 645 568 11 0.0506 565 215 840 451
8qWi0eHtpSLFFloX2A6skOVaLDKUPfbE,8 0.0628 249 510 504 757 11 0.0616 306 456 578 690 8 0.0614 309 454 570 691 11 0.0610 307 586 568 821 11 0.0607 305 332 576 563 5 0.0599 245 507 507 758 11 0.0588 241 399 504 632 13 0.0588 308 520 581 766 0 0.0578 375 381 625 620 0 0.0578 249 509 512 763 7 0.0578 310 454 580 694 7 0.0573 312 587 575 822 8 0.0572 310 585 563 821 8 0.0572 246 398 499 634 0 0.0570 375 261 631 486 5 0.0570 243 392 505 635 3 0.0569 314 388 575 632 7 0.0569 186 580 440 816 11 0.0567 246 514 508 760 11 0.0564 370 266 633 481 13 0.0561 316 388 579 628 3 0.0561 385 325 631 558 13 0.0559 257 659 520 892 6 0.0555 248 515 511 760 0 0.0554 310 584 569 821 10 0.0554 241 516 508 759 7 0.0553 378 534 653 761 13 0.0553 253 454 520 696 11 0.0549 369 534 646 757 8 0.0547 185 581 433 817 8 0.0547 371 264 623 486 5 0.0546 368 528 642 758 7 0.0543 255 660 514 895 5 0.0543 305 583 566 816 11 0.0542 181 584 440 814 3 0.0541 248 452 508 696 0 0.0540 249 658 512 895 0 0.0540 185 582 438 817 5 0.0538 180 573 434 810 12 0.0535 310 386 577 632 10 0.0534 240 404 501 635 13 0.0534 381 452 648 688 7 0.0533 383 324 634 558 11 0.0532 436 458 701 693 3 0.0532 380 455 640 690 6 0.0531 313 588 575 821 3 0.0530 305 525 571 770 9 0.0526 300 521 572 760 6 0.0524 307 457 578 695 10 0.0524 181 585 437 817 5 0.0524 306 321 574 565 8 0.0520 310 327 566 565 8 0.0520 251 657 503 893 10 0.0518 308 589 572 820 10 0.0517 303 456 577 690 2 0.0517 311 392 571 626 10 0.0517 310 333 572 562 6 0.0512 187 585 440 816 6 0.0511 191 452 451 692 0 0.0511 439 454 699 695 8 0.0510 374 534 638 757 13 0.0510 375 261 639 484 2 0.0509 246 455 509 696 1 0.0508 246 504 505 761 13 0.0508 380 592 653 818 0 0.0503 371 530 647 762 0 0.0501 245 393 505 642 10 0.0500 375 268 629 482
QcxTBcHDfYP5Ph4xFe4FwOxAa7B35KE4,5 0.0678 245 781 489 1019 8 0.0676 249 781 490 1019 7 0.0660 192 787 437 1023 8 0.0638 188 715 432 960 11 0.0633 247 782 494 1017 5 0.0627 181 715 432 958 0 0.0613 188 716 438 961 7 0.0612 316 781 557 1019 6 0.0601 195 788 438 1021 0 0.0601 249 781 492 1022 8 0.0597 246 391 493 627 11 0.0596 184 720 436 958 10 0.0594 190 789 437 1020 13 0.0591 193 786 441 1021 6 0.0572 316 785 558 1023 7 0.0565 77 741 452 915 3 0.0560 250 782 492 1023 9 0.0556 192 785 437 1019 2 0.0555 192 789 435 1023 10 0.0555 313 784 559 1019 13 0.0553 318 783 560 1023 6 0.0545 76 739 452 914 5 0.0532 239 386 502 626 3 0.0531 189 715 436 964 11 0.0529 238 395 499 627 10 0.0525 71 745 446 915 4 0.0524 191 789 440 1023 12 0.0524 252 781 493 1021 12 0.0516 188 715 437 959 0 0.0509 315 391 585 631 2 0.0508 315 786 557 1021 1 0.0508 189 782 433 1022 7 0.0506 248 387 509 628 6 0.0502 243 397 509 627 13 0.0502 78 741 456 917
8WyFu2PxGzKj3Mhhe3RWf9F1ycNLKfLM,11 0.0634 373 662 636 892 11 0.0605 563 610 827 834 7 0.0595 316 665 565 901 8 0.0581 381 658 627 892 7 0.0573 570 606 827 838 0 0.0563 379 658 632 894 5 0.0558 374 652 627 891 6 0.0555 379 658 635 894 8 0.0554 687 0 1012 165 11 0.0549 636 546 875 767 7 0.0547 642 545 877 770 0 0.0536 564 608 824 839 5 0.0536 561 603 820 836 3 0.0535 379 657 633 898 6 0.0534 566 606 824 838 11 0.0531 687 2 1023 162 10 0.0528 377 662 632 891 5 0.0528 634 541 868 769 0 0.0526 639 548 874 771 3 0.0522 567 607 824 841 13 0.0521 690 1 1023 165 13 0.0521 565 609 830 841 8 0.0510 563 608 814 836 13 0.0508 381 659 641 893 11 0.0505 636 408 882 652 8 0.0504 641 402 879 647 8 0.0504 635 543 864 769 5 0.0504 631 398 879 646
R4B1xJhvEK6Kk5j8ryE2CZP0pVEnTDKI,8 0.0646 113 454 348 695 11 0.0631 624 474 903 711 5 0.0619 566 465 814 711 5 0.0612 172 338 428 569 5 0.0605 248 268 501 500 11 0.0603 112 461 361 692 8 0.0595 515 269 754 503 8 0.0594 181 403 419 648 8 0.0589 568 465 810 713 11 0.0585 329 201 584 432 8 0.0582 512 143 746 376 0 0.0581 119 346 372 588 0 0.0579 448 137 696 368 3 0.0578 513 207 749 443 11 0.0577 574 403 831 637 6 0.0576 509 202 759 427 0 0.0576 507 208 751 434 5 0.0573 499 199 749 429 8 0.0572 575 209 819 438 7 0.0571 336 200 587 434 6 0.0571 638 408 906 642 0 0.0566 564 147 816 377 7 0.0566 570 468 816 714 0 0.0566 565 470 815 714 11 0.0566 111 350 379 584 3 0.0564 119 457 356 698 5 0.0562 629 405 898 639 13 0.0562 572 471 821 713 5 0.0562 169 455 431 704 6 0.0561 571 471 820 713 5 0.0561 569 268 832 507 8 0.0559 513 391 753 635 0 0.0559 118 456 356 692 5 0.0558 632 523 908 770 5 0.0555 443 129 692 361 11 0.0552 398 137 651 364 8 0.0552 332 202 574 431 3 0.0551 571 466 816 719 8 0.0548 634 522 908 774 5 0.0548 559 140 811 373 7 0.0547 118 344 377 587 7 0.0545 512 143 754 380 11 0.0543 438 274 691 503 11 0.0542 250 271 508 500 2 0.0542 568 477 818 714 7 0.0541 450 70 702 302 3 0.0539 515 326 755 574 11 0.0539 569 205 829 435 11 0.0539 513 21 772 250 6 0.0539 122 455 360 692 3 0.0539 456 134 693 372 6 0.0538 183 339 431 575 0 0.0538 330 198 582 432 13 0.0535 252 271 512 507 5 0.0534 437 269 688 505 3 0.0534 582 275 834 523 0 0.0533 509 18 771 251 5 0.0532 104 398 360 640 5 0.0532 500 321 755 564 6 0.0530 270 193 504 426 3 0.0530 569 146 816 384 11 0.0530 510 145 755 377 13 0.0529 518 268 763 502 0 0.0529 196 267 437 515 7 0.0525 254 267 509 507 3 0.0524 449 274 686 515 7 0.0524 117 457 362 692 7 0.0523 447 276 691 510 13 0.0523 515 393 761 636 8 0.0523 578 332 826 568 8 0.0522 256 272 492 504 3 0.0521 119 347 371 597 13 0.0520 115 408 370 645 0 0.0520 442 277 688 508 6 0.0520 581 273 841 505 0 0.0520 514 396 755 637 3 0.0519 520 17 771 256 8 0.0518 399 135 644 361 5 0.0518 328 126 579 362 6 0.0518 447 274 698 502 11 0.0515 629 273 889 496 6 0.0515 517 395 761 633 11 0.0515 397 12 648 249 5 0.0514 509 11 768 246 11 0.0513 224 682 496 909 10 0.0513 176 413 430 644 11 0.0512 324 71 581 306 8 0.0512 513 19 761 246 0 0.0511 629 528 914 773
9bZ99nv08M7eNfNxHtXnfGaOh8xrth8T,11 0.0572 503 513 756 763 8 0.0568 422 209 669 444 5 0.0561 297 396 561 631 0 0.0551 504 510 758 762 5 0.0550 384 0 631 231 11 0.0550 353 348 625 582 0 0.0548 419 209 678 447 10 0.0538 418 213 679 447 8 0.0537 371 134 614 378 8 0.0536 441 515 692 759 3 0.0534 426 212 675 451 3 0.0533 412 355 679 589 6 0.0531 425 287 677 509 5 0.0529 414 280 670 506 3 0.0526 394 9 637 243 11 0.0526 302 530 571 762 8 0.0525 412 354 669 583 11 0.0521 417 210 677 443 11 0.0514 376 589 641 831 5 0.0512 293 519 560 760 7 0.0511 504 577 759 823 7 0.0505 426 209 680 446 3 0.0504 435 580 699 823 8 0.0504 378 582 630 831 13 0.0501 354 207 620 443 6 0.0501 500 217 761 454 3 0.0501 510 510 757 768
em6lXR0DfjTwJEDEmL6gKSvtcMsFxWra,11 0.0598 315 261 564 487 11 0.0551 374 327 649 554 7 0.0542 387 264 634 498 8 0.0539 515 277 756 507 0 0.0539 508 220 757 448 6 0.0536 320 319 584 555 0 0.0525 319 260 560 490 3 0.0524 320 257 561 498 7 0.0522 458 333 712 578 11 0.0518 301 386 581 627 11 0.0517 108 786 385 1007 8 0.0515 322 259 555 490 5 0.0513 439 275 694 509 6 0.0509 120 285 387 512 11 0.0508 442 401 711 641 5 0.0508 317 254 557 488 0 0.0508 376 324 645 559 8 0.0507 379 325 634 560 7 0.0504 520 277 766 505 7 0.0502 431 479 776 668
VSkImyBzaenLcMNnp6nvnaCfsNg5xR8h,14 1.0 0 0 1 1
f1OXPFkFFPGv2at9w4dMWiUVo6MKV9TS,0 0.0621 650 280 895 521 0 0.0614 711 221 951 461 8 0.0603 651 280 889 516 11 0.0592 649 282 898 516 7 0.0588 574 313 831 563 11 0.0581 767 325 1018 569 5 0.0580 648 275 897 520 13 0.0576 572 315 836 564 0 0.0575 31 1 311 211 0 0.0572 774 321 1015 573 6 0.0567 651 280 901 518 5 0.0553 773 317 1016 567 11 0.0552 709 221 957 454 5 0.0551 22 0 302 209 8 0.0549 710 215 944 459 13 0.0543 509 398 759 633 8 0.0542 34 32 295 253 5 0.0542 576 390 821 630 8 0.0540 579 393 818 629 0 0.0535 580 392 825 631 3 0.0529 574 319 830 571 8 0.0528 776 321 1009 570 10 0.0526 570 319 828 563 2 0.0523 574 319 829 565 11 0.0521 586 189 840 442 5 0.0518 494 312 753 567 13 0.0516 776 325 1023 575 5 0.0510 711 215 951 455 6 0.0506 773 324 1019 571 10 0.0506 775 328 1020 572 0 0.0504 499 317 758 564
eDF2GGWiBp561aDXYcWbDEXUXFEouMEW,14 1.0 0 0 1 1
29xrKOx9dxdvkLoPq3yol9yPhnYdCsMG,11 0.0600 72 613 441 791 8 0.0597 378 199 632 439 11 0.0594 375 203 638 440 5 0.0580 637 410 900 635 5 0.0580 490 141 764 376 5 0.0578 314 132 570 373 11 0.0577 186 720 447 947 5 0.0577 251 264 513 520 8 0.0576 320 142 569 373 11 0.0571 252 272 515 522 5 0.0570 372 193 631 438 0 0.0569 494 220 766 449 6 0.0568 324 141 581 375 7 0.0566 383 198 642 441 6 0.0558 381 202 639 440 11 0.0556 319 141 575 373 0 0.0553 377 201 638 439 13 0.0553 250 142 517 394 6 0.0552 498 146 774 375 9 0.0552 375 201 638 435 8 0.0551 252 206 503 461 13 0.0550 498 219 775 443 3 0.0545 497 144 772 385 7 0.0543 81 613 439 794 5 0.0543 72 609 432 797 11 0.0542 494 150 770 375 13 0.0539 379 199 648 441 0 0.0533 74 611 439 796 2 0.0533 492 227 771 447 6 0.0532 648 417 906 640 8 0.0528 258 335 503 580 3 0.0527 379 199 640 445 10 0.0527 373 135 642 364 7 0.0527 258 201 518 455 8 0.0526 68 610 424 796 11 0.0524 501 293 769 506 10 0.0522 495 225 769 448 8 0.0520 495 148 764 375 7 0.0515 499 219 770 449 2 0.0512 380 207 637 440 11 0.0512 397 338 651 575 13 0.0511 196 720 454 954 6 0.0511 264 271 520 524 0 0.0508 185 715 448 954 7 0.0508 324 136 582 375 1 0.0505 374 197 638 440 0 0.0505 397 335 647 579 12 0.0500 382 200 641 439
APWu4K8WU8lnyy8sotQEo2BTAzyBzPnO,8 0.0644 191 780 436 1021 7 0.0642 126 778 377 1018 11 0.0630 188 782 439 1020 5 0.0622 123 778 369 1014 5 0.0617 250 782 491 1020 0 0.0612 191 783 439 1022 5 0.0603 185 710 432 947 7 0.0594 254 784 496 1023 0 0.0586 254 718 494 963 10 0.0585 188 717 433 949 7 0.0582 192 712 434 951 0 0.0576 124 712 372 948 10 0.0575 124 785 370 1015 6 0.0569 192 787 440 1022 13 0.0564 192 785 444 1022 11 0.0558 249 719 496 957 8 0.0555 255 718 491 958 3 0.0555 256 717 493 965 10 0.0554 252 789 495 1021 2 0.0553 190 785 440 1021 6 0.0552 255 722 499 958 7 0.0551 389 726 636 964 8 0.0548 123 709 367 944 3 0.0544 192 780 440 1023 13 0.0539 123 711 379 947 11 0.0539 122 711 374 943 11 0.0534 381 728 631 959 5 0.0527 378 724 626 960 6 0.0521 124 710 377 946 13 0.0520 256 719 501 961 2 0.0513 253 724 496 961 9 0.0511 187 783 441 1020 0 0.0510 382 728 631 970 8 0.0505 385 728 626 965 1 0.0500 248 781 495 1023
rH5tDk0ZKbFkBLkANmFxRcBo8wB9vOdm,0 0.0517 719 487 963 726
fH6IJjgnoWtum5j7upsLSrSZrDTjchKh,7 0.0579 574 775 816 1005 5 0.0577 562 776 805 1000 11 0.0573 569 780 808 997 11 0.0547 311 402 562 625 13 0.0542 571 781 817 1007 11 0.0542 436 719 687 948 7 0.0539 443 714 693 949 5 0.0531 433 710 681 950 0 0.0526 432 717 686 956 11 0.0524 101 396 400 620 7 0.0522 177 394 454 636 11 0.0521 0 305 259 513 10 0.0508 167 404 450 633 5 0.0507 102 389 387 621 11 0.0506 333 675 687 850 8 0.0504 433 716 679 951 13 0.0503 438 720 697 953 8 0.0503 564 776 799 1004 0 0.0503 567 778 813 1006 8 0.0503 108 391 391 627 3 0.0502 574 775 809 1006
GdeQVDDC7MkXMNKwsStycfi0Gom9530F,5 0.0586 323 737 681 917 11 0.0565 323 744 688 915 0 0.0559 328 803 694 985 7 0.0550 334 741 691 918 3 0.0539 338 739 685 921 0 0.0531 314 663 567 903 5 0.0531 242 710 502 956 0 0.0530 325 218 564 449 8 0.0526 334 740 677 916 5 0.0523 174 591 433 818 6 0.0522 320 778 576 1012 10 0.0519 329 743 688 916 6 0.0516 336 737 692 916 11 0.0510 325 220 567 446 7 0.0510 316 780 576 1017 8 0.0509 248 789 500 1021 6 0.0506 332 222 572 446 7 0.0506 189 594 442 823 13 0.0504 252 786 520 1023 13 0.0503 340 740 693 918
qaPx3BVEGjwxliiwbNzllKkAPfKumT93,11 0.0669 385 543 640 775 11 0.0640 315 598 576 825 8 0.0636 391 543 638 773 11 0.0631 446 614 703 833 11 0.0614 302 472 559 713 5 0.0613 312 338 578 585 3 0.0602 309 476 559 718 8 0.0601 317 598 573 824 6 0.0598 313 535 568 769 7 0.0592 315 533 566 769 3 0.0591 320 343 580 589 7 0.0591 321 342 584 585 13 0.0590 383 612 646 844 3 0.0587 256 399 499 644 3 0.0586 386 265 643 503 0 0.0585 302 471 564 718 0 0.0582 318 339 586 587 11 0.0578 383 267 642 499 8 0.0577 304 478 554 717 11 0.0576 320 344 581 585 5 0.0574 308 199 563 439 6 0.0572 383 614 642 839 7 0.0571 385 262 645 501 7 0.0569 254 394 507 643 0 0.0569 383 266 641 500 8 0.0569 449 610 698 833 6 0.0568 326 134 578 364 8 0.0568 249 670 507 912 0 0.0568 251 395 509 643 8 0.0568 320 276 570 516 5 0.0568 299 469 556 712 5 0.0566 247 391 499 639 3 0.0565 255 273 515 511 6 0.0563 323 275 583 515 5 0.0560 378 259 639 497 8 0.0559 254 145 500 375 3 0.0559 314 204 568 445 8 0.0557 254 396 499 643 11 0.0557 311 203 567 441 13 0.0556 386 265 648 500 8 0.0555 372 671 629 897 3 0.0553 454 609 703 843 0 0.0553 253 270 518 508 3 0.0552 397 544 640 781 3 0.0552 323 600 578 830 11 0.0551 367 677 636 900 13 0.0550 450 674 718 906 6 0.0549 384 202 638 434 11 0.0549 249 396 504 641 10 0.0548 250 400 503 644 0 0.0546 314 203 568 440 9 0.0546 380 269 640 496 13 0.0545 321 345 588 592 5 0.0544 247 266 512 504 5 0.0544 441 604 698 833 7 0.0543 385 609 638 839 10 0.0540 317 348 584 586 2 0.0540 307 479 559 713 0 0.0538 388 541 643 777 2 0.0538 321 283 575 514 5 0.0537 379 124 640 358 0 0.0535 253 144 510 377 8 0.0530 379 205 625 432 5 0.0526 384 540 638 771 13 0.0525 314 672 591 910 11 0.0525 394 73 650 294 11 0.0524 253 270 514 508 0 0.0523 321 70 568 297 10 0.0521 390 544 644 771 6 0.0521 443 677 715 900 7 0.0520 313 200 570 440 5 0.0517 311 593 568 823 0 0.0514 384 128 644 360 0 0.0514 446 612 705 836 11 0.0514 252 75 505 304 5 0.0513 243 664 508 908 13 0.0512 317 202 575 448 6 0.0511 256 396 507 640 13 0.0511 184 791 453 1016 6 0.0509 316 675 582 902 11 0.0509 246 672 516 905 2 0.0508 255 403 501 642 8 0.0507 322 74 560 293 10 0.0505 302 478 560 714 6 0.0505 255 201 513 444 0 0.0504 316 599 580 824 7 0.0503 254 266 520 506 3 0.0503 256 148 508 380 3 0.0503 388 129 644 364
7F34Krk95qPKNvXGNoa1DFrpu8aVKMBs,0 0.0629 243 659 498 913 7 0.0622 245 709 497 958 11 0.0619 234 665 503 906 7 0.0602 121 656 372 895 5 0.0599 185 706 435 953 8 0.0599 184 662 430 912 0 0.0593 119 652 373 899 5 0.0585 61 676 423 852 11 0.0584 114 656 373 894 6 0.0571 123 654 375 899 6 0.0563 192 711 441 956 10 0.0562 176 667 438 907 10 0.0535 0 680 320 856 11 0.0527 326 345 566 577 3 0.0525 184 664 437 913 13 0.0516 129 718 378 956 7 0.0506 329 345 569 576 13 0.0503 245 660 506 911 13 0.0503 0 674 333 857 2 0.0502 0 679 327 856
oZ3KJsydPoNG5fxPYDBRAMpPy6wPES5V,11 0.0637 381 596 639 828 5 0.0620 368 647 629 885 7 0.0618 460 669 811 852 3 0.0617 374 652 632 890 5 0.0614 443 667 803 853 7 0.0607 376 652 634 883 0 0.0605 372 650 630 889 0 0.0602 452 669 807 854 0 0.0601 0 682 278 873 11 0.0597 453 672 808 854 11 0.0597 299 792 564 1019 3 0.0593 443 705 705 958 11 0.0585 823 460 1023 703 0 0.0584 2 523 246 782 7 0.0581 441 707 711 950 11 0.0581 304 672 567 893 13 0.0577 307 788 570 1021 8 0.0576 450 666 797 853 5 0.0575 382 532 633 771 10 0.0572 383 598 641 828 5 0.0570 296 785 559 1017 8 0.0570 377 712 628 955 13 0.0568 311 667 577 894 8 0.0564 302 787 559 1019 8 0.0564 380 596 633 828 6 0.0561 305 721 570 957 0 0.0561 821 452 1021 712 6 0.0561 377 651 636 885 11 0.0559 376 354 729 538 0 0.0558 385 536 635 775 11 0.0556 374 716 635 952 3 0.0554 826 452 1023 713 11 0.0554 377 463 634 697 10 0.0553 302 670 571 894 0 0.0552 304 718 563 959 5 0.0551 300 582 564 822 11 0.0548 233 726 489 953 3 0.0545 244 675 500 900 8 0.0545 823 451 1019 708 3 0.0544 389 537 637 777 7 0.0544 239 788 496 1023 6 0.0544 237 788 497 1022 7 0.0543 306 726 567 956 13 0.0541 462 669 817 855 6 0.0540 827 452 1023 705 2 0.0537 374 656 629 886 0 0.0537 235 787 493 1023 5 0.0536 227 719 483 949 3 0.0535 308 722 565 964 6 0.0532 456 670 815 852 8 0.0530 8 516 236 781 7 0.0530 308 587 574 826 7 0.0527 387 461 639 700 0 0.0526 378 782 632 1015 13 0.0526 824 450 1023 707 10 0.0525 454 671 809 854 13 0.0524 390 537 641 773 8 0.0524 304 668 564 891 7 0.0523 241 676 506 894 0 0.0521 310 584 569 829 7 0.0520 828 454 1023 703 11 0.0517 4 524 245 776 8 0.0516 383 462 624 699 13 0.0515 237 724 497 955 5 0.0514 817 452 1019 704 8 0.0512 380 350 717 541 9 0.0510 379 594 642 821 8 0.0509 182 682 430 901 0 0.0509 379 354 729 541 6 0.0508 440 707 711 951 3 0.0508 381 782 629 1018 5 0.0506 1 517 237 776 7 0.0504 380 783 634 1013 10 0.0503 372 354 732 544 10 0.0500 303 789 561 1017
GKTcfB4FWXk3YESjafT2wSGcp9v3DWpK,5 0.0647 512 788 760 1021 8 0.0636 390 788 628 1023 6 0.0616 386 789 634 1022 11 0.0600 380 793 632 1023 8 0.0592 520 790 760 1023 6 0.0584 517 793 763 1021 5 0.0580 379 788 628 1021 7 0.0565 384 791 634 1023 3 0.0562 456 789 698 1023 8 0.0559 453 725 698 976 0 0.0553 451 789 697 1023 8 0.0549 207 866 570 1023 5 0.0542 444 719 700 974 0 0.0541 381 718 638 973 7 0.0539 517 791 769 1023 6 0.0539 314 724 574 967 6 0.0537 451 720 706 968 11 0.0534 513 794 764 1021 11 0.0526 443 341 712 587 8 0.0525 317 726 565 974 6 0.0524 579 722 835 959 11 0.0522 309 729 573 968 11 0.0521 449 667 717 902 11 0.0521 199 869 586 1023 7 0.0517 448 336 720 589 5 0.0510 570 715 824 960 7 0.0509 580 715 834 966 7 0.0509 452 723 707 976 3 0.0507 521 719 765 969 5 0.0506 309 723 567 969 11 0.0505 496 272 749 506 13 0.0505 389 792 638 1023 8 0.0504 445 339 702 592 0 0.0503 516 717 763 961 9 0.0502 512 794 763 1021
mGxDP5ph7ZpvK2wUjPpxwCrdGfTMKXEn,5 0.0690 244 784 497 1020 8 0.0674 250 784 496 1023 7 0.0669 321 711 575 968 0 0.0656 250 711 505 966 7 0.0642 249 786 502 1023 8 0.0634 81 743 431 916 5 0.0628 78 743 438 914 11 0.0625 312 791 563 1019 11 0.0622 246 715 507 959 0 0.0620 315 789 563 1023 0 0.0617 80 744 442 917 10 0.0614 246 718 506 958 11 0.0609 78 746 446 914 10 0.0607 76 747 444 916 6 0.0606 249 716 506 961 5 0.0605 317 708 570 964 7 0.0602 81 745 447 916 3 0.0600 251 711 505 966 8 0.0600 321 710 569 966 13 0.0588 252 789 504 1023 0 0.0583 301 534 541 772 6 0.0575 314 795 565 1023 3 0.0573 82 745 440 920 3 0.0573 315 788 565 1023 9 0.0571 246 791 500 1020 2 0.0567 249 791 502 1023 6 0.0561 83 748 448 913 8 0.0558 303 535 532 766 10 0.0554 313 794 566 1019 11 0.0550 297 534 543 768 7 0.0545 301 532 543 767 10 0.0539 302 538 538 769 13 0.0538 80 745 454 915 9 0.0537 76 744 443 914 13 0.0536 322 712 580 967 0 0.0531 247 378 499 616 12 0.0531 250 711 504 962 1 0.0517 246 784 500 1023 11 0.0516 249 380 494 614 2 0.0514 321 718 574 967 3 0.0514 304 537 540 774 13 0.0514 304 535 547 766 0 0.0511 372 335 638 565 4 0.0506 247 788 505 1023 6 0.0505 303 537 544 766 5 0.0502 296 531 537 765
ros2ax0D8BEnQ8j0BZFpUEnY9h07tyVd,11 0.0568 434 787 689 1013 0 0.0540 436 780 689 1015 7 0.0535 437 782 693 1017 13 0.0527 442 784 697 1019 8 0.0514 439 781 679 1013 10 0.0512 433 787 688 1017
5YHmm1veEzUpp7xsysxx12nOrW16wFZL,0 0.0688 312 650 577 894 7 0.0674 186 653 445 889 11 0.0672 243 657 509 892 0 0.0669 180 595 441 839 0 0.0667 443 585 697 822 11 0.0646 437 652 696 883 5 0.0645 436 647 692 884 8 0.0639 333 674 691 855 0 0.0638 244 713 498 962 6 0.0630 332 676 697 856 6 0.0625 246 654 511 893 8 0.0625 119 593 375 831 8 0.0622 184 653 438 888 6 0.0621 122 649 380 884 5 0.0621 181 650 440 889 7 0.0621 338 676 699 856 5 0.0619 383 581 637 816 11 0.0617 377 715 643 958 11 0.0617 122 651 380 881 11 0.0617 387 588 641 817 7 0.0611 248 716 500 962 5 0.0610 376 708 636 958 0 0.0610 380 710 641 963 7 0.0602 509 589 760 821 11 0.0600 503 590 758 820 5 0.0597 501 587 752 820 5 0.0597 307 649 571 891 6 0.0596 449 711 705 957 10 0.0588 178 602 441 835 3 0.0587 187 653 442 892 11 0.0580 183 722 440 953 10 0.0579 246 656 509 890 10 0.0578 438 651 693 885 7 0.0566 454 530 702 759 0 0.0565 115 537 377 769 13 0.0565 337 675 702 855 5 0.0562 242 712 493 959 6 0.0558 314 716 574 966 7 0.0555 522 470 750 698 13 0.0553 449 710 707 957 8 0.0550 244 713 495 958 10 0.0544 379 714 641 959 3 0.0544 334 675 695 858 13 0.0544 126 646 386 884 10 0.0543 503 592 755 823 2 0.0538 333 679 696 855 6 0.0537 188 720 440 958 0 0.0532 460 472 698 705 8 0.0531 394 526 637 764 11 0.0526 114 288 383 511 1 0.0523 118 642 376 884 3 0.0523 509 591 756 828 13 0.0521 252 653 514 894 5 0.0520 515 465 742 695 9 0.0518 118 646 379 882 3 0.0518 248 714 499 966 11 0.0518 116 541 380 761 11 0.0517 398 470 653 711 2 0.0513 247 659 508 894 11 0.0513 469 418 698 638 10 0.0512 114 540 378 765 2 0.0511 383 715 643 960 13 0.0511 316 716 576 969 6 0.0509 453 536 703 761 7 0.0509 122 286 388 516 12 0.0509 187 651 443 889 6 0.0507 119 540 381 763 0 0.0507 638 616 882 854 12 0.0507 338 675 696 857 5 0.0506 394 464 645 707 1 0.0506 244 651 505 893 10 0.0504 183 721 437 958 5 0.0502 114 278 380 516
yN7DVdehSL3ES0F7iNUvHNCbSaIoEGtu,11 0.0555 335 667 683 836
BEM7xJa4FB7p6j3gMJIX1IlPRzscM9Je,11 0.0646 504 655 757 902 5 0.0628 387 613 756 787 11 0.0628 437 591 690 829 7 0.0621 446 527 699 768 8 0.0617 244 664 491 908 11 0.0611 238 668 499 908 11 0.0607 505 534 753 766 8 0.0605 442 526 687 765 0 0.0600 392 614 764 789 0 0.0598 242 666 497 915 8 0.0597 328 675 688 853 7 0.0596 506 594 761 835 7 0.0590 247 666 503 910 8 0.0589 503 592 749 833 7 0.0589 332 676 706 853 3 0.0581 323 615 694 793 3 0.0577 393 675 769 855 6 0.0571 323 616 698 789 2 0.0568 503 599 757 834 11 0.0568 386 724 619 966 8 0.0567 576 652 813 895 0 0.0567 574 656 820 897 5 0.0567 559 593 815 827 11 0.0566 451 465 700 691 13 0.0564 397 677 775 854 10 0.0561 318 617 693 791 13 0.0561 395 552 774 726 5 0.0560 238 663 491 910 6 0.0557 504 596 759 834 7 0.0557 518 468 761 701 13 0.0556 328 614 704 789 10 0.0555 505 533 751 771 11 0.0552 561 597 825 826 5 0.0549 650 704 890 943 10 0.0544 238 671 499 910 8 0.0544 562 539 813 767 11 0.0541 246 791 491 1020 3 0.0540 246 665 498 914 5 0.0540 384 720 616 965 10 0.0539 449 463 699 695 7 0.0539 579 654 822 897 6 0.0537 392 554 765 727 13 0.0532 248 665 506 912 7 0.0531 322 720 563 967 13 0.0531 580 656 826 896 6 0.0530 244 668 501 912 8 0.0526 248 787 483 1023 0 0.0525 390 723 618 972 8 0.0521 514 471 749 698 3 0.0521 580 655 821 898 8 0.0520 390 721 616 968 2 0.0520 319 618 694 792 9 0.0519 386 615 761 785 5 0.0518 244 786 485 1019 10 0.0514 506 655 755 904 7 0.0507 567 537 825 772 2 0.0506 574 659 822 894 13 0.0506 256 793 496 1023 6 0.0505 577 658 823 897 10 0.0503 562 597 821 828 6 0.0502 392 725 624 970 0 0.0501 450 460 701 697 0 0.0500 562 543 824 771
4JAgUSuiQIBfSZ4JM8XPWX6pZRKZ2YXP,0 0.0646 628 401 873 646 11 0.0643 572 539 827 786 7 0.0641 576 536 826 793 5 0.0640 572 534 823 790 6 0.0632 632 401 874 645 8 0.0628 573 537 820 788 6 0.0624 576 536 827 788 11 0.0619 628 401 874 645 3 0.0606 577 536 825 795 0 0.0595 575 534 825 792 0 0.0592 677 475 927 730 11 0.0589 567 663 841 910 10 0.0587 573 536 826 788 8 0.0587 627 394 869 646 13 0.0584 575 540 830 790 7 0.0584 627 397 875 649 8 0.0572 435 663 694 909 5 0.0570 626 397 871 643 2 0.0568 575 541 825 790 13 0.0566 633 400 880 644 6 0.0564 682 478 930 725 10 0.0551 625 403 872 646 5 0.0551 428 654 697 907 5 0.0550 673 477 923 724 3 0.0548 629 399 875 651 4 0.0546 573 540 828 793 11 0.0546 428 665 697 905 5 0.0545 567 660 834 907 0 0.0543 570 662 842 912 10 0.0540 673 481 929 723 11 0.0540 674 481 933 720 9 0.0535 624 399 875 642 6 0.0535 575 661 844 910 13 0.0534 679 478 939 728 12 0.0534 576 535 825 793 13 0.0530 438 661 706 911 2 0.0526 630 404 877 651 7 0.0517 439 664 705 908 9 0.0517 572 535 826 786 8 0.0516 571 664 834 909 6 0.0515 437 663 701 906 1 0.0512 570 533 823 792 3 0.0511 577 661 840 914 10 0.0509 570 666 840 907 7 0.0507 574 662 845 910 1 0.0502 627 394 875 646 2 0.0502 571 667 842 911 12 0.0502 630 400 874 649
uUgLtpMRryHqwws0ABdNQHNiIW9KTjHU,11 0.0612 437 519 694 758 0 0.0584 367 457 630 693 5 0.0576 155 330 422 570 7 0.0569 441 514 697 757 0 0.0561 434 517 694 764 11 0.0559 369 454 628 688 7 0.0550 373 451 634 687 11 0.0546 512 408 748 645 11 0.0542 301 516 568 751 8 0.0538 369 453 623 688 8 0.0537 438 516 685 761 7 0.0535 183 267 437 500 8 0.0533 164 327 414 576 7 0.0532 517 406 757 648 6 0.0528 441 518 695 761 0 0.0525 247 269 495 507 8 0.0524 306 514 562 757 3 0.0522 442 517 693 764 10 0.0522 367 458 632 689 11 0.0522 129 293 392 517 7 0.0519 308 512 576 750 5 0.0518 300 512 568 749 11 0.0516 184 398 437 638 13 0.0515 373 452 638 691 8 0.0510 514 411 743 647 5 0.0509 433 514 691 758 6 0.0508 516 409 755 650 3 0.0504 374 456 628 690 5 0.0502 366 452 628 688 0 0.0502 512 410 752 650
qir5s9xxC2aVv7hVSiasfCTsCPiRymcG,5 0.0645 297 453 565 693 11 0.0613 304 387 574 629 5 0.0611 374 381 636 627 11 0.0610 236 459 502 685 8 0.0610 377 381 632 628 5 0.0610 311 315 570 563 11 0.0593 382 333 638 567 0 0.0591 384 330 632 569 11 0.0577 263 543 644 719 13 0.0574 312 387 575 634 0 0.0573 238 458 497 689 7 0.0573 313 387 572 632 5 0.0572 238 382 502 620 3 0.0569 380 385 639 633 0 0.0569 308 384 572 632 3 0.0569 317 321 573 573 8 0.0568 303 455 565 695 0 0.0566 345 479 698 661 7 0.0563 349 478 701 661 10 0.0559 299 457 569 695 3 0.0558 305 454 569 698 13 0.0556 243 459 503 692 0 0.0551 297 531 571 773 6 0.0546 243 529 513 767 8 0.0545 318 322 565 565 0 0.0544 450 205 690 445 11 0.0542 449 212 692 442 7 0.0542 218 545 573 728 5 0.0542 371 205 620 440 8 0.0541 378 209 617 441 7 0.0540 447 145 701 386 6 0.0539 388 332 636 567 6 0.0538 309 387 575 632 6 0.0532 383 211 629 442 8 0.0531 242 527 502 767 2 0.0531 384 335 635 567 7 0.0531 388 331 638 566 13 0.0527 272 543 647 723 10 0.0524 386 336 636 569 13 0.0522 388 329 639 569 10 0.0522 325 544 702 730 5 0.0521 439 139 692 385 6 0.0521 450 147 700 382 8 0.0517 246 385 499 624 0 0.0515 324 204 574 440 7 0.0514 382 211 627 443 11 0.0512 366 593 635 838 10 0.0510 376 217 627 444 1 0.0509 268 475 631 661 2 0.0506 449 212 691 443 5 0.0504 361 586 629 838 13 0.0504 177 525 434 776 11 0.0501 318 213 576 432 13 0.0501 613 0 879 211 12 0.0500 380 383 643 633
z6jeyfrVuoQ5RFGEIRk2387BEWydlTEc,11 0.0623 314 660 572 891 7 0.0579 321 659 577 893 8 0.0571 317 657 566 891 0 0.0562 319 717 573 961 11 0.0551 381 713 636 954 8 0.0549 383 705 633 957 10 0.0533 317 660 572 892 7 0.0520 385 458 638 690 5 0.0516 313 656 570 891 13 0.0503 320 659 583 893
CEdVJsP1t6CupOBUhXJB3hY4iUX6bE5o,0 0.0606 430 794 700 1023 5 0.0592 423 787 696 1019 11 0.0583 128 592 378 820 7 0.0580 186 783 438 1018 7 0.0578 432 789 705 1023 8 0.0576 433 791 689 1020 0 0.0573 389 602 639 841 3 0.0571 431 791 700 1023 11 0.0550 309 675 584 895 11 0.0549 261 531 521 762 11 0.0546 380 605 648 832 11 0.0541 366 739 646 961 5 0.0535 383 599 635 833 11 0.0532 241 737 516 961 0 0.0530 313 674 582 904 13 0.0528 393 605 645 838 7 0.0524 262 797 627 983 8 0.0523 388 604 635 838 10 0.0521 259 534 518 765 10 0.0518 388 606 640 835 8 0.0517 262 528 511 767 10 0.0516 311 679 577 895 3 0.0513 389 668 646 900 0 0.0510 260 528 521 770 7 0.0510 267 528 519 769 13 0.0509 266 531 524 770 13 0.0507 379 739 645 966 6 0.0507 377 738 643 962 7 0.0505 394 605 641 840 13 0.0505 320 676 584 903 8 0.0503 186 789 423 1020 0 0.0502 258 798 623 985 10 0.0500 367 743 641 962
WQ6M1oedGdjVBK2Jxt85vuT1URDsFcjn,5 0.0591 166 332 428 571 11 0.0578 454 339 708 582 5 0.0576 171 454 435 705 0 0.0576 320 387 574 626 11 0.0574 176 461 436 705 7 0.0572 172 399 430 643 11 0.0548 246 394 515 635 5 0.0547 246 391 510 634 11 0.0538 171 337 433 569 11 0.0537 577 272 825 504 0 0.0535 440 465 700 697 3 0.0530 246 399 513 646 11 0.0524 441 466 703 691 6 0.0522 251 398 520 636 13 0.0520 249 468 518 710 0 0.0519 245 468 514 712 8 0.0518 455 401 702 641 11 0.0517 318 458 583 694 8 0.0512 516 333 754 572 2 0.0512 246 476 512 716 0 0.0511 170 401 429 644 13 0.0511 322 388 583 630 8 0.0505 581 270 817 511 10 0.0505 246 472 511 711 6 0.0503 172 338 433 572 7 0.0503 446 463 705 696 8 0.0502 247 394 502 637 6 0.0501 176 462 443 708
J97R8zpj7ycrwkzs5QxPDWBNlI0tP2zD,5 0.0630 131 862 497 1020 10 0.0629 134 871 504 1023 8 0.0626 136 864 495 1023 7 0.0623 140 865 509 1023 11 0.0593 135 866 507 1022 0 0.0578 140 868 506 1023 7 0.0570 314 731 562 960 11 0.0548 374 731 627 961 6 0.0540 140 869 508 1023 8 0.0533 309 735 550 956 5 0.0524 306 725 555 956 13 0.0518 140 868 516 1023 11 0.0514 287 483 628 661 11 0.0514 572 794 801 1020 0 0.0510 274 554 628 735 7 0.0507 190 726 442 958 0 0.0505 439 591 695 824 2 0.0504 139 870 503 1023
ryMuVupwN2SCFZv2ULbjExpcGg7NmcGF,13 0.0529 515 519 783 748 8 0.0522 577 448 834 695 13 0.0520 452 456 716 694 5 0.0518 189 262 433 497 5 0.0509 363 441 634 698 7 0.0506 200 267 440 497 5 0.0503 449 195 696 449
9nIianT9k67WaKqS57KxsJ4Oft0s7BGP,11 0.0626 262 213 522 445 8 0.0596 314 671 573 904 11 0.0591 320 275 575 510 11 0.0585 362 666 636 899 11 0.0580 499 790 746 1015 0 0.0579 261 270 516 520 7 0.0578 315 667 582 906 5 0.0576 319 325 564 573 0 0.0576 308 666 580 906 13 0.0570 324 328 572 575 7 0.0568 442 791 691 1020 0 0.0567 437 792 686 1019 0 0.0567 445 400 686 640 5 0.0566 304 663 574 903 5 0.0562 430 786 680 1014 6 0.0553 313 667 580 902 8 0.0552 383 400 626 636 11 0.0552 188 271 445 503 13 0.0549 318 668 582 906 0 0.0547 252 143 520 390 5 0.0546 380 397 627 635 3 0.0545 324 274 575 516 6 0.0545 265 273 523 516 7 0.0544 325 274 575 513 13 0.0543 310 793 571 1023 5 0.0543 318 202 577 447 11 0.0542 302 798 563 1021 0 0.0541 321 210 577 451 7 0.0540 388 397 636 637 8 0.0539 146 677 487 851 5 0.0537 417 660 688 895 3 0.0534 316 667 580 910 8 0.0530 323 273 566 510 3 0.0530 441 792 684 1022 11 0.0527 129 678 495 850 13 0.0526 442 791 693 1017 11 0.0525 387 336 628 575 5 0.0523 250 136 516 382 11 0.0523 231 735 512 966 8 0.0523 425 664 683 898 2 0.0522 260 680 636 855 7 0.0520 143 677 498 852 6 0.0519 257 143 525 386 6 0.0518 323 210 582 448 2 0.0518 386 407 631 638 10 0.0518 319 335 567 572 0 0.0517 304 794 565 1023 8 0.0517 450 334 680 574 13 0.0516 142 677 504 854 11 0.0515 315 76 584 315 0 0.0513 133 679 500 855 7 0.0512 307 792 569 1023 8 0.0512 440 792 678 1015 10 0.0512 370 665 636 898 13 0.0511 387 399 640 637 6 0.0511 196 211 447 441 11 0.0510 422 600 685 829 5 0.0510 296 787 555 1022 5 0.0508 130 673 484 850 13 0.0507 324 208 583 453 6 0.0507 438 792 688 1014 6 0.0506 321 11 589 253 0 0.0506 187 211 442 447 7 0.0505 430 664 696 899 11 0.0503 288 2 655 151 0 0.0502 423 661 694 900 0 0.0502 320 14 587 253 0 0.0502 392 273 632 514 13 0.0501 453 333 695 574 2 0.0501 267 214 521 449 10 0.0500 321 214 583 451 2 0.0500 323 334 566 571
b5XkZBHopM6x6kGh6nwiN7ErhsQaOsCi,0 0.0608 382 342 651 583 11 0.0590 428 796 684 1018 8 0.0589 387 475 626 697 5 0.0580 375 340 646 576 11 0.0573 382 406 639 631 0 0.0568 465 461 708 693 11 0.0567 580 346 825 583 11 0.0560 465 465 707 686 11 0.0557 377 723 634 959 8 0.0556 386 341 643 582 8 0.0555 0 96 241 331 13 0.0550 381 268 662 499 0 0.0542 627 396 856 642 5 0.0540 380 469 632 693 5 0.0537 425 786 677 1018 7 0.0536 386 340 655 583 3 0.0534 439 791 682 1023 7 0.0533 433 791 689 1023 6 0.0533 388 474 643 693 6 0.0532 385 343 655 581 3 0.0530 589 344 824 591 3 0.0529 387 341 652 585 7 0.0525 584 342 831 583 11 0.0524 377 269 654 497 6 0.0521 385 677 645 910 0 0.0521 35 51 326 265 6 0.0519 586 344 830 584 5 0.0514 377 664 631 911 0 0.0513 434 794 686 1021 8 0.0509 585 343 820 584 5 0.0507 576 337 824 578 0 0.0507 0 102 247 341 11 0.0505 375 619 637 841 7 0.0504 389 671 643 914 13 0.0504 587 347 834 584 0 0.0504 308 406 570 644 10 0.0501 380 346 650 577
BKqaJtLifSjtIqH4X9FAKWgKgnYehY5n,11 0.0637 273 349 642 533 11 0.0629 442 401 697 643 0 0.0626 390 664 648 909 5 0.0616 313 388 584 636 11 0.0614 318 391 582 633 11 0.0612 386 666 646 903 5 0.0611 386 655 645 904 7 0.0607 320 458 586 704 0 0.0605 386 387 640 629 7 0.0594 279 349 652 535 3 0.0593 319 395 586 641 5 0.0593 200 349 573 530 8 0.0592 393 664 643 911 11 0.0590 307 527 579 760 8 0.0583 275 352 633 534 13 0.0579 316 675 580 911 6 0.0573 282 352 651 535 5 0.0573 435 326 697 575 6 0.0571 313 677 581 909 13 0.0568 313 528 589 763 5 0.0568 268 279 634 465 3 0.0568 447 398 702 649 6 0.0565 323 393 589 636 0 0.0560 442 466 691 710 0 0.0559 310 524 581 763 8 0.0558 442 333 692 575 13 0.0552 323 391 593 636 2 0.0549 310 532 585 767 5 0.0548 304 521 577 761 3 0.0547 396 664 651 911 6 0.0545 443 464 696 706 2 0.0545 393 666 648 909 8 0.0543 386 452 636 697 13 0.0538 444 333 705 578 7 0.0535 374 787 633 1023 6 0.0534 314 527 587 761 3 0.0529 311 530 584 767 10 0.0528 274 355 644 532 12 0.0527 323 392 588 636 10 0.0525 442 399 700 642 10 0.0524 312 463 584 699 0 0.0523 371 785 631 1023 9 0.0523 316 393 585 631 8 0.0522 313 530 577 762 2 0.0519 281 354 642 533 10 0.0518 309 681 575 911 3 0.0518 376 792 630 1023 7 0.0516 314 680 580 910 5 0.0514 365 780 626 1021 2 0.0513 387 458 643 698 11 0.0511 368 794 627 1021 8 0.0511 372 788 619 1023 13 0.0511 379 787 637 1023 7 0.0509 445 465 695 710 9 0.0509 440 398 700 638 9 0.0506 386 664 647 899
aSsQiJr6rmJYA36l6d4NQV52DxQWzXHS,8 0.0598 285 866 642 1023 11 0.0589 280 867 648 1023 0 0.0550 279 867 647 1023 7 0.0544 444 463 708 708 5 0.0541 272 863 636 1021 6 0.0538 278 866 655 1023 11 0.0532 579 545 838 775 7 0.0528 520 534 767 780 8 0.0528 238 793 495 1019 0 0.0527 644 418 886 655 7 0.0527 282 865 658 1023 5 0.0527 371 394 641 638 6 0.0526 581 542 846 774 13 0.0523 285 866 657 1023 8 0.0522 317 737 571 970 5 0.0521 438 579 714 824 11 0.0521 378 740 637 974 11 0.0520 375 402 645 641 5 0.0516 377 732 629 974 5 0.0513 570 539 834 776 0 0.0512 379 739 637 971 0 0.0512 330 204 573 440 5 0.0511 265 65 516 304 8 0.0508 378 397 639 642 0 0.0504 515 536 765 781
AJau7VO6j5Ft156L2yXEZjcK2iKZc5w2,11 0.0663 377 150 643 376 7 0.0648 316 146 582 384 3 0.0632 317 141 585 387 8 0.0619 311 141 575 384 5 0.0617 374 145 641 375 11 0.0616 314 89 577 318 7 0.0608 386 84 648 319 5 0.0606 247 390 511 634 5 0.0606 174 268 437 501 13 0.0604 382 151 647 379 8 0.0604 382 82 642 317 0 0.0603 321 14 589 258 3 0.0599 325 14 590 260 3 0.0598 438 154 699 388 8 0.0594 323 12 579 255 10 0.0588 312 89 574 319 8 0.0586 254 394 507 637 0 0.0585 432 153 694 384 5 0.0584 316 11 582 251 2 0.0584 448 347 703 579 6 0.0584 384 84 649 313 11 0.0583 249 397 513 631 5 0.0583 489 210 745 441 0 0.0582 503 275 749 500 13 0.0582 258 144 532 381 10 0.0579 252 398 512 632 6 0.0579 438 154 698 380 10 0.0577 375 152 642 376 0 0.0573 185 267 435 509 5 0.0571 247 136 525 376 5 0.0569 504 329 758 560 8 0.0568 433 152 692 385 13 0.0566 443 275 701 504 0 0.0564 249 390 512 640 11 0.0561 180 275 442 501 2 0.0560 439 218 695 445 6 0.0559 257 396 515 636 8 0.0559 508 333 756 559 2 0.0559 377 153 642 378 0 0.0558 446 342 704 578 13 0.0558 255 398 518 639 5 0.0553 568 267 832 502 0 0.0553 316 141 582 382 8 0.0552 253 79 503 316 11 0.0551 564 787 819 1020 6 0.0550 318 144 584 381 8 0.0550 566 786 810 1019 5 0.0549 179 458 450 706 8 0.0547 440 270 691 505 11 0.0547 437 217 693 441 0 0.0546 566 784 824 1023 7 0.0545 567 781 828 1023 7 0.0545 324 14 586 256 3 0.0545 504 84 770 315 7 0.0543 188 271 444 507 3 0.0542 443 273 696 511 8 0.0541 186 459 441 711 8 0.0539 184 267 431 508 13 0.0539 193 465 458 714 5 0.0537 500 452 766 684 13 0.0537 186 273 448 510 10 0.0536 181 277 437 505 9 0.0536 437 216 694 439 7 0.0535 253 396 514 637 0 0.0535 190 134 458 374 8 0.0534 504 84 757 310 6 0.0534 446 274 701 506 7 0.0534 442 271 697 506 2 0.0532 316 94 574 321 9 0.0532 311 144 585 379 0 0.0532 589 336 850 568 10 0.0530 186 466 449 707 9 0.0529 380 87 650 311 10 0.0529 438 219 697 445 11 0.0528 505 462 770 686 6 0.0526 323 15 587 253 7 0.0523 514 458 775 693 2 0.0522 508 278 754 498 11 0.0521 499 86 768 303 0 0.0520 508 461 770 692 7 0.0520 189 463 452 708 0 0.0519 498 86 768 310 3 0.0518 517 460 772 695 11 0.0518 506 335 763 559 5 0.0515 497 78 765 304 11 0.0515 179 466 452 706 6 0.0512 518 332 769 561 8 0.0512 510 460 762 689 5 0.0512 639 340 904 569
sJbHcGbcxzMRapQxGuC45dWz2sFeCUR3,5 0.0596 241 324 511 560 6 0.0584 348 610 723 785 5 0.0581 335 605 711 790 6 0.0575 317 324 583 566 5 0.0560 180 255 442 491 8 0.0558 378 578 628 816 13 0.0552 416 534 774 718 7 0.0550 409 534 770 719 7 0.0548 346 610 720 791 0 0.0545 327 548 699 726 11 0.0545 583 406 844 622 8 0.0544 407 535 751 721 6 0.0543 412 534 769 717 11 0.0542 402 539 762 716 11 0.0541 245 255 517 478 5 0.0536 400 530 758 718 0 0.0535 194 201 442 432 11 0.0532 335 611 709 788 8 0.0532 448 732 698 958 3 0.0531 345 610 708 793 8 0.0531 238 415 576 597 6 0.0530 254 257 516 482 13 0.0526 382 449 656 683 13 0.0525 317 1 590 190 2 0.0520 344 612 716 788 13 0.0518 387 578 642 819 0 0.0517 448 731 704 959 8 0.0517 178 339 444 581 5 0.0509 179 406 452 657 7 0.0509 253 387 511 637 11 0.0507 377 728 630 949 6 0.0505 322 444 588 690 11 0.0504 240 129 511 362 6 0.0503 453 733 703 960 5 0.0502 444 727 698 958 11 0.0501 484 812 744 1019 0 0.0501 313 322 582 563
pLd7iiK8bZ6MKxASKXvSfuahDyKylkgP,5 0.0597 437 467 695 714 0 0.0586 328 455 578 709 11 0.0582 430 544 699 780 3 0.0579 452 409 713 655 11 0.0577 384 404 655 641 8 0.0574 446 409 703 648 0 0.0561 434 542 693 784 7 0.0558 445 471 703 719 5 0.0556 371 585 637 832 5 0.0553 320 454 573 707 6 0.0553 449 407 716 645 0 0.0553 449 410 710 650 6 0.0546 383 462 643 703 3 0.0542 384 464 642 713 8 0.0539 380 464 628 704 0 0.0536 391 340 648 580 6 0.0534 392 338 655 580 3 0.0532 389 341 648 588 8 0.0531 392 341 638 577 8 0.0530 490 539 750 781 7 0.0529 390 401 656 645 0 0.0529 498 609 755 844 13 0.0528 388 403 658 643 6 0.0527 321 591 579 833 5 0.0526 247 588 506 827 7 0.0523 328 456 578 707 7 0.0518 329 332 584 584 3 0.0516 437 544 700 790 11 0.0513 313 527 577 762 2 0.0511 435 548 698 781 12 0.0508 383 461 640 708 13 0.0507 498 541 764 777 5 0.0507 318 332 575 584 11 0.0504 324 339 582 584 13 0.0503 325 340 590 587 7 0.0502 444 606 701 847 6 0.0501 436 542 702 779 8 0.0501 254 595 500 828 7 0.0500 257 593 512 831 13 0.0500 381 524 640 766
tRHm2XY8MrcbBEaAKUHVWp1WMD8nnh01,11 0.0606 449 400 703 634 11 0.0573 308 332 581 563 8 0.0568 504 336 752 573 7 0.0567 454 397 705 635 11 0.0556 504 337 761 569 5 0.0556 506 268 755 514 5 0.0551 186 391 432 629 11 0.0541 251 397 506 642 5 0.0535 558 335 813 579 11 0.0526 189 337 445 563 8 0.0525 452 398 694 635 8 0.0525 511 232 768 462 3 0.0520 308 396 569 639 11 0.0517 425 18 700 231 3 0.0517 457 399 699 641 0 0.0517 509 275 763 515 0 0.0516 510 397 761 646 0 0.0514 380 399 629 638 5 0.0509 316 16 572 239 10 0.0506 314 405 569 633 7 0.0506 257 396 504 648 7 0.0504 316 327 585 568 6 0.0503 513 277 772 513 8 0.0502 119 324 366 570
FAiPOsrTJsd1N4xiD67pfXLImLKuGOOl,5 0.0617 236 324 491 565 6 0.0601 646 468 895 705 11 0.0590 306 338 566 572 13 0.0579 472 543 851 720 5 0.0576 319 472 664 657 5 0.0574 464 533 837 718 8 0.0571 475 540 832 719 0 0.0569 242 330 495 572 11 0.0565 638 463 893 706 8 0.0562 244 325 488 571 13 0.0561 322 135 578 372 7 0.0557 308 395 559 632 11 0.0551 437 147 704 363 0 0.0544 641 466 892 713 8 0.0544 394 137 627 371 11 0.0541 468 539 838 717 13 0.0539 307 397 563 635 3 0.0538 306 394 555 640 11 0.0537 541 590 818 822 5 0.0537 240 199 491 433 11 0.0537 325 205 579 435 8 0.0536 332 478 666 658 0 0.0534 319 264 564 512 6 0.0534 322 264 564 510 6 0.0532 479 543 843 716 0 0.0532 390 134 636 380 8 0.0529 640 466 884 711 10 0.0527 303 401 559 631 5 0.0526 313 260 559 509 8 0.0525 334 202 566 439 6 0.0523 245 327 496 570 2 0.0522 258 422 609 603 11 0.0522 242 266 493 499 5 0.0521 635 458 888 707 13 0.0521 322 267 570 517 6 0.0520 334 477 682 659 6 0.0519 308 396 558 633 0 0.0519 456 470 830 659 11 0.0518 378 280 630 516 3 0.0518 478 540 843 724 8 0.0518 359 541 626 777 0 0.0518 244 204 499 440 13 0.0513 554 594 822 824 10 0.0513 331 205 578 437 8 0.0513 478 602 739 825 6 0.0512 251 199 501 437 13 0.0511 246 329 501 574 5 0.0509 545 580 810 822 3 0.0509 322 267 562 518 10 0.0508 242 334 494 567 5 0.0508 580 385 827 634 7 0.0506 334 198 578 436 0 0.0505 552 589 815 828 2 0.0503 244 333 493 570 3 0.0503 561 589 811 832 5 0.0501 315 132 566 368
mQbuFgOwkxRueDhTOrPaFDDL3G3tc7Fl,11 0.0549 197 1 574 153
EQuXYezAxmlMGjh3RmzmiV7tBXS3FaTI,5 0.0644 644 204 904 446 8 0.0629 519 204 763 442 5 0.0604 519 150 762 383 6 0.0599 661 205 911 446 11 0.0591 583 204 847 438 0 0.0588 516 205 772 443 8 0.0586 388 132 632 357 3 0.0579 590 205 842 455 5 0.0577 633 319 901 562 0 0.0565 651 211 907 454 11 0.0565 633 326 902 560 7 0.0564 394 127 640 365 8 0.0551 654 205 896 449 5 0.0539 387 119 631 361 7 0.0536 258 305 517 543 13 0.0536 525 205 776 440 11 0.0533 517 155 774 377 0 0.0528 512 97 762 321 13 0.0525 253 7 525 247 5 0.0523 367 5 635 231 7 0.0523 374 9 643 235 13 0.0520 379 13 643 231 5 0.0519 244 1 516 243 6 0.0514 525 201 772 441 8 0.0512 251 5 505 242 0 0.0512 371 16 638 235 3 0.0510 250 9 518 251 0 0.0510 639 329 902 571 7 0.0510 252 1 523 246 3 0.0510 527 158 770 393 5 0.0510 260 137 515 369 7 0.0507 524 199 775 444 2 0.0506 522 209 770 442 11 0.0503 389 127 637 357 0 0.0501 321 81 578 310
sqpPMwFPoOARTdY5T7kxVIsZbbnnDtfF,11 0.0594 441 527 710 754 0 0.0594 381 456 651 715 5 0.0589 377 661 643 900 11 0.0581 382 598 646 822 0 0.0579 293 344 563 580 2 0.0579 387 601 647 826 0 0.0574 288 209 568 436 5 0.0572 444 383 710 626 5 0.0571 318 598 577 835 0 0.0570 321 599 580 842 5 0.0556 437 514 706 760 13 0.0555 519 523 765 746 8 0.0555 381 666 639 905 13 0.0553 391 596 652 827 0 0.0550 513 526 763 749 7 0.0548 440 337 704 570 7 0.0548 325 601 588 838 13 0.0544 391 383 656 634 3 0.0541 454 391 718 634 6 0.0541 442 341 710 568 0 0.0539 441 342 705 574 11 0.0538 290 347 558 576 8 0.0534 443 526 701 761 6 0.0533 385 597 648 825 8 0.0530 391 383 640 632 6 0.0529 444 525 713 760 3 0.0529 449 524 711 765 7 0.0527 445 525 711 759 13 0.0524 299 346 563 582 0 0.0522 516 392 770 627 7 0.0522 385 666 653 905 8 0.0521 324 599 573 839 5 0.0519 287 343 557 574 0 0.0518 380 669 649 904 3 0.0517 382 669 646 910 11 0.0514 234 216 508 435 13 0.0514 318 668 601 913 7 0.0512 296 207 565 432 8 0.0509 301 347 547 578 2 0.0506 389 393 646 632 8 0.0504 238 212 493 438 10 0.0502 383 601 644 825 11 0.0501 451 394 716 628
KYlaN7mqlAnZozM3xjXt2EXW4JID4T5B,5 0.0602 437 716 679 959 11 0.0597 440 723 684 958 0 0.0581 436 718 683 965 11 0.0578 304 394 578 622 7 0.0574 446 719 685 961 11 0.0552 360 534 634 765 3 0.0549 444 719 683 964 8 0.0546 443 717 678 961 13 0.0544 447 720 689 963 10 0.0542 439 722 683 962 11 0.0536 232 332 510 566 11 0.0531 296 0 571 189 5 0.0531 232 334 503 564 8 0.0530 386 4 634 248 6 0.0528 444 717 688 961 0 0.0510 299 457 565 691 0 0.0505 300 0 573 199 9 0.0501 438 721 683 958
HNnZ5XCKW2sBibcRzQgsbuIUGjdbjrQh,11 0.0576 597 17 834 260 8 0.0574 309 346 556 575 5 0.0567 245 608 515 840 11 0.0553 323 612 589 840 5 0.0552 698 0 950 207 0 0.0551 0 524 176 877 8 0.0551 251 613 514 840 13 0.0550 496 361 852 534 0 0.0544 704 1 953 210 0 0.0544 311 396 578 624 11 0.0543 702 3 957 207 11 0.0543 300 348 565 573 7 0.0536 262 613 528 842 5 0.0532 300 341 563 574 6 0.0532 706 0 955 206 11 0.0528 483 363 846 530 6 0.0527 255 617 531 843 3 0.0527 706 0 948 212 13 0.0525 707 0 964 209 13 0.0524 310 347 570 577 0 0.0524 258 613 524 845 2 0.0521 704 3 953 208 11 0.0520 0 537 176 862 10 0.0519 254 618 520 847 8 0.0516 600 14 826 259 8 0.0516 704 0 944 204 8 0.0515 2 520 164 872 5 0.0513 0 516 168 869 11 0.0512 458 604 714 825 0 0.0505 488 361 846 538 7 0.0504 305 344 567 574 3 0.0502 311 347 563 580 3 0.0502 3 525 174 877 13 0.0500 260 615 533 847
e88nDjc9OtRJV6kKq6MEfFQTdjf3Q4jI,11 0.0562 446 76 721 311 6 0.0560 442 0 725 191 11 0.0553 439 3 718 191 7 0.0548 447 0 719 190 8 0.0548 327 85 575 328 5 0.0546 436 0 714 189 0 0.0544 323 85 583 328 5 0.0537 443 68 713 311 13 0.0537 326 82 595 330 11 0.0536 320 85 588 327 6 0.0535 389 71 656 314 13 0.0525 254 141 516 382 6 0.0519 449 139 716 387 11 0.0515 441 212 710 445 7 0.0512 382 147 655 381 7 0.0511 454 71 722 317 8 0.0508 446 1 709 189 0 0.0506 442 0 716 190 11 0.0505 310 282 584 521 0 0.0502 570 404 817 638 3 0.0501 448 0 715 199
4JhLtQ61jo6twztklWLDl7GNq9veht5e,0 0.0590 0 1 370 153 6 0.0551 5 2 372 147 5 0.0524 0 0 357 150 11 0.0518 312 400 565 625 11 0.0512 0 2 372 149
dzdHcBpLneGV9OsRwC1NEqYuMRNHMFT3,3 0.0625 389 165 657 404 11 0.0597 374 214 643 446 8 0.0594 249 172 505 397 5 0.0594 367 203 634 450 3 0.0569 312 217 568 458 6 0.0566 377 272 640 510 11 0.0562 437 456 692 694 7 0.0556 378 212 646 456 6 0.0552 315 172 592 396 11 0.0548 240 217 514 443 5 0.0538 307 265 557 499 13 0.0534 252 169 516 398 7 0.0529 315 272 568 500 8 0.0526 377 212 632 453 0 0.0524 242 167 514 397 8 0.0515 516 451 760 703 11 0.0512 586 456 836 679 0 0.0508 383 163 656 403 0 0.0507 376 270 636 510 6 0.0507 190 177 463 397 6 0.0502 252 271 517 499
n2qlJ03s8Bch8y4vDwfx8KC9wM4lTG3j,11 0.0630 447 2 700 234 8 0.0604 569 18 815 252 11 0.0602 569 23 823 251 5 0.0579 441 0 693 236 0 0.0579 501 717 760 961 5 0.0578 565 18 818 252 3 0.0576 575 21 823 261 6 0.0573 574 141 836 385 5 0.0573 501 138 761 387 13 0.0570 572 20 826 253 8 0.0568 500 65 749 309 8 0.0566 570 140 826 384 0 0.0563 508 7 758 249 5 0.0563 570 207 827 447 11 0.0562 573 216 834 447 13 0.0561 509 148 772 389 6 0.0561 573 24 823 254 13 0.0559 576 216 838 452 11 0.0555 501 147 767 386 0 0.0554 451 143 702 388 0 0.0553 573 212 828 451 11 0.0549 630 427 887 655 10 0.0548 569 23 819 253 7 0.0546 510 65 756 309 3 0.0544 452 0 699 242 8 0.0538 388 6 627 238 10 0.0538 386 13 636 235 0 0.0537 629 422 883 662 13 0.0532 452 0 703 236 8 0.0525 450 139 696 385 0 0.0524 383 5 638 240 3 0.0519 455 142 702 392 0 0.0519 429 593 689 825 8 0.0518 572 279 815 506 6 0.0517 455 142 706 388 7 0.0515 639 147 901 385 6 0.0512 576 283 825 507 11 0.0512 639 286 900 500 8 0.0511 636 213 879 447 11 0.0511 241 386 497 631 11 0.0507 305 263 557 489 12 0.0504 570 21 821 256 2 0.0503 503 68 758 308 13 0.0502 635 151 903 385 5 0.0502 364 527 635 770
cUiTarS5hcyvoLLGSeIq38l56QnV7Vx9,8 0.0682 117 547 366 774 8 0.0675 337 678 693 860 0 0.0666 336 678 698 862 5 0.0658 334 678 695 860 5 0.0652 512 674 883 857 7 0.0651 119 544 374 776 7 0.0650 340 678 700 861 0 0.0649 512 674 888 858 11 0.0647 393 675 766 859 5 0.0640 112 544 371 774 10 0.0636 334 680 695 860 7 0.0636 517 673 890 857 8 0.0630 514 674 881 856 0 0.0609 117 546 373 779 13 0.0606 400 676 765 861 10 0.0606 116 551 372 775 3 0.0598 339 679 700 863 6 0.0598 514 677 894 857 10 0.0588 513 678 886 857 3 0.0579 516 675 888 860 1 0.0578 332 676 697 860 3 0.0577 120 548 372 779 11 0.0576 115 547 372 772 2 0.0576 398 679 764 862 6 0.0553 116 547 375 774 12 0.0552 339 677 700 861 1 0.0544 509 670 887 854 1 0.0537 113 542 371 777 4 0.0534 511 678 896 856 12 0.0532 519 674 893 857 9 0.0526 394 677 764 859 4 0.0523 337 680 702 861 9 0.0519 113 547 371 772 13 0.0516 120 547 380 777 0 0.0511 684 549 973 778
5JOdZLD9btiQn2mBULSF4L2mgOf9lR7u,5 0.0640 170 454 432 692 8 0.0609 181 456 432 692 0 0.0604 296 471 653 658 5 0.0598 291 526 657 719 11 0.0588 286 470 650 651 6 0.0584 292 468 657 655 11 0.0583 293 3 562 195 8 0.0576 352 537 700 731 7 0.0576 299 466 657 657 6 0.0575 185 460 440 696 0 0.0571 561 452 828 697 11 0.0571 346 538 706 730 5 0.0564 108 389 377 620 5 0.0564 560 443 821 697 11 0.0562 175 460 439 692 6 0.0558 570 452 828 695 0 0.0557 176 389 434 631 11 0.0556 561 451 828 694 8 0.0554 562 449 819 696 0 0.0553 116 458 379 691 8 0.0553 301 1 548 193 0 0.0553 395 668 772 859 0 0.0552 345 538 709 734 7 0.0551 566 448 829 699 5 0.0546 40 464 318 695 13 0.0545 302 529 667 722 10 0.0543 299 533 659 719 3 0.0543 181 464 437 702 8 0.0542 296 470 642 655 8 0.0541 409 602 773 790 8 0.0540 56 464 318 696 3 0.0537 571 394 821 631 13 0.0536 120 462 390 691 0 0.0536 417 781 683 1012 13 0.0535 257 456 524 697 8 0.0535 424 784 675 1007 7 0.0534 428 782 692 1007 7 0.0532 356 538 716 732 6 0.0532 128 390 395 625 6 0.0531 417 604 781 791 13 0.0531 568 397 830 624 11 0.0530 401 671 772 855 3 0.0527 351 538 711 736 11 0.0524 116 391 383 624 7 0.0523 120 458 384 691 5 0.0522 570 339 815 567 8 0.0517 123 386 376 625 6 0.0516 57 467 335 698 13 0.0516 307 20 580 262 2 0.0515 566 457 827 696 11 0.0514 424 786 683 1005 5 0.0514 402 599 774 789 10 0.0512 255 464 512 694 13 0.0510 415 604 790 793 9 0.0510 562 451 824 694 0 0.0510 628 820 893 1023 0 0.0509 294 0 560 198 13 0.0507 183 388 443 631 10 0.0507 563 454 826 697 3 0.0504 414 604 782 796 2 0.0502 298 533 651 719 8 0.0502 575 343 813 565
N62n14XsM2c9a9qYYovpdFwxeNAXQwEi,11 0.0591 308 795 564 1021 11 0.0558 113 351 390 584 0 0.0548 564 789 821 1023 11 0.0546 561 789 821 1022 11 0.0540 249 326 513 561 5 0.0533 558 778 816 1020 8 0.0520 115 348 372 592 7 0.0513 309 791 571 1023 8 0.0511 567 787 817 1022 8 0.0510 178 265 426 528 13 0.0506 567 791 830 1023
6Lf231sxnz1kWDHF3Yj1PJ4xhy2KT6li,11 0.0683 204 611 567 791 0 0.0660 501 522 758 764 8 0.0656 309 464 561 711 0 0.0652 311 595 574 844 11 0.0650 382 464 632 702 0 0.0648 435 393 696 634 0 0.0644 375 527 638 776 8 0.0636 314 596 568 843 11 0.0628 300 658 566 895 8 0.0622 379 528 632 775 11 0.0622 436 395 693 626 7 0.0619 382 462 636 705 5 0.0617 309 597 567 841 7 0.0617 247 537 507 777 5 0.0616 374 528 635 773 8 0.0614 381 393 628 636 8 0.0613 246 534 500 778 0 0.0611 244 534 506 780 6 0.0607 382 466 636 705 0 0.0605 306 462 567 711 3 0.0602 379 530 638 777 6 0.0601 206 610 573 793 13 0.0600 502 593 754 831 7 0.0596 438 392 697 630 7 0.0595 316 599 576 844 13 0.0594 382 398 641 636 13 0.0593 380 532 642 776 5 0.0592 499 590 745 825 10 0.0592 313 601 572 841 8 0.0591 501 521 748 763 7 0.0590 503 591 752 828 13 0.0590 314 596 576 844 5 0.0590 305 465 563 707 3 0.0584 314 598 573 846 11 0.0580 499 594 750 824 2 0.0579 378 533 637 775 5 0.0579 242 536 503 775 7 0.0578 511 462 765 703 0 0.0578 171 597 441 831 5 0.0574 375 392 632 632 13 0.0572 142 613 513 789 10 0.0570 384 468 632 701 13 0.0570 310 467 573 712 0 0.0568 242 658 505 898 10 0.0568 142 618 498 787 3 0.0564 501 592 749 829 8 0.0559 243 657 500 897 6 0.0559 307 654 567 896 10 0.0559 498 596 750 826 3 0.0558 311 465 569 714 7 0.0556 182 477 446 712 8 0.0553 178 481 438 714 2 0.0553 310 471 567 710 13 0.0553 245 656 511 900 0 0.0552 573 594 829 837 3 0.0551 146 614 506 792 2 0.0550 500 594 752 827 6 0.0550 502 592 751 826 11 0.0544 355 729 623 957 3 0.0544 384 397 635 641 12 0.0542 316 599 572 844 5 0.0540 173 477 444 710 2 0.0535 313 601 573 844 6 0.0528 441 395 698 631 5 0.0527 506 463 760 701 2 0.0526 382 401 631 635 9 0.0525 310 596 570 839 4 0.0523 379 532 637 775 1 0.0523 310 530 570 779 9 0.0522 381 465 630 703 10 0.0519 241 662 505 898 6 0.0518 513 468 765 701 0 0.0518 517 217 766 440 0 0.0517 178 478 443 715 11 0.0516 509 468 761 698 3 0.0516 245 658 509 903 5 0.0516 235 657 501 898 11 0.0515 234 732 497 960 12 0.0514 382 531 637 776 8 0.0512 574 591 815 836 7 0.0512 245 658 508 898 12 0.0510 504 590 748 829 11 0.0505 495 737 760 957 2 0.0504 247 543 506 779 1 0.0503 498 588 747 826 4 0.0502 501 593 752 828 10 0.0502 508 468 762 701 4 0.0501 379 399 638 638
jdI8A7ueauVXIydigNlg1pGbn4QFy4gx,11 0.0592 363 743 639 966 5 0.0528 360 739 630 963 8 0.0519 366 743 633 965 10 0.0500 365 746 639 965
0wPQfyr9FNxYHsgQ6WuHESm7FWVIHSjK,5 0.0658 238 390 512 645 6 0.0637 245 395 515 647 8 0.0632 243 395 507 645 8 0.0617 127 402 384 663 7 0.0604 188 397 453 659 3 0.0598 305 462 565 712 11 0.0587 310 393 575 641 0 0.0585 330 412 689 593 3 0.0583 266 414 626 600 0 0.0579 254 334 517 584 10 0.0577 241 401 515 646 5 0.0575 322 407 681 595 6 0.0574 260 272 523 511 11 0.0572 446 395 706 627 7 0.0569 251 332 514 584 8 0.0567 382 394 638 630 5 0.0567 252 343 620 528 11 0.0566 184 401 452 656 5 0.0560 575 407 827 651 13 0.0552 246 397 518 650 6 0.0546 328 333 595 572 3 0.0541 187 401 453 664 6 0.0541 129 404 396 660 0 0.0538 188 398 454 657 8 0.0538 579 412 824 647 5 0.0537 246 504 515 769 6 0.0536 310 522 571 764 11 0.0535 389 327 657 557 11 0.0531 306 521 565 764 0 0.0530 580 418 830 650 12 0.0528 188 397 450 657 7 0.0526 452 393 708 633 7 0.0525 308 515 572 767 8 0.0524 260 266 511 510 11 0.0523 238 2 502 201 2 0.0522 188 404 450 661 11 0.0521 579 413 829 650 10 0.0519 319 337 590 572 1 0.0518 256 408 621 596 13 0.0518 255 510 522 775 13 0.0513 325 330 597 573 8 0.0510 250 513 505 767 9 0.0509 248 338 514 575 13 0.0507 128 403 400 660 12 0.0506 311 394 578 643 0 0.0505 301 460 570 706 13 0.0504 312 0 571 210 5 0.0501 125 398 387 659
RhKvv8j2PQx1fxGdHjKgKINwstKchuKh,11 0.0624 249 790 499 1012 7 0.0615 253 787 496 1018 11 0.0601 249 663 511 880 7 0.0597 254 658 511 883 0 0.0547 252 660 505 887 8 0.0540 254 791 487 1020 8 0.0523 254 663 496 887 13 0.0521 256 792 501 1023 0 0.0517 248 790 493 1020 3 0.0513 256 662 503 892 5 0.0508 247 787 490 1014 6 0.0501 256 792 495 1019
tgrM9rvKwyn0chR1aQEAVxY7Br2r9INI,0 0.0521 115 709 363 952 8 0.0519 636 0 880 211 3 0.0518 634 5 892 212 0 0.0517 633 0 891 215 7 0.0516 120 706 366 952 11 0.0503 631 3 891 205 5 0.0503 628 0 886 211 6 0.0501 635 2 893 211
1ZZA1IthrEA0zEtaik1A2zv9PPrFrU8m,5 0.0620 203 340 556 527 8 0.0620 518 331 762 580 11 0.0614 514 395 770 642 7 0.0613 448 386 702 642 7 0.0611 523 332 771 583 3 0.0588 279 343 644 533 8 0.0586 445 385 691 640 5 0.0581 509 386 764 643 0 0.0577 516 394 768 644 3 0.0575 523 331 768 586 8 0.0575 282 342 628 528 0 0.0575 244 4 497 244 11 0.0571 279 341 642 528 3 0.0563 446 386 698 647 9 0.0561 276 344 637 524 6 0.0560 518 392 772 645 5 0.0559 267 409 629 596 9 0.0543 439 388 697 635 13 0.0539 285 339 650 531 0 0.0539 246 147 491 365 2 0.0538 285 344 635 528 11 0.0537 244 150 492 364 10 0.0537 513 393 771 644 13 0.0536 522 334 778 581 5 0.0535 240 142 489 365 2 0.0534 519 341 769 581 6 0.0534 283 344 647 528 11 0.0533 191 17 456 245 5 0.0532 69 282 317 525 11 0.0532 281 476 652 664 8 0.0529 244 6 494 241 8 0.0528 284 475 637 667 2 0.0527 444 394 697 641 8 0.0525 76 286 316 530 7 0.0525 218 342 563 528 13 0.0523 447 386 707 640 5 0.0521 191 9 448 244 10 0.0520 280 478 652 668 10 0.0520 282 345 645 528 6 0.0517 196 12 456 247 9 0.0517 515 334 770 576 8 0.0516 248 150 481 366 12 0.0514 287 341 639 530 7 0.0512 288 474 662 665 0 0.0509 277 339 639 528
Pefow14c2XBkq6Mw9TuMo5S9LG7FLCLK,11 0.0655 327 271 584 508 11 0.0639 387 201 648 433 3 0.0634 450 218 704 463 11 0.0630 454 272 710 507 5 0.0628 252 324 506 571 11 0.0624 396 333 650 574 0 0.0622 514 222 764 458 0 0.0622 506 330 756 578 0 0.0618 567 395 823 642 8 0.0618 506 328 756 578 5 0.0618 259 195 516 437 11 0.0612 263 199 521 436 11 0.0612 564 400 822 635 8 0.0610 397 263 645 510 11 0.0607 254 328 510 569 5 0.0607 441 212 702 451 7 0.0606 202 263 455 507 8 0.0605 566 394 819 639 5 0.0604 564 397 819 637 13 0.0604 508 331 762 575 5 0.0600 324 263 579 510 0 0.0600 323 197 580 434 0 0.0598 264 262 516 515 10 0.0597 324 197 586 430 8 0.0596 510 220 759 458 3 0.0594 520 277 772 520 11 0.0594 320 125 575 363 6 0.0593 271 198 525 439 7 0.0592 333 264 586 513 7 0.0588 522 276 773 513 7 0.0587 448 216 708 454 8 0.0583 325 195 573 435 7 0.0583 270 195 523 440 5 0.0583 271 406 652 598 7 0.0582 192 391 450 641 5 0.0581 187 388 443 640 0 0.0580 198 206 457 442 0 0.0579 395 330 646 579 6 0.0576 461 271 717 509 7 0.0575 260 326 509 575 8 0.0574 265 260 507 516 5 0.0571 501 326 755 574 6 0.0568 394 201 654 434 8 0.0568 329 326 572 571 6 0.0566 328 327 582 569 11 0.0564 389 77 643 301 3 0.0563 324 196 581 439 7 0.0562 282 408 661 600 11 0.0561 580 530 827 756 7 0.0560 456 331 708 574 13 0.0558 569 398 828 638 10 0.0558 264 264 513 513 3 0.0557 330 328 578 571 5 0.0556 381 127 637 366 7 0.0556 513 399 768 640 10 0.0553 565 402 823 636 8 0.0552 189 393 436 642 0 0.0552 257 128 524 371 13 0.0551 260 325 513 578 13 0.0550 399 331 653 579 11 0.0549 571 152 830 382 10 0.0547 327 328 578 567 13 0.0546 137 338 395 582 11 0.0546 186 395 449 642 13 0.0545 332 263 591 512 10 0.0544 449 156 715 379 3 0.0543 572 398 822 641 2 0.0543 520 283 774 514 0 0.0541 450 153 707 382 3 0.0541 393 134 644 375 5 0.0541 187 134 447 362 8 0.0539 507 464 757 709 7 0.0539 516 520 762 760 3 0.0538 253 70 506 312 6 0.0537 202 270 460 505 6 0.0537 452 393 714 637
uyZolDs3TBrQ6MemJyCNxpjXZmZ0uGCE,14 1.0 0 0 1 1
HlyJIea3E7RusiWjcExXvd24ShWeVNOm,5 0.0715 423 462 692 706 11 0.0668 428 473 697 702 5 0.0643 504 396 750 638 5 0.0636 497 539 756 773 0 0.0632 381 398 634 627 11 0.0627 379 395 637 622 5 0.0626 373 391 629 623 11 0.0626 497 545 762 767 0 0.0623 367 524 626 762 0 0.0614 510 405 752 642 8 0.0612 430 469 690 709 8 0.0611 301 448 550 680 8 0.0609 498 542 749 773 3 0.0605 507 462 756 703 0 0.0600 306 336 567 568 2 0.0599 508 410 756 638 5 0.0592 303 331 559 558 11 0.0590 507 408 756 636 7 0.0590 506 461 759 700 11 0.0589 628 412 888 635 8 0.0588 381 395 628 625 6 0.0588 429 472 699 708 6 0.0586 382 396 641 624 7 0.0584 369 525 633 762 8 0.0582 564 461 813 696 3 0.0574 367 525 631 762 0 0.0573 565 462 823 700 11 0.0572 302 452 555 681 0 0.0571 315 661 563 896 11 0.0569 306 334 564 562 8 0.0568 509 400 744 638 8 0.0566 245 652 497 883 7 0.0566 561 391 818 627 0 0.0561 631 410 885 641 8 0.0560 629 407 875 639 10 0.0556 498 549 758 773 2 0.0556 443 353 708 572 0 0.0554 302 454 557 683 5 0.0553 296 449 548 677 0 0.0551 381 298 645 516 6 0.0549 385 295 654 515 5 0.0546 235 649 497 880 3 0.0539 562 392 812 631 6 0.0539 562 393 819 629 11 0.0537 235 379 487 621 2 0.0537 377 404 636 623 3 0.0536 307 396 552 628 11 0.0534 310 666 566 888 8 0.0534 379 592 626 829 7 0.0532 310 392 558 624 5 0.0532 626 404 879 637 7 0.0530 389 338 652 570 2 0.0529 382 600 633 826 12 0.0528 379 397 636 625 7 0.0528 314 283 580 505 2 0.0527 428 479 696 706 13 0.0527 431 469 705 705 9 0.0526 359 525 627 752 9 0.0525 370 397 635 619 6 0.0523 310 453 561 681 11 0.0522 378 298 648 513 13 0.0520 381 396 637 625 8 0.0520 239 373 483 618 9 0.0517 503 405 753 635 5 0.0516 376 291 643 510 12 0.0512 302 452 557 686 5 0.0511 232 374 484 613 13 0.0511 509 401 763 637 13 0.0510 503 545 762 772 10 0.0509 441 414 700 637 6 0.0509 503 549 762 773 0 0.0506 501 545 756 777 13 0.0505 384 594 638 828 2 0.0504 632 416 888 641 10 0.0504 556 400 811 626 13 0.0503 307 451 561 684 6 0.0503 241 377 498 619 10 0.0503 365 530 632 758 7 0.0501 636 470 893 700 2 0.0501 563 471 824 697
PKaix6jTEjC2yVpVAdf2zsGo75VwPEG1,11 0.0601 178 472 432 705 8 0.0601 80 491 432 673 8 0.0597 504 527 750 757 7 0.0589 85 490 447 674 5 0.0588 124 468 378 714 5 0.0582 123 603 367 846 0 0.0578 182 531 435 774 11 0.0578 180 616 440 840 3 0.0575 183 474 432 712 11 0.0574 501 531 761 752 8 0.0571 39 427 370 612 0 0.0571 580 592 807 825 6 0.0570 508 462 770 699 8 0.0569 123 609 361 850 7 0.0568 128 607 372 849 0 0.0561 504 527 757 757 13 0.0560 86 489 453 670 8 0.0559 179 534 430 772 0 0.0558 79 490 441 671 11 0.0556 372 602 627 826 5 0.0555 506 603 745 837 7 0.0555 447 611 699 837 13 0.0553 510 462 772 702 0 0.0552 129 608 368 852 5 0.0550 184 406 441 648 6 0.0547 587 593 808 825 7 0.0547 182 534 440 772 11 0.0546 577 593 809 820 10 0.0545 179 477 434 709 3 0.0544 188 617 435 848 6 0.0542 128 608 372 846 6 0.0541 185 472 438 708 11 0.0539 579 454 842 681 6 0.0538 448 610 697 835 0 0.0528 443 610 690 839 11 0.0528 38 431 388 608 13 0.0528 128 608 379 851 9 0.0527 179 472 433 703 8 0.0525 243 0 498 189 13 0.0525 185 531 445 772 11 0.0524 499 402 763 633 0 0.0524 239 0 504 192 3 0.0523 41 430 390 615 8 0.0522 501 397 753 636 11 0.0522 187 341 446 572 10 0.0520 238 4 504 190 8 0.0517 576 649 803 892 5 0.0517 229 0 501 186 3 0.0517 508 526 760 762 0 0.0517 498 670 748 907 3 0.0514 192 343 445 583 6 0.0513 50 428 386 612 6 0.0512 195 341 449 578 0 0.0511 249 145 500 377 11 0.0511 237 1 500 187 13 0.0510 243 0 517 192 12 0.0510 183 468 435 714 0 0.0509 582 455 838 682 2 0.0508 187 478 436 709 7 0.0508 585 593 809 824 3 0.0506 586 593 807 830 8 0.0505 584 447 833 684 0 0.0505 503 401 760 637 10 0.0505 125 614 371 851 13 0.0505 587 595 811 828 7 0.0504 509 530 757 757
PPiYzqdV83qek9wz1W2M2kLl1xI3O65R,7 0.0654 188 735 440 961 8 0.0641 324 777 558 1016 0 0.0622 185 734 434 964 5 0.0620 181 733 430 961 5 0.0615 317 780 556 1015 11 0.0614 325 779 561 1016 7 0.0613 326 779 567 1018 0 0.0599 323 781 565 1019 10 0.0585 321 783 561 1015 11 0.0584 312 222 568 453 8 0.0579 186 735 430 959 10 0.0573 183 740 438 960 6 0.0573 326 784 565 1017 5 0.0568 252 334 511 564 11 0.0567 185 740 438 957 0 0.0566 310 220 567 458 13 0.0552 261 336 518 571 5 0.0550 310 216 564 454 11 0.0546 317 339 571 557 3 0.0543 328 779 564 1023 6 0.0542 187 735 441 960 7 0.0540 317 218 571 461 13 0.0540 324 782 569 1020 10 0.0540 313 227 569 455 8 0.0538 99 220 445 399 13 0.0529 318 221 577 459 0 0.0528 320 338 570 566 0 0.0519 86 221 457 400 8 0.0519 315 221 560 460 11 0.0515 83 225 457 394 2 0.0515 325 785 562 1019 3 0.0515 189 736 437 967 6 0.0510 317 219 572 457 3 0.0505 318 219 568 461 7 0.0504 322 336 573 567 3 0.0502 327 342 568 565 8 0.0502 29 296 385 466 6 0.0501 322 339 575 562
UQultJQW2qC9MfU0ERjasVso7HER2Dx0,0 0.0615 391 143 627 373 11 0.0613 381 203 639 438 3 0.0607 387 205 639 446 8 0.0600 682 40 927 272 11 0.0591 696 2 953 201 7 0.0578 457 208 715 442 5 0.0569 386 141 626 370 7 0.0564 375 257 646 500 13 0.0564 323 218 586 451 5 0.0560 451 205 708 439 5 0.0554 634 85 869 320 0 0.0551 699 0 955 205 0 0.0549 457 212 714 441 5 0.0544 694 0 946 206 11 0.0544 313 275 579 497 3 0.0539 526 189 766 432 13 0.0538 397 142 637 372 8 0.0535 385 204 627 443 0 0.0535 314 269 578 501 11 0.0533 518 194 769 427 13 0.0533 704 1 960 209 11 0.0527 575 259 829 484 0 0.0527 117 1 372 214 3 0.0524 699 1 950 212 0 0.0519 372 324 648 579 5 0.0516 109 0 366 206 7 0.0515 651 0 901 208 3 0.0514 643 145 873 385 7 0.0514 242 343 509 567 6 0.0513 321 274 581 502 11 0.0512 113 2 373 206 5 0.0510 369 258 640 496 0 0.0509 579 192 819 415 9 0.0508 451 212 708 433 11 0.0507 638 148 870 374 11 0.0505 697 390 952 612 11 0.0504 641 461 906 682 0 0.0503 632 93 875 322 0 0.0502 505 468 776 695 11 0.0501 370 329 647 572
drr3sumGYgnfJ5tpjaF7zX6xqUd65Szw,5 0.0642 438 3 703 234 0 0.0636 257 196 518 445 5 0.0624 248 197 514 441 5 0.0615 183 400 450 642 5 0.0594 380 113 633 363 8 0.0593 394 63 637 298 0 0.0593 122 344 391 582 13 0.0588 329 201 594 449 8 0.0586 326 205 575 448 6 0.0586 331 201 590 449 0 0.0585 190 404 451 643 11 0.0585 320 143 580 387 3 0.0584 452 7 702 242 3 0.0573 462 134 694 372 6 0.0572 267 401 514 641 11 0.0572 443 13 700 237 13 0.0565 449 11 709 237 0 0.0564 445 13 706 239 7 0.0560 329 143 584 388 8 0.0559 265 403 502 643 7 0.0557 194 402 453 641 13 0.0556 390 120 647 362 8 0.0553 455 133 685 367 5 0.0553 436 209 694 437 5 0.0552 110 339 387 576 0 0.0550 684 602 949 832 11 0.0549 187 412 454 641 5 0.0548 508 87 763 319 6 0.0545 460 137 700 366 0 0.0543 517 97 763 324 7 0.0543 448 10 709 241 11 0.0543 456 141 694 364 3 0.0536 189 409 446 652 10 0.0536 389 127 638 364 11 0.0534 319 411 588 645 6 0.0528 128 347 396 581 6 0.0526 453 11 709 237 11 0.0525 232 799 493 1012 8 0.0524 259 142 501 378 6 0.0521 265 139 517 379 10 0.0521 262 413 510 638 2 0.0520 447 16 699 240 3 0.0516 325 199 585 453 13 0.0514 269 401 521 646 0 0.0512 119 453 367 698 2 0.0511 264 406 508 640 10 0.0509 323 211 584 450 7 0.0509 458 140 700 371 6 0.0502 201 202 451 432 13 0.0501 449 215 706 434 2 0.0501 328 206 580 448
oDRy3JxOy2T4DqASVpIs0tRg8sQ6AVo2,11 0.0601 0 674 252 889 5 0.0601 560 580 813 821 8 0.0590 572 469 805 694 0 0.0586 0 668 246 897 5 0.0583 572 464 811 697 7 0.0571 43 672 308 886 6 0.0570 580 470 816 697 11 0.0570 569 534 822 765 5 0.0564 265 351 626 535 8 0.0560 508 533 746 767 6 0.0555 513 534 753 767 11 0.0546 340 359 706 537 7 0.0545 576 526 821 769 8 0.0541 278 356 627 536 0 0.0538 573 466 812 697 10 0.0531 0 675 251 891 8 0.0531 45 731 301 949 5 0.0530 439 266 694 500 2 0.0526 578 475 813 698 10 0.0526 345 363 708 542 13 0.0525 574 467 823 696 7 0.0525 452 335 705 565 5 0.0524 34 666 298 882 8 0.0524 382 265 626 490 0 0.0521 444 336 704 563 3 0.0521 579 467 815 703 13 0.0519 509 534 758 766 10 0.0518 570 534 818 769 11 0.0518 387 409 641 638 3 0.0516 349 361 703 546 8 0.0515 445 337 693 560 13 0.0513 276 355 651 540 0 0.0509 377 268 636 496 0 0.0509 562 589 817 822 13 0.0506 383 267 640 496 11 0.0506 377 269 638 491 3 0.0500 321 405 570 651 0 0.0500 248 718 500 972
echkt9vuRJgYIsVjKvMpTzBaUiCraYgZ,0 0.0596 0 801 259 1023 11 0.0570 480 465 841 653 5 0.0565 632 453 886 687 11 0.0559 375 409 643 635 0 0.0552 485 469 837 657 8 0.0543 483 464 825 657 11 0.0541 0 807 261 1020 0 0.0538 387 411 759 598 11 0.0535 444 344 705 570 5 0.0534 568 371 835 607 8 0.0516 1 796 253 1023 6 0.0511 311 455 572 695 5 0.0509 0 799 251 1021 8 0.0506 389 404 752 597 7 0.0506 6 800 267 1023 10 0.0505 0 802 257 1022 3 0.0505 397 408 757 600 6 0.0504 495 468 842 651
vPOhWxPY1pFkpnRowPMU3OnjFqpjSRCQ,5 0.0606 486 661 755 906 7 0.0589 411 542 767 727 11 0.0570 397 543 757 724 11 0.0554 486 670 753 903 8 0.0551 406 545 748 724 5 0.0549 512 380 774 637 8 0.0547 515 386 767 636 11 0.0546 512 384 775 635 0 0.0541 491 661 757 906 7 0.0537 496 663 761 909 7 0.0532 520 382 781 638 13 0.0531 413 543 766 726 8 0.0529 181 0 435 192 6 0.0526 411 543 763 726 8 0.0526 492 667 750 905 6 0.0525 494 662 760 904 6 0.0525 518 387 779 639 0 0.0524 399 543 757 728 11 0.0523 640 470 894 705 5 0.0521 175 0 440 190 5 0.0520 396 539 759 727 0 0.0515 514 390 774 639 10 0.0514 514 385 777 637 5 0.0506 560 788 807 1021 3 0.0505 493 664 757 910 11 0.0503 173 0 443 189 8 0.0500 646 469 884 711
pqMDcsbBWLwLh0kQpVC3eGBZIbhFz6PR,0 0.0703 189 581 439 824 5 0.0699 198 613 567 792 11 0.0684 188 582 440 818 11 0.0671 444 521 697 765 8 0.0660 189 581 437 820 7 0.0656 190 581 441 822 8 0.0648 497 523 750 762 7 0.0646 502 524 757 764 8 0.0645 384 465 622 701 6 0.0644 201 617 574 793 5 0.0643 441 517 692 765 5 0.0642 382 461 622 702 0 0.0642 496 523 755 764 10 0.0636 201 617 570 793 7 0.0633 387 461 632 703 3 0.0613 190 582 440 824 10 0.0611 441 523 697 767 7 0.0602 451 402 699 632 13 0.0601 190 582 442 818 11 0.0597 385 466 628 702 6 0.0596 444 522 698 767 0 0.0593 387 398 625 637 10 0.0592 385 466 627 701 2 0.0589 387 470 626 702 1 0.0588 188 579 437 821 5 0.0583 445 399 689 628 5 0.0582 381 325 624 566 2 0.0582 190 587 439 822 6 0.0582 386 466 630 701 3 0.0578 445 521 696 769 2 0.0577 445 525 696 766 12 0.0574 205 613 571 794 4 0.0572 201 616 574 793 11 0.0569 449 406 696 627 8 0.0566 447 405 690 629 3 0.0562 386 467 628 708 13 0.0557 445 520 703 767 9 0.0555 199 615 570 792 11 0.0552 385 270 640 501 13 0.0545 387 465 635 702 13 0.0541 453 404 702 631 4 0.0538 444 521 699 766 10 0.0537 449 407 691 630 8 0.0536 382 332 620 563 7 0.0532 386 332 631 567 1 0.0529 493 521 755 765 0 0.0528 385 270 639 503 2 0.0526 451 411 695 631 0 0.0526 449 348 701 578 13 0.0524 388 272 651 505 9 0.0521 440 520 697 763 9 0.0518 383 465 628 701 6 0.0518 452 406 697 629 4 0.0506 386 466 631 704 3 0.0502 452 407 693 635
RxJvyLHlvAxovSnaw1IVSbV60wBxDssg,7 0.0575 249 457 503 692 11 0.0574 181 414 448 648 5 0.0570 242 451 495 689 11 0.0557 376 519 650 753 11 0.0550 325 451 584 683 0 0.0550 119 462 367 709 5 0.0540 110 452 363 704 6 0.0538 324 518 588 761 13 0.0530 252 459 508 694 11 0.0527 174 529 438 777 6 0.0527 190 412 451 650 0 0.0525 181 524 433 777 3 0.0523 247 462 500 701 0 0.0523 189 411 443 654 13 0.0522 326 521 588 763 8 0.0521 177 455 425 701 5 0.0515 168 519 431 775 3 0.0515 124 418 379 659 7 0.0508 183 526 442 780 6 0.0507 122 457 374 709 11 0.0506 518 89 765 301 6 0.0506 447 519 717 753 7 0.0503 252 319 496 557 13 0.0503 386 595 654 834 11 0.0502 109 460 373 704
sa8GL8iZaYXFSf8DsAns807PLq5RskzU,11 0.0640 372 417 635 645 11 0.0616 433 358 703 582 3 0.0600 389 287 647 523 11 0.0597 249 393 507 643 11 0.0597 383 289 642 515 3 0.0587 322 403 574 655 8 0.0581 384 284 634 519 8 0.0578 213 407 571 585 0 0.0574 247 388 502 648 7 0.0572 384 351 647 589 11 0.0571 252 527 510 777 6 0.0565 213 407 589 586 11 0.0562 369 537 638 765 5 0.0562 238 270 496 513 5 0.0557 4 600 373 785 0 0.0555 242 276 501 521 7 0.0554 211 406 581 588 0 0.0552 382 286 641 522 13 0.0552 251 393 513 650 5 0.0551 199 405 571 582 7 0.0549 9 605 374 788 6 0.0548 255 451 511 711 11 0.0546 426 482 719 704 6 0.0544 384 283 645 522 8 0.0542 376 413 628 646 8 0.0538 183 716 440 960 3 0.0537 255 526 509 783 8 0.0537 250 270 493 516 7 0.0536 84 655 443 851 7 0.0536 387 216 647 442 8 0.0535 252 453 500 709 7 0.0535 253 453 506 713 8 0.0529 1 601 361 785 11 0.0528 76 656 450 850 13 0.0528 387 288 646 517 3 0.0525 246 276 502 520 0 0.0522 366 138 623 365 10 0.0519 84 660 444 849 8 0.0516 310 528 571 770 13 0.0516 249 273 509 520 10 0.0513 6 609 375 784 0 0.0512 371 414 632 651 11 0.0512 242 278 500 511 13 0.0512 375 418 638 650 0 0.0512 180 713 447 961 7 0.0510 445 289 700 514 7 0.0510 248 274 506 516 3 0.0510 433 476 721 709 0 0.0508 368 535 637 766 5 0.0507 374 213 639 435 5 0.0506 303 523 572 769 7 0.0506 371 537 645 765 10 0.0505 382 356 649 589 5 0.0505 247 450 501 705 0 0.0504 313 713 580 950 6 0.0504 88 656 454 851 11 0.0503 1 605 380 783 0 0.0503 254 523 504 778 5 0.0502 367 410 629 645 8 0.0500 436 351 694 587
IqZuxGEotfijGgxLp8kOGgq1uCAqYtFZ,5 0.0650 252 521 510 769 5 0.0627 254 405 506 650 5 0.0621 564 319 826 560 11 0.0619 635 277 892 522 11 0.0608 182 451 450 704 8 0.0592 117 588 373 841 11 0.0588 254 525 516 768 7 0.0584 261 407 511 652 5 0.0579 316 583 573 830 0 0.0578 256 523 515 772 7 0.0577 516 265 770 509 8 0.0575 253 526 510 771 8 0.0574 177 450 439 707 7 0.0574 384 528 648 773 7 0.0572 119 586 380 839 0 0.0571 382 588 641 844 0 0.0571 182 451 443 709 11 0.0567 318 586 578 831 7 0.0567 258 641 527 887 8 0.0567 566 326 824 566 13 0.0563 258 527 521 772 6 0.0562 257 638 530 886 6 0.0559 570 325 828 564 0 0.0558 565 328 828 566 7 0.0554 257 524 518 770 6 0.0551 260 412 512 652 3 0.0551 570 325 826 573 3 0.0551 321 588 577 838 11 0.0548 564 213 828 449 2 0.0548 257 528 516 770 10 0.0547 253 531 515 771 6 0.0544 256 526 518 771 13 0.0543 323 589 584 833 13 0.0543 387 530 646 771 11 0.0541 377 663 643 901 3 0.0540 388 660 642 913 11 0.0540 619 148 872 374 8 0.0535 383 530 636 772 0 0.0532 254 640 527 887 10 0.0530 384 597 643 839 3 0.0527 258 411 510 660 8 0.0522 566 210 819 452 6 0.0521 383 530 645 770 13 0.0520 260 411 514 658 10 0.0520 636 283 891 519 2 0.0520 258 412 511 653 5 0.0518 564 206 819 450 10 0.0518 258 413 510 652 13 0.0517 390 660 642 902 8 0.0516 320 587 572 833 2 0.0515 321 591 578 832 5 0.0514 376 657 636 902 9 0.0513 319 587 574 827 13 0.0512 570 275 833 516 3 0.0511 183 585 450 828 11 0.0511 617 394 888 643 0 0.0507 115 591 380 847 7 0.0506 638 278 896 525 6 0.0506 386 660 646 904 10 0.0506 508 269 764 507 8 0.0505 382 661 637 906 0 0.0504 565 211 825 453
K62AfzH75CFTOXQoYGUG336nIfynYa8Q,8 0.0617 572 335 822 571 11 0.0617 571 337 828 568 0 0.0601 569 337 830 572 8 0.0599 633 395 889 626 0 0.0594 113 282 389 522 8 0.0592 509 396 764 639 7 0.0591 520 339 765 580 0 0.0588 632 398 900 627 8 0.0583 118 363 374 602 11 0.0579 511 396 767 637 0 0.0577 510 398 768 642 6 0.0575 516 400 775 640 0 0.0570 320 591 580 845 5 0.0568 568 334 822 571 6 0.0567 577 340 832 571 5 0.0559 178 659 448 893 11 0.0558 436 461 700 699 11 0.0558 630 395 894 625 10 0.0557 509 397 771 642 6 0.0554 442 459 705 704 8 0.0553 235 732 493 966 5 0.0549 247 593 510 838 7 0.0549 184 664 451 896 11 0.0548 119 365 383 596 11 0.0547 222 801 492 1023 0 0.0542 299 786 562 1023 6 0.0542 255 599 517 842 11 0.0541 240 682 513 904 0 0.0541 117 529 386 777 10 0.0540 571 340 830 572 7 0.0537 442 457 702 704 13 0.0534 255 599 521 842 7 0.0534 635 395 898 632 5 0.0532 629 392 890 625 13 0.0532 576 339 831 569 13 0.0528 638 400 904 628 5 0.0528 505 391 764 638 8 0.0527 511 274 755 509 11 0.0526 636 282 913 516 6 0.0526 229 796 492 1022 8 0.0526 185 664 443 895 0 0.0526 243 677 512 911 8 0.0524 439 523 685 756 7 0.0521 127 364 387 596 7 0.0521 123 522 388 776 10 0.0520 250 604 514 839 6 0.0520 638 401 899 628 11 0.0520 314 596 585 837 13 0.0520 515 397 776 640 2 0.0520 574 341 830 570 8 0.0517 117 526 376 774 0 0.0517 580 214 841 451 13 0.0513 439 458 705 701 0 0.0513 388 529 637 776 3 0.0513 576 337 830 577 8 0.0512 252 596 505 841 13 0.0512 185 662 458 898 6 0.0510 122 525 390 776 5 0.0509 306 667 569 908 6 0.0508 123 364 386 598 10 0.0507 441 460 701 703 7 0.0504 581 276 829 509 2 0.0503 636 401 898 625 13 0.0503 123 369 387 603 6 0.0502 185 662 455 898 8 0.0502 585 212 833 451
SATClwGDtDkeK5XMNQvstSX8Ea5TSicA,11 0.0555 308 531 574 775 0 0.0554 379 525 641 764 11 0.0551 376 470 639 694 0 0.0548 381 398 629 630 5 0.0538 368 319 631 542 8 0.0534 381 397 624 630 0 0.0530 313 474 566 711 8 0.0525 165 0 427 191 5 0.0523 304 467 563 702 7 0.0523 379 524 645 754 5 0.0522 372 518 640 755 8 0.0520 311 472 559 708 3 0.0518 378 530 640 762 3 0.0517 382 400 631 631 7 0.0516 381 397 634 626 8 0.0515 376 529 631 756 11 0.0506 374 324 637 550 3 0.0503 310 476 565 714 7 0.0502 307 469 568 709 7 0.0502 165 0 440 191 13 0.0501 385 401 634 631
CCrUtLchtKguCNtn4xhUh4cAaI6TZwnC,5 0.0630 219 327 587 512 8 0.0586 282 404 623 593 5 0.0577 271 396 633 588 0 0.0565 282 400 636 594 7 0.0555 281 399 641 594 11 0.0550 277 401 629 591 3 0.0545 284 402 634 597 8 0.0540 576 206 817 443 6 0.0532 584 207 832 445 8 0.0523 233 333 574 513 13 0.0522 289 402 646 595 5 0.0522 576 199 826 442 6 0.0522 287 401 643 592 11 0.0521 578 205 832 439 0 0.0516 233 330 589 515 7 0.0503 231 331 598 515
gm49DaGyi9ymIXOzo4rhaft2dz8NvYjG,5 0.0597 562 510 815 753 0 0.0586 499 391 751 637 6 0.0583 445 516 703 769 8 0.0576 500 390 742 633 11 0.0576 440 519 703 769 5 0.0573 495 384 741 634 8 0.0572 435 457 685 706 0 0.0568 433 456 692 712 11 0.0559 566 515 822 753 11 0.0557 497 392 749 633 11 0.0557 306 654 565 894 8 0.0556 570 512 810 755 7 0.0555 434 341 689 583 7 0.0553 380 575 638 822 0 0.0549 568 512 825 758 7 0.0544 310 649 567 900 6 0.0543 379 577 636 824 13 0.0540 313 575 576 827 13 0.0537 445 399 700 646 7 0.0536 440 454 701 709 5 0.0535 432 452 690 709 8 0.0534 374 575 624 821 8 0.0532 307 650 556 897 7 0.0531 366 734 637 970 0 0.0531 426 342 681 584 5 0.0530 306 645 562 895 6 0.0530 502 332 749 571 6 0.0529 444 397 694 649 8 0.0528 366 732 626 969 8 0.0525 430 342 675 581 5 0.0523 373 571 631 820 3 0.0520 501 333 744 576 13 0.0520 501 332 753 570 10 0.0513 377 580 635 823 3 0.0511 445 398 694 653 10 0.0510 309 649 565 896 0 0.0510 494 270 748 504 13 0.0509 447 518 709 766 2 0.0507 438 463 689 710 0 0.0507 307 655 566 901 3 0.0505 449 519 699 776 7 0.0504 499 263 752 503 13 0.0504 308 474 578 714 9 0.0500 373 578 635 818
eIVivtNURqvREEvbX0C7wawksn0F3r6V,5 0.0594 564 534 817 770 0 0.0593 564 539 823 774 13 0.0577 570 541 827 772 11 0.0574 428 3 709 184 8 0.0573 504 544 759 775 11 0.0571 300 464 554 698 11 0.0560 566 540 819 771 6 0.0557 508 547 772 774 11 0.0552 235 797 495 1023 7 0.0550 568 538 822 772 8 0.0545 436 0 699 186 8 0.0545 238 797 486 1023 3 0.0543 511 547 765 780 11 0.0541 306 603 560 822 5 0.0538 297 0 564 185 8 0.0537 306 664 557 886 5 0.0528 429 0 705 185 5 0.0523 432 675 687 905 11 0.0522 366 811 635 1020 11 0.0521 294 1 571 187 8 0.0516 306 0 563 186 13 0.0513 386 3 652 248 8 0.0512 306 538 548 756 6 0.0511 303 0 576 190 3 0.0511 440 0 709 191 8 0.0508 375 610 621 825 8 0.0508 435 683 684 904 8 0.0508 369 811 628 1022 0 0.0505 300 0 570 190 7 0.0501 438 1 711 187
NGU2MAZ1YkpDFwGo0RpKZ58lax7Y7sYE,0 0.0613 560 336 821 573 11 0.0578 128 475 377 709 6 0.0570 570 335 825 571 5 0.0561 128 467 371 709 7 0.0557 561 333 829 572 5 0.0551 559 331 818 568 10 0.0550 128 476 376 706 7 0.0544 446 331 692 565 11 0.0529 558 339 823 569 8 0.0525 180 513 426 751 8 0.0524 248 599 509 833 0 0.0523 793 385 981 776 7 0.0522 125 523 376 760 0 0.0513 445 335 689 571 6 0.0511 449 337 695 566 7 0.0510 190 457 445 707 0 0.0506 247 597 519 835 10 0.0504 255 474 507 708 8 0.0504 321 475 565 718 5 0.0504 236 592 514 830 5 0.0503 444 328 690 567 8 0.0501 444 334 680 568 11 0.0501 256 471 509 711 11 0.0501 443 336 692 567
PzCOYtlO36yMWgEeEMfUwkN7KCQN8VHG,11 0.0661 369 672 636 908 11 0.0653 503 597 758 835 6 0.0640 376 672 639 911 5 0.0628 504 594 758 835 8 0.0627 504 597 754 836 5 0.0621 377 719 629 963 0 0.0618 318 664 575 901 0 0.0616 504 597 759 837 7 0.0606 322 661 579 900 7 0.0603 508 598 764 836 7 0.0602 331 790 571 1023 5 0.0601 327 792 564 1021 8 0.0598 331 792 562 1023 5 0.0598 263 721 502 954 8 0.0594 376 669 629 911 7 0.0594 265 723 509 956 8 0.0589 267 722 502 957 5 0.0585 315 662 571 898 13 0.0581 511 600 766 838 13 0.0577 377 671 641 913 13 0.0572 276 792 510 1023 6 0.0570 508 599 766 839 0 0.0568 382 721 632 965 3 0.0558 322 662 574 907 11 0.0554 266 790 507 1019 3 0.0553 509 598 759 844 10 0.0549 328 731 566 960 0 0.0548 262 724 508 955 2 0.0546 508 603 758 837 10 0.0535 508 601 760 838 0 0.0526 331 795 569 1022 8 0.0526 444 330 685 551 6 0.0519 275 794 509 1023 8 0.0516 218 787 441 1021 2 0.0513 321 669 576 900 3 0.0507 334 794 571 1023 7 0.0507 447 328 700 554
iwHJcwPhZ9MPwp9nAO6eFAyyOKvfrq0f,6 0.0667 578 395 834 629 8 0.0660 579 460 821 699 11 0.0649 577 270 837 502 11 0.0638 570 398 834 627 0 0.0627 581 332 837 566 11 0.0627 561 526 818 774 7 0.0626 516 399 766 647 8 0.0626 512 399 758 644 3 0.0621 517 401 765 650 0 0.0616 575 461 826 701 3 0.0615 582 332 838 573 8 0.0614 580 331 829 567 0 0.0610 512 399 765 645 8 0.0604 559 583 813 838 5 0.0601 180 312 428 549 7 0.0597 581 460 830 703 3 0.0595 644 395 895 635 6 0.0595 569 527 821 775 11 0.0594 178 390 427 625 5 0.0593 574 458 827 700 3 0.0592 586 463 828 706 8 0.0591 630 522 882 764 5 0.0590 506 396 761 644 0 0.0588 628 525 888 769 13 0.0587 570 527 821 775 13 0.0577 513 404 767 642 5 0.0574 241 381 486 621 5 0.0574 573 327 838 566 3 0.0572 187 386 425 634 6 0.0572 636 455 898 690 6 0.0572 585 270 836 503 7 0.0571 636 389 898 635 0 0.0570 182 380 426 622 7 0.0567 183 381 429 623 6 0.0563 255 388 496 624 7 0.0562 525 277 782 516 11 0.0562 622 595 899 832 5 0.0560 624 590 893 838 10 0.0554 508 402 764 643 13 0.0553 4 401 261 641 8 0.0552 306 455 550 698 11 0.0551 254 332 505 561 5 0.0551 0 393 247 639 9 0.0549 517 339 774 575 10 0.0546 565 528 817 775 2 0.0545 578 467 829 700 7 0.0539 568 584 822 842 10 0.0537 308 333 574 564 10 0.0536 248 395 490 626 13 0.0535 257 326 513 565 13 0.0535 525 284 785 519 11 0.0535 252 450 502 693 0 0.0535 0 398 256 640 13 0.0534 381 265 654 499 13 0.0533 189 385 437 626 2 0.0533 511 408 762 646 7 0.0532 182 500 457 748 13 0.0530 632 459 896 693 6 0.0530 317 329 573 567 6 0.0528 195 320 438 551 7 0.0527 317 326 576 563 8 0.0525 191 443 440 698 6 0.0524 2 397 255 635 3 0.0522 641 526 887 773 3 0.0519 569 584 818 847 6 0.0519 633 596 905 833 0 0.0518 563 591 818 843 5 0.0515 102 590 365 829 10 0.0514 626 597 900 834 5 0.0514 292 448 557 695 0 0.0513 302 452 559 701 12 0.0513 575 394 830 633 13 0.0511 299 459 568 703 5 0.0511 301 318 569 565 2 0.0509 579 340 839 568 10 0.0507 299 461 561 697 10 0.0505 630 456 894 689 8 0.0505 0 399 248 641 1 0.0504 506 395 764 643 13 0.0501 530 155 782 392
ffXJv8dhEi5j16hBD4u3ue3idhArT2iS,5 0.0695 435 784 686 1021 0 0.0631 499 536 754 782 7 0.0623 444 787 690 1023 5 0.0600 371 722 628 962 11 0.0599 447 666 688 904 0 0.0598 383 464 640 707 11 0.0587 383 524 635 762 10 0.0587 437 522 694 767 13 0.0586 377 790 628 1018 3 0.0582 384 658 635 914 5 0.0579 377 517 633 764 8 0.0579 384 520 628 767 11 0.0579 440 790 685 1016 3 0.0575 375 787 626 1023 8 0.0570 383 661 628 907 0 0.0568 377 727 630 968 7 0.0567 508 473 766 717 11 0.0565 497 536 754 776 5 0.0563 444 654 684 907 13 0.0562 442 521 700 769 5 0.0562 496 530 754 779 6 0.0561 441 521 699 767 0 0.0559 513 399 768 638 7 0.0558 381 729 632 965 13 0.0556 384 661 635 911 7 0.0554 450 663 688 911 10 0.0551 450 668 685 904 11 0.0549 373 731 631 959 0 0.0546 441 790 688 1023 3 0.0544 443 521 695 773 13 0.0540 450 732 688 966 0 0.0538 448 665 686 912 6 0.0535 375 787 630 1011 6 0.0531 385 656 638 905 3 0.0529 435 671 824 855 8 0.0528 447 789 681 1022 11 0.0526 64 2 327 203 13 0.0525 336 480 702 665 6 0.0524 451 410 712 643 8 0.0524 489 667 742 910 8 0.0520 185 0 444 191 10 0.0520 375 733 628 961 11 0.0518 381 406 639 635 7 0.0516 387 460 641 708 9 0.0514 437 520 698 762 6 0.0510 493 671 754 906 8 0.0510 61 0 311 202 0 0.0509 562 604 816 853 10 0.0506 442 792 684 1020 8 0.0505 501 535 747 780 5 0.0503 501 396 765 633 11 0.0500 510 402 773 631 2 0.0500 503 541 757 781
iLuM8azWzuuCu4wU7MePDm8gvpnBtkFw,11 0.0664 488 466 754 694 11 0.0625 388 396 639 633 5 0.0612 486 459 749 696 5 0.0610 440 70 702 314 8 0.0609 492 464 745 694 0 0.0604 493 467 752 697 11 0.0593 373 529 640 778 0 0.0582 384 588 635 844 8 0.0576 443 74 696 312 8 0.0575 383 464 627 699 5 0.0571 426 393 694 624 6 0.0569 440 465 703 699 7 0.0568 440 460 704 702 11 0.0568 440 591 705 836 0 0.0567 432 400 697 630 10 0.0558 490 466 753 696 3 0.0556 438 145 685 388 8 0.0556 432 397 692 625 0 0.0554 443 76 705 315 5 0.0552 494 596 749 834 5 0.0547 374 522 639 775 8 0.0547 447 589 696 841 11 0.0545 429 148 686 376 11 0.0542 291 792 557 1023 6 0.0540 497 400 755 621 10 0.0540 375 534 639 775 11 0.0539 383 274 632 491 13 0.0534 387 588 642 845 0 0.0534 388 464 635 702 0 0.0532 500 600 751 837 7 0.0532 434 144 687 383 6 0.0531 449 73 709 311 7 0.0531 498 397 755 627 8 0.0529 288 789 549 1023 13 0.0524 386 464 642 701 10 0.0518 429 402 698 626 11 0.0518 364 660 631 903 8 0.0518 368 657 624 908 7 0.0517 374 526 645 781 3 0.0516 379 81 644 310 8 0.0515 441 280 687 506 3 0.0514 498 462 754 702 5 0.0513 438 276 687 502 0 0.0509 367 725 630 967 2 0.0505 492 469 754 698 0 0.0505 443 282 692 510 7 0.0503 308 142 579 375 11 0.0502 351 101 701 283 1 0.0501 492 461 752 698 13 0.0501 367 148 638 370 5 0.0501 624 400 881 636
h7BkFgZSmmOjJ5w5mlqDOoGbVpezP8Oq,11 0.0659 377 792 628 1020 7 0.0625 312 784 569 1023 11 0.0617 0 794 242 1022 8 0.0607 1 790 236 1020 0 0.0584 450 214 701 454 8 0.0572 379 789 621 1023 0 0.0568 0 796 243 1023 6 0.0565 314 787 567 1022 0 0.0556 375 790 631 1023 5 0.0553 442 213 699 449 13 0.0547 318 784 576 1022 11 0.0546 240 798 509 1013 5 0.0546 313 152 580 370 6 0.0544 3 795 249 1020 3 0.0544 4 794 236 1023 11 0.0541 440 145 705 379 0 0.0541 502 150 759 384 2 0.0537 448 220 703 450 3 0.0537 317 788 566 1023 5 0.0535 0 793 235 1023 8 0.0532 440 139 696 379 5 0.0528 370 781 624 1021 3 0.0528 451 213 700 459 0 0.0525 314 204 582 433 7 0.0524 0 791 241 1023 13 0.0520 456 213 708 452 7 0.0510 442 144 702 384 6 0.0508 454 216 707 453 5 0.0508 498 146 757 381 10 0.0508 376 788 627 1023 7 0.0507 432 790 698 1023 0 0.0506 238 794 509 1016 7 0.0505 317 201 585 435 2 0.0503 0 801 246 1021 1 0.0503 0 789 239 1023 13 0.0501 0 796 246 1023 8 0.0500 324 154 578 375
bPrDpB3xEJzv1D3xinmNmQ91uMNf5p9L,0 0.0685 134 677 494 854 7 0.0663 134 678 495 851 5 0.0653 125 676 490 850 8 0.0645 129 789 360 1023 11 0.0637 64 679 432 852 8 0.0632 135 677 485 851 10 0.0627 124 650 379 895 7 0.0607 127 791 368 1023 5 0.0604 505 584 749 818 5 0.0604 122 789 362 1020 3 0.0604 187 650 439 897 11 0.0604 430 588 683 814 0 0.0597 126 794 363 1023 11 0.0593 125 794 367 1018 8 0.0588 432 587 676 814 6 0.0585 129 795 366 1023 6 0.0572 134 678 497 852 7 0.0571 437 584 689 818 0 0.0568 431 585 683 822 13 0.0560 128 794 370 1023 6 0.0552 431 587 684 817 13 0.0544 130 647 388 897 2 0.0533 432 593 681 818 3 0.0532 432 588 683 823 3 0.0530 131 792 366 1023 2 0.0529 136 681 494 853 13 0.0516 435 586 690 817 8 0.0516 777 187 1013 428 10 0.0513 125 796 366 1022 4 0.0508 133 680 501 853 2 0.0506 125 795 364 1023 12 0.0506 137 677 497 853 9 0.0504 124 649 382 892 10 0.0500 504 592 755 819 9 0.0500 124 794 367 1021
U5pCA5RosvmDIbUyCfNfKYnomrg3Mxre,5 0.0623 115 783 361 1019 5 0.0622 176 722 427 956 11 0.0611 175 723 430 957 0 0.0610 181 721 432 963 7 0.0596 118 784 369 1023 7 0.0594 181 724 432 960 8 0.0594 78 872 433 1023 6 0.0587 120 789 367 1023 11 0.0582 116 786 365 1022 10 0.0571 177 727 431 958 8 0.0566 181 723 427 958 6 0.0564 181 726 434 960 10 0.0564 117 791 365 1023 0 0.0546 118 785 365 1023 13 0.0543 120 789 372 1023 3 0.0542 182 723 429 965 13 0.0539 184 725 439 961 8 0.0532 177 405 428 640 0 0.0522 187 601 438 837 7 0.0513 246 332 515 567 12 0.0507 181 722 430 960 11 0.0505 182 602 434 832 2 0.0504 117 788 366 1023 7 0.0503 313 587 562 819 8 0.0503 185 600 422 829
ha8UVsXaFiv14lQiQMOCB55X5Eg9WSzY,11 0.0584 379 200 636 423 5 0.0576 374 191 636 421 3 0.0554 383 196 638 430 5 0.0535 691 0 957 193 0 0.0529 379 198 637 427 7 0.0527 379 196 638 426 6 0.0517 381 198 638 423 11 0.0509 249 398 508 628 10 0.0508 375 200 640 423 8 0.0508 377 194 628 426 2 0.0507 380 204 637 426 13 0.0503 699 0 973 197
Let9hRRARUE0WLihUPWyO45scJMCSC9s,0 0.0644 314 656 568 903 8 0.0640 187 643 432 889 8 0.0637 250 784 487 1023 5 0.0631 181 711 430 953 7 0.0631 252 645 511 898 5 0.0627 245 783 486 1019 11 0.0625 251 648 511 897 8 0.0617 129 778 375 1020 7 0.0614 247 785 495 1023 5 0.0613 249 645 504 899 7 0.0613 185 715 431 954 11 0.0603 245 786 492 1021 6 0.0602 187 716 433 955 11 0.0601 181 715 431 951 10 0.0601 180 716 429 952 7 0.0598 319 715 571 954 8 0.0592 313 659 560 899 11 0.0579 371 665 638 900 0 0.0576 192 645 440 891 11 0.0569 378 790 628 1020 11 0.0568 126 783 382 1016 0 0.0567 376 602 632 839 11 0.0564 441 354 697 574 10 0.0561 250 653 509 895 6 0.0561 247 788 494 1023 0 0.0561 376 721 634 968 8 0.0558 384 788 618 1023 8 0.0557 254 593 499 833 3 0.0557 257 711 500 960 0 0.0556 257 593 508 835 13 0.0551 250 787 496 1023 7 0.0551 381 788 631 1023 0 0.0548 129 782 377 1018 3 0.0546 192 646 439 894 13 0.0544 186 715 436 955 10 0.0541 246 789 490 1020 5 0.0535 503 792 746 1018 6 0.0530 254 650 512 898 13 0.0529 133 783 385 1020 3 0.0529 258 592 505 838 2 0.0528 130 784 378 1023 10 0.0526 129 786 376 1017 13 0.0525 382 791 633 1023 6 0.0524 317 716 571 956 2 0.0521 247 788 494 1023 7 0.0519 445 351 701 576 13 0.0516 320 716 576 957 9 0.0514 182 716 435 950 5 0.0514 375 782 621 1018 0 0.0513 373 341 617 563 10 0.0513 315 719 569 951 2 0.0512 183 714 431 954 1 0.0510 180 710 428 953 5 0.0510 368 659 631 901 9 0.0506 244 785 494 1022 12 0.0506 186 712 430 951 10 0.0505 375 608 629 832 7 0.0504 512 794 757 1022 8 0.0500 509 794 742 1022 1 0.0500 242 780 491 1023
ss2zeX2EAr9EHtQPYavXrdBje1MWrTGk,5 0.0594 431 132 689 367 11 0.0592 441 212 708 440 6 0.0591 447 207 707 445 8 0.0588 442 209 699 444 0 0.0581 504 279 759 511 8 0.0570 506 280 757 506 5 0.0566 504 207 756 445 7 0.0560 496 817 761 1023 6 0.0555 507 278 764 508 13 0.0555 502 279 768 509 0 0.0554 442 209 702 447 3 0.0553 446 209 707 448 5 0.0543 424 268 697 505 11 0.0541 499 283 764 507 7 0.0540 448 210 708 449 13 0.0537 447 208 710 444 8 0.0528 553 830 811 1023 2 0.0520 507 285 762 508 2 0.0519 445 212 705 444 5 0.0517 458 354 804 535 5 0.0512 485 814 749 1020 7 0.0506 505 279 765 512 3 0.0506 507 279 761 514 0 0.0505 547 829 827 1023
fAaCpt5Uk5OiFshY2KOmu2D0wRRAUdWG,8 0.0636 195 788 421 1023 5 0.0612 190 788 422 1018 11 0.0602 187 789 425 1021 7 0.0564 194 790 428 1022 8 0.0563 312 785 547 1022 0 0.0558 193 788 422 1023 13 0.0555 196 793 430 1023 6 0.0542 194 795 427 1023 7 0.0537 317 788 559 1019 10 0.0532 243 791 492 1021 11 0.0529 297 664 568 895 0 0.0527 313 784 554 1023 11 0.0525 312 789 557 1020 8 0.0507 303 664 555 898 2 0.0505 191 793 428 1023 5 0.0503 309 787 552 1016 7 0.0502 366 724 627 949
nptePauSnmMg6zzEpvo0xhZPPMtqLpb7,0 0.0703 249 588 502 837 8 0.0692 125 583 375 834 0 0.0686 124 583 382 835 8 0.0677 185 527 432 763 7 0.0676 188 584 447 830 0 0.0669 185 527 437 764 8 0.0663 252 588 499 835 0 0.0661 192 649 440 900 5 0.0656 182 586 444 827 11 0.0654 249 590 501 831 8 0.0642 192 651 438 898 11 0.0639 188 650 440 897 11 0.0633 180 528 436 757 7 0.0633 251 648 504 906 6 0.0627 191 653 443 899 5 0.0627 245 647 499 901 11 0.0617 120 584 382 832 3 0.0610 252 590 503 837 10 0.0608 122 656 372 902 13 0.0607 127 582 384 835 5 0.0600 124 650 372 903 3 0.0595 193 650 442 902 6 0.0594 249 591 504 834 13 0.0593 251 590 505 835 7 0.0591 127 651 375 902 13 0.0588 193 651 444 900 10 0.0587 248 652 502 902 6 0.0586 123 585 383 835 10 0.0584 186 588 446 828 6 0.0584 183 530 439 760 1 0.0582 186 584 445 830 7 0.0577 177 482 438 724 3 0.0577 125 586 384 839 2 0.0575 188 591 447 832 9 0.0567 185 588 446 826 2 0.0553 125 656 374 904 3 0.0550 186 529 435 765 2 0.0541 251 653 503 903 9 0.0537 247 651 502 899 9 0.0535 124 654 375 902 12 0.0535 189 586 446 830 5 0.0534 167 484 432 719 1 0.0534 123 647 373 901 1 0.0529 249 644 504 902 12 0.0519 253 649 503 905 12 0.0518 128 650 373 903 4 0.0511 192 654 442 900 4 0.0510 125 588 384 833
2Xep2r1iAiuQjHBxJoavEgCT4QH8vIQb,0 0.0586 558 454 818 707 8 0.0585 449 345 689 575 8 0.0575 560 457 811 705 8 0.0575 373 398 618 622 7 0.0572 443 473 706 706 11 0.0571 441 402 693 631 11 0.0567 557 461 817 705 8 0.0562 447 136 700 369 6 0.0561 561 460 822 705 0 0.0552 444 137 704 375 11 0.0547 364 473 627 698 5 0.0547 551 454 812 706 7 0.0546 560 461 821 709 6 0.0538 448 137 710 371 6 0.0536 446 472 702 708 0 0.0533 440 471 698 708 0 0.0530 247 722 514 966 11 0.0530 440 141 708 369 3 0.0530 454 345 697 580 3 0.0524 443 472 700 712 3 0.0522 450 139 704 375 13 0.0522 446 400 702 635 5 0.0522 438 132 703 368 0 0.0521 449 345 695 578 5 0.0521 445 340 694 573 13 0.0517 563 461 829 709 7 0.0516 447 133 709 373 8 0.0514 446 527 697 769 7 0.0513 451 349 700 576 11 0.0513 310 403 578 627 6 0.0512 454 343 699 575 8 0.0512 316 140 560 371 5 0.0512 238 725 502 961 3 0.0509 377 395 625 628 5 0.0508 432 462 696 705 11 0.0507 679 528 943 751 0 0.0506 617 522 877 771 0 0.0506 305 597 572 840 3 0.0505 566 458 821 712 8 0.0503 363 589 623 829 10 0.0503 554 463 818 703 11 0.0502 438 529 705 770 11 0.0501 355 593 630 829 6 0.0501 245 729 515 964
ozQM9rdVTuLeR1zwWi2Q89pSgoSkZIOa,5 0.0649 190 724 436 961 7 0.0629 251 731 503 967 7 0.0610 455 400 700 622 8 0.0601 251 730 495 964 8 0.0584 314 657 553 900 11 0.0576 309 657 565 900 11 0.0575 245 732 504 963 0 0.0568 252 729 503 970 7 0.0555 317 656 566 902 10 0.0550 196 738 440 962 11 0.0536 448 400 694 616 3 0.0526 199 731 439 969 5 0.0523 239 663 498 896 8 0.0521 452 401 688 620 7 0.0519 565 359 836 572 11 0.0516 573 664 832 894 6 0.0516 249 732 507 964 0 0.0513 316 656 565 908 0 0.0512 510 339 778 560 0 0.0511 700 826 971 1023 11 0.0504 564 360 829 570 0 0.0501 450 403 697 625
UX5tTX3pGmQprKqIvK8MTW7aU4QeeYGK,11 0.0631 293 604 569 822 7 0.0590 193 452 438 697 8 0.0571 304 670 564 895 11 0.0568 177 724 427 945 0 0.0567 296 542 570 771 8 0.0556 112 796 355 1023 5 0.0556 188 520 445 765 0 0.0556 300 670 572 894 11 0.0555 107 798 368 1021 5 0.0552 116 711 363 939 0 0.0552 120 712 363 945 3 0.0551 195 525 444 774 0 0.0551 192 522 446 769 11 0.0549 299 744 563 961 7 0.0545 247 659 515 893 13 0.0545 244 591 511 830 11 0.0543 187 457 439 691 7 0.0540 186 718 426 949 11 0.0539 291 468 564 697 7 0.0539 254 535 518 781 10 0.0538 120 720 361 942 8 0.0534 301 540 566 767 5 0.0534 241 778 489 1019 7 0.0532 351 465 630 705 13 0.0529 113 795 372 1023 10 0.0527 192 526 441 765 7 0.0525 305 737 564 965 3 0.0525 305 741 559 970 6 0.0524 196 523 450 767 8 0.0524 249 783 485 1020 5 0.0522 298 665 570 893 6 0.0521 248 593 506 830 13 0.0516 302 672 578 896 3 0.0514 247 594 504 836 11 0.0511 374 402 649 641 8 0.0511 195 523 440 767 6 0.0509 297 467 566 704 13 0.0505 203 381 454 625 2 0.0505 195 528 445 764 6 0.0502 306 672 575 894 10 0.0501 246 662 512 889
3LFS8rnTqHfUGXgmPKYtEYzfNOg5FXDs,0 0.0605 6 470 250 709 8 0.0566 440 0 699 206 11 0.0561 3 469 252 703 5 0.0546 0 467 248 703 8 0.0531 8 468 243 707 11 0.0529 0 673 260 895 11 0.0526 433 2 705 203 8 0.0521 2 670 249 897 6 0.0518 442 0 712 202 10 0.0518 3 472 250 705 6 0.0516 10 471 253 706 13 0.0516 9 469 258 707 0 0.0509 0 673 258 897 11 0.0505 268 2 636 142
xpxzqi7OMzznJmvFvHhj5nNn2mAU0Lyh,11 0.0624 379 202 640 446 11 0.0605 312 144 576 382 6 0.0604 316 141 574 384 0 0.0603 252 195 503 452 8 0.0601 315 141 566 384 3 0.0600 384 147 636 387 8 0.0598 378 197 631 448 8 0.0596 496 198 745 445 11 0.0593 248 201 508 446 11 0.0592 243 600 504 830 7 0.0590 440 199 693 443 6 0.0588 446 147 706 387 8 0.0587 514 594 757 839 7 0.0585 319 142 574 383 0 0.0582 316 259 577 512 13 0.0579 349 165 709 341 0 0.0576 499 150 761 392 5 0.0572 377 140 634 380 0 0.0571 314 139 571 387 2 0.0564 435 204 690 439 10 0.0561 441 146 702 387 13 0.0561 384 201 640 448 11 0.0560 496 202 755 443 3 0.0556 312 202 566 455 8 0.0553 508 76 749 313 13 0.0553 252 197 510 452 11 0.0551 509 593 760 836 8 0.0549 243 602 493 830 6 0.0543 321 260 580 508 8 0.0542 252 197 498 450 13 0.0542 197 126 454 378 13 0.0538 501 204 757 447 0 0.0535 192 549 440 789 7 0.0533 254 197 507 449 3 0.0532 378 260 644 513 5 0.0530 493 144 761 390 5 0.0530 372 258 643 505 10 0.0530 242 608 495 830 2 0.0527 376 269 641 508 6 0.0523 196 124 456 376 7 0.0523 196 658 445 891 3 0.0521 503 146 763 397 6 0.0519 516 598 768 839 12 0.0517 380 202 641 449 5 0.0517 306 198 565 445 2 0.0516 311 205 570 446 11 0.0516 186 261 444 506 5 0.0516 246 599 498 825 10 0.0515 314 144 577 385 11 0.0514 499 77 757 313 12 0.0513 344 164 706 341 9 0.0513 377 203 639 442 2 0.0510 503 150 763 391 8 0.0510 510 466 762 717 7 0.0505 193 546 442 790 0 0.0504 511 597 765 840 0 0.0502 196 127 446 379 8 0.0501 189 257 432 510
6CRBaghLfG710q4C6EQhh9StftVOLvX3,7 0.0621 74 596 317 843 0 0.0614 71 599 317 847 5 0.0614 320 591 574 836 11 0.0611 75 600 318 840 11 0.0604 453 542 710 769 8 0.0603 77 594 307 843 3 0.0601 78 597 318 848 10 0.0568 74 604 316 840 11 0.0567 322 597 578 837 0 0.0566 458 613 715 840 6 0.0566 326 596 585 837 5 0.0564 449 536 706 768 0 0.0563 324 596 578 842 5 0.0547 326 466 570 714 5 0.0539 70 594 314 842 3 0.0535 326 603 577 847 8 0.0534 324 601 573 840 8 0.0534 456 540 701 773 0 0.0528 559 459 815 702 1 0.0527 72 594 313 845 0 0.0525 251 529 502 780 3 0.0525 330 475 575 727 7 0.0521 325 597 583 841 5 0.0515 246 526 501 771 2 0.0515 79 605 317 843 8 0.0514 249 529 497 774 6 0.0511 76 596 321 840 13 0.0509 328 598 585 841 7 0.0508 251 527 508 779 11 0.0507 249 533 503 772 11 0.0505 569 529 815 754 3 0.0503 454 544 712 780
3xs2HD6tyPrr0LeTX9VB4ICtXq8rkl5q,5 0.0607 568 200 828 443 8 0.0589 504 331 753 572 11 0.0588 566 266 830 504 5 0.0587 565 333 829 584 7 0.0585 505 330 762 570 0 0.0583 570 264 828 506 8 0.0563 576 202 825 444 0 0.0563 501 331 757 574 0 0.0558 506 197 759 435 6 0.0558 504 332 764 573 5 0.0556 500 252 754 499 5 0.0549 579 58 836 311 7 0.0546 572 265 832 509 6 0.0546 572 262 833 505 0 0.0545 627 203 900 445 6 0.0545 172 809 439 1023 0 0.0543 633 340 902 584 11 0.0541 637 135 902 373 6 0.0538 509 195 767 433 13 0.0536 572 265 834 506 8 0.0535 641 132 890 375 3 0.0534 576 208 832 451 11 0.0529 647 6 893 247 7 0.0527 511 194 765 435 11 0.0519 447 269 697 506 8 0.0518 19 279 260 521 6 0.0517 643 131 907 375 6 0.0516 654 4 895 248 3 0.0516 509 263 755 507 11 0.0515 502 200 761 432 0 0.0513 648 6 887 251 3 0.0512 640 133 901 381 7 0.0507 651 4 893 248 13 0.0505 642 135 907 379 2 0.0501 573 267 829 503 3 0.0501 633 270 904 513 3 0.0500 649 6 894 255
yJ14yfIsO3lIqX2iIFV81nJlZGxjrliE,8 0.0599 450 320 694 571 11 0.0582 451 326 701 569 8 0.0575 570 341 822 570 3 0.0571 455 327 701 580 5 0.0568 566 342 820 566 5 0.0554 448 320 691 567 6 0.0550 455 327 706 569 7 0.0546 458 324 704 570 11 0.0520 260 349 638 524 11 0.0520 571 346 829 566 0 0.0520 569 344 827 569 10 0.0515 450 325 700 571 11 0.0513 502 212 759 427 0 0.0512 452 326 700 571 11 0.0504 629 81 887 296 6 0.0504 576 345 834 567 5 0.0502 559 211 825 439 2 0.0501 457 331 698 571
0u1lJDKAA1mHV6rmPdbarLTZuRsD8Iri,0 0.0600 184 667 441 899 5 0.0584 179 663 438 893 8 0.0582 240 0 494 194 5 0.0573 762 517 1010 773 8 0.0572 768 520 1004 776 11 0.0571 298 536 577 767 5 0.0568 306 0 571 199 8 0.0565 180 667 433 898 11 0.0563 318 402 578 630 11 0.0561 176 674 438 895 3 0.0561 395 331 627 573 7 0.0561 184 665 440 896 5 0.0560 502 525 759 770 0 0.0557 313 2 573 204 11 0.0554 388 334 628 562 7 0.0542 774 519 1016 778 8 0.0539 302 538 569 766 6 0.0539 181 669 442 895 3 0.0539 326 398 578 641 11 0.0536 308 1 575 199 5 0.0535 74 0 441 148 11 0.0535 77 1 456 151 8 0.0535 703 473 948 703 8 0.0534 502 533 756 767 3 0.0527 315 1 574 210 13 0.0525 186 668 446 897 7 0.0522 304 469 588 699 11 0.0521 434 540 702 771 13 0.0520 779 519 1020 775 13 0.0518 304 536 583 769 11 0.0518 752 600 999 841 7 0.0517 391 332 629 565 0 0.0508 86 0 452 155 6 0.0506 510 537 771 773 5 0.0506 298 462 578 695 13 0.0506 326 404 585 640 3 0.0502 183 731 446 964 0 0.0502 771 523 1010 774
XjkhxYwsiZbtBHj1uZCSiT0soLClToED,11 0.0644 439 344 691 577 5 0.0625 177 389 439 627 5 0.0620 435 336 688 575 5 0.0616 267 410 617 607 8 0.0609 441 398 687 637 7 0.0601 185 394 443 628 0 0.0599 380 392 626 637 3 0.0595 442 339 693 583 7 0.0593 443 340 696 581 8 0.0573 270 415 612 607 3 0.0567 272 416 622 614 11 0.0565 252 389 508 621 11 0.0564 508 221 766 453 10 0.0563 440 343 694 578 5 0.0560 510 214 762 454 3 0.0557 458 203 696 453 13 0.0556 275 413 635 610 8 0.0554 503 156 750 383 6 0.0551 444 401 699 639 8 0.0548 453 274 688 515 0 0.0548 250 337 507 585 8 0.0546 183 393 429 628 5 0.0540 366 268 624 498 8 0.0539 564 82 815 322 11 0.0538 100 481 389 703 11 0.0536 272 477 630 666 13 0.0530 447 398 703 638 3 0.0529 366 276 629 507 11 0.0518 568 152 842 394 7 0.0518 113 479 386 706 9 0.0517 450 279 699 511 10 0.0516 453 204 698 444 8 0.0516 575 214 829 454 8 0.0516 760 320 1011 557 6 0.0515 371 337 631 578 7 0.0515 253 446 506 686 0 0.0513 513 218 764 456 7 0.0513 370 273 630 500 11 0.0511 363 280 629 498 7 0.0511 458 201 700 446 10 0.0511 183 400 437 627 13 0.0510 391 459 638 698 6 0.0509 257 448 511 687 6 0.0508 189 396 442 633 13 0.0506 517 221 770 454 5 0.0503 384 454 625 694 3 0.0501 183 395 435 636 10 0.0500 252 346 511 585
79POOphjwg5NwZ5DH50uq9ez38PfvEF2,7 0.0667 374 531 633 767 0 0.0655 369 531 627 766 11 0.0640 348 486 720 659 11 0.0638 369 530 627 761 11 0.0618 313 671 573 915 7 0.0613 311 726 571 970 3 0.0607 454 463 688 696 5 0.0605 365 527 625 763 8 0.0599 319 669 566 915 8 0.0598 370 533 623 765 7 0.0595 249 663 507 904 7 0.0593 353 485 725 661 13 0.0590 453 463 691 691 10 0.0584 449 464 688 690 13 0.0578 375 733 629 978 0 0.0577 249 661 501 906 7 0.0570 277 414 647 597 5 0.0568 42 0 304 195 0 0.0565 495 611 745 833 11 0.0564 493 613 743 827 0 0.0558 448 462 690 693 7 0.0557 503 612 747 830 3 0.0555 321 468 581 708 10 0.0554 370 532 627 764 5 0.0551 312 663 567 912 8 0.0550 497 611 737 830 8 0.0548 314 330 559 560 8 0.0546 453 462 681 694 10 0.0545 242 672 499 902 6 0.0545 456 465 695 692 13 0.0544 375 532 631 763 0 0.0544 276 416 640 597 5 0.0543 494 608 739 826 5 0.0541 308 326 567 559 0 0.0541 365 722 622 980 3 0.0540 318 671 572 920 6 0.0540 372 532 633 763 2 0.0535 371 535 630 765 11 0.0532 268 418 644 593 5 0.0531 344 480 709 655 11 0.0530 124 7 376 242 10 0.0528 498 615 743 829 10 0.0528 311 337 568 563 2 0.0520 317 672 574 919 11 0.0518 0 543 241 758 13 0.0516 317 333 576 567 0 0.0514 0 540 237 760 6 0.0512 501 617 750 830 10 0.0502 365 730 620 974 8 0.0502 115 666 357 898 6 0.0501 371 729 629 972
A3UPrMYrs6teIcmVOR9vUv2mftQUHMCl,7 0.0631 446 740 698 966 7 0.0631 372 785 629 1023 5 0.0626 366 781 619 1019 11 0.0619 439 744 697 959 13 0.0618 304 793 563 1023 5 0.0600 438 735 688 960 0 0.0597 376 731 633 967 8 0.0588 374 784 621 1022 6 0.0585 374 788 627 1021 11 0.0582 369 788 622 1020 7 0.0580 310 728 571 955 13 0.0580 384 739 640 966 0 0.0574 0 0 245 208 0 0.0574 298 787 553 1023 10 0.0573 298 792 554 1020 6 0.0568 443 741 700 963 3 0.0557 446 740 695 968 11 0.0553 305 730 566 951 8 0.0552 446 741 689 964 3 0.0551 373 787 627 1023 11 0.0549 389 603 644 845 6 0.0541 310 726 572 953 5 0.0534 302 723 563 948 0 0.0531 390 602 642 851 3 0.0524 312 728 568 958 10 0.0524 440 744 693 962 8 0.0509 5 0 351 149 5 0.0509 0 0 244 201 9 0.0508 367 787 624 1020 1 0.0506 298 784 557 1023 6 0.0505 1 2 368 149
uVjQ0Wi7wJP160YhmXFtTMXq4bfeZlzr,7 0.0623 375 591 624 821 11 0.0613 310 600 566 838 5 0.0588 371 589 620 821 11 0.0581 376 536 621 761 0 0.0580 371 591 623 826 8 0.0579 373 592 617 821 6 0.0575 375 595 626 822 7 0.0561 258 593 512 831 13 0.0559 320 603 572 840 10 0.0554 315 603 562 839 7 0.0553 259 479 524 718 8 0.0549 263 540 504 779 0 0.0543 258 485 515 728 2 0.0534 376 597 623 826 11 0.0530 432 83 699 317 0 0.0524 256 591 508 839 0 0.0522 428 85 700 323 3 0.0521 320 602 569 845 5 0.0516 252 589 503 828 6 0.0510 258 596 514 832 11 0.0509 320 393 565 639 5 0.0509 431 77 693 317 1 0.0506 371 590 624 823 13 0.0503 439 83 707 322
uqpzVS2pNqAAI719SKpjcc26E2Q3wE3n,7 0.0671 240 779 494 1016 5 0.0647 237 780 487 1013 8 0.0635 240 778 487 1014 11 0.0589 240 782 490 1014 13 0.0586 243 781 496 1016 6 0.0581 242 784 493 1016 10 0.0578 239 785 490 1014 0 0.0570 240 781 491 1015 0 0.0560 635 796 885 1023 9 0.0550 238 781 492 1013 5 0.0539 631 792 876 1019 2 0.0539 242 784 494 1016 11 0.0532 637 793 884 1018 3 0.0529 243 781 493 1020 8 0.0521 638 791 876 1022 1 0.0517 237 775 491 1016
0V2OPURYaby8RQoXWcc3BnpVbbBJHnaD,3 0.0520 688 280 948 514 8 0.0513 326 593 579 821 0 0.0506 87 536 443 733 11 0.0506 622 267 887 504
q8qXr9PJG35p4c3TILgcbZpUoZdzLP0V,11 0.0612 440 400 711 645 0 0.0612 440 401 705 652 11 0.0593 225 794 488 1016 8 0.0582 441 398 703 651 10 0.0578 443 465 711 713 7 0.0573 448 341 704 585 13 0.0568 258 20 525 262 6 0.0566 445 401 707 648 11 0.0566 294 364 659 539 3 0.0564 507 365 758 598 7 0.0561 447 460 710 715 11 0.0560 352 288 711 471 0 0.0558 430 587 692 825 5 0.0557 438 339 697 580 13 0.0553 448 463 718 713 5 0.0549 439 460 704 711 6 0.0545 438 587 696 826 11 0.0534 167 662 439 888 0 0.0526 229 789 491 1023 8 0.0526 278 284 624 473 10 0.0526 442 349 704 583 8 0.0521 432 583 687 826 1 0.0519 438 395 706 650 13 0.0518 446 344 709 586 7 0.0515 398 601 757 790 11 0.0512 427 589 694 823 6 0.0507 231 790 494 1020 8 0.0506 230 787 485 1022 11 0.0504 314 9 582 242 11 0.0503 384 139 657 373
fjXlC566YIdeMkY9icwYZfHF1uFHihux,5 0.0629 302 276 560 499 6 0.0597 315 279 569 501 5 0.0591 301 386 557 632 0 0.0579 443 269 688 502 5 0.0575 158 389 419 638 11 0.0573 363 649 633 883 5 0.0573 422 646 692 881 8 0.0572 516 334 753 576 8 0.0558 178 577 432 823 11 0.0556 299 723 574 954 11 0.0550 233 399 497 633 8 0.0549 305 718 572 961 0 0.0544 307 334 568 575 7 0.0543 491 597 761 838 3 0.0541 502 662 762 887 8 0.0541 427 652 688 883 11 0.0541 359 802 615 1023 8 0.0541 237 460 493 696 11 0.0541 490 665 763 877 11 0.0540 444 270 689 498 13 0.0538 237 572 506 814 7 0.0537 361 799 626 1023 5 0.0535 182 511 435 761 11 0.0535 304 581 569 815 8 0.0535 164 393 414 640 0 0.0534 513 338 759 580 5 0.0534 439 265 685 500 11 0.0533 309 281 566 496 5 0.0532 377 330 633 573 8 0.0531 307 333 557 574 6 0.0531 365 802 626 1023 6 0.0530 449 270 693 498 11 0.0526 620 466 876 699 8 0.0526 305 576 559 821 10 0.0526 238 404 494 640 11 0.0526 513 340 757 575 5 0.0524 619 466 874 700 5 0.0524 291 711 576 957 13 0.0523 242 462 511 701 0 0.0523 429 654 695 883 13 0.0522 101 0 388 192 8 0.0522 623 466 867 701 6 0.0521 635 469 882 701 0 0.0520 305 573 574 823 0 0.0520 299 711 580 963 7 0.0520 301 725 580 962 5 0.0519 227 644 498 882 8 0.0518 376 278 618 501 13 0.0518 515 338 769 577 10 0.0518 240 518 506 747 8 0.0516 240 649 495 888 11 0.0515 230 649 500 885 0 0.0514 235 398 494 641 5 0.0514 349 791 615 1021 11 0.0513 172 579 436 825 6 0.0512 432 656 704 883 7 0.0509 181 577 442 825 6 0.0509 522 341 766 576 7 0.0508 306 581 574 819 0 0.0506 187 520 441 765 6 0.0506 313 389 572 634 7 0.0505 436 525 697 770 11 0.0504 382 217 637 430 6 0.0504 309 719 586 962 13 0.0504 167 396 429 643 0 0.0503 363 799 623 1023 7 0.0501 242 399 494 637 13 0.0501 317 805 587 1023
0Au1Gxer78LmBFCBX66NOowUwojQTTFd,7 0.0621 303 391 569 648 11 0.0611 306 274 581 500 7 0.0608 398 601 648 826 7 0.0607 321 781 571 1023 5 0.0598 186 189 436 444 5 0.0597 296 387 564 644 11 0.0592 374 403 635 641 11 0.0591 185 192 439 441 3 0.0590 229 325 503 571 7 0.0588 370 333 635 570 3 0.0587 368 334 634 572 8 0.0585 189 257 436 501 8 0.0584 309 272 568 500 0 0.0584 372 403 637 644 7 0.0581 184 331 452 578 8 0.0578 379 401 629 643 8 0.0577 317 783 559 1021 11 0.0577 328 722 582 957 7 0.0576 312 271 579 502 5 0.0575 226 319 499 563 0 0.0570 188 192 439 442 7 0.0568 323 520 578 752 13 0.0565 193 195 447 447 5 0.0564 310 776 564 1017 11 0.0563 232 396 499 637 0 0.0561 297 337 567 575 5 0.0557 359 328 630 564 0 0.0556 239 262 509 496 7 0.0556 194 191 441 446 3 0.0555 304 401 565 652 5 0.0552 114 266 382 511 7 0.0550 387 459 635 690 3 0.0548 309 271 576 507 3 0.0548 181 400 452 646 11 0.0545 307 461 559 695 0 0.0544 314 782 570 1023 13 0.0544 324 783 574 1023 3 0.0544 399 606 643 840 7 0.0541 396 725 663 961 5 0.0541 377 450 625 687 6 0.0541 306 398 572 643 8 0.0539 361 212 671 404 13 0.0539 363 337 642 567 7 0.0537 275 719 513 949 11 0.0536 385 784 639 1019 0 0.0535 445 458 698 700 8 0.0534 264 588 506 824 7 0.0534 185 455 441 702 0 0.0533 311 462 564 696 7 0.0533 335 667 591 903 6 0.0533 194 194 444 444 11 0.0532 188 730 443 948 2 0.0531 304 405 565 651 11 0.0528 330 600 586 822 11 0.0527 362 213 683 404 2 0.0524 369 344 631 569 11 0.0523 448 460 698 694 6 0.0523 245 464 502 703 1 0.0523 373 393 633 644 0 0.0522 186 332 450 576 8 0.0522 394 607 634 827 11 0.0522 446 732 711 959 5 0.0521 385 720 654 958 11 0.0519 259 659 516 882 6 0.0518 188 334 456 580 8 0.0517 451 454 691 697 13 0.0517 185 335 458 582 5 0.0516 386 596 640 827 5 0.0516 264 714 506 948 6 0.0512 369 337 640 567 0 0.0511 393 529 635 761 0 0.0511 201 584 450 822 8 0.0510 269 721 504 948 10 0.0510 231 332 502 564 10 0.0509 310 280 578 500 3 0.0509 455 458 702 702 11 0.0508 395 529 639 755 8 0.0507 252 189 504 427 2 0.0506 265 595 514 821 11 0.0505 453 605 708 827 7 0.0505 449 225 723 443 0 0.0504 442 230 718 440 11 0.0504 199 588 450 818 6 0.0503 572 413 836 636
PMLLpRJ5GH5uBb8OET3iUAxqLyJcsh0n,5 0.0635 380 655 621 897 5 0.0616 436 724 697 958 8 0.0610 385 799 628 1023 5 0.0589 378 798 629 1020 0 0.0574 444 732 697 965 0 0.0571 0 736 240 963 11 0.0553 438 797 688 1021 8 0.0552 750 0 1014 186 11 0.0548 377 666 624 898 6 0.0545 441 799 698 1023 11 0.0544 0 743 244 954 7 0.0544 441 794 695 1023 0 0.0542 382 664 623 905 6 0.0539 385 667 636 895 8 0.0527 384 662 621 902 5 0.0526 0 735 240 954 8 0.0525 251 805 483 1023 0 0.0524 510 800 752 1023 11 0.0523 745 2 1023 189 0 0.0522 0 41 233 279 8 0.0521 0 737 234 956 5 0.0516 746 0 1020 187 6 0.0516 3 739 248 960 8 0.0514 444 727 692 963 3 0.0513 446 730 699 967 8 0.0510 511 796 747 1022 11 0.0508 375 528 633 761 5 0.0508 501 797 746 1020 0 0.0507 382 803 631 1023 6 0.0506 314 802 574 1021 6 0.0501 753 2 1023 185 0 0.0500 747 2 1023 190
heHYpm4iQlQ9YaAdEVOSt0tQNPdtRbTW,5 0.0622 291 661 566 884 13 0.0580 309 669 581 893 11 0.0580 367 598 651 821 8 0.0579 441 78 697 300 5 0.0576 365 587 646 820 6 0.0576 312 665 578 885 8 0.0571 376 591 640 819 5 0.0569 232 591 498 833 11 0.0565 311 532 579 762 5 0.0558 302 519 572 762 13 0.0549 375 596 657 823 13 0.0548 311 531 586 763 3 0.0546 303 671 569 894 8 0.0542 318 530 563 760 7 0.0541 390 148 633 379 5 0.0538 412 469 710 713 6 0.0534 315 528 576 763 8 0.0533 386 148 622 376 5 0.0533 364 73 633 298 6 0.0532 374 592 657 819 3 0.0530 317 531 577 766 13 0.0529 390 148 643 382 0 0.0520 384 148 632 385 8 0.0519 307 665 563 891 0 0.0518 372 598 648 821 6 0.0518 446 80 707 302 7 0.0517 443 77 706 306 8 0.0513 424 516 693 753 11 0.0511 413 518 703 755 11 0.0509 382 153 633 376 11 0.0509 299 672 572 887 3 0.0509 378 592 650 828 8 0.0509 552 398 813 623 5 0.0507 545 389 820 625 6 0.0505 386 147 632 379 6 0.0501 249 596 505 832
EcZkhq4pvlYy7J5feYVsNiU8gzRVBGkA,5 0.0682 248 791 494 1021 8 0.0646 255 790 493 1023 7 0.0633 252 792 499 1023 0 0.0631 252 797 496 1023 13 0.0607 256 795 500 1023 11 0.0601 250 795 497 1020 6 0.0597 253 797 500 1023 8 0.0596 378 790 612 1017 11 0.0584 375 795 618 1014 5 0.0576 369 788 616 1015 7 0.0560 377 789 623 1019 2 0.0560 251 798 498 1023 10 0.0558 251 798 498 1023 9 0.0554 250 797 498 1023 3 0.0538 254 792 498 1023 0 0.0514 375 795 619 1023 1 0.0511 250 787 497 1023 13 0.0506 380 794 626 1017
bDNeodishEdtp5zdFcrrqHPFYb5Qe9N0,5 0.0589 564 338 803 578 0 0.0588 505 474 760 722 0 0.0588 572 399 818 639 8 0.0587 505 408 752 651 11 0.0584 563 343 808 578 11 0.0579 575 471 825 709 11 0.0575 505 411 756 650 3 0.0571 505 474 760 725 7 0.0567 506 474 766 719 8 0.0562 564 343 801 580 8 0.0556 45 0 295 202 3 0.0551 566 345 808 587 5 0.0544 497 467 755 717 7 0.0544 565 343 813 582 6 0.0538 504 476 764 718 0 0.0534 495 339 750 572 2 0.0533 569 402 816 638 6 0.0522 566 343 813 578 13 0.0521 504 473 768 718 10 0.0520 498 478 761 718 2 0.0509 503 479 759 718 2 0.0508 497 347 749 570 11 0.0504 42 3 309 203 0 0.0504 43 0 307 208 13 0.0502 569 399 824 641
ojlvXA8zwEBYSy7wUGnVtUc4PWlh79ki,0 0.0606 307 398 559 636 5 0.0561 300 396 559 633 7 0.0560 319 589 574 839 8 0.0558 178 798 423 1021 11 0.0558 176 802 432 1017 11 0.0557 304 403 561 634 0 0.0555 436 601 700 846 7 0.0551 263 729 507 971 5 0.0549 172 799 426 1019 5 0.0548 257 733 502 969 13 0.0546 309 403 564 637 10 0.0545 302 407 559 629 8 0.0544 308 399 553 633 6 0.0543 266 596 524 832 7 0.0542 192 537 452 785 5 0.0541 309 588 571 833 11 0.0537 434 607 698 833 8 0.0533 263 733 498 967 0 0.0529 316 587 578 841 7 0.0529 438 601 707 842 11 0.0527 314 594 573 829 11 0.0526 260 659 513 889 0 0.0525 206 331 457 581 10 0.0524 173 803 429 1019 8 0.0523 315 590 568 837 6 0.0521 310 397 564 633 0 0.0520 320 274 575 498 6 0.0518 178 802 433 1019 11 0.0516 637 487 898 713 11 0.0515 190 410 455 658 0 0.0511 262 735 511 972 7 0.0510 133 466 384 714 7 0.0510 308 399 563 637 7 0.0509 180 796 435 1021 6 0.0508 263 736 507 965 7 0.0508 196 409 458 660 6 0.0506 441 604 705 836 8 0.0505 643 482 888 714 2 0.0502 304 404 558 630 10 0.0501 265 599 523 832
ikVZNIVj0Sd3cOfovS7qjsqHHirpRrXK,5 0.0584 140 0 501 147 0 0.0561 141 0 509 147 5 0.0552 169 330 431 573 6 0.0547 149 1 519 144 0 0.0542 315 18 582 261 7 0.0536 176 333 435 577 5 0.0535 700 7 952 242 11 0.0524 248 267 504 496 11 0.0523 380 2 650 197 5 0.0518 248 260 501 497 11 0.0518 384 523 652 763 6 0.0516 389 0 654 197 13 0.0512 316 18 591 257 8 0.0509 553 410 823 645 8 0.0507 148 1 503 143 3 0.0505 174 338 433 582 11 0.0504 141 3 510 144 11 0.0501 172 340 436 570 13 0.0500 381 464 640 701
Jp2qwl5VncyIIwvnVW8T9uBGO7gpBNrP,11 0.0611 255 338 507 559 5 0.0606 179 310 427 554 11 0.0583 172 398 417 631 13 0.0575 126 318 383 564 7 0.0570 180 312 430 557 13 0.0568 177 398 425 637 0 0.0560 183 262 442 496 11 0.0558 118 260 387 493 5 0.0553 51 322 311 577 3 0.0549 246 395 493 631 0 0.0546 255 341 506 565 6 0.0543 125 319 379 560 11 0.0541 204 680 555 855 8 0.0535 174 395 411 634 3 0.0534 182 262 447 501 13 0.0531 187 258 451 498 7 0.0530 313 398 563 628 11 0.0523 52 328 319 579 11 0.0518 247 450 503 689 0 0.0518 250 453 509 698 8 0.0514 121 259 376 500 13 0.0514 260 337 514 567 0 0.0513 269 611 635 789 0 0.0512 777 348 1021 586 10 0.0504 256 346 505 561 7 0.0504 59 327 324 582 11 0.0502 319 527 570 765 3 0.0501 58 332 321 591 11 0.0501 710 164 966 386
qofqc0ziplJGsQTuSCDRrDQpzbJsshgZ,0 0.0630 444 730 703 978 5 0.0605 438 730 696 969 11 0.0603 380 736 638 968 7 0.0584 385 735 641 970 8 0.0581 449 732 694 971 11 0.0579 181 280 453 500 5 0.0562 232 260 487 493 5 0.0558 179 331 434 568 10 0.0557 382 738 635 969 11 0.0557 315 316 560 554 11 0.0556 316 601 565 825 11 0.0555 373 528 627 753 13 0.0553 389 737 642 975 0 0.0548 436 528 696 764 6 0.0547 189 340 450 575 7 0.0536 318 602 563 827 6 0.0535 447 732 703 972 0 0.0533 182 338 444 572 3 0.0531 387 733 639 976 11 0.0529 302 221 567 428 7 0.0529 189 334 447 573 7 0.0526 441 528 700 758 0 0.0526 304 272 560 502 8 0.0522 320 599 553 824 13 0.0519 323 603 567 827 0 0.0519 318 596 563 829 7 0.0517 240 261 499 499 11 0.0517 247 393 504 640 11 0.0516 441 455 694 693 11 0.0510 381 387 633 625 5 0.0508 311 309 558 555 8 0.0507 377 526 616 751 2 0.0505 447 735 702 972 0 0.0505 383 456 634 695 10 0.0504 374 528 625 750 5 0.0501 371 523 620 751
6qYlmJO0PzcAQHltzWCtbZjCSl2DvtPl,5 0.0674 302 277 571 512 3 0.0658 297 410 553 645 3 0.0655 311 283 575 517 8 0.0640 369 287 629 518 6 0.0637 310 282 577 514 11 0.0626 362 289 635 516 8 0.0624 298 409 546 643 11 0.0611 243 282 511 514 0 0.0605 309 277 576 514 0 0.0602 444 229 706 462 8 0.0602 185 402 441 648 11 0.0597 303 213 568 436 5 0.0594 434 289 680 514 5 0.0593 175 401 444 641 11 0.0592 245 406 511 639 7 0.0590 366 287 637 516 8 0.0589 448 229 702 458 13 0.0588 311 283 579 515 6 0.0586 297 408 557 639 7 0.0575 252 399 512 642 13 0.0571 184 402 454 647 5 0.0570 517 220 765 450 2 0.0567 255 338 514 574 7 0.0567 252 279 512 515 11 0.0561 443 231 705 455 13 0.0558 256 466 511 704 7 0.0557 448 231 710 461 0 0.0557 181 403 448 647 3 0.0557 447 294 685 523 8 0.0556 311 212 562 434 5 0.0554 246 462 503 705 2 0.0552 182 407 447 646 6 0.0546 444 292 690 516 10 0.0538 302 214 569 434 11 0.0538 404 432 674 659 12 0.0537 311 281 576 515 13 0.0537 352 359 627 584 0 0.0535 252 466 507 711 1 0.0535 251 328 519 573 8 0.0534 183 518 433 770 7 0.0534 309 209 570 438 9 0.0528 306 282 577 510 11 0.0526 240 528 500 769 10 0.0525 181 478 453 709 3 0.0524 181 408 446 653 11 0.0523 560 0 838 238 8 0.0521 564 3 825 239 3 0.0520 571 1 834 244 5 0.0520 173 513 436 765 0 0.0518 182 519 441 773 11 0.0516 176 341 444 584 13 0.0515 571 1 844 238 7 0.0514 181 338 444 585 10 0.0514 181 349 442 586 9 0.0513 249 404 506 637 5 0.0512 556 0 835 237 0 0.0511 355 356 625 582 3 0.0509 527 230 764 462 6 0.0508 344 489 620 709 6 0.0508 524 228 771 452 7 0.0508 183 470 455 710 3 0.0507 351 489 611 716 13 0.0506 185 517 445 769 8 0.0506 583 249 818 463 7 0.0505 427 358 673 581 13 0.0501 762 0 1023 199
7XTQDmSEcsaJkro1fVVxkH57UCxqktpm,11 0.0610 325 401 592 635 11 0.0603 315 519 579 760 8 0.0592 248 452 487 701 5 0.0582 247 449 491 700 0 0.0577 251 395 498 635 6 0.0574 331 400 593 640 5 0.0571 246 321 508 563 6 0.0569 259 326 513 567 0 0.0561 258 249 515 481 8 0.0559 499 725 760 966 11 0.0557 442 516 705 763 0 0.0547 448 517 702 765 11 0.0543 629 613 898 853 3 0.0543 256 394 499 640 7 0.0541 255 392 501 635 10 0.0540 447 514 702 764 5 0.0534 441 509 700 763 8 0.0532 254 324 500 567 13 0.0531 390 518 647 766 5 0.0528 305 574 564 829 2 0.0528 255 397 498 634 5 0.0527 380 450 641 688 8 0.0525 384 455 637 687 11 0.0523 500 731 766 966 7 0.0522 635 610 901 855 5 0.0520 493 722 764 962 7 0.0520 320 516 581 763 6 0.0519 251 452 498 700 0 0.0519 385 456 647 690 6 0.0517 635 611 898 857 8 0.0516 314 582 561 830 0 0.0516 630 615 900 858 13 0.0514 256 395 508 637 13 0.0513 327 460 580 708 6 0.0512 449 514 705 768 13 0.0511 505 728 773 968 7 0.0508 441 789 702 1022 0 0.0508 499 727 767 968 7 0.0507 505 727 771 967 11 0.0507 609 752 891 981 7 0.0507 450 511 710 764 11 0.0507 347 354 694 534 10 0.0507 318 519 573 760 0 0.0505 311 577 568 832 0 0.0504 193 175 441 417 5 0.0501 546 273 820 493 8 0.0501 447 513 695 764
n8BFERDgnMiXboVoeUbvFVG0Ccl1Ee9H,7 0.0613 315 786 566 1023 8 0.0586 312 784 557 1022 11 0.0572 111 137 389 366 5 0.0562 305 783 556 1017 11 0.0558 310 787 561 1018 13 0.0546 315 791 567 1023 0 0.0532 128 202 387 439 11 0.0527 192 320 452 560 0 0.0513 312 786 561 1023 8 0.0507 132 197 379 437 3 0.0505 313 789 565 1023 7 0.0505 134 198 389 439 10 0.0504 311 789 562 1022 5 0.0501 122 197 377 434
S2GwsUpqhCR9sE8OuHJ5nJBbSb3lHCvq,5 0.0614 172 667 418 885 8 0.0611 579 465 825 707 5 0.0608 580 460 829 709 8 0.0601 581 341 832 579 0 0.0588 582 468 836 710 7 0.0587 584 464 837 707 11 0.0586 581 463 835 702 11 0.0563 497 2 766 189 7 0.0560 447 0 710 194 5 0.0560 576 337 834 578 8 0.0557 184 668 415 890 11 0.0554 451 530 702 771 0 0.0550 451 461 698 707 11 0.0546 177 676 423 889 0 0.0543 585 346 838 579 5 0.0543 442 526 698 772 13 0.0542 455 461 698 708 7 0.0541 455 457 699 705 6 0.0538 182 672 426 888 13 0.0534 444 330 707 568 0 0.0533 444 2 710 195 7 0.0533 584 342 842 578 2 0.0532 586 474 837 707 8 0.0531 451 457 688 706 3 0.0531 451 0 705 196 10 0.0529 182 678 418 890 6 0.0527 454 462 700 706 0 0.0526 183 670 422 892 3 0.0526 586 467 834 714 13 0.0525 586 467 840 706 3 0.0525 589 344 840 584 11 0.0524 583 343 841 574 13 0.0524 586 344 848 576 10 0.0523 446 4 708 193 7 0.0522 446 329 704 570 6 0.0520 647 347 908 582 2 0.0516 501 5 766 192 13 0.0513 506 0 775 190 6 0.0513 587 467 840 707 0 0.0512 442 334 702 569 7 0.0511 440 597 699 829 8 0.0510 444 0 701 192 5 0.0509 443 0 707 190 2 0.0509 585 350 840 579 7 0.0506 508 196 770 433 0 0.0502 499 90 765 320
eUBRie5oDqnKUxGlEh6QKJXQf2uTxK99,13 0.0538 263 271 520 515 11 0.0536 299 2 583 201 5 0.0528 644 330 902 563 11 0.0527 388 128 649 373 5 0.0516 305 119 571 355 7 0.0515 503 795 771 1023 11 0.0514 518 277 767 498 0 0.0513 518 276 768 505 5 0.0512 510 269 760 499 11 0.0512 302 811 546 1022 10 0.0511 307 8 577 199 8 0.0510 387 131 638 374 5 0.0507 388 182 651 427 8 0.0505 633 119 870 326 11 0.0503 629 118 884 324 8 0.0502 572 282 819 505 8 0.0501 267 268 503 508 5 0.0501 258 264 510 506
nZwE7jAxxHAlsBQgxSGCW1yiF1XXGKLl,5 0.0610 291 643 565 886 0 0.0586 298 649 571 890 6 0.0565 256 584 512 824 8 0.0564 304 1 550 205 8 0.0561 257 584 500 822 13 0.0559 306 0 563 205 11 0.0555 296 654 567 883 11 0.0555 173 336 433 557 11 0.0548 298 1 559 205 7 0.0547 180 332 427 560 8 0.0544 304 647 565 887 5 0.0542 298 0 554 201 5 0.0541 227 712 495 951 3 0.0534 364 662 636 893 8 0.0527 497 333 747 574 8 0.0519 238 716 493 954 0 0.0519 240 717 504 955 10 0.0517 302 8 556 203 6 0.0516 227 0 586 150 6 0.0512 367 594 632 822 3 0.0511 304 0 559 211 6 0.0508 242 717 504 955 11 0.0507 235 725 503 952 11 0.0506 359 597 630 822 0 0.0505 174 333 426 566 0 0.0505 221 0 580 150 13 0.0505 307 644 581 889 0 0.0504 495 337 755 574 5 0.0503 356 712 625 943 9 0.0501 302 0 560 200
IuWIrO3o8v6nT4sOll6BhuDSMXCvtoFm,7 0.0558 261 464 508 706 11 0.0547 314 467 570 699 5 0.0540 252 460 499 703 11 0.0527 244 323 506 564 11 0.0520 623 393 894 626 8 0.0519 185 465 428 713 11 0.0515 178 406 434 646 0 0.0514 182 256 429 498 3 0.0510 256 468 505 714 0 0.0508 253 395 501 637 13 0.0504 180 402 435 652 5 0.0501 178 253 427 489
xuF153Jn8MqqMwmnaZWx3ZGPqvQZJYWy,0 0.0614 440 146 706 385 0 0.0585 313 149 573 386 8 0.0567 439 145 699 382 5 0.0556 489 213 742 452 5 0.0553 359 202 634 449 0 0.0552 493 218 748 457 5 0.0549 433 141 702 380 3 0.0540 445 144 703 389 8 0.0538 494 214 741 453 0 0.0532 367 207 640 455 11 0.0530 436 147 706 379 11 0.0529 486 800 751 1017 7 0.0529 442 142 709 384 8 0.0523 249 275 494 507 10 0.0521 439 153 707 383 3 0.0518 370 208 643 457 8 0.0516 316 147 561 384 7 0.0516 370 801 629 1022 7 0.0515 323 212 584 455 13 0.0513 440 146 710 382 7 0.0511 501 215 750 453 5 0.0511 424 799 684 1022 8 0.0510 488 796 738 1016 11 0.0510 367 804 623 1020 8 0.0509 376 272 630 516 13 0.0509 372 275 647 517 11 0.0504 310 152 576 381
JVeVYj0itaDkQDL7FIwgIZ3Qjj6A3kmv,11 0.0629 576 588 821 827 11 0.0611 508 526 746 765 0 0.0603 575 586 821 831 6 0.0595 581 587 824 828 8 0.0593 574 585 812 828 7 0.0589 509 447 749 688 8 0.0588 508 449 742 687 10 0.0579 575 591 817 829 6 0.0570 513 528 752 768 7 0.0567 579 584 823 830 5 0.0561 506 521 744 765 0 0.0560 509 526 747 766 11 0.0559 386 325 635 559 11 0.0558 576 455 817 694 13 0.0556 513 529 752 767 5 0.0551 572 583 818 828 3 0.0540 515 528 747 772 13 0.0537 579 587 824 832 3 0.0534 579 586 819 833 2 0.0528 578 590 820 828 10 0.0527 511 529 744 767 7 0.0525 387 319 639 559 8 0.0521 486 330 743 560 5 0.0513 570 448 816 696 0 0.0512 383 329 640 567 8 0.0510 387 325 627 562 12 0.0510 580 585 819 829 11 0.0505 254 392 502 625 0 0.0502 580 455 820 700
JIierIPMZZ09fVhxFlpxyXyX6lz3JUiP,8 0.0673 174 792 415 1021 8 0.0632 209 674 546 857 7 0.0627 211 672 558 857 11 0.0613 134 675 496 852 0 0.0609 184 657 436 904 11 0.0607 172 794 419 1020 5 0.0583 172 705 420 954 0 0.0582 246 593 506 837 8 0.0580 120 719 364 963 7 0.0580 175 791 425 1023 5 0.0573 238 648 497 897 7 0.0573 258 712 503 966 10 0.0569 131 676 490 853 11 0.0561 309 534 574 757 11 0.0560 113 719 371 958 0 0.0556 254 715 500 967 8 0.0555 327 785 558 1022 0 0.0555 172 795 424 1023 11 0.0553 248 716 501 961 5 0.0551 316 705 567 956 0 0.0550 309 532 574 769 3 0.0546 214 674 557 863 0 0.0546 116 721 371 962 5 0.0545 244 786 489 1019 7 0.0544 325 786 571 1023 6 0.0543 177 796 425 1023 8 0.0541 446 784 676 1022 8 0.0538 391 710 625 962 11 0.0538 320 791 566 1020 8 0.0537 307 532 561 761 0 0.0534 324 790 564 1023 7 0.0533 309 529 579 758 10 0.0532 249 716 503 964 6 0.0530 246 654 500 903 7 0.0526 392 710 634 963 13 0.0525 255 794 503 1023 10 0.0524 114 724 368 962 7 0.0521 452 784 689 1020 3 0.0520 182 712 427 963 11 0.0519 446 785 686 1016 0 0.0518 391 714 629 970 5 0.0511 391 778 624 1017 2 0.0509 172 799 425 1023 13 0.0508 213 674 566 858 11 0.0507 387 715 631 957 13 0.0507 122 720 380 963 6 0.0505 127 721 374 963
BauiN9rJHSBq0i5jK9y93JBSCUZhEZMI,5 0.0656 432 333 696 572 5 0.0646 369 197 626 443 5 0.0641 301 262 561 512 8 0.0637 436 270 695 509 11 0.0629 431 274 705 507 3 0.0616 437 338 699 575 11 0.0607 371 203 630 442 8 0.0606 375 201 620 442 8 0.0596 9 768 233 1008 7 0.0595 438 337 704 576 6 0.0595 377 204 630 444 3 0.0592 375 204 626 449 0 0.0586 428 213 684 449 11 0.0584 122 802 379 1020 6 0.0582 437 339 701 572 13 0.0582 435 341 708 573 11 0.0582 305 269 563 513 0 0.0581 435 337 701 574 0 0.0577 308 268 563 515 0 0.0577 4 773 242 1014 6 0.0577 313 269 566 516 5 0.0570 2 770 235 1009 3 0.0569 307 271 564 520 3 0.0568 9 771 240 1016 8 0.0568 306 265 554 516 8 0.0566 0 609 310 784 8 0.0564 437 147 685 380 13 0.0564 312 268 568 520 8 0.0563 123 795 374 1023 0 0.0561 117 804 383 1023 11 0.0559 0 614 326 782 13 0.0557 301 667 572 920 13 0.0557 377 203 632 446 10 0.0552 432 340 702 572 5 0.0551 387 775 625 1005 2 0.0550 376 205 625 441 0 0.0548 64 607 310 838 5 0.0547 0 595 237 833 7 0.0544 123 800 387 1023 2 0.0544 436 340 700 573 0 0.0543 289 609 551 858 13 0.0542 60 787 308 1023 7 0.0542 8 773 243 1012 11 0.0539 6 776 242 1010 12 0.0539 436 336 702 575 6 0.0535 7 772 248 1012 5 0.0535 117 797 376 1023 7 0.0534 311 263 565 513 7 0.0534 376 202 629 444 10 0.0533 375 206 627 444 2 0.0527 309 273 561 510 9 0.0526 435 277 703 505 6 0.0525 436 148 695 381 7 0.0520 7 600 246 837 7 0.0518 358 622 614 855 6 0.0515 7 612 328 783 13 0.0512 440 682 696 930 6 0.0511 357 620 617 851 10 0.0511 308 273 561 515 8 0.0506 297 615 543 852 3 0.0505 123 798 378 1023 5 0.0504 285 614 547 847 4 0.0501 432 341 703 573 12 0.0500 377 202 630 446
ehBFrERt7LkCxFxJwVzdv6iGBoXkvM1b,6 0.0556 248 0 509 196 8 0.0540 250 0 500 196 13 0.0528 247 1 514 199 11 0.0525 779 350 1021 591 5 0.0523 225 277 473 505 11 0.0514 249 677 502 903 5 0.0512 361 0 632 196 11 0.0506 366 0 640 196 5 0.0506 176 598 433 840 5 0.0504 245 166 489 387 11 0.0504 243 0 506 193
wStVEJTzHGJmat5RZgAZeS9zvmi6RL9t,11 0.0600 363 608 642 836 11 0.0590 321 526 575 777 11 0.0587 263 394 522 631 11 0.0582 247 611 511 838 0 0.0581 433 609 698 842 3 0.0577 313 605 568 850 0 0.0576 306 601 569 847 13 0.0574 267 458 525 708 7 0.0574 250 537 519 787 10 0.0569 263 401 520 637 5 0.0569 303 598 560 841 5 0.0567 251 452 512 702 11 0.0562 548 341 802 567 11 0.0562 201 215 457 453 5 0.0561 364 675 637 899 11 0.0559 487 526 757 754 8 0.0554 312 599 561 848 8 0.0550 369 672 633 901 6 0.0550 322 524 579 781 11 0.0548 308 674 565 895 0 0.0548 369 674 641 901 3 0.0547 321 456 582 712 5 0.0546 197 321 455 564 8 0.0545 196 270 439 512 13 0.0544 313 599 574 846 11 0.0543 320 334 582 559 0 0.0543 353 418 710 612 11 0.0542 355 419 710 606 7 0.0540 368 608 647 847 13 0.0538 374 675 649 904 5 0.0538 315 387 577 632 8 0.0537 204 377 442 639 7 0.0533 264 334 526 565 6 0.0533 251 611 518 840 8 0.0529 435 607 691 840 5 0.0529 552 338 802 567 13 0.0527 205 375 460 640 5 0.0526 427 607 697 839 3 0.0526 370 675 642 906 3 0.0526 322 333 584 569 0 0.0524 562 519 816 768 11 0.0523 201 323 456 561 3 0.0523 434 610 698 846 7 0.0522 354 352 703 540 13 0.0521 206 209 464 457 13 0.0516 502 609 770 831 13 0.0514 571 522 827 762 6 0.0514 364 608 646 839 6 0.0510 276 394 526 637 5 0.0510 434 333 684 571 5 0.0509 194 208 455 453 8 0.0507 265 336 511 564 3 0.0507 202 214 454 463 0 0.0506 552 342 808 572 8 0.0506 264 456 511 704 7 0.0505 198 265 454 509 11 0.0502 429 683 696 903 7 0.0502 314 675 568 904
Owfne7Z7zCuvQN7I4cwdEuyViY0VQ5LG,11 0.0604 425 429 708 642 11 0.0597 299 354 571 570 8 0.0560 310 346 567 571 5 0.0549 297 344 566 569 7 0.0547 490 419 769 642 7 0.0544 307 349 577 574 0 0.0542 303 352 573 573 8 0.0541 430 427 702 644 5 0.0540 115 0 383 199 3 0.0539 378 404 640 634 7 0.0531 379 402 639 631 6 0.0521 306 350 580 572 3 0.0520 306 352 572 580 11 0.0517 118 0 385 199 13 0.0505 432 429 718 641 8 0.0503 556 432 825 644
1OxKa3w10jcGtfwP4v3POjgtZvVG9ft2,0 0.0601 570 529 815 770 5 0.0588 559 205 820 447 2 0.0586 572 535 816 768 8 0.0585 564 209 814 446 7 0.0578 565 596 824 833 7 0.0575 569 208 825 450 11 0.0575 571 531 817 765 13 0.0570 574 530 820 768 8 0.0568 500 529 743 770 6 0.0566 574 528 819 767 2 0.0559 567 214 825 445 6 0.0559 570 209 829 445 13 0.0558 565 209 833 447 8 0.0555 560 595 818 829 3 0.0555 573 531 817 773 5 0.0553 557 591 819 828 0 0.0551 246 201 506 427 8 0.0539 441 347 691 587 3 0.0537 566 211 824 452 11 0.0535 562 209 828 444 0 0.0533 571 143 832 379 7 0.0530 447 347 702 591 11 0.0529 248 204 505 423 11 0.0526 225 459 506 705 9 0.0521 569 530 817 763 10 0.0512 569 534 815 769 11 0.0510 437 350 702 585 3 0.0509 445 348 698 596 6 0.0508 261 261 514 493 10 0.0506 562 212 822 445 2 0.0501 438 356 697 590 0 0.0500 440 345 698 591
PHz6fWPQNrUfzU2HVgxQ5MnKoEcY682d,13 0.0592 263 519 512 758 11 0.0586 496 412 761 637 8 0.0578 376 1 629 247 11 0.0576 384 533 626 766 5 0.0569 368 0 632 247 5 0.0562 492 410 752 640 11 0.0559 253 520 504 755 8 0.0554 326 518 559 755 11 0.0553 317 384 580 618 6 0.0552 373 4 643 245 5 0.0551 423 340 685 569 0 0.0550 374 3 636 251 7 0.0548 327 455 573 694 13 0.0545 390 534 631 770 0 0.0543 497 415 759 644 11 0.0543 314 587 573 829 13 0.0540 324 456 577 692 8 0.0540 374 335 634 554 0 0.0536 451 542 692 787 3 0.0536 318 380 575 627 0 0.0536 320 515 565 755 11 0.0535 432 345 697 569 7 0.0531 391 534 627 772 5 0.0530 495 0 771 206 13 0.0527 376 2 644 249 11 0.0526 370 3 639 249 2 0.0523 373 9 636 246 10 0.0522 325 522 567 755 8 0.0519 457 541 686 785 7 0.0519 320 589 576 832 2 0.0517 502 423 758 640 5 0.0515 315 581 566 830 7 0.0514 254 391 498 631 6 0.0512 326 453 575 688 5 0.0512 244 386 492 625 13 0.0512 252 393 503 632 7 0.0511 261 520 508 760 8 0.0511 491 412 750 641 5 0.0510 382 525 621 768 3 0.0509 376 3 637 256 5 0.0509 226 21 487 257 3 0.0508 502 411 756 651 3 0.0507 503 0 772 214 8 0.0507 501 0 759 207 3 0.0506 388 533 630 778 5 0.0503 253 513 503 753 6 0.0503 388 533 628 768 5 0.0501 315 445 566 688 13 0.0501 240 28 501 263 8 0.0501 171 392 417 636 10 0.0500 250 401 502 630
8Y8ihMfuEIb1R3vBXraW40NhjIWDi2oN,5 0.0587 183 262 439 510 5 0.0563 171 403 435 648 0 0.0558 620 402 887 634 11 0.0558 232 803 476 1021 8 0.0556 169 796 413 1017 0 0.0556 132 342 398 589 8 0.0548 190 334 438 585 5 0.0547 618 397 872 631 6 0.0546 131 344 405 590 11 0.0544 125 344 397 586 0 0.0540 185 266 445 513 8 0.0537 570 458 825 699 8 0.0536 638 604 879 832 0 0.0536 167 792 425 1021 7 0.0525 191 331 450 586 0 0.0523 451 336 704 584 11 0.0523 618 400 881 631 13 0.0514 132 342 403 593 8 0.0509 394 314 626 567 13 0.0506 626 402 891 633 13 0.0502 394 315 654 568
n1yVmfyBmgSy6mQpM42gj7yDAcOwVKPQ,11 0.0576 365 741 639 956 11 0.0571 317 325 574 567 11 0.0539 447 398 695 623 11 0.0533 498 729 761 941 8 0.0521 431 733 684 954 6 0.0510 450 398 703 627 11 0.0510 239 390 509 626 0 0.0507 447 396 699 630 0 0.0505 318 328 575 570 0 0.0502 502 723 760 946 7 0.0501 455 392 703 623 8 0.0501 319 326 566 570
UCz8iXcs5rEiKnKgGWr2FPmyzTDLV99K,11 0.0644 0 354 253 591 0 0.0616 69 263 326 515 7 0.0606 442 275 711 508 0 0.0604 375 324 644 574 5 0.0599 433 272 702 507 8 0.0598 379 324 636 571 11 0.0597 500 331 756 563 13 0.0594 1 356 262 592 11 0.0587 493 161 758 385 3 0.0587 374 268 641 513 0 0.0585 0 356 249 596 5 0.0580 0 349 245 593 0 0.0579 504 329 752 565 6 0.0577 436 154 711 381 8 0.0574 504 326 746 563 13 0.0571 386 452 651 708 6 0.0571 374 263 646 509 0 0.0569 381 537 639 783 5 0.0560 426 147 699 380 3 0.0556 501 278 761 513 8 0.0555 366 198 630 431 13 0.0552 380 325 646 574 0 0.0549 493 206 750 440 11 0.0546 573 267 821 502 13 0.0546 502 329 762 562 8 0.0544 0 352 243 594 10 0.0544 369 272 641 510 11 0.0543 372 327 642 572 6 0.0536 387 454 646 709 6 0.0534 506 278 766 508 7 0.0533 2 350 256 591 11 0.0532 61 262 324 513 9 0.0530 439 279 707 504 6 0.0529 3 358 257 591 3 0.0527 312 331 573 568 11 0.0523 437 93 706 308 2 0.0523 441 281 705 506 2 0.0523 0 354 253 591 12 0.0522 377 321 644 573 10 0.0520 0 361 250 587 10 0.0517 426 216 702 439 13 0.0517 493 208 763 439 6 0.0514 309 655 568 891 3 0.0512 497 157 752 391 6 0.0508 377 602 644 833 3 0.0507 571 341 812 574 5 0.0506 61 257 316 510 7 0.0506 385 454 647 711 0 0.0506 305 653 562 893 11 0.0506 363 207 640 435 8 0.0505 382 450 634 709 0 0.0504 321 466 563 704 11 0.0504 379 454 643 708 5 0.0503 261 290 622 477 1 0.0503 372 323 641 574 8 0.0502 494 207 745 441 5 0.0502 0 477 241 713 5 0.0501 377 446 641 707 10 0.0500 501 336 752 561 2 0.0500 376 327 638 573
2eMHtmWhKlj0RVBExsXGGuhBS30qG07N,8 0.0574 454 207 695 432 11 0.0543 456 212 704 434 0 0.0537 388 141 642 378 0 0.0521 395 275 635 507 11 0.0520 389 146 647 377 11 0.0520 53 803 300 1016 5 0.0517 236 392 486 625 13 0.0505 333 139 586 391 0 0.0501 0 604 248 852
6V8VrLTt1kzTsq3bBCANw0UPpeFohfiD,0 0.0640 368 407 629 626 8 0.0635 320 406 563 631 0 0.0622 244 332 503 568 11 0.0618 317 411 569 632 0 0.0598 309 137 570 371 8 0.0596 317 213 567 438 11 0.0592 376 336 641 552 5 0.0591 314 209 572 435 8 0.0587 378 333 634 556 3 0.0587 322 410 570 634 8 0.0583 245 328 498 567 7 0.0575 372 405 629 621 8 0.0571 317 75 562 320 3 0.0571 317 278 581 502 0 0.0568 246 202 505 442 0 0.0567 183 269 437 509 5 0.0566 245 264 504 499 11 0.0565 312 278 580 497 13 0.0561 375 402 632 623 13 0.0560 255 392 503 625 0 0.0560 311 276 577 503 3 0.0560 384 339 639 559 13 0.0559 312 134 578 370 7 0.0556 313 273 582 498 11 0.0554 242 134 510 368 0 0.0552 568 83 823 296 11 0.0548 242 334 505 566 7 0.0548 249 197 507 438 6 0.0543 314 138 575 371 6 0.0543 249 331 509 565 3 0.0542 250 332 503 570 5 0.0541 311 336 576 561 10 0.0540 319 347 582 562 5 0.0538 248 387 496 621 8 0.0538 183 263 430 507 11 0.0537 94 300 473 473 3 0.0537 249 204 507 445 7 0.0536 311 132 573 369 13 0.0535 254 267 512 508 10 0.0534 253 399 501 622 10 0.0533 311 143 574 370 7 0.0530 251 390 500 624 3 0.0526 311 138 573 373 7 0.0525 22 306 401 489 11 0.0524 570 86 823 294 5 0.0523 385 277 641 502 13 0.0521 24 307 405 492 2 0.0517 374 408 628 622 6 0.0516 251 201 511 441 13 0.0514 390 284 650 505 8 0.0513 22 307 373 489 8 0.0509 571 81 815 297 5 0.0505 12 311 376 490
Jj8rwPwD3lbYvjJdrxU5HqFqo29htd9o,11 0.0522 9 2 370 153 6 0.0522 18 0 372 154 8 0.0518 4 1 351 153
POYRjawUoUurBE4VbmNnKHGmgKUth2Zi,11 0.0619 580 475 828 709 5 0.0616 574 468 824 707 11 0.0605 630 396 893 633 0 0.0601 637 464 883 705 6 0.0591 582 472 834 709 0 0.0586 578 531 831 765 0 0.0582 510 219 752 450 8 0.0578 580 468 823 709 0 0.0574 376 146 633 381 5 0.0571 627 388 884 633 3 0.0565 583 472 834 715 13 0.0565 518 525 782 768 7 0.0562 515 215 760 449 11 0.0552 377 148 635 378 6 0.0549 636 396 897 638 7 0.0545 583 473 830 713 7 0.0539 388 0 663 194 11 0.0532 382 3 660 192 2 0.0532 517 529 773 767 10 0.0529 383 6 662 193 8 0.0527 379 148 624 377 11 0.0527 514 220 757 445 7 0.0526 383 146 637 379 13 0.0525 318 89 585 336 8 0.0523 635 391 880 636 8 0.0521 378 15 634 258 0 0.0517 376 17 643 261 10 0.0516 377 86 644 327 7 0.0516 632 392 895 637 6 0.0513 305 748 566 989 3 0.0513 519 217 755 456 5 0.0512 0 359 254 588 3 0.0512 384 146 632 384 5 0.0512 508 214 753 447 11 0.0511 436 89 691 313 8 0.0508 510 215 748 445 13 0.0506 517 219 759 449 2 0.0503 638 533 891 769 13 0.0501 637 532 894 771 10 0.0501 515 526 775 770
p3dfhBYUkMfuy8PN6altqLfNM2Xivn3v,5 0.0644 256 717 494 966 7 0.0632 259 719 497 970 11 0.0621 254 721 499 966 0 0.0616 259 715 498 969 8 0.0607 320 714 559 961 6 0.0592 260 721 500 967 13 0.0572 261 719 502 970 10 0.0565 258 724 497 965 2 0.0551 259 721 500 965 3 0.0542 261 716 496 970 1 0.0506 319 709 563 961
PKQ5cP5gnP4eKlqf5VcF2WUT7QD8mNkS,5 0.0636 493 201 747 427 5 0.0611 561 127 833 353 6 0.0604 251 285 511 522 5 0.0603 621 222 882 438 5 0.0594 238 278 507 520 11 0.0592 318 344 574 578 8 0.0590 499 207 742 426 11 0.0582 284 483 641 665 8 0.0574 180 440 423 698 5 0.0568 408 474 764 664 6 0.0567 476 485 831 665 7 0.0567 176 437 437 696 0 0.0566 118 270 379 513 8 0.0566 413 474 753 665 7 0.0565 418 533 773 719 5 0.0561 170 433 430 694 10 0.0560 177 451 436 697 6 0.0556 179 440 436 697 7 0.0555 251 278 513 523 5 0.0553 367 343 622 578 13 0.0550 418 534 779 715 0 0.0550 169 506 436 768 10 0.0548 246 293 511 521 11 0.0546 246 288 508 521 13 0.0546 385 0 653 187 11 0.0545 119 274 383 510 6 0.0543 125 272 384 514 7 0.0543 383 0 652 188 3 0.0542 504 133 760 361 11 0.0542 350 549 695 725 11 0.0542 378 2 646 187 13 0.0540 177 443 441 699 5 0.0539 182 204 445 444 0 0.0537 413 534 771 718 10 0.0535 378 1 649 190 11 0.0535 53 413 311 651 13 0.0533 378 348 635 579 13 0.0532 252 284 520 524 8 0.0532 321 342 567 579 3 0.0532 511 271 753 498 5 0.0531 113 268 375 509 6 0.0531 581 214 822 430 10 0.0529 318 348 579 582 8 0.0529 117 268 373 516 5 0.0528 376 0 646 187 11 0.0527 188 206 451 446 11 0.0527 497 131 761 348 7 0.0526 383 347 632 581 3 0.0526 382 347 627 587 6 0.0525 57 410 319 652 0 0.0525 384 407 637 646 0 0.0524 170 211 498 396 11 0.0524 164 510 431 762 0 0.0524 380 2 651 190 6 0.0524 325 343 573 580 3 0.0523 356 544 693 730 8 0.0523 351 544 681 726 3 0.0522 427 476 760 669 8 0.0522 383 0 638 187 13 0.0521 61 417 321 653 7 0.0519 124 267 382 514 7 0.0519 342 604 704 792 7 0.0518 294 481 650 668 0 0.0517 502 210 749 427 2 0.0517 375 353 626 580 7 0.0517 503 128 761 353 6 0.0517 512 274 759 487 0 0.0516 322 344 574 580 2 0.0515 502 213 745 424 3 0.0514 386 2 648 195 5 0.0513 497 65 767 290 3 0.0512 246 285 511 526 10 0.0510 290 487 645 667 8 0.0508 245 284 500 522 1 0.0506 375 0 649 191 8 0.0505 577 274 819 493 10 0.0505 237 533 513 766 6 0.0505 639 149 888 373 8 0.0504 53 410 305 653 10 0.0502 408 535 773 716 10 0.0502 190 215 447 446 8 0.0502 239 522 498 766 13 0.0501 127 271 391 513 7 0.0500 180 209 506 394
3fYGCxZyyjvyMX0qcJ12Bnr7GvdWpWB6,8 0.0683 62 652 299 894 0 0.0662 58 655 305 896 3 0.0589 66 654 307 900 5 0.0580 56 651 301 896 11 0.0570 60 659 311 896 7 0.0565 63 600 317 841 6 0.0546 62 655 309 892 1 0.0531 58 652 303 900 10 0.0523 61 602 314 840 2 0.0521 61 658 307 897 13 0.0514 60 655 314 897 9 0.0511 57 657 311 894
c2Zx4WtqWMnyqTSfSdOvtSXFEwrHBscX,8 0.0600 573 581 824 819 13 0.0587 582 526 828 758 11 0.0578 581 459 824 693 8 0.0575 447 275 684 505 13 0.0570 509 461 764 692 11 0.0568 569 582 830 818 5 0.0567 499 452 752 688 8 0.0561 503 453 753 692 5 0.0557 565 576 825 813 0 0.0551 582 460 823 695 7 0.0544 512 457 762 694 0 0.0542 565 294 818 507 2 0.0540 506 462 756 692 8 0.0531 426 525 689 767 7 0.0528 571 582 830 819 0 0.0526 449 278 690 511 3 0.0526 578 581 829 826 11 0.0522 644 528 901 763 6 0.0521 583 523 825 756 8 0.0521 514 212 747 436 11 0.0519 443 277 696 507 10 0.0514 581 464 826 692 6 0.0513 452 278 696 510 5 0.0511 558 287 819 498 8 0.0511 647 525 895 766 3 0.0510 513 457 758 698 0 0.0508 573 583 832 821 2 0.0506 449 279 691 510 11 0.0505 517 142 769 352 3 0.0503 452 276 691 516 2 0.0501 582 529 824 761
BMrDrYvPTklXTYjWjOe479MhOiNv8vgi,0 0.0633 122 662 371 893 8 0.0625 125 662 365 891 11 0.0608 460 521 701 744 11 0.0604 119 663 371 887 7 0.0602 122 601 372 834 0 0.0594 457 517 702 754 6 0.0590 126 664 373 890 5 0.0584 120 659 367 889 7 0.0582 458 581 701 815 8 0.0564 461 515 692 750 13 0.0562 196 662 447 895 7 0.0560 193 657 444 897 0 0.0558 128 539 379 777 13 0.0558 125 603 379 835 8 0.0558 182 602 421 830 6 0.0556 458 585 701 818 10 0.0548 121 667 368 890 3 0.0546 461 582 693 819 5 0.0546 450 580 692 816 13 0.0544 458 584 704 814 6 0.0543 180 604 436 828 10 0.0534 178 607 432 829 3 0.0528 123 602 364 837 5 0.0527 126 540 370 769 3 0.0515 195 660 441 899 7 0.0512 195 528 442 771 13 0.0507 195 531 448 768 11 0.0506 123 546 377 764 7 0.0501 468 462 710 684
MgTv1rggr2a2Hq0LItQiaBOrjF1PUqPp,11 0.0611 241 138 510 374 5 0.0611 252 253 507 495 11 0.0610 253 258 511 493 8 0.0604 329 519 567 769 11 0.0598 366 149 639 372 11 0.0597 389 401 641 630 6 0.0596 259 260 509 496 5 0.0594 505 138 761 375 3 0.0591 372 198 641 441 0 0.0590 201 253 441 499 8 0.0587 510 141 758 376 6 0.0587 204 193 448 436 11 0.0582 444 462 705 698 8 0.0580 578 275 816 503 5 0.0579 563 352 818 576 8 0.0575 255 189 497 431 8 0.0575 391 397 633 630 7 0.0574 394 77 649 304 11 0.0573 324 521 572 768 8 0.0569 370 147 628 370 3 0.0568 261 255 508 504 0 0.0568 557 417 823 641 10 0.0567 387 84 647 306 11 0.0566 508 144 768 378 5 0.0566 192 185 441 435 8 0.0560 333 0 687 156 7 0.0556 396 399 644 629 5 0.0555 293 143 565 376 8 0.0555 445 459 695 698 3 0.0554 570 356 825 581 7 0.0552 261 256 514 498 11 0.0551 399 1 766 153 0 0.0550 245 135 506 375 0 0.0546 385 79 645 302 0 0.0544 439 458 702 702 0 0.0542 391 401 640 630 7 0.0542 512 139 766 378 0 0.0540 516 77 775 311 3 0.0538 515 141 761 383 13 0.0537 374 205 647 435 6 0.0537 395 401 645 630 13 0.0535 262 260 515 498 7 0.0534 340 0 708 157 3 0.0533 202 189 447 444 6 0.0532 518 142 765 375 3 0.0531 396 77 647 304 3 0.0531 305 146 566 385 6 0.0531 373 203 645 436 8 0.0531 199 254 437 499 11 0.0530 569 361 828 571 13 0.0530 389 13 654 245 3 0.0529 515 276 767 516 0 0.0529 401 1 761 155 6 0.0528 304 148 568 381 2 0.0528 369 153 632 373 13 0.0528 209 191 452 438 7 0.0528 514 277 768 512 8 0.0527 198 133 434 372 5 0.0527 378 69 644 302 7 0.0526 207 187 450 435 11 0.0526 513 285 771 508 13 0.0525 306 151 575 380 7 0.0524 330 516 584 767 7 0.0524 563 415 825 640 5 0.0522 324 521 571 765 7 0.0522 445 459 708 695 13 0.0521 583 278 832 506 6 0.0519 446 461 707 700 10 0.0518 515 75 774 311 5 0.0517 384 401 640 627 0 0.0517 510 279 767 511 10 0.0517 437 413 697 642 8 0.0517 254 63 497 298 10 0.0516 506 349 760 577 10 0.0516 517 213 778 444 13 0.0515 522 208 780 445 13 0.0513 393 399 648 632 0 0.0511 328 522 580 768 3 0.0506 393 398 639 637 10 0.0505 255 263 513 496 3 0.0505 447 457 705 704 1 0.0503 363 144 633 373 11 0.0501 240 6 510 244 13 0.0500 511 409 766 641
dJZ32vUubisnklN8EPUvDbEt0uPMpj7s,11 0.0658 306 394 564 637 3 0.0626 313 391 563 639 11 0.0607 238 467 506 698 11 0.0605 305 532 575 765 0 0.0602 377 457 636 698 11 0.0601 375 456 635 693 11 0.0600 379 336 635 568 5 0.0597 228 390 495 635 3 0.0584 385 455 635 698 0 0.0581 241 465 503 701 0 0.0580 317 323 575 570 8 0.0578 238 392 489 638 13 0.0578 238 396 498 641 7 0.0578 236 391 497 636 0 0.0576 310 533 576 771 8 0.0575 376 396 622 639 6 0.0570 314 393 570 638 5 0.0570 311 322 569 567 0 0.0568 493 650 761 897 8 0.0568 318 323 566 569 13 0.0567 311 464 569 702 5 0.0567 304 459 565 697 7 0.0566 380 396 631 635 3 0.0565 385 337 633 574 11 0.0565 318 265 571 503 0 0.0562 402 561 765 739 8 0.0560 308 459 561 697 7 0.0559 313 460 571 697 11 0.0555 400 559 761 737 5 0.0555 362 643 631 888 11 0.0555 323 684 710 857 10 0.0554 409 502 763 674 5 0.0550 489 604 837 795 5 0.0549 367 525 632 764 5 0.0546 293 592 564 825 13 0.0546 411 678 769 862 7 0.0544 448 334 699 564 13 0.0543 323 325 576 572 5 0.0541 371 398 625 635 6 0.0540 325 262 571 509 3 0.0540 314 531 573 773 7 0.0538 323 321 576 566 3 0.0536 240 468 504 704 8 0.0536 374 524 629 765 11 0.0536 495 609 840 797 5 0.0534 406 493 757 672 0 0.0533 322 682 705 863 13 0.0531 417 561 765 738 11 0.0530 245 604 501 829 6 0.0529 384 335 639 572 5 0.0529 239 520 491 762 8 0.0524 411 493 751 673 8 0.0522 404 615 748 797 13 0.0522 247 529 504 767 13 0.0521 379 403 630 641 10 0.0515 233 397 494 633 7 0.0513 505 609 845 799 10 0.0511 320 270 567 508 0 0.0509 255 253 504 505 11 0.0508 492 708 763 956 6 0.0507 509 583 777 828 12 0.0505 313 396 570 638 5 0.0505 300 209 564 437 0 0.0503 444 336 691 567 2 0.0503 235 397 494 635 8 0.0502 303 593 564 825 13 0.0501 305 598 578 830 7 0.0501 415 496 767 672 10 0.0501 505 583 770 825
L78fsF62SfejBmBOMbdfCfwxIhLrNodL,0 0.0627 503 460 755 712 11 0.0622 499 462 755 705 11 0.0615 553 403 819 631 11 0.0597 249 335 509 574 8 0.0592 502 458 752 712 5 0.0592 555 395 814 636 5 0.0591 198 338 558 527 8 0.0581 212 337 556 532 0 0.0577 555 399 818 639 6 0.0576 216 342 577 531 8 0.0573 558 398 809 637 11 0.0572 181 414 444 648 5 0.0570 498 457 751 708 5 0.0570 103 339 382 586 5 0.0570 245 194 502 425 3 0.0569 568 397 816 643 0 0.0567 183 411 443 648 6 0.0567 565 401 823 637 6 0.0566 121 345 393 589 8 0.0565 114 340 377 593 7 0.0563 253 331 510 576 3 0.0563 250 333 508 582 11 0.0559 226 789 488 1012 7 0.0557 564 401 818 638 0 0.0556 249 332 509 574 11 0.0556 246 198 509 427 8 0.0556 183 405 435 651 7 0.0556 175 781 433 1016 0 0.0547 124 482 378 723 7 0.0546 186 407 448 649 11 0.0545 99 276 378 514 6 0.0545 508 464 760 712 0 0.0544 249 196 510 427 13 0.0541 504 462 764 710 8 0.0541 48 283 316 515 10 0.0540 502 465 762 713 13 0.0535 252 333 512 578 7 0.0534 507 459 760 711 8 0.0532 254 196 503 429 5 0.0531 498 280 753 504 13 0.0526 187 408 449 648 13 0.0525 562 400 824 636 6 0.0525 185 412 449 649 5 0.0524 174 409 439 645 8 0.0524 501 280 746 503 0 0.0518 50 419 311 658 6 0.0516 255 196 514 426 0 0.0516 111 348 386 588 8 0.0515 127 470 368 723 0 0.0513 502 287 756 502 8 0.0511 110 207 368 436 7 0.0509 512 283 758 503 11 0.0508 616 350 892 570 10 0.0507 563 406 821 636 3 0.0505 182 414 443 658 5 0.0503 614 344 886 568
5WM1x4DlNvvhoQzxPOzWElpiiBFNSBZp,0 0.0576 516 348 770 579 11 0.0571 515 348 771 578 11 0.0569 375 127 636 365 5 0.0565 507 135 764 364 8 0.0564 381 130 630 364 5 0.0563 369 126 629 362 0 0.0559 378 130 634 366 11 0.0547 508 137 768 366 8 0.0547 517 347 762 578 7 0.0544 379 129 638 370 7 0.0544 522 345 772 578 5 0.0536 514 339 765 578 5 0.0528 555 808 802 1022 3 0.0519 382 128 638 371 6 0.0516 519 140 773 367 11 0.0512 244 76 495 307 10 0.0511 378 137 640 363 6 0.0510 521 348 775 580 5 0.0510 174 0 429 204 2 0.0510 522 356 770 581 13 0.0502 520 347 778 576
GmH6me8hadaV0UvT4xLRIUafWWaoVWn4,0 0.0637 317 579 562 820 11 0.0628 190 595 440 823 0 0.0623 194 589 443 831 11 0.0619 316 584 561 815 8 0.0617 195 591 433 824 7 0.0609 187 649 443 884 8 0.0599 318 662 557 899 8 0.0597 1 336 236 567 0 0.0591 437 660 693 903 0 0.0587 1 336 243 571 11 0.0581 433 663 690 893 11 0.0580 0 268 234 488 8 0.0580 118 399 358 626 10 0.0575 122 659 376 877 0 0.0575 126 650 378 883 11 0.0573 56 339 298 570 5 0.0571 432 659 688 896 5 0.0570 250 584 496 826 11 0.0569 248 526 496 761 0 0.0569 117 401 374 629 0 0.0567 133 524 388 761 7 0.0564 256 587 501 826 8 0.0559 128 650 369 880 5 0.0558 180 649 437 884 7 0.0558 441 659 693 899 10 0.0558 190 599 441 824 7 0.0557 195 511 436 748 11 0.0556 600 685 876 903 7 0.0553 320 657 568 897 8 0.0552 438 663 684 896 0 0.0552 605 682 873 907 11 0.0543 120 656 378 877 6 0.0543 0 270 237 491 5 0.0539 0 338 236 566 10 0.0539 1 341 242 566 11 0.0538 131 534 384 753 3 0.0534 439 665 693 905 6 0.0533 438 664 693 897 11 0.0532 111 405 367 624 3 0.0530 188 654 442 889 6 0.0530 609 687 876 906 7 0.0528 320 523 561 758 5 0.0526 314 656 563 898 10 0.0520 314 662 564 897 6 0.0520 317 662 569 898 11 0.0520 314 455 552 686 0 0.0516 313 455 559 691 11 0.0514 383 400 629 631 13 0.0513 322 585 568 817 2 0.0513 320 591 559 818 13 0.0513 441 663 698 899 6 0.0512 190 336 449 569 13 0.0512 0 267 242 494 3 0.0511 255 590 501 834 6 0.0508 185 653 444 885 3 0.0504 3 264 232 496 7 0.0504 2 264 238 491 10 0.0502 246 534 497 764
9ZuAF1uoCK3lAsfbJdDfGVjO9P5lLwa1,5 0.0596 309 319 568 559 0 0.0590 492 348 739 580 5 0.0589 369 201 642 433 0 0.0588 323 265 580 500 3 0.0587 372 330 635 568 6 0.0581 323 454 572 704 7 0.0568 386 773 641 1023 11 0.0567 375 261 640 487 7 0.0567 386 467 636 725 6 0.0565 319 327 582 562 11 0.0563 314 331 578 558 8 0.0563 321 456 560 704 11 0.0563 452 196 707 422 5 0.0560 378 772 631 1019 5 0.0557 247 444 489 697 8 0.0557 324 262 575 498 11 0.0554 317 458 571 700 0 0.0554 247 336 495 567 10 0.0551 376 267 641 486 7 0.0549 325 324 576 563 3 0.0548 385 200 650 443 5 0.0543 374 459 632 713 7 0.0541 254 450 493 701 8 0.0538 382 201 642 435 5 0.0537 497 278 743 495 13 0.0537 321 453 575 707 6 0.0536 382 260 643 491 0 0.0535 381 205 642 434 0 0.0533 572 218 816 454 11 0.0532 500 283 748 491 13 0.0530 385 205 658 434 11 0.0530 238 274 506 510 13 0.0528 386 775 646 1023 5 0.0528 374 642 623 903 3 0.0528 324 457 572 712 2 0.0527 253 457 488 697 7 0.0527 385 648 630 904 2 0.0526 378 266 633 489 11 0.0523 374 583 622 826 10 0.0523 316 332 574 559 7 0.0522 329 206 593 449 11 0.0522 247 140 511 389 0 0.0522 302 565 552 823 0 0.0522 378 653 627 904 0 0.0522 248 452 489 700 8 0.0520 493 346 731 580 13 0.0519 318 325 583 562 2 0.0518 319 333 569 562 11 0.0517 378 132 640 382 6 0.0515 501 351 746 578 6 0.0510 386 778 640 1022 13 0.0510 380 524 638 780 10 0.0509 379 145 644 379 3 0.0508 506 278 748 502 2 0.0507 493 358 739 580 8 0.0504 381 650 619 899 3 0.0503 386 777 636 1023 8 0.0501 385 775 626 1023 8 0.0501 6 409 248 644
IacZGRgKVYqZJIMFDo0iSHNC0rSKKPur,5 0.0598 441 125 713 359 11 0.0590 426 729 691 954 11 0.0588 450 128 716 359 0 0.0587 497 722 760 956 5 0.0571 372 192 645 425 3 0.0565 456 125 716 370 0 0.0565 377 74 631 315 10 0.0552 424 730 688 956 10 0.0547 450 200 715 425 13 0.0546 505 722 764 959 8 0.0544 450 192 707 430 13 0.0544 457 129 728 362 7 0.0544 502 722 763 955 8 0.0543 380 138 639 379 5 0.0542 492 717 753 951 2 0.0541 454 137 714 361 8 0.0540 452 65 694 302 8 0.0539 505 722 750 953 11 0.0537 378 197 654 433 5 0.0537 361 724 618 961 10 0.0532 375 142 648 377 6 0.0532 392 201 659 434 5 0.0532 422 0 688 185 11 0.0531 453 254 715 493 11 0.0527 566 264 842 497 3 0.0527 501 721 756 959 0 0.0526 453 132 716 363 0 0.0526 311 195 564 447 0 0.0525 367 729 621 967 5 0.0522 371 66 628 305 11 0.0521 488 670 754 890 8 0.0520 315 198 560 446 10 0.0519 447 69 699 299 13 0.0517 383 76 644 309 5 0.0511 445 252 710 490 8 0.0510 420 0 687 184 5 0.0507 566 262 837 500 11 0.0504 372 76 632 310 2 0.0502 499 724 756 954 6 0.0502 453 131 725 362 6 0.0502 385 71 640 309 7 0.0502 370 729 628 963 6 0.0501 431 725 693 959
yAv4UGxkg10xWHLQR4OpjVsy9lNmK1Q4,11 0.0610 365 794 621 1012 5 0.0599 424 795 684 1015 7 0.0598 369 790 624 1016 8 0.0595 368 791 613 1016 0 0.0590 429 797 691 1019 11 0.0581 322 330 584 568 3 0.0559 435 798 686 1022 6 0.0554 338 266 590 505 0 0.0553 370 728 636 961 10 0.0549 320 335 585 570 6 0.0547 370 794 621 1014 7 0.0547 327 326 587 574 5 0.0543 318 325 582 568 8 0.0537 324 329 579 572 0 0.0537 333 264 585 510 13 0.0535 434 798 693 1020 0 0.0524 311 391 579 642 6 0.0519 313 390 581 640 11 0.0502 323 208 588 436
2PnMkC6yUlx3wauopCs1otbHHmBKjTuj,3 0.0565 382 358 623 592 7 0.0539 382 354 626 581 11 0.0518 630 507 904 756 5 0.0518 382 437 629 691 11 0.0516 383 439 633 697 6 0.0508 707 461 960 694 13 0.0507 639 504 913 758 6 0.0501 318 451 576 701
AgyNLDFzst5axK5OxWaMks3jx9vuw2w1,5 0.0641 228 782 483 1013 7 0.0633 370 787 627 1023 5 0.0627 423 784 677 1015 8 0.0605 433 787 677 1020 11 0.0604 384 726 639 965 0 0.0596 303 788 560 1023 6 0.0592 307 790 560 1020 0 0.0589 431 790 682 1023 13 0.0587 309 789 568 1022 11 0.0581 302 790 554 1018 8 0.0580 307 786 555 1023 6 0.0576 386 722 644 966 10 0.0576 231 792 486 1019 7 0.0572 237 791 490 1018 10 0.0568 367 793 623 1023 3 0.0567 309 791 558 1023 9 0.0555 302 790 557 1017 3 0.0554 434 788 680 1023 8 0.0551 374 201 632 424 13 0.0546 435 790 687 1021 0 0.0539 377 200 640 422 13 0.0533 318 339 580 575 6 0.0533 177 733 455 950 10 0.0531 319 268 582 488 5 0.0525 313 259 572 488 5 0.0524 371 198 636 417 0 0.0524 371 59 637 300 11 0.0523 318 7 588 244 7 0.0523 445 721 694 961 2 0.0520 433 792 683 1022 11 0.0518 380 268 640 491 11 0.0516 311 341 576 568 13 0.0515 381 198 650 420 3 0.0513 381 57 637 311 9 0.0512 428 790 679 1018 0 0.0512 450 266 698 498 2 0.0511 383 206 640 423 7 0.0510 450 340 701 581 1 0.0508 368 785 626 1023 3 0.0507 458 18 707 246 11 0.0506 442 343 702 578 6 0.0505 317 400 587 639 8 0.0504 317 265 569 492 7 0.0503 387 265 640 495
Yh0zV3igquktwi1EYAiK58OxQiIjSchw,0 0.0591 329 517 577 771 11 0.0566 377 531 634 768 8 0.0559 323 453 568 708 7 0.0555 384 528 639 773 11 0.0551 6 26 272 271 5 0.0544 322 451 569 699 5 0.0541 377 525 633 765 6 0.0538 327 518 579 769 11 0.0537 322 457 570 703 8 0.0525 383 530 629 770 7 0.0519 329 451 577 707 11 0.0512 566 681 827 908 3 0.0512 331 524 576 774 0 0.0506 501 678 761 916 11 0.0505 415 671 690 907 11 0.0502 507 607 756 831
xlX5zBJBRGyc2GWPFPwAihPprslYh4Zz,11 0.0689 372 77 644 323 8 0.0658 313 80 569 322 5 0.0656 247 66 510 318 0 0.0633 247 0 501 196 8 0.0630 205 69 447 307 5 0.0629 201 189 446 432 5 0.0622 241 0 500 194 0 0.0619 257 66 509 318 3 0.0615 258 68 512 323 8 0.0615 258 200 490 438 13 0.0614 313 75 580 326 6 0.0612 261 70 517 319 7 0.0610 258 130 507 382 10 0.0600 201 72 453 306 6 0.0599 251 1 506 194 3 0.0598 263 199 499 443 5 0.0593 366 72 640 318 13 0.0591 207 63 465 305 11 0.0589 254 70 514 318 3 0.0587 383 77 644 328 2 0.0582 249 2 508 194 0 0.0581 258 194 498 435 11 0.0578 259 196 502 440 7 0.0574 253 270 493 509 11 0.0573 217 347 575 528 6 0.0573 151 196 388 433 11 0.0572 246 1 505 196 3 0.0565 204 136 445 379 10 0.0564 305 32 572 266 13 0.0561 251 0 510 197 5 0.0558 205 343 574 524 3 0.0557 250 1 504 201 10 0.0552 257 141 507 383 0 0.0550 374 79 644 320 2 0.0550 259 69 513 315 6 0.0545 382 81 649 324 5 0.0545 103 460 357 706 7 0.0544 309 23 577 271 10 0.0541 377 81 644 322 0 0.0539 537 473 899 660 6 0.0535 264 198 502 438 11 0.0534 132 275 391 504 10 0.0532 245 3 502 193 8 0.0531 217 346 562 530 13 0.0526 252 277 498 517 6 0.0523 194 278 437 516 3 0.0519 145 198 384 444 8 0.0513 138 192 379 440 12 0.0511 306 25 576 272 4 0.0511 258 138 512 383 7 0.0510 545 471 901 660 6 0.0509 548 475 906 660 7 0.0507 111 458 367 712 3 0.0505 217 350 573 535 2 0.0504 200 136 447 370 2 0.0502 260 201 499 435 9 0.0502 375 78 646 316
FrUFdunn5xY97k7scuxX82HkxSkRXiJU,5 0.0625 517 590 775 842 0 0.0606 526 596 779 844 11 0.0595 448 532 712 764 8 0.0588 570 721 817 958 11 0.0576 372 16 637 260 11 0.0573 519 596 778 839 8 0.0572 527 594 772 844 6 0.0570 527 596 782 845 0 0.0566 351 601 705 790 0 0.0564 513 478 766 709 0 0.0557 312 526 567 768 11 0.0557 565 725 823 956 0 0.0556 567 724 825 959 8 0.0554 352 602 699 787 0 0.0551 631 657 887 901 6 0.0544 458 532 716 766 0 0.0544 372 469 623 698 5 0.0542 346 598 700 785 11 0.0541 312 532 571 763 11 0.0540 480 793 742 1020 10 0.0540 525 598 777 845 8 0.0539 312 528 562 765 11 0.0538 366 469 624 694 8 0.0538 443 719 699 965 11 0.0536 508 17 766 259 5 0.0533 234 447 503 700 8 0.0531 512 11 759 262 13 0.0527 362 601 713 789 7 0.0526 305 463 563 699 3 0.0525 387 522 637 770 5 0.0524 509 470 764 703 8 0.0519 516 474 759 711 7 0.0519 574 726 827 957 7 0.0519 441 788 694 1021 7 0.0518 336 677 704 860 6 0.0518 641 612 890 844 6 0.0516 385 591 650 836 3 0.0515 530 595 777 850 11 0.0515 444 80 706 321 10 0.0515 516 478 771 709 11 0.0515 327 679 702 853 7 0.0514 513 14 768 263 13 0.0513 256 396 520 644 2 0.0512 526 600 780 843 5 0.0512 438 716 699 961 5 0.0510 561 717 817 955 3 0.0507 458 479 707 713 3 0.0507 516 14 765 268 9 0.0507 522 595 779 840 8 0.0505 369 470 616 699 13 0.0505 248 514 511 769 10 0.0503 637 617 890 840 8 0.0502 377 14 631 264 11 0.0502 624 665 884 896 0 0.0501 615 531 963 719
m1yJehq7VZYFeb40UbL6imp71waKhWvC,11 0.0605 384 531 642 757 8 0.0560 394 531 635 758 11 0.0549 492 666 760 899 0 0.0549 390 529 639 759 5 0.0542 489 660 756 898 0 0.0533 447 606 695 833 3 0.0533 395 534 639 768 11 0.0531 0 469 238 690 5 0.0528 385 523 638 755 0 0.0526 248 262 511 504 7 0.0523 393 527 644 760 5 0.0522 557 791 811 1019 7 0.0517 569 799 823 1023 0 0.0514 492 666 761 903 7 0.0512 502 664 765 898 8 0.0506 492 666 752 900 6 0.0505 387 609 636 833 13 0.0504 248 207 515 456 7 0.0501 249 203 511 451
2ATsygE9XJADg5gOC2QwG4Td7kUrQUiK,7 0.0586 389 792 637 1020 7 0.0557 251 710 503 945 11 0.0556 383 798 630 1019 13 0.0554 391 802 640 1023 5 0.0538 375 789 624 1014 0 0.0510 384 794 632 1023 11 0.0504 245 715 503 945 0 0.0503 248 712 502 953 5 0.0502 174 705 435 951 8 0.0501 386 795 622 1023 6 0.0501 56 2 323 198
QfZfYA0axz3SQi39NhBV0WWt8fkA3AXW,8 0.0621 182 489 419 723 8 0.0610 134 607 363 842 11 0.0586 131 611 380 841 11 0.0581 111 475 380 719 7 0.0569 308 348 571 586 0 0.0559 239 348 494 585 8 0.0558 237 420 483 651 5 0.0558 301 344 563 577 0 0.0550 119 473 376 725 5 0.0545 126 602 374 837 11 0.0533 361 355 630 589 7 0.0533 131 605 380 839 11 0.0533 569 537 811 763 11 0.0531 236 354 495 582 6 0.0527 241 351 497 582 8 0.0524 572 535 802 764 5 0.0524 222 411 487 648 8 0.0522 309 348 558 578 8 0.0522 295 0 633 157 10 0.0518 134 614 376 841 5 0.0517 570 533 805 763 5 0.0515 175 485 428 722 10 0.0515 307 353 569 579 10 0.0514 184 427 432 653 0 0.0510 135 611 374 846 0 0.0509 574 539 811 764 7 0.0505 366 419 626 656 0 0.0501 301 415 570 647 7 0.0501 577 538 809 766 5 0.0500 467 0 816 155
PUfhvF0n27IBP84JSjnnxGiCe6JUqtbg,11 0.0583 311 447 565 689 13 0.0581 317 451 575 691 0 0.0581 312 446 569 691 0 0.0569 429 658 687 895 7 0.0566 315 596 572 838 5 0.0564 333 609 687 795 0 0.0559 311 590 570 839 5 0.0558 310 506 564 751 11 0.0553 317 225 587 441 13 0.0548 386 514 644 758 0 0.0536 379 511 640 763 11 0.0531 379 513 641 756 2 0.0523 317 455 566 692 11 0.0522 433 587 694 820 6 0.0522 340 613 699 798 10 0.0521 362 588 631 829 13 0.0521 317 594 579 837 7 0.0519 351 547 710 737 8 0.0516 314 450 563 689 8 0.0515 366 592 623 830 13 0.0515 442 587 703 821 11 0.0514 441 396 709 624 11 0.0514 314 595 566 831 7 0.0513 252 450 499 695 11 0.0506 242 520 495 749 2 0.0504 384 517 637 763 5 0.0503 311 215 582 440 10 0.0503 314 450 570 691 8 0.0503 433 656 679 891 6 0.0502 434 659 692 891
qynyJlZy3nitE9cSuWINWT5xbt9ZQ3Yx,11 0.0621 172 789 435 1023 7 0.0617 368 788 629 1023 11 0.0601 300 786 558 1015 8 0.0592 375 719 629 961 8 0.0573 178 784 427 1023 8 0.0569 304 782 551 1017 5 0.0568 301 781 557 1018 8 0.0562 497 263 746 505 11 0.0561 377 266 642 491 11 0.0560 494 212 756 446 11 0.0559 362 656 626 885 7 0.0540 172 785 435 1023 0 0.0536 298 783 558 1020 5 0.0535 172 782 432 1020 7 0.0532 574 90 837 329 11 0.0529 567 723 819 958 11 0.0525 563 145 831 379 8 0.0519 562 198 810 428 11 0.0518 44 801 314 1021 11 0.0517 429 342 701 568 3 0.0516 371 790 629 1023 7 0.0515 374 653 625 890 13 0.0515 308 788 568 1022 0 0.0513 497 268 751 506 3 0.0512 244 789 500 1023 7 0.0509 574 719 825 960 7 0.0509 313 715 575 960 5 0.0507 310 130 567 366 8 0.0506 502 713 749 953 5 0.0506 566 138 822 379 3 0.0505 566 197 817 439 8 0.0504 320 77 564 311 8 0.0503 308 656 555 887 0 0.0502 373 718 639 962 3 0.0502 385 267 639 502 7 0.0501 388 265 647 496 3 0.0501 504 264 749 512
ezA1GpokW7P2fAmzHV3V88ZqtsBwpLjh,11 0.0619 316 659 576 893 8 0.0588 319 658 565 894 11 0.0559 381 202 648 434 0 0.0544 317 659 574 897 11 0.0542 233 338 504 566 0 0.0535 375 140 640 374 7 0.0534 249 331 515 567 7 0.0534 324 657 577 895 5 0.0517 315 656 569 896 0 0.0516 241 340 507 568 11 0.0514 53 293 317 515 8 0.0513 380 200 638 437 7 0.0510 382 136 646 377 13 0.0505 383 138 650 375 6 0.0501 383 138 647 374
fiCs7MfOCnZbmpCs4gzFt7yIwxKLcBzF,0 0.0540 696 577 938 832 11 0.0525 247 253 505 489 11 0.0517 307 325 583 562 8 0.0502 696 576 931 830 11 0.0502 696 580 941 825
11mYGsBBMgrGwreJRSDaDqBRnXEmOsOk,11 0.0628 383 392 646 637 11 0.0621 619 546 885 778 11 0.0605 0 478 229 718 0 0.0598 511 518 762 764 5 0.0589 314 388 564 638 5 0.0576 385 515 634 777 11 0.0569 511 516 761 756 7 0.0569 516 513 765 758 11 0.0568 387 525 641 775 0 0.0563 390 522 643 778 0 0.0563 615 545 884 787 5 0.0562 455 450 706 691 8 0.0559 569 527 806 759 7 0.0559 393 522 645 779 0 0.0558 389 390 646 641 8 0.0557 458 453 699 695 11 0.0555 384 276 640 510 5 0.0554 384 328 642 575 3 0.0544 386 392 649 643 0 0.0541 0 478 229 721 11 0.0541 314 459 571 710 6 0.0539 391 336 655 581 7 0.0539 387 389 649 638 8 0.0538 386 388 637 639 8 0.0538 381 597 627 846 7 0.0537 621 545 884 783 8 0.0530 0 475 218 719 6 0.0529 460 457 713 693 3 0.0526 465 459 711 700 7 0.0526 319 457 572 711 0 0.0521 322 456 571 709 10 0.0521 386 527 642 776 3 0.0520 391 527 644 780 5 0.0517 614 539 878 782 6 0.0516 381 593 640 847 6 0.0513 622 544 890 778 10 0.0511 318 401 568 640 6 0.0509 322 396 575 639 2 0.0508 384 397 650 639 10 0.0507 509 519 756 760 10 0.0507 0 484 227 718 10 0.0505 619 548 880 780 3 0.0504 318 460 572 715 8 0.0503 320 455 563 708 13 0.0501 260 606 635 788 2 0.0501 572 534 819 758 9 0.0500 377 591 636 842 12 0.0500 392 522 641 778
3316VuzHZNRKmtvWTE4GMjq9I8MfmYi0,11 0.0564 565 425 826 650 0 0.0561 313 208 570 438 6 0.0535 315 216 574 438 0 0.0531 257 388 501 635 11 0.0520 337 538 699 737 11 0.0515 251 390 501 627 11 0.0515 373 212 624 433 7 0.0510 567 422 824 654 5 0.0506 304 206 566 435 8 0.0503 257 388 493 628 11 0.0503 248 272 500 490
vsAfUpoC9jrcjWpJwzxjJHe1o6jkhtKq,11 0.0723 454 528 702 762 8 0.0635 457 526 699 763 11 0.0618 253 391 522 633 11 0.0615 388 343 654 574 5 0.0614 381 143 641 379 0 0.0610 455 529 701 762 11 0.0607 377 589 621 818 8 0.0607 378 589 616 814 11 0.0605 373 20 655 248 5 0.0604 434 283 689 510 0 0.0602 387 346 652 577 8 0.0598 502 287 757 528 5 0.0597 174 310 434 549 11 0.0596 383 145 647 378 0 0.0588 257 391 521 638 11 0.0587 318 466 572 707 3 0.0587 465 528 703 768 11 0.0587 178 313 443 546 10 0.0585 185 499 435 716 7 0.0584 458 526 708 764 11 0.0583 306 82 578 316 11 0.0579 499 211 761 451 5 0.0576 495 208 752 453 7 0.0574 256 468 510 706 0 0.0570 438 85 700 324 8 0.0568 383 279 640 499 0 0.0566 313 82 578 320 7 0.0566 441 81 704 326 11 0.0566 238 158 515 386 13 0.0565 388 148 652 378 6 0.0564 458 530 711 760 10 0.0563 250 329 512 556 8 0.0563 382 75 636 313 8 0.0563 321 466 564 710 3 0.0562 447 342 702 582 8 0.0561 258 325 503 561 8 0.0561 191 393 428 630 0 0.0558 378 19 655 252 0 0.0558 321 470 572 710 7 0.0558 391 344 653 577 0 0.0556 247 159 512 392 5 0.0554 313 396 574 632 7 0.0553 322 398 582 643 8 0.0553 503 598 753 831 3 0.0550 320 397 578 646 13 0.0548 187 394 444 633 1 0.0548 379 142 645 382 0 0.0548 178 314 442 555 10 0.0548 379 81 643 309 6 0.0546 388 146 648 381 6 0.0546 452 346 712 575 3 0.0545 182 312 440 557 7 0.0543 184 311 443 551 8 0.0543 249 160 506 389 10 0.0540 244 163 514 389 5 0.0538 308 78 570 315 6 0.0538 317 79 580 318 11 0.0537 178 495 442 712 8 0.0536 119 326 373 573 11 0.0533 500 601 760 833 13 0.0533 458 530 708 764 5 0.0533 451 523 702 758 8 0.0533 172 249 433 485 5 0.0533 237 152 505 386 0 0.0532 378 590 621 819 3 0.0532 259 467 506 710 8 0.0530 282 1 638 149 6 0.0530 250 154 514 389 13 0.0530 502 212 763 455 11 0.0526 244 789 495 1009 2 0.0524 383 151 645 380 3 0.0522 382 78 645 317 1 0.0522 377 275 647 500 0 0.0521 501 213 759 457 6 0.0519 181 245 442 485 7 0.0518 249 155 516 391 9 0.0517 381 151 648 377 5 0.0516 374 14 648 247 5 0.0516 249 464 504 698 7 0.0516 314 81 581 321 11 0.0514 246 658 504 890 13 0.0513 322 399 589 642
qoIuRFNlPEbzgnFDvCsQZHmcL7Teff10,7 0.0532 307 328 569 552 11 0.0523 339 488 711 653 11 0.0515 299 386 569 617 3 0.0501 303 385 570 626
0bp7r9AOA1fuYlKVb7D7KWKQaYTToRQM,11 0.0666 449 677 813 854 11 0.0664 316 664 572 898 8 0.0654 23 602 364 787 0 0.0644 317 663 572 902 0 0.0637 22 603 372 791 11 0.0636 619 673 894 901 5 0.0635 619 669 886 897 7 0.0633 23 604 370 791 8 0.0631 570 590 821 826 0 0.0629 568 590 826 825 5 0.0620 568 587 823 823 8 0.0615 628 671 889 900 7 0.0613 576 590 829 824 8 0.0611 319 661 565 901 11 0.0608 508 529 756 761 5 0.0605 18 603 367 788 11 0.0601 247 728 513 953 8 0.0594 253 726 504 958 6 0.0594 626 672 893 902 8 0.0593 379 725 620 965 7 0.0592 320 660 577 899 11 0.0590 20 606 373 788 6 0.0590 507 665 765 901 6 0.0588 573 593 827 828 0 0.0585 507 527 759 761 3 0.0584 24 604 369 793 8 0.0581 512 531 753 763 6 0.0579 22 606 378 788 0 0.0572 625 670 893 902 11 0.0571 376 729 625 963 7 0.0567 626 669 895 900 10 0.0564 570 592 823 824 2 0.0563 574 593 826 825 5 0.0559 309 721 562 956 2 0.0558 27 609 372 790 5 0.0556 508 525 755 758 0 0.0553 251 726 513 956 3 0.0551 574 590 826 830 3 0.0549 625 668 891 905 13 0.0549 254 727 516 960 13 0.0547 321 663 578 899 13 0.0544 574 591 832 826 10 0.0543 21 607 368 790 0 0.0539 378 728 628 967 7 0.0539 515 529 762 761 6 0.0538 514 534 760 763 6 0.0535 380 672 642 903 1 0.0533 16 602 374 789 3 0.0532 510 663 764 906 3 0.0530 321 661 572 904 12 0.0528 627 669 894 903 7 0.0528 380 726 631 968 13 0.0525 515 534 766 763 5 0.0525 374 667 634 900 3 0.0524 255 727 514 965 10 0.0520 317 665 572 898 12 0.0519 572 588 825 827 2 0.0518 515 533 757 760 10 0.0517 512 530 755 760 9 0.0509 17 606 370 787 13 0.0509 27 606 377 791 7 0.0508 253 726 517 959 9 0.0508 569 590 825 823 12 0.0508 22 603 373 789 10 0.0508 623 675 893 898 1 0.0504 566 584 827 825 13 0.0502 630 671 899 900
qmmaVGOO7gc4SNcHUPQc1FoAQj7K6GJD,11 0.0577 572 401 829 621 8 0.0576 576 401 818 624 11 0.0544 445 333 699 566 0 0.0539 575 398 825 626 5 0.0538 315 192 567 420 3 0.0534 578 399 830 629 13 0.0533 575 402 834 626 7 0.0532 574 400 826 622 5 0.0526 569 397 821 623 6 0.0519 376 275 646 498 5 0.0518 437 0 701 229 11 0.0512 307 337 579 573 5 0.0512 441 209 698 441 6 0.0507 577 324 833 554 0 0.0507 382 58 644 311 5 0.0504 308 327 577 570
eJFlRdydSpKZALX7oUC5kp18wi68pxhz,11 0.0603 324 340 573 579 11 0.0587 255 593 503 814 0 0.0573 190 597 435 834 0 0.0569 259 340 503 575 0 0.0563 264 463 510 701 11 0.0556 310 537 577 761 7 0.0552 259 591 508 818 8 0.0549 265 460 504 696 11 0.0544 369 271 621 498 8 0.0543 190 598 429 833 6 0.0542 383 107 646 330 8 0.0542 325 392 568 634 7 0.0537 382 107 644 340 8 0.0532 312 533 567 763 0 0.0527 324 396 573 643 7 0.0519 314 530 579 763 5 0.0518 258 458 510 693 3 0.0516 323 605 584 830 0 0.0515 311 535 574 766 8 0.0515 381 110 634 332 3 0.0510 266 463 511 701 7 0.0507 324 389 583 634 8 0.0507 257 335 498 570 5 0.0506 254 592 499 812 13 0.0502 262 596 509 819 6 0.0501 266 400 521 629
aKDBZAkoQQZ88iCDrg94TRdW6NRd9NAM,5 0.0619 319 525 569 768 8 0.0603 332 585 573 835 0 0.0599 321 529 573 774 5 0.0592 246 453 503 700 6 0.0589 249 529 498 754 5 0.0588 375 271 633 505 0 0.0584 244 343 499 583 3 0.0576 324 533 570 777 8 0.0574 378 207 640 445 7 0.0573 251 453 506 700 5 0.0572 307 391 569 636 8 0.0570 451 280 704 512 13 0.0568 380 339 651 576 6 0.0564 456 282 714 512 7 0.0564 454 279 715 510 11 0.0557 374 337 646 570 11 0.0556 452 285 708 507 3 0.0555 375 400 638 639 8 0.0554 377 335 638 574 8 0.0552 248 528 486 761 6 0.0551 331 583 589 831 3 0.0549 459 288 710 517 11 0.0548 376 210 647 443 11 0.0547 251 462 504 695 7 0.0547 328 583 589 836 11 0.0546 320 532 574 771 11 0.0543 308 397 569 638 11 0.0542 318 137 581 373 0 0.0540 312 398 570 640 11 0.0536 436 413 713 637 11 0.0535 568 353 827 573 8 0.0533 313 268 551 512 0 0.0532 251 458 507 699 0 0.0532 393 589 663 836 5 0.0531 440 134 707 373 8 0.0530 323 136 571 376 0 0.0529 309 273 562 511 7 0.0528 376 334 647 574 3 0.0528 255 458 502 706 0 0.0525 375 338 649 574 0 0.0524 759 426 1020 620 6 0.0522 577 347 833 579 13 0.0521 379 212 653 447 8 0.0521 317 392 563 640 0 0.0519 565 351 831 576 13 0.0519 314 274 567 515 13 0.0518 326 533 579 774 13 0.0518 253 341 508 587 7 0.0517 377 209 647 446 8 0.0515 446 142 704 373 3 0.0515 381 213 649 450 11 0.0511 444 142 708 373 5 0.0509 432 402 710 636 7 0.0506 244 340 501 586 0 0.0504 453 284 709 510 7 0.0504 63 678 455 849 13 0.0503 457 284 717 511 2 0.0502 374 340 645 573 7 0.0501 311 271 562 510 0 0.0501 375 210 645 446 6 0.0501 380 212 651 444 13 0.0501 259 459 514 701 2 0.0500 249 533 493 760 8 0.0500 245 336 488 585
leAY3diClIxzKHqiDCMLoyGK3EywChcG,11 0.0608 450 7 709 237 0 0.0599 443 288 694 525 11 0.0598 438 460 696 697 6 0.0588 444 460 701 699 8 0.0587 440 285 688 522 5 0.0585 435 587 697 839 8 0.0583 513 459 771 708 0 0.0582 511 214 771 452 11 0.0582 501 405 762 638 0 0.0578 500 408 765 642 3 0.0577 446 591 703 845 11 0.0577 363 514 628 749 11 0.0572 435 595 700 836 7 0.0568 377 213 642 449 11 0.0566 377 153 648 387 11 0.0566 441 288 696 521 0 0.0563 370 217 637 450 8 0.0563 443 591 690 840 5 0.0561 308 216 571 458 7 0.0560 445 287 696 525 11 0.0560 565 22 817 254 11 0.0559 307 222 581 454 6 0.0557 445 286 699 523 8 0.0555 370 517 618 749 6 0.0554 450 3 717 237 7 0.0554 503 404 766 641 8 0.0550 386 10 636 248 7 0.0548 448 593 701 840 11 0.0545 182 277 442 505 13 0.0545 572 21 823 253 3 0.0545 444 289 697 530 11 0.0544 507 214 773 447 2 0.0543 503 414 767 644 13 0.0542 519 466 781 708 3 0.0542 310 223 575 464 0 0.0540 442 593 699 841 7 0.0540 372 516 638 750 5 0.0540 378 6 642 243 8 0.0537 375 711 620 958 5 0.0536 441 283 691 523 10 0.0536 309 228 576 454 10 0.0533 440 291 695 521 13 0.0533 389 10 649 251 3 0.0533 299 511 551 759 6 0.0533 316 223 580 458 3 0.0532 506 407 766 646 13 0.0531 377 216 645 451 7 0.0530 446 770 699 1012 11 0.0528 430 716 689 952 7 0.0527 632 20 891 262 6 0.0526 446 593 699 839 5 0.0525 437 455 694 699 0 0.0524 178 276 441 508 10 0.0524 443 596 697 838 3 0.0521 390 12 646 253 13 0.0520 505 285 767 513 8 0.0519 310 578 554 821 11 0.0518 303 573 564 821 8 0.0517 184 274 438 509 8 0.0515 306 221 570 457 6 0.0513 568 21 822 255 7 0.0510 378 714 629 961 2 0.0508 445 293 695 525 13 0.0507 307 774 568 1017 10 0.0506 381 156 648 385 7 0.0506 455 3 716 237 0 0.0506 629 24 885 260 5 0.0504 290 508 545 752 0 0.0502 432 711 688 958 0 0.0501 291 514 553 750 3 0.0500 572 23 819 264
gPSwBkDN1OGT3PRgvBG8dan9HfPjDFgA,5 0.0527 0 348 282 571 0 0.0526 1 545 252 796 8 0.0520 327 289 564 517 11 0.0519 320 295 575 518 11 0.0514 170 733 429 964
cPo24T9u7353gFsbmgwh56gUnGKhtgvA,7 0.0650 376 329 644 574 5 0.0643 370 327 636 573 7 0.0630 442 271 699 505 5 0.0621 245 338 510 578 7 0.0618 249 343 515 579 8 0.0602 374 330 631 572 11 0.0596 371 332 637 570 5 0.0595 244 204 502 434 11 0.0588 245 345 514 575 8 0.0585 251 341 506 576 6 0.0578 518 524 764 774 5 0.0578 432 269 691 503 7 0.0577 253 204 507 436 6 0.0575 253 341 515 576 3 0.0574 248 340 509 581 0 0.0569 247 341 512 580 7 0.0568 518 517 764 773 11 0.0566 436 274 694 503 6 0.0565 376 332 640 575 11 0.0565 514 522 763 766 13 0.0554 253 342 518 582 2 0.0553 373 337 639 575 8 0.0550 514 521 755 772 0 0.0550 249 206 504 440 3 0.0548 374 329 638 578 6 0.0545 258 207 506 436 10 0.0544 250 349 512 576 0 0.0542 371 329 637 574 11 0.0541 247 725 505 974 8 0.0533 128 196 383 432 3 0.0531 251 208 502 442 10 0.0530 371 336 641 573 13 0.0530 376 335 648 577 6 0.0529 203 136 459 362 7 0.0526 255 723 507 979 6 0.0524 132 197 398 432 2 0.0524 252 347 512 574 11 0.0520 251 209 503 432 5 0.0520 251 717 502 975 11 0.0518 125 197 388 431 13 0.0517 130 199 403 435 3 0.0516 519 524 762 778 10 0.0513 516 523 761 771 13 0.0511 255 210 510 441 7 0.0511 133 196 396 430 8 0.0511 254 208 496 436 13 0.0509 516 524 769 772 10 0.0509 434 276 701 506 0 0.0509 253 717 507 980 13 0.0509 258 727 512 979 5 0.0508 511 516 759 769 0 0.0508 514 522 760 773 6 0.0508 443 277 699 506 9 0.0508 368 334 636 570 1 0.0503 245 342 509 576 5 0.0502 118 192 383 430
YGpKI4RdvRz6xnRzSgHBbwmmKHEFIv0e,11 0.0607 461 272 711 517 11 0.0597 574 352 826 578 0 0.0588 307 591 565 837 11 0.0579 443 590 700 825 0 0.0575 460 485 824 666 11 0.0575 432 466 695 700 11 0.0571 182 404 445 641 13 0.0569 438 464 699 704 7 0.0561 465 267 716 520 8 0.0561 460 274 705 524 11 0.0561 307 595 565 832 6 0.0558 466 275 716 523 8 0.0558 464 485 812 664 0 0.0556 376 529 628 773 8 0.0555 309 594 556 833 8 0.0555 182 333 442 578 8 0.0555 577 356 818 582 11 0.0554 375 535 633 769 11 0.0553 172 275 447 512 0 0.0549 315 96 565 327 0 0.0548 579 355 829 581 11 0.0545 312 92 570 322 10 0.0545 578 356 822 576 7 0.0543 189 456 438 698 7 0.0541 255 524 497 755 0 0.0539 461 274 712 524 13 0.0539 379 533 634 774 13 0.0539 449 588 702 829 5 0.0538 184 398 443 643 5 0.0535 440 580 697 827 7 0.0535 439 464 694 703 0 0.0535 179 273 446 510 8 0.0534 378 663 632 901 5 0.0533 310 87 562 323 8 0.0531 140 287 469 466 11 0.0531 386 23 650 248 8 0.0530 185 457 429 697 8 0.0528 378 535 620 768 7 0.0527 351 674 708 849 6 0.0526 187 335 448 579 6 0.0526 580 354 828 580 10 0.0525 177 342 444 577 0 0.0524 445 585 698 828 0 0.0524 190 402 445 645 2 0.0524 466 279 713 522 8 0.0523 444 588 688 826 2 0.0522 375 538 629 771 5 0.0520 266 610 635 790 3 0.0519 468 275 714 527 3 0.0519 448 587 697 833 6 0.0515 380 534 631 770 7 0.0515 311 594 567 832 5 0.0513 457 267 706 520 6 0.0513 437 466 696 701 5 0.0513 170 271 442 512 5 0.0512 430 22 695 255 11 0.0511 250 528 499 755 3 0.0511 183 337 445 586 0 0.0511 344 740 708 918 13 0.0510 179 276 451 516 13 0.0508 189 456 445 701 10 0.0508 306 532 558 762 3 0.0506 440 465 693 706 6 0.0506 320 97 568 326 13 0.0506 312 592 569 839 0 0.0505 252 526 496 761 13 0.0504 465 273 722 521 5 0.0504 574 351 822 577 6 0.0503 149 290 484 465 7 0.0503 320 89 570 329 10 0.0502 461 277 711 521 10 0.0501 316 97 563 325 13 0.0500 253 524 502 761
bc9zXNm6EYhNg7QLHaoYjHAZq8nRGB7V,11 0.0624 183 142 448 381 5 0.0597 184 138 444 379 0 0.0586 186 144 448 382 11 0.0573 326 393 580 626 7 0.0553 439 197 675 438 7 0.0544 336 392 586 628 7 0.0536 191 140 453 382 0 0.0533 439 197 666 436 8 0.0533 191 141 441 384 13 0.0531 193 139 456 386 0 0.0528 328 393 581 633 3 0.0527 335 394 583 635 5 0.0523 436 191 666 432 3 0.0522 191 140 448 388 11 0.0521 438 198 672 435 11 0.0518 398 467 637 694 10 0.0508 191 145 448 381
dj9lwEWdZXL1RebULN8F1pEhrRxcs2ti,5 0.0560 561 397 823 629 11 0.0551 503 351 761 579 0 0.0538 507 352 757 587 8 0.0523 569 398 817 629 13 0.0518 512 350 762 585 7 0.0516 442 334 696 563 6 0.0510 634 404 886 642 3 0.0510 513 350 755 589 5 0.0507 300 21 554 257 13 0.0504 308 29 570 254 0 0.0504 563 287 822 522 8 0.0502 449 388 686 623
j4392jX8My9LURzBgliRhPVQN5YSaySK,11 0.0576 506 443 755 669 8 0.0574 516 390 759 620 8 0.0550 248 268 497 498 11 0.0549 239 269 509 494 11 0.0543 245 389 509 637 5 0.0533 175 146 431 383 6 0.0533 266 73 515 311 3 0.0533 256 390 503 646 0 0.0531 245 271 511 501 0 0.0530 446 455 687 687 13 0.0526 179 150 443 390 5 0.0522 321 63 580 305 8 0.0519 452 453 682 685 7 0.0517 453 450 694 690 11 0.0516 288 519 544 759 6 0.0515 252 265 513 498 11 0.0513 174 154 435 383 7 0.0512 255 385 510 647 0 0.0512 262 76 511 313 8 0.0510 181 150 428 386 3 0.0509 248 272 506 506 8 0.0508 623 350 879 575 13 0.0507 509 444 761 674 8 0.0505 564 281 819 518 5 0.0505 246 205 501 431 8 0.0504 513 523 751 753 13 0.0504 262 72 519 311 11 0.0503 255 74 514 307
xn46hQsdzh1LY2zkCYLVglthSmWempNV,3 0.0587 318 0 568 208 6 0.0583 258 136 515 386 13 0.0582 324 0 578 203 11 0.0581 314 3 571 202 0 0.0580 315 0 575 204 6 0.0575 320 71 573 315 11 0.0574 253 138 512 384 8 0.0573 319 0 565 204 10 0.0570 316 5 571 201 0 0.0568 372 76 635 314 3 0.0562 255 205 510 453 7 0.0558 323 0 574 204 11 0.0557 374 79 635 308 5 0.0556 172 319 433 574 0 0.0555 252 137 511 389 11 0.0555 243 268 516 506 7 0.0550 257 137 513 388 5 0.0548 249 133 508 386 8 0.0544 245 271 506 507 10 0.0543 374 80 637 309 5 0.0541 312 0 567 200 8 0.0537 376 77 625 312 8 0.0533 258 141 503 383 5 0.0531 241 264 513 504 3 0.0528 191 131 447 386 13 0.0525 257 136 520 390 7 0.0523 199 61 449 306 13 0.0523 250 270 524 511 10 0.0523 253 75 508 314 0 0.0521 244 271 516 509 11 0.0520 189 64 446 305 5 0.0517 119 248 376 502 6 0.0516 183 258 439 501 10 0.0515 186 132 445 376 13 0.0506 184 324 445 583 8 0.0506 181 325 431 581 13 0.0503 196 59 453 302 12 0.0501 318 76 570 316
mFJb19KrzSwF27VXwHz76odNzSz9uPan,8 0.0609 305 358 555 589 11 0.0609 391 461 635 686 11 0.0594 375 219 625 457 5 0.0575 304 350 557 593 8 0.0572 365 299 619 529 0 0.0572 429 283 696 529 0 0.0564 378 358 643 596 11 0.0563 371 658 636 888 7 0.0563 318 660 585 899 7 0.0556 383 356 645 594 11 0.0555 301 82 554 321 6 0.0553 301 3 550 212 11 0.0551 307 360 561 587 11 0.0548 295 1 550 212 0 0.0546 312 10 559 261 5 0.0545 440 342 704 586 0 0.0545 374 221 624 462 11 0.0543 200 718 450 941 8 0.0543 314 228 550 455 13 0.0542 456 418 716 647 0 0.0541 451 417 709 649 11 0.0540 310 802 564 1021 8 0.0537 387 416 640 643 11 0.0536 259 463 488 693 8 0.0536 445 2 685 239 8 0.0534 320 662 572 895 6 0.0534 454 419 711 645 13 0.0531 322 660 589 898 0 0.0529 442 3 693 246 6 0.0527 316 230 560 457 13 0.0526 316 803 571 1023 3 0.0524 319 11 558 267 10 0.0523 361 307 628 532 7 0.0523 379 217 632 459 7 0.0522 302 0 549 213 10 0.0522 303 363 561 590 6 0.0522 379 657 638 892 5 0.0520 383 409 642 643 3 0.0519 393 417 646 649 6 0.0519 311 363 567 590 0 0.0518 310 796 566 1023 7 0.0517 206 715 454 944 13 0.0516 204 718 461 946 7 0.0515 527 396 770 630 5 0.0514 311 651 580 892 5 0.0513 440 0 693 242 13 0.0513 382 9 640 253 2 0.0512 393 467 633 692 10 0.0508 312 233 557 454 0 0.0506 375 655 634 892 3 0.0504 448 4 691 249 5 0.0504 307 224 553 459 0 0.0504 203 715 449 946
J0dmn4a45NFOBoZLlgHfrqzs9zdtOb6M,11 0.0644 321 206 584 428 5 0.0595 246 345 507 574 8 0.0591 567 347 815 572 5 0.0579 562 341 820 571 11 0.0578 260 265 518 494 6 0.0576 326 204 586 424 0 0.0574 320 202 581 426 8 0.0571 254 349 504 575 8 0.0570 324 270 578 497 0 0.0568 262 263 519 499 0 0.0566 382 134 637 370 11 0.0565 625 290 899 509 11 0.0556 193 352 448 574 6 0.0552 259 351 514 575 7 0.0548 327 269 588 503 11 0.0546 569 350 825 569 11 0.0543 244 145 512 364 3 0.0539 570 348 827 580 10 0.0539 324 276 587 499 3 0.0538 326 200 580 433 10 0.0536 253 353 511 576 5 0.0535 309 196 576 420 0 0.0530 628 294 897 517 11 0.0528 381 134 640 369 6 0.0527 626 363 882 582 13 0.0525 325 201 594 426 13 0.0523 262 267 525 498 7 0.0521 384 133 639 372 5 0.0515 371 125 627 362 3 0.0512 257 349 512 584 5 0.0509 624 284 890 511 10 0.0508 564 349 826 574 9 0.0507 564 350 823 568 8 0.0505 632 292 889 515 13 0.0504 571 350 829 573 8 0.0504 382 131 624 364 7 0.0500 258 347 515 577 6 0.0500 134 351 382 561
QBhaw5ynF5aBo1B6HjVgfob6k6gP3yjB,11 0.0609 321 549 575 776 11 0.0598 434 672 692 901 5 0.0585 392 550 636 785 8 0.0585 395 561 636 785 0 0.0577 407 330 648 577 5 0.0575 323 466 565 703 11 0.0569 323 401 566 633 7 0.0567 328 475 576 710 11 0.0560 458 557 712 786 11 0.0558 402 472 646 708 7 0.0551 409 401 655 646 0 0.0547 323 395 567 640 7 0.0545 266 541 532 780 3 0.0545 459 606 700 845 6 0.0539 397 558 648 786 8 0.0536 190 540 457 780 0 0.0536 323 550 579 781 7 0.0534 401 556 651 787 6 0.0533 267 544 534 776 5 0.0533 361 714 616 960 0 0.0533 448 606 703 838 5 0.0532 401 395 644 635 8 0.0530 370 718 613 961 13 0.0528 329 550 583 778 13 0.0528 196 540 475 780 10 0.0527 400 559 646 785 11 0.0524 405 333 643 567 11 0.0523 364 722 620 957 7 0.0522 480 472 729 711 13 0.0518 371 719 625 960 5 0.0517 186 533 457 776 11 0.0515 474 417 722 643 2 0.0515 329 553 577 779 5 0.0511 319 326 563 559 11 0.0511 187 543 463 777 7 0.0509 369 719 624 961 2 0.0507 454 611 701 839 6 0.0506 327 477 581 707 8 0.0500 325 394 564 635 5 0.0500 512 535 764 775
jNh05H3LPoK6uBSINBv4y04RjdhlHqse,11 0.0631 180 720 440 952 11 0.0630 249 794 503 1020 5 0.0624 180 716 440 954 8 0.0601 87 866 442 1023 8 0.0584 184 720 434 956 0 0.0577 87 866 449 1023 11 0.0568 82 866 453 1023 13 0.0563 255 789 508 1023 0 0.0557 249 790 504 1023 8 0.0557 248 790 497 1021 0 0.0552 208 0 576 150 11 0.0545 565 152 835 372 3 0.0545 90 867 449 1023 5 0.0543 245 785 501 1019 6 0.0541 85 795 449 969 7 0.0540 252 789 508 1023 0 0.0539 212 733 553 911 8 0.0537 570 153 824 376 5 0.0537 79 862 444 1022 0 0.0536 242 343 502 582 6 0.0536 253 791 505 1020 7 0.0535 184 721 444 954 5 0.0535 566 143 826 379 5 0.0533 232 335 500 580 7 0.0526 92 863 462 1023 11 0.0526 211 2 580 146 10 0.0522 178 725 439 956 7 0.0522 393 2 644 257 6 0.0515 216 2 588 149 9 0.0513 82 865 448 1021 3 0.0513 252 792 501 1023 3 0.0513 185 722 438 960 10 0.0510 250 796 503 1020 0 0.0510 570 153 833 378 8 0.0502 210 2 572 149 10 0.0501 81 867 450 1022
zDBwmAMFzNkxkvDFit2gQ6C1Qmx7sSrK,0 0.0659 262 705 499 957 7 0.0654 262 708 501 957 11 0.0638 258 710 499 953 5 0.0632 256 704 497 954 7 0.0603 381 709 637 962 8 0.0601 263 707 494 954 8 0.0596 503 712 758 952 7 0.0593 506 711 771 951 11 0.0586 569 644 814 878 11 0.0583 374 712 634 962 11 0.0583 636 796 890 1019 10 0.0582 247 653 500 895 8 0.0579 640 792 884 1023 6 0.0575 262 710 501 955 11 0.0575 500 718 764 951 8 0.0571 380 779 616 1022 5 0.0569 500 715 756 947 0 0.0567 638 797 891 1023 6 0.0562 383 709 636 966 5 0.0561 375 779 620 1017 8 0.0560 570 641 807 885 13 0.0555 263 709 504 957 0 0.0555 501 716 762 954 2 0.0555 261 712 500 956 0 0.0552 379 707 630 964 6 0.0549 506 716 766 952 13 0.0547 382 788 630 1023 5 0.0546 631 795 885 1018 10 0.0544 321 705 567 956 3 0.0540 263 707 500 959 7 0.0539 638 794 896 1023 13 0.0529 636 798 897 1023 0 0.0526 572 647 817 882 13 0.0521 508 717 769 951 7 0.0516 577 637 822 880 9 0.0515 257 711 499 951 3 0.0511 510 714 765 957 10 0.0511 378 785 626 1021 12 0.0509 263 707 499 957 9 0.0509 376 788 625 1018 3 0.0506 382 784 626 1023 1 0.0504 259 703 499 956
37KPDEnzuBUP18Q8jVbPToZEuhjqjrtp,0 0.0599 437 661 693 903 0 0.0585 527 665 889 860 0 0.0578 482 544 821 725 7 0.0563 534 659 892 859 5 0.0560 525 663 882 856 11 0.0556 524 666 883 854 7 0.0552 234 720 494 953 6 0.0550 538 665 888 856 8 0.0550 438 661 682 899 11 0.0547 434 666 691 897 11 0.0542 123 808 495 990 11 0.0536 0 562 244 793 8 0.0532 135 802 482 989 5 0.0531 433 662 685 898 6 0.0525 231 722 498 954 11 0.0523 477 543 819 723 5 0.0520 225 717 488 950 13 0.0517 132 806 501 994 0 0.0516 0 558 242 798 3 0.0515 438 663 691 905 10 0.0514 525 668 883 858 8 0.0514 533 667 879 856 3 0.0512 532 666 886 863 6 0.0510 439 661 694 898 8 0.0500 479 541 811 724
Em48yIxS436Oi5YrDTaMT40weBNle2Ws,11 0.0638 240 445 494 691 7 0.0619 388 591 645 842 13 0.0615 325 531 584 776 0 0.0608 249 590 509 840 5 0.0600 241 443 496 690 5 0.0600 243 585 504 833 11 0.0598 240 731 507 955 8 0.0596 250 588 501 837 11 0.0595 177 591 436 829 0 0.0594 186 721 448 955 0 0.0589 384 591 638 843 11 0.0586 381 594 642 838 5 0.0583 381 587 637 839 7 0.0581 244 395 492 636 6 0.0578 182 589 442 830 13 0.0577 184 589 444 834 7 0.0576 249 588 512 835 0 0.0572 320 527 577 777 10 0.0570 181 596 436 830 8 0.0570 187 719 440 951 5 0.0568 317 528 575 774 11 0.0568 316 532 576 774 6 0.0567 251 667 516 899 3 0.0565 389 590 638 845 0 0.0565 246 447 494 696 6 0.0564 391 523 642 769 8 0.0560 244 446 486 694 8 0.0560 388 591 635 840 5 0.0557 421 789 689 1022 13 0.0555 389 591 647 838 13 0.0554 255 668 519 900 3 0.0550 249 590 507 841 7 0.0548 248 730 512 959 5 0.0545 240 724 503 956 11 0.0545 364 798 628 1014 10 0.0542 320 536 577 772 8 0.0542 325 530 569 774 0 0.0539 511 395 761 638 2 0.0536 389 525 641 768 11 0.0536 191 798 454 1023 0 0.0535 388 453 637 710 11 0.0534 510 391 761 633 13 0.0533 392 451 645 708 10 0.0533 249 674 512 900 11 0.0533 384 453 635 704 7 0.0528 323 529 581 776 6 0.0525 197 798 457 1023 2 0.0524 251 595 509 837 10 0.0523 389 599 642 838 5 0.0523 381 448 635 706 3 0.0522 320 529 579 783 3 0.0522 246 450 492 698 6 0.0520 247 447 499 694 3 0.0518 247 730 507 963 13 0.0516 202 795 463 1023 7 0.0514 391 447 642 711 10 0.0513 242 451 494 692 6 0.0511 514 393 768 637 8 0.0510 370 794 623 1016 12 0.0507 254 667 514 900 13 0.0507 245 448 500 696 1 0.0507 318 522 578 775 3 0.0507 390 456 639 714 8 0.0506 390 453 629 707 0 0.0506 367 797 635 1022 7 0.0506 429 794 699 1023 13 0.0504 376 796 643 1017
pHNMofmTBRa1BbovFYVENLEXVMkaYQ5S,11 0.0642 373 460 636 696 7 0.0634 283 417 627 607 8 0.0618 379 388 631 622 5 0.0617 366 520 632 768 5 0.0601 239 517 511 773 3 0.0599 380 388 641 624 8 0.0594 208 421 545 599 5 0.0592 193 419 556 595 5 0.0591 374 382 634 617 11 0.0590 202 421 561 595 11 0.0588 504 2 883 150 6 0.0588 383 391 640 623 0 0.0587 379 389 638 622 2 0.0577 283 421 625 603 11 0.0571 627 450 908 687 13 0.0570 284 417 643 605 11 0.0568 305 522 569 762 8 0.0560 377 525 624 771 8 0.0560 311 454 563 692 8 0.0554 311 591 573 839 0 0.0552 310 451 565 694 3 0.0550 310 455 570 695 7 0.0550 191 389 457 628 9 0.0549 375 391 637 618 6 0.0549 375 526 635 772 0 0.0548 510 1 884 150 6 0.0545 314 455 571 690 7 0.0540 310 521 573 769 8 0.0539 507 1 870 148 6 0.0538 324 320 591 542 13 0.0538 379 526 640 772 5 0.0537 507 0 877 150 11 0.0535 321 318 588 542 0 0.0531 370 527 631 775 8 0.0531 187 461 446 710 7 0.0531 512 0 883 152 0 0.0531 318 316 585 542 10 0.0530 315 396 576 616 3 0.0527 374 529 632 777 5 0.0526 623 442 908 690 6 0.0526 517 1 887 148 8 0.0524 319 318 575 545 5 0.0519 693 328 949 566 12 0.0519 282 418 625 602 3 0.0519 319 318 585 552 13 0.0519 517 0 891 151 6 0.0515 251 527 514 776 10 0.0514 375 464 639 699 7 0.0514 322 313 589 549 3 0.0513 508 0 884 154 7 0.0509 242 601 518 849 11 0.0502 692 335 951 567
pX1fx68u9wqRdCj58pBMuB2jRZCgQLmU,0 0.0620 331 17 583 254 5 0.0613 266 154 521 398 5 0.0605 135 125 393 386 11 0.0598 388 21 639 256 11 0.0597 262 16 510 253 11 0.0596 321 85 577 317 8 0.0596 323 84 565 318 13 0.0594 138 206 403 448 8 0.0593 207 135 446 399 0 0.0589 276 85 523 328 6 0.0587 332 21 589 252 8 0.0584 439 18 687 254 0 0.0583 207 136 455 399 5 0.0581 432 9 689 253 11 0.0575 201 138 457 392 6 0.0572 276 88 525 329 13 0.0569 440 17 699 251 7 0.0568 335 22 584 250 13 0.0568 212 70 461 321 5 0.0567 324 14 578 249 3 0.0566 393 19 636 264 0 0.0564 440 19 696 258 0 0.0555 207 5 447 246 6 0.0555 442 21 703 255 5 0.0553 194 211 446 463 7 0.0548 210 131 462 396 13 0.0546 276 159 533 399 0 0.0546 512 279 762 506 8 0.0541 575 283 824 519 7 0.0541 515 330 769 568 5 0.0541 579 3 843 238 8 0.0537 266 15 499 255 6 0.0536 146 131 402 390 5 0.0532 571 280 829 520 3 0.0528 518 4 772 258 0 0.0526 318 224 586 462 3 0.0526 328 81 575 325 5 0.0525 203 68 454 319 10 0.0524 267 163 523 397 7 0.0524 515 1 768 253 8 0.0523 583 4 835 247 8 0.0522 134 200 386 449 10 0.0522 206 7 444 244 11 0.0522 575 287 834 517 7 0.0521 217 4 452 243 13 0.0518 585 287 839 521 10 0.0517 142 133 391 386 6 0.0516 203 213 451 463 11 0.0516 511 5 770 250 2 0.0513 265 22 507 254 3 0.0513 208 139 455 404 2 0.0512 440 27 693 253 0 0.0512 634 229 884 451 8 0.0511 186 452 421 699 8 0.0510 321 229 569 456 9 0.0509 385 26 633 252 7 0.0509 188 445 438 697 10 0.0506 322 90 575 322 11 0.0505 128 207 400 445 3 0.0504 270 14 510 264 0 0.0503 200 328 453 575 6 0.0503 588 8 851 243 6 0.0500 212 8 453 246
ATzYd6e7020tfudNBpzGZz9ZGd60GufL,11 0.0649 517 459 755 696 11 0.0641 306 448 561 690 11 0.0628 377 399 636 635 7 0.0627 383 458 632 706 11 0.0626 449 523 707 764 7 0.0613 520 455 759 701 8 0.0612 379 462 627 703 5 0.0609 341 480 710 664 0 0.0607 514 457 757 700 6 0.0604 409 553 776 729 7 0.0601 454 517 711 770 8 0.0598 514 454 753 700 8 0.0596 308 512 555 760 5 0.0594 310 387 562 630 11 0.0591 617 602 873 831 0 0.0589 637 526 885 764 0 0.0589 379 399 637 638 5 0.0587 401 549 766 728 8 0.0585 402 553 768 728 3 0.0585 416 491 779 667 8 0.0584 316 388 558 633 13 0.0583 624 601 882 830 6 0.0583 626 600 879 831 3 0.0578 382 401 636 642 9 0.0578 515 458 757 695 11 0.0573 235 2 504 202 0 0.0571 376 511 630 757 13 0.0568 312 448 567 695 13 0.0564 513 519 764 766 9 0.0562 399 553 774 726 6 0.0559 383 398 641 636 7 0.0554 316 386 568 632 7 0.0553 636 526 889 768 13 0.0552 379 512 637 758 8 0.0551 624 602 869 832 13 0.0549 413 490 784 661 0 0.0549 308 447 562 695 5 0.0546 613 597 873 830 2 0.0545 349 488 712 664 8 0.0545 353 613 710 788 11 0.0538 572 399 829 637 3 0.0537 451 580 710 834 6 0.0536 311 448 565 693 10 0.0535 515 459 757 702 8 0.0535 577 396 824 643 1 0.0532 376 454 628 706 3 0.0532 625 599 875 839 3 0.0532 309 452 559 696 0 0.0530 444 579 707 827 7 0.0529 311 510 564 763 5 0.0527 239 0 496 199 0 0.0525 575 402 833 648 13 0.0524 580 400 836 644 13 0.0524 382 397 643 639 12 0.0524 522 454 760 697 10 0.0522 343 489 716 666 10 0.0521 311 394 561 632 12 0.0521 407 550 775 727 12 0.0520 349 484 715 665 8 0.0519 241 0 492 201 6 0.0519 637 467 888 707 10 0.0519 620 606 876 827 2 0.0518 514 526 759 766 3 0.0516 379 518 632 763 2 0.0513 621 606 874 834 9 0.0512 376 401 637 632 1 0.0511 398 550 773 730 6 0.0510 179 2 437 212 7 0.0505 375 648 638 896
sSnolPcV6EVsttZ1xiluAyp2ZOSuk3hw,11 0.0582 502 336 766 567 8 0.0568 465 300 815 477 11 0.0565 565 415 825 642 0 0.0559 565 415 823 645 3 0.0535 476 299 819 484 5 0.0533 561 410 816 646 0 0.0531 466 298 821 478 8 0.0527 562 415 816 641 3 0.0524 569 413 823 650 6 0.0523 510 337 764 572 13 0.0521 565 415 830 642 0 0.0520 318 67 561 323 5 0.0518 557 532 819 773 5 0.0514 254 135 491 377 2 0.0507 565 422 821 647 7 0.0506 469 297 828 481 0 0.0505 244 202 484 450 0 0.0504 569 539 828 778 7 0.0501 569 410 825 648
sqXrEXqk0jbBhe4VpMcQKWf5usSpQ6uO,8 0.0631 326 88 566 330 8 0.0607 244 16 493 258 3 0.0602 399 82 636 331 0 0.0602 560 333 823 583 8 0.0602 566 536 816 777 0 0.0599 503 394 753 642 11 0.0596 180 4 447 198 8 0.0595 380 151 631 390 0 0.0593 394 84 637 326 0 0.0586 559 600 805 833 8 0.0585 436 338 683 581 7 0.0583 379 203 637 445 3 0.0582 379 203 636 453 13 0.0582 399 18 643 265 0 0.0581 301 275 565 528 5 0.0579 504 331 761 584 3 0.0577 442 340 693 592 0 0.0576 184 3 442 202 8 0.0576 301 413 548 642 11 0.0576 380 152 639 390 8 0.0576 520 274 769 527 13 0.0573 382 154 639 388 13 0.0572 247 13 503 260 7 0.0569 513 334 773 591 8 0.0569 373 272 625 514 11 0.0568 395 17 642 266 6 0.0567 322 146 585 387 13 0.0566 255 131 527 386 13 0.0565 560 332 832 581 11 0.0565 555 596 804 829 5 0.0563 564 534 817 776 11 0.0562 299 349 554 588 3 0.0561 524 280 782 538 2 0.0561 438 347 687 586 0 0.0559 257 127 516 387 6 0.0558 372 406 631 643 11 0.0557 371 277 637 510 13 0.0557 376 275 641 515 11 0.0551 305 465 582 694 5 0.0550 367 198 631 443 6 0.0548 506 394 755 641 5 0.0548 385 79 634 324 11 0.0548 518 276 783 521 6 0.0546 375 274 638 511 6 0.0545 561 333 830 580 6 0.0545 434 464 693 706 0 0.0544 196 341 437 577 0 0.0544 443 0 696 201 11 0.0544 322 89 576 331 10 0.0543 363 349 625 583 6 0.0543 355 729 615 961 5 0.0543 440 0 697 197 2 0.0542 503 402 747 646 8 0.0541 360 789 615 1018 11 0.0538 355 791 623 1015 13 0.0537 440 338 699 583 6 0.0537 244 402 496 646 9 0.0536 498 396 752 640 10 0.0535 371 206 635 445 7 0.0535 436 465 697 712 8 0.0533 367 463 623 692 8 0.0532 400 18 637 265 11 0.0532 431 589 695 823 7 0.0531 373 347 629 581 0 0.0530 128 418 393 655 3 0.0529 248 10 499 269 3 0.0528 507 399 754 652 6 0.0526 440 587 694 824 8 0.0525 637 609 881 839 8 0.0523 434 586 684 821 6 0.0522 571 541 826 777 6 0.0522 295 789 548 1011 0 0.0521 439 589 691 823
cQvP41ZBzF89Do9sxsnLbHmr7JkyJzWl,11 0.0604 315 403 569 630 5 0.0596 312 401 564 630 0 0.0592 316 402 567 632 13 0.0585 324 461 590 696 7 0.0576 381 544 645 771 8 0.0575 323 405 560 631 7 0.0575 320 462 586 696 13 0.0569 383 544 648 770 8 0.0567 321 524 576 762 11 0.0565 374 546 642 766 11 0.0563 242 519 523 751 0 0.0562 318 522 587 768 6 0.0560 320 403 570 632 5 0.0559 369 538 634 766 6 0.0557 321 525 591 761 8 0.0551 440 545 688 779 5 0.0546 436 597 691 839 7 0.0544 320 344 577 574 0 0.0543 441 603 699 841 7 0.0540 446 602 704 839 0 0.0536 384 544 764 730 11 0.0529 377 783 624 1013 8 0.0524 372 613 638 847 5 0.0518 363 721 623 968 2 0.0512 322 408 568 631 13 0.0511 325 347 579 576 3 0.0511 379 544 643 774 5 0.0510 96 12 367 242 6 0.0509 442 548 704 777 7 0.0509 314 598 581 841 3 0.0508 381 777 628 1023 6 0.0504 367 671 639 905 10 0.0501 322 463 586 695 8 0.0501 105 10 367 243 0 0.0500 109 15 371 249
R3OCK5QmabIMlOKkggbmMIyeJKIPzkn2,8 0.0612 373 529 621 762 5 0.0574 268 417 635 601 7 0.0571 302 464 563 700 11 0.0569 174 411 443 642 8 0.0566 376 408 621 645 8 0.0566 303 469 552 694 0 0.0565 373 408 630 647 11 0.0563 520 351 754 582 11 0.0563 433 539 683 771 11 0.0562 372 466 635 701 3 0.0553 273 425 639 607 3 0.0551 377 469 635 705 11 0.0551 309 525 563 754 13 0.0549 384 326 648 561 11 0.0548 271 423 635 602 0 0.0543 454 341 700 584 10 0.0542 197 429 557 605 2 0.0535 372 472 634 706 11 0.0533 316 323 577 558 8 0.0532 518 348 751 585 3 0.0532 463 341 698 584 6 0.0529 436 541 685 769 11 0.0526 446 206 705 431 7 0.0525 384 324 639 565 13 0.0525 238 406 511 646 3 0.0523 439 537 682 777 0 0.0522 302 467 563 698 8 0.0520 178 403 435 646 6 0.0520 280 427 648 600 11 0.0519 557 154 822 371 8 0.0516 561 156 814 375 7 0.0515 441 0 708 198 0 0.0512 182 410 444 647 8 0.0512 235 532 486 750 0 0.0511 313 320 582 559 13 0.0511 525 345 762 583 6 0.0509 374 468 642 698 5 0.0508 556 152 814 370 5 0.0507 239 523 496 748 8 0.0506 432 600 691 831 8 0.0506 317 322 565 558 5 0.0506 441 204 696 429 0 0.0506 492 209 746 434 2 0.0505 280 427 637 606 5 0.0502 372 521 626 762 0 0.0501 433 536 681 771
RzlyT9R9Vdh0ktZ4U74ql5FSmu7bmL73,11 0.0584 243 334 511 574 7 0.0572 314 340 574 581 5 0.0570 245 403 500 646 0 0.0564 246 330 508 578 8 0.0557 249 332 499 576 0 0.0548 183 404 435 645 3 0.0548 315 342 572 584 8 0.0548 184 403 429 645 7 0.0540 253 407 503 653 5 0.0536 296 272 552 504 5 0.0536 173 323 433 569 8 0.0536 257 193 496 424 6 0.0530 253 412 506 651 10 0.0524 251 417 506 650 5 0.0521 172 462 422 703 3 0.0514 246 268 500 510 13 0.0513 251 329 513 580 11 0.0508 372 343 636 590 7 0.0508 319 207 571 430 6 0.0506 314 344 573 582 7 0.0500 249 263 500 503 7 0.0500 374 405 641 647
vFnijVxxYfJ2wVKpYmuD9Qf59sUdM64H,13 0.0569 576 386 833 635 5 0.0562 566 382 821 631 0 0.0531 573 388 826 636 0 0.0527 514 466 755 710 7 0.0525 521 398 759 634 11 0.0521 568 389 825 631 2 0.0519 573 388 827 636 10 0.0517 569 389 825 637 8 0.0517 571 387 816 635 7 0.0511 572 328 834 575 11 0.0510 513 464 755 704 11 0.0507 559 266 835 502 13 0.0506 571 269 843 510 8 0.0505 517 463 750 709 0 0.0505 564 266 835 505 6 0.0503 576 388 829 635 5 0.0502 558 260 831 501
FzCUppTeGqdZZkUhSVTEPuYkVimLPwmE,14 1.0 0 0 1 1
rXMOqXCrqKrvpr8jemuA4PcR1UG1wPeU,11 0.0621 501 465 778 701 11 0.0591 304 445 574 698 8 0.0587 503 465 769 705 5 0.0576 304 441 576 694 11 0.0562 375 523 633 759 8 0.0557 309 448 566 697 11 0.0552 317 326 574 572 5 0.0551 503 459 769 702 11 0.0550 567 389 832 620 10 0.0550 306 452 574 700 0 0.0544 310 445 576 699 8 0.0543 569 390 824 627 5 0.0541 316 317 572 569 8 0.0539 311 26 568 266 13 0.0539 313 393 582 640 7 0.0533 242 450 515 704 6 0.0531 324 322 580 570 7 0.0530 317 391 579 638 7 0.0529 385 519 635 766 8 0.0528 337 547 689 726 13 0.0528 380 8 647 247 5 0.0527 567 387 822 620 5 0.0524 238 380 507 624 3 0.0520 320 326 578 575 0 0.0520 379 519 629 766 10 0.0519 379 525 633 765 11 0.0515 243 516 503 769 11 0.0514 236 388 511 631 3 0.0513 309 452 576 703 13 0.0513 563 521 830 761 8 0.0513 245 517 495 766 6 0.0512 507 467 781 703 0 0.0510 507 472 771 708 6 0.0510 318 24 580 269 2 0.0509 509 472 773 703 5 0.0509 243 510 503 762 5 0.0508 332 540 699 724 0 0.0506 333 266 584 511 0 0.0504 564 608 822 844 5 0.0502 372 69 636 310 11 0.0502 369 12 642 246 7 0.0502 510 463 779 705 13 0.0501 256 328 516 567 3 0.0501 343 547 702 732
k4sYq47dnYtDElILdnqgJvetLRNDDBow,5 0.0678 192 517 440 765 0 0.0660 198 520 444 770 8 0.0640 197 521 437 766 11 0.0630 193 523 441 762 7 0.0627 197 519 444 765 10 0.0622 193 524 444 764 0 0.0621 84 666 438 850 8 0.0609 83 667 427 848 6 0.0602 197 522 444 766 5 0.0600 75 667 431 847 11 0.0576 79 669 437 845 13 0.0563 82 667 446 849 7 0.0562 85 668 438 849 3 0.0559 195 524 443 769 6 0.0557 84 670 438 849 2 0.0544 199 527 442 769 10 0.0539 78 672 433 848 3 0.0536 84 670 434 851 4 0.0534 197 523 446 766 9 0.0534 193 523 443 763 12 0.0530 198 521 443 767 1 0.0528 193 518 442 768 13 0.0525 199 522 448 766
BL1yBvN8SWPS9qWcgBlNeU3LC6UkWJyH,11 0.0651 368 341 629 582 11 0.0632 437 271 699 516 11 0.0624 245 398 501 644 11 0.0614 438 397 698 643 8 0.0611 502 589 762 825 6 0.0609 375 340 631 584 8 0.0604 311 401 557 653 8 0.0597 564 653 828 888 0 0.0596 488 275 751 517 7 0.0595 502 650 764 881 11 0.0594 438 517 687 769 5 0.0594 303 338 561 585 0 0.0594 439 397 697 646 0 0.0590 370 453 628 716 0 0.0588 369 337 627 585 11 0.0587 364 458 627 713 3 0.0586 251 398 501 649 11 0.0584 370 211 626 445 7 0.0580 374 337 628 584 6 0.0577 435 458 699 714 8 0.0574 373 338 621 585 8 0.0573 441 395 693 646 5 0.0571 494 641 756 883 7 0.0570 313 401 566 653 7 0.0570 446 394 701 647 3 0.0569 374 338 627 588 10 0.0569 370 342 630 582 8 0.0567 500 466 756 709 6 0.0566 250 400 504 644 6 0.0565 443 271 701 521 0 0.0565 560 654 835 889 6 0.0561 504 395 770 640 0 0.0560 440 519 689 773 8 0.0558 189 401 429 655 11 0.0557 500 591 767 830 11 0.0556 180 338 440 583 11 0.0555 436 155 692 386 13 0.0555 309 341 568 589 11 0.0554 167 474 427 712 5 0.0549 428 454 691 711 7 0.0547 440 512 692 772 3 0.0544 504 342 763 590 8 0.0543 440 270 691 522 5 0.0542 172 534 427 780 6 0.0542 376 211 626 447 6 0.0542 504 589 771 831 0 0.0540 491 719 749 948 5 0.0540 236 268 494 508 6 0.0539 498 210 756 449 8 0.0538 243 336 486 582 11 0.0538 564 654 832 890 5 0.0537 440 770 685 1006 3 0.0537 437 214 689 465 13 0.0536 499 215 758 456 11 0.0536 499 468 764 706 8 0.0536 491 716 742 945 8 0.0535 372 209 614 448 7 0.0534 177 473 429 714 11 0.0533 492 718 751 948 7 0.0533 246 334 494 581 7 0.0533 512 772 762 1005 0 0.0533 185 337 437 590 10 0.0532 438 272 697 522 6 0.0531 585 462 839 705 7 0.0530 445 270 701 521 13 0.0530 506 464 768 709 3 0.0529 178 475 426 725 2 0.0529 437 348 697 590 5 0.0528 431 341 695 589 11 0.0527 238 271 499 508 0 0.0527 173 473 428 720 11 0.0526 565 287 824 521 6 0.0526 178 471 431 716 10 0.0525 243 341 493 581 11 0.0524 580 404 837 648 7 0.0524 505 462 767 710 5 0.0521 486 272 751 516 13 0.0521 441 158 693 393
PSdm5YlFrTqAQkRVd1rgnYtYeBvmUyhn,11 0.0656 375 606 630 832 11 0.0631 310 665 576 897 6 0.0623 380 607 631 834 8 0.0616 443 785 686 1020 7 0.0607 313 659 580 900 6 0.0606 313 663 580 899 0 0.0602 309 607 576 836 7 0.0597 447 786 695 1021 11 0.0596 443 788 691 1016 11 0.0596 253 798 487 1020 5 0.0587 442 784 688 1018 8 0.0585 314 662 571 896 5 0.0579 373 601 622 836 13 0.0575 319 789 564 1022 7 0.0573 382 603 630 833 8 0.0572 317 786 552 1023 7 0.0565 317 783 561 1023 0 0.0564 443 787 691 1022 0 0.0556 239 664 509 903 8 0.0553 378 605 620 832 13 0.0552 448 789 697 1021 6 0.0550 447 792 694 1021 8 0.0549 254 606 509 835 3 0.0543 315 664 577 904 3 0.0540 447 788 692 1023 10 0.0539 376 606 627 832 8 0.0538 254 715 494 954 7 0.0536 255 714 505 957 2 0.0535 447 789 694 1018 10 0.0532 309 663 575 897 13 0.0524 189 801 419 1023 13 0.0521 381 603 637 833 13 0.0520 328 408 600 635 0 0.0518 577 787 826 1019 11 0.0514 762 145 1021 371 13 0.0513 313 659 584 899 11 0.0512 173 678 429 905 11 0.0509 575 785 830 1009 13 0.0509 257 717 509 956 5 0.0507 246 601 511 838 5 0.0505 250 713 493 956 5 0.0502 180 792 407 1017
qfz3Bz9F71g91UY1NnlT5IvYXcr9zRut,11 0.0575 330 478 700 652 0 0.0559 431 748 707 972 5 0.0552 426 744 701 968 0 0.0549 334 477 705 655 7 0.0548 436 747 710 972 11 0.0542 239 331 517 567 13 0.0535 342 477 713 653 5 0.0531 330 475 698 652 11 0.0531 313 733 563 965 10 0.0523 332 481 699 654 8 0.0522 336 478 684 655 11 0.0521 428 752 708 963 5 0.0520 561 312 819 545 7 0.0514 337 475 706 656 0 0.0512 515 264 757 496 11 0.0512 567 317 822 544 8 0.0508 430 747 694 967 3 0.0501 339 478 697 659
QiAZRTX5x9vBc8n3vf3yVwT5mHBdYQM6,7 0.0565 533 456 776 700 7 0.0558 387 379 640 625 5 0.0555 622 0 1013 150 11 0.0546 468 463 711 696 8 0.0542 638 0 1006 149 11 0.0538 251 733 506 946 11 0.0533 635 2 1023 146 5 0.0531 527 400 778 634 7 0.0530 258 270 520 514 13 0.0527 645 12 896 243 5 0.0521 460 456 713 702 8 0.0514 311 377 555 621 7 0.0514 199 342 451 585 0 0.0513 200 345 445 587 11 0.0511 311 380 560 614 8 0.0506 196 343 437 583 11 0.0506 365 802 623 1020 0 0.0504 629 1 1017 152 0 0.0504 527 462 767 707 5 0.0501 365 668 735 860
LgEQIGWw8rtqHcG6FzDnXhoQonZGZuEy,8 0.0683 216 865 570 1023 0 0.0649 216 868 582 1023 5 0.0646 208 865 574 1021 7 0.0634 216 866 584 1023 11 0.0632 212 868 578 1021 10 0.0595 136 874 499 1023 6 0.0579 217 871 580 1023 7 0.0562 318 403 561 631 11 0.0553 240 466 493 711 8 0.0553 231 337 482 564 0 0.0549 316 404 563 631 8 0.0547 314 405 550 629 11 0.0544 308 403 559 626 13 0.0539 216 871 587 1023 0 0.0538 235 339 498 569 2 0.0532 214 871 578 1023 5 0.0529 313 399 557 629 8 0.0528 180 478 418 717 9 0.0526 212 869 579 1022 11 0.0525 228 339 496 568 7 0.0524 249 465 497 712 10 0.0518 186 725 437 957 1 0.0516 211 866 578 1023 8 0.0514 125 721 372 964 3 0.0512 219 868 579 1023 0 0.0510 245 465 497 714 5 0.0508 231 334 490 566
MMi9m16pA5CJ1EpvzdyI4mbSQocJvl3M,5 0.0597 444 454 700 706 7 0.0590 503 454 766 703 11 0.0583 389 336 644 564 3 0.0574 451 457 704 713 11 0.0564 447 458 701 707 0 0.0555 447 452 702 710 8 0.0553 499 453 755 706 0 0.0548 635 465 890 699 13 0.0545 450 455 708 713 0 0.0543 393 331 643 569 6 0.0543 450 454 706 708 13 0.0532 396 334 649 572 5 0.0532 388 329 638 564 8 0.0531 634 464 881 698 5 0.0531 630 462 885 694 11 0.0529 631 469 892 695 7 0.0526 636 462 894 698 8 0.0525 394 330 634 566 2 0.0519 447 459 706 710 12 0.0517 450 454 701 712 6 0.0515 634 464 891 697 6 0.0513 394 333 647 569 3 0.0511 393 334 644 572 10 0.0509 497 455 766 706 7 0.0507 396 329 647 570 9 0.0501 442 455 703 702
RMiCy4I3aoATzx09cyRrjtFFIQagl1Gx,8 0.0683 319 522 568 771 5 0.0676 245 452 498 703 8 0.0668 511 438 756 694 5 0.0652 312 388 562 641 11 0.0651 240 529 499 772 11 0.0650 181 458 439 697 11 0.0643 243 390 502 632 8 0.0640 187 517 428 761 5 0.0639 313 519 571 771 5 0.0639 180 513 429 762 0 0.0637 564 455 821 697 7 0.0633 568 452 823 694 5 0.0632 173 382 429 633 5 0.0632 502 381 758 630 8 0.0631 251 457 497 702 0 0.0628 316 388 567 645 0 0.0621 505 386 757 632 5 0.0620 318 257 566 497 11 0.0619 314 456 569 705 8 0.0619 322 392 560 643 0 0.0619 430 441 691 700 7 0.0617 437 442 695 695 6 0.0616 185 518 434 763 0 0.0615 186 517 432 762 10 0.0614 248 461 502 703 7 0.0613 185 454 438 697 5 0.0611 564 453 818 696 0 0.0608 190 329 441 579 3 0.0608 248 458 501 706 11 0.0606 567 456 827 691 5 0.0606 428 440 689 695 13 0.0604 251 457 503 702 6 0.0603 246 388 504 631 3 0.0599 184 519 431 767 0 0.0598 315 522 574 772 10 0.0596 316 527 577 771 6 0.0595 515 442 765 694 8 0.0595 180 383 428 636 5 0.0593 380 145 650 379 13 0.0591 320 393 571 643 7 0.0590 319 454 567 705 6 0.0590 319 525 577 769 2 0.0588 185 524 431 763 7 0.0587 510 382 761 630 7 0.0587 246 525 501 773 11 0.0587 184 324 441 571 10 0.0585 182 523 433 763 10 0.0585 430 447 695 699 13 0.0584 568 455 830 696 13 0.0584 188 516 437 762 0 0.0584 249 460 501 703 5 0.0581 245 202 487 447 13 0.0576 183 386 435 636 10 0.0567 177 388 430 635 10 0.0567 316 392 566 643 12 0.0566 245 526 501 775 3 0.0565 180 386 430 640 13 0.0562 323 581 585 854 10 0.0560 563 458 821 694 3 0.0559 318 523 572 776 0 0.0557 320 209 575 453 3 0.0554 568 456 823 699 11 0.0552 434 445 695 696 2 0.0550 248 463 500 702 11 0.0547 314 582 584 847 7 0.0546 251 388 503 633 1 0.0543 243 382 501 637 11 0.0541 320 257 571 499 11 0.0541 507 385 762 627 3 0.0539 318 389 566 648 9 0.0537 240 528 499 765 3 0.0537 393 148 647 393 13 0.0536 436 445 698 696 2 0.0535 506 391 760 634 8 0.0535 330 260 561 502 2 0.0534 177 388 429 634 12 0.0534 183 455 440 699 13 0.0534 509 386 766 632 1 0.0532 311 448 564 708 2 0.0530 389 154 648 388 11 0.0527 388 146 649 384 1 0.0526 239 522 499 774 3 0.0524 512 385 760 636 6 0.0520 330 260 575 498 2 0.0520 565 461 827 692 8 0.0519 253 208 482 454 1 0.0517 175 451 437 701 2 0.0516 317 529 575 773 10 0.0516 506 387 760 633 8 0.0515 390 150 642 386 1 0.0512 424 439 692 698 12 0.0512 247 389 501 635 12 0.0512 314 454 569 709 4 0.0511 247 461 503 705 9 0.0511 179 457 440 696 7 0.0509 190 322 441 573 9 0.0509 563 456 825 692 9 0.0508 500 387 762 627
KoloLBB9DkYrZyT3k9VgmiWdnp8TzJhq,5 0.0578 236 265 503 495 11 0.0572 315 273 584 500 7 0.0567 245 332 503 560 7 0.0554 321 269 585 503 11 0.0553 238 334 504 558 3 0.0552 319 274 584 507 0 0.0552 308 408 573 642 11 0.0546 249 149 514 382 13 0.0541 256 146 520 385 3 0.0541 242 333 502 566 11 0.0533 385 404 646 635 8 0.0532 245 331 496 560 13 0.0530 244 333 510 566 8 0.0529 255 149 506 380 13 0.0526 320 271 590 506 5 0.0525 309 405 566 637 11 0.0519 312 475 578 710 8 0.0518 314 408 564 637 0 0.0516 237 332 502 564 6 0.0511 246 211 522 437 5 0.0511 244 144 507 380 6 0.0510 391 330 644 563 8 0.0509 319 272 577 501 3 0.0506 246 210 514 444 11 0.0505 307 591 579 832 8 0.0504 367 664 627 892 0 0.0501 379 332 641 564 10 0.0501 241 341 505 564 7 0.0500 318 406 573 637
J76Lf8gMduYVw9uqHmoGcKCS8vk9cgpQ,5 0.0672 325 351 685 533 8 0.0658 434 278 686 519 8 0.0650 364 410 630 644 3 0.0646 368 344 636 584 6 0.0629 334 356 692 536 6 0.0627 246 404 510 638 11 0.0623 368 279 634 513 8 0.0622 366 205 626 443 11 0.0620 360 411 639 643 5 0.0615 354 400 632 641 3 0.0614 433 212 688 455 7 0.0612 441 342 703 587 11 0.0610 243 404 510 636 7 0.0604 432 210 691 456 6 0.0604 398 419 752 602 0 0.0604 366 207 635 447 7 0.0602 371 278 633 514 0 0.0601 370 344 639 583 13 0.0599 340 359 695 536 13 0.0598 442 405 710 651 0 0.0598 241 335 503 571 3 0.0597 443 400 701 652 0 0.0596 431 135 691 384 5 0.0591 422 203 686 450 5 0.0590 497 271 754 523 11 0.0588 433 343 699 584 13 0.0588 311 406 584 644 7 0.0586 248 399 509 639 8 0.0584 241 335 495 568 5 0.0582 240 394 503 633 10 0.0580 330 359 688 534 0 0.0578 503 279 761 524 6 0.0578 369 204 637 445 10 0.0574 364 208 632 446 8 0.0573 509 213 758 457 2 0.0572 368 343 635 577 3 0.0572 244 338 501 574 6 0.0569 505 278 767 521 13 0.0568 361 483 646 718 8 0.0566 304 485 561 716 11 0.0562 432 471 709 714 7 0.0559 364 408 643 649 9 0.0558 339 299 689 472 13 0.0558 282 291 635 479 11 0.0554 295 483 573 718 10 0.0554 243 408 509 638 13 0.0552 246 333 508 571 12 0.0551 432 273 693 522 8 0.0550 440 470 699 715 10 0.0549 391 421 748 601 5 0.0549 499 145 757 391 2 0.0547 365 210 630 446 3 0.0537 504 283 762 530 11 0.0536 499 283 762 520 2 0.0535 247 403 509 637 7 0.0533 441 466 712 721 11 0.0533 178 483 444 723 1 0.0531 327 356 684 535 8 0.0530 433 132 685 381 6 0.0527 364 478 643 718 8 0.0526 627 0 876 205 13 0.0524 344 235 700 412 11 0.0521 193 293 544 476 7 0.0516 504 275 764 527 10 0.0515 430 136 692 382 0 0.0514 244 482 507 724 5 0.0514 430 65 694 306 13 0.0513 507 210 772 459 3 0.0513 506 153 763 401 3 0.0511 362 477 636 722 5 0.0511 566 12 819 247 13 0.0510 241 484 514 724 6 0.0510 202 291 543 478 9 0.0510 303 402 578 636
XssFw8nZo47s2CsnA6tDwabsWf1RNbp7,0 0.0661 198 675 564 856 5 0.0660 260 671 623 851 7 0.0650 255 650 512 896 11 0.0628 194 677 565 852 8 0.0627 268 669 621 851 10 0.0626 192 676 561 853 7 0.0614 379 600 634 831 11 0.0612 377 666 635 891 6 0.0611 254 651 510 896 6 0.0606 380 665 637 895 0 0.0592 380 664 634 896 5 0.0587 184 648 439 893 13 0.0583 200 674 571 854 3 0.0566 270 671 630 854 2 0.0564 267 675 626 853 10 0.0553 377 664 635 890 8 0.0541 190 650 434 894 13 0.0539 377 602 635 830 11 0.0538 20 679 391 859 0 0.0525 18 675 387 867 9 0.0517 262 673 626 849 1 0.0510 194 674 563 853 12 0.0507 268 670 628 854 1 0.0501 376 661 635 894
NKSB6CmdaJIULZfEjBTLGf1ssd17aeFX,7 0.0604 184 721 434 954 0 0.0587 243 713 500 954 11 0.0587 181 722 436 953 13 0.0584 770 71 1019 308 5 0.0574 180 719 433 952 8 0.0572 765 74 1003 304 10 0.0565 179 725 434 952 8 0.0556 243 714 497 950 6 0.0549 185 722 439 954 13 0.0531 188 722 442 957 3 0.0523 186 718 433 959 0 0.0513 765 76 1009 310 5 0.0505 763 67 1010 305 11 0.0504 111 471 385 699 11 0.0501 0 487 255 699
WI7j528nfMfdQVKM9EWDFom3xzYm22dp,5 0.0523 567 139 822 387 8 0.0522 571 141 814 387 0 0.0518 0 144 254 374 0 0.0518 505 137 758 375 3 0.0516 5 145 257 382 11 0.0512 0 146 260 369 8 0.0511 0 204 238 439 7 0.0507 510 132 761 375
Z4E7B6UrNnYHMVBOkwLrcUZiYE0B7R8G,5 0.0576 0 76 233 304 0 0.0554 0 82 243 311 11 0.0541 176 787 434 1010 0 0.0540 121 473 378 718 0 0.0538 167 391 421 631 8 0.0529 1 75 228 305 0 0.0526 515 531 778 767 0 0.0523 455 406 711 629 11 0.0521 239 545 601 720 7 0.0508 184 785 441 1012 11 0.0503 439 658 698 883
hXet8USg6OocuVoNXDaNUrNC0XO8fMcO,11 0.0544 364 600 643 831 11 0.0537 416 539 706 760 5 0.0534 344 720 620 955 11 0.0518 520 419 876 599 7 0.0508 295 779 563 1023 0 0.0507 355 722 625 958 5 0.0501 363 592 633 831
Nd2KUDAzSMdE2cwIaMtTWCRyPHRYLao7,5 0.0605 441 0 696 248 11 0.0602 317 78 572 306 0 0.0586 442 79 694 317 11 0.0585 496 2 748 205 5 0.0582 232 266 500 506 8 0.0581 303 149 566 381 11 0.0581 379 10 635 244 7 0.0572 345 1 707 152 6 0.0572 448 8 700 245 8 0.0569 344 0 692 151 8 0.0567 374 87 626 324 0 0.0567 346 0 703 150 6 0.0564 379 83 634 323 11 0.0562 438 81 690 313 8 0.0562 240 269 490 510 5 0.0554 315 5 565 243 11 0.0553 110 498 377 725 8 0.0550 260 78 502 308 5 0.0549 369 80 631 323 11 0.0548 243 138 508 370 3 0.0546 506 2 746 211 7 0.0546 324 75 574 312 6 0.0542 307 150 575 382 7 0.0542 447 79 695 320 13 0.0542 352 1 714 152 13 0.0539 447 81 697 316 8 0.0539 501 2 742 205 0 0.0537 373 156 637 392 11 0.0537 366 152 638 387 3 0.0537 448 82 690 323 3 0.0536 239 271 502 518 13 0.0534 260 78 518 309 2 0.0532 319 81 573 310 2 0.0531 446 83 693 319 3 0.0527 375 153 635 397 8 0.0527 114 494 365 731 5 0.0527 298 145 569 382 5 0.0526 557 0 808 205 13 0.0526 304 151 584 385 0 0.0525 303 273 574 514 2 0.0523 373 156 637 392 6 0.0522 115 492 377 732 11 0.0518 291 217 578 444 3 0.0518 348 1 700 154 6 0.0514 265 78 515 309 11 0.0513 232 270 503 507 0 0.0512 444 333 684 561 0 0.0511 318 78 572 309 2 0.0503 385 12 637 247 10 0.0503 445 85 693 317 6 0.0502 322 10 573 245 6 0.0501 565 1 814 205 0 0.0500 247 135 508 375
klRD2XL9uMOf9KAMMilDiWwfaVlHFTzN,11 0.0589 376 787 626 1019 8 0.0574 380 783 621 1023 7 0.0556 380 784 633 1022 0 0.0555 377 785 628 1023 5 0.0545 375 783 621 1019 10 0.0530 376 788 626 1020 6 0.0525 382 789 632 1023 13 0.0520 379 787 634 1023 3 0.0508 380 785 629 1023
VOaMVe2UtLSV0rH5HvTCsJJwxSb9xaZ0,5 0.0630 326 0 682 145 11 0.0601 372 522 631 764 5 0.0601 314 196 578 444 6 0.0591 362 1 639 189 8 0.0589 303 0 566 194 13 0.0584 322 198 586 450 11 0.0583 317 201 583 445 0 0.0582 305 1 574 198 5 0.0576 305 71 575 322 11 0.0574 367 7 638 257 8 0.0573 367 138 631 384 6 0.0560 251 3 509 200 0 0.0559 311 76 578 322 6 0.0558 373 78 648 328 3 0.0557 502 7 763 266 8 0.0557 148 0 492 160 7 0.0556 371 0 640 260 13 0.0554 373 7 645 262 6 0.0554 324 202 586 448 2 0.0552 312 78 576 320 2 0.0548 358 2 634 188 3 0.0547 341 1 694 147 8 0.0544 497 1 751 259 5 0.0543 246 0 498 201 5 0.0542 554 0 819 197 3 0.0541 379 525 633 772 8 0.0539 375 726 613 969 0 0.0538 319 200 581 449 10 0.0538 329 2 692 143 7 0.0533 379 521 640 768 7 0.0532 325 195 586 449 3 0.0531 374 75 648 337 0 0.0530 372 522 635 767 5 0.0529 369 721 614 967 2 0.0528 323 202 579 444 8 0.0528 377 525 628 763 7 0.0527 376 725 629 973 11 0.0523 492 7 761 257 13 0.0521 379 728 631 975 13 0.0519 380 521 640 766 10 0.0518 367 84 645 329 11 0.0515 372 732 620 966 6 0.0510 379 523 639 763 3 0.0510 376 731 622 979 9 0.0508 367 75 646 326 6 0.0506 500 7 765 255 0 0.0505 248 136 506 377 3 0.0505 323 200 582 455 13 0.0504 252 137 512 379 8 0.0503 250 136 497 374 11 0.0502 148 2 508 155 5 0.0501 369 517 630 761
p5Q8Uf379T4qWRSsdVT7bf6Kt68fbR1J,8 0.0572 505 274 769 507 11 0.0566 503 279 776 504 11 0.0559 562 147 833 373 8 0.0548 0 102 233 334 0 0.0547 248 338 514 580 0 0.0520 183 403 445 642 5 0.0519 497 276 769 500 11 0.0515 248 341 515 577 0 0.0507 314 271 581 502 0 0.0503 502 278 768 507 6 0.0501 186 398 450 643 6 0.0501 253 337 514 581
Bizdu1FfVK95hmoGzFDaszzhH6X5jbAA,11 0.0623 188 401 444 657 8 0.0616 344 487 686 660 8 0.0615 191 394 435 661 7 0.0612 192 393 445 659 11 0.0611 379 588 636 810 5 0.0609 185 395 436 656 11 0.0598 342 486 689 660 5 0.0594 452 583 700 824 5 0.0592 383 513 628 746 8 0.0583 457 592 697 825 13 0.0568 191 401 446 662 11 0.0563 496 335 760 563 13 0.0563 346 486 700 660 0 0.0562 380 591 636 813 11 0.0559 308 526 556 758 8 0.0557 308 529 551 759 0 0.0555 304 528 557 762 6 0.0554 185 400 445 659 5 0.0553 438 277 701 512 7 0.0549 377 666 645 903 10 0.0546 309 534 561 760 8 0.0544 441 281 700 517 6 0.0543 458 590 709 826 5 0.0542 367 655 636 897 7 0.0541 390 520 638 749 3 0.0539 350 485 691 665 0 0.0539 189 399 444 660 11 0.0536 502 90 758 319 10 0.0533 381 85 638 313 3 0.0530 178 464 431 724 11 0.0527 295 721 575 948 8 0.0527 511 151 759 386 0 0.0520 343 488 688 663 6 0.0520 378 665 646 898 11 0.0519 248 208 515 430 10 0.0519 177 465 433 715 10 0.0516 504 93 758 316 11 0.0515 495 225 780 457 11 0.0515 378 2 651 238 0 0.0515 450 9 708 252 3 0.0515 455 11 704 252 13 0.0514 311 528 562 762 5 0.0513 507 152 765 380 8 0.0511 449 12 697 244 2 0.0511 446 290 709 516 8 0.0511 374 667 632 899 10 0.0510 344 488 700 661 7 0.0508 450 8 707 247 0 0.0507 496 287 775 517 3 0.0506 462 591 702 830 6 0.0506 311 533 562 762 3 0.0505 509 91 756 327 7 0.0504 462 589 712 828 11 0.0504 517 602 768 825 3 0.0503 449 281 705 524 6 0.0502 445 83 706 307 13 0.0501 379 663 650 899 2 0.0501 390 524 632 746 8 0.0501 381 78 629 310 6 0.0500 348 488 696 661
7tUQjHcJEvpjTePkfCL34ol0gztsXnNy,5 0.0688 508 715 758 959 5 0.0682 308 716 572 968 11 0.0682 510 718 761 962 7 0.0654 455 712 706 969 8 0.0646 315 716 569 969 8 0.0645 511 714 759 963 6 0.0644 511 719 766 964 0 0.0642 508 596 760 835 10 0.0637 451 662 704 899 0 0.0630 315 714 575 972 7 0.0622 315 717 579 974 11 0.0618 311 719 574 967 0 0.0615 511 715 762 965 5 0.0605 501 595 758 834 13 0.0597 316 718 580 974 2 0.0597 455 717 704 967 13 0.0593 455 658 712 903 7 0.0589 511 598 765 836 5 0.0589 237 788 506 1019 6 0.0587 508 602 766 835 10 0.0584 313 723 575 971 11 0.0580 506 599 759 831 3 0.0580 455 655 708 902 8 0.0580 504 595 756 835 10 0.0579 512 722 762 961 13 0.0578 250 793 515 1023 11 0.0574 770 2 1023 209 6 0.0573 316 717 575 970 1 0.0567 449 653 704 903 8 0.0564 246 788 502 1023 9 0.0563 510 718 759 958 2 0.0561 318 719 574 969 12 0.0561 454 656 705 902 11 0.0558 239 791 511 1022 7 0.0557 242 792 516 1023 9 0.0541 312 720 572 968 1 0.0538 312 713 573 972 3 0.0537 316 718 575 973 9 0.0531 502 597 761 829 4 0.0525 451 660 709 900 7 0.0522 440 257 715 470 11 0.0517 437 261 712 465 4 0.0512 313 717 576 971 10 0.0505 246 796 514 1023 12 0.0503 318 717 572 970
dc8WvWYz3Jo7PttD2s9ETYnYzULHv1nK,0 0.0598 4 789 240 1023 5 0.0597 392 780 645 1020 8 0.0591 4 785 233 1019 11 0.0590 389 790 649 1018 6 0.0586 5 787 245 1021 11 0.0583 394 656 647 894 0 0.0583 335 723 584 956 7 0.0573 6 785 247 1023 11 0.0571 334 724 588 947 0 0.0568 389 791 648 1022 5 0.0568 0 787 235 1021 8 0.0563 330 782 574 1018 3 0.0554 5 790 236 1023 11 0.0551 4 789 242 1022 0 0.0534 395 657 649 901 6 0.0529 397 790 652 1014 8 0.0527 335 664 576 893 0 0.0522 235 278 513 513 11 0.0521 238 337 528 571 13 0.0520 191 337 470 584 5 0.0513 122 785 366 1021 0 0.0508 525 322 781 570 3 0.0506 395 786 645 1023 7 0.0505 396 784 652 1023 5 0.0504 239 332 513 572 10 0.0502 183 345 455 573 11 0.0502 513 535 766 767
1TpZ5Xv9eE51NWhjdXKBtnBszeGDnOeX,5 0.0609 382 399 630 650 8 0.0596 385 402 634 651 8 0.0567 517 461 747 705 11 0.0563 512 519 759 754 11 0.0560 386 404 640 647 5 0.0557 512 511 755 754 8 0.0553 523 586 758 841 0 0.0552 517 462 757 706 0 0.0541 389 405 637 655 0 0.0539 517 587 770 843 5 0.0534 499 398 746 628 7 0.0523 521 582 770 844 0 0.0523 396 263 645 495 3 0.0521 391 403 644 658 6 0.0516 389 405 646 651 0 0.0514 575 273 813 515 8 0.0514 865 407 1020 768 0 0.0512 582 519 820 757 13 0.0510 392 406 644 651 11 0.0509 864 408 1023 756 6 0.0506 523 519 763 757 7 0.0504 391 404 644 652 12 0.0503 388 403 640 652 5 0.0502 578 454 824 694 0 0.0500 571 142 830 378 0 0.0500 619 654 883 899
LoXeQ4Qic6tll5NyhmnIMOd56lvioLow,11 0.0540 252 524 516 774 11 0.0531 366 659 623 894 8 0.0530 499 450 763 694 7 0.0526 449 323 703 570 0 0.0525 441 326 698 568 8 0.0523 432 393 694 634 7 0.0522 486 803 760 1023 8 0.0518 374 654 616 897 7 0.0517 190 528 438 782 5 0.0517 566 326 821 568 0 0.0515 367 654 622 899
D43i2A5KzIetskoo9e4NVyunMhGudFa8,0 0.0551 256 720 498 955 11 0.0551 376 195 643 431 7 0.0549 255 718 498 952 11 0.0543 235 207 517 445 8 0.0529 256 719 488 950 13 0.0521 463 271 712 496 0 0.0517 383 202 638 437 11 0.0508 252 716 496 949 13 0.0506 384 200 649 438 10 0.0505 249 723 495 949 5 0.0501 374 257 634 493 11 0.0501 172 282 450 516
610MCGv21HWSYDDlwxCToYwk4ke04pWN,5 0.0644 568 780 809 1015 8 0.0642 571 779 807 1015 11 0.0627 271 675 632 851 7 0.0620 208 670 568 853 7 0.0615 572 780 818 1017 0 0.0608 268 673 634 855 8 0.0601 243 662 491 897 10 0.0594 196 676 567 853 0 0.0592 385 530 636 771 11 0.0591 249 533 495 772 11 0.0587 568 781 810 1014 0 0.0585 128 659 376 903 5 0.0580 122 656 369 899 0 0.0575 567 779 813 1020 3 0.0574 277 673 636 858 5 0.0573 267 671 627 852 8 0.0573 123 659 366 899 7 0.0571 240 714 501 958 11 0.0570 387 533 634 762 7 0.0566 128 659 378 899 6 0.0565 573 784 816 1018 13 0.0565 276 673 642 852 7 0.0559 375 659 636 906 7 0.0554 391 529 639 767 11 0.0548 306 726 560 957 13 0.0547 572 783 819 1018 3 0.0545 572 782 815 1023 9 0.0544 570 783 811 1015 10 0.0542 571 783 812 1017 10 0.0540 121 666 370 901 6 0.0536 371 662 638 905 11 0.0535 123 662 375 897 2 0.0529 572 785 813 1014 0 0.0529 239 716 500 962 11 0.0527 468 477 702 701 8 0.0524 248 537 487 773 5 0.0523 248 529 495 776 6 0.0523 204 675 572 855 8 0.0523 386 535 627 764 13 0.0523 391 534 643 766 5 0.0522 370 719 627 966 1 0.0519 194 666 568 856 8 0.0518 308 721 556 964 10 0.0518 368 662 629 901 13 0.0514 308 724 572 962 2 0.0514 203 677 566 853 6 0.0513 129 662 375 900 13 0.0510 645 0 1023 149 10 0.0508 387 534 634 763 11 0.0507 116 480 376 696 0 0.0507 467 477 704 705 9 0.0500 267 673 629 850
H1Mit0O9WfFEQq3a2IJKo6glB0vjtUTr,8 0.0630 276 0 624 140 5 0.0592 268 0 633 141 11 0.0575 379 465 636 704 0 0.0572 313 24 571 261 5 0.0541 248 399 504 646 8 0.0540 381 466 631 707 8 0.0529 315 24 565 255 5 0.0526 376 461 634 705 6 0.0523 313 24 577 256 6 0.0519 275 0 647 139 6 0.0516 321 142 582 368 7 0.0509 383 462 642 707 5 0.0508 307 19 566 258 0 0.0507 381 464 637 709 10 0.0506 380 468 639 707 3 0.0505 382 467 638 712 11 0.0504 307 209 580 438 6 0.0503 382 467 642 709 11 0.0501 250 409 506 643 0 0.0501 310 205 576 441
5Kc8cw1woACHcrZCqQ6m9tAxtCk9RyB0,7 0.0633 310 651 563 898 11 0.0632 305 654 562 895 0 0.0609 243 653 496 895 8 0.0608 244 653 490 895 0 0.0600 377 656 631 910 6 0.0574 311 654 566 899 10 0.0574 238 660 492 893 5 0.0567 303 651 558 894 11 0.0563 436 598 690 826 13 0.0559 314 654 570 900 0 0.0558 439 591 692 831 8 0.0558 380 654 629 905 3 0.0539 244 655 492 901 8 0.0532 444 592 685 827 10 0.0531 375 661 632 903 0 0.0527 56 234 306 452 11 0.0523 52 231 303 443 3 0.0514 382 656 634 913 1 0.0514 243 647 495 894 7 0.0511 434 525 693 758 5 0.0502 435 593 690 824
xHFXkmwYBDNBKQYf6Q0ne93t6LewAPGH,7 0.0675 250 598 501 835 11 0.0672 193 677 557 850 0 0.0647 198 676 554 853 7 0.0645 319 527 555 768 11 0.0637 179 717 433 964 8 0.0632 203 677 549 851 5 0.0631 243 597 496 833 0 0.0628 184 714 433 965 7 0.0626 182 716 434 966 6 0.0604 246 600 500 833 5 0.0601 310 657 563 905 5 0.0594 181 713 430 962 8 0.0594 183 716 429 964 13 0.0588 188 663 441 898 10 0.0585 245 665 504 904 3 0.0582 200 677 557 855 6 0.0581 186 663 436 896 6 0.0574 314 660 570 908 10 0.0563 180 720 433 961 10 0.0562 72 683 435 861 0 0.0562 318 529 556 769 13 0.0560 248 600 507 837 6 0.0558 317 531 557 766 10 0.0557 308 600 563 835 3 0.0548 186 716 435 971 13 0.0545 316 662 574 910 5 0.0539 312 526 548 764 8 0.0538 319 531 546 766 3 0.0532 319 533 556 774 9 0.0530 195 678 560 851 13 0.0528 319 531 562 767 12 0.0528 187 661 434 897 7 0.0525 79 682 440 861 1 0.0518 246 658 505 905 2 0.0515 314 665 568 908 2 0.0507 247 604 498 837 1 0.0506 180 710 434 963
ym0TQzVMmp7AqKhE4HGMfbH9su11pwNL,11 0.0658 238 534 478 764 8 0.0654 169 528 414 774 8 0.0653 377 407 635 633 5 0.0650 368 403 634 627 11 0.0640 244 406 488 629 0 0.0632 314 332 572 561 5 0.0628 242 399 479 627 5 0.0625 234 528 477 763 3 0.0617 247 401 484 638 0 0.0614 171 403 423 642 3 0.0605 166 470 421 714 8 0.0598 246 400 483 632 11 0.0597 106 538 375 772 5 0.0597 495 463 771 691 11 0.0596 372 409 640 632 7 0.0596 167 467 421 705 3 0.0596 390 332 637 568 5 0.0593 157 468 415 701 5 0.0588 306 254 572 489 3 0.0585 242 531 481 776 3 0.0583 451 476 706 712 7 0.0580 376 410 640 637 0 0.0580 111 473 369 721 7 0.0577 177 594 418 832 0 0.0577 374 407 640 633 0 0.0574 191 660 430 904 11 0.0573 439 477 708 704 8 0.0572 446 476 703 705 11 0.0570 306 590 554 828 10 0.0568 241 535 480 767 8 0.0567 506 405 767 648 6 0.0567 178 402 430 640 7 0.0565 247 403 487 631 10 0.0558 246 408 485 630 13 0.0554 248 403 493 636 8 0.0552 193 660 428 904 13 0.0551 177 595 420 835 7 0.0551 245 528 484 769 6 0.0549 242 534 485 766 5 0.0549 169 592 414 826 6 0.0546 117 473 377 720 10 0.0546 313 263 579 492 6 0.0544 376 577 640 828 11 0.0542 505 408 779 642 11 0.0542 239 657 492 900 10 0.0542 387 339 643 561 3 0.0541 513 409 773 654 10 0.0539 164 474 419 706 3 0.0538 180 595 421 840 5 0.0537 304 582 554 829 5 0.0536 374 518 639 759 7 0.0532 313 260 578 495 8 0.0532 314 261 569 491 6 0.0532 258 331 514 564 2 0.0531 166 473 417 707 11 0.0530 564 476 831 704 0 0.0530 509 408 778 649 13 0.0529 241 529 484 770 7 0.0528 449 476 716 706 13 0.0526 166 469 427 710 0 0.0524 251 267 508 503 8 0.0523 567 478 820 708 3 0.0523 245 655 492 913 13 0.0523 259 268 514 506 8 0.0522 560 332 800 571 6 0.0522 318 407 571 634 5 0.0521 555 331 805 569 8 0.0520 311 533 554 770 13 0.0519 390 336 646 557 3 0.0516 313 590 560 841 0 0.0514 450 478 712 709 6 0.0513 388 335 647 561 13 0.0511 314 585 564 834 7 0.0510 314 583 565 834 6 0.0509 176 597 425 832 6 0.0509 575 480 833 705 0 0.0508 308 529 562 773 2 0.0507 260 337 504 563 11 0.0506 307 260 580 492
EDhkygHT4k8V0BNUDXvcYQnkayWJf0WA,14 1.0 0 0 1 1
akPTkQ5P2HVmGreYbDt2iAIfiLbWA3vj,5 0.0610 124 393 382 643 11 0.0604 123 401 383 642 11 0.0595 233 336 499 582 5 0.0589 231 331 495 581 11 0.0587 313 269 564 502 0 0.0574 319 265 565 503 11 0.0558 440 328 697 563 0 0.0556 238 336 498 585 8 0.0556 239 334 488 584 0 0.0551 367 333 628 577 11 0.0545 245 453 517 700 5 0.0545 244 448 511 704 5 0.0545 306 263 559 499 8 0.0543 371 333 619 575 5 0.0543 432 325 694 565 11 0.0541 503 385 763 623 6 0.0541 442 334 706 567 8 0.0540 130 396 374 647 8 0.0539 511 384 755 628 8 0.0539 315 209 557 444 7 0.0538 319 267 566 504 11 0.0537 446 89 704 329 13 0.0533 316 211 575 450 13 0.0531 317 332 579 572 8 0.0530 323 90 571 333 0 0.0528 509 388 762 628 6 0.0524 319 149 581 391 8 0.0523 502 278 749 513 3 0.0522 237 333 497 588 7 0.0522 243 335 501 584 13 0.0521 248 387 515 641 7 0.0520 510 381 764 629 7 0.0518 120 329 376 576 7 0.0514 368 334 633 579 13 0.0513 322 86 591 334 2 0.0512 438 335 700 565 0 0.0512 252 450 518 710 11 0.0511 61 337 332 568 3 0.0510 369 330 629 583 6 0.0510 561 331 826 554 3 0.0510 131 401 379 652 5 0.0509 58 328 324 570 2 0.0509 241 340 495 582 5 0.0509 553 320 818 555 6 0.0508 242 337 502 582 8 0.0508 251 449 503 704 8 0.0507 504 149 764 398 11 0.0507 505 150 775 395 6 0.0506 321 268 568 502 5 0.0506 242 142 514 387 10 0.0505 315 274 562 500 3 0.0504 359 208 620 455 8 0.0504 442 89 691 330 0 0.0503 317 149 576 393 5 0.0503 374 455 642 699 0 0.0502 379 457 645 705 0 0.0502 309 600 586 860
8tmjkFM1ShQq0KAMm5uhqwwu86bbBAFO,8 0.0654 303 790 562 1023 11 0.0651 300 791 566 1021 11 0.0638 227 714 409 1020 5 0.0636 222 713 407 1023 5 0.0631 298 790 562 1023 13 0.0631 305 790 569 1023 0 0.0627 377 736 649 967 7 0.0624 447 788 710 1022 6 0.0623 227 710 411 1021 0 0.0623 301 791 569 1023 8 0.0607 229 705 407 1023 5 0.0604 458 328 714 561 0 0.0601 223 711 411 1023 11 0.0597 371 742 650 963 6 0.0596 312 733 582 966 8 0.0590 137 800 494 981 7 0.0583 245 792 511 1023 11 0.0582 309 667 582 899 0 0.0581 311 663 577 903 5 0.0577 306 664 573 901 13 0.0576 228 711 415 1023 5 0.0574 366 733 643 964 5 0.0572 128 799 494 981 3 0.0571 228 710 408 1023 8 0.0570 443 787 699 1022 0 0.0569 461 334 719 565 8 0.0559 485 477 812 656 3 0.0557 468 334 717 569 6 0.0556 440 745 722 971 10 0.0556 443 794 710 1019 13 0.0555 380 735 657 968 2 0.0555 244 794 508 1023 8 0.0554 312 667 573 900 8 0.0553 464 329 711 563 6 0.0552 476 478 831 658 5 0.0548 464 474 817 658 11 0.0546 481 417 824 590 3 0.0544 445 789 703 1023 6 0.0543 367 675 645 899 9 0.0543 242 728 510 962 11 0.0540 380 399 641 634 3 0.0538 313 734 576 973 5 0.0536 382 391 637 634 10 0.0533 301 794 566 1021 7 0.0532 482 479 836 657 2 0.0527 466 343 712 565 0 0.0526 468 482 824 662 7 0.0525 466 331 723 566 6 0.0524 313 598 565 832 6 0.0522 466 334 727 563 5 0.0520 443 519 691 773 7 0.0519 157 673 529 853 13 0.0519 317 667 585 903 12 0.0519 305 792 568 1023 10 0.0518 224 714 408 1023 8 0.0512 4 0 249 211 6 0.0511 145 738 522 913 11 0.0510 138 804 504 980 4 0.0510 301 794 568 1023 6 0.0509 443 616 702 844 1 0.0509 299 787 564 1023 10 0.0508 466 344 721 562 0 0.0506 311 468 561 702 9 0.0504 437 788 706 1012 12 0.0502 468 336 720 564
j8sxWarGAkFuaoxxLu0W8qQMskOoW236,11 0.0609 317 334 583 576 8 0.0592 744 0 1001 193 8 0.0590 365 398 618 634 5 0.0587 250 330 510 571 0 0.0578 322 331 582 578 3 0.0576 368 399 624 639 7 0.0566 369 397 628 637 3 0.0555 255 335 512 581 5 0.0552 176 273 446 503 11 0.0551 389 9 652 240 11 0.0547 239 396 506 632 8 0.0546 299 462 553 701 5 0.0543 164 398 443 642 11 0.0543 681 1 943 201 6 0.0542 367 399 628 634 0 0.0541 746 2 1007 195 6 0.0538 747 0 1010 192 7 0.0534 400 9 653 243 13 0.0532 322 333 589 581 8 0.0531 247 397 498 632 3 0.0530 403 10 651 250 2 0.0529 745 6 1007 195 10 0.0528 306 409 564 634 11 0.0528 259 126 509 365 0 0.0528 391 8 650 247 11 0.0523 291 464 563 699 13 0.0522 248 394 513 635 13 0.0521 746 0 1017 195 7 0.0521 745 0 1012 191 13 0.0513 399 11 656 244 3 0.0512 751 0 1010 197 6 0.0512 258 335 516 573 0 0.0511 247 393 504 632 5 0.0511 317 262 581 498 5 0.0510 737 0 1009 191 0 0.0508 182 280 450 507 7 0.0507 247 392 505 633 5 0.0506 350 451 624 691 7 0.0506 301 456 563 705 7 0.0501 263 123 507 369
JAcygNip8gZ7Mgy6RcNeTydW171Fq6o4,11 0.0609 378 268 646 501 7 0.0607 397 203 650 441 5 0.0572 505 127 765 373 0 0.0569 383 269 644 505 13 0.0567 382 10 645 246 11 0.0562 311 329 577 570 3 0.0559 457 132 702 379 5 0.0554 372 10 635 243 0 0.0553 240 390 495 643 13 0.0552 388 270 647 506 11 0.0547 378 14 638 247 0 0.0546 642 530 914 747 8 0.0544 137 800 388 1023 3 0.0543 386 272 643 511 3 0.0542 319 388 573 634 7 0.0542 420 0 753 159 3 0.0541 384 7 639 252 11 0.0541 387 143 646 386 11 0.0537 579 138 837 372 5 0.0537 383 137 643 380 8 0.0536 452 135 693 372 11 0.0535 412 2 751 156 0 0.0535 315 324 576 574 8 0.0534 378 11 628 247 0 0.0531 693 285 948 519 5 0.0531 311 383 571 630 11 0.0528 372 401 637 635 6 0.0527 397 202 651 440 7 0.0527 290 359 629 545 13 0.0526 392 141 649 381 13 0.0525 320 388 585 635 0 0.0523 390 141 646 383 8 0.0522 384 266 636 506 7 0.0517 323 147 579 379 7 0.0516 244 392 502 641 3 0.0516 509 5 768 252 13 0.0515 448 76 707 317 7 0.0514 457 134 707 376 0 0.0513 375 13 640 249 11 0.0510 298 448 570 697 7 0.0507 390 72 644 310 2 0.0506 380 15 635 247 10 0.0506 315 336 572 574 5 0.0506 378 268 641 502 3 0.0506 583 137 839 385 5 0.0506 316 199 576 432 6 0.0504 423 2 762 158 8 0.0503 320 387 568 631 11 0.0501 636 529 913 739
nRd2CxByG3TaewzqGkx9fvdNWou2AF88,10 0.0620 188 656 444 898 7 0.0610 131 650 373 895 11 0.0603 128 653 370 890 5 0.0583 187 651 440 900 0 0.0582 189 654 444 905 8 0.0576 132 800 367 1023 8 0.0561 193 653 438 899 3 0.0557 195 649 444 903 5 0.0549 127 802 368 1022 7 0.0549 133 802 377 1023 11 0.0542 131 805 377 1019 0 0.0538 131 805 373 1023 11 0.0532 503 458 755 681 6 0.0528 191 654 448 900 13 0.0527 134 803 380 1023 13 0.0526 130 650 377 896 7 0.0517 511 456 759 684 8 0.0514 505 455 746 681 0 0.0507 507 460 757 686
znBPYiBQaMjICS3t0IdRTekPcL3fqRFJ,11 0.0583 310 791 567 1009 13 0.0564 302 0 579 200 7 0.0561 384 786 637 1014 5 0.0552 289 0 568 194 8 0.0545 317 787 556 1011 5 0.0541 379 782 628 1010 11 0.0536 292 2 579 195 11 0.0535 562 606 819 840 7 0.0530 300 3 576 197 6 0.0523 302 0 582 197 10 0.0519 315 791 564 1012 8 0.0516 562 608 804 843 0 0.0513 292 0 573 198 0 0.0513 316 785 570 1017 8 0.0512 300 1 569 197 3 0.0511 386 787 631 1017 3 0.0509 373 1 646 271
mL9sdLaSz6lmw7KCSGUHueUu5ypLQuvk,5 0.0554 320 523 576 770 11 0.0541 325 591 580 823 11 0.0529 448 268 716 495 6 0.0527 328 591 586 823 7 0.0522 330 588 586 824 10 0.0518 328 594 582 825 7 0.0516 449 338 711 567 0 0.0514 327 588 581 831 13 0.0512 333 592 591 824 0 0.0503 247 456 511 708 7 0.0502 378 399 661 636 11 0.0501 309 266 574 503
Ni0o61oFqp1W6JFwz6zZ3YRaAwbjh9zV,0 0.0651 377 721 624 962 11 0.0601 373 781 624 1013 0 0.0575 260 328 515 581 11 0.0564 255 327 516 575 11 0.0562 258 137 519 377 5 0.0562 371 774 621 1012 13 0.0559 251 2 510 240 0 0.0556 251 1 502 241 6 0.0556 268 136 518 382 11 0.0555 0 539 233 756 0 0.0553 0 538 232 763 10 0.0552 373 781 622 1012 13 0.0550 382 723 630 962 7 0.0546 380 777 631 1017 6 0.0545 255 6 507 238 0 0.0545 323 61 580 299 5 0.0544 316 61 575 296 0 0.0543 382 209 646 450 8 0.0543 379 781 617 1014 3 0.0542 379 781 623 1018 11 0.0539 255 597 505 821 5 0.0535 253 133 513 379 8 0.0533 324 63 567 296 5 0.0533 243 0 497 236 5 0.0532 326 320 579 571 3 0.0532 265 328 519 583 10 0.0531 257 603 504 824 7 0.0529 259 598 511 827 0 0.0527 253 598 508 831 5 0.0527 252 594 501 820 10 0.0527 178 13 446 240 11 0.0526 380 207 646 446 13 0.0526 264 135 524 382 8 0.0526 261 326 506 580 8 0.0523 260 594 500 827 6 0.0523 380 781 625 1013 6 0.0520 264 327 520 581 11 0.0518 246 6 506 235 7 0.0516 261 326 518 579 0 0.0515 251 724 510 960 8 0.0514 436 220 691 455 5 0.0513 0 531 227 758 7 0.0511 265 134 518 380 3 0.0510 385 202 645 455 8 0.0509 255 7 495 237 10 0.0504 0 541 234 763 0 0.0503 395 339 648 572 6 0.0502 261 598 515 821 5 0.0501 435 218 695 455 5 0.0501 317 458 561 696 10 0.0501 258 82 507 307 7 0.0500 387 201 650 451 13 0.0500 325 62 589 299
XmsopLS08bQvY7NoAixwLlg6POZSSg62,11 0.0515 318 397 574 628 7 0.0511 327 392 577 631 11 0.0507 384 459 640 684
IE0Ck86CevehEwdf59WWklYoX2rLyDoq,11 0.0565 188 203 452 440 11 0.0531 255 146 514 366 8 0.0525 250 203 494 429 5 0.0521 241 199 502 423 11 0.0510 302 409 576 634 11 0.0509 396 416 766 593 0 0.0506 245 203 508 434
O1W0w4vdp0sOIiw51dVEreNwQlngVPqH,0 0.0608 514 220 770 444 11 0.0585 302 342 570 577 11 0.0581 447 217 695 441 7 0.0574 449 214 694 443 8 0.0551 514 218 762 439 11 0.0550 196 403 452 634 2 0.0549 518 228 768 441 5 0.0548 440 206 690 442 0 0.0548 438 346 690 576 6 0.0542 449 217 699 440 11 0.0535 261 582 642 773 3 0.0527 519 219 769 448 3 0.0525 312 341 574 583 7 0.0525 439 341 694 573 8 0.0518 308 341 560 582 13 0.0518 314 340 579 583 6 0.0515 438 346 695 573 5 0.0514 433 336 686 571 0 0.0511 377 399 626 641 9 0.0510 439 216 694 437 3 0.0506 443 344 692 579 8 0.0503 436 341 679 571 10 0.0501 514 222 769 445
LNVOUC5nHVkYT4Cl0SxMywmEzxV6G3K0,0 0.0602 242 535 500 778 11 0.0596 245 389 508 628 8 0.0591 298 652 553 889 11 0.0589 379 527 632 761 8 0.0583 244 534 495 774 7 0.0583 387 521 635 765 5 0.0580 178 317 439 562 7 0.0572 253 588 513 835 8 0.0569 247 387 501 629 6 0.0566 253 591 513 836 8 0.0563 383 520 626 763 0 0.0563 378 523 633 768 13 0.0560 299 653 564 895 6 0.0557 382 523 639 767 0 0.0557 296 652 559 892 5 0.0554 377 522 627 765 3 0.0551 295 654 564 897 11 0.0549 240 537 502 774 11 0.0546 171 470 437 709 5 0.0541 241 384 506 627 0 0.0540 174 465 434 712 11 0.0535 184 323 439 563 11 0.0535 256 263 505 496 8 0.0534 191 598 441 841 3 0.0534 386 524 632 766 8 0.0533 174 468 429 706 0 0.0530 245 386 507 635 5 0.0529 169 466 434 704 11 0.0525 238 659 501 892 5 0.0520 291 652 555 891 7 0.0519 249 388 512 629 8 0.0518 188 318 432 562 5 0.0517 238 531 499 775 3 0.0515 248 391 510 635 5 0.0514 252 258 503 495 0 0.0513 251 260 504 503 2 0.0511 293 655 561 891 7 0.0511 259 257 509 500 13 0.0511 384 525 639 769 13 0.0510 190 328 445 571 13 0.0508 178 468 443 713 2 0.0505 246 392 511 630 7 0.0505 177 465 439 706 3 0.0503 189 323 438 571 13 0.0502 250 393 514 634 10 0.0501 294 656 558 889
gUvAFBKInRcS0ZjW9tXUTDERdyEaUHXJ,0 0.0653 138 745 498 915 0 0.0650 74 678 438 852 11 0.0650 74 747 445 915 8 0.0647 138 742 500 915 8 0.0639 80 678 431 849 8 0.0632 184 784 431 1023 5 0.0628 241 724 494 969 5 0.0619 75 677 436 848 8 0.0614 311 786 561 1023 10 0.0609 131 746 507 914 13 0.0607 79 745 450 918 11 0.0602 175 786 435 1021 5 0.0601 174 786 431 1020 7 0.0599 449 774 699 1020 8 0.0597 448 772 687 1022 0 0.0595 182 789 433 1023 10 0.0593 71 680 436 850 11 0.0593 433 661 688 892 7 0.0591 82 679 442 849 0 0.0591 316 721 562 975 7 0.0590 252 730 498 973 3 0.0587 80 681 438 853 6 0.0580 78 748 443 918 13 0.0574 183 787 439 1023 11 0.0571 512 786 764 1022 7 0.0570 312 789 571 1023 13 0.0568 253 726 502 974 10 0.0566 313 729 565 969 10 0.0561 245 790 500 1020 11 0.0558 374 785 629 1022 6 0.0548 247 730 499 975 6 0.0547 449 778 695 1023 9 0.0540 71 746 440 914 2 0.0538 134 747 499 916 5 0.0538 302 790 562 1019 11 0.0538 359 408 622 641 5 0.0537 442 773 687 1018 6 0.0535 310 794 569 1023 5 0.0533 430 656 686 890 10 0.0532 434 663 691 892 7 0.0530 440 656 693 893 13 0.0529 314 791 572 1023 2 0.0528 78 685 435 851 13 0.0527 447 726 703 965 1 0.0527 131 742 502 914 0 0.0526 437 657 691 897 8 0.0523 436 657 682 895 11 0.0519 307 346 576 559 0 0.0518 359 406 622 645 12 0.0516 76 746 440 919 6 0.0514 436 659 690 898 13 0.0513 444 590 691 827 11 0.0512 492 593 749 826 13 0.0511 518 785 767 1023 3 0.0506 517 781 765 1023 2 0.0504 316 724 565 971 3 0.0504 448 722 703 967 1 0.0502 71 676 439 852 2 0.0501 243 789 502 1023
1ONajnV4RV3GhmatpQZWYZzy1i47tein,8 0.0551 508 398 754 633 11 0.0530 507 400 766 631 7 0.0526 516 395 770 631 6 0.0513 514 394 769 635
RSq2MshTMh3E0pu8CyinXpMvo7YrZvXZ,7 0.0562 400 588 645 840 6 0.0558 401 533 641 770 0 0.0557 395 533 636 773 11 0.0553 395 535 636 772 8 0.0550 398 531 628 771 5 0.0535 396 585 634 834 8 0.0514 256 44 505 268 2 0.0514 401 535 635 771 11 0.0513 244 44 517 261 8 0.0511 396 657 623 902
anUIF9tY5SNudYUphKiIYZ3586wzgjDO,0 0.0567 202 0 567 153 11 0.0567 201 1 576 152 13 0.0565 307 0 582 183 10 0.0564 233 408 494 634 8 0.0558 306 1 564 183 0 0.0558 231 446 492 695 3 0.0549 308 0 576 190 5 0.0537 298 0 573 187 7 0.0536 308 1 575 186 8 0.0527 230 450 483 694 6 0.0518 306 0 581 186 11 0.0516 250 796 495 1018 11 0.0510 228 453 492 690 13 0.0504 395 98 665 327 3 0.0503 234 451 482 696 13 0.0503 240 397 500 635 7 0.0500 235 446 495 691
NFhEpjoLgqy0WDa0yTX0sBRPOrNGKBI2,7 0.0640 138 674 500 850 5 0.0635 197 671 562 849 7 0.0628 317 656 573 902 0 0.0625 203 673 566 853 11 0.0617 310 659 571 901 11 0.0615 133 675 500 850 0 0.0610 315 712 563 964 8 0.0608 204 671 559 849 10 0.0600 199 675 566 851 5 0.0593 312 708 560 960 8 0.0593 191 705 433 953 8 0.0586 314 709 562 961 6 0.0585 317 713 567 962 5 0.0577 188 703 433 951 6 0.0575 206 673 569 851 3 0.0561 205 673 565 854 0 0.0560 192 703 434 957 13 0.0557 205 671 571 852 10 0.0548 313 715 565 960 11 0.0546 373 533 621 754 6 0.0545 195 706 438 956 13 0.0543 193 705 442 953 10 0.0537 189 710 438 953 7 0.0536 380 530 626 755 13 0.0533 315 710 570 963 1 0.0532 312 705 564 963 3 0.0526 194 705 436 958 9 0.0523 195 673 564 848 2 0.0520 205 676 564 851 1 0.0514 200 668 564 852 3 0.0512 317 711 564 967 2 0.0511 317 716 566 961 12 0.0508 206 672 568 851 2 0.0502 192 710 436 954 8 0.0501 761 281 1012 512 13 0.0500 763 284 1023 516
DCfjpQw1ZNH5vLr550UUZVwacJvT0k7g,8 0.0630 177 298 430 540 5 0.0619 514 155 764 391 8 0.0612 520 159 765 391 8 0.0606 443 273 694 527 0 0.0600 520 163 769 392 5 0.0592 174 297 436 537 11 0.0586 442 274 698 528 8 0.0585 124 417 366 649 5 0.0575 298 137 561 376 11 0.0573 449 149 712 376 8 0.0570 568 280 814 528 5 0.0568 245 211 501 448 8 0.0564 566 401 813 643 5 0.0562 566 82 823 305 0 0.0554 180 304 440 539 5 0.0550 118 415 368 644 3 0.0550 527 161 772 397 0 0.0549 567 280 822 531 8 0.0545 0 352 316 539 0 0.0545 516 29 757 244 0 0.0544 634 406 891 648 11 0.0542 520 96 774 316 11 0.0542 113 525 378 766 11 0.0541 246 218 504 451 11 0.0540 561 400 818 642 11 0.0537 566 280 819 525 8 0.0536 181 79 423 319 0 0.0535 441 282 701 530 6 0.0535 455 98 717 319 5 0.0534 514 19 757 242 6 0.0533 525 161 778 391 8 0.0533 118 522 371 768 5 0.0532 443 85 704 317 11 0.0531 385 0 754 158 8 0.0530 243 147 487 377 6 0.0529 180 301 445 540 6 0.0529 446 274 708 526 11 0.0529 173 300 440 539 13 0.0526 456 155 714 378 5 0.0524 561 442 827 706 13 0.0524 567 345 826 591 3 0.0523 242 149 498 395 3 0.0522 127 465 372 718 5 0.0521 0 351 323 537 7 0.0519 506 325 763 578 13 0.0518 126 418 376 647 10 0.0518 123 424 376 644 13 0.0517 572 452 836 709 8 0.0516 448 99 701 314 10 0.0516 185 227 437 461 3 0.0515 448 275 702 534 7 0.0512 525 161 773 392 3 0.0509 569 341 827 599 7 0.0509 566 396 822 645 9 0.0509 514 164 773 386 0 0.0508 444 96 706 319 5 0.0508 117 516 375 765 11 0.0507 0 357 333 534 7 0.0506 178 295 447 541 0 0.0505 124 421 372 649 6 0.0504 256 220 508 452 13 0.0504 526 99 771 316 11 0.0504 178 153 438 387 6 0.0503 125 416 377 649
qSKPbLzUZIMUGpOaazEUMeaJ613yyU9o,11 0.0651 237 659 500 897 0 0.0643 185 660 441 904 11 0.0633 367 669 623 898 7 0.0616 310 667 570 908 5 0.0615 188 711 434 956 7 0.0611 319 528 565 769 7 0.0607 191 607 446 843 11 0.0604 308 604 561 834 8 0.0594 192 713 430 957 7 0.0593 190 712 441 961 0 0.0592 244 597 505 836 0 0.0591 307 668 566 909 5 0.0591 185 605 441 834 10 0.0581 186 612 441 839 7 0.0580 373 600 631 830 6 0.0578 310 668 569 907 11 0.0575 269 350 620 529 6 0.0572 246 604 509 833 11 0.0570 116 655 375 887 6 0.0569 185 667 441 900 5 0.0569 364 663 621 901 5 0.0568 306 599 561 833 3 0.0562 244 656 503 902 11 0.0560 191 338 440 569 11 0.0555 251 528 501 764 3 0.0551 371 666 626 908 8 0.0550 370 665 619 902 8 0.0542 307 602 555 834 8 0.0541 376 533 623 761 10 0.0541 307 606 561 835 10 0.0538 253 530 502 769 10 0.0535 190 719 439 957 7 0.0534 324 259 565 491 0 0.0533 316 527 565 773 11 0.0529 311 457 563 694 8 0.0527 119 651 365 888 5 0.0526 311 457 561 691 8 0.0526 254 529 492 764 13 0.0523 311 666 574 906 10 0.0522 367 667 626 900 13 0.0521 192 716 444 959 11 0.0519 378 532 628 756 0 0.0519 272 351 623 534 13 0.0518 195 611 453 841 8 0.0518 318 266 552 492 8 0.0515 190 605 433 837 10 0.0514 317 274 564 495 0 0.0514 367 602 626 831 13 0.0512 321 533 571 770 10 0.0508 114 659 370 889 2 0.0508 189 717 441 961 5 0.0505 251 527 497 760 8 0.0505 316 461 553 694 3 0.0504 198 276 427 513 5 0.0504 373 525 627 757 8 0.0500 193 337 423 568 6 0.0500 370 604 631 829
UqndOQRmTrCjGV2rhMuU3eIPqnhCO2a2,11 0.0617 501 399 766 615 11 0.0600 446 322 691 553 8 0.0599 436 394 695 618 8 0.0597 460 538 821 711 0 0.0591 378 328 625 562 7 0.0590 511 397 772 618 0 0.0586 504 395 770 620 11 0.0573 372 403 634 624 7 0.0572 446 323 694 554 0 0.0566 316 396 580 633 5 0.0564 251 409 516 645 0 0.0564 428 473 703 692 5 0.0559 498 390 762 614 5 0.0554 441 318 691 551 11 0.0551 383 265 632 494 8 0.0551 304 603 536 843 13 0.0550 448 325 701 554 5 0.0547 310 323 565 560 3 0.0542 386 329 626 562 5 0.0538 448 595 834 773 5 0.0537 372 396 632 623 7 0.0536 380 401 636 626 0 0.0535 304 600 542 844 0 0.0535 369 534 637 767 11 0.0534 311 330 567 558 11 0.0534 455 540 837 711 10 0.0531 446 329 696 550 13 0.0531 507 397 777 615 7 0.0529 469 536 844 712 8 0.0528 382 328 619 557 2 0.0527 450 328 697 551 6 0.0526 260 415 525 649 6 0.0521 450 327 699 553 3 0.0521 319 397 577 634 7 0.0521 385 260 631 496 7 0.0520 306 792 568 1016 3 0.0516 441 396 700 626 5 0.0515 299 598 542 834 0 0.0513 315 732 564 965 11 0.0513 299 535 557 761 5 0.0512 380 258 632 493 13 0.0512 316 330 572 567 8 0.0509 318 394 574 629 13 0.0509 380 404 640 625 10 0.0506 315 402 579 628 11 0.0505 252 418 521 647 11 0.0502 352 799 623 1016
aVTSHiInSIcVRx6AJtfsTD4nW37Coemf,8 0.0620 446 450 702 695 11 0.0608 506 393 758 630 7 0.0606 513 392 758 634 5 0.0603 577 385 824 629 6 0.0599 511 395 763 635 0 0.0586 0 725 245 968 0 0.0585 508 392 756 639 8 0.0584 455 334 694 572 5 0.0582 440 446 707 695 11 0.0577 586 336 834 565 11 0.0576 519 284 770 508 11 0.0564 374 591 649 820 13 0.0560 452 394 712 639 8 0.0558 2 721 243 966 11 0.0556 0 727 245 966 3 0.0556 512 392 758 638 5 0.0547 452 329 699 568 2 0.0545 457 341 703 572 0 0.0542 589 334 831 570 6 0.0540 593 335 838 569 2 0.0540 447 457 707 698 5 0.0532 0 725 238 964 0 0.0531 519 282 763 515 13 0.0524 583 389 834 633 9 0.0520 502 394 754 631 8 0.0516 382 646 642 887 10 0.0514 453 337 705 572 6 0.0512 332 654 603 881 8 0.0511 588 333 824 569 7 0.0508 385 589 646 824
f2laDvQgMCyJtXYExRIqczJbxpzQQuCA,8 0.0645 580 459 824 701 11 0.0644 314 268 576 505 5 0.0631 242 327 498 566 5 0.0629 492 265 750 493 5 0.0627 310 264 570 508 5 0.0627 439 326 697 574 0 0.0622 498 272 752 497 0 0.0620 380 261 641 503 5 0.0615 173 262 433 493 11 0.0614 564 285 820 507 11 0.0610 434 272 700 496 0 0.0608 317 326 579 575 2 0.0608 444 334 701 570 0 0.0605 571 336 823 576 8 0.0605 169 316 424 566 11 0.0602 242 331 501 565 8 0.0600 513 393 764 646 8 0.0598 444 511 693 769 5 0.0598 312 386 573 643 11 0.0593 173 264 439 495 7 0.0589 319 392 578 642 3 0.0588 516 455 762 711 11 0.0586 450 392 703 635 7 0.0586 518 330 770 577 8 0.0585 440 327 694 573 5 0.0584 511 392 763 644 11 0.0583 635 331 900 564 11 0.0583 574 400 828 634 6 0.0581 256 262 506 501 11 0.0580 255 193 510 427 0 0.0579 215 225 596 405 0 0.0579 443 330 698 575 3 0.0578 498 270 755 502 0 0.0578 391 398 642 644 8 0.0577 253 259 498 500 0 0.0577 581 461 828 702 7 0.0575 179 261 437 497 8 0.0573 495 268 748 494 5 0.0572 200 223 584 403 7 0.0570 251 328 503 570 3 0.0569 245 330 500 576 11 0.0567 326 140 576 373 6 0.0567 173 323 430 564 11 0.0566 499 213 759 435 11 0.0565 510 456 762 702 11 0.0564 377 452 639 705 2 0.0564 518 400 769 642 5 0.0564 575 455 824 699 7 0.0563 453 391 707 641 5 0.0562 441 445 696 712 7 0.0561 578 395 829 637 3 0.0560 578 400 827 641 2 0.0559 448 456 702 709 0 0.0558 169 319 424 563 8 0.0558 317 327 572 573 3 0.0557 175 265 436 504 13 0.0557 251 330 506 572 13 0.0557 518 394 772 644 5 0.0555 102 329 374 572 0 0.0555 517 397 766 648 6 0.0553 579 397 830 635 0 0.0553 253 261 502 501 7 0.0552 320 265 580 513 6 0.0552 437 271 704 499 8 0.0548 123 220 373 461 8 0.0548 389 399 635 641 2 0.0547 378 265 640 499 8 0.0545 213 225 583 403 7 0.0544 261 191 511 429 11 0.0543 106 335 383 574 8 0.0542 379 260 638 500 6 0.0542 318 328 581 572 10 0.0541 434 273 705 498 11 0.0541 313 393 577 636 8 0.0539 106 386 377 647 6 0.0539 507 212 761 435 2 0.0538 499 276 753 493 6 0.0537 325 197 576 442 6 0.0536 515 453 764 704 7 0.0533 517 454 767 706 8 0.0532 196 135 437 378 5 0.0531 626 266 888 507 3 0.0531 314 266 575 516 13 0.0530 321 392 582 643 5 0.0530 632 391 896 631
A8Uil9IEybmxWhZzimk4WOWH2t6wJUTM,5 0.0657 561 328 815 584 8 0.0656 566 334 815 585 0 0.0646 565 336 820 586 11 0.0639 570 215 832 447 3 0.0638 571 333 819 590 3 0.0634 577 213 834 457 0 0.0625 577 84 829 320 6 0.0624 574 214 834 452 8 0.0624 570 214 826 452 11 0.0619 565 337 817 581 7 0.0619 571 333 820 586 7 0.0613 577 212 835 452 6 0.0613 567 334 819 585 11 0.0603 638 289 908 516 8 0.0602 575 85 822 320 0 0.0600 572 214 832 452 13 0.0600 571 215 836 450 5 0.0588 562 149 826 383 3 0.0587 576 85 829 330 8 0.0587 640 287 897 522 10 0.0585 562 336 818 585 2 0.0584 567 341 818 585 10 0.0583 566 157 829 386 13 0.0579 570 333 822 584 6 0.0577 644 146 903 376 2 0.0575 574 219 829 451 5 0.0573 635 280 902 517 3 0.0566 644 147 899 385 11 0.0565 575 86 828 320 0 0.0565 642 289 908 520 3 0.0564 646 289 910 526 6 0.0563 645 287 911 521 6 0.0560 578 84 833 321 7 0.0559 578 81 831 321 9 0.0554 565 334 818 581 8 0.0552 639 145 887 376 13 0.0545 576 84 836 323 1 0.0545 561 333 818 587 9 0.0543 571 214 834 447 7 0.0540 644 142 904 376 0 0.0537 643 142 898 379 11 0.0537 637 145 901 374 4 0.0532 568 338 821 583 12 0.0527 570 152 834 384 13 0.0524 645 290 912 521 12 0.0522 569 332 820 584 10 0.0519 639 288 909 515 4 0.0513 573 217 835 450 7 0.0507 643 283 912 522
B6mvgiBNtjYNEOnqJ3eqIvjnkVQQ6KoE,11 0.0607 628 205 876 435 11 0.0578 582 275 821 501 8 0.0576 579 210 816 446 11 0.0574 246 324 514 569 0 0.0572 572 331 814 570 5 0.0569 245 319 509 570 8 0.0565 577 329 808 564 8 0.0565 517 264 756 505 0 0.0562 505 394 755 636 11 0.0561 563 395 821 622 11 0.0558 517 210 772 441 5 0.0554 311 433 578 689 6 0.0550 569 391 821 625 13 0.0547 314 315 581 555 8 0.0546 509 392 752 634 11 0.0545 507 325 758 561 5 0.0545 570 327 811 563 0 0.0543 447 604 705 839 5 0.0539 446 594 701 833 13 0.0538 251 445 524 704 11 0.0536 310 441 583 687 7 0.0536 588 273 821 503 11 0.0535 446 602 706 835 5 0.0533 517 145 767 383 10 0.0528 248 330 512 571 0 0.0527 578 214 823 449 11 0.0527 302 788 577 1016 5 0.0526 627 144 868 379 7 0.0523 524 207 775 444 7 0.0523 513 326 758 562 8 0.0523 250 329 506 570 5 0.0522 510 259 757 503 2 0.0519 578 335 815 564 11 0.0517 439 458 692 694 5 0.0516 502 386 754 633 7 0.0516 455 603 713 837 11 0.0514 371 371 635 614 7 0.0513 570 395 824 624 6 0.0511 588 274 822 503 8 0.0511 376 371 623 617 0 0.0511 468 90 717 330 0 0.0511 316 316 575 553 11 0.0510 179 24 433 256 7 0.0507 255 323 519 573 7 0.0507 587 142 835 383 11 0.0506 435 794 693 1009 6 0.0505 512 324 758 566 0 0.0503 312 680 580 901 2 0.0502 516 270 765 507 8 0.0502 442 455 681 698 8 0.0501 448 599 695 836 13 0.0501 570 396 825 627 6 0.0501 441 383 689 625
sVhMelXJmC0BMtZg6Xls7GYq7MGnL8Es,7 0.0687 148 678 508 848 11 0.0664 251 649 503 890 8 0.0649 253 648 499 890 5 0.0645 186 646 437 892 0 0.0642 188 649 440 898 10 0.0622 133 680 501 848 0 0.0621 311 653 569 891 7 0.0611 315 652 570 887 3 0.0594 144 676 501 855 2 0.0574 142 681 502 850 5 0.0571 309 649 563 887 6 0.0571 256 652 507 889 0 0.0569 254 584 505 829 13 0.0558 257 651 511 892 10 0.0556 311 655 566 885 7 0.0556 324 268 574 495 5 0.0550 247 581 503 823 9 0.0541 136 675 503 846 11 0.0532 382 263 632 468 3 0.0529 314 654 568 894 11 0.0527 178 285 451 514 1 0.0515 140 674 506 852 0 0.0515 181 284 450 518 12 0.0506 192 648 442 897 8 0.0503 321 339 558 560 2 0.0501 315 657 568 889
pNs4FZPrNacW2JCSS4MAQxyiSwT0OtEI,5 0.0630 258 401 507 649 7 0.0622 327 459 584 709 0 0.0618 264 403 512 652 5 0.0611 313 338 586 580 0 0.0608 326 460 583 711 11 0.0605 325 401 588 648 8 0.0599 388 461 633 692 5 0.0598 382 402 642 638 6 0.0592 265 404 516 650 8 0.0591 319 338 577 583 8 0.0590 263 401 503 649 5 0.0590 300 596 558 843 5 0.0583 320 457 580 705 0 0.0574 388 405 642 642 7 0.0573 265 405 513 651 8 0.0571 316 534 564 776 11 0.0566 0 421 240 649 3 0.0565 389 403 645 646 7 0.0564 391 406 646 640 11 0.0563 313 537 573 774 3 0.0558 24 291 254 525 2 0.0556 328 465 586 708 7 0.0555 320 339 591 584 0 0.0553 448 465 709 706 7 0.0552 309 603 566 844 13 0.0552 267 405 514 656 5 0.0550 0 411 241 649 11 0.0550 444 532 703 766 7 0.0548 453 462 711 704 13 0.0548 321 342 596 588 0 0.0546 318 338 586 584 6 0.0540 320 341 595 581 6 0.0540 328 462 590 708 5 0.0539 243 274 519 502 10 0.0538 263 408 513 650 13 0.0538 328 461 588 711 3 0.0533 308 604 563 850 5 0.0531 444 459 705 704 0 0.0526 15 291 253 527 2 0.0526 389 411 647 639 10 0.0525 324 465 584 708 3 0.0525 326 462 582 714 0 0.0522 309 600 561 848 8 0.0522 571 402 818 649 13 0.0520 378 600 628 835 0 0.0518 0 416 242 655 11 0.0517 11 290 250 520 11 0.0516 312 285 590 510 0 0.0515 574 412 828 652 6 0.0515 6 418 245 648 13 0.0514 455 465 715 706 8 0.0514 314 659 551 885 3 0.0513 265 406 512 655 3 0.0513 452 463 707 710 8 0.0512 448 528 694 767 7 0.0512 20 285 253 520 12 0.0510 330 400 586 653 8 0.0506 16 287 242 519 8 0.0504 0 414 234 650 10 0.0504 317 348 589 586 7 0.0503 438 608 697 850 2 0.0501 265 410 511 651 2 0.0501 450 470 710 704
SfkAbLbv8UBs5PjTE9ghe1ZrIbL07GEX,0 0.0614 568 522 827 772 8 0.0585 567 522 817 768 8 0.0579 690 0 926 202 11 0.0564 618 584 879 827 0 0.0550 174 149 433 380 11 0.0546 516 290 778 503 13 0.0544 392 394 650 627 0 0.0542 178 276 441 513 13 0.0538 125 89 386 328 11 0.0537 183 404 439 645 11 0.0537 248 271 518 495 8 0.0535 386 392 634 625 5 0.0534 108 18 369 266 7 0.0530 567 519 828 769 6 0.0529 567 525 826 773 11 0.0527 116 27 378 273 2 0.0527 625 5 879 206 11 0.0526 174 156 436 376 5 0.0525 618 581 872 828 11 0.0525 560 86 828 320 5 0.0525 257 136 507 358 13 0.0523 690 0 948 207 0 0.0523 686 1 937 206 0 0.0522 113 0 378 203 5 0.0521 566 0 819 200 5 0.0520 180 340 435 577 0 0.0520 520 286 773 507 6 0.0519 526 286 782 505 11 0.0519 684 1 942 204 3 0.0518 688 1 936 209 5 0.0518 516 275 769 501 7 0.0515 124 145 383 390 0 0.0515 319 317 582 561 8 0.0513 109 0 368 201 0 0.0512 264 11 509 254 8 0.0511 568 1 810 200 6 0.0511 693 0 940 204 13 0.0508 111 2 387 203 5 0.0508 252 2 504 243 7 0.0508 387 392 646 628 11 0.0507 319 320 590 552 13 0.0507 628 583 885 832 3 0.0505 626 583 872 837 8 0.0505 183 274 431 510 6 0.0505 572 2 827 200 11 0.0504 386 399 641 621 13 0.0503 122 328 374 565 7 0.0503 628 0 881 207 8 0.0503 522 283 766 506 13 0.0501 571 1 829 204 0 0.0501 383 395 642 628 10 0.0500 567 35 817 277
71NnrRAn4MNON8kx7pevSrFKYPmgrMMo,8 0.0651 286 480 629 669 8 0.0619 509 327 753 563 0 0.0612 417 552 768 739 11 0.0607 442 462 709 701 5 0.0604 312 339 578 574 11 0.0602 287 543 647 729 11 0.0600 506 329 757 558 8 0.0593 443 464 702 703 11 0.0585 323 590 570 828 8 0.0578 297 605 649 789 5 0.0577 213 535 580 731 7 0.0576 514 320 762 560 3 0.0572 446 461 710 710 3 0.0570 342 668 697 852 8 0.0568 323 343 573 572 8 0.0566 505 597 762 837 3 0.0563 512 328 758 568 8 0.0562 170 401 425 635 7 0.0560 301 603 663 787 11 0.0558 502 598 770 834 6 0.0553 294 480 647 666 5 0.0551 441 459 705 704 0 0.0550 287 479 643 667 7 0.0547 447 459 713 700 13 0.0546 508 596 773 836 5 0.0545 505 321 755 560 11 0.0545 315 346 584 572 5 0.0544 501 591 763 834 0 0.0539 510 331 757 562 2 0.0538 447 469 709 703 11 0.0536 520 198 767 426 0 0.0535 294 603 659 789 6 0.0535 323 341 584 571 6 0.0534 508 596 772 836 10 0.0532 446 466 711 706 5 0.0530 291 602 655 788 7 0.0527 157 538 509 729 13 0.0527 223 538 593 734 0 0.0522 320 341 584 576 6 0.0519 510 327 763 558 3 0.0518 509 598 767 842 0 0.0518 548 596 923 789 3 0.0517 286 481 641 670 10 0.0515 504 596 767 836 7 0.0513 319 342 587 577 6 0.0513 340 667 704 847 8 0.0513 593 277 829 505 7 0.0512 531 195 768 433 2 0.0512 507 601 768 835 2 0.0510 510 332 758 557 13 0.0509 447 460 716 702 5 0.0508 521 191 759 433 11 0.0506 588 279 836 499 13 0.0505 301 603 668 789 3 0.0504 222 538 582 737 7 0.0504 509 595 773 836 11 0.0502 358 128 634 353 8 0.0502 149 540 489 731 11 0.0502 310 204 584 431
JNbviPLPxFjsVIqb1TGuUkFR7P0qtKfE,11 0.0543 559 663 827 901 11 0.0541 502 722 761 966 0 0.0539 562 599 825 848 5 0.0531 556 715 818 960 8 0.0527 507 719 751 970 0 0.0520 508 717 764 972 13 0.0514 564 721 829 961 7 0.0514 509 720 768 972 10 0.0510 506 724 761 967 0 0.0503 632 551 902 789
xxjeB2H3m3ripaR2IZGGchRnfOORoFzz,0 0.0645 0 787 243 1018 11 0.0614 0 791 240 1011 0 0.0614 427 327 684 566 3 0.0614 433 322 681 568 7 0.0591 429 381 691 632 6 0.0588 0 792 248 1010 0 0.0586 316 335 568 575 5 0.0580 0 784 239 1011 8 0.0577 426 377 681 628 7 0.0567 7 786 246 1010 5 0.0567 420 375 683 624 11 0.0560 425 382 689 630 8 0.0557 437 267 682 511 3 0.0555 2 786 240 1018 5 0.0554 367 806 629 1017 13 0.0549 432 379 693 628 2 0.0547 428 384 687 629 7 0.0545 233 786 511 1015 5 0.0544 296 581 570 817 6 0.0542 320 334 571 574 11 0.0542 436 272 692 508 6 0.0541 432 324 686 564 5 0.0540 366 671 629 899 11 0.0537 312 336 569 573 5 0.0537 433 265 685 506 10 0.0535 428 328 682 564 13 0.0534 1 787 246 1012 11 0.0534 372 814 632 1015 6 0.0533 314 800 575 1016 8 0.0528 2 786 238 1011 8 0.0527 314 331 559 573 3 0.0527 314 276 572 519 7 0.0526 440 271 690 512 5 0.0526 311 330 563 571 13 0.0526 319 332 576 580 0 0.0523 312 211 586 447 13 0.0520 319 801 582 1017 13 0.0519 318 214 593 452 7 0.0518 317 334 567 578 11 0.0518 314 218 587 447 8 0.0517 309 582 564 823 9 0.0512 424 381 689 625 12 0.0511 429 324 685 566 11 0.0510 307 517 571 762 8 0.0509 316 213 578 446 8 0.0508 232 789 492 1018 2 0.0508 1 791 247 1012 7 0.0505 380 810 638 1023 0 0.0503 311 521 574 767
bqDtLqjrghcmluleIluo4bkJBLVgVFvR,5 0.0572 505 385 755 630 8 0.0571 513 390 753 629 7 0.0570 548 473 890 659 8 0.0569 385 280 636 513 11 0.0569 506 392 759 632 13 0.0558 375 400 639 637 6 0.0553 472 476 827 663 3 0.0545 448 331 702 570 3 0.0545 573 395 822 642 5 0.0541 443 325 699 564 11 0.0540 541 475 886 658 6 0.0535 446 527 701 770 11 0.0530 444 531 700 768 0 0.0525 546 473 886 661 7 0.0525 379 534 638 772 13 0.0524 447 527 707 769 6 0.0524 310 353 575 577 11 0.0520 441 333 701 565 0 0.0519 513 392 757 638 11 0.0518 369 402 629 637 8 0.0517 445 528 694 768 0 0.0516 376 204 633 444 0 0.0513 447 331 699 570 13 0.0511 391 284 647 516 8 0.0510 376 400 619 634 0 0.0510 449 604 704 846 13 0.0505 469 476 839 666 2 0.0503 468 480 823 664 9 0.0500 465 477 825 662
r2NyUkNs6LMpwdvQhAJcwJ10uAnOARbM,0 0.0593 437 667 690 908 11 0.0586 305 659 559 908 7 0.0579 314 655 565 912 8 0.0577 312 658 552 911 7 0.0574 442 664 696 906 6 0.0574 440 667 696 907 11 0.0570 435 668 691 902 0 0.0564 309 655 561 912 0 0.0549 569 724 813 962 5 0.0548 568 790 813 1018 0 0.0548 634 800 883 1023 8 0.0546 519 793 747 1021 6 0.0540 310 658 567 911 0 0.0540 514 794 755 1023 8 0.0538 441 668 683 903 11 0.0536 516 795 753 1021 5 0.0534 303 653 556 907 7 0.0532 520 797 758 1023 5 0.0525 437 662 683 902 11 0.0525 632 800 881 1017 11 0.0520 567 724 816 957 2 0.0503 437 671 690 906 11 0.0503 314 531 558 759
JALf0rzesDPfM6E9Hy2t8oJinXXW30Tn,5 0.0680 245 452 497 690 5 0.0680 243 790 493 1015 7 0.0670 397 720 647 958 7 0.0628 252 796 498 1023 5 0.0624 184 388 426 623 11 0.0606 321 399 583 634 8 0.0602 250 794 489 1021 0 0.0600 326 713 577 956 0 0.0600 321 465 580 702 5 0.0597 318 395 574 637 0 0.0596 251 793 493 1023 8 0.0592 253 454 492 693 11 0.0592 249 455 502 688 5 0.0591 301 263 566 495 8 0.0591 382 463 635 703 5 0.0589 241 314 489 561 10 0.0588 247 400 491 627 0 0.0585 397 650 645 888 11 0.0584 322 719 581 948 0 0.0583 0 1 248 207 6 0.0581 327 399 583 638 6 0.0581 251 793 495 1019 11 0.0578 246 796 493 1019 8 0.0577 324 395 568 639 6 0.0577 257 457 506 689 7 0.0576 253 453 503 689 6 0.0575 328 713 584 951 7 0.0575 401 590 639 823 7 0.0569 193 391 433 625 13 0.0566 175 795 439 1018 3 0.0565 250 794 494 1023 11 0.0563 184 392 434 619 13 0.0562 323 464 584 702 11 0.0558 391 656 650 881 0 0.0553 250 393 495 630 3 0.0549 251 458 500 695 13 0.0549 252 392 502 632 2 0.0545 254 459 500 691 8 0.0543 400 587 630 818 6 0.0542 254 324 499 563 11 0.0541 377 468 647 699 10 0.0539 248 796 494 1020 3 0.0538 401 718 646 961 6 0.0537 311 273 573 497 9 0.0537 248 797 495 1014 8 0.0535 0 0 235 203 7 0.0534 328 396 579 638 6 0.0533 2 0 251 202 5 0.0531 386 714 641 948 10 0.0530 311 274 567 497 13 0.0530 312 268 580 502 2 0.0530 178 797 430 1023 7 0.0527 386 464 645 705 13 0.0527 327 716 585 954 2 0.0526 192 392 433 626 11 0.0526 0 3 245 204 5 0.0525 379 462 638 704 10 0.0525 321 719 578 949 11 0.0521 244 321 497 560 2 0.0515 0 2 250 204 10 0.0514 382 473 642 700 6 0.0513 195 393 437 624 8 0.0513 189 391 423 626 5 0.0511 392 587 633 817 6 0.0511 384 465 648 706 8 0.0505 248 322 481 565 13 0.0505 6 0 257 208 13 0.0504 385 405 647 641 8 0.0503 395 720 640 954 9 0.0502 317 718 577 944 3 0.0500 324 399 576 645
TTC0vW0xTkVzJ1n1aIcgTzbDsUExtevN,7 0.0636 205 673 574 850 0 0.0625 382 648 634 903 8 0.0611 181 785 416 1023 7 0.0604 458 699 701 943 11 0.0603 252 598 510 826 6 0.0601 380 772 638 1017 8 0.0597 274 676 627 851 0 0.0596 202 672 572 848 8 0.0586 385 771 631 1018 5 0.0584 378 766 631 1016 10 0.0577 200 674 568 849 2 0.0576 204 676 569 851 7 0.0573 252 785 498 1023 11 0.0570 331 682 690 855 5 0.0564 382 639 631 900 8 0.0563 658 673 1014 861 3 0.0562 383 773 636 1023 0 0.0559 384 773 637 1021 8 0.0558 324 534 570 769 6 0.0557 203 675 574 848 7 0.0557 386 773 639 1019 11 0.0557 379 774 634 1014 6 0.0554 383 646 639 898 5 0.0554 521 278 765 503 13 0.0554 211 674 582 852 5 0.0554 197 669 564 848 7 0.0548 331 533 580 774 11 0.0546 251 789 498 1023 0 0.0546 663 677 1023 863 11 0.0544 322 537 578 768 11 0.0542 655 678 1023 859 8 0.0540 459 699 688 938 2 0.0537 253 790 496 1023 3 0.0536 385 647 634 906 10 0.0534 381 647 635 899 3 0.0533 200 674 569 852 6 0.0532 254 786 500 1023 2 0.0530 387 601 638 839 9 0.0528 199 672 566 845 5 0.0526 657 672 1016 858 13 0.0521 670 674 1023 865 10 0.0517 588 681 947 853 13 0.0516 388 774 640 1019 10 0.0515 320 534 576 769 2 0.0513 383 777 635 1017 2 0.0509 666 680 1023 863 13 0.0509 390 593 646 838 13 0.0505 260 785 504 1023 8 0.0503 526 279 761 507 9 0.0503 377 772 635 1013 0 0.0502 253 787 497 1021
mJCGcucft0qYKQEooz8mDdxjZGFOVwrL,0 0.0646 335 218 588 443 5 0.0639 225 793 473 1017 5 0.0637 234 320 497 566 11 0.0609 319 277 587 505 5 0.0591 316 274 576 510 0 0.0590 245 273 502 504 13 0.0579 326 274 590 515 11 0.0579 227 800 475 1015 6 0.0578 329 275 587 514 5 0.0574 235 205 498 431 11 0.0573 445 399 694 635 7 0.0569 236 795 485 1019 8 0.0566 330 275 573 514 8 0.0563 241 320 495 570 0 0.0562 319 338 575 582 13 0.0559 246 322 508 572 7 0.0556 339 216 593 445 13 0.0552 237 798 486 1022 6 0.0550 248 323 506 567 11 0.0550 314 408 573 642 11 0.0549 239 325 505 562 8 0.0548 234 791 469 1020 13 0.0546 245 209 517 439 10 0.0546 230 802 476 1019 0 0.0544 302 787 550 1020 5 0.0542 312 403 569 646 6 0.0538 298 408 667 598 7 0.0535 250 320 502 569 0 0.0524 371 407 720 603 0 0.0523 439 459 685 700 5 0.0521 313 140 584 360 6 0.0521 245 210 511 435 3 0.0520 245 272 507 507 3 0.0519 320 337 576 589 8 0.0518 371 406 714 601 7 0.0518 447 458 693 696 11 0.0514 232 208 511 426 9 0.0513 229 798 473 1014 11 0.0503 312 148 592 363 6 0.0503 235 797 481 1018 7 0.0502 395 340 647 584
cGGvvln7woq0rIwcv7AqkVuVkpsDrCNy,11 0.0589 395 248 653 485 11 0.0534 252 8 508 245 0 0.0533 391 251 653 493 11 0.0531 524 468 764 704 11 0.0528 461 388 708 628 8 0.0527 396 253 643 489 8 0.0519 446 532 688 760 8 0.0518 260 7 498 248 0 0.0515 255 10 505 249 6 0.0511 447 535 703 758 11 0.0511 565 77 820 320 11 0.0511 444 535 696 753 13 0.0510 269 61 523 315 6 0.0508 259 7 509 248 8 0.0508 526 467 755 711 13 0.0508 378 138 645 375 11 0.0507 322 79 581 314 7 0.0506 398 248 655 493 0 0.0504 701 0 962 193 8 0.0504 699 1 953 191
VjjcmAdm8H9Yw3IkbfsSWQQaBGg659bR,0 0.0624 308 222 562 443 0 0.0618 437 325 698 567 11 0.0616 373 329 636 573 5 0.0616 434 318 698 564 0 0.0613 506 392 778 634 6 0.0611 314 275 571 508 11 0.0608 232 400 506 642 11 0.0605 500 333 767 574 0 0.0603 174 267 447 514 11 0.0602 310 275 565 508 5 0.0594 303 328 568 583 8 0.0591 374 325 635 573 7 0.0587 375 327 644 577 8 0.0585 220 419 568 599 5 0.0584 227 263 499 505 5 0.0584 303 216 556 439 8 0.0583 308 269 560 510 7 0.0582 314 274 573 512 8 0.0582 509 387 768 630 6 0.0581 437 327 702 565 5 0.0580 503 388 774 631 3 0.0579 374 327 640 582 0 0.0577 632 584 877 826 0 0.0574 308 332 568 584 8 0.0573 245 461 508 709 5 0.0571 379 141 636 362 11 0.0568 561 660 819 898 11 0.0568 746 649 1017 879 7 0.0566 305 399 580 642 2 0.0563 376 335 636 572 5 0.0558 239 454 510 702 13 0.0555 305 401 581 642 11 0.0552 698 588 947 813 10 0.0551 217 423 579 598 6 0.0551 235 342 506 582 6 0.0544 258 209 513 432 0 0.0542 753 647 1015 882 3 0.0541 306 398 579 645 5 0.0538 745 638 1011 882 13 0.0537 234 339 505 583 9 0.0535 306 334 567 578 3 0.0534 507 331 767 578 11 0.0532 175 271 447 510 8 0.0531 251 205 500 434 7 0.0531 244 462 516 706 5 0.0531 631 579 872 821 8 0.0530 635 580 868 823 10 0.0530 309 228 561 440 8 0.0530 749 641 1008 886 9 0.0529 433 322 698 561 7 0.0527 503 390 781 634 3 0.0527 310 274 566 514 13 0.0526 184 450 461 702 0 0.0525 244 457 514 710 13 0.0524 376 329 646 574 6 0.0523 182 268 450 511 12 0.0523 312 333 572 583 10 0.0523 503 397 776 633 3 0.0522 705 585 946 823 2 0.0522 304 407 575 643 7 0.0519 232 342 505 588 7 0.0518 753 644 1017 887 11 0.0517 386 149 639 361 0 0.0516 249 135 511 359 10 0.0514 236 276 500 505 6 0.0514 309 400 583 641 10 0.0514 388 150 638 364 7 0.0512 637 581 878 823 6 0.0512 113 400 365 641 6 0.0512 638 583 881 816 13 0.0512 312 271 572 509 6 0.0512 333 160 571 380 11 0.0510 249 207 506 433 3 0.0508 647 656 885 904 13 0.0508 753 643 1023 885 8 0.0507 180 269 437 510 3 0.0506 229 342 501 586 3 0.0505 248 463 514 711 11 0.0504 106 400 359 638 13 0.0504 118 398 367 644 2 0.0503 230 344 497 584 0 0.0501 459 136 694 372
vqJjDJPStX7fzSjEoc2QXygA34fU1S31,11 0.0593 307 337 574 582 7 0.0584 247 469 512 719 11 0.0582 230 400 495 654 11 0.0581 310 479 566 718 7 0.0578 311 335 580 582 11 0.0577 257 606 510 850 5 0.0569 241 462 507 712 0 0.0566 311 477 567 723 5 0.0564 303 391 568 641 11 0.0563 367 407 632 645 8 0.0561 248 471 503 720 5 0.0555 236 331 503 581 0 0.0551 271 667 625 859 10 0.0543 305 344 579 578 6 0.0541 177 397 445 650 5 0.0541 377 537 636 772 9 0.0540 302 398 567 638 7 0.0540 325 542 576 787 6 0.0540 309 399 576 645 3 0.0539 312 403 571 649 0 0.0538 375 545 640 776 3 0.0535 247 475 508 724 10 0.0535 231 410 499 652 0 0.0533 370 404 635 648 8 0.0533 317 610 563 852 0 0.0532 177 389 440 659 8 0.0532 310 335 568 579 10 0.0528 258 611 515 850 7 0.0523 374 403 638 647 0 0.0521 237 0 507 205 6 0.0520 247 473 513 716 7 0.0519 176 393 445 655 0 0.0518 311 333 574 584 11 0.0516 371 548 638 770 3 0.0516 260 612 512 859 13 0.0516 373 407 639 645 7 0.0514 259 602 519 851 2 0.0512 237 401 499 658 8 0.0511 242 0 496 203 5 0.0509 314 603 569 850 2 0.0508 373 410 631 645 13 0.0508 235 398 511 657 13 0.0507 312 338 585 579 13 0.0507 314 476 571 720 8 0.0506 174 392 434 656 8 0.0502 372 406 624 644 10 0.0502 314 484 569 720
st5SmkWeYiRwotg87etoukeSUgm0MVga,0 0.0613 377 520 634 769 11 0.0612 434 591 682 824 8 0.0587 377 338 630 573 11 0.0584 310 530 563 773 8 0.0575 375 454 620 698 0 0.0566 387 391 641 640 5 0.0558 432 584 679 824 8 0.0550 309 398 559 629 11 0.0547 378 334 639 570 2 0.0547 378 344 641 573 13 0.0544 382 517 639 766 11 0.0544 376 454 629 698 2 0.0541 378 526 634 767 8 0.0540 432 590 675 830 11 0.0540 73 750 440 914 3 0.0539 441 591 684 830 5 0.0539 308 525 560 773 13 0.0538 438 591 690 829 5 0.0535 374 334 635 571 0 0.0531 304 462 556 693 6 0.0529 438 591 686 828 7 0.0524 386 518 636 762 8 0.0522 312 529 555 773 7 0.0521 441 589 689 827 5 0.0514 234 323 505 555 10 0.0513 380 523 627 769 6 0.0510 380 338 645 572 11 0.0510 305 397 567 628 0 0.0509 247 528 500 775 8 0.0509 77 747 428 918 5 0.0507 303 397 570 628 7 0.0507 391 391 645 633 13 0.0504 384 337 643 575 6 0.0502 76 748 441 915
aQ2SBqClPb4GVqDY9VwUMGibdiJ9SURV,7 0.0595 188 718 430 962 0 0.0571 251 711 501 956 7 0.0565 318 667 576 902 6 0.0560 255 720 505 952 8 0.0556 188 719 420 960 5 0.0554 182 716 424 958 0 0.0551 173 657 434 903 11 0.0550 245 716 501 947 8 0.0543 318 667 564 900 10 0.0543 184 727 426 957 13 0.0533 256 719 509 953 5 0.0520 309 662 569 894 11 0.0506 170 666 435 892 6 0.0502 316 671 579 897
nIRTjO5v5msurRjHcDtXUNfoqtariCgD,11 0.0642 259 790 503 1019 8 0.0618 264 787 498 1023 5 0.0580 194 793 438 1017 6 0.0574 263 792 510 1023 7 0.0569 263 790 509 1023 8 0.0568 130 798 378 1021 10 0.0557 192 796 445 1019 13 0.0548 267 791 511 1023 5 0.0540 507 389 754 627 11 0.0538 367 796 620 1020 0 0.0538 263 791 508 1023 3 0.0520 264 794 505 1023 5 0.0512 263 720 513 957 5 0.0508 360 787 618 1020 7 0.0507 371 794 629 1023 0 0.0506 320 350 583 590 6 0.0504 125 802 389 1019 11 0.0503 570 391 814 633
se5tLgjdLTsFVVujT7zjOO1Jyf8IwES7,11 0.0594 380 1 655 191 8 0.0593 386 0 648 192 0 0.0579 384 1 655 198 5 0.0568 382 0 653 192 3 0.0554 389 0 650 198 11 0.0549 236 719 492 959 6 0.0547 387 3 659 193 7 0.0547 389 1 658 196 11 0.0541 370 530 640 762 0 0.0525 375 529 640 769 13 0.0521 390 0 662 192 11 0.0517 296 23 561 263 7 0.0511 308 24 561 265 2 0.0504 384 6 650 193 0 0.0503 445 597 707 828
IoSUgQaG5dHxzHnB37MhtKwD4JeLATOS,11 0.0601 378 345 635 568 11 0.0562 249 321 514 560 0 0.0560 380 344 632 569 0 0.0559 315 399 578 652 11 0.0544 378 468 646 708 5 0.0543 253 391 520 648 5 0.0542 569 455 829 699 5 0.0542 499 654 756 895 0 0.0542 574 599 835 844 11 0.0540 313 398 579 648 0 0.0538 382 468 641 710 8 0.0535 318 400 570 653 11 0.0531 570 462 836 697 0 0.0525 572 461 838 703 8 0.0519 383 465 636 709 13 0.0512 389 465 648 709 8 0.0512 577 461 829 702 3 0.0512 578 464 838 712 7 0.0511 257 316 513 562 3 0.0510 382 347 637 576 6 0.0508 577 461 837 703 13 0.0505 259 393 528 653 0 0.0505 250 320 509 566 0 0.0502 501 658 761 900 5 0.0500 379 338 629 571
aZxft99QFiQxznvtcqDSrGMgcKl8N4Dp,0 0.0558 519 796 767 1023 11 0.0541 516 795 768 1019 6 0.0541 518 796 772 1021 8 0.0539 498 279 744 514 3 0.0536 520 794 763 1023 11 0.0535 496 280 750 511 7 0.0510 520 788 770 1023 0 0.0507 5 806 265 1023 5 0.0505 511 786 761 1022
bmxlnLwUPCaftvMO4tdGe13W0JIJD7YU,7 0.0621 560 804 819 1021 11 0.0619 447 777 688 1012 5 0.0613 444 774 686 1011 0 0.0605 553 807 816 1023 7 0.0602 452 776 697 1016 11 0.0591 555 807 815 1018 8 0.0588 449 775 683 1012 5 0.0582 550 806 807 1019 10 0.0569 449 779 688 1013 0 0.0565 447 778 692 1017 13 0.0564 452 777 696 1015 8 0.0551 554 805 805 1023 6 0.0542 452 783 692 1017 13 0.0539 558 808 823 1023 3 0.0533 559 809 811 1023 2 0.0526 556 811 816 1021 0 0.0525 578 672 822 904 3 0.0524 453 778 692 1023 9 0.0523 447 778 690 1011 6 0.0516 557 812 815 1023
lNTKWTh3krWUsRX9tCJa6WAAsA1dCBDf,11 0.0598 568 283 838 512 0 0.0571 501 416 760 645 11 0.0559 319 163 588 378 11 0.0559 496 414 762 640 7 0.0548 514 211 760 448 0 0.0546 571 488 838 725 11 0.0536 506 215 757 447 5 0.0534 566 200 819 444 8 0.0533 498 412 759 646 5 0.0532 245 337 496 576 0 0.0530 380 279 635 520 7 0.0530 505 411 769 644 6 0.0526 252 345 500 584 10 0.0523 324 166 590 376 8 0.0520 574 282 830 517 6 0.0519 328 159 592 380 0 0.0518 571 346 829 578 11 0.0518 306 287 574 518 0 0.0517 510 215 754 451 5 0.0516 307 281 565 516 8 0.0515 326 161 578 380 3 0.0514 505 413 759 652 5 0.0513 319 155 581 376 6 0.0511 579 207 824 446 3 0.0511 326 157 587 383 3 0.0509 577 283 837 525 11 0.0505 246 346 501 576 7 0.0503 381 278 643 522 8 0.0502 248 345 491 581 11 0.0501 574 490 831 718
gsm1lfZbT0xTFOb9psxH3I9umgpywsN8,5 0.0613 195 784 433 1018 11 0.0613 441 460 695 692 7 0.0607 199 786 440 1023 7 0.0586 440 588 696 831 0 0.0586 331 676 698 862 11 0.0584 195 785 439 1020 7 0.0583 258 710 500 960 11 0.0583 325 675 698 860 8 0.0582 438 651 687 894 13 0.0578 261 792 504 1023 11 0.0575 500 723 754 961 8 0.0570 260 788 495 1023 5 0.0569 313 709 563 959 0 0.0566 196 788 435 1022 7 0.0565 450 458 697 691 10 0.0562 194 790 434 1019 8 0.0559 578 729 826 963 11 0.0557 253 713 497 954 6 0.0551 260 795 501 1023 13 0.0551 333 677 704 861 8 0.0551 318 711 560 967 10 0.0551 439 654 691 890 0 0.0541 578 731 831 967 5 0.0541 577 726 825 962 5 0.0538 326 675 695 858 13 0.0535 509 726 762 966 13 0.0529 320 713 570 969 0 0.0529 443 462 693 695 2 0.0529 256 793 502 1023 7 0.0527 507 720 761 963 3 0.0525 336 677 699 866 8 0.0524 435 528 686 765 11 0.0522 303 529 560 766 6 0.0522 251 655 506 897 0 0.0521 256 709 499 961 10 0.0520 308 655 564 900 6 0.0519 319 715 568 965 5 0.0518 245 648 501 893 6 0.0514 581 732 833 964 3 0.0512 260 710 498 966 6 0.0512 440 653 697 894 2 0.0510 315 714 570 963 5 0.0508 432 712 684 958 10 0.0508 369 592 623 831 5 0.0503 303 584 568 825 8 0.0503 366 590 617 831
AB3bJ7MojlgVD8i6YN1fBCgpmf4CvO3p,7 0.0628 373 526 633 771 0 0.0621 320 610 684 797 8 0.0615 324 610 674 795 6 0.0596 374 529 632 768 11 0.0596 369 530 626 771 11 0.0591 557 598 817 824 5 0.0587 366 522 626 768 0 0.0585 559 595 811 828 2 0.0584 372 533 626 770 0 0.0572 243 529 502 775 5 0.0572 557 594 810 825 3 0.0562 370 530 629 775 10 0.0562 324 614 681 794 11 0.0561 751 3 1023 202 5 0.0561 240 530 495 769 8 0.0560 246 531 489 770 11 0.0558 304 459 566 697 8 0.0556 560 593 806 824 0 0.0551 303 456 567 699 7 0.0551 565 593 819 826 7 0.0550 307 452 574 694 13 0.0544 324 610 692 796 11 0.0543 242 535 496 770 8 0.0543 305 454 561 694 6 0.0541 309 457 572 698 6 0.0539 560 598 817 825 7 0.0533 246 531 503 772 3 0.0524 561 598 813 830 0 0.0521 676 594 944 828 6 0.0516 245 533 505 772 0 0.0516 755 0 1023 200 5 0.0515 300 451 567 696 13 0.0513 561 595 821 827 9 0.0510 368 529 625 765 10 0.0505 558 597 815 828 10 0.0504 301 461 568 700 1 0.0503 368 521 626 772 3 0.0503 319 396 577 631 12 0.0502 371 528 630 771
Vboh9DnbNDVWAoXn22R9ZBwY3WOZxWKz,8 0.0687 146 356 472 540 7 0.0605 0 12 258 261 8 0.0605 158 470 421 706 13 0.0598 130 77 380 313 5 0.0597 60 0 315 238 8 0.0596 317 319 568 561 13 0.0592 70 10 326 241 7 0.0587 317 320 580 564 11 0.0587 167 287 450 515 13 0.0586 189 140 446 381 5 0.0579 0 77 243 316 5 0.0578 148 466 426 704 3 0.0574 55 78 309 305 13 0.0571 188 2 433 240 11 0.0571 387 274 649 490 6 0.0568 190 2 432 236 11 0.0568 311 323 578 561 5 0.0566 179 0 426 237 13 0.0563 1 89 253 319 0 0.0561 173 283 454 522 5 0.0558 35 159 313 363 7 0.0556 186 0 435 241 13 0.0553 46 165 329 366 10 0.0551 139 364 488 542 2 0.0550 184 4 428 243 8 0.0544 186 1 422 239 2 0.0544 66 9 314 244 5 0.0543 110 298 393 529 11 0.0543 0 88 246 312 10 0.0542 52 82 307 297 5 0.0539 124 65 375 309 3 0.0536 317 321 577 566 0 0.0533 0 12 256 259 8 0.0527 66 6 310 242 0 0.0526 314 318 576 566 13 0.0526 120 300 407 534 6 0.0526 71 4 321 242 8 0.0524 112 238 367 464 13 0.0521 387 327 654 565 8 0.0519 307 442 557 679 11 0.0518 181 3 430 239 13 0.0517 309 447 576 685 8 0.0517 4 82 238 317 3 0.0514 190 4 430 247 1 0.0513 63 1 316 240 3 0.0513 159 471 423 713 6 0.0512 177 289 456 514 11 0.0510 63 5 316 240 6 0.0509 136 72 380 310 5 0.0507 306 315 572 560 5 0.0505 300 433 561 683 8 0.0505 385 266 643 494 3 0.0505 146 358 485 543 7 0.0504 144 358 490 541 0 0.0502 185 0 427 239 11 0.0501 147 478 430 702
cIRJg51wm7trTTgEEO6xWIvtMPQJRgLM,5 0.0558 180 326 444 568 11 0.0553 191 183 456 423 6 0.0541 760 136 1023 387 11 0.0537 117 412 377 646 11 0.0535 182 331 450 567 5 0.0530 752 128 1020 383 0 0.0528 754 138 1023 390 7 0.0525 755 135 1023 385 8 0.0522 753 136 1012 383 7 0.0519 133 463 379 719 5 0.0518 121 460 374 713 11 0.0517 752 138 1023 379 8 0.0517 122 406 364 653 11 0.0514 445 204 713 422 11 0.0508 570 139 824 369 0 0.0508 186 333 447 573 5 0.0506 503 388 765 628 8 0.0501 383 332 630 562
QJyUYt0P4EXQ3VZbczcB7janvzTXF8J8,5 0.0677 175 576 434 824 0 0.0665 315 540 568 778 0 0.0643 179 579 439 828 8 0.0639 317 541 560 770 11 0.0638 314 541 567 771 7 0.0638 106 584 372 816 5 0.0638 242 640 494 896 11 0.0638 242 645 498 897 5 0.0629 250 528 498 762 6 0.0624 180 582 442 825 0 0.0622 246 644 497 902 11 0.0620 100 586 366 813 7 0.0613 319 540 571 770 11 0.0606 566 593 816 819 8 0.0606 181 583 433 824 8 0.0602 247 644 493 898 6 0.0601 256 536 505 765 7 0.0599 249 645 502 898 11 0.0590 185 526 443 759 6 0.0590 249 645 500 899 3 0.0585 315 540 566 778 7 0.0579 578 590 824 822 0 0.0577 571 591 816 826 3 0.0576 182 584 437 831 8 0.0574 570 589 809 823 7 0.0571 187 522 443 761 7 0.0568 252 466 509 695 10 0.0568 253 538 500 762 3 0.0567 250 644 498 905 10 0.0563 95 590 365 815 11 0.0563 169 723 422 962 11 0.0557 316 787 553 1020 8 0.0555 384 781 611 1022 13 0.0551 258 532 509 764 5 0.0547 306 458 558 693 13 0.0546 253 644 506 900 2 0.0545 256 539 499 765 7 0.0543 308 390 568 619 11 0.0540 274 416 641 595 2 0.0539 247 648 497 897 5 0.0539 314 780 550 1020 5 0.0539 565 595 813 819 13 0.0538 575 595 824 824 5 0.0537 0 206 250 440 10 0.0537 308 468 560 693 2 0.0534 179 584 438 828 10 0.0533 568 596 814 823 5 0.0530 94 645 353 886 8 0.0528 171 716 420 965 8 0.0528 3 207 249 438 3 0.0525 253 469 504 706 0 0.0525 317 785 552 1023 7 0.0525 319 784 558 1022 6 0.0523 315 468 565 694 5 0.0523 167 715 424 962 8 0.0521 102 647 350 885 13 0.0515 178 720 437 967 13 0.0515 183 583 447 827 0 0.0515 171 720 426 970 11 0.0515 0 214 257 434 6 0.0512 178 722 432 966 7 0.0512 175 718 432 966 13 0.0510 320 788 562 1023 2 0.0510 571 597 820 824 12 0.0507 181 578 439 828 6 0.0503 105 649 360 885 6 0.0501 4 210 264 439
lztB9plvJ6iVoznadyljrlRbm20ftoxy,7 0.0562 375 396 638 635 7 0.0561 314 796 556 1023 8 0.0545 310 796 545 1020 3 0.0542 448 2 716 216 6 0.0535 331 81 568 321 11 0.0531 308 798 553 1022 11 0.0530 375 396 631 630 0 0.0529 313 798 552 1023 11 0.0528 375 24 642 255 0 0.0524 373 392 632 638 8 0.0522 382 393 630 631 5 0.0514 373 18 636 255 0 0.0510 381 151 627 388 8 0.0510 323 26 569 275 8 0.0507 322 137 558 383 11 0.0506 545 741 823 940 13 0.0504 315 798 560 1023 7 0.0500 381 18 647 258
RuxMx5fHFy3lBUfaRWeYPqWYY0xaR2v0,8 0.0620 115 469 385 728 0 0.0587 107 336 459 530 5 0.0586 180 458 447 702 0 0.0579 113 472 393 725 8 0.0577 109 335 451 531 11 0.0572 185 461 452 702 7 0.0563 118 470 397 723 11 0.0551 355 724 623 956 0 0.0549 261 264 515 494 6 0.0547 189 457 455 704 11 0.0546 192 278 444 506 6 0.0544 112 331 467 528 8 0.0532 0 486 266 711 5 0.0529 190 274 440 512 3 0.0528 185 464 447 711 0 0.0521 306 712 571 964 8 0.0521 304 718 561 965 11 0.0517 235 721 509 961 0 0.0512 571 544 816 779 7 0.0511 308 721 580 963 8 0.0510 574 539 809 774 11 0.0508 572 537 817 772 7 0.0503 199 273 443 510 13 0.0502 109 334 472 530
sFwpKcUoc1isiWUisyTLqmyvWnRt4MSx,14 1.0 0 0 1 1
VjIVNfygVXRqoD5rVqr8s32z7YwQ90g9,11 0.0654 428 156 697 383 11 0.0652 436 280 698 521 6 0.0646 433 156 697 384 11 0.0644 178 401 439 635 3 0.0633 303 141 555 379 11 0.0632 365 87 627 321 8 0.0626 512 269 754 516 6 0.0618 372 88 631 321 5 0.0617 294 136 552 372 8 0.0616 430 154 689 387 3 0.0614 359 349 705 533 7 0.0614 357 347 709 529 8 0.0612 254 471 503 705 5 0.0610 367 79 622 321 5 0.0609 247 401 505 637 6 0.0608 440 279 701 522 3 0.0606 255 408 509 646 0 0.0606 118 333 374 581 11 0.0605 120 478 374 711 3 0.0604 438 225 698 465 13 0.0602 303 141 561 375 8 0.0601 355 348 700 528 5 0.0600 347 344 703 527 0 0.0598 438 277 694 526 6 0.0598 251 406 514 641 8 0.0598 369 86 619 324 11 0.0597 118 335 377 579 8 0.0595 179 538 431 769 11 0.0595 310 477 577 708 11 0.0594 296 144 555 374 6 0.0593 302 141 559 375 6 0.0593 186 477 442 705 0 0.0592 182 403 440 642 11 0.0590 247 598 508 843 5 0.0588 426 148 692 383 8 0.0588 184 399 433 639 8 0.0587 262 0 507 211 7 0.0586 437 224 701 461 11 0.0586 277 2 636 163 0 0.0586 250 594 507 845 0 0.0586 430 153 693 388 0 0.0585 253 471 509 707 6 0.0584 245 532 511 772 3 0.0583 315 475 578 715 7 0.0580 314 470 582 710 8 0.0578 124 475 367 715 5 0.0577 109 400 366 636 7 0.0576 255 405 511 640 6 0.0575 119 404 376 645 3 0.0572 516 271 762 522 8 0.0572 120 328 371 585 5 0.0571 272 0 637 162 7 0.0570 363 152 628 384 3 0.0568 374 86 629 326 6 0.0567 509 331 769 582 8 0.0567 253 594 501 844 10 0.0565 435 226 699 461 10 0.0563 369 87 629 324 5 0.0562 179 469 436 699 11 0.0560 577 263 843 509 11 0.0559 495 101 758 326 2 0.0556 381 13 636 251 13 0.0555 255 471 516 704 6 0.0555 189 596 446 838 13 0.0555 371 87 635 322 8 0.0554 298 141 550 372 5 0.0554 461 284 824 468 10 0.0554 182 407 439 635 7 0.0554 127 471 375 712 7 0.0553 517 270 763 518 6 0.0553 312 477 580 710 7 0.0553 247 527 511 773 3 0.0552 186 474 437 711 0 0.0552 380 12 632 252 13 0.0551 436 225 702 462 0 0.0551 182 200 432 443 5 0.0549 174 196 425 433 3 0.0548 285 0 647 165 7 0.0547 384 9 635 250 11 0.0546 123 598 385 838 5 0.0545 181 591 438 835 10 0.0544 300 144 557 374 7 0.0543 189 592 445 841 5 0.0542 236 527 504 769 13 0.0542 184 400 443 641 7 0.0542 318 79 568 307 0 0.0541 124 480 374 713 5 0.0540 303 468 575 707 10 0.0538 355 350 709 528 2 0.0537 429 159 695 388
I1hkxgpeNgQYBLIwUgvhI1sQjV4Vip80,8 0.0628 300 650 549 885 0 0.0623 235 645 492 895 11 0.0606 230 653 490 890 5 0.0604 227 647 484 890 7 0.0596 303 649 559 882 11 0.0590 361 660 627 882 0 0.0569 367 656 633 888 10 0.0569 228 657 489 889 7 0.0566 379 453 632 689 0 0.0555 376 456 625 690 8 0.0554 374 590 621 819 3 0.0547 233 648 487 898 5 0.0546 359 653 625 883 6 0.0541 234 651 490 892 7 0.0529 382 588 635 821 10 0.0520 362 660 629 880 11 0.0520 370 457 626 688 11 0.0517 114 351 382 567 8 0.0513 376 457 616 687 6 0.0513 368 658 632 882 13 0.0508 241 646 496 892 8 0.0502 131 400 365 635
qe75hYK4GOS65VoLndxt9lx67ftZktLb,8 0.0603 121 793 360 1011 0 0.0570 115 799 369 1013 8 0.0549 1 721 244 963 11 0.0549 1 2 260 204 11 0.0542 0 728 249 964 11 0.0531 118 795 366 1004 0 0.0527 0 727 247 970 8 0.0527 180 156 429 385 5 0.0526 377 265 647 510 0 0.0525 0 1 257 205 11 0.0525 378 207 649 433 0 0.0524 379 203 648 440 8 0.0524 3 0 248 200 6 0.0518 315 213 573 441 7 0.0513 3 724 252 970 13 0.0510 390 132 660 372 7 0.0506 119 794 372 1011 5 0.0505 111 794 357 1010 0 0.0501 310 142 571 373 3 0.0501 381 202 651 442
x89phItsIrPT9Vg2YaoSu30T1Ggh4GtM,0 0.0641 499 466 761 716 11 0.0627 492 466 761 709 0 0.0619 407 358 762 535 5 0.0619 555 343 816 575 8 0.0616 562 406 814 644 8 0.0614 329 418 679 602 0 0.0611 330 415 686 604 7 0.0610 436 462 703 710 7 0.0605 334 417 690 606 0 0.0603 564 411 820 648 8 0.0602 495 467 754 716 11 0.0599 562 411 823 644 6 0.0599 501 467 760 714 10 0.0598 329 420 688 604 5 0.0597 494 461 757 713 11 0.0593 326 418 686 602 3 0.0591 498 467 761 717 8 0.0590 409 357 757 535 5 0.0590 246 413 609 601 3 0.0587 414 358 766 538 3 0.0584 330 419 688 607 6 0.0584 331 419 689 603 7 0.0582 412 359 765 536 6 0.0577 570 412 823 644 11 0.0574 431 598 696 834 13 0.0574 568 412 827 644 13 0.0574 500 464 767 712 13 0.0573 411 360 769 535 7 0.0570 569 409 822 648 8 0.0570 243 451 495 703 0 0.0568 305 453 572 702 0 0.0566 430 593 691 837 11 0.0565 407 361 764 533 2 0.0562 502 471 763 712 2 0.0562 412 361 768 535 10 0.0560 495 472 761 716 6 0.0556 410 359 765 535 9 0.0556 404 360 765 534 5 0.0556 616 402 882 642 13 0.0549 332 418 689 603 3 0.0549 569 411 819 651 10 0.0544 407 361 763 535 1 0.0542 325 413 683 604 7 0.0542 438 597 698 836 13 0.0537 441 594 702 837 9 0.0535 497 467 759 712 5 0.0535 307 131 567 366 11 0.0533 571 277 821 503 1 0.0531 404 356 766 534 11 0.0530 311 138 573 364 11 0.0529 302 457 571 699 3 0.0529 437 597 691 840 12 0.0529 334 417 689 604 13 0.0528 312 455 576 703 12 0.0528 417 357 767 533 8 0.0525 307 517 557 766 8 0.0524 434 597 685 835 13 0.0524 315 652 574 902 2 0.0522 331 422 685 603 7 0.0521 306 455 579 703 11 0.0519 308 656 564 894 0 0.0519 631 354 886 588 4 0.0518 408 360 770 534 13 0.0518 249 581 517 831 0 0.0516 574 278 821 507 12 0.0515 571 411 825 644 2 0.0514 569 416 822 646 9 0.0512 325 417 686 599 10 0.0510 624 412 887 637 10 0.0506 304 460 574 702 6 0.0505 579 277 826 503 3 0.0504 578 278 821 514 11 0.0502 238 787 498 1021 6 0.0501 437 596 696 835 0 0.0501 311 136 571 372
q29PaMuMbpwCVw17ClQJNNkGSAnGC3ki,14 1.0 0 0 1 1
0JvPUilgmf8R9c0ZJu6ixcWIWiaLjYQV,13 0.0573 192 802 452 1023 0 0.0557 389 669 642 898 7 0.0547 188 800 451 1023 8 0.0541 388 667 630 894 11 0.0540 440 674 697 905 11 0.0539 309 683 569 900 11 0.0535 305 805 576 1023 11 0.0535 181 805 443 1023 3 0.0532 379 733 629 965 5 0.0532 381 661 636 896 8 0.0528 186 800 436 1023 10 0.0524 443 671 699 903 3 0.0523 445 668 697 910 8 0.0520 312 733 563 959 0 0.0513 440 589 694 835 11 0.0512 372 735 632 956 10 0.0509 314 682 565 904 5 0.0501 303 728 566 957 0 0.0500 308 732 573 960
REMEOgFEiTcXbAN0kYHikAzOkLOS7zhQ,11 0.0626 707 271 952 507 11 0.0618 776 319 1017 562 0 0.0596 712 269 950 511 8 0.0589 780 313 1011 563 0 0.0588 779 319 1015 564 8 0.0579 571 146 816 381 8 0.0574 511 210 762 447 6 0.0569 719 270 954 509 11 0.0566 320 330 585 564 0 0.0563 639 142 874 377 11 0.0562 173 460 442 713 11 0.0562 630 142 877 372 5 0.0560 510 207 765 441 11 0.0560 247 404 520 640 5 0.0559 777 312 1014 563 5 0.0557 245 398 514 641 8 0.0557 177 401 432 644 5 0.0556 568 143 823 376 11 0.0555 509 212 769 444 11 0.0552 302 597 566 825 7 0.0551 783 316 1022 565 11 0.0550 391 268 651 496 11 0.0549 450 331 708 578 0 0.0548 325 266 569 501 6 0.0544 782 317 1023 564 11 0.0542 314 460 583 710 6 0.0541 518 213 771 444 6 0.0539 328 267 574 502 8 0.0538 713 267 943 510 7 0.0538 714 267 956 511 5 0.0536 438 143 704 374 5 0.0535 228 267 497 502 6 0.0535 252 404 520 644 8 0.0532 322 397 579 643 11 0.0532 311 207 571 425 10 0.0531 322 272 571 499 7 0.0530 454 211 704 446 10 0.0530 515 216 769 444 7 0.0527 308 589 570 827 3 0.0526 784 316 1020 571 2 0.0525 779 321 1017 565 6 0.0523 317 462 587 712 13 0.0523 775 258 1023 508 3 0.0523 572 149 824 386 3 0.0520 513 213 768 453 5 0.0519 709 264 947 508 0 0.0519 517 212 770 445 10 0.0519 249 405 516 641 6 0.0519 577 147 832 376 7 0.0518 179 455 438 715 8 0.0517 397 328 638 572 6 0.0516 455 272 708 510 6 0.0513 308 592 569 825 5 0.0513 312 457 579 713 3 0.0512 715 268 951 515 5 0.0511 309 201 561 424 12 0.0511 779 316 1023 565 11 0.0511 232 276 508 500 5 0.0511 302 590 558 826 7 0.0509 326 266 570 503 8 0.0509 245 340 507 573 7 0.0507 572 144 827 380 7 0.0507 323 454 584 714 0 0.0507 247 402 518 643 7 0.0506 254 400 514 644 7 0.0506 399 324 652 575 0 0.0506 387 198 639 431 3 0.0505 395 269 649 506 2 0.0505 249 407 515 645 0 0.0504 453 328 703 580 5 0.0504 170 455 437 717 8 0.0504 306 593 557 828 13 0.0503 515 215 777 447 8 0.0502 389 200 636 431 13 0.0502 392 328 657 575 11 0.0500 382 140 648 368
XbwaSLTxd63ehE4y2mXCxeYUyABpXVCg,11 0.0658 372 399 629 639 8 0.0642 322 458 569 709 11 0.0629 249 396 505 639 0 0.0614 426 397 681 635 3 0.0608 430 398 677 635 11 0.0606 442 342 694 572 6 0.0603 433 397 682 635 7 0.0603 376 395 632 642 8 0.0602 250 399 496 646 11 0.0601 419 512 683 753 8 0.0598 444 338 686 580 7 0.0596 441 12 699 250 5 0.0589 496 66 759 292 8 0.0588 440 12 691 255 13 0.0585 446 341 695 577 13 0.0580 324 461 584 709 11 0.0580 434 14 696 247 5 0.0578 369 395 626 643 0 0.0578 420 508 684 762 0 0.0575 435 12 694 256 5 0.0569 248 392 501 642 11 0.0565 188 329 434 563 10 0.0564 371 401 628 642 7 0.0562 253 394 507 643 2 0.0560 431 401 677 635 0 0.0559 371 84 639 325 10 0.0556 436 17 697 254 5 0.0556 439 338 686 574 13 0.0555 509 15 767 249 8 0.0553 189 325 426 571 11 0.0552 370 84 637 318 6 0.0550 441 13 698 253 3 0.0549 443 12 697 256 8 0.0547 379 84 629 322 8 0.0544 423 509 677 760 5 0.0543 187 326 430 562 3 0.0543 251 401 501 647 5 0.0538 419 506 678 762 0 0.0533 504 344 762 580 7 0.0532 450 339 694 578 6 0.0531 428 509 684 762 13 0.0530 426 513 688 761 1 0.0524 369 393 625 643 9 0.0523 370 398 627 639 5 0.0523 371 79 633 322 5 0.0522 174 450 432 709 3 0.0521 427 512 684 767 2 0.0521 438 17 697 254 7 0.0521 429 508 686 764 10 0.0518 443 345 690 576 10 0.0517 376 90 633 325 6 0.0516 253 397 505 643 13 0.0515 438 79 713 309 10 0.0515 251 404 499 643 7 0.0513 196 323 436 566 8 0.0509 15 546 257 779 12 0.0508 432 398 679 637 3 0.0507 507 344 758 583 6 0.0506 511 344 766 576
xQMqGCVeGJOt2dN8YzWGbOSvWrxwJIbB,11 0.0628 771 403 1023 656 13 0.0586 778 400 1023 659 3 0.0577 725 363 1023 549 8 0.0577 720 417 1013 608 5 0.0573 714 362 1020 541 13 0.0543 648 210 897 457 0 0.0541 721 422 1023 608 11 0.0536 638 212 890 455 6 0.0534 643 212 891 457 6 0.0533 729 364 1023 544 7 0.0532 644 208 895 458 7 0.0528 776 399 1023 656 8 0.0523 642 211 882 452 3 0.0515 645 213 889 463 10 0.0509 724 367 1023 545 2 0.0506 727 366 1023 544 0 0.0504 642 210 889 457
RCm4sTB4JCzxwAELqrrUULB7G2snEyh3,0 0.0671 61 392 315 636 11 0.0648 107 272 377 513 8 0.0647 114 267 373 515 8 0.0646 60 392 309 635 11 0.0644 442 520 689 757 8 0.0644 580 460 814 710 3 0.0640 123 335 370 583 11 0.0638 129 406 379 638 0 0.0637 120 204 379 460 11 0.0620 578 461 819 710 5 0.0617 126 398 379 642 8 0.0617 385 524 632 757 11 0.0616 451 389 706 629 5 0.0615 445 382 701 636 7 0.0613 458 386 713 637 5 0.0612 383 648 627 900 7 0.0610 126 337 374 576 8 0.0608 510 519 749 755 0 0.0607 126 466 376 712 5 0.0605 508 450 758 704 0 0.0604 556 346 818 577 6 0.0603 122 339 372 578 6 0.0603 386 530 639 753 8 0.0602 386 653 626 906 11 0.0601 384 656 631 902 8 0.0598 442 449 692 700 7 0.0598 449 517 695 758 7 0.0596 195 260 444 503 3 0.0592 517 457 760 709 8 0.0591 505 387 752 639 2 0.0590 453 397 708 637 7 0.0589 517 456 763 707 5 0.0587 440 511 687 753 7 0.0587 128 462 375 711 8 0.0587 190 401 435 642 0 0.0584 511 516 754 758 5 0.0582 362 784 622 1021 2 0.0582 390 535 635 757 0 0.0579 388 526 636 757 5 0.0576 108 267 375 510 3 0.0575 123 208 376 463 6 0.0574 194 263 446 502 8 0.0573 117 136 377 390 13 0.0567 125 336 378 579 5 0.0566 555 340 811 575 6 0.0566 456 393 716 635 11 0.0565 431 791 690 1017 6 0.0562 517 460 763 700 2 0.0558 123 208 379 458 2 0.0558 515 461 760 703 0 0.0557 194 402 443 643 11 0.0555 183 197 447 432 8 0.0551 125 465 366 711 6 0.0551 194 404 441 637 3 0.0550 448 517 693 762 10 0.0549 120 342 373 576 3 0.0549 454 387 709 642 3 0.0548 191 402 441 646 7 0.0546 438 784 693 1023 7 0.0546 199 400 443 645 7 0.0541 394 653 634 906 11 0.0541 307 790 568 1018 7 0.0541 561 343 822 575 0 0.0538 448 336 702 577 11 0.0538 176 660 449 887 6 0.0537 126 463 374 708 11 0.0536 124 527 383 761 0 0.0535 390 650 632 902 6 0.0535 391 658 634 899 12 0.0535 123 333 374 574 13 0.0533 393 654 639 904 10 0.0531 511 459 759 704 3 0.0531 391 650 632 909 10 0.0530 117 212 379 457 2 0.0529 388 661 633 903 5 0.0529 295 0 585 243 5 0.0529 433 714 698 969 9 0.0528 440 515 690 748 11 0.0527 542 356 890 535 10 0.0527 442 519 692 757 13 0.0526 579 460 827 710 9 0.0524 511 457 761 699 2 0.0524 119 339 368 576
apYdltub8b2WrCrbsZ5h4xGFO1m6NiVh,0 0.0604 243 335 491 584 11 0.0578 328 420 690 596 11 0.0577 504 403 769 638 0 0.0575 450 148 697 378 0 0.0566 455 482 851 650 5 0.0561 298 322 557 559 6 0.0555 511 396 775 639 11 0.0552 0 598 231 834 13 0.0548 308 328 567 569 7 0.0546 509 397 769 639 5 0.0546 324 415 683 596 6 0.0545 454 148 702 372 0 0.0544 306 257 557 498 8 0.0542 457 483 840 652 10 0.0539 41 533 292 764 6 0.0536 308 327 566 562 3 0.0536 510 401 766 645 11 0.0533 109 525 369 756 6 0.0532 337 417 696 598 10 0.0531 504 405 770 640 5 0.0531 108 519 361 760 5 0.0530 444 144 696 371 11 0.0528 300 328 565 563 0 0.0527 620 594 889 841 8 0.0526 336 417 679 597 3 0.0525 337 418 688 601 6 0.0524 460 464 716 705 8 0.0524 116 524 360 762 3 0.0522 121 522 364 768 8 0.0521 304 326 554 564 11 0.0520 623 595 886 830 13 0.0520 509 401 776 641 7 0.0518 308 254 556 492 13 0.0518 456 146 703 374 7 0.0518 623 592 894 838 2 0.0516 459 486 854 650 13 0.0516 341 421 700 602 10 0.0515 301 334 561 564 13 0.0513 116 521 373 762 0 0.0509 329 417 689 602 0 0.0509 39 528 289 769 5 0.0506 451 477 851 649 8 0.0506 563 62 811 286 8 0.0506 453 144 688 373 5 0.0505 309 465 561 699 7 0.0504 243 332 496 580 11 0.0502 376 465 637 698 7 0.0501 339 417 693 601
jzyHwRLDWytxHDHo6aRBMGguUqN3mSsT,7 0.0659 265 724 507 954 0 0.0593 256 729 504 956 7 0.0583 452 744 697 959 11 0.0578 438 750 697 956 11 0.0577 251 729 505 952 0 0.0575 305 330 565 566 11 0.0569 245 394 506 623 11 0.0560 302 329 568 559 0 0.0557 237 465 503 699 5 0.0554 253 723 497 957 7 0.0553 316 656 563 880 8 0.0552 309 660 546 880 8 0.0543 255 730 497 954 0 0.0530 441 745 692 966 8 0.0530 250 394 500 628 11 0.0528 303 660 557 878 7 0.0526 309 326 567 564 10 0.0523 254 734 505 955 5 0.0519 306 655 550 880 0 0.0518 308 657 559 881 5 0.0506 297 326 561 559
NlSIqK3nC9icZenax8mVbJ702XQbZVuf,11 0.0554 639 270 891 491 11 0.0554 387 277 651 493 8 0.0552 524 279 760 508 11 0.0547 523 281 769 503 6 0.0547 646 147 876 376 8 0.0546 389 277 639 496 0 0.0542 512 343 769 583 11 0.0539 453 335 710 561 7 0.0535 393 276 651 493 3 0.0533 578 264 815 500 11 0.0533 563 415 818 646 8 0.0526 458 334 700 563 11 0.0520 569 204 818 436 0 0.0516 457 279 712 503 11 0.0515 636 150 871 375 5 0.0513 324 193 571 417 11 0.0511 316 336 576 560 8 0.0509 507 399 746 634 5 0.0509 569 260 813 492 3 0.0508 390 275 646 503 0 0.0508 575 206 816 441 5 0.0507 394 139 632 362 7 0.0503 359 409 725 597 7 0.0502 517 342 769 578 13 0.0501 335 272 605 504
V2vcgvMRHubkWzgYdAjGYNj61xYsUPDe,11 0.0603 186 664 443 901 8 0.0597 373 659 636 905 0 0.0595 187 661 445 911 8 0.0571 251 655 503 907 7 0.0563 191 660 446 907 10 0.0547 184 666 445 904 0 0.0546 238 382 493 633 11 0.0545 423 677 699 908 11 0.0538 500 601 760 834 11 0.0536 301 662 571 897 7 0.0535 310 657 578 899 0 0.0532 305 660 577 906 3 0.0521 192 662 445 912 6 0.0520 193 665 448 908 11 0.0515 66 276 330 499 5 0.0514 420 672 692 910 8 0.0511 503 599 752 834 7 0.0510 432 674 707 910 11 0.0508 258 730 506 963 5 0.0506 182 658 440 904 0 0.0504 250 259 508 492 8 0.0502 261 323 496 558
FttcWGEZUpKeyo4GDJflaWKtwyAsD5sM,5 0.0658 190 709 430 967 0 0.0656 205 673 563 856 7 0.0646 125 656 377 895 0 0.0645 123 655 377 898 8 0.0645 125 655 369 894 0 0.0637 193 714 434 969 11 0.0628 135 672 489 851 5 0.0623 119 653 374 894 7 0.0616 195 715 435 967 10 0.0614 132 673 491 852 11 0.0609 191 716 434 964 8 0.0598 191 596 434 833 3 0.0595 126 657 377 897 8 0.0592 193 714 429 965 5 0.0589 187 592 438 833 6 0.0586 127 659 379 893 3 0.0583 196 715 434 972 5 0.0579 183 272 434 505 7 0.0576 195 593 445 833 11 0.0557 252 278 505 499 3 0.0555 194 594 441 839 6 0.0553 194 715 436 968 8 0.0553 192 273 427 509 5 0.0550 245 337 498 556 8 0.0550 66 544 314 774 13 0.0549 193 275 445 510 10 0.0545 190 718 435 964 0 0.0544 185 276 439 507 11 0.0541 178 343 453 559 13 0.0540 141 670 501 856 13 0.0538 196 714 437 969 6 0.0537 187 276 444 505 7 0.0534 134 524 387 759 9 0.0533 122 657 376 893 6 0.0532 207 675 567 852 7 0.0531 189 274 441 505 11 0.0529 115 403 386 622 1 0.0529 120 654 373 895 2 0.0523 184 671 438 911 3 0.0512 189 276 437 511 6 0.0512 118 397 385 624 6 0.0511 130 531 384 760 8 0.0511 14 415 265 652 0 0.0510 249 342 501 560 7 0.0509 248 341 503 560 1 0.0507 188 593 441 835 0 0.0505 133 529 381 764 9 0.0503 190 715 433 962 5 0.0501 11 411 269 652 9 0.0500 189 596 441 829
TGliXwz7Wib4DZmwsMIfMHOm85Xf5HPX,7 0.0645 189 710 432 961 5 0.0633 185 709 427 956 0 0.0622 190 650 442 907 11 0.0601 184 713 430 957 8 0.0590 188 653 435 903 6 0.0588 188 654 444 904 0 0.0580 305 654 561 909 7 0.0571 249 653 504 904 11 0.0558 297 589 550 827 3 0.0557 190 712 431 964 6 0.0554 307 656 565 903 10 0.0553 185 716 433 958 8 0.0548 306 657 555 903 7 0.0544 305 588 557 825 0 0.0536 307 518 550 758 13 0.0533 187 652 448 905 0 0.0515 311 385 569 613 12 0.0514 193 710 431 960 2 0.0512 188 716 432 961 13 0.0502 306 656 571 904 5 0.0501 295 584 547 825 11 0.0501 308 383 566 608
IjydSJuIdZ0NH38QoG0Qt4R5clEdCjS1,5 0.0685 432 745 692 971 11 0.0607 377 728 635 956 0 0.0600 475 795 740 1012 3 0.0598 437 750 697 974 8 0.0592 433 751 687 970 11 0.0588 392 394 641 626 7 0.0575 479 790 742 1016 0 0.0561 390 454 642 698 10 0.0557 433 755 695 968 5 0.0552 382 668 632 895 0 0.0551 380 722 633 961 3 0.0541 388 672 634 902 7 0.0539 382 724 635 960 11 0.0539 472 799 739 1008 7 0.0538 395 456 643 698 10 0.0536 387 673 635 894 13 0.0532 398 393 650 632 13 0.0530 440 754 704 973 6 0.0526 400 393 647 629 5 0.0525 389 388 640 628 6 0.0524 383 726 638 957 8 0.0520 4 14 225 269 5 0.0518 564 385 824 627 13 0.0518 390 673 639 900 3 0.0516 397 395 646 635 8 0.0516 568 388 819 627 8 0.0514 383 669 631 897 8 0.0509 393 455 633 697 2 0.0505 440 754 699 975 0 0.0502 5 3 252 208 11 0.0501 570 388 831 624 11 0.0500 4 0 255 204
EKKQJfnoic5L0FbAKPwmfJxRqr2vC8dc,5 0.0584 372 404 631 642 2 0.0575 377 348 623 566 0 0.0562 1 722 255 963 7 0.0562 381 409 635 645 11 0.0542 373 415 633 643 0 0.0542 380 412 629 646 11 0.0540 0 729 254 954 3 0.0531 382 411 633 652 0 0.0527 316 474 559 729 8 0.0527 381 410 623 644 5 0.0525 302 336 554 574 7 0.0521 318 473 563 728 8 0.0515 6 721 247 958 11 0.0513 229 423 507 649 5 0.0512 311 471 558 721 13 0.0510 380 349 631 573 6 0.0510 386 463 639 698 11 0.0505 3 609 247 826 6 0.0503 383 344 633 566 11 0.0500 311 478 562 724
x8xEfQKi44K7C1j1t7FvIInEmlW4SFKA,11 0.0605 634 413 897 657 6 0.0594 775 327 1023 574 0 0.0593 708 336 968 578 11 0.0590 770 332 1023 577 8 0.0584 427 390 684 642 11 0.0582 510 589 770 827 8 0.0576 634 413 887 655 8 0.0575 770 328 1017 579 0 0.0570 425 390 694 649 7 0.0565 570 401 831 647 5 0.0563 764 322 1022 578 6 0.0562 447 332 701 579 6 0.0562 381 526 639 763 0 0.0561 635 414 897 654 0 0.0561 374 528 636 772 3 0.0560 572 404 830 654 0 0.0557 504 592 774 832 5 0.0550 628 408 891 653 10 0.0549 421 392 696 648 0 0.0548 504 333 753 573 0 0.0547 631 285 890 521 6 0.0546 713 403 965 649 7 0.0546 382 526 639 768 8 0.0546 375 529 626 767 13 0.0545 445 331 707 580 7 0.0543 507 332 757 573 6 0.0542 577 404 833 646 13 0.0540 571 404 833 645 11 0.0534 504 337 756 569 5 0.0532 372 523 632 763 10 0.0528 569 408 825 642 0 0.0528 335 148 587 374 5 0.0527 324 141 581 365 3 0.0526 774 328 1023 586 8 0.0525 307 584 557 834 10 0.0525 769 335 1023 574 7 0.0524 431 390 699 648 3 0.0524 509 336 758 580 11 0.0524 370 529 635 767 7 0.0523 773 329 1023 578 5 0.0523 309 580 563 823 8 0.0521 568 338 815 573 5 0.0519 504 586 770 829 5 0.0517 417 386 689 645 8 0.0515 509 585 759 826 2 0.0515 509 340 754 573 13 0.0515 372 463 636 714 2 0.0514 570 410 829 646 13 0.0511 711 405 969 651 7 0.0508 512 588 778 828 5 0.0508 444 272 697 510 11 0.0507 424 393 696 644 3 0.0506 428 389 696 653 13 0.0505 774 327 1023 580 3 0.0505 382 526 633 773 7 0.0505 641 340 906 586 3 0.0502 645 346 904 596 13 0.0501 516 589 777 830 6 0.0501 339 150 588 370
4I18N6nQIXjjvYkSAsgmK9EGGauoYnat,11 0.0695 430 666 698 903 0 0.0656 135 670 506 849 11 0.0648 141 669 505 848 5 0.0647 182 711 429 955 7 0.0631 190 716 435 956 8 0.0631 267 670 639 855 7 0.0626 273 667 651 853 0 0.0621 186 715 430 959 11 0.0617 185 716 431 954 7 0.0612 500 671 761 915 7 0.0603 501 800 763 1023 5 0.0602 495 800 751 1018 0 0.0600 498 804 758 1023 11 0.0600 498 802 757 1020 8 0.0596 501 801 752 1023 10 0.0591 135 671 501 849 8 0.0589 186 713 428 956 6 0.0586 188 717 436 956 5 0.0586 257 667 637 853 11 0.0582 492 611 763 839 0 0.0581 434 668 695 908 3 0.0569 191 717 431 962 6 0.0567 265 669 649 856 3 0.0565 147 671 505 852 2 0.0558 266 672 644 855 2 0.0554 186 718 432 960 7 0.0553 513 543 765 759 13 0.0551 265 669 653 856 10 0.0548 183 718 431 956 3 0.0542 438 667 696 912 7 0.0542 321 388 566 626 9 0.0540 136 668 503 844 5 0.0538 489 674 750 910 6 0.0537 501 809 759 1023 10 0.0537 429 672 697 909 11 0.0536 312 327 566 546 0 0.0535 313 269 569 489 2 0.0534 501 806 760 1023 8 0.0533 492 612 747 844 11 0.0533 754 2 1023 197 13 0.0529 189 715 439 956 1 0.0529 182 711 432 956 0 0.0529 247 331 493 556 0 0.0525 322 390 566 628 11 0.0524 251 268 503 495 1 0.0524 131 666 505 848 13 0.0524 502 806 763 1023 6 0.0521 498 614 759 848 8 0.0521 173 279 433 518 10 0.0521 499 806 759 1023 0 0.0518 175 142 439 374 3 0.0514 503 806 756 1023 0 0.0511 505 549 755 766 5 0.0510 758 0 1019 199 12 0.0510 186 713 433 958 1 0.0508 494 798 759 1023 9 0.0508 184 715 430 951 3 0.0508 317 325 568 553 9 0.0501 492 805 752 1019
FdaZ80YlgKxjigo7er492UQQ9UdrEeHJ,8 0.0623 563 270 815 505 5 0.0623 564 265 820 508 0 0.0609 628 336 899 572 5 0.0600 628 333 897 571 0 0.0597 502 222 763 458 11 0.0588 637 280 902 504 3 0.0568 565 274 822 514 7 0.0567 569 327 833 573 7 0.0566 315 280 555 516 8 0.0561 630 335 889 573 3 0.0556 313 285 557 519 11 0.0554 314 285 557 514 2 0.0553 564 277 821 505 0 0.0553 636 205 895 444 7 0.0553 507 218 768 456 8 0.0551 313 281 551 514 0 0.0546 314 284 556 515 13 0.0546 567 273 828 505 6 0.0545 255 338 512 567 6 0.0544 694 349 955 567 6 0.0543 505 221 765 456 11 0.0540 563 331 830 568 5 0.0537 512 379 760 633 3 0.0536 634 340 900 578 5 0.0534 309 277 551 510 11 0.0529 569 222 822 448 5 0.0529 633 199 896 441 6 0.0528 626 402 903 641 7 0.0525 639 278 907 510 5 0.0516 700 283 944 501 3 0.0514 518 386 763 643 11 0.0514 615 401 901 639 11 0.0512 240 1 496 208 0 0.0510 765 351 1018 566 6 0.0509 568 329 833 570 13 0.0509 626 406 907 640 10 0.0506 570 220 824 452 0 0.0504 626 462 904 710 13 0.0502 526 447 766 688 5 0.0501 621 458 895 704
jMOVmpWs44W6egecQFPYX3Hxh6Ho0h8A,14 1.0 0 0 1 1
s8nMDlP8FOmP02kt0mlmj0z26KfRvggt,14 1.0 0 0 1 1
CtZcBjf8nGuc344rH4LOwJM8ftoNObAZ,14 1.0 0 0 1 1
pU8thXiPWn4vcB84LucWau1sZ9ujGXSo,0 0.0638 56 608 314 844 11 0.0592 441 409 707 639 8 0.0589 385 402 635 642 7 0.0585 442 404 710 641 0 0.0580 442 404 704 643 7 0.0576 380 460 638 700 6 0.0572 442 407 711 642 11 0.0569 375 463 634 699 11 0.0559 57 615 314 840 5 0.0550 431 401 703 638 3 0.0537 381 405 647 648 13 0.0532 432 347 715 581 0 0.0532 254 529 507 773 7 0.0530 128 608 386 843 2 0.0529 60 616 315 840 3 0.0525 62 610 314 850 5 0.0525 124 604 384 837 11 0.0524 371 603 624 839 13 0.0524 60 614 317 844 0 0.0523 378 598 621 842 10 0.0518 60 615 313 837 3 0.0512 375 530 635 774 2 0.0510 380 466 637 702 2 0.0508 443 412 708 640 5 0.0505 369 520 632 761 7 0.0505 437 292 695 522 6 0.0504 62 613 319 841
NHOaUfgAAL21D35gx9ADefZqG7ptqGJK,0 0.0609 187 598 440 842 0 0.0581 311 662 578 912 5 0.0569 185 595 430 836 8 0.0567 191 595 431 839 0 0.0562 9 491 263 717 5 0.0551 319 605 568 852 7 0.0550 191 596 442 841 11 0.0545 184 599 438 836 0 0.0539 255 529 510 773 0 0.0539 398 544 641 782 7 0.0530 403 543 648 781 6 0.0528 189 596 441 835 5 0.0528 392 535 640 777 13 0.0528 185 527 438 772 10 0.0524 187 601 438 838 11 0.0524 395 543 642 776 0 0.0523 192 6 442 256 5 0.0522 249 523 501 768 6 0.0518 259 530 515 771 11 0.0517 8 492 272 708 8 0.0516 316 663 567 909 11 0.0516 323 613 571 852 8 0.0513 398 541 633 778 2 0.0511 258 611 508 850 11 0.0511 253 529 510 769 5 0.0510 241 726 502 967 0 0.0506 346 470 583 710 7 0.0505 351 466 587 708 13 0.0503 301 539 662 728 11 0.0502 338 340 592 568 13 0.0500 257 605 517 849
UkRt6Qdej9g1JVgZjhqZG9Rusvy2R3VQ,0 0.0572 254 35 490 267 11 0.0526 383 81 640 310 8 0.0524 433 85 683 308 0 0.0518 387 22 624 254 8 0.0518 252 102 489 337 8 0.0514 173 720 435 949 11 0.0510 165 781 435 1008 5 0.0509 165 774 430 1003 5 0.0506 388 76 630 315 0 0.0502 319 84 565 316
NAAcmgtUzpEsHsB4sMxoVSQUsC8Zbp51,11 0.0608 399 612 746 793 0 0.0592 398 608 745 797 7 0.0569 408 609 750 797 11 0.0557 417 674 690 900 0 0.0548 421 669 689 904 7 0.0548 428 670 694 905 3 0.0541 426 670 691 907 5 0.0535 419 667 686 905 8 0.0533 407 611 737 796 10 0.0527 404 611 743 795 3 0.0517 408 611 745 801 8 0.0516 424 670 681 905 5 0.0515 398 607 737 797 13 0.0507 427 671 693 906 5 0.0506 571 195 831 435
sqli3q5rg3D9qRlHCS4LKbEeqBQZVUst,11 0.0603 318 394 561 623 11 0.0595 367 458 611 693 5 0.0569 291 452 544 692 0 0.0545 365 459 612 697 0 0.0545 317 394 558 628 0 0.0543 246 329 503 562 8 0.0537 365 458 607 695 7 0.0534 373 457 616 696 5 0.0534 558 470 827 686 3 0.0533 296 457 547 703 7 0.0532 314 329 572 549 11 0.0530 186 413 450 639 5 0.0527 518 531 771 763 8 0.0521 442 136 692 378 5 0.0515 432 135 694 375 8 0.0515 239 461 482 698 11 0.0513 382 146 642 381 11 0.0510 120 485 393 707 10 0.0506 248 338 502 557 13 0.0504 255 405 506 637 8 0.0503 379 52 627 273 0 0.0502 378 201 634 434 11 0.0501 386 789 633 1014
qlTd3Wp8oI1oWqpAiqkuSx1YR1spkceu,11 0.0659 164 593 434 831 7 0.0643 178 522 438 771 0 0.0637 161 593 431 834 5 0.0628 174 332 444 579 8 0.0620 163 593 430 833 0 0.0610 188 204 445 446 5 0.0608 171 525 434 767 11 0.0593 250 441 516 709 11 0.0583 258 200 526 431 6 0.0580 174 529 434 771 8 0.0569 182 331 439 584 11 0.0568 177 336 450 576 6 0.0565 187 266 454 514 0 0.0564 180 335 448 581 13 0.0560 232 583 492 832 3 0.0559 179 337 443 587 3 0.0555 177 533 434 777 5 0.0554 247 440 513 707 8 0.0551 257 442 505 713 7 0.0547 184 330 448 579 7 0.0544 461 521 722 749 13 0.0541 164 666 440 886 2 0.0539 174 534 438 775 0 0.0529 256 441 512 715 0 0.0529 451 525 716 748 7 0.0528 261 438 516 712 13 0.0527 190 266 457 511 5 0.0527 448 513 709 745 8 0.0525 236 665 488 896 0 0.0524 257 260 523 504 8 0.0524 189 204 443 447 13 0.0519 269 393 530 646 8 0.0519 450 522 706 747 10 0.0519 168 533 437 770 11 0.0514 230 670 497 898 3 0.0512 163 666 435 888 0 0.0511 234 666 493 904 6 0.0511 257 441 515 711 5 0.0511 156 658 431 882 5 0.0510 183 203 444 442 2 0.0508 160 667 438 885 6 0.0504 159 665 437 882 8 0.0502 257 262 514 506 5 0.0502 254 255 518 501 3 0.0500 262 265 522 511 2 0.0500 179 340 446 581
iWUH9F6OYRfvxwTOtshqZsBUoe6hSpvt,11 0.0591 638 356 898 593 8 0.0578 575 349 813 590 5 0.0577 631 411 885 651 5 0.0555 567 275 821 517 8 0.0553 643 410 886 655 0 0.0542 638 414 894 657 7 0.0539 582 419 817 650 11 0.0532 576 420 819 642 6 0.0531 648 352 900 589 3 0.0530 646 354 898 603 8 0.0528 641 274 879 518 8 0.0527 448 460 707 709 0 0.0521 316 462 583 700 5 0.0519 700 354 952 591 0 0.0511 450 467 714 709 10 0.0511 638 420 891 655 2 0.0505 579 422 821 648 13 0.0504 587 424 821 647 7 0.0503 639 353 900 596 3 0.0501 575 281 829 528 11 0.0501 253 397 519 632 3 0.0501 587 420 817 654
9QhpsilErZLnElX9CW6OxE4QDnBE6lFy,5 0.0634 394 0 749 152 8 0.0623 371 6 634 252 7 0.0600 406 0 755 154 3 0.0598 404 0 747 154 5 0.0594 291 265 557 503 8 0.0590 382 210 637 447 11 0.0590 307 207 578 445 8 0.0580 248 401 486 632 0 0.0578 245 403 495 631 11 0.0576 278 35 643 215 0 0.0569 371 7 639 254 11 0.0565 430 1 706 188 0 0.0563 377 207 643 450 6 0.0553 315 206 579 448 11 0.0552 385 145 661 377 0 0.0550 297 269 558 507 13 0.0549 378 6 648 251 11 0.0549 245 334 499 562 8 0.0548 314 75 573 311 6 0.0547 253 17 509 247 0 0.0545 317 139 581 385 8 0.0543 777 579 1015 811 3 0.0541 316 204 575 453 6 0.0540 320 76 585 308 5 0.0536 310 140 578 383 10 0.0533 401 3 753 152 13 0.0531 393 142 666 382 11 0.0531 372 466 623 699 13 0.0530 313 205 585 448 6 0.0529 252 332 501 563 6 0.0529 401 0 754 152 2 0.0526 403 3 749 152 8 0.0523 378 461 614 700 7 0.0523 302 268 562 503 8 0.0523 251 14 497 247 7 0.0523 249 397 495 631 0 0.0522 247 17 505 251 11 0.0522 250 138 510 382 10 0.0521 318 146 581 386 3 0.0520 319 78 580 315 3 0.0520 253 19 501 256 9 0.0520 393 0 753 148 10 0.0519 298 278 560 506 1 0.0519 395 0 750 150 5 0.0519 246 15 499 246 3 0.0509 394 142 655 387 3 0.0508 249 336 498 570 5 0.0508 766 577 1018 815 13 0.0506 249 403 500 636 8 0.0506 254 270 493 506 12 0.0502 404 0 754 152 0 0.0501 181 333 426 568 10 0.0501 280 39 651 216
aW4WMliWPon60p7OwnMRQza2PV11kHeg,13 0.0559 313 22 582 260 13 0.0557 455 9 717 243 0 0.0546 447 400 707 632 3 0.0543 521 0 769 209 8 0.0541 455 5 704 248 5 0.0539 198 353 565 531 5 0.0538 504 0 769 198 11 0.0537 235 31 497 264 8 0.0534 242 31 489 266 6 0.0526 706 272 957 499 11 0.0524 303 465 574 699 8 0.0523 207 355 554 535 13 0.0522 248 519 514 759 5 0.0521 503 81 760 309 7 0.0521 515 0 771 202 11 0.0521 445 400 710 625 10 0.0520 179 26 435 259 8 0.0518 509 77 753 313 6 0.0517 501 333 760 560 0 0.0516 512 0 770 204 5 0.0516 235 469 505 706 8 0.0514 442 322 689 562 10 0.0512 454 12 713 244 3 0.0512 386 12 642 264 7 0.0508 241 469 512 712 11 0.0500 372 14 646 255 11 0.0500 507 1 771 203
g6N7lSQuzYN6QZjmsSmC329QCZPJxAa1,5 0.0539 613 0 890 187 8 0.0515 621 0 886 189 3 0.0501 621 0 897 196 7 0.0500 451 384 697 626
UAPjtE2UzlNbKjmb1vOqiwhowAOPwMKf,5 0.0599 370 353 637 577 0 0.0580 328 341 580 581 8 0.0574 386 398 646 633 0 0.0566 389 398 650 635 11 0.0563 378 359 639 582 7 0.0554 378 354 643 581 3 0.0542 383 353 642 587 6 0.0524 326 347 588 579 3 0.0515 468 394 716 631 2 0.0510 381 360 641 583 5 0.0509 0 15 242 254 8 0.0506 384 276 621 504 10 0.0504 383 364 647 579 6 0.0502 386 279 631 500 13 0.0502 384 359 646 582
NjpTbMxbO1X7j8Gb1AMJHGviILErOo15,11 0.0545 60 668 321 897 8 0.0544 68 668 311 896 5 0.0527 258 537 514 768 0 0.0526 326 549 591 781 6 0.0523 265 537 524 768 5 0.0523 0 0 240 212 11 0.0512 322 620 583 849 11 0.0508 0 0 245 214 11 0.0502 319 477 597 694 8 0.0502 260 541 515 771 2 0.0501 264 546 518 776
JCQsKpQJVbQJEbqT98ttk9QonUW9c9Kf,5 0.0674 250 783 493 1019 7 0.0664 257 785 502 1022 8 0.0625 255 782 494 1022 0 0.0615 254 787 501 1023 11 0.0614 253 787 499 1020 6 0.0586 256 792 501 1023 13 0.0585 259 789 505 1023 11 0.0568 369 729 637 948 7 0.0567 374 728 638 952 2 0.0558 255 790 502 1023 0 0.0554 367 731 633 955 10 0.0538 313 790 560 1022 8 0.0535 384 336 634 565 9 0.0535 312 790 559 1020 3 0.0532 318 789 561 1023 8 0.0526 369 729 626 951 11 0.0524 383 335 639 568 5 0.0520 363 727 626 951 5 0.0518 382 332 640 561 7 0.0516 385 336 646 567 6 0.0508 371 732 641 951 0 0.0500 384 337 646 570
4hnAtbIxGqAZpwGAiInUqogNGNqxkuPm,11 0.0522 525 139 785 357 5 0.0502 239 0 503 195 5 0.0500 388 0 648 206
1f99IDVzE272rl4IHEyV4XeWnBnVp4U1,5 0.0575 237 385 500 627 11 0.0571 309 518 561 743 0 0.0564 387 446 643 694 11 0.0564 384 446 641 689 7 0.0561 266 416 643 601 5 0.0554 305 330 567 568 11 0.0546 308 339 566 569 3 0.0539 312 339 563 574 0 0.0536 312 333 568 574 8 0.0527 309 338 556 570 8 0.0522 386 448 633 688 13 0.0511 380 392 644 630 5 0.0507 311 448 559 690 6 0.0507 314 338 570 568 11 0.0505 240 457 489 692 5 0.0501 373 386 633 628
F0fRYAnL7qMSHJrANfNqP1hEUVXLwkpH,5 0.0547 362 523 624 769 7 0.0545 373 386 635 636 11 0.0543 362 528 629 766 8 0.0541 368 458 618 703 11 0.0536 307 392 557 636 8 0.0527 308 397 555 636 11 0.0522 252 532 502 764 5 0.0519 299 389 561 637 0 0.0515 366 528 629 773 6 0.0513 369 530 632 770 0 0.0513 368 390 629 639 13 0.0501 370 392 638 637
F28KWODtgsu8yJCPq85KjiJqkqgecXbC,5 0.0515 0 711 227 939
REhuseCd79sJZAlp5peFUFI4lyD8GdQP,11 0.0614 460 530 706 773 11 0.0612 319 454 561 702 5 0.0595 459 520 703 772 5 0.0591 321 519 566 763 8 0.0584 315 394 554 640 0 0.0581 320 450 560 709 7 0.0580 466 530 711 774 0 0.0576 461 530 704 775 7 0.0576 254 522 519 774 3 0.0567 463 530 706 778 8 0.0565 460 529 698 773 2 0.0563 463 533 707 777 7 0.0562 314 393 566 644 0 0.0561 249 520 512 779 13 0.0560 465 528 711 773 9 0.0556 457 529 707 766 10 0.0554 461 532 707 771 11 0.0553 245 524 513 769 6 0.0553 464 530 710 773 5 0.0553 179 514 440 763 8 0.0544 322 525 560 770 10 0.0542 321 529 568 769 6 0.0541 325 527 574 770 6 0.0540 182 519 445 765 13 0.0537 316 391 565 643 13 0.0536 327 522 577 771 3 0.0534 317 393 562 646 8 0.0532 181 519 435 765 0 0.0532 311 793 567 1023 5 0.0532 309 388 558 639 11 0.0530 310 798 565 1019 7 0.0525 316 795 568 1022 3 0.0523 323 529 568 776 2 0.0523 321 456 561 708 10 0.0521 312 399 563 639 7 0.0513 499 790 759 1023 13 0.0512 317 794 574 1023 8 0.0508 314 790 553 1020 1 0.0500 456 524 707 774
bKexJzPUce6gbYLmGA4gxSGN6Yg53J4e,8 0.0602 751 272 1003 498 5 0.0594 702 32 1021 224 5 0.0577 749 211 999 448 7 0.0574 442 319 708 558 5 0.0559 436 320 699 555 8 0.0548 444 324 692 560 3 0.0548 444 324 707 566 11 0.0548 708 40 1023 222 11 0.0540 442 323 704 560 11 0.0537 748 272 1012 496 13 0.0530 446 325 711 561 0 0.0526 515 330 771 564 8 0.0526 715 39 1014 220 0 0.0522 751 216 1001 448 13 0.0521 715 41 1023 224 10 0.0519 750 271 1007 498 3 0.0518 755 272 1010 505 2 0.0518 442 328 704 562 6 0.0515 515 330 775 561 10 0.0511 513 336 772 563 13 0.0509 753 269 1017 501 6 0.0507 750 270 1010 500 2 0.0506 751 276 1010 501 7 0.0505 756 269 1012 502
EA3azdbsS1dnUidqfEQ7eir2ElrFoV4c,5 0.0641 254 285 623 470 8 0.0632 436 204 685 440 3 0.0619 500 198 756 449 7 0.0613 557 265 814 510 8 0.0612 553 266 805 508 5 0.0603 545 329 801 570 5 0.0602 363 131 620 373 7 0.0598 502 132 757 382 7 0.0597 438 204 692 444 11 0.0595 553 267 814 507 3 0.0586 557 269 812 518 6 0.0584 552 335 810 570 11 0.0581 428 134 696 373 11 0.0578 257 294 640 471 0 0.0577 239 199 489 439 5 0.0574 561 193 813 445 0 0.0574 568 136 819 375 0 0.0574 435 201 689 441 0 0.0571 555 268 813 509 5 0.0570 431 199 688 438 0 0.0568 365 132 625 381 11 0.0568 495 202 758 441 11 0.0568 238 332 496 567 13 0.0567 320 401 566 640 11 0.0565 620 332 888 563 0 0.0562 259 288 633 475 8 0.0561 499 133 748 378 6 0.0561 501 198 758 443 3 0.0557 373 137 624 383 5 0.0556 234 321 486 565 5 0.0555 234 192 483 437 10 0.0555 435 206 688 441 8 0.0554 370 140 616 374 0 0.0554 239 326 492 569 5 0.0551 309 395 555 632 13 0.0551 316 138 574 375 5 0.0549 493 130 752 376 6 0.0548 250 325 498 566 11 0.0548 561 401 822 644 2 0.0545 437 208 687 443 13 0.0544 272 289 641 476 2 0.0543 556 272 811 510 0 0.0538 623 332 885 567 11 0.0537 566 140 819 369 10 0.0537 265 294 629 472 6 0.0535 369 137 627 378 13 0.0535 561 199 820 445 10 0.0533 372 141 624 378 8 0.0532 268 291 624 471 9 0.0532 431 205 691 437 11 0.0532 312 405 567 636 11 0.0530 637 195 886 434 11 0.0528 375 461 642 699 5 0.0526 622 393 893 640 6 0.0526 270 291 639 472 2 0.0525 272 292 625 473 7 0.0524 372 136 624 377 12 0.0522 437 201 691 445 13 0.0520 495 269 760 512 11 0.0520 307 144 573 369 7 0.0519 624 327 887 569 13 0.0519 439 203 694 441 7 0.0518 641 188 885 440 3 0.0518 265 290 633 476 0 0.0518 638 194 883 443 7 0.0517 268 289 638 472 8 0.0517 243 324 484 569 3 0.0516 570 138 819 378 8 0.0515 382 460 625 700 10 0.0512 493 271 755 514 9 0.0512 491 269 754 506 3 0.0511 318 395 562 644 8 0.0511 322 396 553 637 2 0.0510 372 141 619 377 9 0.0509 495 137 757 373 8 0.0509 623 327 878 563 1 0.0508 430 200 687 440 0 0.0507 317 396 562 639 7 0.0507 380 460 644 704 8 0.0504 566 399 813 644 7 0.0501 244 327 495 566 3 0.0501 626 332 888 574 10 0.0500 497 139 756 379 8 0.0500 240 200 480 434
AyxdwkVamClq5fW8tiIM9THnvxQC6swF,8 0.0683 310 411 569 640 5 0.0616 434 510 703 753 11 0.0598 309 411 578 643 6 0.0597 373 461 643 702 13 0.0579 287 480 647 658 8 0.0578 199 411 436 646 7 0.0576 367 525 640 767 7 0.0576 288 479 645 657 0 0.0574 312 408 578 643 3 0.0572 376 462 637 702 8 0.0566 304 527 571 765 1 0.0563 368 454 635 700 10 0.0562 306 416 578 640 11 0.0560 354 524 638 763 0 0.0558 337 545 701 725 5 0.0556 305 464 575 710 0 0.0550 636 2 900 211 13 0.0546 340 543 707 724 10 0.0543 331 548 698 722 11 0.0543 239 532 512 779 8 0.0542 639 0 891 209 8 0.0533 200 7 453 250 8 0.0531 439 515 700 755 13 0.0531 640 0 908 213 2 0.0527 333 546 698 721 5 0.0524 42 147 310 387 7 0.0522 312 596 575 836 5 0.0518 359 586 635 832 5 0.0512 236 527 509 779 5 0.0511 122 77 381 295 13 0.0510 242 0 520 200 11 0.0509 122 670 385 906 3 0.0508 642 3 901 219 13 0.0506 368 599 647 836 11 0.0506 191 417 446 649 6 0.0503 308 531 582 770 7 0.0500 131 785 376 1022 0 0.0500 361 599 637 841
NgcUWiT6p528ecfOlHd0MOAFjcwqDbDI,11 0.0632 0 536 248 781 0 0.0616 0 533 245 789 0 0.0595 0 720 255 954 8 0.0592 1 531 244 785 11 0.0585 0 723 256 951 7 0.0569 0 467 242 718 3 0.0557 4 532 245 790 3 0.0555 7 716 254 956 5 0.0548 0 533 246 782 0 0.0547 505 3 770 218 13 0.0543 0 536 256 785 8 0.0541 0 717 250 952 6 0.0535 3 469 246 713 2 0.0533 0 542 252 785 5 0.0518 0 712 253 948 2 0.0512 2 724 257 952 11 0.0509 108 676 386 883 0 0.0506 69 794 339 1023 6 0.0503 7 718 262 949 10 0.0501 1 473 243 719
CtI3VxvGVDAZzVhhFsTxBOok2LlnxntV,0 0.0578 0 21 227 263 5 0.0570 440 343 691 583 8 0.0569 384 337 642 579 11 0.0557 381 342 648 578 5 0.0555 302 387 581 634 7 0.0554 387 337 654 582 6 0.0553 386 340 656 580 5 0.0548 165 388 433 628 5 0.0529 0 17 229 255 11 0.0523 304 399 578 638 13 0.0512 317 397 591 641 13 0.0510 444 789 708 1021 3 0.0508 3 24 231 264 5 0.0506 45 793 285 1019 13 0.0505 177 338 456 569 8 0.0502 4 18 222 260 0 0.0502 50 799 299 1023 7 0.0502 438 784 705 1018 13 0.0501 389 342 657 581
PMzkcUupK9giGM0RMPyQ25RV3RdebQ3a,7 0.0634 366 211 639 433 3 0.0604 369 283 630 516 11 0.0598 238 266 502 508 13 0.0596 246 322 512 578 11 0.0589 362 285 632 510 8 0.0588 249 319 500 574 0 0.0586 443 340 696 575 11 0.0583 368 389 634 628 8 0.0569 375 341 629 578 0 0.0566 367 281 631 512 11 0.0562 381 79 644 301 8 0.0557 373 137 633 355 11 0.0556 247 395 512 636 5 0.0555 356 208 630 432 8 0.0555 250 188 496 445 5 0.0552 300 268 564 518 5 0.0547 378 72 633 300 10 0.0545 306 279 570 518 0 0.0544 183 197 439 458 0 0.0544 242 320 509 577 13 0.0540 361 215 643 435 5 0.0538 619 200 861 435 13 0.0536 317 387 588 633 6 0.0535 445 343 704 573 6 0.0534 365 217 642 433 11 0.0534 195 0 462 233 5 0.0534 364 330 629 578 11 0.0529 166 328 437 558 7 0.0528 310 330 571 579 10 0.0526 374 347 639 578 13 0.0526 256 452 510 692 3 0.0526 380 138 640 363 11 0.0525 616 255 871 477 7 0.0524 248 259 503 508 13 0.0520 176 266 435 513 3 0.0519 446 343 702 578 0 0.0516 185 534 442 775 7 0.0515 447 335 701 572 11 0.0510 305 463 580 692 0 0.0510 248 601 504 829 5 0.0509 241 449 500 689 10 0.0506 359 220 637 431 3 0.0505 255 387 509 639 8 0.0505 177 261 423 510 7 0.0503 314 458 578 698 8 0.0502 626 208 855 440 5 0.0500 168 261 430 505
SiWkjuq77huPBtXp9tv3zZ5qNjWXqPqq,11 0.0629 301 660 560 902 7 0.0600 190 662 450 905 11 0.0599 577 491 830 721 5 0.0597 191 728 553 907 0 0.0583 60 679 421 857 11 0.0576 136 681 507 854 0 0.0573 305 655 560 905 11 0.0572 305 784 554 1023 0 0.0570 310 782 556 1023 8 0.0566 307 659 554 903 3 0.0565 310 781 554 1023 0 0.0565 580 489 827 720 11 0.0564 314 543 561 769 13 0.0560 191 716 449 958 8 0.0556 310 779 550 1021 6 0.0554 130 735 498 913 3 0.0553 308 658 558 907 13 0.0549 65 681 432 857 6 0.0548 66 683 421 852 7 0.0548 309 779 559 1023 8 0.0547 176 779 420 1017 8 0.0547 122 738 482 913 13 0.0546 315 779 562 1023 11 0.0540 453 472 697 712 5 0.0538 304 776 550 1019 0 0.0537 570 605 818 852 3 0.0537 142 680 499 859 7 0.0534 310 658 564 902 11 0.0533 565 603 822 845 13 0.0533 312 657 565 906 7 0.0525 577 546 834 789 8 0.0524 571 543 819 790 6 0.0521 310 780 556 1019 10 0.0518 137 680 500 853 6 0.0518 309 657 562 899 0 0.0517 149 604 512 786 7 0.0516 188 538 440 770 8 0.0516 185 598 432 830 11 0.0515 379 347 631 573 6 0.0511 74 609 437 784 5 0.0505 305 591 549 834 5 0.0503 178 774 420 1014 5 0.0500 181 593 434 828
nRxm6w6po9AMm9tco292njDEaSb5qc47,5 0.0624 503 325 757 560 5 0.0595 316 777 569 1015 5 0.0595 433 258 687 491 8 0.0585 440 262 688 496 11 0.0580 438 267 693 493 11 0.0576 504 212 763 444 8 0.0574 508 328 751 561 0 0.0574 247 777 498 1016 6 0.0571 326 776 576 1019 5 0.0569 499 202 762 442 0 0.0569 505 210 761 448 11 0.0566 245 784 499 1016 7 0.0565 246 779 501 1020 0 0.0561 378 194 648 457 8 0.0559 323 773 569 1019 7 0.0558 384 713 633 961 0 0.0557 510 331 757 563 13 0.0556 446 263 697 497 6 0.0556 444 264 696 497 10 0.0555 439 267 697 494 8 0.0554 178 773 431 1009 0 0.0553 386 768 636 1020 3 0.0553 249 781 498 1021 10 0.0550 320 776 575 1017 13 0.0550 327 780 580 1023 5 0.0542 176 773 432 1002 11 0.0539 506 334 761 556 6 0.0538 515 332 763 562 7 0.0537 514 332 759 563 7 0.0534 444 265 694 497 11 0.0532 383 770 636 1012 6 0.0531 182 773 439 1010 3 0.0531 391 769 634 1023 5 0.0529 300 255 569 503 6 0.0528 508 211 768 445 3 0.0527 384 197 651 458 8 0.0525 563 278 808 490 5 0.0523 753 8 1015 249 5 0.0523 507 777 760 1018 13 0.0523 514 333 764 561 2 0.0521 441 269 695 493 6 0.0520 387 710 628 956 7 0.0517 510 209 767 446 3 0.0514 513 331 759 567 5 0.0513 34 0 301 204 8 0.0512 758 12 1008 246 2 0.0509 510 338 760 559 2 0.0508 247 781 497 1018 13 0.0508 457 775 700 1009 5 0.0507 378 706 623 953 8 0.0503 453 771 688 1007 6 0.0503 318 259 580 510 10 0.0503 510 336 761 560
8juNzHxiveyjfcX9ewDVAYAVFAawWnQt,11 0.0617 367 790 619 1018 7 0.0605 433 792 689 1016 0 0.0572 429 724 693 960 8 0.0563 316 727 558 959 10 0.0561 0 164 254 399 11 0.0558 427 731 692 955 7 0.0555 318 729 571 959 13 0.0545 8 165 258 405 10 0.0545 369 724 628 952 5 0.0544 364 786 616 1015 0 0.0539 369 785 618 1021 13 0.0535 374 789 625 1023 8 0.0535 1 158 246 403 3 0.0531 372 788 619 1023 8 0.0527 432 726 682 958 11 0.0527 363 663 629 897 11 0.0522 0 165 253 399 8 0.0521 371 787 611 1023 5 0.0520 0 158 251 398 10 0.0516 429 796 686 1014 6 0.0512 371 790 621 1021 0 0.0507 368 659 629 902 5 0.0507 427 725 685 953 0 0.0505 0 163 253 404 8 0.0500 368 662 619 901
5IrlELaXToSv8m8tVtw6Z0XnhnZ1Al7T,11 0.0569 313 586 559 820 7 0.0549 318 583 562 817 11 0.0543 371 521 625 748
lRf1yR6eh0Y7C9kI4C8X2Odzvf9yM7Gv,5 0.0671 185 257 433 495 8 0.0656 316 209 570 436 7 0.0642 194 261 438 499 0 0.0640 193 199 455 444 11 0.0639 195 123 460 365 0 0.0639 260 131 522 383 8 0.0632 130 128 385 381 5 0.0628 311 140 579 374 8 0.0627 196 201 449 442 13 0.0627 259 268 515 502 8 0.0623 194 333 429 576 11 0.0621 189 266 438 496 8 0.0617 498 146 744 385 3 0.0613 508 146 754 386 5 0.0610 246 332 515 570 11 0.0606 505 450 756 689 0 0.0604 128 126 393 379 11 0.0604 256 204 513 438 0 0.0602 190 335 438 580 13 0.0601 324 145 585 376 5 0.0601 187 117 459 362 13 0.0599 201 200 460 441 5 0.0599 497 142 751 380 3 0.0596 383 143 638 386 8 0.0596 258 267 504 502 6 0.0595 262 270 512 502 7 0.0595 262 198 516 441 8 0.0593 376 146 628 379 5 0.0592 508 317 759 565 6 0.0590 324 147 580 376 13 0.0589 196 338 446 577 3 0.0589 135 128 391 381 10 0.0588 126 131 388 373 3 0.0587 194 265 439 505 8 0.0585 252 392 500 637 13 0.0583 254 397 520 642 5 0.0580 178 391 426 630 7 0.0580 324 147 581 378 0 0.0580 378 147 635 381 11 0.0579 379 152 638 380 6 0.0578 195 339 441 577 0 0.0577 518 393 757 637 8 0.0577 373 274 626 502 8 0.0576 511 451 750 689 6 0.0575 257 395 517 637 13 0.0571 133 127 396 377 3 0.0571 261 201 517 445 2 0.0570 506 279 764 507 11 0.0567 502 152 755 379 7 0.0567 131 125 398 377 7 0.0566 373 275 644 505 2 0.0564 448 154 696 379 3 0.0562 257 337 519 581 6 0.0562 202 206 457 440 2 0.0561 258 271 508 501 10 0.0560 255 338 519 573 8 0.0558 505 272 754 510 6 0.0557 454 146 701 377 2 0.0556 129 133 391 379 10 0.0552 191 265 435 499 0 0.0551 369 271 635 505 0 0.0550 501 149 751 381 11 0.0550 250 397 513 636 7 0.0549 259 333 522 571 3 0.0546 187 400 431 645 3 0.0544 513 271 762 519 11 0.0536 312 287 576 507 10 0.0534 312 211 581 435 2 0.0534 260 140 518 383 7 0.0532 446 147 697 380 10 0.0531 502 150 755 380 2 0.0531 197 203 453 440 2 0.0530 519 398 759 637 0 0.0527 252 390 510 638 11 0.0527 510 325 763 561 2 0.0523 369 283 633 507 6 0.0522 131 128 399 382 0 0.0520 506 274 757 510 9 0.0518 257 202 515 435 10 0.0518 183 404 433 635 5 0.0518 506 446 751 691 0 0.0518 193 61 460 305 10 0.0517 193 66 455 301
DVd8HFkrVNyLy9NfKoVKHKR80wUTYC37,11 0.0629 264 672 634 848 8 0.0609 270 671 625 850 11 0.0602 192 656 439 891 11 0.0593 440 664 705 906 8 0.0591 377 778 606 1021 0 0.0583 246 655 505 897 8 0.0578 195 707 429 949 7 0.0577 195 704 441 953 5 0.0576 259 670 627 850 11 0.0574 315 535 566 773 7 0.0572 275 669 638 850 5 0.0571 376 778 609 1019 11 0.0567 377 782 614 1019 7 0.0561 381 778 618 1023 10 0.0552 266 672 632 848 6 0.0550 194 710 440 951 6 0.0549 272 673 636 850 6 0.0543 381 786 617 1023 5 0.0538 187 650 437 896 7 0.0535 260 540 505 773 0 0.0533 438 778 679 1017 11 0.0532 516 780 753 1005 7 0.0530 449 660 706 911 13 0.0527 275 673 645 852 0 0.0527 312 591 566 840 3 0.0526 447 659 702 914 0 0.0524 441 661 700 915 13 0.0524 382 786 621 1023 3 0.0523 270 669 636 853 8 0.0520 442 660 693 909 5 0.0517 438 660 698 911 11 0.0515 310 213 572 428 8 0.0513 254 546 490 771 10 0.0513 191 709 436 951 2 0.0502 269 674 635 850 5 0.0501 512 778 747 1009
NxKdG1heYZu9E5XGzDCBz2fycIsCOBbg,8 0.0511 624 347 873 579 11 0.0508 624 349 882 579
4s25RkEgSEonkMF0ia8FEL2K75gt1A5g,8 0.0500 453 675 797 865
hANKIhv57gAO7XMaaKqK8roQ0RzZA49M,11 0.0615 447 415 702 650 11 0.0599 390 522 642 769 7 0.0578 449 461 707 711 5 0.0576 328 399 573 638 8 0.0569 581 602 828 835 0 0.0568 449 421 698 654 11 0.0565 329 402 578 638 7 0.0565 338 466 588 718 3 0.0559 394 525 641 780 11 0.0558 577 605 834 833 5 0.0556 384 520 640 769 8 0.0554 390 524 636 772 5 0.0554 444 410 697 648 0 0.0552 330 404 577 641 3 0.0546 331 405 576 646 11 0.0542 563 351 816 578 6 0.0537 332 404 582 639 0 0.0537 565 350 809 582 13 0.0533 335 469 594 719 2 0.0530 451 422 698 651 5 0.0524 173 402 433 651 7 0.0522 187 405 436 654 5 0.0521 559 345 808 579 6 0.0521 447 460 708 709 10 0.0517 449 420 703 653 3 0.0517 454 413 702 660 13 0.0515 184 410 440 661 6 0.0513 180 409 437 655 11 0.0510 635 474 910 701 8 0.0509 565 347 805 582 7 0.0508 335 333 586 575 8 0.0507 176 405 423 656 3 0.0504 567 348 812 590 0 0.0504 388 527 641 774 13 0.0503 446 460 708 713 10 0.0502 333 474 587 716 6 0.0502 510 208 759 434
Xsknz557TSUW0xytxGxznFZKdCTjpG2B,8 0.0563 438 338 689 583 0 0.0560 305 0 558 211 13 0.0554 365 342 636 575 7 0.0553 448 461 699 700 5 0.0549 428 329 691 582 13 0.0537 442 409 706 644 5 0.0537 287 339 555 570 3 0.0533 453 461 694 706 8 0.0531 362 419 609 634 3 0.0530 447 282 698 527 5 0.0529 430 204 687 435 10 0.0526 440 284 703 522 6 0.0524 451 458 694 698 8 0.0520 448 462 686 696 5 0.0519 440 454 692 698 7 0.0519 443 281 699 521 13 0.0518 446 286 703 522 10 0.0515 442 465 700 699 11 0.0515 440 284 696 519 11 0.0504 443 465 696 698 6 0.0502 441 337 700 586 0 0.0501 444 282 695 521 6 0.0500 442 213 699 436
xcA25qB8hIxZ8TZEjpdaABsGSYlHE7LF,0 0.0586 502 216 755 443 5 0.0573 500 210 747 443 5 0.0557 312 61 561 301 11 0.0553 314 137 569 367 3 0.0548 505 216 756 450 11 0.0544 501 216 757 442 11 0.0538 308 2 697 152 8 0.0537 506 212 748 442 5 0.0537 511 460 772 703 7 0.0534 505 212 760 443 5 0.0533 341 336 694 530 8 0.0528 370 605 701 789 11 0.0528 516 87 781 317 11 0.0528 357 602 711 790 11 0.0526 514 469 776 704 5 0.0526 249 129 494 361 8 0.0524 519 465 763 704 6 0.0521 320 136 569 365 0 0.0519 521 468 775 704 6 0.0509 521 148 772 380 0 0.0509 446 530 712 767 3 0.0508 456 527 705 773 7 0.0508 454 527 720 765 8 0.0507 321 140 559 365 11 0.0506 503 1 769 195 6 0.0506 323 0 700 153 5 0.0506 358 600 708 788 13 0.0503 512 0 776 196 5 0.0503 500 0 764 194 8 0.0503 319 0 680 152 13 0.0502 525 465 780 704 11 0.0502 346 343 704 533 0 0.0501 178 266 422 504
L4ROYFCTbbgJuLg6pqYQ4f3e95bVTfQp,8 0.0571 448 277 691 508 11 0.0525 448 281 699 501 0 0.0502 445 276 697 512 3 0.0501 452 280 699 514
ET6FIVfb1Jdig4jjVCwi4tfuKEpl8as0,5 0.0575 499 318 748 572 11 0.0573 188 407 456 626 11 0.0564 507 147 758 374 11 0.0560 253 463 512 692 0 0.0557 505 327 760 574 7 0.0556 384 282 641 511 0 0.0554 503 147 754 378 13 0.0552 508 146 760 376 8 0.0548 381 285 628 508 5 0.0546 256 582 507 833 8 0.0536 503 147 744 375 8 0.0535 501 322 746 574 7 0.0535 132 404 392 642 0 0.0523 190 573 440 831 11 0.0519 499 329 758 570 11 0.0516 282 34 653 216 5 0.0509 498 142 753 379 7 0.0509 261 585 513 836 6 0.0505 506 323 758 573 11 0.0504 254 589 512 830 11 0.0504 186 516 446 761 0 0.0503 123 409 385 646 0 0.0503 180 706 435 945 13 0.0502 310 538 581 777 8 0.0500 127 407 381 647
BWSlZFo1xmBc2ocuoFEsf2Wxv7WHVBpH,11 0.0619 179 274 441 504 8 0.0596 256 269 502 499 11 0.0593 248 798 509 1023 0 0.0579 184 268 437 510 7 0.0574 188 269 440 509 13 0.0566 187 269 448 508 8 0.0563 171 205 435 446 11 0.0557 240 215 521 443 3 0.0556 253 268 510 503 10 0.0552 251 278 514 497 11 0.0552 378 405 636 629 7 0.0545 255 796 511 1023 5 0.0545 178 266 434 505 8 0.0543 253 797 500 1023 7 0.0538 383 401 643 629 11 0.0537 439 466 702 698 0 0.0537 324 533 583 775 0 0.0535 245 210 514 443 8 0.0532 380 399 631 629 0 0.0526 316 789 570 1022 6 0.0526 321 791 573 1019 3 0.0525 173 202 443 446 6 0.0522 186 272 444 508 5 0.0520 309 784 565 1016 0 0.0516 561 515 814 758 6 0.0516 441 407 702 633 0 0.0516 179 130 447 382 5 0.0513 238 208 513 440 10 0.0511 315 791 567 1017 7 0.0510 245 209 518 443 11 0.0506 321 533 585 771 11 0.0505 557 518 816 758 8 0.0505 325 529 575 770 10 0.0504 166 209 442 441 7 0.0503 324 527 586 768 6 0.0501 244 216 516 442
lRTIDkElDJAtbzxgJhSbKcOD9ZSwu8tC,6 0.0578 617 426 888 651 5 0.0573 182 446 446 691 0 0.0569 504 225 778 471 11 0.0569 609 423 881 649 5 0.0563 610 418 876 645 0 0.0559 611 425 877 652 8 0.0558 611 422 870 651 8 0.0528 393 197 640 438 8 0.0520 506 216 764 468 8 0.0518 192 445 440 697 11 0.0513 395 201 650 438 7 0.0513 614 425 885 648 2 0.0507 399 208 647 441 13 0.0506 401 201 657 437 3 0.0506 402 198 650 445 7 0.0503 195 452 452 691 11 0.0501 508 228 775 464 11 0.0501 185 458 451 696
soxwy9qoeY2aulnjdurtRhBggxY0SkiH,11 0.0620 247 336 505 568 0 0.0608 443 341 703 578 11 0.0600 321 274 577 503 3 0.0588 389 335 637 575 11 0.0586 388 338 635 567 3 0.0579 507 328 753 571 5 0.0571 248 267 512 508 6 0.0566 362 419 735 602 10 0.0565 256 277 518 508 0 0.0564 391 275 643 509 11 0.0564 313 397 570 634 3 0.0563 325 275 575 513 5 0.0560 316 201 571 438 8 0.0558 321 275 569 504 7 0.0557 251 333 505 572 7 0.0557 390 337 641 569 0 0.0555 244 334 500 571 0 0.0551 261 209 512 445 13 0.0547 251 334 509 574 8 0.0542 446 339 695 574 5 0.0538 353 414 724 601 11 0.0537 502 328 758 563 8 0.0537 180 337 420 576 6 0.0533 326 341 583 572 5 0.0529 388 269 639 506 3 0.0528 251 337 501 577 6 0.0527 260 274 521 507 10 0.0527 321 345 580 571 3 0.0523 266 208 514 452 7 0.0522 506 325 756 566 13 0.0521 419 412 799 599 8 0.0520 192 207 437 450 7 0.0518 324 275 576 508 7 0.0517 317 395 574 638 2 0.0515 448 346 705 573 5 0.0514 182 200 445 445 10 0.0514 324 212 581 441 0 0.0514 129 202 390 445 8 0.0512 638 530 882 773 0 0.0512 510 215 764 447 10 0.0511 178 344 425 576 5 0.0510 504 214 763 443 11 0.0509 707 463 941 702 5 0.0506 169 335 423 572 6 0.0505 397 275 652 505 13 0.0505 265 209 523 447 5 0.0504 316 337 573 569
Dij5r8M1s8QAJ1Hpn7CbrNweWZYvh9zc,5 0.0661 303 195 556 436 6 0.0657 359 278 617 524 0 0.0645 308 201 561 442 8 0.0626 313 200 553 437 0 0.0620 507 269 761 521 10 0.0618 358 281 614 515 11 0.0617 307 203 560 438 3 0.0617 506 333 759 583 0 0.0617 360 276 617 523 0 0.0613 571 396 829 637 8 0.0611 510 270 755 517 5 0.0609 306 790 569 1020 6 0.0607 312 200 563 441 8 0.0604 638 454 891 685 7 0.0604 312 200 562 442 5 0.0603 567 395 822 636 5 0.0603 357 271 613 519 8 0.0602 363 279 607 516 7 0.0600 571 454 831 692 5 0.0600 504 267 755 518 8 0.0599 255 795 509 1022 8 0.0598 382 792 622 1023 3 0.0597 313 201 561 442 8 0.0596 500 401 753 637 11 0.0596 247 146 501 375 13 0.0595 501 400 763 641 3 0.0594 569 459 830 693 11 0.0594 564 459 832 689 6 0.0590 466 420 828 602 11 0.0586 358 282 617 518 13 0.0586 365 276 620 519 0 0.0582 241 266 482 506 7 0.0580 254 795 516 1022 0 0.0579 253 797 517 1023 6 0.0579 244 268 483 506 3 0.0578 361 279 617 524 7 0.0578 382 792 631 1023 13 0.0576 315 199 564 440 11 0.0576 506 272 761 513 11 0.0575 251 796 517 1022 10 0.0574 309 202 560 438 0 0.0572 639 455 900 689 8 0.0569 567 526 819 759 11 0.0568 379 794 628 1023 10 0.0567 240 272 480 503 10 0.0567 508 272 759 516 7 0.0566 364 277 617 522 7 0.0566 512 268 763 518 5 0.0565 635 451 897 686 9 0.0563 570 398 828 634 2 0.0562 508 275 760 516 11 0.0561 234 268 483 503 2 0.0557 573 402 825 636 3 0.0555 315 793 570 1023 0 0.0555 639 329 890 577 2 0.0554 314 204 556 439 11 0.0552 635 400 895 635 8 0.0552 508 781 754 1008 8 0.0549 243 269 478 504 7 0.0549 640 396 896 637 2 0.0548 313 800 572 1023 13 0.0547 510 269 761 518 5 0.0546 235 261 479 500 5 0.0546 432 782 683 1010 5 0.0545 243 138 496 373 13 0.0543 637 398 897 635 13 0.0540 387 793 633 1023 11 0.0540 495 400 760 635 6 0.0540 636 397 898 635 0 0.0539 381 794 630 1023 13 0.0539 653 524 904 748 10 0.0539 379 795 632 1023 11 0.0539 643 528 900 749 2 0.0538 361 282 612 516 0 0.0537 566 524 827 760 10 0.0536 571 402 826 634 3 0.0536 441 787 690 1020 9 0.0536 505 271 762 512 7 0.0536 244 266 484 507 12 0.0535 573 397 828 637 0 0.0535 505 785 764 1008 5 0.0535 564 521 822 756 8 0.0534 253 140 491 376 10 0.0530 639 458 900 686 6 0.0526 383 795 634 1022 13 0.0525 259 798 522 1023
dL8duACherUer2vMiUbjNZ2edQaxdUhD,5 0.0626 509 318 763 564 5 0.0598 571 253 823 488 5 0.0594 636 334 888 580 8 0.0577 186 461 425 709 0 0.0570 640 339 884 583 0 0.0566 184 521 439 769 8 0.0565 517 321 757 565 7 0.0563 521 325 766 565 6 0.0561 641 400 895 649 8 0.0560 641 339 884 583 8 0.0558 392 320 638 567 11 0.0552 638 341 892 580 8 0.0552 448 453 694 686 3 0.0543 645 341 888 587 8 0.0543 450 187 700 427 0 0.0543 640 208 883 437 8 0.0542 573 256 816 491 6 0.0540 576 317 822 550 8 0.0539 240 389 483 645 10 0.0533 643 347 892 579 2 0.0533 571 320 821 547 13 0.0533 578 460 844 692 7 0.0533 577 455 837 693 0 0.0532 309 392 573 648 8 0.0530 642 208 876 437 5 0.0530 505 199 763 428 11 0.0529 571 212 833 432 6 0.0527 191 465 435 709 11 0.0524 384 327 651 571 0 0.0522 386 325 646 571 5 0.0522 629 453 893 698 10 0.0522 237 394 492 644 7 0.0521 259 341 516 588 3 0.0519 589 533 838 774 6 0.0519 453 324 699 561 11 0.0518 447 192 710 428 10 0.0518 576 260 827 493 10 0.0518 515 329 770 566 13 0.0517 389 391 645 632 7 0.0516 643 272 886 510 13 0.0516 645 341 896 586 7 0.0514 453 387 695 623 5 0.0513 577 525 832 767 6 0.0512 323 328 575 578 6 0.0511 593 536 839 765 8 0.0510 569 456 826 694 11 0.0506 386 443 645 691 13 0.0505 451 458 707 686 11 0.0505 635 461 898 702 5 0.0505 307 384 563 642 13 0.0505 244 393 499 650 3 0.0504 642 460 899 711 13 0.0504 313 526 564 779 13 0.0504 453 327 698 563 0 0.0504 701 273 936 515 11 0.0503 228 523 484 779 5 0.0503 514 450 777 701 0 0.0503 301 522 557 776 8 0.0503 316 273 562 509 6 0.0502 390 390 644 628 5 0.0502 379 315 641 570 2 0.0501 447 390 696 619 8 0.0501 761 221 1000 475 5 0.0501 183 462 427 705 6 0.0501 242 389 499 645 3 0.0501 392 321 647 582 5 0.0500 304 264 566 511
qP5U1w7FVGbU4Q83GZl0j1xQYZ78Yq38,14 1.0 0 0 1 1
vunlXt95txHIy8bDVaXf7ZjfrH1fVErM,11 0.0555 441 596 704 833 0 0.0547 645 463 888 703 8 0.0547 443 594 695 837 8 0.0540 645 457 881 698 0 0.0533 443 590 701 837 11 0.0532 318 463 560 704 7 0.0530 448 591 706 838 11 0.0529 380 550 737 730 6 0.0523 447 594 706 835 5 0.0521 438 589 698 835 6 0.0520 649 458 892 702 11 0.0518 707 595 970 825 3 0.0515 445 595 705 842 5 0.0512 487 716 762 963 8 0.0512 430 716 689 968 11 0.0511 429 725 696 964 11 0.0511 239 403 490 637 9 0.0510 439 595 703 830 0 0.0507 432 716 697 968
c0d9b7cdJypOijqdbow8r4woc7lPPg8a,8 0.0668 269 669 620 850 8 0.0666 250 780 498 1023 0 0.0660 271 669 630 854 7 0.0653 208 738 572 908 5 0.0649 262 667 624 848 5 0.0643 246 706 501 958 0 0.0640 251 709 501 961 8 0.0634 205 737 560 907 11 0.0633 245 658 505 898 7 0.0628 251 781 504 1023 0 0.0626 383 703 633 961 7 0.0616 273 670 633 851 10 0.0613 199 741 570 908 5 0.0612 378 700 632 953 10 0.0610 267 671 630 849 11 0.0608 249 784 502 1019 7 0.0602 383 704 638 957 6 0.0598 252 712 506 959 3 0.0597 272 669 628 854 11 0.0589 504 590 753 822 11 0.0587 378 706 636 952 8 0.0583 382 702 632 955 6 0.0581 383 704 637 958 13 0.0571 253 784 505 1023 3 0.0566 252 707 503 964 7 0.0558 513 585 755 824 10 0.0557 379 707 637 951 2 0.0556 268 673 628 851 0 0.0556 504 590 752 827 3 0.0549 384 702 635 962 6 0.0548 269 670 632 849 10 0.0547 249 788 503 1021 6 0.0535 509 591 756 823 13 0.0534 273 670 635 851 10 0.0532 505 594 754 822 2 0.0528 203 740 567 910 9 0.0525 247 784 504 1021 9 0.0524 197 737 566 906 13 0.0524 384 704 641 958 12 0.0524 252 708 503 959 2 0.0523 383 708 635 957 2 0.0522 250 787 503 1023 7 0.0518 444 539 683 768 8 0.0516 502 587 747 824 5 0.0516 501 587 745 823 13 0.0516 509 588 761 824 11 0.0514 437 543 681 765 0 0.0504 434 542 680 770 12 0.0502 273 668 629 851 8 0.0502 433 541 672 765 1 0.0502 248 778 501 1023
n9SNhtL8GWeOs8YzahVdEQ9AkFJfcGi8,8 0.0623 260 788 497 1022 11 0.0619 359 402 633 639 5 0.0615 121 723 379 964 5 0.0606 253 786 496 1019 11 0.0597 430 469 704 707 8 0.0592 271 643 514 894 0 0.0588 127 727 385 970 8 0.0587 72 779 312 1021 11 0.0580 258 791 501 1022 8 0.0577 135 727 377 964 7 0.0577 372 400 632 645 0 0.0576 368 399 631 640 11 0.0572 124 728 383 963 0 0.0570 271 644 521 891 5 0.0566 361 393 625 639 6 0.0565 71 785 323 1020 3 0.0564 74 783 320 1023 5 0.0564 263 643 515 887 6 0.0559 259 790 508 1018 8 0.0559 369 469 622 712 5 0.0558 399 212 649 444 3 0.0555 366 400 625 647 0 0.0549 437 470 708 712 0 0.0540 260 790 505 1023 10 0.0539 254 794 502 1021 11 0.0536 0 591 202 836 6 0.0536 366 399 633 644 7 0.0535 373 533 629 772 0 0.0534 449 214 718 441 3 0.0534 440 472 704 715 13 0.0529 370 402 636 644 13 0.0529 129 726 390 967 5 0.0527 429 462 703 706 10 0.0526 361 405 629 644 6 0.0524 411 221 654 449 7 0.0523 70 781 324 1023 7 0.0520 438 470 712 711 11 0.0519 449 218 719 439 6 0.0518 268 646 524 888 10 0.0518 127 735 382 965 11 0.0517 366 535 625 767 7 0.0517 451 214 724 442 11 0.0516 0 722 252 955 11 0.0516 267 646 518 889 11 0.0509 68 788 318 1023 8 0.0509 454 215 707 435 2 0.0509 262 793 501 1023 2 0.0508 368 401 627 644 7 0.0507 262 787 505 1023 7 0.0507 274 640 521 893 13 0.0505 259 787 510 1023 6 0.0505 438 469 707 711 3 0.0504 408 221 655 454
fBiA68G9VP6ENv0WkNCeIdh07Ym2AJOQ,5 0.0585 169 206 446 450 11 0.0557 437 3 703 207 8 0.0546 0 151 230 389 0 0.0542 627 350 901 589 8 0.0541 185 206 440 451 8 0.0541 54 220 312 450 11 0.0539 241 788 484 1009 11 0.0539 0 152 239 384 7 0.0535 444 0 699 209 11 0.0530 315 141 575 386 11 0.0526 626 356 908 585 5 0.0523 246 133 504 383 13 0.0520 183 211 462 453 8 0.0517 440 0 691 208 8 0.0515 323 139 562 384 11 0.0515 464 614 829 791 5 0.0512 0 145 237 386 5 0.0511 306 201 570 447 7 0.0509 321 138 573 386 13 0.0507 61 218 334 448 6 0.0504 5 149 243 384 6 0.0502 443 0 699 206 13 0.0502 0 151 249 389 0 0.0502 0 154 235 387
y1WHrCD3TWRk242IhogHZdbqfDUgHxf3,11 0.0652 255 652 509 895 7 0.0651 315 648 574 891 7 0.0637 143 678 497 846 0 0.0634 142 681 494 848 7 0.0633 269 712 515 969 5 0.0633 305 646 566 893 5 0.0618 136 675 487 847 8 0.0603 142 678 481 845 6 0.0600 270 718 514 970 11 0.0599 377 597 626 829 8 0.0587 312 649 564 892 7 0.0582 383 593 631 828 10 0.0580 139 683 494 847 11 0.0577 196 719 445 957 8 0.0574 268 786 499 1023 6 0.0564 381 600 629 833 11 0.0564 264 792 506 1020 6 0.0552 143 679 500 847 0 0.0548 197 720 450 962 7 0.0543 195 790 441 1023 13 0.0542 313 652 578 894 13 0.0540 270 793 513 1023 8 0.0538 198 715 442 960 5 0.0535 191 788 435 1019 8 0.0533 95 284 366 516 0 0.0532 376 599 625 832 10 0.0530 263 792 506 1020 0 0.0528 266 791 505 1023 3 0.0526 149 681 490 850 13 0.0524 199 717 455 961 13 0.0523 145 680 502 848 10 0.0521 193 721 449 959 10 0.0519 379 598 626 831 3 0.0512 313 651 570 896 11 0.0508 123 658 375 896
cTtomsK9TpB0PDndlIipMt9hNPh2loVg,5 0.0600 441 781 690 1014 11 0.0586 444 790 692 1014 5 0.0565 626 579 889 832 5 0.0557 381 452 646 691 0 0.0552 381 401 653 638 13 0.0551 753 3 1022 251 11 0.0547 395 594 653 825 7 0.0546 446 786 700 1018 11 0.0544 629 646 900 889 6 0.0542 444 790 701 1012 13 0.0541 708 650 969 897 11 0.0540 384 456 653 695 11 0.0537 768 710 1019 944 8 0.0536 447 789 688 1017 3 0.0533 449 399 714 648 0 0.0533 385 519 650 767 10 0.0529 749 14 1009 247 2 0.0528 445 792 698 1016 13 0.0525 449 790 699 1018 5 0.0522 760 644 1012 890 8 0.0522 754 6 1001 246 13 0.0518 391 457 663 698 0 0.0518 575 588 829 829 8 0.0515 384 397 641 636 3 0.0515 448 783 695 1023 10 0.0514 443 789 694 1014 0 0.0514 440 788 695 1018 0 0.0512 767 649 1018 896 11 0.0512 751 9 1011 244 11 0.0510 692 574 947 802 0 0.0509 752 10 1011 251 2 0.0506 386 524 646 765 7 0.0506 447 401 713 641 8 0.0506 631 588 883 833 5 0.0504 387 589 643 824 5 0.0504 745 4 1009 246 7 0.0503 583 656 833 888 11 0.0501 577 587 827 827 11 0.0500 298 400 574 625
aDQ0uFQC5KoBojgPrH33zkKlk1xdofS7,5 0.0600 220 790 482 1017 11 0.0596 312 392 586 620 0 0.0588 317 655 578 896 5 0.0585 237 667 495 897 11 0.0578 296 793 554 1017 8 0.0577 297 788 548 1018 6 0.0569 318 393 588 623 7 0.0566 370 781 621 1019 11 0.0566 315 656 581 887 11 0.0560 168 794 428 1020 3 0.0559 386 396 639 635 0 0.0558 317 391 583 624 7 0.0557 227 793 492 1023 3 0.0555 321 456 577 695 11 0.0554 382 477 646 693 13 0.0553 300 790 559 1017 8 0.0552 241 671 494 898 3 0.0546 298 790 556 1022 0 0.0546 232 733 498 971 5 0.0545 357 778 613 1015 11 0.0545 436 794 688 1019 7 0.0544 247 672 502 899 8 0.0544 317 392 577 624 0 0.0542 449 463 692 687 0 0.0534 166 793 427 1023 0 0.0531 173 661 430 895 10 0.0531 238 676 500 897 8 0.0530 121 787 368 1023 5 0.0529 309 387 579 618 11 0.0529 172 661 432 886 8 0.0527 438 791 677 1023 7 0.0525 319 390 586 623 5 0.0522 162 716 430 951 8 0.0521 258 449 508 687 3 0.0520 323 654 578 895 6 0.0518 229 795 488 1022 6 0.0518 266 454 522 687 0 0.0518 321 522 576 755 13 0.0516 386 398 647 630 10 0.0516 317 393 581 619 7 0.0513 450 648 710 875 0 0.0512 436 794 689 1023 7 0.0508 392 475 644 696 0 0.0508 442 652 709 878 8 0.0508 386 474 633 696 8 0.0503 318 521 566 753 7 0.0503 262 517 516 750 13 0.0502 173 791 433 1023 2 0.0501 231 797 488 1023
3BAknaYpAJl7DF7uLfPHgnUNhvPoSM3R,11 0.0664 399 617 771 792 11 0.0634 468 548 827 730 7 0.0616 476 548 837 733 8 0.0611 406 620 765 795 11 0.0604 562 411 842 649 8 0.0604 470 550 820 732 8 0.0603 239 662 499 893 11 0.0600 235 665 507 891 8 0.0599 512 340 764 570 5 0.0598 469 547 825 731 6 0.0596 478 549 830 732 3 0.0592 476 550 830 735 5 0.0590 507 331 766 570 6 0.0588 405 617 779 796 8 0.0585 565 414 835 651 5 0.0582 559 409 837 651 7 0.0582 565 411 847 653 3 0.0575 411 617 775 798 0 0.0574 475 550 831 734 7 0.0574 407 617 780 799 5 0.0573 396 614 770 793 7 0.0570 242 664 512 894 7 0.0562 180 524 442 775 6 0.0562 559 335 835 573 9 0.0560 398 618 769 793 11 0.0559 172 529 438 772 0 0.0558 403 618 773 796 10 0.0555 471 554 828 729 0 0.0554 563 414 845 652 3 0.0551 570 411 842 657 13 0.0551 406 616 781 794 13 0.0548 242 662 516 891 2 0.0547 406 620 771 794 10 0.0547 562 417 843 644 1 0.0546 400 615 768 798 0 0.0544 241 661 505 893 2 0.0543 473 554 831 731 11 0.0543 177 399 437 637 10 0.0542 405 622 772 796 8 0.0538 179 463 425 713 2 0.0538 512 345 774 567 11 0.0532 167 728 439 946 6 0.0530 245 663 508 887 0 0.0528 510 342 777 570 13 0.0527 477 548 840 729 5 0.0527 177 458 433 711 13 0.0525 511 342 784 570 11 0.0522 302 6 569 249 12 0.0521 472 547 832 732 0 0.0521 183 328 428 569 0 0.0519 179 530 439 774 7 0.0518 517 340 774 570 10 0.0513 237 665 507 891 4 0.0511 405 620 778 795 3 0.0506 181 400 437 646 9 0.0505 465 549 828 727 13 0.0505 182 461 442 717 11 0.0503 573 210 831 437 4 0.0502 472 550 835 731 3 0.0502 243 664 506 899
Bc6oq4u3fGlyz0X9SdR08NuUXzKst9tE,0 0.0582 706 557 1021 731 11 0.0569 507 590 758 819 0 0.0567 505 594 758 822 11 0.0564 585 531 838 765 11 0.0563 762 597 1016 823 0 0.0561 499 473 772 702 11 0.0560 648 609 896 850 11 0.0550 310 280 583 512 5 0.0547 498 588 754 823 13 0.0546 508 520 777 753 8 0.0545 382 279 637 513 5 0.0544 761 536 1010 768 8 0.0544 765 536 1009 767 5 0.0543 372 274 637 510 11 0.0542 499 471 774 700 0 0.0536 646 531 891 773 7 0.0532 381 279 643 519 0 0.0531 378 276 643 517 6 0.0529 509 524 776 759 7 0.0524 714 552 1023 729 8 0.0519 578 600 818 831 2 0.0518 511 600 758 824 2 0.0518 315 286 573 522 8 0.0514 506 525 766 753 2 0.0513 766 543 1015 767 6 0.0513 316 280 580 515 0 0.0512 462 416 830 597 7 0.0508 509 521 777 759 10 0.0505 503 524 769 755 11 0.0505 460 417 836 595 13 0.0504 769 593 1020 832 0 0.0503 253 530 509 771 13 0.0503 314 283 586 518 3 0.0502 510 524 772 765
PygLdPppwggIRdhqgR0H72lxtOzfBKJf,0 0.0536 245 734 504 968 11 0.0534 246 805 495 1019 8 0.0531 574 337 819 582 11 0.0523 131 741 387 958 0 0.0522 117 800 375 1023 7 0.0522 136 735 394 963 8 0.0511 124 796 364 1018 8 0.0510 251 800 486 1023 11 0.0501 475 808 737 1020 6 0.0501 134 740 389 959
45IclcgkzBQWQ3XQhPmtPJ0uMgnjpLIN,5 0.0589 118 271 379 511 8 0.0543 555 658 814 889 5 0.0528 175 196 423 441 0 0.0526 243 142 496 376 6 0.0526 128 273 388 516 13 0.0525 122 331 386 586 8 0.0523 118 334 371 586 5 0.0523 57 145 312 387 0 0.0519 552 661 824 893 0 0.0518 608 730 881 958 0 0.0513 116 207 381 447 6 0.0512 185 199 430 441 8 0.0511 118 204 374 445 5 0.0510 564 274 820 498 11 0.0507 561 343 821 557 11 0.0505 128 408 394 643 11 0.0505 120 279 384 510 8 0.0504 563 339 805 561 11 0.0502 243 203 497 429 11 0.0501 248 68 497 296
tn8yUYuQYoViLj01BavLBd5oglxnvlCn,7 0.0653 452 788 698 1023 5 0.0607 565 789 817 1020 11 0.0600 628 107 871 323 7 0.0597 519 724 774 968 8 0.0581 448 787 685 1022 11 0.0572 515 789 762 1021 11 0.0565 636 3 900 194 0 0.0561 634 105 870 325 8 0.0557 569 792 810 1023 11 0.0556 10 786 262 1016 5 0.0552 442 785 691 1018 13 0.0549 518 787 770 1023 11 0.0547 563 30 820 250 0 0.0547 9 786 264 1022 5 0.0544 118 419 374 664 13 0.0541 639 790 895 1017 6 0.0533 517 792 767 1023 0 0.0532 633 732 887 962 3 0.0532 565 26 816 257 8 0.0529 13 779 251 1017 11 0.0527 375 784 628 1017 11 0.0526 436 731 703 965 13 0.0525 386 781 635 1023 5 0.0519 504 204 753 438 0 0.0518 514 730 772 970 0 0.0517 377 787 627 1023 3 0.0517 573 793 819 1023 8 0.0515 565 26 809 251 8 0.0515 325 780 555 1007 11 0.0506 506 91 759 305 6 0.0506 639 794 887 1021 10 0.0506 377 787 626 1019 7 0.0505 565 25 821 252 8 0.0501 510 89 748 308
KaZynPA02YCD8i2UYxVLGNIeo2uFYJYl,11 0.0614 265 548 621 726 7 0.0608 438 520 692 771 11 0.0607 320 609 695 792 5 0.0601 369 511 624 766 5 0.0601 242 391 501 638 0 0.0596 372 516 628 769 0 0.0596 314 454 570 698 8 0.0595 317 455 564 693 8 0.0592 374 522 622 767 11 0.0585 245 397 505 637 0 0.0582 248 158 514 395 3 0.0576 250 328 507 578 5 0.0576 239 149 510 395 3 0.0575 287 423 631 606 5 0.0566 372 377 620 622 13 0.0566 253 467 519 715 7 0.0563 312 516 564 759 13 0.0563 247 204 509 442 6 0.0559 430 584 693 826 5 0.0559 300 257 558 496 3 0.0557 378 521 628 770 11 0.0555 305 655 574 892 11 0.0554 310 327 566 564 10 0.0553 270 553 623 728 7 0.0551 372 587 626 836 8 0.0549 258 590 503 817 2 0.0549 283 426 629 601 13 0.0547 371 586 630 832 5 0.0547 248 586 505 817 0 0.0547 308 326 570 567 10 0.0546 309 655 569 890 0 0.0546 255 526 508 776 13 0.0545 256 322 512 576 0 0.0545 311 3 565 240 0 0.0544 375 664 741 851 2 0.0544 435 526 687 766 7 0.0542 382 383 627 625 7 0.0540 257 589 512 822 8 0.0538 245 156 500 396 7 0.0537 254 325 509 572 8 0.0535 250 397 497 637 2 0.0533 366 325 625 549 8 0.0533 383 666 731 849 8 0.0531 375 384 617 620 3 0.0530 371 315 624 561 13 0.0528 437 521 697 765 6 0.0527 319 458 573 695 13 0.0527 258 588 518 824 5 0.0526 304 650 564 890 8 0.0525 303 264 551 492 7 0.0525 187 397 462 647 6 0.0524 379 389 631 623 8 0.0522 314 654 564 891 13 0.0520 319 393 574 632 11 0.0520 251 591 508 820 6 0.0519 304 203 578 426 11 0.0517 446 257 703 483 3 0.0516 245 209 502 449 12 0.0516 316 454 570 697 10 0.0515 246 402 503 638 11 0.0513 239 154 513 395 2 0.0512 369 590 620 831 0 0.0512 422 715 692 957 8 0.0506 447 251 691 483 13 0.0505 369 316 631 556 6 0.0505 256 325 513 571 9 0.0504 369 521 628 762 5 0.0503 373 661 736 846
rro7EwAQymUX8o397SJ4ZcBJrMDdpJMs,11 0.0690 433 471 679 699 8 0.0651 504 397 738 630 11 0.0633 503 399 742 632 5 0.0623 326 413 704 600 0 0.0607 382 403 623 637 7 0.0604 504 468 744 703 13 0.0603 504 398 747 631 11 0.0596 439 331 694 573 8 0.0595 260 451 495 687 7 0.0595 444 397 679 636 8 0.0583 382 467 614 696 0 0.0582 505 332 756 576 0 0.0577 503 469 745 704 2 0.0575 335 420 710 600 6 0.0575 445 399 682 629 7 0.0571 383 463 620 699 0 0.0568 262 393 503 641 8 0.0568 188 332 443 575 6 0.0568 324 399 568 637 11 0.0561 318 344 573 577 7 0.0558 443 552 688 776 5 0.0551 376 463 618 691 7 0.0551 454 784 708 1009 3 0.0549 333 418 701 605 8 0.0547 439 557 678 777 0 0.0547 443 553 687 778 11 0.0546 313 461 558 690 5 0.0544 184 332 449 574 10 0.0544 438 335 692 575 11 0.0543 189 277 461 512 11 0.0542 445 788 699 1003 13 0.0540 384 405 625 637 11 0.0539 260 398 501 631 8 0.0539 311 531 552 762 6 0.0538 504 471 750 697 10 0.0537 317 351 574 580 8 0.0535 286 729 625 907 7 0.0535 195 335 453 577 13 0.0535 435 473 679 701 6 0.0535 508 333 761 570 2 0.0534 436 476 680 697 3 0.0533 393 534 628 770 0 0.0531 1 3 260 234 11 0.0529 280 730 636 905 11 0.0527 252 150 516 373 10 0.0526 260 403 503 634 0 0.0525 188 335 449 578 6 0.0523 133 269 406 523 6 0.0522 390 536 633 758 13 0.0521 192 335 456 579 7 0.0519 505 334 759 574 5 0.0519 445 778 696 1003 10 0.0517 184 340 450 571 9 0.0515 319 344 570 577 8 0.0514 322 338 569 580 5 0.0513 278 723 627 905 8 0.0512 53 337 307 593 8 0.0509 452 787 693 1012 13 0.0507 316 461 559 695 7 0.0506 57 338 321 595 10 0.0504 438 475 678 697 0 0.0501 448 784 706 1010 3 0.0501 457 787 700 1017 5 0.0500 434 547 682 776
Mjtq8sVbFYxEkmLtCT1oO1OWfTZOAMqG,11 0.0503 576 398 820 623
tqeodBzjw2PY8NydKxI4FlrnI0ad6AmP,5 0.0628 208 865 559 1020 11 0.0617 183 271 458 509 11 0.0611 212 870 560 1023 7 0.0602 216 867 569 1023 8 0.0585 215 865 556 1023 0 0.0583 218 866 565 1023 8 0.0580 190 268 445 512 11 0.0574 1 291 250 530 8 0.0573 2 285 246 535 10 0.0572 213 873 564 1023 0 0.0572 235 271 502 511 6 0.0563 59 283 325 532 5 0.0557 179 267 444 510 6 0.0549 218 871 569 1023 11 0.0547 233 403 502 638 13 0.0542 243 398 504 644 0 0.0542 307 395 577 629 13 0.0534 6 289 257 535 5 0.0527 54 278 311 525 11 0.0527 619 816 885 1016 7 0.0527 192 270 458 513 10 0.0524 188 274 450 511 7 0.0521 309 392 576 627 11 0.0521 297 466 564 695 13 0.0520 217 871 576 1023 6 0.0520 191 268 459 514 13 0.0519 243 268 511 508 2 0.0514 215 872 569 1023 6 0.0513 245 399 502 641 7 0.0511 63 283 323 528 11 0.0509 747 289 1016 517 3 0.0509 240 271 502 514 0 0.0508 320 109 562 322 0 0.0508 0 291 250 540 0 0.0506 300 526 564 760 3 0.0504 243 403 499 646 3 0.0503 215 868 565 1023 5 0.0502 239 393 493 635 8 0.0501 244 399 489 642
6gG0NDceHyncrPkVyL24YAz6ExGFQsYT,11 0.0581 196 747 457 968 8 0.0550 186 805 420 1021 0 0.0544 183 807 434 1023 13 0.0532 198 745 459 974 5 0.0523 181 802 426 1020 7 0.0519 184 805 433 1023 0 0.0510 252 730 503 965 8 0.0510 248 727 494 962 0 0.0505 450 518 696 754
ZSWY0KUXLrRhquz71bk98ex86lGmv3id,7 0.0582 242 512 497 754 7 0.0577 179 392 451 632 11 0.0572 224 448 489 688 8 0.0566 229 447 487 689 11 0.0563 301 521 571 752 0 0.0561 307 778 560 1020 8 0.0559 310 777 550 1014 13 0.0551 254 781 502 1017 6 0.0546 182 396 459 634 5 0.0544 165 444 429 681 0 0.0542 226 446 492 694 11 0.0541 306 783 558 1018 7 0.0540 252 780 498 1018 3 0.0531 245 515 494 761 11 0.0529 751 206 1017 457 8 0.0525 307 519 558 755 3 0.0519 182 400 451 639 5 0.0518 305 779 555 1014 1 0.0517 222 441 487 690 5 0.0511 246 388 505 633 8 0.0508 756 273 1015 522 10 0.0504 252 402 506 632 13 0.0503 233 447 495 696
bQjFyXPIOcaSr99JJ5fHyGL0TPe3FZqt,0 0.0635 196 220 459 474 7 0.0601 341 284 600 524 11 0.0600 335 292 600 521 5 0.0589 328 283 595 518 5 0.0586 308 396 565 642 3 0.0586 341 283 598 530 8 0.0583 318 400 564 642 11 0.0582 194 226 462 467 8 0.0581 338 279 591 523 10 0.0580 391 357 647 584 11 0.0578 312 407 570 643 7 0.0567 400 355 648 587 7 0.0564 320 405 574 646 6 0.0564 342 285 603 522 0 0.0557 315 400 567 648 7 0.0554 524 365 773 584 10 0.0552 315 406 573 645 5 0.0549 754 1 1008 250 6 0.0548 319 402 574 645 0 0.0548 522 370 765 592 7 0.0548 200 221 468 467 11 0.0545 755 10 1015 251 3 0.0545 402 353 646 594 6 0.0543 760 5 1014 251 13 0.0540 340 284 602 523 8 0.0539 757 2 1004 253 5 0.0537 448 363 703 582 0 0.0533 339 282 597 526 13 0.0533 319 398 574 647 8 0.0533 202 225 452 472 11 0.0529 518 374 766 579 0 0.0527 333 135 587 379 3 0.0526 317 400 568 649 5 0.0524 185 221 460 465 0 0.0523 398 354 641 590 13 0.0522 204 225 472 469 0 0.0520 312 518 563 777 0 0.0508 756 9 1014 254 12 0.0508 399 352 645 590 11 0.0505 307 526 564 768 0 0.0503 719 796 969 1023 2 0.0501 339 290 597 522
wtfnfLn48OrzhBYmNZ5jMfFM8m8lBaT9,5 0.0606 124 722 362 959 7 0.0604 190 722 436 960 0 0.0594 130 724 366 960 11 0.0575 184 725 435 956 13 0.0563 130 725 372 961 3 0.0561 128 723 367 968 8 0.0556 127 723 357 959 11 0.0554 315 399 587 607 9 0.0547 125 724 365 956 8 0.0540 162 423 511 598 10 0.0539 126 730 365 961 2 0.0516 132 730 365 961 11 0.0513 129 340 394 573 8 0.0511 134 337 379 575 0 0.0508 159 422 520 600 6 0.0507 160 423 528 599 6 0.0506 131 726 369 957
bDiBvDq8cRpvT6S0Kvt2ep1i7UA4ZRYy,11 0.0604 306 586 567 826 8 0.0599 507 464 759 702 0 0.0592 374 585 624 827 11 0.0588 306 722 567 961 8 0.0583 374 589 618 825 5 0.0570 368 581 625 824 7 0.0569 308 718 569 962 8 0.0566 307 716 560 963 0 0.0558 441 470 700 712 8 0.0556 303 520 556 759 7 0.0553 380 586 630 827 8 0.0549 444 340 700 563 11 0.0547 502 464 768 700 11 0.0545 287 457 555 696 6 0.0539 507 462 770 703 8 0.0537 238 396 480 645 5 0.0535 300 714 562 957 5 0.0534 299 511 566 760 0 0.0531 574 477 827 706 6 0.0529 379 585 629 825 3 0.0525 377 590 626 831 0 0.0524 304 713 565 964 13 0.0522 379 584 633 828 6 0.0522 313 718 569 962 0 0.0518 508 412 769 640 3 0.0518 447 471 697 716 0 0.0517 306 519 564 760 5 0.0515 438 465 695 710 7 0.0514 511 459 769 705 7 0.0512 444 335 711 570 13 0.0511 444 467 706 709 10 0.0503 375 588 626 823 3 0.0503 309 722 569 969 3 0.0501 581 470 828 710
Ia45vh78US0DGZhCzsgAuIsOB5TV7E08,5 0.0674 303 327 570 566 5 0.0656 194 276 569 462 11 0.0645 381 593 628 831 11 0.0643 313 263 577 500 11 0.0628 380 471 631 712 8 0.0627 205 275 566 464 7 0.0621 317 260 579 502 3 0.0620 313 263 573 506 5 0.0617 432 276 688 510 11 0.0616 438 284 692 506 6 0.0609 311 335 581 571 8 0.0603 308 332 571 569 11 0.0601 313 405 573 640 0 0.0601 383 471 626 717 3 0.0600 440 282 691 514 8 0.0600 435 280 684 511 0 0.0599 245 332 514 573 3 0.0599 249 206 499 445 0 0.0597 315 402 575 642 8 0.0595 380 590 619 831 0 0.0593 505 554 754 786 10 0.0593 309 333 577 570 6 0.0589 255 263 511 506 11 0.0588 245 207 503 439 7 0.0587 387 471 629 716 11 0.0587 247 336 512 573 13 0.0586 317 264 580 505 7 0.0586 442 281 694 510 11 0.0585 501 555 759 784 0 0.0580 502 286 746 525 0 0.0576 316 260 577 503 5 0.0574 378 469 625 713 6 0.0573 438 284 697 509 13 0.0572 317 403 578 644 3 0.0571 385 471 626 721 0 0.0568 378 591 626 833 8 0.0567 381 471 623 716 7 0.0565 320 405 576 645 13 0.0563 254 206 506 444 0 0.0560 249 207 502 441 3 0.0556 314 405 572 647 5 0.0554 438 798 685 1019 10 0.0552 436 286 695 511 12 0.0551 312 330 575 570 5 0.0551 500 214 749 450 6 0.0550 386 474 632 714 7 0.0549 254 143 500 376 9 0.0548 311 404 568 637 2 0.0548 207 342 575 527 6 0.0543 253 146 505 377 6 0.0540 250 396 516 633 1 0.0539 306 325 572 571 11 0.0538 376 141 626 362 13 0.0538 442 284 696 510 10 0.0536 383 474 627 714 10 0.0535 250 212 504 439 8 0.0535 184 338 438 589 8 0.0535 379 144 621 362 7 0.0532 444 800 696 1023 13 0.0531 385 470 633 715 7 0.0528 512 216 755 453 13 0.0528 510 219 759 449 9 0.0527 501 291 748 518 8 0.0527 505 216 745 452 2 0.0527 440 289 692 511 6 0.0527 381 592 628 829 7 0.0526 385 592 627 830 3 0.0526 510 555 752 789 5 0.0526 178 332 441 580 2 0.0524 386 534 627 770 5 0.0522 244 73 492 314 13 0.0522 386 143 632 362 11 0.0522 504 220 753 448 0 0.0522 439 804 692 1022 12 0.0522 256 263 511 505 3 0.0521 384 143 626 368 13 0.0518 507 558 760 785 13 0.0517 382 592 629 834 13 0.0517 253 332 515 580 6 0.0517 509 220 758 451 2 0.0512 504 557 754 785 1 0.0511 249 259 508 504 6 0.0511 506 553 759 782 9 0.0510 378 470 624 712 9 0.0509 246 334 505 568 7 0.0508 188 391 448 645 0 0.0507 374 728 637 960
hqUvABA1JbYP4wAJq2q83olAhRVRkBW1,8 0.0517 633 0 877 202
h3nxKSTKwgfYRMjoTfCSdliEfbeen9I8,11 0.0688 256 396 504 638 8 0.0668 308 458 555 704 5 0.0643 247 323 503 573 5 0.0634 248 458 507 703 8 0.0615 330 0 575 202 8 0.0614 253 323 498 573 11 0.0613 243 261 496 498 6 0.0612 248 259 498 497 5 0.0610 378 454 630 702 7 0.0608 308 459 560 706 11 0.0605 177 461 445 706 8 0.0601 375 526 619 776 5 0.0599 245 198 501 438 7 0.0598 247 254 498 500 6 0.0598 260 394 508 638 3 0.0595 242 259 495 502 7 0.0593 183 463 445 709 8 0.0588 445 468 695 712 11 0.0586 250 141 513 373 5 0.0581 241 0 505 195 5 0.0580 368 594 626 854 6 0.0580 256 140 513 376 0 0.0578 251 138 510 375 7 0.0577 181 335 445 583 10 0.0575 240 262 496 495 8 0.0574 236 529 488 766 7 0.0574 447 469 701 716 11 0.0574 176 340 442 582 13 0.0573 302 535 562 775 8 0.0568 250 138 503 377 0 0.0568 258 393 505 644 0 0.0564 246 253 496 498 3 0.0562 261 397 504 644 11 0.0561 322 1 584 204 0 0.0560 381 456 635 707 5 0.0559 174 518 439 763 6 0.0557 444 471 702 711 0 0.0556 245 0 508 200 5 0.0554 178 398 438 643 3 0.0554 253 140 510 379 2 0.0553 262 397 505 643 11 0.0552 442 471 697 711 7 0.0551 226 613 500 847 11 0.0551 293 606 561 842 13 0.0550 331 0 590 202 7 0.0542 378 527 628 780 3 0.0541 450 472 700 720 5 0.0540 437 524 692 779 8 0.0540 301 606 556 843 13 0.0538 261 67 531 308 7 0.0538 256 136 513 376 6 0.0533 251 0 518 199 13 0.0533 377 602 636 859 10 0.0533 254 398 503 638 11 0.0532 370 527 624 774 11 0.0532 154 601 430 837 13 0.0532 260 394 512 641 6 0.0530 375 525 627 772 2 0.0530 246 260 496 500 3 0.0530 180 468 444 712 13 0.0530 388 461 640 707 5 0.0529 170 272 438 508 7 0.0528 454 786 713 1023 13 0.0527 254 201 512 443 0 0.0527 507 796 767 1023 0 0.0527 440 529 696 784 8 0.0524 179 267 433 515 6 0.0524 183 461 450 708 0 0.0523 296 531 558 775 0 0.0523 371 600 630 862 3 0.0521 177 339 439 593 12 0.0520 251 321 507 575 7 0.0520 250 2 513 201 10 0.0520 176 342 443 579 10 0.0519 446 469 700 709 3 0.0519 334 0 580 207 9 0.0516 248 324 502 567 13 0.0515 177 530 449 768 5 0.0513 218 604 493 841 5 0.0511 295 658 552 901 10 0.0509 250 145 510 372 2 0.0508 185 466 448 709 1 0.0507 248 317 501 573
TUfuWlQjiRQLNwRyLwFOpwYMFG4VosE4,8 0.0622 377 0 637 198 5 0.0606 371 0 641 195 3 0.0593 383 0 642 203 11 0.0551 373 0 644 195 11 0.0539 301 722 569 951 3 0.0521 313 656 568 902 0 0.0513 630 553 892 775 6 0.0508 310 656 573 892 7 0.0507 379 0 648 198 8 0.0506 309 656 560 892 6 0.0501 376 1 644 199 7 0.0501 310 787 566 1016 8 0.0500 639 551 887 773 10 0.0500 379 5 648 197
da5QeCAhQ4sxGdE8j1Iay6gEvVJv9GSu,11 0.0592 111 30 372 248 5 0.0565 540 478 894 665 0 0.0556 542 485 900 664 0 0.0547 162 29 420 253 8 0.0540 544 485 895 663 13 0.0536 545 485 907 664 11 0.0534 541 484 899 662 6 0.0530 549 482 908 665 11 0.0529 247 38 496 258 11 0.0529 374 468 639 701 5 0.0528 108 20 363 247 8 0.0528 114 25 361 249 8 0.0527 191 150 437 384 7 0.0522 450 397 706 646 3 0.0515 113 28 370 255 5 0.0515 438 394 696 641 11 0.0515 441 403 701 637 5 0.0513 183 146 445 383 0 0.0511 375 473 641 707 8 0.0507 444 404 692 641 13 0.0505 254 40 507 255 7 0.0500 381 467 647 705
N9NCYYKgDXZXKKE4zKJZJUrc1k0dqNbA,11 0.0649 315 781 559 1018 5 0.0649 312 778 557 1017 7 0.0636 318 780 564 1022 5 0.0631 252 715 499 958 0 0.0627 317 778 561 1023 8 0.0621 318 774 557 1023 7 0.0621 261 717 502 960 7 0.0586 580 792 824 1021 6 0.0571 319 788 564 1023 10 0.0571 317 784 559 1021 2 0.0564 318 785 564 1023 13 0.0563 319 782 567 1023 11 0.0559 255 719 501 958 5 0.0558 566 791 809 1018 11 0.0548 302 401 561 622 3 0.0546 319 780 562 1023 11 0.0543 572 796 816 1020 0 0.0539 259 716 501 964 8 0.0535 258 717 497 959 9 0.0534 314 784 560 1020 8 0.0533 571 793 808 1023 3 0.0528 259 719 497 968 0 0.0524 571 796 817 1023 10 0.0519 258 724 500 960 2 0.0501 260 723 502 959
BjeYcvKhLVGqb9fXyLv6c0KV1OBAzxYK,5 0.0618 452 406 711 652 5 0.0613 441 518 689 755 8 0.0598 381 519 616 759 7 0.0587 367 597 636 829 5 0.0585 367 592 629 826 11 0.0583 366 599 632 823 11 0.0582 458 419 713 655 7 0.0579 448 523 700 760 13 0.0570 449 529 697 756 0 0.0568 378 515 618 764 7 0.0559 455 415 722 658 11 0.0551 302 671 568 897 8 0.0551 306 671 562 901 6 0.0541 370 600 633 823 3 0.0538 437 596 696 826 13 0.0536 371 667 647 904 3 0.0531 461 421 716 664 8 0.0530 460 417 707 655 0 0.0529 304 667 567 903 0 0.0525 456 413 715 662 5 0.0524 302 665 569 899 1 0.0524 432 591 691 818 7 0.0517 305 670 573 906 5 0.0512 352 195 610 433 6 0.0510 447 525 701 755 3 0.0508 379 521 621 769 8 0.0507 368 132 608 374 11 0.0503 352 204 616 433 2 0.0500 378 526 622 764
cEE4pJKIbQLGpvgKRr4aaRAaQnBY9atE,11 0.0582 421 677 694 894 8 0.0559 374 663 627 895 8 0.0551 176 796 409 1022 11 0.0546 240 729 497 970 13 0.0545 177 798 426 1023 11 0.0542 310 799 554 1020 11 0.0535 170 799 421 1023 7 0.0525 308 728 562 969 0 0.0524 371 662 634 899 11 0.0521 239 272 512 502 11 0.0520 164 665 426 898 7 0.0520 177 658 426 897 13 0.0513 317 802 563 1023 7 0.0513 177 795 422 1022 6 0.0513 428 677 694 897 5 0.0511 306 795 550 1018 8 0.0510 315 798 546 1022 5 0.0509 421 670 683 899 11 0.0504 310 214 576 431 7 0.0504 434 674 694 897
RiwH6AZ2TEKAzjPrKv3BnH22MQeCeH34,5 0.0550 635 603 901 845 11 0.0541 452 221 692 442 11 0.0535 183 514 445 753 5 0.0529 497 153 739 373 8 0.0528 375 13 625 252 11 0.0520 632 604 894 847 11 0.0518 503 161 749 374 8 0.0515 636 607 894 848 5 0.0515 362 8 632 247 8 0.0514 251 0 607 146 8 0.0512 303 668 555 893 11 0.0512 300 671 563 891 5 0.0509 439 73 697 311 7 0.0508 450 344 704 576 11 0.0504 446 347 702 568 5 0.0502 442 213 682 443 0 0.0502 302 0 566 195 7 0.0501 189 574 447 822 0 0.0501 303 664 567 897
7dL9ptv6nWRHakysOcc41itTWSaNodyA,8 0.0659 312 652 557 894 7 0.0659 256 700 500 949 11 0.0657 405 676 768 857 7 0.0656 314 596 564 834 5 0.0648 318 704 558 955 5 0.0638 329 670 703 851 0 0.0628 312 651 563 897 11 0.0622 307 654 563 893 8 0.0612 189 657 431 897 5 0.0612 249 650 499 893 10 0.0606 189 720 428 955 3 0.0602 332 673 711 854 0 0.0598 190 658 438 900 5 0.0597 520 672 886 860 6 0.0597 405 675 772 858 10 0.0591 248 656 501 893 10 0.0590 404 677 769 858 5 0.0590 189 710 425 957 13 0.0588 191 658 446 900 11 0.0580 186 660 439 898 7 0.0579 527 672 896 861 0 0.0577 521 676 891 865 6 0.0576 257 703 504 951 13 0.0576 410 674 778 859 2 0.0567 329 677 707 853 10 0.0566 311 602 562 832 8 0.0563 524 674 882 858 10 0.0561 319 709 566 958 3 0.0546 526 673 891 863 1 0.0546 252 695 498 950 13 0.0543 311 651 568 899 3 0.0535 258 701 498 954 12 0.0534 311 652 562 896 1 0.0530 400 673 766 860 9 0.0529 327 674 706 849 2 0.0527 255 706 498 953 4 0.0507 331 675 711 852
YHLcz1PmUvCnNyxGVwaj7QzfIUWW6UBE,7 0.0675 510 508 756 752 5 0.0656 360 453 627 706 7 0.0609 381 590 631 841 8 0.0600 306 321 562 565 0 0.0596 436 323 699 564 5 0.0594 371 582 623 832 7 0.0590 438 321 700 564 8 0.0588 376 392 627 628 5 0.0585 304 196 560 440 0 0.0581 508 510 751 752 7 0.0580 378 391 632 633 11 0.0577 634 476 892 704 5 0.0574 301 389 567 630 11 0.0573 302 325 573 565 7 0.0570 301 521 571 782 3 0.0569 509 511 752 757 11 0.0569 427 271 690 488 8 0.0568 300 523 565 782 6 0.0567 372 518 629 762 8 0.0565 433 459 688 703 6 0.0559 512 511 756 749 5 0.0559 374 319 630 557 11 0.0558 506 512 751 749 13 0.0556 376 395 638 632 7 0.0549 379 260 644 491 11 0.0548 300 205 571 438 13 0.0547 442 465 698 702 0 0.0547 380 591 632 839 7 0.0544 309 322 572 566 11 0.0544 299 464 576 711 7 0.0543 309 201 571 439 13 0.0540 441 327 704 561 5 0.0539 508 447 756 691 11 0.0538 371 395 633 627 8 0.0538 301 92 570 328 11 0.0533 295 93 580 326 5 0.0531 296 86 570 328 8 0.0531 436 320 694 562 0 0.0531 374 392 630 637 5 0.0530 632 469 885 707 6 0.0530 374 395 637 631 0 0.0528 305 263 568 499 6 0.0527 439 328 704 559 2 0.0527 375 399 632 631 2 0.0527 437 467 695 702 3 0.0526 380 393 633 638 8 0.0525 638 477 881 707 3 0.0524 443 324 699 568 6 0.0523 641 476 896 706 13 0.0522 375 516 628 763 0 0.0520 638 477 892 708 10 0.0519 369 466 629 707 8 0.0518 380 590 623 838 3 0.0517 379 197 633 436 8 0.0516 306 204 560 441 13 0.0515 380 262 647 493 9 0.0515 504 511 755 745 2 0.0513 304 464 574 715 5 0.0509 631 333 885 562 8 0.0509 374 263 634 491 0 0.0509 306 0 574 202 10 0.0508 510 514 752 748 0 0.0508 297 89 578 333 0 0.0507 302 520 571 784 2 0.0507 437 330 697 560 7 0.0507 642 472 896 706 3 0.0505 373 520 623 772 13 0.0505 311 203 571 441 8 0.0504 315 0 566 198 8 0.0503 234 391 490 636
pZJmlR6X3ttHgvGU365WZWDQRKBtnaaU,8 0.0617 185 792 426 1021 5 0.0603 181 793 429 1021 7 0.0595 185 792 436 1023 11 0.0587 181 796 434 1020 5 0.0574 125 716 369 954 7 0.0573 132 717 376 956 7 0.0569 245 401 505 646 5 0.0558 560 220 812 450 8 0.0557 241 467 483 707 13 0.0555 640 143 902 393 6 0.0555 185 797 435 1022 3 0.0553 246 406 501 644 0 0.0552 563 223 816 453 6 0.0551 637 148 898 392 0 0.0550 186 792 432 1023 0 0.0548 637 143 891 393 8 0.0548 128 723 366 957 13 0.0537 187 796 438 1023 10 0.0536 129 724 372 957 8 0.0533 559 221 807 452 10 0.0533 184 799 433 1022 11 0.0532 239 407 503 639 13 0.0524 564 225 825 450 0 0.0523 239 470 492 711 10 0.0515 62 787 304 1013 8 0.0513 637 140 882 393 5 0.0509 631 142 889 387 11 0.0508 632 145 895 388 2 0.0506 562 229 818 450 6 0.0505 239 335 509 570 11 0.0503 124 723 377 953 0 0.0503 130 720 374 960 5 0.0503 240 398 501 638 11 0.0503 303 351 576 568 7 0.0502 65 780 310 1012
jvAgkUWOog6V9rB6Vz66kDe1H5aSIkLR,5 0.0661 317 77 564 316 5 0.0641 242 323 498 568 5 0.0635 247 135 502 376 0 0.0630 255 79 502 325 8 0.0624 258 84 494 320 11 0.0623 186 143 440 385 0 0.0622 326 219 576 445 5 0.0622 371 273 632 490 0 0.0618 385 523 636 755 11 0.0616 386 524 640 751 8 0.0615 318 0 560 194 5 0.0614 309 0 567 194 3 0.0603 312 338 570 570 0 0.0603 246 275 504 507 3 0.0600 318 1 573 199 6 0.0595 255 141 508 379 3 0.0595 323 214 580 451 0 0.0594 390 334 642 568 8 0.0593 384 464 632 702 8 0.0592 190 144 435 392 7 0.0591 390 403 640 648 5 0.0591 382 140 633 369 8 0.0591 250 329 496 568 11 0.0588 442 792 692 1022 8 0.0587 521 398 770 645 7 0.0587 317 0 576 196 11 0.0586 312 22 574 254 3 0.0586 390 403 639 652 7 0.0585 446 787 699 1023 5 0.0583 380 402 634 643 11 0.0582 253 81 500 320 3 0.0582 325 82 569 324 8 0.0581 302 402 549 631 7 0.0581 194 138 443 390 8 0.0581 123 213 381 462 8 0.0580 247 212 500 445 3 0.0580 459 336 708 566 0 0.0578 302 397 557 630 8 0.0577 331 154 569 374 10 0.0577 249 335 502 569 11 0.0577 243 276 504 504 6 0.0576 248 332 505 573 11 0.0575 322 214 581 440 8 0.0575 325 282 572 498 13 0.0574 191 214 456 471 11 0.0574 519 401 777 641 7 0.0574 249 270 506 507 0 0.0572 583 342 833 575 10 0.0571 189 145 440 389 0 0.0571 124 148 382 394 0 0.0571 315 0 572 198 0 0.0570 510 287 764 509 7 0.0569 455 336 712 561 11 0.0569 308 597 579 828 11 0.0567 386 406 641 639 13 0.0565 316 2 576 197 8 0.0565 391 332 635 567 8 0.0562 383 594 633 823 3 0.0561 246 278 503 512 10 0.0558 244 215 510 446 13 0.0558 256 81 505 324 3 0.0558 300 464 557 704 13 0.0557 252 329 506 572 5 0.0555 518 396 772 643 11 0.0555 116 214 387 460 7 0.0554 388 522 638 755 5 0.0553 444 333 704 557 8 0.0553 514 282 760 510 6 0.0552 326 216 580 446 3 0.0550 529 399 777 648 0 0.0550 395 150 631 373 7 0.0548 256 77 503 320 7 0.0548 527 397 780 644 10 0.0547 323 285 585 501 13 0.0547 305 400 562 633 6 0.0546 325 82 574 318 3 0.0545 254 140 506 381 3 0.0544 447 787 694 1023 10 0.0544 300 404 554 632 8 0.0544 316 527 567 752 13 0.0542 330 151 584 375 11 0.0542 452 338 710 557
6PkubI0WKVITblAMKzAEgMGwUMPbaiJG,11 0.0646 182 355 567 531 11 0.0632 241 396 506 633 3 0.0596 266 354 629 538 5 0.0591 260 288 626 471 8 0.0587 308 406 559 642 8 0.0587 264 352 621 534 11 0.0583 295 473 564 708 13 0.0574 250 391 511 636 7 0.0572 307 334 563 581 0 0.0568 308 267 565 515 6 0.0566 308 335 561 580 5 0.0563 240 387 503 631 8 0.0557 172 267 429 506 6 0.0555 269 294 632 474 7 0.0551 127 353 497 532 13 0.0551 271 293 638 476 5 0.0551 118 352 491 529 3 0.0547 308 404 568 646 0 0.0546 302 401 569 643 8 0.0543 137 416 488 597 3 0.0543 175 272 437 513 5 0.0542 165 17 422 257 10 0.0541 304 409 569 643 0 0.0539 174 269 437 503 6 0.0538 131 355 498 531 7 0.0535 268 289 632 474 3 0.0534 138 418 501 602 13 0.0532 174 340 434 581 11 0.0531 250 204 506 432 10 0.0526 242 334 499 575 8 0.0525 244 465 498 708 0 0.0522 134 413 498 598 2 0.0521 305 340 557 579 7 0.0519 303 472 569 708 11 0.0517 165 270 439 499 10 0.0515 259 296 627 472 8 0.0513 369 464 618 702 5 0.0511 292 466 563 704 8 0.0507 252 203 495 436 5 0.0506 264 145 520 385 0 0.0506 251 203 504 438 10 0.0501 242 469 510 711 2 0.0501 126 357 490 531
BwRgvzxDsRRvvXaxKBxyiTAJKJOj4dD7,0 0.0614 426 453 690 711 0 0.0611 376 530 626 783 8 0.0591 428 453 686 708 11 0.0584 246 274 514 510 0 0.0583 170 218 434 454 11 0.0582 319 392 574 639 5 0.0581 246 267 508 514 0 0.0578 323 390 572 644 7 0.0577 255 273 512 516 11 0.0577 167 220 437 448 5 0.0574 318 385 572 642 13 0.0574 388 393 642 643 8 0.0572 325 394 566 640 5 0.0566 425 450 690 707 13 0.0566 255 271 513 517 11 0.0563 384 325 641 567 7 0.0562 322 393 576 646 8 0.0561 170 212 430 455 11 0.0559 425 456 692 704 13 0.0557 322 329 585 573 8 0.0557 284 284 618 468 10 0.0553 253 278 511 513 8 0.0552 385 320 630 572 8 0.0551 381 531 621 779 6 0.0549 256 271 515 516 0 0.0547 316 260 584 506 7 0.0546 443 388 688 643 6 0.0544 439 388 690 641 7 0.0542 175 218 436 455 13 0.0542 175 218 442 454 11 0.0541 375 531 629 775 2 0.0540 437 395 683 641 5 0.0538 375 526 627 781 3 0.0536 386 392 636 650 3 0.0531 252 273 512 521 7 0.0531 381 529 631 782 5 0.0528 161 217 430 447 6 0.0525 383 533 630 780 11 0.0523 507 206 766 439 0 0.0520 507 208 767 446 13 0.0518 320 458 571 699 13 0.0518 385 529 632 781 11 0.0517 640 275 904 510 2 0.0515 377 465 630 711 5 0.0515 381 316 634 571 0 0.0512 302 599 562 847 8 0.0510 305 601 553 842 6 0.0510 649 272 907 514 11 0.0509 302 603 561 839 3 0.0507 383 531 626 788 10 0.0505 322 397 573 643 6 0.0504 173 219 437 451 3 0.0503 318 460 565 710 10 0.0500 377 462 630 711
ctg8t5VVwMQ1lKbA798HJqkuvNqmgxiG,11 0.0632 636 270 881 488 8 0.0607 642 268 875 489 0 0.0600 634 270 883 490 11 0.0586 447 270 703 507 7 0.0582 455 268 706 511 0 0.0576 313 258 570 510 5 0.0576 378 146 626 392 5 0.0576 635 263 877 489 8 0.0574 317 157 561 398 3 0.0573 454 268 704 516 8 0.0567 315 260 562 507 0 0.0564 757 263 1021 501 5 0.0561 445 263 700 510 5 0.0554 308 253 569 508 6 0.0554 640 269 887 493 8 0.0550 449 269 698 511 0 0.0543 312 155 572 400 8 0.0537 760 261 1014 500 7 0.0537 315 257 578 508 0 0.0537 451 270 705 513 13 0.0536 638 270 892 491 3 0.0534 641 269 884 495 7 0.0533 637 264 886 492 1 0.0533 634 261 879 489 6 0.0533 452 268 709 511 11 0.0532 309 260 572 503 11 0.0527 382 151 630 385 7 0.0526 386 148 633 390 11 0.0524 757 264 1021 493 10 0.0520 313 267 572 507 13 0.0515 453 270 710 512 2 0.0511 635 273 881 489 6 0.0511 318 261 574 507 5 0.0509 244 140 515 387 10 0.0509 635 271 881 491 9 0.0508 444 270 703 506 9 0.0501 309 261 568 501 2 0.0501 451 276 707 509
3i2keFM2RxIcFd5Er844doT9gslcKeGh,0 0.0590 377 469 634 708 5 0.0586 374 460 629 702 3 0.0576 380 476 632 713 8 0.0564 373 468 621 706 6 0.0560 378 473 641 701 2 0.0557 382 476 636 706 11 0.0548 373 471 631 704 7 0.0525 378 465 637 708 13 0.0504 382 470 637 704
uE24JOYvShMaNVW1g7Ls4ixjUGtl5k2b,8 0.0585 186 788 433 1023 7 0.0569 251 784 509 1023 11 0.0566 374 796 640 1021 5 0.0564 304 791 568 1020 13 0.0547 183 789 446 1023 6 0.0538 379 412 638 650 5 0.0537 179 789 436 1016 5 0.0534 368 405 629 647 0 0.0533 376 794 645 1023 6 0.0533 315 794 578 1021 11 0.0529 178 791 442 1021 8 0.0527 312 793 565 1022 11 0.0526 321 352 685 534 5 0.0526 316 346 677 532 13 0.0526 339 353 691 539 5 0.0523 414 803 689 1021 13 0.0522 316 796 581 1023 6 0.0521 423 808 699 1023 11 0.0520 370 412 634 649 7 0.0518 381 791 645 1023 6 0.0516 183 791 441 1021 0 0.0516 186 791 444 1023 3 0.0515 379 411 634 656 11 0.0513 303 729 577 957 0 0.0510 376 413 633 653 11 0.0506 366 675 650 892
hQGjwp1G7LvbWy2JyasDhJrCjTTtCq6x,7 0.0642 333 364 700 541 11 0.0639 230 399 494 636 8 0.0612 242 329 481 571 11 0.0611 289 336 559 570 8 0.0608 502 328 748 575 5 0.0602 231 327 491 568 8 0.0602 180 399 414 643 3 0.0601 373 335 635 582 11 0.0597 375 271 630 508 0 0.0586 438 273 695 517 8 0.0585 324 366 680 539 7 0.0583 510 331 758 575 8 0.0578 298 401 540 638 5 0.0578 434 267 688 516 11 0.0577 235 269 493 510 8 0.0566 311 265 554 512 3 0.0566 237 399 487 647 13 0.0565 240 334 497 573 13 0.0564 507 332 758 573 13 0.0562 184 454 438 703 11 0.0560 505 332 752 573 5 0.0560 554 409 816 635 5 0.0559 365 330 633 578 0 0.0559 573 358 836 578 13 0.0556 372 336 641 579 11 0.0556 171 338 424 569 0 0.0554 174 339 418 574 6 0.0553 331 364 698 538 3 0.0551 443 272 691 524 11 0.0547 560 414 821 632 5 0.0544 173 396 419 637 11 0.0543 354 405 624 642 7 0.0542 364 402 627 648 8 0.0542 559 411 819 634 0 0.0542 239 268 491 516 2 0.0540 508 334 754 574 5 0.0539 508 212 758 442 6 0.0539 242 329 495 569 2 0.0538 439 275 693 517 0 0.0537 228 460 489 704 3 0.0537 309 267 567 516 8 0.0537 231 460 479 704 5 0.0533 301 257 565 510 6 0.0531 309 260 567 511 7 0.0529 182 399 422 641 7 0.0528 563 412 826 635 8 0.0528 248 197 489 450 3 0.0527 567 415 824 641 13 0.0525 296 401 556 643 7 0.0523 243 265 490 513 10 0.0523 374 269 634 511 10 0.0523 506 336 757 575 5 0.0522 287 395 550 640 8 0.0521 515 221 756 438 13 0.0516 562 415 830 635 0 0.0513 515 222 765 443 11 0.0513 285 476 556 698 1 0.0512 503 327 752 577 6 0.0512 511 331 759 575 11 0.0510 303 202 567 439 13 0.0510 309 265 574 515 3 0.0508 179 340 418 579 6 0.0508 233 458 493 700 10 0.0507 292 336 558 570 0 0.0501 359 402 622 647
wwWsurh6Q4F64YDgoeIODhtBGW7a1H2f,11 0.0530 174 793 434 1013 8 0.0519 179 793 424 1018 11 0.0518 296 610 557 816 0 0.0514 176 797 430 1020 7 0.0513 178 788 437 1015
4U6IQsPIJKd10wPf4SCY1vknzuZXUzw2,0 0.0545 408 729 767 911 8 0.0522 410 729 757 907 13 0.0521 418 729 780 908 11 0.0516 414 732 768 906 0 0.0510 338 667 700 855 7 0.0508 420 727 771 908 7 0.0503 346 668 706 852 10 0.0503 410 733 770 908 6 0.0501 635 1 1010 154
GjlRtG0BEkSoFB74XO9hgAyGDIjDezuh,0 0.0642 195 516 442 767 8 0.0618 194 516 434 765 0 0.0595 182 718 441 943 8 0.0594 242 394 501 639 8 0.0591 183 717 433 944 11 0.0587 189 519 441 763 0 0.0577 236 335 495 570 5 0.0575 187 511 438 764 11 0.0575 179 724 438 939 5 0.0574 176 717 435 941 7 0.0571 252 271 514 514 7 0.0571 197 516 444 765 5 0.0568 151 406 510 602 0 0.0566 173 398 439 639 8 0.0559 242 274 504 514 11 0.0559 236 401 506 635 13 0.0553 239 335 505 572 10 0.0551 188 522 440 763 7 0.0550 168 407 518 604 11 0.0539 313 213 560 434 0 0.0539 313 209 558 440 7 0.0537 185 722 441 946 0 0.0537 167 274 439 508 11 0.0536 245 278 513 508 6 0.0532 183 455 439 701 3 0.0531 237 337 496 573 3 0.0526 185 719 439 949 7 0.0525 320 207 565 439 8 0.0524 168 332 425 570 13 0.0522 186 721 445 946 10 0.0519 236 402 507 639 3 0.0518 318 211 559 443 13 0.0512 318 206 568 437 11 0.0510 163 339 436 565 3 0.0507 197 518 437 767 2 0.0503 181 726 440 945
UqdDn1hYQWNz6XVILiTJvaMUVoLMuWQ4,5 0.0617 302 394 562 640 8 0.0612 310 398 558 637 11 0.0602 285 665 565 901 0 0.0598 378 393 626 645 11 0.0596 307 402 564 637 0 0.0592 570 391 818 636 8 0.0591 565 465 814 708 7 0.0591 313 398 567 639 11 0.0588 379 337 622 577 5 0.0581 286 520 548 765 8 0.0581 372 458 612 703 11 0.0572 365 462 619 703 3 0.0569 321 338 566 576 7 0.0569 295 526 555 767 11 0.0569 560 467 818 703 8 0.0568 293 663 559 903 5 0.0567 433 447 689 702 0 0.0567 303 458 559 702 8 0.0566 443 387 690 638 0 0.0560 321 334 569 573 7 0.0559 517 453 764 704 5 0.0558 228 595 501 846 8 0.0556 438 517 683 761 0 0.0554 510 454 762 704 11 0.0553 348 733 621 966 8 0.0551 291 528 544 765 5 0.0551 308 275 561 506 3 0.0551 373 459 617 708 5 0.0551 375 332 620 579 10 0.0551 318 339 571 571 11 0.0551 439 392 694 635 8 0.0550 377 336 617 579 7 0.0550 385 332 628 579 3 0.0549 574 389 819 643 0 0.0546 363 516 624 768 0 0.0545 292 664 569 904 8 0.0545 512 333 757 579 11 0.0538 513 337 764 575 6 0.0537 303 462 564 703 6 0.0534 446 329 698 580 11 0.0532 312 278 567 504 6 0.0531 513 458 763 704 8 0.0531 314 276 555 507 7 0.0529 441 515 693 765 7 0.0528 294 662 573 903 10 0.0527 265 485 629 664 0 0.0526 300 787 560 1021 2 0.0525 327 422 694 601 7 0.0523 521 329 767 579 5 0.0523 563 382 814 632 13 0.0521 372 457 623 706 13 0.0518 566 471 822 705 6 0.0518 296 594 568 837 13 0.0516 234 538 505 781 9 0.0515 326 420 693 596 13 0.0514 510 391 766 641 10 0.0512 436 457 694 702 13 0.0511 266 411 630 600 10 0.0511 365 526 627 766 6 0.0510 321 337 571 574 3 0.0509 291 528 550 772 3 0.0509 445 391 697 644 6 0.0509 367 522 626 768 11 0.0508 432 521 688 762 13 0.0507 305 785 566 1021 6 0.0507 571 392 819 637 3 0.0506 369 668 631 920 0 0.0505 628 484 892 707 2 0.0504 369 465 618 706 10 0.0502 513 338 767 577 2 0.0502 291 531 551 767
Sxn6oZ71FjuaNobt5aDEohVcCO2ZAKIy,3 0.0626 568 1 837 203 5 0.0619 54 573 316 815 11 0.0597 306 280 584 512 13 0.0597 508 70 783 314 5 0.0592 303 210 572 450 11 0.0591 565 2 838 198 3 0.0591 578 76 833 331 11 0.0588 572 146 829 384 0 0.0583 564 0 838 194 13 0.0582 584 142 834 386 8 0.0579 441 152 700 391 0 0.0578 499 75 772 315 13 0.0576 449 150 718 387 5 0.0575 558 0 834 195 0 0.0574 572 143 827 386 0 0.0573 563 293 820 521 0 0.0571 628 220 889 460 8 0.0571 503 74 768 315 0 0.0571 438 156 707 390 8 0.0570 564 0 831 195 8 0.0565 308 278 571 516 6 0.0565 569 1 838 195 7 0.0563 575 77 833 327 5 0.0563 505 137 766 385 6 0.0562 328 334 591 575 7 0.0560 65 573 324 818 11 0.0555 501 74 772 312 11 0.0552 349 153 702 336 8 0.0549 55 577 311 815 6 0.0549 252 274 511 513 5 0.0548 237 272 502 509 6 0.0548 447 154 711 387 8 0.0548 573 143 822 386 3 0.0548 314 219 577 460 0 0.0543 451 285 713 523 6 0.0542 315 215 583 452 6 0.0540 576 78 835 324 2 0.0539 566 2 837 197 8 0.0536 507 338 752 573 5 0.0536 628 212 885 453 3 0.0536 513 343 758 581 10 0.0536 564 3 834 195 7 0.0534 567 0 837 198 5 0.0531 177 804 436 1017 7 0.0529 258 215 522 444 13 0.0528 458 283 721 523 11 0.0527 450 284 715 518 13 0.0525 323 341 590 577 5 0.0524 316 332 583 572 13 0.0523 569 1 843 197 11 0.0522 627 222 897 451 11 0.0521 55 578 323 813 8 0.0519 189 807 436 1023 11 0.0518 561 294 822 515 10 0.0518 61 587 326 817 10 0.0516 571 82 831 326 5 0.0514 344 150 687 338 13 0.0514 572 292 824 521 5 0.0514 448 279 707 520 3 0.0513 326 342 586 583 2 0.0512 504 77 775 314 13 0.0511 641 216 899 460 3 0.0510 372 159 644 393 5 0.0508 560 288 813 520 11 0.0506 187 808 440 1023 0 0.0505 252 218 516 451 1 0.0505 559 0 837 193 12 0.0505 564 0 841 197 11 0.0504 615 464 897 693 3 0.0503 249 281 507 518 13 0.0502 257 218 526 450 10 0.0501 451 287 719 526 8 0.0501 251 216 508 452 6 0.0500 456 281 717 521 7 0.0500 315 277 586 510
m7LAxQS4fdP6scpurvXXs12FOD5niW4i,0 0.0546 495 790 757 1021 11 0.0534 555 801 811 1017 13 0.0502 497 794 765 1020
UkRuj3vhkdselyFyizdSDKhjXKT8GBKC,11 0.0672 5 485 245 711 0 0.0664 373 727 631 966 8 0.0625 375 728 621 963 5 0.0618 368 727 624 959 3 0.0617 7 479 244 719 6 0.0604 8 482 246 708 5 0.0599 0 477 237 712 0 0.0599 492 725 757 959 11 0.0599 430 731 697 958 8 0.0590 3 481 240 712 13 0.0587 380 733 634 962 7 0.0587 436 726 701 962 0 0.0571 3 482 244 715 11 0.0568 378 672 641 891 5 0.0561 749 0 1014 199 6 0.0557 379 730 631 960 5 0.0554 174 663 426 887 10 0.0550 375 736 627 959 3 0.0544 438 729 698 962 0 0.0538 180 675 427 894 3 0.0535 384 670 637 897 13 0.0532 7 480 252 711 2 0.0530 495 727 759 955 13 0.0529 438 664 707 899 11 0.0529 174 678 429 890 8 0.0528 175 665 419 890 5 0.0528 484 719 753 952 11 0.0526 315 542 583 771 7 0.0526 2 484 247 715 11 0.0525 492 675 761 892 3 0.0525 498 672 757 899 11 0.0523 430 598 696 828 8 0.0520 494 724 748 957 12 0.0517 437 731 701 962 2 0.0510 380 732 628 963 11 0.0505 626 3 881 208 6 0.0503 567 602 825 837 2 0.0502 175 679 433 891 1 0.0501 431 724 698 959 10 0.0500 2 486 247 711
HrXjbtQE0B1iJ3aRIIGv9KTM5iIzbKdF,0 0.0594 555 786 811 1023 11 0.0571 244 791 490 1013 5 0.0565 243 784 490 1012 7 0.0553 251 785 494 1016 7 0.0551 558 786 818 1023 8 0.0550 3 84 238 322 11 0.0547 0 20 258 255 10 0.0546 2 90 246 317 11 0.0537 553 787 809 1017 0 0.0537 3 87 247 323 13 0.0534 251 790 498 1020 10 0.0531 248 791 488 1012 13 0.0531 558 790 817 1023 5 0.0520 547 784 806 1015 6 0.0517 251 788 495 1012 0 0.0516 246 786 489 1017 8 0.0511 559 783 808 1020 8 0.0511 249 784 487 1016
Qb32dJTtHARVbvSdlw5VEJQq1yrr4fqv,0 0.0641 251 268 506 507 11 0.0613 367 204 637 434 11 0.0604 250 270 503 502 11 0.0604 377 603 640 834 7 0.0601 305 205 566 445 7 0.0587 379 602 647 836 11 0.0587 256 161 517 386 6 0.0585 256 269 508 503 8 0.0582 371 255 615 501 0 0.0580 311 336 580 579 8 0.0574 259 267 499 505 0 0.0571 507 657 764 897 11 0.0568 312 542 576 764 5 0.0567 494 589 755 822 8 0.0559 375 598 635 837 5 0.0559 310 531 576 764 13 0.0558 253 210 507 447 5 0.0557 372 595 640 834 11 0.0555 375 323 635 556 0 0.0552 257 157 514 391 3 0.0550 305 269 556 512 13 0.0550 383 602 651 836 10 0.0550 184 229 431 460 7 0.0549 310 332 578 574 7 0.0548 444 192 693 441 8 0.0547 316 335 566 576 7 0.0547 312 465 584 699 11 0.0543 571 666 825 888 5 0.0542 235 329 500 575 6 0.0541 441 663 709 893 8 0.0538 433 662 697 897 3 0.0538 373 199 628 444 7 0.0535 253 562 514 790 8 0.0535 367 150 637 382 0 0.0534 380 600 638 840 0 0.0534 367 262 620 501 8 0.0533 376 34 651 258 8 0.0532 312 534 572 770 0 0.0530 440 336 694 562 5 0.0528 239 472 503 715 0 0.0527 573 717 825 954 2 0.0525 245 343 503 576 5 0.0523 364 255 613 493 3 0.0523 382 322 635 567 11 0.0521 499 593 755 825 6 0.0521 250 414 520 650 8 0.0520 175 733 406 966 11 0.0519 295 738 549 960 10 0.0519 378 605 641 835 11 0.0518 239 480 508 712 6 0.0518 321 545 585 767 5 0.0517 570 662 822 889 13 0.0517 244 338 506 579 2 0.0516 305 277 554 508 5 0.0515 438 189 686 433 8 0.0514 312 0 551 212 11 0.0513 308 401 581 632 8 0.0513 500 588 749 826 10 0.0513 447 198 691 441 8 0.0513 187 221 426 459 11 0.0513 159 800 411 1020 3 0.0512 385 604 641 842 6 0.0511 579 666 828 891 3 0.0511 393 0 643 215 6 0.0511 444 199 694 436 7 0.0511 507 591 760 826 0 0.0511 312 462 581 702 11 0.0509 432 139 698 372 0 0.0508 252 558 508 795 7 0.0508 192 219 432 463 10 0.0508 297 737 551 964 7 0.0507 581 664 829 892 8 0.0507 444 328 684 560 10 0.0507 305 213 562 446 12 0.0506 259 269 507 506 13 0.0506 373 203 643 438 6 0.0505 312 334 586 573 6 0.0504 504 592 761 826 7 0.0504 233 792 484 1019
yBNGudHAn9EAtJBIAJQB70dVuRMN4thI,11 0.0551 383 398 637 646 13 0.0543 396 484 761 662 0 0.0541 387 483 751 663 7 0.0540 394 481 757 663 11 0.0537 336 333 586 569 0 0.0535 576 351 823 584 8 0.0534 332 273 575 504 10 0.0527 387 484 758 663 6 0.0526 400 483 761 663 13 0.0526 329 465 584 715 11 0.0526 355 221 715 401 11 0.0525 325 465 578 711 5 0.0524 377 389 631 648 13 0.0524 457 530 691 772 8 0.0523 354 221 698 401 3 0.0522 458 528 689 778 0 0.0521 355 222 713 402 3 0.0521 394 484 756 670 8 0.0520 388 482 745 663 11 0.0518 250 150 520 375 8 0.0518 325 464 569 715 5 0.0518 451 524 681 767 8 0.0517 453 525 680 772 0 0.0514 453 527 686 772 6 0.0512 363 223 719 398 7 0.0510 457 527 687 769 6 0.0507 339 334 596 570 0 0.0507 333 334 588 574 5 0.0503 573 350 824 582 0 0.0502 254 153 520 377
gZ9pM54TpGxwcb2jybC8pk0iEb5r4Eia,11 0.0591 321 543 581 772 5 0.0590 320 535 577 774 5 0.0585 165 586 443 821 8 0.0583 172 593 442 824 7 0.0583 177 591 449 824 7 0.0580 296 361 652 541 0 0.0579 318 614 578 843 5 0.0576 242 466 502 712 11 0.0575 649 2 1023 147 11 0.0574 247 401 506 639 0 0.0574 389 545 634 781 0 0.0572 740 4 1013 238 8 0.0571 312 278 568 501 0 0.0571 310 275 572 503 6 0.0570 250 536 515 774 8 0.0557 65 594 320 839 11 0.0552 309 275 572 499 11 0.0551 236 604 517 830 8 0.0549 656 0 1014 148 5 0.0548 102 646 371 893 11 0.0547 251 210 505 439 7 0.0547 331 469 584 706 13 0.0546 744 3 1019 236 5 0.0542 737 1 1012 237 7 0.0540 199 476 445 718 0 0.0539 254 212 503 442 3 0.0538 328 541 578 781 0 0.0537 250 533 509 780 8 0.0536 255 212 495 441 8 0.0535 316 613 571 841 5 0.0535 248 205 499 438 8 0.0534 252 398 499 637 7 0.0533 250 399 509 639 0 0.0532 250 400 508 640 5 0.0532 287 357 644 538 7 0.0528 389 540 641 777 0 0.0527 333 470 580 708 6 0.0524 658 0 1023 147 3 0.0520 301 362 645 541 11 0.0520 179 541 441 769 11 0.0517 377 623 640 844 7 0.0516 111 654 380 897 7 0.0515 257 209 504 442 2 0.0515 323 547 582 775 5 0.0515 518 449 771 701 8 0.0513 195 480 438 715 13 0.0512 248 602 523 836 5 0.0511 375 612 633 848 3 0.0510 386 620 636 855 0 0.0510 103 655 381 898 8 0.0508 327 470 574 704 0 0.0504 183 333 437 569 7 0.0504 526 453 780 699 6 0.0502 334 470 588 704 13 0.0502 326 544 582 774
N5ycg3bUWDuJHmPZNjhEjtLionmQ7M7K,11 0.0636 248 797 489 1019 5 0.0635 248 791 486 1022 7 0.0610 251 792 495 1023 13 0.0600 256 796 498 1023 8 0.0597 252 792 483 1020 11 0.0591 318 714 567 956 0 0.0584 249 794 490 1023 0 0.0557 321 710 566 964 7 0.0555 323 709 570 964 11 0.0551 171 340 436 563 8 0.0542 376 140 632 367 11 0.0540 377 137 642 368 5 0.0532 314 706 561 955 6 0.0530 253 799 491 1023 0 0.0527 379 143 638 375 11 0.0526 311 590 577 818 3 0.0525 251 794 490 1023 8 0.0525 249 663 497 900 5 0.0524 374 138 636 366 13 0.0520 382 145 647 370 3 0.0519 385 141 637 378 10 0.0519 246 799 489 1022 1 0.0517 245 790 490 1023 7 0.0514 383 139 641 369 2 0.0510 382 155 635 372 0 0.0509 485 153 760 380 8 0.0504 322 709 561 959
R4ffdnZa5A0tke7TAtKhrySvrW1J0foY,11 0.0617 240 396 506 635 10 0.0590 183 403 452 633 8 0.0590 184 398 449 634 7 0.0569 184 397 455 637 6 0.0568 186 399 457 636 5 0.0564 429 330 680 571 5 0.0561 179 393 446 636 8 0.0560 115 340 374 569 0 0.0556 114 341 381 575 5 0.0554 109 335 374 570 0 0.0554 182 396 450 639 11 0.0550 305 335 568 564 11 0.0543 234 276 486 495 8 0.0542 231 541 489 773 13 0.0537 187 397 461 638 3 0.0536 185 398 453 641 13 0.0534 240 270 493 500 13 0.0533 435 336 687 571 0 0.0532 434 335 680 575 6 0.0526 434 336 682 570 0 0.0525 307 328 563 571 5 0.0524 301 326 564 565 11 0.0524 115 346 383 566 2 0.0521 434 343 679 572 5 0.0521 528 424 892 606 6 0.0520 310 331 567 569 8 0.0520 240 270 478 497 11 0.0519 250 153 502 378 7 0.0518 311 331 570 568 3 0.0517 435 337 680 578 5 0.0516 244 200 492 440 0 0.0516 527 427 903 610 13 0.0512 541 429 902 610 5 0.0511 229 538 490 777 8 0.0510 434 337 672 570 0 0.0508 229 598 489 849 7 0.0506 121 340 386 570 6 0.0506 535 427 902 610 8 0.0504 534 430 883 605 7 0.0504 437 334 687 576
einTGYlXRCGd6HSbPQF9tJABS7jhflYK,11 0.0629 384 335 638 577 11 0.0604 392 519 643 761 5 0.0588 447 277 715 519 11 0.0587 458 282 715 521 5 0.0586 316 382 569 625 11 0.0580 381 202 643 439 0 0.0569 397 463 641 707 8 0.0565 455 279 708 523 7 0.0563 391 273 637 527 8 0.0560 396 522 636 761 8 0.0559 251 393 499 634 11 0.0559 508 351 769 591 5 0.0558 323 269 567 526 6 0.0557 322 389 579 631 7 0.0556 396 466 647 709 0 0.0555 249 392 503 637 11 0.0555 249 339 510 588 11 0.0554 333 669 702 850 0 0.0554 311 154 573 378 13 0.0552 400 521 647 763 5 0.0549 562 280 835 511 13 0.0549 346 669 712 854 5 0.0546 392 516 635 759 8 0.0546 342 667 692 851 7 0.0545 254 388 508 637 5 0.0543 265 666 613 848 6 0.0540 191 408 461 659 8 0.0540 388 402 628 635 0 0.0539 457 280 716 529 0 0.0537 341 668 704 852 10 0.0535 454 287 721 523 0 0.0533 570 284 835 518 13 0.0531 324 389 584 628 3 0.0529 459 196 713 440 3 0.0529 498 659 756 901 13 0.0529 388 275 642 524 7 0.0528 322 221 569 453 7 0.0524 273 672 627 851 7 0.0522 514 411 761 653 8 0.0522 509 347 761 594 0 0.0520 509 411 754 653 5 0.0519 187 405 453 657 3 0.0518 398 465 643 715 6 0.0516 332 278 582 525 6 0.0512 390 204 646 438 8 0.0512 329 278 568 527 0 0.0509 330 274 573 530 6 0.0508 397 465 648 708 5 0.0508 567 401 820 641 6 0.0508 346 668 703 851 8 0.0508 310 154 564 372 7 0.0506 577 281 847 516 11 0.0506 301 724 562 960 8 0.0505 307 722 554 960 5 0.0503 444 119 711 348 11 0.0503 452 131 710 353 13 0.0502 194 407 466 664 3 0.0502 330 277 576 535 2 0.0502 320 393 576 629 6 0.0501 511 410 758 651
hVQF3j8CMZO9qUo4eVshuifnj0S9vLpv,8 0.0597 54 340 309 573 5 0.0545 39 341 313 570 0 0.0544 384 455 633 700 11 0.0543 398 262 643 489 0 0.0525 357 611 630 849 11 0.0516 46 347 325 569 11 0.0516 354 617 635 844 7 0.0501 398 321 644 559
CIHn8ZwddGEvLiIOGrLxW9W5qSx5RRIF,0 0.0615 460 272 709 508 11 0.0608 448 468 719 698 11 0.0585 520 337 777 561 3 0.0583 465 333 707 566 8 0.0582 452 467 707 702 5 0.0576 453 271 706 504 3 0.0575 457 464 715 708 0 0.0571 463 399 706 636 6 0.0568 467 337 714 562 7 0.0565 465 274 711 511 8 0.0562 458 334 704 563 8 0.0559 508 17 753 237 11 0.0559 461 275 711 504 7 0.0557 463 397 710 638 5 0.0556 451 393 704 632 2 0.0551 462 281 715 508 0 0.0546 525 337 773 563 13 0.0542 466 337 718 560 8 0.0536 522 271 763 512 5 0.0531 516 334 769 562 6 0.0530 527 274 776 505 13 0.0530 513 19 767 238 7 0.0529 463 517 722 766 3 0.0527 538 403 779 644 11 0.0523 520 213 778 445 8 0.0519 384 260 647 498 0 0.0517 518 214 773 449 0 0.0515 530 472 785 706 5 0.0514 453 510 715 758 6 0.0514 514 19 762 234 6 0.0512 539 405 783 640 12 0.0511 464 335 714 559 8 0.0511 633 0 880 196 8 0.0502 518 530 770 774 13 0.0501 536 404 783 637 6 0.0501 454 469 723 704 11 0.0500 504 20 761 235
807B41sTTz1UI5gC84b0SEV6pR636jBI,5 0.0591 566 453 818 692 11 0.0563 302 412 559 632 6 0.0545 584 520 828 754 0 0.0539 579 522 823 758 11 0.0513 568 461 822 689 13 0.0501 580 522 832 756
5pshczTqIErRx3KO7nzy9OoYa9diJRBw,11 0.0551 241 597 511 822 11 0.0544 287 667 649 862 0 0.0526 506 18 753 253 11 0.0525 313 531 579 754 3 0.0519 616 174 876 408 6 0.0515 509 17 759 254 11 0.0513 613 178 881 397 5 0.0504 502 8 751 252
n8D0GZPqZGbiAGVDVHkRk4KSfrtwxlZe,7 0.0566 368 672 636 891 6 0.0558 259 468 503 704 5 0.0556 358 589 628 819 11 0.0542 306 357 571 586 6 0.0540 370 599 639 822 0 0.0540 302 516 557 763 0 0.0535 239 401 505 641 11 0.0534 302 665 556 898 5 0.0532 237 401 494 636 8 0.0527 245 276 494 506 8 0.0526 304 589 561 826 5 0.0524 235 273 499 501 5 0.0521 426 526 701 761 0 0.0516 306 286 567 524 7 0.0515 305 589 569 829 8 0.0512 306 215 554 439 0 0.0509 368 596 628 828 13 0.0508 306 586 573 826 11 0.0506 303 217 565 441 11 0.0506 364 599 633 820 5 0.0505 293 514 548 755
mzVnk0ZilTbLQnrF5jiRqS8SXxpUAvi0,8 0.0631 494 405 757 650 0 0.0598 495 408 763 654 5 0.0597 492 399 759 650 11 0.0595 473 476 828 660 7 0.0588 500 406 765 653 8 0.0587 435 331 685 571 0 0.0571 183 274 440 516 3 0.0569 503 406 762 655 6 0.0547 440 333 700 574 6 0.0547 472 412 839 596 11 0.0543 434 335 696 572 3 0.0541 440 332 695 577 5 0.0531 431 329 688 571 7 0.0529 440 332 697 571 13 0.0526 472 415 837 598 10 0.0525 495 407 764 650 0 0.0520 435 331 694 576 11 0.0515 599 420 955 596 2 0.0513 495 413 762 651 5 0.0512 246 335 500 587 11 0.0507 177 278 446 510 10 0.0504 435 334 695 573 13 0.0500 257 341 509 598
7lulKvcR63U0iYHPk6smjWG1LtFC5b2N,5 0.0661 438 581 695 822 0 0.0605 442 458 692 698 11 0.0602 441 462 697 693 3 0.0600 454 402 699 647 5 0.0599 365 512 626 750 5 0.0588 236 520 490 766 5 0.0588 437 450 694 691 11 0.0587 259 336 506 563 3 0.0583 322 405 571 641 5 0.0582 243 400 502 634 8 0.0582 451 402 688 642 0 0.0579 444 592 695 826 11 0.0577 176 400 438 626 8 0.0574 439 516 686 757 13 0.0573 453 592 703 820 0 0.0572 299 587 556 827 11 0.0570 299 587 559 820 6 0.0568 380 454 636 690 0 0.0566 371 519 630 759 13 0.0566 562 594 832 823 8 0.0561 381 573 623 831 6 0.0559 562 593 827 823 5 0.0558 551 588 822 822 13 0.0558 446 458 703 695 3 0.0556 443 524 695 762 5 0.0553 178 335 425 564 7 0.0552 443 521 694 754 11 0.0551 246 467 500 703 13 0.0551 380 517 636 753 5 0.0549 321 333 572 562 6 0.0548 328 338 579 566 7 0.0546 451 403 700 640 11 0.0545 445 591 694 823 2 0.0544 303 591 558 825 8 0.0544 323 402 562 634 0 0.0543 558 594 822 824 11 0.0543 372 520 632 752 10 0.0543 450 405 700 640 10 0.0539 443 591 698 825 13 0.0538 266 336 511 568 6 0.0536 443 524 694 753 8 0.0535 303 519 551 757 3 0.0535 302 524 564 764 5 0.0534 258 263 507 499 6 0.0531 301 522 565 757 2 0.0530 373 523 632 753 8 0.0530 554 590 818 822 10 0.0529 556 597 824 821 6 0.0526 256 404 512 638 2 0.0525 442 461 695 695 8 0.0524 263 333 498 561 6 0.0523 382 581 633 827 13 0.0521 243 525 503 770 3 0.0519 387 582 629 834 2 0.0518 447 594 698 825 7 0.0515 383 579 628 830 0 0.0513 326 340 576 566 3 0.0513 187 468 439 708 0 0.0512 263 270 511 503 6 0.0509 192 340 434 573 0 0.0508 186 340 429 569 11 0.0507 556 593 824 822 3 0.0506 261 337 505 572 5 0.0505 224 649 492 886 7 0.0504 265 334 512 563 2 0.0504 265 337 504 563 6 0.0503 189 467 444 699 7 0.0502 560 589 827 822 8 0.0501 233 596 484 832 0 0.0501 124 413 386 649
Vzi7Lnvkx7qq2WTiHvDt5zuBdI8xwx1E,0 0.0669 69 672 437 861 8 0.0647 71 673 425 859 5 0.0629 66 673 430 858 7 0.0609 72 674 439 859 10 0.0596 64 675 432 861 11 0.0588 169 335 446 566 11 0.0588 68 674 435 861 6 0.0585 71 675 439 858 3 0.0568 74 675 435 864 8 0.0558 177 331 433 569 0 0.0532 244 321 508 563 11 0.0529 202 292 563 463 1 0.0529 66 670 440 863 7 0.0522 175 393 438 640 12 0.0517 73 671 440 863 13 0.0513 73 674 444 860 7 0.0512 245 321 508 562 8 0.0504 250 388 485 627 5 0.0502 241 318 502 560 13 0.0502 249 323 512 561
ozijIKE88cLRebZWeUJyPQn8wGdwytkO,0 0.0640 576 405 828 640 11 0.0630 574 406 829 637 8 0.0624 574 404 820 638 11 0.0607 580 530 825 755 6 0.0606 451 341 718 579 8 0.0603 511 465 752 689 0 0.0602 508 344 770 580 8 0.0598 511 344 763 579 7 0.0597 580 531 825 758 6 0.0596 577 405 828 638 11 0.0596 510 467 761 687 0 0.0591 510 465 759 692 0 0.0581 580 527 824 760 0 0.0580 647 351 907 584 7 0.0576 574 406 830 638 8 0.0574 581 527 816 757 13 0.0572 517 411 765 644 11 0.0571 508 344 768 574 11 0.0569 650 354 909 580 3 0.0568 581 406 827 643 5 0.0566 395 143 649 373 13 0.0563 579 349 843 578 6 0.0562 519 277 779 518 5 0.0561 576 276 835 513 7 0.0561 458 279 716 518 6 0.0559 515 468 760 687 8 0.0558 404 147 647 378 5 0.0558 449 212 709 454 7 0.0556 512 465 758 690 11 0.0554 581 278 840 516 3 0.0554 516 468 759 696 8 0.0554 575 208 824 453 6 0.0549 655 348 913 583 13 0.0549 521 279 780 517 5 0.0548 574 402 821 634 5 0.0546 508 462 754 686 5 0.0544 507 142 771 393 10 0.0544 512 470 758 689 3 0.0543 585 531 820 764 0 0.0543 584 279 839 518 13 0.0538 584 534 831 761 13 0.0537 579 212 844 448 6 0.0534 523 146 781 392 0 0.0531 564 657 823 900 2 0.0529 515 414 763 643 5 0.0529 504 341 764 574 5 0.0526 396 0 643 239 3 0.0526 586 281 840 523 6 0.0524 406 149 662 377 7 0.0524 517 145 778 400 5 0.0524 579 527 818 756 5 0.0522 492 641 749 883 11 0.0518 505 210 766 450 0 0.0518 511 206 764 454 7 0.0517 710 531 940 784 6 0.0517 584 534 826 757 13 0.0516 452 342 717 581 3 0.0514 514 348 772 583 3 0.0512 516 149 773 407 10 0.0511 508 346 770 577 7 0.0511 443 527 680 750 7 0.0509 573 655 823 894 6 0.0509 182 462 437 708 13 0.0509 436 470 684 694 8 0.0509 565 655 814 896 0 0.0508 731 480 962 722 2 0.0505 576 354 838 580 11 0.0504 562 656 822 896 2 0.0503 585 535 825 760 11 0.0503 402 151 659 376 11 0.0503 365 468 621 685 11 0.0502 398 0 648 241 10 0.0502 578 412 826 637 8 0.0502 372 465 610 689
2fGRskyWeIO5oxnXVEsKlXCnfPKkERSl,11 0.0599 495 727 767 962 11 0.0590 369 602 638 843 8 0.0573 373 603 630 844 0 0.0554 497 722 772 970 11 0.0550 310 538 580 777 0 0.0543 373 603 635 845 8 0.0531 379 475 643 713 13 0.0531 501 722 776 969 8 0.0529 497 722 759 968 3 0.0526 375 604 639 851 8 0.0524 313 537 575 780 5 0.0523 493 719 762 967 7 0.0521 316 595 579 839 11 0.0521 377 473 654 709 5 0.0517 310 531 578 774 3 0.0516 495 722 768 975 10 0.0511 312 602 576 837 0 0.0507 450 468 714 701 11 0.0505 431 783 683 1005 13 0.0503 318 596 581 840
Pk03Zn1ZcwT2tIJwdF4t1ewUSCdqIjQx,8 0.0606 566 0 814 198 5 0.0592 198 0 568 149 8 0.0591 174 468 420 704 3 0.0591 246 482 494 703 0 0.0589 703 2 949 221 11 0.0587 243 481 492 697 8 0.0580 205 0 567 149 5 0.0571 240 475 487 696 11 0.0567 563 0 818 205 8 0.0559 322 79 560 325 3 0.0556 571 1 819 207 11 0.0554 437 598 690 835 7 0.0554 246 532 506 768 11 0.0553 300 544 663 722 11 0.0549 692 1 945 226 7 0.0543 320 476 565 695 8 0.0542 380 14 628 246 7 0.0541 569 0 825 203 7 0.0538 277 667 639 851 5 0.0538 692 0 948 223 8 0.0537 257 399 487 632 13 0.0536 253 92 522 342 5 0.0534 561 0 820 199 10 0.0534 207 4 578 148 0 0.0532 320 12 564 246 11 0.0528 226 600 505 837 8 0.0527 242 535 495 769 3 0.0524 307 544 664 731 0 0.0524 389 80 640 320 13 0.0523 207 2 583 152 10 0.0522 564 3 822 199 6 0.0522 247 483 498 697 3 0.0521 319 13 561 254 0 0.0520 569 0 819 202 11 0.0519 247 94 516 338 11 0.0519 312 15 561 246 5 0.0518 296 596 557 827 0 0.0517 318 478 560 695 7 0.0516 382 14 641 250 13 0.0516 446 599 698 837 7 0.0515 259 400 497 633 11 0.0515 325 158 580 404 8 0.0514 702 0 943 223 11 0.0512 298 664 564 905 6 0.0512 317 15 569 244 5 0.0511 168 395 423 622 11 0.0510 383 76 642 317 13 0.0509 248 480 499 704 7 0.0509 443 595 693 836 5 0.0508 168 531 431 766 7 0.0506 332 152 582 409 6 0.0506 704 5 946 225
NizjryFGZPIALqaNaNw6SOzK70xhm7lJ,11 0.0657 449 476 695 716 8 0.0653 452 476 689 716 11 0.0633 182 661 449 890 11 0.0618 387 547 641 778 8 0.0614 390 548 635 779 5 0.0608 453 547 697 777 11 0.0605 305 601 568 837 0 0.0605 304 745 576 974 0 0.0591 241 670 512 900 5 0.0589 373 602 633 837 8 0.0584 305 677 565 909 5 0.0580 298 739 570 970 7 0.0577 451 477 695 716 0 0.0577 305 602 566 839 6 0.0571 392 548 645 779 5 0.0570 239 665 507 899 8 0.0567 372 736 618 965 11 0.0566 244 519 503 755 11 0.0560 248 741 515 969 0 0.0558 386 546 640 780 7 0.0557 390 547 641 780 0 0.0554 368 677 635 918 11 0.0550 371 745 628 963 3 0.0544 397 547 641 784 10 0.0542 391 548 639 778 6 0.0542 314 604 567 839 0 0.0542 448 474 694 717 2 0.0541 454 482 696 718 13 0.0539 248 667 518 901 3 0.0539 315 602 568 846 8 0.0537 184 658 441 892 6 0.0536 247 669 514 899 10 0.0533 452 478 695 717 7 0.0532 258 591 511 832 8 0.0530 255 591 499 832 13 0.0529 455 482 700 721 6 0.0525 250 524 507 756 10 0.0525 311 605 566 836 8 0.0524 578 554 824 770 13 0.0524 391 551 643 783 6 0.0522 452 482 699 715 1 0.0522 384 544 639 777 7 0.0520 184 659 453 892 3 0.0520 253 523 501 765 5 0.0518 246 518 501 753 2 0.0517 377 611 637 840 0 0.0515 575 554 827 777 11 0.0511 575 557 827 767 13 0.0505 379 678 638 918 3 0.0503 457 475 691 721 0 0.0501 246 519 503 758
esvFbFk7ON4NPYZfAPb9vs9FkIyk2YgY,11 0.0632 383 347 644 577 5 0.0610 244 263 492 514 8 0.0599 250 330 494 586 13 0.0590 251 333 507 593 11 0.0589 437 473 697 708 0 0.0585 313 0 667 162 11 0.0569 316 455 572 699 7 0.0568 186 217 429 459 7 0.0568 322 456 579 698 11 0.0566 244 331 503 586 0 0.0563 518 272 756 503 13 0.0563 384 463 638 707 0 0.0563 498 453 756 697 5 0.0562 377 455 626 700 0 0.0562 385 350 644 582 13 0.0561 390 348 651 584 3 0.0559 251 333 501 597 0 0.0555 250 271 496 517 11 0.0553 309 3 676 160 7 0.0553 387 344 652 580 8 0.0552 383 466 621 704 3 0.0552 386 466 631 714 5 0.0549 176 217 421 457 0 0.0548 377 464 629 709 7 0.0541 260 9 514 261 7 0.0540 253 330 506 591 5 0.0537 498 440 748 690 7 0.0533 441 471 704 711 0 0.0530 183 218 425 464 7 0.0530 516 264 757 496 3 0.0527 181 225 423 472 5 0.0527 314 338 570 581 8 0.0526 117 330 348 578 2 0.0523 252 339 503 589 8 0.0522 389 349 635 579 6 0.0521 253 271 503 516 3 0.0521 391 347 646 585 11 0.0520 178 222 431 459 13 0.0516 189 221 434 462 6 0.0514 383 466 634 706 10 0.0513 515 276 756 497 6 0.0513 323 344 580 584 5 0.0511 103 717 371 944 8 0.0507 500 451 742 691 8 0.0506 184 220 416 462 0 0.0506 115 336 357 579 0 0.0504 256 140 511 387 6 0.0502 327 0 682 162 5 0.0500 304 0 662 157
uSKZkXOrEK56LgNJJdERYiFHnRAB0rqU,11 0.0612 248 259 514 490 5 0.0612 161 326 429 569 5 0.0611 244 392 506 632 5 0.0594 244 256 507 494 6 0.0563 256 394 510 636 11 0.0562 387 398 647 636 8 0.0559 173 332 420 574 7 0.0557 254 390 508 635 11 0.0556 168 334 432 569 6 0.0554 390 398 648 640 11 0.0553 246 396 509 629 0 0.0553 392 397 643 638 8 0.0549 254 259 500 496 6 0.0546 318 457 582 700 0 0.0545 317 456 581 704 0 0.0545 501 351 773 591 6 0.0544 258 209 511 440 5 0.0544 165 449 436 703 0 0.0542 253 261 512 496 11 0.0540 313 457 577 697 11 0.0539 378 534 642 764 13 0.0537 300 21 582 270 0 0.0536 246 75 517 319 5 0.0534 310 453 574 699 8 0.0533 194 64 446 313 8 0.0531 502 342 769 595 11 0.0531 186 133 455 374 7 0.0528 392 334 648 581 0 0.0528 175 335 430 574 2 0.0527 446 355 713 590 11 0.0527 388 270 658 509 7 0.0527 174 329 431 571 11 0.0526 245 528 514 770 6 0.0525 382 532 647 766 13 0.0524 394 397 653 643 5 0.0523 446 398 700 644 6 0.0521 181 334 435 574 13 0.0520 321 456 584 705 13 0.0520 177 331 439 574 7 0.0520 456 404 711 647 7 0.0519 299 22 578 269 3 0.0519 376 4 640 261 0 0.0519 390 271 653 517 10 0.0518 249 266 505 495 8 0.0517 387 335 638 581 0 0.0516 184 196 439 437 8 0.0516 184 191 433 437 11 0.0516 370 137 655 374 10 0.0514 253 405 505 634 7 0.0512 263 137 520 384 0 0.0512 313 203 586 440 3 0.0511 172 335 433 578 7 0.0510 256 257 514 496 3 0.0508 250 398 509 640 0 0.0507 251 396 509 639 8 0.0506 258 143 508 386 5 0.0506 176 190 434 432 2 0.0505 250 461 511 699 7 0.0505 386 530 646 769 6 0.0504 252 529 519 775 13 0.0504 252 528 518 781 8 0.0504 323 457 570 702 11 0.0503 367 6 644 248 8 0.0503 254 396 499 637 5 0.0502 243 524 510 771
tL0UPj22GWFDp1rGjzgAOHo1XiKmWGa2,5 0.0538 382 395 635 639 8 0.0535 471 498 831 671 5 0.0535 634 205 896 446 7 0.0529 478 493 844 676 11 0.0527 383 401 636 640 11 0.0526 375 516 630 755 7 0.0523 308 599 575 844 8 0.0521 114 196 368 440 0 0.0521 473 497 840 674 11 0.0518 631 209 907 444 11 0.0514 303 603 573 842 5 0.0513 108 196 372 439 7 0.0512 387 400 645 644 8 0.0512 380 601 623 833 7 0.0511 240 263 497 510 5 0.0511 375 509 628 754 6 0.0509 387 403 645 638 11 0.0508 470 497 838 671 6 0.0507 478 497 849 672 13 0.0506 641 208 906 451 6 0.0506 636 143 908 380 5 0.0504 565 140 823 379 8 0.0501 383 398 628 637
UE3vg179Liheh2UHxCeLkFOBTrP6UXFa,0 0.0664 317 653 570 909 5 0.0630 252 709 491 956 7 0.0614 250 662 507 902 11 0.0612 251 714 494 956 11 0.0609 312 655 571 901 8 0.0600 315 652 562 903 0 0.0594 256 710 495 959 0 0.0592 378 584 628 834 8 0.0591 252 708 488 959 5 0.0589 311 650 569 902 11 0.0587 374 586 626 825 7 0.0578 387 652 636 898 10 0.0578 249 716 497 958 10 0.0575 310 657 571 903 13 0.0570 257 712 503 957 6 0.0570 257 715 496 961 8 0.0558 379 582 620 826 5 0.0555 373 582 625 824 6 0.0532 316 656 573 906 10 0.0531 376 589 626 826 3 0.0528 249 663 501 906 2 0.0524 253 715 496 960 13 0.0519 320 652 579 904 11 0.0512 317 311 589 521 12 0.0510 258 710 495 958
m5ySciNH6EihVMSe8YSBX24PBAZpvsPW,13 0.0545 631 598 887 839 11 0.0539 421 343 689 562 7 0.0537 427 338 689 564 5 0.0530 623 590 875 837 13 0.0527 427 344 694 566 8 0.0525 430 394 678 622 3 0.0517 513 809 766 1023 11 0.0515 624 594 882 836 8 0.0507 629 598 874 834 0 0.0504 633 599 884 837 6 0.0503 428 336 688 566 7 0.0502 632 596 886 840
5q0cG9ysanKVsd7YVbporS7Sz6pJFNEb,5 0.0657 345 415 700 598 5 0.0647 374 271 634 506 5 0.0643 308 327 561 576 8 0.0642 353 420 698 599 0 0.0626 115 331 375 580 6 0.0625 193 416 568 602 11 0.0620 262 420 641 596 11 0.0619 437 338 693 583 0 0.0609 484 419 826 597 11 0.0608 113 332 378 571 0 0.0607 445 280 689 520 3 0.0601 485 420 827 600 3 0.0601 445 278 690 526 0 0.0597 242 334 493 583 11 0.0597 378 277 635 510 7 0.0596 272 417 641 598 8 0.0588 385 274 627 509 7 0.0588 445 280 694 517 8 0.0587 175 325 420 576 13 0.0583 360 420 712 600 7 0.0579 125 262 385 511 7 0.0579 486 419 829 598 8 0.0577 319 333 558 576 6 0.0577 178 330 429 575 3 0.0576 191 419 562 606 11 0.0572 481 421 825 594 13 0.0568 195 417 571 605 6 0.0568 442 337 695 583 6 0.0559 485 418 828 595 6 0.0557 386 273 637 512 2 0.0556 189 420 562 603 7 0.0554 377 461 630 707 13 0.0554 524 547 886 727 11 0.0553 626 407 899 640 13 0.0553 177 330 430 575 0 0.0553 319 269 573 514 11 0.0551 423 460 695 700 11 0.0547 169 469 430 698 2 0.0547 440 341 690 581 10 0.0547 241 338 491 581 5 0.0546 170 325 422 571 6 0.0544 523 547 885 728 0 0.0542 626 337 898 584 6 0.0541 432 460 698 700 3 0.0539 319 278 570 518 0 0.0538 521 545 878 730 13 0.0537 174 465 440 705 1 0.0536 264 415 636 601 2 0.0534 485 422 822 596 5 0.0534 167 462 429 701 6 0.0531 241 454 499 710 10 0.0531 481 420 826 595 12 0.0531 354 418 710 600 7 0.0530 527 544 887 729 10 0.0526 320 278 572 511 9 0.0525 482 419 826 593 12 0.0523 442 276 693 519 5 0.0523 623 400 892 644 6 0.0522 630 403 901 644 10 0.0522 112 334 373 575 8 0.0521 243 458 486 710 0 0.0519 368 460 631 705 8 0.0517 521 547 868 726 10 0.0514 373 337 637 580 2 0.0514 174 332 423 575 5 0.0514 407 532 754 724 3 0.0513 434 459 695 707 13 0.0512 387 276 640 511
elhPFLKTdQaxI7syVixKysBksN9KdQ03,11 0.0629 443 467 703 714 8 0.0613 380 316 645 557 7 0.0603 444 401 704 651 11 0.0602 312 658 574 899 8 0.0598 439 399 694 648 3 0.0594 443 395 703 657 11 0.0584 505 404 763 643 11 0.0584 374 387 637 627 11 0.0582 311 530 569 768 0 0.0564 254 589 498 839 5 0.0559 318 587 568 836 5 0.0557 370 379 627 626 8 0.0555 379 180 642 405 0 0.0555 316 655 574 907 0 0.0555 317 528 565 773 8 0.0554 250 658 507 902 11 0.0550 185 592 439 838 8 0.0550 190 535 438 783 7 0.0548 193 529 447 780 6 0.0547 254 657 517 901 5 0.0546 244 654 510 899 5 0.0543 502 399 756 644 8 0.0541 510 327 762 581 6 0.0541 389 321 657 555 6 0.0541 445 404 707 648 8 0.0539 760 718 1015 960 8 0.0537 508 469 756 712 11 0.0537 309 258 592 479 13 0.0536 326 591 580 840 3 0.0535 386 317 650 568 7 0.0533 388 319 653 562 5 0.0532 303 446 561 693 7 0.0530 258 659 515 899 0 0.0528 506 472 764 715 6 0.0528 189 590 441 842 11 0.0523 189 476 450 705 5 0.0522 440 457 695 714 8 0.0521 313 259 577 480 8 0.0519 270 540 635 723 13 0.0519 443 402 708 647 8 0.0516 322 593 564 836 11 0.0516 380 176 658 407 13 0.0512 194 475 455 713 0 0.0509 438 535 694 784 5 0.0509 306 251 583 477 0 0.0508 436 401 701 650 0 0.0507 313 197 593 422 3 0.0506 517 468 762 722 10 0.0506 447 471 702 714 3 0.0505 518 329 765 591 0 0.0505 381 321 650 556 5 0.0505 187 531 442 779 6 0.0505 324 593 577 836 1 0.0500 433 398 702 648 13 0.0500 313 259 599 482
6nSV36CxvnlZUVjpEqEPMP7vssYl1WtT,11 0.0622 308 722 568 963 7 0.0598 313 717 572 967 8 0.0593 312 718 564 965 0 0.0576 314 719 568 970 5 0.0566 305 717 564 963 13 0.0563 314 721 574 968 10 0.0553 307 724 568 963 6 0.0541 313 722 570 968 3 0.0517 314 720 569 971 7 0.0503 313 201 578 424
Z47W8oQVBI9gT50Ye8ZNTHGy46MiGIyH,7 0.0648 247 722 504 954 8 0.0611 180 721 424 954 5 0.0594 238 717 499 951 8 0.0587 321 785 553 1023 7 0.0580 323 784 565 1023 11 0.0565 312 721 566 955 0 0.0565 246 719 501 958 11 0.0559 177 722 434 951 10 0.0555 177 725 433 952 5 0.0544 314 784 557 1017 0 0.0543 373 670 640 905 7 0.0540 377 722 645 966 13 0.0531 324 788 568 1023 6 0.0530 316 721 568 958 7 0.0529 243 606 506 838 10 0.0528 318 792 561 1021 0 0.0527 321 790 560 1023 8 0.0526 372 671 628 901 3 0.0524 245 720 502 962 10 0.0524 298 677 570 900 3 0.0519 323 788 560 1023 13 0.0517 182 723 441 955 6 0.0512 183 723 436 953
RIgMJgFcZBgO0pfTkJPpkadruWI4e1w3,0 0.0558 1 171 236 397 11 0.0548 506 590 757 828 8 0.0525 493 721 752 961 0 0.0524 506 588 756 834 11 0.0519 490 729 762 957 7 0.0518 516 586 763 830 7 0.0515 498 723 765 962 13 0.0512 511 584 763 833 8 0.0511 509 589 750 832 6 0.0508 511 588 758 834 0 0.0505 489 715 758 963 5 0.0501 486 714 755 957
w69EHue9rciCkJZDmn076qis1vV44gyW,11 0.0648 635 609 903 843 8 0.0620 370 0 644 186 11 0.0620 573 466 821 699 0 0.0617 439 601 695 844 5 0.0612 362 0 649 186 3 0.0611 375 0 650 194 0 0.0603 653 605 1018 798 11 0.0599 450 337 702 571 11 0.0594 378 608 642 839 11 0.0590 366 0 655 186 8 0.0590 442 599 693 840 6 0.0586 642 612 904 843 5 0.0583 436 595 695 839 0 0.0581 572 595 825 828 8 0.0573 575 595 821 827 7 0.0570 661 607 1022 799 5 0.0569 574 590 821 823 8 0.0567 447 335 699 575 0 0.0566 577 469 821 701 13 0.0565 579 594 833 828 3 0.0563 452 334 704 580 11 0.0563 435 521 696 764 5 0.0560 446 328 696 573 5 0.0559 311 595 578 836 6 0.0559 579 535 831 760 8 0.0558 654 607 1007 799 5 0.0558 644 603 1004 795 7 0.0557 369 1 658 189 7 0.0556 442 599 700 842 2 0.0553 441 605 699 840 5 0.0552 574 463 818 697 3 0.0550 575 599 827 833 7 0.0548 452 332 706 576 6 0.0546 452 341 707 577 5 0.0546 371 443 628 697 13 0.0545 582 470 829 700 13 0.0544 444 599 703 841 0 0.0542 450 336 701 577 3 0.0540 441 602 699 848 0 0.0538 367 1 656 187 7 0.0538 577 594 829 826 11 0.0537 372 451 632 697 7 0.0537 318 605 581 840 13 0.0536 661 606 1023 798 8 0.0535 373 452 624 694 11 0.0535 362 68 645 290 3 0.0534 581 470 821 707 8 0.0531 580 467 815 702 10 0.0531 441 601 701 838 8 0.0530 363 69 631 292 8 0.0527 318 603 570 838 10 0.0525 577 473 819 696 13 0.0523 318 605 589 841 6 0.0522 442 517 699 768 13 0.0521 373 0 658 186 13 0.0521 450 336 712 574 6 0.0520 377 451 637 698 0 0.0519 315 602 577 840 6 0.0519 387 607 644 843 2 0.0517 373 455 634 696 10 0.0516 654 607 1016 796 0 0.0514 372 449 630 700 9 0.0513 438 520 698 763 12 0.0512 575 594 828 826 2 0.0511 453 342 702 573 7 0.0509 378 449 635 697 10 0.0507 447 340 705 575 9 0.0507 573 594 827 821 2 0.0506 371 6 651 186 10 0.0505 575 597 823 827 2 0.0505 638 616 905 843 9 0.0505 373 452 632 692 6 0.0503 438 0 719 190 13 0.0503 376 451 640 699
Sj4X4oDAe5rv1ZKPHiXdhaxe6UHI2fKq,0 0.0547 55 456 323 705 11 0.0533 311 349 583 581 7 0.0528 443 391 696 634 0 0.0524 279 417 641 606 8 0.0523 281 415 628 601 11 0.0523 432 398 699 633 5 0.0522 269 413 634 601 0 0.0521 433 341 697 575 5 0.0520 195 342 565 526 3 0.0508 442 395 693 641 6 0.0506 281 414 644 600
MbZWie4LSgC80nkg3GvGQ6M14aEIZdtU,11 0.0650 395 333 651 569 0 0.0604 394 331 648 574 7 0.0600 400 333 656 572 7 0.0590 423 477 762 661 0 0.0590 327 262 591 495 11 0.0588 416 484 752 661 11 0.0586 517 352 777 592 8 0.0586 420 479 745 662 8 0.0578 519 349 773 594 11 0.0568 323 262 595 492 8 0.0566 395 329 641 574 6 0.0565 420 483 759 664 2 0.0544 394 339 651 573 0 0.0544 420 485 752 663 13 0.0543 400 334 661 572 5 0.0539 386 329 642 569 6 0.0537 399 335 654 573 5 0.0527 406 476 751 659 8 0.0526 518 579 747 815 13 0.0521 522 352 789 589 3 0.0518 429 481 753 665 6 0.0517 262 277 509 504 7 0.0516 330 261 593 499 5 0.0514 511 569 753 819 13 0.0513 330 264 597 497 5 0.0511 317 0 579 197 0 0.0507 324 149 578 375 5 0.0506 513 343 774 586 0 0.0506 521 348 776 590 7 0.0505 520 343 786 593
A5gf2m09EZXmup3LgFxWIq7kPxgSWaMb,7 0.0581 249 789 495 1022 8 0.0564 249 786 482 1022 11 0.0554 245 791 489 1019 7 0.0550 317 718 569 958 7 0.0549 81 677 448 855 0 0.0540 190 785 427 1023 11 0.0529 314 722 563 955 13 0.0527 252 793 499 1023 5 0.0521 243 787 488 1018 0 0.0520 692 283 944 514 0 0.0509 318 720 562 963 5 0.0509 180 718 433 958 11 0.0509 181 723 437 957 13 0.0508 258 667 529 906 8 0.0506 76 678 424 855 5 0.0505 311 713 561 953 8 0.0502 184 721 429 960 10 0.0502 64 680 439 856 5 0.0500 70 675 438 852
AWvbWwBnCSf8mnqKljYPMAjJPIINqeTt,11 0.0606 452 522 704 751 0 0.0598 380 459 634 699 8 0.0594 245 654 497 890 11 0.0590 365 657 625 893 7 0.0587 278 673 659 849 0 0.0584 402 670 786 845 5 0.0580 237 653 496 888 7 0.0579 457 519 710 754 0 0.0577 451 523 706 754 11 0.0570 380 459 635 697 8 0.0569 380 456 627 696 7 0.0565 385 458 640 699 0 0.0564 239 654 501 895 11 0.0561 312 399 576 640 10 0.0543 378 461 633 699 3 0.0541 368 655 625 902 3 0.0535 388 459 635 703 10 0.0533 451 520 705 751 7 0.0533 320 395 581 637 8 0.0532 453 520 697 752 13 0.0529 375 655 632 896 5 0.0524 376 457 630 696 11 0.0523 237 659 498 891 8 0.0521 317 397 567 640 8 0.0519 402 671 776 843 10 0.0514 265 674 652 847 6 0.0511 274 674 655 849 5 0.0510 450 515 701 749 13 0.0509 398 403 654 648 3 0.0507 462 520 704 758 6 0.0504 381 458 641 696 13 0.0501 457 522 710 754 3 0.0500 318 398 573 645
3FwMps3vaJNfloO6YphOjxXcZuq5l3Ic,11 0.0623 256 393 515 623 11 0.0621 444 397 701 630 0 0.0618 506 333 754 565 11 0.0612 388 333 644 556 5 0.0607 500 393 746 632 0 0.0606 442 399 701 635 5 0.0599 563 273 814 520 5 0.0590 636 396 885 642 11 0.0587 507 331 752 559 8 0.0583 503 394 746 635 3 0.0578 506 395 752 642 8 0.0578 511 268 748 509 7 0.0570 391 332 644 560 8 0.0568 442 329 692 564 5 0.0559 442 274 688 509 5 0.0558 629 220 878 458 7 0.0557 445 396 705 633 8 0.0556 188 389 429 638 0 0.0554 385 336 644 560 5 0.0552 133 410 507 592 0 0.0549 140 471 510 655 6 0.0548 647 402 890 644 11 0.0546 377 458 648 699 11 0.0543 156 1 418 202 0 0.0543 321 400 575 628 8 0.0540 380 210 637 446 11 0.0537 514 91 763 319 6 0.0536 650 276 889 518 6 0.0535 508 397 760 634 3 0.0534 446 330 698 569 8 0.0534 325 334 566 563 7 0.0532 325 396 575 631 0 0.0532 637 223 883 463 7 0.0531 512 330 755 568 2 0.0531 516 280 752 505 11 0.0531 381 147 651 384 8 0.0529 389 398 630 627 8 0.0529 646 401 879 645 5 0.0529 201 347 567 537 3 0.0529 389 395 641 634 11 0.0528 633 224 884 455 2 0.0522 447 339 701 559 13 0.0520 511 333 758 565 8 0.0519 438 451 691 703 5 0.0517 309 457 572 704 11 0.0516 635 404 890 641 8 0.0516 642 274 876 518 8 0.0516 521 89 754 320 7 0.0516 266 461 522 701 5 0.0515 510 85 762 317 5 0.0513 561 148 819 389 3 0.0513 265 394 513 632 6 0.0510 266 395 519 623 0 0.0509 206 355 575 542 10 0.0508 141 417 512 598 11 0.0503 179 315 432 564 13 0.0503 442 453 707 702 10 0.0503 442 401 703 634 11 0.0503 567 152 823 387 7 0.0502 260 328 518 566 8 0.0502 206 287 542 482 5 0.0502 379 391 633 626
ubLmqxFm0jguQMSd7teUDG85AOI4GvMA,13 0.0591 133 1 406 209 11 0.0587 126 4 401 204 0 0.0572 129 3 395 211 10 0.0548 129 5 396 203 5 0.0535 125 0 391 205 8 0.0532 134 1 389 207 11 0.0515 303 345 571 559 0 0.0500 314 270 569 505 3 0.0500 133 0 400 215
cYZWvgyyQ4p0AzNN9BafgRHZfxc4ohIl,5 0.0646 307 576 567 814 7 0.0636 381 586 632 830 11 0.0633 236 528 507 765 5 0.0629 436 582 696 826 11 0.0624 435 590 696 826 8 0.0621 440 589 694 828 11 0.0619 374 526 634 753 5 0.0619 372 518 634 755 8 0.0619 376 525 628 755 11 0.0615 363 654 627 894 7 0.0601 313 520 575 755 6 0.0593 382 589 631 827 8 0.0593 368 655 623 895 11 0.0591 193 483 560 650 8 0.0587 195 481 548 652 0 0.0586 441 587 699 830 8 0.0583 307 583 561 814 10 0.0579 375 590 630 826 3 0.0579 249 458 518 716 5 0.0572 187 477 559 652 0 0.0570 377 524 636 756 3 0.0570 441 592 697 833 10 0.0566 252 463 517 707 13 0.0565 442 587 704 829 5 0.0563 365 644 626 893 0 0.0562 246 347 502 597 13 0.0562 375 651 636 896 3 0.0562 375 529 635 762 1 0.0559 247 452 511 707 8 0.0557 244 348 491 590 6 0.0552 394 411 648 641 0 0.0552 310 582 568 819 13 0.0552 315 523 577 756 11 0.0549 246 348 501 589 2 0.0546 311 586 569 819 5 0.0544 238 343 500 589 7 0.0544 306 397 577 645 0 0.0542 199 480 562 655 6 0.0538 316 527 578 756 9 0.0537 308 582 565 812 11 0.0536 389 412 641 641 0 0.0535 393 407 645 645 0 0.0533 368 650 627 897 2 0.0529 250 465 517 710 8 0.0529 391 407 635 643 7 0.0527 438 712 699 961 7 0.0524 394 455 655 691 9 0.0523 435 588 696 825 1 0.0522 376 581 628 827 2 0.0520 442 590 697 830 11 0.0518 484 717 748 960 12 0.0516 256 403 513 649 3 0.0515 308 587 565 819 10 0.0514 245 354 500 589 6 0.0509 246 350 507 589 13 0.0508 445 717 703 963 8 0.0508 490 711 746 962 13 0.0506 311 402 580 649 12 0.0503 441 585 698 829 9 0.0503 372 524 635 753 0 0.0502 488 707 751 968 6 0.0501 439 716 692 962
Lvh5LHHZvSPb9N6LVXv1Ez8NMf1XlTki,8 0.0618 246 264 493 490 5 0.0607 237 261 501 491 0 0.0605 576 222 838 452 0 0.0604 182 339 436 572 13 0.0599 256 205 504 434 8 0.0596 184 339 430 570 8 0.0594 358 416 699 598 0 0.0577 506 397 764 635 13 0.0576 246 323 499 556 5 0.0573 350 414 710 599 11 0.0569 238 326 498 551 7 0.0563 184 400 441 623 5 0.0563 173 338 438 565 11 0.0558 350 417 708 599 10 0.0557 252 210 498 433 10 0.0553 185 269 437 497 11 0.0553 249 209 499 433 3 0.0552 364 416 713 605 7 0.0551 501 0 763 199 13 0.0550 247 420 597 601 11 0.0550 499 1 764 196 7 0.0548 239 352 582 531 7 0.0547 508 458 767 698 11 0.0545 175 404 441 622 10 0.0545 241 332 497 553 7 0.0544 191 260 439 498 5 0.0538 567 211 840 449 8 0.0538 577 220 832 448 0 0.0537 247 203 500 437 2 0.0537 183 345 435 570 7 0.0536 576 218 845 449 0 0.0536 565 3 829 205 2 0.0536 508 403 757 634 3 0.0535 240 353 579 539 5 0.0533 503 134 785 389 6 0.0533 509 396 763 633 9 0.0531 507 399 761 626 11 0.0529 638 235 905 455 7 0.0529 362 415 719 598 6 0.0523 582 221 845 451 3 0.0523 578 223 845 459 8 0.0514 364 546 710 726 0 0.0511 444 526 706 755 13 0.0511 510 393 768 632 5 0.0510 556 0 826 206 8 0.0510 495 0 753 198 12 0.0510 249 264 499 495 6 0.0509 245 420 591 597 10 0.0506 181 410 443 626 7 0.0506 255 463 508 696 10 0.0505 508 404 763 633 8 0.0504 511 144 777 390 0 0.0504 443 3 698 247 6 0.0504 567 2 832 204 0 0.0501 308 127 574 362 10 0.0501 447 530 709 751
pECs91idd7jMXZzWGDq4sz13PuEbN5EY,0 0.0622 320 335 564 565 11 0.0607 310 797 559 1018 6 0.0604 320 340 572 566 11 0.0592 313 341 567 563 3 0.0587 381 401 623 636 5 0.0581 244 324 500 562 11 0.0573 372 402 623 629 8 0.0571 240 791 478 1023 6 0.0571 263 463 510 702 13 0.0571 321 336 569 567 5 0.0570 308 385 559 623 6 0.0570 242 798 489 1019 7 0.0569 392 345 642 570 7 0.0565 253 328 506 566 8 0.0562 316 390 556 624 5 0.0562 237 790 480 1019 7 0.0558 316 389 565 627 10 0.0551 316 343 567 563 13 0.0551 245 793 489 1023 10 0.0550 239 798 484 1023 7 0.0548 243 793 491 1023 0 0.0547 378 404 623 632 6 0.0543 376 404 626 631 3 0.0541 319 337 566 569 5 0.0540 383 340 634 565 8 0.0539 375 456 612 695 2 0.0538 388 353 639 567 8 0.0532 386 345 631 566 0 0.0522 238 794 485 1023 3 0.0519 243 796 483 1023 8 0.0514 247 328 495 567 8 0.0514 257 458 495 697 11 0.0512 301 1 575 196 7 0.0511 379 453 625 697 11 0.0510 583 0 954 152 5 0.0509 503 0 871 152 13 0.0508 383 401 627 630 2 0.0507 313 393 558 625 4 0.0507 319 342 569 563 5 0.0502 251 205 499 439
idOHzFYTSTxgrhdTH9GF7g0uSY9M5W0e,11 0.0627 374 217 636 446 3 0.0625 379 215 638 452 11 0.0621 305 289 574 509 11 0.0598 383 782 634 1009 6 0.0596 450 730 695 973 8 0.0589 510 606 753 841 5 0.0588 375 147 657 373 7 0.0581 377 215 635 448 7 0.0579 388 783 638 1012 0 0.0579 369 217 636 448 0 0.0576 308 287 571 513 8 0.0570 442 797 684 1023 11 0.0567 512 523 754 761 5 0.0565 438 721 689 972 5 0.0563 46 0 303 210 8 0.0560 373 214 629 445 8 0.0557 685 0 935 198 6 0.0553 517 530 764 767 13 0.0551 317 348 583 579 11 0.0550 242 150 517 394 11 0.0549 515 668 767 906 7 0.0546 437 287 693 517 10 0.0545 389 786 633 1011 13 0.0544 509 612 768 847 0 0.0541 430 288 690 518 6 0.0540 435 288 698 514 11 0.0540 45 3 312 209 6 0.0540 51 0 313 212 5 0.0538 426 281 688 513 11 0.0537 432 291 691 514 5 0.0536 499 603 753 841 8 0.0534 52 0 305 210 13 0.0532 377 217 643 448 7 0.0531 511 608 760 845 13 0.0531 389 783 640 1013 2 0.0529 444 224 706 446 7 0.0528 314 288 572 511 6 0.0527 377 215 643 447 3 0.0526 315 287 571 517 3 0.0525 435 288 691 522 11 0.0524 684 1 941 197 2 0.0523 442 801 694 1021 6 0.0523 315 288 575 511 10 0.0522 376 220 638 447 8 0.0520 331 787 561 1023 3 0.0518 56 0 307 217 8 0.0517 1 36 229 277 0 0.0515 438 801 694 1023 9 0.0512 434 793 687 1019 8 0.0511 309 289 565 511 10 0.0509 506 608 761 841 0 0.0508 733 21 998 273 0 0.0507 498 388 762 621 1 0.0504 435 792 691 1023 2 0.0503 311 228 576 457 13 0.0502 450 345 712 578
8OnUQy7wKeoj4wgjjfNzzKUzoSqLrdxR,7 0.0603 452 391 707 632 11 0.0595 174 462 440 713 11 0.0586 444 393 703 629 11 0.0570 505 601 767 833 7 0.0566 515 597 772 835 0 0.0565 322 466 572 714 0 0.0564 508 599 768 839 7 0.0564 523 329 767 566 0 0.0560 317 599 576 844 8 0.0557 511 600 760 837 0 0.0554 176 462 440 721 11 0.0552 613 335 885 576 5 0.0551 511 327 762 562 6 0.0551 443 467 708 707 0 0.0550 439 466 699 711 5 0.0550 612 333 883 576 0 0.0549 515 333 769 570 11 0.0544 313 599 577 836 11 0.0542 515 333 766 565 5 0.0539 506 595 764 834 5 0.0539 250 457 514 705 11 0.0537 320 466 570 706 5 0.0536 309 594 574 838 8 0.0535 176 461 430 718 6 0.0533 623 337 893 577 8 0.0524 442 466 697 706 5 0.0521 441 387 701 628 11 0.0521 242 391 509 629 8 0.0521 517 328 761 567 6 0.0520 316 600 581 840 7 0.0518 180 520 441 773 8 0.0517 315 601 567 839 13 0.0514 319 598 583 843 13 0.0513 183 459 446 717 0 0.0512 619 340 888 579 0 0.0511 180 335 439 571 8 0.0511 616 335 880 579 3 0.0510 177 523 441 778 7 0.0509 453 261 712 493 10 0.0506 320 469 572 708 6 0.0505 520 337 775 568 7 0.0505 318 599 581 844 6 0.0505 510 597 770 836 13 0.0502 250 321 511 557 3 0.0502 257 464 516 717 3 0.0501 512 599 765 844
ugYPpdzTE3UolPdQIYF0pE6ApaDMk3Ke,3 0.0591 444 20 689 269 11 0.0587 495 29 741 262 6 0.0576 505 0 753 201 0 0.0572 497 25 741 268 5 0.0567 492 22 740 264 0 0.0566 368 139 622 386 11 0.0560 367 143 621 382 7 0.0559 499 24 743 267 8 0.0559 367 142 615 386 0 0.0551 246 80 505 308 7 0.0551 373 141 622 388 8 0.0546 498 24 736 266 5 0.0544 295 136 561 387 3 0.0540 374 143 619 392 13 0.0531 502 28 750 266 13 0.0518 301 143 574 391 11 0.0518 248 81 502 303 10 0.0515 498 29 741 264 6 0.0513 369 142 624 384 10 0.0510 297 147 566 392 2 0.0510 498 30 742 268
TbqE7h90sJy4tAbHIRjbWtElT3DWlBLg,5 0.0601 561 724 805 959 7 0.0593 443 779 681 1023 5 0.0578 434 770 671 1015 11 0.0558 435 780 671 1018 0 0.0551 561 731 810 965 8 0.0536 437 777 667 1021 7 0.0527 500 716 742 953 8 0.0527 447 425 793 601 13 0.0526 565 734 815 965 10 0.0517 438 780 674 1019 11 0.0515 559 728 810 958 13 0.0514 442 782 681 1021 11 0.0507 439 426 806 600 2 0.0506 439 782 677 1022 0 0.0505 435 779 677 1022 5 0.0501 688 519 927 752 11 0.0500 779 404 1019 629 7 0.0500 693 524 937 752
gbeUH2eQANxQGsxNud9X59QhgqaHuQqI,8 0.0599 333 419 685 603 8 0.0590 189 91 436 323 11 0.0585 278 360 624 532 5 0.0571 336 476 695 667 11 0.0567 329 421 692 601 0 0.0564 330 320 584 572 6 0.0558 258 146 511 376 10 0.0553 327 419 691 602 5 0.0552 271 352 621 537 6 0.0551 331 421 695 603 13 0.0543 318 459 585 716 0 0.0542 312 460 576 716 8 0.0542 317 461 569 710 13 0.0538 182 83 452 325 7 0.0532 401 422 756 605 10 0.0532 394 479 759 659 6 0.0529 315 462 579 714 8 0.0529 259 148 500 379 9 0.0527 387 426 753 600 3 0.0525 280 359 628 538 13 0.0524 335 420 699 604 11 0.0524 393 480 760 659 11 0.0523 250 148 513 372 0 0.0522 393 477 759 661 7 0.0521 282 353 633 537 6 0.0521 283 357 624 534 13 0.0518 235 0 509 198 11 0.0517 309 463 578 711 11 0.0511 441 326 697 559 3 0.0510 339 421 694 605 10 0.0509 278 360 623 533 10 0.0507 182 90 443 317 2 0.0506 328 423 691 604 13 0.0505 282 356 634 537 3 0.0505 252 216 511 451 0 0.0505 257 211 513 447 8 0.0505 445 324 690 563 5 0.0505 245 209 508 442 5 0.0503 177 79 442 319 11 0.0503 230 3 506 197 0 0.0503 236 0 500 198 0 0.0502 256 75 513 306 6 0.0500 188 81 447 319
Wdkwa3cCQM1saOjzjnXv14uGwxvWGgji,5 0.0601 572 346 818 578 8 0.0597 516 652 762 895 5 0.0594 503 284 760 514 13 0.0593 446 215 697 449 0 0.0593 506 290 764 520 0 0.0591 515 651 770 896 6 0.0586 514 288 770 516 5 0.0582 500 715 758 967 6 0.0578 583 348 823 578 8 0.0578 578 348 815 580 0 0.0577 577 349 820 584 8 0.0573 374 651 629 890 0 0.0570 375 652 637 889 7 0.0569 384 654 642 888 7 0.0566 455 393 707 642 11 0.0558 512 655 771 889 11 0.0558 169 414 437 644 11 0.0558 439 218 693 446 6 0.0555 312 725 568 965 8 0.0554 448 393 696 641 0 0.0554 437 218 692 451 8 0.0553 509 288 759 517 11 0.0551 375 654 637 886 13 0.0550 454 455 710 706 11 0.0550 444 394 705 638 5 0.0550 437 210 686 445 13 0.0547 522 653 773 894 11 0.0546 506 291 769 514 7 0.0545 518 650 772 895 5 0.0543 447 450 699 706 7 0.0542 312 722 571 961 0 0.0541 179 352 443 584 5 0.0541 378 648 634 888 6 0.0540 455 452 707 703 6 0.0539 445 214 695 450 2 0.0537 380 660 636 889 8 0.0535 442 215 687 449 13 0.0534 513 286 769 519 6 0.0534 380 655 643 889 7 0.0532 445 274 699 507 3 0.0531 522 655 771 903 3 0.0528 121 415 367 662 13 0.0527 385 651 645 887 11 0.0526 303 792 568 1019 8 0.0524 305 726 559 964 11 0.0524 575 351 823 572 8 0.0524 117 411 366 655 3 0.0523 379 654 633 899 11 0.0520 236 338 509 575 0 0.0519 451 452 701 706 6 0.0518 445 336 703 575 13 0.0518 580 347 826 583 10 0.0516 508 230 762 452 3 0.0516 580 349 823 585 6 0.0515 518 652 773 896 3 0.0512 453 395 703 647 0 0.0511 238 264 506 501 2 0.0510 510 226 765 454 5 0.0509 373 393 634 643 3 0.0509 444 217 691 451 10 0.0507 576 353 823 576 7 0.0506 514 224 764 451 7 0.0505 389 459 645 700 11 0.0504 376 458 639 695 11 0.0503 370 336 644 580 0 0.0501 305 722 569 963
MHLPaXj5zVDurvOEI4k68NBpG6xlPvns,0 0.0592 0 720 237 961 8 0.0580 1 713 231 958 0 0.0562 243 139 497 381 5 0.0556 0 714 230 958 8 0.0554 452 338 704 585 7 0.0553 0 715 238 964 11 0.0552 1 725 236 956 5 0.0550 455 266 711 506 0 0.0549 521 275 773 523 6 0.0546 3 721 238 954 7 0.0542 462 269 716 511 8 0.0538 518 274 764 521 11 0.0538 448 342 714 582 3 0.0534 3 720 237 965 0 0.0531 384 261 652 510 6 0.0529 451 341 721 584 11 0.0526 384 263 655 503 11 0.0526 232 217 500 444 8 0.0524 389 260 639 508 0 0.0522 454 339 715 588 13 0.0515 246 215 503 450 11 0.0515 387 127 652 353 11 0.0514 486 796 739 1020 13 0.0513 387 261 661 508 0 0.0512 381 130 651 356 6 0.0510 521 279 781 522 5 0.0510 381 125 644 349 11 0.0508 517 276 778 519 5 0.0502 234 207 489 445
arL9jeLLfJhwqmXe3bgEK3lt9dSIkAAS,11 0.0528 365 346 716 531 7 0.0527 325 336 576 564 11 0.0527 319 284 578 502 5 0.0503 318 278 574 502
c58cNvHwYYUfEYL1UMoHGWMcVYABIRPS,5 0.0678 183 778 428 1016 8 0.0655 187 779 427 1017 7 0.0647 188 779 432 1020 7 0.0620 251 718 498 964 11 0.0618 243 785 490 1021 8 0.0617 179 597 421 831 0 0.0612 249 718 498 967 11 0.0611 128 777 379 1012 11 0.0603 131 658 376 893 10 0.0602 186 721 433 955 8 0.0602 135 710 366 951 0 0.0600 188 780 430 1019 7 0.0592 181 596 432 831 0 0.0582 134 714 369 952 7 0.0582 310 783 563 1023 13 0.0580 244 783 496 1023 7 0.0574 136 710 371 952 0 0.0572 311 788 560 1023 0 0.0570 178 598 431 832 6 0.0570 188 786 433 1020 10 0.0568 246 789 493 1021 3 0.0568 190 716 433 963 2 0.0562 187 785 432 1021 3 0.0560 249 782 494 1023 5 0.0559 129 709 367 949 8 0.0559 311 786 553 1022 5 0.0553 304 781 552 1017 8 0.0552 68 783 319 1016 9 0.0551 185 782 433 1017 8 0.0551 248 718 493 963 0 0.0549 272 599 655 787 6 0.0546 247 723 503 963 8 0.0540 280 602 635 783 6 0.0539 137 714 375 953 10 0.0536 129 660 374 895 13 0.0535 190 717 439 960 8 0.0533 65 660 299 898 0 0.0531 63 788 318 1017 5 0.0525 176 599 424 827 6 0.0518 308 791 565 1023 11 0.0518 268 603 647 784 2 0.0510 133 717 370 954 9 0.0510 129 713 371 947 7 0.0510 69 784 327 1020 6 0.0509 178 601 434 833 10 0.0508 69 870 438 1023 2 0.0508 248 727 499 965 12 0.0504 189 778 431 1019 1 0.0504 184 778 431 1020
fJz2IKSCYSGvKl2qvnw6BQg9l4vlgRlQ,11 0.0580 559 727 822 967 0 0.0559 564 719 825 970 11 0.0544 368 405 638 625 8 0.0522 284 404 633 594 11 0.0519 430 666 702 896 11 0.0518 360 726 636 958 8 0.0516 563 724 813 970 3 0.0506 372 403 636 634 8 0.0505 369 463 620 700
W1HbV0Jr3p3l2ER2Tp9WtrTFGxAQUCFl,7 0.0652 185 733 444 965 0 0.0640 316 785 562 1023 0 0.0618 183 733 440 968 7 0.0615 318 786 565 1020 5 0.0600 309 783 554 1017 5 0.0596 175 730 435 958 8 0.0589 317 781 553 1023 11 0.0570 315 788 559 1018 13 0.0555 320 789 565 1023 8 0.0555 185 733 436 962 6 0.0531 319 793 563 1023 10 0.0510 176 739 442 960 10 0.0509 312 791 560 1019 6 0.0505 186 738 445 958
LrDqDrEZlTSWAq4GnzPSAHZ29KBPzeAq,0 0.0620 230 2 504 190 11 0.0612 173 0 446 189 8 0.0559 179 0 439 194 11 0.0554 178 401 452 653 0 0.0551 186 396 450 659 0 0.0548 328 389 588 629 5 0.0547 223 0 500 192 6 0.0546 257 325 515 565 11 0.0545 273 420 649 596 7 0.0541 229 1 510 192 11 0.0540 320 270 584 509 8 0.0540 244 78 492 310 11 0.0537 249 326 515 563 11 0.0535 252 145 513 365 3 0.0533 133 399 384 663 13 0.0531 179 0 451 195 7 0.0530 332 386 588 633 6 0.0528 230 2 510 188 3 0.0527 179 0 445 198 5 0.0526 178 393 440 659 0 0.0526 250 326 515 569 7 0.0524 258 321 515 569 0 0.0521 354 477 710 666 0 0.0521 261 472 509 713 5 0.0519 237 72 492 310 8 0.0519 128 398 371 655 11 0.0516 256 470 510 709 8 0.0515 180 323 433 585 6 0.0514 285 417 652 598 8 0.0513 252 191 507 434 11 0.0511 633 414 892 640 6 0.0511 188 398 449 656 0 0.0510 322 264 589 513 7 0.0506 328 260 590 514 3 0.0505 322 268 584 516 13 0.0504 267 467 515 713 3 0.0501 185 331 445 591 3 0.0500 265 473 510 715
Z15K7U65d3IgHnYteCEKijtof5ry5cPX,8 0.0546 225 532 473 770 11 0.0524 226 591 491 826 6 0.0519 227 534 488 768 7 0.0515 176 586 431 830 5 0.0503 215 529 484 771
TmSmXOW02BKeRKWn5SzKzi8UD7s07Gxg,0 0.0565 489 395 762 641 13 0.0565 492 396 766 636 8 0.0558 492 395 754 634 7 0.0558 495 393 765 637 3 0.0557 496 397 762 644 6 0.0549 495 395 764 636 11 0.0539 390 89 638 308 11 0.0527 294 224 617 410 5 0.0522 488 390 758 635 11 0.0521 486 395 764 633 11 0.0519 343 25 707 208 7 0.0519 426 460 696 696 5 0.0517 287 0 627 148 5 0.0514 285 220 606 410
eVRcMUR7pR0P1nonF9WyFR4dtI7YllNo,11 0.0623 367 721 639 952 5 0.0616 499 83 757 321 3 0.0611 513 91 762 327 8 0.0610 507 91 757 322 7 0.0602 440 654 711 896 11 0.0598 312 777 556 1007 0 0.0597 510 157 757 383 11 0.0596 567 4 827 201 8 0.0595 446 151 691 385 6 0.0592 572 1 831 197 6 0.0590 508 91 764 323 11 0.0588 430 89 694 326 0 0.0588 552 719 820 959 8 0.0585 438 655 701 891 11 0.0582 547 723 822 949 0 0.0580 567 0 827 200 7 0.0580 371 714 642 959 13 0.0580 375 716 648 957 0 0.0578 438 710 703 952 5 0.0578 440 143 691 383 5 0.0577 364 712 633 954 0 0.0577 433 84 690 329 8 0.0575 372 714 633 952 13 0.0573 318 773 565 1009 11 0.0572 434 660 708 890 6 0.0572 373 716 640 954 5 0.0568 307 768 554 1006 5 0.0565 434 652 703 894 3 0.0558 570 0 825 206 2 0.0557 512 161 757 379 7 0.0556 507 89 762 327 10 0.0554 432 716 704 946 6 0.0553 439 657 708 895 5 0.0552 562 587 825 829 11 0.0549 507 160 762 378 6 0.0545 316 771 560 1007 8 0.0542 572 1 818 197 6 0.0540 386 146 658 376 10 0.0539 567 597 827 831 7 0.0539 314 771 561 1013 7 0.0538 450 149 698 389 10 0.0537 311 774 556 1006 7 0.0537 553 782 815 1015 10 0.0536 489 11 757 238 13 0.0535 508 91 765 321 0 0.0533 568 597 826 830 11 0.0532 560 595 826 827 8 0.0529 382 10 646 257 5 0.0527 563 0 823 196 2 0.0525 488 13 754 241 13 0.0525 379 82 653 316 12 0.0524 505 90 763 323 3 0.0522 440 779 688 1010 8 0.0522 315 768 552 1007 3 0.0522 439 659 705 900 13 0.0520 441 654 713 894 6 0.0519 569 597 829 829 7 0.0519 572 591 831 831 13 0.0518 572 0 835 199 3 0.0518 566 329 825 574 5 0.0516 337 44 705 219 8 0.0513 567 597 820 826 9 0.0508 367 715 638 951 6 0.0507 385 13 661 258 11 0.0505 564 272 817 492 0 0.0505 563 268 816 500 3 0.0504 386 148 654 383 5 0.0503 547 778 806 1010
wwCn4hFWKc1W0OXl3PNmxt4wQTn7809r,5 0.0653 176 712 424 955 7 0.0650 183 719 427 957 0 0.0622 184 717 427 958 8 0.0621 183 719 421 958 7 0.0617 316 708 570 957 10 0.0610 179 722 427 952 11 0.0587 245 716 500 954 11 0.0585 180 661 435 895 0 0.0570 315 709 568 962 5 0.0564 308 703 563 953 8 0.0557 317 707 563 956 3 0.0550 186 659 436 902 10 0.0548 312 712 569 953 6 0.0536 249 714 500 956 11 0.0533 72 408 324 642 13 0.0520 185 718 432 958 6 0.0517 185 660 437 896 7 0.0512 391 516 636 751 13 0.0509 315 710 574 958 9 0.0507 179 718 429 953 12 0.0501 184 658 435 895
SaB7ZSYNOQ2hDoltbs0yKBHr27Uy5uQr,13 0.0526 760 1 1018 259 0 0.0501 752 0 1014 254
0jwsYIszphjhfxxNKpWnKl8FoCZKY2Bk,7 0.0558 461 341 712 577 11 0.0557 457 345 710 579 5 0.0535 437 268 697 504 8 0.0533 162 82 411 303 8 0.0528 5 0 241 203 10 0.0528 0 4 244 205 0 0.0525 463 343 705 577 6 0.0519 462 340 713 577 8 0.0515 459 337 700 578 3 0.0514 466 339 708 584 5 0.0505 0 0 245 209
aUhe18bFbju1ASUzk501DD4GbpvQTqWX,11 0.0669 256 666 519 903 0 0.0656 504 596 765 839 11 0.0651 333 681 696 853 7 0.0632 444 668 702 903 0 0.0629 315 529 570 777 0 0.0628 441 666 699 902 8 0.0622 340 681 689 853 5 0.0620 503 594 762 832 5 0.0614 329 677 689 850 11 0.0610 504 598 764 834 11 0.0609 245 801 510 1023 8 0.0605 505 597 758 834 3 0.0604 340 680 697 856 3 0.0604 262 324 520 572 11 0.0599 248 527 512 761 13 0.0598 265 666 526 905 13 0.0596 258 454 523 697 7 0.0593 506 598 767 836 3 0.0592 507 598 764 840 0 0.0589 381 220 645 458 0 0.0589 322 656 582 900 6 0.0583 254 594 516 838 7 0.0580 251 527 511 765 7 0.0579 323 658 585 903 8 0.0576 252 593 503 842 0 0.0574 251 588 511 846 10 0.0573 321 727 583 960 2 0.0572 339 683 697 853 0 0.0570 255 722 514 970 0 0.0570 254 451 516 695 5 0.0569 375 209 636 452 2 0.0566 508 601 763 836 8 0.0565 256 725 506 966 6 0.0564 261 323 527 560 10 0.0564 338 683 698 851 6 0.0563 328 656 584 897 11 0.0562 379 215 641 457 8 0.0562 262 326 513 565 3 0.0561 403 740 764 916 13 0.0558 325 592 581 836 6 0.0555 504 597 768 832 11 0.0555 365 796 621 1020 5 0.0554 253 318 517 562 7 0.0553 315 146 589 392 11 0.0553 254 326 523 563 5 0.0552 251 722 510 964 10 0.0551 505 600 765 837 7 0.0550 386 215 649 458 7 0.0550 258 727 521 972 3 0.0549 322 532 571 778 13 0.0548 511 601 769 836 3 0.0548 262 666 520 912 3 0.0546 257 460 516 702 13 0.0545 256 797 521 1023 6 0.0544 257 727 516 966 5 0.0544 248 449 512 691 10 0.0544 257 669 518 903 8 0.0541 320 531 565 774 5 0.0535 305 143 574 389 0 0.0533 258 324 525 565 6 0.0532 444 666 702 896 13 0.0531 262 324 531 565 7 0.0531 259 325 524 565 9 0.0530 503 597 760 831 11 0.0530 307 149 577 390 0 0.0527 309 150 584 395 8 0.0523 383 217 639 453 6 0.0519 258 454 520 693 11 0.0516 595 266 847 507 8 0.0516 310 796 559 1023 10 0.0515 248 529 511 762 2 0.0515 319 537 571 775 12 0.0514 339 680 695 852 6 0.0512 320 533 575 768 9 0.0512 315 722 577 956 9 0.0508 330 681 690 850 3 0.0507 251 801 509 1023 3 0.0506 319 150 580 398 8 0.0506 315 149 573 392 10 0.0505 399 744 771 912
CIKIk8qhh7AvdvUj792X2QZt0XHGad9u,5 0.0665 155 334 429 565 13 0.0631 401 408 671 649 8 0.0612 164 335 425 570 0 0.0607 173 276 434 514 6 0.0596 253 407 523 645 11 0.0594 159 336 435 566 11 0.0594 396 409 662 647 0 0.0594 175 406 446 640 0 0.0590 397 407 663 652 8 0.0588 255 406 513 646 8 0.0577 399 406 656 652 7 0.0576 253 404 527 646 11 0.0575 242 409 520 640 6 0.0571 167 338 434 566 5 0.0569 392 407 656 647 6 0.0566 402 410 668 650 3 0.0561 248 412 522 650 7 0.0553 404 406 666 652 3 0.0546 167 340 432 575 13 0.0545 179 411 452 641 10 0.0544 246 411 521 643 3 0.0544 403 407 662 655 11 0.0538 438 8 696 246 5 0.0533 435 77 698 310 10 0.0531 397 412 663 650 11 0.0526 385 156 643 376 13 0.0523 445 83 704 315 2 0.0522 401 414 664 653 11 0.0521 575 356 827 577 11 0.0521 522 281 775 516 7 0.0520 167 334 435 568 5 0.0518 171 482 440 721 12 0.0518 402 409 663 650 13 0.0516 511 11 768 255 13 0.0512 118 284 385 510 8 0.0511 441 3 683 250 8 0.0510 383 157 632 376 3 0.0506 178 487 443 732 8 0.0504 525 281 762 525 0 0.0503 529 281 772 524 2 0.0503 177 411 443 637 7 0.0502 447 6 701 248 3 0.0501 444 6 697 257
l2XHLLjzmHCjQvOCGIrUCQMTrKfxVCi1,6 0.0642 443 401 701 642 11 0.0615 441 401 695 638 0 0.0600 441 398 695 645 11 0.0600 441 591 698 832 7 0.0599 446 397 697 644 11 0.0578 389 332 652 563 6 0.0577 445 589 698 835 5 0.0572 440 585 694 831 13 0.0572 449 394 701 640 5 0.0569 439 393 689 640 8 0.0564 443 396 687 642 7 0.0556 448 589 703 837 0 0.0552 443 592 701 836 2 0.0550 445 593 700 835 3 0.0549 444 399 695 645 8 0.0549 444 592 691 835 0 0.0540 465 275 715 513 10 0.0538 380 395 643 634 13 0.0538 451 592 705 836 11 0.0537 509 335 770 576 8 0.0533 244 131 493 373 3 0.0526 444 592 696 838 0 0.0526 245 133 499 372 8 0.0523 467 270 709 510 6 0.0519 512 338 775 577 5 0.0517 463 267 713 509 8 0.0516 388 330 643 569 13 0.0509 472 274 725 507
GAxfmompeXuFRZpG83GlohBNlJR1Wtd1,11 0.0569 261 526 507 767 11 0.0569 243 259 515 488 11 0.0557 519 280 777 515 8 0.0556 391 270 652 506 5 0.0548 383 267 655 501 8 0.0546 380 589 625 831 8 0.0544 519 280 768 515 11 0.0544 381 521 638 748 0 0.0543 248 596 504 842 11 0.0543 389 270 663 503 5 0.0543 241 256 505 487 7 0.0543 394 269 662 506 5 0.0542 511 273 773 513 5 0.0541 245 591 500 837 0 0.0533 380 588 633 833 7 0.0533 247 202 513 435 6 0.0532 396 271 669 504 3 0.0527 393 272 661 513 10 0.0525 244 601 503 838 5 0.0525 377 585 630 830 8 0.0524 246 594 497 836 7 0.0521 266 525 508 770 8 0.0520 247 258 504 491 7 0.0519 388 521 637 752 0 0.0517 243 257 511 494 6 0.0510 521 281 785 517 11 0.0507 248 144 513 374 7 0.0506 520 275 784 516 11 0.0506 240 662 508 891 13 0.0505 267 523 513 772
CWsDDAa9hVbAIHuaPBctuxawiwVJK0CO,8 0.0686 62 789 307 1023 7 0.0657 175 721 431 965 8 0.0640 240 663 491 902 5 0.0638 58 787 309 1021 7 0.0633 243 776 500 1017 0 0.0633 239 660 499 908 8 0.0632 240 776 488 1016 5 0.0623 168 718 427 961 7 0.0615 241 661 499 903 11 0.0613 237 780 495 1013 7 0.0610 62 790 314 1023 8 0.0609 172 718 422 963 0 0.0608 58 789 312 1023 0 0.0596 176 717 432 968 11 0.0596 58 790 313 1021 6 0.0596 61 793 314 1023 10 0.0581 120 730 367 964 13 0.0579 64 794 319 1023 5 0.0575 232 661 495 902 11 0.0575 170 721 430 961 13 0.0574 241 778 503 1016 11 0.0574 236 663 502 900 10 0.0571 229 720 496 959 2 0.0554 61 795 311 1023 5 0.0544 126 398 391 618 10 0.0539 58 792 309 1020 11 0.0538 125 403 393 617 3 0.0535 243 779 497 1023 3 0.0533 64 789 310 1023 8 0.0532 134 400 383 621 3 0.0531 240 664 500 910 3 0.0529 175 718 428 970 6 0.0528 230 717 497 960 13 0.0521 125 727 379 969 7 0.0520 133 401 397 618 9 0.0511 58 794 312 1023 10 0.0509 235 609 498 832 6 0.0508 126 729 375 966 2 0.0507 173 723 431 963 2 0.0502 239 668 500 904 7 0.0501 267 346 503 574 11 0.0501 258 405 503 633
OmJ4Gcnb7n0BUBj8VRIxovMFyMsfmSpc,7 0.0522 513 265 759 505 5 0.0514 502 256 755 509 0 0.0510 504 265 759 509 8 0.0508 506 265 748 506 11 0.0507 363 670 617 903 11 0.0501 635 213 905 431
CP6JCoZYWIYJL5hvYPnzBVHdhbXsiOly,8 0.0614 325 485 672 662 11 0.0613 432 455 686 696 0 0.0598 433 456 689 701 5 0.0595 329 418 681 592 11 0.0572 368 515 629 764 11 0.0572 266 482 637 655 11 0.0571 331 421 681 595 7 0.0567 340 421 689 596 13 0.0563 340 424 689 596 5 0.0543 431 453 682 697 5 0.0534 266 478 634 654 8 0.0532 331 20 573 236 6 0.0529 341 423 693 597 0 0.0528 369 518 630 766 3 0.0528 342 424 684 601 0 0.0528 513 402 770 637 8 0.0520 198 414 552 590 10 0.0519 334 424 688 596 11 0.0519 513 400 770 632 5 0.0518 316 15 578 237 8 0.0515 690 0 937 199 2 0.0511 341 425 684 595 7 0.0510 329 20 585 241 7 0.0510 372 597 625 832 8 0.0503 508 461 751 697 0 0.0501 299 145 570 377
WuWuDHJSdyBRQc00y8uDh8cHklY6jXXg,14 1.0 0 0 1 1
4FsH0Jb4dfH8Xdo194FH3MGFBwon3Me7,8 0.0606 252 791 495 1020 11 0.0582 169 333 447 569 11 0.0562 62 789 313 1002 5 0.0560 55 781 310 1007 5 0.0552 243 326 508 566 8 0.0552 109 777 367 1013 7 0.0548 312 791 564 1023 0 0.0546 310 795 562 1023 0 0.0545 246 331 511 568 8 0.0542 2 30 292 200 0 0.0538 127 213 393 442 0 0.0537 62 790 312 1015 0 0.0536 391 662 638 899 5 0.0535 303 788 555 1023 11 0.0534 376 729 641 963 7 0.0529 113 781 376 1012 8 0.0528 380 788 620 1016 11 0.0528 0 32 308 196 8 0.0527 578 329 810 568 5 0.0526 179 262 442 498 11 0.0523 571 335 819 561 11 0.0523 306 792 559 1020 5 0.0520 374 722 630 964 8 0.0518 126 271 373 500 6 0.0517 64 790 313 1011 11 0.0515 185 799 448 1017 8 0.0513 318 730 557 957 7 0.0512 182 330 450 572 13 0.0512 317 790 568 1023 6 0.0509 2 31 303 200 11 0.0508 121 274 382 495 11 0.0507 308 408 580 642 11 0.0507 235 260 509 493 5 0.0506 570 325 815 566 8 0.0504 250 329 503 569 0 0.0503 186 801 449 1023 6 0.0502 189 794 450 1022 13 0.0500 3 31 315 200 5 0.0500 109 341 368 572
djUvC9PsLAPvRn98bTmIDKzYp8pK4CFj,0 0.0580 241 654 510 887 7 0.0577 390 396 660 641 8 0.0569 388 395 647 636 8 0.0568 246 710 499 949 7 0.0565 312 329 582 575 5 0.0558 381 390 651 635 6 0.0558 367 284 633 505 11 0.0555 242 656 513 880 11 0.0550 306 330 578 572 8 0.0546 365 282 626 504 11 0.0545 388 397 654 639 0 0.0534 448 549 698 784 0 0.0532 387 394 656 642 5 0.0529 242 648 503 884 0 0.0528 745 6 1001 246 6 0.0528 247 653 512 883 5 0.0526 361 279 631 504 10 0.0526 744 8 998 241 7 0.0521 247 654 515 888 0 0.0520 365 280 634 507 5 0.0519 741 0 993 243 13 0.0518 250 655 516 886 8 0.0516 750 0 993 240 11 0.0514 742 4 1003 240 6 0.0505 392 398 658 640 11 0.0503 445 550 697 777
eOE7aZwV5XaK3UAzDR9yHqOzRy7CfI45,0 0.0624 564 663 809 899 11 0.0611 561 666 806 894 11 0.0605 433 595 691 822 5 0.0602 299 793 551 1019 7 0.0597 567 664 811 896 11 0.0592 304 734 566 971 8 0.0589 565 660 802 897 5 0.0585 424 781 676 1020 7 0.0584 442 668 689 905 11 0.0582 430 786 677 1018 8 0.0582 434 782 673 1022 7 0.0579 435 783 684 1022 8 0.0579 306 792 555 1022 7 0.0570 307 794 560 1022 13 0.0569 566 665 813 899 0 0.0554 303 794 556 1023 0 0.0551 428 783 680 1023 8 0.0548 438 665 681 903 5 0.0547 558 661 804 895 11 0.0542 442 454 698 689 10 0.0541 304 799 558 1022 0 0.0534 432 666 686 904 3 0.0531 438 593 689 832 3 0.0531 436 786 680 1023 10 0.0529 563 666 806 898 11 0.0529 311 596 566 831 10 0.0528 367 740 633 976 10 0.0527 437 671 688 898 8 0.0523 342 552 690 733 11 0.0522 382 386 638 620 3 0.0521 566 662 808 903 11 0.0520 308 453 571 693 6 0.0520 440 594 692 828 13 0.0520 311 798 566 1023 13 0.0518 438 788 686 1023 2 0.0515 306 798 562 1023 0 0.0515 435 524 686 758 2 0.0513 432 786 687 1023 8 0.0510 319 594 563 830 6 0.0508 310 796 560 1020 6 0.0508 565 665 810 897 13 0.0507 440 671 692 906 5 0.0507 430 665 680 901 7 0.0506 378 586 630 823 7 0.0506 439 520 694 757
DJ7YMAnIoypGqcVfTe4yh0yMN1F5iVwg,11 0.0640 445 396 702 636 8 0.0605 311 389 564 629 11 0.0599 302 335 572 563 11 0.0594 430 525 693 760 5 0.0589 311 447 574 690 8 0.0589 443 261 694 501 13 0.0586 438 525 699 761 5 0.0585 372 520 633 752 11 0.0580 578 397 830 640 3 0.0579 312 388 571 636 11 0.0579 312 593 573 824 8 0.0578 315 516 564 751 7 0.0576 450 394 704 642 5 0.0576 233 382 501 633 13 0.0574 314 515 577 752 5 0.0573 377 385 638 630 10 0.0567 453 340 702 580 8 0.0567 388 463 631 694 5 0.0567 299 328 570 563 5 0.0567 633 533 888 772 0 0.0566 449 336 703 581 0 0.0565 307 518 572 753 6 0.0565 311 386 576 629 5 0.0562 431 457 697 695 7 0.0562 391 459 640 695 8 0.0561 447 397 695 638 10 0.0560 383 394 637 634 11 0.0560 326 198 575 436 0 0.0559 509 216 751 452 0 0.0559 302 333 573 568 13 0.0558 453 335 705 575 3 0.0557 451 395 701 646 8 0.0557 182 397 428 636 3 0.0556 394 461 637 700 5 0.0556 379 191 640 437 8 0.0552 316 263 558 499 10 0.0549 437 465 701 697 0 0.0548 576 397 833 647 11 0.0547 445 265 701 501 13 0.0546 584 396 835 644 13 0.0546 382 603 645 825 3 0.0546 184 398 440 642 5 0.0545 502 211 747 446 10 0.0545 306 339 572 566 0 0.0544 437 464 698 701 10 0.0543 393 137 649 370 5 0.0542 250 519 503 770 7 0.0541 394 197 649 441 5 0.0538 120 389 364 633 5 0.0537 308 588 566 826 8 0.0536 581 393 825 644 0 0.0535 640 538 891 777 13 0.0534 390 199 653 437 13 0.0532 309 334 578 568 3 0.0530 643 537 889 782 0 0.0528 390 196 647 443 6 0.0527 311 517 579 752 11 0.0526 251 263 507 505 5 0.0525 249 257 502 505 7 0.0525 307 332 576 567 10 0.0524 424 599 696 815 11 0.0523 179 397 434 635 7 0.0521 184 392 441 635 6 0.0519 447 264 705 502 5 0.0519 571 393 825 642 7 0.0519 585 394 833 646 6 0.0517 398 129 649 371 11 0.0515 393 137 649 370 10 0.0513 316 455 576 692 6 0.0513 386 459 641 695 6 0.0513 316 262 571 498 0 0.0511 181 396 439 636 3 0.0511 583 394 830 649 5 0.0510 176 462 437 707
JgwzD3fTs4ZmtUMSuNjNoq3pP3TmIztP,0 0.0606 182 330 439 582 11 0.0587 208 414 579 594 8 0.0586 217 409 567 595 8 0.0579 0 489 310 676 13 0.0560 215 411 588 598 5 0.0557 200 409 572 593 0 0.0552 0 425 373 607 6 0.0539 214 409 584 595 11 0.0535 356 549 624 766 0 0.0530 367 292 635 518 8 0.0525 25 355 376 539 8 0.0524 183 325 430 580 2 0.0522 213 413 570 596 3 0.0520 210 411 582 599 13 0.0518 367 545 625 766 11 0.0518 0 426 373 602 3 0.0514 372 293 637 521 3 0.0514 366 548 621 774 7 0.0512 216 410 582 596 5 0.0510 0 422 357 602 0 0.0508 359 541 625 771 6 0.0508 1 491 328 674 8 0.0505 369 291 628 515 10 0.0504 367 299 639 516 8 0.0504 370 545 612 769 13 0.0500 13 421 385 607
PgTkfvyrrsI42UmIX55rEZgV9kMjUgsv,11 0.0640 380 719 630 948 5 0.0633 380 714 626 949 7 0.0630 258 712 513 952 5 0.0628 255 710 507 949 6 0.0610 377 657 635 893 11 0.0609 252 716 513 949 0 0.0601 0 0 254 206 0 0.0599 259 717 512 954 8 0.0597 378 657 619 894 6 0.0590 0 0 257 202 6 0.0589 260 717 515 952 7 0.0585 383 717 631 952 8 0.0584 260 716 507 953 0 0.0574 381 718 627 951 3 0.0568 262 713 511 956 2 0.0560 382 722 629 952 3 0.0557 387 717 632 956 13 0.0555 377 661 636 896 13 0.0550 258 715 521 952 8 0.0546 3 0 250 200 0 0.0546 632 2 896 197 5 0.0542 626 0 891 195 5 0.0542 0 0 246 201 11 0.0539 625 1 899 195 2 0.0536 258 720 513 952 9 0.0536 379 719 628 947 11 0.0533 0 2 258 198 13 0.0531 2 0 266 204 8 0.0529 633 0 885 193 10 0.0529 0 7 256 200 11 0.0526 639 709 900 945 0 0.0522 637 708 897 947 10 0.0521 257 719 510 950 3 0.0519 3 0 256 209 10 0.0517 381 719 627 949 8 0.0512 494 17 750 264 6 0.0510 632 0 900 195 13 0.0506 719 798 989 1023
R142UJWxT6nvZUvShLSaGud6nZa6mWr1,0 0.0642 627 397 884 643 6 0.0632 629 460 893 703 11 0.0626 624 403 890 640 0 0.0612 564 458 819 697 6 0.0611 566 397 820 635 6 0.0610 572 207 832 435 8 0.0609 568 140 821 372 6 0.0606 562 521 831 765 11 0.0601 562 211 828 434 11 0.0598 300 805 564 1020 5 0.0594 619 348 885 577 13 0.0592 627 463 898 710 0 0.0592 621 277 881 511 7 0.0591 567 457 825 694 5 0.0585 565 202 826 436 11 0.0582 614 284 883 505 0 0.0581 565 210 826 438 11 0.0580 360 718 624 951 11 0.0577 491 522 747 763 0 0.0576 710 484 973 705 8 0.0575 566 268 816 503 8 0.0574 628 399 878 641 11 0.0571 618 533 890 765 11 0.0566 564 348 827 571 11 0.0563 697 360 965 569 3 0.0561 569 399 818 641 13 0.0560 569 399 824 636 0 0.0558 428 791 680 1023 0 0.0555 566 589 833 835 7 0.0554 305 800 573 1023 11 0.0554 427 793 679 1018 10 0.0547 563 398 815 633 8 0.0546 506 206 751 442 8 0.0545 364 791 617 1023 8 0.0544 572 590 823 833 11 0.0543 770 479 1023 693 7 0.0543 571 143 830 373 10 0.0541 619 462 889 702 7 0.0538 567 342 830 575 7 0.0534 570 589 834 832 8 0.0534 245 83 499 324 13 0.0533 572 143 833 374 7 0.0533 507 275 758 510 0 0.0533 313 38 571 263 13 0.0532 366 791 633 1023 0 0.0532 502 278 753 515 5 0.0531 616 459 884 700 13 0.0530 257 201 537 444 3 0.0530 626 462 887 708 0 0.0526 708 354 955 574 0 0.0526 363 658 621 907 7 0.0525 441 710 697 950 6 0.0525 712 419 973 642 11 0.0525 251 139 529 374 0 0.0524 490 519 747 767 7 0.0523 499 518 751 763 0 0.0522 299 802 566 1023 3 0.0520 562 522 824 769 2 0.0520 567 149 830 373 3 0.0519 570 143 828 379 10 0.0519 566 143 828 371 6 0.0518 502 458 759 692 8 0.0518 495 520 741 768 10 0.0517 557 524 823 764 3 0.0517 509 215 756 448 3 0.0516 566 274 825 514 13 0.0516 370 658 625 906 11 0.0516 373 83 639 309 0 0.0513 499 396 756 633 5 0.0511 700 414 967 639 6 0.0511 508 276 758 509 8 0.0510 367 656 612 903 5 0.0508 361 655 613 900 0 0.0504 251 199 522 441 11 0.0502 501 281 759 505 6 0.0502 704 294 952 512 2 0.0501 567 466 818 696
zPyX3dl0LCZROrRbA2etSsOO5ntm22JJ,8 0.0621 559 330 815 568 5 0.0615 554 328 817 567 11 0.0614 501 327 756 562 11 0.0594 624 320 897 564 6 0.0588 634 321 902 562 0 0.0583 505 328 753 565 7 0.0569 507 325 759 564 5 0.0564 396 419 745 600 6 0.0561 506 326 757 564 3 0.0558 562 332 817 574 8 0.0554 402 423 742 600 10 0.0544 503 328 755 560 5 0.0536 242 260 512 488 13 0.0531 561 335 824 567 8 0.0523 174 267 437 508 0 0.0522 628 322 896 569 8 0.0521 614 406 891 647 5 0.0519 610 403 889 642 10 0.0518 627 323 897 562 2 0.0516 504 330 756 566 10 0.0511 397 423 751 599 11 0.0508 245 264 519 488 11 0.0507 157 333 432 559 3 0.0507 407 423 749 603 0 0.0503 179 268 449 505 7 0.0502 627 323 899 566
r2EkqSeZ5NYUDy5BVzjTj57hWkS13HiC,11 0.0570 439 535 709 758 11 0.0564 365 791 623 1009 0 0.0554 102 398 359 624 0 0.0554 437 536 711 764 7 0.0554 567 801 819 1023 11 0.0553 363 595 634 818 0 0.0548 430 790 696 1019 7 0.0542 504 711 757 935 0 0.0530 501 460 763 695 3 0.0526 371 593 629 824 5 0.0525 427 786 685 1011 8 0.0520 504 712 745 931 6 0.0520 111 396 367 619 7 0.0520 440 791 698 1014 8 0.0518 412 603 743 793 5 0.0516 550 803 805 1021 0 0.0514 561 806 813 1023 0 0.0508 362 595 636 823 11 0.0503 490 794 745 1011
EIUFOfZpwrIgjNIY2umKjgpVC5LvECLs,5 0.0623 493 803 737 1023 11 0.0611 313 448 561 695 11 0.0602 378 792 619 1020 11 0.0600 377 657 632 890 5 0.0599 371 783 617 1022 11 0.0589 448 406 699 635 0 0.0584 316 513 566 764 7 0.0580 380 789 628 1023 8 0.0580 375 787 613 1023 0 0.0579 375 794 622 1023 10 0.0579 375 795 620 1023 0 0.0573 453 332 696 565 0 0.0571 322 380 570 625 0 0.0571 0 364 305 542 5 0.0567 374 654 627 895 8 0.0565 314 338 564 570 7 0.0564 322 442 568 695 0 0.0563 497 469 753 701 11 0.0560 306 583 562 818 13 0.0553 502 471 760 696 13 0.0552 384 787 630 1023 3 0.0550 319 514 566 767 3 0.0549 379 395 627 630 11 0.0549 510 337 756 557 7 0.0546 454 404 703 638 5 0.0546 492 463 746 694 11 0.0543 312 339 569 567 8 0.0540 450 407 691 640 6 0.0539 329 382 577 625 3 0.0536 377 789 621 1023 8 0.0533 318 447 555 696 8 0.0533 0 397 259 638 0 0.0532 375 657 631 899 3 0.0527 461 334 692 568 7 0.0525 118 392 384 637 3 0.0524 253 386 501 644 6 0.0524 456 406 702 641 8 0.0523 310 589 556 823 11 0.0523 556 395 829 628 8 0.0522 245 287 493 511 5 0.0521 508 331 750 557 8 0.0521 378 659 625 890 7 0.0520 381 658 633 896 0 0.0517 372 283 630 502 7 0.0517 380 338 637 561 10 0.0517 378 664 631 891 6 0.0513 382 793 625 1021 0 0.0512 179 330 434 576 5 0.0512 119 795 350 1020 0 0.0510 114 393 376 639 6 0.0510 5 400 275 643 3 0.0510 378 658 629 898 13 0.0510 248 344 503 574 8 0.0509 251 386 497 635 11 0.0507 502 810 735 1019 7 0.0506 313 582 565 824 3 0.0506 505 470 746 703 11 0.0504 439 740 696 961 2 0.0504 432 797 687 1023 9 0.0503 370 788 618 1023 13 0.0503 321 449 566 699 8 0.0503 497 805 728 1020 6 0.0503 518 335 759 560 10 0.0502 438 742 698 965 13 0.0501 507 808 744 1021 5 0.0501 309 330 566 567 5 0.0501 309 440 558 693 7 0.0501 516 337 759 562
IqnmyPuJIstQPOiy2ydoFQ3XePK4vcy0,11 0.0644 0 642 247 873 11 0.0606 321 665 572 890 7 0.0606 152 584 393 827 5 0.0604 189 583 432 817 7 0.0602 4 640 247 879 0 0.0589 148 584 392 827 8 0.0588 3 637 241 881 8 0.0587 145 581 392 827 5 0.0582 0 631 241 875 11 0.0576 145 588 396 820 0 0.0568 0 640 242 877 3 0.0563 256 588 500 825 13 0.0554 148 585 400 826 6 0.0547 3 638 246 879 2 0.0544 0 642 246 879 7 0.0542 255 588 500 822 13 0.0542 1 637 254 880 6 0.0537 147 585 393 825 10 0.0536 0 644 244 880 0 0.0533 319 664 574 896 0 0.0528 251 589 498 821 6 0.0527 256 590 504 819 11 0.0526 311 542 565 769 2 0.0525 191 591 436 819 3 0.0522 150 584 394 830 10 0.0518 145 592 392 825 8 0.0518 324 663 563 892 5 0.0517 250 525 499 762 11 0.0515 429 679 705 892 13 0.0515 255 586 505 820 3 0.0512 3 639 246 881 11 0.0506 415 793 686 1015 5 0.0504 311 597 566 826 8 0.0503 249 589 492 820 10 0.0502 252 594 498 819
vEBKgr3EXhZcX2WxTrubB41VXetaFACN,7 0.0624 199 666 452 886 11 0.0617 192 726 449 952 8 0.0591 197 720 438 951 5 0.0561 189 662 446 885 10 0.0548 194 669 448 888 11 0.0539 316 597 570 831 11 0.0537 180 600 445 815 3 0.0533 198 666 447 894 0 0.0529 194 663 449 889 6 0.0524 248 667 520 895 13 0.0519 254 670 521 898 8 0.0518 184 596 433 821 8 0.0514 468 26 798 217 5 0.0507 311 587 567 828 0 0.0507 314 589 574 838 7 0.0506 175 513 443 749 11 0.0502 562 474 823 695
UjMKSe93KJC0u9zMjifp1Ozoooitrpe6,7 0.0656 318 795 560 1023 5 0.0642 195 734 446 983 0 0.0633 313 798 557 1023 7 0.0632 203 735 451 983 8 0.0629 317 797 551 1023 0 0.0623 197 738 449 983 11 0.0623 316 799 554 1022 11 0.0619 196 740 447 979 5 0.0617 311 796 552 1022 8 0.0591 199 737 445 979 10 0.0585 195 744 448 981 3 0.0584 204 739 447 986 9 0.0581 198 738 448 977 3 0.0569 319 801 556 1023 6 0.0566 318 803 559 1022 6 0.0549 200 742 455 981 2 0.0546 317 803 558 1023 9 0.0544 314 799 557 1021 1 0.0539 193 731 449 985 13 0.0536 201 737 455 978 10 0.0535 312 801 558 1021 2 0.0531 201 746 446 985 12 0.0518 199 736 450 983 7 0.0514 427 390 694 634 0 0.0508 433 332 697 575 13 0.0506 320 800 563 1023 11 0.0504 435 273 708 507 11 0.0501 358 401 635 631
5t0sF8TUT4ejqk4xLgmn2IkWt3pw34co,8 0.0601 503 205 746 446 8 0.0594 189 316 437 575 6 0.0594 448 209 693 444 5 0.0586 445 196 689 447 11 0.0566 249 788 495 1020 0 0.0564 184 319 441 572 11 0.0562 442 206 693 444 5 0.0557 178 318 437 565 11 0.0556 185 325 441 570 7 0.0554 505 206 762 451 0 0.0554 502 211 757 449 7 0.0544 184 317 442 574 0 0.0543 247 792 496 1023 6 0.0537 187 325 449 572 13 0.0532 446 206 700 444 3 0.0531 447 206 693 453 8 0.0529 252 786 488 1020 8 0.0527 504 104 730 332 10 0.0521 182 333 441 571 2 0.0517 448 213 694 449 7 0.0502 250 786 502 1021 11 0.0502 309 338 575 574
t0t9fm6s33DH6hGY5A4fca3k6vxS0ZZz,11 0.0649 136 0 514 156 0 0.0646 138 0 516 158 8 0.0629 141 0 504 160 5 0.0621 131 0 505 154 13 0.0621 257 0 523 206 11 0.0590 366 584 646 819 11 0.0583 321 2 573 205 6 0.0572 259 1 523 204 7 0.0572 256 1 520 208 3 0.0570 149 0 512 162 5 0.0563 319 0 568 200 3 0.0552 334 0 569 212 8 0.0530 372 583 637 823 2 0.0525 149 3 518 156 0 0.0519 331 0 570 211 7 0.0517 439 590 716 829 11 0.0509 501 4 781 195 0 0.0507 431 589 711 833 9 0.0505 250 0 509 199
ZYSFlA7V0UM4NcJThARcN5Qbn2gtvYZV,11 0.0650 498 389 763 633 11 0.0646 570 534 821 779 5 0.0640 565 277 829 511 7 0.0625 504 385 763 633 8 0.0611 574 534 819 784 8 0.0611 507 321 761 562 0 0.0609 568 343 818 581 3 0.0603 569 344 818 585 13 0.0596 569 344 823 578 0 0.0596 573 536 821 782 6 0.0591 577 532 823 783 10 0.0591 501 390 762 635 6 0.0590 503 389 766 637 6 0.0589 255 62 501 311 5 0.0587 570 529 818 779 7 0.0584 575 533 825 784 7 0.0580 182 200 439 445 13 0.0579 576 536 828 782 5 0.0577 243 59 493 306 5 0.0574 175 200 428 441 0 0.0567 180 206 435 446 8 0.0551 177 204 428 448 9 0.0551 495 386 761 632 3 0.0550 512 273 766 511 0 0.0548 249 65 499 313 11 0.0545 178 205 437 444 10 0.0544 174 211 433 445 6 0.0543 184 205 438 446 12 0.0541 569 343 823 579 11 0.0540 246 66 500 310 3 0.0539 579 537 822 787 11 0.0539 174 402 424 647 8 0.0538 252 66 495 309 11 0.0537 114 284 375 513 13 0.0535 253 66 506 313 5 0.0534 176 394 420 646 10 0.0534 514 275 768 501 11 0.0533 508 273 767 500 5 0.0533 112 276 366 514 0 0.0533 511 275 764 501 8 0.0532 117 275 364 523 2 0.0532 575 539 823 780 9 0.0531 572 533 824 780 13 0.0529 122 286 381 523 7 0.0528 254 65 506 314 13 0.0526 180 205 441 450 1 0.0524 563 341 819 579 2 0.0523 502 395 757 634 11 0.0521 430 802 690 1019 11 0.0519 288 795 555 1018 10 0.0517 573 539 821 782 6 0.0517 638 293 920 517 7 0.0514 434 796 693 1023 6 0.0513 514 274 773 500 8 0.0512 182 399 409 652 7 0.0512 514 272 767 502 3 0.0510 183 405 422 655 12 0.0509 574 534 823 785 8 0.0507 243 1 491 193 13 0.0506 513 273 771 499 10 0.0506 250 65 502 308 4 0.0502 565 346 822 578 13 0.0502 583 214 852 443 0 0.0502 122 282 371 518 3 0.0501 254 66 500 319
LUoWCl07dkZ9OUr4h44qHLE9zzJA2JPL,11 0.0526 431 730 688 954 8 0.0523 385 791 609 1022 7 0.0522 438 718 698 958 7 0.0521 386 786 623 1023 8 0.0516 429 726 683 957 11 0.0516 381 793 619 1019
AnRxaIOTPYc4CJb3Ps6qD3N7yz8JzGnX,0 0.0623 560 333 814 574 8 0.0585 558 329 807 568 11 0.0567 313 792 566 1019 11 0.0564 375 539 628 771 11 0.0555 624 549 877 773 8 0.0553 623 479 876 714 5 0.0552 555 331 809 568 11 0.0543 559 332 812 572 0 0.0532 625 548 877 781 7 0.0530 561 330 817 571 11 0.0527 628 406 882 645 8 0.0522 317 788 557 1018 10 0.0522 622 554 874 778 7 0.0520 628 544 881 778 0 0.0519 312 790 567 1020 0 0.0518 632 407 885 647 6 0.0517 559 335 818 572 13 0.0515 563 334 822 573 6 0.0514 380 536 635 772 8 0.0508 0 677 354 849 7 0.0506 318 789 572 1021
xyURDGIewB3b9M6pHa7FqjlWw7UcaqD4,8 0.0598 499 602 754 823 5 0.0581 432 657 704 908 11 0.0580 380 401 640 626 5 0.0577 243 381 528 630 8 0.0568 433 665 695 908 11 0.0565 502 460 763 694 7 0.0563 510 456 764 701 11 0.0558 439 535 707 764 0 0.0557 497 667 758 905 7 0.0555 504 598 767 829 8 0.0550 447 536 697 767 6 0.0549 380 658 636 908 11 0.0548 428 666 703 903 0 0.0545 375 658 635 913 8 0.0538 375 600 634 845 0 0.0534 440 596 706 832 11 0.0530 263 342 625 526 7 0.0527 257 382 532 631 8 0.0524 245 257 496 505 7 0.0524 439 661 707 909 5 0.0523 501 596 761 827 7 0.0521 452 784 704 1022 11 0.0519 449 788 700 1022 11 0.0516 496 601 761 826 5 0.0513 234 256 507 496 8 0.0506 252 386 518 632 5 0.0505 442 526 707 768 11 0.0505 245 387 529 626 0 0.0504 510 798 766 1023 7 0.0503 578 799 838 1022 8 0.0502 501 457 751 698 0 0.0501 375 524 645 773
WezitdIPfmJwStxcVj1KOR1h7IMqS93p,5 0.0534 438 65 693 292 6 0.0529 513 587 778 822 11 0.0528 552 744 827 966 5 0.0521 511 586 769 817 8 0.0517 517 588 769 821 6 0.0512 449 71 705 293 13 0.0505 519 589 777 822 6 0.0505 418 732 771 914 11 0.0502 464 2 838 158 7 0.0501 519 588 777 822
NqiaaxXBNbngfoUR9bmFDg5jr1rBIu3Y,0 0.0650 246 714 501 958 5 0.0618 244 710 495 953 7 0.0611 248 713 500 956 11 0.0609 634 798 876 1018 8 0.0602 251 711 494 956 8 0.0601 639 796 873 1022 11 0.0600 323 681 690 848 0 0.0590 632 798 881 1023 5 0.0589 572 781 815 1008 11 0.0584 247 716 498 953 11 0.0582 185 598 448 834 8 0.0581 326 680 685 847 0 0.0578 323 680 697 851 7 0.0577 577 783 826 1010 7 0.0576 190 594 446 834 7 0.0570 334 680 697 848 5 0.0552 320 677 685 846 13 0.0551 330 682 704 849 13 0.0550 248 713 505 958 6 0.0548 250 716 503 956 8 0.0545 185 594 436 838 10 0.0536 243 719 499 953 0 0.0531 184 594 443 841 6 0.0528 400 685 757 854 3 0.0525 251 715 499 961 11 0.0520 450 522 702 755 3 0.0519 636 799 879 1023 10 0.0516 327 683 690 848 11 0.0515 238 459 490 689 13 0.0513 579 787 825 1014 6 0.0510 637 802 883 1022 5 0.0509 182 595 440 833
WxSdRCC8ooZTosLL6ygFaIZrsT2S8i8N,11 0.0638 241 336 511 578 11 0.0624 188 417 457 660 0 0.0613 318 262 584 497 5 0.0612 234 332 506 577 0 0.0609 184 350 448 584 0 0.0601 319 399 577 651 7 0.0597 387 322 651 581 11 0.0595 303 791 575 1007 5 0.0594 312 399 576 644 11 0.0593 314 262 591 492 8 0.0585 380 256 646 502 13 0.0582 388 324 656 578 11 0.0582 315 403 579 648 11 0.0574 183 261 450 492 8 0.0570 391 466 640 713 11 0.0569 384 15 648 250 10 0.0568 242 342 507 580 11 0.0568 387 470 650 709 0 0.0567 328 546 576 791 13 0.0566 189 352 453 587 11 0.0565 382 328 652 575 0 0.0564 384 320 648 581 11 0.0564 252 185 511 416 7 0.0563 248 334 511 581 7 0.0558 318 400 578 651 3 0.0556 451 336 708 601 6 0.0556 252 334 516 582 5 0.0553 377 322 646 572 7 0.0552 321 261 589 497 6 0.0550 447 272 714 514 13 0.0550 318 263 595 498 8 0.0547 392 10 634 252 3 0.0546 393 467 651 717 0 0.0545 391 465 650 716 6 0.0544 194 417 468 658 3 0.0544 311 787 573 1017 5 0.0544 309 261 583 491 11 0.0542 377 198 657 428 10 0.0542 317 265 589 494 0 0.0541 256 131 507 375 8 0.0541 269 82 507 317 11 0.0539 325 546 578 781 8 0.0539 247 790 492 1017 5 0.0539 380 462 647 707 5 0.0538 372 195 650 427 8 0.0536 250 265 504 505 0 0.0535 379 203 651 435 11 0.0535 263 83 517 318 10 0.0534 383 329 650 573 5 0.0533 246 180 503 412 7 0.0531 191 261 452 496 6 0.0530 249 791 500 1016 0 0.0529 252 669 519 910 8 0.0528 188 419 454 663 6 0.0527 390 395 651 657 8 0.0527 314 323 570 578 5 0.0524 179 420 455 657 13 0.0521 320 402 586 651 11 0.0520 304 692 578 911 3 0.0520 394 13 644 257 2 0.0520 383 328 650 574 3 0.0520 323 403 579 654 8 0.0519 449 336 702 597 3 0.0519 384 259 651 507 7 0.0518 247 788 507 1019 13 0.0517 260 187 516 419 10 0.0516 187 267 444 499 0 0.0516 255 468 513 714 10 0.0513 243 796 500 1012 13 0.0513 384 202 660 434 10 0.0511 316 410 578 643 7 0.0511 382 194 653 435 5 0.0509 178 260 441 491 3 0.0507 330 142 587 377 12 0.0507 387 321 652 576 7 0.0506 391 14 644 253 6 0.0505 261 183 513 418 6 0.0504 375 788 631 1012 11 0.0503 180 800 444 1015 0 0.0502 386 14 644 252 6 0.0501 325 265 595 493
a78OK14dXPnpWTS5txezpBQ8gygKtkC2,11 0.0660 563 528 805 768 7 0.0618 263 521 516 768 13 0.0607 569 530 815 768 8 0.0592 565 526 805 770 6 0.0589 568 528 809 773 11 0.0588 561 678 830 899 5 0.0581 561 523 803 770 11 0.0576 256 524 515 761 0 0.0575 568 676 833 905 11 0.0573 498 591 758 833 11 0.0573 383 587 638 838 0 0.0562 311 580 573 837 7 0.0561 571 523 811 773 8 0.0550 497 584 751 834 5 0.0546 252 521 515 764 7 0.0538 200 593 469 844 11 0.0537 642 604 883 829 8 0.0534 259 523 510 769 0 0.0533 498 585 761 835 10 0.0525 497 589 761 835 11 0.0521 556 806 821 1014 0 0.0520 636 542 884 781 2 0.0518 261 529 519 770 11 0.0517 191 596 467 838 3 0.0516 570 528 809 777 7 0.0515 502 586 760 834 5 0.0514 190 589 463 840 10 0.0512 260 532 515 767 6 0.0511 643 17 887 254 9 0.0503 500 586 760 830 0 0.0503 559 801 824 1016 11 0.0501 632 481 989 666
ZyaXVXMe31nPYUV81ZzE0fe2VAFnhkJu,7 0.0686 195 719 441 972 7 0.0681 261 783 503 1023 5 0.0646 255 779 496 1020 8 0.0631 261 780 495 1022 11 0.0624 192 725 440 967 11 0.0608 258 785 498 1021 0 0.0600 267 713 506 974 0 0.0599 185 664 437 907 13 0.0585 261 786 504 1023 8 0.0583 196 722 434 969 6 0.0570 266 718 512 970 11 0.0561 170 351 438 565 10 0.0559 193 728 439 968 10 0.0552 259 786 502 1021 3 0.0548 263 783 500 1023 3 0.0539 196 723 437 976 9 0.0533 256 786 499 1019 2 0.0531 260 788 502 1023 6 0.0526 187 669 444 905 1 0.0522 257 777 501 1023 2 0.0513 195 727 440 970 9 0.0501 191 726 438 967
Onmv6tXPtFh6T1nnah0g4eZKfV7E9fxb,8 0.0673 187 785 434 1023 5 0.0665 119 715 368 954 5 0.0661 180 784 434 1021 8 0.0649 124 718 366 954 7 0.0648 122 716 369 957 0 0.0635 123 718 367 958 10 0.0630 121 721 370 954 7 0.0627 186 784 439 1023 11 0.0621 121 717 370 953 11 0.0603 182 787 437 1019 0 0.0598 186 787 437 1023 10 0.0584 184 792 438 1021 6 0.0577 123 719 373 953 13 0.0574 186 789 440 1023 6 0.0571 185 789 437 1023 3 0.0570 127 718 369 961 3 0.0540 187 784 437 1023 13 0.0538 122 720 374 957 2 0.0534 123 722 367 955 2 0.0530 184 791 436 1023 7 0.0521 251 324 512 556 9 0.0513 182 789 440 1022 1 0.0508 119 714 367 953 12 0.0508 122 715 371 955 9 0.0501 120 721 372 952
QEd5JJcLXlNGgeW2gf6CaBnbMdwfaqGj,8 0.0598 525 396 756 632 11 0.0583 175 406 434 641 8 0.0576 180 403 420 643 6 0.0569 527 339 773 577 11 0.0568 251 466 510 701 11 0.0568 239 346 500 579 0 0.0567 520 335 770 578 8 0.0564 245 346 483 578 11 0.0561 127 606 385 851 11 0.0556 570 346 825 566 6 0.0555 124 401 382 648 0 0.0554 255 466 510 706 8 0.0553 460 668 708 899 8 0.0551 57 411 308 652 5 0.0549 454 658 707 895 11 0.0548 60 413 316 646 0 0.0543 329 529 580 773 6 0.0542 133 602 387 857 0 0.0540 179 405 432 643 5 0.0539 311 652 566 872 5 0.0536 523 395 762 633 8 0.0535 525 266 754 515 0 0.0532 431 727 704 956 11 0.0532 463 440 701 674 7 0.0531 527 400 768 631 0 0.0530 461 441 709 680 0 0.0526 576 412 841 654 7 0.0524 180 407 436 641 13 0.0523 135 606 395 856 13 0.0522 276 541 526 777 3 0.0522 529 337 769 580 6 0.0519 250 394 509 636 0 0.0519 246 348 497 582 11 0.0518 315 718 570 939 8 0.0517 260 463 495 700 5 0.0516 62 411 312 653 13 0.0515 328 661 583 880 3 0.0513 253 395 501 643 5 0.0512 250 708 510 933 7 0.0511 461 668 724 899 13 0.0510 182 406 441 646 11 0.0510 384 666 646 887 3 0.0509 462 670 713 904 6 0.0509 251 655 521 889 2 0.0508 123 404 379 651 7 0.0506 254 658 523 896 10 0.0505 58 416 316 648 5 0.0504 175 402 429 643 6 0.0504 320 719 576 941 0 0.0504 63 414 317 654 3 0.0504 583 409 835 658 8 0.0503 265 608 505 838 10 0.0503 525 342 768 574 5 0.0502 467 504 705 752 5 0.0501 188 607 431 851 13 0.0501 527 334 771 574
OqYSEdMzwdu7rLTlzqJvjrW91OqNxruK,0 0.0611 442 585 700 824 5 0.0598 334 607 693 795 11 0.0596 334 546 699 729 5 0.0596 494 659 756 891 3 0.0585 379 0 646 201 8 0.0585 499 659 754 893 5 0.0583 508 518 771 758 8 0.0578 323 670 680 857 11 0.0578 509 523 774 756 6 0.0577 517 520 778 760 0 0.0575 513 524 774 758 11 0.0571 320 671 690 854 11 0.0566 492 663 762 891 11 0.0563 375 0 647 195 6 0.0562 444 585 706 822 0 0.0561 498 665 762 895 8 0.0559 427 716 685 957 13 0.0557 517 523 779 758 5 0.0557 370 0 646 193 8 0.0555 514 519 767 758 0 0.0555 379 0 646 197 0 0.0553 315 588 573 835 8 0.0551 383 0 636 194 3 0.0543 332 669 689 861 11 0.0543 582 591 833 829 11 0.0542 323 391 568 639 7 0.0542 446 585 706 826 13 0.0541 333 669 697 858 7 0.0537 518 522 777 762 6 0.0536 501 661 762 892 8 0.0535 338 546 689 730 10 0.0532 338 549 696 730 3 0.0530 344 546 698 735 2 0.0527 339 550 698 731 0 0.0527 325 470 570 710 5 0.0527 184 388 432 626 10 0.0526 378 595 646 827 0 0.0522 426 713 694 958 5 0.0522 320 464 566 707 10 0.0521 496 664 760 890 5 0.0519 449 397 694 631 13 0.0517 204 331 435 572 3 0.0516 500 662 762 899 9 0.0515 439 584 706 817 13 0.0512 503 662 767 895 7 0.0511 460 403 705 636 5 0.0511 475 785 736 1016 11 0.0508 561 723 828 956 0 0.0506 296 78 561 323 13 0.0503 587 595 839 832 7 0.0502 499 660 764 897 7 0.0500 379 0 649 197
kwA55Ff6rtrypp0eeSYB5Db87TM8eeKk,11 0.0582 262 355 514 584 8 0.0573 265 354 505 589 11 0.0571 371 607 626 840 0 0.0563 375 602 630 841 0 0.0562 463 403 705 635 8 0.0558 310 546 564 777 0 0.0557 635 787 881 1020 5 0.0556 258 352 510 586 7 0.0546 266 354 518 588 0 0.0545 267 351 518 591 7 0.0543 325 272 591 510 8 0.0543 375 605 617 839 5 0.0541 318 268 585 507 11 0.0540 308 546 572 778 8 0.0540 460 401 697 633 11 0.0538 318 271 591 506 13 0.0535 266 355 521 591 7 0.0532 438 663 709 904 11 0.0532 701 794 954 1009 11 0.0530 425 669 704 907 5 0.0529 364 668 618 907 11 0.0529 456 402 709 632 6 0.0529 267 356 517 587 5 0.0528 694 786 943 1013 7 0.0526 701 789 949 1014 6 0.0521 312 548 577 775 8 0.0517 430 665 692 908 5 0.0515 453 394 707 629 0 0.0514 322 271 586 510 0 0.0514 433 664 705 908 8 0.0514 189 412 440 660 8 0.0513 640 788 873 1019 8 0.0511 317 272 578 511 7 0.0504 510 786 771 1019 10 0.0501 250 420 507 664
VH2Pu0RlfC3WXnQgJbRtQOfyGgfhYOTk,8 0.0636 132 458 377 696 0 0.0620 255 591 500 836 11 0.0617 182 533 435 754 8 0.0607 187 534 430 759 3 0.0603 326 207 574 442 6 0.0601 134 459 381 694 0 0.0596 135 458 380 696 6 0.0593 186 532 436 754 0 0.0587 314 654 573 890 11 0.0584 131 461 379 691 0 0.0581 184 530 435 763 7 0.0580 321 202 575 437 7 0.0571 124 530 387 759 11 0.0566 254 596 498 828 0 0.0565 124 594 375 828 7 0.0562 186 596 426 830 8 0.0561 126 588 363 824 5 0.0560 379 266 625 507 5 0.0557 123 526 383 751 11 0.0555 387 472 646 706 11 0.0552 384 595 644 826 5 0.0551 312 199 570 433 8 0.0550 258 594 490 831 11 0.0549 182 209 451 440 8 0.0545 387 270 625 507 7 0.0544 189 249 453 502 11 0.0544 384 272 634 502 7 0.0542 390 268 636 510 11 0.0541 310 137 573 350 8 0.0541 318 206 565 434 5 0.0540 380 585 637 828 3 0.0540 391 468 647 716 7 0.0534 390 464 652 713 3 0.0529 394 274 630 515 5 0.0529 377 137 629 360 8 0.0529 457 218 697 452 5 0.0528 311 649 570 888 5 0.0527 380 460 641 701 8 0.0527 315 651 566 883 8 0.0525 385 144 626 361 13 0.0524 139 461 390 696 0 0.0523 319 205 572 436 3 0.0523 190 534 434 763 13 0.0523 388 271 641 503 3 0.0522 191 252 448 505 10 0.0522 187 537 433 755 0 0.0520 381 593 641 831 13 0.0519 187 537 440 758 8 0.0518 390 469 635 708 0 0.0518 185 252 449 500 13 0.0518 320 588 575 823 6 0.0517 390 272 637 509 5 0.0517 182 245 447 495 8 0.0516 383 591 635 826 10 0.0516 131 462 384 694 11 0.0514 452 218 707 446 7 0.0511 461 218 710 453 3 0.0510 260 600 500 840 7 0.0509 317 588 573 827 0 0.0509 387 468 646 709 6 0.0508 388 596 649 827 5 0.0506 254 590 499 831 11 0.0503 126 596 369 820 6 0.0502 389 471 654 706 8 0.0502 187 203 440 442 10 0.0502 259 602 498 832 3 0.0501 131 596 372 828 3 0.0500 137 462 377 700
wtnCnUJYQ32gm9vczvWqvnPNaPiBLEUG,11 0.0591 297 404 554 637 6 0.0587 302 404 555 640 7 0.0563 303 400 558 638 7 0.0559 185 333 431 569 5 0.0555 292 326 553 570 6 0.0551 247 337 492 569 11 0.0548 241 340 493 566 3 0.0542 243 338 486 574 11 0.0541 242 465 494 703 5 0.0537 239 393 487 633 8 0.0531 304 403 545 636 5 0.0531 180 328 423 570 3 0.0530 305 403 552 642 11 0.0528 367 532 635 760 3 0.0527 371 345 633 580 8 0.0522 367 474 621 700 6 0.0521 248 466 494 709 0 0.0520 245 336 491 566 13 0.0519 430 471 694 704 13 0.0513 249 336 500 570 13 0.0512 441 336 700 578 6 0.0509 368 469 634 701 11 0.0508 362 346 634 575 6 0.0508 370 341 633 574 5 0.0506 174 449 426 695 5 0.0503 236 263 479 495 0 0.0501 300 402 554 637 5 0.0500 302 455 553 697
mYaPP4VMxZMfiTy1SNiCfVdMNRo2PMs1,11 0.0593 370 401 636 629 11 0.0573 310 338 571 568 7 0.0570 383 454 643 691 7 0.0559 448 515 705 753 11 0.0556 450 460 713 688 11 0.0546 371 516 630 750 8 0.0540 443 518 694 751 5 0.0523 425 0 690 206 8 0.0520 377 457 632 692 7 0.0518 315 583 578 823 0 0.0517 305 445 574 691 11 0.0515 511 527 775 756 5 0.0514 440 514 698 753 0 0.0512 443 519 700 754 13 0.0511 516 522 782 766 7 0.0505 387 341 642 581 11 0.0503 310 208 579 443 8 0.0503 314 206 572 448 0 0.0502 318 281 579 518 3 0.0501 449 520 703 760 13 0.0500 378 508 636 753
fjbXzHFAjQgvD6gbgQFtkNJa5u3lXRVT,0 0.0576 433 393 704 629 0 0.0570 553 400 819 639 6 0.0554 438 396 705 630 13 0.0551 390 328 650 546 5 0.0531 305 255 571 481 3 0.0527 321 342 578 563 7 0.0521 440 390 707 627 7 0.0520 319 340 580 558 5 0.0519 254 324 504 551 11 0.0516 306 264 580 480 5 0.0515 356 349 703 534 5 0.0513 548 389 810 638 6 0.0511 318 345 580 558 8 0.0506 317 344 567 556 13 0.0505 439 394 709 627
cu5IOUAAfnVSxS9wYXW98kO5OtKgxI8t,14 1.0 0 0 1 1
ID8h67PLsFmEAFn4g4qUKfJSdabYU152,11 0.0636 249 285 500 517 11 0.0627 436 412 692 647 0 0.0623 247 329 498 560 11 0.0610 301 417 575 634 8 0.0600 305 413 566 639 11 0.0587 382 269 635 510 11 0.0575 508 332 749 572 5 0.0574 302 408 571 637 8 0.0573 438 411 686 655 7 0.0571 440 408 695 648 0 0.0571 438 412 693 654 5 0.0562 192 319 441 561 5 0.0560 436 403 689 648 7 0.0559 321 338 568 569 11 0.0557 570 415 814 646 6 0.0551 440 413 699 649 3 0.0549 443 414 696 656 2 0.0548 437 416 694 652 3 0.0547 204 278 450 524 0 0.0544 263 154 520 405 8 0.0543 257 280 493 516 11 0.0542 261 154 525 402 3 0.0542 321 340 563 573 0 0.0535 573 415 814 651 6 0.0531 306 416 579 635 11 0.0530 179 403 440 631 5 0.0527 572 277 818 511 13 0.0525 447 336 703 576 13 0.0525 321 341 569 571 7 0.0522 512 330 757 569 0 0.0521 309 414 574 639 3 0.0519 388 273 636 516 6 0.0518 206 279 452 519 8 0.0515 572 338 811 569 7 0.0513 197 321 450 562 2 0.0510 512 284 758 506 10 0.0510 252 286 497 516 5 0.0509 506 325 746 568 8 0.0509 74 325 319 559 10 0.0509 317 344 561 566 7 0.0506 389 269 638 510 0 0.0504 384 272 636 515 13 0.0501 578 419 820 649 11 0.0501 570 279 822 508
CqaXXggVpxzyZni6u6SHZLw5D06k7YOa,5 0.0673 385 588 636 827 11 0.0638 386 593 639 825 0 0.0617 380 654 635 897 8 0.0604 384 656 634 895 3 0.0599 384 656 639 899 0 0.0598 388 530 640 766 11 0.0596 432 397 692 625 11 0.0595 382 321 647 550 11 0.0594 389 462 635 694 6 0.0587 392 591 644 826 8 0.0586 642 226 882 453 10 0.0577 388 594 640 824 8 0.0573 320 591 569 825 8 0.0572 263 313 497 562 11 0.0567 307 727 572 952 13 0.0567 388 655 643 898 5 0.0567 313 518 567 764 5 0.0565 517 325 759 564 11 0.0564 517 335 761 567 13 0.0563 323 589 585 829 7 0.0562 385 658 641 894 7 0.0562 389 392 638 634 5 0.0561 303 718 566 952 7 0.0560 390 532 643 765 0 0.0559 318 585 576 827 3 0.0559 320 589 576 830 5 0.0554 435 389 691 625 0 0.0549 385 396 636 634 8 0.0548 521 332 754 570 11 0.0548 315 519 572 761 5 0.0546 389 457 633 695 5 0.0545 623 339 869 577 7 0.0545 319 588 581 825 11 0.0544 322 386 579 628 11 0.0543 640 229 890 450 2 0.0543 382 661 638 895 8 0.0542 381 258 640 484 0 0.0542 308 715 570 959 5 0.0540 321 309 573 561 8 0.0539 622 342 871 577 13 0.0538 318 722 578 961 0 0.0537 321 455 566 699 3 0.0536 388 534 642 767 7 0.0533 449 330 706 565 0 0.0530 519 336 764 571 11 0.0528 247 578 506 815 8 0.0528 389 533 634 764 0 0.0527 328 318 575 563 11 0.0527 320 261 583 491 9 0.0526 388 593 641 822 7 0.0525 628 342 879 577 13 0.0524 390 320 653 560 11 0.0524 627 346 877 576 6 0.0523 447 334 710 562 0 0.0522 623 346 878 580 8 0.0522 312 719 565 957 6 0.0522 628 345 881 576 3 0.0522 444 398 694 631 7 0.0521 332 309 576 561 5 0.0517 644 143 891 389 13 0.0515 390 532 648 768 8 0.0514 329 385 567 630 10 0.0512 392 466 633 694 10 0.0511 250 575 503 816 4 0.0508 382 662 641 896 6 0.0507 329 313 576 560 3 0.0506 523 333 764 576 13 0.0505 519 338 771 570 2 0.0505 389 536 641 761 3 0.0504 328 318 570 570 5 0.0503 433 18 699 245 12 0.0503 382 655 639 895
kELP7roR7VpQ6q0AXyHwyO51y6TXH161,0 0.0622 182 387 436 625 11 0.0617 180 389 440 619 5 0.0595 175 382 439 621 8 0.0586 173 459 424 699 0 0.0582 204 248 452 492 3 0.0574 245 515 491 760 11 0.0566 218 148 395 532 5 0.0562 234 510 492 755 8 0.0559 207 250 444 486 11 0.0553 237 518 496 757 6 0.0543 186 386 441 625 13 0.0536 172 463 434 706 13 0.0534 208 252 459 494 8 0.0532 242 515 487 757 0 0.0530 180 0 580 146 8 0.0525 191 0 564 144 0 0.0523 238 515 491 758 7 0.0522 376 785 632 1004 10 0.0519 217 151 393 542 11 0.0517 184 20 451 256 7 0.0517 183 384 440 624 8 0.0514 249 81 494 319 10 0.0513 167 465 429 698 5 0.0512 92 461 368 702 11 0.0512 369 790 624 999 0 0.0508 185 21 450 261 6 0.0507 254 78 513 316 11 0.0507 438 713 688 932 11 0.0506 182 0 584 143 7 0.0506 224 141 397 540 0 0.0506 375 710 626 941 5 0.0505 194 248 452 486 3 0.0502 184 389 437 628 6 0.0502 209 251 458 491
8So08wTFWqTe1uFVQmbLGCU7dBXK87rQ,11 0.0568 377 335 652 562 6 0.0560 436 393 715 642 11 0.0557 311 406 582 648 3 0.0552 380 336 656 571 11 0.0552 430 397 713 637 8 0.0551 432 396 701 637 0 0.0543 432 396 710 641 5 0.0538 429 390 708 638 7 0.0528 435 395 718 637 13 0.0523 430 399 719 640 7 0.0522 440 277 698 500 8 0.0512 320 403 576 648 0 0.0507 319 408 583 650 6 0.0502 318 405 593 649
V7mFdcsnMkICEhgIdCu8oYMrisYe5ynT,11 0.0635 558 340 812 573 8 0.0620 377 585 631 832 7 0.0617 566 340 810 579 0 0.0608 494 346 735 581 3 0.0604 499 350 736 582 5 0.0596 555 333 807 574 8 0.0595 497 343 730 580 11 0.0589 293 584 572 831 5 0.0587 492 261 734 505 11 0.0583 492 271 739 504 5 0.0582 291 569 570 829 5 0.0578 542 199 810 442 7 0.0574 298 579 578 837 6 0.0566 498 351 740 576 0 0.0558 373 582 639 841 7 0.0557 499 268 739 507 3 0.0556 551 271 807 514 8 0.0556 631 343 866 581 13 0.0555 570 586 843 833 3 0.0551 298 580 570 839 13 0.0551 378 587 645 837 13 0.0547 496 348 742 578 8 0.0546 546 265 797 505 6 0.0544 297 580 579 832 2 0.0543 496 352 735 579 0 0.0541 493 216 747 447 10 0.0541 296 585 574 831 0 0.0537 568 149 830 378 10 0.0529 498 271 739 506 7 0.0525 569 582 840 836 2 0.0517 300 587 574 833 6 0.0509 640 344 881 578 11 0.0507 560 586 834 831 10 0.0507 562 343 807 574 7 0.0501 546 206 816 445
ZSmH5UnRepsfjNTHOOfVuOodrIV7AEe8,0 0.0691 633 345 889 576 0 0.0688 634 458 891 696 5 0.0657 634 453 887 693 5 0.0648 191 175 445 429 11 0.0646 318 271 591 508 11 0.0643 635 455 886 697 0 0.0643 329 185 595 438 0 0.0641 268 64 519 306 8 0.0639 272 66 512 304 8 0.0633 641 454 882 696 2 0.0632 578 408 821 640 11 0.0629 397 133 647 368 0 0.0628 571 404 821 641 7 0.0627 260 129 519 384 0 0.0624 564 291 824 520 8 0.0623 575 404 816 639 8 0.0621 181 326 424 577 5 0.0621 571 397 819 638 5 0.0619 172 326 433 571 7 0.0617 516 339 757 572 5 0.0616 506 330 750 569 5 0.0616 245 260 510 507 8 0.0615 323 265 581 509 6 0.0615 258 185 515 442 11 0.0615 455 216 706 437 3 0.0615 260 133 519 385 0 0.0615 504 229 760 444 11 0.0613 258 135 515 380 0 0.0612 442 527 703 767 5 0.0611 320 183 596 436 7 0.0610 578 402 823 642 0 0.0609 719 394 968 637 8 0.0608 509 337 751 570 2 0.0608 512 342 755 570 5 0.0607 448 209 700 435 6 0.0607 648 343 895 573 7 0.0606 450 524 711 762 8 0.0603 398 128 639 371 8 0.0603 454 215 700 438 0 0.0599 643 585 895 815 11 0.0599 241 343 505 579 0 0.0597 254 262 509 509 0 0.0597 181 326 433 574 6 0.0593 189 400 441 647 13 0.0592 256 188 519 443 8 0.0592 375 386 623 619 3 0.0592 581 404 821 644 13 0.0591 578 404 826 639 11 0.0591 509 283 767 505 8 0.0591 254 190 508 439 7 0.0590 332 187 599 440 7 0.0589 179 326 436 572 7 0.0589 124 398 372 632 3 0.0589 333 184 596 441 0 0.0587 317 332 570 578 5 0.0586 461 541 838 727 11 0.0584 184 258 444 498 10 0.0582 638 459 886 696 8 0.0582 119 399 362 639 13 0.0581 251 338 510 578 5 0.0580 111 401 371 631 11 0.0579 184 402 443 644 5 0.0578 633 339 888 573 10 0.0578 320 271 591 510 11 0.0578 637 345 893 575 13 0.0578 402 129 652 367 10 0.0578 573 405 820 639 3 0.0577 571 294 828 524 11 0.0577 720 393 968 636 6 0.0577 573 292 831 517 0 0.0576 120 403 370 637 13 0.0576 192 400 448 646 0 0.0574 387 1 650 193 6 0.0574 579 404 824 641 11 0.0573 509 522 766 759 2 0.0573 643 462 890 698 0 0.0572 200 176 446 431 7 0.0572 638 339 895 577 13 0.0571 642 457 893 696 13 0.0570 515 520 770 760 7 0.0570 252 263 513 512 10 0.0570 268 68 521 301 8 0.0569 379 590 635 830 8 0.0567 512 517 761 757
vfZ0JQlfubJyqxykhUVWFP9iW3rt4laV,5 0.0652 235 384 497 638 11 0.0624 312 397 571 634 0 0.0610 317 394 567 635 11 0.0592 238 454 506 700 11 0.0588 442 406 695 630 8 0.0583 315 395 561 634 0 0.0582 442 402 690 633 3 0.0581 314 395 568 642 6 0.0581 316 398 570 637 7 0.0577 317 393 569 635 7 0.0573 245 454 504 702 10 0.0570 314 400 569 635 5 0.0568 328 412 691 598 3 0.0565 241 457 502 708 6 0.0554 244 454 505 703 10 0.0546 241 457 502 702 0 0.0537 246 456 502 702 7 0.0536 447 402 698 633 2 0.0535 244 392 495 641 13 0.0532 243 389 506 645 8 0.0526 243 454 494 703 13 0.0514 344 413 704 601 9 0.0512 382 400 632 630 12 0.0511 318 396 569 636 9 0.0505 237 392 500 635
Z92FucCEv326KqSZkSwoHyEwk85zZLNG,11 0.0680 315 262 570 487 5 0.0673 625 398 877 624 11 0.0670 431 267 687 495 11 0.0643 625 403 878 623 3 0.0640 318 262 570 497 5 0.0629 508 525 765 775 0 0.0626 628 400 878 626 11 0.0621 239 346 494 576 11 0.0616 570 519 828 760 8 0.0615 629 401 875 626 8 0.0609 435 266 682 495 8 0.0607 318 262 563 491 3 0.0601 369 398 631 638 5 0.0599 244 264 499 503 8 0.0599 242 344 485 582 7 0.0596 501 466 760 716 5 0.0595 361 397 626 632 7 0.0593 438 266 690 495 0 0.0592 436 266 689 494 10 0.0592 628 404 880 623 0 0.0587 569 519 828 763 7 0.0586 370 401 629 637 11 0.0585 449 540 707 772 3 0.0585 454 538 707 782 7 0.0582 630 400 882 625 8 0.0581 367 402 620 633 3 0.0579 438 267 687 500 5 0.0574 302 514 559 761 13 0.0567 632 403 882 624 8 0.0566 302 460 556 706 5 0.0565 565 596 832 829 11 0.0564 249 206 503 434 8 0.0564 569 516 824 762 0 0.0563 382 590 636 832 2 0.0563 498 473 758 715 6 0.0562 631 405 880 626 3 0.0562 632 401 879 629 11 0.0562 297 409 570 645 7 0.0562 319 261 572 493 5 0.0561 431 259 686 493 0 0.0559 449 539 706 777 13 0.0558 438 269 692 495 6 0.0557 571 520 833 763 5 0.0557 376 584 634 832 11 0.0557 373 471 631 702 3 0.0557 242 342 487 587 13 0.0557 369 400 634 635 10 0.0555 495 468 760 712 2 0.0554 240 422 492 651 13 0.0551 500 467 762 717 13 0.0551 320 264 579 490 0 0.0549 300 403 566 647 3 0.0549 253 204 502 444 6 0.0548 321 264 574 488 3 0.0548 574 518 828 767 6 0.0547 451 539 711 775 7 0.0547 191 519 443 762 13 0.0546 383 524 634 778 8 0.0544 187 211 429 451 6 0.0543 439 268 689 493 3 0.0543 307 459 565 712 7 0.0542 244 342 496 582 2 0.0542 633 473 884 690 8 0.0540 178 468 422 711 3 0.0540 385 586 634 838 5 0.0538 231 413 494 651 0 0.0537 306 518 564 766 7 0.0536 309 458 568 710 6 0.0536 304 403 572 645 6 0.0534 309 519 566 763 11 0.0533 381 590 633 828 11 0.0533 180 472 430 713 0 0.0532 320 260 573 492 2 0.0531 369 404 624 631 13 0.0531 254 206 510 439 7 0.0530 257 202 502 436 0 0.0530 375 466 629 707 6 0.0529 377 468 634 703 8 0.0528 451 538 698 777 10 0.0527 368 404 630 630 0 0.0526 187 520 439 766 9 0.0519 362 401 628 628 7 0.0518 386 588 638 836 13 0.0514 308 455 568 707 7 0.0513 514 594 779 833
jzKc5PyYhOiKJerd5GdMnFaDVmlXRJFM,11 0.0608 379 335 641 569 8 0.0588 381 334 631 570 0 0.0582 519 280 764 518 11 0.0575 447 144 718 371 8 0.0572 521 276 758 516 0 0.0571 379 334 639 573 8 0.0569 450 140 713 375 0 0.0567 386 135 650 367 13 0.0560 388 129 658 363 5 0.0558 374 329 636 571 11 0.0557 516 279 766 510 7 0.0555 385 333 642 572 3 0.0547 452 142 716 381 0 0.0546 512 149 761 380 11 0.0544 326 142 591 375 0 0.0543 152 149 523 335 8 0.0542 187 85 440 322 11 0.0541 411 481 760 655 13 0.0534 383 336 647 573 5 0.0533 378 127 645 363 6 0.0533 255 130 516 375 5 0.0531 514 276 759 511 3 0.0530 381 335 639 577 3 0.0530 516 215 761 460 10 0.0530 377 338 642 572 2 0.0529 450 149 720 373 13 0.0527 185 82 456 326 5 0.0525 504 144 760 375 6 0.0525 386 335 647 571 11 0.0525 251 64 523 309 8 0.0524 328 145 578 376 0 0.0523 413 480 758 660 7 0.0522 420 477 763 659 13 0.0519 242 202 513 448 2 0.0516 331 147 586 376 11 0.0515 382 65 648 305 11 0.0515 204 285 573 463 8 0.0512 410 483 746 658 8 0.0509 576 87 820 326 6 0.0506 455 143 724 371 11 0.0506 184 3 461 198 10 0.0505 384 133 649 366 6 0.0505 526 278 768 511 0 0.0503 579 88 828 327 5 0.0501 203 83 566 278 10 0.0501 216 158 584 342
2AKjvkK821qXQD8pDn3wClzbxQIn7aqd,0 0.0626 0 526 251 772 6 0.0624 1 530 256 771 0 0.0611 774 469 1023 710 5 0.0607 3 589 251 836 5 0.0603 304 199 563 452 11 0.0594 592 407 855 634 8 0.0589 5 527 246 768 11 0.0584 0 531 256 763 0 0.0579 636 467 901 699 8 0.0579 391 125 632 371 0 0.0577 308 205 568 458 0 0.0577 386 121 642 375 7 0.0575 11 592 256 841 11 0.0575 778 469 1023 703 5 0.0574 387 60 631 309 13 0.0572 1 530 259 767 11 0.0572 378 201 645 449 5 0.0570 56 677 429 857 10 0.0569 379 202 645 451 8 0.0564 312 209 562 453 11 0.0563 343 351 715 526 13 0.0556 646 394 911 639 13 0.0556 389 123 648 377 11 0.0556 452 135 702 371 5 0.0555 585 404 847 635 11 0.0555 707 390 979 626 6 0.0555 380 202 642 452 3 0.0553 388 123 641 382 0 0.0553 636 329 892 574 5 0.0552 450 127 696 370 7 0.0551 459 359 833 536 13 0.0549 781 472 1023 712 13 0.0547 312 207 571 460 11 0.0546 313 145 567 387 8 0.0543 636 329 884 575 5 0.0543 338 347 705 526 6 0.0542 455 130 702 372 5 0.0537 780 392 1023 643 11 0.0537 235 459 499 692 6 0.0536 319 141 569 390 6 0.0534 786 472 1023 707 0 0.0534 454 359 829 536 0 0.0532 67 677 438 860 7 0.0530 380 202 646 452 2 0.0529 316 145 566 388 0 0.0529 709 391 973 634 11 0.0526 699 538 973 760 10 0.0526 317 144 570 390 11 0.0525 294 524 548 757 11 0.0524 391 71 639 311 7 0.0523 319 142 569 390 8 0.0523 638 470 888 696 6 0.0522 395 66 640 309 7 0.0520 242 458 495 694 3 0.0520 354 350 714 531 5 0.0518 390 413 766 596 2 0.0517 383 202 644 449 10 0.0514 7 598 253 836 10 0.0514 450 361 830 536 3 0.0513 464 73 709 318 6 0.0512 645 472 906 694 13 0.0512 456 359 837 536 3 0.0510 11 594 251 845 10 0.0509 454 134 700 372 8 0.0508 63 678 424 856 8 0.0507 239 456 484 691 13 0.0507 239 462 500 697 11 0.0507 58 680 446 854 5 0.0507 286 523 538 758 6 0.0507 74 680 436 857 8 0.0507 350 353 703 525 6 0.0507 646 333 895 571 0 0.0506 467 484 838 664 2 0.0505 8 601 256 838 8 0.0505 308 393 546 640 7 0.0504 478 482 841 660 0 0.0503 696 530 968 766 3 0.0503 594 406 851 644 10 0.0501 293 528 544 759 7 0.0501 396 69 644 311
eyKV6VeEPXDx5kmYWqOHGzD3BM0bSN3h,11 0.0610 500 393 758 639 13 0.0599 371 330 638 582 11 0.0599 355 401 629 648 8 0.0592 305 268 557 506 8 0.0591 502 390 751 644 8 0.0589 369 328 623 580 11 0.0586 299 266 566 503 13 0.0586 303 400 574 647 5 0.0584 298 260 561 505 5 0.0582 295 389 564 644 8 0.0582 304 398 560 643 0 0.0575 498 395 755 645 11 0.0574 253 399 505 643 7 0.0573 186 467 437 711 8 0.0568 190 462 425 712 5 0.0566 183 328 441 577 3 0.0561 373 330 631 586 7 0.0559 507 391 758 643 3 0.0558 306 269 564 510 13 0.0558 515 325 765 568 6 0.0557 504 393 760 642 6 0.0557 371 330 634 581 7 0.0556 373 263 631 506 5 0.0552 507 317 755 565 3 0.0550 300 400 567 648 8 0.0548 358 471 621 722 0 0.0547 371 328 634 580 5 0.0546 367 324 626 579 6 0.0545 307 263 567 507 13 0.0540 251 269 505 519 2 0.0540 513 329 760 566 8 0.0540 105 0 364 196 3 0.0538 516 326 757 575 8 0.0536 518 256 751 500 8 0.0535 196 333 431 587 0 0.0527 617 806 884 1023 0 0.0525 305 264 566 506 13 0.0523 359 473 635 721 7 0.0522 105 0 380 198 10 0.0522 370 332 636 580 7 0.0521 301 396 572 646 6 0.0517 441 294 797 472 11 0.0517 556 802 805 1021 3 0.0514 359 469 627 728 10 0.0512 303 269 565 504 6 0.0512 302 397 571 644 8 0.0511 566 595 802 842 0 0.0510 565 595 808 846 13 0.0507 113 0 383 200 11 0.0505 253 72 514 296 0 0.0504 276 137 521 376 2 0.0502 372 337 630 579 11 0.0501 432 293 800 471 0 0.0500 301 395 569 643
5zFzLTmtVRxgBaa8YbrmjPAr6jKH3LKZ,8 0.0616 572 338 814 579 11 0.0572 567 340 825 576 8 0.0558 388 0 647 189 8 0.0558 233 1 502 190 5 0.0553 380 0 655 186 5 0.0548 225 0 503 188 6 0.0544 576 340 829 578 11 0.0530 227 3 514 187 5 0.0530 563 337 818 576 0 0.0528 572 343 825 578 13 0.0524 572 342 832 578 3 0.0519 394 0 655 196 10 0.0510 567 342 825 578 7 0.0508 142 668 520 841 6 0.0506 234 0 508 190
NTRLCWTInTrAgDdNMAP8VpSnde86EG1R,8 0.0596 566 596 813 836 0 0.0594 489 723 752 973 0 0.0594 374 600 633 844 5 0.0594 560 593 815 834 0 0.0588 440 531 700 769 11 0.0584 373 735 624 974 7 0.0578 442 726 693 977 11 0.0575 318 337 585 575 11 0.0575 372 534 648 769 0 0.0574 562 595 820 840 5 0.0568 372 598 629 840 11 0.0566 547 664 814 899 7 0.0562 378 600 635 842 8 0.0561 377 599 626 838 8 0.0559 443 725 681 974 11 0.0559 439 466 704 694 13 0.0554 566 597 824 839 5 0.0550 301 518 569 765 0 0.0548 378 728 623 985 7 0.0547 310 520 578 765 0 0.0546 310 519 576 767 0 0.0545 692 814 953 1023 3 0.0544 372 667 630 910 11 0.0543 481 729 751 964 11 0.0541 310 461 577 699 5 0.0540 372 729 618 973 10 0.0537 439 732 688 970 10 0.0535 375 601 632 839 3 0.0535 554 663 816 907 7 0.0534 570 594 818 837 0 0.0533 378 459 644 704 5 0.0530 482 719 745 963 13 0.0529 384 735 628 983 10 0.0521 566 597 816 833 6 0.0518 376 601 637 840 7 0.0517 447 529 703 770 7 0.0517 385 458 649 705 11 0.0514 234 260 502 482 11 0.0513 624 546 875 776 5 0.0512 685 813 952 1020 6 0.0512 443 727 693 973 6 0.0512 629 546 881 776 5 0.0511 440 526 695 767 13 0.0508 327 337 590 583 11 0.0508 383 266 634 495 6 0.0503 620 656 884 891 5 0.0503 234 256 487 480 3 0.0503 324 337 582 587 8 0.0502 310 522 569 762 10 0.0502 442 531 698 765 13 0.0501 376 599 637 844
a9xlQ8BwJ0RzSia1K1aGImW2pMUppJqb,5 0.0639 536 790 790 1021 0 0.0624 541 793 793 1023 7 0.0619 545 794 798 1023 11 0.0617 502 736 748 962 10 0.0586 502 737 747 963 8 0.0586 545 792 788 1022 8 0.0585 16 415 252 649 0 0.0572 403 520 673 758 0 0.0555 15 417 262 648 8 0.0551 457 262 708 489 6 0.0550 441 728 696 961 3 0.0550 544 795 793 1023 11 0.0547 10 416 268 642 5 0.0538 381 327 637 555 0 0.0535 467 456 725 692 5 0.0535 505 336 755 562 7 0.0534 474 512 729 751 13 0.0534 546 797 799 1023 13 0.0532 524 461 777 688 13 0.0530 457 332 711 560 5 0.0529 449 260 711 486 13 0.0529 522 269 784 494 11 0.0527 395 451 671 687 9 0.0527 540 795 792 1018 11 0.0524 451 328 706 555 6 0.0524 21 418 267 642 2 0.0522 545 799 796 1023 11 0.0522 515 267 778 490 0 0.0521 386 391 658 625 5 0.0521 514 452 760 685 13 0.0520 409 524 675 752 10 0.0516 17 420 265 647 5 0.0515 10 412 259 645 1 0.0513 503 730 747 966 3 0.0513 20 417 263 653 5 0.0511 388 449 661 683 7 0.0509 459 332 707 557 7 0.0505 401 452 672 689 6 0.0504 523 271 787 492 11 0.0503 515 400 762 621 13 0.0503 395 391 661 628 13 0.0503 446 731 701 965 8 0.0503 580 516 817 750 7 0.0501 17 412 264 644 0 0.0501 458 268 715 492
YNbOvHyTqA86lypaN56rmdm7HlwZ0Nc4,11 0.0640 327 364 690 545 11 0.0637 0 0 239 214 5 0.0634 230 333 495 563 7 0.0620 339 364 693 549 8 0.0608 361 329 608 573 3 0.0606 364 326 615 580 5 0.0598 303 260 564 503 11 0.0597 255 293 626 473 0 0.0595 331 365 687 548 8 0.0589 493 273 744 513 5 0.0586 324 361 686 547 5 0.0586 493 268 745 512 0 0.0584 306 265 570 505 6 0.0570 311 268 571 505 0 0.0563 623 650 867 898 11 0.0554 494 275 752 508 0 0.0550 496 277 751 513 5 0.0550 625 646 866 894 13 0.0549 248 396 513 631 6 0.0546 632 650 867 895 0 0.0543 370 444 633 689 0 0.0539 240 204 500 442 13 0.0536 377 138 651 369 7 0.0536 500 273 754 516 11 0.0534 619 653 866 895 6 0.0534 500 276 757 511 10 0.0533 332 367 690 548 0 0.0533 235 336 500 568 5 0.0532 169 426 563 609 7 0.0531 263 290 628 475 6 0.0530 493 532 762 770 10 0.0528 306 273 565 505 7 0.0528 493 528 761 770 11 0.0527 486 588 758 825 3 0.0527 498 275 747 520 11 0.0525 368 446 634 683 0 0.0524 373 143 641 370 10 0.0523 372 142 642 369 8 0.0522 239 339 489 564 6 0.0522 298 383 566 622 3 0.0521 234 341 495 571 0 0.0521 483 531 758 773 13 0.0520 312 267 573 509 5 0.0520 367 131 637 371 2 0.0516 337 368 682 545 8 0.0515 487 529 752 771 11 0.0515 377 141 642 371 7 0.0514 245 395 510 628 13 0.0511 0 0 248 212 9 0.0511 306 268 565 499 2 0.0511 310 271 562 503 11 0.0510 237 403 508 626 10 0.0509 489 588 756 830 2 0.0507 499 281 753 511 1 0.0506 327 362 682 549 11 0.0506 435 521 698 752 0 0.0506 241 472 501 714 13 0.0505 498 273 755 512 10 0.0501 495 278 751 511 2 0.0501 237 343 496 564
wc9DPYgWFrJ0QtWC6PkAktGI5Hqqbq8B,8 0.0666 314 656 562 892 11 0.0664 402 673 778 851 11 0.0663 309 659 566 889 0 0.0652 314 654 565 895 7 0.0650 277 676 636 854 8 0.0630 128 685 485 857 0 0.0624 402 674 775 853 5 0.0617 249 659 500 890 0 0.0609 123 684 493 860 6 0.0601 254 661 504 888 8 0.0600 401 672 763 852 7 0.0597 184 660 444 883 7 0.0589 316 713 563 957 6 0.0583 404 675 777 853 5 0.0577 396 670 768 852 13 0.0574 256 659 508 893 11 0.0574 174 661 445 880 10 0.0572 199 681 565 856 8 0.0560 18 613 367 802 6 0.0557 315 716 562 953 3 0.0557 405 674 778 858 0 0.0553 14 616 378 804 0 0.0547 378 72 624 304 13 0.0546 316 717 567 956 7 0.0546 377 70 626 305 3 0.0543 206 680 567 860 13 0.0537 408 674 783 853 5 0.0537 374 68 622 298 1 0.0534 308 653 564 892 11 0.0531 374 70 627 301 10 0.0530 401 675 774 852 2 0.0526 399 676 778 854 2 0.0521 254 664 503 891 9 0.0504 251 660 502 889 4 0.0504 267 679 642 855 12 0.0501 274 677 637 855
r5mzIUCSh7QNtKcXy1i0hpy59yJH2etJ,8 0.0599 0 157 244 391 0 0.0568 0 159 255 390 11 0.0546 0 158 255 388 7 0.0540 307 467 576 713 11 0.0535 313 400 578 617
X73Q8MkUHP02McARNocwtJ7oY0dswJQ7,0 0.0612 0 2 256 223 5 0.0611 190 133 444 379 8 0.0608 138 0 381 205 8 0.0598 195 133 439 381 11 0.0581 193 143 450 373 11 0.0579 184 32 423 258 0 0.0575 135 1 386 211 0 0.0567 192 141 446 381 5 0.0563 617 398 893 631 5 0.0559 123 19 369 250 7 0.0550 567 396 830 630 8 0.0545 574 334 819 562 10 0.0542 196 146 447 381 3 0.0531 188 29 417 261 13 0.0531 196 138 457 381 5 0.0529 572 324 819 567 8 0.0527 49 24 301 267 3 0.0526 199 135 449 385 0 0.0521 332 143 577 373 0 0.0520 256 61 497 300 11 0.0518 572 336 830 556 11 0.0516 343 288 706 460 11 0.0509 70 1 325 210 10 0.0509 49 34 306 267 0 0.0508 255 209 501 436 0 0.0507 561 400 826 629 7 0.0504 592 282 830 508 8 0.0503 620 400 888 631 8 0.0502 348 288 686 460 11 0.0500 331 146 582 372
gYjWvBBT3B0WCGtXFnmNOTLJmYL4xGfd,8 0.0645 119 718 354 947 7 0.0630 123 720 363 949 5 0.0604 184 723 434 943 11 0.0586 188 722 441 945 8 0.0583 268 732 507 963 13 0.0581 117 720 372 950 0 0.0581 191 721 441 952 6 0.0573 119 721 366 950 7 0.0572 270 735 518 966 10 0.0558 185 731 441 947 0 0.0542 362 523 621 758 11 0.0539 124 656 379 877 3 0.0519 190 722 439 953 0 0.0510 125 652 377 884 11 0.0500 305 452 583 675
ZfZ3YTN1LhWFxYmjcTEKh8FxUj2BEdrT,11 0.0565 379 145 629 380 11 0.0565 449 213 700 444 11 0.0557 554 530 805 758 0 0.0550 383 213 633 444 8 0.0550 448 211 693 443 8 0.0547 561 528 798 760 3 0.0541 454 214 692 451 7 0.0537 570 452 817 692 5 0.0537 380 266 632 499 5 0.0534 508 148 752 389 5 0.0532 446 207 691 444 8 0.0531 388 336 639 571 0 0.0530 440 332 693 561 2 0.0530 389 278 636 504 5 0.0529 563 446 808 685 7 0.0528 454 216 697 448 11 0.0528 441 458 691 694 7 0.0525 450 330 694 562 5 0.0524 442 325 687 558 0 0.0524 503 459 747 699 13 0.0523 384 138 639 379 0 0.0521 505 219 754 443 5 0.0520 310 196 563 439 13 0.0520 303 399 579 648 0 0.0519 557 529 805 764 2 0.0519 454 219 696 445 7 0.0517 447 457 691 697 3 0.0517 449 332 689 567 8 0.0517 383 141 623 381 10 0.0516 452 219 698 442 5 0.0515 316 326 572 568 11 0.0515 386 270 642 502 11 0.0515 320 520 580 767 11 0.0514 298 405 572 640 0 0.0511 315 136 568 381 7 0.0511 505 527 754 757 5 0.0509 375 137 619 377 6 0.0507 505 462 753 695 13 0.0506 565 530 813 762 3 0.0506 518 154 753 398 2 0.0506 448 338 692 561 8 0.0503 315 202 567 441 5 0.0501 245 264 499 501 7 0.0501 384 391 642 632
gkajRmYuTvLAaYoSDv45t1fAWPzL79TF,8 0.0624 509 585 760 827 8 0.0615 507 399 766 642 6 0.0603 384 527 638 767 11 0.0594 368 583 628 828 0 0.0594 506 583 765 832 8 0.0594 444 520 689 767 11 0.0591 502 586 763 824 6 0.0583 507 583 766 827 5 0.0581 506 579 763 827 7 0.0579 446 517 696 769 11 0.0577 448 398 709 636 11 0.0572 440 520 694 763 0 0.0571 507 399 774 644 8 0.0568 439 655 694 906 7 0.0568 510 582 766 831 3 0.0558 509 587 765 837 11 0.0555 432 658 698 902 13 0.0554 442 656 706 907 5 0.0552 441 514 692 766 7 0.0552 443 656 702 907 0 0.0552 435 655 702 905 8 0.0551 316 535 564 770 11 0.0549 511 328 773 574 3 0.0547 447 522 696 774 13 0.0547 508 586 771 830 8 0.0545 587 281 831 512 10 0.0544 444 519 696 766 5 0.0543 434 651 699 904 5 0.0538 506 396 769 641 11 0.0535 234 470 492 703 7 0.0531 378 583 627 833 3 0.0529 440 657 702 911 6 0.0529 441 655 704 903 10 0.0527 506 584 767 828 0 0.0525 441 518 695 768 7 0.0525 454 396 715 642 10 0.0519 449 404 711 639 13 0.0516 443 520 702 769 0 0.0515 520 277 774 521 10 0.0515 374 583 626 829 12 0.0511 446 517 692 767 12 0.0508 510 582 764 829 8 0.0507 365 711 617 959 6 0.0504 452 402 713 637 2 0.0504 439 589 691 838 5 0.0503 360 707 622 959 10 0.0503 508 337 779 579
zK5uoQHIffBe35RCK6eJlKuCjOTh1I8p,5 0.0626 146 870 495 1020 11 0.0625 445 784 690 1015 11 0.0617 150 872 498 1021 7 0.0588 153 872 506 1023 10 0.0586 144 873 498 1023 8 0.0581 145 873 496 1023 6 0.0566 156 876 506 1021 0 0.0563 144 875 499 1023 7 0.0553 453 783 696 1021 8 0.0550 449 784 684 1022 5 0.0539 444 781 685 1018 0 0.0526 245 264 509 502 11 0.0520 306 265 578 493 0 0.0513 444 782 693 1023 6 0.0505 451 784 694 1023 3 0.0500 155 875 499 1023
s5B9BQ0hI6Dkj95cHyQJsTI7mIMOUn8R,5 0.0609 203 346 570 532 8 0.0607 382 388 635 631 8 0.0602 242 201 488 442 5 0.0599 239 195 490 441 8 0.0591 216 346 571 533 7 0.0589 383 389 644 632 10 0.0587 376 392 643 632 3 0.0585 384 389 644 634 11 0.0575 240 204 497 438 0 0.0573 378 388 639 634 6 0.0572 382 390 643 631 11 0.0569 378 393 644 631 6 0.0568 456 138 696 379 5 0.0567 373 384 638 633 11 0.0559 209 353 586 532 0 0.0558 244 202 494 444 11 0.0555 452 142 696 377 0 0.0550 629 462 912 704 8 0.0547 127 265 378 510 0 0.0547 210 348 579 536 2 0.0546 375 393 640 633 8 0.0541 456 139 688 378 13 0.0536 384 388 646 633 10 0.0531 215 353 579 535 13 0.0531 216 346 585 535 11 0.0529 584 224 846 454 13 0.0529 245 203 501 447 11 0.0528 298 453 580 687 0 0.0527 454 139 693 382 6 0.0527 379 78 633 312 13 0.0524 303 446 583 693 6 0.0523 304 450 576 689 7 0.0523 302 449 578 692 6 0.0521 246 202 498 442 12 0.0521 379 386 642 635 0 0.0520 126 271 387 514 6 0.0519 221 348 585 535 5 0.0519 291 443 573 683 11 0.0518 631 465 914 699 1 0.0517 374 384 638 631 2 0.0516 215 352 575 533 10 0.0515 242 210 494 445 3 0.0515 305 447 573 695 8 0.0514 303 445 567 686 7 0.0514 221 349 583 534 8 0.0513 377 79 620 308 7 0.0512 246 200 497 440 13 0.0512 641 458 922 703 9 0.0512 375 388 643 625 3 0.0510 456 139 693 385 0 0.0509 584 221 843 461 5 0.0508 626 454 907 701 0 0.0505 300 447 573 691 5 0.0502 284 588 560 826 7 0.0500 641 455 917 702
RFVQkMTOqT9AiTU2DO0xTq1n2Zx2UaGT,5 0.0649 238 324 494 569 11 0.0634 332 353 695 538 8 0.0631 340 354 692 538 0 0.0620 503 391 745 638 5 0.0599 635 535 892 775 8 0.0597 504 388 740 638 11 0.0593 501 391 744 640 3 0.0593 509 331 749 578 13 0.0592 344 351 703 538 7 0.0589 506 391 749 642 13 0.0584 502 455 754 703 0 0.0583 334 351 705 539 0 0.0582 500 213 759 449 11 0.0580 502 212 761 444 5 0.0577 328 349 699 535 8 0.0576 445 86 685 317 5 0.0575 622 389 885 633 11 0.0574 565 329 825 569 11 0.0573 623 393 892 637 10 0.0571 499 457 748 707 11 0.0569 241 331 495 568 7 0.0569 339 352 710 537 6 0.0565 250 327 494 573 8 0.0564 631 391 885 638 0 0.0564 638 467 896 713 6 0.0564 637 394 897 633 3 0.0563 340 352 701 541 10 0.0562 330 355 705 540 6 0.0562 714 547 965 765 7 0.0560 248 326 495 568 11 0.0559 638 536 894 776 8 0.0558 643 535 887 776 5 0.0555 500 388 741 637 0 0.0554 246 326 493 573 5 0.0551 430 135 690 377 8 0.0551 496 3 752 242 8 0.0548 570 327 818 571 8 0.0548 500 209 753 449 2 0.0545 506 393 744 640 13 0.0542 640 469 905 714 3 0.0542 505 454 748 710 3 0.0541 246 331 492 580 0 0.0540 569 331 821 569 5 0.0539 565 328 817 564 2 0.0538 341 355 700 539 13 0.0537 439 141 694 377 3 0.0535 573 258 817 504 6 0.0534 506 333 752 571 5 0.0534 191 257 440 494 0 0.0533 705 547 956 770 5 0.0532 490 1 758 240 9 0.0530 333 352 699 534 1 0.0529 499 326 748 575 10 0.0527 435 144 693 382 5 0.0527 497 205 757 446 6 0.0525 503 453 754 703 0 0.0525 458 0 816 155 8 0.0525 247 331 486 571 7 0.0522 507 207 759 448 0 0.0522 437 140 692 384 9 0.0521 501 388 742 635 5 0.0521 126 326 383 563 5 0.0520 249 184 501 434 10 0.0519 458 2 818 154 13 0.0518 507 209 763 447 13 0.0514 249 328 498 575 7 0.0514 571 328 822 575 7 0.0514 203 254 444 492 11 0.0513 434 139 691 376 9 0.0513 453 1 820 148 3 0.0512 630 395 893 649 3 0.0512 368 0 638 206 0 0.0510 198 255 440 499 4 0.0509 504 393 747 639 12 0.0509 504 332 751 575 11 0.0508 320 131 582 367 13 0.0508 626 340 899 573 11 0.0506 454 3 819 154 13 0.0506 706 546 970 769 10 0.0505 706 553 957 766 11 0.0504 291 456 564 693 7 0.0504 137 327 388 566
q25Ct8SBC245yq9VHbOalZunEgap8jMN,8 0.0651 64 335 310 582 11 0.0608 110 346 379 575 0 0.0597 113 345 377 580 11 0.0578 0 395 251 633 0 0.0563 451 535 688 775 5 0.0561 241 341 500 573 8 0.0559 383 609 624 843 0 0.0558 2 394 255 640 3 0.0557 71 339 313 584 5 0.0553 55 336 307 578 5 0.0547 448 339 703 579 11 0.0547 453 347 713 582 0 0.0547 321 339 578 578 5 0.0545 317 254 572 500 11 0.0543 384 272 644 496 8 0.0542 169 340 421 581 0 0.0534 453 349 707 580 13 0.0532 170 346 437 586 11 0.0529 243 349 506 574 0 0.0529 379 608 636 846 7 0.0527 128 281 377 525 11 0.0527 382 610 633 842 13 0.0525 67 339 316 579 5 0.0523 386 401 641 645 2 0.0523 319 268 573 499 7 0.0522 324 339 580 577 3 0.0520 166 343 430 588 3 0.0520 325 262 572 507 3 0.0520 401 338 646 578 13 0.0519 390 271 646 496 7 0.0519 394 408 649 649 7 0.0514 122 396 375 628 8 0.0512 393 338 640 571 11 0.0510 311 201 580 433 0 0.0509 246 199 504 437 7 0.0506 380 545 634 780 0 0.0505 382 269 643 496 7 0.0505 253 276 512 511 2 0.0503 249 201 505 435 6 0.0503 67 337 317 579 0 0.0502 510 468 751 704 8 0.0501 379 478 626 712
3XJKD76hiyOwbtmgj615Ny8mdrMt6vZI,11 0.0663 188 650 441 900 7 0.0649 192 650 444 901 0 0.0644 191 716 436 962 8 0.0638 124 659 368 897 0 0.0624 122 656 373 898 5 0.0620 188 647 438 899 8 0.0605 191 715 432 964 6 0.0599 125 659 377 899 10 0.0595 120 659 372 897 10 0.0593 188 721 438 959 13 0.0588 194 651 446 905 6 0.0579 194 718 440 963 3 0.0564 127 658 372 903 2 0.0559 193 720 437 963 2 0.0558 126 661 372 900 9 0.0555 121 659 373 898 3 0.0547 193 719 439 969 11 0.0546 223 385 501 621 1 0.0526 188 647 441 903 9 0.0523 189 719 438 959 12 0.0519 125 657 372 900
FEc0uIHhbouzDeGmDsWj2mKI1ZnDMuX6,7 0.0544 182 732 436 964 11 0.0539 175 664 430 890 7 0.0532 327 211 572 441 7 0.0530 127 645 383 874 11 0.0515 444 727 700 961 8 0.0512 181 729 423 967 8 0.0511 320 208 566 441 11 0.0509 234 737 502 967
IeTTgEHHp0LLETFRQM9A4BCb4oVF8Us0,11 0.0577 310 403 577 626 11 0.0574 311 532 570 760 11 0.0573 430 598 694 827 7 0.0570 436 593 697 827 5 0.0562 430 591 688 828 11 0.0561 251 462 501 686 8 0.0559 430 596 688 829 0 0.0556 249 398 512 631 13 0.0549 436 599 700 831 0 0.0547 309 527 569 765 0 0.0539 319 779 568 1013 7 0.0538 313 453 562 678 7 0.0536 322 777 569 1009 8 0.0534 264 780 496 1016 5 0.0531 248 524 494 751 7 0.0524 438 459 700 691 11 0.0520 260 785 504 1011 0 0.0520 427 596 695 831 6 0.0520 437 596 699 830 3 0.0518 438 595 697 835 8 0.0516 314 526 562 762 13 0.0511 318 529 576 764 13 0.0510 270 786 512 1017 7 0.0509 387 393 649 614 0 0.0507 381 397 646 628 8 0.0502 438 459 688 692
TGxWzKiw61IwcXe2MMerAFdm5MqhLfx5,5 0.0599 226 522 490 752 8 0.0590 245 395 492 627 8 0.0589 183 337 425 570 5 0.0586 237 392 495 626 0 0.0584 242 398 500 632 6 0.0584 311 398 566 635 8 0.0582 230 523 486 752 11 0.0579 307 404 566 631 8 0.0577 322 333 564 564 5 0.0576 270 475 633 664 0 0.0572 183 341 434 572 5 0.0563 163 462 417 691 11 0.0555 592 607 844 836 8 0.0554 167 465 409 693 11 0.0553 244 337 503 562 3 0.0551 310 400 565 639 11 0.0551 368 338 626 563 0 0.0550 597 606 842 843 5 0.0549 176 336 432 567 0 0.0546 320 332 572 567 11 0.0545 173 404 425 630 5 0.0542 294 576 572 808 11 0.0541 226 533 497 751 5 0.0540 236 260 495 496 8 0.0540 315 461 566 694 13 0.0539 452 521 724 763 0 0.0538 300 22 558 255 8 0.0535 299 575 566 813 6 0.0530 247 335 509 565 8 0.0530 594 603 834 838 0 0.0528 441 459 704 711 5 0.0525 435 456 701 704 5 0.0524 310 329 566 561 11 0.0521 437 466 703 707 0 0.0521 241 266 503 503 6 0.0520 373 333 628 569 8 0.0519 245 267 493 500 13 0.0518 187 258 444 507 7 0.0516 246 393 502 630 3 0.0516 248 337 504 569 6 0.0516 182 401 427 634 3 0.0514 377 338 627 570 13 0.0514 248 332 509 567 0 0.0513 314 461 574 696 7 0.0513 444 462 704 712 7 0.0512 184 336 436 568 10 0.0511 243 273 502 500 11 0.0510 293 587 580 808 5 0.0509 166 582 425 814 13 0.0507 304 520 580 760 8 0.0507 442 461 695 708 0 0.0505 130 402 371 630 3 0.0504 443 462 704 716 0 0.0504 237 529 497 756 7 0.0503 129 397 376 629 6 0.0502 235 529 499 754 13 0.0501 295 652 581 878 6 0.0501 188 258 436 504
plksD082APsnByBa8wD3Csr7T2yLInCL,3 0.0603 460 284 704 508 0 0.0590 507 286 752 506 11 0.0588 455 287 701 498 3 0.0580 396 343 641 563 5 0.0578 450 280 704 499 11 0.0576 391 341 638 558 7 0.0572 387 286 645 498 8 0.0567 390 344 635 558 6 0.0567 390 288 648 500 0 0.0565 451 344 696 574 0 0.0563 383 289 640 502 3 0.0561 312 289 570 516 6 0.0560 455 345 701 569 7 0.0551 455 341 703 568 8 0.0550 453 284 700 501 11 0.0547 303 290 572 510 7 0.0547 313 340 563 568 13 0.0541 316 346 566 570 10 0.0539 312 349 567 565 5 0.0535 388 336 639 557 5 0.0534 300 286 566 507 7 0.0531 513 283 759 501 11 0.0530 386 222 635 444 10 0.0527 455 346 703 570 0 0.0525 314 345 560 569 6 0.0523 318 345 566 568 3 0.0522 391 222 634 450 11 0.0521 514 349 768 574 5 0.0517 510 338 766 579 8 0.0516 384 224 632 442 8 0.0514 515 347 762 580 5 0.0508 380 214 634 439 7 0.0505 382 588 640 820 7 0.0503 313 224 577 450 13 0.0502 460 285 710 504
7NuUyWFfwJ6ndjXwNSm61CGjkWx6kUhI,11 0.0572 604 417 945 606 8 0.0565 610 417 934 608 11 0.0541 364 654 624 890 0 0.0536 313 204 566 430 11 0.0533 431 514 690 748 11 0.0530 368 396 627 622 8 0.0524 318 205 552 425 5 0.0523 421 567 689 806 0 0.0514 611 414 950 608 5 0.0514 254 208 494 436 5 0.0513 600 413 943 605 6 0.0511 436 512 696 752 0 0.0505 432 443 680 695
2MOdzJqmSGIvwMQ3ItAfTYqfLqKe2hPd,5 0.0642 309 792 568 1020 7 0.0629 251 729 499 956 5 0.0616 373 722 632 968 5 0.0615 233 323 499 558 0 0.0611 315 791 569 1023 7 0.0610 319 793 574 1023 11 0.0593 245 728 496 955 7 0.0592 318 661 570 894 7 0.0592 383 725 639 970 0 0.0589 325 586 565 831 8 0.0587 319 790 566 1023 13 0.0584 322 795 573 1023 0 0.0581 379 726 635 972 10 0.0580 247 664 493 881 7 0.0576 511 661 763 909 5 0.0572 240 719 492 953 0 0.0572 246 721 495 958 11 0.0559 232 325 502 557 0 0.0559 322 445 574 689 10 0.0558 376 728 633 966 8 0.0556 385 587 626 821 11 0.0556 312 664 565 892 6 0.0555 248 724 502 952 11 0.0553 317 796 565 1021 8 0.0550 253 658 493 882 3 0.0547 385 725 634 975 11 0.0546 385 591 636 821 11 0.0545 379 729 634 964 6 0.0545 319 796 575 1022 13 0.0542 249 724 501 956 5 0.0542 316 517 564 760 8 0.0541 323 444 567 684 7 0.0540 244 323 503 559 10 0.0540 316 796 569 1021 11 0.0534 299 391 572 622 5 0.0533 308 655 562 894 6 0.0533 242 324 507 563 5 0.0532 381 583 632 826 5 0.0530 298 385 568 626 7 0.0529 390 589 639 828 3 0.0527 319 793 570 1023 0 0.0526 237 326 500 563 11 0.0526 314 525 567 756 8 0.0523 383 724 625 968 2 0.0521 317 798 570 1023 7 0.0519 467 520 712 763 13 0.0519 245 325 506 565 3 0.0519 247 723 494 962 6 0.0516 316 663 570 891 2 0.0516 324 451 577 688 6 0.0514 381 726 638 966 0 0.0514 381 524 632 758 13 0.0514 377 659 637 903 13 0.0513 310 387 575 630 3 0.0513 314 660 563 901 11 0.0512 501 586 755 835 11 0.0510 514 403 772 624 7 0.0507 311 386 574 628 8 0.0507 456 451 704 692 11 0.0505 452 456 712 686 10 0.0504 324 592 564 825 8 0.0502 241 321 493 562 2 0.0501 387 596 634 827
q0HNRE9JqaFJ9xCsRx52sYUrUrKJuGut,0 0.0582 652 1 1014 154 8 0.0568 647 1 1008 150 5 0.0563 504 0 873 145 5 0.0557 377 0 642 237 8 0.0550 453 280 704 500 3 0.0537 651 2 1017 154 0 0.0536 383 0 647 242 11 0.0536 645 0 1020 152 6 0.0533 655 1 1023 150 11 0.0531 379 1 645 236 13 0.0529 390 2 652 238 11 0.0527 450 343 715 560 8 0.0526 390 0 635 235 13 0.0522 455 143 709 356 13 0.0515 358 415 702 600 11 0.0513 502 10 763 230 5 0.0513 381 137 638 356 7 0.0512 655 0 1023 150 2 0.0507 649 4 1023 152 0 0.0507 446 71 707 302 6 0.0507 391 0 653 235 9 0.0506 577 0 948 146 7 0.0502 455 276 716 501 13 0.0501 455 281 716 500
kmxb0NFEXxjeC5KmSZ60N6gL52oThxTt,11 0.0620 320 599 562 822 0 0.0607 311 656 568 895 5 0.0590 306 790 555 1020 11 0.0589 370 536 618 752 7 0.0580 325 596 569 823 7 0.0578 384 271 646 507 6 0.0569 380 536 620 752 5 0.0567 306 651 562 889 5 0.0563 191 595 450 840 7 0.0562 194 600 456 841 7 0.0560 381 470 628 701 11 0.0560 182 678 447 907 5 0.0554 245 726 499 963 7 0.0552 443 342 699 570 10 0.0551 322 600 565 820 8 0.0545 443 347 687 569 13 0.0544 195 677 459 911 5 0.0543 312 264 566 501 8 0.0542 252 661 504 897 6 0.0541 439 479 687 707 6 0.0535 448 344 698 569 0 0.0534 311 530 565 760 8 0.0533 383 276 633 505 8 0.0532 312 797 550 1022 7 0.0531 313 798 565 1023 6 0.0530 254 664 512 896 3 0.0529 186 681 449 914 0 0.0529 185 675 449 914 11 0.0526 443 344 693 565 6 0.0522 388 275 645 501 0 0.0522 384 273 642 504 11 0.0521 316 729 566 958 8 0.0521 377 471 614 697 8 0.0521 327 595 559 820 3 0.0519 310 659 568 894 3 0.0519 379 274 646 510 2 0.0515 249 666 509 899 8 0.0512 188 735 442 971 3 0.0511 380 470 621 701 13 0.0511 322 797 566 1021 13 0.0508 379 469 636 700 9 0.0506 370 530 619 745 3 0.0505 446 344 697 579 0 0.0504 313 799 558 1023 11 0.0501 459 154 719 372
AFVEDE7tpj0m8M7MChjnUHi60LEI7toz,11 0.0628 314 779 560 1004 11 0.0626 456 544 712 775 0 0.0606 455 604 698 845 8 0.0606 375 658 621 894 5 0.0603 450 596 695 843 5 0.0598 558 275 815 511 8 0.0597 455 602 691 842 11 0.0596 513 152 768 392 0 0.0595 513 151 766 391 11 0.0593 368 657 627 894 5 0.0593 379 145 632 393 11 0.0587 629 285 893 521 11 0.0586 498 284 757 508 8 0.0586 504 14 742 247 8 0.0585 515 149 759 391 7 0.0583 449 147 706 392 11 0.0583 241 201 510 449 11 0.0583 312 336 579 568 5 0.0578 502 203 760 446 11 0.0577 243 713 500 949 8 0.0576 576 82 810 313 5 0.0574 441 80 686 309 6 0.0573 448 151 710 388 11 0.0572 382 223 645 457 8 0.0569 566 277 813 513 5 0.0569 251 270 511 519 11 0.0568 514 418 769 627 0 0.0568 385 150 639 393 13 0.0567 506 282 761 509 0 0.0567 256 276 518 524 7 0.0566 190 265 441 509 11 0.0565 252 401 514 629 8 0.0563 639 8 882 254 6 0.0562 570 278 820 509 6 0.0561 461 542 714 777 11 0.0561 320 473 576 712 0 0.0560 314 716 572 946 0 0.0559 318 209 580 453 11 0.0557 570 84 820 312 5 0.0557 570 78 817 313 8 0.0555 393 71 624 306 5 0.0554 312 207 571 449 3 0.0553 505 280 753 519 6 0.0553 317 782 566 1003 0 0.0552 571 82 821 313 7 0.0549 387 223 644 460 3 0.0548 379 661 622 901 5 0.0547 564 0 919 150 8 0.0547 259 274 509 523 8 0.0546 515 416 767 629 0 0.0546 182 328 441 567 3 0.0545 461 603 694 850 7 0.0545 322 775 566 1006 3 0.0545 257 275 517 528 0 0.0544 251 399 514 631 0 0.0544 640 7 891 253 11 0.0543 501 18 750 246 11 0.0542 183 270 442 505 0 0.0540 505 346 763 565 5 0.0539 509 472 769 692 3 0.0537 255 399 513 637 13 0.0537 326 471 581 716 6 0.0537 319 274 580 513 6 0.0536 376 659 629 895 5 0.0534 379 284 644 519 13 0.0534 640 281 899 524 3 0.0533 505 16 753 254 5 0.0533 250 393 507 627 11 0.0532 512 782 761 1017 5 0.0531 370 650 623 895 0 0.0530 320 473 574 714 2 0.0530 506 209 764 444 8 0.0529 387 284 644 520 7 0.0529 518 476 774 691 3 0.0529 576 85 822 320 3 0.0528 324 473 576 722 7 0.0528 249 197 508 449 11 0.0528 635 9 890 252 7 0.0528 253 338 518 573 6 0.0527 188 265 441 505 13 0.0527 457 601 704 842 13 0.0527 189 266 443 512
DrRovdTJ61i1GOrj7xxSSqjJ00vOCME9,8 0.0619 248 337 483 565 0 0.0602 516 475 778 719 0 0.0598 440 417 707 642 8 0.0591 330 409 559 633 8 0.0588 281 671 627 858 11 0.0587 426 531 703 767 11 0.0580 509 478 776 713 3 0.0579 325 474 568 711 7 0.0578 248 332 494 567 5 0.0575 241 331 485 565 11 0.0573 271 670 635 853 7 0.0570 444 415 712 640 3 0.0569 453 473 712 719 11 0.0567 242 338 490 566 8 0.0566 514 479 769 711 8 0.0565 439 416 701 638 0 0.0562 433 529 704 776 11 0.0558 320 476 566 701 5 0.0558 433 410 704 638 7 0.0556 516 474 785 714 3 0.0556 290 417 650 606 5 0.0551 315 464 563 705 8 0.0549 380 355 635 575 8 0.0548 434 533 694 769 10 0.0548 443 474 715 708 7 0.0547 281 668 649 858 5 0.0545 510 469 775 712 11 0.0544 279 416 651 600 0 0.0543 244 334 494 571 3 0.0538 247 339 492 573 6 0.0538 333 407 571 634 5 0.0537 249 587 502 831 6 0.0535 248 336 494 565 3 0.0534 257 593 504 840 13 0.0534 248 335 496 570 8 0.0532 384 470 633 703 0 0.0528 351 662 712 853 13 0.0528 429 599 705 844 6 0.0525 440 418 711 640 10 0.0525 319 473 571 707 7 0.0519 432 527 708 771 13 0.0515 512 476 786 713 6 0.0515 285 670 638 856 5 0.0512 362 268 632 495 11 0.0512 369 281 641 498 6 0.0509 515 476 780 714 13 0.0507 256 592 511 834 6 0.0506 431 603 700 847 5 0.0506 425 521 701 767 10 0.0504 378 418 646 642 0 0.0503 253 591 505 837 0 0.0502 370 275 637 499 10 0.0500 424 606 699 844
j4WiribIhySqoPVLW6PhrjBpjANbQ4rX,5 0.0698 313 389 569 632 11 0.0691 245 464 506 699 11 0.0667 313 396 570 631 8 0.0658 384 459 634 701 5 0.0657 331 357 700 543 5 0.0652 438 397 692 639 7 0.0652 343 481 703 666 11 0.0650 434 464 701 709 8 0.0648 311 524 565 777 8 0.0648 280 424 620 606 8 0.0639 406 351 765 532 11 0.0634 382 341 628 572 0 0.0620 336 360 703 547 8 0.0618 255 461 499 701 7 0.0617 337 359 709 545 6 0.0614 322 454 581 700 0 0.0612 216 482 567 663 5 0.0609 307 518 572 776 10 0.0608 214 487 566 660 6 0.0601 443 461 703 712 10 0.0599 310 532 578 778 11 0.0599 308 525 573 776 8 0.0598 448 196 689 433 10 0.0598 334 360 704 545 6 0.0598 409 355 778 534 3 0.0597 343 484 693 671 6 0.0595 210 417 566 603 2 0.0594 337 360 702 545 7 0.0594 251 458 509 703 7 0.0588 278 422 630 608 8 0.0586 398 263 623 490 5 0.0586 389 257 631 491 13 0.0582 323 452 582 698 10 0.0575 381 463 641 701 13 0.0574 410 354 782 534 6 0.0574 455 202 697 434 2 0.0570 211 422 558 604 10 0.0569 393 264 631 492 3 0.0569 279 425 625 611 0 0.0566 311 523 573 782 6 0.0562 350 286 718 475 13 0.0562 327 331 576 571 7 0.0559 309 521 576 780 12 0.0559 209 420 563 605 5 0.0557 252 249 486 496 11 0.0554 448 205 696 436 3 0.0549 313 524 569 785 13 0.0548 442 463 704 712 0 0.0547 75 352 339 590 4 0.0539 441 406 703 642 1 0.0538 437 398 694 643 9 0.0538 333 358 702 542 13 0.0536 397 264 638 494 12 0.0534 441 401 698 642 2 0.0528 440 465 700 710 3 0.0528 407 352 773 538 8 0.0524 257 255 482 498 6 0.0522 77 347 343 580 12 0.0521 411 353 777 536 8 0.0521 72 345 326 586 13 0.0520 451 200 703 438 9 0.0520 282 479 638 660 4 0.0519 319 398 572 635 7 0.0518 331 259 570 495 11 0.0518 398 130 641 366 1 0.0515 401 351 770 536 8 0.0514 505 80 759 307 0 0.0512 449 200 698 439 10 0.0510 449 202 699 436
oCs33krlbGkv1XDevGTvX5Q0iQt95S64,11 0.0573 390 336 654 575 8 0.0558 455 340 691 577 7 0.0523 400 333 655 582 0 0.0521 387 397 646 641 11 0.0520 379 456 646 695 8 0.0519 391 398 637 642 0 0.0518 703 4 952 214 5 0.0510 511 287 757 512 11 0.0506 314 395 581 638 5 0.0503 386 331 648 576 0 0.0500 318 204 593 426
75vC7tLgb9TuV0ucm80THDGOSeyOUALk,8 0.0544 244 333 486 567 5 0.0540 238 332 492 564 7 0.0536 246 331 499 567 11 0.0532 238 337 497 566 11 0.0504 168 195 444 432 0 0.0500 245 332 499 567
oXpjvR7ejzD3E0FjGPdaItcQw7m7DwJb,8 0.0683 314 398 559 631 11 0.0675 313 461 569 694 8 0.0656 268 546 611 730 5 0.0628 304 518 571 771 6 0.0626 317 461 570 695 13 0.0617 312 398 572 637 11 0.0616 243 394 508 634 6 0.0612 253 587 511 848 5 0.0607 243 580 510 846 11 0.0605 303 593 570 844 0 0.0604 257 513 515 774 0 0.0603 375 531 636 772 7 0.0603 314 524 576 770 0 0.0601 378 402 631 640 11 0.0601 426 343 685 573 13 0.0601 376 532 644 771 5 0.0595 304 393 560 636 7 0.0594 251 584 512 848 8 0.0592 366 597 627 839 8 0.0587 250 585 502 852 0 0.0586 240 209 494 445 6 0.0585 368 352 630 579 6 0.0584 248 394 510 634 7 0.0582 250 454 510 699 0 0.0582 244 391 510 636 3 0.0581 257 516 518 777 6 0.0580 367 595 639 840 11 0.0579 307 217 565 440 11 0.0578 426 219 695 445 0 0.0578 525 604 881 786 7 0.0577 365 596 641 847 8 0.0577 529 601 872 784 10 0.0573 314 461 566 697 3 0.0572 434 341 683 586 13 0.0571 248 455 510 703 3 0.0571 246 394 508 640 11 0.0571 518 603 882 784 7 0.0571 537 599 892 787 0 0.0570 769 580 1019 829 8 0.0569 565 333 811 575 8 0.0569 307 212 558 438 5 0.0567 562 328 811 572 5 0.0564 235 205 490 443 7 0.0563 433 342 686 579 3 0.0561 377 533 642 775 0 0.0559 638 400 885 641 3 0.0559 569 333 817 581 7 0.0558 324 139 574 384 0 0.0557 257 649 516 917 6 0.0557 245 209 497 449 11 0.0556 562 333 819 570 9 0.0556 315 461 571 692 10 0.0555 244 395 508 636 11 0.0553 299 738 562 976 0 0.0551 568 331 816 576 6 0.0551 571 331 818 571 13 0.0550 570 336 821 575 0 0.0546 365 287 627 520 2 0.0546 312 403 567 632 10 0.0544 306 595 568 845 13 0.0543 308 589 575 845 2 0.0543 311 527 574 769 13 0.0540 530 604 894 783 9 0.0540 372 534 643 765 5 0.0539 425 333 679 578 9 0.0537 306 591 569 840 8 0.0537 770 575 1011 826 0 0.0533 363 657 627 902 6 0.0532 367 221 635 454 6 0.0531 526 602 888 787 2 0.0528 245 457 508 700 8 0.0523 646 400 879 641 11 0.0521 637 400 889 639 2 0.0520 568 336 815 572 2 0.0519 430 346 684 576
Wc72kbpS3Y8ZNdSEiKhCGVOAw3W8a09U,3 0.0624 387 476 642 703 5 0.0623 377 475 638 694 11 0.0622 381 477 645 693 8 0.0622 380 477 639 696 5 0.0595 237 647 500 905 7 0.0594 387 481 646 697 5 0.0593 178 577 445 825 7 0.0592 244 657 510 909 7 0.0590 186 515 444 761 0 0.0588 439 485 692 715 11 0.0581 176 520 439 755 11 0.0577 243 590 513 830 8 0.0573 247 587 507 835 6 0.0569 184 648 453 904 13 0.0569 385 479 649 695 11 0.0567 180 653 447 906 5 0.0565 174 370 431 624 5 0.0559 240 444 508 680 8 0.0557 245 455 505 682 7 0.0556 242 449 512 689 0 0.0556 182 514 441 760 3 0.0554 246 453 514 689 13 0.0553 184 517 447 761 13 0.0551 253 589 520 835 8 0.0550 183 649 441 910 11 0.0544 237 453 512 685 2 0.0543 445 489 692 710 13 0.0542 246 456 516 686 8 0.0540 179 379 425 628 3 0.0539 248 586 513 839 11 0.0537 173 382 436 624 0 0.0536 186 191 466 435 6 0.0536 443 484 698 713 10 0.0536 179 584 454 827 10 0.0533 380 480 645 698 11 0.0532 185 259 458 496 6 0.0529 253 586 516 830 8 0.0527 135 584 378 830 0 0.0525 132 582 382 831 6 0.0523 134 582 389 827 0 0.0523 241 448 513 687 0 0.0519 244 584 513 835 13 0.0517 186 651 458 912 5 0.0514 180 251 451 491 0 0.0514 185 650 450 910 6 0.0512 246 450 519 682 10 0.0511 243 459 517 684 13 0.0507 181 382 441 632 0 0.0505 181 377 437 628
bnVkSpjUoGFWEw3kWfhDa7LK2hUivknT,11 0.0556 371 531 626 760 8 0.0554 315 529 560 754 7 0.0550 314 596 573 830 0 0.0548 371 528 629 762 11 0.0546 307 602 566 830 11 0.0530 313 454 557 677 8 0.0524 112 790 346 1018 8 0.0523 733 553 1014 738 11 0.0520 250 516 503 750 6 0.0518 314 597 573 830 5 0.0515 723 547 1022 741 13 0.0514 114 789 364 1022 0 0.0508 113 791 356 1017 0 0.0506 314 457 562 681 6 0.0506 381 531 634 758
niv4OiXUE8bpaBtulLSMg5Xgf8v6O54a,0 0.0513 258 525 520 760 11 0.0504 253 524 521 756 7 0.0501 327 448 590 672
KjX2aFuN6PkZQ0EgfX6E9AvCk4zFxWkW,0 0.0601 262 266 505 508 11 0.0582 261 204 506 434 0 0.0579 116 267 378 506 5 0.0578 315 246 551 495 6 0.0556 123 266 381 506 8 0.0553 213 345 572 534 7 0.0551 269 200 506 435 10 0.0546 322 258 559 497 0 0.0546 328 186 564 424 5 0.0545 200 343 577 533 8 0.0534 330 187 556 419 5 0.0531 375 179 631 428 11 0.0531 383 330 637 569 8 0.0525 387 256 624 508 0 0.0523 383 258 632 509 3 0.0518 324 251 558 505 8 0.0518 182 0 430 198 6 0.0517 264 262 506 505 7 0.0515 388 256 640 511 11 0.0512 383 192 642 432 5 0.0511 197 133 440 386 13 0.0511 266 265 511 511 6 0.0503 330 184 566 423 11 0.0501 115 270 379 501
O7hKqTaNvUFun6YF7pRKGqU6exZMSDFP,11 0.0714 373 598 645 836 0 0.0627 372 598 644 841 11 0.0616 312 520 570 764 11 0.0591 297 339 565 572 11 0.0589 369 457 631 700 8 0.0584 375 600 634 844 11 0.0578 251 595 521 830 11 0.0562 364 282 632 510 3 0.0554 343 666 691 861 13 0.0549 277 672 636 862 0 0.0542 253 593 520 835 11 0.0542 318 208 579 433 7 0.0541 322 269 578 514 8 0.0536 257 595 511 837 0 0.0534 372 457 632 707 5 0.0532 376 596 638 841 6 0.0529 336 666 696 857 10 0.0529 377 601 638 840 3 0.0529 368 279 634 517 3 0.0528 304 337 562 578 0 0.0527 316 272 575 514 13 0.0526 320 272 581 514 8 0.0525 316 526 559 769 11 0.0523 230 460 502 696 8 0.0522 238 327 492 564 7 0.0520 382 601 646 844 5 0.0520 369 456 626 703 10 0.0520 302 343 565 572 0 0.0516 313 519 567 769 5 0.0516 245 521 504 764 8 0.0514 374 461 622 703 7 0.0513 246 324 505 568 0 0.0512 240 135 510 377 6 0.0510 369 277 636 514 5 0.0508 228 396 492 638 3 0.0506 382 525 632 779 8 0.0503 320 205 566 438
38iAX3AiVEYVoEnjXlgAbeTIDoL3ekV1,8 0.0712 141 865 497 1023 7 0.0670 190 789 444 1023 11 0.0650 139 866 505 1021 0 0.0627 140 868 503 1023 5 0.0611 137 866 497 1021 10 0.0595 135 870 503 1023 2 0.0581 140 871 501 1023 13 0.0568 191 793 447 1023 3 0.0548 148 867 504 1023 9 0.0544 134 867 507 1022 6 0.0544 145 871 504 1023 8 0.0543 183 729 431 956 10 0.0536 176 735 436 960 5 0.0532 179 729 431 958 11 0.0520 179 733 441 957 0 0.0517 181 728 436 963 4 0.0506 187 794 445 1023
VrvBMJfCmEASIoPIXRe4mAPwU2d8gha9,11 0.0609 305 660 560 895 0 0.0608 326 402 581 646 7 0.0596 300 791 576 1020 7 0.0595 311 653 560 901 8 0.0571 309 658 555 903 0 0.0570 252 652 495 907 11 0.0568 362 751 634 959 3 0.0562 312 659 557 906 5 0.0556 304 652 556 897 11 0.0555 321 475 575 713 6 0.0555 309 656 559 901 3 0.0549 297 795 566 1023 6 0.0549 330 468 575 717 8 0.0544 295 793 561 1023 8 0.0544 508 209 749 443 10 0.0543 306 662 557 900 5 0.0541 316 467 572 711 5 0.0537 290 787 566 1018 7 0.0537 510 208 761 444 10 0.0532 321 474 575 715 6 0.0525 321 320 578 566 5 0.0525 691 0 949 209 13 0.0525 326 470 582 722 11 0.0523 505 215 758 443 13 0.0520 367 808 650 1023 7 0.0519 327 465 575 712 8 0.0519 330 399 574 644 0 0.0516 508 211 754 445 3 0.0513 325 472 573 723 2 0.0512 327 409 579 641 11 0.0506 312 328 574 569 5 0.0505 679 82 938 319 3 0.0504 512 211 755 450 13 0.0501 255 656 501 905 11 0.0501 693 4 957 206
FVwLy2ZZqF0vepkYof8yV5T3CP9z0v42,5 0.0636 630 608 891 851 11 0.0617 633 532 891 773 11 0.0612 565 606 826 844 11 0.0606 274 157 626 342 7 0.0605 642 527 898 776 11 0.0605 445 396 693 636 11 0.0603 719 421 1023 613 5 0.0600 710 477 1023 672 11 0.0598 376 454 634 697 8 0.0597 568 601 822 842 7 0.0592 451 396 695 636 3 0.0584 452 399 692 648 8 0.0579 449 396 686 639 8 0.0576 231 26 577 211 5 0.0576 268 228 607 419 8 0.0572 279 160 611 345 8 0.0566 641 529 889 772 0 0.0565 718 420 1022 612 5 0.0563 502 596 761 843 13 0.0561 573 605 831 843 7 0.0561 511 600 772 845 0 0.0560 448 396 690 640 0 0.0559 636 617 899 856 8 0.0558 304 602 551 837 11 0.0554 224 28 583 210 11 0.0554 300 601 560 831 6 0.0553 452 395 697 638 0 0.0551 228 26 588 212 7 0.0551 384 453 636 700 13 0.0548 283 157 628 347 8 0.0548 493 674 764 911 5 0.0546 221 25 581 212 3 0.0546 573 603 826 849 11 0.0543 360 668 623 902 11 0.0541 236 523 493 767 5 0.0539 179 665 450 891 0 0.0538 511 605 769 845 5 0.0537 358 661 623 902 0 0.0536 361 603 621 840 11 0.0536 486 676 770 912 6 0.0535 571 608 830 842 5 0.0535 445 390 690 636 13 0.0532 642 530 899 774 8 0.0532 367 664 619 904 8 0.0532 718 483 1017 672 7 0.0530 723 417 1023 612 6 0.0530 239 28 593 212 11 0.0528 518 85 763 318 8 0.0526 370 524 619 767 6 0.0524 289 158 625 346 13 0.0523 371 663 636 905 8 0.0523 242 523 484 770 11 0.0522 239 670 505 893 13 0.0522 246 666 515 903 3 0.0521 284 157 621 349 7 0.0520 237 26 593 214 13 0.0520 453 395 697 640 3 0.0519 237 26 583 218 5 0.0517 295 597 556 835 10 0.0516 717 419 1023 613 0 0.0516 278 155 624 346 6 0.0515 639 534 894 776 0 0.0513 376 453 630 703 7 0.0510 285 157 628 347 13 0.0510 229 25 595 214 3 0.0509 722 420 1023 620 10 0.0509 571 609 831 846 6 0.0508 524 82 770 319 7 0.0507 243 521 496 770 7 0.0507 241 670 509 898 0 0.0506 370 713 626 955 10 0.0501 284 161 623 346 3 0.0501 384 455 632 708 7 0.0500 302 598 563 837
9JO36dkP3hw7AwlYc0gEroXfnxX8QPlh,11 0.0594 517 408 770 646 5 0.0554 181 267 437 507 5 0.0544 120 385 382 630 8 0.0544 188 270 436 512 0 0.0541 518 406 770 650 11 0.0537 182 272 445 508 7 0.0535 126 386 387 636 13 0.0534 125 390 394 639 3 0.0528 126 391 384 639 11 0.0526 121 392 387 633 8 0.0522 511 12 752 240 11 0.0518 506 13 761 235 8 0.0516 126 385 376 639 8 0.0513 518 404 762 651 13 0.0505 136 275 403 518 6 0.0502 518 12 760 238 0 0.0502 442 332 702 582 8 0.0501 441 329 695 581 7 0.0501 448 330 706 581 2 0.0501 387 272 650 509 6 0.0501 523 409 774 650
QDJN1g4McAF6cSTQvw6Iy47tNvoEzAU2,5 0.0633 183 207 445 448 7 0.0633 191 332 457 580 11 0.0622 517 401 773 630 11 0.0621 189 275 449 519 11 0.0617 325 338 597 580 8 0.0617 189 272 440 524 11 0.0613 250 401 511 642 8 0.0606 116 389 368 638 8 0.0592 327 250 580 500 8 0.0591 503 342 762 567 7 0.0590 192 209 448 450 0 0.0589 518 403 774 636 11 0.0584 441 466 706 697 5 0.0579 186 333 453 573 8 0.0578 390 329 638 579 3 0.0578 190 272 445 527 10 0.0577 191 278 446 514 8 0.0576 323 414 570 652 8 0.0576 123 209 377 462 7 0.0575 328 335 594 586 5 0.0566 544 84 827 311 0 0.0566 442 463 706 703 3 0.0565 512 18 766 248 11 0.0565 639 341 910 569 7 0.0565 272 279 651 473 0 0.0562 391 328 650 580 3 0.0560 323 336 590 588 11 0.0560 193 157 463 392 3 0.0559 397 3 653 249 8 0.0559 198 153 448 399 5 0.0557 319 185 588 420 11 0.0557 520 1 882 147 11 0.0557 112 397 377 632 6 0.0556 328 337 601 580 5 0.0556 376 0 649 242 0 0.0556 321 407 580 653 0 0.0556 267 277 649 468 13 0.0554 391 5 659 238 13 0.0553 253 401 515 648 7 0.0553 254 401 508 646 0 0.0553 190 273 446 521 10 0.0552 254 404 509 639 6 0.0547 193 273 450 519 6 0.0543 125 213 387 458 5 0.0543 568 345 825 570 5 0.0541 182 460 446 708 5 0.0540 493 12 766 239 5 0.0539 111 387 373 633 13 0.0538 192 211 455 456 8 0.0538 446 10 695 246 7 0.0537 447 461 710 701 13 0.0534 520 396 781 631 10 0.0533 121 402 376 631 10 0.0532 323 342 588 579 5 0.0531 383 329 642 569 0 0.0531 516 1 884 146 10 0.0530 518 402 777 633 6 0.0530 521 401 777 637 8 0.0529 444 462 699 700 7 0.0529 521 395 778 635 3 0.0528 199 156 452 404 6 0.0528 275 282 657 467 13 0.0527 270 282 659 470 6 0.0526 445 464 713 701 5 0.0525 313 411 576 648 11 0.0524 180 465 452 715 7 0.0522 122 389 377 634 0 0.0521 119 211 384 465 7 0.0520 452 14 708 244 5 0.0520 303 61 579 308 10 0.0519 121 213 380 456 5 0.0518 258 279 632 466 8 0.0518 623 103 880 326 5 0.0518 243 140 504 369 3 0.0517 118 391 371 645 13 0.0517 329 337 601 585 13 0.0516 122 396 379 636 10 0.0515 391 15 657 244 10 0.0515 196 159 452 394 0 0.0514 383 9 653 245 0 0.0513 193 154 454 401 13 0.0513 509 16 771 239 3 0.0513 524 397 769 639 6 0.0512 201 154 461 395
Vg9nGTN5glOmIHzyEsZLUn2ya30N5zSB,8 0.0627 579 338 819 558 11 0.0603 577 335 825 557 6 0.0580 590 340 827 558 3 0.0543 425 1 686 215 5 0.0540 578 332 821 556 13 0.0537 770 135 1023 395 6 0.0536 773 132 1023 390 3 0.0534 588 336 824 566 11 0.0532 306 541 571 762 5 0.0532 760 129 1021 386 11 0.0529 419 2 680 200 7 0.0519 768 132 1023 391 13 0.0519 584 342 834 560 0 0.0519 581 339 824 560 7 0.0518 316 537 580 765 3 0.0513 316 542 572 769 8 0.0510 765 132 1015 395 11 0.0507 764 135 1023 390 10 0.0505 578 339 825 554 6 0.0502 424 4 690 207 0 0.0501 0 606 251 844
DP22pb1K7Waion6sijtunOmL8u0bWErM,5 0.0635 305 329 560 572 8 0.0632 319 288 682 468 11 0.0626 306 337 567 575 6 0.0614 241 470 504 711 11 0.0614 315 288 696 471 8 0.0612 311 333 557 573 0 0.0597 235 336 490 580 6 0.0593 309 334 566 574 11 0.0592 238 407 499 648 0 0.0586 306 269 564 514 5 0.0586 568 513 815 764 3 0.0584 310 336 566 581 11 0.0581 434 339 695 577 5 0.0576 232 268 484 505 5 0.0574 238 402 495 644 13 0.0570 433 402 697 651 11 0.0570 233 277 493 509 11 0.0569 567 457 817 700 8 0.0567 568 454 813 702 0 0.0565 573 517 818 771 5 0.0563 295 474 560 711 5 0.0563 303 192 550 430 5 0.0557 366 399 631 644 8 0.0556 249 405 492 648 8 0.0554 309 475 564 717 5 0.0554 491 456 747 699 7 0.0553 572 454 822 703 13 0.0552 312 336 568 578 7 0.0551 310 334 567 576 6 0.0550 238 274 493 511 11 0.0547 369 408 638 649 13 0.0547 322 288 707 472 8 0.0546 440 335 687 575 6 0.0544 569 456 821 701 10 0.0543 307 338 567 573 0 0.0540 342 220 699 407 0 0.0539 557 343 815 589 3 0.0539 236 278 487 515 0 0.0539 494 461 749 706 11 0.0538 303 201 555 430 13 0.0537 249 409 506 654 3 0.0535 572 455 818 708 8 0.0535 236 272 481 509 3 0.0534 247 407 501 651 8 0.0534 431 455 680 703 0 0.0533 304 474 567 717 13 0.0530 308 479 573 719 7 0.0529 246 403 501 650 2 0.0529 243 408 499 649 0 0.0528 371 342 630 584 0 0.0527 434 272 694 512 2 0.0526 308 339 563 576 0 0.0523 175 269 434 505 5 0.0522 431 332 690 575 10 0.0521 240 410 501 647 11 0.0520 297 480 567 715 8 0.0519 378 0 628 198 7 0.0518 235 275 492 510 10 0.0517 498 462 754 701 3 0.0517 442 339 698 584 5 0.0516 557 333 807 587 8 0.0516 556 338 812 588 7 0.0516 375 404 640 649 13 0.0514 383 1 641 201 13 0.0514 560 340 821 587 6 0.0512 432 399 695 647 7 0.0511 564 340 818 590 11 0.0511 556 344 816 584 3 0.0511 375 405 639 653 6 0.0508 562 342 819 589 10 0.0507 234 282 488 510 7 0.0506 440 339 701 580 1 0.0505 305 331 562 576 3 0.0505 385 3 637 206 10 0.0504 373 407 641 643 12 0.0501 309 335 564 580
3MEEG2TtPCkJogsnIwlHZzMbVqsZUTp2,11 0.0634 191 451 451 699 5 0.0617 190 400 437 646 5 0.0610 256 333 509 563 5 0.0605 183 510 447 763 0 0.0601 196 454 447 703 11 0.0599 316 459 571 691 13 0.0598 197 453 456 704 5 0.0594 255 454 508 699 11 0.0594 182 333 440 572 10 0.0592 195 408 442 650 5 0.0592 60 450 321 692 7 0.0586 190 516 451 768 0 0.0585 187 341 436 574 5 0.0584 323 390 572 636 8 0.0583 201 399 438 653 8 0.0575 494 7 747 250 10 0.0574 260 465 511 698 0 0.0565 321 459 569 697 6 0.0562 198 407 448 652 7 0.0561 199 402 444 651 8 0.0559 315 0 560 192 11 0.0555 316 151 575 377 6 0.0553 261 275 513 502 8 0.0551 122 343 381 579 0 0.0549 243 216 499 445 11 0.0549 251 273 509 498 3 0.0546 200 407 443 655 11 0.0540 57 458 334 688 13 0.0540 186 338 444 581 7 0.0539 264 460 512 701 8 0.0536 189 512 442 768 11 0.0535 321 21 577 252 6 0.0533 193 516 455 768 5 0.0531 486 0 754 246 5 0.0529 314 14 575 255 6 0.0529 331 401 581 637 8 0.0528 315 526 558 761 11 0.0528 318 594 575 820 6 0.0527 373 0 649 190 3 0.0527 261 337 513 574 7 0.0525 333 393 580 640 13 0.0522 325 20 592 256 8 0.0522 208 346 557 536 5 0.0519 113 341 381 571 5 0.0519 247 583 509 811 6 0.0517 320 150 579 380 3 0.0517 191 519 452 773 5 0.0517 311 144 562 379 10 0.0517 189 525 447 766 3 0.0515 374 0 642 192 7 0.0513 260 269 508 502 3 0.0513 72 459 326 701 0 0.0511 315 0 572 199 13 0.0511 65 457 334 695 8 0.0511 244 212 493 450 2 0.0509 311 4 568 194 10 0.0508 317 534 565 763 8 0.0507 333 395 573 639 5 0.0507 428 144 685 375 8 0.0507 629 1 870 207 5 0.0505 235 209 490 441 12 0.0504 202 405 445 648 10 0.0504 62 463 321 695 8 0.0502 65 453 317 698
4zpvMojCxal4ImUQxCpkkHHaaG9Aq7Gk,5 0.0667 436 387 690 642 8 0.0650 440 393 690 641 0 0.0648 441 391 694 643 8 0.0641 500 334 753 579 11 0.0635 498 397 756 636 3 0.0633 383 269 639 518 11 0.0632 370 387 627 634 11 0.0629 382 269 640 511 8 0.0626 382 270 635 514 5 0.0624 305 320 564 579 7 0.0623 443 394 697 646 6 0.0617 462 419 807 606 7 0.0617 501 333 760 580 8 0.0611 309 328 559 577 0 0.0606 380 267 637 516 3 0.0602 444 393 698 648 3 0.0601 312 393 566 648 9 0.0601 372 390 628 631 7 0.0597 383 267 641 516 5 0.0596 378 264 636 515 0 0.0589 308 324 566 579 13 0.0586 375 389 631 635 10 0.0584 398 431 749 608 7 0.0581 313 327 566 579 2 0.0580 374 395 627 636 0 0.0579 566 272 836 522 0 0.0578 320 201 576 447 8 0.0577 510 450 759 688 2 0.0576 383 276 640 515 10 0.0574 310 394 563 643 13 0.0570 466 419 813 606 12 0.0570 383 266 640 518 6 0.0569 382 203 644 444 6 0.0566 313 329 570 577 11 0.0563 245 278 509 516 9 0.0555 308 326 565 575 2 0.0555 309 333 562 578 9 0.0554 498 335 758 575 4 0.0551 438 396 697 642 9 0.0550 378 268 640 510 3 0.0548 325 205 572 447 2 0.0546 501 339 757 579 13 0.0542 383 268 645 513 10 0.0541 381 272 639 513 12 0.0536 559 333 828 582 8 0.0536 567 275 824 518 3 0.0531 248 281 506 523 6 0.0528 568 278 836 519 7 0.0527 569 272 839 519 4 0.0527 500 336 761 577 12 0.0527 502 397 757 637 9 0.0523 509 449 765 684 11 0.0522 558 222 827 451 12 0.0520 310 324 565 582 13 0.0516 250 273 517 523 7 0.0512 324 198 575 447 2 0.0511 508 452 762 688 8 0.0508 0 35 242 278 1 0.0506 308 388 561 643 1 0.0506 500 392 758 636 11 0.0505 450 146 715 386 11 0.0505 625 288 891 523 5 0.0501 560 274 831 514
v2B6N1oglDWzO47CSrfec0cqV9rTUQXF,7 0.0623 504 600 767 845 8 0.0623 558 590 819 838 11 0.0616 499 603 770 843 7 0.0615 386 657 649 891 5 0.0611 496 596 766 845 7 0.0608 306 533 566 771 11 0.0606 238 270 491 499 5 0.0601 299 591 566 824 6 0.0593 503 600 770 847 5 0.0587 231 513 496 762 6 0.0585 385 593 639 830 8 0.0585 437 658 701 901 11 0.0581 377 531 632 765 0 0.0579 458 680 830 852 5 0.0579 320 137 565 366 10 0.0577 461 684 830 849 8 0.0576 381 533 623 767 0 0.0573 377 530 628 767 11 0.0572 237 414 495 644 5 0.0571 379 525 628 765 11 0.0562 438 783 692 1012 8 0.0559 236 579 504 810 11 0.0558 322 141 572 368 11 0.0557 299 594 569 824 6 0.0555 305 653 575 877 3 0.0553 383 529 629 773 5 0.0553 243 195 488 427 7 0.0551 450 718 705 971 11 0.0551 572 217 832 444 0 0.0551 242 274 493 501 13 0.0548 560 595 830 840 8 0.0546 242 270 485 502 11 0.0546 230 516 499 760 8 0.0545 572 212 820 450 7 0.0545 244 411 496 644 13 0.0544 306 591 578 831 5 0.0543 374 0 631 227 10 0.0540 301 597 568 825 2 0.0539 465 685 827 850 3 0.0538 462 682 830 856 13 0.0535 382 531 636 769 0 0.0534 327 75 568 305 2 0.0533 301 597 567 825 5 0.0533 435 777 686 1014 0 0.0533 301 590 568 828 0 0.0533 391 201 637 429 8 0.0532 391 195 635 427 3 0.0532 448 716 703 979 0 0.0531 381 719 638 966 0 0.0530 250 142 494 378 11 0.0529 394 193 644 425 5 0.0529 385 194 637 423 2 0.0526 383 658 646 891 2 0.0525 378 535 631 768 0 0.0525 229 517 495 761 13 0.0524 445 608 707 843 13 0.0524 247 273 496 506 6 0.0521 306 533 566 769 5 0.0520 571 213 825 447 0 0.0518 236 1 495 202 7 0.0517 398 198 645 430 7 0.0517 330 144 574 369 8 0.0517 323 143 564 369 5 0.0516 230 337 485 568 3 0.0513 234 522 498 771 6 0.0512 254 141 498 374 3 0.0511 300 595 568 832 1 0.0509 297 528 560 773 2 0.0509 444 721 700 972 10 0.0509 382 532 627 763 6 0.0503 385 719 639 962 0 0.0502 237 415 494 644
BjTFCjEDXgQ7jQoKw88ZmGg7JMAs9Q7q,5 0.0647 448 779 691 1011 11 0.0612 453 788 697 1012 11 0.0608 379 718 651 946 3 0.0601 459 783 697 1021 8 0.0596 458 784 692 1017 6 0.0576 459 783 700 1016 0 0.0574 379 658 649 894 7 0.0568 460 783 701 1016 7 0.0567 459 677 716 907 11 0.0564 382 337 657 556 5 0.0563 448 675 705 902 8 0.0559 562 596 804 841 11 0.0557 707 592 955 842 0 0.0552 565 600 812 840 5 0.0548 708 588 950 843 0 0.0543 715 595 955 848 8 0.0535 395 332 642 558 0 0.0535 457 785 697 1014 8 0.0535 453 679 705 907 0 0.0534 325 266 583 519 6 0.0529 386 714 650 951 7 0.0525 567 594 816 841 2 0.0524 458 789 696 1012 11 0.0521 317 272 581 515 6 0.0521 571 599 815 839 6 0.0519 395 331 655 558 8 0.0516 712 598 944 844 7 0.0513 328 785 589 1023 11 0.0510 560 597 813 838 10 0.0510 457 788 694 1012 5 0.0509 385 327 648 555 11 0.0508 317 786 590 1018 13 0.0508 327 268 590 522 13 0.0507 464 780 702 1016 5 0.0506 315 777 580 1021 2 0.0505 566 605 814 840 0 0.0505 373 134 630 376 6 0.0504 260 395 500 626 13 0.0502 380 135 641 374
owHfZYG7ei1y2BWjDo9qUfV7y3ZLZxtk,11 0.0573 434 544 703 775 11 0.0566 380 391 648 638 8 0.0553 386 389 635 640 11 0.0552 308 468 590 692 0 0.0546 383 392 648 641 11 0.0538 309 204 574 440 5 0.0529 377 383 644 636 5 0.0518 305 195 569 438 0 0.0513 313 201 572 444 0 0.0511 437 539 698 778 7 0.0509 444 540 701 775 7 0.0502 387 391 648 639
PH1PBxJG0howJGxbAZUVKViaw3r2uDVp,0 0.0576 455 595 721 830 6 0.0574 456 597 726 826 11 0.0571 455 463 701 704 5 0.0547 382 588 650 833 11 0.0535 451 593 718 824 5 0.0535 248 655 511 906 8 0.0525 393 463 637 702 8 0.0524 389 591 643 837 7 0.0524 458 592 721 832 6 0.0522 459 461 711 706 11 0.0522 387 527 652 767 0 0.0518 387 521 654 777 8 0.0513 517 583 769 819 3 0.0511 456 595 714 831 11 0.0507 517 523 780 760 13 0.0506 392 528 661 775
QSdmTPqB6snuzU6nFRjwfkuVDfdoJfq7,5 0.0648 305 200 563 423 8 0.0621 378 199 620 420 0 0.0620 308 140 570 361 3 0.0596 318 140 571 363 8 0.0594 313 142 559 357 0 0.0591 379 196 631 427 11 0.0588 311 145 574 355 0 0.0584 433 84 693 322 6 0.0583 316 205 570 423 13 0.0574 314 203 573 429 8 0.0573 257 346 497 595 10 0.0567 311 146 566 357 11 0.0560 256 345 503 592 5 0.0555 426 77 689 314 11 0.0552 319 411 575 662 5 0.0544 255 340 499 589 13 0.0537 263 345 510 595 5 0.0534 190 651 453 897 7 0.0531 317 205 568 426 2 0.0528 260 349 510 592 8 0.0527 308 724 559 956 2 0.0527 438 88 694 319 8 0.0525 434 81 688 319 3 0.0524 381 196 635 428 0 0.0523 305 723 561 959 7 0.0522 439 81 694 320 11 0.0520 380 200 634 420 7 0.0519 197 658 466 904 0 0.0519 326 340 581 600 11 0.0518 306 730 563 954 10 0.0514 435 88 694 318 6 0.0514 197 656 462 902 2 0.0513 380 207 630 424 11 0.0512 433 83 692 318 3 0.0511 327 344 583 606 0 0.0510 196 655 457 904 8 0.0510 199 654 455 902 11 0.0505 194 659 459 899 5 0.0505 300 720 559 949 2 0.0501 315 148 565 359 3 0.0500 443 83 692 324 7 0.0500 328 341 585 595 13 0.0500 329 409 582 666
nvpG0ros1aKRZfVdyjkbjmGeOuPebui6,5 0.0675 361 779 612 1018 7 0.0669 437 779 685 1017 0 0.0651 446 725 689 964 8 0.0645 436 776 675 1015 0 0.0639 552 782 803 1023 5 0.0636 438 720 684 957 0 0.0622 309 720 558 964 10 0.0621 363 784 615 1023 3 0.0611 366 784 617 1023 11 0.0596 494 734 742 952 11 0.0593 367 729 622 958 13 0.0592 369 783 622 1019 8 0.0591 503 729 737 954 6 0.0589 436 784 684 1016 6 0.0588 371 726 626 957 0 0.0581 454 597 707 839 3 0.0579 445 726 686 962 6 0.0569 501 731 747 955 12 0.0567 367 777 617 1022 5 0.0566 564 465 819 709 5 0.0564 450 590 702 832 9 0.0562 430 783 682 1013 13 0.0559 501 781 746 1021 10 0.0556 441 729 687 958 1 0.0550 363 779 618 1023 0 0.0548 20 0 362 157 9 0.0547 493 733 742 949 2 0.0541 367 784 616 1023 5 0.0540 558 593 811 829 11 0.0540 557 597 813 828 8 0.0539 564 599 807 830 8 0.0539 18 0 350 155 7 0.0538 503 730 745 955 0 0.0533 315 591 565 832 4 0.0532 366 784 620 1020 6 0.0529 19 0 366 155 2 0.0529 501 785 740 1022 11 0.0525 13 2 366 155 10 0.0520 309 593 559 824 10 0.0519 451 598 706 832 11 0.0519 567 470 820 706 11 0.0517 310 594 566 823 5 0.0516 305 589 560 823 13 0.0516 313 594 570 831 9 0.0516 366 726 623 955 6 0.0509 316 595 566 824 13 0.0507 21 0 372 157 0 0.0506 561 600 813 835
g3qEYa2T7Lw4MFyOJ97Q2wd5jNcThwtH,7 0.0623 249 666 507 890 8 0.0584 246 669 496 890 11 0.0574 311 674 576 896 0 0.0557 244 669 505 893 5 0.0538 251 731 486 962 7 0.0521 392 731 629 961 11 0.0516 382 734 631 962 11 0.0513 252 732 498 960
sVMNyVI99XwOm4VSAD5im7It23zd1eEF,11 0.0600 303 721 557 947 11 0.0590 433 653 685 885 8 0.0580 312 794 543 1019 7 0.0568 309 718 560 953 8 0.0552 434 651 680 882 7 0.0549 446 653 693 880 11 0.0542 570 800 824 1020 5 0.0532 428 651 681 882 0 0.0526 569 803 824 1023 0 0.0522 307 723 558 957 5 0.0522 570 799 820 1020 3 0.0519 440 653 689 892 3 0.0514 309 717 558 963 6 0.0511 437 653 691 886 5 0.0507 305 790 547 1019 11 0.0503 251 343 502 566 11 0.0503 552 662 809 895 8 0.0500 510 795 742 1022
iQAhiNDLJ4VF9kRMnXb45BhHkoczFuH5,0 0.0622 381 203 640 428 0 0.0600 245 202 500 444 5 0.0589 323 262 571 502 3 0.0588 316 329 557 576 8 0.0585 247 204 490 444 5 0.0575 451 324 686 567 7 0.0571 250 266 503 510 13 0.0571 330 267 577 508 11 0.0560 454 327 693 563 5 0.0557 0 426 303 605 11 0.0556 572 348 816 580 8 0.0555 313 330 548 568 5 0.0554 380 198 632 429 11 0.0553 382 201 642 430 6 0.0547 317 329 561 567 0 0.0547 328 262 572 502 11 0.0547 310 330 559 567 11 0.0545 353 747 650 975 11 0.0545 0 428 317 603 7 0.0544 360 807 642 1023 8 0.0542 0 423 304 609 7 0.0541 385 200 642 430 8 0.0537 381 206 631 430 3 0.0534 391 264 640 514 7 0.0532 317 328 559 571 0 0.0532 387 337 634 571 6 0.0529 385 205 644 429 0 0.0526 0 429 312 609 11 0.0526 527 279 769 505 10 0.0525 244 276 500 511 7 0.0525 463 327 696 567 2 0.0524 391 278 640 509 5 0.0524 240 201 498 440 13 0.0523 385 336 637 575 0 0.0523 525 279 760 511 2 0.0522 458 337 693 569 0 0.0520 427 740 708 959 7 0.0516 437 739 716 958 8 0.0515 455 327 685 567 13 0.0514 314 399 564 644 6 0.0512 457 330 695 568 8 0.0509 577 209 818 448 7 0.0505 534 275 766 508 13 0.0505 248 207 507 448 7 0.0505 418 478 795 657
FTWKTDrcESJoq66AeEFAgjrepCcTPQoB,5 0.0689 252 0 632 146 8 0.0600 263 0 624 148 0 0.0596 261 0 634 148 11 0.0589 251 0 635 145 3 0.0584 264 0 637 150 11 0.0567 368 798 626 1020 13 0.0565 265 0 644 147 5 0.0565 299 645 565 893 10 0.0564 257 2 634 146 8 0.0547 303 648 560 896 6 0.0547 258 0 643 148 1 0.0545 253 0 633 146 0 0.0535 508 336 758 586 11 0.0529 302 653 568 889 13 0.0528 516 398 770 650 0 0.0521 380 650 637 895 7 0.0519 261 0 639 148 7 0.0519 518 466 767 712 8 0.0517 512 396 760 651 5 0.0516 365 786 618 1018 11 0.0514 509 472 764 708 11 0.0510 305 519 577 761 2 0.0506 263 4 634 145 7 0.0506 307 797 568 1021 0 0.0503 509 468 762 715 13 0.0502 376 795 635 1023
cDqooMcnjT3jyiWVfEjamCBmWmiOw76u,8 0.0709 122 770 371 1023 0 0.0639 122 776 376 1023 11 0.0639 123 774 376 1017 7 0.0636 126 774 377 1023 5 0.0619 121 772 372 1019 3 0.0597 128 777 375 1023 6 0.0590 126 779 377 1022 13 0.0579 125 773 379 1022 11 0.0574 132 418 393 651 10 0.0573 120 780 374 1021 2 0.0565 122 777 376 1023 8 0.0548 132 410 380 654 9 0.0542 122 775 375 1021 13 0.0542 136 416 399 655 11 0.0534 237 398 510 625 8 0.0533 253 536 483 779 8 0.0529 247 392 501 629 0 0.0523 256 538 499 784 4 0.0514 124 777 377 1022 0 0.0510 130 416 394 657 0 0.0506 244 395 511 633 1 0.0504 120 770 374 1023 12 0.0501 124 772 373 1023
pambxl4vgWmSBmWtTyCKNGIwXDAjTsVa,11 0.0574 637 790 897 1021 11 0.0534 775 782 1023 1017 11 0.0529 118 408 372 638 0 0.0526 120 341 365 578 7 0.0525 131 402 371 637 8 0.0524 639 784 890 1021 8 0.0507 654 0 1009 151 6 0.0507 76 348 339 589 5 0.0506 115 340 361 573 7 0.0500 637 786 906 1023
yI9Gaftll4TUv5DwKv3eSznz527WeqBc,11 0.0656 426 462 702 700 7 0.0635 430 460 706 706 8 0.0629 434 464 696 705 11 0.0629 511 407 777 633 7 0.0628 515 404 779 634 8 0.0609 381 387 626 624 11 0.0607 314 454 574 696 5 0.0606 425 455 697 703 8 0.0605 316 456 569 702 8 0.0604 514 344 767 572 5 0.0593 311 447 570 698 3 0.0581 432 464 705 708 11 0.0581 381 387 635 618 6 0.0581 432 461 707 707 5 0.0580 378 381 629 621 3 0.0575 518 405 774 640 0 0.0574 511 404 777 639 7 0.0564 385 385 638 623 7 0.0563 265 445 518 699 3 0.0561 382 386 636 627 6 0.0559 322 455 579 701 0 0.0553 382 386 634 623 5 0.0553 511 400 773 633 10 0.0548 428 465 704 703 0 0.0548 429 460 703 708 10 0.0546 514 406 779 633 5 0.0546 250 372 502 627 6 0.0544 517 404 781 636 3 0.0543 318 456 578 703 13 0.0536 433 463 711 705 13 0.0534 319 454 579 703 6 0.0530 381 386 638 623 8 0.0530 255 381 497 630 0 0.0527 314 451 574 701 10 0.0525 316 458 576 701 10 0.0523 379 389 636 621 11 0.0519 252 378 505 627 8 0.0513 456 591 705 835 2 0.0509 318 459 574 698 11 0.0504 445 596 718 831 9 0.0503 316 457 575 695 1 0.0502 426 456 700 704 13 0.0501 517 406 783 637
SCHfRhv2CrF80QEipTo7LVyZmuKaTF8t,5 0.0668 248 784 497 1021 8 0.0664 252 786 496 1022 7 0.0651 253 785 502 1023 0 0.0620 253 787 499 1023 11 0.0617 313 784 558 1019 6 0.0602 316 786 563 1023 10 0.0597 194 795 438 1020 13 0.0593 253 790 503 1023 6 0.0582 198 793 442 1020 11 0.0576 194 792 438 1020 10 0.0561 314 787 560 1020 3 0.0557 318 781 565 1023 9 0.0544 249 791 501 1022 2 0.0537 253 793 501 1023 3 0.0536 197 792 441 1023 12 0.0500 319 780 560 1023
dFByoSKk4bv5lCZZsgCs3u8ndZz3Tj6j,11 0.0661 622 540 883 784 8 0.0622 313 76 559 313 0 0.0614 624 541 881 787 5 0.0613 496 648 754 896 11 0.0602 434 592 700 831 11 0.0602 495 658 756 895 0 0.0593 497 655 755 900 0 0.0590 308 79 567 316 5 0.0588 367 82 618 304 6 0.0587 435 649 690 893 5 0.0583 429 583 696 831 6 0.0579 630 540 888 784 0 0.0577 434 589 699 834 6 0.0568 437 93 691 322 7 0.0567 434 648 686 898 8 0.0567 432 585 692 834 11 0.0565 434 87 692 322 13 0.0565 377 84 632 303 8 0.0563 630 474 864 714 11 0.0563 305 77 563 313 0 0.0558 437 86 691 325 11 0.0554 691 396 944 634 10 0.0552 483 550 827 731 0 0.0549 246 7 509 241 7 0.0545 487 544 826 732 11 0.0545 183 139 430 375 10 0.0543 433 592 700 835 3 0.0542 443 90 688 327 5 0.0542 475 543 820 729 9 0.0542 478 548 830 729 8 0.0541 503 653 749 900 13 0.0538 507 655 760 898 3 0.0537 632 476 870 724 5 0.0536 691 394 940 632 10 0.0536 629 482 871 713 5 0.0536 626 472 867 714 2 0.0533 435 591 702 833 0 0.0532 379 15 631 243 5 0.0528 173 511 438 766 13 0.0528 438 589 706 833 3 0.0527 507 655 757 904 8 0.0526 483 547 817 730 5 0.0525 248 64 506 299 11 0.0524 245 8 514 235 7 0.0523 440 89 693 326 13 0.0522 627 542 891 784 5 0.0521 437 0 818 152 0 0.0519 696 472 937 715 8 0.0519 435 84 684 324 3 0.0516 487 548 823 735 10 0.0516 500 660 758 898 7 0.0514 631 473 872 717 10 0.0514 374 90 623 305 3 0.0513 438 590 699 837 13 0.0513 329 11 575 239 3 0.0511 448 1 819 156 0 0.0511 447 0 815 152 9 0.0510 428 652 687 888 3 0.0510 390 16 632 244 11 0.0506 377 17 632 236 5 0.0505 316 8 563 237 2 0.0504 629 481 871 713 6 0.0501 311 81 569 313 2 0.0501 481 551 825 727
N7Elb2Ljlk8viKmold0f3FTLzRTvb6n1,8 0.0546 530 320 769 560 11 0.0540 529 326 773 558 5 0.0533 523 317 773 558 11 0.0526 312 676 701 845 11 0.0521 581 397 834 629 8 0.0510 584 391 826 629 0 0.0510 187 662 449 903 11 0.0509 242 670 516 904 5 0.0506 350 105 639 340 3 0.0504 533 320 776 567
lfFQEOS4NBfxsSc1ypgHGt9brtCzrezl,5 0.0688 199 868 558 1021 8 0.0661 204 869 559 1023 7 0.0639 206 869 569 1023 0 0.0635 204 871 564 1023 10 0.0623 198 873 566 1023 11 0.0622 199 872 563 1021 6 0.0599 206 874 565 1023 13 0.0562 207 873 570 1023 2 0.0561 203 874 563 1023 9 0.0541 199 871 566 1022 7 0.0522 251 720 501 949 3 0.0520 207 870 562 1023 1 0.0517 201 869 563 1023 0 0.0511 249 724 495 956
DbzuoerVMsRoIsdhn0upi0kVU6jlICKp,8 0.0583 453 267 701 506 11 0.0571 203 85 454 310 0 0.0568 451 272 708 508 0 0.0563 524 403 778 648 11 0.0551 326 339 586 579 8 0.0542 382 340 637 577 11 0.0542 266 408 522 644 6 0.0539 208 401 459 640 8 0.0537 206 398 447 641 8 0.0536 454 394 702 637 0 0.0531 201 81 448 321 0 0.0528 200 225 458 476 7 0.0525 206 401 455 639 0 0.0524 246 152 501 388 7 0.0523 446 442 713 693 0 0.0523 586 349 845 577 6 0.0521 331 333 588 585 0 0.0520 203 405 453 644 6 0.0515 453 333 710 571 5 0.0513 442 329 700 567 5 0.0513 196 399 452 638 11 0.0512 447 334 706 567 6 0.0509 75 478 342 709 13 0.0509 209 83 456 315 6 0.0509 265 263 513 519 8 0.0509 67 476 321 715 3 0.0507 460 394 709 643 7 0.0506 454 329 715 568 11 0.0505 507 449 773 696 6 0.0503 525 398 781 642 13 0.0501 274 398 530 653 7 0.0501 77 475 338 710 5 0.0500 189 221 453 466
qWEk0SdssNXLpwR1Pl1oCfIlDNzb6ATE,11 0.0602 378 261 643 490 11 0.0598 319 135 570 362 0 0.0592 522 223 771 450 11 0.0587 574 214 829 436 0 0.0584 253 142 508 371 8 0.0559 324 133 562 366 11 0.0551 177 163 445 384 5 0.0547 318 129 563 365 3 0.0541 327 134 569 373 6 0.0535 260 140 513 371 10 0.0531 575 219 822 434 7 0.0531 326 134 567 369 10 0.0528 322 137 569 363 10 0.0527 287 296 649 473 0 0.0526 379 264 638 496 8 0.0521 573 213 819 437 5 0.0517 570 212 823 434 5 0.0516 284 289 641 472 5 0.0511 174 156 435 383 8 0.0507 186 154 433 389 13 0.0507 324 136 574 367 8 0.0506 381 261 636 497 3 0.0506 298 293 647 477
kS5o6SW3xilETczg6Ex0XCNcRf6ei8qY,5 0.0507 636 329 904 561
J4q51KQAQO96MvJaTi2g8q6MsOzClUq3,5 0.0689 561 784 812 1018 0 0.0660 334 664 711 852 5 0.0649 559 666 823 894 8 0.0645 340 665 705 850 8 0.0645 147 678 471 854 5 0.0643 496 710 747 954 11 0.0643 501 598 755 829 10 0.0643 140 682 477 858 11 0.0642 500 713 753 955 11 0.0640 335 666 709 849 5 0.0638 265 671 626 853 8 0.0630 567 781 811 1021 6 0.0630 503 715 755 959 11 0.0625 566 784 814 1020 7 0.0618 274 671 639 853 11 0.0612 565 665 829 894 7 0.0611 507 654 762 893 0 0.0610 144 680 487 861 8 0.0610 569 665 822 895 0 0.0606 561 782 816 1023 7 0.0604 569 784 822 1022 8 0.0600 502 710 749 957 5 0.0599 495 595 748 829 11 0.0589 685 817 951 1018 3 0.0584 273 674 637 858 8 0.0583 498 594 748 831 0 0.0580 682 814 951 1023 6 0.0579 567 790 821 1021 13 0.0578 340 667 716 852 6 0.0576 337 669 711 852 3 0.0572 502 654 759 899 6 0.0571 499 598 756 832 6 0.0568 567 669 832 894 11 0.0568 146 681 483 856 13 0.0566 570 790 821 1023 10 0.0561 501 659 757 893 2 0.0552 505 661 758 895 8 0.0550 687 808 943 1022 1 0.0546 334 664 705 852 7 0.0545 43 669 376 857 3 0.0545 566 784 817 1023 12 0.0544 342 665 711 853 9 0.0544 332 668 707 848 2 0.0539 567 786 821 1023 7 0.0535 513 527 767 762 5 0.0525 678 813 944 1019 10 0.0522 561 731 824 966 0 0.0520 31 599 370 789 13 0.0518 151 679 491 855 7 0.0517 691 812 958 1023 9 0.0514 496 713 751 956 9 0.0511 563 784 815 1020 3 0.0510 41 671 373 859 0 0.0507 505 528 763 766 9 0.0502 144 680 478 853
4sI4q1AulfJuKjz14EwyfQVkcCYXUlEw,6 0.0572 441 323 706 564 0 0.0566 505 269 761 516 7 0.0563 505 322 768 560 5 0.0563 293 665 564 902 11 0.0558 296 672 571 901 3 0.0557 510 324 768 563 0 0.0555 296 667 569 909 5 0.0546 430 318 698 565 13 0.0542 439 323 708 565 0 0.0541 375 620 652 849 0 0.0539 316 126 574 376 8 0.0536 440 323 694 563 7 0.0534 300 669 569 905 11 0.0534 433 329 701 567 13 0.0530 303 668 575 908 0 0.0529 584 325 827 568 11 0.0528 311 127 576 373 8 0.0527 290 725 562 967 5 0.0520 306 67 562 314 5 0.0519 430 0 691 203 10 0.0518 436 329 702 566 6 0.0514 317 75 569 318 3 0.0508 304 672 570 909 5 0.0505 577 318 824 565 8 0.0501 437 0 686 204
esdUABP1QM2K5TBWgI0XexLyy9hGerwU,11 0.0593 372 276 640 514 5 0.0578 66 774 306 1012 8 0.0571 69 773 304 1021 6 0.0567 382 271 645 516 3 0.0565 378 207 639 454 11 0.0563 374 151 639 382 5 0.0558 499 200 752 434 6 0.0556 70 785 316 1016 8 0.0544 502 202 747 433 11 0.0542 439 83 706 312 0 0.0542 67 777 312 1023 3 0.0542 508 205 754 441 0 0.0541 375 209 637 451 0 0.0540 498 206 755 436 11 0.0537 309 214 572 440 0 0.0537 304 333 557 582 11 0.0536 67 779 311 1015 13 0.0536 73 778 319 1019 0 0.0528 376 465 623 716 7 0.0527 380 269 642 516 11 0.0526 450 532 698 763 8 0.0526 443 78 695 312 8 0.0525 381 145 629 384 13 0.0525 381 273 648 516 5 0.0521 368 267 638 508 8 0.0518 448 531 688 765 5 0.0518 301 328 552 579 7 0.0516 507 205 758 436 13 0.0514 507 207 761 436 11 0.0513 299 338 557 583 3 0.0512 447 80 704 316 8 0.0512 380 268 633 513 11 0.0511 392 597 635 829 13 0.0511 317 211 582 447 2 0.0510 374 213 635 450 5 0.0508 510 598 752 827 6 0.0508 321 211 577 444 8 0.0507 384 654 615 885 11 0.0507 501 207 761 433 13 0.0506 382 145 647 387 11 0.0506 511 605 759 828 7 0.0503 315 210 574 442 6 0.0501 307 329 560 580
DrG8M5OCeG1vM0O4vZr8NoOsKVGvT5an,11 0.0635 390 676 760 853 8 0.0609 393 675 755 853 0 0.0577 396 675 762 855 7 0.0573 400 676 769 854 6 0.0551 400 678 764 855 3 0.0548 400 675 765 858 5 0.0544 388 674 757 851 10 0.0535 392 679 757 853 13 0.0531 397 676 772 855 11 0.0501 250 321 507 555
fhk9OtPLSwPMxQILq85VAzSaWbisOLFn,11 0.0581 369 599 623 827 0 0.0572 305 587 561 828 8 0.0564 307 587 551 831 11 0.0560 304 538 565 765 8 0.0558 381 660 627 899 11 0.0549 304 659 570 899 7 0.0548 312 584 564 830 6 0.0548 315 532 567 766 0 0.0546 172 607 449 844 11 0.0539 240 597 509 835 6 0.0539 247 593 511 835 5 0.0532 302 585 558 826 13 0.0531 376 596 631 829 6 0.0521 378 596 624 829 10 0.0520 308 593 559 828 7 0.0514 305 468 565 701 7 0.0512 375 530 626 755 11 0.0512 424 678 682 897 13 0.0509 315 655 576 903 7 0.0509 383 659 641 899 3 0.0509 376 597 621 835 13 0.0504 247 593 514 839 3 0.0504 247 596 506 843 0 0.0504 380 663 635 897 0 0.0503 311 725 561 969
NMuknIlLxZnfDAyVfv0k0Vjz8RvjOebJ,11 0.0694 377 587 629 832 11 0.0677 247 536 501 770 8 0.0671 499 655 761 906 11 0.0664 253 644 505 896 8 0.0663 446 591 691 839 5 0.0660 378 585 628 831 7 0.0656 251 584 503 834 8 0.0653 258 644 502 898 7 0.0651 388 526 638 771 5 0.0649 249 584 498 832 7 0.0633 451 590 699 840 3 0.0630 251 588 500 836 5 0.0627 494 654 765 905 11 0.0626 496 655 770 904 8 0.0625 383 529 630 772 0 0.0625 381 588 631 837 0 0.0624 250 586 501 832 5 0.0624 183 641 432 900 6 0.0617 448 594 698 840 8 0.0616 252 538 494 769 6 0.0614 249 589 502 831 10 0.0613 380 591 630 832 7 0.0612 186 644 437 904 0 0.0611 503 658 767 911 6 0.0597 503 658 774 905 3 0.0595 382 588 630 838 6 0.0592 385 530 637 769 0 0.0590 186 646 436 903 10 0.0589 499 661 768 904 3 0.0587 188 647 435 908 10 0.0581 253 539 500 768 6 0.0578 186 644 439 900 13 0.0577 258 643 509 901 10 0.0576 255 645 503 898 1 0.0574 313 582 560 830 9 0.0570 377 586 629 830 2 0.0569 450 597 697 838 2 0.0568 251 591 499 833 13 0.0568 451 593 701 840 2 0.0565 385 533 635 770 13 0.0564 318 585 567 829 7 0.0561 503 654 772 908 3 0.0559 503 653 770 910 1 0.0558 444 587 697 840 1 0.0550 255 640 502 901 2 0.0549 185 649 433 902 13 0.0547 503 658 772 906 13 0.0543 387 527 640 770 12 0.0536 384 586 630 836 9 0.0529 248 537 499 766 2 0.0526 503 660 767 904 12 0.0520 253 587 500 834 1 0.0520 380 520 634 772 4 0.0519 382 587 633 834 4 0.0517 257 645 506 900 12 0.0516 503 653 773 911 9 0.0513 495 657 767 901 9 0.0510 253 645 504 897 1 0.0501 496 651 767 909
gTqmHXX08ayteLg0IWyb0LHtYLFyA9pp,0 0.0639 251 201 506 440 5 0.0638 247 199 506 440 5 0.0630 325 138 577 370 11 0.0629 249 203 510 439 11 0.0625 183 793 443 1023 7 0.0625 266 468 495 715 8 0.0614 252 200 502 443 8 0.0601 187 789 434 1023 6 0.0600 254 139 507 371 0 0.0594 331 142 582 372 11 0.0588 382 208 645 441 7 0.0587 254 198 509 443 3 0.0582 249 203 508 448 11 0.0576 327 145 585 369 11 0.0572 185 471 428 712 5 0.0572 379 200 638 444 0 0.0570 385 207 642 444 5 0.0567 252 65 496 304 7 0.0563 386 202 648 446 5 0.0562 390 65 636 298 10 0.0559 182 796 442 1021 0 0.0558 257 67 499 313 6 0.0555 389 143 648 371 13 0.0548 255 202 513 444 8 0.0543 262 473 485 712 7 0.0543 126 786 385 1020 0 0.0541 187 794 446 1023 13 0.0539 188 796 450 1023 6 0.0538 329 68 578 300 2 0.0537 250 208 504 440 13 0.0535 334 143 593 372 7 0.0534 334 142 586 374 5 0.0534 260 465 492 709 0 0.0532 262 469 493 710 9 0.0531 379 209 640 439 10 0.0531 250 207 508 437 5 0.0530 179 788 436 1016 8 0.0528 331 146 577 371 8 0.0527 580 344 824 577 11 0.0525 426 728 699 952 3 0.0522 383 206 640 450 2 0.0521 268 479 498 717 3 0.0520 328 143 582 380 8 0.0517 258 74 493 307 10 0.0516 383 213 644 441 2 0.0515 384 212 642 442 12 0.0514 256 201 509 443 6 0.0512 268 477 493 711 9 0.0512 249 203 505 438 7 0.0511 64 282 328 509 13 0.0511 386 207 650 444 8 0.0508 381 209 637 444 3 0.0508 263 473 493 717 6 0.0508 188 796 447 1021 3 0.0505 430 720 699 964 0 0.0504 425 720 695 958 13 0.0504 53 232 333 453 13 0.0501 582 346 838 576 8 0.0501 427 720 688 961 11 0.0501 573 345 832 574
xJCCItHN2GkvGyTtA8AO5yGgxeyIlwX1,11 0.0521 310 401 575 628 0 0.0520 366 732 638 970 7 0.0520 317 397 582 634 7 0.0520 370 734 646 966 6 0.0519 370 735 644 963 5 0.0516 361 729 636 963 11 0.0514 309 726 580 952 13 0.0513 318 395 582 637 0 0.0503 314 399 573 635
sPxqPkp08J8Zcy3w5Tc9mHEoQQHRpQDz,11 0.0637 415 524 670 757 5 0.0616 509 259 768 504 5 0.0590 302 335 561 565 13 0.0585 566 394 834 636 8 0.0583 423 346 762 526 11 0.0579 234 404 486 632 0 0.0574 562 395 829 636 0 0.0574 414 523 666 764 5 0.0574 411 512 666 758 8 0.0571 565 393 822 634 0 0.0568 640 325 897 569 5 0.0566 532 352 885 536 8 0.0566 312 338 557 567 6 0.0566 240 402 491 634 2 0.0565 471 420 823 597 5 0.0563 463 413 820 596 5 0.0563 445 196 700 431 0 0.0562 288 461 542 694 5 0.0559 236 395 480 631 13 0.0556 642 327 907 571 6 0.0555 479 418 829 596 11 0.0554 563 395 830 632 6 0.0553 420 517 673 760 11 0.0553 424 350 778 526 8 0.0551 421 516 664 762 13 0.0547 296 459 546 694 8 0.0547 246 209 492 442 5 0.0547 174 326 431 570 7 0.0547 475 415 825 598 0 0.0546 303 338 567 571 6 0.0546 309 337 570 566 8 0.0545 238 397 479 634 11 0.0543 363 593 615 820 11 0.0541 305 342 565 567 7 0.0541 512 258 769 508 7 0.0538 417 517 671 763 8 0.0538 267 0 484 230 6 0.0534 515 261 769 504 7 0.0534 239 399 487 637 0 0.0531 246 209 500 446 8 0.0531 181 323 426 573 5 0.0530 249 130 492 374 0 0.0528 179 330 435 574 8 0.0528 449 193 694 432 3 0.0528 568 393 831 642 3 0.0527 421 520 670 769 6 0.0524 547 353 894 536 3 0.0524 291 462 540 700 2 0.0522 511 267 768 505 11 0.0522 447 197 699 431 3 0.0521 513 262 765 515 8 0.0521 181 148 421 373 3 0.0519 642 327 896 573 6 0.0516 258 137 497 375 13 0.0515 420 519 674 761 2 0.0514 242 406 485 636 0 0.0513 419 350 767 529 2 0.0510 544 357 889 538 3 0.0510 308 339 564 576 8 0.0509 371 587 610 824 10 0.0509 564 396 831 636 0 0.0508 262 0 495 239 11 0.0507 175 334 438 568 11 0.0506 638 330 900 567 6 0.0501 182 212 435 443 11 0.0501 245 210 505 440
NQFThGfcWIEvpisVlTeTKMKWjz0Cv2G9,5 0.0613 765 1 1008 248 0 0.0606 766 6 1010 251 11 0.0599 763 8 1011 245 8 0.0582 769 9 1004 246 5 0.0560 112 0 375 193 6 0.0547 770 6 1013 245 10 0.0543 762 10 1009 245 0 0.0532 117 5 381 197 6 0.0527 119 1 387 196 13 0.0524 771 5 1017 249 3 0.0509 770 8 1009 255 11 0.0502 114 2 388 190
DMHWKQJj30kTsGacCMHtE4DveOCMU2Hx,13 0.0598 314 146 585 374 7 0.0593 319 403 570 637 8 0.0583 314 405 555 638 0 0.0571 417 610 766 793 3 0.0568 318 409 566 642 8 0.0566 255 137 508 384 11 0.0562 315 408 565 632 11 0.0559 501 604 769 825 11 0.0559 254 141 518 378 0 0.0559 314 408 570 641 8 0.0553 503 603 763 828 5 0.0551 565 789 809 1016 11 0.0550 191 219 454 459 11 0.0548 244 18 509 252 13 0.0540 244 78 513 314 0 0.0537 306 280 582 511 11 0.0536 501 733 763 951 5 0.0534 428 732 683 964 8 0.0532 240 520 485 758 5 0.0531 309 402 564 634 13 0.0525 200 222 463 460 7 0.0524 510 728 764 957 13 0.0524 319 409 573 638 11 0.0524 424 678 696 904 7 0.0523 247 72 508 314 11 0.0520 571 796 816 1014 7 0.0519 508 600 778 828 13 0.0518 422 610 774 789 0 0.0511 571 796 815 1021 7 0.0511 576 793 820 1015 8 0.0509 305 219 573 445 5 0.0507 246 133 512 376 8 0.0506 572 796 810 1015 5 0.0504 497 598 767 824 6 0.0503 315 411 570 634 6 0.0501 507 608 775 827
PhZR9UMjq6FZIsATAmMNR819brxXDEbw,8 0.0603 428 520 686 769 8 0.0595 508 345 759 582 0 0.0595 427 516 691 773 7 0.0589 512 341 767 580 6 0.0580 432 518 695 770 7 0.0579 431 517 694 770 5 0.0572 425 512 690 769 11 0.0563 426 519 694 766 0 0.0552 503 346 765 585 8 0.0544 189 322 429 555 0 0.0537 756 333 1017 573 11 0.0523 504 343 765 575 8 0.0522 263 416 615 602 3 0.0519 432 520 692 775 9 0.0518 427 518 693 769 5 0.0517 742 330 1012 563 11 0.0516 696 415 966 646 13 0.0515 431 518 700 771 11 0.0514 185 324 441 552 10 0.0512 429 522 691 771 11 0.0503 255 346 636 528 5 0.0502 175 377 439 634 6 0.0500 513 341 766 581
B0tcQC7Ib1pbn1z7dP7AYUuaf4lP1QzS,8 0.0615 329 144 571 389 6 0.0611 389 136 637 380 7 0.0588 332 140 586 392 0 0.0588 386 135 637 378 11 0.0579 382 138 638 378 10 0.0576 327 148 583 389 5 0.0573 383 128 633 377 8 0.0567 375 318 623 559 3 0.0558 390 137 636 383 8 0.0553 392 76 633 314 10 0.0547 388 77 640 311 8 0.0546 246 265 497 508 5 0.0543 230 322 499 566 7 0.0541 247 263 509 507 13 0.0539 389 135 647 378 11 0.0538 240 268 507 507 8 0.0533 179 204 434 440 9 0.0531 383 134 633 370 0 0.0521 564 728 825 966 6 0.0520 248 267 508 508 5 0.0514 162 263 442 495 8 0.0513 442 659 689 888 8 0.0507 177 336 437 575 5 0.0507 172 408 444 638 7 0.0507 378 320 636 561 0 0.0506 370 322 629 561 7 0.0506 182 465 443 706 7 0.0505 248 392 504 634 6 0.0504 446 660 706 890 8 0.0503 312 385 555 627 3 0.0501 245 265 510 515 11 0.0501 442 659 694 885
nXYk1vcMRZA6fv1daw4WJ2OZkLVbQX6R,8 0.0595 294 87 555 316 6 0.0573 380 72 633 306 5 0.0570 371 66 628 302 11 0.0558 451 69 706 297 5 0.0556 298 131 558 365 0 0.0540 294 82 559 319 5 0.0535 444 137 694 373 11 0.0522 288 85 561 314 3 0.0513 383 68 634 314 10 0.0512 451 71 706 299 13 0.0512 305 142 573 364 7 0.0506 438 458 699 697 10 0.0505 294 91 561 317 7 0.0503 457 63 709 301 8 0.0501 447 144 688 369
eUymHY4BK1J2yKLxS0iDbsneXjEq8h6C,0 0.0562 506 266 750 482 11 0.0560 494 449 757 701 0 0.0546 388 11 653 251 5 0.0543 624 442 875 695 0 0.0537 555 457 814 710 0 0.0536 565 336 818 573 8 0.0535 629 437 868 697 8 0.0531 569 328 809 569 11 0.0522 446 266 695 483 7 0.0515 325 254 582 499 11 0.0511 385 17 652 248 11 0.0507 388 135 648 357 13 0.0506 177 795 438 1018
wWTYUE10RP7DUGgFNzU0X59P8DxXSICq,14 1.0 0 0 1 1
SZgwJQMXw1k8l298sarcgtWyaQYglqfu,7 0.0549 322 454 564 680 8 0.0547 262 451 489 688 11 0.0544 764 271 1023 511 11 0.0544 318 457 558 681 8 0.0532 768 267 1016 519 0 0.0527 319 459 566 683 11 0.0523 381 407 630 618 11 0.0515 317 336 571 553 7 0.0513 249 390 504 626 5 0.0507 317 455 558 679 11 0.0506 241 401 499 625 8 0.0505 320 391 556 608 5 0.0505 764 266 1021 510 8 0.0501 182 332 442 560
ztHH0hNYfEPdTMVbROoLPrfQCGICHdCY,8 0.0630 249 720 482 961 5 0.0626 182 722 421 960 0 0.0612 187 726 425 963 11 0.0611 304 725 560 953 7 0.0600 186 726 425 962 11 0.0598 183 725 425 958 7 0.0597 308 721 561 957 6 0.0596 313 726 562 957 6 0.0590 188 727 427 961 8 0.0583 0 788 311 970 8 0.0570 126 712 361 953 0 0.0567 308 722 557 959 10 0.0566 123 718 365 950 5 0.0561 634 778 884 1019 5 0.0560 306 721 553 954 10 0.0554 0 791 319 965 11 0.0552 639 782 885 1019 10 0.0552 246 726 486 959 3 0.0546 311 722 558 960 0 0.0540 638 779 892 1023 13 0.0538 131 717 373 957 7 0.0535 643 777 894 1022 5 0.0528 0 787 312 969 3 0.0527 188 723 424 966 8 0.0524 640 777 881 1023 11 0.0519 0 792 325 967 2 0.0514 188 731 426 962 13 0.0511 249 724 494 961 7 0.0506 8 791 325 972
PAPR6L1JOKvBJm8d6HCAwyIZxNpOeCqm,5 0.0622 183 713 424 954 11 0.0622 181 660 437 900 5 0.0619 248 784 489 1018 7 0.0615 190 717 428 956 8 0.0612 188 714 422 951 0 0.0611 190 715 428 957 8 0.0600 255 786 486 1021 7 0.0592 255 788 498 1023 10 0.0584 183 664 437 899 11 0.0573 245 595 501 829 13 0.0566 256 790 497 1023 5 0.0564 243 658 504 900 11 0.0562 252 791 492 1022 0 0.0561 248 659 504 903 7 0.0561 254 660 507 902 0 0.0556 256 789 494 1023 8 0.0554 248 661 498 898 6 0.0548 188 718 429 954 13 0.0546 190 716 431 956 3 0.0545 188 716 428 958 11 0.0545 372 662 639 894 3 0.0540 256 789 497 1023 6 0.0537 257 792 496 1023 2 0.0536 190 721 427 954 8 0.0521 376 728 632 962 10 0.0520 253 791 496 1021 7 0.0517 378 724 642 963 2 0.0511 255 793 494 1023 6 0.0506 250 662 509 900
FOsAaqGAV1K6gmVpgXQFTlUj2uqo1XAM,0 0.0669 124 582 389 825 0 0.0662 252 585 512 817 11 0.0644 310 525 576 752 5 0.0644 183 672 546 855 11 0.0632 249 587 514 814 8 0.0632 124 580 382 827 7 0.0630 191 673 555 856 0 0.0623 313 523 574 759 8 0.0619 248 585 508 815 7 0.0611 315 520 573 755 11 0.0607 124 583 389 822 8 0.0607 312 520 565 757 6 0.0605 189 674 556 856 10 0.0596 186 677 552 856 5 0.0596 123 578 386 826 5 0.0595 305 523 566 755 3 0.0587 195 675 553 858 11 0.0585 371 672 642 889 10 0.0579 122 584 384 829 6 0.0573 313 527 576 753 7 0.0572 128 578 390 825 13 0.0563 254 587 519 816 8 0.0554 379 670 632 895 2 0.0551 125 591 387 832 5 0.0548 374 667 637 891 3 0.0547 127 583 388 831 0 0.0547 249 466 497 702 6 0.0544 125 585 395 823 13 0.0544 316 524 577 756 11 0.0540 247 467 500 694 9 0.0539 121 583 387 821 13 0.0538 123 580 396 826 2 0.0536 252 590 512 818 2 0.0536 316 528 572 758 10 0.0534 311 527 569 753 0 0.0532 379 669 638 897 3 0.0522 382 669 638 897 1 0.0521 246 584 516 815 12 0.0520 252 583 514 818 5 0.0517 240 462 494 699 9 0.0517 244 587 512 813 7 0.0516 382 671 644 895 6 0.0515 379 671 644 893 4 0.0507 189 676 556 857 1 0.0507 122 577 386 830 3 0.0503 315 525 569 761 8 0.0503 245 463 491 699 10 0.0501 245 470 495 697
NQHE2jk50WRwck5BUrWclo0ldhuL8HQN,11 0.0624 320 680 693 855 11 0.0621 569 732 824 966 8 0.0590 324 678 689 854 5 0.0587 318 676 691 854 6 0.0585 324 679 702 857 7 0.0582 579 793 829 1023 7 0.0579 325 678 700 857 0 0.0579 565 726 830 970 0 0.0554 322 677 696 857 11 0.0554 444 472 692 705 5 0.0549 563 725 821 965 10 0.0539 322 681 694 856 13 0.0536 329 682 704 858 7 0.0531 254 597 517 837 8 0.0529 444 406 687 638 13 0.0524 582 797 833 1023 10 0.0521 566 731 824 968 2 0.0518 322 684 695 856 3 0.0518 327 681 700 860 8 0.0515 578 792 818 1023 11 0.0515 568 539 826 769 7 0.0507 324 460 567 697 6 0.0503 449 474 698 709 3 0.0502 569 729 826 971 7 0.0501 452 471 701 707
b8VGtEsbWHhdEj1XvkfwLHlyU0rJun5L,5 0.0669 504 412 758 652 6 0.0636 564 362 819 581 5 0.0631 371 329 627 575 0 0.0615 501 354 750 578 7 0.0610 510 415 761 654 5 0.0609 312 270 572 505 5 0.0609 506 278 757 506 0 0.0607 383 271 639 502 0 0.0607 516 536 771 774 11 0.0602 449 270 704 497 5 0.0600 241 338 501 573 8 0.0597 380 266 635 500 11 0.0597 316 275 580 503 3 0.0596 566 363 816 595 5 0.0595 511 529 768 771 8 0.0593 510 475 761 721 11 0.0589 439 391 690 631 8 0.0582 565 366 811 584 7 0.0582 445 328 696 568 0 0.0580 316 205 585 445 8 0.0579 439 392 681 635 3 0.0576 512 283 759 515 11 0.0575 383 207 646 434 11 0.0575 511 472 768 716 11 0.0571 246 342 503 569 5 0.0568 376 206 638 434 0 0.0566 251 133 510 384 11 0.0562 570 298 826 520 3 0.0560 383 266 641 504 6 0.0557 444 333 699 566 5 0.0556 309 405 574 645 10 0.0555 439 331 694 565 7 0.0550 450 519 713 761 13 0.0547 314 344 580 581 7 0.0544 385 269 643 501 6 0.0542 191 340 448 570 2 0.0542 380 273 641 498 7 0.0542 510 282 766 508 13 0.0539 196 342 450 574 3 0.0538 451 208 711 444 7 0.0537 453 207 716 442 8 0.0536 444 206 706 441 0 0.0535 311 341 573 576 13 0.0535 388 270 647 500 7 0.0534 379 397 635 647 3 0.0534 516 537 769 776 8 0.0534 311 341 564 575 0 0.0531 244 280 502 516 8 0.0529 246 280 491 513 7 0.0529 251 341 506 575 8 0.0529 504 282 759 508 13 0.0529 503 355 755 577 3 0.0529 382 397 638 647 8 0.0526 319 205 573 442 8 0.0526 384 471 628 711 0 0.0525 447 210 712 441 6 0.0525 511 420 761 652 5 0.0522 319 131 574 368 9 0.0521 507 418 761 649 11 0.0520 325 130 585 370 3 0.0519 312 341 579 580 7 0.0519 567 361 820 586 5 0.0517 379 464 631 712 2 0.0517 439 333 695 566 0 0.0516 256 402 512 649 5 0.0516 248 83 499 310 11 0.0516 316 405 579 641 10 0.0516 516 479 767 722 5 0.0515 445 138 693 362 11 0.0515 385 470 637 707 2 0.0514 449 214 715 438 6 0.0514 510 284 763 508 13 0.0514 256 404 521 650 0 0.0513 173 52 427 282 10 0.0513 448 213 713 438 12 0.0510 382 268 641 502 6 0.0509 322 276 584 507 8 0.0508 254 134 497 379 2 0.0505 248 345 504 573 13 0.0505 514 476 772 720 3 0.0504 241 281 504 520
Rag7o8e6TQCbGC2dgn5vOq3pxvGFRaPE,11 0.0593 358 10 619 242 8 0.0586 311 27 545 259 8 0.0582 489 9 750 245 11 0.0580 482 10 758 236 3 0.0576 565 0 828 205 5 0.0567 362 6 609 246 3 0.0563 371 9 613 254 5 0.0560 481 5 755 241 0 0.0559 313 22 550 259 8 0.0548 505 331 757 569 6 0.0540 570 0 825 196 13 0.0538 490 14 765 244 6 0.0537 314 24 559 259 13 0.0535 369 12 619 246 7 0.0534 563 0 824 199 0 0.0524 567 0 824 199 7 0.0518 312 20 554 259 8 0.0515 649 19 885 269
lldfBBoppDAL6NaQxDQSpuSSwV8IMzlv,5 0.0592 366 718 627 955 11 0.0586 512 525 772 758 11 0.0581 433 722 695 948 8 0.0574 512 587 760 828 8 0.0573 436 719 687 953 5 0.0573 507 582 762 827 5 0.0572 435 522 701 760 0 0.0567 513 587 769 831 11 0.0566 299 793 561 1023 5 0.0563 491 793 755 1018 0 0.0562 372 718 632 958 13 0.0560 440 719 697 955 8 0.0560 301 789 554 1023 7 0.0558 515 584 771 828 7 0.0550 241 791 501 1022 0 0.0546 303 788 564 1023 8 0.0544 441 527 698 763 3 0.0544 443 527 709 770 6 0.0543 443 526 712 761 3 0.0541 512 588 767 834 7 0.0540 446 524 710 763 5 0.0539 298 785 556 1021 7 0.0537 442 719 698 954 13 0.0536 502 802 768 1023 6 0.0532 513 587 770 826 13 0.0528 373 788 635 1023 7 0.0527 499 796 767 1023 3 0.0525 439 721 695 956 7 0.0522 521 460 781 705 8 0.0518 498 800 749 1023 0 0.0517 497 798 759 1023 8 0.0516 517 465 768 701 7 0.0513 371 788 631 1023 13 0.0513 244 793 508 1023 0 0.0512 516 468 776 708 3 0.0512 498 799 759 1023 9 0.0510 439 525 707 757 13 0.0508 306 721 575 960 3 0.0505 521 467 773 710 6 0.0505 240 791 496 1020 11 0.0504 526 400 773 636 7 0.0504 305 724 573 955 6 0.0502 441 718 693 953 10 0.0501 432 720 695 950
BpFg8es2gDZcGCA7Oy1gbRFSMvj1tJds,11 0.0624 301 334 578 564 5 0.0612 300 397 574 638 5 0.0595 243 334 507 566 8 0.0590 306 332 564 568 3 0.0587 306 334 576 570 11 0.0585 259 482 639 657 8 0.0581 250 395 496 640 7 0.0580 187 454 436 706 7 0.0574 252 393 507 642 13 0.0574 373 405 650 644 11 0.0569 176 594 434 820 11 0.0560 368 275 643 494 7 0.0560 310 332 578 567 13 0.0555 256 395 510 644 13 0.0547 311 331 584 570 0 0.0546 312 459 571 710 0 0.0545 325 407 698 594 5 0.0543 375 461 637 706 8 0.0542 180 455 425 706 3 0.0540 269 482 638 663 11 0.0540 307 528 565 769 6 0.0535 311 398 579 641 7 0.0528 182 589 437 825 8 0.0525 312 461 564 708 7 0.0524 313 526 567 773 8 0.0524 183 589 431 825 3 0.0523 377 533 643 778 8 0.0522 261 267 501 501 2 0.0521 311 403 576 637 10 0.0520 307 338 573 565 5 0.0520 183 402 435 643 5 0.0518 304 266 575 494 5 0.0517 177 585 433 821 8 0.0516 184 723 445 954 5 0.0513 305 522 561 771 11 0.0513 182 728 451 953 0 0.0513 374 534 640 773 6 0.0512 283 354 639 534 8 0.0510 635 0 883 204 0 0.0510 310 678 578 911 0 0.0507 183 592 432 825 10 0.0506 250 398 504 640 0 0.0506 185 456 433 706 0 0.0505 581 0 935 157 11 0.0504 306 681 575 904 3 0.0504 376 274 637 503 11 0.0504 179 459 435 704 5 0.0503 365 336 641 572 0 0.0503 250 393 506 641
BUFwK6WZiQDiwv2iUjQxy9IVqTJBXL3l,11 0.0638 439 533 695 767 8 0.0623 519 465 756 704 11 0.0619 455 404 705 637 11 0.0619 516 469 760 699 8 0.0613 444 531 689 772 0 0.0596 519 468 761 705 6 0.0589 446 533 698 768 7 0.0582 521 463 762 702 11 0.0578 246 330 501 568 0 0.0574 439 532 693 770 0 0.0574 180 271 431 508 13 0.0573 441 538 696 771 0 0.0565 249 326 502 571 0 0.0564 509 354 755 586 8 0.0560 507 350 750 585 7 0.0559 456 399 705 640 3 0.0559 523 468 760 705 6 0.0558 521 469 763 701 3 0.0557 509 352 755 587 8 0.0556 183 268 426 508 7 0.0555 443 532 693 772 10 0.0554 517 469 762 704 5 0.0553 178 210 431 435 13 0.0552 131 321 398 574 7 0.0550 182 268 434 505 6 0.0549 255 326 503 574 6 0.0547 511 355 758 581 5 0.0546 515 465 757 699 11 0.0544 120 400 389 640 13 0.0538 520 468 764 703 6 0.0537 0 802 235 1020 7 0.0536 121 517 376 765 11 0.0534 178 274 432 501 10 0.0534 442 534 692 767 13 0.0531 643 0 902 214 3 0.0530 446 534 696 774 5 0.0529 241 322 497 565 8 0.0527 255 327 492 572 5 0.0526 496 291 752 522 7 0.0521 1 800 235 1023 8 0.0520 641 0 885 209 3 0.0518 251 329 499 577 0 0.0517 117 520 377 765 3 0.0517 181 275 430 511 5 0.0516 433 595 693 831 11 0.0516 113 526 374 760 0 0.0515 642 1 890 211 8 0.0515 120 205 377 437 10 0.0513 454 405 702 641 5 0.0513 0 798 230 1021 2 0.0513 442 536 694 770 5 0.0512 118 519 371 765 8 0.0512 46 475 315 713 6 0.0511 185 273 435 509 10 0.0509 179 281 430 504 13 0.0508 257 327 508 574 10 0.0504 249 335 500 567 13 0.0504 510 353 761 582 2 0.0502 519 470 759 702 6 0.0501 646 1 892 212
Unhkf1CAqw76mDxAzquljvOeJWaNcsut,11 0.0594 322 480 689 655 7 0.0582 338 476 698 660 11 0.0570 123 260 386 487 3 0.0565 339 477 694 662 7 0.0554 198 322 439 568 0 0.0554 328 478 691 660 7 0.0552 374 525 629 774 8 0.0552 257 80 498 321 6 0.0550 198 324 437 570 0 0.0546 371 527 624 772 11 0.0543 235 451 493 700 5 0.0543 122 253 379 493 11 0.0539 178 149 441 378 8 0.0537 126 199 374 435 13 0.0535 139 325 384 573 8 0.0532 333 477 680 657 3 0.0531 131 256 385 500 13 0.0526 253 673 518 910 11 0.0525 235 608 499 837 3 0.0524 246 452 490 711 11 0.0524 363 526 624 763 6 0.0524 197 210 442 452 8 0.0523 138 323 371 575 5 0.0522 327 472 689 658 7 0.0521 260 142 511 385 5 0.0518 288 664 563 902 10 0.0517 331 481 695 658 11 0.0517 252 82 508 319 6 0.0516 374 530 626 767 6 0.0515 339 477 697 656 7 0.0514 196 201 449 451 5 0.0513 187 323 432 568 10 0.0512 183 81 441 311 3 0.0512 195 327 434 576 7 0.0510 243 451 494 705 5 0.0508 365 520 623 769 13 0.0508 243 448 499 706 0 0.0507 258 81 504 320 8 0.0505 367 528 615 766 10 0.0504 240 457 495 703 0 0.0502 241 448 494 705 8 0.0501 243 448 486 703 3 0.0501 372 528 624 774 2 0.0501 372 530 623 766
5kZRXN4wmzfH3Ji2HmRQ5EU0caeh679k,8 0.0619 372 208 630 437 5 0.0597 505 322 774 561 11 0.0584 374 210 642 436 11 0.0578 573 476 835 717 0 0.0573 382 148 639 375 8 0.0573 503 459 751 703 8 0.0572 318 143 573 372 0 0.0557 252 24 515 271 11 0.0554 570 345 841 568 7 0.0551 375 207 640 439 3 0.0550 377 207 637 444 8 0.0550 255 26 506 268 5 0.0542 369 203 630 435 6 0.0540 375 207 640 435 13 0.0540 311 211 588 452 8 0.0538 511 324 774 559 0 0.0534 511 329 779 563 13 0.0530 254 20 522 273 0 0.0529 578 476 839 720 5 0.0527 499 458 750 700 13 0.0526 512 327 786 561 2 0.0526 511 330 776 558 6 0.0522 317 143 584 373 13 0.0520 581 476 844 719 11 0.0515 257 148 529 388 3 0.0514 518 387 765 636 0 0.0511 261 145 526 390 10 0.0507 374 213 641 438 8 0.0506 251 216 505 460 2 0.0504 375 214 633 438 11 0.0503 440 466 692 701 6 0.0502 255 25 519 266 5 0.0502 249 19 506 268 11 0.0500 252 25 518 270 0 0.0500 753 655 1011 919
laAqTnqpGIDfivEBsKO0FqubV8gP3Ffn,11 0.0667 377 399 636 627 8 0.0642 320 387 565 624 11 0.0632 306 336 566 572 5 0.0619 315 447 576 694 8 0.0617 246 343 491 575 13 0.0617 258 388 511 633 13 0.0615 375 466 635 702 11 0.0615 375 284 624 498 7 0.0605 308 330 568 571 3 0.0602 318 386 570 628 0 0.0595 436 352 693 581 11 0.0594 240 274 499 503 8 0.0592 374 464 628 698 6 0.0588 440 355 697 581 0 0.0587 250 387 508 631 8 0.0586 317 265 561 501 7 0.0583 381 395 637 629 0 0.0581 370 462 631 703 3 0.0580 316 266 568 506 5 0.0577 303 326 562 570 10 0.0574 255 392 512 630 5 0.0573 375 520 631 769 3 0.0565 243 342 495 579 0 0.0565 241 268 495 506 6 0.0565 553 422 916 610 6 0.0565 318 269 570 500 5 0.0565 253 520 509 768 11 0.0564 594 478 957 671 5 0.0561 434 344 690 579 10 0.0559 437 410 703 629 13 0.0559 247 272 504 506 11 0.0559 376 527 633 770 7 0.0559 381 284 631 499 0 0.0558 376 285 626 501 5 0.0558 237 266 493 501 6 0.0557 244 344 500 574 8 0.0554 436 405 695 630 8 0.0552 187 270 427 507 7 0.0551 244 268 497 500 7 0.0544 384 524 634 772 8 0.0544 385 214 628 440 7 0.0542 259 521 510 773 8 0.0539 442 293 687 515 0 0.0538 600 476 957 677 5 0.0533 541 421 897 612 11 0.0533 315 214 576 443 11 0.0529 255 525 511 765 2 0.0529 436 410 702 631 7 0.0528 319 208 580 441 10 0.0525 375 468 633 698 7 0.0524 187 325 441 569 2 0.0524 371 470 633 700 8 0.0523 247 216 487 446 9 0.0523 316 388 570 618 13 0.0522 384 284 633 499 1 0.0522 316 448 577 691 6 0.0522 190 268 444 506 13 0.0520 438 407 707 631 3 0.0519 374 463 632 706 0 0.0519 317 211 577 446 3 0.0518 437 403 701 635 2 0.0517 260 529 514 773 7 0.0517 444 669 717 902 13 0.0517 262 524 517 773 6 0.0517 380 527 637 771 6 0.0512 320 455 583 694 0 0.0512 439 667 712 907 10 0.0512 184 333 438 569 5 0.0511 375 279 624 492 12 0.0510 310 332 567 574 2 0.0510 377 347 628 568 8 0.0508 598 479 943 673 12 0.0508 376 462 635 700 5 0.0508 435 663 707 903 3 0.0504 189 270 438 514
kx8IzbkUiiu99Za4GTruRpKDWo5mWjI7,7 0.0643 526 398 775 638 5 0.0620 570 462 822 713 5 0.0619 516 395 767 638 11 0.0613 461 399 713 625 8 0.0612 517 402 768 639 11 0.0608 572 468 826 708 5 0.0599 635 344 911 578 8 0.0596 183 456 417 692 6 0.0593 466 400 719 628 8 0.0584 574 468 823 710 5 0.0583 455 210 705 427 0 0.0580 524 460 773 707 6 0.0576 529 457 778 705 3 0.0574 524 402 772 646 7 0.0570 579 465 830 712 6 0.0566 464 525 710 759 11 0.0565 634 3 890 203 6 0.0560 649 346 921 579 5 0.0560 635 0 884 202 0 0.0555 178 459 425 692 0 0.0552 459 400 711 628 11 0.0552 639 346 914 579 8 0.0551 635 683 868 911 11 0.0548 113 416 367 656 8 0.0543 644 344 908 585 2 0.0543 523 411 771 639 9 0.0542 513 401 774 630 10 0.0540 574 475 828 712 7 0.0538 181 455 427 689 0 0.0537 460 526 703 762 0 0.0537 630 683 877 909 0 0.0536 637 1 887 206 8 0.0533 634 0 880 205 2 0.0532 576 475 826 714 6 0.0532 470 221 713 428 13 0.0530 578 469 832 711 11 0.0526 628 679 871 903 6 0.0526 642 0 890 204 5 0.0526 174 454 422 686 13 0.0526 117 418 375 660 8 0.0517 463 219 707 426 0 0.0517 643 350 917 585 3 0.0516 580 467 826 718 11 0.0516 460 215 712 425 13 0.0513 463 397 720 623 10 0.0513 518 410 772 640 12 0.0511 581 469 832 713 3 0.0511 186 463 424 696 8 0.0507 123 536 359 770 7 0.0505 466 214 717 430 13 0.0505 454 176 710 375 13 0.0503 635 682 883 906 9 0.0500 571 465 825 705
K3edZGzhsmGP6ax5t1Co1pGO0lCaSxb2,5 0.0621 248 709 499 958 7 0.0602 254 713 505 964 8 0.0590 251 711 499 960 11 0.0578 250 715 502 959 0 0.0570 253 712 503 964 13 0.0564 256 717 507 963 10 0.0546 249 717 505 961 3 0.0538 253 715 505 967 6 0.0523 255 714 505 963 1 0.0513 250 710 500 962 0 0.0508 308 325 572 566 7 0.0506 311 318 574 567
y2WMfkShBIP4FtGUNB86pA05FzZkshHX,11 0.0582 494 587 745 826 11 0.0579 377 657 641 892 7 0.0576 387 651 645 893 8 0.0560 374 594 616 830 11 0.0551 561 534 823 766 8 0.0550 493 587 736 830 7 0.0548 562 464 817 697 11 0.0546 229 467 494 700 7 0.0540 502 586 746 825 8 0.0540 564 532 812 769 5 0.0530 374 652 635 895 0 0.0527 377 653 641 899 0 0.0521 628 487 895 729 11 0.0504 305 405 567 624 0 0.0502 492 587 743 831
kgtQAUEbKeC2YEudkE2JMCFrcVWwc8sy,14 1.0 0 0 1 1
erajBnIwdv5YmfNfJVsI5q64tPtPCIhY,5 0.0641 643 399 904 642 0 0.0634 569 532 824 773 8 0.0630 508 474 758 711 11 0.0624 568 532 825 771 0 0.0621 507 474 763 712 11 0.0617 643 398 904 639 11 0.0613 441 477 698 720 8 0.0610 569 530 818 772 6 0.0606 506 532 770 775 3 0.0601 511 474 765 713 5 0.0597 441 471 697 720 8 0.0592 649 400 899 647 7 0.0586 510 470 767 713 8 0.0585 371 403 612 633 6 0.0584 654 402 910 644 11 0.0581 640 597 894 836 7 0.0577 575 530 828 773 8 0.0571 369 667 608 903 11 0.0570 372 402 620 633 13 0.0569 573 533 829 773 10 0.0569 506 476 764 713 0 0.0568 649 402 909 646 0 0.0568 373 399 623 638 2 0.0567 508 479 762 711 3 0.0567 653 405 904 649 5 0.0564 302 395 554 636 8 0.0562 574 10 814 250 6 0.0562 645 599 896 839 5 0.0559 364 660 615 902 7 0.0559 310 396 562 636 13 0.0551 654 403 909 646 0 0.0551 642 600 893 840 3 0.0550 576 533 825 776 7 0.0544 372 469 633 708 10 0.0543 570 538 825 773 3 0.0542 376 402 621 639 13 0.0541 578 76 826 310 11 0.0539 570 14 822 245 5 0.0536 566 67 812 305 7 0.0533 376 667 624 899 9 0.0528 440 476 699 718 13 0.0525 363 595 629 841 5 0.0524 362 531 621 769 5 0.0523 661 491 1008 681 11 0.0523 368 667 618 898 3 0.0523 575 13 821 252 10 0.0522 369 406 622 638 1 0.0522 367 395 622 636 6 0.0520 378 402 623 636 7 0.0518 650 400 909 647 12 0.0516 510 474 764 712 0 0.0513 571 13 826 249 12 0.0513 575 535 827 772 2 0.0512 571 537 825 772 1 0.0510 503 469 763 712 13 0.0509 679 491 1021 682 8 0.0508 639 597 886 838 13 0.0508 505 6 775 247 7 0.0507 579 8 824 248 6 0.0506 376 669 621 901 2 0.0504 369 476 626 711 13 0.0504 373 402 630 639 10 0.0503 646 409 904 644 8 0.0503 369 539 614 767 0 0.0501 371 667 617 905
QYJrPlizIXMQ4tyrs1YG948C3VR8U0aX,8 0.0584 393 482 754 661 11 0.0562 230 664 494 886 11 0.0559 281 596 651 785 0 0.0558 384 481 763 664 11 0.0555 760 408 1014 641 5 0.0542 229 654 485 886 5 0.0538 468 546 829 729 11 0.0536 332 669 696 847 8 0.0532 337 538 689 719 6 0.0529 405 542 769 734 5 0.0522 375 479 756 660 7 0.0522 391 482 770 662 0 0.0521 477 551 834 734 10 0.0517 477 552 837 729 8 0.0517 235 662 483 884 8 0.0516 283 598 636 784 5 0.0515 280 589 641 782 8 0.0511 483 550 827 730 11 0.0510 383 484 761 663 11 0.0510 291 419 661 606 11 0.0509 471 552 834 729 3 0.0507 396 482 764 665 8 0.0504 296 419 639 605 13 0.0503 483 548 843 732
UrJTGVK0v7EbTDyoFiElSGgzrxeRyo11,5 0.0631 269 422 627 611 11 0.0622 309 422 576 648 3 0.0615 277 427 637 618 8 0.0607 313 418 566 648 6 0.0592 254 419 509 645 6 0.0591 336 429 706 602 5 0.0584 313 266 558 494 0 0.0577 252 416 503 648 10 0.0559 252 418 507 648 13 0.0555 255 418 509 648 3 0.0554 324 272 564 504 7 0.0548 281 424 640 614 0 0.0545 259 193 492 430 11 0.0543 376 342 641 575 8 0.0539 378 337 629 573 13 0.0534 347 489 707 665 0 0.0534 322 276 562 499 11 0.0533 321 274 566 496 0 0.0532 377 470 642 695 11 0.0531 332 554 713 729 0 0.0530 379 341 638 574 8 0.0530 341 552 700 729 10 0.0524 337 433 706 603 5 0.0521 251 183 488 424 8 0.0519 251 537 495 768 6 0.0517 263 193 495 425 6 0.0516 395 272 637 494 8 0.0514 265 193 485 422 2 0.0513 253 423 504 650 1 0.0513 249 411 501 646 11 0.0513 256 196 492 422 11 0.0511 431 421 698 646 11 0.0510 246 541 499 769 11 0.0510 359 592 638 833 6 0.0510 331 125 555 371 9 0.0510 332 432 696 597 3 0.0507 376 536 642 768 5 0.0505 316 122 545 367 5 0.0505 246 535 498 768 6 0.0503 372 536 647 767 0 0.0503 369 592 638 837 0 0.0501 402 208 630 442 8 0.0501 366 593 628 833
rFyqhimGh3Dsw1slXbbB84qwVceLRfrQ,11 0.0622 239 342 504 578 8 0.0619 504 391 761 636 11 0.0614 438 463 699 696 5 0.0607 240 339 502 576 3 0.0602 245 340 502 586 7 0.0594 248 336 506 579 11 0.0588 504 396 768 634 8 0.0586 189 346 439 590 0 0.0584 569 401 822 641 8 0.0581 441 457 693 697 5 0.0580 504 388 766 635 11 0.0577 302 458 560 695 8 0.0573 578 454 824 703 11 0.0571 181 404 442 653 6 0.0567 249 341 505 579 6 0.0566 574 342 829 573 13 0.0562 510 465 774 701 5 0.0557 178 398 433 651 8 0.0557 254 276 501 517 0 0.0557 241 397 499 649 0 0.0548 367 460 622 703 11 0.0547 442 605 699 826 7 0.0546 571 397 825 641 3 0.0545 184 401 437 660 11 0.0543 364 525 626 758 7 0.0543 368 458 626 702 11 0.0538 572 459 830 702 10 0.0537 239 403 503 647 11 0.0536 244 209 501 434 0 0.0532 254 280 508 519 6 0.0532 510 461 769 700 11 0.0531 376 676 643 901 3 0.0529 513 394 766 641 13 0.0529 573 398 829 637 8 0.0528 304 458 551 697 5 0.0528 439 455 694 697 0 0.0525 504 463 764 701 3 0.0520 447 463 697 702 7 0.0513 183 401 441 654 6 0.0511 183 399 442 656 6 0.0510 370 463 629 699 6 0.0509 253 210 503 437 13 0.0509 242 395 508 652 10 0.0508 503 396 767 639 5 0.0506 446 592 692 826 7 0.0506 508 460 765 702
ws7LshXyW8fmzWweKi4oVuZmvLKBjGqk,11 0.0574 642 600 886 837 5 0.0567 443 333 690 553 7 0.0565 515 396 771 639 11 0.0562 506 463 767 697 11 0.0558 579 334 832 566 0 0.0558 643 540 900 773 5 0.0555 580 392 835 641 8 0.0551 647 601 880 841 5 0.0550 644 596 882 841 5 0.0548 390 267 638 491 0 0.0545 578 336 829 575 0 0.0544 590 457 841 706 11 0.0538 449 338 701 552 5 0.0537 579 268 827 499 5 0.0537 577 512 824 759 6 0.0534 589 274 836 501 6 0.0528 514 400 773 638 6 0.0528 653 602 892 838 3 0.0528 451 341 700 564 0 0.0527 513 401 765 640 13 0.0527 588 399 848 645 11 0.0525 388 203 646 420 0 0.0524 383 143 628 357 7 0.0520 590 453 844 708 8 0.0519 509 398 760 638 8 0.0519 577 519 821 758 5 0.0519 372 69 626 297 5 0.0518 379 380 631 619 13 0.0518 388 388 644 617 0 0.0517 311 0 570 195 7 0.0516 647 599 889 842 13 0.0516 582 518 838 760 3 0.0515 514 401 765 645 7 0.0515 450 338 702 558 6 0.0512 452 342 705 557 7 0.0512 442 464 708 703 7 0.0512 383 75 630 303 7 0.0512 367 790 622 1023 6 0.0511 395 203 643 421 6 0.0510 591 457 845 701 7 0.0508 247 264 499 495 11 0.0508 384 388 637 616 7 0.0507 325 327 569 550 0 0.0507 387 391 637 623 3 0.0507 393 200 646 429 2 0.0506 449 345 696 555 3 0.0504 388 74 629 309 13 0.0503 317 1 578 198 11 0.0503 293 798 551 1020 8 0.0502 250 316 488 558 2 0.0502 582 278 834 497
N84sxzZYwzcY2dLSgYEV0zgeZy4eLDrS,5 0.0710 241 782 489 1019 7 0.0677 183 782 432 1016 8 0.0669 137 867 498 1023 11 0.0646 180 783 431 1016 0 0.0640 245 784 492 1022 7 0.0628 246 720 498 956 5 0.0621 180 710 430 950 10 0.0615 179 786 430 1015 10 0.0599 242 725 495 954 7 0.0596 312 787 562 1023 0 0.0595 184 716 431 956 3 0.0594 247 784 493 1023 11 0.0593 310 791 557 1020 6 0.0586 183 787 434 1017 0 0.0584 315 723 566 970 11 0.0584 240 720 497 953 11 0.0583 443 789 678 1021 9 0.0583 179 781 430 1015 13 0.0579 248 786 496 1023 8 0.0578 445 786 671 1022 10 0.0569 309 791 560 1021 2 0.0559 136 872 503 1023 8 0.0558 186 716 428 952 5 0.0542 439 784 676 1019 5 0.0541 308 722 561 963 8 0.0540 318 723 560 963 7 0.0537 449 787 687 1021 0 0.0527 442 787 681 1023 6 0.0525 311 795 561 1023 3 0.0521 316 723 566 971 9 0.0518 309 793 561 1020 2 0.0509 245 725 499 955 1 0.0508 243 781 493 1023 3 0.0508 186 714 430 957 2 0.0508 311 793 561 1023 4 0.0507 182 784 435 1017 13 0.0504 450 789 689 1023 3 0.0504 446 788 684 1023
90DPqCFWSejbWUKFgzUpbeXUr2O8GO1x,11 0.0631 241 604 509 836 11 0.0602 307 531 567 763 11 0.0598 450 457 709 695 7 0.0594 460 792 710 1023 11 0.0592 455 798 702 1018 8 0.0583 573 522 822 767 11 0.0582 570 524 829 765 3 0.0581 447 331 694 578 0 0.0573 432 144 709 380 11 0.0572 382 582 640 825 11 0.0569 110 473 385 700 5 0.0563 422 133 704 378 8 0.0562 513 402 755 634 11 0.0562 426 141 709 377 5 0.0561 451 789 698 1021 3 0.0560 523 402 762 644 7 0.0559 517 400 769 636 8 0.0557 512 589 760 835 6 0.0555 569 596 827 839 8 0.0552 428 140 699 378 13 0.0550 435 139 718 378 5 0.0547 236 525 503 767 7 0.0547 391 514 643 760 0 0.0546 513 590 768 835 8 0.0546 386 519 634 761 0 0.0545 573 523 830 771 13 0.0545 247 603 512 838 11 0.0545 564 271 816 497 5 0.0545 568 328 816 567 11 0.0545 440 332 697 567 11 0.0544 507 591 767 831 13 0.0542 516 590 772 836 7 0.0540 317 596 577 833 3 0.0539 320 596 573 835 3 0.0536 457 799 703 1023 10 0.0536 317 601 574 825 6 0.0535 520 402 767 635 7 0.0535 242 528 506 768 13 0.0534 575 526 838 768 8 0.0534 245 528 496 771 0 0.0532 455 797 705 1023 7 0.0530 448 329 697 573 7 0.0529 515 588 771 836 0 0.0528 384 581 636 830 5 0.0528 506 583 764 830 6 0.0527 573 272 821 500 6 0.0527 247 529 504 768 5 0.0526 507 397 760 635 6 0.0526 580 469 836 706 0 0.0526 241 525 502 771 13 0.0524 310 532 574 769 3 0.0523 581 332 820 576 0 0.0522 567 270 810 504 8 0.0521 457 798 695 1023 8 0.0521 320 597 568 831 10 0.0520 457 458 709 696 6 0.0518 321 593 574 829 3 0.0518 392 518 640 767 5 0.0518 311 592 570 827 5 0.0517 569 461 824 703 6 0.0516 449 579 703 823 8 0.0516 570 671 826 913 3 0.0515 512 590 767 843 2 0.0514 512 592 769 834 3 0.0513 242 531 504 774 13 0.0512 391 580 643 831 11 0.0512 566 673 832 908 11 0.0510 226 805 496 1018 13 0.0509 570 271 821 501 8 0.0509 443 331 684 569 10 0.0509 450 799 704 1022 2 0.0509 387 585 637 825 3 0.0508 433 140 713 384 0 0.0507 121 417 384 645 0 0.0507 515 404 762 636 6 0.0507 433 140 711 378 8 0.0506 117 470 376 707 6 0.0505 645 416 899 636 10 0.0505 389 520 638 761 6 0.0504 458 795 705 1023 6 0.0504 390 514 644 758 5 0.0502 382 511 639 758 13 0.0502 518 403 771 635 6 0.0501 123 474 389 703 7 0.0500 575 523 833 771
COnUPId9zfhKysu29r0sCzHFy7ycYVNm,11 0.0620 385 293 650 508 10 0.0579 385 297 655 506 8 0.0569 387 291 645 510 7 0.0562 389 288 660 514 11 0.0553 318 342 579 591 0 0.0552 381 347 641 575 5 0.0549 382 284 649 510 8 0.0536 316 607 567 830 11 0.0533 377 614 648 834 6 0.0523 391 293 654 511 11 0.0523 313 536 584 760 7 0.0522 259 594 520 837 11 0.0520 247 667 516 897 8 0.0517 322 341 574 591 13 0.0513 261 594 527 836 0 0.0509 383 616 644 841 0 0.0507 255 594 518 840 8 0.0506 316 726 564 957 13 0.0504 323 726 580 962 0 0.0503 318 535 583 767 5 0.0503 252 589 517 832 10 0.0503 321 352 581 588
s84qN7c0W0tGcJ0qUgt3VUxukEFdsIWB,0 0.0581 109 404 362 647 0 0.0573 169 467 422 727 8 0.0558 168 464 418 727 6 0.0554 171 472 430 724 7 0.0549 379 516 636 764 11 0.0549 163 470 422 728 11 0.0545 298 524 564 778 8 0.0526 112 398 358 647 8 0.0524 304 525 558 778 11 0.0523 108 403 368 645 0 0.0523 580 334 830 572 5 0.0515 166 467 419 718 0 0.0513 375 517 635 767 11 0.0513 253 313 513 553 10 0.0509 169 478 421 725 13 0.0508 381 520 639 764 5 0.0508 581 329 822 569 6 0.0505 301 526 568 776 13 0.0503 175 469 430 728 11 0.0502 179 260 440 487 5 0.0501 295 522 558 773 3 0.0500 381 523 632 764
2QpoNdH76wpyEPj73Wzjo8jhkoznaKvY,0 0.0623 504 341 759 587 7 0.0599 510 342 762 583 3 0.0594 509 341 758 589 11 0.0592 430 407 694 652 5 0.0591 499 337 758 583 13 0.0585 436 408 698 659 5 0.0584 237 811 510 1019 7 0.0581 436 407 694 654 8 0.0574 433 402 685 653 3 0.0570 436 404 696 659 6 0.0568 510 344 765 585 11 0.0565 376 342 630 586 0 0.0559 439 270 685 514 7 0.0559 382 340 631 586 5 0.0557 423 403 691 653 0 0.0556 429 404 690 657 5 0.0554 303 394 572 642 6 0.0553 435 404 698 654 13 0.0549 508 342 766 585 3 0.0546 378 341 633 594 6 0.0544 254 815 516 1021 11 0.0537 504 345 762 581 5 0.0535 367 794 630 1019 7 0.0534 445 271 690 510 8 0.0532 505 339 752 582 2 0.0519 506 348 760 582 11 0.0518 440 273 691 509 13 0.0518 245 817 516 1023 10 0.0513 505 346 760 585 2 0.0512 431 410 696 656 0 0.0512 570 200 819 446 8 0.0510 438 266 679 511 0 0.0507 0 406 255 651 0 0.0504 307 395 578 645
2FR7q7cWyRGnFcZkqBWuMM5bXW7MC8yN,8 0.0617 119 0 378 197 0 0.0593 118 1 387 201 5 0.0576 115 0 381 198 8 0.0538 405 603 758 783 0 0.0536 406 596 774 784 11 0.0533 117 3 386 197 13 0.0532 120 0 394 200 7 0.0532 454 339 710 569 8 0.0531 452 339 695 564 6 0.0525 119 0 386 197 11 0.0525 384 528 648 765 0 0.0511 55 601 313 856 7 0.0507 411 598 782 783 3 0.0506 120 0 381 199 5 0.0506 401 593 770 782 11 0.0505 60 607 313 847 11 0.0505 451 346 705 565 10 0.0504 118 4 383 196 7 0.0503 116 0 387 196 6 0.0501 396 533 653 764
MzKeujgLoGeu4XZ7c8A7H4H64j5N6Lkl,0 0.0571 363 671 642 891 5 0.0547 351 667 639 887 7 0.0541 380 788 640 1019 11 0.0529 363 675 642 885 8 0.0529 756 0 1004 212 10 0.0526 754 32 1018 271 11 0.0523 376 791 629 1018 5 0.0508 368 787 633 1015 8 0.0507 381 787 627 1020 11 0.0506 750 3 1015 208 8 0.0500 368 667 632 889
erZIkRxu4pCX799ugIyhxyqRXAWhJfBm,11 0.0643 644 538 879 770 8 0.0607 567 468 813 697 5 0.0599 566 460 817 701 5 0.0584 640 535 876 772 8 0.0584 644 539 870 771 11 0.0579 568 467 820 701 7 0.0577 577 526 828 774 6 0.0575 647 540 880 770 3 0.0564 574 529 825 780 13 0.0561 577 525 829 775 11 0.0560 110 1 390 192 0 0.0559 690 477 933 715 0 0.0553 569 467 823 703 6 0.0550 578 402 834 636 7 0.0545 635 463 877 705 3 0.0543 638 470 872 709 0 0.0537 502 586 759 833 11 0.0534 651 636 1014 807 2 0.0534 636 476 873 703 11 0.0533 504 590 763 825 8 0.0532 578 347 826 576 10 0.0531 572 534 825 772 8 0.0531 124 0 383 197 5 0.0520 575 339 831 578 0 0.0518 576 347 839 582 10 0.0512 503 590 763 827 6 0.0511 481 552 829 731 8 0.0509 690 472 926 710 2 0.0508 575 409 827 637 13 0.0508 575 403 838 637 8 0.0502 502 588 754 827 0 0.0501 661 633 1010 815
R4seA5JxXBPPlvSVWLjk1A4KdTnz6Dqm,0 0.0653 502 395 761 635 11 0.0630 520 670 776 906 0 0.0616 581 533 826 771 11 0.0612 581 535 828 764 8 0.0610 581 530 826 769 11 0.0608 506 400 764 631 7 0.0605 585 533 829 767 0 0.0601 0 735 237 971 11 0.0600 71 792 310 1023 5 0.0593 569 392 822 629 8 0.0592 1 732 232 968 6 0.0588 584 531 831 766 3 0.0586 587 531 830 769 11 0.0573 0 738 241 970 8 0.0573 525 665 765 911 8 0.0572 504 394 756 633 5 0.0568 577 530 826 766 8 0.0566 76 786 303 1023 7 0.0564 513 396 763 631 0 0.0563 69 790 311 1023 3 0.0559 510 399 761 638 6 0.0554 578 396 831 632 5 0.0553 496 312 753 554 13 0.0550 586 534 833 769 11 0.0547 429 201 695 432 7 0.0546 1 733 241 971 3 0.0545 529 665 774 912 3 0.0543 2 734 236 974 11 0.0542 563 340 824 570 0 0.0542 525 664 772 913 6 0.0541 525 665 781 905 6 0.0540 0 733 242 967 7 0.0533 524 666 778 911 13 0.0529 530 665 780 909 10 0.0527 580 540 826 768 2 0.0527 581 540 830 770 6 0.0525 75 794 315 1022 8 0.0524 72 660 316 915 10 0.0520 77 797 306 1021 13 0.0520 513 396 769 633 1 0.0517 0 729 240 972 0 0.0517 68 664 318 920 10 0.0514 1 736 237 967 5 0.0514 428 194 686 428 2 0.0513 2 739 243 969 6 0.0511 505 318 767 555 5 0.0510 741 0 1009 195 13 0.0509 513 260 773 503 0 0.0509 373 259 632 502 11 0.0508 68 669 322 914 10 0.0506 525 670 774 906 0 0.0503 110 1 381 234 2 0.0501 507 321 762 559
pUfqeDrB5ERCJmnAePn5xjzvHbhRVeZA,8 0.0565 575 396 821 613 8 0.0555 132 0 374 208 0 0.0544 129 0 381 216 5 0.0538 377 0 651 231 11 0.0537 490 661 758 896 0 0.0536 566 459 826 687 11 0.0521 566 457 827 679 8 0.0519 760 0 1004 198 5 0.0515 0 82 239 329 13 0.0513 755 0 1023 202 5 0.0510 124 0 372 205 7 0.0510 574 457 825 681 5 0.0510 751 0 1011 199 8 0.0508 0 85 233 333 11 0.0508 0 95 243 338 11 0.0506 127 4 380 206 7 0.0506 261 449 518 693 3 0.0505 1 89 241 341 8 0.0505 194 386 448 627 7 0.0505 502 660 765 901 0 0.0503 202 337 462 570 0 0.0502 754 1 1017 202
7A8T9wxaBD98svehvra3BVKkE2aw8PLp,8 0.0617 182 515 437 753 7 0.0605 238 715 505 940 0 0.0598 185 272 450 506 0 0.0591 180 518 446 756 11 0.0557 176 517 445 752 5 0.0556 133 0 505 147 0 0.0555 257 22 515 266 5 0.0551 176 262 443 505 11 0.0545 235 719 501 936 11 0.0545 179 272 450 500 5 0.0543 231 714 495 938 8 0.0541 234 718 490 937 11 0.0533 318 456 573 687 0 0.0530 235 716 500 944 6 0.0530 181 519 450 751 10 0.0523 180 520 442 751 0 0.0520 143 0 513 150 8 0.0519 140 0 494 150 5 0.0517 176 510 441 752 10 0.0516 235 723 498 941 7 0.0515 185 510 443 753 7 0.0514 262 267 525 499 3 0.0513 257 18 512 270 3 0.0512 237 720 497 947 3 0.0511 185 271 452 508 7 0.0506 326 395 577 631 8 0.0505 323 455 562 690 0 0.0504 324 400 579 634 11 0.0504 139 1 510 148 11 0.0503 247 22 518 259 0 0.0502 569 515 826 749
PuP0gbNiPOmm7VR2Wue77nXLraz1pO71,0 0.0635 254 383 503 625 5 0.0595 243 458 496 702 11 0.0591 251 385 503 618 7 0.0576 256 460 503 704 8 0.0576 368 536 615 763 6 0.0574 251 461 501 704 13 0.0573 251 457 506 708 11 0.0570 308 534 566 770 8 0.0570 254 459 492 703 6 0.0558 313 535 565 768 7 0.0553 317 535 568 770 8 0.0550 306 188 566 432 3 0.0547 251 461 500 708 10 0.0546 247 467 501 703 11 0.0541 702 529 955 770 0 0.0540 248 530 495 780 0 0.0517 240 258 509 496 13 0.0510 312 532 567 776 11 0.0508 506 3 769 195 13 0.0508 779 531 1023 770 5 0.0506 236 251 499 490 3 0.0506 314 532 561 774 8 0.0503 241 256 496 495 10 0.0503 363 545 631 763 7 0.0502 235 598 488 840
z7tBV7jESfDdLhP9Ry3I8qbm3YK5HvhU,11 0.0607 0 668 230 894 8 0.0598 387 190 639 450 8 0.0596 114 586 361 830 11 0.0593 378 200 648 448 0 0.0588 379 198 650 453 11 0.0579 115 587 367 827 6 0.0575 334 580 599 827 0 0.0570 402 456 652 714 5 0.0567 327 519 593 764 8 0.0562 1 660 223 895 0 0.0561 339 579 594 833 5 0.0559 376 188 640 444 7 0.0559 336 581 601 830 0 0.0557 107 588 373 833 7 0.0557 114 585 372 832 11 0.0554 332 584 591 823 7 0.0554 381 333 638 580 7 0.0551 260 512 513 769 0 0.0543 261 515 514 773 7 0.0542 385 196 647 450 0 0.0542 386 333 638 577 10 0.0541 114 589 368 830 5 0.0539 307 330 555 559 5 0.0539 387 390 638 633 5 0.0535 456 533 703 769 11 0.0533 450 391 710 634 6 0.0532 259 519 511 769 8 0.0532 396 387 633 640 8 0.0530 463 536 700 771 8 0.0528 257 517 507 769 0 0.0528 465 536 708 775 0 0.0528 299 264 565 494 6 0.0527 116 588 373 831 11 0.0524 393 519 654 764 13 0.0523 341 527 605 774 3 0.0521 388 195 647 453 2 0.0520 384 202 645 451 0 0.0516 454 390 708 635 11 0.0515 457 608 699 836 6 0.0515 380 259 643 503 13 0.0514 457 391 710 635 8 0.0514 305 257 555 494 0 0.0512 0 663 225 899 5 0.0510 113 581 366 831 7 0.0508 305 263 564 499 7 0.0507 461 461 712 706 2 0.0504 461 461 708 700 11 0.0503 321 465 582 706 13 0.0503 321 399 568 639
PD34pCn9MCIIv0PYosk23z9IXhbEwnyZ,5 0.0603 483 783 727 1021 11 0.0597 486 794 731 1020 7 0.0594 461 395 711 630 0 0.0593 493 793 732 1023 0 0.0574 456 394 709 630 7 0.0571 491 791 739 1023 8 0.0570 456 390 704 629 11 0.0564 370 797 621 1020 0 0.0561 387 332 644 566 7 0.0560 374 792 630 1023 5 0.0558 451 390 704 625 3 0.0550 495 790 731 1023 10 0.0546 370 798 625 1022 8 0.0543 491 795 723 1023 11 0.0542 316 407 579 635 11 0.0540 386 334 650 562 5 0.0538 369 787 620 1018 6 0.0537 492 794 735 1021 5 0.0534 316 403 576 634 0 0.0533 320 403 576 640 11 0.0527 459 398 709 627 3 0.0525 376 793 621 1023 8 0.0521 390 328 636 566 13 0.0518 493 794 737 1023 7 0.0515 391 327 649 565 13 0.0512 327 407 585 642 6 0.0512 381 794 624 1019 5 0.0511 448 270 707 504 2 0.0510 460 404 710 631 8 0.0510 325 402 567 639 8 0.0509 374 794 616 1021 8 0.0509 450 272 708 507 7 0.0508 323 403 579 640 3 0.0506 465 394 708 635 5 0.0504 383 327 641 560
y7zM7m7ywv6EhPU8JTcYK0JbmVXvJy1L,8 0.0625 311 97 567 326 11 0.0590 376 346 638 575 11 0.0580 362 218 637 447 13 0.0574 321 16 579 256 0 0.0565 244 668 507 918 7 0.0560 370 215 640 449 11 0.0558 376 95 639 317 0 0.0556 378 99 644 322 5 0.0556 370 91 636 316 6 0.0556 383 97 643 319 11 0.0555 318 19 572 254 5 0.0548 357 213 629 444 8 0.0548 303 211 566 448 11 0.0548 253 594 503 830 5 0.0542 234 334 508 572 6 0.0542 255 521 511 764 5 0.0540 236 460 507 703 11 0.0539 311 463 577 701 0 0.0537 363 217 637 448 0 0.0535 318 16 574 257 0 0.0533 360 666 631 920 7 0.0531 324 12 579 259 5 0.0531 238 669 499 909 6 0.0530 325 19 579 257 13 0.0530 259 521 514 767 10 0.0530 371 163 637 385 3 0.0525 383 95 637 322 3 0.0525 374 288 634 520 11 0.0522 296 157 571 389 5 0.0521 360 660 623 911 6 0.0517 315 461 582 704 5 0.0514 291 152 563 388 0 0.0513 371 409 628 643 6 0.0513 302 162 574 392 11 0.0513 301 284 576 506 5 0.0513 313 9 569 256 7 0.0511 381 92 645 320 11 0.0511 248 85 507 315 8 0.0510 437 224 699 454 0 0.0509 302 280 574 509 6 0.0509 316 340 589 575 10 0.0508 319 23 576 257 13 0.0508 256 674 514 916 7 0.0508 383 342 639 578 8 0.0507 257 517 497 764 6 0.0507 368 219 641 449 5 0.0504 434 146 693 380 7 0.0504 310 278 575 508 6 0.0502 142 588 398 843 11 0.0501 370 597 625 835 8 0.0501 141 587 384 841 13 0.0501 314 338 592 579
aUhCfH4fVE29AjI7ylIEOIcnYzcVf31y,0 0.0683 134 677 507 855 8 0.0675 72 676 429 854 11 0.0669 76 675 436 853 7 0.0659 133 675 509 854 11 0.0656 242 646 499 898 5 0.0648 126 674 502 852 3 0.0629 134 675 506 857 8 0.0623 244 646 495 896 10 0.0617 129 679 507 852 6 0.0597 134 677 511 854 13 0.0553 138 674 513 854 2 0.0549 136 678 503 853 9 0.0546 131 677 505 850 1 0.0534 130 674 505 854 12 0.0529 137 674 509 854
3Wf3NvyGcVOXHKaaCkSmZy4qiXYJg9qn,13 0.0547 333 0 596 202 11 0.0516 305 89 576 306 5 0.0515 320 0 584 198 11 0.0511 324 2 590 198 11 0.0510 318 269 579 494 5 0.0504 237 136 501 363 5 0.0503 172 635 436 874 0 0.0501 174 640 442 882
k576EmhRJuLOIBHFyzH7LRcr2JbYFnHM,8 0.0639 122 781 359 1021 5 0.0634 118 779 363 1016 5 0.0628 180 710 433 950 7 0.0614 187 712 436 954 8 0.0607 186 713 428 951 10 0.0595 182 716 431 951 11 0.0594 181 714 435 950 5 0.0583 704 0 955 196 7 0.0571 259 592 504 827 0 0.0570 189 712 436 955 8 0.0566 183 596 433 830 11 0.0564 249 593 503 824 11 0.0561 117 782 365 1015 0 0.0560 181 523 446 759 0 0.0558 121 781 365 1021 10 0.0553 253 597 500 825 11 0.0552 184 453 438 683 6 0.0548 186 714 437 951 0 0.0547 257 592 500 830 7 0.0546 119 782 369 1019 3 0.0544 126 783 366 1023 13 0.0542 188 715 439 955 10 0.0533 118 785 363 1020 5 0.0527 176 593 440 827 13 0.0525 122 787 369 1023 0 0.0522 698 2 959 199 3 0.0520 188 713 437 958 6 0.0517 256 596 505 827 2 0.0515 119 787 368 1023 9 0.0507 119 785 365 1019 9 0.0505 180 716 436 949 8 0.0504 251 529 496 767
n7OkpaJBGIuHvRy1wrDfN7BaLbmrXQPo,8 0.0620 513 333 768 575 11 0.0604 359 600 624 828 6 0.0603 569 596 822 838 8 0.0600 364 596 620 830 5 0.0598 561 591 816 841 0 0.0588 565 669 822 909 0 0.0580 361 594 626 832 5 0.0575 352 663 614 893 0 0.0572 512 342 777 578 7 0.0569 361 668 620 896 11 0.0567 564 598 820 835 13 0.0555 568 668 829 907 7 0.0554 573 594 827 843 13 0.0554 358 665 623 897 5 0.0551 576 337 834 574 11 0.0543 430 527 701 757 8 0.0536 564 671 813 905 3 0.0535 359 669 619 899 8 0.0535 310 535 632 722 3 0.0532 567 669 819 911 6 0.0530 360 668 619 895 10 0.0529 363 599 625 830 7 0.0524 438 523 710 761 11 0.0519 510 332 775 570 10 0.0511 564 675 822 906 5 0.0502 428 518 701 761 2 0.0500 356 673 614 896
s4fihhqljNi5KzGdeQeGqC5FkYXM6e2M,5 0.0587 251 461 508 717 11 0.0569 573 482 824 713 0 0.0567 250 466 513 721 0 0.0561 180 289 436 521 8 0.0557 251 330 493 570 0 0.0557 571 483 821 719 11 0.0556 179 341 444 582 5 0.0555 240 332 506 567 11 0.0554 249 467 513 714 8 0.0547 191 404 450 655 7 0.0539 256 464 515 720 11 0.0530 708 472 950 700 8 0.0528 134 338 387 579 3 0.0526 255 466 507 722 6 0.0522 190 341 447 584 8 0.0522 578 481 815 714 5 0.0519 123 333 389 572 11 0.0518 246 787 504 1019 8 0.0516 126 460 374 722 11 0.0513 625 399 871 642 8 0.0511 310 592 549 825 5 0.0510 121 461 378 719 11 0.0508 302 592 559 824 13 0.0505 577 484 829 716 10 0.0505 182 341 441 580 7 0.0501 580 483 827 717
VqrIaSIaQYNRhYeTiYtFGMTBISMjVwIg,0 0.0676 122 714 375 961 7 0.0662 125 662 380 908 5 0.0659 119 710 372 961 11 0.0647 122 664 380 905 10 0.0641 122 665 376 906 6 0.0628 188 715 436 961 8 0.0624 123 712 371 960 7 0.0618 319 716 573 972 11 0.0596 317 722 569 968 0 0.0592 320 719 568 977 6 0.0583 319 722 573 973 3 0.0581 128 661 376 912 8 0.0578 320 715 566 973 13 0.0574 187 713 439 958 5 0.0563 315 717 563 967 2 0.0558 125 715 373 962 1 0.0536 186 708 431 960 13 0.0533 321 719 577 972 10 0.0527 316 723 571 968 12 0.0514 190 712 433 960 9 0.0501 183 714 435 954
AdTZxQILT8TBIO9cUTkIXfIDHbenN7Fz,0 0.0531 129 193 387 430 11 0.0530 490 670 760 889 0 0.0529 491 668 756 895 0 0.0522 111 325 380 574 11 0.0522 243 261 500 496 7 0.0517 586 664 834 889 11 0.0514 333 732 704 901 5 0.0509 492 666 752 889 11 0.0505 384 270 627 499
bZuYDyT2IW2oLQw7VdkPo2dGdcmtSo8k,5 0.0599 368 204 621 441 0 0.0587 376 267 636 514 11 0.0575 369 266 638 511 7 0.0552 373 208 628 448 13 0.0530 379 269 642 517 6 0.0527 378 271 646 512 5 0.0520 235 124 502 367 3 0.0516 374 212 627 450 8 0.0512 375 265 628 516 2 0.0506 378 272 637 511 13 0.0503 245 133 516 371
iQDnRvqrNnzfbfEGcepVhR2Hoe7glfnO,5 0.0651 374 618 634 854 8 0.0641 440 611 693 844 11 0.0639 440 613 699 843 8 0.0621 317 545 577 777 0 0.0617 376 465 637 703 11 0.0616 376 541 647 773 0 0.0612 509 598 754 843 0 0.0609 432 538 697 773 11 0.0609 381 383 641 625 0 0.0606 319 390 571 638 7 0.0604 383 382 645 631 5 0.0591 319 468 574 717 8 0.0589 377 467 633 700 5 0.0584 507 590 750 839 10 0.0582 373 467 642 699 11 0.0578 322 474 576 711 8 0.0576 500 545 738 778 6 0.0576 441 615 700 843 7 0.0573 327 472 579 716 2 0.0567 439 614 700 845 11 0.0567 498 547 747 774 5 0.0566 376 377 640 627 3 0.0561 442 612 698 847 10 0.0556 440 615 701 844 0 0.0556 384 318 638 575 7 0.0555 513 595 757 840 13 0.0553 443 610 703 844 3 0.0549 388 319 638 576 6 0.0549 255 393 510 642 0 0.0548 311 543 582 780 8 0.0546 258 394 503 640 6 0.0545 327 472 579 716 2 0.0540 374 468 640 703 8 0.0540 383 251 633 493 6 0.0539 384 384 645 630 7 0.0539 436 537 701 773 5 0.0534 247 538 511 781 13 0.0532 377 539 652 777 3 0.0531 317 544 583 782 8 0.0530 322 323 577 568 11 0.0529 386 254 646 494 13 0.0528 384 381 647 629 10 0.0528 314 394 573 635 7 0.0526 386 253 645 496 6 0.0525 379 543 648 775 11 0.0525 249 545 515 778 5 0.0525 246 388 507 638 3 0.0522 376 465 639 706 0 0.0518 376 622 637 856 3 0.0517 502 544 744 783 11 0.0515 250 396 505 638 3 0.0514 321 392 573 641 6 0.0513 503 544 745 780 12 0.0511 444 610 701 846 9 0.0511 374 383 643 622 11 0.0507 421 732 690 960 8 0.0506 192 476 428 718 12 0.0506 319 323 583 576 13 0.0506 502 542 751 778 10 0.0504 257 483 516 722 9 0.0503 437 611 695 842
M65R1wjdbfRZTOYJ6bVewLlfwdpZ8Tne,8 0.0653 373 1 635 195 5 0.0630 367 604 628 842 0 0.0611 434 606 697 845 11 0.0611 367 608 632 839 2 0.0602 440 609 700 843 7 0.0590 312 602 574 840 3 0.0588 437 606 698 848 8 0.0582 437 607 691 843 7 0.0572 441 606 699 844 0 0.0570 500 537 760 770 10 0.0568 439 610 697 842 6 0.0563 373 0 647 191 7 0.0558 384 533 642 770 13 0.0558 442 603 700 843 11 0.0553 306 535 570 769 11 0.0553 368 464 644 699 8 0.0550 308 602 566 841 11 0.0547 361 1 644 190 3 0.0546 311 603 572 843 11 0.0546 502 539 760 765 5 0.0543 303 531 567 769 5 0.0542 366 0 641 190 5 0.0542 500 534 755 767 6 0.0541 440 608 701 842 8 0.0539 378 539 631 771 10 0.0538 307 606 570 840 0 0.0538 375 537 640 772 0 0.0536 305 601 571 841 13 0.0534 310 602 578 842 8 0.0533 504 535 753 768 13 0.0531 377 4 650 190 7 0.0530 372 0 646 191 7 0.0527 510 535 765 768 13 0.0525 511 535 767 769 10 0.0523 378 540 637 769 13 0.0520 381 535 644 769 9 0.0519 369 606 630 841 5 0.0514 365 460 642 701 2 0.0513 310 606 571 840 12 0.0510 439 606 699 845 0 0.0510 368 2 645 192 2 0.0508 380 541 637 769 6 0.0507 311 601 576 842 4 0.0503 442 609 703 844
WBHFX4zkw7ZYxyrqXAdQgemvLpNIqpv8,7 0.0598 248 654 499 898 11 0.0592 243 659 498 897 7 0.0590 311 590 563 814 8 0.0572 248 656 485 898 5 0.0567 243 656 494 896 11 0.0566 633 0 1018 147 0 0.0564 250 654 497 902 11 0.0555 306 591 561 816 11 0.0551 327 672 699 847 6 0.0545 250 658 501 899 0 0.0541 683 23 944 251 13 0.0536 692 24 955 248 7 0.0534 335 671 703 850 5 0.0533 626 0 1018 147 0 0.0531 312 589 560 817 0 0.0530 635 0 1021 151 0 0.0527 329 671 699 851 11 0.0522 115 528 383 758 10 0.0519 246 660 496 898 13 0.0519 328 672 707 848 5 0.0518 321 668 687 847 8 0.0517 329 673 685 848 13 0.0516 250 658 504 901 6 0.0510 312 594 563 813 13 0.0509 642 1 1023 149 3 0.0508 248 656 497 904 5 0.0508 74 492 317 721 8 0.0506 688 23 935 247 8 0.0506 310 591 548 813 5 0.0505 305 588 555 813 6 0.0501 637 2 1023 146
VwpnGSsqVv9h3xYYfIN4TFhenOHo58mI,11 0.0620 182 407 444 646 7 0.0617 320 413 578 642 8 0.0613 245 455 499 700 0 0.0606 251 396 507 635 11 0.0592 311 419 571 639 0 0.0587 318 474 582 712 5 0.0582 313 466 577 706 11 0.0581 245 343 505 569 7 0.0575 189 399 439 649 7 0.0569 335 529 582 766 6 0.0564 253 401 516 632 7 0.0564 192 532 446 771 5 0.0559 244 387 509 632 0 0.0559 173 464 437 719 0 0.0554 260 529 506 772 11 0.0552 332 537 575 763 3 0.0551 253 400 510 638 5 0.0550 309 332 574 564 5 0.0546 192 598 447 828 13 0.0540 264 529 518 766 0 0.0535 188 345 434 575 3 0.0534 323 340 568 575 10 0.0534 247 463 509 698 6 0.0529 126 595 395 832 13 0.0525 190 405 451 652 8 0.0524 315 339 567 566 6 0.0522 321 345 574 564 3 0.0522 327 477 577 715 5 0.0521 166 462 436 710 8 0.0519 102 331 357 565 3 0.0516 266 534 507 773 10 0.0516 333 540 582 768 6 0.0514 177 472 449 716 6 0.0513 322 476 588 703 5 0.0512 179 340 432 570 6 0.0509 190 348 441 574 8 0.0505 276 607 501 839 11 0.0503 182 535 445 766
fSKWr4PcpVQf2vhRmJEp2Bw24zZEPnAj,0 0.0655 238 529 500 768 11 0.0605 170 591 435 829 5 0.0599 167 585 428 828 11 0.0599 178 478 432 707 8 0.0598 232 586 491 821 0 0.0594 173 586 434 833 7 0.0586 237 582 500 821 8 0.0570 859 19 1019 405 8 0.0564 118 599 365 836 10 0.0560 173 594 438 829 8 0.0554 122 415 380 645 7 0.0552 182 472 435 713 5 0.0551 175 474 429 708 6 0.0548 175 594 438 831 7 0.0544 122 597 377 833 0 0.0539 124 416 392 647 10 0.0535 237 537 501 765 13 0.0532 237 586 505 822 5 0.0530 854 5 1022 407 10 0.0528 175 483 432 710 3 0.0517 175 591 433 838 3 0.0517 127 417 392 649 6 0.0515 237 539 506 763 11 0.0513 256 669 633 841 5 0.0510 253 664 621 837 7 0.0509 269 665 641 842 0 0.0508 263 665 631 843 13 0.0503 125 416 400 644 2 0.0501 175 596 433 831
NtZVZ5xoQJWDb9vDM4nkAKzPb1hdfdGf,8 0.0651 205 868 563 1023 5 0.0647 197 866 562 1021 7 0.0599 216 869 574 1023 0 0.0593 204 867 566 1023 11 0.0585 203 870 567 1021 13 0.0581 211 871 576 1023 10 0.0562 201 870 569 1023 6 0.0535 209 871 575 1023 3 0.0524 214 869 568 1023 2 0.0517 206 871 569 1023 9 0.0517 202 867 568 1020
0HiLOOxtxVZcQsysTpweqeylvDk9E9DT,5 0.0627 175 396 429 631 5 0.0625 103 475 367 714 11 0.0604 180 400 432 635 8 0.0593 110 475 360 716 5 0.0591 230 774 491 1014 5 0.0588 183 529 436 769 5 0.0581 300 645 565 886 0 0.0580 185 401 431 636 8 0.0579 181 393 425 640 8 0.0579 234 778 484 1015 7 0.0575 173 771 436 1005 0 0.0573 304 580 558 825 11 0.0571 319 736 688 919 0 0.0568 116 480 366 714 11 0.0568 186 535 437 767 7 0.0564 118 480 373 712 0 0.0563 243 655 496 894 13 0.0562 173 772 443 1005 11 0.0561 231 782 490 1015 5 0.0559 169 699 436 946 5 0.0556 184 270 428 499 11 0.0556 242 661 499 889 7 0.0555 185 398 434 632 5 0.0555 322 730 685 920 0 0.0554 188 537 433 771 0 0.0552 235 774 494 1017 5 0.0548 112 334 368 570 8 0.0548 241 656 492 890 11 0.0545 109 482 372 713 6 0.0545 248 660 501 892 7 0.0541 309 649 567 890 8 0.0541 187 531 427 770 6 0.0541 174 769 435 1004 6 0.0540 119 479 376 714 0 0.0539 367 658 634 892 11 0.0538 301 580 557 814 5 0.0536 496 587 755 835 5 0.0536 243 188 490 431 0 0.0534 123 342 373 578 2 0.0534 261 539 498 772 7 0.0533 451 585 708 826 13 0.0528 115 414 384 656 10 0.0528 182 405 432 636 13 0.0527 249 660 505 893 7 0.0525 249 192 499 432 0 0.0525 189 277 432 505 11 0.0525 376 793 635 1014 0 0.0525 499 594 765 839 8 0.0524 329 738 677 924 3 0.0524 188 537 433 776 11 0.0523 186 274 436 502 7 0.0523 191 533 437 766 11 0.0522 116 340 378 571 0 0.0520 242 194 494 434 6 0.0517 186 401 437 639 3 0.0517 116 482 367 724 3 0.0514 374 659 633 897 6 0.0513 374 662 639 888 3 0.0512 246 658 497 898 13 0.0511 190 335 437 577 13 0.0511 305 783 568 1018 6 0.0508 248 199 502 431 7 0.0508 247 589 499 835 12 0.0508 115 481 369 715 0 0.0508 111 771 376 1005 10 0.0507 245 660 498 891 5 0.0504 372 577 623 829 3 0.0503 308 577 557 828 11 0.0503 243 196 499 431 8 0.0502 244 198 487 433 3 0.0502 183 399 430 642 10 0.0501 327 740 691 922
4BRSMaISSJTu0l1h9l5v3eAFKgfVPRJZ,11 0.0559 382 13 634 253 8 0.0535 387 12 627 257 10 0.0530 388 18 632 250 7 0.0525 389 11 636 255 13 0.0524 390 13 642 256 0 0.0522 386 12 634 256 0 0.0516 318 604 581 828 3 0.0510 390 15 633 258 7 0.0507 320 601 583 823
hAHvYX1qXakKZAgUI6laTuVriMjYmwYn,5 0.0636 304 403 557 623 0 0.0585 308 405 564 629 0 0.0575 563 794 813 1023 8 0.0567 312 405 555 627 8 0.0567 568 671 800 901 11 0.0563 308 406 561 623 7 0.0562 265 784 505 1022 11 0.0560 370 736 632 964 0 0.0554 227 345 490 563 11 0.0554 559 676 810 899 0 0.0551 314 788 562 1018 0 0.0545 429 735 684 971 5 0.0544 558 793 809 1019 7 0.0540 569 794 816 1023 0 0.0538 567 672 810 903 11 0.0537 506 799 752 1019 11 0.0534 440 462 696 683 7 0.0531 375 732 632 967 3 0.0529 313 408 560 633 11 0.0528 383 359 652 572 0 0.0524 381 352 655 580 5 0.0524 314 784 556 1010 10 0.0522 373 736 630 967 7 0.0520 444 796 689 1022 8 0.0518 265 787 493 1021 0 0.0517 443 462 700 688 5 0.0517 434 797 681 1018 7 0.0517 569 672 814 900 8 0.0514 370 736 618 967 5 0.0512 223 341 486 557 8 0.0506 439 797 676 1022
vkxIjnxt6tOJOgT6tGbruWAXSrWm3WpD,8 0.0658 13 787 247 1014 5 0.0631 12 784 252 1017 11 0.0600 10 789 256 1016 11 0.0592 567 470 829 699 11 0.0589 1 671 260 896 8 0.0585 3 669 252 899 5 0.0575 0 666 253 900 7 0.0567 571 469 839 697 11 0.0563 680 484 934 704 10 0.0563 15 786 253 1017 11 0.0560 506 549 777 775 6 0.0558 16 792 257 1017 7 0.0556 13 786 257 1019 0 0.0556 623 482 900 717 6 0.0556 624 481 904 710 7 0.0553 8 668 261 904 3 0.0552 17 785 252 1023 0 0.0552 10 788 258 1020 0 0.0552 121 553 388 793 8 0.0550 681 483 930 714 8 0.0549 129 547 375 791 0 0.0547 509 539 779 780 10 0.0543 7 668 255 900 5 0.0540 0 0 245 208 0 0.0538 1 665 260 901 3 0.0537 11 665 253 904 2 0.0531 16 792 257 1017 1 0.0519 10 782 250 1018 5 0.0515 672 479 930 708 6 0.0508 8 671 261 897 13 0.0506 17 790 260 1020 1 0.0503 0 665 257 900
WvXPwaSl9MbE3Ilzn8z5eFvUG9BD3W0X,0 0.0615 438 410 690 631 11 0.0600 515 468 769 691 0 0.0592 376 325 634 553 5 0.0585 134 502 391 744 3 0.0576 446 407 690 636 0 0.0573 247 327 500 585 7 0.0571 255 455 503 705 11 0.0571 442 523 708 762 3 0.0567 381 323 636 558 3 0.0563 322 396 570 641 8 0.0561 441 407 686 629 7 0.0558 459 465 710 701 8 0.0555 140 506 385 746 11 0.0553 438 407 703 627 3 0.0553 146 508 395 752 11 0.0545 251 385 504 628 11 0.0544 508 349 774 564 5 0.0544 370 317 632 549 11 0.0542 492 210 774 437 11 0.0542 190 462 446 704 0 0.0541 512 353 767 570 11 0.0539 372 325 642 551 8 0.0537 128 397 393 636 8 0.0534 249 328 492 583 5 0.0534 245 323 498 582 13 0.0533 197 512 451 774 8 0.0533 518 345 764 569 3 0.0531 523 345 768 576 6 0.0529 254 330 506 581 13 0.0527 324 395 574 638 6 0.0525 383 327 641 554 5 0.0524 243 451 500 702 8 0.0522 380 326 629 555 0 0.0521 319 396 568 638 0 0.0520 247 574 498 829 5 0.0520 509 400 757 623 11 0.0519 307 581 572 822 3 0.0518 525 464 760 702 8 0.0516 322 398 562 637 5 0.0515 248 192 506 464 5 0.0514 238 571 498 823 13 0.0512 279 538 647 720 8 0.0512 250 456 492 707 8 0.0512 583 402 818 631 7 0.0510 142 463 405 698 7 0.0509 253 323 503 582 8 0.0508 503 125 767 377 10 0.0508 260 264 507 513 11 0.0508 558 551 816 768 3 0.0508 248 508 506 768 7 0.0508 324 392 572 638 10 0.0508 444 411 698 630 6 0.0507 324 398 573 635 13 0.0506 238 643 506 886 10 0.0505 320 398 572 635 5 0.0505 448 462 703 698 13 0.0505 444 406 700 630 0 0.0503 249 453 504 706 11 0.0502 254 260 509 511 8 0.0502 634 110 874 330
ng9TLpUqFPlsbhGOzZvAqMkd1yC8LyUd,8 0.0634 577 425 931 601 6 0.0628 118 801 357 1023 0 0.0616 635 327 880 565 5 0.0611 568 422 935 603 8 0.0602 121 797 351 1023 5 0.0601 109 798 349 1021 6 0.0601 587 424 945 602 11 0.0598 701 465 947 692 0 0.0595 511 427 866 609 5 0.0594 653 535 1008 727 5 0.0588 627 326 878 563 11 0.0587 574 428 941 601 13 0.0583 534 490 875 662 0 0.0583 570 536 820 773 11 0.0580 631 331 881 559 0 0.0579 702 474 1023 672 11 0.0577 112 798 355 1022 8 0.0576 707 473 1013 669 3 0.0575 515 428 860 613 8 0.0575 634 326 874 562 8 0.0571 531 489 859 663 6 0.0570 640 329 884 561 6 0.0569 562 456 824 693 8 0.0562 425 271 682 501 0 0.0561 193 395 437 639 7 0.0558 513 426 866 609 3 0.0557 637 331 881 570 3 0.0556 711 474 1023 672 0 0.0555 118 800 358 1023 11 0.0554 380 266 649 494 3 0.0549 436 336 699 579 5 0.0549 378 257 638 489 10 0.0548 114 806 354 1023 7 0.0547 116 798 360 1023 13 0.0541 669 542 1021 728 6 0.0541 709 462 949 695 3 0.0540 116 801 355 1023 2 0.0540 560 463 817 690 11 0.0538 556 462 819 692 10 0.0538 506 429 862 609 5 0.0536 474 535 832 720 3 0.0534 391 261 641 500 7 0.0532 435 336 705 577 5 0.0532 424 328 694 572 13 0.0528 122 802 363 1023 8 0.0526 427 402 689 640 11 0.0523 428 339 705 573 11 0.0518 766 386 1002 623 5 0.0516 291 401 556 645 13 0.0516 432 337 707 577 5 0.0516 184 386 431 634 11 0.0516 186 399 441 635 8 0.0513 571 530 813 772 7 0.0513 636 327 883 564 7 0.0511 712 474 1023 667 2 0.0510 708 478 1023 667 13 0.0508 637 330 888 561 5 0.0504 763 377 994 631 7 0.0504 391 262 647 495
4Q9tfXbeCLjymZN90jm8jbbrJCD0KWiR,7 0.0539 302 456 562 693 7 0.0530 241 388 491 625 8 0.0528 502 411 755 642 11 0.0521 305 396 557 618 11 0.0516 500 412 764 638 11 0.0513 237 727 505 951 8 0.0505 172 785 413 1023 0 0.0504 311 392 558 625 13 0.0500 504 409 772 640
JzMaOJg69PbPJnkOm1ixgKBcx0ZAjRlh,7 0.0611 182 646 434 891 7 0.0611 127 712 363 951 11 0.0606 177 651 436 889 5 0.0605 121 711 360 949 0 0.0574 180 646 435 893 0 0.0573 124 713 364 954 8 0.0570 173 601 412 831 11 0.0570 362 655 623 888 7 0.0569 369 651 629 889 8 0.0558 306 519 544 758 8 0.0557 126 712 357 949 10 0.0556 124 720 364 950 5 0.0555 174 645 430 891 10 0.0553 176 656 435 888 5 0.0553 360 648 620 889 8 0.0550 367 654 615 889 0 0.0549 363 651 626 892 0 0.0548 179 463 419 709 11 0.0547 208 485 577 661 6 0.0542 367 653 629 890 11 0.0539 124 716 365 946 8 0.0538 214 485 565 661 11 0.0537 164 535 409 762 7 0.0536 221 480 587 663 3 0.0533 179 650 434 899 11 0.0531 300 521 552 762 7 0.0529 170 524 415 766 6 0.0527 129 716 366 952 6 0.0526 181 651 439 891 3 0.0523 128 715 366 957 10 0.0516 51 663 305 895 0 0.0514 307 518 557 764 13 0.0511 369 656 632 891 0 0.0506 54 659 306 895 11 0.0505 320 387 568 607 5 0.0504 50 656 298 893 3 0.0503 368 652 626 898 0 0.0500 322 387 572 615
YN8V0jO86adtK2azmeUZ0yw6tN3PTstX,5 0.0599 232 318 488 548 5 0.0599 439 0 691 205 8 0.0596 381 270 623 499 5 0.0590 304 198 571 436 5 0.0584 312 352 682 535 0 0.0577 379 271 631 505 11 0.0575 378 273 636 501 6 0.0563 381 272 632 503 3 0.0555 327 357 691 542 7 0.0552 382 270 635 504 0 0.0549 309 203 574 441 6 0.0544 316 203 576 438 0 0.0543 377 146 641 384 6 0.0542 236 391 493 622 0 0.0536 237 325 491 555 13 0.0534 316 264 580 495 11 0.0528 228 394 492 619 6 0.0523 386 145 642 381 8 0.0520 312 205 567 437 13 0.0517 385 145 649 387 7 0.0509 315 202 577 438 10 0.0509 312 268 570 490 11 0.0508 306 204 576 437 5 0.0507 374 141 633 380 0 0.0507 624 523 873 760 13 0.0506 327 356 699 538 3 0.0504 382 149 639 391 2 0.0504 315 206 571 438 3 0.0501 239 392 488 631
SDGYGrwkNhppqvpPl6om70sPqVQE9Stu,11 0.0548 313 483 575 710 0 0.0547 367 591 633 830 11 0.0538 424 468 692 699 11 0.0530 363 597 637 824 13 0.0519 320 476 583 716 6 0.0515 431 463 697 702 11 0.0510 383 69 643 310 8 0.0508 444 331 672 570 0 0.0506 443 213 675 458 3 0.0505 379 412 637 660 8 0.0500 369 592 626 823
anwbVeh8gtVadVzFNfWT4WFgdlSIMbro,8 0.0621 331 615 688 790 11 0.0620 326 616 696 788 0 0.0600 330 616 697 791 5 0.0586 325 616 688 787 7 0.0582 334 616 702 790 10 0.0559 328 618 696 791 13 0.0544 336 616 699 791 3 0.0537 333 616 697 794 2 0.0532 331 619 696 793 6 0.0531 332 617 695 792 12 0.0505 337 616 697 791 5 0.0504 215 220 486 446
F8wr64e7vf157h6MeBozv6QiagpfniHp,5 0.0601 378 647 639 893 11 0.0601 511 401 763 632 11 0.0601 249 665 515 898 0 0.0599 254 663 516 907 7 0.0584 517 397 768 633 0 0.0571 316 590 585 839 11 0.0571 389 591 648 829 7 0.0567 320 589 590 837 8 0.0563 323 653 578 898 0 0.0562 512 401 764 635 13 0.0557 325 654 595 897 0 0.0555 386 655 642 899 5 0.0554 247 656 509 899 8 0.0553 513 402 754 632 13 0.0547 254 723 518 954 6 0.0543 321 659 592 898 7 0.0543 257 665 518 903 7 0.0542 391 656 649 899 5 0.0539 310 583 577 830 8 0.0536 393 590 639 831 6 0.0528 514 402 766 635 5 0.0528 508 393 758 633 11 0.0523 307 518 568 762 8 0.0521 252 725 504 952 6 0.0520 395 593 653 830 13 0.0514 398 589 653 829 10 0.0514 253 665 513 903 3 0.0514 391 516 638 762 7 0.0513 391 521 640 758 6 0.0511 252 725 510 953 0 0.0511 178 728 442 965 5 0.0508 429 67 703 299 5 0.0507 295 784 555 1018 13 0.0505 310 788 570 1023 10 0.0505 511 401 762 635 10 0.0504 387 655 644 896 0 0.0502 301 788 560 1023 11 0.0501 302 792 561 1020
7fW2KiRZQsrz0tvv9fiPYJ6sIG9ZDCj4,0 0.0627 375 792 626 1023 5 0.0619 305 787 556 1019 5 0.0600 424 782 686 1016 0 0.0592 500 788 748 1019 8 0.0583 435 784 684 1017 11 0.0574 432 788 686 1016 7 0.0574 436 786 696 1020 11 0.0574 310 793 558 1019 13 0.0569 314 789 568 1023 11 0.0565 242 2 625 147 8 0.0560 388 0 633 243 8 0.0553 314 785 557 1023 3 0.0553 387 0 647 251 7 0.0552 313 789 566 1023 11 0.0550 512 480 880 656 3 0.0547 436 787 692 1023 10 0.0545 309 791 560 1021 13 0.0542 505 790 754 1019 0 0.0539 517 480 876 659 6 0.0535 315 789 564 1021 6 0.0535 501 787 753 1016 5 0.0534 376 0 639 247 3 0.0533 314 789 563 1023 13 0.0532 251 1 633 153 2 0.0528 377 797 626 1023 7 0.0520 519 477 881 658 8 0.0516 520 477 866 660 10 0.0512 432 786 688 1018 9 0.0510 429 789 693 1015 13 0.0505 392 58 652 295 10 0.0504 379 4 642 243 13 0.0504 378 723 636 966 0 0.0503 239 0 622 152 13 0.0503 517 542 885 726 2 0.0502 380 5 642 245
OFpJNzAFrUUPK85RrkX2BJfEnqkFz20b,11 0.0528 379 339 651 573 5 0.0508 554 255 811 480 11 0.0501 557 256 818 478
mKMUpJgsWw0S5NRZ90EukxDE8BiEFpED,5 0.0693 131 679 487 855 11 0.0675 134 683 493 853 8 0.0672 133 680 486 853 7 0.0659 139 681 495 856 0 0.0643 135 680 492 855 10 0.0610 133 685 491 855 13 0.0605 138 681 497 855 6 0.0604 137 683 493 856 9 0.0583 135 683 491 853 2 0.0577 136 685 490 855 3 0.0569 136 681 492 857 1 0.0553 131 680 490 855 12 0.0533 139 681 494 856 4 0.0513 136 684 494 857
gi85BbXCOqxvDa96xFGGJJrK9hc7fPvG,11 0.0686 379 783 622 1016 5 0.0671 436 778 676 1010 8 0.0635 382 779 617 1020 5 0.0630 318 771 560 1017 7 0.0626 385 779 626 1020 11 0.0614 320 731 562 955 3 0.0604 324 777 561 1023 0 0.0594 324 774 565 1021 5 0.0591 326 646 561 886 3 0.0581 442 778 678 1019 8 0.0580 323 729 555 959 8 0.0578 215 872 567 1023 7 0.0577 330 728 564 957 7 0.0574 218 872 578 1023 6 0.0573 382 782 625 1018 11 0.0572 374 400 635 635 11 0.0572 208 872 573 1023 5 0.0567 423 398 686 643 7 0.0561 380 397 636 638 0 0.0559 327 648 564 892 11 0.0556 389 507 639 749 0 0.0555 0 0 247 225 10 0.0555 377 782 625 1016 13 0.0554 324 775 567 1017 5 0.0552 570 391 821 634 8 0.0550 377 396 623 639 0 0.0550 441 783 683 1016 10 0.0538 318 730 561 957 6 0.0537 328 650 567 887 13 0.0536 445 782 684 1017 2 0.0536 216 875 576 1023 13 0.0535 378 398 637 639 0 0.0533 0 614 254 852 8 0.0533 3 0 241 217 6 0.0526 378 397 636 640 0 0.0524 373 399 628 640 10 0.0519 204 876 575 1022 8 0.0516 499 789 739 1022 3 0.0514 329 653 564 895 13 0.0514 334 652 568 889 7 0.0513 319 451 567 704 6 0.0511 214 874 578 1022 7 0.0508 318 581 556 827 0 0.0507 389 509 638 759 3 0.0506 434 404 688 652 11 0.0506 0 2 246 219 7 0.0504 399 505 644 753 2 0.0501 428 410 689 646 2 0.0501 442 787 680 1018 3 0.0501 2 1 249 228 6 0.0500 315 454 570 704
H1UQb6PNUk2x4q6Dp8dOqWu4ifBuBRRy,11 0.0661 438 396 690 624 7 0.0644 446 470 695 700 8 0.0598 438 392 685 629 11 0.0585 441 17 704 242 5 0.0584 435 465 686 698 0 0.0579 375 80 627 316 0 0.0572 304 28 564 261 5 0.0569 566 76 829 313 3 0.0563 442 396 688 636 11 0.0562 302 30 565 254 5 0.0560 366 134 633 371 5 0.0560 511 148 757 389 11 0.0554 376 80 630 312 8 0.0552 306 33 555 257 13 0.0549 444 472 699 700 0 0.0546 569 81 831 320 0 0.0545 441 16 702 248 5 0.0544 300 74 552 316 11 0.0544 509 155 763 384 5 0.0542 438 9 698 242 6 0.0542 308 26 566 256 0 0.0540 439 396 689 629 6 0.0537 444 471 696 699 13 0.0529 310 28 570 261 13 0.0528 449 334 709 562 6 0.0528 382 77 629 313 13 0.0526 383 79 637 314 6 0.0526 449 339 708 563 7 0.0526 308 28 568 258 8 0.0523 377 79 620 315 7 0.0522 452 334 704 566 5 0.0519 435 330 693 562 10 0.0518 307 34 563 256 2 0.0516 447 343 702 563 10 0.0516 439 472 694 702 3 0.0514 583 139 828 385 11 0.0514 573 28 828 246 7 0.0513 582 139 830 380 13 0.0510 377 197 658 429 7 0.0509 447 13 706 247 8 0.0507 443 15 695 243 13 0.0507 446 14 707 243 3 0.0506 383 80 631 320 13 0.0506 519 155 765 389 3 0.0502 309 27 566 267 3 0.0501 522 216 774 457
cA58YBzcQ0Yw6QqgFBX0zvhWnpCFkJjI,11 0.0597 181 722 434 953 0 0.0590 184 722 433 960 8 0.0587 185 719 427 958 11 0.0579 116 590 361 812 7 0.0570 118 586 362 815 7 0.0567 522 789 766 1011 7 0.0564 189 720 435 954 11 0.0557 517 795 760 1011 5 0.0555 181 722 426 952 0 0.0530 119 586 359 818 8 0.0526 118 589 349 812 6 0.0521 185 724 437 955 6 0.0516 118 589 363 813 10 0.0507 181 726 433 954 5 0.0504 509 792 757 1012 2 0.0503 185 726 437 955
uUVYKHfO5lOb2CIbTKSohbetz1UzSIRA,8 0.0629 274 865 621 1023 11 0.0625 270 867 629 1021 0 0.0587 269 866 629 1023 13 0.0579 274 869 640 1023 11 0.0575 429 210 688 440 5 0.0572 262 865 617 1021 0 0.0571 369 206 628 448 8 0.0569 372 205 620 446 11 0.0566 376 146 632 376 7 0.0565 272 864 635 1023 7 0.0558 378 141 630 377 10 0.0558 266 869 625 1023 11 0.0556 370 275 631 511 6 0.0553 278 869 627 1023 7 0.0549 434 212 685 446 11 0.0544 589 792 837 1016 5 0.0543 428 205 678 443 3 0.0538 375 207 629 451 7 0.0531 375 272 629 512 13 0.0530 373 209 637 449 2 0.0521 269 871 629 1023 7 0.0520 528 778 771 1015 8 0.0513 592 791 826 1023 5 0.0510 367 269 627 510 0 0.0507 375 337 629 570 5 0.0505 521 776 761 1013 8 0.0504 310 283 556 512
4DIUNaQPPYHJeLUcSmSSKXlQDDTa6p2B,11 0.0607 148 741 518 911 7 0.0560 163 741 520 911 0 0.0523 151 740 516 915 5 0.0508 144 738 509 912
TdO30wThBAhsH8nR883eRSDv0JcfT1el,11 0.0623 196 343 449 587 5 0.0619 201 275 563 472 7 0.0614 258 329 505 575 11 0.0600 443 341 704 572 8 0.0596 186 283 447 535 0 0.0580 258 330 503 577 8 0.0580 581 338 826 577 11 0.0580 508 404 757 628 8 0.0571 510 401 747 631 6 0.0570 259 333 509 577 8 0.0568 441 339 696 579 5 0.0567 250 329 502 574 7 0.0563 130 344 391 596 3 0.0556 255 335 501 580 11 0.0555 577 341 839 572 0 0.0555 390 331 635 581 0 0.0555 517 336 769 576 7 0.0552 391 331 637 578 5 0.0550 512 332 761 573 0 0.0546 128 345 385 597 11 0.0544 315 340 570 580 11 0.0542 703 281 963 505 13 0.0542 130 346 396 599 7 0.0539 219 273 565 473 7 0.0539 522 332 770 574 3 0.0537 197 407 444 655 8 0.0537 194 405 435 651 8 0.0536 316 338 563 584 6 0.0535 590 287 839 519 6 0.0534 216 279 574 473 10 0.0531 196 346 448 593 13 0.0529 259 332 507 577 5 0.0523 119 342 385 596 5 0.0521 381 330 635 577 10 0.0519 262 286 520 518 0 0.0518 211 276 569 473 6 0.0516 389 336 639 576 8 0.0514 648 283 887 509 6 0.0513 132 347 389 601 5 0.0511 566 404 821 648 11 0.0510 108 405 385 639 10 0.0509 383 341 640 576 11 0.0508 438 488 694 704 5 0.0507 583 286 834 515 0 0.0507 500 474 757 701 3 0.0503 390 336 635 583
YASbhwCI96H55P4GO3fOPkE7h9c7Jkwa,5 0.0649 182 456 439 714 11 0.0631 249 400 509 644 5 0.0627 248 396 504 641 8 0.0618 179 397 430 654 0 0.0613 255 270 513 508 6 0.0610 260 339 519 583 0 0.0610 251 400 505 641 0 0.0607 326 455 584 701 5 0.0605 392 447 641 686 5 0.0605 251 529 503 775 11 0.0604 326 454 585 700 11 0.0601 253 268 519 505 11 0.0598 181 462 437 714 5 0.0596 172 332 432 577 11 0.0592 174 335 437 578 7 0.0588 187 461 438 713 7 0.0585 330 391 583 634 3 0.0583 326 393 585 639 5 0.0582 104 406 366 657 3 0.0582 397 452 644 693 8 0.0581 263 458 500 709 13 0.0580 257 530 507 777 3 0.0578 264 459 511 714 8 0.0578 256 336 506 583 7 0.0576 398 451 645 686 10 0.0575 252 402 506 643 5 0.0574 251 264 510 508 7 0.0565 259 333 517 580 8 0.0563 327 392 574 636 6 0.0560 185 402 442 653 2 0.0558 263 462 509 708 13 0.0558 252 402 508 645 8 0.0557 582 402 823 641 0 0.0557 256 531 505 777 8 0.0554 318 592 575 839 6 0.0554 258 532 510 776 0 0.0553 185 465 437 715 10 0.0553 393 458 643 688 6 0.0546 395 453 646 688 11 0.0544 253 532 504 776 3 0.0543 322 523 590 777 12 0.0543 256 398 506 643 5 0.0542 569 405 827 644 3 0.0542 183 403 438 657 9 0.0539 249 400 504 639 11 0.0539 632 408 896 637 13 0.0539 581 410 835 643 2 0.0538 181 405 437 653 6 0.0538 185 273 442 511 13 0.0532 328 452 592 703 0 0.0532 176 336 432 578 8 0.0532 395 449 638 688 5 0.0530 379 578 642 817 13 0.0529 188 464 441 717 10 0.0529 256 273 519 507 13 0.0528 255 270 522 511 1 0.0526 323 447 584 704 1 0.0525 248 394 505 643 2 0.0525 256 341 512 581 10 0.0522 184 468 438 716 12 0.0520 258 533 505 774 7 0.0520 322 520 591 773 11 0.0515 314 594 584 836 0 0.0515 579 409 829 648 8 0.0513 175 268 424 511 10 0.0512 178 341 434 580 7 0.0512 583 408 832 644 7 0.0510 116 410 368 656 13 0.0506 321 589 588 841 2 0.0505 397 461 643 688 0 0.0501 318 591 585 841 2 0.0501 326 399 579 634
OIhz1sO6FQNLLzMQ5wtOV1MjlbX5pfSV,5 0.0666 116 789 365 1021 8 0.0662 120 792 360 1023 7 0.0638 122 792 369 1021 11 0.0624 182 793 430 1019 8 0.0620 190 708 436 954 5 0.0618 184 705 440 951 11 0.0612 243 717 511 954 7 0.0606 190 707 445 953 10 0.0588 114 794 368 1021 13 0.0582 186 795 434 1023 0 0.0576 312 713 568 958 7 0.0574 314 713 570 954 6 0.0569 186 793 430 1021 0 0.0568 184 791 428 1023 5 0.0565 307 711 563 951 8 0.0565 316 714 563 955 10 0.0551 189 714 444 954 11 0.0548 249 285 519 501 11 0.0541 171 335 444 567 13 0.0537 253 716 516 961 3 0.0537 122 795 369 1023 8 0.0536 173 330 436 575 6 0.0527 314 716 570 956 3 0.0523 192 708 443 960 8 0.0522 511 803 733 1023 9 0.0521 183 793 432 1021 11 0.0521 513 805 744 1020 11 0.0520 239 603 510 835 11 0.0520 373 411 645 625 7 0.0519 189 597 455 838 7 0.0517 517 802 752 1022 6 0.0516 176 333 450 572 0 0.0512 172 331 443 572 11 0.0512 129 705 382 947 5 0.0511 168 326 440 569 10 0.0511 311 717 568 954 8 0.0510 188 601 434 843 2 0.0507 121 800 368 1023
gthE0KOKrep6lexKDJmhz8OcVyaJPFUM,8 0.0583 516 396 770 636 5 0.0582 567 190 824 430 11 0.0571 447 401 708 638 0 0.0569 622 330 793 704 0 0.0560 412 489 761 665 11 0.0557 502 194 765 430 11 0.0557 513 75 768 308 11 0.0553 441 264 709 506 5 0.0553 507 336 765 574 11 0.0550 511 340 770 572 11 0.0549 252 399 525 642 5 0.0547 513 456 761 693 11 0.0547 582 397 835 632 5 0.0543 505 122 757 356 11 0.0543 377 138 636 371 5 0.0542 604 382 786 777 7 0.0540 257 785 516 1023 7 0.0539 453 399 712 640 11 0.0538 309 787 568 1019 8 0.0537 510 129 753 359 8 0.0535 382 541 640 771 11 0.0529 381 541 652 771 5 0.0526 250 393 519 640 7 0.0526 396 332 657 576 6 0.0523 626 327 795 702 0 0.0523 438 269 709 506 13 0.0522 520 463 772 694 13 0.0522 576 268 835 498 10 0.0520 418 491 764 666 0 0.0519 500 194 762 427 3 0.0517 523 464 767 700 13 0.0516 587 400 840 635 7 0.0516 516 338 772 577 5 0.0516 250 782 505 1021 6 0.0516 518 73 766 307 3 0.0515 624 327 792 712 11 0.0514 568 266 830 493 11 0.0513 317 665 580 905 6 0.0513 523 461 768 693 8 0.0511 588 456 822 688 7 0.0511 446 260 714 503 2 0.0510 452 412 708 640 13 0.0510 255 790 519 1023 13 0.0509 518 341 775 575 8 0.0508 322 395 574 647 3 0.0508 572 196 825 440 0 0.0506 321 393 585 646 8 0.0505 570 198 817 431 7 0.0505 611 390 791 776 3 0.0504 512 129 761 367 10 0.0503 512 131 761 358 3 0.0503 516 343 768 582 13 0.0502 324 394 588 647 8 0.0501 584 335 826 563
exYsVytT0OtuK2HKrRzHxtsmvETi6Py7,0 0.0608 507 338 763 574 11 0.0581 445 332 702 565 7 0.0581 510 334 766 574 0 0.0579 570 276 833 507 0 0.0573 450 276 713 505 8 0.0564 450 327 699 567 11 0.0558 556 422 813 646 5 0.0556 443 266 708 501 8 0.0553 387 268 639 504 10 0.0553 383 273 649 506 0 0.0550 561 419 815 648 6 0.0550 451 276 719 503 5 0.0550 570 268 819 502 8 0.0537 507 403 754 630 13 0.0537 449 391 703 630 7 0.0535 564 416 817 651 11 0.0534 382 271 643 504 11 0.0528 441 207 708 423 6 0.0528 510 341 766 569 6 0.0527 566 420 816 645 13 0.0526 563 421 819 647 13 0.0523 389 272 650 507 3 0.0519 512 334 761 579 13 0.0516 511 336 768 568 5 0.0513 556 411 811 646 0 0.0510 442 392 696 632 2 0.0509 455 279 714 503 8 0.0503 440 200 700 427 0 0.0501 327 0 586 207 10 0.0501 508 341 765 570 6 0.0501 444 394 698 629
EV4fsmY0ojV0IbEkCfalzjCrsq8r1lyt,5 0.0596 488 341 745 578 5 0.0589 574 289 816 528 7 0.0588 441 151 717 368 11 0.0580 377 589 634 824 5 0.0579 434 146 716 361 0 0.0568 562 215 807 457 6 0.0568 316 585 565 831 11 0.0567 441 154 714 364 11 0.0566 295 227 569 445 5 0.0565 375 581 629 825 0 0.0563 581 355 830 593 3 0.0562 435 221 701 444 0 0.0558 374 228 644 451 8 0.0558 559 213 804 456 8 0.0557 439 149 710 365 0 0.0555 11 609 247 840 0 0.0553 314 584 560 834 8 0.0552 303 224 561 444 5 0.0547 590 419 836 665 0 0.0543 296 287 561 516 10 0.0542 315 587 559 826 11 0.0542 4 610 246 833 7 0.0540 325 525 577 780 8 0.0540 379 288 629 515 0 0.0534 375 92 645 313 13 0.0533 301 228 573 447 7 0.0532 564 215 813 457 7 0.0532 503 346 757 580 2 0.0531 561 224 811 453 10 0.0530 382 530 639 763 0 0.0530 240 172 509 404 8 0.0528 183 159 428 401 0 0.0527 439 152 713 368 5 0.0527 378 470 640 715 2 0.0527 499 356 755 582 2 0.0526 434 292 699 514 0 0.0526 384 525 636 768 8 0.0521 318 585 554 833 0 0.0521 442 408 697 657 5 0.0520 646 339 886 572 11 0.0519 574 296 828 528 0 0.0517 373 357 636 593 3 0.0517 378 286 640 523 6 0.0516 381 228 649 450 11 0.0513 495 349 755 579 7 0.0512 301 225 570 447 10 0.0512 441 156 720 362 8 0.0511 436 2 694 226 7 0.0510 449 408 706 654 3 0.0509 581 293 825 538 6 0.0508 563 215 814 456 2 0.0506 442 159 713 361 13 0.0505 374 357 643 597 3 0.0504 303 226 566 452 11 0.0503 375 289 646 517 13 0.0503 378 156 659 377 11 0.0502 380 480 645 713 3 0.0501 384 588 636 834
aiMFux2Ri9eLPmCv6jRZbyaNBnDBEFTb,11 0.0567 507 597 767 824 11 0.0546 315 793 575 1019 11 0.0520 242 722 523 968 0 0.0502 170 339 428 568
lKTuZbOU1pvag04crPTM5jcp65hOPfxH,8 0.0558 565 272 820 511 0 0.0534 258 526 504 770 0 0.0532 567 277 832 512 7 0.0530 453 585 692 820 8 0.0515 190 531 426 767 11 0.0503 184 529 440 765
LQdhgczxditwrLdY7Utu1g5fj5WGEm5L,7 0.0673 227 797 584 976 11 0.0666 220 800 581 973 5 0.0640 261 713 505 961 8 0.0618 266 718 502 959 11 0.0609 365 730 638 954 7 0.0605 374 725 638 954 0 0.0603 266 715 508 963 11 0.0601 507 748 771 959 6 0.0584 226 801 580 976 10 0.0568 264 721 509 961 13 0.0567 229 800 587 976 8 0.0560 372 726 630 955 2 0.0537 223 801 582 977 0 0.0535 447 408 697 640 5 0.0532 365 724 630 952 7 0.0531 516 744 773 962 9 0.0523 219 798 581 972 8 0.0520 439 347 684 573 13 0.0518 374 731 641 959 0 0.0517 369 725 635 959 3 0.0516 270 716 507 967 6 0.0516 371 726 638 959 7 0.0514 443 344 699 575 1 0.0509 217 795 577 976
e7LbyrnvPUjDXNAiEK5HLlWpDHGeLErg,11 0.0593 319 602 567 831 11 0.0571 304 473 573 706 5 0.0563 390 786 759 974 7 0.0552 322 601 570 833 10 0.0549 236 409 508 642 11 0.0548 237 401 512 637 7 0.0547 312 732 576 975 11 0.0546 428 671 705 901 6 0.0545 323 603 574 832 11 0.0544 307 736 571 974 0 0.0544 319 598 565 837 0 0.0543 310 729 574 979 5 0.0543 231 396 508 642 11 0.0536 244 536 502 754 8 0.0530 240 537 491 754 8 0.0525 305 474 562 708 7 0.0524 247 539 502 757 7 0.0524 431 742 705 979 11 0.0522 311 342 573 572 0 0.0521 493 728 766 970 11 0.0520 375 538 629 773 5 0.0520 306 338 566 578 13 0.0515 253 342 517 582 8 0.0513 432 665 691 904 0 0.0512 429 668 701 905 8 0.0512 374 742 630 984 8 0.0511 320 599 559 833 13 0.0509 386 338 638 583 8 0.0507 234 400 503 645 5 0.0506 492 661 768 902 11 0.0505 391 791 760 974 5 0.0505 304 726 567 972 7 0.0505 175 387 438 635 7 0.0504 307 472 575 711 13 0.0500 308 471 581 711
Zva3NpW0tuAMawSueAeQBfIxqVxuRzNA,8 0.0611 10 745 391 912 0 0.0600 685 392 935 646 0 0.0595 18 688 398 861 6 0.0593 20 689 399 863 11 0.0577 19 691 402 862 8 0.0562 510 398 750 640 11 0.0562 753 274 1009 512 5 0.0557 683 395 931 642 11 0.0557 390 139 630 367 11 0.0556 566 394 819 639 5 0.0556 12 684 392 863 11 0.0554 681 397 941 641 7 0.0553 26 687 405 863 0 0.0548 570 391 817 642 11 0.0546 406 365 763 544 13 0.0544 689 394 944 647 0 0.0543 453 201 697 440 11 0.0539 455 273 699 499 8 0.0539 684 393 928 644 13 0.0537 571 394 823 644 10 0.0533 392 483 766 673 10 0.0530 18 688 401 863 0 0.0530 752 269 1005 524 8 0.0529 330 16 571 254 11 0.0528 289 596 560 833 5 0.0527 566 389 811 640 6 0.0524 690 394 939 642 6 0.0524 265 68 517 320 8 0.0523 752 270 994 520 13 0.0523 24 692 411 865 10 0.0520 402 365 762 544 0 0.0520 405 362 761 547 5 0.0519 362 460 631 705 11 0.0519 240 26 504 267 3 0.0518 31 689 404 868 8 0.0517 454 197 687 434 6 0.0517 515 397 757 642 8 0.0517 566 473 796 705 7 0.0516 459 198 702 438 0 0.0516 360 539 608 777 6 0.0515 461 270 698 502 8 0.0514 363 539 602 775 11 0.0514 452 406 704 647 0 0.0514 399 482 762 674 8 0.0513 444 67 690 305 5 0.0513 446 136 686 375 10 0.0512 754 273 1005 517 6 0.0511 384 399 635 640 11 0.0510 502 81 761 310 5 0.0509 450 266 691 500 3 0.0509 573 390 817 645 5 0.0508 398 360 755 546 13 0.0508 187 29 442 269 11 0.0507 369 467 630 707 0 0.0506 326 17 582 263 0 0.0506 440 73 702 310 6 0.0504 454 138 695 375 3 0.0504 460 274 699 509 7 0.0504 688 396 940 648 5 0.0502 571 125 823 371 13 0.0502 414 363 771 549 11 0.0502 314 212 570 430 13 0.0501 400 133 635 365 13 0.0500 759 266 1012 523
QHhwMiXmjCaEcFq67KCwRtuLYfZhTc8b,11 0.0598 182 275 454 516 5 0.0595 250 389 507 632 11 0.0592 395 331 651 557 6 0.0592 258 394 514 633 8 0.0588 329 397 566 629 8 0.0583 395 330 640 560 0 0.0582 186 277 449 521 0 0.0581 324 390 573 630 3 0.0578 253 324 510 573 11 0.0577 327 394 575 626 3 0.0574 395 325 648 568 11 0.0574 463 417 838 605 5 0.0572 464 414 828 603 0 0.0569 394 329 644 560 6 0.0569 258 259 521 508 7 0.0567 472 415 836 608 8 0.0566 255 264 509 508 0 0.0565 243 199 517 439 5 0.0565 245 254 510 504 7 0.0562 327 455 568 699 5 0.0561 173 327 444 583 13 0.0558 393 330 654 559 11 0.0557 384 460 642 702 8 0.0557 388 462 637 705 10 0.0556 256 397 507 632 7 0.0556 261 391 509 630 8 0.0555 330 514 568 765 7 0.0553 260 256 517 506 8 0.0551 182 335 440 588 11 0.0551 251 462 498 704 10 0.0550 398 396 649 634 0 0.0548 464 419 831 607 5 0.0547 392 394 643 634 13 0.0546 323 577 582 828 8 0.0546 468 416 823 605 3 0.0546 473 416 832 611 8 0.0544 250 460 489 711 6 0.0542 454 390 718 633 11 0.0541 242 201 520 433 0 0.0540 248 462 497 711 0 0.0539 184 401 444 640 5 0.0538 319 450 562 697 13 0.0536 455 392 715 631 13 0.0535 183 335 452 589 7 0.0534 442 450 717 700 5 0.0533 439 273 705 503 13 0.0533 327 451 574 701 0 0.0531 327 513 575 768 10 0.0530 507 343 762 568 11 0.0529 182 400 448 635 7 0.0529 453 335 703 570 5 0.0527 247 513 498 770 5 0.0527 253 142 521 374 7 0.0526 374 593 636 827 5 0.0524 369 584 631 822 5 0.0523 181 443 441 707 7 0.0522 192 449 442 699 3 0.0521 330 394 578 637 13 0.0520 258 517 506 773 11 0.0518 367 591 636 820 5 0.0510 769 208 1021 442 6 0.0509 192 455 446 707 6 0.0508 264 152 527 377 10 0.0503 321 456 569 697 6 0.0502 392 462 647 705 3 0.0501 253 518 500 777
4kTXHLs7d5zdi5gobZO0sRu3UN8tDZuc,8 0.0548 179 444 436 690 5 0.0529 160 392 422 633 6 0.0518 171 390 429 633 11 0.0511 389 455 654 696 7 0.0505 181 442 444 689
J9n3zG6nHflplzQCId1x9YXM1RWrgfMg,11 0.0567 243 688 620 857 8 0.0565 247 687 605 859 7 0.0559 397 517 647 761 11 0.0558 425 595 690 819 8 0.0551 370 597 628 833 0 0.0543 427 596 692 825 7 0.0532 251 685 622 860 11 0.0526 316 791 549 1014 7 0.0525 318 784 555 1021 8 0.0521 264 781 491 1014 5 0.0517 310 781 541 1013 5 0.0515 424 591 682 823 5 0.0512 245 685 609 858 13 0.0511 321 788 556 1021 13 0.0506 376 595 641 836 3 0.0505 433 594 690 830 3 0.0503 367 666 621 912 10 0.0503 248 691 621 858
L1wURRGb2roKr4s3c6pNTIPFttlejjXH,11 0.0633 4 1 373 145 11 0.0618 760 591 1010 841 8 0.0613 6 0 360 147 6 0.0608 7 2 377 147 11 0.0607 706 526 947 773 13 0.0587 10 1 381 148 0 0.0576 449 157 704 367 0 0.0576 5 0 369 148 0 0.0575 766 672 1005 908 11 0.0574 695 672 953 902 6 0.0570 705 671 954 904 8 0.0566 764 671 1001 907 5 0.0560 695 597 947 839 6 0.0557 652 522 894 754 10 0.0556 768 468 1011 726 10 0.0556 6 3 370 144 0 0.0554 707 528 945 777 11 0.0554 501 773 752 1006 5 0.0554 759 668 1003 907 5 0.0552 641 517 890 754 5 0.0550 0 0 365 146 11 0.0548 639 592 892 825 3 0.0547 8 0 371 149 13 0.0547 768 672 1010 908 5 0.0543 442 149 693 363 11 0.0543 451 160 705 364 8 0.0542 631 652 884 894 5 0.0540 304 782 557 1018 8 0.0536 56 23 301 270 10 0.0535 697 671 948 904 6 0.0534 764 592 1011 843 7 0.0530 452 156 708 371 7 0.0529 702 671 953 905 0 0.0528 372 202 634 445 13 0.0527 704 600 957 842 0 0.0527 631 653 892 898 0 0.0526 55 27 314 273 8 0.0525 508 772 744 1008 7 0.0523 312 788 564 1023 1 0.0523 0 0 370 146 3 0.0522 702 670 948 910 10 0.0522 762 595 1007 844 7 0.0520 6 0 373 147 11 0.0520 307 788 561 1017 5 0.0519 89 26 358 265 0 0.0518 510 338 758 568 3 0.0516 453 157 706 373 0 0.0514 442 274 700 499 7 0.0510 510 773 758 1008 13 0.0510 382 204 640 441 5 0.0506 573 146 812 380 2 0.0505 4 4 375 146 7 0.0503 584 148 826 386 13 0.0501 59 28 321 272 8 0.0500 309 785 554 1022 11 0.0500 48 29 315 271
l2Uw2C5FRqoC557TE19ycxOOhWiWtuvZ,11 0.0629 74 780 305 1021 8 0.0600 75 774 298 1023 0 0.0593 1 730 250 969 3 0.0585 73 779 303 1023 5 0.0581 69 773 298 1023 11 0.0577 62 602 319 832 7 0.0575 71 774 309 1023 8 0.0564 129 597 380 829 13 0.0554 72 779 312 1023 6 0.0553 75 780 308 1019 11 0.0551 447 194 711 428 7 0.0549 151 656 385 899 11 0.0546 143 658 387 895 2 0.0546 75 782 311 1023 0 0.0538 580 278 824 504 0 0.0537 60 602 319 835 0 0.0536 2 0 245 213 8 0.0536 73 660 311 909 5 0.0534 125 594 389 827 6 0.0532 7 728 254 960 10 0.0532 3 730 247 964 10 0.0530 76 782 304 1023 0 0.0530 144 661 382 903 7 0.0528 126 543 387 774 3 0.0523 137 596 388 835 8 0.0522 3 0 235 209 0 0.0520 508 201 747 428 3 0.0516 79 662 316 912 5 0.0516 445 185 704 419 6 0.0515 513 202 754 428 11 0.0513 0 2 248 210 1 0.0507 68 770 305 1023 8 0.0506 0 601 252 829 0 0.0505 645 208 880 447 5 0.0505 0 0 239 210 11 0.0503 123 544 383 769 0 0.0503 388 206 638 446 6 0.0503 69 601 325 831 11 0.0502 577 279 827 503
IZnt4euLW02rPL0bSPEyPS1UFPWzGaDW,11 0.0642 0 666 244 895 0 0.0630 0 663 243 899 8 0.0626 1 660 237 900 3 0.0590 2 661 237 902 6 0.0584 0 665 246 895 7 0.0573 0 663 243 900 10 0.0568 0 669 240 895 11 0.0560 39 786 292 997 0 0.0556 41 788 291 1003 5 0.0554 0 661 239 894 2 0.0535 2 669 244 899 13 0.0527 1 662 246 898 11 0.0524 134 685 388 899 12 0.0522 2 664 241 900 8 0.0515 44 779 280 1002 1 0.0508 0 660 243 897
1iNX4E9mweDtFdYxJneMS17HXz9BYsoj,11 0.0656 231 416 496 647 11 0.0654 307 199 559 430 7 0.0622 176 270 432 502 8 0.0620 315 197 550 433 8 0.0612 242 263 485 501 7 0.0610 241 191 490 427 11 0.0607 232 266 494 498 5 0.0603 168 267 425 494 11 0.0603 299 338 556 571 5 0.0585 228 338 489 565 8 0.0585 500 224 748 456 8 0.0584 246 143 487 380 0 0.0584 503 229 750 458 0 0.0577 160 332 414 563 13 0.0576 325 140 580 381 0 0.0575 235 143 492 381 8 0.0572 168 396 423 639 5 0.0570 442 325 692 567 7 0.0568 305 273 560 509 6 0.0562 179 272 433 506 0 0.0559 237 265 490 501 5 0.0559 235 190 488 424 5 0.0557 165 464 425 698 11 0.0556 152 332 421 559 7 0.0555 238 337 497 571 13 0.0554 450 336 706 571 3 0.0553 322 144 570 385 7 0.0552 451 271 695 512 6 0.0549 314 199 558 431 11 0.0548 362 461 643 694 6 0.0546 510 228 757 454 11 0.0546 259 71 505 311 5 0.0543 499 225 747 456 7 0.0542 390 330 636 575 11 0.0542 502 227 750 454 8 0.0542 301 333 551 570 3 0.0536 242 270 489 508 10 0.0535 286 410 559 634 11 0.0534 165 202 439 425 5 0.0532 296 266 552 500 10 0.0531 381 334 632 575 0 0.0530 234 411 501 649 7 0.0528 128 201 385 430 11 0.0527 448 86 699 317 5 0.0526 313 138 571 378 6 0.0525 294 403 562 639 0 0.0525 172 467 425 701 2 0.0523 508 235 751 457 2 0.0521 449 340 694 569 6 0.0519 237 340 496 572 6 0.0518 451 331 701 566 8 0.0517 126 268 377 502 8 0.0517 179 200 425 432 3 0.0516 509 230 748 468 2 0.0516 242 150 491 382 13 0.0515 304 274 565 509 10 0.0515 445 274 697 514 7 0.0513 170 399 432 635 13 0.0513 239 414 505 649 7 0.0512 322 142 575 381 13 0.0512 191 148 458 388 5 0.0511 258 67 502 313 0 0.0509 299 334 558 571 0 0.0507 505 100 756 322 0 0.0503 768 460 1021 703 10 0.0503 169 411 429 635 11 0.0502 573 86 835 311 13 0.0502 270 65 516 314 6 0.0502 373 453 646 700 10 0.0502 234 347 493 568 6 0.0500 508 101 760 320 8 0.0500 291 467 547 712 10 0.0500 300 277 558 504
wcJrz205uTz3nINm7jtqClKdNcmd0QsB,11 0.0564 182 396 442 632 7 0.0563 320 664 580 899 0 0.0562 317 662 582 901 8 0.0556 574 451 811 697 8 0.0555 456 392 690 643 13 0.0547 457 396 704 641 8 0.0543 324 663 572 894 13 0.0543 572 456 823 699 13 0.0541 323 594 582 831 0 0.0532 453 527 694 765 0 0.0532 454 395 698 646 11 0.0532 256 531 522 757 11 0.0529 567 456 819 694 11 0.0522 633 329 906 568 13 0.0522 393 474 641 711 11 0.0522 0 1 241 218 5 0.0522 177 384 433 633 5 0.0521 311 661 576 891 0 0.0521 570 455 815 695 0 0.0516 0 4 241 225 5 0.0515 42 355 308 591 8 0.0515 0 34 229 275 5 0.0515 449 391 695 640 11 0.0511 448 394 695 643 11 0.0510 315 665 580 892 5 0.0510 0 96 236 329 7 0.0509 326 533 581 767 5 0.0507 566 457 814 696 5 0.0505 251 527 511 756 0 0.0505 639 333 904 570 6 0.0504 190 343 440 577 0 0.0504 330 529 581 771 3 0.0503 320 664 579 901 8 0.0503 42 352 306 594
XXZUwIeTrNJNqKMitjnoDkLhL8tNHlQF,5 0.0655 349 407 694 600 8 0.0616 373 396 628 640 5 0.0606 209 474 566 658 8 0.0603 347 527 687 723 5 0.0601 367 466 629 724 8 0.0598 508 330 752 574 6 0.0593 376 473 634 727 10 0.0584 511 337 755 569 8 0.0581 243 404 499 636 11 0.0580 356 410 696 598 6 0.0577 220 476 579 661 11 0.0577 166 387 438 627 11 0.0576 510 337 757 571 13 0.0572 282 532 637 728 7 0.0570 378 471 636 729 11 0.0570 286 464 631 655 0 0.0569 378 470 631 726 6 0.0566 356 411 705 601 0 0.0566 436 342 694 575 11 0.0565 239 323 499 557 3 0.0564 441 338 693 577 6 0.0562 513 332 755 575 0 0.0562 239 403 505 639 7 0.0555 439 405 702 648 11 0.0553 342 529 694 722 13 0.0551 361 409 708 601 10 0.0549 431 407 701 645 7 0.0543 516 331 759 574 5 0.0542 506 328 751 571 5 0.0541 239 319 494 555 7 0.0536 239 466 506 707 8 0.0536 174 459 439 706 8 0.0534 169 202 411 441 3 0.0532 377 470 630 731 0 0.0532 107 397 363 641 13 0.0530 256 587 518 852 0 0.0528 174 322 428 563 7 0.0525 155 419 504 598 11 0.0524 106 461 370 703 12 0.0524 436 401 706 649 5 0.0521 169 382 434 625 8 0.0519 107 395 359 639 0 0.0513 169 205 416 439 5 0.0513 179 251 424 494 0 0.0512 173 463 443 709 10 0.0512 370 475 634 723 9 0.0512 283 464 631 653 11 0.0512 180 254 432 499 8 0.0511 246 529 506 783 2 0.0511 220 479 573 661 7 0.0511 306 539 576 783 2 0.0508 433 347 694 573 10 0.0506 241 408 503 635 6 0.0506 273 598 622 794 8 0.0505 394 274 630 503 6 0.0501 187 250 431 499
vqydygo0mUmBkoSY9pUcd743qSDmGWoP,8 0.0549 383 473 623 706 8 0.0529 445 532 688 761 11 0.0527 381 472 633 706 11 0.0521 373 727 636 954 11 0.0511 224 791 488 1016
OmXQk4kAQB4SXGJRCxWUXJWwZM242rsf,8 0.0570 181 785 418 1022 7 0.0561 185 787 427 1020 11 0.0536 180 787 423 1019 5 0.0534 178 785 421 1017 0 0.0513 324 143 583 377 8 0.0513 326 144 575 375 13 0.0510 325 147 593 375 3 0.0506 328 143 590 382 11 0.0504 320 145 582 372
Ugh1V0aI1rL1OmtScSI9jNdMLv67KL2S,11 0.0636 373 660 637 900 7 0.0627 195 712 438 952 0 0.0624 192 713 434 955 0 0.0622 321 709 569 967 0 0.0622 565 612 824 853 11 0.0615 564 613 827 844 7 0.0612 505 716 758 971 5 0.0611 499 716 751 966 8 0.0609 567 611 816 846 8 0.0608 502 717 751 968 11 0.0607 499 719 755 965 7 0.0606 320 708 573 964 11 0.0602 189 714 435 949 0 0.0598 502 717 754 972 7 0.0595 572 612 827 846 5 0.0592 252 702 498 949 8 0.0590 380 660 630 903 13 0.0589 507 720 759 969 6 0.0588 503 722 757 971 5 0.0588 373 658 632 900 10 0.0579 377 662 634 899 6 0.0576 258 708 504 953 8 0.0571 193 711 430 949 10 0.0569 188 718 434 951 10 0.0565 565 616 822 846 13 0.0560 379 659 641 903 3 0.0552 379 658 638 909 6 0.0550 377 661 637 903 5 0.0550 562 612 820 846 10 0.0550 502 721 754 967 13 0.0549 571 615 830 848 3 0.0546 505 719 756 975 13 0.0541 196 714 442 951 2 0.0538 504 721 756 970 1 0.0535 499 713 755 969 3 0.0534 566 611 824 855 3 0.0531 194 715 435 956 9 0.0528 188 714 435 947 12 0.0528 196 712 435 955 2 0.0526 191 719 435 954 2 0.0518 379 663 633 901 6 0.0518 569 616 825 849 2 0.0511 568 619 824 850 12 0.0509 506 716 756 971 9 0.0500 497 721 754 966
Euz96eErCSjKWcdKP9FDtua3uf2jziLU,8 0.0641 503 335 746 576 11 0.0627 312 393 568 626 11 0.0609 513 459 757 691 8 0.0602 377 214 638 442 8 0.0600 514 458 750 697 11 0.0597 250 467 501 694 0 0.0590 517 460 757 699 5 0.0587 319 458 566 704 7 0.0585 325 462 569 706 0 0.0578 379 213 644 443 5 0.0576 501 335 743 571 0 0.0575 505 340 750 576 5 0.0573 310 204 564 440 11 0.0573 500 340 754 570 5 0.0569 373 144 634 373 0 0.0566 320 141 576 370 8 0.0564 314 394 557 627 6 0.0561 320 209 571 444 7 0.0561 384 214 646 446 5 0.0558 308 318 562 560 11 0.0556 378 150 642 376 11 0.0554 249 333 505 560 11 0.0554 325 80 589 302 6 0.0553 508 338 755 571 0 0.0548 322 463 567 705 13 0.0547 319 393 572 630 0 0.0547 312 322 566 561 7 0.0547 260 332 505 562 8 0.0546 318 143 569 370 5 0.0544 216 416 585 600 6 0.0544 327 465 568 704 13 0.0543 257 469 506 699 3 0.0541 324 466 566 708 7 0.0538 510 337 753 576 5 0.0537 509 451 753 691 11 0.0537 245 721 502 951 7 0.0537 318 139 581 374 3 0.0537 381 213 643 451 7 0.0535 522 457 760 694 3 0.0533 519 458 753 699 10 0.0531 314 330 564 561 3 0.0531 508 337 748 579 7 0.0529 231 418 595 602 3 0.0529 315 324 564 563 13 0.0528 507 338 757 575 6 0.0528 519 459 757 695 10 0.0526 506 342 752 573 9 0.0525 320 465 562 699 10 0.0520 255 474 500 696 6 0.0519 319 326 569 561 2 0.0519 314 326 564 562 10 0.0514 376 217 646 445 2 0.0514 323 468 566 707 13 0.0513 384 143 653 375 11 0.0512 312 209 571 442 2 0.0511 518 465 759 693 11 0.0510 367 721 622 949 0 0.0509 220 419 593 601 5 0.0508 318 71 581 300 8 0.0505 246 202 491 437 2 0.0503 506 344 753 571 6 0.0502 228 423 597 603 6 0.0502 383 148 648 376
IkgV0aIB62zmZTOgQeQ3kYDE3eC2ctZ8,11 0.0673 197 679 566 851 0 0.0664 176 645 433 895 8 0.0643 179 643 428 891 7 0.0633 205 678 570 855 5 0.0625 176 645 427 892 11 0.0606 188 535 436 763 0 0.0594 194 530 437 769 3 0.0589 205 679 569 856 10 0.0586 194 680 566 852 10 0.0577 188 536 435 762 6 0.0570 183 649 438 893 13 0.0559 204 678 575 855 8 0.0559 191 529 429 762 5 0.0551 184 530 431 759 7 0.0546 195 528 439 763 3 0.0531 192 533 432 767 11 0.0531 434 535 680 769 6 0.0528 187 532 438 763 2 0.0521 202 681 569 853 1 0.0517 198 674 566 853 12 0.0502 180 645 432 894
gINsSDWk0ww7jfk8oMvGoFYeog0AUCJ6,11 0.0617 381 523 630 765 5 0.0603 2 537 241 763 5 0.0580 375 405 638 634 8 0.0575 383 410 633 635 11 0.0570 380 409 644 633 5 0.0567 381 517 626 759 8 0.0566 9 533 239 765 5 0.0563 379 789 651 1021 8 0.0562 388 524 623 765 6 0.0561 11 541 248 764 7 0.0556 375 671 627 901 11 0.0555 304 592 561 834 8 0.0549 372 670 618 899 11 0.0541 368 675 624 897 3 0.0539 386 410 639 641 8 0.0537 311 590 553 835 3 0.0534 392 522 628 775 11 0.0534 303 457 568 684 11 0.0533 387 799 655 1018 0 0.0533 7 542 245 768 0 0.0529 309 729 574 970 6 0.0529 388 522 631 763 13 0.0529 388 410 648 640 7 0.0524 388 521 630 768 11 0.0523 5 542 246 764 7 0.0519 384 406 647 635 13 0.0518 7 543 253 770 0 0.0518 376 406 641 635 8 0.0517 393 794 645 1021 6 0.0513 310 591 562 832 6 0.0512 372 673 633 896 6 0.0511 384 408 648 636 8 0.0507 310 460 558 684 2 0.0505 384 411 643 636
10yvBqluHX6ejLcluJYMfcmDLvf4Wk3w,11 0.0569 310 516 566 751 8 0.0551 312 662 560 891 7 0.0537 317 589 581 828 0 0.0528 250 522 499 773 0 0.0528 241 670 505 907 0 0.0521 317 588 579 831 11 0.0518 301 665 567 890 7 0.0517 251 522 503 766 8 0.0515 319 517 560 751 13 0.0507 313 662 576 895 5 0.0506 311 587 571 822 8 0.0502 252 732 490 961 13 0.0500 374 734 640 962
R0GgWp1LvVnz3j8J0fuaOmYy5O0AgyNX,7 0.0588 449 778 686 1015 5 0.0583 437 777 675 1011 11 0.0571 443 781 675 1012 8 0.0554 242 721 482 956 8 0.0544 443 777 672 1011 6 0.0530 444 784 682 1017 13 0.0525 448 781 687 1017 7 0.0525 246 720 498 956 0 0.0523 442 778 682 1019 0 0.0517 317 716 568 968 11 0.0513 314 718 563 958 5 0.0502 313 710 562 958 13 0.0501 320 721 573 964
4tExb64oiExPRee43v9bEAXfjsYTMExC,11 0.0611 304 448 561 700 7 0.0580 177 772 437 1001 0 0.0577 174 775 435 1003 11 0.0569 391 519 642 765 5 0.0567 388 513 635 764 0 0.0566 307 447 565 701 5 0.0564 303 439 558 700 5 0.0557 306 280 579 521 8 0.0552 396 519 634 765 5 0.0551 174 770 428 997 11 0.0539 378 287 647 525 8 0.0538 305 445 552 700 7 0.0535 309 444 564 704 8 0.0534 375 281 635 529 11 0.0533 241 788 498 1007 0 0.0529 392 522 643 767 8 0.0525 242 786 496 1011 7 0.0524 399 517 645 770 8 0.0524 54 661 304 896 10 0.0520 240 471 495 704 3 0.0518 309 444 558 708 2 0.0516 311 450 559 701 13 0.0514 309 446 569 700 11 0.0507 241 660 511 894 6 0.0506 310 446 565 699 0 0.0505 380 283 644 524 8 0.0503 122 722 368 958 5 0.0502 431 288 699 517 13 0.0502 315 284 599 528 2 0.0501 395 525 638 769
kae8R5OwvOy7OROPvOlK483OPNg1HKNi,5 0.0675 541 786 801 1013 5 0.0648 435 781 689 1022 11 0.0647 544 791 802 1012 8 0.0623 506 771 746 1015 7 0.0623 504 775 755 1017 8 0.0605 435 663 688 903 11 0.0603 437 784 690 1022 7 0.0598 565 725 835 951 13 0.0597 511 776 756 1017 0 0.0591 502 774 755 1015 11 0.0583 432 666 696 902 5 0.0570 428 663 693 902 6 0.0568 508 719 765 953 3 0.0564 506 774 752 1017 8 0.0562 379 729 628 968 13 0.0560 377 794 630 1023 0 0.0556 490 662 760 900 7 0.0553 496 660 762 900 2 0.0553 442 785 692 1023 5 0.0552 305 326 557 567 8 0.0544 565 722 823 953 11 0.0544 499 137 760 368 7 0.0541 374 794 628 1023 6 0.0539 443 782 692 1022 0 0.0539 373 793 628 1023 0 0.0539 563 722 828 952 10 0.0536 439 784 692 1022 5 0.0534 552 147 809 383 0 0.0531 308 331 565 569 13 0.0530 13 406 269 626 6 0.0530 636 176 882 401 0 0.0530 637 97 879 328 5 0.0529 5 402 254 628 10 0.0527 505 720 766 950 11 0.0523 6 405 262 623 11 0.0521 371 331 644 561 5 0.0517 119 266 373 513 0 0.0517 380 666 640 907 6 0.0517 437 663 697 902 11 0.0516 553 221 817 446 9 0.0515 436 785 689 1021 8 0.0515 314 655 583 895 0 0.0513 562 153 811 387 11 0.0513 674 798 941 1014 10 0.0513 434 665 696 900 7 0.0512 382 670 642 908 2 0.0511 546 794 806 1018 6 0.0510 10 406 264 628 3 0.0507 492 662 757 902 5 0.0507 623 732 888 971 13 0.0506 497 661 763 897 8 0.0505 179 330 429 572 8 0.0504 634 96 874 321 7 0.0504 505 136 762 371 3 0.0503 377 793 627 1023 5 0.0503 298 786 561 1020 12 0.0502 552 788 803 1017
sxRtYcWdDwkkYf6acnWPesCdi8vHGCJB,11 0.0684 219 673 570 848 8 0.0667 247 711 500 952 0 0.0662 306 647 572 896 8 0.0650 307 646 567 893 5 0.0645 301 645 568 892 7 0.0628 312 711 569 960 7 0.0626 246 651 505 895 3 0.0619 224 672 572 853 5 0.0612 244 711 500 951 11 0.0610 308 713 568 957 6 0.0604 244 652 505 893 10 0.0602 216 674 569 849 6 0.0598 330 663 708 844 0 0.0598 179 532 439 774 10 0.0591 174 535 439 770 13 0.0591 222 672 575 850 0 0.0587 249 713 500 953 11 0.0585 177 531 444 767 6 0.0567 311 714 570 960 13 0.0566 309 713 572 961 8 0.0565 179 528 433 770 5 0.0562 175 528 433 768 7 0.0561 181 529 447 769 10 0.0558 308 715 568 961 3 0.0548 314 711 567 965 1 0.0545 240 645 500 894 2 0.0544 221 676 569 852 6 0.0537 180 530 444 769 11 0.0534 302 412 552 643 9 0.0530 217 671 572 847 2 0.0530 311 714 567 959 7 0.0528 331 665 708 844 12 0.0526 223 671 574 851 0 0.0524 302 408 550 649 7 0.0522 306 410 556 641 1 0.0513 306 705 566 961 9 0.0508 305 711 567 954 3 0.0507 181 533 440 774 11 0.0506 170 422 444 638 13 0.0504 180 529 449 772 4 0.0502 220 672 572 849
LqtLggqEBHOgimu5I7RG8MUEqNC6n4gK,3 0.0633 394 286 636 512 8 0.0592 393 285 629 507 6 0.0590 390 285 638 509 11 0.0583 249 341 510 566 11 0.0582 305 276 572 499 10 0.0580 520 294 779 516 7 0.0577 376 406 640 638 5 0.0576 384 278 635 506 8 0.0573 517 296 767 519 0 0.0570 521 294 778 524 3 0.0570 521 292 775 522 7 0.0568 494 664 758 883 7 0.0566 390 285 639 507 11 0.0559 371 343 629 569 3 0.0556 380 408 641 643 0 0.0553 390 287 634 513 8 0.0551 316 340 563 570 3 0.0550 313 336 569 576 11 0.0550 514 294 780 517 8 0.0546 311 211 564 434 6 0.0541 378 406 643 641 11 0.0540 303 411 573 641 5 0.0538 510 288 779 519 5 0.0536 304 328 568 569 7 0.0536 315 334 569 572 13 0.0535 377 411 643 640 0 0.0535 376 406 634 644 7 0.0532 248 417 495 652 13 0.0531 392 288 644 509 5 0.0531 368 399 635 636 10 0.0527 386 286 635 506 7 0.0523 515 288 784 522 11 0.0523 245 485 499 708 7 0.0522 311 209 571 437 5 0.0519 483 659 744 882 11 0.0516 383 218 633 433 11 0.0515 374 482 644 714 0 0.0514 246 420 494 656 0 0.0514 252 268 510 499 11 0.0508 487 669 750 879 8 0.0508 379 409 628 638 0 0.0504 312 334 569 577 6 0.0503 313 338 575 569 2 0.0503 245 424 496 654 11 0.0501 184 412 444 646
qjw4H6q59OcjfEGlqJtqVfM3tS3UpoeD,7 0.0608 446 772 704 1017 11 0.0590 368 474 639 701 8 0.0578 380 397 636 634 0 0.0576 389 331 637 571 5 0.0573 377 327 634 568 11 0.0572 382 332 636 569 0 0.0571 0 427 250 653 5 0.0569 365 777 626 1008 6 0.0568 389 334 641 573 0 0.0563 315 200 568 433 5 0.0561 235 261 499 499 13 0.0559 387 271 652 506 7 0.0557 383 398 648 638 8 0.0551 309 779 550 1014 11 0.0550 370 785 626 1009 0 0.0550 445 773 701 1013 0 0.0544 236 267 504 500 7 0.0543 378 666 645 899 3 0.0543 380 785 632 1018 13 0.0539 382 398 648 635 11 0.0538 232 272 506 495 11 0.0536 489 789 767 1018 6 0.0536 1 429 259 647 11 0.0525 0 432 257 652 6 0.0524 378 783 635 1011 8 0.0524 1 422 245 649 7 0.0523 387 269 647 506 0 0.0521 511 321 755 564 11 0.0517 366 668 644 895 13 0.0516 379 785 637 1015 7 0.0513 238 269 505 502 5 0.0513 311 196 564 430 8 0.0512 384 266 637 506 5 0.0511 503 310 754 560 10 0.0509 381 273 643 504 3 0.0509 386 336 637 576 7 0.0506 308 782 563 1013 0 0.0506 380 472 635 706 13 0.0502 240 270 513 505 10 0.0502 380 404 644 634
y7cZymAFLVR5cMRmlP8YXBd0qokOeOqm,7 0.0614 508 602 766 834 7 0.0589 483 731 831 910 11 0.0578 497 607 763 834 0 0.0578 502 605 761 837 7 0.0577 511 543 888 717 6 0.0570 535 678 906 851 8 0.0564 501 608 753 834 13 0.0554 506 607 767 839 8 0.0552 504 547 866 720 0 0.0550 505 547 881 720 11 0.0547 309 410 573 642 11 0.0543 381 347 627 569 11 0.0535 622 473 894 697 5 0.0532 490 542 876 718 5 0.0525 517 674 899 852 8 0.0519 316 406 564 641 5 0.0516 450 615 822 795 13 0.0516 507 547 894 720 10 0.0515 523 678 893 854 2 0.0513 530 683 904 854 6 0.0510 507 543 885 720 13 0.0506 318 409 579 645 11 0.0500 469 737 830 908 0 0.0500 380 346 628 573
eoGftpUCw0W8cvPiO9RO5ZfWSePg4bdp,0 0.0631 315 664 574 917 11 0.0630 260 720 507 974 5 0.0627 259 717 504 974 8 0.0614 378 664 633 903 11 0.0602 373 665 638 901 7 0.0601 263 720 510 979 10 0.0580 312 669 574 912 6 0.0569 263 723 508 975 13 0.0564 264 722 513 978 8 0.0562 264 720 503 975 13 0.0553 376 664 643 903 3 0.0544 379 664 641 907 9 0.0530 259 722 507 975 2 0.0527 262 725 509 979 3 0.0518 264 721 507 981 11 0.0513 385 397 622 639
GlvAS4m3g7p0urgVFdp6sTQcyaw0neKV,0 0.0580 106 0 358 238 0 0.0564 701 2 956 199 8 0.0546 106 0 351 234 5 0.0542 695 0 955 196 5 0.0539 105 0 349 234 6 0.0534 642 0 894 203 11 0.0533 696 1 957 193 13 0.0522 698 1 968 198 11 0.0513 103 3 360 233 8 0.0507 624 19 867 260 8 0.0503 703 0 948 193 6 0.0503 106 1 360 233
7y3yjuIUCu957eiq2w6QbcFldWEdi5eN,8 0.0607 516 403 754 645 11 0.0601 514 405 764 643 5 0.0596 561 335 818 572 8 0.0590 504 531 752 772 0 0.0586 508 350 757 582 5 0.0585 574 454 828 695 0 0.0580 516 467 767 708 8 0.0573 326 778 557 1016 8 0.0572 429 598 694 831 11 0.0566 324 782 567 1018 7 0.0562 521 399 771 647 11 0.0559 427 540 703 776 6 0.0556 326 779 566 1020 0 0.0547 120 412 392 646 3 0.0547 525 405 764 648 8 0.0545 377 521 623 765 5 0.0543 322 778 559 1017 6 0.0542 577 535 824 762 0 0.0541 377 521 629 767 7 0.0541 126 410 391 644 7 0.0540 329 777 569 1019 11 0.0539 563 341 826 568 5 0.0536 371 517 629 767 13 0.0536 127 410 401 644 6 0.0535 513 345 761 580 10 0.0535 572 463 832 695 13 0.0533 519 464 774 705 8 0.0532 123 411 384 643 0 0.0531 326 779 568 1020 3 0.0526 586 460 832 703 5 0.0525 117 408 384 644 0 0.0523 576 537 820 771 6 0.0518 431 537 702 776 8 0.0517 564 338 814 569 3 0.0516 329 779 559 1023 11 0.0515 570 538 819 762 3 0.0514 512 529 761 777 13 0.0514 434 537 703 780 9 0.0511 513 465 768 698 5 0.0509 503 522 759 768 10 0.0509 124 418 383 639 6 0.0509 128 412 393 644 7 0.0507 511 529 768 772 10 0.0503 327 784 566 1016
4vBkVmS2YEYZOho8MQeGFcdmkLGV3QAd,11 0.0574 239 783 503 1015 11 0.0573 511 401 756 635 8 0.0569 515 398 749 636 11 0.0553 180 399 447 648 7 0.0529 520 398 760 632 0 0.0529 514 406 758 637 5 0.0526 572 400 815 631 5 0.0525 182 395 446 643 11 0.0522 562 332 812 566 11 0.0521 328 815 685 990 0 0.0517 334 812 688 994 8 0.0514 566 326 802 569 7 0.0513 341 810 694 995 7 0.0511 246 782 507 1019 5 0.0510 506 334 758 568 8 0.0509 328 811 671 989 6 0.0508 517 400 760 634 13 0.0502 519 399 761 636 8 0.0501 186 401 438 649 3 0.0500 581 401 820 639
hSnUxWb9yElOv7zbpIP5z5zNd8wIUU0w,11 0.0625 454 337 700 562 11 0.0595 651 539 895 769 7 0.0585 383 341 627 579 11 0.0581 530 456 767 695 5 0.0578 458 390 698 625 5 0.0574 377 337 623 576 6 0.0570 386 344 630 580 7 0.0567 535 457 771 694 11 0.0565 0 742 237 968 0 0.0546 529 454 766 703 0 0.0544 0 741 237 978 5 0.0543 512 332 757 560 10 0.0542 382 349 626 577 7 0.0540 594 516 834 756 13 0.0540 541 518 774 769 3 0.0539 383 347 624 585 8 0.0537 461 393 693 623 0 0.0535 516 333 759 568 8 0.0535 384 342 619 578 10 0.0530 461 396 702 622 8 0.0529 588 517 821 758 5 0.0529 527 455 761 697 3 0.0525 463 394 703 633 13 0.0524 385 343 631 581 8 0.0523 531 457 760 696 6 0.0520 517 336 766 560 0 0.0512 591 519 829 761 0 0.0511 380 211 640 455 3 0.0510 382 215 639 460 6 0.0509 461 395 707 625 0 0.0507 379 339 629 585 10 0.0504 515 340 765 563 13 0.0504 462 396 706 625 5 0.0503 375 205 636 450 6 0.0503 654 540 895 773 9 0.0500 450 337 699 556
3OkZvLLtnYn3ngyYLdfAekDaDza5t5S1,5 0.0606 322 239 571 495 11 0.0603 319 322 575 564 7 0.0589 394 259 643 508 11 0.0575 254 254 505 505 8 0.0571 406 0 740 156 0 0.0570 323 242 577 502 8 0.0566 331 244 568 499 8 0.0562 264 322 500 578 13 0.0543 266 323 509 583 11 0.0542 328 419 699 593 3 0.0541 328 320 576 570 11 0.0540 253 393 508 638 5 0.0537 401 0 749 156 5 0.0531 232 458 491 700 8 0.0530 308 0 560 203 6 0.0530 328 244 577 502 13 0.0527 329 397 591 648 11 0.0525 387 260 640 502 11 0.0523 312 184 572 431 7 0.0521 326 319 577 567 5 0.0516 254 317 503 574 8 0.0516 457 325 694 560 8 0.0516 459 192 688 441 13 0.0513 242 464 499 710 11 0.0513 404 2 755 156 0 0.0512 258 319 506 582 6 0.0512 263 388 510 639 8 0.0510 331 394 581 642 10 0.0509 326 323 575 566 13 0.0509 504 0 776 192 3 0.0505 394 254 637 507 3 0.0505 261 390 507 647 3 0.0503 260 252 506 512 10 0.0503 392 259 643 502 6 0.0501 409 0 755 156 0 0.0501 335 418 698 594
pxZNhySNqtPME0gq98iAR8ZXqSatL2Sy,11 0.0617 348 548 711 727 5 0.0617 345 545 699 727 0 0.0589 505 662 756 892 0 0.0588 347 549 711 731 7 0.0578 315 469 566 702 0 0.0578 440 598 695 829 0 0.0575 512 529 766 768 11 0.0573 410 682 782 855 11 0.0572 315 599 572 819 8 0.0570 386 530 633 767 5 0.0561 512 523 758 765 6 0.0557 381 531 646 764 7 0.0555 252 533 512 757 6 0.0548 315 471 569 699 7 0.0547 511 658 759 893 11 0.0547 258 403 512 642 11 0.0546 520 466 766 701 6 0.0544 318 597 578 821 6 0.0541 387 395 638 633 0 0.0537 194 391 445 644 13 0.0535 526 468 773 704 7 0.0535 386 594 640 823 13 0.0535 391 469 649 705 7 0.0534 391 394 638 638 11 0.0532 386 337 634 581 13 0.0531 322 600 576 823 8 0.0531 515 527 760 768 3 0.0530 387 529 643 772 8 0.0529 510 656 748 891 11 0.0528 307 292 566 520 11 0.0528 248 534 508 752 5 0.0525 382 592 631 818 8 0.0524 443 597 689 827 10 0.0523 385 471 639 700 5 0.0522 405 678 770 855 8 0.0521 309 403 556 634 2 0.0520 390 472 644 706 8 0.0518 251 533 501 756 7 0.0517 346 548 714 732 0 0.0517 576 470 835 714 13 0.0516 257 534 516 757 8 0.0515 192 394 440 640 10 0.0515 384 597 636 819 8 0.0514 579 468 824 712 8 0.0513 327 666 563 897 0 0.0510 381 668 635 893 5 0.0509 306 396 563 627 11 0.0508 177 277 451 507 13 0.0506 449 599 699 829 6 0.0505 413 679 785 858 6 0.0505 585 471 838 709 5 0.0502 318 668 567 892 3 0.0501 256 535 509 762
y5M3IgqfnUMmh6AejMLAzwCg0I67ad8B,8 0.0622 325 725 566 965 7 0.0611 377 741 634 969 7 0.0601 312 790 563 1022 11 0.0600 373 743 628 969 0 0.0584 376 743 628 973 11 0.0566 306 793 560 1019 5 0.0565 373 740 625 967 5 0.0565 307 789 555 1017 7 0.0565 319 657 572 886 0 0.0546 318 658 565 885 11 0.0545 316 660 564 882 6 0.0528 322 728 574 965 5 0.0524 314 657 561 878 10 0.0520 304 796 560 1021 3 0.0517 376 742 628 978 7 0.0516 367 589 637 805 11 0.0512 311 343 554 561 10 0.0510 371 746 632 969 13 0.0504 313 793 566 1023 10 0.0501 318 663 570 884
a9gPcwvAvjchxiD14BOsbcPy2X4euSy4,8 0.0538 445 394 684 638 8 0.0529 505 657 764 894 11 0.0516 498 660 771 891 0 0.0513 502 656 772 895 7 0.0513 512 402 760 647 7 0.0511 509 657 776 894 8 0.0509 560 721 826 974 11 0.0507 505 404 755 642 3 0.0503 506 660 772 903 7 0.0501 372 513 629 759
3SpliLgaoL7qvQvgX7vlFlnS4I9BojEB,8 0.0593 445 516 694 749 8 0.0592 571 521 811 756 7 0.0591 444 457 711 700 8 0.0572 438 408 695 625 11 0.0572 569 523 823 756 0 0.0567 448 455 704 696 11 0.0562 440 517 698 751 11 0.0550 435 413 698 626 7 0.0542 572 520 827 757 0 0.0540 572 524 817 759 5 0.0538 439 450 705 694 11 0.0536 306 520 557 761 2 0.0535 366 476 635 709 7 0.0531 311 466 568 714 13 0.0529 447 518 705 748 11 0.0527 360 592 623 835 6 0.0527 441 412 705 625 3 0.0526 441 414 702 632 0 0.0522 310 404 574 645 5 0.0521 564 521 815 757 10 0.0516 367 479 631 707 13 0.0516 387 416 654 640 11 0.0515 303 407 573 641 3 0.0512 579 523 817 764 6 0.0511 572 523 824 755 11 0.0510 305 660 556 889 0 0.0509 317 516 560 764 6 0.0509 306 471 571 709 2 0.0506 438 415 704 628 0 0.0502 253 576 498 836
GPK0XQAZgmb8JsbyD00gXLv9PpXj3VNM,0 0.0573 319 261 578 505 11 0.0553 381 342 648 574 5 0.0546 377 338 641 574 13 0.0546 403 587 664 829 13 0.0545 317 336 578 583 0 0.0543 376 396 640 641 5 0.0542 436 446 698 696 11 0.0541 383 450 653 703 6 0.0540 319 334 577 577 8 0.0538 378 395 630 639 0 0.0535 249 332 503 577 5 0.0535 242 331 495 573 0 0.0531 380 125 631 367 8 0.0531 394 263 642 503 7 0.0531 388 450 657 710 8 0.0513 319 334 560 577 11 0.0511 456 795 705 1015 3 0.0511 385 340 645 583 5 0.0509 747 11 1007 259 5 0.0509 370 193 635 426 11 0.0509 245 337 505 569 7 0.0505 388 340 654 580 13 0.0503 379 400 645 641 11 0.0501 397 588 657 823 0 0.0501 239 211 497 447
vpbVXE8PZkzseA8mOYee6kStUYtzOL9o,11 0.0612 303 733 571 952 11 0.0605 236 793 493 1014 7 0.0596 308 788 565 1019 11 0.0561 244 665 498 886 0 0.0560 371 796 626 1023 11 0.0547 372 798 625 1021 0 0.0542 310 729 569 956 7 0.0541 253 722 510 947 6 0.0540 384 66 653 304 5 0.0530 369 787 624 1019 0 0.0526 326 66 580 303 5 0.0525 235 783 493 1010 10 0.0517 307 792 560 1019 11 0.0512 374 69 646 300 8 0.0509 307 789 552 1016 13 0.0509 381 70 656 302 0 0.0504 504 470 761 701 8 0.0502 380 67 636 303
pHxbUMR0nwcvUIYjoBFE5MernQUF4ehV,8 0.0624 530 480 887 665 6 0.0622 537 480 900 663 0 0.0618 108 296 367 534 0 0.0611 114 410 367 640 6 0.0607 441 463 699 709 11 0.0600 104 357 372 586 5 0.0599 504 389 758 638 6 0.0587 513 398 767 638 5 0.0587 526 477 888 664 8 0.0586 115 406 367 638 0 0.0579 533 481 898 668 11 0.0571 529 482 899 664 7 0.0570 536 479 903 664 8 0.0569 409 548 754 728 13 0.0568 411 486 770 669 8 0.0565 308 469 550 702 5 0.0559 474 345 830 526 0 0.0556 630 339 891 591 7 0.0553 417 547 770 728 7 0.0552 111 351 371 591 11 0.0550 628 341 892 584 5 0.0544 403 543 762 727 11 0.0539 400 552 769 726 13 0.0537 544 412 916 598 3 0.0537 416 550 765 733 0 0.0537 413 549 763 731 6 0.0537 118 408 376 639 13 0.0531 535 541 911 731 2 0.0529 535 484 897 664 8 0.0520 407 418 755 600 5 0.0519 221 284 492 501 5 0.0517 107 408 366 635 6 0.0517 698 350 955 595 11 0.0515 302 474 559 703 3 0.0515 510 401 760 646 2 0.0515 510 403 762 636 12 0.0513 496 468 764 706 11 0.0513 308 595 545 835 6 0.0510 308 470 563 702 8 0.0510 482 347 830 525 11 0.0509 170 283 439 510 6 0.0509 490 348 849 523 10 0.0509 526 485 895 661 0 0.0506 407 423 764 602 11 0.0502 366 665 632 896 5 0.0501 299 466 559 701 11 0.0500 437 406 702 637
wuYkyDxrbjN0y5ImhUUE69jGsPRENVEi,11 0.0627 336 480 707 669 5 0.0626 242 395 496 633 8 0.0625 379 266 633 503 0 0.0625 446 346 697 588 6 0.0618 390 343 639 587 5 0.0618 374 265 635 502 7 0.0618 346 479 708 670 8 0.0614 339 478 697 669 11 0.0608 242 401 501 631 11 0.0606 378 269 641 501 5 0.0603 444 341 694 585 0 0.0601 337 478 706 671 3 0.0599 344 477 709 673 3 0.0597 387 336 635 591 8 0.0590 443 342 691 583 0 0.0587 446 212 700 448 6 0.0577 451 402 704 650 0 0.0574 316 328 567 575 10 0.0574 380 345 637 586 5 0.0573 330 474 698 670 5 0.0573 445 207 698 444 3 0.0570 247 399 497 639 7 0.0570 386 342 633 587 6 0.0568 248 398 500 633 8 0.0566 448 208 694 447 8 0.0564 314 328 559 568 3 0.0562 453 209 698 452 8 0.0560 373 129 619 376 10 0.0559 337 481 707 669 13 0.0555 340 480 713 668 13 0.0553 381 269 645 504 0 0.0551 246 397 500 636 0 0.0551 377 269 640 507 13 0.0549 249 401 504 638 10 0.0549 248 402 498 632 8 0.0548 248 399 492 632 10 0.0547 446 212 703 446 8 0.0546 381 603 735 782 13 0.0544 320 331 575 573 11 0.0544 448 212 701 444 11 0.0542 372 139 632 374 7 0.0540 388 605 757 781 7 0.0535 248 397 499 634 12 0.0534 385 339 638 585 2 0.0534 446 407 699 648 3 0.0531 323 268 570 510 12 0.0529 343 477 710 670 13 0.0529 449 348 703 586 0 0.0526 371 138 632 377 13 0.0523 449 207 708 447 11 0.0520 318 208 577 435 6 0.0519 454 210 705 441 7 0.0518 452 206 701 446 9 0.0518 332 477 708 666 6 0.0517 379 135 637 373 1 0.0515 327 475 704 671 5 0.0515 370 600 744 782 11 0.0508 373 607 751 782 13 0.0503 385 604 756 783
hs1tvB7ctISu5MZf5z9jqbVgZZ2K8XlF,5 0.0675 240 723 496 965 8 0.0670 142 867 502 1023 0 0.0658 143 867 504 1023 7 0.0657 148 867 509 1023 5 0.0657 140 866 501 1021 7 0.0637 246 724 502 972 11 0.0634 141 868 505 1022 5 0.0629 717 50 1022 226 0 0.0621 185 730 428 965 6 0.0618 149 870 507 1023 10 0.0616 181 735 430 959 8 0.0614 181 732 423 963 10 0.0613 141 871 506 1023 11 0.0606 179 733 428 959 2 0.0604 144 870 502 1023 9 0.0593 142 868 507 1022 13 0.0591 147 869 512 1023 0 0.0590 722 55 1022 230 8 0.0587 725 53 1013 226 5 0.0571 454 318 700 559 6 0.0566 182 733 433 960 0 0.0563 457 323 708 563 7 0.0558 516 791 759 1012 11 0.0557 718 54 1022 225 13 0.0554 247 730 503 966 5 0.0552 685 82 945 321 3 0.0548 150 869 503 1023 11 0.0544 513 794 754 1015 0 0.0540 684 91 947 323 7 0.0538 457 386 686 624 3 0.0536 185 734 428 967 6 0.0535 725 54 1023 227 13 0.0535 723 52 1023 228 13 0.0534 693 89 956 323 2 0.0533 248 732 499 970 11 0.0528 385 210 652 445 9 0.0527 183 733 429 959 1 0.0525 142 867 503 1023 5 0.0524 505 790 743 1013 2 0.0522 461 335 703 561 3 0.0519 726 57 1023 231 8 0.0517 687 88 938 322 4 0.0512 142 868 512 1023 10 0.0512 719 57 1021 226 6 0.0509 453 396 689 624 8 0.0504 508 794 745 1017
jDCpDJ3uZrUKm8N5yBnA5AQERHokigBb,6 0.0569 241 129 502 360 11 0.0563 239 671 502 899 11 0.0563 233 132 498 360 5 0.0550 234 125 490 358 5 0.0550 177 606 428 828 0 0.0549 236 128 496 361 0 0.0548 504 267 756 510 3 0.0532 246 672 496 908 3 0.0529 183 611 430 836 8 0.0527 242 670 492 901 11 0.0525 336 68 582 291 11 0.0525 180 613 439 827 8 0.0524 182 608 427 834 5 0.0523 235 665 495 896 6 0.0521 243 669 503 898 11 0.0519 505 268 765 503 0 0.0519 244 670 503 907 8 0.0518 240 128 490 362 5 0.0514 503 261 751 505 6 0.0514 183 608 438 828 8 0.0508 504 258 753 508 5 0.0506 333 62 570 288 5 0.0506 50 601 315 820 7 0.0505 60 606 316 822 5 0.0503 64 470 311 704
B8N23UFRbCm9imxdbKoJDyo9fqgZyxJa,5 0.0633 423 666 695 905 11 0.0606 372 600 635 836 11 0.0593 293 661 560 891 11 0.0589 423 674 698 902 11 0.0588 505 727 771 970 0 0.0577 427 670 699 905 5 0.0576 371 593 634 840 8 0.0571 428 672 691 906 6 0.0566 366 661 634 902 0 0.0566 378 596 633 840 3 0.0566 432 671 699 911 0 0.0561 508 725 772 974 11 0.0559 330 278 575 495 7 0.0553 511 723 775 972 8 0.0552 377 600 628 841 5 0.0550 292 651 558 892 0 0.0548 584 615 844 858 10 0.0546 376 599 635 837 13 0.0546 369 665 642 902 3 0.0546 377 598 636 845 13 0.0541 512 724 777 974 8 0.0540 507 726 762 971 8 0.0540 298 657 557 894 7 0.0538 431 669 704 907 7 0.0538 310 797 575 1023 5 0.0536 169 337 432 575 0 0.0536 298 655 560 895 5 0.0533 504 718 764 969 11 0.0533 253 228 510 444 3 0.0532 299 661 565 898 7 0.0529 301 657 565 894 0 0.0529 254 228 502 453 7 0.0525 380 599 639 841 6 0.0525 261 230 503 447 11 0.0522 240 725 499 956 3 0.0520 321 331 564 560 9 0.0518 375 597 634 835 11 0.0516 574 547 834 783 11 0.0516 180 282 445 516 5 0.0516 249 223 500 445 3 0.0513 509 727 769 980 6 0.0513 509 726 767 972 11 0.0511 305 801 567 1023 6 0.0510 332 276 577 497 2 0.0508 377 601 634 839 5 0.0506 314 328 566 550 8 0.0504 577 615 830 849 13 0.0503 577 544 839 783 8 0.0502 320 330 559 553
sF455diwBZAOvfIE0rVYVlOa0TPRLJe6,11 0.0576 446 472 695 708 0 0.0563 305 64 571 311 8 0.0562 307 68 570 307 13 0.0550 310 64 582 308 5 0.0546 238 62 497 324 8 0.0538 448 469 685 712 11 0.0536 301 67 571 309 7 0.0534 309 64 578 314 7 0.0533 186 522 445 771 3 0.0528 453 471 694 717 11 0.0528 373 534 640 764 6 0.0527 453 471 696 710 6 0.0525 248 69 507 327 7 0.0523 457 471 694 712 5 0.0521 446 466 688 711 0 0.0517 448 472 693 713 8 0.0515 312 207 566 445 11 0.0515 183 463 436 701 5 0.0515 178 516 442 770 13 0.0510 189 528 455 780 5 0.0510 283 530 641 724 13 0.0506 453 471 696 710 3 0.0505 312 64 568 317 13 0.0504 314 528 583 772 10 0.0500 305 69 578 309
j1X2eZs5DNYZfKIWVy7sC6ep7Iasm4TP,0 0.0629 449 267 697 514 5 0.0612 444 324 686 566 11 0.0598 445 271 701 508 13 0.0580 377 268 636 525 8 0.0575 379 265 626 521 11 0.0570 375 201 650 449 7 0.0561 380 267 632 524 0 0.0558 376 321 625 580 11 0.0553 305 281 569 522 7 0.0549 450 330 692 571 0 0.0547 443 398 691 635 6 0.0546 450 330 694 567 0 0.0544 376 192 647 454 5 0.0542 450 204 709 441 11 0.0542 523 328 770 563 11 0.0539 440 398 693 628 5 0.0536 299 324 563 568 8 0.0534 526 322 760 565 11 0.0533 506 221 766 444 0 0.0530 528 327 764 568 3 0.0523 304 284 572 527 7 0.0517 508 216 766 448 5 0.0516 297 205 567 455 3 0.0511 447 267 702 516 13 0.0508 459 212 719 444 0 0.0505 509 214 762 446 6 0.0503 509 220 770 447 11 0.0503 431 540 697 768
JqGmdECvSHycVa398I9nuwBW3JEoS0CQ,8 0.0634 13 667 362 860 11 0.0595 29 612 386 786 5 0.0581 7 670 364 857 0 0.0568 8 675 370 859 5 0.0534 390 780 634 1016 0 0.0527 504 289 757 526 7 0.0525 403 787 645 1016 10 0.0525 55 577 318 820 3 0.0519 414 280 766 470 8 0.0516 415 279 753 467 0 0.0515 327 673 567 937 3 0.0515 23 670 368 864 7 0.0512 13 673 376 859 7 0.0509 417 280 774 467 11 0.0506 435 354 707 582 7 0.0503 398 669 632 911 6 0.0500 390 667 638 906
jZVatG1L6czGhvTkB0jFsVrtsffncPrK,11 0.0615 243 344 503 578 5 0.0593 242 335 499 576 7 0.0584 250 338 505 582 13 0.0577 251 340 507 584 13 0.0572 248 198 511 437 8 0.0571 245 268 492 503 6 0.0570 248 266 502 505 11 0.0569 306 209 567 433 8 0.0567 316 209 557 436 3 0.0566 248 342 501 585 11 0.0558 299 477 566 711 7 0.0552 318 207 568 437 0 0.0549 308 206 563 441 3 0.0543 317 209 564 444 0 0.0539 243 270 499 507 10 0.0530 243 274 501 504 6 0.0526 315 207 569 437 5 0.0525 242 191 499 427 5 0.0522 295 468 561 709 11 0.0519 229 140 503 366 2 0.0509 250 344 500 579 6 0.0506 305 473 571 711 0 0.0505 235 137 498 373 3 0.0501 308 474 567 721
utbbqbfWWHZzgFiDfzz5s87hZCNyIg99,8 0.0667 188 786 421 1022 5 0.0617 184 786 424 1019 7 0.0574 189 789 431 1023 11 0.0564 185 789 430 1020 0 0.0561 248 790 496 1023 5 0.0551 242 716 498 953 8 0.0548 246 718 496 954 7 0.0539 248 719 507 955 0 0.0535 243 662 501 897 11 0.0533 312 324 566 551 8 0.0533 318 322 557 555 11 0.0521 162 217 439 443 13 0.0519 186 793 434 1023 10 0.0519 176 730 434 957 2 0.0516 185 794 429 1023 8 0.0513 123 708 361 945 11 0.0511 236 666 503 890 6 0.0506 247 793 500 1023 7 0.0504 320 320 573 556 0 0.0502 321 386 572 620
xau1v3uLkkilrtU060bWiBUPBbWQndbG,11 0.0597 667 482 1020 667 11 0.0591 8 789 256 1019 0 0.0587 663 482 1023 673 0 0.0585 5 786 258 1023 11 0.0554 363 527 642 763 5 0.0553 2 779 253 1015 0 0.0549 320 147 577 386 5 0.0549 655 479 1016 671 6 0.0548 4 790 258 1017 5 0.0548 316 143 571 383 13 0.0547 669 481 1023 674 3 0.0547 8 783 256 1023 8 0.0543 670 477 1015 674 0 0.0537 246 215 513 438 6 0.0536 675 479 1023 674 7 0.0528 644 400 905 649 5 0.0526 260 281 628 473 8 0.0526 10 783 249 1021 3 0.0526 676 484 1021 675 7 0.0524 6 785 261 1022 7 0.0521 196 343 567 530 8 0.0521 272 283 626 474 7 0.0516 273 281 637 475 2 0.0512 668 488 1023 674 5 0.0511 179 343 559 525 8 0.0505 323 147 571 384 7 0.0500 371 526 642 768
0TiIkUG4GbqK0cRPRLonwVlY4YVbYHlr,5 0.0605 429 334 681 568 0 0.0593 377 342 631 578 11 0.0590 376 403 628 634 0 0.0584 0 673 239 908 7 0.0575 0 666 241 908 11 0.0566 0 675 241 905 7 0.0566 380 341 630 575 6 0.0563 381 343 636 577 8 0.0563 2 668 232 902 11 0.0557 436 338 687 566 8 0.0554 375 341 624 579 3 0.0552 3 665 234 910 0 0.0550 373 482 620 717 2 0.0550 435 343 688 570 13 0.0547 381 343 635 578 10 0.0538 238 345 492 572 10 0.0537 376 346 631 575 3 0.0535 378 342 630 582 2 0.0533 376 409 628 635 0 0.0533 247 337 491 575 0 0.0531 444 404 694 640 0 0.0523 510 339 754 572 8 0.0519 442 401 687 639 5 0.0518 371 401 618 633 6 0.0513 251 340 498 575 13 0.0512 447 404 701 636 7 0.0506 450 401 692 634 11 0.0502 506 410 758 635
7Yi3NeigFEgJyESlUqAemWmpGkXf0eFR,0 0.0589 447 514 706 761 8 0.0575 7 600 247 838 5 0.0566 317 775 560 1023 7 0.0564 394 568 643 836 7 0.0561 324 784 567 1023 8 0.0555 448 515 698 757 13 0.0555 325 782 571 1023 0 0.0553 0 606 253 841 5 0.0552 428 776 683 1015 11 0.0546 317 788 569 1021 0 0.0543 382 449 644 688 5 0.0542 501 267 768 506 13 0.0541 450 517 714 757 11 0.0540 441 516 706 752 11 0.0539 380 193 656 414 11 0.0538 4 609 252 834 13 0.0538 384 715 639 959 13 0.0533 395 570 647 832 7 0.0531 385 448 644 694 3 0.0530 451 132 704 368 11 0.0529 425 789 689 1011 11 0.0526 379 450 640 688 5 0.0523 382 446 640 685 8 0.0523 321 784 558 1021 0 0.0523 445 130 706 364 0 0.0521 509 213 765 447 8 0.0519 394 566 633 832 3 0.0518 10 604 253 842 2 0.0517 322 789 567 1023 6 0.0515 323 782 567 1021 5 0.0515 441 127 703 357 13 0.0515 388 191 662 423 6 0.0514 389 454 646 690 5 0.0514 441 512 705 753 11 0.0512 384 569 640 825 10 0.0512 318 788 568 1021 7 0.0511 384 714 636 964 6 0.0510 448 516 710 759 13 0.0509 516 213 778 447 3 0.0509 516 212 770 452 3 0.0507 322 786 564 1023 8 0.0506 386 191 645 418 0 0.0506 319 783 565 1023 11 0.0504 507 216 770 441 3 0.0504 436 784 684 1023 0 0.0503 372 328 641 559 3 0.0502 451 517 708 765 10 0.0502 4 608 252 838 6 0.0501 9 605 259 833 7 0.0500 7 598 254 835
M5fGHJGSfnxRkVno7eftBGEc9aOjRjSK,11 0.0639 496 530 756 774 5 0.0618 185 579 444 814 0 0.0610 499 530 754 778 11 0.0597 373 602 639 835 7 0.0592 507 459 765 697 11 0.0586 248 598 520 829 8 0.0577 498 527 751 777 5 0.0573 261 389 507 632 7 0.0571 192 198 455 443 0 0.0567 433 597 690 840 0 0.0566 320 604 579 843 11 0.0566 259 397 507 632 8 0.0563 189 580 443 816 3 0.0559 506 600 759 852 11 0.0559 318 467 573 701 5 0.0556 375 457 634 707 5 0.0554 497 525 749 774 7 0.0554 342 548 702 735 0 0.0554 338 547 695 737 13 0.0553 342 546 707 738 7 0.0552 439 597 694 839 10 0.0551 499 530 756 776 8 0.0546 338 548 693 735 7 0.0545 192 581 451 819 6 0.0544 502 529 757 776 3 0.0540 343 549 702 740 3 0.0536 194 583 451 823 0 0.0534 189 582 449 818 11 0.0533 440 457 693 697 13 0.0533 251 599 523 835 6 0.0532 437 597 696 837 13 0.0529 506 527 764 780 8 0.0528 434 595 687 838 13 0.0528 375 601 641 844 8 0.0528 322 603 574 842 7 0.0522 179 307 428 546 2 0.0522 336 550 700 734 0 0.0521 390 396 639 643 10 0.0519 328 678 689 855 11 0.0516 308 667 575 903 3 0.0513 264 398 506 640 7 0.0513 325 195 581 428 11 0.0511 251 254 520 482 6 0.0510 246 596 521 830 6 0.0509 188 376 438 621 6 0.0508 381 465 640 707 0 0.0508 182 200 447 445 2 0.0507 502 531 758 775 7 0.0507 322 604 583 841 11 0.0506 321 331 576 563 5 0.0505 429 593 688 838 3 0.0505 509 461 761 704 0 0.0505 264 396 509 639 3 0.0504 325 605 583 844 11 0.0503 396 261 642 486 9 0.0502 495 528 756 773
uKDR75nu0j2c9DZoQi7htym8YNB3vXAl,11 0.0604 378 309 638 546 3 0.0586 385 310 638 554 8 0.0585 379 306 629 549 7 0.0580 380 307 636 549 8 0.0576 308 389 567 627 0 0.0566 306 390 576 632 0 0.0564 377 309 635 553 11 0.0552 303 392 578 627 8 0.0545 364 457 622 691 5 0.0543 377 301 632 546 5 0.0540 306 530 572 774 0 0.0537 195 332 438 572 13 0.0535 309 392 583 630 7 0.0534 250 476 517 719 7 0.0530 261 592 517 835 0 0.0526 249 532 513 785 8 0.0522 248 476 507 716 11 0.0520 241 479 513 713 5 0.0519 365 454 623 692 7 0.0510 370 457 633 695 5 0.0510 307 387 572 626 11 0.0509 179 412 441 642 8 0.0507 197 329 430 568 0 0.0507 369 532 634 774 11 0.0507 255 593 512 833 11 0.0504 363 461 630 690 10 0.0502 145 549 503 722
ML0hr1hvUbP9rkwfYy3JIr91IPtedGKo,8 0.0577 507 602 747 831 11 0.0566 503 598 750 829 0 0.0562 506 599 755 834 11 0.0549 183 22 444 250 7 0.0535 508 596 761 834 6 0.0522 508 602 758 831 3 0.0509 510 600 752 836 5 0.0506 502 593 750 828 13 0.0501 509 597 762 834
rR7u316rJRyexW3q9Lo1iQ4FA7gdksPc,11 0.0600 8 792 251 1010 8 0.0573 8 785 241 1009 0 0.0527 2 786 249 1016 6 0.0524 12 791 256 1008 7 0.0503 12 788 252 1015 8 0.0501 248 782 469 1011 3 0.0500 15 785 249 1017
lE6aMN3XzWgRPElFh0JCy9DPFZrMn71C,5 0.0582 639 0 1016 152 5 0.0564 140 866 501 1020 8 0.0560 140 871 492 1023 7 0.0550 149 871 516 1023 8 0.0542 652 1 1015 154 11 0.0540 638 2 1023 153 6 0.0537 645 0 1023 155 13 0.0535 653 1 1023 157 0 0.0521 642 0 1022 156 10 0.0521 139 877 508 1022 7 0.0513 197 527 447 767 7 0.0511 384 649 637 888 11 0.0511 141 871 517 1021 5 0.0509 122 520 383 770 8 0.0503 193 530 432 763 11 0.0500 190 534 445 764
UtGG0u77ltwAwHHffdHgd8CgE3XCp5MG,5 0.0635 362 786 630 1015 0 0.0624 367 788 631 1023 8 0.0610 369 788 624 1018 13 0.0609 370 791 635 1019 0 0.0603 316 649 587 889 7 0.0600 370 789 633 1019 11 0.0583 385 653 651 880 5 0.0575 313 711 575 949 5 0.0574 432 736 709 946 5 0.0573 384 650 645 882 0 0.0572 27 0 373 150 6 0.0563 314 790 567 1018 11 0.0562 312 789 564 1020 3 0.0556 373 785 634 1023 11 0.0551 436 790 706 999 5 0.0546 319 583 582 819 8 0.0538 24 0 354 146 10 0.0537 310 791 562 1019 5 0.0536 16 0 369 146 7 0.0531 320 713 582 954 8 0.0531 321 649 577 885 6 0.0526 439 791 707 1003 9 0.0523 366 792 633 1016 1 0.0522 362 782 627 1023 8 0.0519 437 735 708 948 13 0.0516 149 2 510 151 11 0.0513 501 138 752 360 10 0.0512 389 657 648 884 0 0.0511 437 739 715 950 6 0.0508 21 2 376 145 0 0.0507 389 584 650 822 3 0.0505 441 733 712 954 11 0.0502 375 407 630 633
URhgzlTOJDd7W3zuW9Xvd8iZS7MVn2Uh,8 0.0579 371 654 626 897 11 0.0577 365 656 631 890 0 0.0547 374 594 632 839 5 0.0546 370 585 628 837 6 0.0538 374 651 636 894 7 0.0538 373 652 637 895 11 0.0528 503 336 748 566 8 0.0525 504 333 743 568 10 0.0525 368 655 633 892 8 0.0523 461 490 818 676 0 0.0519 506 336 747 570 5 0.0516 433 712 693 964 7 0.0515 510 331 752 571 11 0.0509 458 491 827 670 0 0.0506 453 555 833 741 13 0.0505 504 785 758 1023 11 0.0504 432 725 696 966 5 0.0501 456 483 824 673 8 0.0500 435 719 692 970
1inF0RJEtSKAIBuYRugyd3dxhwuVuu9q,0 0.0511 0 1 252 211
JzzdQSsFabBkggyIW4zgvobti4ycWtWw,8 0.0639 245 262 490 505 11 0.0634 386 89 643 322 5 0.0621 239 261 496 505 5 0.0610 306 285 674 472 8 0.0601 314 289 669 472 7 0.0594 317 288 685 476 10 0.0574 303 279 564 515 8 0.0568 390 87 635 325 3 0.0563 372 281 630 522 11 0.0559 244 266 499 503 5 0.0558 232 388 503 638 3 0.0554 244 264 496 511 11 0.0553 265 86 522 324 7 0.0553 247 262 499 505 5 0.0552 446 136 693 376 11 0.0552 431 272 686 513 0 0.0550 308 266 565 520 13 0.0549 302 337 562 583 13 0.0549 375 280 634 517 2 0.0547 316 291 681 472 8 0.0546 301 340 550 578 13 0.0546 246 263 502 507 8 0.0545 182 141 435 388 6 0.0545 321 288 684 472 11 0.0544 296 341 560 579 0 0.0543 331 77 582 316 8 0.0537 263 23 506 254 0 0.0537 433 273 687 513 10 0.0537 454 144 696 375 9 0.0537 312 291 683 469 6 0.0534 248 268 502 506 11 0.0533 174 146 446 387 2 0.0530 246 268 495 504 10 0.0528 433 275 687 511 10 0.0528 329 84 581 312 0 0.0528 178 141 444 389 3 0.0528 460 139 697 384 0 0.0527 452 138 694 383 10 0.0525 359 347 628 574 6 0.0524 397 90 647 325 7 0.0524 302 338 561 583 8 0.0522 565 332 819 582 7 0.0519 398 356 763 542 5 0.0513 385 354 751 539 8 0.0513 387 357 742 539 0 0.0512 175 267 436 515 13 0.0512 394 88 651 321 8 0.0511 506 19 742 256 5 0.0508 559 334 828 579 6 0.0508 244 391 510 643 0 0.0507 530 359 883 540 3 0.0506 518 20 753 263 11 0.0506 559 337 828 577 3 0.0504 301 341 556 581 10 0.0503 174 281 436 516 4 0.0503 306 275 567 516 9 0.0500 245 267 500 499
zEuRkTmbBaIpmPF8AuDvjXw7AtLewZi2,5 0.0566 627 471 909 717 11 0.0566 707 213 959 434 0 0.0564 185 332 430 574 11 0.0547 180 326 433 568 5 0.0547 778 195 1020 416 8 0.0538 181 325 424 576 5 0.0537 699 343 961 571 5 0.0537 241 314 499 549 11 0.0534 181 195 432 442 13 0.0525 188 330 438 577 8 0.0524 187 195 426 445 0 0.0523 187 198 432 446 13 0.0520 191 199 440 449 7 0.0519 185 326 434 572 10 0.0518 779 204 1023 417 0 0.0517 713 215 951 441 3 0.0512 187 335 433 578 8 0.0508 637 473 907 718 11 0.0507 698 349 966 571 7 0.0503 713 210 959 437 5 0.0502 179 191 425 441 6 0.0502 254 313 511 554
o91XvyBzFZXlho2wL6E1EUWoF4rzlKFi,11 0.0590 629 466 884 704 8 0.0582 259 267 494 509 11 0.0579 252 273 508 511 0 0.0578 634 467 884 705 0 0.0575 265 211 507 449 0 0.0564 224 78 463 314 6 0.0559 635 467 886 708 7 0.0550 247 0 517 239 11 0.0542 232 8 510 237 8 0.0542 172 316 406 571 8 0.0542 312 152 566 371 3 0.0540 258 267 504 520 8 0.0537 323 325 563 563 5 0.0534 257 207 505 445 7 0.0530 264 135 518 376 8 0.0527 206 5 442 255 0 0.0527 249 321 504 566 5 0.0522 299 146 576 369 11 0.0522 254 140 515 374 8 0.0521 634 465 877 706 5 0.0520 626 464 877 700 13 0.0517 259 270 509 516 0 0.0516 310 150 578 375 2 0.0512 249 327 507 566 5 0.0511 162 315 417 566 7 0.0509 332 418 694 598 8 0.0506 620 342 871 574 3 0.0501 315 149 577 380 5 0.0501 190 2 448 247 6 0.0501 269 212 514 447
5jGS0hEyz2vEevrUHwaVfnSXUVP5MkV7,11 0.0631 302 653 562 884 5 0.0628 248 519 501 759 0 0.0627 257 581 506 823 7 0.0625 257 583 511 822 11 0.0608 347 607 719 791 5 0.0600 331 663 705 853 11 0.0600 252 586 508 818 11 0.0598 320 526 580 759 0 0.0588 251 448 500 700 7 0.0586 387 596 650 834 8 0.0585 308 652 559 887 5 0.0584 380 522 638 764 6 0.0583 251 452 507 695 0 0.0579 383 664 643 895 3 0.0579 382 664 641 900 5 0.0576 248 646 494 877 11 0.0573 245 455 503 696 8 0.0570 251 522 498 763 7 0.0565 327 523 580 763 6 0.0565 257 583 511 818 0 0.0562 326 522 578 762 13 0.0562 324 587 583 829 7 0.0555 250 449 504 701 3 0.0552 257 589 508 827 0 0.0544 355 604 715 793 6 0.0542 352 605 716 792 8 0.0535 385 597 638 832 6 0.0532 325 525 582 758 3 0.0528 325 526 577 769 10 0.0527 246 656 501 879 2 0.0514 250 460 504 699 10 0.0511 318 591 579 827 3 0.0510 354 606 714 797 2 0.0508 348 609 714 792 13 0.0507 252 454 510 700 1 0.0505 253 579 508 818 10 0.0505 252 527 507 762 2 0.0501 322 531 580 762 13 0.0501 254 650 506 882
c9aJw5jjJEWcSZJekDO42QMWwNpoMO9G,5 0.0668 170 798 436 1021 13 0.0634 180 804 443 1023 7 0.0624 178 800 440 1023 8 0.0606 180 796 433 1023 8 0.0604 78 0 426 167 11 0.0599 227 792 489 1021 7 0.0598 293 782 570 1023 3 0.0587 302 786 569 1023 5 0.0584 288 775 565 1022 5 0.0575 0 0 356 164 8 0.0575 297 784 560 1023 6 0.0570 180 803 444 1023 11 0.0567 291 738 573 963 10 0.0563 124 804 391 1020 13 0.0562 296 787 577 1021 0 0.0560 175 803 439 1023 11 0.0560 0 1 366 160 3 0.0559 179 806 442 1023 0 0.0557 4 0 362 165 2 0.0556 176 803 440 1023 5 0.0549 175 679 440 914 7 0.0549 4 0 363 161 8 0.0545 366 206 624 435 11 0.0543 363 211 631 433 5 0.0542 434 728 691 972 5 0.0541 361 203 623 432 7 0.0531 426 785 699 1020 12 0.0530 178 801 444 1023 5 0.0529 444 337 690 570 0 0.0528 368 209 628 436 10 0.0526 0 2 357 163 6 0.0524 1 1 362 161 7 0.0524 187 684 445 916 6 0.0523 300 788 568 1023 3 0.0522 371 209 627 441 0 0.0522 449 345 695 574 10 0.0521 292 787 572 1022 6 0.0519 456 339 700 572 3 0.0516 0 2 360 168 7 0.0515 372 207 632 439 9 0.0514 174 799 439 1021 6 0.0514 372 205 628 433 13 0.0511 77 0 453 171 0 0.0511 359 785 630 1023 2 0.0507 369 211 628 434 13 0.0505 371 207 637 436 1 0.0503 175 799 442 1023 8 0.0500 442 278 681 508
vyBuUsKVZpC89VFkguqPMbO18YJ26ywA,8 0.0626 250 587 504 836 10 0.0614 249 595 511 839 0 0.0611 252 537 504 776 5 0.0610 249 537 505 774 11 0.0591 251 589 510 835 8 0.0585 332 58 570 295 13 0.0583 247 586 517 836 6 0.0572 330 57 580 294 5 0.0570 319 53 572 294 3 0.0569 250 588 512 843 3 0.0563 504 13 771 252 11 0.0563 248 481 502 700 7 0.0562 253 586 512 836 8 0.0553 371 327 637 571 11 0.0553 495 15 776 246 8 0.0548 503 11 766 248 6 0.0547 252 593 515 836 2 0.0547 253 594 509 837 6 0.0544 303 402 569 638 3 0.0542 248 407 500 641 13 0.0542 512 334 781 569 0 0.0541 327 59 576 300 8 0.0540 251 478 493 702 5 0.0538 501 324 767 571 8 0.0538 509 207 757 450 11 0.0535 323 57 576 297 5 0.0534 239 402 500 635 3 0.0534 331 58 573 302 13 0.0532 369 332 654 575 11 0.0531 295 409 569 638 8 0.0528 583 451 825 685 11 0.0525 498 154 769 384 0 0.0525 244 406 499 637 0 0.0525 582 452 832 689 8 0.0524 50 669 295 901 0 0.0524 43 672 302 904 7 0.0523 379 400 651 638 13 0.0523 305 407 578 641 7 0.0521 503 12 773 249 3 0.0517 371 328 648 576 13 0.0517 508 211 770 451 6 0.0517 257 478 505 699 5 0.0516 502 206 759 453 6 0.0515 513 328 781 569 0 0.0514 509 329 777 569 8 0.0514 578 325 826 556 5 0.0511 367 393 641 636 8 0.0510 305 405 558 637 3 0.0509 509 152 765 393 13 0.0509 332 56 582 299 9 0.0509 248 587 510 833 5 0.0509 577 448 829 687 11 0.0509 574 325 834 558 11 0.0509 367 475 635 705 13 0.0508 375 473 641 708 13 0.0506 504 10 779 247 2 0.0505 329 61 574 296 8 0.0505 377 467 622 705 6 0.0505 367 322 650 571 0 0.0504 497 14 769 251 11 0.0503 360 334 649 569 0 0.0501 511 207 767 451
goYb0aGmCo3yL68g77FdwzD2lcWs6C4m,5 0.0650 620 473 887 723 11 0.0644 688 474 944 722 5 0.0622 607 599 879 833 7 0.0612 563 588 815 831 0 0.0606 624 541 887 774 8 0.0605 626 482 881 719 11 0.0596 253 442 521 684 5 0.0595 160 489 435 750 11 0.0593 619 544 889 772 0 0.0579 560 589 812 832 5 0.0576 691 404 937 644 6 0.0574 632 479 893 719 5 0.0570 303 502 567 751 6 0.0570 620 602 887 832 3 0.0570 630 480 890 730 7 0.0569 629 479 892 723 7 0.0568 171 492 437 753 8 0.0567 557 590 809 831 3 0.0567 562 592 814 836 13 0.0566 246 510 505 759 7 0.0566 309 588 584 840 0 0.0565 240 506 503 759 0 0.0560 694 476 944 719 7 0.0555 258 440 524 683 0 0.0552 307 585 583 840 6 0.0552 245 507 502 753 0 0.0549 331 444 596 695 2 0.0548 557 592 813 830 5 0.0544 562 407 821 640 0 0.0543 736 1 1004 199 6 0.0541 701 416 947 644 9 0.0540 619 545 890 769 11 0.0538 377 517 638 760 5 0.0538 237 330 504 549 13 0.0534 563 589 821 827 10 0.0533 620 545 890 775 13 0.0532 386 516 648 761 2 0.0530 632 429 887 653 11 0.0525 176 387 454 619 5 0.0525 367 588 642 838 3 0.0521 258 447 515 690 8 0.0520 238 506 487 757 7 0.0518 571 412 826 646 11 0.0518 734 1 1002 196 0 0.0517 632 426 887 651 10 0.0517 687 473 943 720 5 0.0513 205 274 567 457 5 0.0511 298 177 572 413 2 0.0508 240 510 501 757 11 0.0506 163 494 439 753 6 0.0506 576 419 830 643 8 0.0505 378 513 631 762 6 0.0505 379 514 645 761 4 0.0504 616 606 888 833 7 0.0504 182 383 450 620 5 0.0504 729 0 993 197 8 0.0503 741 0 993 198 11 0.0503 302 62 590 295
jTs6Y5I6CTaf0OL7Kum4EapiMSK0CaXO,11 0.0597 439 789 685 1019 11 0.0588 428 683 692 909 7 0.0580 444 787 691 1021 8 0.0571 441 786 677 1023 11 0.0566 363 733 621 965 7 0.0556 188 793 429 1021 5 0.0552 181 791 416 1021 5 0.0549 438 785 680 1020 8 0.0543 186 793 418 1021 8 0.0543 365 729 611 967 0 0.0536 438 785 683 1023 6 0.0533 444 792 687 1023 5 0.0530 363 727 611 965 11 0.0530 186 799 423 1021 7 0.0526 314 721 562 963 0 0.0526 184 794 424 1023 0 0.0526 241 270 508 505 11 0.0524 517 729 755 951 11 0.0521 240 272 514 499 13 0.0508 446 792 691 1023 0 0.0503 312 722 559 968
Ddtouodx8m3QBjxWbf7GFtROJ9UCbYRb,0 0.0620 647 4 910 208 11 0.0608 511 719 768 952 11 0.0596 441 787 692 1013 8 0.0550 444 783 681 1018 13 0.0549 445 787 696 1019 8 0.0548 651 0 902 203 7 0.0546 447 782 695 1017 7 0.0537 520 714 773 957 13 0.0535 527 0 881 150 5 0.0530 437 781 682 1015 5 0.0522 644 0 902 201 11 0.0519 506 620 768 838 11 0.0518 169 391 429 611 6 0.0516 517 3 876 147 3 0.0512 648 4 910 207 8 0.0508 179 387 422 616 11 0.0506 175 521 442 740 3 0.0502 446 781 691 1023
EVtpqSkNVEprqevXBRa5dDMgfFe2T3qK,0 0.0636 559 781 812 1019 5 0.0625 556 779 807 1018 7 0.0599 562 780 815 1022 8 0.0578 564 780 807 1018 11 0.0568 557 783 810 1017 7 0.0564 400 663 758 859 0 0.0557 687 800 949 1023 0 0.0548 562 666 807 898 6 0.0548 565 723 805 951 11 0.0542 297 672 559 892 8 0.0530 566 668 799 891 5 0.0526 384 661 742 853 5 0.0526 560 663 803 889 6 0.0516 435 676 692 894 11 0.0513 392 666 751 853 10 0.0503 560 783 810 1019 2 0.0503 561 787 812 1020 5 0.0502 298 667 555 896 3 0.0501 563 784 810 1023
E78ViX4s9RKJ9Qjk9WqJHtu1ZK2Y2noc,11 0.0577 176 797 422 1018 11 0.0576 569 153 816 372 5 0.0542 173 789 419 1018 8 0.0541 122 790 355 1020 7 0.0541 179 793 424 1023 0 0.0539 179 791 427 1023 0 0.0530 426 405 681 639 11 0.0530 634 277 895 510 11 0.0523 427 408 680 634 11 0.0522 236 729 492 942 11 0.0520 235 352 507 573 0 0.0520 494 457 756 704 6 0.0516 245 349 503 576
s8cfOEEcQZqNdbWqZn5iOo5ivDMOxPfr,11 0.0626 183 330 447 570 0 0.0621 317 152 573 390 5 0.0620 253 325 518 569 0 0.0614 322 323 586 567 5 0.0610 310 146 568 391 6 0.0606 326 323 592 567 8 0.0605 194 399 441 639 6 0.0605 192 271 454 517 8 0.0603 318 153 566 391 11 0.0600 383 326 649 577 11 0.0598 262 397 525 632 13 0.0585 326 326 592 569 6 0.0585 321 152 578 391 0 0.0582 185 333 446 576 11 0.0582 316 155 574 388 5 0.0582 375 325 645 574 8 0.0581 65 351 317 589 5 0.0577 182 395 445 635 8 0.0572 386 319 644 581 10 0.0571 314 158 574 391 0 0.0569 265 395 528 638 13 0.0569 264 394 529 639 3 0.0567 259 328 520 581 3 0.0563 314 150 572 395 8 0.0562 191 268 443 517 8 0.0559 263 328 512 573 6 0.0558 195 400 455 638 7 0.0550 325 322 589 570 5 0.0548 173 197 435 438 11 0.0546 506 353 770 587 10 0.0545 265 404 524 633 2 0.0541 385 330 648 576 7 0.0540 196 396 451 638 2 0.0539 319 156 571 391 6 0.0536 392 395 661 653 13 0.0536 393 401 665 651 11 0.0534 175 203 442 440 7 0.0534 190 267 448 517 13 0.0534 320 151 583 394 7 0.0533 322 150 579 391 13 0.0531 188 273 454 522 9 0.0530 315 152 574 388 3 0.0528 191 272 449 523 0 0.0527 183 203 442 443 3 0.0525 387 321 649 582 3 0.0524 192 404 451 643 10 0.0516 182 336 444 570 7 0.0516 392 395 659 653 0 0.0516 388 397 655 653 12 0.0514 320 150 576 392 9 0.0512 318 326 584 565 1 0.0511 314 146 571 394 8 0.0511 510 345 765 593 5 0.0508 114 332 377 584 6 0.0505 127 334 392 586 10 0.0503 119 413 390 654 7 0.0501 122 330 388 585
oV5ro0A1is6GV5Iz6woOATzr9ca0nYvi,7 0.0635 255 647 515 887 8 0.0624 186 787 424 1021 11 0.0620 182 791 434 1023 8 0.0617 315 787 559 1023 13 0.0604 184 791 436 1022 7 0.0603 250 795 502 1023 10 0.0598 248 651 510 883 11 0.0597 256 718 507 955 5 0.0594 245 792 494 1021 0 0.0593 247 798 497 1022 11 0.0588 314 792 564 1021 6 0.0582 263 714 511 957 10 0.0570 181 793 429 1021 11 0.0568 439 723 696 944 5 0.0565 243 645 505 883 11 0.0564 265 610 637 787 8 0.0564 251 648 502 884 8 0.0559 444 592 680 813 13 0.0557 319 790 567 1022 0 0.0557 148 683 502 856 8 0.0556 265 610 624 788 7 0.0555 444 719 703 942 7 0.0550 272 608 641 791 3 0.0549 253 651 513 888 8 0.0546 57 266 309 510 0 0.0543 269 608 643 790 11 0.0541 495 601 735 820 8 0.0540 129 323 374 565 13 0.0538 259 713 512 958 3 0.0536 190 791 432 1023 7 0.0534 451 584 688 815 11 0.0533 183 268 445 506 3 0.0533 269 609 640 794 11 0.0532 58 269 316 505 5 0.0528 435 715 688 944 5 0.0527 490 598 731 820 11 0.0527 147 682 507 853 5 0.0526 260 605 630 786 2 0.0526 250 801 500 1023 3 0.0526 318 790 564 1023 10 0.0525 268 614 637 786 0 0.0523 59 269 314 514 11 0.0522 181 533 441 766 6 0.0519 151 682 512 854 8 0.0519 184 528 433 769 8 0.0513 440 719 689 943 13 0.0511 272 610 647 789 0 0.0511 187 326 433 566 13 0.0509 151 679 518 856 0 0.0507 188 535 442 772 5 0.0507 183 524 437 767 0 0.0504 444 725 689 947 6 0.0502 447 594 691 816 1 0.0501 255 711 504 957
s0NiZYS2ZqajlvxtLuoqFWPhdkBHmtl8,5 0.0561 561 395 809 632 11 0.0549 303 793 561 1022 8 0.0548 568 398 806 634 8 0.0515 306 788 555 1023 6 0.0515 639 353 903 587 11 0.0513 559 400 819 629 8 0.0511 121 18 362 246 11 0.0511 117 19 371 245 3 0.0510 571 333 820 583 0 0.0504 304 789 560 1023 6 0.0504 571 398 819 635
YPxs0U63CC4rpmcwHaD0GvcxWcMaw1j9,11 0.0635 491 534 763 762 7 0.0625 438 792 694 1023 8 0.0624 497 462 752 697 11 0.0614 363 397 625 636 5 0.0612 427 714 672 964 11 0.0611 391 479 761 660 0 0.0596 375 130 638 358 5 0.0587 491 597 757 839 7 0.0585 427 672 697 911 5 0.0584 361 388 619 635 7 0.0581 499 604 764 838 13 0.0578 498 466 765 698 5 0.0576 390 474 752 657 0 0.0574 497 466 757 697 8 0.0571 367 396 618 636 11 0.0571 432 797 688 1021 0 0.0569 495 213 762 454 6 0.0567 438 796 692 1019 5 0.0567 489 212 756 450 8 0.0566 493 606 753 838 7 0.0565 367 397 629 641 5 0.0565 364 792 613 1021 6 0.0554 391 423 766 601 8 0.0551 433 795 679 1022 0 0.0551 361 396 624 635 8 0.0550 494 213 758 452 0 0.0549 70 785 315 1012 13 0.0548 377 798 628 1023 11 0.0546 556 289 825 527 11 0.0546 492 215 762 451 0 0.0543 437 796 691 1023 6 0.0542 498 213 767 451 11 0.0541 66 785 312 1007 7 0.0541 233 795 493 1023 0 0.0541 305 204 573 430 5 0.0541 370 124 633 352 3 0.0540 370 399 622 642 0 0.0540 496 608 763 841 11 0.0539 490 678 747 910 8 0.0538 376 129 631 354 13 0.0534 500 604 769 838 6 0.0532 500 608 765 837 13 0.0531 500 215 771 452 10 0.0530 502 404 755 636 7 0.0529 70 779 316 1010 6 0.0525 380 128 642 357 2 0.0525 438 798 690 1023 3 0.0522 499 214 762 455 3 0.0521 76 786 307 1014 11 0.0521 318 148 571 373 11 0.0519 363 724 612 967 8 0.0518 78 781 302 1011 6 0.0518 499 467 760 698 13 0.0517 368 396 633 636 3 0.0512 499 605 757 845 13 0.0511 431 676 702 908 10 0.0509 362 399 623 636 3 0.0509 381 129 635 363 9 0.0506 364 394 623 630 10 0.0505 493 218 764 450 3 0.0503 440 796 683 1023 6 0.0503 316 207 577 432 13 0.0502 179 799 449 1019 7 0.0502 497 213 764 457 2 0.0502 497 683 750 916 5 0.0502 301 201 569 428 10 0.0501 490 539 755 760
SyLvkHrT4AbPfzvdbN8priFSOn7hLXYM,11 0.0633 372 585 637 838 8 0.0624 309 585 558 832 5 0.0594 376 578 636 835 7 0.0587 378 583 644 837 10 0.0587 373 590 641 833 11 0.0581 170 464 432 696 11 0.0578 308 528 562 767 0 0.0569 379 585 640 840 10 0.0563 308 528 565 765 11 0.0558 311 343 567 570 5 0.0557 308 519 561 766 5 0.0545 170 455 427 702 0 0.0544 320 273 570 508 13 0.0542 314 527 570 768 8 0.0542 315 340 559 569 6 0.0542 380 584 640 840 0 0.0540 363 136 622 381 5 0.0540 622 524 891 750 0 0.0538 624 579 880 810 3 0.0536 312 588 565 836 7 0.0536 315 522 569 767 0 0.0536 174 398 430 640 0 0.0535 315 524 563 765 8 0.0528 177 459 424 702 11 0.0521 628 532 887 745 7 0.0521 634 525 891 746 5 0.0516 314 269 568 502 11 0.0515 429 141 688 375 8 0.0515 375 284 613 511 6 0.0513 638 529 895 752 6 0.0513 318 341 569 570 10 0.0511 171 470 430 700 13 0.0511 380 586 644 838 13 0.0510 317 340 572 572 5 0.0509 425 128 680 372 6 0.0507 380 283 624 512 7 0.0505 374 211 631 441 3 0.0505 316 342 565 576
8636om7oGa1Ui7B1MCc4pBZkbyx8ALqd,14 1.0 0 0 1 1
Il8xklF15BPUCaxQdh37Ak9D46MKkCy6,14 1.0 0 0 1 1
